1.000000000000000000e+00,1.000000000000000000e+00,1.000000000000000000e+00,1.000000000000000000e+00,1.000000000000000000e+00,1.000000000000000000e+00,1.000000000000000000e+00,1.000000000000000000e+00,1.000000000000000000e+00,1.000000000000000000e+00,1.000000000000000000e+00,1.000000000000000000e+00,1.000000000000000000e+00,1.000000000000000000e+00,1.000000000000000000e+00,1.000000000000000000e+00,1.000000000000000000e+00,1.000000000000000000e+00,1.000000000000000000e+00,1.000000000000000000e+00,1.000000000000000000e+00,1.000000000000000000e+00,1.000000000000000000e+00,1.000000000000000000e+00,1.000000000000000000e+00,1.000000000000000000e+00,1.000000000000000000e+00,1.000000000000000000e+00,1.000000000000000000e+00,1.000000000000000000e+00,1.000000000000000000e+00,1.000000000000000000e+00,1.000000000000000000e+00,1.000000000000000000e+00,1.000000000000000000e+00,1.000000000000000000e+00,1.000000000000000000e+00,1.000000000000000000e+00,1.000000000000000000e+00,1.000000000000000000e+00,1.000000000000000000e+00,1.000000000000000000e+00,1.000000000000000000e+00,1.000000000000000000e+00,1.000000000000000000e+00,1.000000000000000000e+00,1.000000000000000000e+00,1.000000000000000000e+00,1.000000000000000000e+00,1.000000000000000000e+00,1.000000000000000000e+00,1.000000000000000000e+00,1.000000000000000000e+00,1.000000000000000000e+00,1.000000000000000000e+00,1.000000000000000000e+00,1.000000000000000000e+00,1.000000000000000000e+00,1.000000000000000000e+00,1.000000000000000000e+00,1.000000000000000000e+00,1.000000000000000000e+00,1.000000000000000000e+00,1.000000000000000000e+00,1.000000000000000000e+00,1.000000000000000000e+00,1.000000000000000000e+00,1.000000000000000000e+00,1.000000000000000000e+00,1.000000000000000000e+00,1.000000000000000000e+00,1.000000000000000000e+00,1.000000000000000000e+00,1.000000000000000000e+00,1.000000000000000000e+00,1.000000000000000000e+00,1.000000000000000000e+00,1.000000000000000000e+00,1.000000000000000000e+00,1.000000000000000000e+00,1.000000000000000000e+00,1.000000000000000000e+00,1.000000000000000000e+00,1.000000000000000000e+00,1.000000000000000000e+00,1.000000000000000000e+00,1.000000000000000000e+00,1.000000000000000000e+00,1.000000000000000000e+00,1.000000000000000000e+00,1.000000000000000000e+00,1.000000000000000000e+00,1.000000000000000000e+00,1.000000000000000000e+00,1.000000000000000000e+00,1.000000000000000000e+00,1.000000000000000000e+00,1.000000000000000000e+00,1.000000000000000000e+00,1.000000000000000000e+00,1.000000000000000000e+00,1.000000000000000000e+00,1.000000000000000000e+00,1.000000000000000000e+00,1.000000000000000000e+00,1.000000000000000000e+00,1.000000000000000000e+00,1.000000000000000000e+00,1.000000000000000000e+00,1.000000000000000000e+00,1.000000000000000000e+00,1.000000000000000000e+00,1.000000000000000000e+00,1.000000000000000000e+00,1.000000000000000000e+00,1.000000000000000000e+00,1.000000000000000000e+00,1.000000000000000000e+00,1.000000000000000000e+00,1.000000000000000000e+00,1.000000000000000000e+00,1.000000000000000000e+00,1.000000000000000000e+00,1.000000000000000000e+00,1.000000000000000000e+00,1.000000000000000000e+00,1.000000000000000000e+00,1.000000000000000000e+00,1.000000000000000000e+00,1.000000000000000000e+00,1.000000000000000000e+00,1.000000000000000000e+00,1.000000000000000000e+00,1.000000000000000000e+00,1.000000000000000000e+00,1.000000000000000000e+00,1.000000000000000000e+00,1.000000000000000000e+00,1.000000000000000000e+00,1.000000000000000000e+00,1.000000000000000000e+00,1.000000000000000000e+00,1.000000000000000000e+00,1.000000000000000000e+00,1.000000000000000000e+00,1.000000000000000000e+00,1.000000000000000000e+00,1.000000000000000000e+00,1.000000000000000000e+00,1.000000000000000000e+00,1.000000000000000000e+00,1.000000000000000000e+00,1.000000000000000000e+00,1.000000000000000000e+00,1.000000000000000000e+00,1.000000000000000000e+00,1.000000000000000000e+00,1.000000000000000000e+00,1.000000000000000000e+00,1.000000000000000000e+00,1.000000000000000000e+00,1.000000000000000000e+00,1.000000000000000000e+00,1.000000000000000000e+00,1.000000000000000000e+00,1.000000000000000000e+00,1.000000000000000000e+00,1.000000000000000000e+00,1.000000000000000000e+00
1.000000000000000000e+00,9.999999092376700149e-01,9.999999092376699039e-01,9.999999092376700149e-01,9.999999092376699039e-01,9.999999092376701260e-01,9.999999092376700149e-01,9.999999092376700149e-01,9.999999092376701260e-01,9.999999092376700149e-01,9.999999092376700149e-01,9.999999092376701260e-01,9.999999092376699039e-01,9.999999092376700149e-01,1.000000000000000000e+00,9.999999092376700149e-01,9.999999092376701260e-01,9.999999092376700149e-01,9.999999092376702370e-01,9.999999092376701260e-01,9.999999092376701260e-01,9.999999092376702370e-01,9.999999092376701260e-01,9.999999092376701260e-01,9.999999092376702370e-01,9.999999092376700149e-01,9.999999092376699039e-01,9.999999092376700149e-01,1.000000000000000000e+00,9.999999092376700149e-01,9.999999092376699039e-01,9.999999092376701260e-01,9.999999092376700149e-01,9.999999092376700149e-01,9.999999092376701260e-01,9.999999092376700149e-01,9.999999092376700149e-01,9.999999092376701260e-01,9.999999092376699039e-01,9.999999092376700149e-01,9.999999092376701260e-01,9.999999092376700149e-01,1.000000000000000000e+00,9.999999092376700149e-01,9.999999092376701260e-01,9.999999092376701260e-01,9.999999092376701260e-01,9.999999092376702370e-01,9.999999092376701260e-01,9.999999092376701260e-01,9.999999092376702370e-01,9.999999092376700149e-01,9.999999092376699039e-01,9.999999092376700149e-01,9.999999092376699039e-01,9.999999092376700149e-01,1.000000000000000000e+00,9.999999092376700149e-01,9.999999092376700149e-01,9.999999092376700149e-01,9.999999092376701260e-01,9.999999092376700149e-01,9.999999092376700149e-01,9.999999092376701260e-01,9.999999092376699039e-01,9.999999092376701260e-01,9.999999092376702370e-01,9.999999092376701260e-01,9.999999092376701260e-01,9.999999092376700149e-01,1.000000000000000000e+00,9.999999092376701260e-01,9.999999092376702370e-01,9.999999092376702370e-01,9.999999092376702370e-01,9.999999092376702370e-01,9.999999092376703480e-01,9.999999092376701260e-01,9.999999092376700149e-01,9.999999092376701260e-01,9.999999092376700149e-01,9.999999092376701260e-01,9.999999092376700149e-01,9.999999092376701260e-01,1.000000000000000000e+00,9.999999092376700149e-01,9.999999092376700149e-01,9.999999092376700149e-01,9.999999092376700149e-01,9.999999092376700149e-01,9.999999092376699039e-01,9.999999092376700149e-01,9.999999092376701260e-01,9.999999092376700149e-01,9.999999092376701260e-01,9.999999092376700149e-01,9.999999092376702370e-01,9.999999092376700149e-01,1.000000000000000000e+00,9.999999092376699039e-01,9.999999092376700149e-01,9.999999092376700149e-01,9.999999092376700149e-01,9.999999092376699039e-01,9.999999092376701260e-01,9.999999092376702370e-01,9.999999092376701260e-01,9.999999092376702370e-01,9.999999092376701260e-01,9.999999092376702370e-01,9.999999092376700149e-01,9.999999092376699039e-01,1.000000000000000000e+00,9.999999092376700149e-01,9.999999092376701260e-01,9.999999092376701260e-01,9.999999092376700149e-01,9.999999092376700149e-01,9.999999092376701260e-01,9.999999092376700149e-01,9.999999092376701260e-01,9.999999092376700149e-01,9.999999092376702370e-01,9.999999092376700149e-01,9.999999092376700149e-01,9.999999092376700149e-01,1.000000000000000000e+00,9.999999092376699039e-01,9.999999092376701260e-01,9.999999092376699039e-01,9.999999092376700149e-01,9.999999092376701260e-01,9.999999092376700149e-01,9.999999092376701260e-01,9.999999092376700149e-01,9.999999092376702370e-01,9.999999092376700149e-01,9.999999092376700149e-01,9.999999092376701260e-01,9.999999092376699039e-01,1.000000000000000000e+00,9.999999092376700149e-01,9.999999092376699039e-01,9.999999092376701260e-01,9.999999092376702370e-01,9.999999092376701260e-01,9.999999092376702370e-01,9.999999092376701260e-01,9.999999092376703480e-01,9.999999092376700149e-01,9.999999092376700149e-01,9.999999092376701260e-01,9.999999092376701260e-01,9.999999092376700149e-01,1.000000000000000000e+00,9.999999092376700149e-01,9.999999092376699039e-01,9.999999092376700149e-01,9.999999092376699039e-01,9.999999092376700149e-01,9.999999092376699039e-01,9.999999092376701260e-01,9.999999092376699039e-01,9.999999092376699039e-01,9.999999092376700149e-01,9.999999092376699039e-01,9.999999092376699039e-01,9.999999092376700149e-01,1.000000000000000000e+00
1.000000000000000000e+00,9.999985548329494156e-01,9.999985548329749507e-01,9.999985548329752838e-01,9.999985548329752838e-01,9.999985548329752838e-01,9.999985548329753948e-01,9.999985548329753948e-01,9.999985548329752838e-01,9.999985548329752838e-01,9.999985548329752838e-01,9.999985548329751728e-01,9.999985548329711760e-01,9.999985548329494156e-01,1.000000000000000000e+00,9.999985548329535234e-01,9.999985548329791696e-01,9.999985548329793916e-01,9.999985548329793916e-01,9.999985548329795026e-01,9.999985548329795026e-01,9.999985548329793916e-01,9.999985548329793916e-01,9.999985548329793916e-01,9.999985548329792806e-01,9.999985548329752838e-01,9.999985548329749507e-01,9.999985548329535234e-01,1.000000000000000000e+00,9.999985548329535234e-01,9.999985548329790586e-01,9.999985548329792806e-01,9.999985548329795026e-01,9.999985548329795026e-01,9.999985548329793916e-01,9.999985548329793916e-01,9.999985548329793916e-01,9.999985548329792806e-01,9.999985548329752838e-01,9.999985548329752838e-01,9.999985548329791696e-01,9.999985548329535234e-01,1.000000000000000000e+00,9.999985548329536345e-01,9.999985548329790586e-01,9.999985548329795026e-01,9.999985548329796137e-01,9.999985548329795026e-01,9.999985548329795026e-01,9.999985548329795026e-01,9.999985548329793916e-01,9.999985548329753948e-01,9.999985548329752838e-01,9.999985548329793916e-01,9.999985548329790586e-01,9.999985548329536345e-01,1.000000000000000000e+00,9.999985548329534124e-01,9.999985548329793916e-01,9.999985548329795026e-01,9.999985548329795026e-01,9.999985548329795026e-01,9.999985548329795026e-01,9.999985548329793916e-01,9.999985548329753948e-01,9.999985548329752838e-01,9.999985548329793916e-01,9.999985548329792806e-01,9.999985548329790586e-01,9.999985548329534124e-01,1.000000000000000000e+00,9.999985548329536345e-01,9.999985548329792806e-01,9.999985548329793916e-01,9.999985548329795026e-01,9.999985548329795026e-01,9.999985548329793916e-01,9.999985548329755058e-01,9.999985548329753948e-01,9.999985548329795026e-01,9.999985548329795026e-01,9.999985548329795026e-01,9.999985548329793916e-01,9.999985548329536345e-01,1.000000000000000000e+00,9.999985548329535234e-01,9.999985548329791696e-01,9.999985548329792806e-01,9.999985548329793916e-01,9.999985548329793916e-01,9.999985548329752838e-01,9.999985548329753948e-01,9.999985548329795026e-01,9.999985548329795026e-01,9.999985548329796137e-01,9.999985548329795026e-01,9.999985548329792806e-01,9.999985548329535234e-01,1.000000000000000000e+00,9.999985548329535234e-01,9.999985548329791696e-01,9.999985548329792806e-01,9.999985548329793916e-01,9.999985548329752838e-01,9.999985548329752838e-01,9.999985548329793916e-01,9.999985548329793916e-01,9.999985548329795026e-01,9.999985548329795026e-01,9.999985548329793916e-01,9.999985548329791696e-01,9.999985548329535234e-01,1.000000000000000000e+00,9.999985548329535234e-01,9.999985548329791696e-01,9.999985548329793916e-01,9.999985548329752838e-01,9.999985548329752838e-01,9.999985548329793916e-01,9.999985548329793916e-01,9.999985548329795026e-01,9.999985548329795026e-01,9.999985548329795026e-01,9.999985548329792806e-01,9.999985548329791696e-01,9.999985548329535234e-01,1.000000000000000000e+00,9.999985548329535234e-01,9.999985548329790586e-01,9.999985548329751728e-01,9.999985548329752838e-01,9.999985548329793916e-01,9.999985548329793916e-01,9.999985548329795026e-01,9.999985548329795026e-01,9.999985548329795026e-01,9.999985548329793916e-01,9.999985548329792806e-01,9.999985548329791696e-01,9.999985548329535234e-01,1.000000000000000000e+00,9.999985548329535234e-01,9.999985548329749507e-01,9.999985548329751728e-01,9.999985548329792806e-01,9.999985548329792806e-01,9.999985548329793916e-01,9.999985548329793916e-01,9.999985548329793916e-01,9.999985548329793916e-01,9.999985548329793916e-01,9.999985548329793916e-01,9.999985548329790586e-01,9.999985548329535234e-01,1.000000000000000000e+00,9.999985548329493046e-01,9.999985548329711760e-01,9.999985548329752838e-01,9.999985548329752838e-01,9.999985548329753948e-01,9.999985548329753948e-01,9.999985548329755058e-01,9.999985548329752838e-01,9.999985548329752838e-01,9.999985548329752838e-01,9.999985548329751728e-01,9.999985548329749507e-01,9.999985548329493046e-01,1.000000000000000000e+00
1.000000000000000222e+00,9.999927370070205157e-01,9.999927370083133704e-01,9.999927370083244726e-01,9.999927370083254718e-01,9.999927370083255829e-01,9.999927370083258049e-01,9.999927370083258049e-01,9.999927370083258049e-01,9.999927370083258049e-01,9.999927370083256939e-01,9.999927370083239175e-01,9.999927370081186373e-01,9.999927370070205157e-01,1.000000000000000222e+00,9.999927370072275723e-01,9.999927370085185396e-01,9.999927370085297529e-01,9.999927370085307521e-01,9.999927370085309741e-01,9.999927370085309741e-01,9.999927370085310852e-01,9.999927370085309741e-01,9.999927370085308631e-01,9.999927370085291978e-01,9.999927370083238065e-01,9.999927370083133704e-01,9.999927370072275723e-01,1.000000000000000222e+00,9.999927370072292376e-01,9.999927370085203160e-01,9.999927370085315292e-01,9.999927370085325284e-01,9.999927370085326395e-01,9.999927370085327505e-01,9.999927370085327505e-01,9.999927370085326395e-01,9.999927370085308631e-01,9.999927370083255829e-01,9.999927370083244726e-01,9.999927370085185396e-01,9.999927370072292376e-01,1.000000000000000222e+00,9.999927370072292376e-01,9.999927370085205380e-01,9.999927370085317513e-01,9.999927370085326395e-01,9.999927370085327505e-01,9.999927370085327505e-01,9.999927370085325284e-01,9.999927370085308631e-01,9.999927370083254718e-01,9.999927370083254718e-01,9.999927370085297529e-01,9.999927370085203160e-01,9.999927370072292376e-01,1.000000000000000222e+00,9.999927370072294597e-01,9.999927370085205380e-01,9.999927370085317513e-01,9.999927370085326395e-01,9.999927370085327505e-01,9.999927370085327505e-01,9.999927370085309741e-01,9.999927370083255829e-01,9.999927370083255829e-01,9.999927370085307521e-01,9.999927370085315292e-01,9.999927370085205380e-01,9.999927370072294597e-01,1.000000000000000222e+00,9.999927370072293487e-01,9.999927370085205380e-01,9.999927370085316403e-01,9.999927370085325284e-01,9.999927370085325284e-01,9.999927370085308631e-01,9.999927370083255829e-01,9.999927370083258049e-01,9.999927370085309741e-01,9.999927370085325284e-01,9.999927370085317513e-01,9.999927370085205380e-01,9.999927370072293487e-01,1.000000000000000222e+00,9.999927370072295707e-01,9.999927370085207601e-01,9.999927370085318623e-01,9.999927370085326395e-01,9.999927370085309741e-01,9.999927370083256939e-01,9.999927370083258049e-01,9.999927370085309741e-01,9.999927370085326395e-01,9.999927370085326395e-01,9.999927370085317513e-01,9.999927370085205380e-01,9.999927370072295707e-01,1.000000000000000222e+00,9.999927370072295707e-01,9.999927370085206491e-01,9.999927370085317513e-01,9.999927370085308631e-01,9.999927370083256939e-01,9.999927370083258049e-01,9.999927370085310852e-01,9.999927370085327505e-01,9.999927370085327505e-01,9.999927370085326395e-01,9.999927370085316403e-01,9.999927370085207601e-01,9.999927370072295707e-01,1.000000000000000222e+00,9.999927370072294597e-01,9.999927370085205380e-01,9.999927370085299749e-01,9.999927370083255829e-01,9.999927370083258049e-01,9.999927370085309741e-01,9.999927370085327505e-01,9.999927370085327505e-01,9.999927370085327505e-01,9.999927370085325284e-01,9.999927370085318623e-01,9.999927370085206491e-01,9.999927370072294597e-01,1.000000000000000222e+00,9.999927370072293487e-01,9.999927370085187617e-01,9.999927370083245837e-01,9.999927370083256939e-01,9.999927370085308631e-01,9.999927370085326395e-01,9.999927370085325284e-01,9.999927370085327505e-01,9.999927370085325284e-01,9.999927370085326395e-01,9.999927370085317513e-01,9.999927370085205380e-01,9.999927370072293487e-01,1.000000000000000222e+00,9.999927370072275723e-01,9.999927370083132594e-01,9.999927370083239175e-01,9.999927370085291978e-01,9.999927370085308631e-01,9.999927370085308631e-01,9.999927370085309741e-01,9.999927370085308631e-01,9.999927370085309741e-01,9.999927370085308631e-01,9.999927370085299749e-01,9.999927370085187617e-01,9.999927370072275723e-01,1.000000000000000222e+00,9.999927370070205157e-01,9.999927370081186373e-01,9.999927370083238065e-01,9.999927370083255829e-01,9.999927370083254718e-01,9.999927370083255829e-01,9.999927370083255829e-01,9.999927370083256939e-01,9.999927370083256939e-01,9.999927370083255829e-01,9.999927370083245837e-01,9.999927370083132594e-01,9.999927370070205157e-01,1.000000000000000222e+00
9.999999999999995559e-01,9.999772764057139884e-01,9.999772764266698921e-01,9.999772764268610725e-01,9.999772764268762826e-01,9.999772764268788361e-01,9.999772764268790581e-01,9.999772764268792802e-01,9.999772764268792802e-01,9.999772764268788361e-01,9.999772764268763936e-01,9.999772764268483050e-01,9.999772764235049793e-01,9.999772764057139884e-01,9.999999999999995559e-01,9.999772764090855137e-01,9.999772764300157712e-01,9.999772764302048422e-01,9.999772764302200523e-01,9.999772764302221617e-01,9.999772764302227168e-01,9.999772764302228278e-01,9.999772764302223838e-01,9.999772764302199413e-01,9.999772764301919636e-01,9.999772764268485270e-01,9.999772764266698921e-01,9.999772764090855137e-01,9.999999999999995559e-01,9.999772764091160449e-01,9.999772764300444150e-01,9.999772764302333750e-01,9.999772764302479189e-01,9.999772764302502503e-01,9.999772764302506944e-01,9.999772764302503614e-01,9.999772764302480299e-01,9.999772764302200523e-01,9.999772764268766156e-01,9.999772764268610725e-01,9.999772764300157712e-01,9.999772764091160449e-01,9.999999999999995559e-01,9.999772764091187094e-01,9.999772764300468575e-01,9.999772764302357064e-01,9.999772764302504724e-01,9.999772764302526928e-01,9.999772764302528039e-01,9.999772764302504724e-01,9.999772764302223838e-01,9.999772764268789471e-01,9.999772764268762826e-01,9.999772764302048422e-01,9.999772764300444150e-01,9.999772764091187094e-01,9.999999999999995559e-01,9.999772764091194865e-01,9.999772764300474126e-01,9.999772764302361505e-01,9.999772764302508055e-01,9.999772764302526928e-01,9.999772764302509165e-01,9.999772764302228278e-01,9.999772764268793912e-01,9.999772764268788361e-01,9.999772764302200523e-01,9.999772764302333750e-01,9.999772764300468575e-01,9.999772764091194865e-01,9.999999999999995559e-01,9.999772764091197086e-01,9.999772764300475236e-01,9.999772764302361505e-01,9.999772764302504724e-01,9.999772764302504724e-01,9.999772764302229389e-01,9.999772764268796132e-01,9.999772764268790581e-01,9.999772764302221617e-01,9.999772764302479189e-01,9.999772764302357064e-01,9.999772764300474126e-01,9.999772764091197086e-01,9.999999999999995559e-01,9.999772764091193755e-01,9.999772764300473016e-01,9.999772764302354844e-01,9.999772764302479189e-01,9.999772764302221617e-01,9.999772764268793912e-01,9.999772764268792802e-01,9.999772764302227168e-01,9.999772764302502503e-01,9.999772764302504724e-01,9.999772764302361505e-01,9.999772764300475236e-01,9.999772764091193755e-01,9.999999999999995559e-01,9.999772764091192645e-01,9.999772764300467465e-01,9.999772764302331529e-01,9.999772764302197192e-01,9.999772764268788361e-01,9.999772764268792802e-01,9.999772764302228278e-01,9.999772764302506944e-01,9.999772764302526928e-01,9.999772764302508055e-01,9.999772764302361505e-01,9.999772764300473016e-01,9.999772764091192645e-01,9.999999999999995559e-01,9.999772764091188204e-01,9.999772764300443040e-01,9.999772764302049533e-01,9.999772764268762826e-01,9.999772764268788361e-01,9.999772764302223838e-01,9.999772764302503614e-01,9.999772764302528039e-01,9.999772764302526928e-01,9.999772764302504724e-01,9.999772764302354844e-01,9.999772764300467465e-01,9.999772764091188204e-01,9.999999999999995559e-01,9.999772764091158228e-01,9.999772764300157712e-01,9.999772764268610725e-01,9.999772764268763936e-01,9.999772764302199413e-01,9.999772764302480299e-01,9.999772764302504724e-01,9.999772764302509165e-01,9.999772764302504724e-01,9.999772764302479189e-01,9.999772764302331529e-01,9.999772764300443040e-01,9.999772764091158228e-01,9.999999999999995559e-01,9.999772764090854027e-01,9.999772764266700031e-01,9.999772764268483050e-01,9.999772764301919636e-01,9.999772764302200523e-01,9.999772764302223838e-01,9.999772764302228278e-01,9.999772764302229389e-01,9.999772764302221617e-01,9.999772764302197192e-01,9.999772764302049533e-01,9.999772764300157712e-01,9.999772764090854027e-01,9.999999999999995559e-01,9.999772764057138774e-01,9.999772764235049793e-01,9.999772764268485270e-01,9.999772764268766156e-01,9.999772764268789471e-01,9.999772764268793912e-01,9.999772764268796132e-01,9.999772764268793912e-01,9.999772764268788361e-01,9.999772764268762826e-01,9.999772764268610725e-01,9.999772764266700031e-01,9.999772764057138774e-01,9.999999999999995559e-01
9.999999999999996669e-01,9.999452388168351691e-01,9.999452389947260933e-01,9.999452389964350596e-01,9.999452389965710619e-01,9.999452389965929333e-01,9.999452389965981514e-01,9.999452389965994836e-01,9.999452389965990395e-01,9.999452389965953758e-01,9.999452389965736154e-01,9.999452389963202625e-01,9.999452389677748743e-01,9.999452388168351691e-01,9.999999999999996669e-01,9.999452388456341323e-01,9.999452390232933530e-01,9.999452390249844447e-01,9.999452390251173384e-01,9.999452390251385436e-01,9.999452390251433176e-01,9.999452390251438727e-01,9.999452390251405420e-01,9.999452390251188927e-01,9.999452390248654288e-01,9.999452389963200405e-01,9.999452389947260933e-01,9.999452388456341323e-01,9.999999999999996669e-01,9.999452388459094676e-01,9.999452390235505916e-01,9.999452390252389078e-01,9.999452390253711354e-01,9.999452390253920075e-01,9.999452390253960044e-01,9.999452390253936729e-01,9.999452390253722456e-01,9.999452390251190037e-01,9.999452389965737265e-01,9.999452389964350596e-01,9.999452390232933530e-01,9.999452388459094676e-01,9.999999999999996669e-01,9.999452388459351138e-01,9.999452390235736843e-01,9.999452390252608902e-01,9.999452390253927847e-01,9.999452390254128797e-01,9.999452390254141010e-01,9.999452390253936729e-01,9.999452390251405420e-01,9.999452389965957089e-01,9.999452389965710619e-01,9.999452390249844447e-01,9.999452390235505916e-01,9.999452388459351138e-01,9.999999999999996669e-01,9.999452388459403318e-01,9.999452390235777921e-01,9.999452390252646650e-01,9.999452390253957823e-01,9.999452390254129908e-01,9.999452390253961154e-01,9.999452390251440947e-01,9.999452389965992616e-01,9.999452389965929333e-01,9.999452390251173384e-01,9.999452390252389078e-01,9.999452390235736843e-01,9.999452388459403318e-01,9.999999999999996669e-01,9.999452388459413310e-01,9.999452390235784582e-01,9.999452390252646650e-01,9.999452390253927847e-01,9.999452390253918965e-01,9.999452390251434286e-01,9.999452389965994836e-01,9.999452389965981514e-01,9.999452390251385436e-01,9.999452390253711354e-01,9.999452390252608902e-01,9.999452390235777921e-01,9.999452388459413310e-01,9.999999999999996669e-01,9.999452388459413310e-01,9.999452390235776811e-01,9.999452390252608902e-01,9.999452390253710243e-01,9.999452390251385436e-01,9.999452389965980403e-01,9.999452389965994836e-01,9.999452390251433176e-01,9.999452390253920075e-01,9.999452390253927847e-01,9.999452390252646650e-01,9.999452390235784582e-01,9.999452388459413310e-01,9.999999999999996669e-01,9.999452388459401098e-01,9.999452390235735733e-01,9.999452390252386857e-01,9.999452390251172273e-01,9.999452389965929333e-01,9.999452389965990395e-01,9.999452390251438727e-01,9.999452390253960044e-01,9.999452390254128797e-01,9.999452390253957823e-01,9.999452390252646650e-01,9.999452390235776811e-01,9.999452388459401098e-01,9.999999999999996669e-01,9.999452388459353358e-01,9.999452390235507027e-01,9.999452390249843337e-01,9.999452389965708399e-01,9.999452389965953758e-01,9.999452390251405420e-01,9.999452390253936729e-01,9.999452390254141010e-01,9.999452390254129908e-01,9.999452390253927847e-01,9.999452390252608902e-01,9.999452390235735733e-01,9.999452388459353358e-01,9.999999999999996669e-01,9.999452388459094676e-01,9.999452390232932419e-01,9.999452389964349486e-01,9.999452389965736154e-01,9.999452390251188927e-01,9.999452390253722456e-01,9.999452390253936729e-01,9.999452390253961154e-01,9.999452390253918965e-01,9.999452390253710243e-01,9.999452390252386857e-01,9.999452390235507027e-01,9.999452388459094676e-01,9.999999999999996669e-01,9.999452388456340213e-01,9.999452389947259823e-01,9.999452389963202625e-01,9.999452390248654288e-01,9.999452390251190037e-01,9.999452390251405420e-01,9.999452390251440947e-01,9.999452390251434286e-01,9.999452390251385436e-01,9.999452390251172273e-01,9.999452390249843337e-01,9.999452390232932419e-01,9.999452388456340213e-01,9.999999999999996669e-01,9.999452388168353911e-01,9.999452389677748743e-01,9.999452389963200405e-01,9.999452389965737265e-01,9.999452389965957089e-01,9.999452389965992616e-01,9.999452389965994836e-01,9.999452389965980403e-01,9.999452389965929333e-01,9.999452389965708399e-01,9.999452389964349486e-01,9.999452389947259823e-01,9.999452388168353911e-01,9.999999999999996669e-01
9.999999999999992228e-01,9.998882385109176818e-01,9.998882395038466431e-01,9.998882395140082924e-01,9.998882395148173119e-01,9.998882395149485403e-01,9.998882395149792934e-01,9.998882395149870650e-01,9.998882395149845115e-01,9.998882395149626401e-01,9.998882395148314117e-01,9.998882395133087408e-01,9.998882393528598644e-01,9.998882385109176818e-01,9.999999999999992228e-01,9.998882386728892291e-01,9.998882396644274140e-01,9.998882396744804835e-01,9.998882396752721835e-01,9.998882396753986379e-01,9.998882396754270596e-01,9.998882396754302793e-01,9.998882396754101842e-01,9.998882396752798440e-01,9.998882396737576173e-01,9.998882395133088519e-01,9.998882395038466431e-01,9.998882386728892291e-01,9.999999999999992228e-01,9.998882386745441275e-01,9.998882396659733995e-01,9.998882396760091495e-01,9.998882396767961867e-01,9.998882396769204206e-01,9.998882396769442904e-01,9.998882396769300795e-01,9.998882396768015157e-01,9.998882396752798440e-01,9.998882395148316338e-01,9.998882395140082924e-01,9.998882396644274140e-01,9.998882386745441275e-01,9.999999999999992228e-01,9.998882386746992257e-01,9.998882396661110672e-01,9.998882396761421543e-01,9.998882396769267489e-01,9.998882396770463199e-01,9.998882396770526482e-01,9.998882396769298575e-01,9.998882396754101842e-01,9.998882395149625291e-01,9.998882395148173119e-01,9.998882396744804835e-01,9.998882396659733995e-01,9.998882386746992257e-01,9.999999999999992228e-01,9.998882386747280915e-01,9.998882396661357141e-01,9.998882396761643587e-01,9.998882396769444014e-01,9.998882396770465419e-01,9.998882396769444014e-01,9.998882396754303903e-01,9.998882395149847335e-01,9.998882395149485403e-01,9.998882396752721835e-01,9.998882396760091495e-01,9.998882396661110672e-01,9.998882386747280915e-01,9.999999999999992228e-01,9.998882386747351969e-01,9.998882396661402661e-01,9.998882396761643587e-01,9.998882396769267489e-01,9.998882396769204206e-01,9.998882396754271706e-01,9.998882395149872870e-01,9.998882395149792934e-01,9.998882396753986379e-01,9.998882396767961867e-01,9.998882396761421543e-01,9.998882396661357141e-01,9.998882386747351969e-01,9.999999999999992228e-01,9.998882386747348638e-01,9.998882396661353811e-01,9.998882396761419322e-01,9.998882396767959646e-01,9.998882396753985269e-01,9.998882395149792934e-01,9.998882395149870650e-01,9.998882396754270596e-01,9.998882396769204206e-01,9.998882396769267489e-01,9.998882396761643587e-01,9.998882396661402661e-01,9.998882386747348638e-01,9.999999999999992228e-01,9.998882386747278694e-01,9.998882396661108451e-01,9.998882396760089275e-01,9.998882396752718504e-01,9.998882395149484292e-01,9.998882395149845115e-01,9.998882396754302793e-01,9.998882396769442904e-01,9.998882396770463199e-01,9.998882396769444014e-01,9.998882396761643587e-01,9.998882396661353811e-01,9.998882386747278694e-01,9.999999999999992228e-01,9.998882386746988926e-01,9.998882396659733995e-01,9.998882396744803724e-01,9.998882395148170898e-01,9.998882395149626401e-01,9.998882396754101842e-01,9.998882396769300795e-01,9.998882396770526482e-01,9.998882396770465419e-01,9.998882396769267489e-01,9.998882396761419322e-01,9.998882396661108451e-01,9.998882386746988926e-01,9.999999999999992228e-01,9.998882386745437945e-01,9.998882396644271919e-01,9.998882395140081814e-01,9.998882395148314117e-01,9.998882396752798440e-01,9.998882396768015157e-01,9.998882396769298575e-01,9.998882396769444014e-01,9.998882396769204206e-01,9.998882396767959646e-01,9.998882396760089275e-01,9.998882396659733995e-01,9.998882386745437945e-01,9.999999999999992228e-01,9.998882386728891181e-01,9.998882395038464210e-01,9.998882395133087408e-01,9.998882396737576173e-01,9.998882396752798440e-01,9.998882396754101842e-01,9.998882396754303903e-01,9.998882396754271706e-01,9.998882396753985269e-01,9.998882396752718504e-01,9.998882396744803724e-01,9.998882396644271919e-01,9.998882386728891181e-01,9.999999999999992228e-01,9.998882385109175708e-01,9.998882393528598644e-01,9.998882395133088519e-01,9.998882395148316338e-01,9.998882395149625291e-01,9.998882395149847335e-01,9.998882395149872870e-01,9.998882395149792934e-01,9.998882395149484292e-01,9.998882395148170898e-01,9.998882395140081814e-01,9.998882395038464210e-01,9.998882385109175708e-01,9.999999999999992228e-01
9.999999999999996669e-01,9.997968093002626011e-01,9.997968134253510941e-01,9.997968134707843069e-01,9.997968134744057433e-01,9.997968134749933844e-01,9.997968134751316072e-01,9.997968134751662461e-01,9.997968134751546998e-01,9.997968134750553348e-01,9.997968134744611435e-01,9.997968134675708773e-01,9.997968127951517570e-01,9.997968093002626011e-01,9.999999999999996669e-01,9.997968099795814245e-01,9.997968140983677365e-01,9.997968141433095646e-01,9.997968141468518422e-01,9.997968141474190551e-01,9.997968141475460646e-01,9.997968141475601644e-01,9.997968141474693482e-01,9.997968141468783765e-01,9.997968141399894426e-01,9.997968134675708773e-01,9.997968134253510941e-01,9.997968099795814245e-01,9.999999999999996669e-01,9.997968099870696568e-01,9.997968141053648061e-01,9.997968141502273642e-01,9.997968141537492137e-01,9.997968141543048803e-01,9.997968141544113507e-01,9.997968141543462917e-01,9.997968141537639797e-01,9.997968141468782655e-01,9.997968134744611435e-01,9.997968134707843069e-01,9.997968140983677365e-01,9.997968099870696568e-01,9.999999999999996669e-01,9.997968099877717618e-01,9.997968141059877523e-01,9.997968141508298823e-01,9.997968141543405185e-01,9.997968141548757570e-01,9.997968141549029575e-01,9.997968141543462917e-01,9.997968141474693482e-01,9.997968134750554459e-01,9.997968134744057433e-01,9.997968141433095646e-01,9.997968141053648061e-01,9.997968099877717618e-01,9.999999999999996669e-01,9.997968099879034343e-01,9.997968141060988856e-01,9.997968141509296913e-01,9.997968141544197884e-01,9.997968141548757570e-01,9.997968141544114618e-01,9.997968141475600534e-01,9.997968134751548108e-01,9.997968134749933844e-01,9.997968141468518422e-01,9.997968141502273642e-01,9.997968141059877523e-01,9.997968099879034343e-01,9.999999999999996669e-01,9.997968099879350756e-01,9.997968141061192027e-01,9.997968141509293583e-01,9.997968141543402965e-01,9.997968141543047693e-01,9.997968141475457315e-01,9.997968134751661351e-01,9.997968134751316072e-01,9.997968141474190551e-01,9.997968141537492137e-01,9.997968141508298823e-01,9.997968141060988856e-01,9.997968099879350756e-01,9.999999999999996669e-01,9.997968099879352977e-01,9.997968141060987746e-01,9.997968141508298823e-01,9.997968141537492137e-01,9.997968141474189441e-01,9.997968134751317182e-01,9.997968134751662461e-01,9.997968141475460646e-01,9.997968141543048803e-01,9.997968141543405185e-01,9.997968141509296913e-01,9.997968141061192027e-01,9.997968099879352977e-01,9.999999999999996669e-01,9.997968099879035453e-01,9.997968141059878633e-01,9.997968141502273642e-01,9.997968141468519532e-01,9.997968134749934954e-01,9.997968134751546998e-01,9.997968141475601644e-01,9.997968141544113507e-01,9.997968141548757570e-01,9.997968141544197884e-01,9.997968141509293583e-01,9.997968141060987746e-01,9.997968099879035453e-01,9.999999999999996669e-01,9.997968099877719839e-01,9.997968141053648061e-01,9.997968141433095646e-01,9.997968134744060764e-01,9.997968134750553348e-01,9.997968141474693482e-01,9.997968141543462917e-01,9.997968141549029575e-01,9.997968141548757570e-01,9.997968141543402965e-01,9.997968141508298823e-01,9.997968141059878633e-01,9.997968099877719839e-01,9.999999999999996669e-01,9.997968099870696568e-01,9.997968140983677365e-01,9.997968134707844179e-01,9.997968134744611435e-01,9.997968141468783765e-01,9.997968141537639797e-01,9.997968141543462917e-01,9.997968141544114618e-01,9.997968141543047693e-01,9.997968141537492137e-01,9.997968141502273642e-01,9.997968141053648061e-01,9.997968099870696568e-01,9.999999999999996669e-01,9.997968099795814245e-01,9.997968134253512051e-01,9.997968134675708773e-01,9.997968141399894426e-01,9.997968141468782655e-01,9.997968141474693482e-01,9.997968141475600534e-01,9.997968141475457315e-01,9.997968141474189441e-01,9.997968141468519532e-01,9.997968141433095646e-01,9.997968140983677365e-01,9.997968099795814245e-01,9.999999999999996669e-01,9.997968093002626011e-01,9.997968127951517570e-01,9.997968134675708773e-01,9.997968134744611435e-01,9.997968134750554459e-01,9.997968134751548108e-01,9.997968134751661351e-01,9.997968134751317182e-01,9.997968134749934954e-01,9.997968134744060764e-01,9.997968134707844179e-01,9.997968134253512051e-01,9.997968093002626011e-01,9.999999999999996669e-01
1.000000000000000000e+00,9.996608298841244133e-01,9.996608436336564818e-01,9.996608437981341355e-01,9.996608438112651873e-01,9.996608438133965935e-01,9.996608438138977482e-01,9.996608438140232034e-01,9.996608438139799047e-01,9.996608438136144192e-01,9.996608438114310546e-01,9.996608437861369545e-01,9.996608415200771702e-01,9.996608298841244133e-01,1.000000000000000000e+00,9.996608321755763304e-01,9.996608459019119541e-01,9.996608460645836081e-01,9.996608460774240035e-01,9.996608460794792483e-01,9.996608460799394358e-01,9.996608460799893958e-01,9.996608460796549966e-01,9.996608460774834004e-01,9.996608460521944073e-01,9.996608437861370655e-01,9.996608436336564818e-01,9.996608321755763304e-01,1.000000000000000000e+00,9.996608322030681171e-01,9.996608459275981851e-01,9.996608460899789605e-01,9.996608461027435277e-01,9.996608461047576943e-01,9.996608461051422756e-01,9.996608461049010241e-01,9.996608461027606252e-01,9.996608460774835114e-01,9.996608438114311657e-01,9.996608437981341355e-01,9.996608459019119541e-01,9.996608322030681171e-01,1.000000000000000000e+00,9.996608322056483864e-01,9.996608459298876870e-01,9.996608460921928563e-01,9.996608461049162342e-01,9.996608461068547946e-01,9.996608461069483864e-01,9.996608461049011352e-01,9.996608460796551077e-01,9.996608438136146413e-01,9.996608438112651873e-01,9.996608460645836081e-01,9.996608459275981851e-01,9.996608322056483864e-01,1.000000000000000000e+00,9.996608322061319996e-01,9.996608459302955829e-01,9.996608460925594519e-01,9.996608461052073347e-01,9.996608461068549056e-01,9.996608461051423866e-01,9.996608460799895068e-01,9.996608438139801267e-01,9.996608438133965935e-01,9.996608460774240035e-01,9.996608460899789605e-01,9.996608459298876870e-01,9.996608322061319996e-01,1.000000000000000000e+00,9.996608322062489060e-01,9.996608459303711891e-01,9.996608460925595629e-01,9.996608461049163452e-01,9.996608461047578054e-01,9.996608460799395468e-01,9.996608438140234254e-01,9.996608438138977482e-01,9.996608460794792483e-01,9.996608461027435277e-01,9.996608460921928563e-01,9.996608459302955829e-01,9.996608322062489060e-01,1.000000000000000000e+00,9.996608322062489060e-01,9.996608459302955829e-01,9.996608460921927453e-01,9.996608461027435277e-01,9.996608460794792483e-01,9.996608438138977482e-01,9.996608438140232034e-01,9.996608460799394358e-01,9.996608461047576943e-01,9.996608461049162342e-01,9.996608460925594519e-01,9.996608459303711891e-01,9.996608322062489060e-01,1.000000000000000000e+00,9.996608322061319996e-01,9.996608459298875760e-01,9.996608460899787385e-01,9.996608460774237814e-01,9.996608438133962604e-01,9.996608438139799047e-01,9.996608460799893958e-01,9.996608461051422756e-01,9.996608461068547946e-01,9.996608461052073347e-01,9.996608460925595629e-01,9.996608459302955829e-01,9.996608322061319996e-01,1.000000000000000000e+00,9.996608322056484974e-01,9.996608459275979630e-01,9.996608460645834970e-01,9.996608438112650763e-01,9.996608438136144192e-01,9.996608460796549966e-01,9.996608461049010241e-01,9.996608461069483864e-01,9.996608461068549056e-01,9.996608461049163452e-01,9.996608460921927453e-01,9.996608459298875760e-01,9.996608322056484974e-01,1.000000000000000000e+00,9.996608322030678950e-01,9.996608459019117321e-01,9.996608437981339135e-01,9.996608438114310546e-01,9.996608460774834004e-01,9.996608461027606252e-01,9.996608461049011352e-01,9.996608461051423866e-01,9.996608461047578054e-01,9.996608461027435277e-01,9.996608460899787385e-01,9.996608459275979630e-01,9.996608322030678950e-01,1.000000000000000000e+00,9.996608321755763304e-01,9.996608436336563708e-01,9.996608437861369545e-01,9.996608460521944073e-01,9.996608460774835114e-01,9.996608460796551077e-01,9.996608460799895068e-01,9.996608460799395468e-01,9.996608460794792483e-01,9.996608460774237814e-01,9.996608460645834970e-01,9.996608459019117321e-01,9.996608321755763304e-01,1.000000000000000000e+00,9.996608298841244133e-01,9.996608415200771702e-01,9.996608437861370655e-01,9.996608438114311657e-01,9.996608438136146413e-01,9.996608438139801267e-01,9.996608438140234254e-01,9.996608438138977482e-01,9.996608438133962604e-01,9.996608438112650763e-01,9.996608437981339135e-01,9.996608436336563708e-01,9.996608298841244133e-01,1.000000000000000000e+00
