9.999999999999984457e-01,9.999999999999984457e-01,9.999999999999984457e-01,9.999999999999984457e-01,9.999999999999984457e-01,9.999999999999984457e-01,9.999999999999984457e-01,9.999999999999984457e-01,9.999999999999984457e-01,9.999999999999984457e-01,9.999999999999984457e-01,9.999999999999984457e-01,9.999999999999984457e-01,9.999999999999984457e-01,9.999999999999984457e-01,9.999999999999984457e-01,9.999999999999984457e-01,9.999999999999984457e-01,9.999999999999984457e-01,9.999999999999984457e-01,9.999999999999984457e-01,9.999999999999984457e-01,9.999999999999984457e-01,9.999999999999984457e-01,9.999999999999984457e-01,9.999999999999984457e-01,9.999999999999984457e-01,9.999999999999984457e-01,9.999999999999984457e-01,9.999999999999984457e-01,9.999999999999984457e-01,9.999999999999984457e-01,9.999999999999984457e-01,9.999999999999984457e-01,9.999999999999984457e-01,9.999999999999984457e-01,9.999999999999984457e-01,9.999999999999984457e-01,9.999999999999984457e-01,9.999999999999984457e-01,9.999999999999984457e-01,9.999999999999984457e-01,9.999999999999984457e-01,9.999999999999984457e-01,9.999999999999984457e-01,9.999999999999984457e-01,9.999999999999984457e-01,9.999999999999984457e-01,9.999999999999984457e-01,9.999999999999984457e-01,9.999999999999984457e-01,9.999999999999984457e-01,9.999999999999984457e-01,9.999999999999984457e-01,9.999999999999984457e-01,9.999999999999984457e-01,9.999999999999984457e-01,9.999999999999984457e-01,9.999999999999984457e-01,9.999999999999984457e-01,9.999999999999984457e-01,9.999999999999984457e-01,9.999999999999984457e-01,9.999999999999984457e-01,9.999999999999984457e-01,9.999999999999984457e-01,9.999999999999984457e-01,9.999999999999984457e-01,9.999999999999984457e-01,9.999999999999984457e-01,9.999999999999984457e-01,9.999999999999984457e-01,9.999999999999984457e-01,9.999999999999984457e-01,9.999999999999984457e-01,9.999999999999984457e-01,9.999999999999984457e-01,9.999999999999984457e-01,9.999999999999984457e-01,9.999999999999984457e-01,9.999999999999984457e-01,9.999999999999984457e-01,9.999999999999984457e-01,9.999999999999984457e-01,9.999999999999984457e-01,9.999999999999984457e-01,9.999999999999984457e-01,9.999999999999984457e-01,9.999999999999984457e-01,9.999999999999984457e-01,9.999999999999984457e-01,9.999999999999984457e-01,9.999999999999984457e-01,9.999999999999984457e-01,9.999999999999984457e-01,9.999999999999984457e-01,9.999999999999984457e-01,9.999999999999984457e-01,9.999999999999984457e-01,9.999999999999984457e-01,9.999999999999984457e-01,9.999999999999984457e-01,9.999999999999984457e-01,9.999999999999984457e-01,9.999999999999984457e-01,9.999999999999984457e-01,9.999999999999984457e-01,9.999999999999984457e-01,9.999999999999984457e-01,9.999999999999984457e-01,9.999999999999984457e-01,9.999999999999984457e-01,9.999999999999984457e-01,9.999999999999984457e-01,9.999999999999984457e-01,9.999999999999984457e-01,9.999999999999984457e-01,9.999999999999984457e-01,9.999999999999984457e-01,9.999999999999984457e-01,9.999999999999984457e-01,9.999999999999984457e-01,9.999999999999984457e-01,9.999999999999984457e-01,9.999999999999984457e-01,9.999999999999984457e-01,9.999999999999984457e-01,9.999999999999984457e-01,9.999999999999984457e-01,9.999999999999984457e-01,9.999999999999984457e-01,9.999999999999984457e-01,9.999999999999984457e-01,9.999999999999984457e-01,9.999999999999984457e-01,9.999999999999984457e-01,9.999999999999984457e-01,9.999999999999984457e-01,9.999999999999984457e-01,9.999999999999984457e-01,9.999999999999984457e-01,9.999999999999984457e-01,9.999999999999984457e-01,9.999999999999984457e-01,9.999999999999984457e-01,9.999999999999984457e-01,9.999999999999984457e-01,9.999999999999984457e-01,9.999999999999984457e-01,9.999999999999984457e-01,9.999999999999984457e-01,9.999999999999984457e-01,9.999999999999984457e-01,9.999999999999984457e-01,9.999999999999984457e-01,9.999999999999984457e-01,9.999999999999984457e-01,9.999999999999984457e-01,9.999999999999984457e-01,9.999999999999984457e-01,9.999999999999984457e-01,9.999999999999984457e-01,9.999999999999984457e-01,9.999999999999984457e-01,9.999999999999984457e-01,9.999999999999984457e-01,9.999999999999984457e-01,9.999999999999984457e-01,9.999999999999984457e-01
9.999999999999991118e-01,9.999859378069587690e-01,9.999859378472831795e-01,9.999859378492724771e-01,9.999859378494518891e-01,9.999859378494833084e-01,9.999859378494905249e-01,9.999859378494906359e-01,9.999859378494833084e-01,9.999859378494517781e-01,9.999859378492723661e-01,9.999859378472730764e-01,9.999859377989153142e-01,9.999859378069587690e-01,9.999999999999991118e-01,9.999859378573160429e-01,9.999859378958206868e-01,9.999859378976619917e-01,9.999859378978175339e-01,9.999859378978428470e-01,9.999859378978467328e-01,9.999859378978405156e-01,9.999859378978094293e-01,9.999859378976300173e-01,9.999859378956308387e-01,9.999859378472730764e-01,9.999859378472831795e-01,9.999859378573160429e-01,9.999999999999991118e-01,9.999859378594950776e-01,9.999859378978517288e-01,9.999859378996692749e-01,9.999859378998183779e-01,9.999859378998402493e-01,9.999859378998380288e-01,9.999859378998078308e-01,9.999859378996289738e-01,9.999859378976300173e-01,9.999859378492723661e-01,9.999859378492724771e-01,9.999859378958206868e-01,9.999859378594950776e-01,9.999999999999991118e-01,9.999859378597063531e-01,9.999859378980392455e-01,9.999859378998504633e-01,9.999859378999964576e-01,9.999859379000121118e-01,9.999859378999857995e-01,9.999859378998080528e-01,9.999859378978092073e-01,9.999859378494517781e-01,9.999859378494518891e-01,9.999859378976619917e-01,9.999859378978517288e-01,9.999859378597063531e-01,9.999999999999991118e-01,9.999859378597462101e-01,9.999859378980726632e-01,9.999859378998806614e-01,9.999859379000202164e-01,9.999859379000121118e-01,9.999859378998381398e-01,9.999859378978405156e-01,9.999859378494835305e-01,9.999859378494833084e-01,9.999859378978175339e-01,9.999859378996692749e-01,9.999859378980392455e-01,9.999859378597462101e-01,9.999999999999991118e-01,9.999859378597556470e-01,9.999859378980788804e-01,9.999859378998806614e-01,9.999859378999963466e-01,9.999859378998404713e-01,9.999859378978468438e-01,9.999859378494907469e-01,9.999859378494905249e-01,9.999859378978428470e-01,9.999859378998183779e-01,9.999859378998504633e-01,9.999859378980726632e-01,9.999859378597556470e-01,9.999999999999991118e-01,9.999859378597556470e-01,9.999859378980726632e-01,9.999859378998504633e-01,9.999859378998184889e-01,9.999859378978427360e-01,9.999859378494906359e-01,9.999859378494906359e-01,9.999859378978467328e-01,9.999859378998402493e-01,9.999859378999964576e-01,9.999859378998806614e-01,9.999859378980788804e-01,9.999859378597556470e-01,9.999999999999991118e-01,9.999859378597460990e-01,9.999859378980391345e-01,9.999859378996691639e-01,9.999859378978175339e-01,9.999859378494834194e-01,9.999859378494833084e-01,9.999859378978405156e-01,9.999859378998380288e-01,9.999859379000121118e-01,9.999859379000202164e-01,9.999859378998806614e-01,9.999859378980726632e-01,9.999859378597460990e-01,9.999999999999991118e-01,9.999859378597063531e-01,9.999859378978517288e-01,9.999859378976621027e-01,9.999859378494518891e-01,9.999859378494517781e-01,9.999859378978094293e-01,9.999859378998078308e-01,9.999859378999857995e-01,9.999859379000121118e-01,9.999859378999963466e-01,9.999859378998504633e-01,9.999859378980391345e-01,9.999859378597063531e-01,9.999999999999991118e-01,9.999859378594950776e-01,9.999859378958205758e-01,9.999859378492725881e-01,9.999859378492723661e-01,9.999859378976300173e-01,9.999859378996289738e-01,9.999859378998080528e-01,9.999859378998381398e-01,9.999859378998404713e-01,9.999859378998184889e-01,9.999859378996691639e-01,9.999859378978517288e-01,9.999859378594950776e-01,9.999999999999991118e-01,9.999859378573161539e-01,9.999859378472832905e-01,9.999859378472730764e-01,9.999859378956308387e-01,9.999859378976300173e-01,9.999859378978092073e-01,9.999859378978405156e-01,9.999859378978468438e-01,9.999859378978427360e-01,9.999859378978175339e-01,9.999859378976621027e-01,9.999859378958205758e-01,9.999859378573161539e-01,9.999999999999991118e-01,9.999859378069587690e-01,9.999859377989153142e-01,9.999859378472730764e-01,9.999859378492723661e-01,9.999859378494517781e-01,9.999859378494835305e-01,9.999859378494907469e-01,9.999859378494906359e-01,9.999859378494834194e-01,9.999859378494518891e-01,9.999859378492725881e-01,9.999859378472832905e-01,9.999859378069587690e-01,9.999999999999991118e-01
9.999999999999991118e-01,9.999437549109642109e-01,9.999437555560619639e-01,9.999437555878754047e-01,9.999437555907435549e-01,9.999437555912479292e-01,9.999437555913645026e-01,9.999437555913652798e-01,9.999437555912481512e-01,9.999437555907436659e-01,9.999437555878741835e-01,9.999437555559046453e-01,9.999437547822990213e-01,9.999437549109642109e-01,9.999999999999991118e-01,9.999437557165604673e-01,9.999437563325415113e-01,9.999437563619905101e-01,9.999437563644766325e-01,9.999437563648819749e-01,9.999437563649449245e-01,9.999437563648452265e-01,9.999437563643464033e-01,9.999437563614791413e-01,9.999437563295106024e-01,9.999437555559049784e-01,9.999437555560619639e-01,9.999437557165604673e-01,9.999999999999991118e-01,9.999437557514023744e-01,9.999437563650191985e-01,9.999437563940865026e-01,9.999437563964737041e-01,9.999437563968253118e-01,9.999437563967877862e-01,9.999437563963062825e-01,9.999437563934449047e-01,9.999437563614783642e-01,9.999437555878737394e-01,9.999437555878754047e-01,9.999437563325415113e-01,9.999437557514023744e-01,9.999999999999991118e-01,9.999437557547823374e-01,9.999437563680172447e-01,9.999437563969852949e-01,9.999437563993187617e-01,9.999437563995698941e-01,9.999437563991507849e-01,9.999437563963065045e-01,9.999437563643460702e-01,9.999437555907437769e-01,9.999437555907435549e-01,9.999437563619905101e-01,9.999437563650191985e-01,9.999437557547823374e-01,9.999999999999991118e-01,9.999437557554167189e-01,9.999437563685525943e-01,9.999437563974670207e-01,9.999437563997000122e-01,9.999437563995693390e-01,9.999437563967874532e-01,9.999437563648442273e-01,9.999437555912475961e-01,9.999437555912479292e-01,9.999437563644766325e-01,9.999437563940865026e-01,9.999437563680172447e-01,9.999437557554167189e-01,9.999999999999991118e-01,9.999437557555701517e-01,9.999437563686525143e-01,9.999437563974664656e-01,9.999437563993176514e-01,9.999437563968243126e-01,9.999437563649433702e-01,9.999437555913641695e-01,9.999437555913645026e-01,9.999437563648819749e-01,9.999437563964737041e-01,9.999437563969852949e-01,9.999437563685525943e-01,9.999437557555701517e-01,9.999999999999991118e-01,9.999437557555711509e-01,9.999437563685529273e-01,9.999437563969852949e-01,9.999437563964738152e-01,9.999437563648813088e-01,9.999437555913643916e-01,9.999437555913652798e-01,9.999437563649449245e-01,9.999437563968253118e-01,9.999437563993187617e-01,9.999437563974670207e-01,9.999437563686525143e-01,9.999437557555711509e-01,9.999999999999991118e-01,9.999437557554179401e-01,9.999437563680180219e-01,9.999437563940876128e-01,9.999437563644768545e-01,9.999437555912485953e-01,9.999437555912481512e-01,9.999437563648452265e-01,9.999437563967877862e-01,9.999437563995698941e-01,9.999437563997000122e-01,9.999437563974664656e-01,9.999437563685529273e-01,9.999437557554179401e-01,9.999999999999991118e-01,9.999437557547824484e-01,9.999437563650197536e-01,9.999437563619901770e-01,9.999437555907436659e-01,9.999437555907436659e-01,9.999437563643464033e-01,9.999437563963062825e-01,9.999437563991507849e-01,9.999437563995693390e-01,9.999437563993176514e-01,9.999437563969852949e-01,9.999437563680180219e-01,9.999437557547824484e-01,9.999999999999991118e-01,9.999437557514024855e-01,9.999437563325406231e-01,9.999437555878751827e-01,9.999437555878741835e-01,9.999437563614791413e-01,9.999437563934449047e-01,9.999437563963065045e-01,9.999437563967874532e-01,9.999437563968243126e-01,9.999437563964738152e-01,9.999437563940876128e-01,9.999437563650197536e-01,9.999437557514024855e-01,9.999999999999991118e-01,9.999437557165598012e-01,9.999437555560619639e-01,9.999437555559046453e-01,9.999437563295106024e-01,9.999437563614783642e-01,9.999437563643460702e-01,9.999437563648442273e-01,9.999437563649433702e-01,9.999437563648813088e-01,9.999437563644768545e-01,9.999437563619901770e-01,9.999437563325406231e-01,9.999437557165598012e-01,9.999999999999991118e-01,9.999437549109635448e-01,9.999437547822990213e-01,9.999437555559049784e-01,9.999437555878737394e-01,9.999437555907437769e-01,9.999437555912475961e-01,9.999437555913641695e-01,9.999437555913643916e-01,9.999437555912485953e-01,9.999437555907436659e-01,9.999437555878751827e-01,9.999437555560619639e-01,9.999437549109635448e-01,9.999999999999991118e-01
9.999999999999998890e-01,9.998734623584822900e-01,9.998734656234952167e-01,9.998734657844263740e-01,9.998734657989355457e-01,9.998734658014875043e-01,9.998734658020771437e-01,9.998734658020779209e-01,9.998734658014877263e-01,9.998734657989362118e-01,9.998734657844257079e-01,9.998734656227463713e-01,9.998734617073449238e-01,9.998734623584822900e-01,9.999999999999998890e-01,9.998734664357921131e-01,9.998734695534320371e-01,9.998734697024037610e-01,9.998734697149795903e-01,9.998734697170295060e-01,9.998734697173450314e-01,9.998734697168426555e-01,9.998734697143202288e-01,9.998734696998210492e-01,9.998734695381464865e-01,9.998734656227469264e-01,9.998734656234952167e-01,9.998734664357921131e-01,9.999999999999998890e-01,9.998734666120049353e-01,9.998734697176876463e-01,9.998734698647263608e-01,9.998734698768002582e-01,9.998734698785760600e-01,9.998734698783883212e-01,9.998734698759534911e-01,9.998734698614836214e-01,9.998734696998201610e-01,9.998734657844255969e-01,9.998734657844263740e-01,9.998734695534320371e-01,9.998734666120049353e-01,9.999999999999998890e-01,9.998734666290978179e-01,9.998734697328470755e-01,9.998734698793840803e-01,9.998734698911837526e-01,9.998734698924562903e-01,9.998734698903363194e-01,9.998734698759539352e-01,9.998734697143198957e-01,9.998734657989362118e-01,9.998734657989355457e-01,9.998734697024037610e-01,9.998734697176876463e-01,9.998734666290978179e-01,9.999999999999998890e-01,9.998734666323091380e-01,9.998734697355560197e-01,9.998734698818189104e-01,9.998734698931154297e-01,9.998734698924556241e-01,9.998734698783880992e-01,9.998734697168416563e-01,9.998734658014871712e-01,9.998734658014875043e-01,9.998734697149795903e-01,9.998734698647263608e-01,9.998734697328470755e-01,9.998734666323091380e-01,9.999999999999998890e-01,9.998734666330857390e-01,9.998734697360588397e-01,9.998734698818185773e-01,9.998734698911826424e-01,9.998734698785753938e-01,9.998734697173434771e-01,9.998734658020770327e-01,9.998734658020771437e-01,9.998734697170295060e-01,9.998734698768002582e-01,9.998734698793840803e-01,9.998734697355560197e-01,9.998734666330857390e-01,9.999999999999998890e-01,9.998734666330865162e-01,9.998734697355563528e-01,9.998734698793837472e-01,9.998734698768003692e-01,9.998734697170287289e-01,9.998734658020768107e-01,9.998734658020779209e-01,9.998734697173450314e-01,9.998734698785760600e-01,9.998734698911837526e-01,9.998734698818189104e-01,9.998734697360588397e-01,9.998734666330865162e-01,9.999999999999998890e-01,9.998734666323099152e-01,9.998734697328476306e-01,9.998734698647273600e-01,9.998734697149797013e-01,9.998734658014879484e-01,9.998734658014877263e-01,9.998734697168426555e-01,9.998734698783883212e-01,9.998734698924562903e-01,9.998734698931154297e-01,9.998734698818185773e-01,9.998734697355563528e-01,9.998734666323099152e-01,9.999999999999998890e-01,9.998734666290977069e-01,9.998734697176879793e-01,9.998734697024035389e-01,9.998734657989355457e-01,9.998734657989362118e-01,9.998734697143202288e-01,9.998734698759534911e-01,9.998734698903363194e-01,9.998734698924556241e-01,9.998734698911826424e-01,9.998734698793837472e-01,9.998734697328476306e-01,9.998734666290977069e-01,9.999999999999998890e-01,9.998734666120049353e-01,9.998734695534312600e-01,9.998734657844260409e-01,9.998734657844257079e-01,9.998734696998210492e-01,9.998734698614836214e-01,9.998734698759539352e-01,9.998734698783880992e-01,9.998734698785753938e-01,9.998734698768003692e-01,9.998734698647273600e-01,9.998734697176879793e-01,9.998734666120049353e-01,9.999999999999998890e-01,9.998734664357914470e-01,9.998734656234949947e-01,9.998734656227463713e-01,9.998734695381464865e-01,9.998734696998201610e-01,9.998734697143198957e-01,9.998734697168416563e-01,9.998734697173434771e-01,9.998734697170287289e-01,9.998734697149797013e-01,9.998734697024035389e-01,9.998734695534312600e-01,9.998734664357914470e-01,9.999999999999998890e-01,9.998734623584815129e-01,9.998734617073449238e-01,9.998734656227469264e-01,9.998734657844255969e-01,9.998734657989362118e-01,9.998734658014871712e-01,9.998734658020770327e-01,9.998734658020768107e-01,9.998734658014879484e-01,9.998734657989355457e-01,9.998734657844260409e-01,9.998734656234949947e-01,9.998734623584815129e-01,9.999999999999998890e-01
9.999999999999984457e-01,9.997750785505652438e-01,9.997750888661097735e-01,9.997750893741914613e-01,9.997750894199965987e-01,9.997750894280543754e-01,9.997750894299167745e-01,9.997750894299173297e-01,9.997750894280554856e-01,9.997750894200002625e-01,9.997750893742063383e-01,9.997750888639412858e-01,9.997750764936726986e-01,9.997750785505652438e-01,9.999999999999984457e-01,9.997750914323680904e-01,9.997751012822799765e-01,9.997751017525947637e-01,9.997751017922931194e-01,9.997751017987653865e-01,9.997751017997599243e-01,9.997751017981748589e-01,9.997751017902118953e-01,9.997751017444534982e-01,9.997751012342033228e-01,9.997750888639413969e-01,9.997750888661097735e-01,9.997750914323680904e-01,9.999999999999984457e-01,9.997750919885252108e-01,9.997751018006818535e-01,9.997751022648927455e-01,9.997751023030065909e-01,9.997751023086114408e-01,9.997751023080203581e-01,9.997751023003340620e-01,9.997751022546679245e-01,9.997751017444530541e-01,9.997750893742062273e-01,9.997750893741914613e-01,9.997751012822799765e-01,9.997750919885252108e-01,9.999999999999984457e-01,9.997750920424738341e-01,9.997751018485241392e-01,9.997751023111504098e-01,9.997751023483966160e-01,9.997751023524159564e-01,9.997751023457236430e-01,9.997751023003342841e-01,9.997751017902120063e-01,9.997750894200001515e-01,9.997750894199965987e-01,9.997751017525947637e-01,9.997751018006818535e-01,9.997750920424738341e-01,9.999999999999984457e-01,9.997750920526136120e-01,9.997751018570781856e-01,9.997751023188368169e-01,9.997751023544975135e-01,9.997751023524155123e-01,9.997751023080200250e-01,9.997751017981744148e-01,9.997750894280552636e-01,9.997750894280543754e-01,9.997751017922931194e-01,9.997751022648927455e-01,9.997751018485241392e-01,9.997750920526136120e-01,9.999999999999984457e-01,9.997750920550663167e-01,9.997751018586633620e-01,9.997751023188364838e-01,9.997751023483959498e-01,9.997751023086108857e-01,9.997751017997590361e-01,9.997750894299164415e-01,9.997750894299167745e-01,9.997751017987653865e-01,9.997751023030065909e-01,9.997751023111504098e-01,9.997751018570781856e-01,9.997750920550663167e-01,9.999999999999984457e-01,9.997750920550669829e-01,9.997751018570784076e-01,9.997751023111502988e-01,9.997751023030065909e-01,9.997751017987651645e-01,9.997750894299164415e-01,9.997750894299173297e-01,9.997751017997599243e-01,9.997751023086114408e-01,9.997751023483966160e-01,9.997751023188368169e-01,9.997751018586633620e-01,9.997750920550669829e-01,9.999999999999984457e-01,9.997750920526141671e-01,9.997751018485246943e-01,9.997751022648934116e-01,9.997751017922933414e-01,9.997750894280548195e-01,9.997750894280554856e-01,9.997751017981748589e-01,9.997751023080203581e-01,9.997751023524159564e-01,9.997751023544975135e-01,9.997751023188364838e-01,9.997751018570784076e-01,9.997750920526141671e-01,9.999999999999984457e-01,9.997750920424739451e-01,9.997751018006819645e-01,9.997751017525944306e-01,9.997750894199964877e-01,9.997750894200002625e-01,9.997751017902118953e-01,9.997751023003340620e-01,9.997751023457236430e-01,9.997751023524155123e-01,9.997751023483959498e-01,9.997751023111502988e-01,9.997751018485246943e-01,9.997750920424739451e-01,9.999999999999984457e-01,9.997750919885250998e-01,9.997751012822791994e-01,9.997750893741911282e-01,9.997750893742063383e-01,9.997751017444534982e-01,9.997751022546679245e-01,9.997751023003342841e-01,9.997751023080200250e-01,9.997751023086108857e-01,9.997751023030065909e-01,9.997751022648934116e-01,9.997751018006819645e-01,9.997750919885250998e-01,9.999999999999984457e-01,9.997750914323677573e-01,9.997750888661096624e-01,9.997750888639412858e-01,9.997751012342033228e-01,9.997751017444530541e-01,9.997751017902120063e-01,9.997751017981744148e-01,9.997751017997590361e-01,9.997751017987651645e-01,9.997751017922933414e-01,9.997751017525944306e-01,9.997751012822791994e-01,9.997750914323677573e-01,9.999999999999984457e-01,9.997750785505646887e-01,9.997750764936726986e-01,9.997750888639413969e-01,9.997750893742062273e-01,9.997750894200001515e-01,9.997750894280552636e-01,9.997750894299164415e-01,9.997750894299164415e-01,9.997750894280548195e-01,9.997750894199964877e-01,9.997750893741911282e-01,9.997750888661096624e-01,9.997750785505646887e-01,9.999999999999984457e-01
1.000000000000001776e+00,9.996486292283076613e-01,9.996486544017384457e-01,9.996486556404804436e-01,9.996486557521490068e-01,9.996486557717988441e-01,9.996486557763407665e-01,9.996486557763415437e-01,9.996486557718020638e-01,9.996486557521633287e-01,9.996486556405671520e-01,9.996486543970579675e-01,9.996486242098064912e-01,9.996486292283076613e-01,1.000000000000001776e+00,9.996486606638765871e-01,9.996486847009433685e-01,9.996486858475738257e-01,9.996486859443477480e-01,9.996486859601299013e-01,9.996486859625544064e-01,9.996486859586898310e-01,9.996486859392763602e-01,9.996486858277661147e-01,9.996486845842934565e-01,9.996486543970578564e-01,9.996486544017384457e-01,9.996486606638765871e-01,1.000000000000001776e+00,9.996486620192962524e-01,9.996486859642960132e-01,9.996486870960421545e-01,9.996486871889506132e-01,9.996486872026162374e-01,9.996486872011756120e-01,9.996486871824372678e-01,9.996486870711522865e-01,9.996486858277657817e-01,9.996486556405667079e-01,9.996486556404804436e-01,9.996486847009433685e-01,9.996486620192962524e-01,1.000000000000001776e+00,9.996486621507818526e-01,9.996486860808885266e-01,9.996486872087689823e-01,9.996486872995612449e-01,9.996486873093618497e-01,9.996486872930473444e-01,9.996486871824373788e-01,9.996486859392760271e-01,9.996486557521631067e-01,9.996486557521490068e-01,9.996486858475738257e-01,9.996486859642960132e-01,9.996486621507818526e-01,1.000000000000001776e+00,9.996486621755054092e-01,9.996486861017439551e-01,9.996486872275082147e-01,9.996486873144353469e-01,9.996486873093619607e-01,9.996486872011759450e-01,9.996486859586896090e-01,9.996486557718018418e-01,9.996486557717988441e-01,9.996486859443477480e-01,9.996486870960421545e-01,9.996486860808885266e-01,9.996486621755054092e-01,1.000000000000001776e+00,9.996486621814872908e-01,9.996486861056085305e-01,9.996486872275076596e-01,9.996486872995609119e-01,9.996486872026161263e-01,9.996486859625537402e-01,9.996486557763409886e-01,9.996486557763407665e-01,9.996486859601299013e-01,9.996486871889506132e-01,9.996486872087689823e-01,9.996486861017439551e-01,9.996486621814872908e-01,1.000000000000001776e+00,9.996486621814877349e-01,9.996486861017439551e-01,9.996486872087689823e-01,9.996486871889508352e-01,9.996486859601297903e-01,9.996486557763404335e-01,9.996486557763415437e-01,9.996486859625544064e-01,9.996486872026162374e-01,9.996486872995612449e-01,9.996486872275082147e-01,9.996486861056085305e-01,9.996486621814877349e-01,1.000000000000001776e+00,9.996486621755057422e-01,9.996486860808886377e-01,9.996486870960424875e-01,9.996486859443479700e-01,9.996486557717991772e-01,9.996486557718020638e-01,9.996486859586898310e-01,9.996486872011756120e-01,9.996486873093618497e-01,9.996486873144353469e-01,9.996486872275076596e-01,9.996486861017439551e-01,9.996486621755057422e-01,1.000000000000001776e+00,9.996486621507818526e-01,9.996486859642961242e-01,9.996486858475737147e-01,9.996486557521490068e-01,9.996486557521633287e-01,9.996486859392763602e-01,9.996486871824372678e-01,9.996486872930473444e-01,9.996486873093619607e-01,9.996486872995609119e-01,9.996486872087689823e-01,9.996486860808886377e-01,9.996486621507818526e-01,1.000000000000001776e+00,9.996486620192963635e-01,9.996486847009432575e-01,9.996486556404804436e-01,9.996486556405671520e-01,9.996486858277661147e-01,9.996486870711522865e-01,9.996486871824373788e-01,9.996486872011759450e-01,9.996486872026161263e-01,9.996486871889508352e-01,9.996486870960424875e-01,9.996486859642961242e-01,9.996486620192963635e-01,1.000000000000001776e+00,9.996486606638764760e-01,9.996486544017386677e-01,9.996486543970579675e-01,9.996486845842934565e-01,9.996486858277657817e-01,9.996486859392760271e-01,9.996486859586896090e-01,9.996486859625537402e-01,9.996486859601297903e-01,9.996486859443479700e-01,9.996486858475737147e-01,9.996486847009432575e-01,9.996486606638764760e-01,1.000000000000001776e+00,9.996486292283073283e-01,9.996486242098064912e-01,9.996486543970578564e-01,9.996486556405667079e-01,9.996486557521631067e-01,9.996486557718018418e-01,9.996486557763409886e-01,9.996486557763404335e-01,9.996486557717991772e-01,9.996486557521490068e-01,9.996486556404804436e-01,9.996486544017386677e-01,9.996486292283073283e-01,1.000000000000001776e+00
9.999999999999993339e-01,9.994941474524661196e-01,9.994941996242263649e-01,9.994942021886012995e-01,9.994942024197500663e-01,9.994942024604387409e-01,9.994942024698445504e-01,9.994942024698464378e-01,9.994942024604472897e-01,9.994942024197936981e-01,9.994942021889053896e-01,9.994941996160706665e-01,9.994941370542268499e-01,9.994941474524661196e-01,9.999999999999993339e-01,9.994942126014416672e-01,9.994942624179413704e-01,9.994942647915440181e-01,9.994942649918444610e-01,9.994942650245207671e-01,9.994942650295414177e-01,9.994942650215400404e-01,9.994942649813529645e-01,9.994942647506428468e-01,9.994942621778837299e-01,9.994941996160708886e-01,9.994941996242263649e-01,9.994942126014416672e-01,9.999999999999993339e-01,9.994942154060040274e-01,9.994942650318643373e-01,9.994942673746491923e-01,9.994942675669448162e-01,9.994942675952380728e-01,9.994942675922561248e-01,9.994942675534669307e-01,9.994942673232233288e-01,9.994942647506425137e-01,9.994942021889052786e-01,9.994942021886012995e-01,9.994942624179413704e-01,9.994942154060040274e-01,9.999999999999993339e-01,9.994942156780833864e-01,9.994942652730991473e-01,9.994942676078791832e-01,9.994942677957917576e-01,9.994942678160824157e-01,9.994942677823129840e-01,9.994942675534672638e-01,9.994942649813529645e-01,9.994942024197939201e-01,9.994942024197500663e-01,9.994942647915440181e-01,9.994942650318643373e-01,9.994942156780833864e-01,9.999999999999993339e-01,9.994942157292694418e-01,9.994942653162726121e-01,9.994942676466692655e-01,9.994942678265794633e-01,9.994942678160825267e-01,9.994942675922563469e-01,9.994942650215400404e-01,9.994942024604472897e-01,9.994942024604387409e-01,9.994942649918444610e-01,9.994942673746491923e-01,9.994942652730991473e-01,9.994942157292694418e-01,9.999999999999993339e-01,9.994942157416575323e-01,9.994942653242750996e-01,9.994942676466690434e-01,9.994942677957915356e-01,9.994942675952381839e-01,9.994942650295413067e-01,9.994942024698462157e-01,9.994942024698445504e-01,9.994942650245207671e-01,9.994942675669448162e-01,9.994942676078791832e-01,9.994942653162726121e-01,9.994942157416575323e-01,9.999999999999993339e-01,9.994942157416576434e-01,9.994942653162726121e-01,9.994942676078790722e-01,9.994942675669450383e-01,9.994942650245208782e-01,9.994942024698444394e-01,9.994942024698464378e-01,9.994942650295414177e-01,9.994942675952380728e-01,9.994942677957917576e-01,9.994942676466692655e-01,9.994942653242750996e-01,9.994942157416576434e-01,9.999999999999993339e-01,9.994942157292697749e-01,9.994942652730992583e-01,9.994942673746495254e-01,9.994942649918445721e-01,9.994942024604387409e-01,9.994942024604472897e-01,9.994942650215400404e-01,9.994942675922561248e-01,9.994942678160824157e-01,9.994942678265794633e-01,9.994942676466690434e-01,9.994942653162726121e-01,9.994942157292697749e-01,9.999999999999993339e-01,9.994942156780831644e-01,9.994942650318644484e-01,9.994942647915440181e-01,9.994942024197498442e-01,9.994942024197936981e-01,9.994942649813529645e-01,9.994942675534669307e-01,9.994942677823129840e-01,9.994942678160825267e-01,9.994942677957915356e-01,9.994942676078790722e-01,9.994942652730992583e-01,9.994942156780831644e-01,9.999999999999993339e-01,9.994942154060041384e-01,9.994942624179411483e-01,9.994942021886010775e-01,9.994942021889053896e-01,9.994942647506428468e-01,9.994942673232233288e-01,9.994942675534672638e-01,9.994942675922563469e-01,9.994942675952381839e-01,9.994942675669450383e-01,9.994942673746495254e-01,9.994942650318644484e-01,9.994942154060041384e-01,9.999999999999993339e-01,9.994942126014418893e-01,9.994941996242264759e-01,9.994941996160706665e-01,9.994942621778837299e-01,9.994942647506425137e-01,9.994942649813529645e-01,9.994942650215400404e-01,9.994942650295413067e-01,9.994942650245208782e-01,9.994942649918445721e-01,9.994942647915440181e-01,9.994942624179411483e-01,9.994942126014418893e-01,9.999999999999993339e-01,9.994941474524658975e-01,9.994941370542268499e-01,9.994941996160708886e-01,9.994942021889052786e-01,9.994942024197939201e-01,9.994942024604472897e-01,9.994942024698462157e-01,9.994942024698444394e-01,9.994942024604387409e-01,9.994942024197498442e-01,9.994942021886010775e-01,9.994941996242264759e-01,9.994941474524658975e-01,9.999999999999993339e-01
9.999999999999993339e-01,9.993116735773874826e-01,9.993117701710624301e-01,9.993117749125258742e-01,9.993117753398684799e-01,9.993117754151235044e-01,9.993117754325242519e-01,9.993117754325285818e-01,9.993117754151452647e-01,9.993117753399807235e-01,9.993117749133614280e-01,9.993117701593396962e-01,9.993116543311358901e-01,9.993116735773874826e-01,9.999999999999993339e-01,9.993117941955574901e-01,9.993118864282359848e-01,9.993118908167746284e-01,9.993118911870467747e-01,9.993118912474768800e-01,9.993118912567638956e-01,9.993118912419660660e-01,9.993118911676646121e-01,9.993118907413748309e-01,9.993118859874925430e-01,9.993117701593399183e-01,9.993117701710624301e-01,9.993117941955574901e-01,9.999999999999993339e-01,9.993117993781607256e-01,9.993118912582490410e-01,9.993118955897943856e-01,9.993118959452609307e-01,9.993118959975824112e-01,9.993118959920689326e-01,9.993118959203537433e-01,9.993118954949272714e-01,9.993118907413746088e-01,9.993117749133613170e-01,9.993117749125258742e-01,9.993118864282359848e-01,9.993117993781607256e-01,9.999999999999993339e-01,9.993117998809790681e-01,9.993118917040070270e-01,9.993118960207456603e-01,9.993118963681039135e-01,9.993118964056252329e-01,9.993118963431942836e-01,9.993118959203540763e-01,9.993118911676647231e-01,9.993117753399809455e-01,9.993117753398684799e-01,9.993118908167746284e-01,9.993118912582490410e-01,9.993117998809790681e-01,9.999999999999993339e-01,9.993117999756320202e-01,9.993118917838332838e-01,9.993118960924631811e-01,9.993118964250211622e-01,9.993118964056251219e-01,9.993118959920691546e-01,9.993118912419659550e-01,9.993117754151453758e-01,9.993117754151235044e-01,9.993118911870467747e-01,9.993118955897943856e-01,9.993118917040070270e-01,9.993117999756320202e-01,9.999999999999993339e-01,9.993117999985462463e-01,9.993118917986334448e-01,9.993118960924630700e-01,9.993118963681035805e-01,9.993118959975825222e-01,9.993118912567635626e-01,9.993117754325284707e-01,9.993117754325242519e-01,9.993118912474768800e-01,9.993118959452609307e-01,9.993118960207456603e-01,9.993118917838332838e-01,9.993117999985462463e-01,9.999999999999993339e-01,9.993117999985463573e-01,9.993118917838331727e-01,9.993118960207455492e-01,9.993118959452610417e-01,9.993118912474768800e-01,9.993117754325242519e-01,9.993117754325285818e-01,9.993118912567638956e-01,9.993118959975824112e-01,9.993118963681039135e-01,9.993118960924631811e-01,9.993118917986334448e-01,9.993117999985463573e-01,9.999999999999993339e-01,9.993117999756320202e-01,9.993118917040070270e-01,9.993118955897948297e-01,9.993118911870468857e-01,9.993117754151237264e-01,9.993117754151452647e-01,9.993118912419660660e-01,9.993118959920689326e-01,9.993118964056252329e-01,9.993118964250211622e-01,9.993118960924630700e-01,9.993118917838331727e-01,9.993117999756320202e-01,9.999999999999993339e-01,9.993117998809787350e-01,9.993118912582492630e-01,9.993118908167742953e-01,9.993117753398683689e-01,9.993117753399807235e-01,9.993118911676646121e-01,9.993118959203537433e-01,9.993118963431942836e-01,9.993118964056251219e-01,9.993118963681035805e-01,9.993118960207455492e-01,9.993118917040070270e-01,9.993117998809787350e-01,9.999999999999993339e-01,9.993117993781610586e-01,9.993118864282356517e-01,9.993117749125256521e-01,9.993117749133614280e-01,9.993118907413748309e-01,9.993118954949272714e-01,9.993118959203540763e-01,9.993118959920691546e-01,9.993118959975825222e-01,9.993118959452610417e-01,9.993118955897948297e-01,9.993118912582492630e-01,9.993117993781610586e-01,9.999999999999993339e-01,9.993117941955577122e-01,9.993117701710625411e-01,9.993117701593396962e-01,9.993118859874925430e-01,9.993118907413746088e-01,9.993118911676647231e-01,9.993118912419659550e-01,9.993118912567635626e-01,9.993118912474768800e-01,9.993118911870468857e-01,9.993118908167742953e-01,9.993118864282356517e-01,9.993117941955577122e-01,9.999999999999993339e-01,9.993116735773872605e-01,9.993116543311358901e-01,9.993117701593399183e-01,9.993117749133613170e-01,9.993117753399809455e-01,9.993117754151453758e-01,9.993117754325284707e-01,9.993117754325242519e-01,9.993117754151237264e-01,9.993117753398683689e-01,9.993117749125256521e-01,9.993117701710625411e-01,9.993116735773872605e-01,9.999999999999993339e-01
9.999999999999996669e-01,9.991012552191546048e-01,9.991014198838564786e-01,9.991014279541978738e-01,9.991014286814805523e-01,9.991014288096156104e-01,9.991014288392516818e-01,9.991014288392610077e-01,9.991014288096642382e-01,9.991014286817339052e-01,9.991014279561565292e-01,9.991014198705090443e-01,9.991012224208339898e-01,9.991012552191546048e-01,9.999999999999996669e-01,9.991014608343767867e-01,9.991016180641610900e-01,9.991016255334174145e-01,9.991016261634981799e-01,9.991016262663788838e-01,9.991016262821941218e-01,9.991016262570004969e-01,9.991016261305397661e-01,9.991016254055238299e-01,9.991016173201132666e-01,9.991014198705089333e-01,9.991014198838564786e-01,9.991014608343767867e-01,9.999999999999996669e-01,9.991014696497458880e-01,9.991016262791913016e-01,9.991016336514174645e-01,9.991016342562862862e-01,9.991016343453578141e-01,9.991016343359737650e-01,9.991016342139177331e-01,9.991016334903721763e-01,9.991016254055233858e-01,9.991014279561559741e-01,9.991014279541978738e-01,9.991016180641610900e-01,9.991014696497458880e-01,9.999999999999996669e-01,9.991014705050935696e-01,9.991016270373593855e-01,9.991016343843727165e-01,9.991016349754335835e-01,9.991016350393061574e-01,9.991016349330598123e-01,9.991016342139189543e-01,9.991016261305404322e-01,9.991014286817341272e-01,9.991014286814805523e-01,9.991016255334174145e-01,9.991016262791913016e-01,9.991014705050935696e-01,9.999999999999996669e-01,9.991014706662217915e-01,9.991016271732302556e-01,9.991016345064334114e-01,9.991016350722952133e-01,9.991016350393057133e-01,9.991016343359743201e-01,9.991016262570004969e-01,9.991014288096642382e-01,9.991014288096156104e-01,9.991016261634981799e-01,9.991016336514174645e-01,9.991016270373593855e-01,9.991014706662217915e-01,9.999999999999996669e-01,9.991014707052421340e-01,9.991016271984292096e-01,9.991016345064329673e-01,9.991016349754326953e-01,9.991016343453581472e-01,9.991016262821936778e-01,9.991014288392605636e-01,9.991014288392516818e-01,9.991016262663788838e-01,9.991016342562862862e-01,9.991016343843727165e-01,9.991016271732302556e-01,9.991014707052421340e-01,9.999999999999996669e-01,9.991014707052424670e-01,9.991016271732301446e-01,9.991016343843721614e-01,9.991016342562868413e-01,9.991016262663789949e-01,9.991014288392513487e-01,9.991014288392610077e-01,9.991016262821941218e-01,9.991016343453578141e-01,9.991016349754335835e-01,9.991016345064334114e-01,9.991016271984292096e-01,9.991014707052424670e-01,9.999999999999996669e-01,9.991014706662219025e-01,9.991016270373596075e-01,9.991016336514182417e-01,9.991016261634985129e-01,9.991014288096159435e-01,9.991014288096642382e-01,9.991016262570004969e-01,9.991016343359737650e-01,9.991016350393061574e-01,9.991016350722952133e-01,9.991016345064329673e-01,9.991016271732301446e-01,9.991014706662219025e-01,9.999999999999996669e-01,9.991014705050929035e-01,9.991016262791915237e-01,9.991016255334173035e-01,9.991014286814802192e-01,9.991014286817339052e-01,9.991016261305397661e-01,9.991016342139177331e-01,9.991016349330598123e-01,9.991016350393057133e-01,9.991016349754326953e-01,9.991016343843721614e-01,9.991016270373596075e-01,9.991014705050929035e-01,9.999999999999996669e-01,9.991014696497458880e-01,9.991016180641606459e-01,9.991014279541974297e-01,9.991014279561565292e-01,9.991016254055238299e-01,9.991016334903721763e-01,9.991016342139189543e-01,9.991016343359743201e-01,9.991016343453581472e-01,9.991016342562868413e-01,9.991016336514182417e-01,9.991016262791915237e-01,9.991014696497458880e-01,9.999999999999996669e-01,9.991014608343771197e-01,9.991014198838570337e-01,9.991014198705090443e-01,9.991016173201132666e-01,9.991016254055233858e-01,9.991016261305404322e-01,9.991016262570004969e-01,9.991016262821936778e-01,9.991016262663789949e-01,9.991016261634985129e-01,9.991016255334173035e-01,9.991016180641606459e-01,9.991014608343771197e-01,9.999999999999996669e-01,9.991012552191546048e-01,9.991012224208339898e-01,9.991014198705089333e-01,9.991014279561559741e-01,9.991014286817341272e-01,9.991014288096642382e-01,9.991014288392605636e-01,9.991014288392513487e-01,9.991014288096159435e-01,9.991014286814802192e-01,9.991014279541974297e-01,9.991014198838570337e-01,9.991012552191546048e-01,9.999999999999996669e-01
