1.000000000000009548e+00,9.768712384536472060e-01,9.769579882361729695e-01,9.769604094535109251e-01,9.769606363011598127e-01,9.769606794429551710e-01,9.769606914752437810e-01,9.769606957781029610e-01,9.769606975718997388e-01,9.769606983342631334e-01,9.769606985370031804e-01,9.769606983279593981e-01,9.769606975630799051e-01,9.769606957815886172e-01,9.769606914739966674e-01,9.769606794503955527e-01,9.769606362974574409e-01,9.769604094488356649e-01,9.769579882336091314e-01,9.768712384542435068e-01,9.768712384536472060e-01,1.000000000000009548e+00,9.768712384517274083e-01,9.769579882481610467e-01,9.769604094487269741e-01,9.769606363116616343e-01,9.769606794435311548e-01,9.769606914784991769e-01,9.769606957894541033e-01,9.769606975787008540e-01,9.769606983271595935e-01,9.769606985453423986e-01,9.769606983258493083e-01,9.769606975717031183e-01,9.769606957810875736e-01,9.769606914893871341e-01,9.769606794364066316e-01,9.769606363087727230e-01,9.769604094467070343e-01,9.769579882456367326e-01,9.769579882361729695e-01,9.768712384517274083e-01,1.000000000000009548e+00,9.768712384545943372e-01,9.769579882341675736e-01,9.769604094497731372e-01,9.769606363033243035e-01,9.769606794375079728e-01,9.769606914805978315e-01,9.769606957871042052e-01,9.769606975625219070e-01,9.769606983263146027e-01,9.769606985342152994e-01,9.769606983254144339e-01,9.769606975618648770e-01,9.769606957873524511e-01,9.769606914658951480e-01,9.769606794386742621e-01,9.769606362973338731e-01,9.769604094495060176e-01,9.769604094535109251e-01,9.769579882481610467e-01,9.768712384545943372e-01,1.000000000000009548e+00,9.768712384543856153e-01,9.769579882490868616e-01,9.769604094550791151e-01,9.769606363110140412e-01,9.769606794535118377e-01,9.769606914919558571e-01,9.769606957846416195e-01,9.769606975754933087e-01,9.769606983286608370e-01,9.769606985474822425e-01,9.769606983292944413e-01,9.769606975818053707e-01,9.769606957779788381e-01,9.769606914819329857e-01,9.769606794408810524e-01,9.769606363138831906e-01,9.769606363011598127e-01,9.769604094487269741e-01,9.769579882341675736e-01,9.768712384543856153e-01,1.000000000000009548e+00,9.768712384526991865e-01,9.769579882374074264e-01,9.769604094458684829e-01,9.769606363097755874e-01,9.769606794480063527e-01,9.769606914725441627e-01,9.769606957804617409e-01,9.769606975610779509e-01,9.769606983250677112e-01,9.769606985346426242e-01,9.769606983324538030e-01,9.769606975555673589e-01,9.769606957768387501e-01,9.769606914673825138e-01,9.769606794404719352e-01,9.769606794429551710e-01,9.769606363116616343e-01,9.769604094497731372e-01,9.769579882490868616e-01,9.768712384526991865e-01,1.000000000000009548e+00,9.768712384561076822e-01,9.769579882435218687e-01,9.769604094602680755e-01,9.769606363196509102e-01,9.769606794439258390e-01,9.769606914836688194e-01,9.769606957813700143e-01,9.769606975726476961e-01,9.769606983273755318e-01,9.769606985528841436e-01,9.769606983214753626e-01,9.769606975698593709e-01,9.769606957776078016e-01,9.769606914824778832e-01,9.769606914752437810e-01,9.769606794435311548e-01,9.769606363033243035e-01,9.769604094550791151e-01,9.769579882374074264e-01,9.768712384561076822e-01,1.000000000000009548e+00,9.768712384528691617e-01,9.769579882480222688e-01,9.769604094603480116e-01,9.769606363058895848e-01,9.769606794455847343e-01,9.769606914748095727e-01,9.769606957835427208e-01,9.769606975652502801e-01,9.769606983361527330e-01,9.769606985322971671e-01,9.769606983259628841e-01,9.769606975610044541e-01,9.769606957830976324e-01,9.769606957781029610e-01,9.769606914784991769e-01,9.769606794375079728e-01,9.769606363110140412e-01,9.769604094458684829e-01,9.769579882435218687e-01,9.768712384528691617e-01,1.000000000000009548e+00,9.768712384597453280e-01,9.769579882505272650e-01,9.769604094493515856e-01,9.769606363097138590e-01,9.769606794392128313e-01,9.769606914794499719e-01,9.769606957786060031e-01,9.769606975763510670e-01,9.769606983180378901e-01,9.769606985392972343e-01,9.769606983195835426e-01,9.769606975686385697e-01,9.769606975718997388e-01,9.769606957894541033e-01,9.769606914805978315e-01,9.769606794535118377e-01,9.769606363097755874e-01,9.769604094602680755e-01,9.769579882480222688e-01,9.768712384597453280e-01,1.000000000000009548e+00,9.768712384706218499e-01,9.769579882477068544e-01,9.769604094609816158e-01,9.769606363112592895e-01,9.769606794519652970e-01,9.769606914824665589e-01,9.769606957976676442e-01,9.769606975662322723e-01,9.769606983330216821e-01,9.769606985408255673e-01,9.769606983354046648e-01,9.769606983342631334e-01,9.769606975787008540e-01,9.769606957871042052e-01,9.769606914919558571e-01,9.769606794480063527e-01,9.769606363196509102e-01,9.769604094603480116e-01,9.769579882505272650e-01,9.768712384706218499e-01,1.000000000000009548e+00,9.768712384626858647e-01,9.769579882550850636e-01,9.769604094584370957e-01,9.769606363196541299e-01,9.769606794506643377e-01,9.769606914971913358e-01,9.769606957832305261e-01,9.769606975768977408e-01,9.769606983302966396e-01,9.769606985520653541e-01,9.769606985370031804e-01,9.769606983271595935e-01,9.769606975625219070e-01,9.769606957846416195e-01,9.769606914725441627e-01,9.769606794439258390e-01,9.769606363058895848e-01,9.769604094493515856e-01,9.769579882477068544e-01,9.768712384626858647e-01,1.000000000000009548e+00,9.768712384564920415e-01,9.769579882387965375e-01,9.769604094527069016e-01,9.769606363043706887e-01,9.769606794514347214e-01,9.769606914689336064e-01,9.769606957801307834e-01,9.769606975601294874e-01,9.769606983277580037e-01,9.769606983279593981e-01,9.769606985453423986e-01,9.769606983263146027e-01,9.769606975754933087e-01,9.769606957804617409e-01,9.769606914836688194e-01,9.769606794455847343e-01,9.769606363097138590e-01,9.769604094609816158e-01,9.769579882550850636e-01,9.768712384564920415e-01,1.000000000000009548e+00,9.768712384551049288e-01,9.769579882480681210e-01,9.769604094526586069e-01,9.769606363205268762e-01,9.769606794383606241e-01,9.769606914809074727e-01,9.769606957786538537e-01,9.769606975730268372e-01,9.769606975630799051e-01,9.769606983258493083e-01,9.769606985342152994e-01,9.769606983286608370e-01,9.769606975610779509e-01,9.769606957813700143e-01,9.769606914748095727e-01,9.769606794392128313e-01,9.769606363112592895e-01,9.769604094584370957e-01,9.769579882387965375e-01,9.768712384551049288e-01,1.000000000000009548e+00,9.768712384543842830e-01,9.769579882378547353e-01,9.769604094585140341e-01,9.769606362972571567e-01,9.769606794400116367e-01,9.769606914691937316e-01,9.769606957809707781e-01,9.769606957815886172e-01,9.769606975717031183e-01,9.769606983254144339e-01,9.769606985474822425e-01,9.769606983250677112e-01,9.769606975726476961e-01,9.769606957835427208e-01,9.769606914794499719e-01,9.769606794519652970e-01,9.769606363196541299e-01,9.769604094527069016e-01,9.769579882480681210e-01,9.768712384543842830e-01,1.000000000000009548e+00,9.768712384549952388e-01,9.769579882546126637e-01,9.769604094459023447e-01,9.769606363098403135e-01,9.769606794387521997e-01,9.769606914825481603e-01,9.769606914739966674e-01,9.769606957810875736e-01,9.769606975618648770e-01,9.769606983292944413e-01,9.769606985346426242e-01,9.769606983273755318e-01,9.769606975652502801e-01,9.769606957786060031e-01,9.769606914824665589e-01,9.769606794506643377e-01,9.769606363043706887e-01,9.769604094526586069e-01,9.769579882378547353e-01,9.768712384549952388e-01,1.000000000000009548e+00,9.768712384621381917e-01,9.769579882323036202e-01,9.769604094492148061e-01,9.769606362995075788e-01,9.769606794426357599e-01,9.769606794503955527e-01,9.769606914893871341e-01,9.769606957873524511e-01,9.769606975818053707e-01,9.769606983324538030e-01,9.769606985528841436e-01,9.769606983361527330e-01,9.769606975763510670e-01,9.769606957976676442e-01,9.769606914971913358e-01,9.769606794514347214e-01,9.769606363205268762e-01,9.769604094585140341e-01,9.769579882546126637e-01,9.768712384621381917e-01,1.000000000000009548e+00,9.768712384561711870e-01,9.769579882519207059e-01,9.769604094548741680e-01,9.769606363195532106e-01,9.769606362974574409e-01,9.769606794364066316e-01,9.769606914658951480e-01,9.769606957779788381e-01,9.769606975555673589e-01,9.769606983214753626e-01,9.769606985322971671e-01,9.769606983180378901e-01,9.769606975662322723e-01,9.769606957832305261e-01,9.769606914689336064e-01,9.769606794383606241e-01,9.769606362972571567e-01,9.769604094459023447e-01,9.769579882323036202e-01,9.768712384561711870e-01,1.000000000000009548e+00,9.768712384461751830e-01,9.769579882283682126e-01,9.769604094454028553e-01,9.769604094488356649e-01,9.769606363087727230e-01,9.769606794386742621e-01,9.769606914819329857e-01,9.769606957768387501e-01,9.769606975698593709e-01,9.769606983259628841e-01,9.769606985392972343e-01,9.769606983330216821e-01,9.769606975768977408e-01,9.769606957801307834e-01,9.769606914809074727e-01,9.769606794400116367e-01,9.769606363098403135e-01,9.769604094492148061e-01,9.769579882519207059e-01,9.768712384461751830e-01,1.000000000000009548e+00,9.768712384478759336e-01,9.769579882438721441e-01,9.769579882336091314e-01,9.769604094467070343e-01,9.769606362973338731e-01,9.769606794408810524e-01,9.769606914673825138e-01,9.769606957776078016e-01,9.769606975610044541e-01,9.769606983195835426e-01,9.769606985408255673e-01,9.769606983302966396e-01,9.769606975601294874e-01,9.769606957786538537e-01,9.769606914691937316e-01,9.769606794387521997e-01,9.769606362995075788e-01,9.769604094548741680e-01,9.769579882283682126e-01,9.768712384478759336e-01,1.000000000000009548e+00,9.768712384499286250e-01,9.768712384542435068e-01,9.769579882456367326e-01,9.769604094495060176e-01,9.769606363138831906e-01,9.769606794404719352e-01,9.769606914824778832e-01,9.769606957830976324e-01,9.769606975686385697e-01,9.769606983354046648e-01,9.769606985520653541e-01,9.769606983277580037e-01,9.769606975730268372e-01,9.769606957809707781e-01,9.769606914825481603e-01,9.769606794426357599e-01,9.769606363195532106e-01,9.769604094454028553e-01,9.769579882438721441e-01,9.768712384499286250e-01,1.000000000000009548e+00
1.000000000000004219e+00,9.704889494477194622e-01,9.706372642252653060e-01,9.706414707343442583e-01,9.706418700612855499e-01,9.706419472242320268e-01,9.706419689069526457e-01,9.706419766876467348e-01,9.706419799242507196e-01,9.706419813008521080e-01,9.706419816881423079e-01,9.706419813004603103e-01,9.706419799236766233e-01,9.706419766878593425e-01,9.706419689067815604e-01,9.706419472247266311e-01,9.706418700609531491e-01,9.706414707340241810e-01,9.706372642250736815e-01,9.704889494478005085e-01,9.704889494477194622e-01,1.000000000000004219e+00,9.704889494475507083e-01,9.706372642261674732e-01,9.706414707339998671e-01,9.706418700618870687e-01,9.706419472242642232e-01,9.706419689071155155e-01,9.706419766883158662e-01,9.706419799246945868e-01,9.706419813002882258e-01,9.706419816887349450e-01,9.706419813002578056e-01,9.706419799241862156e-01,9.706419766877321109e-01,9.706419689078392699e-01,9.706419472236803569e-01,9.706418700617345241e-01,9.706414707336676884e-01,9.706372642259262218e-01,9.706372642252653060e-01,9.704889494475507083e-01,1.000000000000004219e+00,9.704889494478703416e-01,9.706372642252376615e-01,9.706414707340184078e-01,9.706418700613466122e-01,9.706419472238461132e-01,9.706419689072219859e-01,9.706419766881996258e-01,9.706419799235593837e-01,9.706419813003068775e-01,9.706419816879202633e-01,9.706419813001941899e-01,9.706419799234889956e-01,9.706419766881827504e-01,9.706419689062286693e-01,9.706419472238848600e-01,9.706418700608107075e-01,9.706414707339314774e-01,9.706414707343442583e-01,9.706372642261674732e-01,9.704889494478703416e-01,1.000000000000004219e+00,9.704889494480106737e-01,9.706372642263181305e-01,9.706414707345466519e-01,9.706418700619801054e-01,9.706419472250189528e-01,9.706419689081500213e-01,9.706419766881068112e-01,9.706419799246319702e-01,9.706419813005806585e-01,9.706419816889336749e-01,9.706419813005427999e-01,9.706419799250196601e-01,9.706419766876210886e-01,9.706419689074731183e-01,9.706419472240147561e-01,9.706418700621366469e-01,9.706418700612855499e-01,9.706414707339998671e-01,9.706372642252376615e-01,9.704889494480106737e-01,1.000000000000004219e+00,9.704889494478493583e-01,9.706372642255950423e-01,9.706414707339536818e-01,9.706418700619250384e-01,9.706419472247050928e-01,9.706419689068365164e-01,9.706419766879443856e-01,9.706419799236477575e-01,9.706419813003287489e-01,9.706419816880331730e-01,9.706419813008360098e-01,9.706419799232123280e-01,9.706419766876555055e-01,9.706419689063845446e-01,9.706419472241153423e-01,9.706419472242320268e-01,9.706418700618870687e-01,9.706414707340184078e-01,9.706372642263181305e-01,9.704889494478493583e-01,1.000000000000004219e+00,9.704889494480809509e-01,9.706372642259349925e-01,9.706414707348076654e-01,9.706418700625498719e-01,9.706419472243210667e-01,9.706419689076019042e-01,9.706419766879011979e-01,9.706419799243573010e-01,9.706419813003885899e-01,9.706419816892737362e-01,9.706419812999638186e-01,9.706419799241932100e-01,9.706419766874829769e-01,9.706419689074086143e-01,9.706419689069526457e-01,9.706419472242642232e-01,9.706418700613466122e-01,9.706414707345466519e-01,9.706372642255950423e-01,9.704889494480809509e-01,1.000000000000004219e+00,9.704889494478665668e-01,9.706372642262559580e-01,9.706414707348889337e-01,9.706418700616262774e-01,9.706419472245365609e-01,9.706419689070088230e-01,9.706419766880453048e-01,9.706419799238582558e-01,9.706419813010651598e-01,9.706419816878535389e-01,9.706419813004067976e-01,9.706419799234679013e-01,9.706419766879732514e-01,9.706419766876467348e-01,9.706419689071155155e-01,9.706419472238461132e-01,9.706418700619801054e-01,9.706414707339536818e-01,9.706372642259349925e-01,9.704889494478665668e-01,1.000000000000004219e+00,9.704889494483033285e-01,9.706372642264544659e-01,9.706414707340496051e-01,9.706418700619563467e-01,9.706419472240566115e-01,9.706419689072848245e-01,9.706419766876627220e-01,9.706419799246519542e-01,9.706419812997557628e-01,9.706419816883948837e-01,9.706419812997959529e-01,9.706419799240619817e-01,9.706419799242507196e-01,9.706419766883158662e-01,9.706419689072219859e-01,9.706419472250189528e-01,9.706418700619250384e-01,9.706414707348076654e-01,9.706372642262559580e-01,9.704889494483033285e-01,1.000000000000004219e+00,9.704889494490336332e-01,9.706372642261672512e-01,9.706414707349373394e-01,9.706418700620247364e-01,9.706419472248271063e-01,9.706419689074440305e-01,9.706419766889917700e-01,9.706419799238827917e-01,9.706419813008176911e-01,9.706419816883337104e-01,9.706419813009057318e-01,9.706419813008521080e-01,9.706419799246945868e-01,9.706419766881996258e-01,9.706419689081500213e-01,9.706419472247050928e-01,9.706418700625498719e-01,9.706414707348889337e-01,9.706372642264544659e-01,9.704889494490336332e-01,1.000000000000004219e+00,9.704889494484935097e-01,9.706372642267950823e-01,9.706414707347513771e-01,9.706418700625660811e-01,9.706419472247461711e-01,9.706419689085118430e-01,9.706419766879755828e-01,9.706419799247177904e-01,9.706419813004905084e-01,9.706419816892112307e-01,9.706419816881423079e-01,9.706419813002882258e-01,9.706419799235593837e-01,9.706419766881068112e-01,9.706419689068365164e-01,9.706419472243210667e-01,9.706418700616262774e-01,9.706414707340496051e-01,9.706372642261672512e-01,9.704889494484935097e-01,1.000000000000004219e+00,9.704889494481019341e-01,9.706372642255870486e-01,9.706414707343037351e-01,9.706418700614515283e-01,9.706419472248111191e-01,9.706419689064860190e-01,9.706419766877961708e-01,9.706419799233759749e-01,9.706419813003683839e-01,9.706419813004603103e-01,9.706419816887349450e-01,9.706419813003068775e-01,9.706419799246319702e-01,9.706419766879443856e-01,9.706419689076019042e-01,9.706419472245365609e-01,9.706418700619563467e-01,9.706414707349373394e-01,9.706372642267950823e-01,9.704889494481019341e-01,1.000000000000004219e+00,9.704889494480581913e-01,9.706372642262826034e-01,9.706414707343347104e-01,9.706418700626990859e-01,9.706419472239420365e-01,9.706419689074597956e-01,9.706419766876241972e-01,9.706419799243991564e-01,9.706419799236766233e-01,9.706419813002578056e-01,9.706419816879202633e-01,9.706419813005806585e-01,9.706419799236477575e-01,9.706419766879011979e-01,9.706419689070088230e-01,9.706419472240566115e-01,9.706418700620247364e-01,9.706414707347513771e-01,9.706372642255870486e-01,9.704889494480581913e-01,1.000000000000004219e+00,9.704889494479387313e-01,9.706372642255172156e-01,9.706414707347481574e-01,9.706418700610005557e-01,9.706419472241202273e-01,9.706419689064602618e-01,9.706419766878190414e-01,9.706419766878593425e-01,9.706419799241862156e-01,9.706419813001941899e-01,9.706419816889336749e-01,9.706419813003287489e-01,9.706419799243573010e-01,9.706419766880453048e-01,9.706419689072848245e-01,9.706419472248271063e-01,9.706418700625660811e-01,9.706414707343037351e-01,9.706372642262826034e-01,9.704889494479387313e-01,1.000000000000004219e+00,9.704889494479123080e-01,9.706372642266670736e-01,9.706414707338162362e-01,9.706418700618871798e-01,9.706419472238758672e-01,9.706419689074031742e-01,9.706419689067815604e-01,9.706419766877321109e-01,9.706419799234889956e-01,9.706419813005427999e-01,9.706419816880331730e-01,9.706419813003885899e-01,9.706419799238582558e-01,9.706419766876627220e-01,9.706419689074440305e-01,9.706419472247461711e-01,9.706418700614515283e-01,9.706414707343347104e-01,9.706372642255172156e-01,9.704889494479123080e-01,1.000000000000004219e+00,9.704889494484250090e-01,9.706372642250860050e-01,9.706414707340474957e-01,9.706418700609931172e-01,9.706419472241867297e-01,9.706419472247266311e-01,9.706419689078392699e-01,9.706419766881827504e-01,9.706419799250196601e-01,9.706419813008360098e-01,9.706419816892737362e-01,9.706419813010651598e-01,9.706419799246519542e-01,9.706419766889917700e-01,9.706419689085118430e-01,9.706419472248111191e-01,9.706418700626990859e-01,9.706414707347481574e-01,9.706372642266670736e-01,9.704889494484250090e-01,1.000000000000004219e+00,9.704889494480137824e-01,9.706372642265204131e-01,9.706414707343504755e-01,9.706418700624723783e-01,9.706418700609531491e-01,9.706419472236803569e-01,9.706419689062286693e-01,9.706419766876210886e-01,9.706419799232123280e-01,9.706419812999638186e-01,9.706419816878535389e-01,9.706419812997557628e-01,9.706419799238827917e-01,9.706419766879755828e-01,9.706419689064860190e-01,9.706419472239420365e-01,9.706418700610005557e-01,9.706414707338162362e-01,9.706372642250860050e-01,9.704889494480137824e-01,1.000000000000004219e+00,9.704889494473427636e-01,9.706372642247053095e-01,9.706414707337440717e-01,9.706414707340241810e-01,9.706418700617345241e-01,9.706419472238848600e-01,9.706419689074731183e-01,9.706419766876555055e-01,9.706419799241932100e-01,9.706419813004067976e-01,9.706419816883948837e-01,9.706419813008176911e-01,9.706419799247177904e-01,9.706419766877961708e-01,9.706419689074597956e-01,9.706419472241202273e-01,9.706418700618871798e-01,9.706414707340474957e-01,9.706372642265204131e-01,9.704889494473427636e-01,1.000000000000004219e+00,9.704889494473691869e-01,9.706372642259243344e-01,9.706372642250736815e-01,9.706414707336676884e-01,9.706418700608107075e-01,9.706419472240147561e-01,9.706419689063845446e-01,9.706419766874829769e-01,9.706419799234679013e-01,9.706419812997959529e-01,9.706419816883337104e-01,9.706419813004905084e-01,9.706419799233759749e-01,9.706419766876241972e-01,9.706419689064602618e-01,9.706419472238758672e-01,9.706418700609931172e-01,9.706414707343504755e-01,9.706372642247053095e-01,9.704889494473691869e-01,1.000000000000004219e+00,9.704889494474467915e-01,9.704889494478005085e-01,9.706372642259262218e-01,9.706414707339314774e-01,9.706418700621366469e-01,9.706419472241153423e-01,9.706419689074086143e-01,9.706419766879732514e-01,9.706419799240619817e-01,9.706419813009057318e-01,9.706419816892112307e-01,9.706419813003683839e-01,9.706419799243991564e-01,9.706419766878190414e-01,9.706419689074031742e-01,9.706419472241867297e-01,9.706418700624723783e-01,9.706414707337440717e-01,9.706372642259243344e-01,9.704889494474467915e-01,1.000000000000004219e+00
9.999999999999829026e-01,9.611472705528906202e-01,9.614176898295687668e-01,9.614253833893391388e-01,9.614261272424899918e-01,9.614262745096578966e-01,9.614263163173448756e-01,9.614263313985375037e-01,9.614263376956462270e-01,9.614263403776803774e-01,9.614263411256898095e-01,9.614263403733543933e-01,9.614263376887595136e-01,9.614263314013812289e-01,9.614263163146151703e-01,9.614262745153353551e-01,9.614261272390209889e-01,9.614253833859568443e-01,9.614176898273429916e-01,9.611472705532725369e-01,9.611472705528906202e-01,9.999999999999829026e-01,9.611472705512621451e-01,9.614176898390353054e-01,9.614253833849557562e-01,9.614261272490746135e-01,9.614262745102210017e-01,9.614263163182992233e-01,9.614263314065403243e-01,9.614263377000857869e-01,9.614263403715685996e-01,9.614263411316686936e-01,9.614263403706175826e-01,9.614263376944928163e-01,9.614263313990782933e-01,9.614263163267258161e-01,9.614262745035611069e-01,9.614261272477294673e-01,9.614253833817946182e-01,9.614176898359043655e-01,9.614176898295687668e-01,9.611472705512621451e-01,9.999999999999829026e-01,9.611472705548765871e-01,9.614176898287629669e-01,9.614253833857021592e-01,9.614261272437977235e-01,9.614262745053245851e-01,9.614263163205603036e-01,9.614263314052513554e-01,9.614263376881728718e-01,9.614263403717447920e-01,9.614263411228787248e-01,9.614263403705285427e-01,9.614263376864137234e-01,9.614263314051558762e-01,9.614263163092257036e-01,9.614262745064183768e-01,9.614261272377959688e-01,9.614253833844444985e-01,9.614253833893391388e-01,9.614176898390353054e-01,9.611472705548765871e-01,9.999999999999829026e-01,9.611472705557234653e-01,9.614176898405942806e-01,9.614253833915862302e-01,9.614261272499541322e-01,9.614262745186945569e-01,9.614263163302658732e-01,9.614263314043202113e-01,9.614263376993796850e-01,9.614263403742334679e-01,9.614263411339867282e-01,9.614263403734470970e-01,9.614263377037133296e-01,9.614263313986388670e-01,9.614263163230498677e-01,9.614262745075580208e-01,9.614261272515535195e-01,9.614261272424899918e-01,9.614253833849557562e-01,9.614176898287629669e-01,9.611472705557234653e-01,9.999999999999829026e-01,9.611472705536441286e-01,9.614176898326304288e-01,9.614253833840042951e-01,9.614261272496291699e-01,9.614262745145794042e-01,9.614263163156465675e-01,9.614263314017806872e-01,9.614263376879478296e-01,9.614263403713837475e-01,9.614263411230318246e-01,9.614263403769525151e-01,9.614263376833467323e-01,9.614263313988704596e-01,9.614263163104734833e-01,9.614262745076097572e-01,9.614262745096578966e-01,9.614261272490746135e-01,9.614253833857021592e-01,9.614176898405942806e-01,9.611472705536441286e-01,9.999999999999829026e-01,9.611472705568112618e-01,9.614176898359535484e-01,9.614253833943926519e-01,9.614261272564341709e-01,9.614262745108326236e-01,9.614263163239687993e-01,9.614263314012934103e-01,9.614263376961585950e-01,9.614263403715018752e-01,9.614263411375196799e-01,9.614263403675072928e-01,9.614263376945275663e-01,9.614263313970928815e-01,9.614263163213506713e-01,9.614263163173448756e-01,9.614262745102210017e-01,9.614261272437977235e-01,9.614253833915862302e-01,9.614176898326304288e-01,9.611472705568112618e-01,9.999999999999829026e-01,9.611472705540315964e-01,9.614176898405489835e-01,9.614253833953307904e-01,9.614261272468087594e-01,9.614262745132174937e-01,9.614263163175574833e-01,9.614263314034676711e-01,9.614263376902979497e-01,9.614263403799626628e-01,9.614263411221538602e-01,9.614263403728376955e-01,9.614263376868161792e-01,9.614263314021229689e-01,9.614263313985375037e-01,9.614263163182992233e-01,9.614262745053245851e-01,9.614261272499541322e-01,9.614253833840042951e-01,9.614176898359535484e-01,9.611472705540315964e-01,9.999999999999829026e-01,9.611472705590351495e-01,9.614176898418209660e-01,9.614253833857966391e-01,9.614261272495331356e-01,9.614262745071052718e-01,9.614263163201500761e-01,9.614263313979367620e-01,9.614263376991072363e-01,9.614263403648826145e-01,9.614263411277066407e-01,9.614263403654295104e-01,9.614263376921330373e-01,9.614263376956462270e-01,9.614263314065403243e-01,9.614263163205603036e-01,9.614262745186945569e-01,9.614261272496291699e-01,9.614253833943926519e-01,9.614176898405489835e-01,9.611472705590351495e-01,9.999999999999829026e-01,9.611472705675341288e-01,9.614176898395523363e-01,9.614253833958986695e-01,9.614261272507446110e-01,9.614262745166737290e-01,9.614263163218987884e-01,9.614263314139671612e-01,9.614263376912969283e-01,9.614263403775797912e-01,9.614263411276341431e-01,9.614263403778334771e-01,9.614263403776803774e-01,9.614263377000857869e-01,9.614263314052513554e-01,9.614263163302658732e-01,9.614262745145794042e-01,9.614261272564341709e-01,9.614253833953307904e-01,9.614176898418209660e-01,9.611472705675341288e-01,9.999999999999829026e-01,9.611472705616763701e-01,9.614176898458774989e-01,9.614253833933219529e-01,9.614261272567318217e-01,9.614262745147400535e-01,9.614263163341437712e-01,9.614263314024440454e-01,9.614263377004129696e-01,9.614263403736696967e-01,9.614263411364520895e-01,9.614263411256898095e-01,9.614263403715685996e-01,9.614263376881728718e-01,9.614263314043202113e-01,9.614263163156465675e-01,9.614262745108326236e-01,9.614261272468087594e-01,9.614253833857966391e-01,9.614176898395523363e-01,9.611472705616763701e-01,9.999999999999829026e-01,9.611472705572503550e-01,9.614176898326238785e-01,9.614253833888736223e-01,9.614261272441049222e-01,9.614262745164769974e-01,9.614263163120516653e-01,9.614263314009541261e-01,9.614263376859251142e-01,9.614263403719716106e-01,9.614263403733543933e-01,9.614263411316686936e-01,9.614263403717447920e-01,9.614263376993796850e-01,9.614263314017806872e-01,9.614263163239687993e-01,9.614262745132174937e-01,9.614261272495331356e-01,9.614253833958986695e-01,9.614176898458774989e-01,9.611472705572503550e-01,9.999999999999829026e-01,9.611472705562160712e-01,9.614176898402823079e-01,9.614253833883182887e-01,9.614261272580810758e-01,9.614262745065095261e-01,9.614263163226610676e-01,9.614263313986555204e-01,9.614263376962474128e-01,9.614263376887595136e-01,9.614263403706175826e-01,9.614263411228787248e-01,9.614263403742334679e-01,9.614263376879478296e-01,9.614263314012934103e-01,9.614263163175574833e-01,9.614262745071052718e-01,9.614261272507446110e-01,9.614253833933219529e-01,9.614176898326238785e-01,9.611472705562160712e-01,9.999999999999829026e-01,9.611472705549189977e-01,9.614176898309404473e-01,9.614253833933404936e-01,9.614261272391555480e-01,9.614262745083859141e-01,9.614263163114254995e-01,9.614263314000834892e-01,9.614263314013812289e-01,9.614263376944928163e-01,9.614263403705285427e-01,9.614263411339867282e-01,9.614263403713837475e-01,9.614263376961585950e-01,9.614263314034676711e-01,9.614263163201500761e-01,9.614262745166737290e-01,9.614261272567318217e-01,9.614253833888736223e-01,9.614176898402823079e-01,9.611472705549189977e-01,9.999999999999829026e-01,9.611472705542006834e-01,9.614176898445662145e-01,9.614253833832427931e-01,9.614261272494600830e-01,9.614262745059110049e-01,9.614263163214994412e-01,9.614263163146151703e-01,9.614263313990782933e-01,9.614263376864137234e-01,9.614263403734470970e-01,9.614263411230318246e-01,9.614263403715018752e-01,9.614263376902979497e-01,9.614263313979367620e-01,9.614263163218987884e-01,9.614262745147400535e-01,9.614261272441049222e-01,9.614253833883182887e-01,9.614176898309404473e-01,9.611472705542006834e-01,9.999999999999829026e-01,9.611472705599265476e-01,9.614176898264203963e-01,9.614253833854029541e-01,9.614261272388443524e-01,9.614262745080123240e-01,9.614262745153353551e-01,9.614263163267258161e-01,9.614263314051558762e-01,9.614263377037133296e-01,9.614263403769525151e-01,9.614263411375196799e-01,9.614263403799626628e-01,9.614263376991072363e-01,9.614263314139671612e-01,9.614263163341437712e-01,9.614262745164769974e-01,9.614261272580810758e-01,9.614253833933404936e-01,9.614176898445662145e-01,9.611472705599265476e-01,9.999999999999829026e-01,9.611472705559649388e-01,9.614176898430077944e-01,9.614253833892364431e-01,9.614261272552254711e-01,9.614261272390209889e-01,9.614262745035611069e-01,9.614263163092257036e-01,9.614263313986388670e-01,9.614263376833467323e-01,9.614263403675072928e-01,9.614263411221538602e-01,9.614263403648826145e-01,9.614263376912969283e-01,9.614263314024440454e-01,9.614263163120516653e-01,9.614262745065095261e-01,9.614261272391555480e-01,9.614253833832427931e-01,9.614176898264203963e-01,9.611472705559649388e-01,9.999999999999829026e-01,9.611472705486464596e-01,9.614176898228632417e-01,9.614253833818783290e-01,9.614253833859568443e-01,9.614261272477294673e-01,9.614262745064183768e-01,9.614263163230498677e-01,9.614263313988704596e-01,9.614263376945275663e-01,9.614263403728376955e-01,9.614263411277066407e-01,9.614263403775797912e-01,9.614263377004129696e-01,9.614263314009541261e-01,9.614263163226610676e-01,9.614262745083859141e-01,9.614261272494600830e-01,9.614253833854029541e-01,9.614176898430077944e-01,9.611472705486464596e-01,9.999999999999829026e-01,9.611472705490909929e-01,9.614176898360650148e-01,9.614176898273429916e-01,9.614253833817946182e-01,9.614261272377959688e-01,9.614262745075580208e-01,9.614263163104734833e-01,9.614263313970928815e-01,9.614263376868161792e-01,9.614263403654295104e-01,9.614263411276341431e-01,9.614263403736696967e-01,9.614263376859251142e-01,9.614263313986555204e-01,9.614263163114254995e-01,9.614262745059110049e-01,9.614261272388443524e-01,9.614253833892364431e-01,9.614176898228632417e-01,9.611472705490909929e-01,9.999999999999829026e-01,9.611472705493555591e-01,9.611472705532725369e-01,9.614176898359043655e-01,9.614253833844444985e-01,9.614261272515535195e-01,9.614262745076097572e-01,9.614263163213506713e-01,9.614263314021229689e-01,9.614263376921330373e-01,9.614263403778334771e-01,9.614263411364520895e-01,9.614263403719716106e-01,9.614263376962474128e-01,9.614263314000834892e-01,9.614263163214994412e-01,9.614262745080123240e-01,9.614261272552254711e-01,9.614253833818783290e-01,9.614176898360650148e-01,9.611472705493555591e-01,9.999999999999829026e-01
1.000000000000007105e+00,9.467914134664221493e-01,9.473258765008543136e-01,9.473406657898281180e-01,9.473421395963838032e-01,9.473424428398766750e-01,9.473425302490358080e-01,9.473425620342199593e-01,9.473425753508554203e-01,9.473425810373897749e-01,9.473425826425146967e-01,9.473425810376857603e-01,9.473425753511075520e-01,9.473425620343867148e-01,9.473425302487896715e-01,9.473424428401500119e-01,9.473421395957132285e-01,9.473406657901768391e-01,9.473258765008952809e-01,9.467914134668290460e-01,9.467914134664221493e-01,1.000000000000007105e+00,9.467914134657929859e-01,9.473258765019147987e-01,9.473406657897477379e-01,9.473421395963107505e-01,9.473424428397096975e-01,9.473425302490525723e-01,9.473425620338995490e-01,9.473425753511863778e-01,9.473425810365939670e-01,9.473425826436517871e-01,9.473425810373372613e-01,9.473425753513170511e-01,9.473425620340178988e-01,9.473425302495143141e-01,9.473424428392144270e-01,9.473421395968912861e-01,9.473406657888646665e-01,9.473258765019485494e-01,9.473258765008543136e-01,9.467914134657929859e-01,1.000000000000007105e+00,9.467914134661756798e-01,9.473258765011627336e-01,9.473406657889568150e-01,9.473421395955652358e-01,9.473424428390405660e-01,9.473425302480995569e-01,9.473425620336268782e-01,9.473425753497798363e-01,9.473425810371076672e-01,9.473425826425566632e-01,9.473425810369486832e-01,9.473425753503019742e-01,9.473425620339830378e-01,9.473425302479319132e-01,9.473424428397704267e-01,9.473421395949347401e-01,9.473406657891995097e-01,9.473406657898281180e-01,9.473258765019147987e-01,9.467914134661756798e-01,1.000000000000007105e+00,9.467914134671016058e-01,9.473258765020713401e-01,9.473406657899067218e-01,9.473421395965309078e-01,9.473424428398183883e-01,9.473425302494530298e-01,9.473425620338438158e-01,9.473425753519507664e-01,9.473425810377434919e-01,9.473425826438927055e-01,9.473425810375520895e-01,9.473425753520223758e-01,9.473425620341274778e-01,9.473425302501151668e-01,9.473424428394535690e-01,9.473421395969706671e-01,9.473421395963838032e-01,9.473406657897477379e-01,9.473258765011627336e-01,9.467914134671016058e-01,1.000000000000007105e+00,9.467914134668758974e-01,9.473258765018310879e-01,9.473406657897589511e-01,9.473421395961123537e-01,9.473424428399924713e-01,9.473425302485553035e-01,9.473425620348179255e-01,9.473425753513714520e-01,9.473425810378427459e-01,9.473425826433439223e-01,9.473425810381345125e-01,9.473425753509763236e-01,9.473425620351686449e-01,9.473425302487032962e-01,9.473424428403650621e-01,9.473424428398766750e-01,9.473421395963107505e-01,9.473406657889568150e-01,9.473258765020713401e-01,9.467914134668758974e-01,1.000000000000007105e+00,9.467914134666652881e-01,9.473258765016844274e-01,9.473406657893052030e-01,9.473421395963390612e-01,9.473424428390895269e-01,9.473425302495050992e-01,9.473425620342731390e-01,9.473425753515326564e-01,9.473425810373328204e-01,9.473425826439012543e-01,9.473425810370786904e-01,9.473425753520687831e-01,9.473425620337069253e-01,9.473425302496050193e-01,9.473425302490358080e-01,9.473424428397096975e-01,9.473421395955652358e-01,9.473406657899067218e-01,9.473258765018310879e-01,9.467914134666652881e-01,1.000000000000007105e+00,9.467914134665262882e-01,9.473258765012753102e-01,9.473406657895452332e-01,9.473421395954960689e-01,9.473424428401091557e-01,9.473425302489798527e-01,9.473425620344567699e-01,9.473425753510175129e-01,9.473425810379104695e-01,9.473425826428992780e-01,9.473425810381905787e-01,9.473425753506310443e-01,9.473425620347053489e-01,9.473425620342199593e-01,9.473425302490525723e-01,9.473424428390405660e-01,9.473421395965309078e-01,9.473406657897589511e-01,9.473258765016844274e-01,9.467914134665262882e-01,1.000000000000007105e+00,9.467914134661755687e-01,9.473258765016222549e-01,9.473406657887208926e-01,9.473421395965347935e-01,9.473424428396333141e-01,9.473425302493121425e-01,9.473425620340005793e-01,9.473425753516473424e-01,9.473425810369694444e-01,9.473425826440514674e-01,9.473425810368296673e-01,9.473425753515982706e-01,9.473425753508554203e-01,9.473425620338995490e-01,9.473425302480995569e-01,9.473424428398183883e-01,9.473421395961123537e-01,9.473406657893052030e-01,9.473258765012753102e-01,9.467914134661755687e-01,1.000000000000007105e+00,9.467914134662032133e-01,9.473258765005017068e-01,9.473406657895134808e-01,9.473421395958196989e-01,9.473424428395645913e-01,9.473425302485971589e-01,9.473425620343484121e-01,9.473425753504476354e-01,9.473425810377894551e-01,9.473425826424668461e-01,9.473425810375045719e-01,9.473425810373897749e-01,9.473425753511863778e-01,9.473425620336268782e-01,9.473425302494530298e-01,9.473424428399924713e-01,9.473421395963390612e-01,9.473406657895452332e-01,9.473258765016222549e-01,9.467914134662032133e-01,1.000000000000007105e+00,9.467914134657394731e-01,9.473258765019871852e-01,9.473406657894686278e-01,9.473421395964551905e-01,9.473424428395177399e-01,9.473425302495396272e-01,9.473425620337930786e-01,9.473425753519982839e-01,9.473425810367755995e-01,9.473425826437872344e-01,9.473425826425146967e-01,9.473425810365939670e-01,9.473425753497798363e-01,9.473425620338438158e-01,9.473425302485553035e-01,9.473424428390895269e-01,9.473421395954960689e-01,9.473406657887208926e-01,9.473258765005017068e-01,9.467914134657394731e-01,1.000000000000007105e+00,9.467914134660583292e-01,9.473258765006996596e-01,9.473406657889881233e-01,9.473421395951846513e-01,9.473424428393483199e-01,9.473425302478802879e-01,9.473425620342194042e-01,9.473425753498260216e-01,9.473425810370327271e-01,9.473425810376857603e-01,9.473425826436517871e-01,9.473425810371076672e-01,9.473425753519507664e-01,9.473425620348179255e-01,9.473425302495050992e-01,9.473424428401091557e-01,9.473421395965347935e-01,9.473406657895134808e-01,9.473258765019871852e-01,9.467914134660583292e-01,1.000000000000007105e+00,9.467914134667539949e-01,9.473258765021075334e-01,9.473406657895886429e-01,9.473421395970236247e-01,9.473424428395643693e-01,9.473425302501441436e-01,9.473425620340071296e-01,9.473425753519648662e-01,9.473425753511075520e-01,9.473425810373372613e-01,9.473425826425566632e-01,9.473425810377434919e-01,9.473425753513714520e-01,9.473425620342731390e-01,9.473425302489798527e-01,9.473424428396333141e-01,9.473421395958196989e-01,9.473406657894686278e-01,9.473258765006996596e-01,9.467914134667539949e-01,1.000000000000007105e+00,9.467914134665945669e-01,9.473258765012615434e-01,9.473406657898266747e-01,9.473421395956685975e-01,9.473424428403854902e-01,9.473425302483504673e-01,9.473425620345333753e-01,9.473425620343867148e-01,9.473425753513170511e-01,9.473425810369486832e-01,9.473425826438927055e-01,9.473425810378427459e-01,9.473425753515326564e-01,9.473425620344567699e-01,9.473425302493121425e-01,9.473424428395645913e-01,9.473421395964551905e-01,9.473406657889881233e-01,9.473258765021075334e-01,9.467914134665945669e-01,1.000000000000007105e+00,9.467914134664330295e-01,9.473258765021722594e-01,9.473406657892470273e-01,9.473421395970725856e-01,9.473424428392649421e-01,9.473425302496067957e-01,9.473425302487896715e-01,9.473425620340178988e-01,9.473425753503019742e-01,9.473425810375520895e-01,9.473425826433439223e-01,9.473425810373328204e-01,9.473425753510175129e-01,9.473425620340005793e-01,9.473425302485971589e-01,9.473424428395177399e-01,9.473421395951846513e-01,9.473406657895886429e-01,9.473258765012615434e-01,9.467914134664330295e-01,1.000000000000007105e+00,9.467914134666878256e-01,9.473258765009050508e-01,9.473406657899691163e-01,9.473421395953145474e-01,9.473424428398958819e-01,9.473424428401500119e-01,9.473425302495143141e-01,9.473425620339830378e-01,9.473425753520223758e-01,9.473425810381345125e-01,9.473425826439012543e-01,9.473425810379104695e-01,9.473425753516473424e-01,9.473425620343484121e-01,9.473425302495396272e-01,9.473424428393483199e-01,9.473421395970236247e-01,9.473406657898266747e-01,9.473258765021722594e-01,9.467914134666878256e-01,1.000000000000007105e+00,9.467914134664595638e-01,9.473258765027406936e-01,9.473406657893319593e-01,9.473421395970161862e-01,9.473421395957132285e-01,9.473424428392144270e-01,9.473425302479319132e-01,9.473425620341274778e-01,9.473425753509763236e-01,9.473425810370786904e-01,9.473425826428992780e-01,9.473425810369694444e-01,9.473425753504476354e-01,9.473425620337930786e-01,9.473425302478802879e-01,9.473424428395643693e-01,9.473421395956685975e-01,9.473406657892470273e-01,9.473258765009050508e-01,9.467914134664595638e-01,1.000000000000007105e+00,9.467914134667605452e-01,9.473258765004657356e-01,9.473406657894464233e-01,9.473406657901768391e-01,9.473421395968912861e-01,9.473424428397704267e-01,9.473425302501151668e-01,9.473425620351686449e-01,9.473425753520687831e-01,9.473425810381905787e-01,9.473425826440514674e-01,9.473425810377894551e-01,9.473425753519982839e-01,9.473425620342194042e-01,9.473425302501441436e-01,9.473424428403854902e-01,9.473421395970725856e-01,9.473406657899691163e-01,9.473258765027406936e-01,9.467914134667605452e-01,1.000000000000007105e+00,9.467914134666024495e-01,9.473258765026716377e-01,9.473258765008952809e-01,9.473406657888646665e-01,9.473421395949347401e-01,9.473424428394535690e-01,9.473425302487032962e-01,9.473425620337069253e-01,9.473425753506310443e-01,9.473425810368296673e-01,9.473425826424668461e-01,9.473425810367755995e-01,9.473425753498260216e-01,9.473425620340071296e-01,9.473425302483504673e-01,9.473424428392649421e-01,9.473421395953145474e-01,9.473406657893319593e-01,9.473258765004657356e-01,9.467914134666024495e-01,1.000000000000007105e+00,9.467914134662486214e-01,9.467914134668290460e-01,9.473258765019485494e-01,9.473406657891995097e-01,9.473421395969706671e-01,9.473424428403650621e-01,9.473425302496050193e-01,9.473425620347053489e-01,9.473425753515982706e-01,9.473425810375045719e-01,9.473425826437872344e-01,9.473425810370327271e-01,9.473425753519648662e-01,9.473425620345333753e-01,9.473425302496067957e-01,9.473424428398958819e-01,9.473421395970161862e-01,9.473406657894464233e-01,9.473258765026716377e-01,9.467914134662486214e-01,1.000000000000007105e+00
