9.999999999999892308e-01,9.181059922400416351e-01,9.194558766393273741e-01,9.194882577944029078e-01,9.194917891603524573e-01,9.194925759401385568e-01,9.194928087818171614e-01,9.194928947294102040e-01,9.194929310512091059e-01,9.194929466381341898e-01,9.194929510323377464e-01,9.194929466380141747e-01,9.194929310499806441e-01,9.194928947347760229e-01,9.194928087756203405e-01,9.194925759429115608e-01,9.194917891498977092e-01,9.194882578023213515e-01,9.194558766385672044e-01,9.181059922444854138e-01,9.181059922400416351e-01,9.999999999999892308e-01,9.181059922299815712e-01,9.194558766561650165e-01,9.194882577938837676e-01,9.194917891636161800e-01,9.194925759368320906e-01,9.194928087807744399e-01,9.194928947298919297e-01,9.194929310580093329e-01,9.194929466214106784e-01,9.194929510509278758e-01,9.194929466322264711e-01,9.194929310562097724e-01,9.194928947272769104e-01,9.194928087898575075e-01,9.194925759256485920e-01,9.194917891721173797e-01,9.194882577793658252e-01,9.194558766557693330e-01,9.194558766393273741e-01,9.181059922299815712e-01,9.999999999999892308e-01,9.181059922352057256e-01,9.194558766435797503e-01,9.194882577841717586e-01,9.194917891512234265e-01,9.194925759234426899e-01,9.194928087700541264e-01,9.194928947263627528e-01,9.194929310310477888e-01,9.194929466296001275e-01,9.194929510312700449e-01,9.194929466286749786e-01,9.194929310378208154e-01,9.194928947276129749e-01,9.194928087616874857e-01,9.194925759374541485e-01,9.194917891378525665e-01,9.194882577834065929e-01,9.194882577944029078e-01,9.194558766561650165e-01,9.181059922352057256e-01,9.999999999999892308e-01,9.181059922492982306e-01,9.194558766609238765e-01,9.194882577984799799e-01,9.194917891628959783e-01,9.194925759406855637e-01,9.194928087914867598e-01,9.194928947244440653e-01,9.194929310648316534e-01,9.194929466377598226e-01,9.194929510552247720e-01,9.194929466349499592e-01,9.194929310665893585e-01,9.194928947270302189e-01,9.194928087987611631e-01,9.194925759286567413e-01,9.194917891691514189e-01,9.194917891603524573e-01,9.194882577938837676e-01,9.194558766435797503e-01,9.181059922492982306e-01,9.999999999999892308e-01,9.181059922491554559e-01,9.194558766561037322e-01,9.194882577931690060e-01,9.194917891608798133e-01,9.194925759433704160e-01,9.194928087725703358e-01,9.194928947393253837e-01,9.194929310530997046e-01,9.194929466417315345e-01,9.194929510435998488e-01,9.194929466461260192e-01,9.194929310467160333e-01,9.194928947461125102e-01,9.194928087729586919e-01,9.194925759425804923e-01,9.194925759401385568e-01,9.194917891636161800e-01,9.194882577841717586e-01,9.194558766609238765e-01,9.181059922491554559e-01,9.999999999999892308e-01,9.181059922481773494e-01,9.194558766547502593e-01,9.194882577937599777e-01,9.194917891688764167e-01,9.194925759283111288e-01,9.194928087904170599e-01,9.194928947325433644e-01,9.194929310623904950e-01,9.194929466347931957e-01,9.194929510573642828e-01,9.194929466298711329e-01,9.194929310707048442e-01,9.194928947228268035e-01,9.194928087901785840e-01,9.194928087818171614e-01,9.194925759368320906e-01,9.194917891512234265e-01,9.194882577984799799e-01,9.194558766561037322e-01,9.181059922481773494e-01,9.999999999999892308e-01,9.181059922437537768e-01,9.194558766530741556e-01,9.194882577983758409e-01,9.194917891510385743e-01,9.194925759443601798e-01,9.194928087804250527e-01,9.194928947383546047e-01,9.194929310513804133e-01,9.194929466452663736e-01,9.194929510387112037e-01,9.194929466498502624e-01,9.194929310442351289e-01,9.194928947384649609e-01,9.194928947294102040e-01,9.194928087807744399e-01,9.194925759234426899e-01,9.194917891628959783e-01,9.194882577931690060e-01,9.194558766547502593e-01,9.181059922437537768e-01,9.999999999999892308e-01,9.181059922401777484e-01,9.194558766573939224e-01,9.194882577782976796e-01,9.194917891647715891e-01,9.194925759324193981e-01,9.194928087871073741e-01,9.194928947258054208e-01,9.194929310603831007e-01,9.194929466252375061e-01,9.194929510573541798e-01,9.194929466224219805e-01,9.194929310564206038e-01,9.194929310512091059e-01,9.194928947298919297e-01,9.194928087700541264e-01,9.194925759406855637e-01,9.194917891608798133e-01,9.194882577937599777e-01,9.194558766530741556e-01,9.181059922401777484e-01,9.999999999999892308e-01,9.181059922469723134e-01,9.194558766393388094e-01,9.194882577953693570e-01,9.194917891568871182e-01,9.194925759388409281e-01,9.194928087781009118e-01,9.194928947376095341e-01,9.194929310438718639e-01,9.194929466451361444e-01,9.194929510345604129e-01,9.194929466374587301e-01,9.194929466381341898e-01,9.194929310580093329e-01,9.194928947263627528e-01,9.194928087914867598e-01,9.194925759433704160e-01,9.194917891688764167e-01,9.194882577983758409e-01,9.194558766573939224e-01,9.181059922469723134e-01,9.999999999999892308e-01,9.181059922352177161e-01,9.194558766636452551e-01,9.194882577943489510e-01,9.194917891713629832e-01,9.194925759365238926e-01,9.194928087952165541e-01,9.194928947272877906e-01,9.194929310725340477e-01,9.194929466265613360e-01,9.194929510559504138e-01,9.194929510323377464e-01,9.194929466214106784e-01,9.194929310310477888e-01,9.194928947244440653e-01,9.194928087725703358e-01,9.194925759283111288e-01,9.194917891510385743e-01,9.194882577782976796e-01,9.194558766393388094e-01,9.181059922352177161e-01,9.999999999999892308e-01,9.181059922359966485e-01,9.194558766365974467e-01,9.194882577858024542e-01,9.194917891435487878e-01,9.194925759306181723e-01,9.194928087621608848e-01,9.194928947325855528e-01,9.194929310300379299e-01,9.194929466264799567e-01,9.194929466380141747e-01,9.194929510509278758e-01,9.194929466296001275e-01,9.194929310648316534e-01,9.194928947393253837e-01,9.194928087904170599e-01,9.194925759443601798e-01,9.194917891647715891e-01,9.194882577953693570e-01,9.194558766636452551e-01,9.181059922359966485e-01,9.999999999999892308e-01,9.181059922452537991e-01,9.194558766623943669e-01,9.194882577918708222e-01,9.194917891748256578e-01,9.194925759313651303e-01,9.194928088002181088e-01,9.194928947264008334e-01,9.194929310636279496e-01,9.194929310499806441e-01,9.194929466322264711e-01,9.194929510312700449e-01,9.194929466377598226e-01,9.194929310530997046e-01,9.194928947325433644e-01,9.194928087804250527e-01,9.194925759324193981e-01,9.194917891568871182e-01,9.194882577943489510e-01,9.194558766365974467e-01,9.181059922452537991e-01,9.999999999999892308e-01,9.181059922443888244e-01,9.194558766448011067e-01,9.194882577956277059e-01,9.194917891486352746e-01,9.194925759465301107e-01,9.194928087668234884e-01,9.194928947324823021e-01,9.194928947347760229e-01,9.194929310562097724e-01,9.194929466286749786e-01,9.194929510552247720e-01,9.194929466417315345e-01,9.194929310623904950e-01,9.194928947383546047e-01,9.194928087871073741e-01,9.194925759388409281e-01,9.194917891713629832e-01,9.194882577858024542e-01,9.194558766623943669e-01,9.181059922443888244e-01,9.999999999999892308e-01,9.181059922422695196e-01,9.194558766637613845e-01,9.194882577878368268e-01,9.194917891763929596e-01,9.194925759283401057e-01,9.194928087893958768e-01,9.194928087756203405e-01,9.194928947272769104e-01,9.194929310378208154e-01,9.194929466349499592e-01,9.194929510435998488e-01,9.194929466347931957e-01,9.194929310513804133e-01,9.194928947258054208e-01,9.194928087781009118e-01,9.194925759365238926e-01,9.194917891435487878e-01,9.194882577918708222e-01,9.194558766448011067e-01,9.181059922422695196e-01,9.999999999999892308e-01,9.181059922449328337e-01,9.194558766392191274e-01,9.194882577990883821e-01,9.194917891427327739e-01,9.194925759358454354e-01,9.194925759429115608e-01,9.194928087898575075e-01,9.194928947276129749e-01,9.194929310665893585e-01,9.194929466461260192e-01,9.194929510573642828e-01,9.194929466452663736e-01,9.194929310603831007e-01,9.194928947376095341e-01,9.194928087952165541e-01,9.194925759306181723e-01,9.194917891748256578e-01,9.194882577956277059e-01,9.194558766637613845e-01,9.181059922449328337e-01,9.999999999999892308e-01,9.181059922404258833e-01,9.194558766724311161e-01,9.194882577873958462e-01,9.194917891711762437e-01,9.194917891498977092e-01,9.194925759256485920e-01,9.194928087616874857e-01,9.194928947270302189e-01,9.194929310467160333e-01,9.194929466298711329e-01,9.194929510387112037e-01,9.194929466252375061e-01,9.194929310438718639e-01,9.194928947272877906e-01,9.194928087621608848e-01,9.194925759313651303e-01,9.194917891486352746e-01,9.194882577878368268e-01,9.194558766392191274e-01,9.181059922404258833e-01,9.999999999999892308e-01,9.181059922458265632e-01,9.194558766297491470e-01,9.194882577862895090e-01,9.194882578023213515e-01,9.194917891721173797e-01,9.194925759374541485e-01,9.194928087987611631e-01,9.194928947461125102e-01,9.194929310707048442e-01,9.194929466498502624e-01,9.194929510573541798e-01,9.194929466451361444e-01,9.194929310725340477e-01,9.194928947325855528e-01,9.194928088002181088e-01,9.194925759465301107e-01,9.194917891763929596e-01,9.194882577990883821e-01,9.194558766724311161e-01,9.181059922458265632e-01,9.999999999999892308e-01,9.181059922431666909e-01,9.194558766679890027e-01,9.194558766385672044e-01,9.194882577793658252e-01,9.194917891378525665e-01,9.194925759286567413e-01,9.194928087729586919e-01,9.194928947228268035e-01,9.194929310442351289e-01,9.194929466224219805e-01,9.194929510345604129e-01,9.194929466265613360e-01,9.194929310300379299e-01,9.194928947264008334e-01,9.194928087668234884e-01,9.194925759283401057e-01,9.194917891427327739e-01,9.194882577873958462e-01,9.194558766297491470e-01,9.181059922431666909e-01,9.999999999999892308e-01,9.181059922336245460e-01,9.181059922444854138e-01,9.194558766557693330e-01,9.194882577834065929e-01,9.194917891691514189e-01,9.194925759425804923e-01,9.194928087901785840e-01,9.194928947384649609e-01,9.194929310564206038e-01,9.194929466374587301e-01,9.194929510559504138e-01,9.194929466264799567e-01,9.194929310636279496e-01,9.194928947324823021e-01,9.194928087893958768e-01,9.194925759358454354e-01,9.194917891711762437e-01,9.194882577862895090e-01,9.194558766679890027e-01,9.181059922336245460e-01,9.999999999999892308e-01
1.000000000000003775e+00,8.910713074361601427e-01,8.935546169906006808e-01,8.936013130291757811e-01,8.936073293235603510e-01,8.936087662538249043e-01,8.936091995597942317e-01,8.936093615705525961e-01,8.936094305513596625e-01,8.936094602803402731e-01,8.936094686864661796e-01,8.936094602779771634e-01,8.936094305512384262e-01,8.936093615749035601e-01,8.936091995527307708e-01,8.936087662527775199e-01,8.936073293129707107e-01,8.936013130443830610e-01,8.935546169895259849e-01,8.910713074402897282e-01,8.910713074361601427e-01,1.000000000000003775e+00,8.910713074276731538e-01,8.935546170058848992e-01,8.936013130345953348e-01,8.936073293280801799e-01,8.936087662566065681e-01,8.936091995583985703e-01,8.936093615718250227e-01,8.936094305635668977e-01,8.936094602631382555e-01,8.936094687076687748e-01,8.936094602742177262e-01,8.936094305611428368e-01,8.936093615709592708e-01,8.936091995623107742e-01,8.936087662455927116e-01,8.936073293393494987e-01,8.936013130190341158e-01,8.935546170087411699e-01,8.935546169906006808e-01,8.910713074276731538e-01,1.000000000000003775e+00,8.910713074287152091e-01,8.935546169971498864e-01,8.936013130250733960e-01,8.936073293161004294e-01,8.936087662410481247e-01,8.936091995453291359e-01,8.936093615695024361e-01,8.936094305317825448e-01,8.936094602697756129e-01,8.936094686900593054e-01,8.936094602695365818e-01,8.936094305427498830e-01,8.936093615666600432e-01,8.936091995406774124e-01,8.936087662574707657e-01,8.936073292997244177e-01,8.936013130242056457e-01,8.936013130291757811e-01,8.935546170058848992e-01,8.910713074287152091e-01,1.000000000000003775e+00,8.910713074440594905e-01,8.935546170107268038e-01,8.936013130362029377e-01,8.936073293240192061e-01,8.936087662508692686e-01,8.936091995665104148e-01,8.936093615611906404e-01,8.936094305618360600e-01,8.936094602750732641e-01,8.936094687083360188e-01,8.936094602746834648e-01,8.936094305612538591e-01,8.936093615680736901e-01,8.936091995759525286e-01,8.936087662411682508e-01,8.936073293278860019e-01,8.936073293235603510e-01,8.936013130345953348e-01,8.935546169971498864e-01,8.910713074440594905e-01,1.000000000000003775e+00,8.910713074481646512e-01,8.935546170124633036e-01,8.936013130343255506e-01,8.936073293244000126e-01,8.936087662625572525e-01,8.936091995483613770e-01,8.936093615817388702e-01,8.936094305579442842e-01,8.936094602840682910e-01,8.936094687038571571e-01,8.936094602834298017e-01,8.936094305532981119e-01,8.936093615936320234e-01,8.936091995498962604e-01,8.936087662595598724e-01,8.936087662538249043e-01,8.936073293280801799e-01,8.936013130250733960e-01,8.935546170107268038e-01,8.910713074481646512e-01,1.000000000000003775e+00,8.910713074488119112e-01,8.935546170095675089e-01,8.936013130340910715e-01,8.936073293348891777e-01,8.936087662434215595e-01,8.936091995681854083e-01,8.936093615766571574e-01,8.936094305657185100e-01,8.936094602784766527e-01,8.936094687119808810e-01,8.936094602745661142e-01,8.936094305777965152e-01,8.936093615668936341e-01,8.936091995674554367e-01,8.936091995597942317e-01,8.936087662566065681e-01,8.936073293161004294e-01,8.936013130362029377e-01,8.935546170124633036e-01,8.910713074488119112e-01,1.000000000000003775e+00,8.910713074433453951e-01,8.935546170066422933e-01,8.936013130420699113e-01,8.936073293133178774e-01,8.936087662605165516e-01,8.936091995606226801e-01,8.936093615820558389e-01,8.936094305578560215e-01,8.936094602842125090e-01,8.936094687005180504e-01,8.936094602968189804e-01,8.936094305485946521e-01,8.936093615818100355e-01,8.936093615705525961e-01,8.936091995583985703e-01,8.936087662410481247e-01,8.936073293240192061e-01,8.936013130343255506e-01,8.935546170095675089e-01,8.910713074433453951e-01,1.000000000000003775e+00,8.910713074367041520e-01,8.935546170110590936e-01,8.936013130172520968e-01,8.936073293271207252e-01,8.936087662496429163e-01,8.936091995622331696e-01,8.936093615707754179e-01,8.936094305601343102e-01,8.936094602693209765e-01,8.936094687192839281e-01,8.936094602641351248e-01,8.936094305603717869e-01,8.936094305513596625e-01,8.936093615718250227e-01,8.936091995453291359e-01,8.936087662508692686e-01,8.936073293244000126e-01,8.936013130340910715e-01,8.935546170066422933e-01,8.910713074367041520e-01,1.000000000000003775e+00,8.910713074440662629e-01,8.935546169887366164e-01,8.936013130334239385e-01,8.936073293184256805e-01,8.936087662542407939e-01,8.936091995532066123e-01,8.936093615755250630e-01,8.936094305475292821e-01,8.936094602908246642e-01,8.936094686886466576e-01,8.936094602783490881e-01,8.936094602803402731e-01,8.936094305635668977e-01,8.936093615695024361e-01,8.936091995665104148e-01,8.936087662625572525e-01,8.936073293348891777e-01,8.936013130420699113e-01,8.935546170110590936e-01,8.910713074440662629e-01,1.000000000000003775e+00,8.910713074318824534e-01,8.935546170158672474e-01,8.936013130356175171e-01,8.936073293335795587e-01,8.936087662561934541e-01,8.936091995690369494e-01,8.936093615738631701e-01,8.936094305794900494e-01,8.936094602715687341e-01,8.936094687137614567e-01,8.936094686864661796e-01,8.936094602631382555e-01,8.936094305317825448e-01,8.936093615611906404e-01,8.936091995483613770e-01,8.936087662434215595e-01,8.936073293133178774e-01,8.936013130172520968e-01,8.935546169887366164e-01,8.910713074318824534e-01,1.000000000000003775e+00,8.910713074293219460e-01,8.935546169888639589e-01,8.936013130212201450e-01,8.936073293064065171e-01,8.936087662424696543e-01,8.936091995378127040e-01,8.936093615763903708e-01,8.936094305308054375e-01,8.936094602668416265e-01,8.936094602779771634e-01,8.936094687076687748e-01,8.936094602697756129e-01,8.936094305618360600e-01,8.936093615817388702e-01,8.936091995681854083e-01,8.936087662605165516e-01,8.936073293271207252e-01,8.936013130334239385e-01,8.935546170158672474e-01,8.910713074293219460e-01,1.000000000000003775e+00,8.910713074413932899e-01,8.935546170131961619e-01,8.936013130327069565e-01,8.936073293307777998e-01,8.936087662499241357e-01,8.936091995791946019e-01,8.936093615659221889e-01,8.936094305648616398e-01,8.936094305512384262e-01,8.936094602742177262e-01,8.936094686900593054e-01,8.936094602750732641e-01,8.936094305579442842e-01,8.936093615766571574e-01,8.936091995606226801e-01,8.936087662496429163e-01,8.936073293184256805e-01,8.936013130356175171e-01,8.935546169888639589e-01,8.910713074413932899e-01,1.000000000000003775e+00,8.910713074411320544e-01,8.935546169996116950e-01,8.936013130327074006e-01,8.936073293138261375e-01,8.936087662660825437e-01,8.936091995443604663e-01,8.936093615756055542e-01,8.936093615749035601e-01,8.936094305611428368e-01,8.936094602695365818e-01,8.936094687083360188e-01,8.936094602840682910e-01,8.936094305657185100e-01,8.936093615820558389e-01,8.936091995622331696e-01,8.936087662542407939e-01,8.936073293335795587e-01,8.936013130212201450e-01,8.935546170131961619e-01,8.910713074411320544e-01,1.000000000000003775e+00,8.910713074405364198e-01,8.935546170127257604e-01,8.936013130281051930e-01,8.936073293435631282e-01,8.936087662442832036e-01,8.936091995668981047e-01,8.936091995527307708e-01,8.936093615709592708e-01,8.936094305427498830e-01,8.936094602746834648e-01,8.936094687038571571e-01,8.936094602784766527e-01,8.936094305578560215e-01,8.936093615707754179e-01,8.936091995532066123e-01,8.936087662561934541e-01,8.936073293064065171e-01,8.936013130327069565e-01,8.935546169996116950e-01,8.910713074405364198e-01,1.000000000000003775e+00,8.910713074401339640e-01,8.935546169948211936e-01,8.936013130445872310e-01,8.936073293082785751e-01,8.936087662531659870e-01,8.936087662527775199e-01,8.936091995623107742e-01,8.936093615666600432e-01,8.936094305612538591e-01,8.936094602834298017e-01,8.936094687119808810e-01,8.936094602842125090e-01,8.936094305601343102e-01,8.936093615755250630e-01,8.936091995690369494e-01,8.936087662424696543e-01,8.936073293307777998e-01,8.936013130327074006e-01,8.935546170127257604e-01,8.910713074401339640e-01,1.000000000000003775e+00,8.910713074359183361e-01,8.935546170247492537e-01,8.936013130227509205e-01,8.936073293308327559e-01,8.936073293129707107e-01,8.936087662455927116e-01,8.936091995406774124e-01,8.936093615680736901e-01,8.936094305532981119e-01,8.936094602745661142e-01,8.936094687005180504e-01,8.936094602693209765e-01,8.936094305475292821e-01,8.936093615738631701e-01,8.936091995378127040e-01,8.936087662499241357e-01,8.936073293138261375e-01,8.936013130281051930e-01,8.935546169948211936e-01,8.910713074359183361e-01,1.000000000000003775e+00,8.910713074491134478e-01,8.935546169860484333e-01,8.936013130282290939e-01,8.936013130443830610e-01,8.936073293393494987e-01,8.936087662574707657e-01,8.936091995759525286e-01,8.936093615936320234e-01,8.936094305777965152e-01,8.936094602968189804e-01,8.936094687192839281e-01,8.936094602908246642e-01,8.936094305794900494e-01,8.936093615763903708e-01,8.936091995791946019e-01,8.936087662660825437e-01,8.936073293435631282e-01,8.936013130445872310e-01,8.935546170247492537e-01,8.910713074491134478e-01,1.000000000000003775e+00,8.910713074435994141e-01,8.935546170251539300e-01,8.935546169895259849e-01,8.936013130190341158e-01,8.936073292997244177e-01,8.936087662411682508e-01,8.936091995498962604e-01,8.936093615668936341e-01,8.936094305485946521e-01,8.936094602641351248e-01,8.936094686886466576e-01,8.936094602715687341e-01,8.936094305308054375e-01,8.936093615659221889e-01,8.936091995443604663e-01,8.936087662442832036e-01,8.936073293082785751e-01,8.936013130227509205e-01,8.935546169860484333e-01,8.910713074435994141e-01,1.000000000000003775e+00,8.910713074307116122e-01,8.910713074402897282e-01,8.935546170087411699e-01,8.936013130242056457e-01,8.936073293278860019e-01,8.936087662595598724e-01,8.936091995674554367e-01,8.936093615818100355e-01,8.936094305603717869e-01,8.936094602783490881e-01,8.936094687137614567e-01,8.936094602668416265e-01,8.936094305648616398e-01,8.936093615756055542e-01,8.936091995668981047e-01,8.936087662531659870e-01,8.936073293308327559e-01,8.936013130282290939e-01,8.935546170251539300e-01,8.910713074307116122e-01,1.000000000000003775e+00
1.000000000000023315e+00,8.502107592469055897e-01,8.551105399188443368e-01,8.551536591575684687e-01,8.551644886600393569e-01,8.551672142278702315e-01,8.551680519102498046e-01,8.551683706493630188e-01,8.551685078152511110e-01,8.551685673664733978e-01,8.551685840074941813e-01,8.551685672681850203e-01,8.551685078078306024e-01,8.551683706842958532e-01,8.551680518516340257e-01,8.551672141591826204e-01,8.551644885980694832e-01,8.551536593640436390e-01,8.551105398899677690e-01,8.502107592789531765e-01,8.502107592469055897e-01,1.000000000000023315e+00,8.502107591974326084e-01,8.551105400590981453e-01,8.551536592728974373e-01,8.551644887632297021e-01,8.551672142878836702e-01,8.551680518962548883e-01,8.551683707276180879e-01,8.551685080036003361e-01,8.551685671665458788e-01,8.551685842414318284e-01,8.551685673039284286e-01,8.551685078981826615e-01,8.551683707435355775e-01,8.551680519098718847e-01,8.551672141848788433e-01,8.551644888896272612e-01,8.551536591235906482e-01,8.551105401291442254e-01,8.551105399188443368e-01,8.502107591974326084e-01,1.000000000000023315e+00,8.502107591562693134e-01,8.551105399936456131e-01,8.551536591899298045e-01,8.551644886612793650e-01,8.551672140894208685e-01,8.551680517902894296e-01,8.551683707361455999e-01,8.551685076278291442e-01,8.551685672249399461e-01,8.551685840862470744e-01,8.551685672250940451e-01,8.551685077819518588e-01,8.551683706152344300e-01,8.551680517596993436e-01,8.551672143033959284e-01,8.551644884696779636e-01,8.551536591740844795e-01,8.551536591575684687e-01,8.551105400590981453e-01,8.502107591562693134e-01,1.000000000000023315e+00,8.502107592861254393e-01,8.551105401060968836e-01,8.551536592745406784e-01,8.551644886437822501e-01,8.551672141842074915e-01,8.551680519844698791e-01,8.551683705470161101e-01,8.551685078739525991e-01,8.551685672664220972e-01,8.551685841994867143e-01,8.551685672927367143e-01,8.551685078523132422e-01,8.551683706642044802e-01,8.551680520676019359e-01,8.551672140679247303e-01,8.551644887163973863e-01,8.551644886600393569e-01,8.551536592728974373e-01,8.551105399936456131e-01,8.502107592861254393e-01,1.000000000000023315e+00,8.502107593732246560e-01,8.551105401530062489e-01,8.551536592331990816e-01,8.551644886971314641e-01,8.551672143435045115e-01,8.551680517678832416e-01,8.551683707615943542e-01,8.551685078756948721e-01,8.551685673440468927e-01,8.551685842407895644e-01,8.551685673330450266e-01,8.551685078629577275e-01,8.551683709341993955e-01,8.551680518038311529e-01,8.551672142841620916e-01,8.551672142278702315e-01,8.551644887632297021e-01,8.551536591899298045e-01,8.551105401060968836e-01,8.502107593732246560e-01,1.000000000000023315e+00,8.502107594170988936e-01,8.551105401024555741e-01,8.551536592720327956e-01,8.551644888543028511e-01,8.551672141198864985e-01,8.551680519648731105e-01,8.551683707576138715e-01,8.551685079496056385e-01,8.551685673746828309e-01,8.551685842604906940e-01,8.551685673317748204e-01,8.551685081263769028e-01,8.551683706542457797e-01,8.551680520026569976e-01,8.551680519102498046e-01,8.551672142878836702e-01,8.551644886612793650e-01,8.551536592745406784e-01,8.551105401530062489e-01,8.502107594170988936e-01,1.000000000000023315e+00,8.502107593322637547e-01,8.551105401193014321e-01,8.551536594009849779e-01,8.551644886030721482e-01,8.551672142986792569e-01,8.551680519375370881e-01,8.551683708028612330e-01,8.551685079488119401e-01,8.551685673697304590e-01,8.551685842358729417e-01,8.551685675575225742e-01,8.551685078209616542e-01,8.551683708355255487e-01,8.551683706493630188e-01,8.551680518962548883e-01,8.551672140894208685e-01,8.551644886437822501e-01,8.551536592331990816e-01,8.551105401024555741e-01,8.502107593322637547e-01,1.000000000000023315e+00,8.502107592505621092e-01,8.551105401601400979e-01,8.551536590599867482e-01,8.551644886855229721e-01,8.551672141730713994e-01,8.551680519009323689e-01,8.551683707036871196e-01,8.551685078495946390e-01,8.551685672531039728e-01,8.551685843760644667e-01,8.551685671592927918e-01,8.551685078988807698e-01,8.551685078152511110e-01,8.551683707276180879e-01,8.551680517902894296e-01,8.551672141842074915e-01,8.551644886971314641e-01,8.551536592720327956e-01,8.551105401193014321e-01,8.502107592505621092e-01,1.000000000000023315e+00,8.502107593920136264e-01,8.551105399035561216e-01,8.551536592300694739e-01,8.551644886567656423e-01,8.551672142151968137e-01,8.551680518961646271e-01,8.551683707009787305e-01,8.551685078280519825e-01,8.551685674745043153e-01,8.551685840790212989e-01,8.551685673384111785e-01,8.551685673664733978e-01,8.551685080036003361e-01,8.551683707361455999e-01,8.551680519844698791e-01,8.551672143435045115e-01,8.551644888543028511e-01,8.551536594009849779e-01,8.551105401601400979e-01,8.502107593920136264e-01,1.000000000000023315e+00,8.502107592430940830e-01,8.551105401972782794e-01,8.551536593227053729e-01,8.551644888207190487e-01,8.551672143301013440e-01,8.551680520062601154e-01,8.551683707911570398e-01,8.551685081749649253e-01,8.551685672850427578e-01,8.551685843688149324e-01,8.551685840074941813e-01,8.551685671665458788e-01,8.551685076278291442e-01,8.551683705470161101e-01,8.551680517678832416e-01,8.551672141198864985e-01,8.551644886030721482e-01,8.551536590599867482e-01,8.551105399035561216e-01,8.502107592430940830e-01,1.000000000000023315e+00,8.502107591393180952e-01,8.551105398889842224e-01,8.551536591005935994e-01,8.551644885429267040e-01,8.551672140497647012e-01,8.551680517141875271e-01,8.551683707539299295e-01,8.551685075999165830e-01,8.551685672002239391e-01,8.551685672681850203e-01,8.551685842414318284e-01,8.551685672249399461e-01,8.551685078739525991e-01,8.551683707615943542e-01,8.551680519648731105e-01,8.551672142986792569e-01,8.551644886855229721e-01,8.551536592300694739e-01,8.551105401972782794e-01,8.502107591393180952e-01,1.000000000000023315e+00,8.502107592787275792e-01,8.551105400964340575e-01,8.551536592487183341e-01,8.551644887040056320e-01,8.551672141834851804e-01,8.551680520976756572e-01,8.551683706156304465e-01,8.551685079391433408e-01,8.551685078078306024e-01,8.551685673039284286e-01,8.551685840862470744e-01,8.551685672664220972e-01,8.551685078756948721e-01,8.551683707576138715e-01,8.551680519375370881e-01,8.551672141730713994e-01,8.551644886567656423e-01,8.551536593227053729e-01,8.551105398889842224e-01,8.502107592787275792e-01,1.000000000000023315e+00,8.502107592783630929e-01,8.551105400538693280e-01,8.551536591987515257e-01,8.551644886301178472e-01,8.551672143792503622e-01,8.551680517481181631e-01,8.551683707462203188e-01,8.551683706842958532e-01,8.551685078981826615e-01,8.551685672250940451e-01,8.551685841994867143e-01,8.551685673440468927e-01,8.551685079496056385e-01,8.551683708028612330e-01,8.551680519009323689e-01,8.551672142151968137e-01,8.551644888207190487e-01,8.551536591005935994e-01,8.551105400964340575e-01,8.502107592783630929e-01,1.000000000000023315e+00,8.502107593083176873e-01,8.551105400733491901e-01,8.551536592073376575e-01,8.551644888845888470e-01,8.551672140990701498e-01,8.551680519556116300e-01,8.551680518516340257e-01,8.551683707435355775e-01,8.551685077819518588e-01,8.551685672927367143e-01,8.551685842407895644e-01,8.551685673746828309e-01,8.551685079488119401e-01,8.551683707036871196e-01,8.551680518961646271e-01,8.551672143301013440e-01,8.551644885429267040e-01,8.551536592487183341e-01,8.551105400538693280e-01,8.502107593083176873e-01,1.000000000000023315e+00,8.502107592878964670e-01,8.551105400367202680e-01,8.551536594234913080e-01,8.551644885677742725e-01,8.551672142638797602e-01,8.551672141591826204e-01,8.551680519098718847e-01,8.551683706152344300e-01,8.551685078523132422e-01,8.551685673330450266e-01,8.551685842604906940e-01,8.551685673697304590e-01,8.551685078495946390e-01,8.551683707009787305e-01,8.551680520062601154e-01,8.551672140497647012e-01,8.551644887040056320e-01,8.551536591987515257e-01,8.551105400733491901e-01,8.502107592878964670e-01,1.000000000000023315e+00,8.502107592393689517e-01,8.551105402482904738e-01,8.551536590997583787e-01,8.551644887272018547e-01,8.551644885980694832e-01,8.551672141848788433e-01,8.551680517596993436e-01,8.551683706642044802e-01,8.551685078629577275e-01,8.551685673317748204e-01,8.551685842358729417e-01,8.551685672531039728e-01,8.551685078280519825e-01,8.551683707911570398e-01,8.551680517141875271e-01,8.551672141834851804e-01,8.551644886301178472e-01,8.551536592073376575e-01,8.551105400367202680e-01,8.502107592393689517e-01,1.000000000000023315e+00,8.502107594447887440e-01,8.551105398965542781e-01,8.551536592340589493e-01,8.551536593640436390e-01,8.551644888896272612e-01,8.551672143033959284e-01,8.551680520676019359e-01,8.551683709341993955e-01,8.551685081263769028e-01,8.551685675575225742e-01,8.551685843760644667e-01,8.551685674745043153e-01,8.551685081749649253e-01,8.551683707539299295e-01,8.551680520976756572e-01,8.551672143792503622e-01,8.551644888845888470e-01,8.551536594234913080e-01,8.551105402482904738e-01,8.502107594447887440e-01,1.000000000000023315e+00,8.502107593527842289e-01,8.551105402955740953e-01,8.551105398899677690e-01,8.551536591235906482e-01,8.551644884696779636e-01,8.551672140679247303e-01,8.551680518038311529e-01,8.551683706542457797e-01,8.551685078209616542e-01,8.551685671592927918e-01,8.551685840790212989e-01,8.551685672850427578e-01,8.551685075999165830e-01,8.551683706156304465e-01,8.551680517481181631e-01,8.551672140990701498e-01,8.551644885677742725e-01,8.551536590997583787e-01,8.551105398965542781e-01,8.502107593527842289e-01,1.000000000000023315e+00,8.502107592012025927e-01,8.502107592789531765e-01,8.551105401291442254e-01,8.551536591740844795e-01,8.551644887163973863e-01,8.551672142841620916e-01,8.551680520026569976e-01,8.551683708355255487e-01,8.551685078988807698e-01,8.551685673384111785e-01,8.551685843688149324e-01,8.551685672002239391e-01,8.551685079391433408e-01,8.551683707462203188e-01,8.551680519556116300e-01,8.551672142638797602e-01,8.551644887272018547e-01,8.551536592340589493e-01,8.551105402955740953e-01,8.502107592012025927e-01,1.000000000000023315e+00
9.999999999999922284e-01,7.866668764046090834e-01,7.971084605195946082e-01,7.969979694510306301e-01,7.970237518838886315e-01,7.970288267197880305e-01,7.970304800833005743e-01,7.970311230391748936e-01,7.970314032932162007e-01,7.970315258924933755e-01,7.970315605896276523e-01,7.970315258203732878e-01,7.970314033475317528e-01,7.970311230192776986e-01,7.970304801005289042e-01,7.970288267072012101e-01,7.970237518804925703e-01,7.969979695802343889e-01,7.971084604544940166e-01,7.866668764476147935e-01,7.866668764046090834e-01,9.999999999999922284e-01,7.866668764751678644e-01,7.971084606523275440e-01,7.969979696163111971e-01,7.970237519867686693e-01,7.970288269528879033e-01,7.970304801340861722e-01,7.970311231438129695e-01,7.970314035783617745e-01,7.970315258278467541e-01,7.970315608594997769e-01,7.970315259267658492e-01,7.970314034640260115e-01,7.970311232561495540e-01,7.970304801269700867e-01,7.970288269207156384e-01,7.970237521003891157e-01,7.969979695213884607e-01,7.971084607733258665e-01,7.971084605195946082e-01,7.866668764751678644e-01,9.999999999999922284e-01,7.866668763808440934e-01,7.971084606177549770e-01,7.969979695301533384e-01,7.970237519573669660e-01,7.970288268072326376e-01,7.970304800481137208e-01,7.970311232212502484e-01,7.970314032929237680e-01,7.970315258743934095e-01,7.970315607954836512e-01,7.970315258070626019e-01,7.970314034790684232e-01,7.970311230939441938e-01,7.970304801201179012e-01,7.970288269162533190e-01,7.970237518366458662e-01,7.969979696557384363e-01,7.969979694510306301e-01,7.971084606523275440e-01,7.866668763808440934e-01,9.999999999999922284e-01,7.866668764088982080e-01,7.971084605681703072e-01,7.969979695640896367e-01,7.970237518959389922e-01,7.970288267362978241e-01,7.970304801932251992e-01,7.970311229988744639e-01,7.970314034055532293e-01,7.970315258372685507e-01,7.970315607246697409e-01,7.970315258950727566e-01,7.970314033460056402e-01,7.970311231223871085e-01,7.970304801695939911e-01,7.970288267190511755e-01,7.970237520004582743e-01,7.970237518838886315e-01,7.969979696163111971e-01,7.971084606177549770e-01,7.866668764088982080e-01,9.999999999999922284e-01,7.866668764236610656e-01,7.971084606829258457e-01,7.969979695369527883e-01,7.970237519115841440e-01,7.970288269492330491e-01,7.970304800193929173e-01,7.970311231598049551e-01,7.970314034595765706e-01,7.970315258353480870e-01,7.970315608573429467e-01,7.970315258134479386e-01,7.970314034549876858e-01,7.970311232399235335e-01,7.970304800244221166e-01,7.970288269365057854e-01,7.970288267197880305e-01,7.970237519867686693e-01,7.969979695301533384e-01,7.971084605681703072e-01,7.866668764236610656e-01,9.999999999999922284e-01,7.866668764618290899e-01,7.971084605796380229e-01,7.969979695054373314e-01,7.970237520394762853e-01,7.970288266943548194e-01,7.970304801447058995e-01,7.970311231330777790e-01,7.970314033704136714e-01,7.970315258998131869e-01,7.970315607427271853e-01,7.970315258557459925e-01,7.970314034987895369e-01,7.970311230449473872e-01,7.970304802013664647e-01,7.970304800833005743e-01,7.970288269528879033e-01,7.970237519573669660e-01,7.969979695640896367e-01,7.971084606829258457e-01,7.866668764618290899e-01,9.999999999999922284e-01,7.866668764461394181e-01,7.971084606110621085e-01,7.969979697070931346e-01,7.970237518757423700e-01,7.970288268726057890e-01,7.970304801818769436e-01,7.970311231313305100e-01,7.970314035251775397e-01,7.970315258586729845e-01,7.970315608521740813e-01,7.970315260137387225e-01,7.970314033717801339e-01,7.970311232758002795e-01,7.970311230391748936e-01,7.970304801340861722e-01,7.970288268072326376e-01,7.970237518959389922e-01,7.969979695369527883e-01,7.971084605796380229e-01,7.866668764461394181e-01,9.999999999999922284e-01,7.866668763397526298e-01,7.971084606808496176e-01,7.969979694089053268e-01,7.970237519326468512e-01,7.970288268017747813e-01,7.970304800247953736e-01,7.970311231785417450e-01,7.970314033588613567e-01,7.970315258421909466e-01,7.970315608545370800e-01,7.970315257702926814e-01,7.970314035026220267e-01,7.970314032932162007e-01,7.970311231438129695e-01,7.970304800481137208e-01,7.970288267362978241e-01,7.970237519115841440e-01,7.969979695054373314e-01,7.971084606110621085e-01,7.866668763397526298e-01,9.999999999999922284e-01,7.866668764787714263e-01,7.971084604468040569e-01,7.969979695362146010e-01,7.970237518994851555e-01,7.970288267390255310e-01,7.970304801137078066e-01,7.970311230542151959e-01,7.970314033858134639e-01,7.970315259373698114e-01,7.970315606348972182e-01,7.970315259281777198e-01,7.970315258924933755e-01,7.970314035783617745e-01,7.970311232212502484e-01,7.970304801932251992e-01,7.970288269492330491e-01,7.970237520394762853e-01,7.969979697070931346e-01,7.971084606808496176e-01,7.866668764787714263e-01,9.999999999999922284e-01,7.866668764013148296e-01,7.971084607301706093e-01,7.969979696570153038e-01,7.970237519790603908e-01,7.970288269915734025e-01,7.970304801577482445e-01,7.970311232602426132e-01,7.970314036170937921e-01,7.970315259095450688e-01,7.970315609735932894e-01,7.970315605896276523e-01,7.970315258278467541e-01,7.970314032929237680e-01,7.970311229988744639e-01,7.970304800193929173e-01,7.970288266943548194e-01,7.970237518757423700e-01,7.969979694089053268e-01,7.971084604468040569e-01,7.866668764013148296e-01,9.999999999999922284e-01,7.866668763141908549e-01,7.971084605194410644e-01,7.969979693761334305e-01,7.970237518819447420e-01,7.970288266927134657e-01,7.970304799969065712e-01,7.970311231304384458e-01,7.970314032242398206e-01,7.970315258561759819e-01,7.970315258203732878e-01,7.970315608594997769e-01,7.970315258743934095e-01,7.970314034055532293e-01,7.970311231598049551e-01,7.970304801447058995e-01,7.970288268726057890e-01,7.970237519326468512e-01,7.969979695362146010e-01,7.971084607301706093e-01,7.866668763141908549e-01,9.999999999999922284e-01,7.866668764527946500e-01,7.971084605945988333e-01,7.969979696389929424e-01,7.970237518992803194e-01,7.970288268852795399e-01,7.970304802348350259e-01,7.970311230644360201e-01,7.970314035381435014e-01,7.970314033475317528e-01,7.970315259267658492e-01,7.970315607954836512e-01,7.970315258372685507e-01,7.970314034595765706e-01,7.970311231330777790e-01,7.970304801818769436e-01,7.970288268017747813e-01,7.970237518994851555e-01,7.969979696570153038e-01,7.971084605194410644e-01,7.866668764527946500e-01,9.999999999999922284e-01,7.866668763819119059e-01,7.971084606755245439e-01,7.969979695292168653e-01,7.970237519637453083e-01,7.970288269322169938e-01,7.970304800522035604e-01,7.970311232445242977e-01,7.970311230192776986e-01,7.970314034640260115e-01,7.970315258070626019e-01,7.970315607246697409e-01,7.970315258353480870e-01,7.970314033704136714e-01,7.970311231313305100e-01,7.970304800247953736e-01,7.970288267390255310e-01,7.970237519790603908e-01,7.969979693761334305e-01,7.971084605945988333e-01,7.866668763819119059e-01,9.999999999999922284e-01,7.866668764353172971e-01,7.971084605367076970e-01,7.969979695179949530e-01,7.970237520130387665e-01,7.970288267095950729e-01,7.970304801766362468e-01,7.970304801005289042e-01,7.970311232561495540e-01,7.970314034790684232e-01,7.970315258950727566e-01,7.970315608573429467e-01,7.970315258998131869e-01,7.970314035251775397e-01,7.970311231785417450e-01,7.970304801137078066e-01,7.970288269915734025e-01,7.970237518819447420e-01,7.969979696389929424e-01,7.971084606755245439e-01,7.866668764353172971e-01,9.999999999999922284e-01,7.866668764323609953e-01,7.971084606875701306e-01,7.969979697057353318e-01,7.970237519260033876e-01,7.970288269873969655e-01,7.970288267072012101e-01,7.970304801269700867e-01,7.970311230939441938e-01,7.970314033460056402e-01,7.970315258134479386e-01,7.970315607427271853e-01,7.970315258586729845e-01,7.970314033588613567e-01,7.970311230542151959e-01,7.970304801577482445e-01,7.970288266927134657e-01,7.970237518992803194e-01,7.969979695292168653e-01,7.971084605367076970e-01,7.866668764323609953e-01,9.999999999999922284e-01,7.866668763871933479e-01,7.971084606676139828e-01,7.969979694261871694e-01,7.970237520043560453e-01,7.970237518804925703e-01,7.970288269207156384e-01,7.970304801201179012e-01,7.970311231223871085e-01,7.970314034549876858e-01,7.970315258557459925e-01,7.970315608521740813e-01,7.970315258421909466e-01,7.970314033858134639e-01,7.970311232602426132e-01,7.970304799969065712e-01,7.970288268852795399e-01,7.970237519637453083e-01,7.969979695179949530e-01,7.971084606875701306e-01,7.866668763871933479e-01,9.999999999999922284e-01,7.866668765463691315e-01,7.971084605652086763e-01,7.969979696778396461e-01,7.969979695802343889e-01,7.970237521003891157e-01,7.970288269162533190e-01,7.970304801695939911e-01,7.970311232399235335e-01,7.970314034987895369e-01,7.970315260137387225e-01,7.970315608545370800e-01,7.970315259373698114e-01,7.970314036170937921e-01,7.970311231304384458e-01,7.970304802348350259e-01,7.970288269322169938e-01,7.970237520130387665e-01,7.969979697057353318e-01,7.971084606676139828e-01,7.866668765463691315e-01,9.999999999999922284e-01,7.866668764341340214e-01,7.971084608228621304e-01,7.971084604544940166e-01,7.969979695213884607e-01,7.970237518366458662e-01,7.970288267190511755e-01,7.970304800244221166e-01,7.970311230449473872e-01,7.970314033717801339e-01,7.970315257702926814e-01,7.970315606348972182e-01,7.970315259095450688e-01,7.970314032242398206e-01,7.970311230644360201e-01,7.970304800522035604e-01,7.970288267095950729e-01,7.970237519260033876e-01,7.969979694261871694e-01,7.971084605652086763e-01,7.866668764341340214e-01,9.999999999999922284e-01,7.866668764353089704e-01,7.866668764476147935e-01,7.971084607733258665e-01,7.969979696557384363e-01,7.970237520004582743e-01,7.970288269365057854e-01,7.970304802013664647e-01,7.970311232758002795e-01,7.970314035026220267e-01,7.970315259281777198e-01,7.970315609735932894e-01,7.970315258561759819e-01,7.970314035381435014e-01,7.970311232445242977e-01,7.970304801766362468e-01,7.970288269873969655e-01,7.970237520043560453e-01,7.969979696778396461e-01,7.971084608228621304e-01,7.866668764353089704e-01,9.999999999999922284e-01
