1.000000000000000444e+00,2.224292467444992094e-01,4.119299921658976515e-01,3.505934028191880492e-01,3.727293104081708663e-01,3.645001852646319040e-01,3.676712123381659092e-01,3.664388169755559699e-01,3.669318016397091209e-01,3.667260588956957612e-01,3.668351132321090446e-01,3.667260606850551441e-01,3.669318014886722712e-01,3.664388158487976721e-01,3.676712136550620569e-01,3.645001868332330419e-01,3.727293110628585038e-01,3.505934001001755895e-01,4.119299908506482422e-01,2.224292521229863928e-01,2.224292467444992094e-01,1.000000000000000444e+00,2.224292433291463755e-01,4.119299888704184287e-01,3.505933974446866497e-01,3.727293073948523272e-01,3.645001785908094094e-01,3.676712096530745377e-01,3.664388158636364690e-01,3.669317935527460772e-01,3.667260509627453535e-01,3.668351144622652438e-01,3.667260580066643572e-01,3.669317922208809590e-01,3.664388121866648529e-01,3.676712130949707502e-01,3.645001782743023666e-01,3.727293074868284206e-01,3.505933946325459072e-01,4.119299891612273612e-01,4.119299921658976515e-01,2.224292433291463755e-01,1.000000000000000444e+00,2.224292494776560769e-01,4.119299890272815623e-01,3.505934011833403696e-01,3.727293075011960388e-01,3.645001811607254671e-01,3.676712150956681358e-01,3.664388161575251601e-01,3.669317915757115411e-01,3.667260593032705129e-01,3.668351187531389002e-01,3.667260549880315135e-01,3.669317950819667162e-01,3.664388189839932752e-01,3.676712110714568382e-01,3.645001799800553499e-01,3.727293084043458160e-01,3.505933993231813428e-01,3.505934028191880492e-01,4.119299888704184287e-01,2.224292494776560769e-01,1.000000000000000444e+00,2.224292495416117788e-01,4.119299918826412332e-01,3.505933995058471142e-01,3.727293107656139970e-01,3.645001857019052327e-01,3.676712127984413936e-01,3.664388144488074928e-01,3.669317981294987763e-01,3.667260628544892764e-01,3.668351143122636770e-01,3.667260578755858758e-01,3.669318006079627659e-01,3.664388168990121430e-01,3.676712127146010145e-01,3.645001822364554167e-01,3.727293113881357534e-01,3.727293104081708663e-01,3.505933974446866497e-01,4.119299890272815623e-01,2.224292495416117788e-01,1.000000000000000444e+00,2.224292492856657921e-01,4.119299890675298115e-01,3.505933990574157666e-01,3.727293117016799440e-01,3.645001820494393474e-01,3.676712071297938422e-01,3.664388182128384130e-01,3.669317985447886343e-01,3.667260559530465258e-01,3.668351139847834674e-01,3.667260605272183449e-01,3.669317945299344630e-01,3.664388149918741400e-01,3.676712103697906686e-01,3.645001824158251025e-01,3.645001852646319040e-01,3.727293073948523272e-01,3.505934011833403696e-01,4.119299918826412332e-01,2.224292492856657921e-01,1.000000000000000444e+00,2.224292475349978204e-01,4.119299906988876381e-01,3.505934037841025308e-01,3.727293101139745324e-01,3.645001799767777495e-01,3.676712144904068502e-01,3.664388212524218313e-01,3.669317947675982960e-01,3.667260582851482598e-01,3.668351191664405153e-01,3.667260580556210847e-01,3.669317958971693994e-01,3.664388162663516080e-01,3.676712144100969248e-01,3.676712123381659092e-01,3.645001785908094094e-01,3.727293075011960388e-01,3.505933995058471142e-01,4.119299890675298115e-01,2.224292475349978204e-01,1.000000000000000444e+00,2.224292454647152639e-01,4.119299909690626316e-01,3.505933986301993377e-01,3.727293037452873437e-01,3.645001823232782989e-01,3.676712138838649779e-01,3.664388132669783027e-01,3.669317936812491188e-01,3.667260597208530926e-01,3.668351129903910102e-01,3.667260550309948131e-01,3.669317941408933303e-01,3.664388148129767986e-01,3.664388169755559699e-01,3.676712096530745377e-01,3.645001811607254671e-01,3.727293107656139970e-01,3.505933990574157666e-01,4.119299906988876381e-01,2.224292454647152639e-01,1.000000000000000444e+00,2.224292518491325366e-01,4.119299891121013246e-01,3.505933960326375609e-01,3.727293108388504694e-01,3.645001857902489539e-01,3.676712101474768346e-01,3.664388150168728098e-01,3.669317990323187617e-01,3.667260561121711837e-01,3.668351143547825544e-01,3.667260552581577127e-01,3.669317979655679629e-01,3.669318016397091209e-01,3.664388158636364690e-01,3.676712150956681358e-01,3.645001857019052327e-01,3.727293117016799440e-01,3.505934037841025308e-01,4.119299909690626316e-01,2.224292518491325366e-01,1.000000000000000444e+00,2.224292519701255577e-01,4.119299885178208664e-01,3.505934042736646439e-01,3.727293150925312659e-01,3.645001824140187141e-01,3.676712140747363522e-01,3.664388224233803282e-01,3.669317976657447411e-01,3.667260595334275730e-01,3.668351167299960802e-01,3.667260597130947986e-01,3.667260588956957612e-01,3.669317935527460772e-01,3.664388161575251601e-01,3.676712127984413936e-01,3.645001820494393474e-01,3.727293101139745324e-01,3.505933986301993377e-01,4.119299891121013246e-01,2.224292519701255577e-01,1.000000000000000444e+00,2.224292414665583473e-01,4.119299920883239263e-01,3.505934032000354028e-01,3.727293079021563038e-01,3.645001808240633245e-01,3.676712150677474145e-01,3.664388156929800355e-01,3.669317947990544670e-01,3.667260559398489717e-01,3.668351165813648063e-01,3.668351132321090446e-01,3.667260509627453535e-01,3.669317915757115411e-01,3.664388144488074928e-01,3.676712071297938422e-01,3.645001799767777495e-01,3.727293037452873437e-01,3.505933960326375609e-01,4.119299885178208664e-01,2.224292414665583473e-01,1.000000000000000444e+00,2.224292442248420043e-01,4.119299895525435073e-01,3.505933935915171995e-01,3.727293050280426900e-01,3.645001811567718519e-01,3.676712074340268699e-01,3.664388116743492185e-01,3.669317902987420665e-01,3.667260546291990497e-01,3.667260606850551441e-01,3.668351144622652438e-01,3.667260593032705129e-01,3.669317981294987763e-01,3.664388182128384130e-01,3.676712144904068502e-01,3.645001823232782989e-01,3.727293108388504694e-01,3.505934042736646439e-01,4.119299920883239263e-01,2.224292442248420043e-01,1.000000000000000444e+00,2.224292561782648669e-01,4.119299891015689719e-01,3.505934000867892975e-01,3.727293152578438074e-01,3.645001824065308149e-01,3.676712127155659093e-01,3.664388166313305439e-01,3.669317988447604595e-01,3.669318014886722712e-01,3.667260580066643572e-01,3.668351187531389002e-01,3.667260628544892764e-01,3.669317985447886343e-01,3.664388212524218313e-01,3.676712138838649779e-01,3.645001857902489539e-01,3.727293150925312659e-01,3.505934032000354028e-01,4.119299895525435073e-01,2.224292561782648669e-01,1.000000000000000444e+00,2.224292505757310412e-01,4.119299934499554006e-01,3.505934059962299010e-01,3.727293126650648158e-01,3.645001841751021043e-01,3.676712149592685219e-01,3.664388198209577174e-01,3.664388158487976721e-01,3.669317922208809590e-01,3.667260549880315135e-01,3.668351143122636770e-01,3.667260559530465258e-01,3.669317947675982960e-01,3.664388132669783027e-01,3.676712101474768346e-01,3.645001824140187141e-01,3.727293079021563038e-01,3.505933935915171995e-01,4.119299891015689719e-01,2.224292505757310412e-01,1.000000000000000444e+00,2.224292434892518044e-01,4.119299920765963630e-01,3.505933966879757335e-01,3.727293066792083387e-01,3.645001783752178648e-01,3.676712117177065031e-01,3.676712136550620569e-01,3.664388121866648529e-01,3.669317950819667162e-01,3.667260578755858758e-01,3.668351139847834674e-01,3.667260582851482598e-01,3.669317936812491188e-01,3.664388150168728098e-01,3.676712140747363522e-01,3.645001808240633245e-01,3.727293050280426900e-01,3.505934000867892975e-01,4.119299934499554006e-01,2.224292434892518044e-01,1.000000000000000444e+00,2.224292518901674620e-01,4.119299878577662999e-01,3.505933974987280877e-01,3.727293081653129114e-01,3.645001811994932339e-01,3.645001868332330419e-01,3.676712130949707502e-01,3.664388189839932752e-01,3.669318006079627659e-01,3.667260605272183449e-01,3.668351191664405153e-01,3.667260597208530926e-01,3.669317990323187617e-01,3.664388224233803282e-01,3.676712150677474145e-01,3.645001811567718519e-01,3.727293152578438074e-01,3.505934059962299010e-01,4.119299920765963630e-01,2.224292518901674620e-01,1.000000000000000444e+00,2.224292519462292561e-01,4.119299926126649969e-01,3.505934007644484485e-01,3.727293143015089072e-01,3.727293110628585038e-01,3.645001782743023666e-01,3.676712110714568382e-01,3.664388168990121430e-01,3.669317945299344630e-01,3.667260580556210847e-01,3.668351129903910102e-01,3.667260561121711837e-01,3.669317976657447411e-01,3.664388156929800355e-01,3.676712074340268699e-01,3.645001824065308149e-01,3.727293126650648158e-01,3.505933966879757335e-01,4.119299878577662999e-01,2.224292519462292561e-01,1.000000000000000444e+00,2.224292451076354538e-01,4.119299894392596251e-01,3.505933985071664205e-01,3.505934001001755895e-01,3.727293074868284206e-01,3.645001799800553499e-01,3.676712127146010145e-01,3.664388149918741400e-01,3.669317958971693994e-01,3.667260550309948131e-01,3.668351143547825544e-01,3.667260595334275730e-01,3.669317947990544670e-01,3.664388116743492185e-01,3.676712127155659093e-01,3.645001841751021043e-01,3.727293066792083387e-01,3.505933974987280877e-01,4.119299926126649969e-01,2.224292451076354538e-01,1.000000000000000444e+00,2.224292444022156756e-01,4.119299905491613512e-01,4.119299908506482422e-01,3.505933946325459072e-01,3.727293084043458160e-01,3.645001822364554167e-01,3.676712103697906686e-01,3.664388162663516080e-01,3.669317941408933303e-01,3.667260552581577127e-01,3.668351167299960802e-01,3.667260559398489717e-01,3.669317902987420665e-01,3.664388166313305439e-01,3.676712149592685219e-01,3.645001783752178648e-01,3.727293081653129114e-01,3.505934007644484485e-01,4.119299894392596251e-01,2.224292444022156756e-01,1.000000000000000444e+00,2.224292471399952342e-01,2.224292521229863928e-01,4.119299891612273612e-01,3.505933993231813428e-01,3.727293113881357534e-01,3.645001824158251025e-01,3.676712144100969248e-01,3.664388148129767986e-01,3.669317979655679629e-01,3.667260597130947986e-01,3.668351165813648063e-01,3.667260546291990497e-01,3.669317988447604595e-01,3.664388198209577174e-01,3.676712117177065031e-01,3.645001811994932339e-01,3.727293143015089072e-01,3.505933985071664205e-01,4.119299905491613512e-01,2.224292471399952342e-01,1.000000000000000444e+00
9.999999999999958922e-01,2.104296793734476423e-01,4.072595659593749029e-01,3.418972962513016634e-01,3.660291637302539591e-01,3.568408726073900583e-01,3.604630421614355429e-01,3.590211377637750334e-01,3.596115747120474659e-01,3.593583872468300022e-01,3.594959367592483468e-01,3.593583876298961366e-01,3.596115747155888553e-01,3.590211372031216208e-01,3.604630420944573421e-01,3.568408729385167399e-01,3.660291638940658121e-01,3.418972957063161067e-01,4.072595658535916319e-01,2.104296799954385455e-01,2.104296793734476423e-01,9.999999999999958922e-01,2.104296787593288864e-01,4.072595657077836551e-01,3.418972957554605729e-01,3.660291631755453468e-01,3.568408720413760449e-01,3.604630419559667343e-01,3.590211375411308525e-01,3.596115736795251205e-01,3.593583866525350556e-01,3.594959368317162673e-01,3.593583873753599112e-01,3.596115735301117500e-01,3.590211369852942536e-01,3.604630421931709350e-01,3.568408722058868943e-01,3.660291629137040204e-01,3.418972954142984744e-01,4.072595656475846981e-01,4.072595659593749029e-01,2.104296787593288864e-01,9.999999999999958922e-01,2.104296793252034281e-01,4.072595656899969940e-01,3.418972958314775434e-01,3.660291630788253814e-01,3.568408723822197870e-01,3.604630421889484793e-01,3.590211371911516958e-01,3.596115733895239863e-01,3.593583872544456881e-01,3.594959370949496469e-01,3.593583866984313424e-01,3.596115737473806750e-01,3.590211376564231838e-01,3.604630420250132250e-01,3.568408720292061687e-01,3.660291629393584989e-01,3.418972959046004956e-01,3.418972962513016634e-01,4.072595657077836551e-01,2.104296793252034281e-01,9.999999999999958922e-01,2.104296797567783706e-01,4.072595658315615319e-01,3.418972959560383496e-01,3.660291636509269142e-01,3.568408728768399096e-01,3.604630420149494974e-01,3.590211371042610344e-01,3.596115743941293297e-01,3.593583876455183623e-01,3.594959368404354594e-01,3.593583870840395544e-01,3.596115746408500291e-01,3.590211376107269592e-01,3.604630418512340673e-01,3.568408722948995804e-01,3.660291636632640455e-01,3.660291637302539591e-01,3.418972957554605729e-01,4.072595656899969940e-01,2.104296797567783706e-01,9.999999999999958922e-01,2.104296796049236473e-01,4.072595657406866687e-01,3.418972961426796076e-01,3.660291639082033921e-01,3.568408723709823871e-01,3.604630417057798075e-01,3.590211377165237194e-01,3.596115745421366583e-01,3.593583869347085624e-01,3.594959368953380974e-01,3.593583875958277218e-01,3.596115744444303708e-01,3.590211372209923257e-01,3.604630419103680428e-01,3.568408726218221805e-01,3.568408726073900583e-01,3.660291631755453468e-01,3.418972958314775434e-01,4.072595658315615319e-01,2.104296796049236473e-01,9.999999999999958922e-01,2.104296792436257391e-01,4.072595660123820016e-01,3.418972963328156256e-01,3.660291632539838247e-01,3.568408719875414414e-01,3.604630423170914755e-01,3.590211376312972269e-01,3.596115738075136847e-01,3.593583869218741622e-01,3.594959376517369298e-01,3.593583871282055031e-01,3.596115740145142126e-01,3.590211371190956680e-01,3.604630422047712113e-01,3.604630421614355429e-01,3.568408720413760449e-01,3.660291630788253814e-01,3.418972959560383496e-01,4.072595657406866687e-01,2.104296792436257391e-01,9.999999999999958922e-01,2.104296794543614180e-01,4.072595658745357672e-01,3.418972957807167035e-01,3.660291627980066798e-01,3.568408724928426867e-01,3.604630422498665832e-01,3.590211371247983285e-01,3.596115737139359281e-01,3.593583873522255279e-01,3.594959371370340939e-01,3.593583867835620782e-01,3.596115736711254507e-01,3.590211375256653903e-01,3.590211377637750334e-01,3.604630419559667343e-01,3.568408723822197870e-01,3.660291636509269142e-01,3.418972961426796076e-01,4.072595660123820016e-01,2.104296794543614180e-01,9.999999999999958922e-01,2.104296802515291942e-01,4.072595656596790237e-01,3.418972956553184561e-01,3.660291636318262487e-01,3.568408729733457685e-01,3.604630416506849899e-01,3.590211375259567128e-01,3.596115745625529381e-01,3.593583875196984523e-01,3.594959369039208430e-01,3.593583870673177083e-01,3.596115743534297193e-01,3.596115747120474659e-01,3.590211375411308525e-01,3.604630421889484793e-01,3.568408728768399096e-01,3.660291639082033921e-01,3.418972963328156256e-01,4.072595658745357672e-01,2.104296802515291942e-01,9.999999999999958922e-01,2.104296798297820292e-01,4.072595658366527371e-01,3.418972964455986308e-01,3.660291640667969748e-01,3.568408726067314185e-01,3.604630420346849329e-01,3.590211382657044759e-01,3.596115745376734507e-01,3.593583872524801492e-01,3.594959372436465905e-01,3.593583876109752162e-01,3.593583872468300022e-01,3.596115736795251205e-01,3.590211371911516958e-01,3.604630420149494974e-01,3.568408723709823871e-01,3.660291632539838247e-01,3.418972957807167035e-01,4.072595656596790237e-01,2.104296798297820292e-01,9.999999999999958922e-01,2.104296785205692355e-01,4.072595659735888662e-01,3.418972961597934734e-01,3.660291628283855458e-01,3.568408722433898395e-01,3.604630422302687043e-01,3.590211374544077794e-01,3.596115737808051049e-01,3.593583867199328097e-01,3.594959371280991300e-01,3.594959367592483468e-01,3.593583866525350556e-01,3.596115733895239863e-01,3.590211371042610344e-01,3.604630417057798075e-01,3.568408719875414414e-01,3.660291627980066798e-01,3.418972956553184561e-01,4.072595658366527371e-01,2.104296785205692355e-01,9.999999999999958922e-01,2.104296790102981318e-01,4.072595656679603993e-01,3.418972952779089081e-01,3.660291626153286959e-01,3.568408724324629855e-01,3.604630417405260689e-01,3.590211366882173905e-01,3.596115735045387618e-01,3.593583868571071926e-01,3.593583876298961366e-01,3.594959368317162673e-01,3.593583872544456881e-01,3.596115743941293297e-01,3.590211377165237194e-01,3.604630423170914755e-01,3.568408724928426867e-01,3.660291636318262487e-01,3.418972964455986308e-01,4.072595659735888662e-01,2.104296790102981318e-01,9.999999999999958922e-01,2.104296802600536254e-01,4.072595654656644415e-01,3.418972960482642987e-01,3.660291638881719711e-01,3.568408726120864127e-01,3.604630421498397075e-01,3.590211372542481683e-01,3.596115743632219974e-01,3.596115747155888553e-01,3.593583873753599112e-01,3.594959370949496469e-01,3.593583876455183623e-01,3.596115745421366583e-01,3.590211376312972269e-01,3.604630422498665832e-01,3.568408729733457685e-01,3.660291640667969748e-01,3.418972961597934734e-01,4.072595656679603993e-01,2.104296802600536254e-01,9.999999999999958922e-01,2.104296794385019931e-01,4.072595659055110451e-01,3.418972966180158224e-01,3.660291640409482072e-01,3.568408723276818018e-01,3.604630422289059055e-01,3.590211378808271236e-01,3.590211372031216208e-01,3.596115735301117500e-01,3.593583866984313424e-01,3.594959368404354594e-01,3.593583869347085624e-01,3.596115738075136847e-01,3.590211371247983285e-01,3.604630416506849899e-01,3.568408726067314185e-01,3.660291628283855458e-01,3.418972952779089081e-01,4.072595654656644415e-01,2.104296794385019931e-01,9.999999999999958922e-01,2.104296785597318531e-01,4.072595659537986412e-01,3.418972955973421102e-01,3.660291630748121472e-01,3.568408716166781014e-01,3.604630419543444209e-01,3.604630420944573421e-01,3.590211369852942536e-01,3.596115737473806750e-01,3.593583870840395544e-01,3.594959368953380974e-01,3.593583869218741622e-01,3.596115737139359281e-01,3.590211375259567128e-01,3.604630420346849329e-01,3.568408722433898395e-01,3.660291626153286959e-01,3.418972960482642987e-01,4.072595659055110451e-01,2.104296785597318531e-01,9.999999999999958922e-01,2.104296797043529177e-01,4.072595657167046301e-01,3.418972953905095591e-01,3.660291630410530406e-01,3.568408722951976753e-01,3.568408729385167399e-01,3.604630421931709350e-01,3.590211376564231838e-01,3.596115746408500291e-01,3.593583875958277218e-01,3.594959376517369298e-01,3.593583873522255279e-01,3.596115745625529381e-01,3.590211382657044759e-01,3.604630422302687043e-01,3.568408724324629855e-01,3.660291638881719711e-01,3.418972966180158224e-01,4.072595659537986412e-01,2.104296797043529177e-01,9.999999999999958922e-01,2.104296802670987121e-01,4.072595659638663657e-01,3.418972959762341945e-01,3.660291639099235717e-01,3.660291638940658121e-01,3.568408722058868943e-01,3.604630420250132250e-01,3.590211376107269592e-01,3.596115744444303708e-01,3.593583871282055031e-01,3.594959371370340939e-01,3.593583875196984523e-01,3.596115745376734507e-01,3.590211374544077794e-01,3.604630417405260689e-01,3.568408726120864127e-01,3.660291640409482072e-01,3.418972955973421102e-01,4.072595657167046301e-01,2.104296802670987121e-01,9.999999999999958922e-01,2.104296792275007766e-01,4.072595658410971264e-01,3.418972961444765590e-01,3.418972957063161067e-01,3.660291629137040204e-01,3.568408720292061687e-01,3.604630418512340673e-01,3.590211372209923257e-01,3.596115740145142126e-01,3.593583867835620782e-01,3.594959369039208430e-01,3.593583872524801492e-01,3.596115737808051049e-01,3.590211366882173905e-01,3.604630421498397075e-01,3.568408723276818018e-01,3.660291630748121472e-01,3.418972953905095591e-01,4.072595659638663657e-01,2.104296792275007766e-01,9.999999999999958922e-01,2.104296785760663702e-01,4.072595658755944203e-01,4.072595658535916319e-01,3.418972954142984744e-01,3.660291629393584989e-01,3.568408722948995804e-01,3.604630419103680428e-01,3.590211371190956680e-01,3.596115736711254507e-01,3.593583870673177083e-01,3.594959372436465905e-01,3.593583867199328097e-01,3.596115735045387618e-01,3.590211372542481683e-01,3.604630422289059055e-01,3.568408716166781014e-01,3.660291630410530406e-01,3.418972959762341945e-01,4.072595658410971264e-01,2.104296785760663702e-01,9.999999999999958922e-01,2.104296792252671189e-01,2.104296799954385455e-01,4.072595656475846981e-01,3.418972959046004956e-01,3.660291636632640455e-01,3.568408726218221805e-01,3.604630422047712113e-01,3.590211375256653903e-01,3.596115743534297193e-01,3.593583876109752162e-01,3.594959371280991300e-01,3.593583868571071926e-01,3.596115743632219974e-01,3.590211378808271236e-01,3.604630419543444209e-01,3.568408722951976753e-01,3.660291639099235717e-01,3.418972961444765590e-01,4.072595658755944203e-01,2.104296792252671189e-01,9.999999999999958922e-01
9.999999999999851230e-01,1.983277064053418082e-01,4.027407558692638334e-01,3.331133398395681455e-01,3.594082337235365854e-01,3.491561370586379054e-01,3.532902764762864689e-01,3.516049696687859605e-01,3.523114263028688242e-01,3.520002243169655931e-01,3.521734612850999091e-01,3.520002247612282198e-01,3.523114262887409032e-01,3.516049690449094545e-01,3.532902764122550776e-01,3.491561374217297953e-01,3.594082339532079784e-01,3.331133392102836321e-01,4.027407557618108980e-01,1.983277071131192004e-01,1.983277064053418082e-01,9.999999999999851230e-01,1.983277056865377086e-01,4.027407555733253375e-01,3.331133393158183797e-01,3.594082330935244318e-01,3.491561364202231399e-01,3.532902762549944842e-01,3.516049694215451771e-01,3.523114250863505492e-01,3.520002236707316934e-01,3.521734613630154720e-01,3.520002244850597428e-01,3.523114249571592249e-01,3.516049688043952903e-01,3.532902765218268182e-01,3.491561366036569636e-01,3.594082328254501468e-01,3.331133388940084039e-01,4.027407555381268822e-01,4.027407558692638334e-01,1.983277056865377086e-01,9.999999999999851230e-01,1.983277062996725848e-01,4.027407555661230987e-01,3.331133393674109433e-01,3.594082329943765752e-01,3.491561367801711557e-01,3.532902764961873832e-01,3.516049690145810480e-01,3.523114247551050737e-01,3.520002243368685058e-01,3.521734616570481591e-01,3.520002237113237786e-01,3.523114251910020589e-01,3.516049695572638356e-01,3.532902763247787736e-01,3.491561363666922935e-01,3.594082328352508626e-01,3.331133394366534439e-01,3.331133398395681455e-01,4.027407555733253375e-01,1.983277062996725848e-01,9.999999999999851230e-01,1.983277068248359698e-01,4.027407557081618128e-01,3.331133395039259648e-01,3.594082336335406302e-01,3.491561373353979092e-01,3.532902762448849043e-01,3.516049689372707232e-01,3.523114258706201429e-01,3.520002247915545723e-01,3.521734613628911825e-01,3.520002241600254100e-01,3.523114261792748003e-01,3.516049695269696795e-01,3.532902760839709000e-01,3.491561366908033093e-01,3.594082336430135527e-01,3.594082337235365854e-01,3.331133393158183797e-01,4.027407555661230987e-01,1.983277068248359698e-01,9.999999999999851230e-01,1.983277066704532965e-01,4.027407556417608170e-01,3.331133397438330590e-01,3.594082339359062628e-01,3.491561367858954101e-01,3.532902759303755968e-01,3.516049696499987109e-01,3.523114260776839535e-01,3.520002240097673818e-01,3.521734614548277520e-01,3.520002247671233930e-01,3.523114259821322758e-01,3.516049690833830121e-01,3.532902761797244162e-01,3.491561370845215340e-01,3.491561370586379054e-01,3.594082330935244318e-01,3.331133393674109433e-01,4.027407557081618128e-01,1.983277066704532965e-01,9.999999999999851230e-01,1.983277062527933343e-01,4.027407559275298365e-01,3.331133399420891372e-01,3.594082331541044173e-01,3.491561363613320812e-01,3.532902766131201799e-01,3.516049695322202018e-01,3.523114252404834779e-01,3.520002239857171755e-01,3.521734622961278371e-01,3.520002242342714638e-01,3.523114254583253335e-01,3.516049689708867776e-01,3.532902765072293283e-01,3.532902764762864689e-01,3.491561364202231399e-01,3.594082329943765752e-01,3.331133395039259648e-01,4.027407556417608170e-01,1.983277062527933343e-01,9.999999999999851230e-01,1.983277065111173076e-01,4.027407557629640311e-01,3.331133393102114759e-01,3.594082326617531464e-01,3.491561369237130008e-01,3.532902765645341558e-01,3.516049689840283210e-01,3.523114251615176995e-01,3.520002244834928296e-01,3.521734617376349186e-01,3.520002238245214521e-01,3.523114251101740479e-01,3.516049694175397144e-01,3.516049696687859605e-01,3.532902762549944842e-01,3.491561367801711557e-01,3.594082336335406302e-01,3.331133397438330590e-01,4.027407559275298365e-01,1.983277065111173076e-01,9.999999999999851230e-01,1.983277074050149857e-01,4.027407555236528491e-01,3.331133391705252134e-01,3.594082336203203720e-01,3.491561374717349064e-01,3.532902758946282473e-01,3.516049694348712951e-01,3.523114261072025633e-01,3.520002246800150725e-01,3.521734614477486369e-01,3.520002241329476256e-01,3.523114259011828064e-01,3.523114263028688242e-01,3.516049694215451771e-01,3.532902764961873832e-01,3.491561373353979092e-01,3.594082339359062628e-01,3.331133399420891372e-01,4.027407557629640311e-01,1.983277074050149857e-01,9.999999999999851230e-01,1.983277068782305641e-01,4.027407557383259062e-01,3.331133400389730270e-01,3.594082341122114554e-01,3.491561370436564449e-01,3.532902763310995509e-01,3.516049702710620783e-01,3.523114260872601822e-01,3.520002243436031186e-01,3.521734618532110228e-01,3.520002247219979896e-01,3.520002243169655931e-01,3.523114250863505492e-01,3.516049690145810480e-01,3.532902762448849043e-01,3.491561367858954101e-01,3.594082331541044173e-01,3.331133393102114759e-01,4.027407555236528491e-01,1.983277068782305641e-01,9.999999999999851230e-01,1.983277053769205989e-01,4.027407558795046971e-01,3.331133397104403260e-01,3.594082327058248372e-01,3.491561366259127164e-01,3.532902765160350622e-01,3.516049693466644088e-01,3.523114251809142394e-01,3.520002237259797218e-01,3.521734617012444168e-01,3.521734612850999091e-01,3.520002236707316934e-01,3.523114247551050737e-01,3.516049689372707232e-01,3.532902759303755968e-01,3.491561363613320812e-01,3.594082326617531464e-01,3.331133391705252134e-01,4.027407557383259062e-01,1.983277053769205989e-01,9.999999999999851230e-01,1.983277059519319430e-01,4.027407555489004864e-01,3.331133387304834881e-01,3.594082324808405282e-01,3.491561368582247193e-01,3.532902759913071344e-01,3.516049684751234583e-01,3.523114248932832093e-01,3.520002238968130692e-01,3.520002247612282198e-01,3.521734613630154720e-01,3.520002243368685058e-01,3.523114258706201429e-01,3.516049696499987109e-01,3.532902766131201799e-01,3.491561369237130008e-01,3.594082336203203720e-01,3.331133400389730270e-01,4.027407558795046971e-01,1.983277059519319430e-01,9.999999999999851230e-01,1.983277073882394881e-01,4.027407553145941344e-01,3.331133396160952387e-01,3.594082339049394781e-01,3.491561370675941856e-01,3.532902764200029910e-01,3.516049691065636917e-01,3.523114258710786650e-01,3.523114262887409032e-01,3.520002244850597428e-01,3.521734616570481591e-01,3.520002247915545723e-01,3.523114260776839535e-01,3.516049695322202018e-01,3.532902765645341558e-01,3.491561374717349064e-01,3.594082341122114554e-01,3.331133397104403260e-01,4.027407555489004864e-01,1.983277073882394881e-01,9.999999999999851230e-01,1.983277064748950880e-01,4.027407558208959681e-01,3.331133402707515123e-01,3.594082341028005390e-01,3.491561367338212873e-01,3.532902765436269910e-01,3.516049698122052369e-01,3.516049690449094545e-01,3.523114249571592249e-01,3.520002237113237786e-01,3.521734613628911825e-01,3.520002240097673818e-01,3.523114252404834779e-01,3.516049689840283210e-01,3.532902758946282473e-01,3.491561370436564449e-01,3.594082327058248372e-01,3.331133387304834881e-01,4.027407553145941344e-01,1.983277064748950880e-01,9.999999999999851230e-01,1.983277054911197768e-01,4.027407558732532533e-01,3.331133391468321658e-01,3.594082329721404734e-01,3.491561359331668002e-01,3.532902762448293377e-01,3.532902764122550776e-01,3.516049688043952903e-01,3.523114251910020589e-01,3.520002241600254100e-01,3.521734614548277520e-01,3.520002239857171755e-01,3.523114251615176995e-01,3.516049694348712951e-01,3.532902763310995509e-01,3.491561366259127164e-01,3.594082324808405282e-01,3.331133396160952387e-01,4.027407558208959681e-01,1.983277054911197768e-01,9.999999999999851230e-01,1.983277068045324887e-01,4.027407556017735812e-01,3.331133388923170902e-01,3.594082329664021191e-01,3.491561367027314899e-01,3.491561374217297953e-01,3.532902765218268182e-01,3.516049695572638356e-01,3.523114261792748003e-01,3.520002247671233930e-01,3.521734622961278371e-01,3.520002244834928296e-01,3.523114261072025633e-01,3.516049702710620783e-01,3.532902765160350622e-01,3.491561368582247193e-01,3.594082339049394781e-01,3.331133402707515123e-01,4.027407558732532533e-01,1.983277068045324887e-01,9.999999999999851230e-01,1.983277074634222648e-01,4.027407558658996911e-01,3.331133395424539234e-01,3.594082339462971731e-01,3.594082339532079784e-01,3.491561366036569636e-01,3.532902763247787736e-01,3.516049695269696795e-01,3.523114259821322758e-01,3.520002242342714638e-01,3.521734617376349186e-01,3.520002246800150725e-01,3.523114260872601822e-01,3.516049693466644088e-01,3.532902759913071344e-01,3.491561370675941856e-01,3.594082341028005390e-01,3.331133391468321658e-01,4.027407556017735812e-01,1.983277074634222648e-01,9.999999999999851230e-01,1.983277062496677234e-01,4.027407557702095686e-01,3.331133397423052811e-01,3.331133392102836321e-01,3.594082328254501468e-01,3.491561363666922935e-01,3.532902760839709000e-01,3.516049690833830121e-01,3.523114254583253335e-01,3.520002238245214521e-01,3.521734614477486369e-01,3.520002243436031186e-01,3.523114251809142394e-01,3.516049684751234583e-01,3.532902764200029910e-01,3.491561367338212873e-01,3.594082329721404734e-01,3.331133388923170902e-01,4.027407558658996911e-01,1.983277062496677234e-01,9.999999999999851230e-01,1.983277054759933766e-01,4.027407557856450548e-01,4.027407557618108980e-01,3.331133388940084039e-01,3.594082328352508626e-01,3.491561366908033093e-01,3.532902761797244162e-01,3.516049689708867776e-01,3.523114251101740479e-01,3.520002241329476256e-01,3.521734618532110228e-01,3.520002237259797218e-01,3.523114248932832093e-01,3.516049691065636917e-01,3.532902765436269910e-01,3.491561359331668002e-01,3.594082329664021191e-01,3.331133395424539234e-01,4.027407557702095686e-01,1.983277054759933766e-01,9.999999999999851230e-01,1.983277062360189191e-01,1.983277071131192004e-01,4.027407555381268822e-01,3.331133394366534439e-01,3.594082336430135527e-01,3.491561370845215340e-01,3.532902765072293283e-01,3.516049694175397144e-01,3.523114259011828064e-01,3.520002247219979896e-01,3.521734617012444168e-01,3.520002238968130692e-01,3.523114258710786650e-01,3.516049698122052369e-01,3.532902762448293377e-01,3.491561367027314899e-01,3.594082339462971731e-01,3.331133397423052811e-01,4.027407557856450548e-01,1.983277062360189191e-01,9.999999999999851230e-01
9.999999999999995559e-01,1.861245869945950537e-01,3.983820030195698303e-01,3.242376597361695256e-01,3.528752427830374461e-01,3.414441877659732394e-01,3.461587964065972467e-01,3.441910028427113133e-01,3.450354293685462537e-01,3.446533773682849411e-01,3.448712416183112861e-01,3.446533778786838864e-01,3.450354293326617361e-01,3.441910021671128472e-01,3.461587963402475987e-01,3.414441881627813813e-01,3.528752430916644034e-01,3.242376590291073946e-01,3.983820029112400962e-01,1.861245877912953151e-01,1.861245869945950537e-01,9.999999999999995559e-01,1.861245861623878062e-01,3.983820026711817897e-01,3.242376591858821544e-01,3.528752420891319019e-01,3.414441870437263660e-01,3.461587961679182812e-01,3.441910025682817231e-01,3.450354279567739990e-01,3.446533766690189626e-01,3.448712417064229152e-01,3.446533775812870015e-01,3.450354278509789596e-01,3.441910019051194758e-01,3.461587964637212744e-01,3.414441872530962208e-01,3.528752418159361026e-01,3.242376586905559299e-01,3.983820026710792606e-01,3.983820030195698303e-01,1.861245861623878062e-01,9.999999999999995559e-01,1.861245868084689392e-01,3.983820026803714942e-01,3.242376592125114643e-01,3.528752419946352137e-01,3.414441874106991515e-01,3.461587964155192765e-01,3.441910021012718479e-01,3.450354275834698337e-01,3.446533773982579651e-01,3.448712420318656990e-01,3.446533767093226119e-01,3.450354281036138726e-01,3.441910027443231823e-01,3.461587962287769327e-01,3.414441869501209093e-01,3.528752418062883200e-01,3.242376592788226430e-01,3.242376597361695256e-01,3.983820026711817897e-01,1.861245868084689392e-01,9.999999999999995559e-01,1.861245874254064403e-01,3.983820028248460376e-01,3.242376593521369421e-01,3.528752426884118609e-01,3.414441880206485758e-01,3.461587960698974120e-01,3.441910020303579065e-01,3.450354288040513584e-01,3.446533779168748923e-01,3.448712416877160458e-01,3.446533772228851378e-01,3.450354291752635305e-01,3.441910027270884131e-01,3.461587959087327193e-01,3.414441873344471468e-01,3.528752426900309547e-01,3.528752427830374461e-01,3.242376591858821544e-01,3.983820026803714942e-01,1.861245874254064403e-01,9.999999999999995559e-01,1.861245872856692740e-01,3.983820027840756506e-01,3.242376596448114379e-01,3.528752430405071028e-01,3.414441874286995304e-01,3.461587957566679696e-01,3.441910028479445161e-01,3.450354290821100456e-01,3.446533770616709846e-01,3.448712418262152579e-01,3.446533779370402062e-01,3.450354289731952240e-01,3.441910022296618132e-01,3.461587960449704626e-01,3.414441877968411032e-01,3.414441877659732394e-01,3.528752420891319019e-01,3.242376592125114643e-01,3.983820028248460376e-01,1.861245872856692740e-01,9.999999999999995559e-01,1.861245868224624678e-01,3.983820030848793659e-01,3.242376598562469736e-01,3.528752421324365396e-01,3.414441869718551903e-01,3.461587965233332564e-01,3.441910027043819653e-01,3.450354281465187745e-01,3.446533770390000084e-01,3.448712427592043328e-01,3.446533773417262969e-01,3.450354283622094620e-01,3.441910021154693244e-01,3.461587964142988083e-01,3.461587964065972467e-01,3.414441870437263660e-01,3.528752419946352137e-01,3.242376593521369421e-01,3.983820027840756506e-01,1.861245868224624678e-01,9.999999999999995559e-01,1.861245871219250336e-01,3.983820028933262591e-01,3.242376591379848572e-01,3.528752416065984443e-01,3.414441875885548816e-01,3.461587965006062140e-01,3.441910021128408714e-01,3.450354280926024031e-01,3.446533776107374436e-01,3.448712421562953878e-01,3.446533768599229774e-01,3.450354280219213310e-01,3.441910025890173586e-01,3.441910028427113133e-01,3.461587961679182812e-01,3.414441874106991515e-01,3.528752426884118609e-01,3.242376596448114379e-01,3.983820030848793659e-01,1.861245871219250336e-01,9.999999999999995559e-01,1.861245881040511918e-01,3.983820026290092464e-01,3.242376589741297055e-01,3.528752426951476950e-01,3.414441882018838248e-01,3.461587957558089346e-01,3.441910026112485199e-01,3.450354291260466222e-01,3.446533778273341286e-01,3.448712418027535254e-01,3.446533771820056158e-01,3.450354289233995564e-01,3.450354293685462537e-01,3.441910025682817231e-01,3.461587964155192765e-01,3.414441880206485758e-01,3.528752430405071028e-01,3.242376598562469736e-01,3.983820028933262591e-01,1.861245881040511918e-01,9.999999999999995559e-01,1.861245874623283780e-01,3.983820028850686423e-01,3.242376599208111054e-01,3.528752432427992858e-01,3.414441877100488076e-01,3.461587962452697953e-01,3.441910035564517689e-01,3.450354291041128896e-01,3.446533774204744160e-01,3.448712422799752320e-01,3.446533778086063871e-01,3.446533773682849411e-01,3.450354279567739990e-01,3.441910021012718479e-01,3.461587960698974120e-01,3.414441874286995304e-01,3.528752421324365396e-01,3.242376591379848572e-01,3.983820026290092464e-01,1.861245874623283780e-01,9.999999999999995559e-01,1.861245857590360653e-01,3.983820030321856276e-01,3.242376595536048400e-01,3.528752416652629620e-01,3.414441872412272150e-01,3.461587964102211812e-01,3.441910025154625297e-01,3.450354280355464320e-01,3.446533767187771602e-01,3.448712420848932814e-01,3.448712416183112861e-01,3.446533766690189626e-01,3.450354275834698337e-01,3.441910020303579065e-01,3.461587957566679696e-01,3.414441869718551903e-01,3.528752416065984443e-01,3.242376589741297055e-01,3.983820028850686423e-01,1.861245857590360653e-01,9.999999999999995559e-01,1.861245864269280015e-01,3.983820026725929386e-01,3.242376584750908952e-01,3.528752414299182738e-01,3.414441875284255357e-01,3.461587958428459788e-01,3.441910015431798864e-01,3.450354277392249092e-01,3.446533769181601148e-01,3.446533778786838864e-01,3.448712417064229152e-01,3.446533773982579651e-01,3.450354288040513584e-01,3.441910028479445161e-01,3.461587965233332564e-01,3.414441875885548816e-01,3.528752426951476950e-01,3.242376599208111054e-01,3.983820030321856276e-01,1.861245864269280015e-01,9.999999999999995559e-01,1.861245880659805341e-01,3.983820024061692777e-01,3.242376594902994791e-01,3.528752430013419872e-01,3.414441877718572549e-01,3.461587962874045354e-01,3.441910022403448233e-01,3.450354288424911653e-01,3.450354293326617361e-01,3.446533775812870015e-01,3.448712420318656990e-01,3.446533779168748923e-01,3.450354290821100456e-01,3.441910027043819653e-01,3.461587965006062140e-01,3.414441882018838248e-01,3.528752432427992858e-01,3.242376595536048400e-01,3.983820026725929386e-01,1.861245880659805341e-01,9.999999999999995559e-01,1.861245870630683918e-01,3.983820029823865183e-01,3.242376602436579658e-01,3.528752432442440190e-01,3.414441873941096439e-01,3.461587964657115712e-01,3.441910030220204919e-01,3.441910021671128472e-01,3.450354278509789596e-01,3.446533767093226119e-01,3.448712416877160458e-01,3.446533770616709846e-01,3.450354281465187745e-01,3.441910021128408714e-01,3.461587957558089346e-01,3.414441877100488076e-01,3.528752416652629620e-01,3.242376584750908952e-01,3.983820024061692777e-01,1.861245870630683918e-01,9.999999999999995559e-01,1.861245859780965017e-01,3.983820030328740769e-01,3.242376590200000130e-01,3.528752419361371184e-01,3.414441865022980749e-01,3.461587961414588910e-01,3.461587963402475987e-01,3.441910019051194758e-01,3.450354281036138726e-01,3.446533772228851378e-01,3.448712418262152579e-01,3.446533770390000084e-01,3.450354280926024031e-01,3.441910026112485199e-01,3.461587962452697953e-01,3.414441872412272150e-01,3.528752414299182738e-01,3.242376594902994791e-01,3.983820029823865183e-01,1.861245859780965017e-01,9.999999999999995559e-01,1.861245874768539532e-01,3.983820027211801840e-01,3.242376587213796069e-01,3.528752419694525244e-01,3.414441873630966184e-01,3.414441881627813813e-01,3.461587964637212744e-01,3.441910027443231823e-01,3.450354291752635305e-01,3.446533779370402062e-01,3.448712427592043328e-01,3.446533776107374436e-01,3.450354291260466222e-01,3.441910035564517689e-01,3.461587964102211812e-01,3.414441875284255357e-01,3.528752430013419872e-01,3.242376602436579658e-01,3.983820030328740769e-01,1.861245874768539532e-01,9.999999999999995559e-01,1.861245882341387436e-01,3.983820030072969809e-01,3.242376594342435414e-01,3.528752430635025417e-01,3.528752430916644034e-01,3.414441872530962208e-01,3.461587962287769327e-01,3.441910027270884131e-01,3.450354289731952240e-01,3.446533773417262969e-01,3.448712421562953878e-01,3.446533778273341286e-01,3.450354291041128896e-01,3.441910025154625297e-01,3.461587958428459788e-01,3.414441877718572549e-01,3.528752432442440190e-01,3.242376590200000130e-01,3.983820027211801840e-01,1.861245882341387436e-01,9.999999999999995559e-01,1.861245868324682140e-01,3.983820029437930010e-01,3.242376596603667172e-01,3.242376590291073946e-01,3.528752418159361026e-01,3.414441869501209093e-01,3.461587959087327193e-01,3.441910022296618132e-01,3.450354283622094620e-01,3.446533768599229774e-01,3.448712418027535254e-01,3.446533774204744160e-01,3.450354280355464320e-01,3.441910015431798864e-01,3.461587962874045354e-01,3.414441873941096439e-01,3.528752419361371184e-01,3.242376587213796069e-01,3.983820030072969809e-01,1.861245868324682140e-01,9.999999999999995559e-01,1.861245859322130380e-01,3.983820029394926077e-01,3.983820029112400962e-01,3.242376586905559299e-01,3.528752418062883200e-01,3.414441873344471468e-01,3.461587960449704626e-01,3.441910021154693244e-01,3.450354280219213310e-01,3.446533771820056158e-01,3.448712422799752320e-01,3.446533767187771602e-01,3.450354277392249092e-01,3.441910022403448233e-01,3.461587964657115712e-01,3.414441865022980749e-01,3.528752419694525244e-01,3.242376594342435414e-01,3.983820029437930010e-01,1.861245859322130380e-01,9.999999999999995559e-01,1.861245868071290666e-01,1.861245877912953151e-01,3.983820026710792606e-01,3.242376592788226430e-01,3.528752426900309547e-01,3.414441877968411032e-01,3.461587964142988083e-01,3.441910025890173586e-01,3.450354289233995564e-01,3.446533778086063871e-01,3.448712420848932814e-01,3.446533769181601148e-01,3.450354288424911653e-01,3.441910030220204919e-01,3.461587961414588910e-01,3.414441873630966184e-01,3.528752430635025417e-01,3.242376596603667172e-01,3.983820029394926077e-01,1.861245868071290666e-01,9.999999999999995559e-01
