9.999999999999990008e-01,2.672519193920545599e-01,4.333838359965000442e-01,3.882159617824246789e-01,4.025612644123499617e-01,3.979491356934524715e-01,3.995136651421010709e-01,3.989881120653123170e-01,3.991736801539645940e-01,3.991082120084007423e-01,3.991385997579057765e-01,3.991082125485683751e-01,3.991736801405274537e-01,3.989881113135654300e-01,3.995136652145159228e-01,3.979491363779754098e-01,4.025612646238587722e-01,3.882159610246500581e-01,4.333838357650890982e-01,2.672519205542619458e-01,2.672519193920545599e-01,9.999999999999990008e-01,2.672519183718218838e-01,4.333838352452314968e-01,3.882159602833538115e-01,4.025612635220425783e-01,3.979491342855077107e-01,3.995136645096657446e-01,3.989881115073248274e-01,3.991736781983205029e-01,3.991082104702034505e-01,3.991385997071846270e-01,3.991082118079201102e-01,3.991736778474009872e-01,3.989881106015901180e-01,3.995136651205321021e-01,3.979491343753221444e-01,4.025612633027318976e-01,3.882159598658297961e-01,4.333838350622117863e-01,4.333838359965000442e-01,2.672519183718218838e-01,9.999999999999990008e-01,2.672519197632246546e-01,4.333838351559734514e-01,3.882159611009748934e-01,4.025612634349988728e-01,3.979491350095679669e-01,3.995136654185629244e-01,3.989881113153891934e-01,3.991736778323229928e-01,3.991082119775481996e-01,3.991386005156962735e-01,3.991082109162313873e-01,3.991736784781353409e-01,3.989881122303827743e-01,3.995136647359993631e-01,3.979491347114018085e-01,4.025612634360634656e-01,3.882159609266556122e-01,3.882159617824246789e-01,4.333838352452314968e-01,2.672519197632246546e-01,9.999999999999990008e-01,2.672519198722996814e-01,4.333838358973087779e-01,3.882159609564855840e-01,4.025612645254478816e-01,3.979491359657893468e-01,3.995136651390790994e-01,3.989881110772165451e-01,3.991736795659570625e-01,3.991082126494470694e-01,3.991385999013293273e-01,3.991082116179900940e-01,3.991736801473932950e-01,3.989881116660561333e-01,3.995136650059796790e-01,3.979491351068727423e-01,4.025612644249579875e-01,4.025612644123499617e-01,3.882159602833538115e-01,4.333838351559734514e-01,2.672519198722996814e-01,9.999999999999990008e-01,2.672519196416761056e-01,4.333838351546263068e-01,3.882159609521721455e-01,4.025612645843228421e-01,3.979491348845218268e-01,3.995136640578099696e-01,3.989881118214853584e-01,3.991736794168516123e-01,3.991082110845293740e-01,3.991385996177779227e-01,3.991082123235031309e-01,3.991736788834734373e-01,3.989881111499071764e-01,3.995136645069444215e-01,3.979491351008719313e-01,3.979491356934524715e-01,4.025612635220425783e-01,3.882159611009748934e-01,4.333838358973087779e-01,2.672519196416761056e-01,9.999999999999990008e-01,2.672519192858230364e-01,4.333838358221795417e-01,3.882159617878808699e-01,4.025612640021257183e-01,3.979491344831989630e-01,3.995136656100545247e-01,3.989881120610297982e-01,3.991736785396795550e-01,3.991082114887293253e-01,3.991386013485517248e-01,3.991082114996408192e-01,3.991736790443060068e-01,3.989881111699535854e-01,3.995136653668857063e-01,3.995136651421010709e-01,3.979491342855077107e-01,4.025612634349988728e-01,3.882159609564855840e-01,4.333838351546263068e-01,2.672519192858230364e-01,9.999999999999990008e-01,2.672519192434390511e-01,4.333838355933366526e-01,3.882159606772834781e-01,4.025612628636094370e-01,3.979491351084089024e-01,3.995136653085500367e-01,3.989881108444317537e-01,3.991736782181611876e-01,3.991082120584342752e-01,3.991385998456996598e-01,3.991082110688319307e-01,3.991736782690288865e-01,3.989881113891533548e-01,3.989881120653123170e-01,3.995136645096657446e-01,3.979491350095679669e-01,4.025612645254478816e-01,3.882159609521721455e-01,4.333838358221795417e-01,2.672519192434390511e-01,9.999999999999990008e-01,2.672519206952005399e-01,4.333838353051080450e-01,3.882159603764080424e-01,4.025612643507572308e-01,3.979491359932221251e-01,3.995136643285177591e-01,3.989881114638458293e-01,3.991736798331626535e-01,3.991082117638639071e-01,3.991385999871959189e-01,3.991082113672119736e-01,3.991736792505188314e-01,3.991736801539645940e-01,3.989881115073248274e-01,3.995136654185629244e-01,3.979491359657893468e-01,4.025612645843228421e-01,3.882159617878808699e-01,4.333838355933366526e-01,2.672519206952005399e-01,9.999999999999990008e-01,2.672519203337284655e-01,4.333838353865139825e-01,3.882159620074113748e-01,4.025612651701382383e-01,3.979491352996319953e-01,3.995136650956035984e-01,3.989881130396205067e-01,3.991736793838114861e-01,3.991082120550701329e-01,3.991386003908635738e-01,3.991082122647464647e-01,3.991082120084007423e-01,3.991736781983205029e-01,3.989881113153891934e-01,3.995136651390790994e-01,3.979491348845218268e-01,4.025612640021257183e-01,3.882159606772834781e-01,4.333838353051080450e-01,2.672519203337284655e-01,9.999999999999990008e-01,2.672519181399354293e-01,4.333838357575979794e-01,3.882159615705539357e-01,4.025612632553403070e-01,3.979491348506942749e-01,3.995136656071380243e-01,3.989881114197967871e-01,3.991736786261573799e-01,3.991082110909854874e-01,3.991386002656727716e-01,3.991385997579057765e-01,3.991082104702034505e-01,3.991736778323229928e-01,3.989881110772165451e-01,3.995136640578099696e-01,3.979491344831989630e-01,4.025612628636094370e-01,3.882159603764080424e-01,4.333838353865139825e-01,2.672519181399354293e-01,9.999999999999990008e-01,2.672519188465455331e-01,4.333838353275459854e-01,3.882159597297376585e-01,4.025612627545205879e-01,3.979491351685020550e-01,3.995136641327614591e-01,3.989881104536708856e-01,3.991736777815328985e-01,3.991082110772004032e-01,3.991082125485683751e-01,3.991385997071846270e-01,3.991082119775481996e-01,3.991736795659570625e-01,3.989881118214853584e-01,3.995136656100545247e-01,3.979491351084089024e-01,4.025612643507572308e-01,3.882159620074113748e-01,4.333838357575979794e-01,2.672519188465455331e-01,9.999999999999990008e-01,2.672519210718157234e-01,4.333838350607931988e-01,3.882159611016049450e-01,4.025612652485939247e-01,3.979491351742758809e-01,3.995136653212406630e-01,3.989881113723885431e-01,3.991736793585673460e-01,3.991736801405274537e-01,3.991082118079201102e-01,3.991386005156962735e-01,3.991082126494470694e-01,3.991736794168516123e-01,3.989881120610297982e-01,3.995136653085500367e-01,3.979491359932221251e-01,4.025612651701382383e-01,3.882159615705539357e-01,4.333838353275459854e-01,2.672519210718157234e-01,9.999999999999990008e-01,2.672519196832565669e-01,4.333838359051596090e-01,3.882159623210902355e-01,4.025612648666462290e-01,3.979491352812140614e-01,3.995136653819451600e-01,3.989881122231859756e-01,3.989881113135654300e-01,3.991736778474009872e-01,3.991082109162313873e-01,3.991385999013293273e-01,3.991082110845293740e-01,3.991736785396795550e-01,3.989881108444317537e-01,3.995136643285177591e-01,3.979491352996319953e-01,4.025612632553403070e-01,3.882159597297376585e-01,4.333838350607931988e-01,2.672519196832565669e-01,9.999999999999990008e-01,2.672519181885569806e-01,4.333838359432328202e-01,3.882159601586615549e-01,4.025612635578613152e-01,3.979491338794152733e-01,3.995136647219406090e-01,3.995136652145159228e-01,3.989881106015901180e-01,3.991736784781353409e-01,3.991082116179900940e-01,3.991385996177779227e-01,3.991082114887293253e-01,3.991736782181611876e-01,3.989881114638458293e-01,3.995136650956035984e-01,3.979491348506942749e-01,4.025612627545205879e-01,3.882159611016049450e-01,4.333838359051596090e-01,2.672519181885569806e-01,9.999999999999990008e-01,2.672519203293379220e-01,4.333838350964761554e-01,3.882159602938053400e-01,4.025612634522265365e-01,3.979491348693398045e-01,3.979491363779754098e-01,3.995136651205321021e-01,3.989881122303827743e-01,3.991736801473932950e-01,3.991082123235031309e-01,3.991386013485517248e-01,3.991082120584342752e-01,3.991736798331626535e-01,3.989881130396205067e-01,3.995136656071380243e-01,3.979491351685020550e-01,4.025612652485939247e-01,3.882159623210902355e-01,4.333838359432328202e-01,2.672519203293379220e-01,9.999999999999990008e-01,2.672519207433850519e-01,4.333838362004034939e-01,3.882159612764224388e-01,4.025612649741254767e-01,4.025612646238587722e-01,3.979491343753221444e-01,3.995136647359993631e-01,3.989881116660561333e-01,3.991736788834734373e-01,3.991082114996408192e-01,3.991385998456996598e-01,3.991082117638639071e-01,3.991736793838114861e-01,3.989881114197967871e-01,3.995136641327614591e-01,3.979491351742758809e-01,4.025612648666462290e-01,3.882159601586615549e-01,4.333838350964761554e-01,2.672519207433850519e-01,9.999999999999990008e-01,2.672519191008911332e-01,4.333838352568094021e-01,3.882159609672261036e-01,3.882159610246500581e-01,4.025612633027318976e-01,3.979491347114018085e-01,3.995136650059796790e-01,3.989881111499071764e-01,3.991736790443060068e-01,3.991082110688319307e-01,3.991385999871959189e-01,3.991082120550701329e-01,3.991736786261573799e-01,3.989881104536708856e-01,3.995136653212406630e-01,3.979491352812140614e-01,4.025612635578613152e-01,3.882159602938053400e-01,4.333838362004034939e-01,2.672519191008911332e-01,9.999999999999990008e-01,2.672519185733608360e-01,4.333838355780445517e-01,4.333838357650890982e-01,3.882159598658297961e-01,4.025612634360634656e-01,3.979491351068727423e-01,3.995136645069444215e-01,3.989881111699535854e-01,3.991736782690288865e-01,3.991082113672119736e-01,3.991386003908635738e-01,3.991082110909854874e-01,3.991736777815328985e-01,3.989881113723885431e-01,3.995136653819451600e-01,3.979491338794152733e-01,4.025612634522265365e-01,3.882159612764224388e-01,4.333838352568094021e-01,2.672519185733608360e-01,9.999999999999990008e-01,2.672519191655086113e-01,2.672519205542619458e-01,4.333838350622117863e-01,3.882159609266556122e-01,4.025612644249579875e-01,3.979491351008719313e-01,3.995136653668857063e-01,3.989881113891533548e-01,3.991736792505188314e-01,3.991082122647464647e-01,3.991386002656727716e-01,3.991082110772004032e-01,3.991736793585673460e-01,3.989881122231859756e-01,3.995136647219406090e-01,3.979491348693398045e-01,4.025612649741254767e-01,3.882159609672261036e-01,4.333838355780445517e-01,2.672519191655086113e-01,9.999999999999990008e-01
9.999999999999946709e-01,2.560239589683206418e-01,4.284072990926106606e-01,3.801635668621562436e-01,3.958706888059210227e-01,3.906827526406018714e-01,3.924857560849526750e-01,3.918631352303379445e-01,3.920881309182337460e-01,3.920061444409354001e-01,3.920451435562841702e-01,3.920061450908045031e-01,3.920881308769768037e-01,3.918631343397711575e-01,3.924857562035631298e-01,3.906827534314634143e-01,3.958706891064273647e-01,3.801635659464169259e-01,4.284072988478960786e-01,2.560239603492425742e-01,2.560239589683206418e-01,9.999999999999946709e-01,2.560239577476816630e-01,4.284072982226051485e-01,3.801635652132203114e-01,3.958706877227630150e-01,3.906827510422243299e-01,3.924857553882560302e-01,3.918631346160322826e-01,3.920881285697918606e-01,3.920061426922848424e-01,3.920451435280035701e-01,3.920061442663143048e-01,3.920881282082986918e-01,3.918631335370445501e-01,3.924857561030508091e-01,3.906827511447490964e-01,3.958706875191613794e-01,3.801635646296932514e-01,4.284072980732015479e-01,4.284072990926106606e-01,2.560239577476816630e-01,9.999999999999946709e-01,2.560239593301849581e-01,4.284072981433556526e-01,3.801635660736882305e-01,3.958706876224871163e-01,3.906827518454087933e-01,3.924857564243166563e-01,3.918631343377986243e-01,3.920881281090752291e-01,3.920061444379500104e-01,3.920451444607711000e-01,3.920061431860348278e-01,3.920881289138404835e-01,3.918631354152926072e-01,3.924857556627163180e-01,3.906827514225533760e-01,3.958706876587504420e-01,3.801635658668048312e-01,3.801635668621562436e-01,4.284072982226051485e-01,2.560239593301849581e-01,9.999999999999946709e-01,2.560239595567237458e-01,4.284072989451785385e-01,3.801635659069096396e-01,3.958706889156529685e-01,3.906827529767333829e-01,3.924857560063432782e-01,3.918631340943281582e-01,3.920881301213431924e-01,3.920061452518459610e-01,3.920451437040802789e-01,3.920061440243256534e-01,3.920881308464974069e-01,3.918631348073863263e-01,3.924857558852559158e-01,3.906827519503271451e-01,3.958706888009730362e-01,3.958706888059210227e-01,3.801635652132203114e-01,4.284072981433556526e-01,2.560239595567237458e-01,9.999999999999946709e-01,2.560239592943645559e-01,4.284072981734234897e-01,3.801635659981086324e-01,3.958706890220949903e-01,3.906827517618275958e-01,3.924857548063269141e-01,3.918631350373916744e-01,3.920881300338831532e-01,3.920061434760113706e-01,3.920451434508078759e-01,3.920061449141779564e-01,3.920881294611159862e-01,3.918631341922639288e-01,3.924857553875006344e-01,3.906827520250675256e-01,3.906827526406018714e-01,3.958706877227630150e-01,3.801635660736882305e-01,4.284072989451785385e-01,2.560239592943645559e-01,9.999999999999946709e-01,2.560239588146591694e-01,4.284072988845156749e-01,3.801635669301873799e-01,3.958706882344210087e-01,3.906827512505656186e-01,3.924857565812930327e-01,3.918631352674813995e-01,3.920881289392109670e-01,3.920061438926273900e-01,3.920451454125912782e-01,3.920061439351148480e-01,3.920881295146795287e-01,3.918631341964021741e-01,3.924857563612718092e-01,3.924857560849526750e-01,3.906827510422243299e-01,3.958706876224871163e-01,3.801635659069096396e-01,4.284072981734234897e-01,2.560239588146591694e-01,9.999999999999946709e-01,2.560239588223782725e-01,4.284072986254177096e-01,3.801635656081451264e-01,3.958706869305579357e-01,3.906827519982889463e-01,3.924857562763539032e-01,3.918631338478570925e-01,3.920881286087020134e-01,3.920061445746263473e-01,3.920451437228891223e-01,3.920061433628626024e-01,3.920881286946861777e-01,3.918631344592397037e-01,3.918631352303379445e-01,3.924857553882560302e-01,3.906827518454087933e-01,3.958706889156529685e-01,3.801635659981086324e-01,4.284072988845156749e-01,2.560239588223782725e-01,9.999999999999946709e-01,2.560239605555411080e-01,4.284072982740949609e-01,3.801635652773203145e-01,3.958706887048896172e-01,3.906827530643078861e-01,3.924857551443150516e-01,3.918631345863544668e-01,3.920881305068528722e-01,3.920061442659145134e-01,3.920451438350229245e-01,3.920061437367772239e-01,3.920881298930121162e-01,3.920881309182337460e-01,3.918631346160322826e-01,3.924857564243166563e-01,3.906827529767333829e-01,3.958706890220949903e-01,3.801635669301873799e-01,4.284072986254177096e-01,2.560239605555411080e-01,9.999999999999946709e-01,2.560239600570481944e-01,4.284072983915371280e-01,3.801635671828753615e-01,3.958706896909777173e-01,3.906827522150360665e-01,3.924857560581632709e-01,3.918631364286926377e-01,3.920881300301237160e-01,3.920061445382517773e-01,3.920451443469800124e-01,3.920061447883302908e-01,3.920061444409354001e-01,3.920881285697918606e-01,3.918631343377986243e-01,3.924857560063432782e-01,3.906827517618275958e-01,3.958706882344210087e-01,3.801635656081451264e-01,4.284072982740949609e-01,2.560239600570481944e-01,9.999999999999946709e-01,2.560239574194667078e-01,4.284072987993034487e-01,3.801635666421742110e-01,3.958706874035720635e-01,3.906827516661089961e-01,3.924857565978228102e-01,3.918631345268600574e-01,3.920881290177719025e-01,3.920061433930959738e-01,3.920451441782714097e-01,3.920451435562841702e-01,3.920061426922848424e-01,3.920881281090752291e-01,3.918631340943281582e-01,3.924857548063269141e-01,3.906827512505656186e-01,3.958706869305579357e-01,3.801635652773203145e-01,4.284072983915371280e-01,2.560239574194667078e-01,9.999999999999946709e-01,2.560239582825833971e-01,4.284072983349341834e-01,3.801635644703286188e-01,3.958706868491800313e-01,3.906827520326108250e-01,3.924857549436048254e-01,3.918631333360425018e-01,3.920881280710437622e-01,3.920061434096633879e-01,3.920061450908045031e-01,3.920451435280035701e-01,3.920061444379500104e-01,3.920881301213431924e-01,3.918631350373916744e-01,3.924857565812930327e-01,3.906827519982889463e-01,3.958706887048896172e-01,3.801635671828753615e-01,4.284072987993034487e-01,2.560239582825833971e-01,9.999999999999946709e-01,2.560239609550521989e-01,4.284072979994838493e-01,3.801635660987465193e-01,3.958706897746050446e-01,3.906827520853206059e-01,3.924857562495021046e-01,3.918631344362438762e-01,3.920881299632301697e-01,3.920881308769768037e-01,3.920061442663143048e-01,3.920451444607711000e-01,3.920061452518459610e-01,3.920881300338831532e-01,3.918631352674813995e-01,3.924857562763539032e-01,3.906827530643078861e-01,3.958706896909777173e-01,3.801635666421742110e-01,4.284072983349341834e-01,2.560239609550521989e-01,9.999999999999946709e-01,2.560239593269635350e-01,4.284072990382406521e-01,3.801635675393888469e-01,3.958706893882429911e-01,3.906827521692550764e-01,3.924857563996897447e-01,3.918631354540954570e-01,3.918631343397711575e-01,3.920881282082986918e-01,3.920061431860348278e-01,3.920451437040802789e-01,3.920061434760113706e-01,3.920881289392109670e-01,3.918631338478570925e-01,3.924857551443150516e-01,3.906827522150360665e-01,3.958706874035720635e-01,3.801635644703286188e-01,4.284072979994838493e-01,2.560239593269635350e-01,9.999999999999946709e-01,2.560239575565655956e-01,4.284072990569797734e-01,3.801635650530804655e-01,3.958706877396767077e-01,3.906827505305400794e-01,3.924857556337007503e-01,3.924857562035631298e-01,3.918631335370445501e-01,3.920881289138404835e-01,3.920061440243256534e-01,3.920451434508078759e-01,3.920061438926273900e-01,3.920881286087020134e-01,3.918631345863544668e-01,3.924857560581632709e-01,3.906827516661089961e-01,3.958706868491800313e-01,3.801635660987465193e-01,4.284072990382406521e-01,2.560239575565655956e-01,9.999999999999946709e-01,2.560239600944502758e-01,4.284072980822383747e-01,3.801635651535751337e-01,3.958706876888809512e-01,3.906827517073075962e-01,3.906827534314634143e-01,3.924857561030508091e-01,3.918631354152926072e-01,3.920881308464974069e-01,3.920061449141779564e-01,3.920451454125912782e-01,3.920061445746263473e-01,3.920881305068528722e-01,3.918631364286926377e-01,3.924857565978228102e-01,3.906827520326108250e-01,3.958706897746050446e-01,3.801635675393888469e-01,4.284072990569797734e-01,2.560239600944502758e-01,9.999999999999946709e-01,2.560239606418640013e-01,4.284072993048118061e-01,3.801635662964746309e-01,3.958706894857125791e-01,3.958706891064273647e-01,3.906827511447490964e-01,3.924857556627163180e-01,3.918631348073863263e-01,3.920881294611159862e-01,3.920061439351148480e-01,3.920451437228891223e-01,3.920061442659145134e-01,3.920881300301237160e-01,3.918631345268600574e-01,3.924857549436048254e-01,3.906827520853206059e-01,3.958706893882429911e-01,3.801635650530804655e-01,4.284072980822383747e-01,2.560239606418640013e-01,9.999999999999946709e-01,2.560239586451644178e-01,4.284072983206402840e-01,3.801635659876421158e-01,3.801635659464169259e-01,3.958706875191613794e-01,3.906827514225533760e-01,3.924857558852559158e-01,3.918631341922639288e-01,3.920881295146795287e-01,3.920061433628626024e-01,3.920451438350229245e-01,3.920061445382517773e-01,3.920881290177719025e-01,3.918631333360425018e-01,3.924857562495021046e-01,3.906827521692550764e-01,3.958706877396767077e-01,3.801635651535751337e-01,4.284072993048118061e-01,2.560239586451644178e-01,9.999999999999946709e-01,2.560239579519717479e-01,4.284072986208387612e-01,4.284072988478960786e-01,3.801635646296932514e-01,3.958706876587504420e-01,3.906827519503271451e-01,3.924857553875006344e-01,3.918631341964021741e-01,3.920881286946861777e-01,3.920061437367772239e-01,3.920451443469800124e-01,3.920061433930959738e-01,3.920881280710437622e-01,3.918631344362438762e-01,3.924857563996897447e-01,3.906827505305400794e-01,3.958706876888809512e-01,3.801635662964746309e-01,4.284072983206402840e-01,2.560239579519717479e-01,9.999999999999946709e-01,2.560239587307873710e-01,2.560239603492425742e-01,4.284072980732015479e-01,3.801635658668048312e-01,3.958706888009730362e-01,3.906827520250675256e-01,3.924857563612718092e-01,3.918631344592397037e-01,3.920881298930121162e-01,3.920061447883302908e-01,3.920451441782714097e-01,3.920061434096633879e-01,3.920881299632301697e-01,3.918631354540954570e-01,3.924857556337007503e-01,3.906827517073075962e-01,3.958706894857125791e-01,3.801635659876421158e-01,4.284072986208387612e-01,2.560239587307873710e-01,9.999999999999946709e-01
1.000000000000002220e+00,2.446949599785395169e-01,4.235454104113869911e-01,3.720363245304173505e-01,3.892248488379410620e-01,3.833944886611952985e-01,3.854702962288990564e-01,3.847337604901278074e-01,3.850062436139474187e-01,3.849037829310187897e-01,3.849537547644443780e-01,3.849037837102858850e-01,3.850062435426210850e-01,3.847337594441062603e-01,3.854702964071852755e-01,3.833944895679912701e-01,3.892248492539097660e-01,3.720363234317904944e-01,4.235454101512158287e-01,2.446949616143212214e-01,2.446949599785395169e-01,1.000000000000002220e+00,2.446949585176346198e-01,4.235454094057415908e-01,3.720363227259957939e-01,3.892248475316866241e-01,3.833944868418154295e-01,3.854702954685911287e-01,3.847337598112936519e-01,3.850062408080067167e-01,3.849037809455738701e-01,3.849537547733172804e-01,3.849037827934356226e-01,3.850062404479752676e-01,3.847337585342542332e-01,3.854702963030325336e-01,3.833944869634261510e-01,3.892248473575660173e-01,3.720363219409782429e-01,4.235454093054400460e-01,4.235454104113869911e-01,2.446949585176346198e-01,1.000000000000002220e+00,2.446949603078081847e-01,4.235454093389178221e-01,3.720363236165496468e-01,3.892248474175090678e-01,3.833944877283666508e-01,3.854702966399782826e-01,3.847337594202150379e-01,3.850062402402223416e-01,3.849037829598267457e-01,3.849537558404340087e-01,3.849037814971790761e-01,3.850062412303995041e-01,3.847337606916685360e-01,3.854702957942316432e-01,3.833944871523349840e-01,3.892248474970674277e-01,3.720363233728720131e-01,3.720363245304173505e-01,4.235454094057415908e-01,2.446949603078081847e-01,1.000000000000002220e+00,2.446949606867949711e-01,4.235454102009065247e-01,3.720363234249787210e-01,3.892248489412715173e-01,3.833944890625735624e-01,3.854702960467456530e-01,3.847337591805544132e-01,3.850062425654205422e-01,3.849037839447824183e-01,3.849537549131195058e-01,3.849037824917218575e-01,3.850062434554661905e-01,3.847337600503238919e-01,3.854702959483150559e-01,3.833944878470455508e-01,3.892248488141920593e-01,3.892248488379410620e-01,3.720363227259957939e-01,4.235454093389178221e-01,2.446949606867949711e-01,1.000000000000002220e+00,2.446949603898223857e-01,4.235454094088220711e-01,3.720363236420298203e-01,3.892248491071000904e-01,3.833944876973409133e-01,3.854702947259372459e-01,3.847337603636648007e-01,3.850062425623558271e-01,3.849037819376386338e-01,3.849537547048342834e-01,3.849037836089851394e-01,3.850062419381700130e-01,3.847337593199487427e-01,3.854702954610017551e-01,3.833944880291856316e-01,3.833944886611952985e-01,3.892248475316866241e-01,3.720363236165496468e-01,4.235454102009065247e-01,2.446949603898223857e-01,1.000000000000002220e+00,2.446949597562847745e-01,4.235454101615245825e-01,3.720363246714343819e-01,3.892248480690490009e-01,3.833944870611991074e-01,3.854702967514850309e-01,3.847337605771675717e-01,3.850062412121835198e-01,3.849037823605803155e-01,3.849537569138637982e-01,3.849037824545359365e-01,3.850062418511237539e-01,3.847337593053175020e-01,3.854702965605002474e-01,3.854702962288990564e-01,3.833944868418154295e-01,3.892248474175090678e-01,3.720363234249787210e-01,4.235454094088220711e-01,2.446949597562847745e-01,1.000000000000002220e+00,2.446949598311301544e-01,4.235454098655593858e-01,3.720363230999753079e-01,3.892248465822978343e-01,3.833944879466355538e-01,3.854702964507452090e-01,3.847337589200380270e-01,3.850062408786232848e-01,3.849037831723977066e-01,3.849537550242631556e-01,3.849037817000119377e-01,3.850062410009017499e-01,3.847337596121546688e-01,3.847337604901278074e-01,3.854702954685911287e-01,3.833944877283666508e-01,3.892248489412715173e-01,3.720363236420298203e-01,4.235454101615245825e-01,2.446949598311301544e-01,1.000000000000002220e+00,2.446949618893872747e-01,4.235454094433961370e-01,3.720363227391664807e-01,3.892248487002647472e-01,3.833944892241443747e-01,3.854702951586583826e-01,3.847337597925089003e-01,3.850062430994827256e-01,3.849037828518347970e-01,3.849537550992933044e-01,3.849037821626473677e-01,3.850062424582462728e-01,3.850062436139474187e-01,3.847337598112936519e-01,3.854702966399782826e-01,3.833944890625735624e-01,3.892248491071000904e-01,3.720363246714343819e-01,4.235454098655593858e-01,2.446949618893872747e-01,1.000000000000002220e+00,2.446949612137375163e-01,4.235454096089580345e-01,3.720363249554892171e-01,3.892248498749395491e-01,3.833944881865463117e-01,3.854702962358443896e-01,3.847337619440027723e-01,3.850062425920949272e-01,3.849037830915468250e-01,3.849537557367748164e-01,3.849037833892272054e-01,3.849037829310187897e-01,3.850062408080067167e-01,3.847337594202150379e-01,3.854702960467456530e-01,3.833944876973409133e-01,3.892248480690490009e-01,3.720363230999753079e-01,4.235454094433961370e-01,2.446949612137375163e-01,1.000000000000002220e+00,2.446949580585645045e-01,4.235454100559674639e-01,3.720363242925637803e-01,3.892248471593281467e-01,3.833944875164121413e-01,3.854702967906733502e-01,3.847337597233273510e-01,3.850062412610683049e-01,3.849037817398732741e-01,3.849537555146093082e-01,3.849537547644443780e-01,3.849037809455738701e-01,3.850062402402223416e-01,3.847337591805544132e-01,3.854702947259372459e-01,3.833944870611991074e-01,3.892248465822978343e-01,3.720363227391664807e-01,4.235454096089580345e-01,2.446949580585645045e-01,1.000000000000002220e+00,2.446949591155812009e-01,4.235454095545447828e-01,3.720363217464054406e-01,3.892248465458542084e-01,3.833944879489226687e-01,3.854702949385252486e-01,3.847337582743955986e-01,3.850062402079581503e-01,3.849037817969302444e-01,3.849037837102858850e-01,3.849537547733172804e-01,3.849037829598267457e-01,3.850062425654205422e-01,3.847337603636648007e-01,3.854702967514850309e-01,3.833944879466355538e-01,3.892248487002647472e-01,3.720363249554892171e-01,4.235454100559674639e-01,2.446949591155812009e-01,1.000000000000002220e+00,2.446949623158406473e-01,4.235454091398043186e-01,3.720363236744489432e-01,3.892248499591614563e-01,3.833944880724401427e-01,3.854702963596375875e-01,3.847337595877459160e-01,3.850062424775160808e-01,3.850062435426210850e-01,3.849037827934356226e-01,3.849537558404340087e-01,3.849037839447824183e-01,3.850062425623558271e-01,3.847337605771675717e-01,3.854702964507452090e-01,3.833944892241443747e-01,3.892248498749395491e-01,3.720363242925637803e-01,4.235454095545447828e-01,2.446949623158406473e-01,1.000000000000002220e+00,2.446949604168302539e-01,4.235454104054956481e-01,3.720363253785369806e-01,3.892248495694867749e-01,3.833944881291332374e-01,3.854702966280214582e-01,3.847337607934007697e-01,3.847337594441062603e-01,3.850062404479752676e-01,3.849037814971790761e-01,3.849537549131195058e-01,3.849037819376386338e-01,3.850062412121835198e-01,3.847337589200380270e-01,3.854702951586583826e-01,3.833944881865463117e-01,3.892248471593281467e-01,3.720363217464054406e-01,4.235454091398043186e-01,2.446949604168302539e-01,1.000000000000002220e+00,2.446949583264829975e-01,4.235454103940929915e-01,3.720363225368750193e-01,3.892248475120813622e-01,3.833944862205034831e-01,3.854702957507581962e-01,3.854702964071852755e-01,3.847337585342542332e-01,3.850062412303995041e-01,3.849037824917218575e-01,3.849537547048342834e-01,3.849037823605803155e-01,3.850062408786232848e-01,3.847337597925089003e-01,3.854702962358443896e-01,3.833944875164121413e-01,3.892248465458542084e-01,3.720363236744489432e-01,4.235454104054956481e-01,2.446949583264829975e-01,1.000000000000002220e+00,2.446949613212557606e-01,4.235454092690694172e-01,3.720363225845766397e-01,3.892248475400301166e-01,3.833944876036255445e-01,3.833944895679912701e-01,3.854702963030325336e-01,3.847337606916685360e-01,3.850062434554661905e-01,3.849037836089851394e-01,3.849537569138637982e-01,3.849037831723977066e-01,3.850062430994827256e-01,3.847337619440027723e-01,3.854702967906733502e-01,3.833944879489226687e-01,3.892248499591614563e-01,3.720363253785369806e-01,4.235454103940929915e-01,2.446949613212557606e-01,1.000000000000002220e+00,2.446949620323274066e-01,4.235454106224272319e-01,3.720363239020153534e-01,3.892248496631260934e-01,3.892248492539097660e-01,3.833944869634261510e-01,3.854702957942316432e-01,3.847337600503238919e-01,3.850062419381700130e-01,3.849037824545359365e-01,3.849537550242631556e-01,3.849037828518347970e-01,3.850062425920949272e-01,3.847337597233273510e-01,3.854702949385252486e-01,3.833944880724401427e-01,3.892248495694867749e-01,3.720363225368750193e-01,4.235454092690694172e-01,2.446949620323274066e-01,1.000000000000002220e+00,2.446949596166039798e-01,4.235454096140257585e-01,3.720363235998200846e-01,3.720363234317904944e-01,3.892248473575660173e-01,3.833944871523349840e-01,3.854702959483150559e-01,3.847337593199487427e-01,3.850062418511237539e-01,3.849037817000119377e-01,3.849537550992933044e-01,3.849037830915468250e-01,3.850062412610683049e-01,3.847337582743955986e-01,3.854702963596375875e-01,3.833944881291332374e-01,3.892248475120813622e-01,3.720363225845766397e-01,4.235454106224272319e-01,2.446949596166039798e-01,1.000000000000002220e+00,2.446949587207777055e-01,4.235454098826029190e-01,4.235454101512158287e-01,3.720363219409782429e-01,3.892248474970674277e-01,3.833944878470455508e-01,3.854702954610017551e-01,3.847337593053175020e-01,3.850062410009017499e-01,3.849037821626473677e-01,3.849537557367748164e-01,3.849037817398732741e-01,3.850062402079581503e-01,3.847337595877459160e-01,3.854702966280214582e-01,3.833944862205034831e-01,3.892248475400301166e-01,3.720363239020153534e-01,4.235454096140257585e-01,2.446949587207777055e-01,1.000000000000002220e+00,2.446949597308046565e-01,2.446949616143212214e-01,4.235454093054400460e-01,3.720363233728720131e-01,3.892248488141920593e-01,3.833944880291856316e-01,3.854702965605002474e-01,3.847337596121546688e-01,3.850062424582462728e-01,3.849037833892272054e-01,3.849537555146093082e-01,3.849037817969302444e-01,3.850062424775160808e-01,3.847337607934007697e-01,3.854702957507581962e-01,3.833944876036255445e-01,3.892248496631260934e-01,3.720363235998200846e-01,4.235454098826029190e-01,2.446949597308046565e-01,1.000000000000002220e+00
1.000000000000011546e+00,2.332659580154155532e-01,4.188055295570974890e-01,3.638313718309915679e-01,3.826303636273000741e-01,3.760838764068402118e-01,3.784714252741841478e-01,3.776013763418903935e-01,3.779309748156572391e-01,3.778031758617167446e-01,3.778671019472975567e-01,3.778031767921833928e-01,3.779309747146571974e-01,3.776013751282156217e-01,3.784714255241310443e-01,3.760838774397830542e-01,3.826303641883637696e-01,3.638313705294953238e-01,4.188055292775164640e-01,2.332659599430338959e-01,2.332659580154155532e-01,1.000000000000011546e+00,2.332659562687327548e-01,4.188055283953251440e-01,3.638313698654258022e-01,3.826303620692094176e-01,3.760838743301215814e-01,3.784714244503020741e-01,3.776013755857280940e-01,3.779309714874201642e-01,3.778031736088002801e-01,3.778671020137001069e-01,3.778031757715261119e-01,3.779309711418128992e-01,3.776013740912453343e-01,3.784714254197641958e-01,3.760838744812821099e-01,3.826303619402067202e-01,3.638313688470664609e-01,4.188055283613170143e-01,4.188055295570974890e-01,2.332659562687327548e-01,1.000000000000011546e+00,2.332659582775268858e-01,4.188055283452428723e-01,3.638313707714871947e-01,3.826303619442726345e-01,3.760838753009765889e-01,3.784714257636889734e-01,3.776013750512438039e-01,3.779309708019420455e-01,3.778031759228446251e-01,3.778671032226858517e-01,3.778031742345813182e-01,3.779309720025774699e-01,3.776013765578439818e-01,3.784714248265710901e-01,3.760838745462644628e-01,3.826303620721229204e-01,3.638313704882901733e-01,3.638313718309915679e-01,4.188055283953251440e-01,2.332659582775268858e-01,1.000000000000011546e+00,2.332659588443389276e-01,4.188055292651586825e-01,3.638313705504382933e-01,3.826303637209350628e-01,3.760838768625117678e-01,3.784714249541053510e-01,3.776013748231766831e-01,3.779309734723355074e-01,3.778031771076168499e-01,3.778671020911672507e-01,3.778031754027258438e-01,3.779309745432710699e-01,3.776013758946860088e-01,3.784714248877765197e-01,3.760838754437725306e-01,3.826303635815646587e-01,3.826303636273000741e-01,3.638313698654258022e-01,4.188055283452428723e-01,2.332659588443389276e-01,1.000000000000011546e+00,2.332659585144092607e-01,4.188055284643432130e-01,3.638313709253342410e-01,3.826303639601266182e-01,3.760838753291976255e-01,3.784714235143721850e-01,3.776013762911466509e-01,3.779309735801268388e-01,3.778031748497562847e-01,3.778671019462503944e-01,3.778031767964226129e-01,3.779309728824580272e-01,3.776013750326358553e-01,3.784714244207181277e-01,3.760838757622916306e-01,3.760838764068402118e-01,3.826303620692094176e-01,3.638313707714871947e-01,4.188055292651586825e-01,2.332659585144092607e-01,1.000000000000011546e+00,2.332659576991648609e-01,4.188055292555005193e-01,3.638313720511253679e-01,3.826303626277937076e-01,3.760838745554161977e-01,3.784714258225977401e-01,3.776013764839170617e-01,3.779309719376481302e-01,3.778031752759319906e-01,3.778671044154704450e-01,3.778031754491346650e-01,3.779309726226239841e-01,3.776013749982817247e-01,3.784714256582137892e-01,3.784714252741841478e-01,3.760838743301215814e-01,3.826303619442726345e-01,3.638313705504382933e-01,4.188055284643432130e-01,2.332659576991648609e-01,1.000000000000011546e+00,2.332659578581720017e-01,4.188055289172479267e-01,3.638313701901568220e-01,3.826303609428404195e-01,3.760838755944363454e-01,3.784714255359122315e-01,3.776013745506611174e-01,3.779309716103824712e-01,3.778031762368245783e-01,3.778671023163713838e-01,3.778031744655790947e-01,3.779309717639668387e-01,3.776013753444209531e-01,3.776013763418903935e-01,3.784714244503020741e-01,3.760838753009765889e-01,3.826303637209350628e-01,3.638313709253342410e-01,4.188055292555005193e-01,2.332659578581720017e-01,1.000000000000011546e+00,2.332659602822232947e-01,4.188055284158638258e-01,3.638313697968867944e-01,3.826303634651319063e-01,3.760838771131709835e-01,3.784714240786873907e-01,3.776013755703208630e-01,3.779309741906956566e-01,3.778031759036651338e-01,3.778671023467075063e-01,3.778031750277490164e-01,3.779309735223237987e-01,3.779309748156572391e-01,3.776013755857280940e-01,3.784714257636889734e-01,3.760838768625117678e-01,3.826303639601266182e-01,3.638313720511253679e-01,4.188055289172479267e-01,2.332659602822232947e-01,1.000000000000011546e+00,2.332659593841173162e-01,4.188055286430884538e-01,3.638313723616575790e-01,3.826303648465230189e-01,3.760838758523979974e-01,3.784714253322022381e-01,3.776013780784296392e-01,3.779309736444027568e-01,3.778031760973621367e-01,3.778671031237968991e-01,3.778031764492242317e-01,3.778031758617167446e-01,3.779309714874201642e-01,3.776013750512438039e-01,3.784714249541053510e-01,3.760838753291976255e-01,3.826303626277937076e-01,3.638313701901568220e-01,4.188055284158638258e-01,2.332659593841173162e-01,1.000000000000011546e+00,2.332659556341703244e-01,4.188055291340899711e-01,3.638313715592577102e-01,3.826303616479163061e-01,3.760838750396112151e-01,3.784714258848332347e-01,3.776013755039968611e-01,3.779309719244000609e-01,3.778031745166441357e-01,3.778671028366620277e-01,3.778671019472975567e-01,3.778031736088002801e-01,3.779309708019420455e-01,3.776013748231766831e-01,3.784714235143721850e-01,3.760838745554161977e-01,3.826303609428404195e-01,3.638313697968867944e-01,4.188055286430884538e-01,2.332659556341703244e-01,1.000000000000011546e+00,2.332659569290070900e-01,4.188055285886002621e-01,3.638313685966659272e-01,3.826303609691945606e-01,3.760838755606586425e-01,3.784714238131203778e-01,3.776013737663333480e-01,3.779309707614535441e-01,3.778031746212805464e-01,3.778031767921833928e-01,3.778671020137001069e-01,3.778031759228446251e-01,3.779309734723355074e-01,3.776013762911466509e-01,3.784714258225977401e-01,3.760838755944363454e-01,3.826303634651319063e-01,3.638313723616575790e-01,4.188055291340899711e-01,2.332659569290070900e-01,1.000000000000011546e+00,2.332659607456717965e-01,4.188055280858702378e-01,3.638313708717226813e-01,3.826303649255303752e-01,3.760838757860868187e-01,3.784714253446734844e-01,3.776013753275248019e-01,3.779309734769047968e-01,3.779309747146571974e-01,3.778031757715261119e-01,3.778671032226858517e-01,3.778031771076168499e-01,3.779309735801268388e-01,3.776013764839170617e-01,3.784714255359122315e-01,3.760838771131709835e-01,3.826303648465230189e-01,3.638313715592577102e-01,4.188055285886002621e-01,2.332659607456717965e-01,1.000000000000011546e+00,2.332659585443724592e-01,4.188055296125100524e-01,3.638313728871283015e-01,3.826303645298870793e-01,3.760838758138552174e-01,3.784714257630341083e-01,3.776013767373685992e-01,3.776013751282156217e-01,3.779309711418128992e-01,3.778031742345813182e-01,3.778671020911672507e-01,3.778031748497562847e-01,3.779309719376481302e-01,3.776013745506611174e-01,3.784714240786873907e-01,3.760838758523979974e-01,3.826303616479163061e-01,3.638313685966659272e-01,4.188055280858702378e-01,2.332659585443724592e-01,1.000000000000011546e+00,2.332659560889889794e-01,4.188055295561011748e-01,3.638313696627629157e-01,3.826303619900724984e-01,3.760838736027450335e-01,3.784714247706684187e-01,3.784714255241310443e-01,3.776013740912453343e-01,3.779309720025774699e-01,3.778031754027258438e-01,3.778671019462503944e-01,3.778031752759319906e-01,3.779309716103824712e-01,3.776013755703208630e-01,3.784714253322022381e-01,3.760838750396112151e-01,3.826303609691945606e-01,3.638313708717226813e-01,4.188055296125100524e-01,2.332659560889889794e-01,1.000000000000011546e+00,2.332659596035756011e-01,4.188055282552137770e-01,3.638313696389920415e-01,3.826303621249896869e-01,3.760838752068531021e-01,3.760838774397830542e-01,3.784714254197641958e-01,3.776013765578439818e-01,3.779309745432710699e-01,3.778031767964226129e-01,3.778671044154704450e-01,3.778031762368245783e-01,3.779309741906956566e-01,3.776013780784296392e-01,3.784714258848332347e-01,3.760838755606586425e-01,3.826303649255303752e-01,3.638313728871283015e-01,4.188055295561011748e-01,2.332659596035756011e-01,1.000000000000011546e+00,2.332659605099352551e-01,4.188055297534920562e-01,3.638313711417814900e-01,3.826303646296378980e-01,3.826303641883637696e-01,3.760838744812821099e-01,3.784714248265710901e-01,3.776013758946860088e-01,3.779309728824580272e-01,3.778031754491346650e-01,3.778671023163713838e-01,3.778031759036651338e-01,3.779309736444027568e-01,3.776013755039968611e-01,3.784714238131203778e-01,3.760838757860868187e-01,3.826303645298870793e-01,3.638313696627629157e-01,4.188055282552137770e-01,2.332659605099352551e-01,1.000000000000011546e+00,2.332659576063547680e-01,4.188055287411025507e-01,3.638313708503725930e-01,3.638313705294953238e-01,3.826303619402067202e-01,3.760838745462644628e-01,3.784714248877765197e-01,3.776013750326358553e-01,3.779309726226239841e-01,3.778031744655790947e-01,3.778671023467075063e-01,3.778031760973621367e-01,3.779309719244000609e-01,3.776013737663333480e-01,3.784714253446734844e-01,3.760838758138552174e-01,3.826303619900724984e-01,3.638313696389920415e-01,4.188055297534920562e-01,2.332659576063547680e-01,1.000000000000011546e+00,2.332659564691992593e-01,4.188055289671965276e-01,4.188055292775164640e-01,3.638313688470664609e-01,3.826303620721229204e-01,3.760838754437725306e-01,3.784714244207181277e-01,3.776013749982817247e-01,3.779309717639668387e-01,3.778031750277490164e-01,3.778671031237968991e-01,3.778031745166441357e-01,3.779309707614535441e-01,3.776013753275248019e-01,3.784714257630341083e-01,3.760838736027450335e-01,3.826303621249896869e-01,3.638313711417814900e-01,4.188055287411025507e-01,2.332659564691992593e-01,1.000000000000011546e+00,2.332659577563835906e-01,2.332659599430338959e-01,4.188055283613170143e-01,3.638313704882901733e-01,3.826303635815646587e-01,3.760838757622916306e-01,3.784714256582137892e-01,3.776013753444209531e-01,3.779309735223237987e-01,3.778031764492242317e-01,3.778671028366620277e-01,3.778031746212805464e-01,3.779309734769047968e-01,3.776013767373685992e-01,3.784714247706684187e-01,3.760838752068531021e-01,3.826303646296378980e-01,3.638313708503725930e-01,4.188055289671965276e-01,2.332659577563835906e-01,1.000000000000011546e+00
