9.999999999999973355e-01,2.360913024774062285e-01,4.196441020540250810e-01,3.620739128405575658e-01,3.824071880783238564e-01,3.750392480663813366e-01,3.778156315679059851e-01,3.767635342599412462e-01,3.771749589204723696e-01,3.770081051557521157e-01,3.770944413880180091e-01,3.770081056781930395e-01,3.771749589123880586e-01,3.767635335557656395e-01,3.778156315544903832e-01,3.750392485808856646e-01,3.824071883071614164e-01,3.620739120707098246e-01,4.196441019049169108e-01,2.360913034293620760e-01,2.360913024774062285e-01,9.999999999999973355e-01,2.360913016261497743e-01,4.196441015824813325e-01,3.620739119487255131e-01,3.824071872927935489e-01,3.750392471431901464e-01,3.778156311984872673e-01,3.767635339289360785e-01,3.771749573568818348e-01,3.770081041291538648e-01,3.770944414956513002e-01,3.770081052441251468e-01,3.771749571223246278e-01,3.767635331376815166e-01,3.778156315939053544e-01,3.750392473025324636e-01,3.824071870155783537e-01,3.620739114565068029e-01,4.196441015369930527e-01,4.196441020540250810e-01,2.360913016261497743e-01,9.999999999999973355e-01,2.360913025871254345e-01,4.196441015621510395e-01,3.620739122599438975e-01,3.824071871928551580e-01,3.750392476355747240e-01,3.778156317335836234e-01,3.767635335516955619e-01,3.771749569576122729e-01,3.770081051823706009e-01,3.770944420015159837e-01,3.770081043340346438e-01,3.771749575253698916e-01,3.767635342387457009e-01,3.778156313311117342e-01,3.750392472106782726e-01,3.824071870765152759e-01,3.620739122483800365e-01,3.620739128405575658e-01,4.196441015824813325e-01,2.360913025871254345e-01,9.999999999999973355e-01,2.360913030384237388e-01,4.196441019091378122e-01,3.620739123202066923e-01,3.824071880606352281e-01,3.750392484259540415e-01,3.778156314631328505e-01,3.767635333915996254e-01,3.771749584313047743e-01,3.770081057859226981e-01,3.770944415498634905e-01,3.770081049266628126e-01,3.771749588289782795e-01,3.767635340542755396e-01,3.778156312455080990e-01,3.750392476415151943e-01,3.824071880561777381e-01,3.824071880783238564e-01,3.620739119487255131e-01,4.196441015621510395e-01,2.360913030384237388e-01,9.999999999999973355e-01,2.360913028108809764e-01,4.196441016393944734e-01,3.620739124934195252e-01,3.824071883556351414e-01,3.750392476357393701e-01,3.778156308272434538e-01,3.767635342266832388e-01,3.771749585411022232e-01,3.770081046354196719e-01,3.770944415281606288e-01,3.770081056087664639e-01,3.771749582582248905e-01,3.767635335131163110e-01,3.778156311858241745e-01,3.750392479327431805e-01,3.750392480663813366e-01,3.824071872927935489e-01,3.620739122599438975e-01,4.196441019091378122e-01,2.360913028108809764e-01,9.999999999999973355e-01,2.360913023488453999e-01,4.196441020223554696e-01,3.620739129299871961e-01,3.824071875334787984e-01,3.750392471440814335e-01,3.778156318883696407e-01,3.767635341988064823e-01,3.771749575570053081e-01,3.770081047532182206e-01,3.770944427028017909e-01,3.770081049125076356e-01,3.771749578776216749e-01,3.767635334466442609e-01,3.778156317227796546e-01,3.778156315679059851e-01,3.750392471431901464e-01,3.824071871928551580e-01,3.620739123202066923e-01,4.196441016393944734e-01,2.360913023488453999e-01,9.999999999999973355e-01,2.360913025186968106e-01,4.196441018775622922e-01,3.620739120735662064e-01,3.824071867423537996e-01,3.750392477957424364e-01,3.778156317513306495e-01,3.767635333588994495e-01,3.771749574075457523e-01,3.770081052801684818e-01,3.770944417981134111e-01,3.770081044382380675e-01,3.771749573808195199e-01,3.767635338777522991e-01,3.767635342599412462e-01,3.778156311984872673e-01,3.750392476355747240e-01,3.824071880606352281e-01,3.620739124934195252e-01,4.196441020223554696e-01,2.360913025186968106e-01,9.999999999999973355e-01,2.360913037156262273e-01,4.196441015767228278e-01,3.620739118475522766e-01,3.824071879887214198e-01,3.750392485392053388e-01,3.778156308914539241e-01,3.767635338786981536e-01,3.771749586502002316e-01,3.770081053173631180e-01,3.770944415974905595e-01,3.770081047893901749e-01,3.771749583194243804e-01,3.771749589204723696e-01,3.767635339289360785e-01,3.778156317335836234e-01,3.750392484259540415e-01,3.824071883556351414e-01,3.620739129299871961e-01,4.196441018775622922e-01,2.360913037156262273e-01,9.999999999999973355e-01,2.360913032496340935e-01,4.196441017372464222e-01,3.620739131359783092e-01,3.824071886760970207e-01,3.750392479588059436e-01,3.778156315193383907e-01,3.767635350642348224e-01,3.771749585142110672e-01,3.770081052009850997e-01,3.770944420754203108e-01,3.770081055869641817e-01,3.770081051557521157e-01,3.771749573568818348e-01,3.767635335516955619e-01,3.778156314631328505e-01,3.750392476357393701e-01,3.824071875334787984e-01,3.620739120735662064e-01,4.196441015767228278e-01,2.360913032496340935e-01,9.999999999999973355e-01,2.360913013331927268e-01,4.196441019894646685e-01,3.620739127353533870e-01,3.824071869603947738e-01,3.750392474909673979e-01,3.778156318057347418e-01,3.767635338358746866e-01,3.771749575526338605e-01,3.770081044182366226e-01,3.770944419565364081e-01,3.770944413880180091e-01,3.770081041291538648e-01,3.771749569576122729e-01,3.767635333915996254e-01,3.778156308272434538e-01,3.750392471440814335e-01,3.824071867423537996e-01,3.620739118475522766e-01,4.196441017372464222e-01,2.360913013331927268e-01,9.999999999999973355e-01,2.360913020029097309e-01,4.196441016131961521e-01,3.620739112955548844e-01,3.824071865887208599e-01,3.750392477129508850e-01,3.778156308839795141e-01,3.767635327989860561e-01,3.771749570269880558e-01,3.770081045357875360e-01,3.770081056781930395e-01,3.770944414956513002e-01,3.770081051823706009e-01,3.771749584313047743e-01,3.767635342266832388e-01,3.778156318883696407e-01,3.750392477957424364e-01,3.824071879887214198e-01,3.620739131359783092e-01,4.196441019894646685e-01,2.360913020029097309e-01,9.999999999999973355e-01,2.360913038972963784e-01,4.196441013379418883e-01,3.620739124603644665e-01,3.824071885317434361e-01,3.750392479277805391e-01,3.778156316258773906e-01,3.767635336461322981e-01,3.771749583562012398e-01,3.771749589123880586e-01,3.770081052441251468e-01,3.770944420015159837e-01,3.770081057859226981e-01,3.771749585411022232e-01,3.767635341988064823e-01,3.778156317513306495e-01,3.750392485392053388e-01,3.824071886760970207e-01,3.620739127353533870e-01,4.196441016131961521e-01,2.360913038972963784e-01,9.999999999999973355e-01,2.360913027219078419e-01,4.196441020342500106e-01,3.620739133546022614e-01,3.824071885675710547e-01,3.750392477148030146e-01,3.778156317633960537e-01,3.767635344859445734e-01,3.767635335557656395e-01,3.771749571223246278e-01,3.770081043340346438e-01,3.770944415498634905e-01,3.770081046354196719e-01,3.771749575570053081e-01,3.767635333588994495e-01,3.778156308914539241e-01,3.750392479588059436e-01,3.824071869603947738e-01,3.620739112955548844e-01,4.196441013379418883e-01,2.360913027219078419e-01,9.999999999999973355e-01,2.360913014428155099e-01,4.196441020417259748e-01,3.620739117558445797e-01,3.824071872134020555e-01,3.750392466310321082e-01,3.778156313034052305e-01,3.778156315544903832e-01,3.767635331376815166e-01,3.771749575253698916e-01,3.770081049266628126e-01,3.770944415281606288e-01,3.770081047532182206e-01,3.771749574075457523e-01,3.767635338786981536e-01,3.778156315193383907e-01,3.750392474909673979e-01,3.824071865887208599e-01,3.620739124603644665e-01,4.196441020342500106e-01,2.360913014428155099e-01,9.999999999999973355e-01,2.360913031145561725e-01,4.196441015887336090e-01,3.620739115892714910e-01,3.824071872043761089e-01,3.750392475635229150e-01,3.750392485808856646e-01,3.778156315939053544e-01,3.767635342387457009e-01,3.771749588289782795e-01,3.770081056087664639e-01,3.770944427028017909e-01,3.770081052801684818e-01,3.771749586502002316e-01,3.767635350642348224e-01,3.778156318057347418e-01,3.750392477129508850e-01,3.824071885317434361e-01,3.620739133546022614e-01,4.196441020417259748e-01,2.360913031145561725e-01,9.999999999999973355e-01,2.360913037229468159e-01,4.196441021195037591e-01,3.620739124076441384e-01,3.824071884401076815e-01,3.824071883071614164e-01,3.750392473025324636e-01,3.778156313311117342e-01,3.767635340542755396e-01,3.771749582582248905e-01,3.770081049125076356e-01,3.770944417981134111e-01,3.770081053173631180e-01,3.771749585142110672e-01,3.767635338358746866e-01,3.778156308839795141e-01,3.750392479277805391e-01,3.824071885675710547e-01,3.620739117558445797e-01,4.196441015887336090e-01,2.360913037229468159e-01,9.999999999999973355e-01,2.360913022533427386e-01,4.196441017496230774e-01,3.620739124974013401e-01,3.620739120707098246e-01,3.824071870155783537e-01,3.750392472106782726e-01,3.778156312455080990e-01,3.767635335131163110e-01,3.771749578776216749e-01,3.770081044382380675e-01,3.770944415974905595e-01,3.770081052009850997e-01,3.771749575526338605e-01,3.767635327989860561e-01,3.778156316258773906e-01,3.750392477148030146e-01,3.824071872134020555e-01,3.620739115892714910e-01,4.196441021195037591e-01,2.360913022533427386e-01,9.999999999999973355e-01,2.360913015067740428e-01,4.196441018407847667e-01,4.196441019049169108e-01,3.620739114565068029e-01,3.824071870765152759e-01,3.750392476415151943e-01,3.778156311858241745e-01,3.767635334466442609e-01,3.771749573808195199e-01,3.770081047893901749e-01,3.770944420754203108e-01,3.770081044182366226e-01,3.771749570269880558e-01,3.767635336461322981e-01,3.778156317633960537e-01,3.750392466310321082e-01,3.824071872043761089e-01,3.620739124076441384e-01,4.196441017496230774e-01,2.360913015067740428e-01,9.999999999999973355e-01,2.360913023298244207e-01,2.360913034293620760e-01,4.196441015369930527e-01,3.620739122483800365e-01,3.824071880561777381e-01,3.750392479327431805e-01,3.778156317227796546e-01,3.767635338777522991e-01,3.771749583194243804e-01,3.770081055869641817e-01,3.770944419565364081e-01,3.770081045357875360e-01,3.771749583562012398e-01,3.767635344859445734e-01,3.778156313034052305e-01,3.750392475635229150e-01,3.824071884401076815e-01,3.620739124974013401e-01,4.196441018407847667e-01,2.360913023298244207e-01,9.999999999999973355e-01
1.000000000000005551e+00,2.242796015517973252e-01,4.148951997004332037e-01,3.535181000838745757e-01,3.757013402488171838e-01,3.674643812548852306e-01,3.706404765331093865e-01,3.694070286776920953e-01,3.699008043350470176e-01,3.696949108284119379e-01,3.698041257599445908e-01,3.696949114437493855e-01,3.699008043043143790e-01,3.694070278778339711e-01,3.706404765400751478e-01,3.674643818338262369e-01,3.757013405670184270e-01,3.535180991842388210e-01,4.148951995475032017e-01,2.242796026549485622e-01,2.242796015517973252e-01,1.000000000000005551e+00,2.242796005414030569e-01,4.148951991550492435e-01,3.535180991317629084e-01,3.757013393288173297e-01,3.674643802121647651e-01,3.706404761400334813e-01,3.694070283119854636e-01,3.699008024840898523e-01,3.696949096909795118e-01,3.698041258947429855e-01,3.696949109667647115e-01,3.699008022702207632e-01,3.694070274044035651e-01,3.706404765900137566e-01,3.674643803993656865e-01,3.757013390581259715e-01,3.535180985051930569e-01,4.148951991536572459e-01,4.148951997004332037e-01,2.242796005414030569e-01,1.000000000000005551e+00,2.242796016038882678e-01,4.148951991478562196e-01,3.535180994198339199e-01,3.757013392208298219e-01,3.674643807426765107e-01,3.706404767183782978e-01,3.694070278450900524e-01,3.699008020167988131e-01,3.696949108764553404e-01,3.698041264588422528e-01,3.696949099080505396e-01,3.699008027037432034e-01,3.694070286494052224e-01,3.706404762860346924e-01,3.674643802152528504e-01,3.757013391010330938e-01,3.535180993954050166e-01,3.535181000838745757e-01,4.148951991550492435e-01,2.242796016038882678e-01,1.000000000000005551e+00,2.242796021928974426e-01,4.148951995062908904e-01,3.535180994885827044e-01,3.757013402191801132e-01,3.674643816503277982e-01,3.706404763341925035e-01,3.694070276978461131e-01,3.699008036808361100e-01,3.696949115908364503e-01,3.698041259264990277e-01,3.696949105995052109e-01,3.699008041736348007e-01,3.694070284831534323e-01,3.706404761203755394e-01,3.674643807552054331e-01,3.757013402139869340e-01,3.757013402488171838e-01,3.535180991317629084e-01,4.148951991478562196e-01,2.242796021928974426e-01,1.000000000000005551e+00,2.242796019441122835e-01,4.148951992635097064e-01,3.535180997503925560e-01,3.757013405791147509e-01,3.674643807791411199e-01,3.706404756621331509e-01,3.694070286976322004e-01,3.699008038694018285e-01,3.696949103138910120e-01,3.698041259505653322e-01,3.696949114324351582e-01,3.699008035752271439e-01,3.694070278529389961e-01,3.706404761065335007e-01,3.674643811387769965e-01,3.674643812548852306e-01,3.757013393288173297e-01,3.535180994198339199e-01,4.148951995062908904e-01,2.242796019441122835e-01,1.000000000000005551e+00,2.242796013777729192e-01,4.148951996600391823e-01,3.535181002127957828e-01,3.757013395610002693e-01,3.674643802125398540e-01,3.706404768511810666e-01,3.694070286288986815e-01,3.699008027108595664e-01,3.696949104159922284e-01,3.698041272561560233e-01,3.696949106269771801e-01,3.699008030546734327e-01,3.694070277714561201e-01,3.706404767002999812e-01,3.706404765331093865e-01,3.674643802121647651e-01,3.757013392208298219e-01,3.535180994885827044e-01,4.148951992635097064e-01,2.242796013777729192e-01,1.000000000000005551e+00,2.242796016161196504e-01,4.148951994870257454e-01,3.535180992165465330e-01,3.757013386862662063e-01,3.674643809525569571e-01,3.706404767312896364e-01,3.694070276856726287e-01,3.699008025749650486e-01,3.696949110329950106e-01,3.698041262695761500e-01,3.696949100369369967e-01,3.699008025521959842e-01,3.694070282559480112e-01,3.694070286776920953e-01,3.706404761400334813e-01,3.674643807426765107e-01,3.757013402191801132e-01,3.535180997503925560e-01,4.148951996600391823e-01,2.242796016161196504e-01,1.000000000000005551e+00,2.242796029969015836e-01,4.148951991437888065e-01,3.535180989758947012e-01,3.757013401457044433e-01,3.674643818245176830e-01,3.706404757704907516e-01,3.694070282807043193e-01,3.699008039969106099e-01,3.696949110996136101e-01,3.698041260025541344e-01,3.696949104429883559e-01,3.699008036646411202e-01,3.699008043350470176e-01,3.694070283119854636e-01,3.706404767183782978e-01,3.674643816503277982e-01,3.757013405791147509e-01,3.535181002127957828e-01,4.148951994870257454e-01,2.242796029969015836e-01,1.000000000000005551e+00,2.242796023896059532e-01,4.148951993479649825e-01,3.535181004270345761e-01,3.757013409344875932e-01,3.674643811309535879e-01,3.706404764899041693e-01,3.694070296403433318e-01,3.699008038627596973e-01,3.696949109116921539e-01,3.698041265767934016e-01,3.696949113347823279e-01,3.696949108284119379e-01,3.699008024840898523e-01,3.694070278450900524e-01,3.706404763341925035e-01,3.674643807791411199e-01,3.757013395610002693e-01,3.535180992165465330e-01,4.148951991437888065e-01,2.242796023896059532e-01,1.000000000000005551e+00,2.242796001561727370e-01,4.148951996156489685e-01,3.535180999516482903e-01,3.757013389558492289e-01,3.674643805733067148e-01,3.706404767669955191e-01,3.694070282291690432e-01,3.699008026715870923e-01,3.696949099962080210e-01,3.698041264163456354e-01,3.698041257599445908e-01,3.696949096909795118e-01,3.699008020167988131e-01,3.694070276978461131e-01,3.706404756621331509e-01,3.674643802125398540e-01,3.757013386862662063e-01,3.535180989758947012e-01,4.148951993479649825e-01,2.242796001561727370e-01,1.000000000000005551e+00,2.242796009595460216e-01,4.148951992095143426e-01,3.535180983166735791e-01,3.757013385519685222e-01,3.674643808492683572e-01,3.706404757648719128e-01,3.694070270180436766e-01,3.699008021072159869e-01,3.696949101589853681e-01,3.696949114437493855e-01,3.698041258947429855e-01,3.696949108764553404e-01,3.699008036808361100e-01,3.694070286976322004e-01,3.706404768511810666e-01,3.674643809525569571e-01,3.757013401457044433e-01,3.535181004270345761e-01,4.148951996156489685e-01,2.242796009595460216e-01,1.000000000000005551e+00,2.242796031709376192e-01,4.148951988849121086e-01,3.535180996646052343e-01,3.757013407674352212e-01,3.674643811225327683e-01,3.706404765504784371e-01,3.694070279910584009e-01,3.699008036549571998e-01,3.699008043043143790e-01,3.696949109667647115e-01,3.698041264588422528e-01,3.696949115908364503e-01,3.699008038694018285e-01,3.694070286288986815e-01,3.706404767312896364e-01,3.674643818245176830e-01,3.757013409344875932e-01,3.535180999516482903e-01,4.148951992095143426e-01,2.242796031709376192e-01,1.000000000000005551e+00,2.242796018384055345e-01,4.148951997036671169e-01,3.535181007046296897e-01,3.757013408483417805e-01,3.674643808524026278e-01,3.706404767623590057e-01,3.694070289545196561e-01,3.694070278778339711e-01,3.699008022702207632e-01,3.696949099080505396e-01,3.698041259264990277e-01,3.696949103138910120e-01,3.699008027108595664e-01,3.694070276856726287e-01,3.706404757704907516e-01,3.674643811309535879e-01,3.757013389558492289e-01,3.535180983166735791e-01,4.148951988849121086e-01,2.242796018384055345e-01,1.000000000000005551e+00,2.242796003696417850e-01,4.148951997039573847e-01,3.535180989216827330e-01,3.757013392232433913e-01,3.674643796188504785e-01,3.706404762534820096e-01,3.706404765400751478e-01,3.694070274044035651e-01,3.699008027037432034e-01,3.696949105995052109e-01,3.698041259505653322e-01,3.696949104159922284e-01,3.699008025749650486e-01,3.694070282807043193e-01,3.706404764899041693e-01,3.674643805733067148e-01,3.757013385519685222e-01,3.535180996646052343e-01,4.148951997036671169e-01,2.242796003696417850e-01,1.000000000000005551e+00,2.242796023062847977e-01,4.148951991855290289e-01,3.535180986841494066e-01,3.757013392630498272e-01,3.674643806859033690e-01,3.674643818338262369e-01,3.706404765900137566e-01,3.694070286494052224e-01,3.699008041736348007e-01,3.696949114324351582e-01,3.698041272561560233e-01,3.696949110329950106e-01,3.699008039969106099e-01,3.694070296403433318e-01,3.706404767669955191e-01,3.674643808492683572e-01,3.757013407674352212e-01,3.535181007046296897e-01,4.148951997039573847e-01,2.242796023062847977e-01,1.000000000000005551e+00,2.242796030514915828e-01,4.148951997576403317e-01,3.535180996090531158e-01,3.757013406878869088e-01,3.757013405670184270e-01,3.674643803993656865e-01,3.706404762860346924e-01,3.694070284831534323e-01,3.699008035752271439e-01,3.696949106269771801e-01,3.698041262695761500e-01,3.696949110996136101e-01,3.699008038627596973e-01,3.694070282291690432e-01,3.706404757648719128e-01,3.674643811225327683e-01,3.757013408483417805e-01,3.535180989216827330e-01,4.148951991855290289e-01,2.242796030514915828e-01,1.000000000000005551e+00,2.242796013114059517e-01,4.148951994140748223e-01,3.535180997421502047e-01,3.535180991842388210e-01,3.757013390581259715e-01,3.674643802152528504e-01,3.706404761203755394e-01,3.694070278529389961e-01,3.699008030546734327e-01,3.696949100369369967e-01,3.698041260025541344e-01,3.696949109116921539e-01,3.699008026715870923e-01,3.694070270180436766e-01,3.706404765504784371e-01,3.674643808524026278e-01,3.757013392232433913e-01,3.535180986841494066e-01,4.148951997576403317e-01,2.242796013114059517e-01,1.000000000000005551e+00,2.242796003950437989e-01,4.148951994747946959e-01,4.148951995475032017e-01,3.535180985051930569e-01,3.757013391010330938e-01,3.674643807552054331e-01,3.706404761065335007e-01,3.694070277714561201e-01,3.699008025521959842e-01,3.696949104429883559e-01,3.698041265767934016e-01,3.696949099962080210e-01,3.699008021072159869e-01,3.694070279910584009e-01,3.706404767623590057e-01,3.674643796188504785e-01,3.757013392630498272e-01,3.535180996090531158e-01,4.148951994140748223e-01,2.242796003950437989e-01,1.000000000000005551e+00,2.242796013916150688e-01,2.242796026549485622e-01,4.148951991536572459e-01,3.535180993954050166e-01,3.757013402139869340e-01,3.674643811387769965e-01,3.706404767002999812e-01,3.694070282559480112e-01,3.699008036646411202e-01,3.696949113347823279e-01,3.698041264163456354e-01,3.696949101589853681e-01,3.699008036549571998e-01,3.694070289545196561e-01,3.706404762534820096e-01,3.674643806859033690e-01,3.757013406878869088e-01,3.535180997421502047e-01,4.148951994747946959e-01,2.242796013916150688e-01,1.000000000000005551e+00
1.000000000000013989e+00,2.123627572896719662e-01,4.102875232220882240e-01,3.448744985675604724e-01,3.690643798687449628e-01,3.598623606417989951e-01,3.634927960101764777e-01,3.620482500444557328e-01,3.626402759765519623e-01,3.623865296073783826e-01,3.625244906834893532e-01,3.623865303268447580e-01,3.626402759220510585e-01,3.620482491535991776e-01,3.634927960374984557e-01,3.598623612889865209e-01,3.690643802973876397e-01,3.448744975361687226e-01,4.102875230648865834e-01,2.123627585570170007e-01,2.123627572896719662e-01,1.000000000000013989e+00,2.123627560963042005e-01,4.102875225910910251e-01,3.448744975561697790e-01,3.690643788126232727e-01,3.598623594606052967e-01,3.634927955941278377e-01,3.620482496365717839e-01,3.626402738103796097e-01,3.623865283513367230e-01,3.625244908555845802e-01,3.623865298028680071e-01,3.626402736271538418e-01,3.620482486173630110e-01,3.634927961009961628e-01,3.598623596854124695e-01,3.690643785563426649e-01,3.448744967892583002e-01,4.102875226471421888e-01,4.102875232220882240e-01,2.123627560963042005e-01,1.000000000000013989e+00,2.123627572519742324e-01,4.102875226010924692e-01,3.448744978123218785e-01,3.690643787021093969e-01,3.598623600200950290e-01,3.634927962108349675e-01,3.620482490654599039e-01,3.626402732725007017e-01,3.623865296741597408e-01,3.625244914768047666e-01,3.623865285870273567e-01,3.626402740902386901e-01,3.620482500156205763e-01,3.634927957448388369e-01,3.598623593900857065e-01,3.690643785726368531e-01,3.448744977747147389e-01,3.448744985675604724e-01,4.102875225910910251e-01,2.123627572519742324e-01,1.000000000000013989e+00,2.123627579926596343e-01,4.102875229708442539e-01,3.448744978841556397e-01,3.690643798304772405e-01,3.598623610478321466e-01,3.634927956893320156e-01,3.620482489348002542e-01,3.626402751319168782e-01,3.623865305095430034e-01,3.625244908495474649e-01,3.623865293834613310e-01,3.626402757243885056e-01,3.620482498744230226e-01,3.634927954819482387e-01,3.598623600523453980e-01,3.690643798214284788e-01,3.690643798687449628e-01,3.448744975561697790e-01,4.102875226010924692e-01,2.123627579926596343e-01,1.000000000000013989e+00,2.123627577333598304e-01,4.102875227625240595e-01,3.448744982458080144e-01,3.690643802624986591e-01,3.598623600912748688e-01,3.634927949899421917e-01,3.620482501169262068e-01,3.626402754164241848e-01,3.623865291004693678e-01,3.625244909310777475e-01,3.623865303920596470e-01,3.626402750947785858e-01,3.620482491486869403e-01,3.634927955204668160e-01,3.598623605407550441e-01,3.598623606417989951e-01,3.690643788126232727e-01,3.448744978123218785e-01,4.102875229708442539e-01,2.123627577333598304e-01,1.000000000000013989e+00,2.123627570602764913e-01,4.102875231713742910e-01,3.448744987327146405e-01,3.690643790329255491e-01,3.598623594541549009e-01,3.634927963226287639e-01,3.620482500079320598e-01,3.626402740745260922e-01,3.623865291930066235e-01,3.625244923733526581e-01,3.623865294741753784e-01,3.626402744252472110e-01,3.620482490568283085e-01,3.634927961784163997e-01,3.634927960101764777e-01,3.598623594606052967e-01,3.690643787021093969e-01,3.448744978841556397e-01,4.102875227625240595e-01,2.123627570602764913e-01,1.000000000000013989e+00,2.123627573722527417e-01,4.102875229665645662e-01,3.448744975808624158e-01,3.690643780758359749e-01,3.598623602843017411e-01,3.634927962288541647e-01,3.620482489517291569e-01,3.626402739634347339e-01,3.623865299102767557e-01,3.625244913058169316e-01,3.623865287486732756e-01,3.626402739340246484e-01,3.620482495863482364e-01,3.620482500444557328e-01,3.634927955941278377e-01,3.598623600200950290e-01,3.690643798304772405e-01,3.448744982458080144e-01,4.102875231713742910e-01,2.123627573722527417e-01,1.000000000000013989e+00,2.123627589418220496e-01,4.102875225795922232e-01,3.448744973212607423e-01,3.690643797712476193e-01,3.598623612936223126e-01,3.634927951662477175e-01,3.620482496230598146e-01,3.626402755690118496e-01,3.623865300037849568e-01,3.625244909640116253e-01,3.623865292052010911e-01,3.626402752360667892e-01,3.626402759765519623e-01,3.620482496365717839e-01,3.634927962108349675e-01,3.598623610478321466e-01,3.690643802624986591e-01,3.448744987327146405e-01,4.102875229665645662e-01,2.123627589418220496e-01,1.000000000000013989e+00,2.123627581676663656e-01,4.102875228351628434e-01,3.448744989429715080e-01,3.690643806625341083e-01,3.598623604728844461e-01,3.634927959781297790e-01,3.620482511782087687e-01,3.626402754288214902e-01,3.623865297352238946e-01,3.625244916408151274e-01,3.623865301901062486e-01,3.623865296073783826e-01,3.626402738103796097e-01,3.620482490654599039e-01,3.634927956893320156e-01,3.598623600912748688e-01,3.690643790329255491e-01,3.448744975808624158e-01,4.102875225795922232e-01,2.123627581676663656e-01,1.000000000000013989e+00,2.123627555897029950e-01,4.102875231189684890e-01,3.448744983904760142e-01,3.690643784050400278e-01,3.598623598189192863e-01,3.634927962326340856e-01,3.620482495738678308e-01,3.626402739755327231e-01,3.623865286801564167e-01,3.625244914309631028e-01,3.625244906834893532e-01,3.623865283513367230e-01,3.626402732725007017e-01,3.620482489348002542e-01,3.634927949899421917e-01,3.598623594541549009e-01,3.690643780758359749e-01,3.448744973212607423e-01,4.102875228351628434e-01,2.123627555897029950e-01,1.000000000000013989e+00,2.123627565485494417e-01,4.102875226785887008e-01,3.448744965516956640e-01,3.690643779691419324e-01,3.598623601663866745e-01,3.634927951425067638e-01,3.620482481832777433e-01,3.626402733754225394e-01,3.623865288895571357e-01,3.623865303268447580e-01,3.625244908555845802e-01,3.623865296741597408e-01,3.626402751319168782e-01,3.620482501169262068e-01,3.634927963226287639e-01,3.598623602843017411e-01,3.690643797712476193e-01,3.448744989429715080e-01,4.102875231189684890e-01,2.123627565485494417e-01,1.000000000000013989e+00,2.123627591134966131e-01,4.102875223028929486e-01,3.448744981047817126e-01,3.690643804684864970e-01,3.598623605128874470e-01,3.634927959651594320e-01,3.620482492908680405e-01,3.626402751668917346e-01,3.626402759220510585e-01,3.623865298028680071e-01,3.625244914768047666e-01,3.623865305095430034e-01,3.626402754164241848e-01,3.620482500079320598e-01,3.634927962288541647e-01,3.598623612936223126e-01,3.690643806625341083e-01,3.448744983904760142e-01,4.102875226785887008e-01,2.123627591134966131e-01,1.000000000000013989e+00,2.123627576177017917e-01,4.102875232552425366e-01,3.448744993135703929e-01,3.690643805959351598e-01,3.598623601867624311e-01,3.634927962666607004e-01,3.620482503802869845e-01,3.620482491535991776e-01,3.626402736271538418e-01,3.623865285870273567e-01,3.625244908495474649e-01,3.623865291004693678e-01,3.626402740745260922e-01,3.620482489517291569e-01,3.634927951662477175e-01,3.598623604728844461e-01,3.690643784050400278e-01,3.448744965516956640e-01,4.102875223028929486e-01,2.123627576177017917e-01,1.000000000000013989e+00,2.123627559484548288e-01,4.102875232406339445e-01,3.448744973456128182e-01,3.690643786679609351e-01,3.598623587935642631e-01,3.634927957108421981e-01,3.634927960374984557e-01,3.620482486173630110e-01,3.626402740902386901e-01,3.623865293834613310e-01,3.625244909310777475e-01,3.623865291930066235e-01,3.626402739634347339e-01,3.620482496230598146e-01,3.634927959781297790e-01,3.598623598189192863e-01,3.690643779691419324e-01,3.448744981047817126e-01,4.102875232552425366e-01,2.123627559484548288e-01,1.000000000000013989e+00,2.123627581772786488e-01,4.102875226461596969e-01,3.448744970301559354e-01,3.690643787713688839e-01,3.598623599981390364e-01,3.598623612889865209e-01,3.634927961009961628e-01,3.620482500156205763e-01,3.626402757243885056e-01,3.623865303920596470e-01,3.625244923733526581e-01,3.623865299102767557e-01,3.626402755690118496e-01,3.620482511782087687e-01,3.634927962326340856e-01,3.598623601663866745e-01,3.690643804684864970e-01,3.448744993135703929e-01,4.102875232406339445e-01,2.123627581772786488e-01,1.000000000000013989e+00,2.123627590739329829e-01,4.102875232654281668e-01,3.448744980612682420e-01,3.690643804047001320e-01,3.690643802973876397e-01,3.598623596854124695e-01,3.634927957448388369e-01,3.620482498744230226e-01,3.626402750947785858e-01,3.623865294741753784e-01,3.625244913058169316e-01,3.623865300037849568e-01,3.626402754288214902e-01,3.620482495738678308e-01,3.634927951425067638e-01,3.598623605128874470e-01,3.690643805959351598e-01,3.448744973456128182e-01,4.102875226461596969e-01,2.123627590739329829e-01,1.000000000000013989e+00,2.123627570334883641e-01,4.102875229600406737e-01,3.448744982391965808e-01,3.448744975361687226e-01,3.690643785563426649e-01,3.598623593900857065e-01,3.634927954819482387e-01,3.620482491486869403e-01,3.626402744252472110e-01,3.623865287486732756e-01,3.625244909640116253e-01,3.623865297352238946e-01,3.626402739755327231e-01,3.620482481832777433e-01,3.634927959651594320e-01,3.598623601867624311e-01,3.690643786679609351e-01,3.448744970301559354e-01,4.102875232654281668e-01,2.123627570334883641e-01,1.000000000000013989e+00,2.123627559276755894e-01,4.102875229876097318e-01,4.102875230648865834e-01,3.448744967892583002e-01,3.690643785726368531e-01,3.598623600523453980e-01,3.634927955204668160e-01,3.620482490568283085e-01,3.626402739340246484e-01,3.623865292052010911e-01,3.625244916408151274e-01,3.623865286801564167e-01,3.626402733754225394e-01,3.620482492908680405e-01,3.634927962666607004e-01,3.598623587935642631e-01,3.690643787713688839e-01,3.448744980612682420e-01,4.102875229600406737e-01,2.123627559276755894e-01,1.000000000000013989e+00,2.123627571157666871e-01,2.123627585570170007e-01,4.102875226471421888e-01,3.448744977747147389e-01,3.690643798214284788e-01,3.598623605407550441e-01,3.634927961784163997e-01,3.620482495863482364e-01,3.626402752360667892e-01,3.623865301901062486e-01,3.625244914309631028e-01,3.623865288895571357e-01,3.626402751668917346e-01,3.620482503802869845e-01,3.634927957108421981e-01,3.598623599981390364e-01,3.690643804047001320e-01,3.448744982391965808e-01,4.102875229876097318e-01,2.123627571157666871e-01,1.000000000000013989e+00
9.999999999999962252e-01,2.003418366110118198e-01,4.058293283257434214e-01,3.361393406405548401e-01,3.625045508169136843e-01,3.522316262410681853e-01,3.563780256533106705e-01,3.546880096523150616e-01,3.553971282149476218e-01,3.550847951929763657e-01,3.552588165440909163e-01,3.550847960275694826e-01,3.553971281350547518e-01,3.546880086852504110e-01,3.563780256958590797e-01,3.522316269622731699e-01,3.625045513759536653e-01,3.361393394860395789e-01,4.058293281641424111e-01,2.003418380526179599e-01,2.003418366110118198e-01,9.999999999999962252e-01,2.003418352138697789e-01,4.058293275957277069e-01,3.361393395701369746e-01,3.625045496357007235e-01,3.522316249001145039e-01,3.563780252150325345e-01,3.546880091950265212e-01,3.553971257143672124e-01,3.550847938104784718e-01,3.552588167696195676e-01,3.550847954533675743e-01,3.553971255671539153e-01,3.546880080816032232e-01,3.563780257787518835e-01,3.522316251755562289e-01,3.625045493993944157e-01,3.361393386697966168e-01,4.058293277255843878e-01,4.058293283257434214e-01,2.003418352138697789e-01,9.999999999999962252e-01,2.003418364437605792e-01,4.058293276301422337e-01,3.361393397913371439e-01,3.625045495308902854e-01,3.522316254712476447e-01,3.563780258668267642e-01,3.546880085066673738e-01,3.553971251025588307e-01,3.550847952738243607e-01,3.552588174460607484e-01,3.550847940759914723e-01,3.553971260598734472e-01,3.546880096426320850e-01,3.563780253548981536e-01,3.522316247524099886e-01,3.625045493808823904e-01,3.361393397423260709e-01,3.361393406405548401e-01,4.058293275957277069e-01,2.003418364437605792e-01,9.999999999999962252e-01,2.003418373392616969e-01,4.058293280133431491e-01,3.361393398528345622e-01,3.625045507780098042e-01,3.522316266138503793e-01,3.563780251829096746e-01,3.546880083895879721e-01,3.553971271565089518e-01,3.550847962347291054e-01,3.552588167038403522e-01,3.550847949795639114e-01,3.553971278468524009e-01,3.546880095265705357e-01,3.563780249772948716e-01,3.522316255465136048e-01,3.625045507577537851e-01,3.625045508169136843e-01,3.361393395701369746e-01,4.058293276301422337e-01,2.003418373392616969e-01,9.999999999999962252e-01,2.003418370923074066e-01,4.058293278434680351e-01,3.361393403197094898e-01,3.625045512893356747e-01,3.522316255688359710e-01,3.563780244648261930e-01,3.546880097673570376e-01,3.553971275551094378e-01,3.550847946876996009e-01,3.552588168571207961e-01,3.550847961881151149e-01,3.553971271782943586e-01,3.546880087007249216e-01,3.563780250740317679e-01,3.522316261463109832e-01,3.522316262410681853e-01,3.625045496357007235e-01,3.361393397913371439e-01,4.058293280133431491e-01,2.003418370923074066e-01,9.999999999999962252e-01,2.003418363217522313e-01,4.058293282643747890e-01,3.361393408367836511e-01,3.625045498459019133e-01,3.522316248718079246e-01,3.563780259654425464e-01,3.546880096295002005e-01,3.553971260299900736e-01,3.550847947876848432e-01,3.552588184462949217e-01,3.550847951602843500e-01,3.553971263648202372e-01,3.546880086112829678e-01,3.563780258100629483e-01,3.563780256533106705e-01,3.522316249001145039e-01,3.625045495308902854e-01,3.361393398528345622e-01,4.058293278434680351e-01,2.003418363217522313e-01,9.999999999999962252e-01,2.003418367019329516e-01,4.058293280275537818e-01,3.361393395129386730e-01,3.625045488072966560e-01,3.522316257906976111e-01,3.563780259055278621e-01,3.546880084479969164e-01,3.553971259573296404e-01,3.550847956142096362e-01,3.552588172964528113e-01,3.550847942801786394e-01,3.553971259052150500e-01,3.546880091672288127e-01,3.546880096523150616e-01,3.563780252150325345e-01,3.522316254712476447e-01,3.625045507780098042e-01,3.361393403197094898e-01,4.058293282643747890e-01,2.003418367019329516e-01,9.999999999999962252e-01,2.003418384559841614e-01,4.058293275945169531e-01,3.361393392234479638e-01,3.625045507560545333e-01,3.522316269427725466e-01,3.563780247385341937e-01,3.546880091934236923e-01,3.553971277431379749e-01,3.550847957226743734e-01,3.552588168720459127e-01,3.550847947768527302e-01,3.553971274062661667e-01,3.553971282149476218e-01,3.546880091950265212e-01,3.563780258668267642e-01,3.522316266138503793e-01,3.625045512893356747e-01,3.361393408367836511e-01,4.058293280275537818e-01,2.003418384559841614e-01,9.999999999999962252e-01,2.003418374942558255e-01,4.058293279072764936e-01,3.361393410244057911e-01,3.625045517472545442e-01,3.522316259835818752e-01,3.563780256415720049e-01,3.546880109696579630e-01,3.553971275817863207e-01,3.550847953724328709e-01,3.552588176555051547e-01,3.550847958491330503e-01,3.550847951929763657e-01,3.553971257143672124e-01,3.546880085066673738e-01,3.563780251829096746e-01,3.522316255688359710e-01,3.625045498459019133e-01,3.361393395129386730e-01,4.058293275945169531e-01,2.003418374942558255e-01,9.999999999999962252e-01,2.003418345472818829e-01,4.058293282111720690e-01,3.361393403974574090e-01,3.625045492019087212e-01,3.522316252328384634e-01,3.563780258601952911e-01,3.546880091644951660e-01,3.553971258401414923e-01,3.550847941773517258e-01,3.552588173893558299e-01,3.552588165440909163e-01,3.550847938104784718e-01,3.553971251025588307e-01,3.546880083895879721e-01,3.563780244648261930e-01,3.522316248718079246e-01,3.625045488072966560e-01,3.361393392234479638e-01,4.058293279072764936e-01,2.003418345472818829e-01,9.999999999999962252e-01,2.003418356817182611e-01,4.058293277289312107e-01,3.361393383473321173e-01,3.625045487331763905e-01,3.522316256712013649e-01,3.563780246671883756e-01,3.546880075962569046e-01,3.553971252051414953e-01,3.550847944276815382e-01,3.550847960275694826e-01,3.552588167696195676e-01,3.550847952738243607e-01,3.553971271565089518e-01,3.546880097673570376e-01,3.563780259654425464e-01,3.522316257906976111e-01,3.625045507560545333e-01,3.361393410244057911e-01,4.058293282111720690e-01,2.003418356817182611e-01,9.999999999999962252e-01,2.003418386379882121e-01,4.058293273014467184e-01,3.361393401302567585e-01,3.625045515226031911e-01,3.522316261052732544e-01,3.563780255219052284e-01,3.546880088472481596e-01,3.553971272635617074e-01,3.553971281350547518e-01,3.550847954533675743e-01,3.552588174460607484e-01,3.550847962347291054e-01,3.553971275551094378e-01,3.546880096295002005e-01,3.563780259055278621e-01,3.522316269427725466e-01,3.625045517472545442e-01,3.361393403974574090e-01,4.058293277289312107e-01,2.003418386379882121e-01,9.999999999999962252e-01,2.003418369761290896e-01,4.058293283989148348e-01,3.361393415336359491e-01,3.625045516931937328e-01,3.522316257316289168e-01,3.563780259295196706e-01,3.546880100596975227e-01,3.546880086852504110e-01,3.553971255671539153e-01,3.550847940759914723e-01,3.552588167038403522e-01,3.550847946876996009e-01,3.553971260299900736e-01,3.546880084479969164e-01,3.563780247385341937e-01,3.522316259835818752e-01,3.625045492019087212e-01,3.361393383473321173e-01,4.058293273014467184e-01,2.003418369761290896e-01,9.999999999999962252e-01,2.003418351011362064e-01,4.058293283584123445e-01,3.361393393826829779e-01,3.625045494332909679e-01,3.522316241734426701e-01,3.563780253258320152e-01,3.563780256958590797e-01,3.546880080816032232e-01,3.553971260598734472e-01,3.550847949795639114e-01,3.552588168571207961e-01,3.550847947876848432e-01,3.553971259573296404e-01,3.546880091934236923e-01,3.563780256415720049e-01,3.522316252328384634e-01,3.625045487331763905e-01,3.361393401302567585e-01,4.058293283989148348e-01,2.003418351011362064e-01,9.999999999999962252e-01,2.003418376518401045e-01,4.058293276747264589e-01,3.361393389900899642e-01,3.625045496176604320e-01,3.522316255145540032e-01,3.522316269622731699e-01,3.563780257787518835e-01,3.546880096426320850e-01,3.553971278468524009e-01,3.550847961881151149e-01,3.552588184462949217e-01,3.550847956142096362e-01,3.553971277431379749e-01,3.546880109696579630e-01,3.563780258601952911e-01,3.522316256712013649e-01,3.625045515226031911e-01,3.361393415336359491e-01,4.058293283584123445e-01,2.003418376518401045e-01,9.999999999999962252e-01,2.003418387087261832e-01,4.058293283506965721e-01,3.361393401262589564e-01,3.625045514749546394e-01,3.625045513759536653e-01,3.522316251755562289e-01,3.563780253548981536e-01,3.546880095265705357e-01,3.553971271782943586e-01,3.550847951602843500e-01,3.552588172964528113e-01,3.550847957226743734e-01,3.553971275817863207e-01,3.546880091644951660e-01,3.563780246671883756e-01,3.522316261052732544e-01,3.625045516931937328e-01,3.361393393826829779e-01,4.058293276747264589e-01,2.003418387087261832e-01,9.999999999999962252e-01,2.003418363402419133e-01,4.058293280934417435e-01,3.361393403437148431e-01,3.361393394860395789e-01,3.625045493993944157e-01,3.522316247524099886e-01,3.563780249772948716e-01,3.546880087007249216e-01,3.553971263648202372e-01,3.550847942801786394e-01,3.552588168720459127e-01,3.550847953724328709e-01,3.553971258401414923e-01,3.546880075962569046e-01,3.563780255219052284e-01,3.522316257316289168e-01,3.625045494332909679e-01,3.361393389900899642e-01,4.058293283506965721e-01,2.003418363402419133e-01,9.999999999999962252e-01,2.003418350338143639e-01,4.058293280866508423e-01,4.058293281641424111e-01,3.361393386697966168e-01,3.625045493808823904e-01,3.522316255465136048e-01,3.563780250740317679e-01,3.546880086112829678e-01,3.553971259052150500e-01,3.550847947768527302e-01,3.552588176555051547e-01,3.550847941773517258e-01,3.553971252051414953e-01,3.546880088472481596e-01,3.563780259295196706e-01,3.522316241734426701e-01,3.625045496176604320e-01,3.361393401262589564e-01,4.058293280934417435e-01,2.003418350338143639e-01,9.999999999999962252e-01,2.003418364264886453e-01,2.003418380526179599e-01,4.058293277255843878e-01,3.361393397423260709e-01,3.625045507577537851e-01,3.522316261463109832e-01,3.563780258100629483e-01,3.546880091672288127e-01,3.553971274062661667e-01,3.550847958491330503e-01,3.552588173893558299e-01,3.550847944276815382e-01,3.553971272635617074e-01,3.546880100596975227e-01,3.563780253258320152e-01,3.522316255145540032e-01,3.625045514749546394e-01,3.361393403437148431e-01,4.058293280866508423e-01,2.003418364264886453e-01,9.999999999999962252e-01
