9.999999999999827915e-01,9.184919518525468396e-01,9.198750743078633052e-01,9.199170829195414401e-01,9.199210865505256240e-01,9.199220006989293763e-01,9.199222731313033696e-01,9.199223739763505714e-01,9.199224166625207255e-01,9.199224349963233127e-01,9.199224401763298475e-01,9.199224349970698267e-01,9.199224166630620703e-01,9.199223739789983423e-01,9.199222731275228382e-01,9.199220006998763965e-01,9.199210865436046047e-01,9.199170829252001358e-01,9.198750743078133452e-01,9.184919518555324514e-01,9.184919518525468396e-01,9.999999999999827915e-01,9.184919518464345067e-01,9.198750743176772326e-01,9.199170829202720778e-01,9.199210865513449686e-01,9.199220006976617237e-01,9.199222731304913525e-01,9.199223739752586670e-01,9.199224166666747360e-01,9.199224349865015027e-01,9.199224401878174362e-01,9.199224349935939404e-01,9.199224166667031577e-01,9.199223739745521211e-01,9.199222731343769111e-01,9.199220006914037295e-01,9.199210865567208906e-01,9.199170829107667924e-01,9.198750743178197853e-01,9.198750743078633052e-01,9.184919518464345067e-01,9.999999999999827915e-01,9.184919518493592783e-01,9.198750743114516570e-01,9.199170829137720551e-01,9.199210865439210183e-01,9.199220006897210755e-01,9.199222731225626948e-01,9.199223739728112914e-01,9.199224166503080502e-01,9.199224349914010279e-01,9.199224401768377746e-01,9.199224349908798892e-01,9.199224166555337590e-01,9.199223739738867645e-01,9.199222731191527558e-01,9.199220006979745845e-01,9.199210865354736644e-01,9.199170829134214467e-01,9.199170829195414401e-01,9.198750743176772326e-01,9.184919518493592783e-01,9.999999999999827915e-01,9.184919518590767273e-01,9.198750743209751501e-01,9.199170829221905432e-01,9.199210865514004798e-01,9.199220006980596276e-01,9.199222731355642946e-01,9.199223739719162296e-01,9.199224166708338535e-01,9.199224349965736680e-01,9.199224401902016401e-01,9.199224349950565482e-01,9.199224166712303141e-01,9.199223739748976225e-01,9.199222731412578513e-01,9.199220006922386172e-01,9.199210865541505022e-01,9.199210865505256240e-01,9.199170829202720778e-01,9.198750743114516570e-01,9.184919518590767273e-01,9.999999999999827915e-01,9.184919518594649723e-01,9.198750743198262914e-01,9.199170829207058420e-01,9.199210865500390133e-01,9.199220007015822542e-01,9.199222731256622154e-01,9.199223739828946700e-01,9.199224166662595126e-01,9.199224350001684591e-01,9.199224401852057476e-01,9.199224350015924312e-01,9.199224166626311927e-01,9.199223739876311035e-01,9.199222731265545017e-01,9.199220007017839817e-01,9.199220006989293763e-01,9.199210865513449686e-01,9.199170829137720551e-01,9.198750743209751501e-01,9.184919518594649723e-01,9.999999999999827915e-01,9.184919518586315279e-01,9.198750743184670453e-01,9.199170829192105936e-01,9.199210865541413984e-01,9.199220006918209513e-01,9.199222731365240824e-01,9.199223739787254495e-01,9.199224166703615646e-01,9.199224349954562285e-01,9.199224401914786187e-01,9.199224349930372746e-01,9.199224166757958843e-01,9.199223739726997140e-01,9.199222731360733318e-01,9.199222731313033696e-01,9.199220006976617237e-01,9.199210865439210183e-01,9.199170829221905432e-01,9.198750743198262914e-01,9.184919518586315279e-01,9.999999999999827915e-01,9.184919518559170326e-01,9.198750743159529453e-01,9.199170829220050249e-01,9.199210865433599116e-01,9.199220007019215384e-01,9.199222731312046708e-01,9.199223739816344558e-01,9.199224166642472333e-01,9.199224350005893447e-01,9.199224401819865449e-01,9.199224350047736642e-01,9.199224166597003149e-01,9.199223739815405310e-01,9.199223739763505714e-01,9.199222731304913525e-01,9.199220006897210755e-01,9.199210865514004798e-01,9.199170829207058420e-01,9.198750743184670453e-01,9.184919518559170326e-01,9.999999999999827915e-01,9.184919518527818738e-01,9.198750743185223344e-01,9.199170829105667302e-01,9.199210865526142866e-01,9.199220006958788165e-01,9.199222731341824000e-01,9.199223739748692008e-01,9.199224166687625104e-01,9.199224349905563702e-01,9.199224401931987982e-01,9.199224349882467733e-01,9.199224166673398706e-01,9.199224166625207255e-01,9.199223739752586670e-01,9.199222731225626948e-01,9.199220006980596276e-01,9.199210865500390133e-01,9.199170829192105936e-01,9.198750743159529453e-01,9.184919518527818738e-01,9.999999999999827915e-01,9.184919518552360218e-01,9.198750743068564439e-01,9.199170829199160293e-01,9.199210865468606668e-01,9.199220006980315389e-01,9.199222731275898957e-01,9.199223739794180066e-01,9.199224166589085039e-01,9.199224350013339713e-01,9.199224401771557424e-01,9.199224349959826963e-01,9.199224349963233127e-01,9.199224166666747360e-01,9.199223739728112914e-01,9.199222731355642946e-01,9.199220007015822542e-01,9.199210865541413984e-01,9.199170829220050249e-01,9.198750743185223344e-01,9.184919518552360218e-01,9.999999999999827915e-01,9.184919518487940637e-01,9.198750743219562542e-01,9.199170829197566013e-01,9.199210865547723381e-01,9.199220006969290875e-01,9.199222731371894390e-01,9.199223739748507711e-01,9.199224166756703180e-01,9.199224349900587683e-01,9.199224401901583414e-01,9.199224401763298475e-01,9.199224349865015027e-01,9.199224166503080502e-01,9.199223739719162296e-01,9.199222731256622154e-01,9.199220006918209513e-01,9.199210865433599116e-01,9.199170829105667302e-01,9.198750743068564439e-01,9.184919518487940637e-01,9.999999999999827915e-01,9.184919518496845736e-01,9.198750743070123193e-01,9.199170829137788274e-01,9.199210865391277414e-01,9.199220006926485116e-01,9.199222731188838598e-01,9.199223739777108166e-01,9.199224166503106037e-01,9.199224349896782948e-01,9.199224349970698267e-01,9.199224401878174362e-01,9.199224349914010279e-01,9.199224166708338535e-01,9.199223739828946700e-01,9.199222731365240824e-01,9.199220007019215384e-01,9.199210865526142866e-01,9.199170829199160293e-01,9.198750743219562542e-01,9.184919518496845736e-01,9.999999999999827915e-01,9.184919518565491936e-01,9.198750743220435178e-01,9.199170829189801113e-01,9.199210865566688211e-01,9.199220006951693840e-01,9.199222731422955768e-01,9.199223739738966454e-01,9.199224166707921091e-01,9.199224166630620703e-01,9.199224349935939404e-01,9.199224401768377746e-01,9.199224349965736680e-01,9.199224166662595126e-01,9.199223739787254495e-01,9.199222731312046708e-01,9.199220006958788165e-01,9.199210865468606668e-01,9.199170829197566013e-01,9.198750743070123193e-01,9.184919518565491936e-01,9.999999999999827915e-01,9.184919518560108465e-01,9.198750743125896356e-01,9.199170829207193867e-01,9.199210865436111551e-01,9.199220007040803671e-01,9.199222731227877370e-01,9.199223739785663545e-01,9.199223739789983423e-01,9.199224166667031577e-01,9.199224349908798892e-01,9.199224401902016401e-01,9.199224350001684591e-01,9.199224166703615646e-01,9.199223739816344558e-01,9.199222731341824000e-01,9.199220006980315389e-01,9.199210865547723381e-01,9.199170829137788274e-01,9.198750743220435178e-01,9.184919518560108465e-01,9.999999999999827915e-01,9.184919518546232897e-01,9.198750743223375048e-01,9.199170829164211582e-01,9.199210865598410614e-01,9.199220006925112880e-01,9.199222731358404070e-01,9.199222731275228382e-01,9.199223739745521211e-01,9.199224166555337590e-01,9.199224349950565482e-01,9.199224401852057476e-01,9.199224349954562285e-01,9.199224166642472333e-01,9.199223739748692008e-01,9.199222731275898957e-01,9.199220006969290875e-01,9.199210865391277414e-01,9.199170829189801113e-01,9.198750743125896356e-01,9.184919518546232897e-01,9.999999999999827915e-01,9.184919518556955431e-01,9.198750743090352566e-01,9.199170829238462188e-01,9.199210865397516868e-01,9.199220006970301178e-01,9.199220006998763965e-01,9.199222731343769111e-01,9.199223739738867645e-01,9.199224166712303141e-01,9.199224350015924312e-01,9.199224401914786187e-01,9.199224350005893447e-01,9.199224166687625104e-01,9.199223739794180066e-01,9.199222731371894390e-01,9.199220006926485116e-01,9.199210865566688211e-01,9.199170829207193867e-01,9.198750743223375048e-01,9.184919518556955431e-01,9.999999999999827915e-01,9.184919518532710381e-01,9.198750743278401032e-01,9.199170829151376294e-01,9.199210865553744121e-01,9.199210865436046047e-01,9.199220006914037295e-01,9.199222731191527558e-01,9.199223739748976225e-01,9.199224166626311927e-01,9.199224349930372746e-01,9.199224401819865449e-01,9.199224349905563702e-01,9.199224166589085039e-01,9.199223739748507711e-01,9.199222731188838598e-01,9.199220006951693840e-01,9.199210865436111551e-01,9.199170829164211582e-01,9.198750743090352566e-01,9.184919518532710381e-01,9.999999999999827915e-01,9.184919518577424613e-01,9.198750743040113864e-01,9.199170829159399876e-01,9.199170829252001358e-01,9.199210865567208906e-01,9.199220006979745845e-01,9.199222731412578513e-01,9.199223739876311035e-01,9.199224166757958843e-01,9.199224350047736642e-01,9.199224401931987982e-01,9.199224350013339713e-01,9.199224166756703180e-01,9.199223739777108166e-01,9.199222731422955768e-01,9.199220007040803671e-01,9.199210865598410614e-01,9.199170829238462188e-01,9.198750743278401032e-01,9.184919518577424613e-01,9.999999999999827915e-01,9.184919518554270912e-01,9.198750743262512630e-01,9.198750743078133452e-01,9.199170829107667924e-01,9.199210865354736644e-01,9.199220006922386172e-01,9.199222731265545017e-01,9.199223739726997140e-01,9.199224166597003149e-01,9.199224349882467733e-01,9.199224401771557424e-01,9.199224349900587683e-01,9.199224166503106037e-01,9.199223739738966454e-01,9.199222731227877370e-01,9.199220006925112880e-01,9.199210865397516868e-01,9.199170829151376294e-01,9.198750743040113864e-01,9.184919518554270912e-01,9.999999999999827915e-01,9.184919518494589763e-01,9.184919518555324514e-01,9.198750743178197853e-01,9.199170829134214467e-01,9.199210865541505022e-01,9.199220007017839817e-01,9.199222731360733318e-01,9.199223739815405310e-01,9.199224166673398706e-01,9.199224349959826963e-01,9.199224401901583414e-01,9.199224349896782948e-01,9.199224166707921091e-01,9.199223739785663545e-01,9.199222731358404070e-01,9.199220006970301178e-01,9.199210865553744121e-01,9.199170829159399876e-01,9.198750743262512630e-01,9.184919518494589763e-01,9.999999999999827915e-01
9.999999999999960032e-01,8.917231687598102807e-01,8.942436280174873575e-01,8.943095451729496936e-01,8.943161021058800841e-01,8.943177607104542126e-01,8.943182648531208256e-01,8.943184539155610846e-01,8.943185345948465592e-01,8.943185694153122922e-01,8.943185792150744051e-01,8.943185694030653110e-01,8.943185345886800475e-01,8.943184539356537899e-01,8.943182648268266366e-01,8.943177607035384113e-01,8.943161020687495633e-01,8.943095452219855801e-01,8.942436280143570837e-01,8.917231687734009649e-01,8.917231687598102807e-01,9.999999999999960032e-01,8.917231687243575289e-01,8.942436280737305898e-01,8.943095451859263134e-01,8.943161021233536623e-01,8.943177607011867369e-01,8.943182648448853023e-01,8.943184539223827390e-01,8.943185346282190862e-01,8.943185693426695115e-01,8.943185792869494666e-01,8.943185693883901610e-01,8.943185346141774295e-01,8.943184539133250954e-01,8.943182648662565404e-01,8.943177606594225892e-01,8.943161021584572490e-01,8.943095451274172270e-01,8.942436280785754921e-01,8.942436280174873575e-01,8.917231687243575289e-01,9.999999999999960032e-01,8.917231687340779756e-01,8.942436280388839087e-01,8.943095451520186590e-01,8.943161020769443414e-01,8.943177606433492244e-01,8.943182648046369421e-01,8.943184539116884046e-01,8.943185345128454866e-01,8.943185693717612406e-01,8.943185792181045368e-01,8.943185693735652420e-01,8.943185345478302795e-01,8.943184538995051502e-01,8.943182647777759842e-01,8.943177607066779000e-01,8.943161020176892961e-01,8.943095451395819406e-01,8.943095451729496936e-01,8.942436280737305898e-01,8.917231687340779756e-01,9.999999999999960032e-01,8.917231687913731442e-01,8.942436280995511577e-01,8.943095451972978838e-01,8.943161021057207671e-01,8.943177607008814256e-01,8.943182648814480551e-01,8.943184538844212161e-01,8.943185346310943418e-01,8.943185693990940432e-01,8.943185792979793103e-01,8.943185693934920799e-01,8.943185346322528595e-01,8.943184539074231498e-01,8.943182649142621399e-01,8.943177606544681080e-01,8.943161021248292597e-01,8.943161021058800841e-01,8.943095451859263134e-01,8.942436280388839087e-01,8.917231687913731442e-01,9.999999999999960032e-01,8.917231688070791362e-01,8.942436280944854321e-01,8.943095451834313092e-01,8.943161021116404763e-01,8.943177607287777775e-01,8.943182648108517485e-01,8.943184539540981470e-01,8.943185346057382912e-01,8.943185694274875530e-01,8.943185792729156924e-01,8.943185694328875668e-01,8.943185345891739857e-01,8.943184539959831980e-01,8.943182648181116079e-01,8.943177607165312404e-01,8.943177607104542126e-01,8.943161021233536623e-01,8.943095451520186590e-01,8.942436280995511577e-01,8.917231688070791362e-01,9.999999999999960032e-01,8.917231688100529796e-01,8.942436280863399478e-01,8.943095451908136262e-01,8.943161021502812336e-01,8.943177606644109323e-01,8.943182648822305403e-01,8.943184539377511122e-01,8.943185346438624617e-01,8.943185694093046534e-01,8.943185793118881843e-01,8.943185693944151193e-01,8.943185346859268137e-01,8.943184539010019529e-01,8.943182648828891246e-01,8.943182648531208256e-01,8.943177607011867369e-01,8.943161020769443414e-01,8.943095451972978838e-01,8.942436280944854321e-01,8.917231688100529796e-01,9.999999999999960032e-01,8.917231687840450061e-01,8.942436280811135729e-01,8.943095452129902201e-01,8.943161020708377817e-01,8.943177607255456962e-01,8.943182648512549848e-01,8.943184539595676608e-01,8.943185346072728414e-01,8.943185694331241553e-01,8.943185792605961026e-01,8.943185694710594769e-01,8.943185345757949101e-01,8.943184539554673851e-01,8.943184539155610846e-01,8.943182648448853023e-01,8.943177606433492244e-01,8.943161021057207671e-01,8.943095451834313092e-01,8.942436280863399478e-01,8.917231687840450061e-01,9.999999999999960032e-01,8.917231687664247675e-01,8.942436280950211147e-01,8.943095451215081759e-01,8.943161021175932701e-01,8.943177606803924817e-01,8.943182648684399050e-01,8.943184539098050223e-01,8.943185346191673268e-01,8.943185693703713524e-01,8.943185793275958417e-01,8.943185693503722389e-01,8.943185346120140489e-01,8.943185345948465592e-01,8.943184539223827390e-01,8.943182648046369421e-01,8.943177607008814256e-01,8.943161021116404763e-01,8.943095451908136262e-01,8.942436280811135729e-01,8.917231687664247675e-01,9.999999999999960032e-01,8.917231687977018595e-01,8.942436280179363317e-01,8.943095451859107703e-01,8.943161020937391292e-01,8.943177607058091505e-01,8.943182648387757450e-01,8.943184539399913202e-01,8.943185345764356198e-01,8.943185694492438165e-01,8.943185792309388260e-01,8.943185694064329505e-01,8.943185694153122922e-01,8.943185346282190862e-01,8.943184539116884046e-01,8.943182648814480551e-01,8.943177607287777775e-01,8.943161021502812336e-01,8.943095452129902201e-01,8.942436280950211147e-01,8.917231687977018595e-01,9.999999999999960032e-01,8.917231687482429781e-01,8.942436281146007859e-01,8.943095451929424788e-01,8.943161021525271037e-01,8.943177607053439671e-01,8.943182648944931756e-01,8.943184539243195230e-01,8.943185346911378675e-01,8.943185693737494280e-01,8.943185793140783213e-01,8.943185792150744051e-01,8.943185693426695115e-01,8.943185345128454866e-01,8.943184538844212161e-01,8.943182648108517485e-01,8.943177606644109323e-01,8.943161020708377817e-01,8.943095451215081759e-01,8.942436280179363317e-01,8.917231687482429781e-01,9.999999999999960032e-01,8.917231687367683790e-01,8.942436280073881028e-01,8.943095451473203061e-01,8.943161020409343687e-01,8.943177606560486215e-01,8.943182647759714277e-01,8.943184539342082795e-01,8.943185345097312000e-01,8.943185693588194818e-01,8.943185694030653110e-01,8.943185792869494666e-01,8.943185693717612406e-01,8.943185346310943418e-01,8.943184539540981470e-01,8.943182648822305403e-01,8.943177607255456962e-01,8.943161021175932701e-01,8.943095451859107703e-01,8.942436281146007859e-01,8.917231687367683790e-01,9.999999999999960032e-01,8.917231687786270067e-01,8.942436281029583212e-01,8.943095451751883473e-01,8.943161021418923884e-01,8.943177606766248289e-01,8.943182649216985247e-01,8.943184539004400690e-01,8.943185346332556129e-01,8.943185345886800475e-01,8.943185693883901610e-01,8.943185792181045368e-01,8.943185693990940432e-01,8.943185346057382912e-01,8.943184539377511122e-01,8.943182648512549848e-01,8.943177606803924817e-01,8.943161020937391292e-01,8.943095451929424788e-01,8.942436280073881028e-01,8.917231687786270067e-01,9.999999999999960032e-01,8.917231687804032525e-01,8.942436280474086452e-01,8.943095451795745054e-01,8.943161020680001627e-01,8.943177607418031361e-01,8.943182647919651895e-01,8.943184539280484291e-01,8.943184539356537899e-01,8.943185346141774295e-01,8.943185693735652420e-01,8.943185792979793103e-01,8.943185694274875530e-01,8.943185346438624617e-01,8.943184539595676608e-01,8.943182648684399050e-01,8.943177607058091505e-01,8.943161021525271037e-01,8.943095451473203061e-01,8.942436281029583212e-01,8.917231687804032525e-01,9.999999999999960032e-01,8.917231687766555837e-01,8.942436281024702671e-01,8.943095451662653739e-01,8.943161021755029472e-01,8.943177606624359566e-01,8.943182648745308105e-01,8.943182648268266366e-01,8.943184539133250954e-01,8.943185345478302795e-01,8.943185693934920799e-01,8.943185792729156924e-01,8.943185694093046534e-01,8.943185346072728414e-01,8.943184539098050223e-01,8.943182648387757450e-01,8.943177607053439671e-01,8.943161020409343687e-01,8.943095451751883473e-01,8.942436280474086452e-01,8.917231687766555837e-01,9.999999999999960032e-01,8.917231687771619564e-01,8.942436280308188046e-01,8.943095452178845273e-01,8.943161020431928954e-01,8.943177606916662414e-01,8.943177607035384113e-01,8.943182648662565404e-01,8.943184538995051502e-01,8.943185346322528595e-01,8.943185694328875668e-01,8.943185793118881843e-01,8.943185694331241553e-01,8.943185346191673268e-01,8.943184539399913202e-01,8.943182648944931756e-01,8.943177606560486215e-01,8.943161021418923884e-01,8.943095451795745054e-01,8.942436281024702671e-01,8.917231687771619564e-01,9.999999999999960032e-01,8.917231687618376590e-01,8.942436281444261503e-01,8.943095451470937096e-01,8.943161021314678383e-01,8.943161020687495633e-01,8.943177606594225892e-01,8.943182647777759842e-01,8.943184539074231498e-01,8.943185345891739857e-01,8.943185693944151193e-01,8.943185792605961026e-01,8.943185693703713524e-01,8.943185345764356198e-01,8.943184539243195230e-01,8.943182647759714277e-01,8.943177606766248289e-01,8.943161020680001627e-01,8.943095451662653739e-01,8.942436280308188046e-01,8.917231687618376590e-01,9.999999999999960032e-01,8.917231688034387149e-01,8.942436279921303077e-01,8.943095451573808141e-01,8.943095452219855801e-01,8.943161021584572490e-01,8.943177607066779000e-01,8.943182649142621399e-01,8.943184539959831980e-01,8.943185346859268137e-01,8.943185694710594769e-01,8.943185793275958417e-01,8.943185694492438165e-01,8.943185346911378675e-01,8.943184539342082795e-01,8.943182649216985247e-01,8.943177607418031361e-01,8.943161021755029472e-01,8.943095452178845273e-01,8.942436281444261503e-01,8.917231688034387149e-01,9.999999999999960032e-01,8.917231687848401478e-01,8.942436281353942640e-01,8.942436280143570837e-01,8.943095451274172270e-01,8.943161020176892961e-01,8.943177606544681080e-01,8.943182648181116079e-01,8.943184539010019529e-01,8.943185345757949101e-01,8.943185693503722389e-01,8.943185792309388260e-01,8.943185693737494280e-01,8.943185345097312000e-01,8.943184539004400690e-01,8.943182647919651895e-01,8.943177606624359566e-01,8.943161020431928954e-01,8.943095451470937096e-01,8.942436279921303077e-01,8.917231687848401478e-01,9.999999999999960032e-01,8.917231687355340330e-01,8.917231687734009649e-01,8.942436280785754921e-01,8.943095451395819406e-01,8.943161021248292597e-01,8.943177607165312404e-01,8.943182648828891246e-01,8.943184539554673851e-01,8.943185346120140489e-01,8.943185694064329505e-01,8.943185793140783213e-01,8.943185693588194818e-01,8.943185346332556129e-01,8.943184539280484291e-01,8.943182648745308105e-01,8.943177606916662414e-01,8.943161021314678383e-01,8.943095451573808141e-01,8.942436281353942640e-01,8.917231687355340330e-01,9.999999999999960032e-01
9.999999999999916733e-01,8.513633733774964574e-01,8.562833818392392438e-01,8.563691542815572433e-01,8.563797889962919685e-01,8.563829335995288838e-01,8.563839014910080705e-01,8.563842709744017290e-01,8.563844303554204451e-01,8.563844995861487064e-01,8.563845191335232032e-01,8.563844995423457451e-01,8.563844303527392565e-01,8.563842709913378481e-01,8.563839014630152402e-01,8.563829335724608693e-01,8.563797889644055861e-01,8.563691543825090458e-01,8.562833818257205021e-01,8.513633733930612291e-01,8.513633733774964574e-01,9.999999999999916733e-01,8.513633733524086367e-01,8.562833819092360299e-01,8.563691543338058931e-01,8.563797890437990779e-01,8.563829336376197476e-01,8.563839014833395380e-01,8.563842710083515719e-01,8.563844304491011750e-01,8.563844994928161425e-01,8.563845192485946001e-01,8.563844995529938942e-01,8.563844304066088320e-01,8.563842710162173910e-01,8.563839014911391878e-01,8.563829335896100403e-01,8.563797891066895485e-01,8.563691542619792374e-01,8.562833819412573044e-01,8.562833818392392438e-01,8.513633733524086367e-01,9.999999999999916733e-01,8.513633733332504061e-01,8.562833818756148130e-01,8.563691542963163261e-01,8.563797889900649496e-01,8.563829335439634427e-01,8.563839014302725428e-01,8.563842710131319702e-01,8.563844302660194030e-01,8.563844995178603314e-01,8.563845191759470454e-01,8.563844995170580843e-01,8.563844303425935944e-01,8.563842709602413894e-01,8.563839014195889776e-01,8.563829336427836170e-01,8.563797888993129881e-01,8.563691542921099131e-01,8.563691542815572433e-01,8.562833819092360299e-01,8.513633733332504061e-01,9.999999999999916733e-01,8.513633733966692319e-01,8.562833819284560999e-01,8.563691543335881784e-01,8.563797889908416616e-01,8.563829335791260933e-01,8.563839015292520340e-01,8.563842709237162731e-01,8.563844303849259543e-01,8.563844995341653998e-01,8.563845192297206976e-01,8.563844995477158939e-01,8.563844303748650022e-01,8.563842709792545138e-01,8.563839015656472542e-01,8.563829335278528854e-01,8.563797890188400430e-01,8.563797889962919685e-01,8.563691543338058931e-01,8.562833818756148130e-01,8.513633733966692319e-01,9.999999999999916733e-01,8.513633734372454409e-01,8.562833819530299984e-01,8.563691543176575882e-01,8.563797890128155288e-01,8.563829336641551881e-01,8.563839014230302249e-01,8.563842710279407910e-01,8.563844303902921062e-01,8.563844995752388778e-01,8.563845192450838528e-01,8.563844995636702428e-01,8.563844303813167302e-01,8.563842711094789006e-01,8.563839014350722589e-01,8.563829336313145690e-01,8.563829335995288838e-01,8.563797890437990779e-01,8.563691542963163261e-01,8.562833819284560999e-01,8.513633734372454409e-01,9.999999999999916733e-01,8.513633734561874000e-01,8.562833819307756889e-01,8.563691543374465365e-01,8.563797890902893339e-01,8.563829335518639008e-01,8.563839015244155695e-01,8.563842710257011381e-01,8.563844304239094374e-01,8.563844995840865781e-01,8.563845192591863498e-01,8.563844995646996416e-01,8.563844305055612338e-01,8.563842709756560589e-01,8.563839015344947292e-01,8.563839014910080705e-01,8.563829336376197476e-01,8.563797889900649496e-01,8.563691543335881784e-01,8.562833819530299984e-01,8.513633734561874000e-01,9.999999999999916733e-01,8.513633734169379075e-01,8.562833819327424489e-01,8.563691543985462173e-01,8.563797889632809301e-01,8.563829336348256493e-01,8.563839015057850279e-01,8.563842710443453354e-01,8.563844304184268230e-01,8.563844995828548967e-01,8.563845192430991071e-01,8.563844996758277484e-01,8.563844303555692150e-01,8.563842710579119277e-01,8.563842709744017290e-01,8.563839014833395380e-01,8.563829335439634427e-01,8.563797889908416616e-01,8.563691543176575882e-01,8.562833819307756889e-01,8.513633734169379075e-01,9.999999999999916733e-01,8.513633733774548240e-01,8.562833819542269298e-01,8.563691542333943252e-01,8.563797890081811248e-01,8.563829335786755648e-01,8.563839014828925622e-01,8.563842710003872760e-01,8.563844303777534694e-01,8.563844995279639161e-01,8.563845193138787115e-01,8.563844994868653471e-01,8.563844304011055675e-01,8.563844303554204451e-01,8.563842710083515719e-01,8.563839014302725428e-01,8.563829335791260933e-01,8.563797890128155288e-01,8.563691543374465365e-01,8.562833819327424489e-01,8.513633733774548240e-01,9.999999999999916733e-01,8.513633734443066814e-01,8.562833818292012733e-01,8.563691543183622468e-01,8.563797889897698523e-01,8.563829336001477222e-01,8.563839014767645752e-01,8.563842710000404423e-01,8.563844303613508124e-01,8.563844996417173672e-01,8.563845191611182406e-01,8.563844995717961872e-01,8.563844995861487064e-01,8.563844304491011750e-01,8.563842710131319702e-01,8.563839015292520340e-01,8.563829336641551881e-01,8.563797890902893339e-01,8.563691543985462173e-01,8.562833819542269298e-01,8.513633734443066814e-01,9.999999999999916733e-01,8.513633733724554897e-01,8.562833819737853958e-01,8.563691543587413912e-01,8.563797890670807877e-01,8.563829336546127102e-01,8.563839015364238527e-01,8.563842710432678640e-01,8.563844305303576210e-01,8.563844995525421444e-01,8.563845193053949423e-01,8.563845191335232032e-01,8.563844994928161425e-01,8.563844302660194030e-01,8.563842709237162731e-01,8.563839014230302249e-01,8.563829335518639008e-01,8.563797889632809301e-01,8.563691542333943252e-01,8.562833818292012733e-01,8.513633733724554897e-01,9.999999999999916733e-01,8.513633733246351865e-01,8.562833818282077347e-01,8.563691542475506679e-01,8.563797889358639726e-01,8.563829335259455222e-01,8.563839013912141196e-01,8.563842710249480739e-01,8.563844302531783415e-01,8.563844995055284182e-01,8.563844995423457451e-01,8.563845192485946001e-01,8.563844995178603314e-01,8.563844303849259543e-01,8.563842710279407910e-01,8.563839015244155695e-01,8.563829336348256493e-01,8.563797890081811248e-01,8.563691543183622468e-01,8.562833819737853958e-01,8.513633733246351865e-01,9.999999999999916733e-01,8.513633733932427505e-01,8.562833819284385584e-01,8.563691543269519313e-01,8.563797890131729096e-01,8.563829335913728524e-01,8.563839015850118752e-01,8.563842709542981435e-01,8.563844304181770228e-01,8.563844303527392565e-01,8.563844995529938942e-01,8.563845191759470454e-01,8.563844995341653998e-01,8.563844303902921062e-01,8.563842710257011381e-01,8.563839015057850279e-01,8.563829335786755648e-01,8.563797889897698523e-01,8.563691543587413912e-01,8.562833818282077347e-01,8.513633733932427505e-01,9.999999999999916733e-01,8.513633733923848812e-01,8.562833819028153881e-01,8.563691543051177302e-01,8.563797889794572127e-01,8.563829336782138313e-01,8.563839014157165197e-01,8.563842710198295016e-01,8.563842709913378481e-01,8.563844304066088320e-01,8.563844995170580843e-01,8.563845192297206976e-01,8.563844995752388778e-01,8.563844304239094374e-01,8.563842710443453354e-01,8.563839014828925622e-01,8.563829336001477222e-01,8.563797890670807877e-01,8.563691542475506679e-01,8.562833819284385584e-01,8.513633733923848812e-01,9.999999999999916733e-01,8.513633734051816448e-01,8.562833819193316209e-01,8.563691543030392817e-01,8.563797891089325320e-01,8.563829335464497872e-01,8.563839015174129488e-01,8.563839014630152402e-01,8.563842710162173910e-01,8.563844303425935944e-01,8.563844995477158939e-01,8.563845192450838528e-01,8.563844995840865781e-01,8.563844304184268230e-01,8.563842710003872760e-01,8.563839014767645752e-01,8.563829336546127102e-01,8.563797889358639726e-01,8.563691543269519313e-01,8.562833819028153881e-01,8.513633734051816448e-01,9.999999999999916733e-01,8.513633733947967297e-01,8.562833818935869923e-01,8.563691544083660290e-01,8.563797889511703954e-01,8.563829336211410403e-01,8.563829335724608693e-01,8.563839014911391878e-01,8.563842709602413894e-01,8.563844303748650022e-01,8.563844995636702428e-01,8.563845192591863498e-01,8.563844995828548967e-01,8.563844303777534694e-01,8.563842710000404423e-01,8.563839015364238527e-01,8.563829335259455222e-01,8.563797890131729096e-01,8.563691543051177302e-01,8.562833819193316209e-01,8.513633733947967297e-01,9.999999999999916733e-01,8.513633733732676179e-01,8.562833820008626251e-01,8.563691542533007350e-01,8.563797890302602411e-01,8.563797889644055861e-01,8.563829335896100403e-01,8.563839014195889776e-01,8.563842709792545138e-01,8.563844303813167302e-01,8.563844995646996416e-01,8.563845192430991071e-01,8.563844995279639161e-01,8.563844303613508124e-01,8.563842710432678640e-01,8.563839013912141196e-01,8.563829335913728524e-01,8.563797889794572127e-01,8.563691543030392817e-01,8.562833818935869923e-01,8.513633733732676179e-01,9.999999999999916733e-01,8.513633734724932456e-01,8.562833818344515180e-01,8.563691543194954514e-01,8.563691543825090458e-01,8.563797891066895485e-01,8.563829336427836170e-01,8.563839015656472542e-01,8.563842711094789006e-01,8.563844305055612338e-01,8.563844996758277484e-01,8.563845193138787115e-01,8.563844996417173672e-01,8.563844305303576210e-01,8.563842710249480739e-01,8.563839015850118752e-01,8.563829336782138313e-01,8.563797891089325320e-01,8.563691544083660290e-01,8.562833820008626251e-01,8.513633734724932456e-01,9.999999999999916733e-01,8.513633734269415720e-01,8.562833820259336814e-01,8.562833818257205021e-01,8.563691542619792374e-01,8.563797888993129881e-01,8.563829335278528854e-01,8.563839014350722589e-01,8.563842709756560589e-01,8.563844303555692150e-01,8.563844994868653471e-01,8.563845191611182406e-01,8.563844995525421444e-01,8.563844302531783415e-01,8.563842709542981435e-01,8.563839014157165197e-01,8.563829335464497872e-01,8.563797889511703954e-01,8.563691542533007350e-01,8.562833818344515180e-01,8.513633734269415720e-01,9.999999999999916733e-01,8.513633733533898518e-01,8.513633733930612291e-01,8.562833819412573044e-01,8.563691542921099131e-01,8.563797890188400430e-01,8.563829336313145690e-01,8.563839015344947292e-01,8.563842710579119277e-01,8.563844304011055675e-01,8.563844995717961872e-01,8.563845193053949423e-01,8.563844995055284182e-01,8.563844304181770228e-01,8.563842710198295016e-01,8.563839015174129488e-01,8.563829336211410403e-01,8.563797890302602411e-01,8.563691543194954514e-01,8.562833820259336814e-01,8.513633733533898518e-01,9.999999999999916733e-01
1.000000000000001776e+00,7.887906304675327274e-01,7.991490331907405986e-01,7.991472221000111009e-01,7.991669869922686242e-01,7.991731587417789662e-01,7.991750389920934117e-01,7.991757781495700819e-01,7.991761013302137728e-01,7.991762428815819552e-01,7.991762830847083388e-01,7.991762428344656444e-01,7.991761013773721611e-01,7.991757781340188549e-01,7.991750390097084322e-01,7.991731587392292280e-01,7.991669869868739395e-01,7.991472221931988917e-01,7.991490331358570565e-01,7.887906305009129149e-01,7.887906304675327274e-01,1.000000000000001776e+00,7.887906305215723890e-01,7.991490332939887864e-01,7.991472222205256992e-01,7.991669870668557385e-01,7.991731589215615994e-01,7.991750390355071287e-01,7.991757782221150519e-01,7.991761015506184673e-01,7.991762428349659109e-01,7.991762832949034223e-01,7.991762429087407860e-01,7.991761014689833242e-01,7.991757783113930813e-01,7.991750390308877128e-01,7.991731588985524493e-01,7.991669871551920767e-01,7.991472221466271453e-01,7.991490333835321591e-01,7.991490331907405986e-01,7.887906305215723890e-01,1.000000000000001776e+00,7.887906304519867184e-01,7.991490332615969194e-01,7.991472221530896425e-01,7.991669870413253829e-01,7.991731588169900258e-01,7.991750389653740072e-01,7.991757782856055981e-01,7.991761013362782551e-01,7.991762428747354319e-01,7.991762832442773634e-01,7.991762428181485856e-01,7.991761014762561732e-01,7.991757781923114479e-01,7.991750390219675149e-01,7.991731588948551845e-01,7.991669869526438763e-01,7.991472222566327055e-01,7.991472221000111009e-01,7.991490332939887864e-01,7.887906304519867184e-01,1.000000000000001776e+00,7.887906304698233395e-01,7.991490332207844549e-01,7.991472221785459462e-01,7.991669870048243585e-01,7.991731587557205918e-01,7.991750390821952266e-01,7.991757781203231437e-01,7.991761014277897202e-01,7.991762428425189801e-01,7.991762831916930931e-01,7.991762428839591648e-01,7.991761013778562184e-01,7.991757782085137096e-01,7.991750390606613408e-01,7.991731587455566110e-01,7.991669870844284596e-01,7.991669869922686242e-01,7.991472222205256992e-01,7.991490332615969194e-01,7.887906304698233395e-01,1.000000000000001776e+00,7.887906304719003447e-01,7.991490333036698201e-01,7.991472221593940439e-01,7.991669870065528647e-01,7.991731589196008345e-01,7.991750389475120731e-01,7.991757782420574330e-01,7.991761014619488401e-01,7.991762428375429606e-01,7.991762832836395436e-01,7.991762428184917555e-01,7.991761014518909967e-01,7.991757782948245570e-01,7.991750389442916491e-01,7.991731589128339142e-01,7.991731587417789662e-01,7.991669870668557385e-01,7.991472221530896425e-01,7.991490332207844549e-01,7.887906304719003447e-01,1.000000000000001776e+00,7.887906304962059023e-01,7.991490332285325904e-01,7.991472221287256872e-01,7.991669871035347317e-01,7.991731587225162636e-01,7.991750390457186271e-01,7.991757782144743860e-01,7.991761013895055665e-01,7.991762428783583116e-01,7.991762831971807035e-01,7.991762428421106401e-01,7.991761014821143760e-01,7.991757781430675056e-01,7.991750390841578788e-01,7.991750389920934117e-01,7.991731589215615994e-01,7.991669870413253829e-01,7.991472221785459462e-01,7.991490333036698201e-01,7.887906304962059023e-01,1.000000000000001776e+00,7.887906304894838350e-01,7.991490332461550494e-01,7.991472222853936991e-01,7.991669869792086267e-01,7.991731588610794246e-01,7.991750390678904470e-01,7.991757782111035269e-01,7.991761015030377502e-01,7.991762428490999381e-01,7.991762832734572441e-01,7.991762429650512978e-01,7.991761013832707761e-01,7.991757783230377665e-01,7.991757781495700819e-01,7.991750390355071287e-01,7.991731588169900258e-01,7.991669870048243585e-01,7.991472221593940439e-01,7.991490332285325904e-01,7.887906304894838350e-01,1.000000000000001776e+00,7.887906304087357601e-01,7.991490333089811271e-01,7.991472220631169465e-01,7.991669870325190939e-01,7.991731588095558614e-01,7.991750389503828877e-01,7.991757782520964026e-01,7.991761013853498907e-01,7.991762428373592186e-01,7.991762832822213447e-01,7.991762427857391771e-01,7.991761014973878252e-01,7.991761013302137728e-01,7.991757782221150519e-01,7.991750389653740072e-01,7.991731587557205918e-01,7.991669870065528647e-01,7.991472221287256872e-01,7.991490332461550494e-01,7.887906304087357601e-01,1.000000000000001776e+00,7.887906305123233430e-01,7.991490331271164926e-01,7.991472221606495951e-01,7.991669869985540409e-01,7.991731587572207252e-01,7.991750390110399227e-01,7.991757781545687500e-01,7.991761013945785086e-01,7.991762429094771969e-01,7.991762831067958928e-01,7.991762429067084117e-01,7.991762428815819552e-01,7.991761015506184673e-01,7.991757782856055981e-01,7.991750390821952266e-01,7.991731589196008345e-01,7.991669871035347317e-01,7.991472222853936991e-01,7.991490333089811271e-01,7.887906305123233430e-01,1.000000000000001776e+00,7.887906304593984563e-01,7.991490333477602181e-01,7.991472222495278332e-01,7.991669870612823079e-01,7.991731589498162203e-01,7.991750390503093993e-01,7.991757783099618928e-01,7.991761015758935827e-01,7.991762428915333283e-01,7.991762833753972561e-01,7.991762830847083388e-01,7.991762428349659109e-01,7.991761013362782551e-01,7.991757781203231437e-01,7.991750389475120731e-01,7.991731587225162636e-01,7.991669869792086267e-01,7.991472220631169465e-01,7.991490331271164926e-01,7.887906304593984563e-01,1.000000000000001776e+00,7.887906304012330949e-01,7.991490331895123589e-01,7.991472220367563661e-01,7.991669869885285049e-01,7.991731587288334326e-01,7.991750389239857810e-01,7.991757782150111789e-01,7.991761012780669304e-01,7.991762428566219212e-01,7.991762428344656444e-01,7.991762832949034223e-01,7.991762428747354319e-01,7.991761014277897202e-01,7.991757782420574330e-01,7.991750390457186271e-01,7.991731588610794246e-01,7.991669870325190939e-01,7.991472221606495951e-01,7.991490333477602181e-01,7.887906304012330949e-01,1.000000000000001776e+00,7.887906305074471325e-01,7.991490332492350301e-01,7.991472222422038030e-01,7.991669870077819926e-01,7.991731588760635496e-01,7.991750391147257604e-01,7.991757781670164595e-01,7.991761015279897906e-01,7.991761013773721611e-01,7.991762429087407860e-01,7.991762832442773634e-01,7.991762428425189801e-01,7.991761014619488401e-01,7.991757782144743860e-01,7.991750390678904470e-01,7.991731588095558614e-01,7.991669869985540409e-01,7.991472222495278332e-01,7.991490331895123589e-01,7.887906305074471325e-01,1.000000000000001776e+00,7.887906304481802078e-01,7.991490333028724580e-01,7.991472221576187973e-01,7.991669870484157112e-01,7.991731589056176865e-01,7.991750389707684699e-01,7.991757783062318765e-01,7.991757781340188549e-01,7.991761014689833242e-01,7.991762428181485856e-01,7.991762831916930931e-01,7.991762428375429606e-01,7.991761013895055665e-01,7.991757782111035269e-01,7.991750389503828877e-01,7.991731587572207252e-01,7.991669870612823079e-01,7.991472220367563661e-01,7.991490332492350301e-01,7.887906304481802078e-01,1.000000000000001776e+00,7.887906304850926809e-01,7.991490332012276543e-01,7.991472221437240231e-01,7.991669870891854321e-01,7.991731587364864220e-01,7.991750390708757257e-01,7.991750390097084322e-01,7.991757783113930813e-01,7.991761014762561732e-01,7.991762428839591648e-01,7.991762832836395436e-01,7.991762428783583116e-01,7.991761015030377502e-01,7.991757782520964026e-01,7.991750390110399227e-01,7.991731589498162203e-01,7.991669869885285049e-01,7.991472222422038030e-01,7.991490333028724580e-01,7.887906304850926809e-01,1.000000000000001776e+00,7.887906304824710002e-01,7.991490333077650998e-01,7.991472222841536910e-01,7.991669870174527013e-01,7.991731589508479505e-01,7.991731587392292280e-01,7.991750390308877128e-01,7.991757781923114479e-01,7.991761013778562184e-01,7.991762428184917555e-01,7.991762831971807035e-01,7.991762428490999381e-01,7.991761013853498907e-01,7.991757781545687500e-01,7.991750390503093993e-01,7.991731587288334326e-01,7.991669870077819926e-01,7.991472221576187973e-01,7.991490332012276543e-01,7.887906304824710002e-01,1.000000000000001776e+00,7.887906304459789686e-01,7.991490332984059197e-01,7.991472220725273079e-01,7.991669870863508107e-01,7.991669869868739395e-01,7.991731588985524493e-01,7.991750390219675149e-01,7.991757782085137096e-01,7.991761014518909967e-01,7.991762428421106401e-01,7.991762832734572441e-01,7.991762428373592186e-01,7.991761013945785086e-01,7.991757783099618928e-01,7.991750389239857810e-01,7.991731588760635496e-01,7.991669870484157112e-01,7.991472221437240231e-01,7.991490333077650998e-01,7.887906304459789686e-01,1.000000000000001776e+00,7.887906305634332371e-01,7.991490332135423591e-01,7.991472222664305347e-01,7.991472221931988917e-01,7.991669871551920767e-01,7.991731588948551845e-01,7.991750390606613408e-01,7.991757782948245570e-01,7.991761014821143760e-01,7.991762429650512978e-01,7.991762832822213447e-01,7.991762429094771969e-01,7.991761015758935827e-01,7.991757782150111789e-01,7.991750391147257604e-01,7.991731589056176865e-01,7.991669870891854321e-01,7.991472222841536910e-01,7.991490332984059197e-01,7.887906305634332371e-01,1.000000000000001776e+00,7.887906304785010647e-01,7.991490334185906708e-01,7.991490331358570565e-01,7.991472221466271453e-01,7.991669869526438763e-01,7.991731587455566110e-01,7.991750389442916491e-01,7.991757781430675056e-01,7.991761013832707761e-01,7.991762427857391771e-01,7.991762831067958928e-01,7.991762428915333283e-01,7.991761012780669304e-01,7.991757781670164595e-01,7.991750389707684699e-01,7.991731587364864220e-01,7.991669870174527013e-01,7.991472220725273079e-01,7.991490332135423591e-01,7.887906304785010647e-01,1.000000000000001776e+00,7.887906304850925698e-01,7.887906305009129149e-01,7.991490333835321591e-01,7.991472222566327055e-01,7.991669870844284596e-01,7.991731589128339142e-01,7.991750390841578788e-01,7.991757783230377665e-01,7.991761014973878252e-01,7.991762429067084117e-01,7.991762833753972561e-01,7.991762428566219212e-01,7.991761015279897906e-01,7.991757783062318765e-01,7.991750390708757257e-01,7.991731589508479505e-01,7.991669870863508107e-01,7.991472222664305347e-01,7.991490334185906708e-01,7.887906304850925698e-01,1.000000000000001776e+00
