9.999999999999986677e-01,9.176189894136648206e-01,9.189128153408067101e-01,9.189363524834860408e-01,9.189393809583390471e-01,9.189400349547725000e-01,9.189402272528394144e-01,9.189402979997355336e-01,9.189403278369648875e-01,9.189403406260199247e-01,9.189403442388749399e-01,9.189403406264493590e-01,9.189403278373718953e-01,9.189402980007415067e-01,9.189402272511963954e-01,9.189400349552386826e-01,9.189393809552819370e-01,9.189363524863352062e-01,9.189128153407675192e-01,9.176189894150248438e-01,9.176189894136648206e-01,9.999999999999986677e-01,9.176189894111601575e-01,9.189128153450856207e-01,9.189363524841224207e-01,9.189393809587761419e-01,9.189400349548806357e-01,9.189402272527089632e-01,9.189402979992417064e-01,9.189403278392613839e-01,9.189403406220991721e-01,9.189403442441422820e-01,9.189403406250353790e-01,9.189403278393269980e-01,9.189402979991720954e-01,9.189402272541014050e-01,9.189400349521018585e-01,9.189393809615118425e-01,9.189363524801098526e-01,9.189128153454981796e-01,9.189128153408067101e-01,9.176189894111601575e-01,9.999999999999986677e-01,9.176189894121123958e-01,9.189128153423594680e-01,9.189363524811517969e-01,9.189393809556527515e-01,9.189400349513645594e-01,9.189402272488619294e-01,9.189402979982185249e-01,9.189403278320336099e-01,9.189403406240564953e-01,9.189403442392996002e-01,9.189403406237235394e-01,9.189403278344336901e-01,9.189402979986547315e-01,9.189402272476374645e-01,9.189400349550381764e-01,9.189393809519469380e-01,9.189363524814269102e-01,9.189363524834860408e-01,9.189128153450856207e-01,9.176189894121123958e-01,9.999999999999986677e-01,9.176189894162153360e-01,9.189128153461381121e-01,9.189363524847370401e-01,9.189393809587913520e-01,9.189400349542985458e-01,9.189402272545089678e-01,9.189402979976630803e-01,9.189403278406877984e-01,9.189403406259682994e-01,9.189403442447321435e-01,9.189403406254834650e-01,9.189403278407015652e-01,9.189402979989774733e-01,9.189402272572559927e-01,9.189400349521424927e-01,9.189393809600128193e-01,9.189393809583390471e-01,9.189363524841224207e-01,9.189128153423594680e-01,9.176189894162153360e-01,9.999999999999986677e-01,9.176189894163353511e-01,9.189128153460075499e-01,9.189363524842525388e-01,9.189393809579824435e-01,9.189400349562449888e-01,9.189402272503172098e-01,9.189402980026065704e-01,9.189403278388713625e-01,9.189403406276672737e-01,9.189403442428435431e-01,9.189403406280902686e-01,9.189403278373035056e-01,9.189402980048836378e-01,9.189402272507272151e-01,9.189400349565468584e-01,9.189400349547725000e-01,9.189393809587761419e-01,9.189363524811517969e-01,9.189128153461381121e-01,9.176189894163353511e-01,9.999999999999986677e-01,9.176189894160361460e-01,9.189128153453361980e-01,9.189363524832326879e-01,9.189393809598052076e-01,9.189400349518663802e-01,9.189402272550395434e-01,9.189402980006402544e-01,9.189403278404290054e-01,9.189403406255975959e-01,9.189403442452022119e-01,9.189403406244854855e-01,9.189403278430674504e-01,9.189402979981193820e-01,9.189402272549160866e-01,9.189402272528394144e-01,9.189400349548806357e-01,9.189393809556527515e-01,9.189363524847370401e-01,9.189128153460075499e-01,9.176189894160361460e-01,9.999999999999986677e-01,9.176189894151112192e-01,9.189128153441377123e-01,9.189363524848286335e-01,9.189393809552457437e-01,9.189400349564484927e-01,9.189402272528720550e-01,9.189402980019918399e-01,9.189403278381267359e-01,9.189403406277691921e-01,9.189403442414282308e-01,9.189403406300002963e-01,9.189403278360975813e-01,9.189402980021863510e-01,9.189402979997355336e-01,9.189402272527089632e-01,9.189400349513645594e-01,9.189393809587913520e-01,9.189363524842525388e-01,9.189128153453361980e-01,9.176189894151112192e-01,9.999999999999986677e-01,9.176189894134728631e-01,9.189128153454017012e-01,9.189363524798742633e-01,9.189393809593972007e-01,9.189400349538655588e-01,9.189402272539305416e-01,9.189402979992817855e-01,9.189403278398976527e-01,9.189403406236147376e-01,9.189403442465731153e-01,9.189403406226680504e-01,9.189403278396814923e-01,9.189403278369648875e-01,9.189402979992417064e-01,9.189402272488619294e-01,9.189400349542985458e-01,9.189393809579824435e-01,9.189363524832326879e-01,9.189128153441377123e-01,9.176189894134728631e-01,9.999999999999986677e-01,9.176189894144057835e-01,9.189128153400611954e-01,9.189363524836929864e-01,9.189393809565249427e-01,9.189400349544825097e-01,9.189402272509107350e-01,9.189402980007341792e-01,9.189403278354327798e-01,9.189403406283637166e-01,9.189403442389715293e-01,9.189403406259517570e-01,9.189403406260199247e-01,9.189403278392613839e-01,9.189402979982185249e-01,9.189402272545089678e-01,9.189400349562449888e-01,9.189393809598052076e-01,9.189363524848286335e-01,9.189128153454017012e-01,9.176189894144057835e-01,9.999999999999986677e-01,9.176189894118264023e-01,9.189128153467518434e-01,9.189363524836702268e-01,9.189393809600063801e-01,9.189400349543063173e-01,9.189402272551357997e-01,9.189402979990702880e-01,9.189403278430818833e-01,9.189403406235054916e-01,9.189403442450471138e-01,9.189403442388749399e-01,9.189403406220991721e-01,9.189403278320336099e-01,9.189402979976630803e-01,9.189402272503172098e-01,9.189400349518663802e-01,9.189393809552457437e-01,9.189363524798742633e-01,9.189128153400611954e-01,9.176189894118264023e-01,9.999999999999986677e-01,9.176189894122843693e-01,9.189128153403970378e-01,9.189363524809445183e-01,9.189393809535424396e-01,9.189400349523205724e-01,9.189402272472920741e-01,9.189402980005199062e-01,9.189403278319911994e-01,9.189403406234506466e-01,9.189403406264493590e-01,9.189403442441422820e-01,9.189403406240564953e-01,9.189403278406877984e-01,9.189402980026065704e-01,9.189402272550395434e-01,9.189400349564484927e-01,9.189393809593972007e-01,9.189363524836929864e-01,9.189128153467518434e-01,9.176189894122843693e-01,9.999999999999986677e-01,9.176189894152647630e-01,9.189128153468354432e-01,9.189363524836129393e-01,9.189393809608163988e-01,9.189400349535991053e-01,9.189402272578188757e-01,9.189402979986526221e-01,9.189403278410679388e-01,9.189403278373718953e-01,9.189403406250353790e-01,9.189403442392996002e-01,9.189403406259682994e-01,9.189403278388713625e-01,9.189402980006402544e-01,9.189402272528720550e-01,9.189400349538655588e-01,9.189393809565249427e-01,9.189363524836702268e-01,9.189128153403970378e-01,9.176189894152647630e-01,9.999999999999986677e-01,9.176189894149189286e-01,9.189128153428631762e-01,9.189363524840906683e-01,9.189393809553330073e-01,9.189400349575147509e-01,9.189402272491773438e-01,9.189402980009370170e-01,9.189402980007415067e-01,9.189403278393269980e-01,9.189403406237235394e-01,9.189403442447321435e-01,9.189403406276672737e-01,9.189403278404290054e-01,9.189402980019918399e-01,9.189402272539305416e-01,9.189400349544825097e-01,9.189393809600063801e-01,9.189363524809445183e-01,9.189128153468354432e-01,9.176189894149189286e-01,9.999999999999986677e-01,9.176189894144343162e-01,9.189128153468422155e-01,9.189363524822072860e-01,9.189393809626544840e-01,9.189400349523493272e-01,9.189402272550086792e-01,9.189402272511963954e-01,9.189402979991720954e-01,9.189403278344336901e-01,9.189403406254834650e-01,9.189403442428435431e-01,9.189403406255975959e-01,9.189403278381267359e-01,9.189402979992817855e-01,9.189402272509107350e-01,9.189400349543063173e-01,9.189393809535424396e-01,9.189363524836129393e-01,9.189128153428631762e-01,9.176189894144343162e-01,9.999999999999986677e-01,9.176189894148135684e-01,9.189128153413036459e-01,9.189363524859112120e-01,9.189393809539050384e-01,9.189400349545794322e-01,9.189400349552386826e-01,9.189402272541014050e-01,9.189402979986547315e-01,9.189403278407015652e-01,9.189403406280902686e-01,9.189403442452022119e-01,9.189403406277691921e-01,9.189403278398976527e-01,9.189402980007341792e-01,9.189402272551357997e-01,9.189400349523205724e-01,9.189393809608163988e-01,9.189363524840906683e-01,9.189128153468422155e-01,9.176189894148135684e-01,9.999999999999986677e-01,9.176189894136577152e-01,9.189128153494821039e-01,9.189363524816247519e-01,9.189393809605839181e-01,9.189393809552819370e-01,9.189400349521018585e-01,9.189402272476374645e-01,9.189402979989774733e-01,9.189403278373035056e-01,9.189403406244854855e-01,9.189403442414282308e-01,9.189403406236147376e-01,9.189403278354327798e-01,9.189402979990702880e-01,9.189402272472920741e-01,9.189400349535991053e-01,9.189393809553330073e-01,9.189363524822072860e-01,9.189128153413036459e-01,9.176189894136577152e-01,9.999999999999986677e-01,9.176189894159896276e-01,9.189128153391843412e-01,9.189363524823361828e-01,9.189363524863352062e-01,9.189393809615118425e-01,9.189400349550381764e-01,9.189402272572559927e-01,9.189402980048836378e-01,9.189403278430674504e-01,9.189403406300002963e-01,9.189403442465731153e-01,9.189403406283637166e-01,9.189403278430818833e-01,9.189402980005199062e-01,9.189402272578188757e-01,9.189400349575147509e-01,9.189393809626544840e-01,9.189363524859112120e-01,9.189128153494821039e-01,9.176189894159896276e-01,9.999999999999986677e-01,9.176189894150341697e-01,9.189128153492520656e-01,9.189128153407675192e-01,9.189363524801098526e-01,9.189393809519469380e-01,9.189400349521424927e-01,9.189402272507272151e-01,9.189402979981193820e-01,9.189403278360975813e-01,9.189403406226680504e-01,9.189403442389715293e-01,9.189403406235054916e-01,9.189403278319911994e-01,9.189402979986526221e-01,9.189402272491773438e-01,9.189400349523493272e-01,9.189393809539050384e-01,9.189363524816247519e-01,9.189128153391843412e-01,9.176189894150341697e-01,9.999999999999986677e-01,9.176189894124809898e-01,9.176189894150248438e-01,9.189128153454981796e-01,9.189363524814269102e-01,9.189393809600128193e-01,9.189400349565468584e-01,9.189402272549160866e-01,9.189402980021863510e-01,9.189403278396814923e-01,9.189403406259517570e-01,9.189403442450471138e-01,9.189403406234506466e-01,9.189403278410679388e-01,9.189402980009370170e-01,9.189402272550086792e-01,9.189400349545794322e-01,9.189393809605839181e-01,9.189363524823361828e-01,9.189128153492520656e-01,9.176189894124809898e-01,9.999999999999986677e-01
1.000000000000004441e+00,8.902411423352827313e-01,8.926509301926065509e-01,8.926803259097286780e-01,8.926857125655945913e-01,8.926869145558146146e-01,8.926872750581649196e-01,8.926874093213121863e-01,8.926874663547514910e-01,8.926874909090719568e-01,8.926874978280087136e-01,8.926874909039463901e-01,8.926874663544461797e-01,8.926874093290596557e-01,8.926872750460228545e-01,8.926869145528115723e-01,8.926857125476563848e-01,8.926803259366010712e-01,8.926509301907870064e-01,8.902411423426200843e-01,8.902411423352827313e-01,1.000000000000004441e+00,8.902411423204912300e-01,8.926509302193575968e-01,8.926803259199526108e-01,8.926857125742817534e-01,8.926869145578175679e-01,8.926872750559949887e-01,8.926874093242270769e-01,8.926874663754309491e-01,8.926874908774374839e-01,8.926874978651994086e-01,8.926874908989176349e-01,8.926874663689486900e-01,8.926874093231238483e-01,8.926872750634711196e-01,8.926869145376666870e-01,8.926857125942516680e-01,8.926803258925523066e-01,8.926509302252714217e-01,8.926509301926065509e-01,8.902411423204912300e-01,1.000000000000004441e+00,8.902411423220488729e-01,8.926509302038598825e-01,8.926803259020682502e-01,8.926857125539663373e-01,8.926869145295357466e-01,8.926872750333471052e-01,8.926874093202051830e-01,8.926874663195745185e-01,8.926874908903837946e-01,8.926874978329049082e-01,8.926874908900561678e-01,8.926874663385017117e-01,8.926874093137174837e-01,8.926872750237739851e-01,8.926869145602867039e-01,8.926857125250031721e-01,8.926803259002699109e-01,8.926803259097286780e-01,8.926509302193575968e-01,8.902411423220488729e-01,1.000000000000004441e+00,8.902411423486606967e-01,8.926509302283066605e-01,8.926803259230717824e-01,8.926857125656595393e-01,8.926869145501262759e-01,8.926872750697376624e-01,8.926874093048757786e-01,8.926874663734353232e-01,8.926874909007219694e-01,8.926874978662615590e-01,8.926874908996894620e-01,8.926874663723323167e-01,8.926874093170616975e-01,8.926872750873218187e-01,8.926869145315787790e-01,8.926857125752303279e-01,8.926857125655945913e-01,8.926803259199526108e-01,8.926509302038598825e-01,8.902411423486606967e-01,1.000000000000004441e+00,8.902411423560188108e-01,8.926509302305831728e-01,8.926803259183589967e-01,8.926857125670655257e-01,8.926869145682653217e-01,8.926872750377136123e-01,8.926874093405969823e-01,8.926874663645882890e-01,8.926874909152237025e-01,8.926874978588908993e-01,8.926874909162906269e-01,8.926874663568388213e-01,8.926874093622154671e-01,8.926872750417437219e-01,8.926869145645707215e-01,8.926869145558146146e-01,8.926857125742817534e-01,8.926803259020682502e-01,8.926509302283066605e-01,8.902411423560188108e-01,1.000000000000004441e+00,8.902411423580574024e-01,8.926509302249017175e-01,8.926803259177190641e-01,8.926857125854971153e-01,8.926869145353080182e-01,8.926872750711849491e-01,8.926874093315538827e-01,8.926874663790866915e-01,8.926874909068455155e-01,8.926874978725855003e-01,8.926874908992125102e-01,8.926874664016291039e-01,8.926874093142667110e-01,8.926872750726506656e-01,8.926872750581649196e-01,8.926869145578175679e-01,8.926857125539663373e-01,8.926803259230717824e-01,8.926509302305831728e-01,8.902411423580574024e-01,1.000000000000004441e+00,8.902411423478020502e-01,8.926509302216609765e-01,8.926803259324375128e-01,8.926857125492241307e-01,8.926869145668779870e-01,8.926872750589498473e-01,8.926874093423223799e-01,8.926874663664360332e-01,8.926874909173218020e-01,8.926874978528001048e-01,8.926874909390679624e-01,8.926874663502533114e-01,8.926874093433542212e-01,8.926874093213121863e-01,8.926872750559949887e-01,8.926869145295357466e-01,8.926857125656595393e-01,8.926803259183589967e-01,8.926509302249017175e-01,8.902411423478020502e-01,1.000000000000004441e+00,8.902411423361159537e-01,8.926509302295692061e-01,8.926803258881930159e-01,8.926857125720574215e-01,8.926869145459548349e-01,8.926872750639689436e-01,8.926874093212312511e-01,8.926874663688386669e-01,8.926874908898267957e-01,8.926874978855510179e-01,8.926874908802094888e-01,8.926874663694923662e-01,8.926874663547514910e-01,8.926874093242270769e-01,8.926872750333471052e-01,8.926869145501262759e-01,8.926857125670655257e-01,8.926803259177190641e-01,8.926509302216609765e-01,8.902411423361159537e-01,1.000000000000004441e+00,8.902411423497206266e-01,8.926509301898593041e-01,8.926803259164023396e-01,8.926857125579039653e-01,8.926869145540533568e-01,8.926872750491278152e-01,8.926874093296937041e-01,8.926874663475869998e-01,8.926874909265349878e-01,8.926874978340375577e-01,8.926874909060723562e-01,8.926874909090719568e-01,8.926874663754309491e-01,8.926874093202051830e-01,8.926872750697376624e-01,8.926869145682653217e-01,8.926857125854971153e-01,8.926803259324375128e-01,8.926509302295692061e-01,8.902411423497206266e-01,1.000000000000004441e+00,8.902411423282378111e-01,8.926509302373853982e-01,8.926803259213741404e-01,8.926857125857462494e-01,8.926869145581093345e-01,8.926872750751927432e-01,8.926874093264302035e-01,8.926874664047829144e-01,8.926874908916618834e-01,8.926874978777672442e-01,8.926874978280087136e-01,8.926874908774374839e-01,8.926874663195745185e-01,8.926874093048757786e-01,8.926872750377136123e-01,8.926869145353080182e-01,8.926857125492241307e-01,8.926803258881930159e-01,8.926509301898593041e-01,8.902411423282378111e-01,1.000000000000004441e+00,8.902411423231232357e-01,8.926509301879913538e-01,8.926803258973192712e-01,8.926857125361959966e-01,8.926869145319832333e-01,8.926872750205964158e-01,8.926874093318156733e-01,8.926874663176409541e-01,8.926874908853814627e-01,8.926874909039463901e-01,8.926874978651994086e-01,8.926874908903837946e-01,8.926874663734353232e-01,8.926874093405969823e-01,8.926872750711849491e-01,8.926869145668779870e-01,8.926857125720574215e-01,8.926803259164023396e-01,8.926509302373853982e-01,8.902411423231232357e-01,1.000000000000004441e+00,8.902411423440332872e-01,8.926509302317868766e-01,8.926803259152565895e-01,8.926857125804708026e-01,8.926869145447006160e-01,8.926872750922589805e-01,8.926874093143043476e-01,8.926874663785243635e-01,8.926874663544461797e-01,8.926874908989176349e-01,8.926874978329049082e-01,8.926874909007219694e-01,8.926874663645882890e-01,8.926874093315538827e-01,8.926872750589498473e-01,8.926869145459548349e-01,8.926857125579039653e-01,8.926803259213741404e-01,8.926509301879913538e-01,8.902411423440332872e-01,1.000000000000004441e+00,8.902411423436541460e-01,8.926509302085109399e-01,8.926803259146273151e-01,8.926857125488500966e-01,8.926869145758560276e-01,8.926872750300404169e-01,8.926874093304886237e-01,8.926874093290596557e-01,8.926874663689486900e-01,8.926874908900561678e-01,8.926874978662615590e-01,8.926874909152237025e-01,8.926874663790866915e-01,8.926874093423223799e-01,8.926872750639689436e-01,8.926869145540533568e-01,8.926857125857462494e-01,8.926803258973192712e-01,8.926509302317868766e-01,8.902411423436541460e-01,1.000000000000004441e+00,8.902411423430280912e-01,8.926509302304238558e-01,8.926803259083732067e-01,8.926857126003214793e-01,8.926869145359379587e-01,8.926872750699581527e-01,8.926872750460228545e-01,8.926874093231238483e-01,8.926874663385017117e-01,8.926874908996894620e-01,8.926874978588908993e-01,8.926874909068455155e-01,8.926874663664360332e-01,8.926874093212312511e-01,8.926872750491278152e-01,8.926869145581093345e-01,8.926857125361959966e-01,8.926803259152565895e-01,8.926509302085109399e-01,8.902411423430280912e-01,1.000000000000004441e+00,8.902411423426790371e-01,8.926509302007048507e-01,8.926803259372481092e-01,8.926857125385155856e-01,8.926869145536439065e-01,8.926869145528115723e-01,8.926872750634711196e-01,8.926874093137174837e-01,8.926874663723323167e-01,8.926874909162906269e-01,8.926874978725855003e-01,8.926874909173218020e-01,8.926874663688386669e-01,8.926874093296937041e-01,8.926872750751927432e-01,8.926869145319832333e-01,8.926857125804708026e-01,8.926803259146273151e-01,8.926509302304238558e-01,8.902411423426790371e-01,1.000000000000004441e+00,8.902411423345168995e-01,8.926509302529298528e-01,8.926803258983477818e-01,8.926857125788887348e-01,8.926857125476563848e-01,8.926869145376666870e-01,8.926872750237739851e-01,8.926874093170616975e-01,8.926874663568388213e-01,8.926874908992125102e-01,8.926874978528001048e-01,8.926874908898267957e-01,8.926874663475869998e-01,8.926874093264302035e-01,8.926872750205964158e-01,8.926869145447006160e-01,8.926857125488500966e-01,8.926803259083732067e-01,8.926509302007048507e-01,8.902411423345168995e-01,1.000000000000004441e+00,8.902411423578467931e-01,8.926509301821430320e-01,8.926803259077508157e-01,8.926803259366010712e-01,8.926857125942516680e-01,8.926869145602867039e-01,8.926872750873218187e-01,8.926874093622154671e-01,8.926874664016291039e-01,8.926874909390679624e-01,8.926874978855510179e-01,8.926874909265349878e-01,8.926874664047829144e-01,8.926874093318156733e-01,8.926872750922589805e-01,8.926869145758560276e-01,8.926857126003214793e-01,8.926803259372481092e-01,8.926509302529298528e-01,8.902411423578467931e-01,1.000000000000004441e+00,8.902411423486792375e-01,8.926509302530397649e-01,8.926509301907870064e-01,8.926803258925523066e-01,8.926857125250031721e-01,8.926869145315787790e-01,8.926872750417437219e-01,8.926874093142667110e-01,8.926874663502533114e-01,8.926874908802094888e-01,8.926874978340375577e-01,8.926874908916618834e-01,8.926874663176409541e-01,8.926874093143043476e-01,8.926872750300404169e-01,8.926869145359379587e-01,8.926857125385155856e-01,8.926803258983477818e-01,8.926509301821430320e-01,8.902411423486792375e-01,1.000000000000004441e+00,8.902411423260299106e-01,8.902411423426200843e-01,8.926509302252714217e-01,8.926803259002699109e-01,8.926857125752303279e-01,8.926869145645707215e-01,8.926872750726506656e-01,8.926874093433542212e-01,8.926874663694923662e-01,8.926874909060723562e-01,8.926874978777672442e-01,8.926874908853814627e-01,8.926874663785243635e-01,8.926874093304886237e-01,8.926872750699581527e-01,8.926869145536439065e-01,8.926857125788887348e-01,8.926803259077508157e-01,8.926509302530397649e-01,8.902411423260299106e-01,1.000000000000004441e+00
9.999999999999978906e-01,8.487312292215494214e-01,8.535533562415467124e-01,8.535587567307607593e-01,8.535694742723962669e-01,8.535717454755051836e-01,8.535724495245673449e-01,8.535727159056510915e-01,8.535728302545262380e-01,8.535728798495796354e-01,8.535728935939084216e-01,8.535728797228507858e-01,8.535728302450210636e-01,8.535727159495192229e-01,8.535724494559168152e-01,8.535717453851980885e-01,8.535694742009425351e-01,8.535587569840918931e-01,8.535533562009448572e-01,8.487312292607915865e-01,8.487312292215494214e-01,9.999999999999978906e-01,8.487312291675850329e-01,8.535533564128929829e-01,8.535587568807312397e-01,8.535694744077378937e-01,8.535717455454356895e-01,8.535724495106071785e-01,8.535727160142368986e-01,8.535728304905635389e-01,8.535728796036654575e-01,8.535728938833851975e-01,8.535728797809519763e-01,8.535728303446499243e-01,8.535727160393329349e-01,8.535724495280215818e-01,8.535717454133452398e-01,8.535694745654125448e-01,8.535587566994173869e-01,8.535533565037125570e-01,8.535533562415467124e-01,8.487312291675850329e-01,9.999999999999978906e-01,8.487312291120632235e-01,8.535533563291227699e-01,8.535587567735211101e-01,8.535694742912878219e-01,8.535717452942738204e-01,8.535724493844998317e-01,8.535727160277233327e-01,8.535728300307933170e-01,8.535728796799195717e-01,8.535728936881987750e-01,8.535728796774830762e-01,8.535728302186271765e-01,8.535727158679287108e-01,8.535724493397384149e-01,8.535717455664686426e-01,8.535694740531009073e-01,8.535587567565394718e-01,8.535587567307607593e-01,8.535533564128929829e-01,8.487312291120632235e-01,9.999999999999978906e-01,8.487312292644526579e-01,8.535533564646028415e-01,8.535587568837830208e-01,8.535694742499542187e-01,8.535717454252021996e-01,8.535724496161263275e-01,8.535727157883580274e-01,8.535728303291486574e-01,8.535728797326774808e-01,8.535728938231049723e-01,8.535728797658527212e-01,8.535728302995706507e-01,8.535727159278937437e-01,8.535724497204852934e-01,8.535717452743465383e-01,8.535694743571542453e-01,8.535694742723962669e-01,8.535587568807312397e-01,8.535533563291227699e-01,8.487312292644526579e-01,9.999999999999978906e-01,8.487312293691029463e-01,8.535533565203963224e-01,8.535587568205940112e-01,8.535694743217724367e-01,8.535717456106379775e-01,8.535724493490417508e-01,8.535727160480621745e-01,8.535728303207368306e-01,8.535728798171325904e-01,8.535728938819486800e-01,8.535728798135009399e-01,8.535728303043980114e-01,8.535727162609305640e-01,8.535724493967725701e-01,8.535717455447009439e-01,8.535717454755051836e-01,8.535694744077378937e-01,8.535587567735211101e-01,8.535533564646028415e-01,8.487312293691029463e-01,9.999999999999978906e-01,8.487312294280849878e-01,8.535533564524275807e-01,8.535587568689093629e-01,8.535694745138481254e-01,8.535717453397964061e-01,8.535724495800747214e-01,8.535727160418083992e-01,8.535728304102376818e-01,8.535728798671798900e-01,8.535728938943937250e-01,8.535728798046871013e-01,8.535728306350596206e-01,8.535727159123288610e-01,8.535724496412577800e-01,8.535724495245673449e-01,8.535717455454356895e-01,8.535694742912878219e-01,8.535587568837830208e-01,8.535533565203963224e-01,8.487312294280849878e-01,9.999999999999978906e-01,8.487312293226935145e-01,8.535533564900239512e-01,8.535587570381110156e-01,8.535694742156991754e-01,8.535717455679726617e-01,8.535724495576321180e-01,8.535727161021515741e-01,8.535728304266638755e-01,8.535728798591762922e-01,8.535728938714108871e-01,8.535728800877858680e-01,8.535728302662454192e-01,8.535727161523629647e-01,8.535727159056510915e-01,8.535724495106071785e-01,8.535717452942738204e-01,8.535694742499542187e-01,8.535587568205940112e-01,8.535533564524275807e-01,8.487312293226935145e-01,9.999999999999978906e-01,8.487312292204296504e-01,8.535533565373798481e-01,8.535587566108349122e-01,8.535694743044811572e-01,8.535717454016724659e-01,8.535724495119009214e-01,8.535727159774939565e-01,8.535728302859528771e-01,8.535728797067015927e-01,8.535728940396239972e-01,8.535728795882100428e-01,8.535728303530150107e-01,8.535728302545262380e-01,8.535727160142368986e-01,8.535724493844998317e-01,8.535717454252021996e-01,8.535694743217724367e-01,8.535587568689093629e-01,8.535533564900239512e-01,8.487312292204296504e-01,9.999999999999978906e-01,8.487312294029034643e-01,8.535533562251875761e-01,8.535587568179304752e-01,8.535694742795167933e-01,8.535717454510990398e-01,8.535724495224753516e-01,8.535727159708775824e-01,8.535728302683642799e-01,8.535728799763705466e-01,8.535728936896633812e-01,8.535728798185108213e-01,8.535728798495796354e-01,8.535728304905635389e-01,8.535727160277233327e-01,8.535724496161263275e-01,8.535717456106379775e-01,8.535694745138481254e-01,8.535587570381110156e-01,8.535533565373798481e-01,8.487312294029034643e-01,9.999999999999978906e-01,8.487312292214839182e-01,8.535533565785888843e-01,8.535587569386993145e-01,8.535694744840046644e-01,8.535717456026303829e-01,8.535724496463354960e-01,8.535727160826592774e-01,8.535728307005514548e-01,8.535728797416994862e-01,8.535728940483157112e-01,8.535728935939084216e-01,8.535728796036654575e-01,8.535728300307933170e-01,8.535727157883580274e-01,8.535724493490417508e-01,8.535717453397964061e-01,8.535694742156991754e-01,8.535587566108349122e-01,8.535533562251875761e-01,8.487312292214839182e-01,9.999999999999978906e-01,8.487312290910538071e-01,8.535533561992554308e-01,8.535587566688422889e-01,8.535694741450331469e-01,8.535717452437898700e-01,8.535724492896856752e-01,8.535727160409336545e-01,8.535728299902138883e-01,8.535728796502786153e-01,8.535728797228507858e-01,8.535728938833851975e-01,8.535728796799195717e-01,8.535728303291486574e-01,8.535727160480621745e-01,8.535724495800747214e-01,8.535717455679726617e-01,8.535694743044811572e-01,8.535587568179304752e-01,8.535533565785888843e-01,8.487312290910538071e-01,9.999999999999978906e-01,8.487312292590228902e-01,8.535533564477097990e-01,8.535587568469643616e-01,8.535694743391700756e-01,8.535717454050284481e-01,8.535724497532297672e-01,8.535727158749687460e-01,8.535728304099952091e-01,8.535728302450210636e-01,8.535728797809519763e-01,8.535728936881987750e-01,8.535728797326774808e-01,8.535728303207368306e-01,8.535727160418083992e-01,8.535724495576321180e-01,8.535717454016724659e-01,8.535694742795167933e-01,8.535587569386993145e-01,8.535533561992554308e-01,8.487312292590228902e-01,9.999999999999978906e-01,8.487312292553335080e-01,8.535533564085410196e-01,8.535587567777451756e-01,8.535694742408336255e-01,8.535717456591389585e-01,8.535724493211422903e-01,8.535727160353608900e-01,8.535727159495192229e-01,8.535728303446499243e-01,8.535728796774830762e-01,8.535728938231049723e-01,8.535728798171325904e-01,8.535728304102376818e-01,8.535727161021515741e-01,8.535724495119009214e-01,8.535717454510990398e-01,8.535694744840046644e-01,8.535587566688422889e-01,8.535533564477097990e-01,8.487312292553335080e-01,9.999999999999978906e-01,8.487312292975932593e-01,8.535533564157335995e-01,8.535587567946876231e-01,8.535694745449891041e-01,8.535717453060421844e-01,8.535724495760266262e-01,8.535724494559168152e-01,8.535727160393329349e-01,8.535728302186271765e-01,8.535728797658527212e-01,8.535728938819486800e-01,8.535728798671798900e-01,8.535728304266638755e-01,8.535727159774939565e-01,8.535724495224753516e-01,8.535717456026303829e-01,8.535694741450331469e-01,8.535587568469643616e-01,8.535533564085410196e-01,8.487312292975932593e-01,9.999999999999978906e-01,8.487312292740397668e-01,8.535533563857220507e-01,8.535587570662777068e-01,8.535694741654223927e-01,8.535717455272715526e-01,8.535717453851980885e-01,8.535724495280215818e-01,8.535727158679287108e-01,8.535728302995706507e-01,8.535728798135009399e-01,8.535728938943937250e-01,8.535728798591762922e-01,8.535728302859528771e-01,8.535727159708775824e-01,8.535724496463354960e-01,8.535717452437898700e-01,8.535694743391700756e-01,8.535587567777451756e-01,8.535533564157335995e-01,8.487312292740397668e-01,9.999999999999978906e-01,8.487312292047066720e-01,8.535533566399058358e-01,8.535587566593634268e-01,8.535694743597377343e-01,8.535694742009425351e-01,8.535717454133452398e-01,8.535724493397384149e-01,8.535727159278937437e-01,8.535728303043980114e-01,8.535728798046871013e-01,8.535728938714108871e-01,8.535728797067015927e-01,8.535728302683642799e-01,8.535727160826592774e-01,8.535724492896856752e-01,8.535717454050284481e-01,8.535694742408336255e-01,8.535587567946876231e-01,8.535533563857220507e-01,8.487312292047066720e-01,9.999999999999978906e-01,8.487312294586100148e-01,8.535533561957363569e-01,8.535587568258429236e-01,8.535587569840918931e-01,8.535694745654125448e-01,8.535717455664686426e-01,8.535724497204852934e-01,8.535727162609305640e-01,8.535728306350596206e-01,8.535728800877858680e-01,8.535728940396239972e-01,8.535728799763705466e-01,8.535728307005514548e-01,8.535727160409336545e-01,8.535724497532297672e-01,8.535717456591389585e-01,8.535694745449891041e-01,8.535587570662777068e-01,8.535533566399058358e-01,8.487312294586100148e-01,9.999999999999978906e-01,8.487312293498536775e-01,8.535533566986513998e-01,8.535533562009448572e-01,8.535587566994173869e-01,8.535694740531009073e-01,8.535717452743465383e-01,8.535724493967725701e-01,8.535727159123288610e-01,8.535728302662454192e-01,8.535728795882100428e-01,8.535728936896633812e-01,8.535728797416994862e-01,8.535728299902138883e-01,8.535727158749687460e-01,8.535724493211422903e-01,8.535717453060421844e-01,8.535694741654223927e-01,8.535587566593634268e-01,8.535533561957363569e-01,8.487312293498536775e-01,9.999999999999978906e-01,8.487312291681179399e-01,8.487312292607915865e-01,8.535533565037125570e-01,8.535587567565394718e-01,8.535694743571542453e-01,8.535717455447009439e-01,8.535724496412577800e-01,8.535727161523629647e-01,8.535728303530150107e-01,8.535728798185108213e-01,8.535728940483157112e-01,8.535728796502786153e-01,8.535728304099952091e-01,8.535727160353608900e-01,8.535724495760266262e-01,8.535717455272715526e-01,8.535694743597377343e-01,8.535587568258429236e-01,8.535533566986513998e-01,8.487312291681179399e-01,9.999999999999978906e-01
1.000000000000007105e+00,7.839286506970158941e-01,7.943692350752036280e-01,7.941629677532399123e-01,7.941935660943609809e-01,7.941974482147335923e-01,7.941988752119326644e-01,7.941994168999997328e-01,7.941996528007275735e-01,7.941997559307135690e-01,7.941997847767093832e-01,7.941997557401607732e-01,7.941996528768024977e-01,7.941994168759751727e-01,7.941988752192513656e-01,7.941974481353957227e-01,7.941935661025660842e-01,7.941629680440760453e-01,7.943692349645365969e-01,7.839286507700653495e-01,7.839286506970158941e-01,1.000000000000007105e+00,7.839286508230853823e-01,7.943692353185594079e-01,7.941629680909528810e-01,7.941935663297815529e-01,7.941974486333799321e-01,7.941988752741636626e-01,7.941994171514981105e-01,7.941996533431288086e-01,7.941997557647748618e-01,7.941997852854091322e-01,7.941997559794388151e-01,7.941996530773575147e-01,7.941994173459904216e-01,7.941988752565521947e-01,7.941974485533661587e-01,7.941935665462660499e-01,7.941629679156616550e-01,7.943692355604808908e-01,7.943692350752036280e-01,7.839286508230853823e-01,1.000000000000007105e+00,7.839286506278567712e-01,7.943692352630715714e-01,7.941629679411701392e-01,7.941935662831774989e-01,7.941974483001974505e-01,7.941988751341547692e-01,7.941994172808829466e-01,7.941996527491632651e-01,7.941997558427368320e-01,7.941997851562074828e-01,7.941997557422907361e-01,7.941996531234609691e-01,7.941994169955620686e-01,7.941988752519543171e-01,7.941974485707165021e-01,7.941935660159379351e-01,7.941629681269526397e-01,7.941629677532399123e-01,7.943692353185594079e-01,7.839286506278567712e-01,1.000000000000007105e+00,7.839286506939420196e-01,7.943692352076938690e-01,7.941629680112426426e-01,7.941935660952134102e-01,7.941974482278084668e-01,7.941988753934847711e-01,7.941994168125178222e-01,7.941996529572358243e-01,7.941997557965815302e-01,7.941997850221726996e-01,7.941997559234830195e-01,7.941996528565034019e-01,7.941994170870327885e-01,7.941988753827323722e-01,7.941974481629214822e-01,7.941935663109069843e-01,7.941935660943609809e-01,7.941629680909528810e-01,7.943692352630715714e-01,7.839286506939420196e-01,1.000000000000007105e+00,7.839286507745838462e-01,7.943692354274610734e-01,7.941629679235743255e-01,7.941935661758401377e-01,7.941974486219725016e-01,7.941988750373693007e-01,7.941994171351632881e-01,7.941996530752085670e-01,7.941997558003881519e-01,7.941997853170011945e-01,7.941997557712642264e-01,7.941996530980320879e-01,7.941994173468355234e-01,7.941988750941801900e-01,7.941974485750047386e-01,7.941974482147335923e-01,7.941935663297815529e-01,7.941629679411701392e-01,7.943692352076938690e-01,7.839286507745838462e-01,1.000000000000007105e+00,7.839286508833733791e-01,7.943692352180196092e-01,7.941629679206487769e-01,7.941935664452992594e-01,7.941974481440571276e-01,7.941988752877445767e-01,7.941994171287330984e-01,7.941996529504289359e-01,7.941997559847692179e-01,7.941997850963617989e-01,7.941997559051365840e-01,7.941996532440714907e-01,7.941994169697500494e-01,7.941988754249765803e-01,7.941988752119326644e-01,7.941974486333799321e-01,7.941935662831774989e-01,7.941629680112426426e-01,7.943692354274610734e-01,7.839286508833733791e-01,1.000000000000007105e+00,7.839286508049634339e-01,7.943692353215677793e-01,7.941629683021256270e-01,7.941935661053431961e-01,7.941974484876849205e-01,7.941988753871270790e-01,7.941994171358923715e-01,7.941996532677729759e-01,7.941997558830006243e-01,7.941997853377993355e-01,7.941997562108336073e-01,7.941996529779457026e-01,7.941994173999128437e-01,7.941994168999997328e-01,7.941988752741636626e-01,7.941974483001974505e-01,7.941935660952134102e-01,7.941629679235743255e-01,7.943692352180196092e-01,7.839286508049634339e-01,1.000000000000007105e+00,7.839286505964331297e-01,7.943692354076348217e-01,7.941629676679899941e-01,7.941935661648436007e-01,7.941974483171005961e-01,7.941988750755093474e-01,7.941994171797490676e-01,7.941996528749549755e-01,7.941997558335344154e-01,7.941997853221943737e-01,7.941997556634606825e-01,7.941996531433356266e-01,7.941996528007275735e-01,7.941994171514981105e-01,7.941988751341547692e-01,7.941974482278084668e-01,7.941935661758401377e-01,7.941629679206487769e-01,7.943692353215677793e-01,7.839286505964331297e-01,1.000000000000007105e+00,7.839286509005699566e-01,7.943692349613684645e-01,7.941629679277846243e-01,7.941935661563538362e-01,7.941974482314267947e-01,7.941988752853763600e-01,7.941994169614728927e-01,7.941996529974555408e-01,7.941997560431497405e-01,7.941997849247544039e-01,7.941997559882388869e-01,7.941997559307135690e-01,7.941996533431288086e-01,7.941994172808829466e-01,7.941988753934847711e-01,7.941974486219725016e-01,7.941935664452992594e-01,7.941629683021256270e-01,7.943692354076348217e-01,7.839286509005699566e-01,1.000000000000007105e+00,7.839286507104800128e-01,7.943692354974911662e-01,7.941629681895059356e-01,7.941935663189487737e-01,7.941974487250564874e-01,7.941988753478539387e-01,7.941994173734494566e-01,7.941996534502868688e-01,7.941997559555116215e-01,7.941997855406921492e-01,7.941997847767093832e-01,7.941997557647748618e-01,7.941996527491632651e-01,7.941994168125178222e-01,7.941988750373693007e-01,7.941974481440571276e-01,7.941935661053431961e-01,7.941629676679899941e-01,7.943692349613684645e-01,7.839286507104800128e-01,1.000000000000007105e+00,7.839286504897390317e-01,7.943692350559312665e-01,7.941629676294004181e-01,7.941935661009621450e-01,7.941974480797049374e-01,7.941988750337622971e-01,7.941994171070906328e-01,7.941996526365467934e-01,7.941997558165900806e-01,7.941997557401607732e-01,7.941997852854091322e-01,7.941997558427368320e-01,7.941996529572358243e-01,7.941994171351632881e-01,7.941988752877445767e-01,7.941974484876849205e-01,7.941935661648436007e-01,7.941629679277846243e-01,7.943692354974911662e-01,7.839286504897390317e-01,1.000000000000007105e+00,7.839286507635778722e-01,7.943692352039488647e-01,7.941629681143762554e-01,7.941935661114187806e-01,7.941974484596805439e-01,7.941988754771804881e-01,7.941994169571869877e-01,7.941996532093267280e-01,7.941996528768024977e-01,7.941997559794388151e-01,7.941997851562074828e-01,7.941997557965815302e-01,7.941996530752085670e-01,7.941994171287330984e-01,7.941988753871270790e-01,7.941974483171005961e-01,7.941935661563538362e-01,7.941629681895059356e-01,7.943692350559312665e-01,7.839286507635778722e-01,1.000000000000007105e+00,7.839286506551162992e-01,7.943692354040382542e-01,7.941629678968435968e-01,7.941935662680297270e-01,7.941974486082863383e-01,7.941988751139251734e-01,7.941994172986051037e-01,7.941994168759751727e-01,7.941996530773575147e-01,7.941997557422907361e-01,7.941997850221726996e-01,7.941997558003881519e-01,7.941996529504289359e-01,7.941994171358923715e-01,7.941988750755093474e-01,7.941974482314267947e-01,7.941935663189487737e-01,7.941629676294004181e-01,7.943692352039488647e-01,7.839286506551162992e-01,1.000000000000007105e+00,7.839286507809738458e-01,7.943692351046812705e-01,7.941629679112804929e-01,7.941935663688002300e-01,7.941974481490462479e-01,7.941988753430277992e-01,7.941988752192513656e-01,7.941994173459904216e-01,7.941996531234609691e-01,7.941997559234830195e-01,7.941997853170011945e-01,7.941997559847692179e-01,7.941996532677729759e-01,7.941994171797490676e-01,7.941988752853763600e-01,7.941974487250564874e-01,7.941935661009621450e-01,7.941629681143762554e-01,7.943692354040382542e-01,7.839286507809738458e-01,1.000000000000007105e+00,7.839286507702520890e-01,7.943692354411004963e-01,7.941629683103978987e-01,7.941935662010276564e-01,7.941974486805677413e-01,7.941974481353957227e-01,7.941988752565521947e-01,7.941994169955620686e-01,7.941996528565034019e-01,7.941997557712642264e-01,7.941997850963617989e-01,7.941997558830006243e-01,7.941996528749549755e-01,7.941994169614728927e-01,7.941988753478539387e-01,7.941974480797049374e-01,7.941935661114187806e-01,7.941629678968435968e-01,7.943692351046812705e-01,7.839286507702520890e-01,1.000000000000007105e+00,7.839286506824328926e-01,7.943692353955660312e-01,7.941629677217149075e-01,7.941935663086935326e-01,7.941935661025660842e-01,7.941974485533661587e-01,7.941988752519543171e-01,7.941994170870327885e-01,7.941996530980320879e-01,7.941997559051365840e-01,7.941997853377993355e-01,7.941997558335344154e-01,7.941996529974555408e-01,7.941994173734494566e-01,7.941988750337622971e-01,7.941974484596805439e-01,7.941935662680297270e-01,7.941629679112804929e-01,7.943692354411004963e-01,7.839286506824328926e-01,1.000000000000007105e+00,7.839286510331253677e-01,7.943692351848370414e-01,7.941629681993044310e-01,7.941629680440760453e-01,7.941935665462660499e-01,7.941974485707165021e-01,7.941988753827323722e-01,7.941994173468355234e-01,7.941996532440714907e-01,7.941997562108336073e-01,7.941997853221943737e-01,7.941997560431497405e-01,7.941996534502868688e-01,7.941994171070906328e-01,7.941988754771804881e-01,7.941974486082863383e-01,7.941935663688002300e-01,7.941629683103978987e-01,7.943692353955660312e-01,7.839286510331253677e-01,1.000000000000007105e+00,7.839286508112478513e-01,7.943692356807671162e-01,7.943692349645365969e-01,7.941629679156616550e-01,7.941935660159379351e-01,7.941974481629214822e-01,7.941988750941801900e-01,7.941994169697500494e-01,7.941996529779457026e-01,7.941997556634606825e-01,7.941997849247544039e-01,7.941997559555116215e-01,7.941996526365467934e-01,7.941994169571869877e-01,7.941988751139251734e-01,7.941974481490462479e-01,7.941935662010276564e-01,7.941629677217149075e-01,7.943692351848370414e-01,7.839286508112478513e-01,1.000000000000007105e+00,7.839286507624350087e-01,7.839286507700653495e-01,7.943692355604808908e-01,7.941629681269526397e-01,7.941935663109069843e-01,7.941974485750047386e-01,7.941988754249765803e-01,7.941994173999128437e-01,7.941996531433356266e-01,7.941997559882388869e-01,7.941997855406921492e-01,7.941997558165900806e-01,7.941996532093267280e-01,7.941994172986051037e-01,7.941988753430277992e-01,7.941974486805677413e-01,7.941935663086935326e-01,7.941629681993044310e-01,7.943692356807671162e-01,7.839286507624350087e-01,1.000000000000007105e+00
