1.000000000000005995e+00,2.530187420939786769e-01,4.276606945742473798e-01,3.762623677259201438e-01,3.936016425568737986e-01,3.876397260620378926e-01,3.897845869039926470e-01,3.890132787278287596e-01,3.893013442309972150e-01,3.891913046962254263e-01,3.892455103888485812e-01,3.891913057313430846e-01,3.893013440759662824e-01,3.890132775291468836e-01,3.897845874360896246e-01,3.876397272049433296e-01,3.936016430406879540e-01,3.762623659780326979e-01,4.276606940467756468e-01,2.530187448335203815e-01,2.530187420939786769e-01,1.000000000000005995e+00,2.530187399951659422e-01,4.276606927067176933e-01,3.762623644027744962e-01,3.936016407011777019e-01,3.876397226380379757e-01,3.897845853889396750e-01,3.890132777364025407e-01,3.893013396330553544e-01,3.891913008024251996e-01,3.892455104489936923e-01,3.891913041611211321e-01,3.893013389354661458e-01,3.890132757273826458e-01,3.897845870097376153e-01,3.876397223985017515e-01,3.936016405004617580e-01,3.762623630420586229e-01,4.276606925806281656e-01,4.276606945742473798e-01,2.530187399951659422e-01,1.000000000000005995e+00,2.530187433946214925e-01,4.276606927026918026e-01,3.762623665098947523e-01,3.936016406337112805e-01,3.876397241601460264e-01,3.897845879961913118e-01,3.890132776709948614e-01,3.893013387161383676e-01,3.891913047382270507e-01,3.892455126577010760e-01,3.891913024122417575e-01,3.893013404687393209e-01,3.890132794980929454e-01,3.897845859927790979e-01,3.876397234080659615e-01,3.936016409359104906e-01,3.762623656054094878e-01,3.762623677259201438e-01,4.276606927067176933e-01,2.530187433946214925e-01,1.000000000000005995e+00,2.530187435009925712e-01,4.276606944367574714e-01,3.762623658637936908e-01,3.936016428831817793e-01,3.876397265423315863e-01,3.897845870118606948e-01,3.890132770557342967e-01,3.893013424668450573e-01,3.891913065370526947e-01,3.892455108709261813e-01,3.891913040789819478e-01,3.893013439443071544e-01,3.890132781382930061e-01,3.897845868837513938e-01,3.876397245766312616e-01,3.936016427960319919e-01,3.936016425568737986e-01,3.762623644027744962e-01,4.276606927026918026e-01,2.530187435009925712e-01,1.000000000000005995e+00,2.530187431798456843e-01,4.276606927246919265e-01,3.762623657389218557e-01,3.936016430913116260e-01,3.876397242811758237e-01,3.897845842030880359e-01,3.890132787852373375e-01,3.893013422887013908e-01,3.891913029129246415e-01,3.892455103567084018e-01,3.891913054770944624e-01,3.893013406596534942e-01,3.890132770706044019e-01,3.897845855997710274e-01,3.876397244412029819e-01,3.876397260620378926e-01,3.936016407011777019e-01,3.762623665098947523e-01,4.276606944367574714e-01,2.530187431798456843e-01,1.000000000000005995e+00,2.530187423532015978e-01,4.276606939342779690e-01,3.762623680478239807e-01,3.936016420341845734e-01,3.876397233604991222e-01,3.897845880057256296e-01,3.890132798110249590e-01,3.893013404514947817e-01,3.891913040240922994e-01,3.892455139589883206e-01,3.891913037493447969e-01,3.893013414280464546e-01,3.890132775034090273e-01,3.897845877590069286e-01,3.897845869039926470e-01,3.876397226380379757e-01,3.936016406337112805e-01,3.762623658637936908e-01,4.276606927246919265e-01,2.530187423532015978e-01,1.000000000000005995e+00,2.530187417462897992e-01,4.276606937002210840e-01,3.762623653013977831e-01,3.936016389671826987e-01,3.876397245848975937e-01,3.897845874424507584e-01,3.890132764844796975e-01,3.893013397497298023e-01,3.891913050133498642e-01,3.892455103161999164e-01,3.891913025698262030e-01,3.893013399431363153e-01,3.890132772747965095e-01,3.890132787278287596e-01,3.897845853889396750e-01,3.876397241601460264e-01,3.936016428831817793e-01,3.762623657389218557e-01,4.276606939342779690e-01,2.530187417462897992e-01,1.000000000000005995e+00,2.530187451381608055e-01,4.276606929452400618e-01,3.762623643608814517e-01,3.936016424946306991e-01,3.876397265878218090e-01,3.897845853444072972e-01,3.890132776929011715e-01,3.893013430794537988e-01,3.891913035844122848e-01,3.892455109620839293e-01,3.891913029535364887e-01,3.893013421235409499e-01,3.893013442309972150e-01,3.890132777364025407e-01,3.897845879961913118e-01,3.876397265423315863e-01,3.936016430913116260e-01,3.762623680478239807e-01,4.276606937002210840e-01,2.530187451381608055e-01,1.000000000000005995e+00,2.530187447113030341e-01,4.276606928471370361e-01,3.762623683383062856e-01,3.936016446794571300e-01,3.876397249473517159e-01,3.897845872735780093e-01,3.890132813898370401e-01,3.893013421056551460e-01,3.891913049487425447e-01,3.892455119978367462e-01,3.891913050892970016e-01,3.891913046962254263e-01,3.893013396330553544e-01,3.890132776709948614e-01,3.897845870118606948e-01,3.876397242811758237e-01,3.936016420341845734e-01,3.762623653013977831e-01,4.276606929452400618e-01,2.530187447113030341e-01,1.000000000000005995e+00,2.530187394165330228e-01,4.276606940362652765e-01,3.762623675393701461e-01,3.936016405092866988e-01,3.876397240732590843e-01,3.897845881461255990e-01,3.890132775512209484e-01,3.893013405890569101e-01,3.891913027981190876e-01,3.892455117939573328e-01,3.892455103888485812e-01,3.891913008024251996e-01,3.893013387161383676e-01,3.890132770557342967e-01,3.897845842030880359e-01,3.876397233604991222e-01,3.936016389671826987e-01,3.762623643608814517e-01,4.276606928471370361e-01,2.530187394165330228e-01,1.000000000000005995e+00,2.530187408487557521e-01,4.276606931573923021e-01,3.762623628981225932e-01,3.936016392339257708e-01,3.876397243964579409e-01,3.897845843809159549e-01,3.890132754812659632e-01,3.893013383446259357e-01,3.891913024551202915e-01,3.891913057313430846e-01,3.892455104489936923e-01,3.891913047382270507e-01,3.893013424668450573e-01,3.890132787852373375e-01,3.897845880057256296e-01,3.876397245848975937e-01,3.936016424946306991e-01,3.762623683383062856e-01,4.276606940362652765e-01,2.530187408487557521e-01,1.000000000000005995e+00,2.530187464520463614e-01,4.276606925961160544e-01,3.762623661439395972e-01,3.936016448211838714e-01,3.876397244484899307e-01,3.897845872045826443e-01,3.890132777042104029e-01,3.893013423074646040e-01,3.893013440759662824e-01,3.891913041611211321e-01,3.892455126577010760e-01,3.891913065370526947e-01,3.893013422887013908e-01,3.890132798110249590e-01,3.897845874424507584e-01,3.876397265878218090e-01,3.936016446794571300e-01,3.762623675393701461e-01,4.276606931573923021e-01,2.530187464520463614e-01,1.000000000000005995e+00,2.530187435155020759e-01,4.276606947577941131e-01,3.762623690623811412e-01,3.936016436809919306e-01,3.876397252167351759e-01,3.897845878667357544e-01,3.890132795595305781e-01,3.890132775291468836e-01,3.893013389354661458e-01,3.891913024122417575e-01,3.892455108709261813e-01,3.891913029129246415e-01,3.893013404514947817e-01,3.890132764844796975e-01,3.897845853444072972e-01,3.876397249473517159e-01,3.936016405092866988e-01,3.762623628981225932e-01,4.276606925961160544e-01,2.530187435155020759e-01,1.000000000000005995e+00,2.530187400453501878e-01,4.276606945407298022e-01,3.762623640031526051e-01,3.936016407055908939e-01,3.876397219916545844e-01,3.897845862097479852e-01,3.897845874360896246e-01,3.890132757273826458e-01,3.893013404687393209e-01,3.891913040789819478e-01,3.892455103567084018e-01,3.891913040240922994e-01,3.893013397497298023e-01,3.890132776929011715e-01,3.897845872735780093e-01,3.876397240732590843e-01,3.936016392339257708e-01,3.762623661439395972e-01,4.276606947577941131e-01,2.530187400453501878e-01,1.000000000000005995e+00,2.530187447265971334e-01,4.276606923484567169e-01,3.762623645229357106e-01,3.936016409385051373e-01,3.876397239402578077e-01,3.876397272049433296e-01,3.897845870097376153e-01,3.890132794980929454e-01,3.893013439443071544e-01,3.891913054770944624e-01,3.892455139589883206e-01,3.891913050133498642e-01,3.893013430794537988e-01,3.890132813898370401e-01,3.897845881461255990e-01,3.876397243964579409e-01,3.936016448211838714e-01,3.762623690623811412e-01,4.276606945407298022e-01,2.530187447265971334e-01,1.000000000000005995e+00,2.530187450010820682e-01,4.276606949905279453e-01,3.762623664273127555e-01,3.936016442033744567e-01,3.936016430406879540e-01,3.876397223985017515e-01,3.897845859927790979e-01,3.890132781382930061e-01,3.893013406596534942e-01,3.891913037493447969e-01,3.892455103161999164e-01,3.891913035844122848e-01,3.893013421056551460e-01,3.890132775512209484e-01,3.897845843809159549e-01,3.876397244484899307e-01,3.936016436809919306e-01,3.762623640031526051e-01,4.276606923484567169e-01,2.530187450010820682e-01,1.000000000000005995e+00,2.530187412378573919e-01,4.276606929287903869e-01,3.762623653330693929e-01,3.762623659780326979e-01,3.936016405004617580e-01,3.876397234080659615e-01,3.897845868837513938e-01,3.890132770706044019e-01,3.893013414280464546e-01,3.891913025698262030e-01,3.892455109620839293e-01,3.891913049487425447e-01,3.893013405890569101e-01,3.890132754812659632e-01,3.897845872045826443e-01,3.876397252167351759e-01,3.936016407055908939e-01,3.762623645229357106e-01,4.276606949905279453e-01,2.530187412378573919e-01,1.000000000000005995e+00,2.530187405410336265e-01,4.276606935053597902e-01,4.276606940467756468e-01,3.762623630420586229e-01,3.936016409359104906e-01,3.876397245766312616e-01,3.897845855997710274e-01,3.890132775034090273e-01,3.893013399431363153e-01,3.891913029535364887e-01,3.892455119978367462e-01,3.891913027981190876e-01,3.893013383446259357e-01,3.890132777042104029e-01,3.897845878667357544e-01,3.876397219916545844e-01,3.936016409385051373e-01,3.762623664273127555e-01,4.276606929287903869e-01,2.530187405410336265e-01,1.000000000000005995e+00,2.530187418337122573e-01,2.530187448335203815e-01,4.276606925806281656e-01,3.762623656054094878e-01,3.936016427960319919e-01,3.876397244412029819e-01,3.897845877590069286e-01,3.890132772747965095e-01,3.893013421235409499e-01,3.891913050892970016e-01,3.892455117939573328e-01,3.891913024551202915e-01,3.893013423074646040e-01,3.890132795595305781e-01,3.897845862097479852e-01,3.876397239402578077e-01,3.936016442033744567e-01,3.762623653330693929e-01,4.276606935053597902e-01,2.530187418337122573e-01,1.000000000000005995e+00
9.999999999999933387e-01,2.414998116046390142e-01,4.227928566218396300e-01,3.679515776290528395e-01,3.868963392227786624e-01,3.802145906209659643e-01,3.826756053056249440e-01,3.817675617500859153e-01,3.821147287167285245e-01,3.819781608578946552e-01,3.820471401324501137e-01,3.819781621071790534e-01,3.821147285368662327e-01,3.817675603700181330e-01,3.826756059727693948e-01,3.802145919515095285e-01,3.868963398943462417e-01,3.679515756233895374e-01,4.227928560374175637e-01,2.414998148266970512e-01,2.414998116046390142e-01,9.999999999999933387e-01,2.414998091002338310e-01,4.227928545063663890e-01,3.679515740469335716e-01,3.868963369983133838e-01,3.802145867408746049e-01,3.826756036860861632e-01,3.817675606538930566e-01,3.821147233531585474e-01,3.819781564639765370e-01,3.820471403182993386e-01,3.819781603811853721e-01,3.821147226501596661e-01,3.817675583194369282e-01,3.826756055522170241e-01,3.802145865795462099e-01,3.868963368759591459e-01,3.679515723646227254e-01,4.227928544941211841e-01,4.227928566218396300e-01,2.414998091002338310e-01,9.999999999999933387e-01,2.414998128781113973e-01,4.227928545400495564e-01,3.679515762089018427e-01,3.868963369343881298e-01,3.802145884236530771e-01,3.826756065883337721e-01,3.817675603976189436e-01,3.821147222736014371e-01,3.819781609369147235e-01,3.820471427893709082e-01,3.819781582933162722e-01,3.821147243278474326e-01,3.817675625801084105e-01,3.826756043836190835e-01,3.802145874206099840e-01,3.868963373423294216e-01,3.679515752337289003e-01,3.679515776290528395e-01,4.227928545063663890e-01,2.414998128781113973e-01,9.999999999999933387e-01,2.414998132380200002e-01,4.227928563583128740e-01,3.679515754948282091e-01,3.868963395299554464e-01,3.802145911778802567e-01,3.826756052725039936e-01,3.817675597735954440e-01,3.821147265303652674e-01,3.819781630846120768e-01,3.820471406236192746e-01,3.819781602180883362e-01,3.821147282595545591e-01,3.817675611922773937e-01,3.826756051880651488e-01,3.802145889116582689e-01,3.868963394724396210e-01,3.868963392227786624e-01,3.679515740469335716e-01,4.227928545400495564e-01,2.414998132380200002e-01,9.999999999999933387e-01,2.414998128680131972e-01,4.227928546265597998e-01,3.679515755797750365e-01,3.868963398965050149e-01,3.802145886456002044e-01,3.826756022456619943e-01,3.817675619415462074e-01,3.821147265483204603e-01,3.819781590297852691e-01,3.820471402222513913e-01,3.819781620253936971e-01,3.821147247058467866e-01,3.817675599153248500e-01,3.826756039156977707e-01,3.802145889666107559e-01,3.802145906209659643e-01,3.868963369983133838e-01,3.679515762089018427e-01,4.227928563583128740e-01,2.414998128680131972e-01,9.999999999999933387e-01,2.414998117507181352e-01,4.227928558795182035e-01,3.679515780750918230e-01,3.868963384212056877e-01,3.802145875141664799e-01,3.826756064878727437e-01,3.817675630415132693e-01,3.821147242422480161e-01,3.819781601823755701e-01,3.820471441382398137e-01,3.819781600425358192e-01,3.821147252406377204e-01,3.817675603667473050e-01,3.826756062779239076e-01,3.826756053056249440e-01,3.802145867408746049e-01,3.868963369343881298e-01,3.679515754948282091e-01,4.227928546265597998e-01,2.414998117507181352e-01,9.999999999999933387e-01,2.414998112104056460e-01,4.227928556375891711e-01,3.679515748574362366e-01,3.868963349952997954e-01,3.802145889509265242e-01,3.826756059679310429e-01,3.817675591447628469e-01,3.821147235488889238e-01,3.819781613746298654e-01,3.820471401722765892e-01,3.819781584580264067e-01,3.821147237831176713e-01,3.817675601065410596e-01,3.817675617500859153e-01,3.826756036860861632e-01,3.802145884236530771e-01,3.868963395299554464e-01,3.679515755797750365e-01,4.227928558795182035e-01,2.414998112104056460e-01,9.999999999999933387e-01,2.414998152010346399e-01,4.227928547289185879e-01,3.679515738590838914e-01,3.868963391767895055e-01,3.802145913411102418e-01,3.826756036451751664e-01,3.817675605640192815e-01,3.821147274054554899e-01,3.819781598459937033e-01,3.820471408041669070e-01,3.819781589882886852e-01,3.821147264032775381e-01,3.821147287167285245e-01,3.817675606538930566e-01,3.826756065883337721e-01,3.802145911778802567e-01,3.868963398965050149e-01,3.679515780750918230e-01,4.227928556375891711e-01,2.414998152010346399e-01,9.999999999999933387e-01,2.414998145156499743e-01,4.227928546954035083e-01,3.679515784238527876e-01,3.868963417094910540e-01,3.802145893459816239e-01,3.826756058597953203e-01,3.817675648604904604e-01,3.821147263817455952e-01,3.819781612329544718e-01,3.820471420709317112e-01,3.819781614632099531e-01,3.819781608578946552e-01,3.821147233531585474e-01,3.817675603976189436e-01,3.826756052725039936e-01,3.802145886456002044e-01,3.868963384212056877e-01,3.679515748574362366e-01,4.227928547289185879e-01,2.414998145156499743e-01,9.999999999999933387e-01,2.414998082863788753e-01,4.227928560237164124e-01,3.679515774526427307e-01,3.868963368208146458e-01,3.802145882492942719e-01,3.826756067098739944e-01,3.817675604821118007e-01,3.821147242854613379e-01,3.819781587632135045e-01,3.820471417699412564e-01,3.820471401324501137e-01,3.819781564639765370e-01,3.821147222736014371e-01,3.817675597735954440e-01,3.826756022456619943e-01,3.802145875141664799e-01,3.868963349952997954e-01,3.679515738590838914e-01,4.227928546954035083e-01,2.414998082863788753e-01,9.999999999999933387e-01,2.414998100692811733e-01,4.227928550461940160e-01,3.679515721121234817e-01,3.868963354161163437e-01,3.802145887073082320e-01,3.826756025312950671e-01,3.817675579882262582e-01,3.821147218464870932e-01,3.819781584324318802e-01,3.819781621071790534e-01,3.820471403182993386e-01,3.819781609369147235e-01,3.821147265303652674e-01,3.817675619415462074e-01,3.826756064878727437e-01,3.802145889509265242e-01,3.868963391767895055e-01,3.679515784238527876e-01,4.227928560237164124e-01,2.414998100692811733e-01,9.999999999999933387e-01,2.414998166986728201e-01,4.227928543674047135e-01,3.679515758901180655e-01,3.868963418191063153e-01,3.802145889608498086e-01,3.826756055333045969e-01,3.817675606421622181e-01,3.821147265356169553e-01,3.821147285368662327e-01,3.819781603811853721e-01,3.820471427893709082e-01,3.819781630846120768e-01,3.821147265483204603e-01,3.817675630415132693e-01,3.826756059679310429e-01,3.802145913411102418e-01,3.868963417094910540e-01,3.679515774526427307e-01,4.227928550461940160e-01,2.414998166986728201e-01,9.999999999999933387e-01,2.414998133093861077e-01,4.227928569561561489e-01,3.679515793504796184e-01,3.868963406210358391e-01,3.802145897396527197e-01,3.826756064880814101e-01,3.817675627944267513e-01,3.817675603700181330e-01,3.821147226501596661e-01,3.819781582933162722e-01,3.820471406236192746e-01,3.819781590297852691e-01,3.821147242422480161e-01,3.817675591447628469e-01,3.826756036451751664e-01,3.802145893459816239e-01,3.868963368208146458e-01,3.679515721121234817e-01,4.227928543674047135e-01,2.414998133093861077e-01,9.999999999999933387e-01,2.414998092326467172e-01,4.227928566074765082e-01,3.679515736686828076e-01,3.868963369037042299e-01,3.802145860584552062e-01,3.826756046155261881e-01,3.826756059727693948e-01,3.817675583194369282e-01,3.821147243278474326e-01,3.819781602180883362e-01,3.820471402222513913e-01,3.819781601823755701e-01,3.821147235488889238e-01,3.817675605640192815e-01,3.826756058597953203e-01,3.802145882492942719e-01,3.868963354161163437e-01,3.679515758901180655e-01,4.227928569561561489e-01,2.414998092326467172e-01,9.999999999999933387e-01,2.414998146881425778e-01,4.227928541342763635e-01,3.679515740783325661e-01,3.868963373558045871e-01,3.802145882705189051e-01,3.802145919515095285e-01,3.826756055522170241e-01,3.817675625801084105e-01,3.821147282595545591e-01,3.819781620253936971e-01,3.820471441382398137e-01,3.819781613746298654e-01,3.821147274054554899e-01,3.817675648604904604e-01,3.826756067098739944e-01,3.802145887073082320e-01,3.868963418191063153e-01,3.679515793504796184e-01,4.227928566074765082e-01,2.414998146881425778e-01,9.999999999999933387e-01,2.414998151947999327e-01,4.227928570225015781e-01,3.679515762700956150e-01,3.868963412069345020e-01,3.868963398943462417e-01,3.802145865795462099e-01,3.826756043836190835e-01,3.817675611922773937e-01,3.821147247058467866e-01,3.819781600425358192e-01,3.820471401722765892e-01,3.819781598459937033e-01,3.821147263817455952e-01,3.817675604821118007e-01,3.826756025312950671e-01,3.802145889608498086e-01,3.868963406210358391e-01,3.679515736686828076e-01,4.227928541342763635e-01,2.414998151947999327e-01,9.999999999999933387e-01,2.414998106955256740e-01,4.227928549509005762e-01,3.679515751365021736e-01,3.679515756233895374e-01,3.868963368759591459e-01,3.802145874206099840e-01,3.826756051880651488e-01,3.817675599153248500e-01,3.821147252406377204e-01,3.819781584580264067e-01,3.820471408041669070e-01,3.819781612329544718e-01,3.821147242854613379e-01,3.817675579882262582e-01,3.826756055333045969e-01,3.802145897396527197e-01,3.868963369037042299e-01,3.679515740783325661e-01,4.227928570225015781e-01,2.414998106955256740e-01,9.999999999999933387e-01,2.414998097109108399e-01,4.227928554595864474e-01,4.227928560374175637e-01,3.679515723646227254e-01,3.868963373423294216e-01,3.802145889116582689e-01,3.826756039156977707e-01,3.817675603667473050e-01,3.821147237831176713e-01,3.819781589882886852e-01,3.820471420709317112e-01,3.819781587632135045e-01,3.821147218464870932e-01,3.817675606421622181e-01,3.826756064880814101e-01,3.802145860584552062e-01,3.868963373558045871e-01,3.679515762700956150e-01,4.227928549509005762e-01,2.414998097109108399e-01,9.999999999999933387e-01,2.414998114134410678e-01,2.414998148266970512e-01,4.227928544941211841e-01,3.679515752337289003e-01,3.868963394724396210e-01,3.802145889666107559e-01,3.826756062779239076e-01,3.817675601065410596e-01,3.821147264032775381e-01,3.819781614632099531e-01,3.820471417699412564e-01,3.819781584324318802e-01,3.821147265356169553e-01,3.817675627944267513e-01,3.826756046155261881e-01,3.802145882705189051e-01,3.868963412069345020e-01,3.679515751365021736e-01,4.227928554595864474e-01,2.414998114134410678e-01,9.999999999999933387e-01
9.999999999999945599e-01,2.298764167557960647e-01,4.180521427978015625e-01,3.595581747724817534e-01,3.802466995152058438e-01,3.727639181018378434e-01,3.755852886594184814e-01,3.745175298549244802e-01,3.749354886989646474e-01,3.747662531604601388e-01,3.748539041144234862e-01,3.747662546627728020e-01,3.749354885091601974e-01,3.745175282954262830e-01,3.755852894748255011e-01,3.727639196465644122e-01,3.802467004069022272e-01,3.595581725099483150e-01,4.180521421386592662e-01,2.298764205221208445e-01,2.298764167557960647e-01,9.999999999999945599e-01,2.298764137759947701e-01,4.180521404062013113e-01,3.595581709153244376e-01,3.802466968960725446e-01,3.727639136910203543e-01,3.755852869417687367e-01,3.745175286266383408e-01,3.749354824987566337e-01,3.747662482015100549e-01,3.748539044794516606e-01,3.747662527618857986e-01,3.749354817959928976e-01,3.745175259558325420e-01,3.755852890796119725e-01,3.727639136489392380e-01,3.802466968693589133e-01,3.595581688973703005e-01,4.180521405302085602e-01,4.180521427978015625e-01,2.298764137759947701e-01,9.999999999999945599e-01,2.298764179410578423e-01,4.180521404787993500e-01,3.595581731206629050e-01,3.802466968384245471e-01,3.727639155365528034e-01,3.755852901539602495e-01,3.745175281271359014e-01,3.749354812404017689e-01,3.747662532706970140e-01,3.748539072231950042e-01,3.747662503001675249e-01,3.749354836172228977e-01,3.745175307573752610e-01,3.755852877190436478e-01,3.727639142648467296e-01,3.802466973606257183e-01,3.595581720810880344e-01,3.595581747724817534e-01,4.180521404062013113e-01,2.298764179410578423e-01,9.999999999999945599e-01,2.298764185911690849e-01,4.180521423812231241e-01,3.595581723164416044e-01,3.802466998048589786e-01,3.727639186883184297e-01,3.755852884524392143e-01,3.745175274950806599e-01,3.749354860509984677e-01,3.747662558114251974e-01,3.748539046091319271e-01,3.747662525001427269e-01,3.749354880353142905e-01,3.745175293516062598e-01,3.755852884129641800e-01,3.727639161261499523e-01,3.802466997786042024e-01,3.802466995152058438e-01,3.595581709153244376e-01,4.180521404787993500e-01,2.298764185911690849e-01,9.999999999999945599e-01,2.298764181866106149e-01,4.180521406411095708e-01,3.595581726499104125e-01,3.802467003547506108e-01,3.727639158484774562e-01,3.755852852053491731e-01,3.745175301684483538e-01,3.749354863074259026e-01,3.747662512832602433e-01,3.748539043483640754e-01,3.747662547963904189e-01,3.749354841794483306e-01,3.745175278384385020e-01,3.755852871580993013e-01,3.727639164114767700e-01,3.727639181018378434e-01,3.802466968960725446e-01,3.595581731206629050e-01,4.180521423812231241e-01,2.298764181866106149e-01,9.999999999999945599e-01,2.298764167415939252e-01,4.180521419413009143e-01,3.595581753420984961e-01,3.802466984160435270e-01,3.727639144948841077e-01,3.755852899506978426e-01,3.745175313747297619e-01,3.749354834808288905e-01,3.747662524922857341e-01,3.748539085916744451e-01,3.747662525489595664e-01,3.749354844518100194e-01,3.745175283199427829e-01,3.755852897513705102e-01,3.755852886594184814e-01,3.727639136910203543e-01,3.802466968384245471e-01,3.595581723164416044e-01,4.180521406411095708e-01,2.298764167415939252e-01,9.999999999999945599e-01,2.298764162766394059e-01,4.180521416883876684e-01,3.595581715803402023e-01,3.802466945998435044e-01,3.727639161644364929e-01,3.755852894871766212e-01,3.745175268035201288e-01,3.749354828041042698e-01,3.747662539148540195e-01,3.748539042823743617e-01,3.747662504688457075e-01,3.749354830600623023e-01,3.745175279965290427e-01,3.745175298549244802e-01,3.755852869417687367e-01,3.727639155365528034e-01,3.802466998048589786e-01,3.595581726499104125e-01,4.180521419413009143e-01,2.298764162766394059e-01,9.999999999999945599e-01,2.298764209313486628e-01,4.180521406052753464e-01,3.595581705221184698e-01,3.802466995348711687e-01,3.727639189935905151e-01,3.755852869411815398e-01,3.745175284528310389e-01,3.749354872479233602e-01,3.747662522680470509e-01,3.748539049071810125e-01,3.747662511619453962e-01,3.749354861812382311e-01,3.749354886989646474e-01,3.745175286266383408e-01,3.755852901539602495e-01,3.727639186883184297e-01,3.802467003547506108e-01,3.595581753420984961e-01,4.180521416883876684e-01,2.298764209313486628e-01,9.999999999999945599e-01,2.298764199277601727e-01,4.180521406533799222e-01,3.595581757442653514e-01,3.802467024370091986e-01,3.727639165855496928e-01,3.755852894496929384e-01,3.745175334407266354e-01,3.749354861427284247e-01,3.747662536768072150e-01,3.748539064132025422e-01,3.747662540143261722e-01,3.747662531604601388e-01,3.749354824987566337e-01,3.745175281271359014e-01,3.755852884524392143e-01,3.727639158484774562e-01,3.802466984160435270e-01,3.595581715803402023e-01,4.180521406052753464e-01,2.298764199277601727e-01,9.999999999999945599e-01,2.298764126434618693e-01,4.180521421482369382e-01,3.595581745864001588e-01,3.802466967539179787e-01,3.727639152318419358e-01,3.755852902560319895e-01,3.745175284747216393e-01,3.749354833655459407e-01,3.747662508679856508e-01,3.748539060013270641e-01,3.748539041144234862e-01,3.747662482015100549e-01,3.749354812404017689e-01,3.745175274950806599e-01,3.755852852053491731e-01,3.727639144948841077e-01,3.802466945998435044e-01,3.595581705221184698e-01,4.180521406533799222e-01,2.298764126434618693e-01,9.999999999999945599e-01,2.298764148541906915e-01,4.180521410417739614e-01,3.595581684756357643e-01,3.802466952021048563e-01,3.727639158754082471e-01,3.755852856020811537e-01,3.745175255227874977e-01,3.749354807196567663e-01,3.747662505436700209e-01,3.747662546627728020e-01,3.748539044794516606e-01,3.747662532706970140e-01,3.749354860509984677e-01,3.745175301684483538e-01,3.755852899506978426e-01,3.727639161644364929e-01,3.802466995348711687e-01,3.595581757442653514e-01,4.180521421482369382e-01,2.298764148541906915e-01,9.999999999999945599e-01,2.298764226716815684e-01,4.180521402399828834e-01,3.595581728578048919e-01,3.802467025078039020e-01,3.727639163957476853e-01,3.755852887830344322e-01,3.745175286767701284e-01,3.749354862539945321e-01,3.749354885091601974e-01,3.747662527618857986e-01,3.748539072231950042e-01,3.747662558114251974e-01,3.749354863074259026e-01,3.745175313747297619e-01,3.755852894871766212e-01,3.727639189935905151e-01,3.802467024370091986e-01,3.595581745864001588e-01,4.180521410417739614e-01,2.298764226716815684e-01,9.999999999999945599e-01,2.298764187786462576e-01,4.180521433146459076e-01,3.595581769580742382e-01,3.802467012243059830e-01,3.727639171963421649e-01,3.755852900837122199e-01,3.745175311443782462e-01,3.745175282954262830e-01,3.749354817959928976e-01,3.747662503001675249e-01,3.748539046091319271e-01,3.747662512832602433e-01,3.749354834808288905e-01,3.745175268035201288e-01,3.755852869411815398e-01,3.727639165855496928e-01,3.802466967539179787e-01,3.595581684756357643e-01,4.180521402399828834e-01,2.298764187786462576e-01,9.999999999999945599e-01,2.298764140101556552e-01,4.180521427978060589e-01,3.595581706063407101e-01,3.802466966569416629e-01,3.727639130134309253e-01,3.755852879824722601e-01,3.755852894748255011e-01,3.745175259558325420e-01,3.749354836172228977e-01,3.747662525001427269e-01,3.748539043483640754e-01,3.747662524922857341e-01,3.749354828041042698e-01,3.745175284528310389e-01,3.755852894496929384e-01,3.727639152318419358e-01,3.802466952021048563e-01,3.595581728578048919e-01,4.180521433146459076e-01,2.298764140101556552e-01,9.999999999999945599e-01,2.298764203443096621e-01,4.180521399926929171e-01,3.595581708806652732e-01,3.802466973740459277e-01,3.727639154908669594e-01,3.727639196465644122e-01,3.755852890796119725e-01,3.745175307573752610e-01,3.749354880353142905e-01,3.747662547963904189e-01,3.748539085916744451e-01,3.747662539148540195e-01,3.749354872479233602e-01,3.745175334407266354e-01,3.755852902560319895e-01,3.727639158754082471e-01,3.802467025078039020e-01,3.595581769580742382e-01,4.180521427978060589e-01,2.298764203443096621e-01,9.999999999999945599e-01,2.298764211251012879e-01,4.180521431635742524e-01,3.595581733837512894e-01,3.802467019085298272e-01,3.802467004069022272e-01,3.727639136489392380e-01,3.755852877190436478e-01,3.745175293516062598e-01,3.749354841794483306e-01,3.747662525489595664e-01,3.748539042823743617e-01,3.747662522680470509e-01,3.749354861427284247e-01,3.745175284747216393e-01,3.755852856020811537e-01,3.727639163957476853e-01,3.802467012243059830e-01,3.595581706063407101e-01,4.180521399926929171e-01,2.298764211251012879e-01,9.999999999999945599e-01,2.298764157828651622e-01,4.180521411078099714e-01,3.595581722003317604e-01,3.595581725099483150e-01,3.802466968693589133e-01,3.727639142648467296e-01,3.755852884129641800e-01,3.745175278384385020e-01,3.749354844518100194e-01,3.747662504688457075e-01,3.748539049071810125e-01,3.747662536768072150e-01,3.749354833655459407e-01,3.745175255227874977e-01,3.755852887830344322e-01,3.727639171963421649e-01,3.802466966569416629e-01,3.595581708806652732e-01,4.180521431635742524e-01,2.298764157828651622e-01,9.999999999999945599e-01,2.298764144689200428e-01,4.180521415393956830e-01,4.180521421386592662e-01,3.595581688973703005e-01,3.802466973606257183e-01,3.727639161261499523e-01,3.755852871580993013e-01,3.745175283199427829e-01,3.749354830600623023e-01,3.747662511619453962e-01,3.748539064132025422e-01,3.747662508679856508e-01,3.749354807196567663e-01,3.745175286767701284e-01,3.755852900837122199e-01,3.727639130134309253e-01,3.802466973740459277e-01,3.595581733837512894e-01,4.180521411078099714e-01,2.298764144689200428e-01,9.999999999999945599e-01,2.298764166471737869e-01,2.298764205221208445e-01,4.180521405302085602e-01,3.595581720810880344e-01,3.802466997786042024e-01,3.727639164114767700e-01,3.755852897513705102e-01,3.745175279965290427e-01,3.749354861812382311e-01,3.747662540143261722e-01,3.748539060013270641e-01,3.747662505436700209e-01,3.749354862539945321e-01,3.745175311443782462e-01,3.755852879824722601e-01,3.727639154908669594e-01,3.802467019085298272e-01,3.595581722003317604e-01,4.180521415393956830e-01,2.298764166471737869e-01,9.999999999999945599e-01
9.999999999999915623e-01,2.181495503978574946e-01,4.134463880995568053e-01,3.510787918152623588e-01,3.736601498542996280e-01,3.652866754613238731e-01,3.685183901706362009e-01,3.672642831350834136e-01,3.677669365634306242e-01,3.675575249505788067e-01,3.676687339543623922e-01,3.675575267508485178e-01,3.677669363835621152e-01,3.672642814135052558e-01,3.685183911409278812e-01,3.652866772565032671e-01,3.736601509937954035e-01,3.510787893202955701e-01,4.134463873448315785e-01,2.181495547704582760e-01,2.181495503978574946e-01,9.999999999999915623e-01,2.181495468711998897e-01,4.134463854006709682e-01,3.510787876608880698e-01,3.736601468346439914e-01,3.652866704350554716e-01,3.685183883636788948e-01,3.672642817420149752e-01,3.677669294713404868e-01,3.675575193530694063e-01,3.676687345702480125e-01,3.675575246550259467e-01,3.677669287629877215e-01,3.672642787464900360e-01,3.685183907979769913e-01,3.652866705644418621e-01,3.736601469155406141e-01,3.510787853198995001e-01,4.134463856853994868e-01,4.134463880995568053e-01,2.181495468711998897e-01,9.999999999999915623e-01,2.181495514147653858e-01,4.134463855160757650e-01,3.510787899111776911e-01,3.736601467869829496e-01,3.652866724319895342e-01,3.685183919061023050e-01,3.672642809423944943e-01,3.677669280139607699e-01,3.675575250831231156e-01,3.676687375964803328e-01,3.675575217861058452e-01,3.677669307262322329e-01,3.672642841454228924e-01,3.685183891921660626e-01,3.652866708976484911e-01,3.736601474259225730e-01,3.510787888195833761e-01,3.510787918152623588e-01,4.134463854006709682e-01,2.181495514147653858e-01,9.999999999999915623e-01,2.181495523724568952e-01,4.134463875060602200e-01,3.510787889767180703e-01,3.736601501354777644e-01,3.652866759915305295e-01,3.685183897630890382e-01,3.672642802879262369e-01,3.677669334251987276e-01,3.675575280529652655e-01,3.676687344467920449e-01,3.675575242713663981e-01,3.677669356520339994e-01,3.672642827167102442e-01,3.685183897538111264e-01,3.652866731724870863e-01,3.736601501331954234e-01,3.736601498542996280e-01,3.510787876608880698e-01,4.134463855160757650e-01,2.181495523724568952e-01,9.999999999999915623e-01,2.181495519703353092e-01,4.134463857634565476e-01,3.510787895885293941e-01,3.736601508941153060e-01,3.652866728033852262e-01,3.685183862900167640e-01,3.672642835321043853e-01,3.677669339637399393e-01,3.675575230029344831e-01,3.676687343584457146e-01,3.675575271401463340e-01,3.677669314486791130e-01,3.672642809404860764e-01,3.685183885186458230e-01,3.652866737188257829e-01,3.652866754613238731e-01,3.736601468346439914e-01,3.510787899111776911e-01,4.134463875060602200e-01,2.181495519703353092e-01,9.999999999999915623e-01,2.181495501775299051e-01,4.134463871180413808e-01,3.510787925040393942e-01,3.736601484702122278e-01,3.652866712253963755e-01,3.685183916273829796e-01,3.672642849047832447e-01,3.677669305774553532e-01,3.675575243053137431e-01,3.676687389544546769e-01,3.675575246308536714e-01,3.677669314554246061e-01,3.672642814790806343e-01,3.685183913881034945e-01,3.685183901706362009e-01,3.652866704350554716e-01,3.736601467869829496e-01,3.510787889767180703e-01,4.134463857634565476e-01,2.181495501775299051e-01,9.999999999999915623e-01,2.181495497775328141e-01,4.134463868569019374e-01,3.510787881158468071e-01,3.736601442265829465e-01,3.652866731475916118e-01,3.685183912279954566e-01,3.672642795337018318e-01,3.677669299252449564e-01,3.675575259841015185e-01,3.676687342725962204e-01,3.675575219559422124e-01,3.677669301721325223e-01,3.672642810409948444e-01,3.672642831350834136e-01,3.685183883636788948e-01,3.652866724319895342e-01,3.736601501354777644e-01,3.510787895885293941e-01,4.134463871180413808e-01,2.181495497775328141e-01,9.999999999999915623e-01,2.181495551536939692e-01,4.134463855726857595e-01,3.510787869867519895e-01,3.736601500135622311e-01,3.652866764692697110e-01,3.685183884564948720e-01,3.672642814304665770e-01,3.677669350150452043e-01,3.675575241821087413e-01,3.676687349031944052e-01,3.675575228226357072e-01,3.677669338493467777e-01,3.677669365634306242e-01,3.672642817420149752e-01,3.685183919061023050e-01,3.652866759915305295e-01,3.736601508941153060e-01,3.510787925040393942e-01,4.134463868569019374e-01,2.181495551536939692e-01,9.999999999999915623e-01,2.181495537757461300e-01,4.134463857165989742e-01,3.510787929477248159e-01,3.736601533013585996e-01,3.652866735869585435e-01,3.685183912625867864e-01,3.672642872163250916e-01,3.677669337762218271e-01,3.675575256292210602e-01,3.676687366466245832e-01,3.675575260898400476e-01,3.675575249505788067e-01,3.677669294713404868e-01,3.672642809423944943e-01,3.685183897630890382e-01,3.652866728033852262e-01,3.736601484702122278e-01,3.510787881158468071e-01,4.134463855726857595e-01,2.181495537757461300e-01,9.999999999999915623e-01,2.181495453095771420e-01,4.134463874162873087e-01,3.510787915960418837e-01,3.736601467513092079e-01,3.652866719491175140e-01,3.685183920065408514e-01,3.672642816157800638e-01,3.677669302232156046e-01,3.675575224703248045e-01,3.676687361134322041e-01,3.676687339543623922e-01,3.675575193530694063e-01,3.677669280139607699e-01,3.672642802879262369e-01,3.685183862900167640e-01,3.652866712253963755e-01,3.736601442265829465e-01,3.510787869867519895e-01,4.134463857165989742e-01,2.181495453095771420e-01,9.999999999999915623e-01,2.181495480332134862e-01,4.134463861398680051e-01,3.510787846385619027e-01,3.736601450294643190e-01,3.652866728367941129e-01,3.685183867928070178e-01,3.672642781805698364e-01,3.677669273494446611e-01,3.675575221349326460e-01,3.675575267508485178e-01,3.676687345702480125e-01,3.675575250831231156e-01,3.677669334251987276e-01,3.672642835321043853e-01,3.685183916273829796e-01,3.652866731475916118e-01,3.736601500135622311e-01,3.510787929477248159e-01,4.134463874162873087e-01,2.181495480332134862e-01,9.999999999999915623e-01,2.181495572224403934e-01,4.134463852096329495e-01,3.510787897070024588e-01,3.736601533312163825e-01,3.652866736963443772e-01,3.685183901613497959e-01,3.672642819156889393e-01,3.677669338579940828e-01,3.677669363835621152e-01,3.675575246550259467e-01,3.676687375964803328e-01,3.675575280529652655e-01,3.677669339637399393e-01,3.672642849047832447e-01,3.685183912279954566e-01,3.652866764692697110e-01,3.736601533013585996e-01,3.510787915960418837e-01,4.134463861398680051e-01,2.181495572224403934e-01,9.999999999999915623e-01,2.181495527713121496e-01,4.134463888392325148e-01,3.510787945592813708e-01,3.736601519174798658e-01,3.652866745444566798e-01,3.685183918646060541e-01,3.672642847105559438e-01,3.672642814135052558e-01,3.677669287629877215e-01,3.675575217861058452e-01,3.676687344467920449e-01,3.675575230029344831e-01,3.677669305774553532e-01,3.672642795337018318e-01,3.685183884564948720e-01,3.652866735869585435e-01,3.736601467513092079e-01,3.510787846385619027e-01,4.134463852096329495e-01,2.181495527713121496e-01,9.999999999999915623e-01,2.181495472217103715e-01,4.134463881085913006e-01,3.510787874859215840e-01,3.736601463910073639e-01,3.652866698173207749e-01,3.685183895127683851e-01,3.685183911409278812e-01,3.672642787464900360e-01,3.677669307262322329e-01,3.675575242713663981e-01,3.676687343584457146e-01,3.675575243053137431e-01,3.677669299252449564e-01,3.672642814304665770e-01,3.685183912625867864e-01,3.652866719491175140e-01,3.736601450294643190e-01,3.510787897070024588e-01,4.134463888392325148e-01,2.181495472217103715e-01,9.999999999999915623e-01,2.181495545549332615e-01,4.134463849086047471e-01,3.510787876121669315e-01,3.736601474241617593e-01,3.652866725553887139e-01,3.652866772565032671e-01,3.685183907979769913e-01,3.672642841454228924e-01,3.677669356520339994e-01,3.675575271401463340e-01,3.676687389544546769e-01,3.675575259841015185e-01,3.677669350150452043e-01,3.672642872163250916e-01,3.685183920065408514e-01,3.652866728367941129e-01,3.736601533312163825e-01,3.510787945592813708e-01,4.134463881085913006e-01,2.181495545549332615e-01,9.999999999999915623e-01,2.181495556451246431e-01,4.134463884111260201e-01,3.510787904544596660e-01,3.736601527434484371e-01,3.736601509937954035e-01,3.652866705644418621e-01,3.685183891921660626e-01,3.672642827167102442e-01,3.677669314486791130e-01,3.675575246308536714e-01,3.676687342725962204e-01,3.675575241821087413e-01,3.677669337762218271e-01,3.672642816157800638e-01,3.685183867928070178e-01,3.652866736963443772e-01,3.736601519174798658e-01,3.510787874859215840e-01,4.134463849086047471e-01,2.181495556451246431e-01,9.999999999999915623e-01,2.181495493469749469e-01,4.134463863936470585e-01,3.510787891952240614e-01,3.510787893202955701e-01,3.736601469155406141e-01,3.652866708976484911e-01,3.685183897538111264e-01,3.672642809404860764e-01,3.677669314554246061e-01,3.675575219559422124e-01,3.676687349031944052e-01,3.675575256292210602e-01,3.677669302232156046e-01,3.672642781805698364e-01,3.685183901613497959e-01,3.652866745444566798e-01,3.736601463910073639e-01,3.510787876121669315e-01,4.134463884111260201e-01,2.181495493469749469e-01,9.999999999999915623e-01,2.181495476757294993e-01,4.134463867407046633e-01,4.134463873448315785e-01,3.510787853198995001e-01,3.736601474259225730e-01,3.652866731724870863e-01,3.685183885186458230e-01,3.672642814790806343e-01,3.677669301721325223e-01,3.675575228226357072e-01,3.676687366466245832e-01,3.675575224703248045e-01,3.677669273494446611e-01,3.672642819156889393e-01,3.685183918646060541e-01,3.652866698173207749e-01,3.736601474241617593e-01,3.510787904544596660e-01,4.134463863936470585e-01,2.181495476757294993e-01,9.999999999999915623e-01,2.181495503916651424e-01,2.181495547704582760e-01,4.134463856853994868e-01,3.510787888195833761e-01,3.736601501331954234e-01,3.652866737188257829e-01,3.685183913881034945e-01,3.672642810409948444e-01,3.677669338493467777e-01,3.675575260898400476e-01,3.676687361134322041e-01,3.675575221349326460e-01,3.677669338579940828e-01,3.672642847105559438e-01,3.685183895127683851e-01,3.652866725553887139e-01,3.736601527434484371e-01,3.510787891952240614e-01,4.134463867407046633e-01,2.181495503916651424e-01,9.999999999999915623e-01
