9.999999999999926725e-01,9.164158676299116735e-01,9.175135544978367808e-01,9.175253829927950688e-01,9.175274434993159201e-01,9.175278621876667984e-01,9.175279837451035814e-01,9.175280281130513416e-01,9.175280467741905310e-01,9.175280547449307100e-01,9.175280569679545861e-01,9.175280547343087623e-01,9.175280467463076128e-01,9.175280281339945887e-01,9.175279837305406749e-01,9.175278622071394441e-01,9.175274434836357962e-01,9.175253829893731394e-01,9.175135544894693629e-01,9.164158676276977777e-01,9.164158676299116735e-01,9.999999999999926725e-01,9.164158676185328867e-01,9.175135545323386266e-01,9.175253829690469543e-01,9.175274435191325129e-01,9.175278621811512325e-01,9.175279837390784010e-01,9.175280281402333760e-01,9.175280467828363928e-01,9.175280547163058298e-01,9.175280569905145400e-01,9.175280547145773236e-01,9.175280467698510023e-01,9.175280281109454705e-01,9.175279837765661917e-01,9.175278621531035572e-01,9.175274435267837259e-01,9.175253829554339546e-01,9.175135545172846685e-01,9.175135544978367808e-01,9.164158676185328867e-01,9.999999999999926725e-01,9.164158676331013442e-01,9.175135544874083449e-01,9.175253829685839913e-01,9.175274434949266533e-01,9.175278621553228930e-01,9.175279837479292100e-01,9.175280281316672282e-01,9.175280467363315928e-01,9.175280547210675763e-01,9.175280569484991489e-01,9.175280547197920411e-01,9.175280467284846475e-01,9.175280281347910627e-01,9.175279837044373332e-01,9.175278621773192977e-01,9.175274434735225526e-01,9.175253829627736391e-01,9.175253829927950688e-01,9.175135545323386266e-01,9.164158676331013442e-01,9.999999999999926725e-01,9.164158676355057542e-01,9.175135545359306422e-01,9.175253829940603900e-01,9.175274435167587450e-01,9.175278622142616358e-01,9.175279837862121424e-01,9.175280281320051801e-01,9.175280467884383562e-01,9.175280547301443157e-01,9.175280570040142969e-01,9.175280547248256813e-01,9.175280468030084791e-01,9.175280281106599212e-01,9.175279837755258017e-01,9.175278621726606909e-01,9.175274435303454323e-01,9.175274434993159201e-01,9.175253829690469543e-01,9.175135544874083449e-01,9.164158676355057542e-01,9.999999999999926725e-01,9.164158676229955391e-01,9.175135545016372962e-01,9.175253829580169995e-01,9.175274435173791376e-01,9.175278621933525836e-01,9.175279837293109919e-01,9.175280281253086478e-01,9.175280467364270720e-01,9.175280547245172613e-01,9.175280569498236449e-01,9.175280547416529986e-01,9.175280467190911615e-01,9.175280281253135328e-01,9.175279837132175320e-01,9.175278621721160155e-01,9.175278621876667984e-01,9.175274435191325129e-01,9.175253829685839913e-01,9.175135545359306422e-01,9.164158676229955391e-01,9.999999999999926725e-01,9.164158676385573132e-01,9.175135545092513167e-01,9.175253829992223720e-01,9.175274435402460682e-01,9.175278621792677392e-01,9.175279837646127534e-01,9.175280281177314867e-01,9.175280467756252722e-01,9.175280547153120692e-01,9.175280570090560417e-01,9.175280547009201371e-01,9.175280467777998661e-01,9.175280281046365172e-01,9.175279837551539863e-01,9.175279837451035814e-01,9.175278621811512325e-01,9.175274434949266533e-01,9.175253829940603900e-01,9.175135545016372962e-01,9.164158676385573132e-01,9.999999999999926725e-01,9.164158676153758565e-01,9.175135545292570916e-01,9.175253829999189259e-01,9.175274435029339148e-01,9.175278621924634059e-01,9.175279837337489974e-01,9.175280281329678544e-01,9.175280467427266995e-01,9.175280547509225837e-01,9.175280569461429225e-01,9.175280547365904926e-01,9.175280467342360469e-01,9.175280281247363279e-01,9.175280281130513416e-01,9.175279837390784010e-01,9.175278621553228930e-01,9.175274435167587450e-01,9.175253829580169995e-01,9.175135545092513167e-01,9.164158676153758565e-01,9.999999999999926725e-01,9.164158676347621268e-01,9.175135545270399762e-01,9.175253829572332931e-01,9.175274435128925044e-01,9.175278621582168004e-01,9.175279837481102874e-01,9.175280280975303127e-01,9.175280467759177050e-01,9.175280546846266150e-01,9.175280569786858909e-01,9.175280546902441214e-01,9.175280467505048110e-01,9.175280467741905310e-01,9.175280281402333760e-01,9.175279837479292100e-01,9.175278622142616358e-01,9.175274435173791376e-01,9.175253829992223720e-01,9.175135545292570916e-01,9.164158676347621268e-01,9.999999999999926725e-01,9.164158676668904269e-01,9.175135545216205335e-01,9.175253830044686199e-01,9.175274435167629639e-01,9.175278622049233279e-01,9.175279837500870395e-01,9.175280281660187498e-01,9.175280467464611567e-01,9.175280547513613438e-01,9.175280569703456734e-01,9.175280547408162235e-01,9.175280547449307100e-01,9.175280467828363928e-01,9.175280281316672282e-01,9.175279837862121424e-01,9.175278621933525836e-01,9.175274435402460682e-01,9.175253829999189259e-01,9.175135545270399762e-01,9.164158676668904269e-01,9.999999999999926725e-01,9.164158676470399723e-01,9.175135545469221832e-01,9.175253829868240674e-01,9.175274435458583566e-01,9.175278621864100259e-01,9.175279837976392239e-01,9.175280281166400265e-01,9.175280467961677289e-01,9.175280547205368897e-01,9.175280570021852045e-01,9.175280569679545861e-01,9.175280547163058298e-01,9.175280467363315928e-01,9.175280281320051801e-01,9.175279837293109919e-01,9.175278621792677392e-01,9.175274435029339148e-01,9.175253829572332931e-01,9.175135545216205335e-01,9.164158676470399723e-01,9.999999999999926725e-01,9.164158676329015041e-01,9.175135544929947651e-01,9.175253829799939753e-01,9.175274434884516106e-01,9.175278621976540316e-01,9.175279837112676473e-01,9.175280281283926254e-01,9.175280467274413709e-01,9.175280547166430045e-01,9.175280547343087623e-01,9.175280569905145400e-01,9.175280547210675763e-01,9.175280467884383562e-01,9.175280281253086478e-01,9.175279837646127534e-01,9.175278621924634059e-01,9.175274435128925044e-01,9.175253830044686199e-01,9.175135545469221832e-01,9.164158676329015041e-01,9.999999999999926725e-01,9.164158676297001760e-01,9.175135545353862998e-01,9.175253829731794264e-01,9.175274435531887152e-01,9.175278621624268771e-01,9.175279837726971754e-01,9.175280281129151172e-01,9.175280467730023704e-01,9.175280467463076128e-01,9.175280547145773236e-01,9.175280569484991489e-01,9.175280547301443157e-01,9.175280467364270720e-01,9.175280281177314867e-01,9.175279837337489974e-01,9.175278621582168004e-01,9.175274435167629639e-01,9.175253829868240674e-01,9.175135544929947651e-01,9.164158676297001760e-01,9.999999999999926725e-01,9.164158676269582582e-01,9.175135544852663916e-01,9.175253829920835269e-01,9.175274434712142879e-01,9.175278621822107183e-01,9.175279837109919789e-01,9.175280281127258242e-01,9.175280281339945887e-01,9.175280467698510023e-01,9.175280547197920411e-01,9.175280570040142969e-01,9.175280547245172613e-01,9.175280467756252722e-01,9.175280281329678544e-01,9.175279837481102874e-01,9.175278622049233279e-01,9.175274435458583566e-01,9.175253829799939753e-01,9.175135545353862998e-01,9.164158676269582582e-01,9.999999999999926725e-01,9.164158676232372347e-01,9.175135545503061429e-01,9.175253829611494938e-01,9.175274435340530221e-01,9.175278621679523461e-01,9.175279837579922715e-01,9.175279837305406749e-01,9.175280281109454705e-01,9.175280467284846475e-01,9.175280547248256813e-01,9.175280569498236449e-01,9.175280547153120692e-01,9.175280467427266995e-01,9.175280280975303127e-01,9.175279837500870395e-01,9.175278621864100259e-01,9.175274434884516106e-01,9.175253829731794264e-01,9.175135544852663916e-01,9.164158676232372347e-01,9.999999999999926725e-01,9.164158676440031792e-01,9.175135544691210843e-01,9.175253829743361678e-01,9.175274434707214599e-01,9.175278621683334856e-01,9.175278622071394441e-01,9.175279837765661917e-01,9.175280281347910627e-01,9.175280468030084791e-01,9.175280547416529986e-01,9.175280570090560417e-01,9.175280547509225837e-01,9.175280467759177050e-01,9.175280281660187498e-01,9.175279837976392239e-01,9.175278621976540316e-01,9.175274435531887152e-01,9.175253829920835269e-01,9.175135545503061429e-01,9.164158676440031792e-01,9.999999999999926725e-01,9.164158676295035555e-01,9.175135545536052817e-01,9.175253829809826289e-01,9.175274435389665362e-01,9.175274434836357962e-01,9.175278621531035572e-01,9.175279837044373332e-01,9.175280281106599212e-01,9.175280467190911615e-01,9.175280547009201371e-01,9.175280569461429225e-01,9.175280546846266150e-01,9.175280467464611567e-01,9.175280281166400265e-01,9.175279837112676473e-01,9.175278621624268771e-01,9.175274434712142879e-01,9.175253829611494938e-01,9.175135544691210843e-01,9.164158676295035555e-01,9.999999999999926725e-01,9.164158676130945702e-01,9.175135544595264259e-01,9.175253829510601200e-01,9.175253829893731394e-01,9.175274435267837259e-01,9.175278621773192977e-01,9.175279837755258017e-01,9.175280281253135328e-01,9.175280467777998661e-01,9.175280547365904926e-01,9.175280569786858909e-01,9.175280547513613438e-01,9.175280467961677289e-01,9.175280281283926254e-01,9.175279837726971754e-01,9.175278621822107183e-01,9.175274435340530221e-01,9.175253829743361678e-01,9.175135545536052817e-01,9.164158676130945702e-01,9.999999999999926725e-01,9.164158676174302132e-01,9.175135545276100757e-01,9.175135544894693629e-01,9.175253829554339546e-01,9.175274434735225526e-01,9.175278621726606909e-01,9.175279837132175320e-01,9.175280281046365172e-01,9.175280467342360469e-01,9.175280546902441214e-01,9.175280569703456734e-01,9.175280547205368897e-01,9.175280467274413709e-01,9.175280281129151172e-01,9.175279837109919789e-01,9.175278621679523461e-01,9.175274434707214599e-01,9.175253829809826289e-01,9.175135544595264259e-01,9.164158676174302132e-01,9.999999999999926725e-01,9.164158676066733733e-01,9.164158676276977777e-01,9.175135545172846685e-01,9.175253829627736391e-01,9.175274435303454323e-01,9.175278621721160155e-01,9.175279837551539863e-01,9.175280281247363279e-01,9.175280467505048110e-01,9.175280547408162235e-01,9.175280570021852045e-01,9.175280547166430045e-01,9.175280467730023704e-01,9.175280281127258242e-01,9.175279837579922715e-01,9.175278621683334856e-01,9.175274435389665362e-01,9.175253829510601200e-01,9.175135545276100757e-01,9.164158676066733733e-01,9.999999999999926725e-01
9.999999999999676925e-01,8.881371310775513228e-01,8.902490123073066863e-01,8.902577466476606638e-01,8.902616867120692890e-01,8.902624692542375762e-01,8.902627019300207722e-01,8.902627877709941018e-01,8.902628240410158655e-01,8.902628396054107496e-01,8.902628439993736098e-01,8.902628396040972447e-01,8.902628240411473159e-01,8.902627877729071271e-01,8.902627019267815855e-01,8.902624692537098872e-01,8.902616867071871942e-01,8.902577466554335572e-01,8.902490123068180772e-01,8.881371310796519758e-01,8.881371310775513228e-01,9.999999999999676925e-01,8.881371310740789893e-01,8.902490123143975698e-01,8.902577466508596604e-01,8.902616867146224688e-01,8.902624692565027642e-01,8.902627019293403166e-01,8.902627877721115413e-01,8.902628240473851040e-01,8.902628395978323672e-01,8.902628440095848861e-01,8.902628396030830560e-01,8.902628240458020370e-01,8.902627877723485739e-01,8.902627019311563084e-01,8.902624692508095405e-01,8.902616867205260798e-01,8.902577466440014797e-01,8.902490123166678648e-01,8.902490123073066863e-01,8.881371310740789893e-01,9.999999999999676925e-01,8.881371310738462865e-01,8.902490123103323771e-01,8.902577466461243372e-01,8.902616867095752839e-01,8.902624692485127111e-01,8.902627019231181826e-01,8.902627877711192239e-01,8.902628240324516051e-01,8.902628396006967426e-01,8.902628440012981814e-01,8.902628396004271805e-01,8.902628240379233393e-01,8.902627877694602176e-01,8.902627019209332637e-01,8.902624692568382736e-01,8.902616867018009472e-01,8.902577466465511069e-01,8.902577466476606638e-01,8.902490123143975698e-01,8.881371310738462865e-01,9.999999999999676925e-01,8.881371310804511143e-01,8.902490123160662350e-01,8.902577466515020355e-01,8.902616867120560773e-01,8.902624692527396633e-01,8.902627019326385671e-01,8.902627877666930978e-01,8.902628240458243525e-01,8.902628396028395841e-01,8.902628440090673001e-01,8.902628396030485280e-01,8.902628240454600883e-01,8.902627877697265601e-01,8.902627019374611539e-01,8.902624692485666680e-01,8.902616867148042124e-01,8.902616867120692890e-01,8.902577466508596604e-01,8.902490123103323771e-01,8.881371310804511143e-01,9.999999999999676925e-01,8.881371310823578114e-01,8.902490123175815784e-01,8.902577466501134795e-01,8.902616867123843702e-01,8.902624692583893662e-01,8.902627019243163353e-01,8.902627877762022690e-01,8.902628240441506913e-01,8.902628396067832073e-01,8.902628440078459438e-01,8.902628396066837313e-01,8.902628240418725136e-01,8.902627877823094948e-01,8.902627019253086527e-01,8.902624692576572851e-01,8.902624692542375762e-01,8.902616867146224688e-01,8.902577466461243372e-01,8.902490123160662350e-01,8.881371310823578114e-01,9.999999999999676925e-01,8.881371310833978683e-01,8.902490123155327728e-01,8.902577466498639014e-01,8.902616867173975823e-01,8.902624692494300884e-01,8.902627019332025604e-01,8.902627877738626960e-01,8.902628240474251831e-01,8.902628396048768433e-01,8.902628440108614205e-01,8.902628396024544477e-01,8.902628240538196236e-01,8.902627877695465930e-01,8.902627019337473468e-01,8.902627019300207722e-01,8.902624692565027642e-01,8.902616867095752839e-01,8.902577466515020355e-01,8.902490123175815784e-01,8.881371310833978683e-01,9.999999999999676925e-01,8.881371310807614217e-01,8.902490123148961709e-01,8.902577466544683293e-01,8.902616867080901386e-01,8.902624692579427235e-01,8.902627019305016098e-01,8.902627877767853581e-01,8.902628240451725405e-01,8.902628396075642492e-01,8.902628440062562154e-01,8.902628396140328526e-01,8.902628240406911253e-01,8.902627877776474463e-01,8.902627877709941018e-01,8.902627019293403166e-01,8.902624692485127111e-01,8.902616867120560773e-01,8.902577466501134795e-01,8.902490123155327728e-01,8.881371310807614217e-01,9.999999999999676925e-01,8.881371310771384309e-01,8.902490123166326708e-01,8.902577466423335917e-01,8.902616867137275181e-01,8.902624692523536387e-01,8.902627019305272560e-01,8.902627877716143834e-01,8.902628240449554919e-01,8.902628396000790145e-01,8.902628440149680245e-01,8.902628395980164422e-01,8.902628240458978492e-01,8.902628240410158655e-01,8.902627877721115413e-01,8.902627019231181826e-01,8.902624692527396633e-01,8.902616867123843702e-01,8.902577466498639014e-01,8.902490123148961709e-01,8.881371310771384309e-01,9.999999999999676925e-01,8.881371310807629760e-01,8.902490123061931326e-01,8.902577466496919278e-01,8.902616867098517295e-01,8.902624692541677431e-01,8.902627019270757947e-01,8.902627877731782435e-01,8.902628240392023162e-01,8.902628396105474184e-01,8.902628440006620236e-01,8.902628396050198401e-01,8.902628396054107496e-01,8.902628240473851040e-01,8.902627877711192239e-01,8.902627019326385671e-01,8.902624692583893662e-01,8.902616867173975823e-01,8.902577466544683293e-01,8.902490123166326708e-01,8.881371310807629760e-01,9.999999999999676925e-01,8.881371310754789805e-01,8.902490123189082949e-01,8.902577466511416571e-01,8.902616867168979820e-01,8.902624692560486830e-01,8.902627019339397485e-01,8.902627877726958516e-01,8.902628240549081973e-01,8.902628396015764833e-01,8.902628440129141119e-01,8.902628439993736098e-01,8.902628395978323672e-01,8.902628240324516051e-01,8.902627877666930978e-01,8.902627019243163353e-01,8.902624692494300884e-01,8.902616867080901386e-01,8.902577466423335917e-01,8.902490123061931326e-01,8.881371310754789805e-01,9.999999999999676925e-01,8.881371310740050484e-01,8.902490123063219185e-01,8.902577466442138654e-01,8.902616867048487315e-01,8.902624692489201630e-01,8.902627019195048508e-01,8.902627877744653251e-01,8.902628240319891972e-01,8.902628395998579691e-01,8.902628396040972447e-01,8.902628440095848861e-01,8.902628396006967426e-01,8.902628240458243525e-01,8.902627877762022690e-01,8.902627019332025604e-01,8.902624692579427235e-01,8.902616867137275181e-01,8.902577466496919278e-01,8.902490123189082949e-01,8.881371310740050484e-01,9.999999999999676925e-01,8.881371310795562746e-01,8.902490123172784875e-01,8.902577466499740355e-01,8.902616867154901081e-01,8.902624692522850269e-01,8.902627019390871865e-01,8.902627877693163327e-01,8.902628240480999766e-01,8.902628240411473159e-01,8.902628396030830560e-01,8.902628440012981814e-01,8.902628396028395841e-01,8.902628240441506913e-01,8.902627877738626960e-01,8.902627019305016098e-01,8.902624692523536387e-01,8.902616867098517295e-01,8.902577466511416571e-01,8.902490123063219185e-01,8.881371310795562746e-01,9.999999999999676925e-01,8.881371310792431917e-01,8.902490123118255161e-01,8.902577466494279168e-01,8.902616867076994511e-01,8.902624692606448953e-01,8.902627019227798977e-01,8.902627877742707030e-01,8.902627877729071271e-01,8.902628240458020370e-01,8.902628396004271805e-01,8.902628440090673001e-01,8.902628396067832073e-01,8.902628240474251831e-01,8.902627877767853581e-01,8.902627019305272560e-01,8.902624692541677431e-01,8.902616867168979820e-01,8.902577466442138654e-01,8.902490123172784875e-01,8.881371310792431917e-01,9.999999999999676925e-01,8.881371310794247131e-01,8.902490123169128911e-01,8.902577466471657264e-01,8.902616867217367780e-01,8.902624692499437886e-01,8.902627019333411162e-01,8.902627019267815855e-01,8.902627877723485739e-01,8.902628240379233393e-01,8.902628396030485280e-01,8.902628440078459438e-01,8.902628396048768433e-01,8.902628240451725405e-01,8.902627877716143834e-01,8.902627019270757947e-01,8.902624692560486830e-01,8.902616867048487315e-01,8.902577466499740355e-01,8.902490123118255161e-01,8.881371310794247131e-01,9.999999999999676925e-01,8.881371310794333729e-01,8.902490123095090357e-01,8.902577466560772645e-01,8.902616867058775751e-01,8.902624692552701946e-01,8.902624692537098872e-01,8.902627019311563084e-01,8.902627877694602176e-01,8.902628240454600883e-01,8.902628396066837313e-01,8.902628440108614205e-01,8.902628396075642492e-01,8.902628240449554919e-01,8.902627877731782435e-01,8.902627019339397485e-01,8.902624692489201630e-01,8.902616867154901081e-01,8.902577466494279168e-01,8.902490123169128911e-01,8.881371310794333729e-01,9.999999999999676925e-01,8.881371310768402250e-01,8.902490123232826846e-01,8.902577466451034871e-01,8.902616867161446956e-01,8.902616867071871942e-01,8.902624692508095405e-01,8.902627019209332637e-01,8.902627877697265601e-01,8.902628240418725136e-01,8.902628396024544477e-01,8.902628440062562154e-01,8.902628396000790145e-01,8.902628240392023162e-01,8.902627877726958516e-01,8.902627019195048508e-01,8.902624692522850269e-01,8.902616867076994511e-01,8.902577466471657264e-01,8.902490123095090357e-01,8.881371310768402250e-01,9.999999999999676925e-01,8.881371310835597388e-01,8.902490123050473825e-01,8.902577466480841029e-01,8.902577466554335572e-01,8.902616867205260798e-01,8.902624692568382736e-01,8.902627019374611539e-01,8.902627877823094948e-01,8.902628240538196236e-01,8.902628396140328526e-01,8.902628440149680245e-01,8.902628396105474184e-01,8.902628240549081973e-01,8.902627877744653251e-01,8.902627019390871865e-01,8.902624692606448953e-01,8.902616867217367780e-01,8.902577466560772645e-01,8.902490123232826846e-01,8.881371310835597388e-01,9.999999999999676925e-01,8.881371310814148989e-01,8.902490123242582376e-01,8.902490123068180772e-01,8.902577466440014797e-01,8.902616867018009472e-01,8.902624692485666680e-01,8.902627019253086527e-01,8.902627877695465930e-01,8.902628240406911253e-01,8.902628395980164422e-01,8.902628440006620236e-01,8.902628396015764833e-01,8.902628240319891972e-01,8.902627877693163327e-01,8.902627019227798977e-01,8.902624692499437886e-01,8.902616867058775751e-01,8.902577466451034871e-01,8.902490123050473825e-01,8.881371310814148989e-01,9.999999999999676925e-01,8.881371310756663862e-01,8.881371310796519758e-01,8.902490123166678648e-01,8.902577466465511069e-01,8.902616867148042124e-01,8.902624692576572851e-01,8.902627019337473468e-01,8.902627877776474463e-01,8.902628240458978492e-01,8.902628396050198401e-01,8.902628440129141119e-01,8.902628395998579691e-01,8.902628240480999766e-01,8.902627877742707030e-01,8.902627019333411162e-01,8.902624692552701946e-01,8.902616867161446956e-01,8.902577466480841029e-01,8.902490123242582376e-01,8.881371310756663862e-01,9.999999999999676925e-01
1.000000000000021982e+00,8.448806728332091120e-01,8.492700438790853346e-01,8.492360402311027734e-01,8.492450648533558244e-01,8.492465410906926415e-01,8.492470086936322327e-01,8.492471831266618087e-01,8.492472575278553482e-01,8.492472896494184242e-01,8.492472986514557620e-01,8.492472896108339553e-01,8.492472575296617920e-01,8.492471831368881841e-01,8.492470086747938574e-01,8.492465410665647196e-01,8.492450648324115781e-01,8.492360403131384849e-01,8.492700438664957385e-01,8.448806728472784133e-01,8.448806728332091120e-01,1.000000000000021982e+00,8.448806728250248810e-01,8.492700439301100745e-01,8.492360402852646706e-01,8.492450648962459603e-01,8.492465411330627489e-01,8.492470086881045432e-01,8.492471831647493419e-01,8.492472576097713777e-01,8.492472895852685166e-01,8.492472987437169607e-01,8.492472896359883894e-01,8.492472575657252776e-01,8.492471831811204686e-01,8.492470086926261486e-01,8.492465410915540636e-01,8.492450649489367009e-01,8.492360402349441451e-01,8.492700439665654688e-01,8.492700438790853346e-01,8.448806728250248810e-01,1.000000000000021982e+00,8.448806728004240041e-01,8.492700439094186260e-01,8.492360402523426721e-01,8.492450648681090231e-01,8.492465410520309010e-01,8.492470086503967064e-01,8.492471831718416686e-01,8.492472574717685463e-01,8.492472896036717955e-01,8.492472986921349998e-01,8.492472895997850157e-01,8.492472575363442244e-01,8.492471831234168489e-01,8.492470086440273569e-01,8.492465411349895410e-01,8.492450647961236054e-01,8.492360402585857893e-01,8.492360402311027734e-01,8.492700439301100745e-01,8.448806728004240041e-01,1.000000000000021982e+00,8.448806728413728040e-01,8.492700439371705379e-01,8.492360402827531241e-01,8.492450648446303596e-01,8.492465410762259914e-01,8.492470087164465387e-01,8.492471830927197374e-01,8.492472575495182419e-01,8.492472896129389381e-01,8.492472987157843045e-01,8.492472896289591233e-01,8.492472575398225532e-01,8.492471831365349111e-01,8.492470087471917228e-01,8.492465410404853587e-01,8.492450648808730351e-01,8.492450648533558244e-01,8.492360402852646706e-01,8.492700439094186260e-01,8.448806728413728040e-01,1.000000000000021982e+00,8.448806728727554782e-01,8.492700439676936774e-01,8.492360402625768190e-01,8.492450648680395231e-01,8.492465411430338840e-01,8.492470086397524431e-01,8.492471831722108178e-01,8.492472575587857175e-01,8.492472896374860802e-01,8.492472987477732715e-01,8.492472896340835797e-01,8.492472575531420098e-01,8.492471832393064801e-01,8.492470086549618324e-01,8.492465411269137787e-01,8.492465410906926415e-01,8.492450648962459603e-01,8.492360402523426721e-01,8.492700439371705379e-01,8.448806728727554782e-01,1.000000000000021982e+00,8.448806728946661737e-01,8.492700439372038446e-01,8.492360402748007076e-01,8.492450649256838568e-01,8.492465410563222461e-01,8.492470087068015872e-01,8.492471831716228436e-01,8.492472575739024032e-01,8.492472896582614617e-01,8.492472987399661832e-01,8.492472896360385715e-01,8.492472576459725309e-01,8.492471831351179334e-01,8.492470087287005143e-01,8.492470086936322327e-01,8.492465411330627489e-01,8.492450648681090231e-01,8.492360402827531241e-01,8.492700439676936774e-01,8.448806728946661737e-01,1.000000000000021982e+00,8.448806728649173037e-01,8.492700439532953061e-01,8.492360403350996956e-01,8.492450648418284898e-01,8.492465411281264753e-01,8.492470087098440423e-01,8.492471831890410217e-01,8.492472575966691917e-01,8.492472896540143035e-01,8.492472987454978695e-01,8.492472897292887568e-01,8.492472575448826166e-01,8.492471832140484622e-01,8.492471831266618087e-01,8.492470086881045432e-01,8.492465410520309010e-01,8.492450648446303596e-01,8.492360402625768190e-01,8.492700439372038446e-01,8.448806728649173037e-01,1.000000000000021982e+00,8.448806728265128019e-01,8.492700439629299325e-01,8.492360401999961006e-01,8.492450648609923824e-01,8.492465410780114521e-01,8.492470086780954386e-01,8.492471831585024500e-01,8.492472575400494827e-01,8.492472896080633937e-01,8.492472987887645930e-01,8.492472895763283347e-01,8.492472575695964032e-01,8.492472575278553482e-01,8.492471831647493419e-01,8.492470086503967064e-01,8.492465410762259914e-01,8.492450648680395231e-01,8.492360402748007076e-01,8.492700439532953061e-01,8.448806728265128019e-01,1.000000000000021982e+00,8.448806728826128154e-01,8.492700438693906451e-01,8.492360402610860115e-01,8.492450648552318793e-01,8.492465410867098274e-01,8.492470086909948979e-01,8.492471831465575605e-01,8.492472575378642308e-01,8.492472896921061665e-01,8.492472986807954038e-01,8.492472896468010735e-01,8.492472896494184242e-01,8.492472576097713777e-01,8.492471831718416686e-01,8.492470087164465387e-01,8.492465411430338840e-01,8.492450649256838568e-01,8.492360403350996956e-01,8.492700439629299325e-01,8.448806728826128154e-01,1.000000000000021982e+00,8.448806728313402736e-01,8.492700439769222953e-01,8.492360403018179849e-01,8.492450649102798454e-01,8.492465411462254421e-01,8.492470087236592136e-01,8.492471831886687639e-01,8.492472576690690556e-01,8.492472896280987005e-01,8.492472987950778762e-01,8.492472986514557620e-01,8.492472895852685166e-01,8.492472574717685463e-01,8.492471830927197374e-01,8.492470086397524431e-01,8.492465410563222461e-01,8.492450648418284898e-01,8.492360401999961006e-01,8.492700438693906451e-01,8.448806728313402736e-01,1.000000000000021982e+00,8.448806727906447156e-01,8.492700438693021603e-01,8.492360402111689410e-01,8.492450648230327470e-01,8.492465410319716135e-01,8.492470086209938929e-01,8.492471831748595879e-01,8.492472574595798518e-01,8.492472895991175497e-01,8.492472896108339553e-01,8.492472987437169607e-01,8.492472896036717955e-01,8.492472575495182419e-01,8.492471831722108178e-01,8.492470087068015872e-01,8.492465411281264753e-01,8.492450648609923824e-01,8.492360402610860115e-01,8.492700439769222953e-01,8.448806727906447156e-01,1.000000000000021982e+00,8.448806728432081137e-01,8.492700439339757601e-01,8.492360402786552909e-01,8.492450648666147739e-01,8.492465410841402162e-01,8.492470087608647855e-01,8.492471831220822498e-01,8.492472575850409378e-01,8.492472575296617920e-01,8.492472896359883894e-01,8.492472986921349998e-01,8.492472896129389381e-01,8.492472575587857175e-01,8.492471831716228436e-01,8.492470087098440423e-01,8.492465410780114521e-01,8.492450648552318793e-01,8.492360403018179849e-01,8.492700438693021603e-01,8.448806728432081137e-01,1.000000000000021982e+00,8.448806728389512966e-01,8.492700439363267684e-01,8.492360402527978636e-01,8.492450648498836019e-01,8.492465411589296131e-01,8.492470086385165429e-01,8.492471831787067327e-01,8.492471831368881841e-01,8.492472575657252776e-01,8.492472895997850157e-01,8.492472987157843045e-01,8.492472896374860802e-01,8.492472575739024032e-01,8.492471831890410217e-01,8.492470086780954386e-01,8.492465410867098274e-01,8.492450649102798454e-01,8.492360402111689410e-01,8.492700439339757601e-01,8.448806728389512966e-01,1.000000000000021982e+00,8.448806728561324420e-01,8.492700439242182320e-01,8.492360402526482055e-01,8.492450649366876103e-01,8.492465410504199674e-01,8.492470087105491450e-01,8.492470086747938574e-01,8.492471831811204686e-01,8.492472575363442244e-01,8.492472896289591233e-01,8.492472987477732715e-01,8.492472896582614617e-01,8.492472575966691917e-01,8.492471831585024500e-01,8.492470086909948979e-01,8.492465411462254421e-01,8.492450648230327470e-01,8.492360402786552909e-01,8.492700439363267684e-01,8.448806728561324420e-01,1.000000000000021982e+00,8.448806728504950625e-01,8.492700439295330916e-01,8.492360403465502028e-01,8.492450648354136211e-01,8.492465411281235887e-01,8.492465410665647196e-01,8.492470086926261486e-01,8.492471831234168489e-01,8.492472575398225532e-01,8.492472896340835797e-01,8.492472987399661832e-01,8.492472896540143035e-01,8.492472575400494827e-01,8.492471831465575605e-01,8.492470087236592136e-01,8.492465410319716135e-01,8.492450648666147739e-01,8.492360402527978636e-01,8.492700439242182320e-01,8.448806728504950625e-01,1.000000000000021982e+00,8.448806728261232246e-01,8.492700439961047287e-01,8.492360402169746303e-01,8.492450648857210460e-01,8.492450648324115781e-01,8.492465410915540636e-01,8.492470086440273569e-01,8.492471831365349111e-01,8.492472575531420098e-01,8.492472896360385715e-01,8.492472987454978695e-01,8.492472896080633937e-01,8.492472575378642308e-01,8.492471831886687639e-01,8.492470086209938929e-01,8.492465410841402162e-01,8.492450648498836019e-01,8.492360402526482055e-01,8.492700439295330916e-01,8.448806728261232246e-01,1.000000000000021982e+00,8.448806729074705979e-01,8.492700438748331804e-01,8.492360402760424920e-01,8.492360403131384849e-01,8.492450649489367009e-01,8.492465411349895410e-01,8.492470087471917228e-01,8.492471832393064801e-01,8.492472576459725309e-01,8.492472897292887568e-01,8.492472987887645930e-01,8.492472896921061665e-01,8.492472576690690556e-01,8.492471831748595879e-01,8.492470087608647855e-01,8.492465411589296131e-01,8.492450649366876103e-01,8.492360403465502028e-01,8.492700439961047287e-01,8.448806729074705979e-01,1.000000000000021982e+00,8.448806728758876394e-01,8.492700440249969507e-01,8.492700438664957385e-01,8.492360402349441451e-01,8.492450647961236054e-01,8.492465410404853587e-01,8.492470086549618324e-01,8.492471831351179334e-01,8.492472575448826166e-01,8.492472895763283347e-01,8.492472986807954038e-01,8.492472896280987005e-01,8.492472574595798518e-01,8.492471831220822498e-01,8.492470086385165429e-01,8.492465410504199674e-01,8.492450648354136211e-01,8.492360402169746303e-01,8.492700438748331804e-01,8.448806728758876394e-01,1.000000000000021982e+00,8.448806728263960064e-01,8.448806728472784133e-01,8.492700439665654688e-01,8.492360402585857893e-01,8.492450648808730351e-01,8.492465411269137787e-01,8.492470087287005143e-01,8.492471832140484622e-01,8.492472575695964032e-01,8.492472896468010735e-01,8.492472987950778762e-01,8.492472895991175497e-01,8.492472575850409378e-01,8.492471831787067327e-01,8.492470087105491450e-01,8.492465411281235887e-01,8.492450648857210460e-01,8.492360402760424920e-01,8.492700440249969507e-01,8.448806728263960064e-01,1.000000000000021982e+00
1.000000000000005107e+00,7.766259112472483350e-01,7.865538368366000732e-01,7.862586163450021592e-01,7.862903337993474295e-01,7.862924156395294517e-01,7.862934249519056840e-01,7.862937869874753183e-01,7.862939450486490234e-01,7.862940141474847877e-01,7.862940324774947420e-01,7.862940135201099690e-01,7.862939451610668762e-01,7.862937869826183146e-01,7.862934249158757272e-01,7.862924152497936525e-01,7.862903338885527393e-01,7.862586171537874202e-01,7.865538365684469069e-01,7.766259113848794637e-01,7.766259112472483350e-01,1.000000000000005107e+00,7.766259115877420793e-01,7.865538373799424443e-01,7.862586172744809865e-01,7.862903345312443060e-01,7.862924165963792733e-01,7.862934249927013841e-01,7.862937878422687765e-01,7.862939463842529841e-01,7.862940136386591394e-01,7.862940337203094820e-01,7.862940142799799137e-01,7.862939455300961278e-01,7.862937882874757589e-01,7.862934249339522674e-01,7.862924163247174691e-01,7.862903350472070230e-01,7.862586169005514325e-01,7.865538380034131638e-01,7.865538368366000732e-01,7.766259115877420793e-01,1.000000000000005107e+00,7.766259110434072799e-01,7.865538372593874339e-01,7.862586169395400226e-01,7.862903345127999488e-01,7.862924155755451894e-01,7.862934247706316881e-01,7.862937881173042154e-01,7.862939448353931660e-01,7.862940138363472276e-01,7.862940333895666045e-01,7.862940136418685722e-01,7.862939458025585138e-01,7.862937872438977571e-01,7.862934249765941574e-01,7.862924164545359584e-01,7.862903337456185193e-01,7.862586172465029222e-01,7.862586163450021592e-01,7.865538373799424443e-01,7.766259110434072799e-01,1.000000000000005107e+00,7.766259111805432491e-01,7.865538372000785428e-01,7.862586171483226805e-01,7.862903337103297474e-01,7.862924156536131859e-01,7.862934252914869360e-01,7.862937868141710585e-01,7.862939452828736631e-01,7.862940137901042181e-01,7.862940330018791668e-01,7.862940141564545016e-01,7.862939450382226969e-01,7.862937875759790085e-01,7.862934253712939858e-01,7.862924153819739193e-01,7.862903343779100718e-01,7.862903337993474295e-01,7.862586172744809865e-01,7.865538372593874339e-01,7.766259111805432491e-01,1.000000000000005107e+00,7.766259115019387149e-01,7.865538377362815137e-01,7.862586167375399393e-01,7.862903341005972324e-01,7.862924165188420744e-01,7.862934243547459179e-01,7.862937876376413504e-01,7.862939455644976094e-01,7.862940137514580208e-01,7.862940338986307287e-01,7.862940137475569191e-01,7.862939457028881307e-01,7.862937882937159895e-01,7.862934246687242057e-01,7.862924163765453445e-01,7.862924156395294517e-01,7.862903345312443060e-01,7.862586169395400226e-01,7.865538372000785428e-01,7.766259115019387149e-01,1.000000000000005107e+00,7.766259119057820071e-01,7.865538371415149443e-01,7.862586169231058353e-01,7.862903347915306540e-01,7.862924154084487416e-01,7.862934249461035474e-01,7.862937877362841110e-01,7.862939453607975526e-01,7.862940144489265482e-01,7.862940332587460279e-01,7.862940142105059316e-01,7.862939462382905198e-01,7.862937873742925632e-01,7.862934254209203999e-01,7.862934249519056840e-01,7.862924165963792733e-01,7.862903345127999488e-01,7.862586171483226805e-01,7.865538377362815137e-01,7.766259119057820071e-01,1.000000000000005107e+00,7.766259115455732553e-01,7.865538376289731293e-01,7.862586179012747145e-01,7.862903339565701089e-01,7.862924163113816922e-01,7.862934253455683420e-01,7.862937877968417810e-01,7.862939463223461711e-01,7.862940141005043682e-01,7.862940340131517880e-01,7.862940149772758014e-01,7.862939456140027872e-01,7.862937884490298623e-01,7.862937869874753183e-01,7.862934249927013841e-01,7.862924155755451894e-01,7.862903337103297474e-01,7.862586167375399393e-01,7.865538371415149443e-01,7.766259115455732553e-01,1.000000000000005107e+00,7.766259110075881544e-01,7.865538376468238502e-01,7.862586161074771596e-01,7.862903338791644714e-01,7.862924157140797066e-01,7.862934244854947741e-01,7.862937877531044339e-01,7.862939449888988186e-01,7.862940138860433636e-01,7.862940338483901392e-01,7.862940133628555373e-01,7.862939456759525658e-01,7.862939450486490234e-01,7.862937878422687765e-01,7.862934247706316881e-01,7.862924156536131859e-01,7.862903341005972324e-01,7.862586169231058353e-01,7.865538376289731293e-01,7.766259110075881544e-01,1.000000000000005107e+00,7.766259119072335126e-01,7.865538366240675261e-01,7.862586167981036045e-01,7.862903340948591557e-01,7.862924155970236750e-01,7.862934252342688168e-01,7.862937872533291017e-01,7.862939455827924196e-01,7.862940144664440911e-01,7.862940330630998620e-01,7.862940142778707120e-01,7.862940141474847877e-01,7.862939463842529841e-01,7.862937881173042154e-01,7.862934252914869360e-01,7.862924165188420744e-01,7.862903347915306540e-01,7.862586179012747145e-01,7.865538376468238502e-01,7.766259119072335126e-01,1.000000000000005107e+00,7.766259113415850956e-01,7.865538378420138255e-01,7.862586175451474757e-01,7.862903345040616054e-01,7.862924168829867888e-01,7.862934252359816689e-01,7.862937883287216545e-01,7.862939466972549418e-01,7.862940141756062928e-01,7.862940344544069315e-01,7.862940324774947420e-01,7.862940136386591394e-01,7.862939448353931660e-01,7.862937868141710585e-01,7.862934243547459179e-01,7.862924154084487416e-01,7.862903339565701089e-01,7.862586161074771596e-01,7.865538366240675261e-01,7.766259113415850956e-01,1.000000000000005107e+00,7.766259106535015055e-01,7.865538367074884629e-01,7.862586161181920330e-01,7.862903339469844433e-01,7.862924150126187062e-01,7.862934244910638748e-01,7.862937876240237989e-01,7.862939445799282945e-01,7.862940137715430655e-01,7.862940135201099690e-01,7.862940337203094820e-01,7.862940138363472276e-01,7.862939452828736631e-01,7.862937876376413504e-01,7.862934249461035474e-01,7.862924163113816922e-01,7.862903338791644714e-01,7.862586167981036045e-01,7.865538378420138255e-01,7.766259106535015055e-01,1.000000000000005107e+00,7.766259113399930358e-01,7.865538370087822306e-01,7.862586172725773981e-01,7.862903338444511281e-01,7.862924159933023516e-01,7.862934254955040725e-01,7.862937872497979264e-01,7.862939458896635037e-01,7.862939451610668762e-01,7.862940142799799137e-01,7.862940333895666045e-01,7.862940137901042181e-01,7.862939455644976094e-01,7.862937877362841110e-01,7.862934253455683420e-01,7.862924157140797066e-01,7.862903340948591557e-01,7.862586175451474757e-01,7.865538367074884629e-01,7.766259113399930358e-01,1.000000000000005107e+00,7.766259111195565890e-01,7.865538377290356431e-01,7.862586166618773520e-01,7.862903343217528818e-01,7.862924165512009678e-01,7.862934245963644209e-01,7.862937880587468342e-01,7.862937869826183146e-01,7.862939455300961278e-01,7.862940136418685722e-01,7.862940330018791668e-01,7.862940137514580208e-01,7.862939453607975526e-01,7.862937877968417810e-01,7.862934244854947741e-01,7.862924155970236750e-01,7.862903345040616054e-01,7.862586161181920330e-01,7.865538370087822306e-01,7.766259111195565890e-01,1.000000000000005107e+00,7.766259115274910529e-01,7.865538367639817174e-01,7.862586168309626533e-01,7.862903345025364921e-01,7.862924153159311924e-01,7.862934250937727576e-01,7.862934249158757272e-01,7.862937882874757589e-01,7.862939458025585138e-01,7.862940141564545016e-01,7.862940338986307287e-01,7.862940144489265482e-01,7.862939463223461711e-01,7.862937877531044339e-01,7.862934252342688168e-01,7.862924168829867888e-01,7.862903339469844433e-01,7.862586172725773981e-01,7.865538377290356431e-01,7.766259115274910529e-01,1.000000000000005107e+00,7.766259114925764262e-01,7.865538378359819838e-01,7.862586179492986327e-01,7.862903341980904681e-01,7.862924167017064647e-01,7.862924152497936525e-01,7.862934249339522674e-01,7.862937872438977571e-01,7.862939450382226969e-01,7.862940137475569191e-01,7.862940332587460279e-01,7.862940141005043682e-01,7.862939449888988186e-01,7.862937872533291017e-01,7.862934252359816689e-01,7.862924150126187062e-01,7.862903338444511281e-01,7.862586166618773520e-01,7.865538367639817174e-01,7.766259114925764262e-01,1.000000000000005107e+00,7.766259112155822208e-01,7.865538376379865859e-01,7.862586163089712032e-01,7.862903342756770719e-01,7.862903338885527393e-01,7.862924163247174691e-01,7.862934249765941574e-01,7.862937875759790085e-01,7.862939457028881307e-01,7.862940142105059316e-01,7.862940340131517880e-01,7.862940138860433636e-01,7.862939455827924196e-01,7.862937883287216545e-01,7.862934244910638748e-01,7.862924159933023516e-01,7.862903343217528818e-01,7.862586168309626533e-01,7.865538378359819838e-01,7.766259112155822208e-01,1.000000000000005107e+00,7.766259122035613638e-01,7.865538370763078824e-01,7.862586174656761573e-01,7.862586171537874202e-01,7.862903350472070230e-01,7.862924164545359584e-01,7.862934253712939858e-01,7.862937882937159895e-01,7.862939462382905198e-01,7.862940149772758014e-01,7.862940338483901392e-01,7.862940144664440911e-01,7.862939466972549418e-01,7.862937876240237989e-01,7.862934254955040725e-01,7.862924165512009678e-01,7.862903345025364921e-01,7.862586179492986327e-01,7.865538376379865859e-01,7.766259122035613638e-01,1.000000000000005107e+00,7.766259116771885296e-01,7.865538383117147703e-01,7.865538365684469069e-01,7.862586169005514325e-01,7.862903337456185193e-01,7.862924153819739193e-01,7.862934246687242057e-01,7.862937873742925632e-01,7.862939456140027872e-01,7.862940133628555373e-01,7.862940330630998620e-01,7.862940141756062928e-01,7.862939445799282945e-01,7.862937872497979264e-01,7.862934245963644209e-01,7.862924153159311924e-01,7.862903341980904681e-01,7.862586163089712032e-01,7.865538370763078824e-01,7.766259116771885296e-01,1.000000000000005107e+00,7.766259114508531347e-01,7.766259113848794637e-01,7.865538380034131638e-01,7.862586172465029222e-01,7.862903343779100718e-01,7.862924163765453445e-01,7.862934254209203999e-01,7.862937884490298623e-01,7.862939456759525658e-01,7.862940142778707120e-01,7.862940344544069315e-01,7.862940137715430655e-01,7.862939458896635037e-01,7.862937880587468342e-01,7.862934250937727576e-01,7.862924167017064647e-01,7.862903342756770719e-01,7.862586174656761573e-01,7.865538383117147703e-01,7.766259114508531347e-01,1.000000000000005107e+00
