1.000000000000022871e+00,9.769198306765884965e-01,9.770149349094424673e-01,9.770180998608745115e-01,9.770183904964452326e-01,9.770184459955991718e-01,9.770184615240427028e-01,9.770184670852721798e-01,9.770184694002141956e-01,9.770184703841912066e-01,9.770184706546215514e-01,9.770184703803475035e-01,9.770184693948891219e-01,9.770184670872127386e-01,9.770184615233882264e-01,9.770184459998831894e-01,9.770183904942252306e-01,9.770180998581406984e-01,9.770149349080821111e-01,9.769198306769549811e-01,9.769198306765884965e-01,1.000000000000022871e+00,9.769198306754953709e-01,9.770149349162503549e-01,9.770180998581071696e-01,9.770183905021642135e-01,9.770184459959179168e-01,9.770184615258682426e-01,9.770184670917069214e-01,9.770184694040906503e-01,9.770184703798073800e-01,9.770184706591680257e-01,9.770184703790174563e-01,9.770184693997310266e-01,9.770184670868043986e-01,9.770184615320305355e-01,9.770184459916753106e-01,9.770183905004892200e-01,9.770180998567048469e-01,9.770149349149676032e-01,9.770149349094424673e-01,9.769198306754953709e-01,1.000000000000022871e+00,9.769198306771830209e-01,9.770149349083564472e-01,9.770180998587163490e-01,9.770183904973359645e-01,9.770184459926237741e-01,9.770184615271734208e-01,9.770184670904463742e-01,9.770184693945711540e-01,9.770184703792271774e-01,9.770184706527149654e-01,9.770184703787230251e-01,9.770184693942005616e-01,9.770184670903236945e-01,9.770184615187095245e-01,9.770184459928017429e-01,9.770183904939286901e-01,9.770180998584647725e-01,9.770180998608745115e-01,9.770149349162503549e-01,9.769198306771830209e-01,1.000000000000022871e+00,9.769198306771936791e-01,9.770149349168780750e-01,9.770180998618093193e-01,9.770183905019642623e-01,9.770184460018322969e-01,9.770184615338390888e-01,9.770184670888525380e-01,9.770184694019036220e-01,9.770184703806947812e-01,9.770184706603326497e-01,9.770184703811166660e-01,9.770184694056353036e-01,9.770184670849035857e-01,9.770184615277608398e-01,9.770184459941668731e-01,9.770183905036041727e-01,9.770183904964452326e-01,9.770180998581071696e-01,9.770149349083564472e-01,9.769198306771936791e-01,1.000000000000022871e+00,9.769198306761046613e-01,9.770149349104114700e-01,9.770180998568621655e-01,9.770183905016198711e-01,9.770184459989267323e-01,9.770184615226704672e-01,9.770184670866288723e-01,9.770184693938008813e-01,9.770184703787528901e-01,9.770184706531520602e-01,9.770184703829751793e-01,9.770184693906471818e-01,9.770184670843897745e-01,9.770184615195378619e-01,9.770184459942726773e-01,9.770184459955991718e-01,9.770183905021642135e-01,9.770180998587163490e-01,9.770149349168780750e-01,9.769198306761046613e-01,1.000000000000022871e+00,9.769198306781816665e-01,9.770149349139591877e-01,9.770180998650006554e-01,9.770183905072019614e-01,9.770184459962515389e-01,9.770184615289416730e-01,9.770184670870148969e-01,9.770184694003480885e-01,9.770184703800611770e-01,9.770184706635088867e-01,9.770184703764820400e-01,9.770184693986116997e-01,9.770184670846684405e-01,9.770184615281300999e-01,9.770184615240427028e-01,9.770184459959179168e-01,9.770183904973359645e-01,9.770180998618093193e-01,9.770149349104114700e-01,9.769198306781816665e-01,1.000000000000022871e+00,9.769198306762437722e-01,9.770149349166808994e-01,9.770180998651639692e-01,9.770183904991018853e-01,9.770184459970883140e-01,9.770184615239122516e-01,9.770184670881305600e-01,9.770184693962403744e-01,9.770184703849891239e-01,9.770184706515887552e-01,9.770184703790263381e-01,9.770184693934665932e-01,9.770184670878269140e-01,9.770184670852721798e-01,9.770184615258682426e-01,9.770184459926237741e-01,9.770183905019642623e-01,9.770180998568621655e-01,9.770149349139591877e-01,9.769198306762437722e-01,1.000000000000022871e+00,9.769198306805544352e-01,9.770149349183759879e-01,9.770180998585841214e-01,9.770183905014823145e-01,9.770184459935821186e-01,9.770184615265492534e-01,9.770184670855478481e-01,9.770184694027018724e-01,9.770184703745964372e-01,9.770184706556636067e-01,9.770184703754056788e-01,9.770184693981730506e-01,9.770184694002141956e-01,9.770184670917069214e-01,9.770184615271734208e-01,9.770184460018322969e-01,9.770183905016198711e-01,9.770180998650006554e-01,9.770149349166808994e-01,9.769198306805544352e-01,1.000000000000022871e+00,9.769198306868842607e-01,9.770149349163705921e-01,9.770180998655667581e-01,9.770183905025762172e-01,9.770184460008295435e-01,9.770184615285666396e-01,9.770184670966103324e-01,9.770184693969075074e-01,9.770184703832786033e-01,9.770184706566438226e-01,9.770184703847091257e-01,9.770184703841912066e-01,9.770184694040906503e-01,9.770184670904463742e-01,9.770184615338390888e-01,9.770184459989267323e-01,9.770183905072019614e-01,9.770180998651639692e-01,9.770149349183759879e-01,9.769198306868842607e-01,1.000000000000022871e+00,9.769198306823424494e-01,9.770149349208071543e-01,9.770180998640918268e-01,9.770183905072592490e-01,9.770184460002825366e-01,9.770184615370750558e-01,9.770184670882556821e-01,9.770184694030220607e-01,9.770184703817004213e-01,9.770184706633959770e-01,9.770184706546215514e-01,9.770184703798073800e-01,9.770184693945711540e-01,9.770184670888525380e-01,9.770184615226704672e-01,9.770184459962515389e-01,9.770183904991018853e-01,9.770180998585841214e-01,9.770149349163705921e-01,9.769198306823424494e-01,1.000000000000022871e+00,9.769198306784386832e-01,9.770149349110508474e-01,9.770180998605159095e-01,9.770183904984651724e-01,9.770184460005323368e-01,9.770184615204569045e-01,9.770184670861044030e-01,9.770184693931956987e-01,9.770184703801810810e-01,9.770184703803475035e-01,9.770184706591680257e-01,9.770184703792271774e-01,9.770184694019036220e-01,9.770184670866288723e-01,9.770184615289416730e-01,9.770184459970883140e-01,9.770183905014823145e-01,9.770180998655667581e-01,9.770149349208071543e-01,9.769198306784386832e-01,1.000000000000022871e+00,9.769198306776512020e-01,9.770149349164457542e-01,9.770180998606691203e-01,9.770183905076367248e-01,9.770184459928589193e-01,9.770184615272571316e-01,9.770184670852103404e-01,9.770184694006112114e-01,9.770184693948891219e-01,9.770184703790174563e-01,9.770184706527149654e-01,9.770184703806947812e-01,9.770184693938008813e-01,9.770184670870148969e-01,9.770184615239122516e-01,9.770184459935821186e-01,9.770183905025762172e-01,9.770180998640918268e-01,9.770149349110508474e-01,9.769198306776512020e-01,1.000000000000022871e+00,9.769198306771301743e-01,9.770149349107035697e-01,9.770180998639730330e-01,9.770183904940846764e-01,9.770184459937750754e-01,9.770184615204848821e-01,9.770184670867722021e-01,9.770184670872127386e-01,9.770184693997310266e-01,9.770184703787230251e-01,9.770184706603326497e-01,9.770184703787528901e-01,9.770184694003480885e-01,9.770184670881305600e-01,9.770184615265492534e-01,9.770184460008295435e-01,9.770183905072592490e-01,9.770180998605159095e-01,9.770149349164457542e-01,9.769198306771301743e-01,1.000000000000022871e+00,9.769198306775549456e-01,9.770149349201628919e-01,9.770180998565769492e-01,9.770183905011636805e-01,9.770184459931761101e-01,9.770184615281841678e-01,9.770184615233882264e-01,9.770184670868043986e-01,9.770184693942005616e-01,9.770184703811166660e-01,9.770184706531520602e-01,9.770184703800611770e-01,9.770184693962403744e-01,9.770184670855478481e-01,9.770184615285666396e-01,9.770184460002825366e-01,9.770183904984651724e-01,9.770180998606691203e-01,9.770149349107035697e-01,9.769198306775549456e-01,1.000000000000022871e+00,9.769198306818480670e-01,9.770149349075516465e-01,9.770180998584209187e-01,9.770183904953143594e-01,9.770184459956454681e-01,9.770184459998831894e-01,9.770184615320305355e-01,9.770184670903236945e-01,9.770184694056353036e-01,9.770184703829751793e-01,9.770184706635088867e-01,9.770184703849891239e-01,9.770184694027018724e-01,9.770184670966103324e-01,9.770184615370750558e-01,9.770184460005323368e-01,9.770183905076367248e-01,9.770180998639730330e-01,9.770149349201628919e-01,9.769198306818480670e-01,1.000000000000022871e+00,9.769198306782232999e-01,9.770149349184118481e-01,9.770180998616113666e-01,9.770183905068242636e-01,9.770183904942252306e-01,9.770184459916753106e-01,9.770184615187095245e-01,9.770184670849035857e-01,9.770184693906471818e-01,9.770184703764820400e-01,9.770184706515887552e-01,9.770184703745964372e-01,9.770184693969075074e-01,9.770184670882556821e-01,9.770184615204569045e-01,9.770184459928589193e-01,9.770183904940846764e-01,9.770180998565769492e-01,9.770149349075516465e-01,9.769198306782232999e-01,1.000000000000022871e+00,9.769198306721801339e-01,9.770149349047450027e-01,9.770180998562748576e-01,9.770180998581406984e-01,9.770183905004892200e-01,9.770184459928017429e-01,9.770184615277608398e-01,9.770184670843897745e-01,9.770184693986116997e-01,9.770184703790263381e-01,9.770184706556636067e-01,9.770184703832786033e-01,9.770184694030220607e-01,9.770184670861044030e-01,9.770184615272571316e-01,9.770184459937750754e-01,9.770183905011636805e-01,9.770180998584209187e-01,9.770149349184118481e-01,9.769198306721801339e-01,1.000000000000022871e+00,9.769198306729893755e-01,9.770149349139067851e-01,9.770149349080821111e-01,9.770180998567048469e-01,9.770183904939286901e-01,9.770184459941668731e-01,9.770184615195378619e-01,9.770184670846684405e-01,9.770184693934665932e-01,9.770184703754056788e-01,9.770184706566438226e-01,9.770184703817004213e-01,9.770184693931956987e-01,9.770184670852103404e-01,9.770184615204848821e-01,9.770184459931761101e-01,9.770183904953143594e-01,9.770180998616113666e-01,9.770149349047450027e-01,9.769198306729893755e-01,1.000000000000022871e+00,9.769198306744737437e-01,9.769198306769549811e-01,9.770149349149676032e-01,9.770180998584647725e-01,9.770183905036041727e-01,9.770184459942726773e-01,9.770184615281300999e-01,9.770184670878269140e-01,9.770184693981730506e-01,9.770184703847091257e-01,9.770184706633959770e-01,9.770184703801810810e-01,9.770184694006112114e-01,9.770184670867722021e-01,9.770184615281841678e-01,9.770184459956454681e-01,9.770183905068242636e-01,9.770180998562748576e-01,9.770149349139067851e-01,9.769198306744737437e-01,1.000000000000022871e+00
9.999999999999904521e-01,9.705680777479036569e-01,9.707288606056576619e-01,9.707343931518025437e-01,9.707349021989021276e-01,9.707350010899010728e-01,9.707350289747499472e-01,9.707350389999589435e-01,9.707350431918128075e-01,9.707350449751240840e-01,9.707350454529358741e-01,9.707350449614744470e-01,9.707350431720328521e-01,9.707350390071527446e-01,9.707350289694044454e-01,9.707350011055020378e-01,9.707349021896429786e-01,9.707343931412195648e-01,9.707288605998184439e-01,9.705680777489796851e-01,9.705680777479036569e-01,9.999999999999904521e-01,9.705680777443137508e-01,9.707288606317368007e-01,9.707343931411319682e-01,9.707349022192971466e-01,9.707350010919308936e-01,9.707350289795891873e-01,9.707350390238608240e-01,9.707350432054435707e-01,9.707350449587893726e-01,9.707350454693177699e-01,9.707350449555067762e-01,9.707350431888294162e-01,9.707350390034987786e-01,9.707350290020910766e-01,9.707350010740016799e-01,9.707349022126920968e-01,9.707343931335296050e-01,9.707288606242117091e-01,9.707288606056576619e-01,9.705680777443137508e-01,9.999999999999904521e-01,9.705680777531264791e-01,9.707288606037116629e-01,9.707343931442613538e-01,9.707349022038674891e-01,9.707350010794462136e-01,9.707350289861151893e-01,9.707350390200801815e-01,9.707350431717012285e-01,9.707350449578037166e-01,9.707350454460237366e-01,9.707350449548902693e-01,9.707350431678424263e-01,9.707350390188704825e-01,9.707350289532962195e-01,9.707350010796413908e-01,9.707349021876521267e-01,9.707343931405837401e-01,9.707343931518025437e-01,9.707288606317368007e-01,9.705680777531264791e-01,9.999999999999904521e-01,9.705680777547865956e-01,9.707288606365048755e-01,9.707343931585326047e-01,9.707349022211040346e-01,9.707350011155900793e-01,9.707350290120695391e-01,9.707350390160720544e-01,9.707350432003916119e-01,9.707350449642058177e-01,9.707350454750679480e-01,9.707350449636305001e-01,9.707350432128769580e-01,9.707350389996752815e-01,9.707350289886642614e-01,9.707350010843383004e-01,9.707349022243875192e-01,9.707349021989021276e-01,9.707343931411319682e-01,9.707288606037116629e-01,9.705680777547865956e-01,9.999999999999904521e-01,9.705680777506925372e-01,9.707288606141121212e-01,9.707343931390173264e-01,9.707349022206155365e-01,9.707350011048264671e-01,9.707350289713171376e-01,9.707350390081168623e-01,9.707350431700868532e-01,9.707350449565882444e-01,9.707350454470654588e-01,9.707350449719147623e-01,9.707350431569727878e-01,9.707350389983476768e-01,9.707350289565463974e-01,9.707350010843452948e-01,9.707350010899010728e-01,9.707349022192971466e-01,9.707343931442613538e-01,9.707288606365048755e-01,9.705680777506925372e-01,9.999999999999904521e-01,9.705680777595543374e-01,9.707288606256969654e-01,9.707343931695788797e-01,9.707349022409053063e-01,9.707350010951703023e-01,9.707350289944675081e-01,9.707350390088816949e-01,9.707350431935323209e-01,9.707350449596603426e-01,9.707350454864704936e-01,9.707350449471150444e-01,9.707350431866605955e-01,9.707350389973622429e-01,9.707350289876124361e-01,9.707350289747499472e-01,9.707350010919308936e-01,9.707349022038674891e-01,9.707343931585326047e-01,9.707288606141121212e-01,9.705680777595543374e-01,9.999999999999904521e-01,9.705680777524368086e-01,9.707288606378077223e-01,9.707343931714093044e-01,9.707349022127369498e-01,9.707350010997761736e-01,9.707350289767726625e-01,9.707350390137978735e-01,9.707350431781462952e-01,9.707350449805510761e-01,9.707350454431554754e-01,9.707350449583262986e-01,9.707350431671836199e-01,9.707350390098768989e-01,9.707350389999589435e-01,9.707350289795891873e-01,9.707350010794462136e-01,9.707349022211040346e-01,9.707343931390173264e-01,9.707288606256969654e-01,9.705680777524368086e-01,9.999999999999904521e-01,9.705680777677063720e-01,9.707288606425665822e-01,9.707343931461317466e-01,9.707349022203468625e-01,9.707350010849897792e-01,9.707350289845605440e-01,9.707350390013265162e-01,9.707350432019901110e-01,9.707350449401566106e-01,9.707350454573097087e-01,9.707350449417561089e-01,9.707350431827395099e-01,9.707350431918128075e-01,9.707350390238608240e-01,9.707350289861151893e-01,9.707350011155900793e-01,9.707349022206155365e-01,9.707343931695788797e-01,9.707288606378077223e-01,9.705680777677063720e-01,9.999999999999904521e-01,9.705680777917093938e-01,9.707288606361805794e-01,9.707343931727659969e-01,9.707349022245759240e-01,9.707350011118620614e-01,9.707350289911079733e-01,9.707350390441943366e-01,9.707350431806072155e-01,9.707350449733682662e-01,9.707350454597547529e-01,9.707350449763186839e-01,9.707350449751240840e-01,9.707350432054435707e-01,9.707350390200801815e-01,9.707350290120695391e-01,9.707350011048264671e-01,9.707349022409053063e-01,9.707343931714093044e-01,9.707288606425665822e-01,9.705680777917093938e-01,9.999999999999904521e-01,9.705680777751101163e-01,9.707288606525742436e-01,9.707343931666538861e-01,9.707349022411371209e-01,9.707350011081020691e-01,9.707350290237307666e-01,9.707350390125226713e-01,9.707350432034851373e-01,9.707350449655535174e-01,9.707350454840766307e-01,9.707350454529358741e-01,9.707350449587893726e-01,9.707350431717012285e-01,9.707350390160720544e-01,9.707350289713171376e-01,9.707350010951703023e-01,9.707349022127369498e-01,9.707343931461317466e-01,9.707288606361805794e-01,9.705680777751101163e-01,9.999999999999904521e-01,9.705680777612117893e-01,9.707288606164247158e-01,9.707343931532614878e-01,9.707349022074936995e-01,9.707350011107649390e-01,9.707350289620723105e-01,9.707350390054116929e-01,9.707350431657639778e-01,9.707350449598518560e-01,9.707350449614744470e-01,9.707350454693177699e-01,9.707350449578037166e-01,9.707350432003916119e-01,9.707350390081168623e-01,9.707350289944675081e-01,9.707350010997761736e-01,9.707349022203468625e-01,9.707343931727659969e-01,9.707288606525742436e-01,9.705680777612117893e-01,9.999999999999904521e-01,9.705680777579392959e-01,9.707288606359661953e-01,9.707343931524347047e-01,9.707349022428228835e-01,9.707350010819053576e-01,9.707350289877956229e-01,9.707350390004181317e-01,9.707350431928093437e-01,9.707350431720328521e-01,9.707350449555067762e-01,9.707350454460237366e-01,9.707350449642058177e-01,9.707350431700868532e-01,9.707350390088816949e-01,9.707350289767726625e-01,9.707350010849897792e-01,9.707349022245759240e-01,9.707343931666538861e-01,9.707288606164247158e-01,9.705680777579392959e-01,9.999999999999904521e-01,9.705680777549458016e-01,9.707288606126744934e-01,9.707343931654677238e-01,9.707349021916151788e-01,9.707350010852361377e-01,9.707350289604667060e-01,9.707350390052359446e-01,9.707350390071527446e-01,9.707350431888294162e-01,9.707350449548902693e-01,9.707350454750679480e-01,9.707350449565882444e-01,9.707350431935323209e-01,9.707350390137978735e-01,9.707350289845605440e-01,9.707350011118620614e-01,9.707349022411371209e-01,9.707343931532614878e-01,9.707288606359661953e-01,9.705680777549458016e-01,9.999999999999904521e-01,9.705680777543446158e-01,9.707288606483831517e-01,9.707343931369200041e-01,9.707349022176631204e-01,9.707350010806550245e-01,9.707350289878653449e-01,9.707350289694044454e-01,9.707350390034987786e-01,9.707350431678424263e-01,9.707350449636305001e-01,9.707350454470654588e-01,9.707350449596603426e-01,9.707350431781462952e-01,9.707350390013265162e-01,9.707350289911079733e-01,9.707350011081020691e-01,9.707349022074936995e-01,9.707343931524347047e-01,9.707288606126744934e-01,9.705680777543446158e-01,9.999999999999904521e-01,9.705680777699691175e-01,9.707288605995778585e-01,9.707343931426043460e-01,9.707349021926414689e-01,9.707350010876991675e-01,9.707350011055020378e-01,9.707350290020910766e-01,9.707350390188704825e-01,9.707350432128769580e-01,9.707350449719147623e-01,9.707350454864704936e-01,9.707350449805510761e-01,9.707350432019901110e-01,9.707350390441943366e-01,9.707350290237307666e-01,9.707350011107649390e-01,9.707349022428228835e-01,9.707343931654677238e-01,9.707288606483831517e-01,9.705680777699691175e-01,9.999999999999904521e-01,9.705680777572166518e-01,9.707288606414254950e-01,9.707343931538550130e-01,9.707349022359793578e-01,9.707349021896429786e-01,9.707350010740016799e-01,9.707350289532962195e-01,9.707350389996752815e-01,9.707350431569727878e-01,9.707350449471150444e-01,9.707350454431554754e-01,9.707350449401566106e-01,9.707350431806072155e-01,9.707350390125226713e-01,9.707350289620723105e-01,9.707350010819053576e-01,9.707349021916151788e-01,9.707343931369200041e-01,9.707288605995778585e-01,9.705680777572166518e-01,9.999999999999904521e-01,9.705680777346304966e-01,9.707288605884372146e-01,9.707343931330124631e-01,9.707343931412195648e-01,9.707349022126920968e-01,9.707350010796413908e-01,9.707350289886642614e-01,9.707350389983476768e-01,9.707350431866605955e-01,9.707350449583262986e-01,9.707350454573097087e-01,9.707350449733682662e-01,9.707350432034851373e-01,9.707350390054116929e-01,9.707350289877956229e-01,9.707350010852361377e-01,9.707349022176631204e-01,9.707343931426043460e-01,9.707288606414254950e-01,9.705680777346304966e-01,9.999999999999904521e-01,9.705680777362375444e-01,9.707288606223030136e-01,9.707288605998184439e-01,9.707343931335296050e-01,9.707349021876521267e-01,9.707350010843383004e-01,9.707350289565463974e-01,9.707350389973622429e-01,9.707350431671836199e-01,9.707350449417561089e-01,9.707350454597547529e-01,9.707350449655535174e-01,9.707350431657639778e-01,9.707350390004181317e-01,9.707350289604667060e-01,9.707350010806550245e-01,9.707349021926414689e-01,9.707343931538550130e-01,9.707288605884372146e-01,9.705680777362375444e-01,9.999999999999904521e-01,9.705680777393650427e-01,9.705680777489796851e-01,9.707288606242117091e-01,9.707343931405837401e-01,9.707349022243875192e-01,9.707350010843452948e-01,9.707350289876124361e-01,9.707350390098768989e-01,9.707350431827395099e-01,9.707350449763186839e-01,9.707350454840766307e-01,9.707350449598518560e-01,9.707350431928093437e-01,9.707350390052359446e-01,9.707350289878653449e-01,9.707350010876991675e-01,9.707349022359793578e-01,9.707343931330124631e-01,9.707288606223030136e-01,9.705680777393650427e-01,9.999999999999904521e-01
1.000000000000003775e+00,9.612832442186054482e-01,9.615726662534475055e-01,9.615829023465334302e-01,9.615838434854103722e-01,9.615840311349700409e-01,9.615840846756412708e-01,9.615841040374430992e-01,9.615841121247581391e-01,9.615841155723083844e-01,9.615841165442893246e-01,9.615841155720811217e-01,9.615841121243358103e-01,9.615841040377235416e-01,9.615840846753568316e-01,9.615840311355521308e-01,9.615838434849406369e-01,9.615829023463045022e-01,9.615726662532285696e-01,9.612832442188486981e-01,9.612832442186054482e-01,1.000000000000003775e+00,9.612832442181712400e-01,9.615726662546412173e-01,9.615829023460924496e-01,9.615838434859331763e-01,9.615840311349049818e-01,9.615840846757464089e-01,9.615841040379156102e-01,9.615841121252419743e-01,9.615841155715398880e-01,9.615841165452141404e-01,9.615841155717823607e-01,9.615841121248435153e-01,9.615841040374416560e-01,9.615840846766782191e-01,9.615840311342199742e-01,9.615838434860312089e-01,9.615829023455192415e-01,9.615726662543556680e-01,9.615726662534475055e-01,9.612832442181712400e-01,1.000000000000003775e+00,9.612832442186565185e-01,9.615726662534704872e-01,9.615829023458630775e-01,9.615838434852082006e-01,9.615840311342848112e-01,9.615840846755707716e-01,9.615841040377723914e-01,9.615841121238125622e-01,9.615841155717864686e-01,9.615841165440873750e-01,9.615841155716216004e-01,9.615841121238761779e-01,9.615841040379331517e-01,9.615840846746710469e-01,9.615840311346227631e-01,9.615838434845743743e-01,9.615829023458871694e-01,9.615829023465334302e-01,9.615726662546412173e-01,9.612832442186565185e-01,1.000000000000003775e+00,9.612832442190638593e-01,9.615726662547766646e-01,9.615829023466897496e-01,9.615838434860690676e-01,9.615840311356701475e-01,9.615840846768806127e-01,9.615841040377882676e-01,9.615841121255501722e-01,9.615841155722711919e-01,9.615841165455106809e-01,9.615841155721093214e-01,9.615841121259706137e-01,9.615841040374359938e-01,9.615840846765162375e-01,9.615840311346504077e-01,9.615838434864726336e-01,9.615838434854103722e-01,9.615829023460924496e-01,9.615726662534704872e-01,9.612832442190638593e-01,1.000000000000003775e+00,9.612832442188106175e-01,9.615726662539302305e-01,9.615829023459796510e-01,9.615838434858455797e-01,9.615840311353464065e-01,9.615840846753445081e-01,9.615841040378999560e-01,9.615841121243452472e-01,9.615841155719727640e-01,9.615841165443563821e-01,9.615841155726013723e-01,9.615841121238268840e-01,9.615841040377536286e-01,9.615840846750108861e-01,9.615840311349834746e-01,9.615840311349700409e-01,9.615838434859331763e-01,9.615829023458630775e-01,9.615726662547766646e-01,9.612832442188106175e-01,1.000000000000003775e+00,9.612832442188533610e-01,9.615726662541415060e-01,9.615829023466034853e-01,9.615838434864775186e-01,9.615840311347154667e-01,9.615840846763484828e-01,9.615841040376473803e-01,9.615841121250623402e-01,9.615841155718287681e-01,9.615841165457941209e-01,9.615841155713827915e-01,9.615841121251225143e-01,9.615841040371032600e-01,9.615840846762405691e-01,9.615840846756412708e-01,9.615840311349049818e-01,9.615838434852082006e-01,9.615829023466897496e-01,9.615726662539302305e-01,9.612832442188533610e-01,1.000000000000003775e+00,9.612832442186688420e-01,9.615726662543235825e-01,9.615829023467595826e-01,9.615838434854048211e-01,9.615840311352561454e-01,9.615840846756065208e-01,9.615841040378455551e-01,9.615841121243980938e-01,9.615841155727450351e-01,9.615841165441098015e-01,9.615841155722267830e-01,9.615841121239867562e-01,9.615841040379198290e-01,9.615841040374430992e-01,9.615840846757464089e-01,9.615840311342848112e-01,9.615838434860690676e-01,9.615829023459796510e-01,9.615726662541415060e-01,9.612832442186688420e-01,1.000000000000003775e+00,9.612832442188783411e-01,9.615726662545743819e-01,9.615829023456754499e-01,9.615838434859996786e-01,9.615840311345883462e-01,9.615840846759649008e-01,9.615841040372680171e-01,9.615841121253955182e-01,9.615841155711282173e-01,9.615841165449774408e-01,9.615841155711709609e-01,9.615841121248092094e-01,9.615841121247581391e-01,9.615841040379156102e-01,9.615840846755707716e-01,9.615840311356701475e-01,9.615838434858455797e-01,9.615829023466034853e-01,9.615726662543235825e-01,9.612832442188783411e-01,1.000000000000003775e+00,9.612832442196265204e-01,9.615726662540370340e-01,9.615829023468158709e-01,9.615838434858490213e-01,9.615840311352602532e-01,9.615840846758827443e-01,9.615841040387326233e-01,9.615841121242740819e-01,9.615841155724077494e-01,9.615841165444519723e-01,9.615841155724019762e-01,9.615841155723083844e-01,9.615841121252419743e-01,9.615841040377723914e-01,9.615840846768806127e-01,9.615840311353464065e-01,9.615838434864775186e-01,9.615829023467595826e-01,9.615726662545743819e-01,9.612832442196265204e-01,1.000000000000003775e+00,9.612832442189075399e-01,9.615726662551001835e-01,9.615829023466174741e-01,9.615838434865463524e-01,9.615840311351551151e-01,9.615840846772398809e-01,9.615841040375622262e-01,9.615841121255929158e-01,9.615841155717501643e-01,9.615841165456729955e-01,9.615841165442893246e-01,9.615841155715398880e-01,9.615841121238125622e-01,9.615841040377882676e-01,9.615840846753445081e-01,9.615840311347154667e-01,9.615838434854048211e-01,9.615829023456754499e-01,9.615726662540370340e-01,9.612832442189075399e-01,1.000000000000003775e+00,9.612832442187495552e-01,9.615726662535865055e-01,9.615829023461124336e-01,9.615838434850750849e-01,9.615840311352789049e-01,9.615840846748209270e-01,9.615841040376106319e-01,9.615841121236464728e-01,9.615841155717634869e-01,9.615841155720811217e-01,9.615841165452141404e-01,9.615841155717864686e-01,9.615841121255501722e-01,9.615841040378999560e-01,9.615840846763484828e-01,9.615840311352561454e-01,9.615838434859996786e-01,9.615829023468158709e-01,9.615726662551001835e-01,9.612832442187495552e-01,1.000000000000003775e+00,9.612832442189177540e-01,9.615726662546809633e-01,9.615829023462658665e-01,9.615838434869904416e-01,9.615840311345248415e-01,9.615840846765095762e-01,9.615841040373974691e-01,9.615841121253002610e-01,9.615841121243358103e-01,9.615841155717823607e-01,9.615841165440873750e-01,9.615841155722711919e-01,9.615841121243452472e-01,9.615841040376473803e-01,9.615840846756065208e-01,9.615840311345883462e-01,9.615838434858490213e-01,9.615829023466174741e-01,9.615726662535865055e-01,9.612832442189177540e-01,1.000000000000003775e+00,9.612832442187606574e-01,9.615726662536402403e-01,9.615829023468117631e-01,9.615838434848922311e-01,9.615840311350034586e-01,9.615840846749494908e-01,9.615841040376852389e-01,9.615841040377235416e-01,9.615841121248435153e-01,9.615841155716216004e-01,9.615841165455106809e-01,9.615841155719727640e-01,9.615841121250623402e-01,9.615841040378455551e-01,9.615840846759649008e-01,9.615840311352602532e-01,9.615838434865463524e-01,9.615829023461124336e-01,9.615726662546809633e-01,9.612832442187606574e-01,1.000000000000003775e+00,9.612832442186427517e-01,9.615726662551046244e-01,9.615829023457437286e-01,9.615838434861787576e-01,9.615840311344078239e-01,9.615840846762132577e-01,9.615840846753568316e-01,9.615841040374416560e-01,9.615841121238761779e-01,9.615841155721093214e-01,9.615841165443563821e-01,9.615841155718287681e-01,9.615841121243980938e-01,9.615841040372680171e-01,9.615840846758827443e-01,9.615840311351551151e-01,9.615838434850750849e-01,9.615829023462658665e-01,9.615726662536402403e-01,9.612832442186427517e-01,1.000000000000003775e+00,9.612832442192045246e-01,9.615726662531384195e-01,9.615829023461460734e-01,9.615838434847374661e-01,9.615840311348740066e-01,9.615840311355521308e-01,9.615840846766782191e-01,9.615841040379331517e-01,9.615841121259706137e-01,9.615841155726013723e-01,9.615841165457941209e-01,9.615841155727450351e-01,9.615841121253955182e-01,9.615841040387326233e-01,9.615840846772398809e-01,9.615840311352789049e-01,9.615838434869904416e-01,9.615829023468117631e-01,9.615726662551046244e-01,9.612832442192045246e-01,1.000000000000003775e+00,9.612832442188387061e-01,9.615726662552426252e-01,9.615829023463656755e-01,9.615838434867585161e-01,9.615838434849406369e-01,9.615840311342199742e-01,9.615840846746710469e-01,9.615841040374359938e-01,9.615841121238268840e-01,9.615841155713827915e-01,9.615841165441098015e-01,9.615841155711282173e-01,9.615841121242740819e-01,9.615841040375622262e-01,9.615840846748209270e-01,9.615840311345248415e-01,9.615838434848922311e-01,9.615829023457437286e-01,9.615726662531384195e-01,9.612832442188387061e-01,1.000000000000003775e+00,9.612832442183477655e-01,9.615726662527817048e-01,9.615829023458060121e-01,9.615829023463045022e-01,9.615838434860312089e-01,9.615840311346227631e-01,9.615840846765162375e-01,9.615841040377536286e-01,9.615841121251225143e-01,9.615841155722267830e-01,9.615841165449774408e-01,9.615841155724077494e-01,9.615841121255929158e-01,9.615841040376106319e-01,9.615840846765095762e-01,9.615840311350034586e-01,9.615838434861787576e-01,9.615829023461460734e-01,9.615726662552426252e-01,9.612832442183477655e-01,1.000000000000003775e+00,9.612832442183641968e-01,9.615726662546021375e-01,9.615726662532285696e-01,9.615829023455192415e-01,9.615838434845743743e-01,9.615840311346504077e-01,9.615840846750108861e-01,9.615841040371032600e-01,9.615841121239867562e-01,9.615841155711709609e-01,9.615841165444519723e-01,9.615841155717501643e-01,9.615841121236464728e-01,9.615841040373974691e-01,9.615840846749494908e-01,9.615840311344078239e-01,9.615838434847374661e-01,9.615829023463656755e-01,9.615726662527817048e-01,9.612832442183641968e-01,1.000000000000003775e+00,9.612832442182488446e-01,9.612832442188486981e-01,9.615726662543556680e-01,9.615829023458871694e-01,9.615838434864726336e-01,9.615840311349834746e-01,9.615840846762405691e-01,9.615841040379198290e-01,9.615841121248092094e-01,9.615841155724019762e-01,9.615841165456729955e-01,9.615841155717634869e-01,9.615841121253002610e-01,9.615841040376852389e-01,9.615840846762132577e-01,9.615840311348740066e-01,9.615838434867585161e-01,9.615829023458060121e-01,9.615726662546021375e-01,9.612832442182488446e-01,1.000000000000003775e+00
9.999999999999873435e-01,9.470409769139060963e-01,9.476046082022483441e-01,9.476247501567536258e-01,9.476265904540678298e-01,9.476269737256702852e-01,9.476270849664570894e-01,9.476271255442542119e-01,9.476271425880764543e-01,9.476271498713261243e-01,9.476271519132464238e-01,9.476271498647513836e-01,9.476271425755723454e-01,9.476271255515955616e-01,9.476270849600948454e-01,9.476269737368987478e-01,9.476265904476669499e-01,9.476247501521519734e-01,9.476046081983403591e-01,9.470409769149086276e-01,9.470409769139060963e-01,9.999999999999873435e-01,9.470409769089458418e-01,9.476046082198356091e-01,9.476247501466474876e-01,9.476265904653493610e-01,9.476269737250649916e-01,9.476270849664180096e-01,9.476271255580011044e-01,9.476271425951687810e-01,9.476271498585163711e-01,9.476271519254406694e-01,9.476271498579237340e-01,9.476271425866551468e-01,9.476271255441691688e-01,9.476270849845117583e-01,9.476269737127607229e-01,9.476265904658793815e-01,9.476247501412210505e-01,9.476046082140120452e-01,9.476046082022483441e-01,9.470409769089458418e-01,9.999999999999873435e-01,9.470409769159782165e-01,9.476046081989940584e-01,9.476247501471131152e-01,9.476265904545367880e-01,9.476269737143518945e-01,9.476270849701238230e-01,9.476271255552478623e-01,9.476271425722422315e-01,9.476271498605176591e-01,9.476271519070466054e-01,9.476271498588032527e-01,9.476271425689732908e-01,9.476271255569650442e-01,9.476270849502465010e-01,9.476269737205719190e-01,9.476265904447165322e-01,9.476247501458748834e-01,9.476247501567536258e-01,9.476046082198356091e-01,9.470409769159782165e-01,9.999999999999873435e-01,9.470409769174061854e-01,9.476046082215926480e-01,9.476247501586926303e-01,9.476265904655789551e-01,9.476269737404143800e-01,9.476270849888319692e-01,9.476271255537452864e-01,9.476271425959236216e-01,9.476271498649996294e-01,9.476271519305322633e-01,9.476271498625562506e-01,9.476271426045815849e-01,9.476271255445487540e-01,9.476270849794647955e-01,9.476269737212436040e-01,9.476265904715773791e-01,9.476265904540678298e-01,9.476247501466474876e-01,9.476046081989940584e-01,9.470409769174061854e-01,9.999999999999873435e-01,9.470409769124502608e-01,9.476046082052418384e-01,9.476247501424843733e-01,9.476265904642232618e-01,9.476269737313721686e-01,9.476270849602828061e-01,9.476271255498494028e-01,9.476271425721454200e-01,9.476271498600240539e-01,9.476271519064478621e-01,9.476271498707029561e-01,9.476271425642542878e-01,9.476271255470066768e-01,9.476270849530546991e-01,9.476269737209842559e-01,9.476269737256702852e-01,9.476265904653493610e-01,9.476247501471131152e-01,9.476046082215926480e-01,9.470409769124502608e-01,9.999999999999873435e-01,9.470409769174223946e-01,9.476046082101649004e-01,9.476247501614383228e-01,9.476265904765659442e-01,9.476269737237903446e-01,9.476270849772256977e-01,9.476271255474923993e-01,9.476271425890097078e-01,9.476271498578201502e-01,9.476271519358119289e-01,9.476271498515727032e-01,9.476271425881754862e-01,9.476271255411612415e-01,9.476270849736549984e-01,9.476270849664570894e-01,9.476269737250649916e-01,9.476265904545367880e-01,9.476247501586926303e-01,9.476046082052418384e-01,9.470409769174223946e-01,9.999999999999873435e-01,9.470409769113036225e-01,9.476046082185985986e-01,9.476247501628929371e-01,9.476265904582097388e-01,9.476269737298934626e-01,9.476270849637854488e-01,9.476271255529712390e-01,9.476271425754706490e-01,9.476271498757973255e-01,9.476271519058075965e-01,9.476271498646655633e-01,9.476271425713285179e-01,9.476271255512254132e-01,9.476271255442542119e-01,9.476270849664180096e-01,9.476269737143518945e-01,9.476265904655789551e-01,9.476247501424843733e-01,9.476046082101649004e-01,9.470409769113036225e-01,9.999999999999873435e-01,9.470409769194788607e-01,9.476046082200355603e-01,9.476247501434489351e-01,9.476265904639774584e-01,9.476269737161499007e-01,9.476270849697489007e-01,9.476271255393209358e-01,9.476271425933360248e-01,9.476271498454518216e-01,9.476271519183026015e-01,9.476271498475908883e-01,9.476271425807168969e-01,9.476271425880764543e-01,9.476271255580011044e-01,9.476270849701238230e-01,9.476269737404143800e-01,9.476265904642232618e-01,9.476247501614383228e-01,9.476046082185985986e-01,9.470409769194788607e-01,9.999999999999873435e-01,9.470409769357027718e-01,9.476046082154404582e-01,9.476247501645412852e-01,9.476265904653701222e-01,9.476269737354428013e-01,9.476270849710430877e-01,9.476271255717371167e-01,9.476271425779345670e-01,9.476271498721129394e-01,9.476271519165336832e-01,9.476271498710571173e-01,9.476271498713261243e-01,9.476271425951687810e-01,9.476271255552478623e-01,9.476270849888319692e-01,9.476269737313721686e-01,9.476265904765659442e-01,9.476247501628929371e-01,9.476046082200355603e-01,9.470409769357027718e-01,9.999999999999873435e-01,9.470409769237800868e-01,9.476046082292803874e-01,9.476247501586300137e-01,9.476265904782111837e-01,9.476269737296431073e-01,9.476270849958555731e-01,9.476271255491305334e-01,9.476271425982303320e-01,9.476271498623580758e-01,9.476271519332593041e-01,9.476271519132464238e-01,9.476271498585163711e-01,9.476271425722422315e-01,9.476271255537452864e-01,9.476270849602828061e-01,9.476269737237903446e-01,9.476265904582097388e-01,9.476247501434489351e-01,9.476046082154404582e-01,9.470409769237800868e-01,9.999999999999873435e-01,9.470409769173568915e-01,9.476046082026344797e-01,9.476247501519984295e-01,9.476265904516488758e-01,9.476269737348125277e-01,9.476270849533876550e-01,9.476271255493288193e-01,9.476271425683364669e-01,9.476271498595589815e-01,9.476271498647513836e-01,9.476271519254406694e-01,9.476271498605176591e-01,9.476271425959236216e-01,9.476271255498494028e-01,9.476270849772256977e-01,9.476269737298934626e-01,9.476265904639774584e-01,9.476247501645412852e-01,9.476046082292803874e-01,9.470409769173568915e-01,9.999999999999873435e-01,9.470409769161135527e-01,9.476046082207518761e-01,9.476247501500436599e-01,9.476265904826020048e-01,9.476269737171906238e-01,9.476270849781880390e-01,9.476271255448976971e-01,9.476271425900596457e-01,9.476271425755723454e-01,9.476271498579237340e-01,9.476271519070466054e-01,9.476271498649996294e-01,9.476271425721454200e-01,9.476271255474923993e-01,9.476270849637854488e-01,9.476269737161499007e-01,9.476265904653701222e-01,9.476247501586300137e-01,9.476046082026344797e-01,9.470409769161135527e-01,9.999999999999873435e-01,9.470409769142975609e-01,9.476046081997271386e-01,9.476247501607097945e-01,9.476265904447739308e-01,9.476269737231096668e-01,9.476270849535504137e-01,9.476271255464648879e-01,9.476271255515955616e-01,9.476271425866551468e-01,9.476271498588032527e-01,9.476271519305322633e-01,9.476271498600240539e-01,9.476271425890097078e-01,9.476271255529712390e-01,9.476270849697489007e-01,9.476269737354428013e-01,9.476265904782111837e-01,9.476247501519984295e-01,9.476046082207518761e-01,9.470409769142975609e-01,9.999999999999873435e-01,9.470409769122323240e-01,9.476046082292329809e-01,9.476247501429174713e-01,9.476265904685299279e-01,9.476269737178405483e-01,9.476270849743313462e-01,9.476270849600948454e-01,9.476271255441691688e-01,9.476271425689732908e-01,9.476271498625562506e-01,9.476271519064478621e-01,9.476271498578201502e-01,9.476271425754706490e-01,9.476271255393209358e-01,9.476270849710430877e-01,9.476269737296431073e-01,9.476265904516488758e-01,9.476247501500436599e-01,9.476046081997271386e-01,9.470409769122323240e-01,9.999999999999873435e-01,9.470409769228362862e-01,9.476046081923034103e-01,9.476247501473152868e-01,9.476265904441482091e-01,9.476269737201539201e-01,9.476269737368987478e-01,9.476270849845117583e-01,9.476271255569650442e-01,9.476271426045815849e-01,9.476271498707029561e-01,9.476271519358119289e-01,9.476271498757973255e-01,9.476271425933360248e-01,9.476271255717371167e-01,9.476270849958555731e-01,9.476269737348125277e-01,9.476265904826020048e-01,9.476247501607097945e-01,9.476046082292329809e-01,9.470409769228362862e-01,9.999999999999873435e-01,9.470409769170425873e-01,9.476046082288240857e-01,9.476247501550842944e-01,9.476265904777692040e-01,9.476265904476669499e-01,9.476269737127607229e-01,9.476270849502465010e-01,9.476271255445487540e-01,9.476271425642542878e-01,9.476271498515727032e-01,9.476271519058075965e-01,9.476271498454518216e-01,9.476271425779345670e-01,9.476271255491305334e-01,9.476270849533876550e-01,9.476269737171906238e-01,9.476265904447739308e-01,9.476247501429174713e-01,9.476046081923034103e-01,9.470409769170425873e-01,9.999999999999873435e-01,9.470409769057031024e-01,9.476046081877824712e-01,9.476247501409132967e-01,9.476247501521519734e-01,9.476265904658793815e-01,9.476269737205719190e-01,9.476270849794647955e-01,9.476271255470066768e-01,9.476271425881754862e-01,9.476271498646655633e-01,9.476271519183026015e-01,9.476271498721129394e-01,9.476271425982303320e-01,9.476271255493288193e-01,9.476270849781880390e-01,9.476269737231096668e-01,9.476265904685299279e-01,9.476247501473152868e-01,9.476046082288240857e-01,9.470409769057031024e-01,9.999999999999873435e-01,9.470409769075748274e-01,9.476046082161153628e-01,9.476046081983403591e-01,9.476247501412210505e-01,9.476265904447165322e-01,9.476269737212436040e-01,9.476270849530546991e-01,9.476271255411612415e-01,9.476271425713285179e-01,9.476271498475908883e-01,9.476271519165336832e-01,9.476271498623580758e-01,9.476271425683364669e-01,9.476271255448976971e-01,9.476270849535504137e-01,9.476269737178405483e-01,9.476265904441482091e-01,9.476247501550842944e-01,9.476046081877824712e-01,9.470409769075748274e-01,9.999999999999873435e-01,9.470409769059779936e-01,9.470409769149086276e-01,9.476046082140120452e-01,9.476247501458748834e-01,9.476265904715773791e-01,9.476269737209842559e-01,9.476270849736549984e-01,9.476271255512254132e-01,9.476271425807168969e-01,9.476271498710571173e-01,9.476271519332593041e-01,9.476271498595589815e-01,9.476271425900596457e-01,9.476271255464648879e-01,9.476270849743313462e-01,9.476269737201539201e-01,9.476265904777692040e-01,9.476247501409132967e-01,9.476046082161153628e-01,9.470409769059779936e-01,9.999999999999873435e-01
