9.999999999999819034e-01,9.169768157766157168e-01,9.181753239645420450e-01,9.181912459435567220e-01,9.181937200525243092e-01,9.181942353226439923e-01,9.181943857982269863e-01,9.181944409265971885e-01,9.181944641212779201e-01,9.181944740508377611e-01,9.181944768518436328e-01,9.181944740511984726e-01,9.181944641217182346e-01,9.181944409280156094e-01,9.181943857961085698e-01,9.181942353232758203e-01,9.181937200486840478e-01,9.181912459473635657e-01,9.181753239644886433e-01,9.169768157785118667e-01,9.169768157766157168e-01,9.999999999999819034e-01,9.169768157731214009e-01,9.181753239703858149e-01,9.181912459443648533e-01,9.181937200534180388e-01,9.181942353222871667e-01,9.181943857981049728e-01,9.181944409261263429e-01,9.181944641242778538e-01,9.181944740453598097e-01,9.181944768589331840e-01,9.181944740495233681e-01,9.181944641239558891e-01,9.181944409261096895e-01,9.181943858004045778e-01,9.181942353183669692e-01,9.181937200571613777e-01,9.181912459391250447e-01,9.181753239710489511e-01,9.181753239645420450e-01,9.169768157731214009e-01,9.999999999999819034e-01,9.169768157744258019e-01,9.181753239664256494e-01,9.181912459403035465e-01,9.181937200492953366e-01,9.181942353173906390e-01,9.181943857931293973e-01,9.181944409248834482e-01,9.181944641146173591e-01,9.181944740482200773e-01,9.181944768520911015e-01,9.181944740477369082e-01,9.181944641176920108e-01,9.181944409252682515e-01,9.181943857911375462e-01,9.181942353226485443e-01,9.181937200443915925e-01,9.181912459406763594e-01,9.181912459435567220e-01,9.181753239703858149e-01,9.169768157744258019e-01,9.999999999999819034e-01,9.169768157798217079e-01,9.181753239717267423e-01,9.181912459453882569e-01,9.181937200531579135e-01,9.181942353220323705e-01,9.181943858006625936e-01,9.181944409240028193e-01,9.181944641264406792e-01,9.181944740508959368e-01,9.181944768597591899e-01,9.181944740501661872e-01,9.181944641265583629e-01,9.181944409255761164e-01,9.181943858042894702e-01,9.181942353187706463e-01,9.181937200553760281e-01,9.181937200525243092e-01,9.181912459443648533e-01,9.181753239664256494e-01,9.169768157798217079e-01,9.999999999999819034e-01,9.169768157800184394e-01,9.181753239711999415e-01,9.181912459442871377e-01,9.181937200521249620e-01,9.181942353240739596e-01,9.181943857947831855e-01,9.181944409302762455e-01,9.181944641233308335e-01,9.181944740527533400e-01,9.181944768569773041e-01,9.181944740538716676e-01,9.181944641212236302e-01,9.181944409333355761e-01,9.181943857954097954e-01,9.181942353246429489e-01,9.181942353226439923e-01,9.181937200534180388e-01,9.181912459403035465e-01,9.181753239717267423e-01,9.169768157800184394e-01,9.999999999999819034e-01,9.169768157795233909e-01,9.181753239703113190e-01,9.181912459431071927e-01,9.181937200547236611e-01,9.181942353183583094e-01,9.181943858009550263e-01,9.181944409276328045e-01,9.181944641257365758e-01,9.181944740502837599e-01,9.181944768604293206e-01,9.181944740485645795e-01,9.181944641294383924e-01,9.181944409242305261e-01,9.181943858012570070e-01,9.181943857982269863e-01,9.181942353222871667e-01,9.181937200492953366e-01,9.181912459453882569e-01,9.181753239711999415e-01,9.169768157795233909e-01,9.999999999999819034e-01,9.169768157784894402e-01,9.181753239691585744e-01,9.181912459454302233e-01,9.181937200488751172e-01,9.181942353247036781e-01,9.181943857980582324e-01,9.181944409297166931e-01,9.181944641227752779e-01,9.181944740535034066e-01,9.181944768551055791e-01,9.181944740562495433e-01,9.181944641200600055e-01,9.181944409303218757e-01,9.181944409265971885e-01,9.181943857981049728e-01,9.181942353173906390e-01,9.181937200531579135e-01,9.181912459442871377e-01,9.181753239703113190e-01,9.169768157784894402e-01,9.999999999999819034e-01,9.169768157762170357e-01,9.181753239709488090e-01,9.181912459384677927e-01,9.181937200540557509e-01,9.181942353207588337e-01,9.181943857999550485e-01,9.181944409258225859e-01,9.181944641250776584e-01,9.181944740473492184e-01,9.181944768619952901e-01,9.181944740461651655e-01,9.181944641246717609e-01,9.181944641212779201e-01,9.181944409261263429e-01,9.181943857931293973e-01,9.181942353220323705e-01,9.181937200521249620e-01,9.181912459431071927e-01,9.181753239691585744e-01,9.169768157762170357e-01,9.999999999999819034e-01,9.169768157778761530e-01,9.181753239636960551e-01,9.181912459436738505e-01,9.181937200504594054e-01,9.181942353217867892e-01,9.181943857962174826e-01,9.181944409281259656e-01,9.181944641190606937e-01,9.181944740537590910e-01,9.181944768523675471e-01,9.181944740508493075e-01,9.181944740508377611e-01,9.181944641242778538e-01,9.181944409248834482e-01,9.181943858006625936e-01,9.181942353240739596e-01,9.181937200547236611e-01,9.181912459454302233e-01,9.181753239709488090e-01,9.169768157778761530e-01,9.999999999999819034e-01,9.169768157741015058e-01,9.181753239725716220e-01,9.181912459437333585e-01,9.181937200554782796e-01,9.181942353217151798e-01,9.181943858017418414e-01,9.181944409255951012e-01,9.181944641296830856e-01,9.181944740471151833e-01,9.181944768605244667e-01,9.181944768518436328e-01,9.181944740453598097e-01,9.181944641146173591e-01,9.181944409240028193e-01,9.181943857947831855e-01,9.181942353183583094e-01,9.181937200488751172e-01,9.181912459384677927e-01,9.181753239636960551e-01,9.169768157741015058e-01,9.999999999999819034e-01,9.169768157747905102e-01,9.181753239636056829e-01,9.181912459403935856e-01,9.181937200464064253e-01,9.181942353188782269e-01,9.181943857909846685e-01,9.181944409278279817e-01,9.181944641144527131e-01,9.181944740474020650e-01,9.181944740511984726e-01,9.181944768589331840e-01,9.181944740482200773e-01,9.181944641264406792e-01,9.181944409302762455e-01,9.181943858009550263e-01,9.181942353247036781e-01,9.181937200540557509e-01,9.181912459436738505e-01,9.181753239725716220e-01,9.169768157747905102e-01,9.999999999999819034e-01,9.169768157785401774e-01,9.181753239724853577e-01,9.181912459435203067e-01,9.181937200566561152e-01,9.181942353202574569e-01,9.181943858050155560e-01,9.181944409254247930e-01,9.181944641268485752e-01,9.181944641217182346e-01,9.181944740495233681e-01,9.181944768520911015e-01,9.181944740508959368e-01,9.181944641233308335e-01,9.181944409276328045e-01,9.181943857980582324e-01,9.181942353207588337e-01,9.181937200504594054e-01,9.181912459437333585e-01,9.181753239636056829e-01,9.169768157785401774e-01,9.999999999999819034e-01,9.169768157781149620e-01,9.181753239670850109e-01,9.181912459441666785e-01,9.181937200485719153e-01,9.181942353259515688e-01,9.181943857930947583e-01,9.181944409281960207e-01,9.181944409280156094e-01,9.181944641239558891e-01,9.181944740477369082e-01,9.181944768597591899e-01,9.181944740527533400e-01,9.181944641257365758e-01,9.181944409297166931e-01,9.181943857999550485e-01,9.181942353217867892e-01,9.181937200554782796e-01,9.181912459403935856e-01,9.181753239724853577e-01,9.169768157781149620e-01,9.999999999999819034e-01,9.169768157775505246e-01,9.181753239725760629e-01,9.181912459418615224e-01,9.181937200584022740e-01,9.181942353187992900e-01,9.181943858010663817e-01,9.181943857961085698e-01,9.181944409261096895e-01,9.181944641176920108e-01,9.181944740501661872e-01,9.181944768569773041e-01,9.181944740502837599e-01,9.181944641227752779e-01,9.181944409258225859e-01,9.181943857962174826e-01,9.181942353217151798e-01,9.181937200464064253e-01,9.181912459435203067e-01,9.181753239670850109e-01,9.169768157775505246e-01,9.999999999999819034e-01,9.169768157780500140e-01,9.181753239651915255e-01,9.181912459467501675e-01,9.181937200465940530e-01,9.181942353221970166e-01,9.181942353232758203e-01,9.181943858004045778e-01,9.181944409252682515e-01,9.181944641265583629e-01,9.181944740538716676e-01,9.181944768604293206e-01,9.181944740535034066e-01,9.181944641250776584e-01,9.181944409281259656e-01,9.181943858017418414e-01,9.181942353188782269e-01,9.181937200566561152e-01,9.181912459441666785e-01,9.181753239725760629e-01,9.169768157780500140e-01,9.999999999999819034e-01,9.169768157763971139e-01,9.181753239763701391e-01,9.181912459411076810e-01,9.181937200559876500e-01,9.181937200486840478e-01,9.181942353183669692e-01,9.181943857911375462e-01,9.181944409255761164e-01,9.181944641212236302e-01,9.181944740485645795e-01,9.181944768551055791e-01,9.181944740473492184e-01,9.181944641190606937e-01,9.181944409255951012e-01,9.181943857909846685e-01,9.181942353202574569e-01,9.181937200485719153e-01,9.181912459418615224e-01,9.181753239651915255e-01,9.169768157763971139e-01,9.999999999999819034e-01,9.169768157794773167e-01,9.181753239617269635e-01,9.181912459418664074e-01,9.181912459473635657e-01,9.181937200571613777e-01,9.181942353226485443e-01,9.181943858042894702e-01,9.181944409333355761e-01,9.181944641294383924e-01,9.181944740562495433e-01,9.181944768619952901e-01,9.181944740537590910e-01,9.181944641296830856e-01,9.181944409278279817e-01,9.181943858050155560e-01,9.181942353259515688e-01,9.181937200584022740e-01,9.181912459467501675e-01,9.181753239763701391e-01,9.169768157794773167e-01,9.999999999999819034e-01,9.169768157784090601e-01,9.181753239758021490e-01,9.181753239644886433e-01,9.181912459391250447e-01,9.181937200443915925e-01,9.181942353187706463e-01,9.181943857954097954e-01,9.181944409242305261e-01,9.181944641200600055e-01,9.181944740461651655e-01,9.181944768523675471e-01,9.181944740471151833e-01,9.181944641144527131e-01,9.181944409254247930e-01,9.181943857930947583e-01,9.181942353187992900e-01,9.181937200465940530e-01,9.181912459411076810e-01,9.181753239617269635e-01,9.169768157784090601e-01,9.999999999999819034e-01,9.169768157749363935e-01,9.169768157785118667e-01,9.181753239710489511e-01,9.181912459406763594e-01,9.181937200553760281e-01,9.181942353246429489e-01,9.181943858012570070e-01,9.181944409303218757e-01,9.181944641246717609e-01,9.181944740508493075e-01,9.181944768605244667e-01,9.181944740474020650e-01,9.181944641268485752e-01,9.181944409281960207e-01,9.181943858010663817e-01,9.181942353221970166e-01,9.181937200559876500e-01,9.181912459418664074e-01,9.181753239758021490e-01,9.169768157749363935e-01,9.999999999999819034e-01
9.999999999999723554e-01,8.891288316145424808e-01,8.913993356550122815e-01,8.914146560916673678e-01,8.914192567476361129e-01,8.914202114040561398e-01,8.914204964891450089e-01,8.914206021206866337e-01,8.914206468674717998e-01,8.914206661030721346e-01,8.914206715088367483e-01,8.914206660962504802e-01,8.914206468660318405e-01,8.914206021300130622e-01,8.914204964761700545e-01,8.914202114008571431e-01,8.914192567291394642e-01,8.914146561207471064e-01,8.913993356524514411e-01,8.891288316226382271e-01,8.891288316145424808e-01,9.999999999999723554e-01,8.891288315981795698e-01,8.913993356845854032e-01,8.914146561023724713e-01,8.914192567591161520e-01,8.914202114044765812e-01,8.914204964866389025e-01,8.914206021260249191e-01,8.914206468899560365e-01,8.914206660678590799e-01,8.914206715492796196e-01,8.914206660918387870e-01,8.914206468804430905e-01,8.914206021247551570e-01,8.914204964969497658e-01,8.914202113810161254e-01,8.914192567813620238e-01,8.914146560734729219e-01,8.913993356910689947e-01,8.913993356550122815e-01,8.891288315981795698e-01,9.999999999999723554e-01,8.891288315998249203e-01,8.913993356654942302e-01,8.914146560828724031e-01,8.914192567374666920e-01,8.914202113720730569e-01,8.914204964634442341e-01,8.914206021219938103e-01,8.914206468291608898e-01,8.914206660825563233e-01,8.914206715123796920e-01,8.914206660819974370e-01,8.914206468487234636e-01,8.914206021139121638e-01,8.914204964506141637e-01,8.914202114077419692e-01,8.914192567058804029e-01,8.914146560808039466e-01,8.914146560916673678e-01,8.913993356845854032e-01,8.891288315998249203e-01,9.999999999999723554e-01,8.891288316277591308e-01,8.913993356935361323e-01,8.914146561070719343e-01,8.914192567478318452e-01,8.914202113985431053e-01,8.914204965026779615e-01,8.914206021046737760e-01,8.914206468881216150e-01,8.914206660941597082e-01,8.914206715502026590e-01,8.914206660929953063e-01,8.914206468875687239e-01,8.914206021163595395e-01,8.914204965217974452e-01,8.914202113763042279e-01,8.914192567613230533e-01,8.914192567476361129e-01,8.914146561023724713e-01,8.913993356654942302e-01,8.891288316277591308e-01,9.999999999999723554e-01,8.891288316355607790e-01,8.913993356939435841e-01,8.914146560986325740e-01,8.914192567500683895e-01,8.914202114151876799e-01,8.914204964661500696e-01,8.914206021413220160e-01,8.914206468748040457e-01,8.914206661077385130e-01,8.914206715408203863e-01,8.914206661114993935e-01,8.914206468660310634e-01,8.914206021652060219e-01,8.914204964706394785e-01,8.914202114116701603e-01,8.914202114040561398e-01,8.914192567591161520e-01,8.914146560828724031e-01,8.913993356935361323e-01,8.891288316355607790e-01,9.999999999999723554e-01,8.891288316378869183e-01,8.913993356877254470e-01,8.914146561000305669e-01,8.914192567709460224e-01,8.914202113805155259e-01,8.914204965019014715e-01,8.914206021317142570e-01,8.914206468924393834e-01,8.914206661005628085e-01,8.914206715571673101e-01,8.914206660906126567e-01,8.914206469180586678e-01,8.914206021128355806e-01,8.914204965056001795e-01,8.914204964891450089e-01,8.914202114044765812e-01,8.914192567374666920e-01,8.914146561070719343e-01,8.913993356939435841e-01,8.891288316378869183e-01,9.999999999999723554e-01,8.891288316271769299e-01,8.913993356873846086e-01,8.914146561171507610e-01,8.914192567325733840e-01,8.914202114157413481e-01,8.914204964889197447e-01,8.914206021446936523e-01,8.914206468797027938e-01,8.914206661132793030e-01,8.914206715341170817e-01,8.914206661357829686e-01,8.914206468619229051e-01,8.914206021471681174e-01,8.914206021206866337e-01,8.914204964866389025e-01,8.914202113720730569e-01,8.914192567478318452e-01,8.914146560986325740e-01,8.913993356877254470e-01,8.891288316271769299e-01,9.999999999999723554e-01,8.891288316144235759e-01,8.913993356954921232e-01,8.914146560668629871e-01,8.914192567548773205e-01,8.914202113900123736e-01,8.914204964954953736e-01,8.914206021201402930e-01,8.914206468811398665e-01,8.914206660795130910e-01,8.914206715697750028e-01,8.914206660694791173e-01,8.914206468813011819e-01,8.914206468674717998e-01,8.914206021260249191e-01,8.914204964634442341e-01,8.914202113985431053e-01,8.914192567500683895e-01,8.914146561000305669e-01,8.913993356873846086e-01,8.891288316144235759e-01,9.999999999999723554e-01,8.891288316318430862e-01,8.913993356531690893e-01,8.914146560982568746e-01,8.914192567414842561e-01,8.914202114005670419e-01,8.914204964819281152e-01,8.914206021317008233e-01,8.914206468582719367e-01,8.914206661211597771e-01,8.914206715167689588e-01,8.914206661000133591e-01,8.914206661030721346e-01,8.914206468899560365e-01,8.914206021219938103e-01,8.914204965026779615e-01,8.914202114151876799e-01,8.914192567709460224e-01,8.914146561171507610e-01,8.913993356954921232e-01,8.891288316318430862e-01,9.999999999999723554e-01,8.891288316070670161e-01,8.913993357032414799e-01,8.914146561037956662e-01,8.914192567733424388e-01,8.914202114056093418e-01,8.914204965097476396e-01,8.914206021260938639e-01,8.914206469226293450e-01,8.914206660822950878e-01,8.914206715645568435e-01,8.914206715088367483e-01,8.914206660678590799e-01,8.914206468291608898e-01,8.914206021046737760e-01,8.914204964661500696e-01,8.914202113805155259e-01,8.914192567325733840e-01,8.914146560668629871e-01,8.913993356531690893e-01,8.891288316070670161e-01,9.999999999999723554e-01,8.891288316015935056e-01,8.913993356483720376e-01,8.914146560790988660e-01,8.914192567181092874e-01,8.914202113764033708e-01,8.914204964485252791e-01,8.914206021337358621e-01,8.914206468260880145e-01,8.914206660772181490e-01,8.914206660962504802e-01,8.914206715492796196e-01,8.914206660825563233e-01,8.914206468881216150e-01,8.914206021413220160e-01,8.914204965019014715e-01,8.914202114157413481e-01,8.914192567548773205e-01,8.914146560982568746e-01,8.913993357032414799e-01,8.891288316015935056e-01,9.999999999999723554e-01,8.891288316228100896e-01,8.913993356961402714e-01,8.914146560966877963e-01,8.914192567678845824e-01,8.914202113878043621e-01,8.914204965264225233e-01,8.914206021147296211e-01,8.914206468929954941e-01,8.914206468660318405e-01,8.914206660918387870e-01,8.914206715123796920e-01,8.914206660941597082e-01,8.914206468748040457e-01,8.914206021317142570e-01,8.914204964889197447e-01,8.914202113900123736e-01,8.914192567414842561e-01,8.914146561037956662e-01,8.913993356483720376e-01,8.891288316228100896e-01,9.999999999999723554e-01,8.891288316224290611e-01,8.913993356708846960e-01,8.914146560959614884e-01,8.914192567293983682e-01,8.914202114242575359e-01,8.914204964568697154e-01,8.914206021311977812e-01,8.914206021300130622e-01,8.914206468804430905e-01,8.914206660819974370e-01,8.914206715502026590e-01,8.914206661077385130e-01,8.914206468924393834e-01,8.914206021446936523e-01,8.914204964954953736e-01,8.914202114005670419e-01,8.914192567733424388e-01,8.914146560790988660e-01,8.913993356961402714e-01,8.891288316224290611e-01,9.999999999999723554e-01,8.891288316224729149e-01,8.913993356953368030e-01,8.914146560896556437e-01,8.914192567861780603e-01,8.914202113797590199e-01,8.914204965012916260e-01,8.914204964761700545e-01,8.914206021247551570e-01,8.914206468487234636e-01,8.914206660929953063e-01,8.914206715408203863e-01,8.914206661005628085e-01,8.914206468797027938e-01,8.914206021201402930e-01,8.914204964819281152e-01,8.914202114056093418e-01,8.914192567181092874e-01,8.914146560966877963e-01,8.913993356708846960e-01,8.891288316224729149e-01,9.999999999999723554e-01,8.891288316222434318e-01,8.913993356623840514e-01,8.914146561216731435e-01,8.914192567185529326e-01,8.914202114011191558e-01,8.914202114008571431e-01,8.914204964969497658e-01,8.914206021139121638e-01,8.914206468875687239e-01,8.914206661114993935e-01,8.914206715571673101e-01,8.914206661132793030e-01,8.914206468811398665e-01,8.914206021317008233e-01,8.914204965097476396e-01,8.914202113764033708e-01,8.914192567678845824e-01,8.914146560959614884e-01,8.913993356953368030e-01,8.891288316222434318e-01,9.999999999999723554e-01,8.891288316120743440e-01,8.913993357212630642e-01,8.914146560792265417e-01,8.914192567643735021e-01,8.914192567291394642e-01,8.914202113810161254e-01,8.914204964506141637e-01,8.914206021163595395e-01,8.914206468660310634e-01,8.914206660906126567e-01,8.914206715341170817e-01,8.914206660795130910e-01,8.914206468582719367e-01,8.914206021260938639e-01,8.914204964485252791e-01,8.914202113878043621e-01,8.914192567293983682e-01,8.914146560896556437e-01,8.913993356623840514e-01,8.891288316120743440e-01,9.999999999999723554e-01,8.891288316371813716e-01,8.913993356394706025e-01,8.914146560878672965e-01,8.914146561207471064e-01,8.914192567813620238e-01,8.914202114077419692e-01,8.914204965217974452e-01,8.914206021652060219e-01,8.914206469180586678e-01,8.914206661357829686e-01,8.914206715697750028e-01,8.914206661211597771e-01,8.914206469226293450e-01,8.914206021337358621e-01,8.914204965264225233e-01,8.914202114242575359e-01,8.914192567861780603e-01,8.914146561216731435e-01,8.913993357212630642e-01,8.891288316371813716e-01,9.999999999999723554e-01,8.891288316286132254e-01,8.913993357198867207e-01,8.913993356524514411e-01,8.914146560734729219e-01,8.914192567058804029e-01,8.914202113763042279e-01,8.914204964706394785e-01,8.914206021128355806e-01,8.914206468619229051e-01,8.914206660694791173e-01,8.914206715167689588e-01,8.914206660822950878e-01,8.914206468260880145e-01,8.914206021147296211e-01,8.914204964568697154e-01,8.914202113797590199e-01,8.914192567185529326e-01,8.914146560792265417e-01,8.913993356394706025e-01,8.891288316286132254e-01,9.999999999999723554e-01,8.891288316038590267e-01,8.891288316226382271e-01,8.913993356910689947e-01,8.914146560808039466e-01,8.914192567613230533e-01,8.914202114116701603e-01,8.914204965056001795e-01,8.914206021471681174e-01,8.914206468813011819e-01,8.914206661000133591e-01,8.914206715645568435e-01,8.914206660772181490e-01,8.914206468929954941e-01,8.914206021311977812e-01,8.914204965012916260e-01,8.914202114011191558e-01,8.914192567643735021e-01,8.914146560878672965e-01,8.913993357198867207e-01,8.891288316038590267e-01,9.999999999999723554e-01
1.000000000000026201e+00,8.467169700926802101e-01,8.513505423340483880e-01,8.513272004389930148e-01,8.513372249077512111e-01,8.513390207562683276e-01,8.513395858225177859e-01,8.513397979972051610e-01,8.513398887154788319e-01,8.513399279095563710e-01,8.513399390014747548e-01,8.513399279014634002e-01,8.513398887178241781e-01,8.513397979989640874e-01,8.513395858183663290e-01,8.513390207535492804e-01,8.513372249009566461e-01,8.513272004611895927e-01,8.513505423293956653e-01,8.467169700970944568e-01,8.467169700926802101e-01,1.000000000000026201e+00,8.467169700920931241e-01,8.513505423497066404e-01,8.513272004543207538e-01,8.513372249182051821e-01,8.513390207749340632e-01,8.513395858233805402e-01,8.513397980056928160e-01,8.513398887420540184e-01,8.513399278954343341e-01,8.513399390299737357e-01,8.513399279068318837e-01,8.513398887331931064e-01,8.513397980123316167e-01,8.513395858244479086e-01,8.513390207648667829e-01,8.513372249343466036e-01,8.513272004397093307e-01,8.513505423606078093e-01,8.513505423340483880e-01,8.467169700920931241e-01,1.000000000000026201e+00,8.467169700845791347e-01,8.513505423441175557e-01,8.513272004447769437e-01,8.513372249096722300e-01,8.513390207550564082e-01,8.513395858108175895e-01,8.513397980095291917e-01,8.513398887040525276e-01,8.513399279000214426e-01,8.513399390166409564e-01,8.513399278971613970e-01,8.513398887230381185e-01,8.513397979983874375e-01,8.513395858122680959e-01,8.513390207742104199e-01,8.513372248910875406e-01,8.513272004511185376e-01,8.513272004389930148e-01,8.513505423497066404e-01,8.467169700845791347e-01,1.000000000000026201e+00,8.467169700950417655e-01,8.513505423479136303e-01,8.513272004514633728e-01,8.513372249073014597e-01,8.513390207538735766e-01,8.513395858311690878e-01,8.513397979878468691e-01,8.513398887247068947e-01,8.513399278992963559e-01,8.513399390207163631e-01,8.513399279039397527e-01,8.513398887211396371e-01,8.513397979988891473e-01,8.513395858368577596e-01,8.513390207470433735e-01,8.513372249151804905e-01,8.513372249077512111e-01,8.513272004543207538e-01,8.513505423441175557e-01,8.467169700950417655e-01,1.000000000000026201e+00,8.467169701012688954e-01,8.513505423587447440e-01,8.513272004490589628e-01,8.513372249107321599e-01,8.513390207772927321e-01,8.513395858101061586e-01,8.513397980105386065e-01,8.513398887290543060e-01,8.513399279070315018e-01,8.513399390285387724e-01,8.513399279033884159e-01,8.513398887258784020e-01,8.513397980265913212e-01,8.513395858109136238e-01,8.513390207724601533e-01,8.513390207562683276e-01,8.513372249182051821e-01,8.513272004447769437e-01,8.513505423479136303e-01,8.467169701012688954e-01,1.000000000000026201e+00,8.467169701056370679e-01,8.513505423499496683e-01,8.513272004488063871e-01,8.513372249267274761e-01,8.513390207499834661e-01,8.513395858297815311e-01,8.513397980077874738e-01,8.513398887293985862e-01,8.513399279091986571e-01,8.513399390258138411e-01,8.513399279031922395e-01,8.513398887471873566e-01,8.513397979971318863e-01,8.513395858329203536e-01,8.513395858225177859e-01,8.513390207749340632e-01,8.513372249096722300e-01,8.513272004514633728e-01,8.513505423587447440e-01,8.467169701056370679e-01,1.000000000000026201e+00,8.467169701004844118e-01,8.513505423508478387e-01,8.513272004670962012e-01,8.513372249025962235e-01,8.513390207696455159e-01,8.513395858287665652e-01,8.513397980116093056e-01,8.513398887354830524e-01,8.513399279088212923e-01,8.513399390270303124e-01,8.513399279302346079e-01,8.513398887199988829e-01,8.513397980194582493e-01,8.513397979972051610e-01,8.513395858233805402e-01,8.513390207550564082e-01,8.513372249073014597e-01,8.513272004490589628e-01,8.513505423499496683e-01,8.467169701004844118e-01,1.000000000000026201e+00,8.467169700891162831e-01,8.513505423563539898e-01,8.513272004313324759e-01,8.513372249117875379e-01,8.513390207586986058e-01,8.513395858177374986e-01,8.513397980072544557e-01,8.513398887236848234e-01,8.513399278981736984e-01,8.513399390403767475e-01,8.513399278913654777e-01,8.513398887334495679e-01,8.513398887154788319e-01,8.513397980056928160e-01,8.513395858108175895e-01,8.513390207538735766e-01,8.513372249107321599e-01,8.513272004488063871e-01,8.513505423508478387e-01,8.467169700891162831e-01,1.000000000000026201e+00,8.467169701031757034e-01,8.513505423285672169e-01,8.513272004486213129e-01,8.513372249057278296e-01,8.513390207586325475e-01,8.513395858191866727e-01,8.513397980014988375e-01,8.513398887189539410e-01,8.513399279217129800e-01,8.513399390055008675e-01,8.513399279096731664e-01,8.513399279095563710e-01,8.513398887420540184e-01,8.513397980095291917e-01,8.513395858311690878e-01,8.513390207772927321e-01,8.513372249267274761e-01,8.513272004670962012e-01,8.513505423563539898e-01,8.467169701031757034e-01,1.000000000000026201e+00,8.467169700907898333e-01,8.513505423624747603e-01,8.513272004586960318e-01,8.513372249201787145e-01,8.513390207767189688e-01,8.513395858312908793e-01,8.513397980146604205e-01,8.513398887561202111e-01,8.513399279065849701e-01,8.513399390418113777e-01,8.513399390014747548e-01,8.513399278954343341e-01,8.513398887040525276e-01,8.513397979878468691e-01,8.513395858101061586e-01,8.513390207499834661e-01,8.513372249025962235e-01,8.513272004313324759e-01,8.513505423285672169e-01,8.467169700907898333e-01,1.000000000000026201e+00,8.467169700814960454e-01,8.513505423331192423e-01,8.513272004313997554e-01,8.513372248984913959e-01,8.513390207480775462e-01,8.513395858020358364e-01,8.513397980101038431e-01,8.513398886994738568e-01,8.513399278981409468e-01,8.513399279014634002e-01,8.513399390299737357e-01,8.513399279000214426e-01,8.513398887247068947e-01,8.513397980105386065e-01,8.513395858297815311e-01,8.513390207696455159e-01,8.513372249117875379e-01,8.513272004486213129e-01,8.513505423624747603e-01,8.467169700814960454e-01,1.000000000000026201e+00,8.467169700966393764e-01,8.513505423513004766e-01,8.513272004547376426e-01,8.513372249102930667e-01,8.513390207635875839e-01,8.513395858439276598e-01,8.513397979949174355e-01,8.513398887367966683e-01,8.513398887178241781e-01,8.513399279068318837e-01,8.513399390166409564e-01,8.513399278992963559e-01,8.513398887290543060e-01,8.513397980077874738e-01,8.513395858287665652e-01,8.513390207586986058e-01,8.513372249057278296e-01,8.513272004586960318e-01,8.513505423331192423e-01,8.467169700966393764e-01,1.000000000000026201e+00,8.467169700936544308e-01,8.513505423496532387e-01,8.513272004473431132e-01,8.513372249064883324e-01,8.513390207797151277e-01,8.513395858101812097e-01,8.513397980127753728e-01,8.513397979989640874e-01,8.513398887331931064e-01,8.513399278971613970e-01,8.513399390207163631e-01,8.513399279070315018e-01,8.513398887293985862e-01,8.513397980116093056e-01,8.513395858177374986e-01,8.513390207586325475e-01,8.513372249201787145e-01,8.513272004313997554e-01,8.513505423513004766e-01,8.467169700936544308e-01,1.000000000000026201e+00,8.467169700976824309e-01,8.513505423478699985e-01,8.513272004437042462e-01,8.513372249314750118e-01,8.513390207510816987e-01,8.513395858311925135e-01,8.513395858183663290e-01,8.513397980123316167e-01,8.513398887230381185e-01,8.513399279039397527e-01,8.513399390285387724e-01,8.513399279091986571e-01,8.513398887354830524e-01,8.513397980072544557e-01,8.513395858191866727e-01,8.513390207767189688e-01,8.513372248984913959e-01,8.513272004547376426e-01,8.513505423496532387e-01,8.467169700976824309e-01,1.000000000000026201e+00,8.467169700961996170e-01,8.513505423473155531e-01,8.513272004698030360e-01,8.513372249031121441e-01,8.513390207729860659e-01,8.513390207535492804e-01,8.513395858244479086e-01,8.513397979983874375e-01,8.513398887211396371e-01,8.513399279033884159e-01,8.513399390258138411e-01,8.513399279088212923e-01,8.513398887236848234e-01,8.513397980014988375e-01,8.513395858312908793e-01,8.513390207480775462e-01,8.513372249102930667e-01,8.513272004473431132e-01,8.513505423478699985e-01,8.467169700961996170e-01,1.000000000000026201e+00,8.467169700900222251e-01,8.513505423655860493e-01,8.513272004353386047e-01,8.513372249189240515e-01,8.513372249009566461e-01,8.513390207648667829e-01,8.513395858122680959e-01,8.513397979988891473e-01,8.513398887258784020e-01,8.513399279031922395e-01,8.513399390270303124e-01,8.513399278981736984e-01,8.513398887189539410e-01,8.513397980146604205e-01,8.513395858020358364e-01,8.513390207635875839e-01,8.513372249064883324e-01,8.513272004437042462e-01,8.513505423473155531e-01,8.467169700900222251e-01,1.000000000000026201e+00,8.467169701119158232e-01,8.513505423354222890e-01,8.513272004544353289e-01,8.513272004611895927e-01,8.513372249343466036e-01,8.513390207742104199e-01,8.513395858368577596e-01,8.513397980265913212e-01,8.513398887471873566e-01,8.513399279302346079e-01,8.513399390403767475e-01,8.513399279217129800e-01,8.513398887561202111e-01,8.513397980101038431e-01,8.513395858439276598e-01,8.513390207797151277e-01,8.513372249314750118e-01,8.513272004698030360e-01,8.513505423655860493e-01,8.467169701119158232e-01,1.000000000000026201e+00,8.467169701022658757e-01,8.513505423767386837e-01,8.513505423293956653e-01,8.513272004397093307e-01,8.513372248910875406e-01,8.513390207470433735e-01,8.513395858109136238e-01,8.513397979971318863e-01,8.513398887199988829e-01,8.513399278913654777e-01,8.513399390055008675e-01,8.513399279065849701e-01,8.513398886994738568e-01,8.513397979949174355e-01,8.513395858101812097e-01,8.513390207510816987e-01,8.513372249031121441e-01,8.513272004353386047e-01,8.513505423354222890e-01,8.467169701022658757e-01,1.000000000000026201e+00,8.467169700909307206e-01,8.467169700970944568e-01,8.513505423606078093e-01,8.513272004511185376e-01,8.513372249151804905e-01,8.513390207724601533e-01,8.513395858329203536e-01,8.513397980194582493e-01,8.513398887334495679e-01,8.513399279096731664e-01,8.513399390418113777e-01,8.513399278981409468e-01,8.513398887367966683e-01,8.513397980127753728e-01,8.513395858311925135e-01,8.513390207729860659e-01,8.513372249189240515e-01,8.513272004544353289e-01,8.513505423767386837e-01,8.467169700909307206e-01,1.000000000000026201e+00
1.000000000000010436e+00,7.801494395546166860e-01,7.904089894446668652e-01,7.901329879275120760e-01,7.901658343106205962e-01,7.901685598681191802e-01,7.901697474071499583e-01,7.901701830970477847e-01,7.901703729490490158e-01,7.901704557716536792e-01,7.901704787816713482e-01,7.901704555587594214e-01,7.901703730244120649e-01,7.901701830747080990e-01,7.901697474129252274e-01,7.901685597721942456e-01,7.901658343273615381e-01,7.901329882407139849e-01,7.904089893325590976e-01,7.801494396275470145e-01,7.801494395546166860e-01,1.000000000000010436e+00,7.801494397025556804e-01,7.904089896962172013e-01,7.901329883039808211e-01,7.901658345699607011e-01,7.901685603260131252e-01,7.901697474613069705e-01,7.901701833944255737e-01,7.901703735248679639e-01,7.901704556028628090e-01,7.901704793207043886e-01,7.901704558380135968e-01,7.901703732285144666e-01,7.901701836036821858e-01,7.901697474445070757e-01,7.901685602365371430e-01,7.901658347978779418e-01,7.901329881293877033e-01,7.904089899621528081e-01,7.904089894446668652e-01,7.801494397025556804e-01,1.000000000000010436e+00,7.801494394846355540e-01,7.904089896497092926e-01,7.901329881462972882e-01,7.901658345406141759e-01,7.901685599533415649e-01,7.901697473348492373e-01,7.901701835260496187e-01,7.901703728980215002e-01,7.901704556823363479e-01,7.901704791952297580e-01,7.901704555780404426e-01,7.901703733050348122e-01,7.901701832130508807e-01,7.901697474572674240e-01,7.901685602527707131e-01,7.901658342551975966e-01,7.901329883414476285e-01,7.901329879275120760e-01,7.904089896962172013e-01,7.801494394846355540e-01,1.000000000000010436e+00,7.801494395445285335e-01,7.904089895800922028e-01,7.901329882218388612e-01,7.901658342991528805e-01,7.901685598891944329e-01,7.901697475852264008e-01,7.901701830154191919e-01,7.901703730973046458e-01,7.901704556344800734e-01,7.901704790291974589e-01,7.901704557771007664e-01,7.901703729917147756e-01,7.901701833151160148e-01,7.901697475769284829e-01,7.901685598208603167e-01,7.901658345442011955e-01,7.901658343106205962e-01,7.901329883039808211e-01,7.904089896497092926e-01,7.801494395445285335e-01,1.000000000000010436e+00,7.801494396372692375e-01,7.904089898286427163e-01,7.901329881109799835e-01,7.901658344111732735e-01,7.901685603003243408e-01,7.901697472150900348e-01,7.901701833572838396e-01,7.901703732363963839e-01,7.901704556320665596e-01,7.901704793716866071e-01,7.901704556064563789e-01,7.901703732683887926e-01,7.901701835893494286e-01,7.901697472923254750e-01,7.901685602539967324e-01,7.901685598681191802e-01,7.901658345699607011e-01,7.901329881462972882e-01,7.904089895800922028e-01,7.801494396372692375e-01,1.000000000000010436e+00,7.801494397703131467e-01,7.904089895828027013e-01,7.901329881227286966e-01,7.901658346880321426e-01,7.901685597966766617e-01,7.901697474669386878e-01,7.901701833601626479e-01,7.901703730946390003e-01,7.901704558507361975e-01,7.901704791148469464e-01,7.901704557624441572e-01,7.901703734160171466e-01,7.901701832005344484e-01,7.901697476272970810e-01,7.901697474071499583e-01,7.901685603260131252e-01,7.901658345406141759e-01,7.901329882218388612e-01,7.904089898286427163e-01,7.801494397703131467e-01,1.000000000000010436e+00,7.801494396693404720e-01,7.904089897261914466e-01,7.901329885315891977e-01,7.901658343418073160e-01,7.901685601667229886e-01,7.901697475986312336e-01,7.901701833711651801e-01,7.901703734654937916e-01,7.901704557353761427e-01,7.901704794007121668e-01,7.901704560864293292e-01,7.901703731611541270e-01,7.901701836603202134e-01,7.901701830970477847e-01,7.901697474613069705e-01,7.901685599533415649e-01,7.901658342991528805e-01,7.901329881109799835e-01,7.904089895828027013e-01,7.801494396693404720e-01,1.000000000000010436e+00,7.801494394457090253e-01,7.904089897853568969e-01,7.901329878389150574e-01,7.901658343733057865e-01,7.901685599720765785e-01,7.901697472403080846e-01,7.901701834109153832e-01,7.901703730049254304e-01,7.901704556752153774e-01,7.901704793529142901e-01,7.901704554943101977e-01,7.901703732975587924e-01,7.901703729490490158e-01,7.901701833944255737e-01,7.901697473348492373e-01,7.901685598891944329e-01,7.901658344111732735e-01,7.901329881227286966e-01,7.904089897261914466e-01,7.801494394457090253e-01,1.000000000000010436e+00,7.801494397792247959e-01,7.904089893306418535e-01,7.901329881220990892e-01,7.901658343947269847e-01,7.901685598863792404e-01,7.901697475006425053e-01,7.901701831788872088e-01,7.901703731713369816e-01,7.901704559003281947e-01,7.901704789682089114e-01,7.901704558466995376e-01,7.901704557716536792e-01,7.901703735248679639e-01,7.901701835260496187e-01,7.901697475852264008e-01,7.901685603003243408e-01,7.901658346880321426e-01,7.901329885315891977e-01,7.904089897853568969e-01,7.801494397792247959e-01,1.000000000000010436e+00,7.801494395745186550e-01,7.904089898841509809e-01,7.901329884071889298e-01,7.901658345503053127e-01,7.901685604216718284e-01,7.901697475398234971e-01,7.901701836229809706e-01,7.901703736338319128e-01,7.901704558110874688e-01,7.901704795995602160e-01,7.901704787816713482e-01,7.901704556028628090e-01,7.901703728980215002e-01,7.901701830154191919e-01,7.901697472150900348e-01,7.901685597966766617e-01,7.901658343418073160e-01,7.901329878389150574e-01,7.904089893306418535e-01,7.801494395745186550e-01,1.000000000000010436e+00,7.801494393262212723e-01,7.904089894215987622e-01,7.901329878047195221e-01,7.901658343360850045e-01,7.901685597150613916e-01,7.901697472240684084e-01,7.901701833311534084e-01,7.901703727843021330e-01,7.901704556574760119e-01,7.901704555587594214e-01,7.901704793207043886e-01,7.901704556823363479e-01,7.901703730973046458e-01,7.901701833572838396e-01,7.901697474669386878e-01,7.901685601667229886e-01,7.901658343733057865e-01,7.901329881220990892e-01,7.904089898841509809e-01,7.801494393262212723e-01,1.000000000000010436e+00,7.801494396188045632e-01,7.904089895616993600e-01,7.901329883247971697e-01,7.901658343216720892e-01,7.901685601232636413e-01,7.901697476702047584e-01,7.901701831799006204e-01,7.901703733712136524e-01,7.901703730244120649e-01,7.901704558380135968e-01,7.901704791952297580e-01,7.901704556344800734e-01,7.901703732363963839e-01,7.901701833601626479e-01,7.901697475986312336e-01,7.901685599720765785e-01,7.901658343947269847e-01,7.901329884071889298e-01,7.904089894215987622e-01,7.801494396188045632e-01,1.000000000000010436e+00,7.801494395048008679e-01,7.904089898080665089e-01,7.901329880851857279e-01,7.901658345120906590e-01,7.901685602897525751e-01,7.901697473095833368e-01,7.901701835417590525e-01,7.901701830747080990e-01,7.901703732285144666e-01,7.901704555780404426e-01,7.901704790291974589e-01,7.901704556320665596e-01,7.901703730946390003e-01,7.901701833711651801e-01,7.901697472403080846e-01,7.901685598863792404e-01,7.901658345503053127e-01,7.901329878047195221e-01,7.904089895616993600e-01,7.801494395048008679e-01,1.000000000000010436e+00,7.801494396481214455e-01,7.904089894567084551e-01,7.901329881070544570e-01,7.901658345943597395e-01,7.901685598030907531e-01,7.901697475304064744e-01,7.901697474129252274e-01,7.901701836036821858e-01,7.901703733050348122e-01,7.901704557771007664e-01,7.901704793716866071e-01,7.901704558507361975e-01,7.901703734654937916e-01,7.901701834109153832e-01,7.901697475006425053e-01,7.901685604216718284e-01,7.901658343360850045e-01,7.901329883247971697e-01,7.904089898080665089e-01,7.801494396481214455e-01,1.000000000000010436e+00,7.801494396426654765e-01,7.904089898518531498e-01,7.901329885416082943e-01,7.901658344532175304e-01,7.901685603766649413e-01,7.901685597721942456e-01,7.901697474445070757e-01,7.901701832130508807e-01,7.901703729917147756e-01,7.901704556064563789e-01,7.901704791148469464e-01,7.901704557353761427e-01,7.901703730049254304e-01,7.901701831788872088e-01,7.901697475398234971e-01,7.901685597150613916e-01,7.901658343216720892e-01,7.901329880851857279e-01,7.904089894567084551e-01,7.801494396426654765e-01,1.000000000000010436e+00,7.801494395442227781e-01,7.904089897732853309e-01,7.901329879120411182e-01,7.901658345367650327e-01,7.901658343273615381e-01,7.901685602365371430e-01,7.901697474572674240e-01,7.901701833151160148e-01,7.901703732683887926e-01,7.901704557624441572e-01,7.901704794007121668e-01,7.901704556752153774e-01,7.901703731713369816e-01,7.901701836229809706e-01,7.901697472240684084e-01,7.901685601232636413e-01,7.901658345120906590e-01,7.901329881070544570e-01,7.904089898518531498e-01,7.801494395442227781e-01,1.000000000000010436e+00,7.801494399200196161e-01,7.904089895764517815e-01,7.901329884210629428e-01,7.901329882407139849e-01,7.901658347978779418e-01,7.901685602527707131e-01,7.901697475769284829e-01,7.901701835893494286e-01,7.901703734160171466e-01,7.901704560864293292e-01,7.901704793529142901e-01,7.901704559003281947e-01,7.901703736338319128e-01,7.901701833311534084e-01,7.901697476702047584e-01,7.901685602897525751e-01,7.901658345943597395e-01,7.901329885416082943e-01,7.904089897732853309e-01,7.801494399200196161e-01,1.000000000000010436e+00,7.801494396901309525e-01,7.904089900820610026e-01,7.904089893325590976e-01,7.901329881293877033e-01,7.901658342551975966e-01,7.901685598208603167e-01,7.901697472923254750e-01,7.901701832005344484e-01,7.901703731611541270e-01,7.901704554943101977e-01,7.901704789682089114e-01,7.901704558110874688e-01,7.901703727843021330e-01,7.901701831799006204e-01,7.901697473095833368e-01,7.901685598030907531e-01,7.901658344532175304e-01,7.901329879120411182e-01,7.904089895764517815e-01,7.801494396901309525e-01,1.000000000000010436e+00,7.801494396404603515e-01,7.801494396275470145e-01,7.904089899621528081e-01,7.901329883414476285e-01,7.901658345442011955e-01,7.901685602539967324e-01,7.901697476272970810e-01,7.901701836603202134e-01,7.901703732975587924e-01,7.901704558466995376e-01,7.901704795995602160e-01,7.901704556574760119e-01,7.901703733712136524e-01,7.901701835417590525e-01,7.901697475304064744e-01,7.901685603766649413e-01,7.901658345367650327e-01,7.901329884210629428e-01,7.904089900820610026e-01,7.801494396404603515e-01,1.000000000000010436e+00
