9.999999999999971134e-01,9.172153847291952822e-01,9.184510951023007186e-01,9.184696974744819276e-01,9.184724161359295591e-01,9.184729959726729565e-01,9.184731675731500067e-01,9.184732308342068441e-01,9.184732569857355644e-01,9.184732669097943614e-01,9.184732668902051422e-01,9.184732569640108313e-01,9.184732308438922077e-01,9.184731675739172818e-01,9.184729959926751786e-01,9.184724161331521142e-01,9.184696974743185027e-01,9.184510951176303450e-01,9.172153847335045018e-01,9.172153847291952822e-01,9.999999999999971134e-01,9.172153847225589240e-01,9.184510951210689278e-01,9.184696974805369729e-01,9.184724161454653757e-01,9.184729959863704440e-01,9.184731675783271987e-01,9.184732308474969908e-01,9.184732570016405084e-01,9.184732668991277826e-01,9.184732668875841277e-01,9.184732569990041728e-01,9.184732308485477059e-01,9.184731675946296026e-01,9.184729959769719621e-01,9.184724161463549974e-01,9.184696974882938791e-01,9.184510951310577154e-01,9.184510951023007186e-01,9.172153847225589240e-01,9.999999999999971134e-01,9.172153847180148922e-01,9.184510951052171635e-01,9.184696974675770065e-01,9.184724161374357987e-01,9.184729959693856971e-01,9.184731675671455875e-01,9.184732308403285028e-01,9.184732569689687542e-01,9.184732668730911653e-01,9.184732669015083228e-01,9.184732569811757674e-01,9.184732308443490645e-01,9.184731675556625508e-01,9.184729959681225964e-01,9.184724161366157880e-01,9.184696974775757861e-01,9.184696974744819276e-01,9.184510951210689278e-01,9.172153847180148922e-01,9.999999999999971134e-01,9.172153847260275938e-01,9.184510951154626346e-01,9.184696974832329275e-01,9.184724161427016975e-01,9.184729959832784729e-01,9.184731675844107768e-01,9.184732308313517946e-01,9.184732569681141046e-01,9.184732669120770909e-01,9.184732669071639100e-01,9.184732570016399533e-01,9.184732308319547567e-01,9.184731675705695153e-01,9.184729959834481150e-01,9.184724161512712870e-01,9.184724161359295591e-01,9.184696974805369729e-01,9.184510951052171635e-01,9.172153847260275938e-01,9.999999999999971134e-01,9.172153847252851877e-01,9.184510951197694117e-01,9.184696974776238587e-01,9.184724161448962754e-01,9.184729959891483331e-01,9.184731675630886105e-01,9.184732308197818273e-01,9.184732569930331714e-01,9.184732669052020348e-01,9.184732669170148078e-01,9.184732569767868338e-01,9.184732308344536467e-01,9.184731675754262969e-01,9.184729959845453484e-01,9.184729959726729565e-01,9.184724161454653757e-01,9.184696974675770065e-01,9.184510951154626346e-01,9.172153847252851877e-01,9.999999999999971134e-01,9.172153847318635922e-01,9.184510951169672088e-01,9.184696974836508154e-01,9.184724161542721088e-01,9.184729959715586256e-01,9.184731675525993344e-01,9.184732308480246799e-01,9.184732569895684984e-01,9.184732669177854136e-01,9.184732668937499733e-01,9.184732569835954985e-01,9.184732308415466395e-01,9.184731675788707639e-01,9.184731675731500067e-01,9.184729959863704440e-01,9.184724161374357987e-01,9.184696974832329275e-01,9.184510951197694117e-01,9.172153847318635922e-01,9.999999999999971134e-01,9.172153847345834166e-01,9.184510951281549263e-01,9.184696974958710403e-01,9.184724161415113164e-01,9.184729959652871978e-01,9.184731675864528100e-01,9.184732308496078579e-01,9.184732570070011093e-01,9.184732668994626259e-01,9.184732669054967991e-01,9.184732569933393709e-01,9.184732308520385802e-01,9.184732308342068441e-01,9.184731675783271987e-01,9.184729959693856971e-01,9.184724161427016975e-01,9.184696974776238587e-01,9.184510951169672088e-01,9.172153847345834166e-01,9.999999999999971134e-01,9.172153847356805390e-01,9.184510951310184135e-01,9.184696974740136355e-01,9.184724161266074605e-01,9.184729959904707197e-01,9.184731675800785755e-01,9.184732308568170911e-01,9.184732569802732671e-01,9.184732669020212459e-01,9.184732669074302525e-01,9.184732569937289481e-01,9.184732569857355644e-01,9.184732308474969908e-01,9.184731675671455875e-01,9.184729959832784729e-01,9.184724161448962754e-01,9.184696974836508154e-01,9.184510951281549263e-01,9.172153847356805390e-01,9.999999999999971134e-01,9.172153847478577982e-01,9.184510951178654903e-01,9.184696974689525728e-01,9.184724161590389624e-01,9.184729959910518104e-01,9.184731675958625052e-01,9.184732308370313625e-01,9.184732569893689913e-01,9.184732669120037052e-01,9.184732669138888639e-01,9.184732669097943614e-01,9.184732570016405084e-01,9.184732308403285028e-01,9.184731675844107768e-01,9.184729959891483331e-01,9.184724161542721088e-01,9.184696974958710403e-01,9.184510951310184135e-01,9.172153847478577982e-01,9.999999999999971134e-01,9.172153847367917612e-01,9.184510951145274937e-01,9.184696975025893328e-01,9.184724161633657236e-01,9.184729960096492674e-01,9.184731675791267813e-01,9.184732308511640575e-01,9.184732570021865161e-01,9.184732669224263679e-01,9.184732668902051422e-01,9.184732668991277826e-01,9.184732569689687542e-01,9.184732308313517946e-01,9.184731675630886105e-01,9.184729959715586256e-01,9.184724161415113164e-01,9.184696974740136355e-01,9.184510951178654903e-01,9.172153847367917612e-01,9.999999999999971134e-01,9.172153847062779475e-01,9.184510951214832630e-01,9.184696974806934033e-01,9.184724161554835842e-01,9.184729959671195099e-01,9.184731675656708783e-01,9.184732308399176093e-01,9.184732569875793118e-01,9.184732569640108313e-01,9.184732668875841277e-01,9.184732668730911653e-01,9.184732569681141046e-01,9.184732308197818273e-01,9.184731675525993344e-01,9.184729959652871978e-01,9.184724161266074605e-01,9.184696974689525728e-01,9.184510951145274937e-01,9.172153847062779475e-01,9.999999999999971134e-01,9.172153847233077695e-01,9.184510951083947328e-01,9.184696974807982084e-01,9.184724161194671721e-01,9.184729959612355499e-01,9.184731675604175249e-01,9.184732308296560399e-01,9.184732308438922077e-01,9.184732569990041728e-01,9.184732669015083228e-01,9.184732669120770909e-01,9.184732569930331714e-01,9.184732308480246799e-01,9.184731675864528100e-01,9.184729959904707197e-01,9.184724161590389624e-01,9.184696975025893328e-01,9.184510951214832630e-01,9.172153847233077695e-01,9.999999999999971134e-01,9.172153847478865529e-01,9.184510951472127926e-01,9.184696974831627614e-01,9.184724161535118281e-01,9.184729959944376576e-01,9.184731675916345539e-01,9.184731675739172818e-01,9.184732308485477059e-01,9.184732569811757674e-01,9.184732669071639100e-01,9.184732669052020348e-01,9.184732569895684984e-01,9.184732308496078579e-01,9.184731675800785755e-01,9.184729959910518104e-01,9.184724161633657236e-01,9.184696974806934033e-01,9.184510951083947328e-01,9.172153847478865529e-01,9.999999999999971134e-01,9.172153847556365758e-01,9.184510951193574080e-01,9.184696974856833007e-01,9.184724161545723131e-01,9.184729959934283539e-01,9.184729959926751786e-01,9.184731675946296026e-01,9.184732308443490645e-01,9.184732570016399533e-01,9.184732669170148078e-01,9.184732669177854136e-01,9.184732570070011093e-01,9.184732308568170911e-01,9.184731675958625052e-01,9.184729960096492674e-01,9.184724161554835842e-01,9.184696974807982084e-01,9.184510951472127926e-01,9.172153847556365758e-01,9.999999999999971134e-01,9.172153847425483786e-01,9.184510951355591146e-01,9.184696975027712984e-01,9.184724161684273414e-01,9.184724161331521142e-01,9.184729959769719621e-01,9.184731675556625508e-01,9.184732308319547567e-01,9.184732569767868338e-01,9.184732668937499733e-01,9.184732668994626259e-01,9.184732569802732671e-01,9.184732308370313625e-01,9.184731675791267813e-01,9.184729959671195099e-01,9.184724161194671721e-01,9.184696974831627614e-01,9.184510951193574080e-01,9.172153847425483786e-01,9.999999999999971134e-01,9.172153847237165536e-01,9.184510951175354210e-01,9.184696974819572812e-01,9.184696974743185027e-01,9.184724161463549974e-01,9.184729959681225964e-01,9.184731675705695153e-01,9.184732308344536467e-01,9.184732569835954985e-01,9.184732669054967991e-01,9.184732669020212459e-01,9.184732569893689913e-01,9.184732308511640575e-01,9.184731675656708783e-01,9.184729959612355499e-01,9.184724161535118281e-01,9.184696974856833007e-01,9.184510951355591146e-01,9.172153847237165536e-01,9.999999999999971134e-01,9.172153847345174693e-01,9.184510951254331035e-01,9.184510951176303450e-01,9.184696974882938791e-01,9.184724161366157880e-01,9.184729959834481150e-01,9.184731675754262969e-01,9.184732308415466395e-01,9.184732569933393709e-01,9.184732669074302525e-01,9.184732669120037052e-01,9.184732570021865161e-01,9.184732308399176093e-01,9.184731675604175249e-01,9.184729959944376576e-01,9.184724161545723131e-01,9.184696975027712984e-01,9.184510951175354210e-01,9.172153847345174693e-01,9.999999999999971134e-01,9.172153847434187934e-01,9.172153847335045018e-01,9.184510951310577154e-01,9.184696974775757861e-01,9.184724161512712870e-01,9.184729959845453484e-01,9.184731675788707639e-01,9.184732308520385802e-01,9.184732569937289481e-01,9.184732669138888639e-01,9.184732669224263679e-01,9.184732569875793118e-01,9.184732308296560399e-01,9.184731675916345539e-01,9.184729959934283539e-01,9.184724161684273414e-01,9.184696974819572812e-01,9.184510951254331035e-01,9.172153847434187934e-01,9.999999999999971134e-01
9.999999999999863443e-01,8.895453541290958555e-01,8.918714120499475762e-01,8.918916116183254195e-01,8.918965907284683858e-01,8.918976626094345939e-01,8.918979866798926182e-01,8.918981074222731564e-01,8.918981577520950221e-01,8.918981769450208263e-01,8.918981768425829904e-01,8.918981576147715362e-01,8.918981075187586427e-01,8.918979866076010010e-01,8.918976627400331258e-01,8.918965906709556135e-01,8.918916115988246851e-01,8.918714121460490363e-01,8.895453541528922647e-01,8.895453541290958555e-01,9.999999999999863443e-01,8.895453541255382568e-01,8.918714121284564422e-01,8.918916116895949653e-01,8.918965907678899629e-01,8.918976627353482067e-01,8.918979866611164153e-01,8.918981075461119845e-01,8.918981578792587461e-01,8.918981768960028145e-01,8.918981768018247047e-01,8.918981578367710661e-01,8.918981075102265788e-01,8.918979867808948248e-01,8.918976626292289822e-01,8.918965907533757953e-01,8.918916117662404330e-01,8.918714122059691052e-01,8.918714120499475762e-01,8.895453541255382568e-01,9.999999999999863443e-01,8.895453540796139924e-01,8.918714120830715242e-01,8.918916116152645346e-01,8.918965907838465323e-01,8.918976626041367206e-01,8.918979866601808304e-01,8.918981075536833725e-01,8.918981577191672505e-01,8.918981767352046619e-01,8.918981769108682567e-01,8.918981577053912702e-01,8.918981075500167499e-01,8.918979865504412796e-01,8.918976625964781801e-01,8.918965907861839959e-01,8.918916116944500816e-01,8.918916116183254195e-01,8.918714121284564422e-01,8.895453540796139924e-01,9.999999999999863443e-01,8.895453541048485846e-01,8.918714120716172422e-01,8.918916117038525604e-01,8.918965907168833196e-01,8.918976626822294751e-01,8.918979867304043241e-01,8.918981074648942853e-01,8.918981576323300464e-01,8.918981769314635599e-01,8.918981768464131488e-01,8.918981578271534261e-01,8.918981074009793009e-01,8.918979865976000010e-01,8.918976627106636190e-01,8.918965908024938383e-01,8.918965907284683858e-01,8.918916116895949653e-01,8.918714120830715242e-01,8.895453541048485846e-01,9.999999999999863443e-01,8.895453540916594681e-01,8.918714121553218410e-01,8.918916116353379220e-01,8.918965907835936235e-01,8.918976627580029737e-01,8.918979866383794919e-01,8.918981073845027030e-01,8.918981578082977313e-01,8.918981768609508531e-01,8.918981769724552144e-01,8.918981576823247215e-01,8.918981074371801210e-01,8.918979867160846675e-01,8.918976627115227096e-01,8.918976626094345939e-01,8.918965907678899629e-01,8.918916116152645346e-01,8.918714120716172422e-01,8.895453540916594681e-01,9.999999999999863443e-01,8.895453541502734707e-01,8.918714120601961559e-01,8.918916116774757707e-01,8.918965908362547212e-01,8.918976626341089675e-01,8.918979865150877817e-01,8.918981075291345650e-01,8.918981577082958356e-01,8.918981769519039871e-01,8.918981767785589820e-01,8.918981576907045739e-01,8.918981075213735510e-01,8.918979866805696322e-01,8.918979866798926182e-01,8.918976627353482067e-01,8.918965907838465323e-01,8.918916117038525604e-01,8.918714121553218410e-01,8.895453541502734707e-01,9.999999999999863443e-01,8.895453541492397420e-01,8.918714122020011681e-01,8.918916118088574541e-01,8.918965908113978269e-01,8.918976626018032539e-01,8.918979867572554010e-01,8.918981075249516888e-01,8.918981578939071397e-01,8.918981768574222313e-01,8.918981768860089199e-01,8.918981578579028291e-01,8.918981075962573168e-01,8.918981074222731564e-01,8.918979866611164153e-01,8.918976626041367206e-01,8.918965907168833196e-01,8.918916116353379220e-01,8.918714120601961559e-01,8.895453541492397420e-01,9.999999999999863443e-01,8.895453541312122736e-01,8.918714121841748721e-01,8.918916116374621117e-01,8.918965906226816731e-01,8.918976626990682277e-01,8.918979866139641333e-01,8.918981075594534236e-01,8.918981576526876509e-01,8.918981768153393386e-01,8.918981769078873079e-01,8.918981577752258527e-01,8.918981577520950221e-01,8.918981075461119845e-01,8.918979866601808304e-01,8.918976626822294751e-01,8.918965907835936235e-01,8.918916116774757707e-01,8.918714122020011681e-01,8.895453541312122736e-01,9.999999999999863443e-01,8.895453542639552014e-01,8.918714121458909405e-01,8.918916116105173320e-01,8.918965908557584532e-01,8.918976626886913062e-01,8.918979867802169226e-01,8.918981074485301530e-01,8.918981577400845184e-01,8.918981769768167256e-01,8.918981769500098356e-01,8.918981769450208263e-01,8.918981578792587461e-01,8.918981075536833725e-01,8.918979867304043241e-01,8.918976627580029737e-01,8.918965908362547212e-01,8.918916118088574541e-01,8.918714121841748721e-01,8.895453542639552014e-01,9.999999999999863443e-01,8.895453542302010908e-01,8.918714121086288582e-01,8.918916118293261919e-01,8.918965908495799511e-01,8.918976628607881985e-01,8.918979866747256402e-01,8.918981075521947854e-01,8.918981579020115458e-01,8.918981770284365451e-01,8.918981768425829904e-01,8.918981768960028145e-01,8.918981577191672505e-01,8.918981074648942853e-01,8.918979866383794919e-01,8.918976626341089675e-01,8.918965908113978269e-01,8.918916116374621117e-01,8.918714121458909405e-01,8.895453542302010908e-01,9.999999999999863443e-01,8.895453540182290952e-01,8.918714121698640973e-01,8.918916116556346863e-01,8.918965908613263327e-01,8.918976625943360048e-01,8.918979866049449035e-01,8.918981075676790660e-01,8.918981577985333198e-01,8.918981576147715362e-01,8.918981768018247047e-01,8.918981767352046619e-01,8.918981576323300464e-01,8.918981073845027030e-01,8.918979865150877817e-01,8.918976626018032539e-01,8.918965906226816731e-01,8.918916116105173320e-01,8.918714121086288582e-01,8.895453540182290952e-01,9.999999999999863443e-01,8.895453540879632026e-01,8.918714120061590478e-01,8.918916116689025175e-01,8.918965905813156514e-01,8.918976625275111259e-01,8.918979866094440823e-01,8.918981074347624993e-01,8.918981075187586427e-01,8.918981578367710661e-01,8.918981769108682567e-01,8.918981769314635599e-01,8.918981578082977313e-01,8.918981075291345650e-01,8.918979867572554010e-01,8.918976626990682277e-01,8.918965908557584532e-01,8.918916118293261919e-01,8.918714121698640973e-01,8.895453540879632026e-01,9.999999999999863443e-01,8.895453541866488179e-01,8.918714122839427327e-01,8.918916116595723143e-01,8.918965907857137054e-01,8.918976627924916079e-01,8.918979867733302092e-01,8.918979866076010010e-01,8.918981075102265788e-01,8.918981577053912702e-01,8.918981768464131488e-01,8.918981768609508531e-01,8.918981577082958356e-01,8.918981075249516888e-01,8.918979866139641333e-01,8.918976626886913062e-01,8.918965908495799511e-01,8.918916116556346863e-01,8.918714120061590478e-01,8.895453541866488179e-01,9.999999999999863443e-01,8.895453542216607001e-01,8.918714120348565366e-01,8.918916116261903504e-01,8.918965908149436572e-01,8.918976627007273450e-01,8.918976627400331258e-01,8.918979867808948248e-01,8.918981075500167499e-01,8.918981578271534261e-01,8.918981769724552144e-01,8.918981769519039871e-01,8.918981578939071397e-01,8.918981075594534236e-01,8.918979867802169226e-01,8.918976628607881985e-01,8.918965908613263327e-01,8.918916116689025175e-01,8.918714122839427327e-01,8.895453542216607001e-01,9.999999999999863443e-01,8.895453541607170056e-01,8.918714121783557491e-01,8.918916118394520920e-01,8.918965909065067477e-01,8.918965906709556135e-01,8.918976626292289822e-01,8.918979865504412796e-01,8.918981074009793009e-01,8.918981576823247215e-01,8.918981767785589820e-01,8.918981768574222313e-01,8.918981576526876509e-01,8.918981074485301530e-01,8.918979866747256402e-01,8.918976625943360048e-01,8.918965905813156514e-01,8.918916116595723143e-01,8.918714120348565366e-01,8.895453541607170056e-01,9.999999999999863443e-01,8.895453540183476671e-01,8.918714121135509210e-01,8.918916116500604785e-01,8.918916115988246851e-01,8.918965907533757953e-01,8.918976625964781801e-01,8.918979865976000010e-01,8.918981074371801210e-01,8.918981576907045739e-01,8.918981768860089199e-01,8.918981768153393386e-01,8.918981577400845184e-01,8.918981075521947854e-01,8.918979866049449035e-01,8.918976625275111259e-01,8.918965907857137054e-01,8.918916116261903504e-01,8.918714121783557491e-01,8.895453540183476671e-01,9.999999999999863443e-01,8.895453541575091272e-01,8.918714121279635032e-01,8.918714121460490363e-01,8.918916117662404330e-01,8.918965907861839959e-01,8.918976627106636190e-01,8.918979867160846675e-01,8.918981075213735510e-01,8.918981578579028291e-01,8.918981769078873079e-01,8.918981769768167256e-01,8.918981579020115458e-01,8.918981075676790660e-01,8.918979866094440823e-01,8.918976627924916079e-01,8.918965908149436572e-01,8.918916118394520920e-01,8.918714121135509210e-01,8.895453541575091272e-01,9.999999999999863443e-01,8.895453542489276666e-01,8.895453541528922647e-01,8.918714122059691052e-01,8.918916116944500816e-01,8.918965908024938383e-01,8.918976627115227096e-01,8.918979866805696322e-01,8.918981075962573168e-01,8.918981577752258527e-01,8.918981769500098356e-01,8.918981770284365451e-01,8.918981577985333198e-01,8.918981074347624993e-01,8.918979867733302092e-01,8.918976627007273450e-01,8.918965909065067477e-01,8.918916116500604785e-01,8.918714121279635032e-01,8.895453542489276666e-01,9.999999999999863443e-01
1.000000000000006439e+00,8.474779536388998835e-01,8.521895944307177340e-01,8.521759927591294748e-01,8.521864938138135059e-01,8.521885165028098008e-01,8.521891556269591828e-01,8.521893972804785999e-01,8.521894987421303469e-01,8.521895376052079918e-01,8.521895375650290205e-01,8.521894986876361600e-01,8.521893973232937958e-01,8.521891555376116534e-01,8.521885165734386369e-01,8.521864937512902971e-01,8.521759927433683046e-01,8.521895944980361071e-01,8.474779536227580179e-01,8.474779536388998835e-01,1.000000000000006439e+00,8.474779536512703215e-01,8.521895944433328651e-01,8.521759928137104811e-01,8.521864938181675786e-01,8.521885166305320780e-01,8.521891556008848179e-01,8.521893973214659246e-01,8.521894988515819058e-01,8.521895376080752538e-01,8.521895375085772883e-01,8.521894988224127943e-01,8.521893972791696470e-01,8.521891556544790580e-01,8.521885165102127679e-01,8.521864938175934823e-01,8.521759928791940997e-01,8.521895944742373663e-01,8.521895944307177340e-01,8.474779536512703215e-01,1.000000000000006439e+00,8.474779535981706857e-01,8.521895944359740849e-01,8.521759927524440448e-01,8.521864938790877364e-01,8.521885165380299609e-01,8.521891555783001060e-01,8.521893973665476407e-01,8.521894987877181027e-01,8.521895374864765227e-01,8.521895375809721562e-01,8.521894987194503779e-01,8.521893973370117115e-01,8.521891555280387553e-01,8.521885165127034423e-01,8.521864938985451721e-01,8.521759927971016557e-01,8.521759927591294748e-01,8.521895944433328651e-01,8.474779535981706857e-01,1.000000000000006439e+00,8.474779535955891951e-01,8.521895943841797383e-01,8.521759928171394050e-01,8.521864937916677762e-01,8.521885165180441701e-01,8.521891556359303399e-01,8.521893973069761818e-01,8.521894986733753452e-01,8.521895375560690766e-01,8.521895374845156468e-01,8.521894987765502583e-01,8.521893972148627538e-01,8.521891555275250552e-01,8.521885165954943275e-01,8.521864938139263046e-01,8.521864938138135059e-01,8.521759928137104811e-01,8.521895944359740849e-01,8.474779535955891951e-01,1.000000000000006439e+00,8.474779535834306987e-01,8.521895944929452904e-01,8.521759927747620811e-01,8.521864938210975682e-01,8.521885166147687984e-01,8.521891556181188099e-01,8.521893972323164590e-01,8.521894987911076136e-01,8.521895375023664787e-01,8.521895375829586783e-01,8.521894986909178682e-01,8.521893972620653290e-01,8.521891556510612364e-01,8.521885165569353937e-01,8.521885165028098008e-01,8.521864938181675786e-01,8.521759927524440448e-01,8.521895943841797383e-01,8.474779535834306987e-01,1.000000000000006439e+00,8.474779536417254011e-01,8.521895943942149332e-01,8.521759927487888575e-01,8.521864938602178308e-01,8.521885165470108880e-01,8.521891554927760737e-01,8.521893972990832733e-01,8.521894986852702747e-01,8.521895375501813419e-01,8.521895374537615808e-01,8.521894986870552913e-01,8.521893973337931749e-01,8.521891555625490389e-01,8.521891556269591828e-01,8.521885166305320780e-01,8.521864938790877364e-01,8.521759928171394050e-01,8.521895944929452904e-01,8.474779536417254011e-01,1.000000000000006439e+00,8.474779536664187596e-01,8.521895944849270377e-01,8.521759929125583000e-01,8.521864939090041391e-01,8.521885165425598929e-01,8.521891556791287847e-01,8.521893973117582455e-01,8.521894988520931635e-01,8.521895375372831039e-01,8.521895375653623095e-01,8.521894988791526293e-01,8.521893973595382477e-01,8.521893972804785999e-01,8.521891556008848179e-01,8.521885165380299609e-01,8.521864937916677762e-01,8.521759927747620811e-01,8.521895943942149332e-01,8.474779536664187596e-01,1.000000000000006439e+00,8.474779536045993211e-01,8.521895944968925773e-01,8.521759928072507595e-01,8.521864937592795730e-01,8.521885165744673696e-01,8.521891555368709126e-01,8.521893973245410203e-01,8.521894986875975242e-01,8.521895374977908055e-01,8.521895376076513706e-01,8.521894987557642187e-01,8.521894987421303469e-01,8.521893973214659246e-01,8.521891555783001060e-01,8.521885165180441701e-01,8.521864938210975682e-01,8.521759927487888575e-01,8.521895944849270377e-01,8.474779536045993211e-01,1.000000000000006439e+00,8.474779536905775457e-01,8.521895944669503065e-01,8.521759927158326642e-01,8.521864938595471450e-01,8.521885165015714581e-01,8.521891556254529432e-01,8.521893972322297506e-01,8.521894987192528692e-01,8.521895376080057538e-01,8.521895375572638986e-01,8.521895376052079918e-01,8.521894988515819058e-01,8.521893973665476407e-01,8.521891556359303399e-01,8.521885166147687984e-01,8.521864938602178308e-01,8.521759929125583000e-01,8.521895944968925773e-01,8.474779536905775457e-01,1.000000000000006439e+00,8.474779537287321363e-01,8.521895944504478404e-01,8.521759928935604966e-01,8.521864938581470428e-01,8.521885166577509718e-01,8.521891556009483226e-01,8.521893973301954972e-01,8.521894988998308662e-01,8.521895376251091836e-01,8.521895375650290205e-01,8.521895376080752538e-01,8.521894987877181027e-01,8.521893973069761818e-01,8.521891556181188099e-01,8.521885165470108880e-01,8.521864939090041391e-01,8.521759928072507595e-01,8.521895944669503065e-01,8.474779537287321363e-01,1.000000000000006439e+00,8.474779535883569803e-01,8.521895945085844470e-01,8.521759927803767010e-01,8.521864938968268799e-01,8.521885165180672628e-01,8.521891555874858692e-01,8.521893973917955556e-01,8.521894988014117045e-01,8.521894986876361600e-01,8.521895375085772883e-01,8.521895374864765227e-01,8.521894986733753452e-01,8.521893972323164590e-01,8.521891554927760737e-01,8.521885165425598929e-01,8.521864937592795730e-01,8.521759927158326642e-01,8.521895944504478404e-01,8.474779535883569803e-01,1.000000000000006439e+00,8.474779535936097785e-01,8.521895943355355385e-01,8.521759927636782805e-01,8.521864937087332281e-01,8.521885164470992535e-01,8.521891555966081278e-01,8.521893972480720780e-01,8.521893973232937958e-01,8.521894988224127943e-01,8.521895375809721562e-01,8.521895375560690766e-01,8.521894987911076136e-01,8.521893972990832733e-01,8.521891556791287847e-01,8.521885165744673696e-01,8.521864938595471450e-01,8.521759928935604966e-01,8.521895945085844470e-01,8.474779535936097785e-01,1.000000000000006439e+00,8.474779536162690974e-01,8.521895945137241135e-01,8.521759927634713350e-01,8.521864938303365111e-01,8.521885166514360233e-01,8.521891556316993910e-01,8.521891555376116534e-01,8.521893972791696470e-01,8.521894987194503779e-01,8.521895374845156468e-01,8.521895375023664787e-01,8.521894986852702747e-01,8.521893973117582455e-01,8.521891555368709126e-01,8.521885165015714581e-01,8.521864938581470428e-01,8.521759927803767010e-01,8.521895943355355385e-01,8.474779536162690974e-01,1.000000000000006439e+00,8.474779536207237562e-01,8.521895943413339003e-01,8.521759927075512886e-01,8.521864938542466072e-01,8.521885165209348578e-01,8.521885165734386369e-01,8.521891556544790580e-01,8.521893973370117115e-01,8.521894987765502583e-01,8.521895375829586783e-01,8.521895375501813419e-01,8.521894988520931635e-01,8.521893973245410203e-01,8.521891556254529432e-01,8.521885166577509718e-01,8.521864938968268799e-01,8.521759927636782805e-01,8.521895945137241135e-01,8.474779536207237562e-01,1.000000000000006439e+00,8.474779535989429569e-01,8.521895944438618864e-01,8.521759928910633830e-01,8.521864938796790412e-01,8.521864937512902971e-01,8.521885165102127679e-01,8.521891555280387553e-01,8.521893972148627538e-01,8.521894986909178682e-01,8.521895374537615808e-01,8.521895375372831039e-01,8.521894986875975242e-01,8.521893972322297506e-01,8.521891556009483226e-01,8.521885165180672628e-01,8.521864937087332281e-01,8.521759927634713350e-01,8.521895943413339003e-01,8.474779535989429569e-01,1.000000000000006439e+00,8.474779535183184498e-01,8.521895944470081474e-01,8.521759927408976143e-01,8.521759927433683046e-01,8.521864938175934823e-01,8.521885165127034423e-01,8.521891555275250552e-01,8.521893972620653290e-01,8.521894986870552913e-01,8.521895375653623095e-01,8.521895374977908055e-01,8.521894987192528692e-01,8.521893973301954972e-01,8.521891555874858692e-01,8.521885164470992535e-01,8.521864938303365111e-01,8.521759927075512886e-01,8.521895944438618864e-01,8.474779535183184498e-01,1.000000000000006439e+00,8.474779536561616311e-01,8.521895944146169466e-01,8.521895944980361071e-01,8.521759928791940997e-01,8.521864938985451721e-01,8.521885165954943275e-01,8.521891556510612364e-01,8.521893973337931749e-01,8.521894988791526293e-01,8.521895376076513706e-01,8.521895376080057538e-01,8.521894988998308662e-01,8.521893973917955556e-01,8.521891555966081278e-01,8.521885166514360233e-01,8.521864938542466072e-01,8.521759928910633830e-01,8.521895944470081474e-01,8.474779536561616311e-01,1.000000000000006439e+00,8.474779537076885250e-01,8.474779536227580179e-01,8.521895944742373663e-01,8.521759927971016557e-01,8.521864938139263046e-01,8.521885165569353937e-01,8.521891555625490389e-01,8.521893973595382477e-01,8.521894987557642187e-01,8.521895375572638986e-01,8.521895376251091836e-01,8.521894988014117045e-01,8.521893972480720780e-01,8.521891556316993910e-01,8.521885165209348578e-01,8.521864938796790412e-01,8.521759927408976143e-01,8.521895944146169466e-01,8.474779537076885250e-01,1.000000000000006439e+00
1.000000000000015321e+00,7.815907827859174262e-01,7.919339713393384050e-01,7.916810669400612399e-01,7.917137331464303429e-01,7.917169770064463874e-01,7.917183023140080822e-01,7.917187969276147097e-01,7.917190077979048279e-01,7.917190898193324777e-01,7.917190896908439246e-01,7.917190075512989811e-01,7.917187970769654637e-01,7.917183013765721755e-01,7.917169773889612960e-01,7.917137326379456441e-01,7.916810668380329652e-01,7.919339721253446651e-01,7.815907824796621828e-01,7.815907827859174262e-01,1.000000000000015321e+00,7.815907827721485512e-01,7.919339715267850188e-01,7.916810675039016587e-01,7.917137330483806634e-01,7.917169782351031193e-01,7.917183022104407053e-01,7.917187969375711898e-01,7.917190089345573778e-01,7.917190900437360845e-01,7.917190890617625820e-01,7.917190085987668713e-01,7.917187966988024073e-01,7.917183021669660370e-01,7.917169772443364284e-01,7.917137331266105305e-01,7.916810681525789928e-01,7.919339717212132701e-01,7.919339713393384050e-01,7.815907827721485512e-01,1.000000000000015321e+00,7.815907822394934090e-01,7.919339714262489949e-01,7.916810667383552547e-01,7.917137335998062353e-01,7.917169774524501769e-01,7.917183015506680244e-01,7.917187974058792488e-01,7.917190084793432892e-01,7.917190887398150023e-01,7.917190894621929376e-01,7.917190075761285639e-01,7.917187968357217720e-01,7.917183013510151746e-01,7.917169770712708665e-01,7.917137338173441119e-01,7.916810671098166718e-01,7.916810669400612399e-01,7.919339715267850188e-01,7.815907822394934090e-01,1.000000000000015321e+00,7.815907823558613243e-01,7.919339708933377242e-01,7.916810674841996409e-01,7.917137330111465587e-01,7.917169769889518260e-01,7.917183022502706224e-01,7.917187971499662913e-01,7.917190073871960276e-01,7.917190893078194236e-01,7.917190886399955163e-01,7.917190078960222310e-01,7.917187962278380287e-01,7.917183013487506527e-01,7.917169779580656153e-01,7.917137329398666878e-01,7.917137331464303429e-01,7.916810675039016587e-01,7.919339714262489949e-01,7.815907823558613243e-01,1.000000000000015321e+00,7.815907821695543545e-01,7.919339720203993904e-01,7.916810673095775464e-01,7.917137329729321271e-01,7.917169780673620760e-01,7.917183023793372687e-01,7.917187964467424788e-01,7.917190083574493498e-01,7.917190888818126382e-01,7.917190893452643596e-01,7.917190076552462763e-01,7.917187966353950168e-01,7.917183026095027110e-01,7.917169774757135681e-01,7.917169770064463874e-01,7.917137330483806634e-01,7.916810667383552547e-01,7.919339708933377242e-01,7.815907821695543545e-01,1.000000000000015321e+00,7.815907826906588474e-01,7.919339711614884481e-01,7.916810665819403736e-01,7.917137333633328389e-01,7.917169775460957126e-01,7.917183010070112381e-01,7.917187967622161260e-01,7.917190072726647543e-01,7.917190889285301569e-01,7.917190884715918919e-01,7.917190074060278526e-01,7.917187972370415272e-01,7.917183014789144213e-01,7.917183023140080822e-01,7.917169782351031193e-01,7.917137335998062353e-01,7.916810674841996409e-01,7.919339720203993904e-01,7.815907826906588474e-01,1.000000000000015321e+00,7.815907831907344949e-01,7.919339717274868073e-01,7.916810682876164185e-01,7.917137341284971042e-01,7.917169774776748881e-01,7.917183026271944479e-01,7.917187969667831560e-01,7.917190086201102428e-01,7.917190893400783969e-01,7.917190895050997268e-01,7.917190092990001871e-01,7.917187973915096322e-01,7.917187969276147097e-01,7.917183022104407053e-01,7.917169774524501769e-01,7.917137330111465587e-01,7.916810673095775464e-01,7.919339711614884481e-01,7.815907831907344949e-01,1.000000000000015321e+00,7.815907823686560896e-01,7.919339721139716515e-01,7.916810677210276426e-01,7.917137327673826608e-01,7.917169777741802639e-01,7.917183014991844292e-01,7.917187969735751674e-01,7.917190077133993142e-01,7.917190890588201579e-01,7.917190901005750625e-01,7.917190081372803556e-01,7.917190077979048279e-01,7.917187969375711898e-01,7.917183015506680244e-01,7.917169769889518260e-01,7.917137329729321271e-01,7.916810665819403736e-01,7.919339717274868073e-01,7.815907823686560896e-01,1.000000000000015321e+00,7.815907829371324667e-01,7.919339717053011096e-01,7.916810664562905497e-01,7.917137331776651354e-01,7.917169767645181322e-01,7.917183016750927171e-01,7.917187962024822001e-01,7.917190075582668518e-01,7.917190897678652028e-01,7.917190890703820205e-01,7.917190898193324777e-01,7.917190089345573778e-01,7.917187974058792488e-01,7.917183022502706224e-01,7.917169780673620760e-01,7.917137333633328389e-01,7.916810682876164185e-01,7.919339721139716515e-01,7.815907829371324667e-01,1.000000000000015321e+00,7.815907837150664061e-01,7.919339715745059571e-01,7.916810680236219255e-01,7.917137333195448656e-01,7.917169780519076605e-01,7.917183020226604695e-01,7.917187971752051023e-01,7.917190093949222351e-01,7.917190898622408213e-01,7.917190896908439246e-01,7.917190900437360845e-01,7.917190084793432892e-01,7.917187971499662913e-01,7.917183023793372687e-01,7.917169775460957126e-01,7.917137341284971042e-01,7.916810677210276426e-01,7.919339717053011096e-01,7.815907837150664061e-01,1.000000000000015321e+00,7.815907825248249452e-01,7.919339721806157861e-01,7.916810672235830015e-01,7.917137336503908829e-01,7.917169774572212493e-01,7.917183020544811267e-01,7.917187980621337440e-01,7.917190085469794081e-01,7.917190075512989811e-01,7.917190890617625820e-01,7.917190887398150023e-01,7.917190073871960276e-01,7.917187964467424788e-01,7.917183010070112381e-01,7.917169774776748881e-01,7.917137327673826608e-01,7.916810664562905497e-01,7.919339715745059571e-01,7.815907825248249452e-01,1.000000000000015321e+00,7.815907822726919640e-01,7.919339705273855667e-01,7.916810667144531521e-01,7.917137322378531294e-01,7.917169766379935636e-01,7.917183021109274188e-01,7.917187964034944070e-01,7.917187970769654637e-01,7.917190085987668713e-01,7.917190894621929376e-01,7.917190893078194236e-01,7.917190083574493498e-01,7.917187967622161260e-01,7.917183026271944479e-01,7.917169777741802639e-01,7.917137331776651354e-01,7.916810680236219255e-01,7.919339721806157861e-01,7.815907822726919640e-01,1.000000000000015321e+00,7.815907823217579375e-01,7.919339717286262292e-01,7.916810669797504918e-01,7.917137331157069191e-01,7.917169783962589857e-01,7.917183020940965488e-01,7.917183013765721755e-01,7.917187966988024073e-01,7.917190075761285639e-01,7.917190886399955163e-01,7.917190888818126382e-01,7.917190072726647543e-01,7.917187969667831560e-01,7.917183014991844292e-01,7.917169767645181322e-01,7.917137333195448656e-01,7.916810672235830015e-01,7.919339705273855667e-01,7.815907823217579375e-01,1.000000000000015321e+00,7.815907820734196987e-01,7.919339705830013010e-01,7.916810664239041229e-01,7.917137334346580069e-01,7.917169770010503704e-01,7.917169773889612960e-01,7.917183021669660370e-01,7.917187968357217720e-01,7.917190078960222310e-01,7.917190893452643596e-01,7.917190889285301569e-01,7.917190086201102428e-01,7.917187969735751674e-01,7.917183016750927171e-01,7.917169780519076605e-01,7.917137336503908829e-01,7.916810667144531521e-01,7.919339717286262292e-01,7.815907820734196987e-01,1.000000000000015321e+00,7.815907820620160429e-01,7.919339711950050820e-01,7.916810679015802155e-01,7.917137331857458937e-01,7.917137326379456441e-01,7.917169772443364284e-01,7.917183013510151746e-01,7.917187962278380287e-01,7.917190076552462763e-01,7.917190884715918919e-01,7.917190893400783969e-01,7.917190077133993142e-01,7.917187962024822001e-01,7.917183020226604695e-01,7.917169774572212493e-01,7.917137322378531294e-01,7.916810669797504918e-01,7.919339705830013010e-01,7.815907820620160429e-01,1.000000000000015321e+00,7.815907817041503058e-01,7.919339717342007701e-01,7.916810667433250570e-01,7.916810668380329652e-01,7.917137331266105305e-01,7.917169770712708665e-01,7.917183013487506527e-01,7.917187966353950168e-01,7.917190074060278526e-01,7.917190895050997268e-01,7.917190890588201579e-01,7.917190075582668518e-01,7.917187971752051023e-01,7.917183020544811267e-01,7.917169766379935636e-01,7.917137331157069191e-01,7.916810664239041229e-01,7.919339711950050820e-01,7.815907817041503058e-01,1.000000000000015321e+00,7.815907830008156365e-01,7.919339711441050200e-01,7.919339721253446651e-01,7.916810681525789928e-01,7.917137338173441119e-01,7.917169779580656153e-01,7.917183026095027110e-01,7.917187972370415272e-01,7.917190092990001871e-01,7.917190901005750625e-01,7.917190897678652028e-01,7.917190093949222351e-01,7.917187980621337440e-01,7.917183021109274188e-01,7.917169783962589857e-01,7.917137334346580069e-01,7.916810679015802155e-01,7.919339717342007701e-01,7.815907830008156365e-01,1.000000000000015321e+00,7.815907833342063959e-01,7.815907824796621828e-01,7.919339717212132701e-01,7.916810671098166718e-01,7.917137329398666878e-01,7.917169774757135681e-01,7.917183014789144213e-01,7.917187973915096322e-01,7.917190081372803556e-01,7.917190890703820205e-01,7.917190898622408213e-01,7.917190085469794081e-01,7.917187964034944070e-01,7.917183020940965488e-01,7.917169770010503704e-01,7.917137331857458937e-01,7.916810667433250570e-01,7.919339711441050200e-01,7.815907833342063959e-01,1.000000000000015321e+00
