1.000000000000007994e+00,1.011691869131027544e-01,4.248022915423745882e-01,1.860061464839347645e-01,4.005615169661855268e-01,1.912531440192243304e-01,3.986897288197334133e-01,1.915264585330198610e-01,3.985890620434253684e-01,1.915072987939688276e-01,3.985944592934705932e-01,1.915072977029747270e-01,3.985890629203052149e-01,1.915264578107020443e-01,3.986897293553842703e-01,1.912531436132405838e-01,4.005615176358694463e-01,1.860061456538639468e-01,4.248022922506005106e-01,1.011691858875304328e-01,1.011691869131027544e-01,1.000000000000007994e+00,1.011691869487271189e-01,4.248022948998414483e-01,1.860061475202038628e-01,4.005615200577918311e-01,1.912531437362026687e-01,3.986897324124208386e-01,1.915264571733518995e-01,3.985890662188487643e-01,1.915072982911784627e-01,3.985944624189602936e-01,1.915072987685436379e-01,3.985890660203936786e-01,1.915264576914917916e-01,3.986897320588499438e-01,1.912531447450402378e-01,4.005615202938263009e-01,1.860061478816355807e-01,4.248022946262338673e-01,4.248022915423745882e-01,1.011691869487271189e-01,1.000000000000007994e+00,1.011691867893019237e-01,4.248022917646002705e-01,1.860061469861816197e-01,4.005615170788223711e-01,1.912531448883711960e-01,3.986897287191966122e-01,1.915264585076029147e-01,3.985890624284058048e-01,1.915072978837356610e-01,3.985944591671621851e-01,1.915072984919395649e-01,3.985890626403774117e-01,1.915264576564791321e-01,3.986897294325938423e-01,1.912531431886995981e-01,4.005615171918396888e-01,1.860061461358951118e-01,1.860061464839347645e-01,4.248022948998414483e-01,1.011691867893019237e-01,1.000000000000007994e+00,1.011691876539399515e-01,4.248022944436785631e-01,1.860061462682542355e-01,4.005615205332531681e-01,1.912531431269081095e-01,3.986897325994445129e-01,1.915264576488266979e-01,3.985890657614804544e-01,1.915072985710279119e-01,3.985944624797753688e-01,1.915072979734396552e-01,3.985890656528737752e-01,1.915264584025340167e-01,3.986897321213440093e-01,1.912531449836891440e-01,4.005615200792701502e-01,4.005615169661855268e-01,1.860061475202038628e-01,4.248022917646002705e-01,1.011691876539399515e-01,1.000000000000007994e+00,1.011691878507031128e-01,4.248022917041908153e-01,1.860061482102220998e-01,4.005615169878096182e-01,1.912531452489445727e-01,3.986897292455289232e-01,1.915264579659346211e-01,3.985890633436222075e-01,1.915072990442587275e-01,3.985944596172383281e-01,1.915072986782084263e-01,3.985890631762207814e-01,1.915264575429651561e-01,3.986897299234378189e-01,1.912531439669385991e-01,1.912531440192243304e-01,4.005615200577918311e-01,1.860061469861816197e-01,4.248022944436785631e-01,1.011691878507031128e-01,1.000000000000007994e+00,1.011691864439580035e-01,4.248022950716740520e-01,1.860061460751701867e-01,4.005615206287200247e-01,1.912531440904952640e-01,3.986897322270198663e-01,1.915264583482877148e-01,3.985890656946503574e-01,1.915072982247054412e-01,3.985944622949637584e-01,1.915072991206621389e-01,3.985890657677335080e-01,1.915264589782654236e-01,3.986897323649176705e-01,3.986897288197334133e-01,1.912531437362026687e-01,4.005615170788223711e-01,1.860061462682542355e-01,4.248022917041908153e-01,1.011691864439580035e-01,1.000000000000007994e+00,1.011691874614436548e-01,4.248022908686217569e-01,1.860061470144999118e-01,4.005615164043866416e-01,1.912531431765695789e-01,3.986897292832701778e-01,1.915264575492101051e-01,3.985890624052144671e-01,1.915072976497482760e-01,3.985944590359578599e-01,1.915072970198697377e-01,3.985890628335612140e-01,1.915264567443999144e-01,1.915264585330198610e-01,3.986897324124208386e-01,1.912531448883711960e-01,4.005615205332531681e-01,1.860061482102220998e-01,4.248022950716740520e-01,1.011691874614436548e-01,1.000000000000007994e+00,1.011691868885662426e-01,4.248022957083261719e-01,1.860061475523084040e-01,4.005615203414188974e-01,1.912531451761837475e-01,3.986897330881201684e-01,1.915264584264022019e-01,3.985890664104027037e-01,1.915072998005176164e-01,3.985944625966984511e-01,1.915073001529472019e-01,3.985890659676039061e-01,3.985890620434253684e-01,1.915264571733518995e-01,3.986897287191966122e-01,1.912531431269081095e-01,4.005615169878096182e-01,1.860061460751701867e-01,4.248022908686217569e-01,1.011691868885662426e-01,1.000000000000007994e+00,1.011691866659534811e-01,4.248022911320441519e-01,1.860061455008017728e-01,4.005615169324131530e-01,1.912531433335701858e-01,3.986897282252036545e-01,1.915264568283796820e-01,3.985890622459248300e-01,1.915072966418868150e-01,3.985944594772941052e-01,1.915072968657745289e-01,1.915072987939688276e-01,3.985890662188487643e-01,1.915264585076029147e-01,3.986897325994445129e-01,1.912531452489445727e-01,4.005615206287200247e-01,1.860061470144999118e-01,4.248022957083261719e-01,1.011691866659534811e-01,1.000000000000007994e+00,1.011691876761573877e-01,4.248022947462363197e-01,1.860061477158986842e-01,4.005615210305139007e-01,1.912531444620959586e-01,3.986897328588586698e-01,1.915264591494823532e-01,3.985890657586669272e-01,1.915072999658935238e-01,3.985944620915725656e-01,3.985944592934705932e-01,1.915072982911784627e-01,3.985890624284058048e-01,1.915264576488266979e-01,3.986897292455289232e-01,1.912531440904952640e-01,4.005615164043866416e-01,1.860061475523084040e-01,4.248022911320441519e-01,1.011691876761573877e-01,1.000000000000007994e+00,1.011691861771217421e-01,4.248022918777006884e-01,1.860061467998148088e-01,4.005615166371145897e-01,1.912531437093820674e-01,3.986897293998963865e-01,1.915264568617065510e-01,3.985890635966100604e-01,1.915072975827553092e-01,1.915072977029747270e-01,3.985944624189602936e-01,1.915072978837356610e-01,3.985890657614804544e-01,1.915264579659346211e-01,3.986897322270198663e-01,1.912531431765695789e-01,4.005615203414188974e-01,1.860061455008017728e-01,4.248022947462363197e-01,1.011691861771217421e-01,1.000000000000007994e+00,1.011691868425368124e-01,4.248022946843498238e-01,1.860061461482641620e-01,4.005615202246571305e-01,1.912531442664431036e-01,3.986897316917714096e-01,1.915264584349384847e-01,3.985890649073642322e-01,3.985890629203052149e-01,1.915072987685436379e-01,3.985944591671621851e-01,1.915072985710279119e-01,3.985890633436222075e-01,1.915264583482877148e-01,3.986897292832701778e-01,1.912531451761837475e-01,4.005615169324131530e-01,1.860061477158986842e-01,4.248022918777006884e-01,1.011691868425368124e-01,1.000000000000007994e+00,1.011691877398240569e-01,4.248022912342070412e-01,1.860061469552837243e-01,4.005615172758025810e-01,1.912531435956161818e-01,3.986897300100466501e-01,1.915264576183600687e-01,1.915264578107020443e-01,3.985890660203936786e-01,1.915072984919395649e-01,3.985944624797753688e-01,1.915072990442587275e-01,3.985890656946503574e-01,1.915264575492101051e-01,3.986897330881201684e-01,1.912531433335701858e-01,4.005615210305139007e-01,1.860061467998148088e-01,4.248022946843498238e-01,1.011691877398240569e-01,1.000000000000007994e+00,1.011691868334470557e-01,4.248022952194303592e-01,1.860061476457207652e-01,4.005615199659225967e-01,1.912531452695539480e-01,3.986897319072365553e-01,3.986897293553842703e-01,1.915264576914917916e-01,3.985890626403774117e-01,1.915072979734396552e-01,3.985944596172383281e-01,1.915072982247054412e-01,3.985890624052144671e-01,1.915264584264022019e-01,3.986897282252036545e-01,1.912531444620959586e-01,4.005615166371145897e-01,1.860061461482641620e-01,4.248022912342070412e-01,1.011691868334470557e-01,1.000000000000007994e+00,1.011691864579911809e-01,4.248022914524185456e-01,1.860061457554764153e-01,4.005615172736431973e-01,1.912531432098027451e-01,1.912531436132405838e-01,3.986897320588499438e-01,1.915264576564791321e-01,3.985890656528737752e-01,1.915072986782084263e-01,3.985944622949637584e-01,1.915072976497482760e-01,3.985890664104027037e-01,1.915264568283796820e-01,3.986897328588586698e-01,1.912531437093820674e-01,4.005615202246571305e-01,1.860061469552837243e-01,4.248022952194303592e-01,1.011691864579911809e-01,1.000000000000007994e+00,1.011691875359805592e-01,4.248022948372657259e-01,1.860061476704995553e-01,4.005615197604965871e-01,4.005615176358694463e-01,1.912531447450402378e-01,3.986897294325938423e-01,1.915264584025340167e-01,3.985890631762207814e-01,1.915072991206621389e-01,3.985944590359578599e-01,1.915072998005176164e-01,3.985890622459248300e-01,1.915264591494823532e-01,3.986897293998963865e-01,1.912531442664431036e-01,4.005615172758025810e-01,1.860061476457207652e-01,4.248022914524185456e-01,1.011691875359805592e-01,1.000000000000007994e+00,1.011691866969844922e-01,4.248022919429748079e-01,1.860061468031954657e-01,1.860061456538639468e-01,4.005615202938263009e-01,1.912531431886995981e-01,3.986897321213440093e-01,1.915264575429651561e-01,3.985890657677335080e-01,1.915072970198697377e-01,3.985944625966984511e-01,1.915072966418868150e-01,3.985890657586669272e-01,1.915264568617065510e-01,3.986897316917714096e-01,1.912531435956161818e-01,4.005615199659225967e-01,1.860061457554764153e-01,4.248022948372657259e-01,1.011691866969844922e-01,1.000000000000007994e+00,1.011691873980967715e-01,4.248022939338995108e-01,4.248022922506005106e-01,1.860061478816355807e-01,4.005615171918396888e-01,1.912531449836891440e-01,3.986897299234378189e-01,1.915264589782654236e-01,3.985890628335612140e-01,1.915073001529472019e-01,3.985944594772941052e-01,1.915072999658935238e-01,3.985890635966100604e-01,1.915264584349384847e-01,3.986897300100466501e-01,1.912531452695539480e-01,4.005615172736431973e-01,1.860061476704995553e-01,4.248022919429748079e-01,1.011691873980967715e-01,1.000000000000007994e+00,1.011691873565906397e-01,1.011691858875304328e-01,4.248022946262338673e-01,1.860061461358951118e-01,4.005615200792701502e-01,1.912531439669385991e-01,3.986897323649176705e-01,1.915264567443999144e-01,3.985890659676039061e-01,1.915072968657745289e-01,3.985944620915725656e-01,1.915072975827553092e-01,3.985890649073642322e-01,1.915264576183600687e-01,3.986897319072365553e-01,1.912531432098027451e-01,4.005615197604965871e-01,1.860061468031954657e-01,4.248022939338995108e-01,1.011691873565906397e-01,1.000000000000007994e+00
9.999999999999986677e-01,8.990632403661451277e-02,4.227751315618721306e-01,1.767768964520300967e-01,3.972399334060900955e-01,1.824565698695765625e-01,3.951574002721064960e-01,1.827764057587664137e-01,3.950339432015410601e-01,1.827571027018433936e-01,3.950385299799095140e-01,1.827571017743774839e-01,3.950339437846875357e-01,1.827764059835436661e-01,3.951574000858605329e-01,1.824565704663486110e-01,3.972399335110358143e-01,1.767768962756355589e-01,4.227751319690170040e-01,8.990632333206155513e-02,8.990632403661451277e-02,9.999999999999986677e-01,8.990632396474546040e-02,4.227751334483946799e-01,1.767768972945887862e-01,3.972399346413881815e-01,1.824565705323880072e-01,3.951574016852542059e-01,1.827764062392918942e-01,3.950339448900676564e-01,1.827571046709001723e-01,3.950385305727395213e-01,1.827571043330534495e-01,3.950339453086371688e-01,1.827764052981452336e-01,3.951574020606968274e-01,1.824565700917518962e-01,3.972399352623744440e-01,1.767768970570841036e-01,4.227751333204252671e-01,4.227751315618721306e-01,8.990632396474546040e-02,9.999999999999986677e-01,8.990632385013083705e-02,4.227751319040349287e-01,1.767768963584090414e-01,3.972399335931312558e-01,1.824565700121848766e-01,3.951574001746455123e-01,1.827764052473973277e-01,3.950339437567308987e-01,1.827571017969931433e-01,3.950385295459247770e-01,1.827571034960855934e-01,3.950339429862299023e-01,1.827764062851405524e-01,3.951574001473846520e-01,1.824565699295999099e-01,3.972399332982327613e-01,1.767768960327300853e-01,1.767768964520300967e-01,4.227751334483946799e-01,8.990632385013083705e-02,9.999999999999986677e-01,8.990632488355447538e-02,4.227751327657896518e-01,1.767768968960484188e-01,3.972399348064327707e-01,1.824565703732438093e-01,3.951574015784128924e-01,1.827764071371441035e-01,3.950339444247725207e-01,1.827571042504629040e-01,3.950385313033961676e-01,1.827571026991370862e-01,3.950339453502696996e-01,1.827764058071955633e-01,3.951574019954200434e-01,1.824565705787311864e-01,3.972399348548011910e-01,3.972399334060900955e-01,1.767768972945887862e-01,4.227751319040349287e-01,8.990632488355447538e-02,9.999999999999986677e-01,8.990632450702518152e-02,4.227751322732222761e-01,1.767768971116066568e-01,3.972399337962176369e-01,1.824565701284895924e-01,3.951574010356267430e-01,1.827764049748739905e-01,3.950339442043077076e-01,1.827571041538902374e-01,3.950385293363650185e-01,1.827571044263051059e-01,3.950339435305660341e-01,1.827764063484493273e-01,3.951574008144685957e-01,1.824565702788046584e-01,1.824565698695765625e-01,3.972399346413881815e-01,1.767768963584090414e-01,4.227751327657896518e-01,8.990632450702518152e-02,9.999999999999986677e-01,8.990632402661191680e-02,4.227751328991964375e-01,1.767768965800611269e-01,3.972399345639044954e-01,1.824565711814028490e-01,3.951574010657308289e-01,1.827764065814563854e-01,3.950339449543995296e-01,1.827571025166336294e-01,3.950385312054797149e-01,1.827571031051100081e-01,3.950339450643577388e-01,1.827764061244281368e-01,3.951574017003655626e-01,3.951574002721064960e-01,1.824565705323880072e-01,3.972399335931312558e-01,1.767768968960484188e-01,4.227751322732222761e-01,8.990632402661191680e-02,9.999999999999986677e-01,8.990632430605360881e-02,4.227751318500866384e-01,1.767768962681198208e-01,3.972399337888057880e-01,1.824565689252817258e-01,3.951574008931271753e-01,1.827764063517430260e-01,3.950339431547830182e-01,1.827571041068624669e-01,3.950385292404089421e-01,1.827571035313281245e-01,3.950339436280391747e-01,1.827764057277493359e-01,1.827764057587664137e-01,3.951574016852542059e-01,1.824565700121848766e-01,3.972399348064327707e-01,1.767768971116066568e-01,4.227751328991964375e-01,8.990632430605360881e-02,9.999999999999986677e-01,8.990632415380411802e-02,4.227751331471925056e-01,1.767768977612707570e-01,3.972399341014521967e-01,1.824565708993875490e-01,3.951574022241564066e-01,1.827764051398194922e-01,3.950339454364998892e-01,1.827571032186470212e-01,3.950385311836321356e-01,1.827571037324144942e-01,3.950339448824643496e-01,3.950339432015410601e-01,1.827764062392918942e-01,3.951574001746455123e-01,1.824565703732438093e-01,3.972399337962176369e-01,1.767768965800611269e-01,4.227751318500866384e-01,8.990632415380411802e-02,9.999999999999986677e-01,8.990632345033319761e-02,4.227751324740522954e-01,1.767768952612178146e-01,3.972399340021667280e-01,1.824565705062460852e-01,3.951573997652914061e-01,1.827764065907574453e-01,3.950339431731952344e-01,1.827571034689439156e-01,3.950385296759497677e-01,1.827571031689667613e-01,1.827571027018433936e-01,3.950339448900676564e-01,1.827764052473973277e-01,3.951574015784128924e-01,1.824565701284895924e-01,3.972399345639044954e-01,1.767768962681198208e-01,4.227751331471925056e-01,8.990632345033319761e-02,9.999999999999986677e-01,8.990632491804109727e-02,4.227751319833836785e-01,1.767768968030575816e-01,3.972399349870696650e-01,1.824565688790877604e-01,3.951574019608128374e-01,1.827764052253735283e-01,3.950339448211043214e-01,1.827571032189356237e-01,3.950385304352749261e-01,3.950385299799095140e-01,1.827571046709001723e-01,3.950339437567308987e-01,1.827764071371441035e-01,3.951574010356267430e-01,1.824565711814028490e-01,3.972399337888057880e-01,1.767768977612707570e-01,4.227751324740522954e-01,8.990632491804109727e-02,9.999999999999986677e-01,8.990632363511760761e-02,4.227751330736172486e-01,1.767768979625445880e-01,3.972399336238464085e-01,1.824565718124511460e-01,3.951574008484340927e-01,1.827764069791383283e-01,3.950339444045743997e-01,1.827571041736594792e-01,1.827571017743774839e-01,3.950385305727395213e-01,1.827571017969931433e-01,3.950339444247725207e-01,1.827764049748739905e-01,3.951574010657308289e-01,1.824565689252817258e-01,3.972399341014521967e-01,1.767768952612178146e-01,4.227751319833836785e-01,8.990632363511760761e-02,9.999999999999986677e-01,8.990632313584666357e-02,4.227751326193833759e-01,1.767768944040410406e-01,3.972399345706157381e-01,1.824565685583008634e-01,3.951574011543887988e-01,1.827764048460457924e-01,3.950339439228265359e-01,3.950339437846875357e-01,1.827571043330534495e-01,3.950385295459247770e-01,1.827571042504629040e-01,3.950339442043077076e-01,1.827764065814563854e-01,3.951574008931271753e-01,1.824565708993875490e-01,3.972399340021667280e-01,1.767768968030575816e-01,4.227751330736172486e-01,8.990632313584666357e-02,9.999999999999986677e-01,8.990632559653800870e-02,4.227751314053439513e-01,1.767768979658018158e-01,3.972399335281751043e-01,1.824565709452961315e-01,3.951574008905273105e-01,1.827764063792209348e-01,1.827764059835436661e-01,3.950339453086371688e-01,1.827571034960855934e-01,3.950385313033961676e-01,1.827571041538902374e-01,3.950339449543995296e-01,1.827764063517430260e-01,3.951574022241564066e-01,1.824565705062460852e-01,3.972399349870696650e-01,1.767768979625445880e-01,4.227751326193833759e-01,8.990632559653800870e-02,9.999999999999986677e-01,8.990632339860724076e-02,4.227751340523305257e-01,1.767768967199350727e-01,3.972399350900183146e-01,1.824565708212491089e-01,3.951574017499808189e-01,3.951574000858605329e-01,1.827764052981452336e-01,3.950339429862299023e-01,1.827571026991370862e-01,3.950385293363650185e-01,1.827571025166336294e-01,3.950339431547830182e-01,1.827764051398194922e-01,3.951573997652914061e-01,1.824565688790877604e-01,3.972399336238464085e-01,1.767768944040410406e-01,4.227751314053439513e-01,8.990632339860724076e-02,9.999999999999986677e-01,8.990632381068877632e-02,4.227751310887886138e-01,1.767768958463480089e-01,3.972399330264950179e-01,1.824565690561094078e-01,1.824565704663486110e-01,3.951574020606968274e-01,1.827764062851405524e-01,3.950339453502696996e-01,1.827571044263051059e-01,3.950385312054797149e-01,1.827571041068624669e-01,3.950339454364998892e-01,1.827764065907574453e-01,3.951574019608128374e-01,1.824565718124511460e-01,3.972399345706157381e-01,1.767768979658018158e-01,4.227751340523305257e-01,8.990632381068877632e-02,9.999999999999986677e-01,8.990632456047142895e-02,4.227751338606898224e-01,1.767768975452570224e-01,3.972399350500477322e-01,3.972399335110358143e-01,1.824565700917518962e-01,3.951574001473846520e-01,1.827764058071955633e-01,3.950339435305660341e-01,1.827571031051100081e-01,3.950385292404089421e-01,1.827571032186470212e-01,3.950339431731952344e-01,1.827764052253735283e-01,3.951574008484340927e-01,1.824565685583008634e-01,3.972399335281751043e-01,1.767768967199350727e-01,4.227751310887886138e-01,8.990632456047142895e-02,9.999999999999986677e-01,8.990632380878993413e-02,4.227751314542367300e-01,1.767768960328783834e-01,1.767768962756355589e-01,3.972399352623744440e-01,1.824565699295999099e-01,3.951574019954200434e-01,1.827764063484493273e-01,3.950339450643577388e-01,1.827571035313281245e-01,3.950385311836321356e-01,1.827571034689439156e-01,3.950339448211043214e-01,1.827764069791383283e-01,3.951574011543887988e-01,1.824565709452961315e-01,3.972399350900183146e-01,1.767768958463480089e-01,4.227751338606898224e-01,8.990632380878993413e-02,9.999999999999986677e-01,8.990632459724891279e-02,4.227751330899024440e-01,4.227751319690170040e-01,1.767768970570841036e-01,3.972399332982327613e-01,1.824565705787311864e-01,3.951574008144685957e-01,1.827764061244281368e-01,3.950339436280391747e-01,1.827571037324144942e-01,3.950385296759497677e-01,1.827571032189356237e-01,3.950339444045743997e-01,1.827764048460457924e-01,3.951574008905273105e-01,1.824565708212491089e-01,3.972399330264950179e-01,1.767768975452570224e-01,4.227751314542367300e-01,8.990632459724891279e-02,9.999999999999986677e-01,8.990632396972764173e-02,8.990632333206155513e-02,4.227751333204252671e-01,1.767768960327300853e-01,3.972399348548011910e-01,1.824565702788046584e-01,3.951574017003655626e-01,1.827764057277493359e-01,3.950339448824643496e-01,1.827571031689667613e-01,3.950385304352749261e-01,1.827571041736594792e-01,3.950339439228265359e-01,1.827764063792209348e-01,3.951574017499808189e-01,1.824565690561094078e-01,3.972399350500477322e-01,1.767768960328783834e-01,4.227751330899024440e-01,8.990632396972764173e-02,9.999999999999986677e-01
1.000000000000000666e+00,7.853060839213282796e-02,4.208953816800786729e-01,1.674286523705540430e-01,3.940347885776545045e-01,1.735651765791618173e-01,3.917252242034905962e-01,1.739370268218807247e-01,3.915758348327225136e-01,1.739178303765195888e-01,3.915793637052134568e-01,1.739178297952221897e-01,3.915758353968746830e-01,1.739370267739429599e-01,3.917252242066142642e-01,1.735651769862461835e-01,3.940347886698751245e-01,1.674286522925754750e-01,4.208953819824052811e-01,7.853060755676050109e-02,7.853060839213282796e-02,1.000000000000000666e+00,7.853060839752384892e-02,4.208953803533621585e-01,1.674286544143667177e-01,3.940347865581335651e-01,1.735651783625821454e-01,3.917252226531806603e-01,1.739370273510139620e-01,3.915758337953839652e-01,1.739178326633171456e-01,3.915793617725156217e-01,1.739178320415989965e-01,3.915758339514814890e-01,1.739370271955907876e-01,3.917252227784787655e-01,1.735651782573153223e-01,3.940347872228345261e-01,1.674286535518281216e-01,4.208953804439055091e-01,4.208953816800786729e-01,7.853060839752384892e-02,1.000000000000000666e+00,7.853060770294101323e-02,4.208953821334311396e-01,1.674286519270560825e-01,3.940347887317652287e-01,1.735651774741419073e-01,3.917252241007881386e-01,1.739370261138744322e-01,3.915758353109134449e-01,1.739178298010150836e-01,3.915793634784795474e-01,1.739178310682009398e-01,3.915758350088227591e-01,1.739370263789768445e-01,3.917252242559525199e-01,1.735651770624923318e-01,3.940347883883270064e-01,1.674286522841098024e-01,1.674286523705540430e-01,4.208953803533621585e-01,7.853060770294101323e-02,1.000000000000000666e+00,7.853060946870235592e-02,4.208953796625290456e-01,1.674286531017646351e-01,3.940347866583523984e-01,1.735651774012351434e-01,3.917252224816633044e-01,1.739370278345040433e-01,3.915758332449071344e-01,1.739178314628299638e-01,3.915793620094197847e-01,1.739178308932805561e-01,3.915758336736103740e-01,1.739370270619992886e-01,3.917252227304094392e-01,1.735651777039639021e-01,3.940347868159704836e-01,3.940347885776545045e-01,1.674286544143667177e-01,4.208953821334311396e-01,7.853060946870235592e-02,1.000000000000000666e+00,7.853060872764999756e-02,4.208953825475730826e-01,1.674286541530757288e-01,3.940347890338283809e-01,1.735651781197448118e-01,3.917252249570969402e-01,1.739370268918064288e-01,3.915758360142728156e-01,1.739178324345927451e-01,3.915793638009751887e-01,1.739178320231650754e-01,3.915758356192098333e-01,1.739370277829997979e-01,3.917252248299136763e-01,1.735651783665667636e-01,1.735651765791618173e-01,3.940347865581335651e-01,1.674286519270560825e-01,4.208953796625290456e-01,7.853060872764999756e-02,1.000000000000000666e+00,7.853060786654075809e-02,4.208953796747550435e-01,1.674286521422595209e-01,3.940347864022202273e-01,1.735651779512622228e-01,3.917252219688314163e-01,1.739370266651431574e-01,3.915758333466023977e-01,1.739178303734397191e-01,3.915793616827500934e-01,1.739178308148537355e-01,3.915758335238778143e-01,1.739370265023808537e-01,3.917252225349144856e-01,3.917252242034905962e-01,1.735651783625821454e-01,3.940347887317652287e-01,1.674286531017646351e-01,4.208953825475730826e-01,7.853060786654075809e-02,1.000000000000000666e+00,7.853060891860547121e-02,4.208953821764589986e-01,1.674286527185135653e-01,3.940347888435324908e-01,1.735651768278313467e-01,3.917252248449034080e-01,1.739370274196643251e-01,3.915758352821815391e-01,1.739178312852283637e-01,3.915793635494557168e-01,1.739178313423958566e-01,3.915758354342470104e-01,1.739370269852092699e-01,1.739370268218807247e-01,3.917252226531806603e-01,1.735651774741419073e-01,3.940347866583523984e-01,1.674286541530757288e-01,4.208953796747550435e-01,7.853060891860547121e-02,1.000000000000000666e+00,7.853060836084707619e-02,4.208953801960871877e-01,1.674286541503498260e-01,3.940347863073778711e-01,1.735651781526838522e-01,3.917252229617065318e-01,1.739370269663405300e-01,3.915758338408842354e-01,1.739178316876209274e-01,3.915793619927692149e-01,1.739178316636927901e-01,3.915758336606267043e-01,3.915758348327225136e-01,1.739370273510139620e-01,3.917252241007881386e-01,1.735651774012351434e-01,3.940347890338283809e-01,1.674286521422595209e-01,4.208953821764589986e-01,7.853060836084707619e-02,1.000000000000000666e+00,7.853060768037810335e-02,4.208953821970602971e-01,1.674286517459592227e-01,3.940347888876120086e-01,1.735651776895414944e-01,3.917252239118413359e-01,1.739370266711814939e-01,3.915758351157286876e-01,1.739178309823512514e-01,3.915793636352312701e-01,1.739178309167370151e-01,1.739178303765195888e-01,3.915758337953839652e-01,1.739370261138744322e-01,3.917252224816633044e-01,1.735651781197448118e-01,3.940347864022202273e-01,1.674286527185135653e-01,4.208953801960871877e-01,7.853060768037810335e-02,1.000000000000000666e+00,7.853060904411554577e-02,4.208953795321142000e-01,1.674286527452354123e-01,3.940347869986148277e-01,1.735651769284665136e-01,3.917252227250661578e-01,1.739370267150070481e-01,3.915758334799039342e-01,1.739178309623699570e-01,3.915793615893375379e-01,3.915793637052134568e-01,1.739178326633171456e-01,3.915758353109134449e-01,1.739370278345040433e-01,3.917252249570969402e-01,1.735651779512622228e-01,3.940347888435324908e-01,1.674286541503498260e-01,4.208953821970602971e-01,7.853060904411554577e-02,1.000000000000000666e+00,7.853060809647555152e-02,4.208953828540527575e-01,1.674286540809966084e-01,3.940347887755977219e-01,1.735651783837192097e-01,3.917252248188312080e-01,1.739370277761721484e-01,3.915758360125830562e-01,1.739178320006639078e-01,1.739178297952221897e-01,3.915793617725156217e-01,1.739178298010150836e-01,3.915758332449071344e-01,1.739370268918064288e-01,3.917252219688314163e-01,1.735651768278313467e-01,3.940347863073778711e-01,1.674286517459592227e-01,4.208953795321142000e-01,7.853060809647555152e-02,1.000000000000000666e+00,7.853060752609655748e-02,4.208953795826869682e-01,1.674286516757206300e-01,3.940347864390402188e-01,1.735651768075491264e-01,3.917252220747055591e-01,1.739370261367398918e-01,3.915758328649419084e-01,3.915758353968746830e-01,1.739178320415989965e-01,3.915793634784795474e-01,1.739178314628299638e-01,3.915758360142728156e-01,1.739370266651431574e-01,3.917252248449034080e-01,1.735651781526838522e-01,3.940347888876120086e-01,1.674286527452354123e-01,4.208953828540527575e-01,7.853060752609655748e-02,1.000000000000000666e+00,7.853060927767654964e-02,4.208953818922730461e-01,1.674286531214367879e-01,3.940347887665130444e-01,1.735651778646780663e-01,3.917252247974878920e-01,1.739370271307844606e-01,1.739370267739429599e-01,3.915758339514814890e-01,1.739178310682009398e-01,3.915793620094197847e-01,1.739178324345927451e-01,3.915758333466023977e-01,1.739370274196643251e-01,3.917252229617065318e-01,1.735651776895414944e-01,3.940347869986148277e-01,1.674286540809966084e-01,4.208953795826869682e-01,7.853060927767654964e-02,1.000000000000000666e+00,7.853060823353101572e-02,4.208953806291215738e-01,1.674286534018046002e-01,3.940347868733929948e-01,1.735651780853388892e-01,3.917252225843178559e-01,3.917252242066142642e-01,1.739370271955907876e-01,3.915758350088227591e-01,1.739178308932805561e-01,3.915793638009751887e-01,1.739178303734397191e-01,3.915758352821815391e-01,1.739370269663405300e-01,3.917252239118413359e-01,1.735651769284665136e-01,3.940347887755977219e-01,1.674286516757206300e-01,4.208953818922730461e-01,7.853060823353101572e-02,1.000000000000000666e+00,7.853060795632323121e-02,4.208953815523265307e-01,1.674286526256836827e-01,3.940347883498857007e-01,1.735651772097018264e-01,1.735651769862461835e-01,3.917252227784787655e-01,1.739370263789768445e-01,3.915758336736103740e-01,1.739178320231650754e-01,3.915793616827500934e-01,1.739178312852283637e-01,3.915758338408842354e-01,1.739370266711814939e-01,3.917252227250661578e-01,1.735651783837192097e-01,3.940347864390402188e-01,1.674286531214367879e-01,4.208953806291215738e-01,7.853060795632323121e-02,1.000000000000000666e+00,7.853060849293294621e-02,4.208953805861256336e-01,1.674286529979880922e-01,3.940347868361894768e-01,3.940347886698751245e-01,1.735651782573153223e-01,3.917252242559525199e-01,1.739370270619992886e-01,3.915758356192098333e-01,1.739178308148537355e-01,3.915793635494557168e-01,1.739178316876209274e-01,3.915758351157286876e-01,1.739370267150070481e-01,3.917252248188312080e-01,1.735651768075491264e-01,3.940347887665130444e-01,1.674286534018046002e-01,4.208953815523265307e-01,7.853060849293294621e-02,1.000000000000000666e+00,7.853060843890638520e-02,4.208953817713758094e-01,1.674286529146364610e-01,1.674286522925754750e-01,3.940347872228345261e-01,1.735651770624923318e-01,3.917252227304094392e-01,1.739370277829997979e-01,3.915758335238778143e-01,1.739178313423958566e-01,3.915793619927692149e-01,1.739178309823512514e-01,3.915758334799039342e-01,1.739370277761721484e-01,3.917252220747055591e-01,1.735651778646780663e-01,3.940347868733929948e-01,1.674286526256836827e-01,4.208953805861256336e-01,7.853060843890638520e-02,1.000000000000000666e+00,7.853060857923790938e-02,4.208953800765877773e-01,4.208953819824052811e-01,1.674286535518281216e-01,3.940347883883270064e-01,1.735651777039639021e-01,3.917252248299136763e-01,1.739370265023808537e-01,3.915758354342470104e-01,1.739178316636927901e-01,3.915793636352312701e-01,1.739178309623699570e-01,3.915758360125830562e-01,1.739370261367398918e-01,3.917252247974878920e-01,1.735651780853388892e-01,3.940347883498857007e-01,1.674286529979880922e-01,4.208953817713758094e-01,7.853060857923790938e-02,1.000000000000000666e+00,7.853060833522115813e-02,7.853060755676050109e-02,4.208953804439055091e-01,1.674286522841098024e-01,3.940347868159704836e-01,1.735651783665667636e-01,3.917252225349144856e-01,1.739370269852092699e-01,3.915758336606267043e-01,1.739178309167370151e-01,3.915793615893375379e-01,1.739178320006639078e-01,3.915758328649419084e-01,1.739370271307844606e-01,3.917252225843178559e-01,1.735651772097018264e-01,3.940347868361894768e-01,1.674286529146364610e-01,4.208953800765877773e-01,7.853060833522115813e-02,1.000000000000000666e+00
9.999999999999957812e-01,6.704294150480179237e-02,4.191702196038533668e-01,1.579576868935022582e-01,3.909550143228190944e-01,1.645755440710687800e-01,3.884015133185763080e-01,1.650053259232897029e-01,3.882227543426713945e-01,1.649865361811755637e-01,3.882249381445370684e-01,1.649865355190719973e-01,3.882227550410433659e-01,1.650053254956961868e-01,3.884015136261700363e-01,1.645755440057552754e-01,3.909550147617212312e-01,1.579576862358712530e-01,4.191702202128591015e-01,6.704294020551096467e-02,6.704294150480179237e-02,9.999999999999957812e-01,6.704294139760488824e-02,4.191702186151192722e-01,1.579576893684116745e-01,3.909550127911162187e-01,1.645755460625616950e-01,3.884015124741825309e-01,1.650053257171787413e-01,3.882227543037174433e-01,1.649865374488759528e-01,3.882249372149435551e-01,1.649865370850474022e-01,3.882227540890442197e-01,1.650053264505109696e-01,3.884015121855903807e-01,1.645755467075888934e-01,3.909550131062298206e-01,1.579576887664450591e-01,4.191702184524879193e-01,4.191702196038533668e-01,6.704294139760488824e-02,9.999999999999957812e-01,6.704294053822716648e-02,4.191702198724008843e-01,1.579576863811662790e-01,3.909550143183788129e-01,1.645755454450069100e-01,3.884015130283976491e-01,1.650053254192908048e-01,3.882227546622980530e-01,1.649865355014440704e-01,3.882249380699488439e-01,1.649865362483592945e-01,3.882227549255448107e-01,1.650053244906110328e-01,3.884015137164049114e-01,1.645755440178092721e-01,3.909550143526753785e-01,1.579576866508564936e-01,1.579576868935022582e-01,4.191702186151192722e-01,6.704294053822716648e-02,9.999999999999957812e-01,6.704294255845494321e-02,4.191702180060755678e-01,1.579576875765787702e-01,3.909550129947117481e-01,1.645755444591618100e-01,3.884015124413160436e-01,1.650053259441705555e-01,3.882227536731135409e-01,1.649865363062706924e-01,3.882249370744501049e-01,1.649865364238626841e-01,3.882227535438605992e-01,1.650053264222843263e-01,3.884015121248333147e-01,1.645755457395726151e-01,3.909550128722424356e-01,3.909550143228190944e-01,1.579576893684116745e-01,4.191702198724008843e-01,6.704294255845494321e-02,9.999999999999957812e-01,6.704294176386657589e-02,4.191702202372369346e-01,1.579576893489591516e-01,3.909550145281942557e-01,1.645755465632019465e-01,3.884015138399340428e-01,1.650053263597641706e-01,3.882227556875957886e-01,1.649865378606847899e-01,3.882249388393600453e-01,1.649865368584277903e-01,3.882227556758165998e-01,1.650053261004716942e-01,3.884015142105093910e-01,1.645755460180434449e-01,1.645755440710687800e-01,3.909550127911162187e-01,1.579576863811662790e-01,4.191702180060755678e-01,6.704294176386657589e-02,9.999999999999957812e-01,6.704294056228141119e-02,4.191702181196410582e-01,1.579576861136835486e-01,3.909550128781093536e-01,1.645755448960792011e-01,3.884015118355845231e-01,1.650053249806611166e-01,3.882227533742482750e-01,1.649865358534422510e-01,3.882249365104141203e-01,1.649865365991613486e-01,3.882227534207616793e-01,1.650053255955654385e-01,3.884015121098297052e-01,3.884015133185763080e-01,1.645755460625616950e-01,3.909550143183788129e-01,1.579576875765787702e-01,4.191702202372369346e-01,6.704294056228141119e-02,9.999999999999957812e-01,6.704294222158008187e-02,4.191702196648857681e-01,1.579576878617448554e-01,3.909550141604241635e-01,1.645755449001906623e-01,3.884015138985512650e-01,1.650053260847465231e-01,3.882227551983548630e-01,1.649865358365718848e-01,3.882249385468878877e-01,1.649865358562014883e-01,3.882227552976716956e-01,1.650053254638163547e-01,1.650053259232897029e-01,3.884015124741825309e-01,1.645755454450069100e-01,3.909550129947117481e-01,1.579576893489591516e-01,4.191702181196410582e-01,6.704294222158008187e-02,9.999999999999957812e-01,6.704294106836164446e-02,4.191702189994634953e-01,1.579576885569210498e-01,3.909550129382086125e-01,1.645755458468786681e-01,3.884015126957197639e-01,1.650053264654520735e-01,3.882227538784021048e-01,1.649865379656616227e-01,3.882249369848290166e-01,1.649865377282250800e-01,3.882227538571944581e-01,3.882227543426713945e-01,1.650053257171787413e-01,3.884015130283976491e-01,1.645755444591618100e-01,3.909550145281942557e-01,1.579576861136835486e-01,4.191702196648857681e-01,6.704294106836164446e-02,9.999999999999957812e-01,6.704294079048191135e-02,4.191702192533461879e-01,1.579576863609719328e-01,3.909550141811499180e-01,1.645755448098754625e-01,3.884015130070390676e-01,1.650053243073780762e-01,3.882227549242413533e-01,1.649865350615327131e-01,3.882249383920441943e-01,1.649865354336959578e-01,1.649865361811755637e-01,3.882227543037174433e-01,1.650053254192908048e-01,3.884015124413160436e-01,1.645755465632019465e-01,3.909550128781093536e-01,1.579576878617448554e-01,4.191702189994634953e-01,6.704294079048191135e-02,9.999999999999957812e-01,6.704294199935313670e-02,4.191702185879788711e-01,1.579576876404960029e-01,3.909550135625171063e-01,1.645755455416190727e-01,3.884015124988846601e-01,1.650053267413680580e-01,3.882227536123900591e-01,1.649865372506174321e-01,3.882249369112296677e-01,3.882249381445370684e-01,1.649865374488759528e-01,3.882227546622980530e-01,1.650053259441705555e-01,3.884015138399340428e-01,1.645755448960792011e-01,3.909550141604241635e-01,1.579576885569210498e-01,4.191702192533461879e-01,6.704294199935313670e-02,9.999999999999957812e-01,6.704294089563936354e-02,4.191702200699784497e-01,1.579576881062586813e-01,3.909550142446489018e-01,1.645755448523678610e-01,3.884015139581634690e-01,1.650053253199155745e-01,3.882227557074982016e-01,1.649865364601839635e-01,1.649865355190719973e-01,3.882249372149435551e-01,1.649865355014440704e-01,3.882227536731135409e-01,1.650053263597641706e-01,3.884015118355845231e-01,1.645755449001906623e-01,3.909550129382086125e-01,1.579576863609719328e-01,4.191702185879788711e-01,6.704294089563936354e-02,9.999999999999957812e-01,6.704294080873465789e-02,4.191702181137804128e-01,1.579576871977863561e-01,3.909550126936689463e-01,1.645755456489080837e-01,3.884015116672261403e-01,1.650053258680104495e-01,3.882227531184053726e-01,3.882227550410433659e-01,1.649865370850474022e-01,3.882249380699488439e-01,1.649865363062706924e-01,3.882227556875957886e-01,1.650053249806611166e-01,3.884015138985512650e-01,1.645755458468786681e-01,3.909550141811499180e-01,1.579576876404960029e-01,4.191702200699784497e-01,6.704294080873465789e-02,9.999999999999957812e-01,6.704294177397467080e-02,4.191702197669548990e-01,1.579576868197136996e-01,3.909550146116888558e-01,1.645755445605878164e-01,3.884015141030436880e-01,1.650053253775652373e-01,1.650053254956961868e-01,3.882227540890442197e-01,1.649865362483592945e-01,3.882249370744501049e-01,1.649865378606847899e-01,3.882227533742482750e-01,1.650053260847465231e-01,3.884015126957197639e-01,1.645755448098754625e-01,3.909550135625171063e-01,1.579576881062586813e-01,4.191702181137804128e-01,6.704294177397467080e-02,9.999999999999957812e-01,6.704294165375551673e-02,4.191702186047766565e-01,1.579576887068116775e-01,3.909550127738546932e-01,1.645755461876701464e-01,3.884015120643127261e-01,3.884015136261700363e-01,1.650053264505109696e-01,3.882227549255448107e-01,1.649865364238626841e-01,3.882249388393600453e-01,1.649865358534422510e-01,3.882227551983548630e-01,1.650053264654520735e-01,3.884015130070390676e-01,1.645755455416190727e-01,3.909550142446489018e-01,1.579576871977863561e-01,4.191702197669548990e-01,6.704294165375551673e-02,9.999999999999957812e-01,6.704294063745096233e-02,4.191702197726286938e-01,1.579576869863537625e-01,3.909550144359032475e-01,1.645755450398979636e-01,1.645755440057552754e-01,3.884015121855903807e-01,1.650053244906110328e-01,3.882227535438605992e-01,1.649865368584277903e-01,3.882249365104141203e-01,1.649865358365718848e-01,3.882227538784021048e-01,1.650053243073780762e-01,3.884015124988846601e-01,1.645755448523678610e-01,3.909550126936689463e-01,1.579576868197136996e-01,4.191702186047766565e-01,6.704294063745096233e-02,9.999999999999957812e-01,6.704294156658088810e-02,4.191702183533740911e-01,1.579576874931760688e-01,3.909550126211998045e-01,3.909550147617212312e-01,1.645755467075888934e-01,3.884015137164049114e-01,1.650053264222843263e-01,3.882227556758165998e-01,1.649865365991613486e-01,3.882249385468878877e-01,1.649865379656616227e-01,3.882227549242413533e-01,1.650053267413680580e-01,3.884015139581634690e-01,1.645755456489080837e-01,3.909550146116888558e-01,1.579576887068116775e-01,4.191702197726286938e-01,6.704294156658088810e-02,9.999999999999957812e-01,6.704294142027085457e-02,4.191702201312456078e-01,1.579576880192962163e-01,1.579576862358712530e-01,3.909550131062298206e-01,1.645755440178092721e-01,3.884015121248333147e-01,1.650053261004716942e-01,3.882227534207616793e-01,1.649865358562014883e-01,3.882249369848290166e-01,1.649865350615327131e-01,3.882227536123900591e-01,1.650053253199155745e-01,3.884015116672261403e-01,1.645755445605878164e-01,3.909550127738546932e-01,1.579576869863537625e-01,4.191702183533740911e-01,6.704294142027085457e-02,9.999999999999957812e-01,6.704294133798220645e-02,4.191702178195547690e-01,4.191702202128591015e-01,1.579576887664450591e-01,3.909550143526753785e-01,1.645755457395726151e-01,3.884015142105093910e-01,1.650053255955654385e-01,3.882227552976716956e-01,1.649865377282250800e-01,3.882249383920441943e-01,1.649865372506174321e-01,3.882227557074982016e-01,1.650053258680104495e-01,3.884015141030436880e-01,1.645755461876701464e-01,3.909550144359032475e-01,1.579576874931760688e-01,4.191702201312456078e-01,6.704294133798220645e-02,9.999999999999957812e-01,6.704294161233650962e-02,6.704294020551096467e-02,4.191702184524879193e-01,1.579576866508564936e-01,3.909550128722424356e-01,1.645755460180434449e-01,3.884015121098297052e-01,1.650053254638163547e-01,3.882227538571944581e-01,1.649865354336959578e-01,3.882249369112296677e-01,1.649865364601839635e-01,3.882227531184053726e-01,1.650053253775652373e-01,3.884015120643127261e-01,1.645755450398979636e-01,3.909550126211998045e-01,1.579576880192962163e-01,4.191702178195547690e-01,6.704294161233650962e-02,9.999999999999957812e-01
