1.000000000000005107e+00,7.259231909047343390e-01,7.429187900034104342e-01,7.267897982531004164e-01,7.436078989788295068e-01,7.267829033911088477e-01,7.436216048690176272e-01,7.267828301459485774e-01,7.436231845860716838e-01,7.267828274131772348e-01,7.436234397676257935e-01,7.267828274315175641e-01,7.436231845802916407e-01,7.267828301563369342e-01,7.436216048780757149e-01,7.267829033650435866e-01,7.436078989848426968e-01,7.267897982515617583e-01,7.429187900031957170e-01,7.259231909119759907e-01,7.259231909047343390e-01,1.000000000000005107e+00,7.259231909221482981e-01,7.429187901441924868e-01,7.267897982643737320e-01,7.436078991228922686e-01,7.267829033529384919e-01,7.436216049938145778e-01,7.267828301688202819e-01,7.436231846754250974e-01,7.267828275079173395e-01,7.436234398675150015e-01,7.267828274657037735e-01,7.436231847121363980e-01,7.267828301436475291e-01,7.436216050054637039e-01,7.267829033966959340e-01,7.436078991222804246e-01,7.267897982836212245e-01,7.429187901702024588e-01,7.429187900034104342e-01,7.259231909221482981e-01,1.000000000000005107e+00,7.259231909096888202e-01,7.429187900114048171e-01,7.267897982960355163e-01,7.436078989688750251e-01,7.267829033974323449e-01,7.436216049061953326e-01,7.267828301197155616e-01,7.436231846248420041e-01,7.267828274500183205e-01,7.436234397705721033e-01,7.267828274929245547e-01,7.436231845891638770e-01,7.267828301569448923e-01,7.436216048802929413e-01,7.267829033810684347e-01,7.436078989756124136e-01,7.267897982894575559e-01,7.267897982531004164e-01,7.429187901441924868e-01,7.259231909096888202e-01,1.000000000000005107e+00,7.259231908935903643e-01,7.429187901619371814e-01,7.267897982357992559e-01,7.436078990982984971e-01,7.267829033896219260e-01,7.436216049378032711e-01,7.267828301825369763e-01,7.436231846750994690e-01,7.267828274547295520e-01,7.436234398844667748e-01,7.267828274482326378e-01,7.436231846967430448e-01,7.267828301586971573e-01,7.436216049929174066e-01,7.267829033833053121e-01,7.436078991208840971e-01,7.436078989788295068e-01,7.267897982643737320e-01,7.429187900114048171e-01,7.259231908935903643e-01,1.000000000000005107e+00,7.259231909238719194e-01,7.429187899786432459e-01,7.267897982726225781e-01,7.436078990073314854e-01,7.267829033316506315e-01,7.436216049068350431e-01,7.267828301191598950e-01,7.436231845734537771e-01,7.267828274761920504e-01,7.436234397462087031e-01,7.267828274544704259e-01,7.436231845820853170e-01,7.267828301363443710e-01,7.436216048577359850e-01,7.267829033836638031e-01,7.267829033911088477e-01,7.436078991228922686e-01,7.267897982960355163e-01,7.429187901619371814e-01,7.259231909238719194e-01,1.000000000000005107e+00,7.259231909040819719e-01,7.429187901753551149e-01,7.267897983058571043e-01,7.436078991009362760e-01,7.267829034341940497e-01,7.436216050013216838e-01,7.267828301667533797e-01,7.436231847424952246e-01,7.267828274761153340e-01,7.436234398925490874e-01,7.267828274972057967e-01,7.436231847137487749e-01,7.267828301812995218e-01,7.436216050066485339e-01,7.436216048690176272e-01,7.267829033529384919e-01,7.436078989688750251e-01,7.267897982357992559e-01,7.429187899786432459e-01,7.259231909040819719e-01,1.000000000000005107e+00,7.259231908917981313e-01,7.429187899988579646e-01,7.267897982006283897e-01,7.436078989888644797e-01,7.267829033260004845e-01,7.436216048490607022e-01,7.267828301380803158e-01,7.436231845571424914e-01,7.267828274335188521e-01,7.436234397604466473e-01,7.267828274295398128e-01,7.436231845737316659e-01,7.267828301294638749e-01,7.267828301459485774e-01,7.436216049938145778e-01,7.267829033974323449e-01,7.436078990982984971e-01,7.267897982726225781e-01,7.429187901753551149e-01,7.259231908917981313e-01,1.000000000000005107e+00,7.259231909373721203e-01,7.429187901286398166e-01,7.267897983133794204e-01,7.436078991219153833e-01,7.267829033806412209e-01,7.436216050453895443e-01,7.267828301451886297e-01,7.436231847096671510e-01,7.267828274818063372e-01,7.436234398747694208e-01,7.267828274820870016e-01,7.436231847095925440e-01,7.436231845860716838e-01,7.267828301688202819e-01,7.436216049061953326e-01,7.267829033896219260e-01,7.436078990073314854e-01,7.267897983058571043e-01,7.429187899988579646e-01,7.259231909373721203e-01,1.000000000000005107e+00,7.259231908885610540e-01,7.429187900636168296e-01,7.267897982620543651e-01,7.436078989923567972e-01,7.267829034091081164e-01,7.436216048783139687e-01,7.267828301637249133e-01,7.436231846112637545e-01,7.267828274716016113e-01,7.436234397662325746e-01,7.267828274923726628e-01,7.267828274131772348e-01,7.436231846754250974e-01,7.267828301197155616e-01,7.436216049378032711e-01,7.267829033316506315e-01,7.436078991009362760e-01,7.267897982006283897e-01,7.429187901286398166e-01,7.259231908885610540e-01,1.000000000000005107e+00,7.259231909131769189e-01,7.429187900960372293e-01,7.267897982256312783e-01,7.436078991127121895e-01,7.267829033265092997e-01,7.436216049775639103e-01,7.267828301208534292e-01,7.436231846724823402e-01,7.267828274343327566e-01,7.436234398761956133e-01,7.436234397676257935e-01,7.267828275079173395e-01,7.436231846248420041e-01,7.267828301825369763e-01,7.436216049068350431e-01,7.267829034341940497e-01,7.436078989888644797e-01,7.267897983133794204e-01,7.429187900636168296e-01,7.259231909131769189e-01,1.000000000000005107e+00,7.259231909308369035e-01,7.429187900505137554e-01,7.267897983256197403e-01,7.436078990160696067e-01,7.267829034132871069e-01,7.436216049217296842e-01,7.267828301794370116e-01,7.436231846171686977e-01,7.267828275137285798e-01,7.267828274315175641e-01,7.436234398675150015e-01,7.267828274500183205e-01,7.436231846750994690e-01,7.267828301191598950e-01,7.436216050013216838e-01,7.267829033260004845e-01,7.436078991219153833e-01,7.267897982620543651e-01,7.429187900960372293e-01,7.259231909308369035e-01,1.000000000000005107e+00,7.259231908889878238e-01,7.429187901556562057e-01,7.267897982349875718e-01,7.436078991137615724e-01,7.267829033662747129e-01,7.436216049654178484e-01,7.267828301347899478e-01,7.436231846972036763e-01,7.436231845802916407e-01,7.267828274657037735e-01,7.436234397705721033e-01,7.267828274547295520e-01,7.436231845734537771e-01,7.267828301667533797e-01,7.436216048490607022e-01,7.267829033806412209e-01,7.436078989923567972e-01,7.267897982256312783e-01,7.429187900505137554e-01,7.259231908889878238e-01,1.000000000000005107e+00,7.259231909322176879e-01,7.429187900025616687e-01,7.267897982642630428e-01,7.436078990032396474e-01,7.267829033652167814e-01,7.436216049025251573e-01,7.267828301571952476e-01,7.267828301563369342e-01,7.436231847121363980e-01,7.267828274929245547e-01,7.436234398844667748e-01,7.267828274761920504e-01,7.436231847424952246e-01,7.267828301380803158e-01,7.436216050453895443e-01,7.267829034091081164e-01,7.436078991127121895e-01,7.267897983256197403e-01,7.429187901556562057e-01,7.259231909322176879e-01,1.000000000000005107e+00,7.259231909265780880e-01,7.429187901758009804e-01,7.267897983006766927e-01,7.436078991117465176e-01,7.267829034044902548e-01,7.436216050114288212e-01,7.436216048780757149e-01,7.267828301436475291e-01,7.436231845891638770e-01,7.267828274482326378e-01,7.436234397462087031e-01,7.267828274761153340e-01,7.436231845571424914e-01,7.267828301451886297e-01,7.436216048783139687e-01,7.267829033265092997e-01,7.436078990160696067e-01,7.267897982349875718e-01,7.429187900025616687e-01,7.259231909265780880e-01,1.000000000000005107e+00,7.259231909059972176e-01,7.429187900224668573e-01,7.267897982528813694e-01,7.436078990113584863e-01,7.267829033794428462e-01,7.267829033650435866e-01,7.436216050054637039e-01,7.267828301569448923e-01,7.436231846967430448e-01,7.267828274544704259e-01,7.436234398925490874e-01,7.267828274335188521e-01,7.436231847096671510e-01,7.267828301637249133e-01,7.436216049775639103e-01,7.267829034132871069e-01,7.436078991137615724e-01,7.267897982642630428e-01,7.429187901758009804e-01,7.259231909059972176e-01,1.000000000000005107e+00,7.259231909264441951e-01,7.429187901395200022e-01,7.267897982775558541e-01,7.436078991180483655e-01,7.436078989848426968e-01,7.267829033966959340e-01,7.436216048802929413e-01,7.267828301586971573e-01,7.436231845820853170e-01,7.267828274972057967e-01,7.436234397604466473e-01,7.267828274818063372e-01,7.436231846112637545e-01,7.267828301208534292e-01,7.436216049217296842e-01,7.267829033662747129e-01,7.436078990032396474e-01,7.267897983006766927e-01,7.429187900224668573e-01,7.259231909264441951e-01,1.000000000000005107e+00,7.259231909164808316e-01,7.429187900338929396e-01,7.267897982909066190e-01,7.267897982515617583e-01,7.436078991222804246e-01,7.267829033810684347e-01,7.436216049929174066e-01,7.267828301363443710e-01,7.436231847137487749e-01,7.267828274295398128e-01,7.436234398747694208e-01,7.267828274716016113e-01,7.436231846724823402e-01,7.267828301794370116e-01,7.436216049654178484e-01,7.267829033652167814e-01,7.436078991117465176e-01,7.267897982528813694e-01,7.429187901395200022e-01,7.259231909164808316e-01,1.000000000000005107e+00,7.259231909106359515e-01,7.429187901562949170e-01,7.429187900031957170e-01,7.267897982836212245e-01,7.436078989756124136e-01,7.267829033833053121e-01,7.436216048577359850e-01,7.267828301812995218e-01,7.436231845737316659e-01,7.267828274820870016e-01,7.436234397662325746e-01,7.267828274343327566e-01,7.436231846171686977e-01,7.267828301347899478e-01,7.436216049025251573e-01,7.267829034044902548e-01,7.436078990113584863e-01,7.267897982775558541e-01,7.429187900338929396e-01,7.259231909106359515e-01,1.000000000000005107e+00,7.259231909315857489e-01,7.259231909119759907e-01,7.429187901702024588e-01,7.267897982894575559e-01,7.436078991208840971e-01,7.267829033836638031e-01,7.436216050066485339e-01,7.267828301294638749e-01,7.436231847095925440e-01,7.267828274923726628e-01,7.436234398761956133e-01,7.267828275137285798e-01,7.436231846972036763e-01,7.267828301571952476e-01,7.436216050114288212e-01,7.267829033794428462e-01,7.436078991180483655e-01,7.267897982909066190e-01,7.429187901562949170e-01,7.259231909315857489e-01,1.000000000000005107e+00
9.999999999999837907e-01,7.010884887989727865e-01,7.243384830704598931e-01,7.027116088407485694e-01,7.252989590002466569e-01,7.026971929054561805e-01,7.253187663723996703e-01,7.026970273260740862e-01,7.253210879125047139e-01,7.026970188412156038e-01,7.253214651491880494e-01,7.026970188569729991e-01,7.253210879164764258e-01,7.026970273529723476e-01,7.253187663655138451e-01,7.026971929170761078e-01,7.252989590138045894e-01,7.027116088612841427e-01,7.243384830710344335e-01,7.010884888117777658e-01,7.010884887989727865e-01,9.999999999999837907e-01,7.010884888111318380e-01,7.243384831803112434e-01,7.027116088665584792e-01,7.252989591074682219e-01,7.026971929011454066e-01,7.253187664658471423e-01,7.026970273413096768e-01,7.253210879964577806e-01,7.026970189270330680e-01,7.253214652257314876e-01,7.026970188897841973e-01,7.253210880273286421e-01,7.026970273394959055e-01,7.253187664725445627e-01,7.026971929402403561e-01,7.252989591302781980e-01,7.027116088770510860e-01,7.243384832179486921e-01,7.243384830704598931e-01,7.010884888111318380e-01,9.999999999999837907e-01,7.010884887896603468e-01,7.243384830748389458e-01,7.027116088755659407e-01,7.252989590023213307e-01,7.026971929139267381e-01,7.253187663975353416e-01,7.026970272941582829e-01,7.253210879563452007e-01,7.026970188658168137e-01,7.253214651437861482e-01,7.026970189113156406e-01,7.253210879234247566e-01,7.026970273362262986e-01,7.253187663866381696e-01,7.026971929101640812e-01,7.252989590126657227e-01,7.027116088857540133e-01,7.027116088407485694e-01,7.243384831803112434e-01,7.010884887896603468e-01,9.999999999999837907e-01,7.010884887796073883e-01,7.243384831837967885e-01,7.027116088298323016e-01,7.252989591006268055e-01,7.026971928999953265e-01,7.253187664187092931e-01,7.026970273531026878e-01,7.253210879842738601e-01,7.026970188665352390e-01,7.253214652446077215e-01,7.026970188673162809e-01,7.253210880056986110e-01,7.026970273284409707e-01,7.253187664830064163e-01,7.026971928940813905e-01,7.252989591325668117e-01,7.252989590002466569e-01,7.027116088665584792e-01,7.243384830748389458e-01,7.010884887796073883e-01,9.999999999999837907e-01,7.010884888000208370e-01,7.243384830552254128e-01,7.027116088586803366e-01,7.252989590275880083e-01,7.026971928716234661e-01,7.253187664014317804e-01,7.026970273051140747e-01,7.253210879116362975e-01,7.026970189013517221e-01,7.253214651304923377e-01,7.026970188819184893e-01,7.253210879241455133e-01,7.026970273119921284e-01,7.253187663738540625e-01,7.026971929175528375e-01,7.026971929054561805e-01,7.252989591074682219e-01,7.027116088755659407e-01,7.243384831837967885e-01,7.010884888000208370e-01,9.999999999999837907e-01,7.010884887873836124e-01,7.243384831991354078e-01,7.027116088804683525e-01,7.252989590882381599e-01,7.026971929649328263e-01,7.253187664594726858e-01,7.026970273370793940e-01,7.253210880382008341e-01,7.026970188899398506e-01,7.253214652304021959e-01,7.026970189072767603e-01,7.253210880214462364e-01,7.026970273309991466e-01,7.253187664756275410e-01,7.253187663723996703e-01,7.026971929011454066e-01,7.252989590023213307e-01,7.027116088298323016e-01,7.243384830552254128e-01,7.010884887873836124e-01,9.999999999999837907e-01,7.010884887881572158e-01,7.243384830665612339e-01,7.027116088225342505e-01,7.252989590118499308e-01,7.026971928853924521e-01,7.253187663413710462e-01,7.026970273458452709e-01,7.253210878900834269e-01,7.026970188757881708e-01,7.253214651405821556e-01,7.026970188601826539e-01,7.253210879212655948e-01,7.026970273292201252e-01,7.026970273260740862e-01,7.253187664658471423e-01,7.026971929139267381e-01,7.252989591006268055e-01,7.027116088586803366e-01,7.243384831991354078e-01,7.010884887881572158e-01,9.999999999999837907e-01,7.010884888172231877e-01,7.243384831671130231e-01,7.027116089224125783e-01,7.252989591044456397e-01,7.026971929286331964e-01,7.253187664965601300e-01,7.026970273475540152e-01,7.253210880071948585e-01,7.026970189156821478e-01,7.253214652367550030e-01,7.026970188899014369e-01,7.253210880179545850e-01,7.253210879125047139e-01,7.026970273413096768e-01,7.253187663975353416e-01,7.026971928999953265e-01,7.252989590275880083e-01,7.027116088804683525e-01,7.243384830665612339e-01,7.010884888172231877e-01,9.999999999999837907e-01,7.010884887780742813e-01,7.243384831197365870e-01,7.027116088666419680e-01,7.252989590017711041e-01,7.026971929609864276e-01,7.253187663646447625e-01,7.026970273506932818e-01,7.253210879355553864e-01,7.026970188915306892e-01,7.253214651412572822e-01,7.026970189072181405e-01,7.026970188412156038e-01,7.253210879964577806e-01,7.026970272941582829e-01,7.253187664187092931e-01,7.026971928716234661e-01,7.252989590882381599e-01,7.027116088225342505e-01,7.243384831671130231e-01,7.010884887780742813e-01,9.999999999999837907e-01,7.010884888129312875e-01,7.243384831426573633e-01,7.027116088462952437e-01,7.252989591027373395e-01,7.026971928931391442e-01,7.253187664356622877e-01,7.026970273250499055e-01,7.253210879893829954e-01,7.026970188537672302e-01,7.253214652384111227e-01,7.253214651491880494e-01,7.026970189270330680e-01,7.253210879563452007e-01,7.026970273531026878e-01,7.253187664014317804e-01,7.026971929649328263e-01,7.252989590118499308e-01,7.027116089224125783e-01,7.243384831197365870e-01,7.010884888129312875e-01,9.999999999999837907e-01,7.010884888296797790e-01,7.243384831171334470e-01,7.027116089472675853e-01,7.252989590303831058e-01,7.026971929720681187e-01,7.253187664192655149e-01,7.026970273739456818e-01,7.253210879543644518e-01,7.026970189417913737e-01,7.026970188569729991e-01,7.253214652257314876e-01,7.026970188658168137e-01,7.253210879842738601e-01,7.026970273051140747e-01,7.253187664594726858e-01,7.026971928853924521e-01,7.252989591044456397e-01,7.027116088666419680e-01,7.243384831426573633e-01,7.010884888296797790e-01,9.999999999999837907e-01,7.010884887878943150e-01,7.243384831994827966e-01,7.027116088661230497e-01,7.252989590959924016e-01,7.026971929294469899e-01,7.253187664393965228e-01,7.026970273200319195e-01,7.253210880094110857e-01,7.253210879164764258e-01,7.026970188897841973e-01,7.253214651437861482e-01,7.026970188665352390e-01,7.253210879116362975e-01,7.026970273370793940e-01,7.253187663413710462e-01,7.026971929286331964e-01,7.252989590017711041e-01,7.027116088462952437e-01,7.243384831171334470e-01,7.010884887878943150e-01,9.999999999999837907e-01,7.010884888344136590e-01,7.243384830687201736e-01,7.027116088869397315e-01,7.252989590258343000e-01,7.026971929223739810e-01,7.253187663992528567e-01,7.026970273518421406e-01,7.026970273529723476e-01,7.253210880273286421e-01,7.026970189113156406e-01,7.253214652446077215e-01,7.026970189013517221e-01,7.253210880382008341e-01,7.026970273458452709e-01,7.253187664965601300e-01,7.026971929609864276e-01,7.252989591027373395e-01,7.027116089472675853e-01,7.243384831994827966e-01,7.010884888344136590e-01,9.999999999999837907e-01,7.010884888323126729e-01,7.243384832194067480e-01,7.027116089257030573e-01,7.252989591167052774e-01,7.026971929508176729e-01,7.253187664875218044e-01,7.253187663655138451e-01,7.026970273394959055e-01,7.253210879234247566e-01,7.026970188673162809e-01,7.253214651304923377e-01,7.026970188899398506e-01,7.253210878900834269e-01,7.026970273475540152e-01,7.253187663646447625e-01,7.026971928931391442e-01,7.252989590303831058e-01,7.027116088661230497e-01,7.243384830687201736e-01,7.010884888323126729e-01,9.999999999999837907e-01,7.010884888077265620e-01,7.243384831017694037e-01,7.027116088746395706e-01,7.252989590246331497e-01,7.026971929392640259e-01,7.026971929170761078e-01,7.253187664725445627e-01,7.026970273362262986e-01,7.253210880056986110e-01,7.026970188819184893e-01,7.253214652304021959e-01,7.026970188757881708e-01,7.253210880071948585e-01,7.026970273506932818e-01,7.253187664356622877e-01,7.026971929720681187e-01,7.252989590959924016e-01,7.027116088869397315e-01,7.243384832194067480e-01,7.010884888077265620e-01,9.999999999999837907e-01,7.010884888306408991e-01,7.243384831852871519e-01,7.027116088842356723e-01,7.252989591215373011e-01,7.252989590138045894e-01,7.026971929402403561e-01,7.253187663866381696e-01,7.026970273284409707e-01,7.253210879241455133e-01,7.026970189072767603e-01,7.253214651405821556e-01,7.026970189156821478e-01,7.253210879355553864e-01,7.026970273250499055e-01,7.253187664192655149e-01,7.026971929294469899e-01,7.252989590258343000e-01,7.027116089257030573e-01,7.243384831017694037e-01,7.010884888306408991e-01,9.999999999999837907e-01,7.010884888261108561e-01,7.243384831044294980e-01,7.027116089159685108e-01,7.027116088612841427e-01,7.252989591302781980e-01,7.026971929101640812e-01,7.253187664830064163e-01,7.026970273119921284e-01,7.253210880214462364e-01,7.026970188601826539e-01,7.253214652367550030e-01,7.026970188915306892e-01,7.253210879893829954e-01,7.026970273739456818e-01,7.253187664393965228e-01,7.026971929223739810e-01,7.252989591167052774e-01,7.027116088746395706e-01,7.243384831852871519e-01,7.010884888261108561e-01,9.999999999999837907e-01,7.010884888096580170e-01,7.243384832062506051e-01,7.243384830710344335e-01,7.027116088770510860e-01,7.252989590126657227e-01,7.026971928940813905e-01,7.253187663738540625e-01,7.026970273309991466e-01,7.253210879212655948e-01,7.026970188899014369e-01,7.253214651412572822e-01,7.026970188537672302e-01,7.253210879543644518e-01,7.026970273200319195e-01,7.253187663992528567e-01,7.026971929508176729e-01,7.252989590246331497e-01,7.027116088842356723e-01,7.243384831044294980e-01,7.010884888096580170e-01,9.999999999999837907e-01,7.010884888284180105e-01,7.010884888117777658e-01,7.243384832179486921e-01,7.027116088857540133e-01,7.252989591325668117e-01,7.026971929175528375e-01,7.253187664756275410e-01,7.026970273292201252e-01,7.253210880179545850e-01,7.026970189072181405e-01,7.253214652384111227e-01,7.026970189417913737e-01,7.253210880094110857e-01,7.026970273518421406e-01,7.253187664875218044e-01,7.026971929392640259e-01,7.252989591215373011e-01,7.027116089159685108e-01,7.243384832062506051e-01,7.010884888284180105e-01,9.999999999999837907e-01
9.999999999999895639e-01,6.631917363142535438e-01,6.966582496812708802e-01,6.664492713633773935e-01,6.979704026262900651e-01,6.664178966712209773e-01,6.980001636173559509e-01,6.664174862285606737e-01,6.980036769742528069e-01,6.664174609182897946e-01,6.980042517161912929e-01,6.664174609204869260e-01,6.980036769729169865e-01,6.664174862325830118e-01,6.980001636134443022e-01,6.664178966729018549e-01,6.979704026259383465e-01,6.664492713696683612e-01,6.966582496819688775e-01,6.631917363192223469e-01,6.631917363142535438e-01,9.999999999999895639e-01,6.631917363167012525e-01,6.966582497056714729e-01,6.664492713726715145e-01,6.979704026468140921e-01,6.664178966735029297e-01,6.980001636372671348e-01,6.664174862348527517e-01,6.980036769918669393e-01,6.664174609384211356e-01,6.980042517321416451e-01,6.664174609279306383e-01,6.980036769987217893e-01,6.664174862264669041e-01,6.980001636393303732e-01,6.664178966778933066e-01,6.979704026538391393e-01,6.664492713751908326e-01,6.966582497191844414e-01,6.966582496812708802e-01,6.631917363167012525e-01,9.999999999999895639e-01,6.631917363081099026e-01,6.966582496845025174e-01,6.664492713708135563e-01,6.979704026275505013e-01,6.664178966761886702e-01,6.980001636218733374e-01,6.664174862222685958e-01,6.980036769814472741e-01,6.664174609223755263e-01,6.980042517121989309e-01,6.664174609322863763e-01,6.980036769704975885e-01,6.664174862289728996e-01,6.980001636151922373e-01,6.664178966736675758e-01,6.979704026241880799e-01,6.664492713781859923e-01,6.664492713633773935e-01,6.966582497056714729e-01,6.631917363081099026e-01,9.999999999999895639e-01,6.631917363069163018e-01,6.966582497028330767e-01,6.664492713631497978e-01,6.979704026435895603e-01,6.664178966721910902e-01,6.980001636249594243e-01,6.664174862324674375e-01,6.980036769861167611e-01,6.664174609195209209e-01,6.980042517333546748e-01,6.664174609159024820e-01,6.980036769902618898e-01,6.664174862241063479e-01,6.980001636351123029e-01,6.664178966691143291e-01,6.979704026515209936e-01,6.979704026262900651e-01,6.664492713726715145e-01,6.966582496845025174e-01,6.631917363069163018e-01,9.999999999999895639e-01,6.631917363127139975e-01,6.966582496818659598e-01,6.664492713731809959e-01,6.979704026315767251e-01,6.664178966667786419e-01,6.980001636232604501e-01,6.664174862232405960e-01,6.980036769697234300e-01,6.664174609310830055e-01,6.980042517068926200e-01,6.664174609255875126e-01,6.980036769718676037e-01,6.664174862268774646e-01,6.980001636147046273e-01,6.664178966796479031e-01,6.664178966712209773e-01,6.979704026468140921e-01,6.664492713708135563e-01,6.966582497028330767e-01,6.631917363127139975e-01,9.999999999999895639e-01,6.631917363113400965e-01,6.966582497111534211e-01,6.664492713754739395e-01,6.979704026449455867e-01,6.664178966836247220e-01,6.980001636358705852e-01,6.664174862269849342e-01,6.980036770005766389e-01,6.664174609215560707e-01,6.980042517333342467e-01,6.664174609271990013e-01,6.980036769935431540e-01,6.664174862288092527e-01,6.980001636384963737e-01,6.980001636173559509e-01,6.664178966735029297e-01,6.979704026275505013e-01,6.664492713631497978e-01,6.966582496818659598e-01,6.631917363113400965e-01,9.999999999999895639e-01,6.631917363144768096e-01,6.966582496850897144e-01,6.664492713632395038e-01,6.979704026301100095e-01,6.664178966680487370e-01,6.980001636105039875e-01,6.664174862323549720e-01,6.980036769665762808e-01,6.664174609246010794e-01,6.980042517123032919e-01,6.664174609236683811e-01,6.980036769742258285e-01,6.664174862322396198e-01,6.664174862285606737e-01,6.980001636372671348e-01,6.664178966761886702e-01,6.979704026435895603e-01,6.664492713731809959e-01,6.966582497111534211e-01,6.631917363144768096e-01,9.999999999999895639e-01,6.631917363219057560e-01,6.966582497076925229e-01,6.664492713845355798e-01,6.979704026512626447e-01,6.664178966759033429e-01,6.980001636467835224e-01,6.664174862266107890e-01,6.980036769962424392e-01,6.664174609302122576e-01,6.980042517347142539e-01,6.664174609300721475e-01,6.980036769994073520e-01,6.980036769742528069e-01,6.664174862348527517e-01,6.980001636218733374e-01,6.664178966721910902e-01,6.979704026315767251e-01,6.664492713754739395e-01,6.966582496850897144e-01,6.631917363219057560e-01,9.999999999999895639e-01,6.631917363131145660e-01,6.966582496973728889e-01,6.664492713730516549e-01,6.979704026293989116e-01,6.664178966853332442e-01,6.980001636158728040e-01,6.664174862339786731e-01,6.980036769786747142e-01,6.664174609308178843e-01,6.980042517151421322e-01,6.664174609374339253e-01,6.664174609182897946e-01,6.980036769918669393e-01,6.664174862222685958e-01,6.980001636249594243e-01,6.664178966667786419e-01,6.979704026449455867e-01,6.664492713632395038e-01,6.966582497076925229e-01,6.631917363131145660e-01,9.999999999999895639e-01,6.631917363191228709e-01,6.966582497004460972e-01,6.664492713656586798e-01,6.979704026499693459e-01,6.664178966643914404e-01,6.980001636326287340e-01,6.664174862242200348e-01,6.980036769900882510e-01,6.664174609218953549e-01,6.980042517374908106e-01,6.980042517161912929e-01,6.664174609384211356e-01,6.980036769814472741e-01,6.664174862324674375e-01,6.980001636232604501e-01,6.664178966836247220e-01,6.979704026301100095e-01,6.664492713845355798e-01,6.966582496973728889e-01,6.631917363191228709e-01,9.999999999999895639e-01,6.631917363215283912e-01,6.966582496938168445e-01,6.664492713884835329e-01,6.979704026321019716e-01,6.664178966852369879e-01,6.980001636267844090e-01,6.664174862384455444e-01,6.980036769819983888e-01,6.664174609430798535e-01,6.664174609204869260e-01,6.980042517321416451e-01,6.664174609223755263e-01,6.980036769861167611e-01,6.664174862232405960e-01,6.980001636358705852e-01,6.664178966680487370e-01,6.979704026512626447e-01,6.664492713730516549e-01,6.966582497004460972e-01,6.631917363215283912e-01,9.999999999999895639e-01,6.631917363102449725e-01,6.966582497125308748e-01,6.664492713642717892e-01,6.979704026473485534e-01,6.664178966722812403e-01,6.980001636310083635e-01,6.664174862260640042e-01,6.980036769957149723e-01,6.980036769729169865e-01,6.664174609279306383e-01,6.980042517121989309e-01,6.664174609195209209e-01,6.980036769697234300e-01,6.664174862269849342e-01,6.980001636105039875e-01,6.664178966759033429e-01,6.979704026293989116e-01,6.664492713656586798e-01,6.966582496938168445e-01,6.631917363102449725e-01,9.999999999999895639e-01,6.631917363210682037e-01,6.966582496792883550e-01,6.664492713721540396e-01,6.979704026298739761e-01,6.664178966735118115e-01,6.980001636214900884e-01,6.664174862347387318e-01,6.664174862325830118e-01,6.980036769987217893e-01,6.664174609322863763e-01,6.980042517333546748e-01,6.664174609310830055e-01,6.980036770005766389e-01,6.664174862323549720e-01,6.980001636467835224e-01,6.664178966853332442e-01,6.979704026499693459e-01,6.664492713884835329e-01,6.966582497125308748e-01,6.631917363210682037e-01,9.999999999999895639e-01,6.631917363174526514e-01,6.966582497165905163e-01,6.664492713801001278e-01,6.979704026504123249e-01,6.664178966821103778e-01,6.980001636439939761e-01,6.980001636134443022e-01,6.664174862264669041e-01,6.980036769704975885e-01,6.664174609159024820e-01,6.980042517068926200e-01,6.664174609215560707e-01,6.980036769665762808e-01,6.664174862266107890e-01,6.980001636158728040e-01,6.664178966643914404e-01,6.979704026321019716e-01,6.664492713642717892e-01,6.966582496792883550e-01,6.631917363174526514e-01,9.999999999999895639e-01,6.631917363115826802e-01,6.966582496837653293e-01,6.664492713679699420e-01,6.979704026291685404e-01,6.664178966771514556e-01,6.664178966729018549e-01,6.980001636393303732e-01,6.664174862289728996e-01,6.980036769902618898e-01,6.664174609255875126e-01,6.980042517333342467e-01,6.664174609246010794e-01,6.980036769962424392e-01,6.664174862339786731e-01,6.980001636326287340e-01,6.664178966852369879e-01,6.979704026473485534e-01,6.664492713721540396e-01,6.966582497165905163e-01,6.631917363115826802e-01,9.999999999999895639e-01,6.631917363175381386e-01,6.966582497088995574e-01,6.664492713741771990e-01,6.979704026541386774e-01,6.979704026259383465e-01,6.664178966778933066e-01,6.980001636151922373e-01,6.664174862241063479e-01,6.980036769718676037e-01,6.664174609271990013e-01,6.980042517123032919e-01,6.664174609302122576e-01,6.980036769786747142e-01,6.664174862242200348e-01,6.980001636267844090e-01,6.664178966722812403e-01,6.979704026298739761e-01,6.664492713801001278e-01,6.966582496837653293e-01,6.631917363175381386e-01,9.999999999999895639e-01,6.631917363163069012e-01,6.966582496878976904e-01,6.664492713804572865e-01,6.664492713696683612e-01,6.979704026538391393e-01,6.664178966736675758e-01,6.980001636351123029e-01,6.664174862268774646e-01,6.980036769935431540e-01,6.664174609236683811e-01,6.980042517347142539e-01,6.664174609308178843e-01,6.980036769900882510e-01,6.664174862384455444e-01,6.980001636310083635e-01,6.664178966735118115e-01,6.979704026504123249e-01,6.664492713679699420e-01,6.966582497088995574e-01,6.631917363163069012e-01,9.999999999999895639e-01,6.631917363157276979e-01,6.966582497160489496e-01,6.966582496819688775e-01,6.664492713751908326e-01,6.979704026241880799e-01,6.664178966691143291e-01,6.980001636147046273e-01,6.664174862288092527e-01,6.980036769742258285e-01,6.664174609300721475e-01,6.980042517151421322e-01,6.664174609218953549e-01,6.980036769819983888e-01,6.664174862260640042e-01,6.980001636214900884e-01,6.664178966821103778e-01,6.979704026291685404e-01,6.664492713741771990e-01,6.966582496878976904e-01,6.631917363157276979e-01,9.999999999999895639e-01,6.631917363230088736e-01,6.631917363192223469e-01,6.966582497191844414e-01,6.664492713781859923e-01,6.979704026515209936e-01,6.664178966796479031e-01,6.980001636384963737e-01,6.664174862322396198e-01,6.980036769994073520e-01,6.664174609374339253e-01,6.980042517374908106e-01,6.664174609430798535e-01,6.980036769957149723e-01,6.664174862347387318e-01,6.980001636439939761e-01,6.664178966771514556e-01,6.979704026541386774e-01,6.664492713804572865e-01,6.966582497160489496e-01,6.631917363230088736e-01,9.999999999999895639e-01
9.999999999999951150e-01,6.034560649892795059e-01,6.548444270149473834e-01,6.104771726837650014e-01,6.564329443766576677e-01,6.104108741015199513e-01,6.564805787813388083e-01,6.104096494980584264e-01,6.564860472068375641e-01,6.104095701639916660e-01,6.564869438970978299e-01,6.104095701647006544e-01,6.564860472043716477e-01,6.104096495119324395e-01,6.564805787598226861e-01,6.104108741179694597e-01,6.564329443490304339e-01,6.104771726983628799e-01,6.548444269980768784e-01,6.034560649960425405e-01,6.034560649892795059e-01,9.999999999999951150e-01,6.034560650066616017e-01,6.548444269702635712e-01,6.104771727186322217e-01,6.564329443084969684e-01,6.104108741249809622e-01,6.564805787266918546e-01,6.104096495204512918e-01,6.564860471516628104e-01,6.104095702008636160e-01,6.564869438420284364e-01,6.104095701849303612e-01,6.564860471595244107e-01,6.104096495119484267e-01,6.564805787262211201e-01,6.104108741207704414e-01,6.564329443296692546e-01,6.104771726946165433e-01,6.548444269951210206e-01,6.548444270149473834e-01,6.034560650066616017e-01,9.999999999999951150e-01,6.034560649930866827e-01,6.548444270381088561e-01,6.104771727058826425e-01,6.564329443831827815e-01,6.104108741126594850e-01,6.564805787998571063e-01,6.104096494985861154e-01,6.564860472281186521e-01,6.104095701785416939e-01,6.564869438995307727e-01,6.104095701989351586e-01,6.564860472076509135e-01,6.104096495187188998e-01,6.564805787846113017e-01,6.104108741133689175e-01,6.564329443726977242e-01,6.104771727126481196e-01,6.104771726837650014e-01,6.548444269702635712e-01,6.034560649930866827e-01,9.999999999999951150e-01,6.034560649991820291e-01,6.548444269581226163e-01,6.104771726971145451e-01,6.564329443130790809e-01,6.104108741054996567e-01,6.564805787167089512e-01,6.104096495090592933e-01,6.564860471517177665e-01,6.104095701700160692e-01,6.564869438465417151e-01,6.104095701639338234e-01,6.564860471585134416e-01,6.104096494963615616e-01,6.564805787372366419e-01,6.104108740857505655e-01,6.564329443312967305e-01,6.564329443766576677e-01,6.104771727186322217e-01,6.548444270381088561e-01,6.034560649991820291e-01,9.999999999999951150e-01,6.034560650021686401e-01,6.548444270356617025e-01,6.104771727062612285e-01,6.564329443876064651e-01,6.104108741106297753e-01,6.564805787994185682e-01,6.104096495075490569e-01,6.564860472156637261e-01,6.104095702044211036e-01,6.564869438933581547e-01,6.104095702013929703e-01,6.564860472180008566e-01,6.104096495155869606e-01,6.564805787972156637e-01,6.104108741280108719e-01,6.104108741015199513e-01,6.564329443084969684e-01,6.104771727058826425e-01,6.548444269581226163e-01,6.034560650021686401e-01,9.999999999999951150e-01,6.034560649930653664e-01,6.548444269695116171e-01,6.104771727024496109e-01,6.564329443035978873e-01,6.104108741242617597e-01,6.564805787206580145e-01,6.104096495039665893e-01,6.564860471561650979e-01,6.104095701792042750e-01,6.564869438350452446e-01,6.104095701835141607e-01,6.564860471568203515e-01,6.104096494899797776e-01,6.564805787352467892e-01,6.564805787813388083e-01,6.104108741249809622e-01,6.564329443831827815e-01,6.104771726971145451e-01,6.548444270356617025e-01,6.034560649930653664e-01,9.999999999999951150e-01,6.034560649953540912e-01,6.548444270231799091e-01,6.104771726977946678e-01,6.564329443653574847e-01,6.104108741165066299e-01,6.564805787661399661e-01,6.104096495312775206e-01,6.564860471896906136e-01,6.104095702029153081e-01,6.564869438907018351e-01,6.104095701918055283e-01,6.564860472142345360e-01,6.104096495208295448e-01,6.104096494980584264e-01,6.564805787266918546e-01,6.104108741126594850e-01,6.564329443130790809e-01,6.104771727062612285e-01,6.548444269695116171e-01,6.034560649953540912e-01,9.999999999999951150e-01,6.034560649978871760e-01,6.548444269573001630e-01,6.104771727186276697e-01,6.564329443038461331e-01,6.104108741149895101e-01,6.564805787233427559e-01,6.104096495100644892e-01,6.564860471456928082e-01,6.104095701868662571e-01,6.564869438409884905e-01,6.104095701720316791e-01,6.564860471665779906e-01,6.564860472068375641e-01,6.104096495204512918e-01,6.564805787998571063e-01,6.104108741054996567e-01,6.564329443876064651e-01,6.104771727024496109e-01,6.548444270231799091e-01,6.034560649978871760e-01,9.999999999999951150e-01,6.034560649858424775e-01,6.548444270270270540e-01,6.104771727070261722e-01,6.564329443562628708e-01,6.104108741408177385e-01,6.564805787603007481e-01,6.104096495318260818e-01,6.564860472081754939e-01,6.104095701946816721e-01,6.564869438946545621e-01,6.104095702009586510e-01,6.104095701639916660e-01,6.564860471516628104e-01,6.104096494985861154e-01,6.564805787167089512e-01,6.104108741106297753e-01,6.564329443035978873e-01,6.104771726977946678e-01,6.548444269573001630e-01,6.034560649858424775e-01,9.999999999999951150e-01,6.034560649916159702e-01,6.548444269456437095e-01,6.104771726952982203e-01,6.564329442956048366e-01,6.104108741066521793e-01,6.564805787036807061e-01,6.104096495017431456e-01,6.564860471440892020e-01,6.104095701637811677e-01,6.564869438455113171e-01,6.564869438970978299e-01,6.104095702008636160e-01,6.564860472281186521e-01,6.104096495090592933e-01,6.564805787994185682e-01,6.104108741242617597e-01,6.564329443653574847e-01,6.104771727186276697e-01,6.548444270270270540e-01,6.034560649916159702e-01,9.999999999999951150e-01,6.034560649958662371e-01,6.548444270167919079e-01,6.104771727339945997e-01,6.564329443517680218e-01,6.104108741438748487e-01,6.564805787805412240e-01,6.104096495261875921e-01,6.564860472165789940e-01,6.104095702046714589e-01,6.104095701647006544e-01,6.564869438420284364e-01,6.104095701785416939e-01,6.564860471517177665e-01,6.104096495075490569e-01,6.564805787206580145e-01,6.104108741165066299e-01,6.564329443038461331e-01,6.104771727070261722e-01,6.548444269456437095e-01,6.034560649958662371e-01,9.999999999999951150e-01,6.034560649782615416e-01,6.548444269626715331e-01,6.104771726944804300e-01,6.564329442930760816e-01,6.104108741154588014e-01,6.564805787094093459e-01,6.104096494928691330e-01,6.564860471571956069e-01,6.564860472043716477e-01,6.104095701849303612e-01,6.564869438995307727e-01,6.104095701700160692e-01,6.564860472156637261e-01,6.104096495039665893e-01,6.564805787661399661e-01,6.104108741149895101e-01,6.564329443562628708e-01,6.104771726952982203e-01,6.548444270167919079e-01,6.034560649782615416e-01,9.999999999999951150e-01,6.034560649962041889e-01,6.548444269974594834e-01,6.104771727098899925e-01,6.564329443556187194e-01,6.104108741164853136e-01,6.564805787767714618e-01,6.104096495164904601e-01,6.104096495119324395e-01,6.564860471595244107e-01,6.104095701989351586e-01,6.564869438465417151e-01,6.104095702044211036e-01,6.564860471561650979e-01,6.104096495312775206e-01,6.564805787233427559e-01,6.104108741408177385e-01,6.564329442956048366e-01,6.104771727339945997e-01,6.548444269626715331e-01,6.034560649962041889e-01,9.999999999999951150e-01,6.034560649893624396e-01,6.548444269756376057e-01,6.104771727149072014e-01,6.564329443096255101e-01,6.104108741172441510e-01,6.564805787306557949e-01,6.564805787598226861e-01,6.104096495119484267e-01,6.564860472076509135e-01,6.104095701639338234e-01,6.564869438933581547e-01,6.104095701792042750e-01,6.564860471896906136e-01,6.104096495100644892e-01,6.564805787603007481e-01,6.104108741066521793e-01,6.564329443517680218e-01,6.104771726944804300e-01,6.548444269974594834e-01,6.034560649893624396e-01,9.999999999999951150e-01,6.034560649848648151e-01,6.548444270025959302e-01,6.104771727001516712e-01,6.564329443525961372e-01,6.104108741216498490e-01,6.104108741179694597e-01,6.564805787262211201e-01,6.104096495187188998e-01,6.564860471585134416e-01,6.104095702013929703e-01,6.564869438350452446e-01,6.104095702029153081e-01,6.564860471456928082e-01,6.104096495318260818e-01,6.564805787036807061e-01,6.104108741438748487e-01,6.564329442930760816e-01,6.104771727098899925e-01,6.548444269756376057e-01,6.034560649848648151e-01,9.999999999999951150e-01,6.034560649944420430e-01,6.548444269679633001e-01,6.104771727062280329e-01,6.564329443155145771e-01,6.564329443490304339e-01,6.104108741207704414e-01,6.564805787846113017e-01,6.104096494963615616e-01,6.564860472180008566e-01,6.104095701835141607e-01,6.564869438907018351e-01,6.104095701868662571e-01,6.564860472081754939e-01,6.104096495017431456e-01,6.564805787805412240e-01,6.104108741154588014e-01,6.564329443556187194e-01,6.104771727149072014e-01,6.548444270025959302e-01,6.034560649944420430e-01,9.999999999999951150e-01,6.034560649930295062e-01,6.548444270036857251e-01,6.104771727191335984e-01,6.104771726983628799e-01,6.564329443296692546e-01,6.104108741133689175e-01,6.564805787372366419e-01,6.104096495155869606e-01,6.564860471568203515e-01,6.104095701918055283e-01,6.564869438409884905e-01,6.104095701946816721e-01,6.564860471440892020e-01,6.104096495261875921e-01,6.564805787094093459e-01,6.104108741164853136e-01,6.564329443096255101e-01,6.104771727001516712e-01,6.548444269679633001e-01,6.034560649930295062e-01,9.999999999999951150e-01,6.034560649870140958e-01,6.548444269822989439e-01,6.548444269980768784e-01,6.104771726946165433e-01,6.564329443726977242e-01,6.104108740857505655e-01,6.564805787972156637e-01,6.104096494899797776e-01,6.564860472142345360e-01,6.104095701720316791e-01,6.564869438946545621e-01,6.104095701637811677e-01,6.564860472165789940e-01,6.104096494928691330e-01,6.564805787767714618e-01,6.104108741172441510e-01,6.564329443525961372e-01,6.104771727062280329e-01,6.548444270036857251e-01,6.034560649870140958e-01,9.999999999999951150e-01,6.034560649978386593e-01,6.034560649960425405e-01,6.548444269951210206e-01,6.104771727126481196e-01,6.564329443312967305e-01,6.104108741280108719e-01,6.564805787352467892e-01,6.104096495208295448e-01,6.564860471665779906e-01,6.104095702009586510e-01,6.564869438455113171e-01,6.104095702046714589e-01,6.564860471571956069e-01,6.104096495164904601e-01,6.564805787306557949e-01,6.104108741216498490e-01,6.564329443155145771e-01,6.104771727191335984e-01,6.548444269822989439e-01,6.034560649978386593e-01,9.999999999999951150e-01
