9.999999999999930056e-01,1.361832966816654000e-01,4.295952884041849273e-01,2.173640630630290782e-01,4.137125625161391373e-01,2.204352179721948968e-01,4.129985001429559710e-01,2.204576654659866075e-01,4.130302072134254265e-01,2.204246181897927537e-01,4.130455417825512621e-01,2.204246159121456827e-01,4.130302089564908963e-01,2.204576632909213130e-01,4.129985012909829223e-01,2.204352162524198522e-01,4.137125642302892370e-01,2.173640616443592299e-01,4.295952898464409087e-01,1.361832948517636144e-01,1.361832966816654000e-01,9.999999999999930056e-01,1.361832962824743032e-01,4.295952907474230309e-01,2.173640641522859296e-01,4.137125644990896634e-01,2.204352164201349162e-01,4.129985031670542206e-01,2.204576603142389124e-01,4.130302117738613998e-01,2.204246141101632028e-01,4.130455444204693682e-01,2.204246156468791795e-01,4.130302108930977711e-01,2.204576631945514287e-01,4.129985017374097067e-01,2.204352190926279764e-01,4.137125644103101241e-01,2.173640647116743541e-01,4.295952900063146340e-01,4.295952884041849273e-01,1.361832962824743032e-01,9.999999999999930056e-01,1.361832963420442633e-01,4.295952885562518420e-01,2.173640634057021903e-01,4.137125623025883492e-01,2.204352197367304422e-01,4.129984993313342012e-01,2.204576654384293177e-01,4.130302080095045736e-01,2.204246157822765950e-01,4.130455418125808520e-01,2.204246157230251302e-01,4.130302090636822632e-01,2.204576617103133629e-01,4.129985017038730888e-01,2.204352160894819390e-01,4.137125628678035572e-01,2.173640616217263899e-01,2.173640630630290782e-01,4.295952907474230309e-01,1.361832963420442633e-01,9.999999999999930056e-01,1.361832977857775906e-01,4.295952903958404345e-01,2.173640618646570100e-01,4.137125658918877624e-01,2.204352146522799150e-01,4.129985037440298545e-01,2.204576615999337963e-01,4.130302107137276968e-01,2.204246156138272017e-01,4.130455440417420965e-01,2.204246157459470723e-01,4.130302099080231382e-01,2.204576646606005719e-01,4.129985021415819579e-01,2.204352191786000947e-01,4.137125641200824488e-01,4.137125625161391373e-01,2.173640641522859296e-01,4.295952885562518420e-01,1.361832977857775906e-01,9.999999999999930056e-01,1.361832982911576062e-01,4.295952880160283649e-01,2.173640663393445749e-01,4.137125618257822546e-01,2.204352209605333068e-01,4.129985004603552445e-01,2.204576642696267075e-01,4.130302098711630121e-01,2.204246167946424251e-01,4.130455427006323177e-01,2.204246153597526070e-01,4.130302100907875529e-01,2.204576626617296420e-01,4.129985023493666918e-01,2.204352171388560266e-01,2.204352179721948968e-01,4.137125644990896634e-01,2.173640634057021903e-01,4.295952903958404345e-01,1.361832982911576062e-01,9.999999999999930056e-01,1.361832953689065540e-01,4.295952917804378712e-01,2.173640605716737895e-01,4.137125663114540330e-01,2.204352165250001439e-01,4.129985029143561914e-01,2.204576634360473075e-01,4.130302105522248857e-01,2.204246162000040310e-01,4.130455434976821882e-01,2.204246176572593474e-01,4.130302103683077264e-01,2.204576650236866886e-01,4.129985026713253182e-01,4.129985001429559710e-01,2.204352164201349162e-01,4.137125623025883492e-01,2.173640618646570100e-01,4.295952880160283649e-01,1.361832953689065540e-01,9.999999999999930056e-01,1.361832980099438317e-01,4.295952860047407840e-01,2.173640644203068406e-01,4.137125605790188954e-01,2.204352166965485860e-01,4.129985006282295701e-01,2.204576620330288006e-01,4.130302083603547003e-01,2.204246131826866906e-01,4.130455420827883750e-01,2.204246131248581153e-01,4.130302090172953688e-01,2.204576604985900024e-01,2.204576654659866075e-01,4.129985031670542206e-01,2.204352197367304422e-01,4.137125658918877624e-01,2.173640663393445749e-01,4.295952917804378712e-01,1.361832980099438317e-01,9.999999999999930056e-01,1.361832958409069927e-01,4.295952934896913877e-01,2.173640640283062142e-01,4.137125657595652761e-01,2.204352198081362402e-01,4.129985045906936492e-01,2.204576655000370922e-01,4.130302115104743654e-01,2.204246196234898592e-01,4.130455445526208247e-01,2.204246195510575490e-01,4.130302112054269892e-01,4.130302072134254265e-01,2.204576603142389124e-01,4.129984993313342012e-01,2.204352146522799150e-01,4.137125618257822546e-01,2.173640605716737895e-01,4.295952860047407840e-01,1.361832958409069927e-01,9.999999999999930056e-01,1.361832960980848550e-01,4.295952861915710574e-01,2.173640605697835237e-01,4.137125612880291348e-01,2.204352148799406941e-01,4.129984988909259913e-01,2.204576590553395943e-01,4.130302076335030659e-01,2.204246114832202341e-01,4.130455419770966974e-01,2.204246115105698289e-01,2.204246181897927537e-01,4.130302117738613998e-01,2.204576654384293177e-01,4.129985037440298545e-01,2.204352209605333068e-01,4.137125663114540330e-01,2.173640644203068406e-01,4.295952934896913877e-01,1.361832960980848550e-01,9.999999999999930056e-01,1.361832980426222472e-01,4.295952917399357140e-01,2.173640655447583170e-01,4.137125667356282843e-01,2.204352201979599413e-01,4.129985036741218307e-01,2.204576672193907516e-01,4.130302114838935168e-01,2.204246197464013457e-01,4.130455438800545442e-01,4.130455417825512621e-01,2.204246141101632028e-01,4.130302080095045736e-01,2.204576615999337963e-01,4.129985004603552445e-01,2.204352165250001439e-01,4.137125605790188954e-01,2.173640640283062142e-01,4.295952861915710574e-01,1.361832980426222472e-01,9.999999999999930056e-01,1.361832950105980877e-01,4.295952879502511479e-01,2.173640618153269699e-01,4.137125617574439751e-01,2.204352148354531693e-01,4.129985008998319218e-01,2.204576602517636374e-01,4.130302094885354158e-01,2.204246128908917690e-01,2.204246159121456827e-01,4.130455444204693682e-01,2.204246157822765950e-01,4.130302107137276968e-01,2.204576642696267075e-01,4.129985029143561914e-01,2.204352166965485860e-01,4.137125657595652761e-01,2.173640605697835237e-01,4.295952917399357140e-01,1.361832950105980877e-01,9.999999999999930056e-01,1.361832970198310899e-01,4.295952908829159256e-01,2.173640636294963957e-01,4.137125644851485928e-01,2.204352195062029840e-01,4.129985022184972654e-01,2.204576650209159050e-01,4.130302096170695436e-01,4.130302089564908963e-01,2.204246156468791795e-01,4.130455418125808520e-01,2.204246156138272017e-01,4.130302098711630121e-01,2.204576634360473075e-01,4.129985006282295701e-01,2.204352198081362402e-01,4.137125612880291348e-01,2.173640655447583170e-01,4.295952879502511479e-01,1.361832970198310899e-01,9.999999999999930056e-01,1.361832971692656935e-01,4.295952876900288597e-01,2.173640619238357274e-01,4.137125632838437594e-01,2.204352163496249295e-01,4.129985019453108475e-01,2.204576618583408143e-01,2.204576632909213130e-01,4.130302108930977711e-01,2.204246157230251302e-01,4.130455440417420965e-01,2.204246167946424251e-01,4.130302105522248857e-01,2.204576620330288006e-01,4.129985045906936492e-01,2.204352148799406941e-01,4.137125667356282843e-01,2.173640618153269699e-01,4.295952908829159256e-01,1.361832971692656935e-01,9.999999999999930056e-01,1.361832971026219474e-01,4.295952907962194978e-01,2.173640650631222249e-01,4.137125639213534711e-01,2.204352195405532566e-01,4.129985019068388441e-01,4.129985012909829223e-01,2.204576631945514287e-01,4.130302090636822632e-01,2.204246157459470723e-01,4.130455427006323177e-01,2.204246162000040310e-01,4.130302083603547003e-01,2.204576655000370922e-01,4.129984988909259913e-01,2.204352201979599413e-01,4.137125617574439751e-01,2.173640636294963957e-01,4.295952876900288597e-01,1.361832971026219474e-01,9.999999999999930056e-01,1.361832952417358356e-01,4.295952891651944050e-01,2.173640620850438299e-01,4.137125633743160558e-01,2.204352164275352188e-01,2.204352162524198522e-01,4.129985017374097067e-01,2.204576617103133629e-01,4.130302099080231382e-01,2.204246153597526070e-01,4.130455434976821882e-01,2.204246131826866906e-01,4.130302115104743654e-01,2.204576590553395943e-01,4.129985036741218307e-01,2.204352148354531693e-01,4.137125644851485928e-01,2.173640619238357274e-01,4.295952907962194978e-01,1.361832952417358356e-01,9.999999999999930056e-01,1.361832972754883353e-01,4.295952895268719263e-01,2.173640636216880861e-01,4.137125634247609818e-01,4.137125642302892370e-01,2.204352190926279764e-01,4.129985017038730888e-01,2.204576646606005719e-01,4.130302100907875529e-01,2.204246176572593474e-01,4.130455420827883750e-01,2.204246196234898592e-01,4.130302076335030659e-01,2.204576672193907516e-01,4.129985008998319218e-01,2.204352195062029840e-01,4.137125632838437594e-01,2.173640650631222249e-01,4.295952891651944050e-01,1.361832972754883353e-01,9.999999999999930056e-01,1.361832970299336476e-01,4.295952898147420429e-01,2.173640634086984047e-01,2.173640616443592299e-01,4.137125644103101241e-01,2.204352160894819390e-01,4.129985021415819579e-01,2.204576626617296420e-01,4.130302103683077264e-01,2.204246131248581153e-01,4.130455445526208247e-01,2.204246114832202341e-01,4.130302114838935168e-01,2.204576602517636374e-01,4.129985022184972654e-01,2.204352163496249295e-01,4.137125639213534711e-01,2.173640620850438299e-01,4.295952895268719263e-01,1.361832970299336476e-01,9.999999999999930056e-01,1.361832972799991159e-01,4.295952885645524244e-01,4.295952898464409087e-01,2.173640647116743541e-01,4.137125628678035572e-01,2.204352191786000947e-01,4.129985023493666918e-01,2.204576650236866886e-01,4.130302090172953688e-01,2.204246195510575490e-01,4.130455419770966974e-01,2.204246197464013457e-01,4.130302094885354158e-01,2.204576650209159050e-01,4.129985019453108475e-01,2.204352195405532566e-01,4.137125633743160558e-01,2.173640636216880861e-01,4.295952898147420429e-01,1.361832972799991159e-01,9.999999999999930056e-01,1.361832969759476653e-01,1.361832948517636144e-01,4.295952900063146340e-01,2.173640616217263899e-01,4.137125641200824488e-01,2.204352171388560266e-01,4.129985026713253182e-01,2.204576604985900024e-01,4.130302112054269892e-01,2.204246115105698289e-01,4.130455438800545442e-01,2.204246128908917690e-01,4.130302096170695436e-01,2.204576618583408143e-01,4.129985019068388441e-01,2.204352164275352188e-01,4.137125634247609818e-01,2.173640634086984047e-01,4.295952885645524244e-01,1.361832969759476653e-01,9.999999999999930056e-01
1.000000000000001776e+00,1.255468093623720582e-01,4.272145011649406965e-01,2.087466929652424530e-01,4.101422415815393352e-01,2.121581390348441232e-01,4.092943355063074495e-01,2.122018090715718230e-01,4.093192390117313950e-01,2.121660036685716066e-01,4.093355330364597533e-01,2.121660019223667870e-01,4.093192403697425430e-01,2.122018077997339103e-01,4.092943362501426652e-01,2.121581379309573356e-01,4.101422429166066697e-01,2.087466919177795865e-01,4.272145023240545569e-01,1.255468078968567935e-01,1.255468093623720582e-01,1.000000000000001776e+00,1.255468096563113201e-01,4.272145050393686416e-01,2.087466957062822648e-01,4.101422448383893471e-01,2.121581396628870742e-01,4.092943395049825628e-01,2.122018066611520148e-01,4.093192443514202528e-01,2.121660022503363274e-01,4.093355367894404573e-01,2.121660031252468881e-01,4.093192438274230183e-01,2.122018084893067535e-01,4.092943385467101569e-01,2.121581416432215539e-01,4.101422450291206667e-01,2.087466954464365088e-01,4.272145045395945306e-01,4.272145011649406965e-01,1.255468096563113201e-01,1.000000000000001776e+00,1.255468089546149524e-01,4.272145015339020580e-01,2.087466936781926519e-01,4.101422416325782860e-01,2.121581411324002797e-01,4.092943349971577827e-01,2.122018095490719736e-01,4.093192398614453054e-01,2.121660023978252374e-01,4.093355331071006908e-01,2.121660028253898878e-01,4.093192405687398061e-01,2.122018068267424451e-01,4.092943368226656942e-01,2.121581383675034682e-01,4.101422418380129553e-01,2.087466930728663628e-01,2.087466929652424530e-01,4.272145050393686416e-01,1.255468089546149524e-01,1.000000000000001776e+00,1.255468108861603205e-01,4.272145043442777124e-01,2.087466930568090406e-01,4.101422457347998485e-01,2.121581375205326414e-01,4.092943397598036714e-01,2.122018070882596419e-01,4.093192432715684337e-01,2.121660024309569847e-01,4.093355363828793392e-01,2.121660023571917963e-01,4.093192427436305181e-01,2.122018093747677914e-01,4.092943387050920756e-01,2.121581406603676445e-01,4.101422446579184311e-01,4.101422415815393352e-01,2.087466957062822648e-01,4.272145015339020580e-01,1.255468108861603205e-01,1.000000000000001776e+00,1.255468109892044215e-01,4.272145014900674553e-01,2.087466967047832411e-01,4.101422415479794026e-01,2.121581426235269463e-01,4.092943361899951671e-01,2.122018092835848690e-01,4.093192415931432571e-01,2.121660042786616407e-01,4.093355340621866456e-01,2.121660028446637480e-01,4.093192417093118873e-01,2.122018081669844458e-01,4.092943374752922026e-01,2.121581403916804609e-01,2.121581390348441232e-01,4.101422448383893471e-01,2.087466936781926519e-01,4.272145043442777124e-01,1.255468109892044215e-01,1.000000000000001776e+00,1.255468085254519139e-01,4.272145052240149399e-01,2.087466917872872196e-01,4.101422459249902119e-01,2.121581389318475119e-01,4.092943389977598545e-01,2.122018080292467079e-01,4.093192431087562810e-01,2.121660025633496094e-01,4.093355357061121413e-01,2.121660041079674319e-01,4.093192430286640704e-01,2.122018091072342960e-01,4.092943391753032234e-01,4.092943355063074495e-01,2.121581396628870742e-01,4.101422416325782860e-01,2.087466930568090406e-01,4.272145014900674553e-01,1.255468085254519139e-01,1.000000000000001776e+00,1.255468107615184681e-01,4.272144998924097825e-01,2.087466949507870706e-01,4.101422404466678606e-01,2.121581391468853051e-01,4.092943362679856145e-01,2.122018078174240929e-01,4.093192403104141119e-01,2.121660009520226764e-01,4.093355336294667302e-01,2.121660008905418282e-01,4.093192407010471379e-01,2.122018068661972734e-01,2.122018090715718230e-01,4.092943395049825628e-01,2.121581411324002797e-01,4.101422457347998485e-01,2.087466967047832411e-01,4.272145052240149399e-01,1.255468107615184681e-01,1.000000000000001776e+00,1.255468089020128075e-01,4.272145067660496065e-01,2.087466947348737834e-01,4.101422455642724785e-01,2.121581412817734880e-01,4.092943405990527861e-01,2.122018095989969544e-01,4.093192438727473181e-01,2.121660057796493637e-01,4.093355366332887546e-01,2.121660053302618643e-01,4.093192438680348100e-01,4.093192390117313950e-01,2.122018066611520148e-01,4.092943349971577827e-01,2.121581375205326414e-01,4.101422415479794026e-01,2.087466917872872196e-01,4.272144998924097825e-01,1.255468089020128075e-01,1.000000000000001776e+00,1.255468091043447920e-01,4.272144998761621126e-01,2.087466918972053220e-01,4.101422409051568851e-01,2.121581381085946849e-01,4.092943346783372571e-01,2.122018051088518376e-01,4.093192397209465816e-01,2.121659995277142552e-01,4.093355333815136277e-01,2.121660001295991860e-01,2.121660036685716066e-01,4.093192443514202528e-01,2.122018095490719736e-01,4.092943397598036714e-01,2.121581426235269463e-01,4.101422459249902119e-01,2.087466949507870706e-01,4.272145067660496065e-01,1.255468091043447920e-01,1.000000000000001776e+00,1.255468107247065535e-01,4.272145054372504247e-01,2.087466954909195649e-01,4.101422466381590692e-01,2.121581413438084485e-01,4.092943397896303126e-01,2.122018112825142522e-01,4.093192439225739054e-01,2.121660054112400329e-01,4.093355362573781187e-01,4.093355330364597533e-01,2.121660022503363274e-01,4.093192398614453054e-01,2.122018070882596419e-01,4.092943361899951671e-01,2.121581389318475119e-01,4.101422404466678606e-01,2.087466947348737834e-01,4.272144998761621126e-01,1.255468107247065535e-01,1.000000000000001776e+00,1.255468083435244409e-01,4.272145012597675651e-01,2.087466934296268173e-01,4.101422412217776703e-01,2.121581378588459632e-01,4.092943364144681073e-01,2.122018061123918109e-01,4.093192411078662163e-01,2.121660013031509140e-01,2.121660019223667870e-01,4.093355367894404573e-01,2.121660023978252374e-01,4.093192432715684337e-01,2.122018092835848690e-01,4.092943389977598545e-01,2.121581391468853051e-01,4.101422455642724785e-01,2.087466918972053220e-01,4.272145054372504247e-01,1.255468083435244409e-01,1.000000000000001776e+00,1.255468096005832035e-01,4.272145048232562914e-01,2.087466938865583654e-01,4.101422447031093932e-01,2.121581412647466358e-01,4.092943386762167846e-01,2.122018092229572828e-01,4.093192425739627938e-01,4.093192403697425430e-01,2.121660031252468881e-01,4.093355331071006908e-01,2.121660024309569847e-01,4.093192415931432571e-01,2.122018080292467079e-01,4.092943362679856145e-01,2.121581412817734880e-01,4.101422409051568851e-01,2.087466954909195649e-01,4.272145012597675651e-01,1.255468096005832035e-01,1.000000000000001776e+00,1.255468102789650542e-01,4.272145008733556626e-01,2.087466928903092267e-01,4.101422423729577105e-01,2.121581387123555595e-01,4.092943369720531965e-01,2.122018076281148580e-01,2.122018077997339103e-01,4.093192438274230183e-01,2.121660028253898878e-01,4.093355363828793392e-01,2.121660042786616407e-01,4.093192431087562810e-01,2.122018078174240929e-01,4.092943405990527861e-01,2.121581381085946849e-01,4.101422466381590692e-01,2.087466934296268173e-01,4.272145048232562914e-01,1.255468102789650542e-01,1.000000000000001776e+00,1.255468099863488729e-01,4.272145049264649552e-01,2.087466959047727111e-01,4.101422444861697048e-01,2.121581413932824844e-01,4.092943387639023656e-01,4.092943362501426652e-01,2.122018084893067535e-01,4.093192405687398061e-01,2.121660023571917963e-01,4.093355340621866456e-01,2.121660025633496094e-01,4.093192403104141119e-01,2.122018095989969544e-01,4.092943346783372571e-01,2.121581413438084485e-01,4.101422412217776703e-01,2.087466938865583654e-01,4.272145008733556626e-01,1.255468099863488729e-01,1.000000000000001776e+00,1.255468082196528612e-01,4.272145019602865412e-01,2.087466928440286917e-01,4.101422421346260783e-01,2.121581391667693994e-01,2.121581379309573356e-01,4.092943385467101569e-01,2.122018068267424451e-01,4.093192427436305181e-01,2.121660028446637480e-01,4.093355357061121413e-01,2.121660009520226764e-01,4.093192438727473181e-01,2.122018051088518376e-01,4.092943397896303126e-01,2.121581378588459632e-01,4.101422447031093932e-01,2.087466928903092267e-01,4.272145049264649552e-01,1.255468082196528612e-01,1.000000000000001776e+00,1.255468102143792175e-01,4.272145040654818926e-01,2.087466940709826746e-01,4.101422442565851867e-01,4.101422429166066697e-01,2.121581416432215539e-01,4.092943368226656942e-01,2.122018093747677914e-01,4.093192417093118873e-01,2.121660041079674319e-01,4.093355336294667302e-01,2.121660057796493637e-01,4.093192397209465816e-01,2.122018112825142522e-01,4.092943364144681073e-01,2.121581412647466358e-01,4.101422423729577105e-01,2.087466959047727111e-01,4.272145019602865412e-01,1.255468102143792175e-01,1.000000000000001776e+00,1.255468100611284443e-01,4.272145022835784900e-01,2.087466948231387898e-01,2.087466919177795865e-01,4.101422450291206667e-01,2.121581383675034682e-01,4.092943387050920756e-01,2.122018081669844458e-01,4.093192430286640704e-01,2.121660008905418282e-01,4.093355366332887546e-01,2.121659995277142552e-01,4.093192439225739054e-01,2.122018061123918109e-01,4.092943386762167846e-01,2.121581387123555595e-01,4.101422444861697048e-01,2.087466928440286917e-01,4.272145040654818926e-01,1.255468100611284443e-01,1.000000000000001776e+00,1.255468098244041653e-01,4.272145033547607440e-01,4.272145023240545569e-01,2.087466954464365088e-01,4.101422418380129553e-01,2.121581406603676445e-01,4.092943374752922026e-01,2.122018091072342960e-01,4.093192407010471379e-01,2.121660053302618643e-01,4.093355333815136277e-01,2.121660054112400329e-01,4.093192411078662163e-01,2.122018092229572828e-01,4.092943369720531965e-01,2.121581413932824844e-01,4.101422421346260783e-01,2.087466940709826746e-01,4.272145022835784900e-01,1.255468098244041653e-01,1.000000000000001776e+00,1.255468101418558413e-01,1.255468078968567935e-01,4.272145045395945306e-01,2.087466930728663628e-01,4.101422446579184311e-01,2.121581403916804609e-01,4.092943391753032234e-01,2.122018068661972734e-01,4.093192438680348100e-01,2.121660001295991860e-01,4.093355362573781187e-01,2.121660013031509140e-01,4.093192425739627938e-01,2.122018076281148580e-01,4.092943387639023656e-01,2.121581391667693994e-01,4.101422442565851867e-01,2.087466948231387898e-01,4.272145033547607440e-01,1.255468101418558413e-01,1.000000000000001776e+00
1.000000000000000000e+00,1.148003342933374138e-01,4.249564189879613818e-01,2.000236845515832307e-01,4.066568946137532059e-01,2.037984223835722086e-01,4.056615748619238904e-01,2.038669972781879669e-01,4.056779946190002262e-01,2.038283326513951610e-01,4.056952574507752818e-01,2.038283311574239365e-01,4.056779957311296148e-01,2.038669966546132473e-01,4.056615752502018557e-01,2.037984217797113862e-01,4.066568956459970519e-01,2.000236836188249434e-01,4.249564200008726367e-01,1.148003329708384701e-01,1.148003342933374138e-01,1.000000000000000000e+00,1.148003346497150634e-01,4.249564230944878895e-01,2.000236874188215386e-01,4.066568979270271944e-01,2.037984239110799123e-01,4.056615786906832000e-01,2.038669963424438181e-01,4.056779996393558019e-01,2.038283325436419102e-01,4.056952610469199416e-01,2.038283330628565260e-01,4.056779993590955979e-01,2.038669973633207289e-01,4.056615781221439287e-01,2.037984251870266772e-01,4.066568982394584975e-01,2.000236869701752518e-01,4.249564226384878185e-01,4.249564189879613818e-01,1.148003346497150634e-01,1.000000000000000000e+00,1.148003338444486682e-01,4.249564193803666567e-01,2.000236850605700833e-01,4.066568947307414028e-01,2.037984241333041513e-01,4.056615743877401981e-01,2.038669978513951431e-01,4.056779953961762164e-01,2.038283316797426803e-01,4.056952574388765775e-01,2.038283324639093008e-01,4.056779957496305933e-01,2.038669959863922410e-01,4.056615757950848278e-01,2.037984221208543612e-01,4.066568947819230173e-01,2.000236848705634618e-01,2.000236845515832307e-01,4.249564230944878895e-01,1.148003338444486682e-01,1.000000000000000000e+00,1.148003358466192086e-01,4.249564222381423950e-01,2.000236852436922952e-01,4.066568985418367310e-01,2.037984218879889675e-01,4.056615788168053127e-01,2.038669965711310261e-01,4.056779986273231220e-01,2.038283323041267803e-01,4.056952608615208566e-01,2.038283318995769977e-01,4.056779984636683656e-01,2.038669981146370991e-01,4.056615781447076574e-01,2.037984241369645844e-01,4.066568978603151141e-01,4.066568946137532059e-01,2.000236874188215386e-01,4.249564193803666567e-01,1.148003358466192086e-01,1.000000000000000000e+00,1.148003355818458804e-01,4.249564196700848506e-01,2.000236877081116305e-01,4.066568948226638169e-01,2.037984256801553540e-01,4.056615755961879288e-01,2.038669978560997686e-01,4.056779968878234666e-01,2.038283339421960161e-01,4.056952581979059724e-01,2.038283327707571813e-01,4.056779968859750563e-01,2.038669972263910113e-01,4.056615764707818816e-01,2.037984242459599249e-01,2.037984223835722086e-01,4.066568979270271944e-01,2.000236850605700833e-01,4.249564222381423950e-01,1.148003355818458804e-01,1.000000000000000000e+00,1.148003337790084455e-01,4.249564227730938115e-01,2.000236838753834956e-01,4.066568985864379981e-01,2.037984228790480357e-01,4.056615780327033072e-01,2.038669969117662684e-01,4.056779985756763240e-01,2.038283318437250913e-01,4.056952601451764284e-01,2.038283333280968002e-01,4.056779984744178780e-01,2.038669976187834632e-01,4.056615783735258995e-01,4.056615748619238904e-01,2.037984239110799123e-01,4.066568947307414028e-01,2.000236852436922952e-01,4.249564196700848506e-01,1.148003337790084455e-01,1.000000000000000000e+00,1.148003355197402264e-01,4.249564183682859042e-01,2.000236864901105138e-01,4.066568940176850111e-01,2.037984229455023777e-01,4.056615756594892375e-01,2.038669972576476475e-01,4.056779958016891174e-01,2.038283313925655649e-01,4.056952580518607965e-01,2.038283311910783491e-01,4.056779961435681425e-01,2.038669965069119239e-01,2.038669972781879669e-01,4.056615786906832000e-01,2.037984241333041513e-01,4.066568985418367310e-01,2.000236877081116305e-01,4.249564227730938115e-01,1.148003355197402264e-01,1.000000000000000000e+00,1.148003338609813462e-01,4.249564241109274887e-01,2.000236862529129189e-01,4.066568982508728669e-01,2.037984244919319454e-01,4.056615795623225162e-01,2.038669977440321079e-01,4.056779991317820411e-01,2.038283345879620678e-01,4.056952608373695091e-01,2.038283341704423823e-01,4.056779991584464895e-01,4.056779946190002262e-01,2.038669963424438181e-01,4.056615743877401981e-01,2.037984218879889675e-01,4.066568948226638169e-01,2.000236838753834956e-01,4.249564183682859042e-01,1.148003338609813462e-01,1.000000000000000000e+00,1.148003340883016199e-01,4.249564183507558157e-01,2.000236838459900635e-01,4.066568942753693294e-01,2.037984224417963008e-01,4.056615741962533717e-01,2.038669949678816318e-01,4.056779953596896249e-01,2.038283299948735472e-01,4.056952577460294362e-01,2.038283306622604152e-01,2.038283326513951610e-01,4.056779996393558019e-01,2.038669978513951431e-01,4.056615788168053127e-01,2.037984256801553540e-01,4.066568985864379981e-01,2.000236864901105138e-01,4.249564241109274887e-01,1.148003340883016199e-01,1.000000000000000000e+00,1.148003355432302419e-01,4.249564229559957829e-01,2.000236867144986053e-01,4.066568993714986258e-01,2.037984242462686502e-01,4.056615788649167720e-01,2.038669993924096535e-01,4.056779991973597510e-01,2.038283342866007430e-01,4.056952605834606151e-01,4.056952574507752818e-01,2.038283325436419102e-01,4.056779953961762164e-01,2.038669965711310261e-01,4.056615755961879288e-01,2.037984228790480357e-01,4.066568940176850111e-01,2.000236862529129189e-01,4.249564183507558157e-01,1.148003355432302419e-01,1.000000000000000000e+00,1.148003334893996086e-01,4.249564194997342281e-01,2.000236855947009063e-01,4.066568944905718519e-01,2.037984223117761118e-01,4.056615757271974099e-01,2.038669957049090431e-01,4.056779964684568140e-01,2.038283316903446996e-01,2.038283311574239365e-01,4.056952610469199416e-01,2.038283316797426803e-01,4.056779986273231220e-01,2.038669978560997686e-01,4.056615780327033072e-01,2.037984229455023777e-01,4.066568982508728669e-01,2.000236838459900635e-01,4.249564229559957829e-01,1.148003334893996086e-01,1.000000000000000000e+00,1.148003342564475060e-01,4.249564226336978168e-01,2.000236850042411696e-01,4.066568977275321073e-01,2.037984243508447202e-01,4.056615779365505547e-01,2.038669976007586593e-01,4.056779980784347428e-01,4.056779957311296148e-01,2.038283330628565260e-01,4.056952574388765775e-01,2.038283323041267803e-01,4.056779968878234666e-01,2.038669969117662684e-01,4.056615756594892375e-01,2.037984244919319454e-01,4.066568942753693294e-01,2.000236867144986053e-01,4.249564194997342281e-01,1.148003342564475060e-01,1.000000000000000000e+00,1.148003354065512405e-01,4.249564188511538720e-01,2.000236849853782584e-01,4.066568953096743044e-01,2.037984226772303620e-01,4.056615759931751497e-01,2.038669969238872393e-01,2.038669966546132473e-01,4.056779993590955979e-01,2.038283324639093008e-01,4.056952608615208566e-01,2.038283339421960161e-01,4.056779985756763240e-01,2.038669972576476475e-01,4.056615795623225162e-01,2.037984224417963008e-01,4.066568993714986258e-01,2.000236855947009063e-01,4.249564226336978168e-01,1.148003354065512405e-01,1.000000000000000000e+00,1.148003347357291482e-01,4.249564229729914100e-01,2.000236873297482343e-01,4.066568977698938880e-01,2.037984248503621476e-01,4.056615782398695358e-01,4.056615752502018557e-01,2.038669973633207289e-01,4.056779957496305933e-01,2.038283318995769977e-01,4.056952581979059724e-01,2.038283318437250913e-01,4.056779958016891174e-01,2.038669977440321079e-01,4.056615741962533717e-01,2.037984242462686502e-01,4.066568944905718519e-01,2.000236850042411696e-01,4.249564188511538720e-01,1.148003347357291482e-01,1.000000000000000000e+00,1.148003332851028624e-01,4.249564196668477178e-01,2.000236844612568177e-01,4.066568948970597508e-01,2.037984228656745667e-01,2.037984217797113862e-01,4.056615781221439287e-01,2.038669959863922410e-01,4.056779984636683656e-01,2.038283327707571813e-01,4.056952601451764284e-01,2.038283313925655649e-01,4.056779991317820411e-01,2.038669949678816318e-01,4.056615788649167720e-01,2.037984223117761118e-01,4.066568977275321073e-01,2.000236849853782584e-01,4.249564229729914100e-01,1.148003332851028624e-01,1.000000000000000000e+00,1.148003351739999289e-01,4.249564222861983431e-01,2.000236857749768671e-01,4.066568976710662753e-01,4.066568956459970519e-01,2.037984251870266772e-01,4.056615757950848278e-01,2.038669981146370991e-01,4.056779968859750563e-01,2.038283333280968002e-01,4.056952580518607965e-01,2.038283345879620678e-01,4.056779953596896249e-01,2.038669993924096535e-01,4.056615757271974099e-01,2.037984243508447202e-01,4.066568953096743044e-01,2.000236873297482343e-01,4.249564196668477178e-01,1.148003351739999289e-01,1.000000000000000000e+00,1.148003349042513999e-01,4.249564198814818061e-01,2.000236864362804345e-01,2.000236836188249434e-01,4.066568982394584975e-01,2.037984221208543612e-01,4.056615781447076574e-01,2.038669972263910113e-01,4.056779984744178780e-01,2.038283311910783491e-01,4.056952608373695091e-01,2.038283299948735472e-01,4.056779991973597510e-01,2.038669957049090431e-01,4.056615779365505547e-01,2.037984226772303620e-01,4.066568977698938880e-01,2.000236844612568177e-01,4.249564222861983431e-01,1.148003349042513999e-01,1.000000000000000000e+00,1.148003346286205206e-01,4.249564217051952086e-01,4.249564200008726367e-01,2.000236869701752518e-01,4.066568947819230173e-01,2.037984241369645844e-01,4.056615764707818816e-01,2.038669976187834632e-01,4.056779961435681425e-01,2.038283341704423823e-01,4.056952577460294362e-01,2.038283342866007430e-01,4.056779964684568140e-01,2.038669976007586593e-01,4.056615759931751497e-01,2.037984248503621476e-01,4.066568948970597508e-01,2.000236857749768671e-01,4.249564198814818061e-01,1.148003346286205206e-01,1.000000000000000000e+00,1.148003350321622346e-01,1.148003329708384701e-01,4.249564226384878185e-01,2.000236848705634618e-01,4.066568978603151141e-01,2.037984242459599249e-01,4.056615783735258995e-01,2.038669965069119239e-01,4.056779991584464895e-01,2.038283306622604152e-01,4.056952605834606151e-01,2.038283316903446996e-01,4.056779980784347428e-01,2.038669969238872393e-01,4.056615782398695358e-01,2.037984228656745667e-01,4.066568976710662753e-01,2.000236864362804345e-01,4.249564217051952086e-01,1.148003350321622346e-01,1.000000000000000000e+00
9.999999999999895639e-01,1.039446457851881112e-01,4.228274833036987923e-01,1.911920968983616409e-01,4.032638923181240398e-01,1.953538245474728263e-01,4.021067735152477618e-01,1.954513847706594309e-01,4.021127912864730369e-01,1.954097804133206606e-01,4.021310159088151703e-01,1.954097792001527611e-01,4.021127921154105112e-01,1.954513849322789543e-01,4.021067733263111732e-01,1.953538247916726811e-01,4.032638926461768469e-01,1.911920965524152582e-01,4.228274838428916493e-01,1.039446450048117365e-01,1.039446457851881112e-01,9.999999999999895639e-01,1.039446460767142338e-01,4.228274868233218298e-01,1.911920989081650202e-01,4.032638948771858911e-01,1.953538261223567440e-01,4.021067762710333060e-01,1.954513852674673036e-01,4.021127947461219376e-01,1.954097822164790610e-01,4.021310180208151897e-01,1.954097820745053782e-01,4.021127949486895670e-01,1.954513848503381945e-01,4.021067764445207526e-01,1.953538261308478408e-01,4.032638955187130003e-01,1.911920982633896204e-01,4.228274865841532559e-01,4.228274833036987923e-01,1.039446460767142338e-01,9.999999999999895639e-01,1.039446455373210648e-01,4.228274837375294859e-01,1.911920971312477402e-01,4.032638925153610443e-01,1.953538253835502281e-01,4.021067731922871036e-01,1.954513848861175462e-01,4.021127920981628079e-01,1.954097795879704835e-01,4.021310156784548284e-01,1.954097812039035098e-01,4.021127915681209086e-01,1.954513849764513977e-01,4.021067736747360177e-01,1.953538248407755695e-01,4.032638921958711098e-01,1.911920971493227261e-01,1.911920968983616409e-01,4.228274868233218298e-01,1.039446455373210648e-01,9.999999999999895639e-01,1.039446471361163693e-01,4.228274858839041750e-01,1.911920978429459961e-01,4.032638951074042355e-01,1.953538250195754888e-01,4.021067761367201343e-01,1.954513859286306499e-01,4.021127939228861248e-01,1.954097816235801366e-01,4.021310185261416370e-01,1.954097802961188846e-01,4.021127947112472789e-01,1.954513854775302151e-01,4.021067763664942230e-01,1.953538256852127564e-01,4.032638950267163347e-01,4.032638923181240398e-01,1.911920989081650202e-01,4.228274837375294859e-01,1.039446471361163693e-01,9.999999999999895639e-01,1.039446466407030201e-01,4.228274843570583585e-01,1.911920986176183224e-01,4.032638928254256849e-01,1.953538261967902034e-01,4.021067743907822400e-01,1.954513847809883909e-01,4.021127928892467840e-01,1.954097822988136446e-01,4.021310156289326643e-01,1.954097819897595845e-01,4.021127924250945673e-01,1.954513857013933653e-01,4.021067743815027185e-01,1.953538260989985120e-01,1.953538245474728263e-01,4.032638948771858911e-01,1.911920971312477402e-01,4.228274858839041750e-01,1.039446466407030201e-01,9.999999999999895639e-01,1.039446458299221054e-01,4.228274859595679835e-01,1.911920969144958182e-01,4.032638949205782919e-01,1.953538259514934761e-01,4.021067754527378191e-01,1.954513854902639181e-01,4.021127944596218362e-01,1.954097800893180303e-01,4.021310181100750114e-01,1.954097811576098742e-01,4.021127943820044237e-01,1.954513851931015678e-01,4.021067760978520589e-01,4.021067735152477618e-01,1.953538261223567440e-01,4.032638925153610443e-01,1.911920978429459961e-01,4.228274843570583585e-01,1.039446458299221054e-01,9.999999999999895639e-01,1.039446465849299117e-01,4.228274835763178308e-01,1.911920977974985725e-01,4.032638925560463328e-01,1.953538244734385199e-01,4.021067742385074362e-01,1.954513857712860680e-01,4.021127918268141976e-01,1.954097813756057456e-01,4.021310158642347199e-01,1.954097810173571204e-01,4.021127922189141612e-01,1.954513852585279543e-01,1.954513847706594309e-01,4.021067762710333060e-01,1.953538253835502281e-01,4.032638951074042355e-01,1.911920986176183224e-01,4.228274859595679835e-01,1.039446465849299117e-01,9.999999999999895639e-01,1.039446456707658617e-01,4.228274867491673139e-01,1.911920985785080240e-01,4.032638945544285147e-01,1.953538261638317897e-01,4.021067769795542701e-01,1.954513846068035576e-01,4.021127947436906602e-01,1.954097816238408447e-01,4.021310183387419857e-01,1.954097815558372975e-01,4.021127945829146566e-01,4.021127912864730369e-01,1.954513852674673036e-01,4.021067731922871036e-01,1.953538250195754888e-01,4.032638928254256849e-01,1.911920969144958182e-01,4.228274835763178308e-01,1.039446456707658617e-01,9.999999999999895639e-01,1.039446453962593470e-01,4.228274838845195727e-01,1.911920960029805383e-01,4.032638925396890284e-01,1.953538253984684614e-01,4.021067730060312595e-01,1.954513849112808899e-01,4.021127916888314613e-01,1.954097804000320959e-01,4.021310157135824515e-01,1.954097805824234202e-01,1.954097804133206606e-01,4.021127947461219376e-01,1.954513848861175462e-01,4.021067761367201343e-01,1.953538261967902034e-01,4.032638949205782919e-01,1.911920977974985725e-01,4.228274867491673139e-01,1.039446453962593470e-01,9.999999999999895639e-01,1.039446470309509513e-01,4.228274856021306816e-01,1.911920980974190221e-01,4.032638956165516264e-01,1.953538246276175505e-01,4.021067763482417678e-01,1.954513854842714060e-01,4.021127946835379441e-01,1.954097813314108478e-01,4.021310178737328433e-01,4.021310159088151703e-01,1.954097822164790610e-01,4.021127920981628079e-01,1.954513859286306499e-01,4.021067743907822400e-01,1.953538259514934761e-01,4.032638925560463328e-01,1.911920985785080240e-01,4.228274838845195727e-01,1.039446470309509513e-01,9.999999999999895639e-01,1.039446453761041500e-01,4.228274847276065063e-01,1.911920987003183359e-01,4.032638926523112177e-01,1.953538262473255016e-01,4.021067742777584830e-01,1.954513856244100567e-01,4.021127926200258607e-01,1.954097817189859587e-01,1.954097792001527611e-01,4.021310180208151897e-01,1.954097795879704835e-01,4.021127939228861248e-01,1.954513847809883909e-01,4.021067754527378191e-01,1.953538244734385199e-01,4.032638945544285147e-01,1.911920960029805383e-01,4.228274856021306816e-01,1.039446453761041500e-01,9.999999999999895639e-01,1.039446451703991692e-01,4.228274859095276228e-01,1.911920956799755267e-01,4.032638945367540417e-01,1.953538245815448771e-01,4.021067757035901025e-01,1.954513843015023566e-01,4.021127936232723465e-01,4.021127921154105112e-01,1.954097820745053782e-01,4.021310156784548284e-01,1.954097816235801366e-01,4.021127928892467840e-01,1.954513854902639181e-01,4.021067742385074362e-01,1.953538261638317897e-01,4.032638925396890284e-01,1.911920980974190221e-01,4.228274847276065063e-01,1.039446451703991692e-01,9.999999999999895639e-01,1.039446474810914178e-01,4.228274833249991982e-01,1.911920983314487343e-01,4.032638927836247333e-01,1.953538257967114555e-01,4.021067741467803103e-01,1.954513856820311313e-01,1.954513849322789543e-01,4.021127949486895670e-01,1.954097812039035098e-01,4.021310185261416370e-01,1.954097822988136446e-01,4.021127944596218362e-01,1.954513857712860680e-01,4.021067769795542701e-01,1.953538253984684614e-01,4.032638956165516264e-01,1.911920987003183359e-01,4.228274859095276228e-01,1.039446474810914178e-01,9.999999999999895639e-01,1.039446456361706600e-01,4.228274870014133713e-01,1.911920984274532720e-01,4.032638951732396837e-01,1.953538262356583344e-01,4.021067762614407570e-01,4.021067733263111732e-01,1.954513848503381945e-01,4.021127915681209086e-01,1.954097802961188846e-01,4.021310156289326643e-01,1.954097800893180303e-01,4.021127918268141976e-01,1.954513846068035576e-01,4.021067730060312595e-01,1.953538246276175505e-01,4.032638926523112177e-01,1.911920956799755267e-01,4.228274833249991982e-01,1.039446456361706600e-01,9.999999999999895639e-01,1.039446452692483480e-01,4.228274834192016218e-01,1.911920967014451855e-01,4.032638919945862321e-01,1.953538245729271872e-01,1.953538247916726811e-01,4.021067764445207526e-01,1.954513849764513977e-01,4.021127947112472789e-01,1.954097819897595845e-01,4.021310181100750114e-01,1.954097813756057456e-01,4.021127947436906602e-01,1.954513849112808899e-01,4.021067763482417678e-01,1.953538262473255016e-01,4.032638945367540417e-01,1.911920983314487343e-01,4.228274870014133713e-01,1.039446452692483480e-01,9.999999999999895639e-01,1.039446466017179826e-01,4.228274867361959122e-01,1.911920980652981883e-01,4.032638953276508897e-01,4.032638926461768469e-01,1.953538261308478408e-01,4.021067736747360177e-01,1.954513854775302151e-01,4.021127924250945673e-01,1.954097811576098742e-01,4.021310158642347199e-01,1.954097816238408447e-01,4.021127916888314613e-01,1.954513854842714060e-01,4.021067742777584830e-01,1.953538245815448771e-01,4.032638927836247333e-01,1.911920984274532720e-01,4.228274834192016218e-01,1.039446466017179826e-01,9.999999999999895639e-01,1.039446462194588139e-01,4.228274834400957971e-01,1.911920977720331649e-01,1.911920965524152582e-01,4.032638955187130003e-01,1.953538248407755695e-01,4.021067763664942230e-01,1.954513857013933653e-01,4.021127943820044237e-01,1.954097810173571204e-01,4.021310183387419857e-01,1.954097804000320959e-01,4.021127946835379441e-01,1.954513856244100567e-01,4.021067757035901025e-01,1.953538257967114555e-01,4.032638951732396837e-01,1.911920967014451855e-01,4.228274867361959122e-01,1.039446462194588139e-01,9.999999999999895639e-01,1.039446462316290509e-01,4.228274862957408509e-01,4.228274838428916493e-01,1.911920982633896204e-01,4.032638921958711098e-01,1.953538256852127564e-01,4.021067743815027185e-01,1.954513851931015678e-01,4.021127922189141612e-01,1.954097815558372975e-01,4.021310157135824515e-01,1.954097813314108478e-01,4.021127926200258607e-01,1.954513843015023566e-01,4.021067741467803103e-01,1.953538262356583344e-01,4.032638919945862321e-01,1.911920980652981883e-01,4.228274834400957971e-01,1.039446462316290509e-01,9.999999999999895639e-01,1.039446460988430188e-01,1.039446450048117365e-01,4.228274865841532559e-01,1.911920971493227261e-01,4.032638950267163347e-01,1.953538260989985120e-01,4.021067760978520589e-01,1.954513852585279543e-01,4.021127945829146566e-01,1.954097805824234202e-01,4.021310178737328433e-01,1.954097817189859587e-01,4.021127936232723465e-01,1.954513856820311313e-01,4.021067762614407570e-01,1.953538245729271872e-01,4.032638953276508897e-01,1.911920977720331649e-01,4.228274862957408509e-01,1.039446460988430188e-01,9.999999999999895639e-01
