1.000000000000000444e+00,7.263179459809091520e-01,7.491803923860254066e-01,7.407999931497847301e-01,7.558723862188745368e-01,7.463451527730978752e-01,7.513776818438583360e-01,7.423476557957207067e-01,7.374803815825512476e-01,7.313684051885978032e-01,7.191347171028373841e-01,7.189682021151950764e-01,7.031600445019516865e-01,7.112561228800255986e-01,6.954735164959076066e-01,7.122063199886049523e-01,6.986916311362266763e-01,7.211076083082830213e-01,7.101110121793008378e-01,7.263179459809091520e-01,1.000000000000000444e+00,7.414366273998203027e-01,7.614252933649721111e-01,7.519344356727438727e-01,7.634538416172413910e-01,7.521894905028201350e-01,7.542579279653854885e-01,7.438040652543150832e-01,7.376148715669819111e-01,7.311211546990218357e-01,7.197089263977474172e-01,7.203457355991731426e-01,7.072477978227249551e-01,7.168304251259578486e-01,7.047337492765943789e-01,7.227198354849057038e-01,7.126535383644796440e-01,7.352375220384063104e-01,7.491803923860254066e-01,7.414366273998203027e-01,1.000000000000000444e+00,7.538287126194429533e-01,7.706452995585919563e-01,7.594124081226754086e-01,7.677264090955557840e-01,7.545428241767071498e-01,7.545954493845076216e-01,7.429421699553946379e-01,7.367216045635340826e-01,7.302356497553960102e-01,7.208815729847146692e-01,7.225668910497697883e-01,7.129786851004842330e-01,7.239178531349084178e-01,7.156455438148332515e-01,7.343386246535528183e-01,7.272156699861522799e-01,7.407999931497847301e-01,7.614252933649721111e-01,7.538287126194429533e-01,1.000000000000000444e+00,7.621513267769601807e-01,7.758412806394286987e-01,7.624235560297841774e-01,7.682270893736627970e-01,7.531501337297483722e-01,7.523536702718746083e-01,7.398553694272790304e-01,7.348973800586430238e-01,7.288078483567439481e-01,7.225255825484115935e-01,7.253909718988671429e-01,7.197316758923988367e-01,7.317503741430874120e-01,7.270264383909823547e-01,7.458036114621962032e-01,7.558723862188745368e-01,7.519344356727438727e-01,7.706452995585919563e-01,7.621513267769601807e-01,1.000000000000000444e+00,7.655025856329314982e-01,7.764501710977136373e-01,7.606415745355655789e-01,7.649016261915170256e-01,7.481623387657208024e-01,7.477755219764612438e-01,7.348781665851438216e-01,7.323398809386074682e-01,7.269924748126646019e-01,7.244628010839651022e-01,7.285119448352599392e-01,7.267749784557882009e-01,7.394792129557470339e-01,7.376431358676487360e-01,7.463451527730978752e-01,7.634538416172413910e-01,7.594124081226754086e-01,7.758412806394286987e-01,7.655025856329314982e-01,1.000000000000000444e+00,7.635193284595123142e-01,7.724059883671240412e-01,7.542595693799458711e-01,7.581103853624013844e-01,7.401199441660641920e-01,7.413571183751641591e-01,7.285499185201959049e-01,7.293262520596295317e-01,7.249862534428404004e-01,7.264833010401796631e-01,7.315916043229874210e-01,7.333453423712987806e-01,7.462668301472279442e-01,7.513776818438583360e-01,7.521894905028201350e-01,7.677264090955557840e-01,7.624235560297841774e-01,7.764501710977136373e-01,7.635193284595123142e-01,1.000000000000000444e+00,7.564164716533287036e-01,7.641469823896617219e-01,7.439691298294709432e-01,7.485893026328013233e-01,7.298944684946266914e-01,7.337939926787012679e-01,7.215563892260193901e-01,7.261830668850046688e-01,7.230065891548936863e-01,7.283681296497791502e-01,7.342962215353172617e-01,7.387307662200317537e-01,7.423476557957207067e-01,7.542579279653854885e-01,7.545428241767071498e-01,7.682270893736627970e-01,7.606415745355655789e-01,7.724059883671240412e-01,7.564164716533287036e-01,1.000000000000000444e+00,7.449637199906554708e-01,7.525681446539492780e-01,7.308853842671635404e-01,7.373701355171239369e-01,7.185940002003435856e-01,7.259057270026352260e-01,7.146554359436314563e-01,7.232509382026602873e-01,7.212680091873071575e-01,7.299130368054449480e-01,7.363327089339981590e-01,7.374803815825512476e-01,7.438040652543150832e-01,7.545954493845076216e-01,7.531501337297483722e-01,7.649016261915170256e-01,7.542595693799458711e-01,7.641469823896617219e-01,7.449637199906554708e-01,1.000000000000000444e+00,7.304021570557965859e-01,7.389242216476806790e-01,7.164261599947647774e-01,7.256686546940303018e-01,7.074431206619266055e-01,7.185471374144469792e-01,7.085948840842544172e-01,7.208476074827514513e-01,7.199589159973061037e-01,7.309506075546894355e-01,7.313684051885978032e-01,7.376148715669819111e-01,7.429421699553946379e-01,7.523536702718746083e-01,7.481623387657208024e-01,7.581103853624013844e-01,7.439691298294709432e-01,7.525681446539492780e-01,7.304021570557965859e-01,1.000000000000000444e+00,7.143097539268592477e-01,7.246937445722386739e-01,7.021583381689288084e-01,7.147528971557159938e-01,6.976502008921423581e-01,7.125156414257125537e-01,7.040314885080667384e-01,7.192335133946686776e-01,7.192211699497765842e-01,7.191347171028373841e-01,7.311211546990218357e-01,7.367216045635340826e-01,7.398553694272790304e-01,7.477755219764612438e-01,7.401199441660641920e-01,7.485893026328013233e-01,7.308853842671635404e-01,7.389242216476806790e-01,7.143097539268592477e-01,1.000000000000000444e+00,6.984303722309214146e-01,7.114188059682283738e-01,6.896280584399165914e-01,7.058057545729762294e-01,6.902764552568152467e-01,7.084648447370718305e-01,7.014597640334728768e-01,7.185835676198780719e-01,7.189682021151950764e-01,7.197089263977474172e-01,7.302356497553960102e-01,7.348973800586430238e-01,7.348781665851438216e-01,7.413571183751641591e-01,7.298944684946266914e-01,7.373701355171239369e-01,7.164261599947647774e-01,7.246937445722386739e-01,6.984303722309214146e-01,1.000000000000000444e+00,6.844847894541008504e-01,7.005379517552642321e-01,6.801931715283968671e-01,6.997967888736345010e-01,6.861209437899664643e-01,7.068337145475424022e-01,7.011583967959720276e-01,7.031600445019516865e-01,7.203457355991731426e-01,7.208815729847146692e-01,7.288078483567439481e-01,7.323398809386074682e-01,7.285499185201959049e-01,7.337939926787012679e-01,7.185940002003435856e-01,7.256686546940303018e-01,7.021583381689288084e-01,7.114188059682283738e-01,6.844847894541008504e-01,1.000000000000000444e+00,6.739842256947732313e-01,6.932302911584669047e-01,6.748760933874349277e-01,6.973771643972908052e-01,6.856339806666604808e-01,7.077990088074248565e-01,7.112561228800255986e-01,7.072477978227249551e-01,7.225668910497697883e-01,7.225255825484115935e-01,7.269924748126646019e-01,7.293262520596295317e-01,7.215563892260193901e-01,7.259057270026352260e-01,7.074431206619266055e-01,7.147528971557159938e-01,6.896280584399165914e-01,7.005379517552642321e-01,6.739842256947732313e-01,1.000000000000000444e+00,6.680665801577503338e-01,6.902877225960598606e-01,6.742530120028291662e-01,6.988090853194651730e-01,6.888683357171313526e-01,6.954735164959076066e-01,7.168304251259578486e-01,7.129786851004842330e-01,7.253909718988671429e-01,7.244628010839651022e-01,7.249862534428404004e-01,7.261830668850046688e-01,7.146554359436314563e-01,7.185471374144469792e-01,6.976502008921423581e-01,7.058057545729762294e-01,6.801931715283968671e-01,6.932302911584669047e-01,6.680665801577503338e-01,1.000000000000000444e+00,6.673731215483496015e-01,6.920291190298071271e-01,6.783914482756717712e-01,7.039373807580870945e-01,7.122063199886049523e-01,7.047337492765943789e-01,7.239178531349084178e-01,7.197316758923988367e-01,7.285119448352599392e-01,7.264833010401796631e-01,7.230065891548936863e-01,7.232509382026602873e-01,7.085948840842544172e-01,7.125156414257125537e-01,6.902764552568152467e-01,6.997967888736345010e-01,6.748760933874349277e-01,6.902877225960598606e-01,6.673731215483496015e-01,1.000000000000000444e+00,6.719789966334123177e-01,6.982657733099222330e-01,6.868429380388030303e-01,6.986916311362266763e-01,7.227198354849057038e-01,7.156455438148332515e-01,7.317503741430874120e-01,7.267749784557882009e-01,7.315916043229874210e-01,7.283681296497791502e-01,7.212680091873071575e-01,7.208476074827514513e-01,7.040314885080667384e-01,7.084648447370718305e-01,6.861209437899664643e-01,6.973771643972908052e-01,6.742530120028291662e-01,6.920291190298071271e-01,6.719789966334123177e-01,1.000000000000000444e+00,6.813850876208497054e-01,7.083218468725088757e-01,7.211076083082830213e-01,7.126535383644796440e-01,7.343386246535528183e-01,7.270264383909823547e-01,7.394792129557470339e-01,7.333453423712987806e-01,7.342962215353172617e-01,7.299130368054449480e-01,7.199589159973061037e-01,7.192335133946686776e-01,7.014597640334728768e-01,7.068337145475424022e-01,6.856339806666604808e-01,6.988090853194651730e-01,6.783914482756717712e-01,6.982657733099222330e-01,6.813850876208497054e-01,1.000000000000000444e+00,6.945720986645873563e-01,7.101110121793008378e-01,7.352375220384063104e-01,7.272156699861522799e-01,7.458036114621962032e-01,7.376431358676487360e-01,7.462668301472279442e-01,7.387307662200317537e-01,7.363327089339981590e-01,7.309506075546894355e-01,7.192211699497765842e-01,7.185835676198780719e-01,7.011583967959720276e-01,7.077990088074248565e-01,6.888683357171313526e-01,7.039373807580870945e-01,6.868429380388030303e-01,7.083218468725088757e-01,6.945720986645873563e-01,1.000000000000000444e+00
9.999999999999942268e-01,7.383285418622691498e-01,7.606317456166017399e-01,7.476745524835882728e-01,7.578649125782501716e-01,7.427903280894917470e-01,7.416269248741937936e-01,7.285582785315225518e-01,7.186171087467816410e-01,7.119744950380232362e-01,6.975210764554077292e-01,7.010657773526665082e-01,6.862298693152089069e-01,7.013838857295358054e-01,6.886316870383530908e-01,7.135469678906709579e-01,7.030806687284278933e-01,7.319595869919234277e-01,7.212298080712699067e-01,7.383285418622691498e-01,9.999999999999942268e-01,7.503889909320007323e-01,7.682910713047157447e-01,7.528292296922923788e-01,7.594372849045216700e-01,7.419050477296342816e-01,7.394389367067062402e-01,7.249638800177664599e-01,7.166636882417485310e-01,7.100154922481139996e-01,6.998208942826873447e-01,7.042840031081225582e-01,6.951078901837377533e-01,7.110538450690757628e-01,7.037047026569838160e-01,7.281779926786230428e-01,7.213753062899106450e-01,7.480674036484278311e-01,7.606317456166017399e-01,7.503889909320007323e-01,9.999999999999942268e-01,7.561042185206784394e-01,7.702153740328225862e-01,7.517024364292995697e-01,7.561531057760597641e-01,7.361805795707374589e-01,7.342525158116928186e-01,7.187204603148112936e-01,7.137926173578023059e-01,7.074375924973834717e-01,7.026065577451998667e-01,7.079261097185244322e-01,7.045722493952797372e-01,7.208013369781185453e-01,7.180781304168749601e-01,7.413398955073492447e-01,7.367969938884395553e-01,7.476745524835882728e-01,7.682910713047157447e-01,7.561042185206784394e-01,9.999999999999942268e-01,7.548548909674889229e-01,7.661961257297620342e-01,7.444162780593283069e-01,7.483682669591170677e-01,7.262372583626869327e-01,7.266296914417121888e-01,7.105045905281113239e-01,7.103150213485923681e-01,7.045201508793639267e-01,7.055761971887684059e-01,7.115974180914348413e-01,7.135973369648301867e-01,7.295700691508067992e-01,7.301943865863337324e-01,7.516063797115806189e-01,7.578649125782501716e-01,7.528292296922923788e-01,7.702153740328225862e-01,7.548548909674889229e-01,9.999999999999942268e-01,7.467763923712384955e-01,7.566688742334009010e-01,7.317603230068814302e-01,7.369263764509376147e-01,7.131525974287979963e-01,7.173965147142673526e-01,7.012065878985600520e-01,7.066077514576293295e-01,7.015793177310426509e-01,7.084080058488357867e-01,7.149000852376738990e-01,7.212051443545047791e-01,7.364098136393275595e-01,7.387404865764806150e-01,7.427903280894917470e-01,7.594372849045216700e-01,7.517024364292995697e-01,7.661961257297620342e-01,7.467763923712384955e-01,9.999999999999942268e-01,7.327441533734687651e-01,7.426660452311935057e-01,7.151060403143758570e-01,7.230673408355231535e-01,6.983445226394242589e-01,7.075535438907041286e-01,6.918340350652341098e-01,7.030725482132343940e-01,6.989337777712469890e-01,7.107951136198424891e-01,7.174762157486752612e-01,7.265712479114661004e-01,7.405793778505150859e-01,7.416269248741937936e-01,7.419050477296342816e-01,7.561531057760597641e-01,7.444162780593283069e-01,7.566688742334009010e-01,7.327441533734687651e-01,9.999999999999942268e-01,7.142787848087354119e-01,7.257050623048407756e-01,6.962581800111672381e-01,7.082930013527806157e-01,6.834177188469269248e-01,6.981674172305983861e-01,6.834025937497243408e-01,7.000925054006528203e-01,6.968702164496549667e-01,7.124788399935875205e-01,7.190466460589606257e-01,7.291141467234668605e-01,7.285582785315225518e-01,7.394389367067062402e-01,7.361805795707374589e-01,7.483682669591170677e-01,7.317603230068814302e-01,7.426660452311935057e-01,7.142787848087354119e-01,9.999999999999942268e-01,6.933812958566729634e-01,7.076239114101784411e-01,6.772592000913608690e-01,6.942043873051207958e-01,6.699897366697840084e-01,6.902552675706832286e-01,6.768259412814036091e-01,6.979905572576824424e-01,6.956122525131664958e-01,7.132767274550922965e-01,7.194411955664905545e-01,7.186171087467816410e-01,7.249638800177664599e-01,7.342525158116928186e-01,7.262372583626869327e-01,7.369263764509376147e-01,7.151060403143758570e-01,7.257050623048407756e-01,6.933812958566729634e-01,9.999999999999942268e-01,6.723162537519502546e-01,6.903819654482018509e-01,6.601679349632315619e-01,6.823282182372412130e-01,6.595157064870439401e-01,6.846744987114632419e-01,6.728167601201332504e-01,6.969944820778500860e-01,6.952962059915456239e-01,7.131023121511840257e-01,7.119744950380232362e-01,7.166636882417485310e-01,7.187204603148112936e-01,7.266296914417121888e-01,7.131525974287979963e-01,7.230673408355231535e-01,6.962581800111672381e-01,7.076239114101784411e-01,6.723162537519502546e-01,9.999999999999942268e-01,6.533663826107097838e-01,6.758476572312357433e-01,6.468364883018303813e-01,6.739514617612285541e-01,6.531306519118659226e-01,6.820298739811724298e-01,6.718095071792624662e-01,6.972122205035488074e-01,6.959563253805383098e-01,6.975210764554077292e-01,7.100154922481139996e-01,7.137926173578023059e-01,7.105045905281113239e-01,7.173965147142673526e-01,6.983445226394242589e-01,7.082930013527806157e-01,6.772592000913608690e-01,6.903819654482018509e-01,6.533663826107097838e-01,9.999999999999942268e-01,6.385851950471208571e-01,6.655960040895078089e-01,6.387095292545182934e-01,6.699818689654662984e-01,6.515264926925832256e-01,6.826079790304707684e-01,6.739133339788172528e-01,6.986201767576208921e-01,7.010657773526665082e-01,6.998208942826873447e-01,7.074375924973834717e-01,7.103150213485923681e-01,7.012065878985600520e-01,7.075535438907041286e-01,6.834177188469269248e-01,6.942043873051207958e-01,6.601679349632315619e-01,6.758476572312357433e-01,6.385851950471208571e-01,9.999999999999942268e-01,6.295744620711667405e-01,6.607379322332518345e-01,6.366677399499526269e-01,6.708496073186676067e-01,6.548770643877133146e-01,6.863461676937511191e-01,6.789002582639329653e-01,6.862298693152089069e-01,7.042840031081225582e-01,7.026065577451998667e-01,7.045201508793639267e-01,7.066077514576293295e-01,6.918340350652341098e-01,6.981674172305983861e-01,6.699897366697840084e-01,6.823282182372412130e-01,6.468364883018303813e-01,6.655960040895078089e-01,6.295744620711667405e-01,9.999999999999942268e-01,6.273106364123645085e-01,6.617998886044085260e-01,6.409323798988914023e-01,6.764606433911373173e-01,6.628192805365408224e-01,6.928393487552269026e-01,7.013838857295358054e-01,6.951078901837377533e-01,7.079261097185244322e-01,7.055761971887684059e-01,7.015793177310426509e-01,7.030725482132343940e-01,6.834025937497243408e-01,6.902552675706832286e-01,6.595157064870439401e-01,6.739514617612285541e-01,6.387095292545182934e-01,6.607379322332518345e-01,6.273106364123645085e-01,9.999999999999942268e-01,6.320390387280013789e-01,6.686667942624028305e-01,6.510413092231561727e-01,6.862069348680552849e-01,6.744924788362415269e-01,6.886316870383530908e-01,7.110538450690757628e-01,7.045722493952797372e-01,7.115974180914348413e-01,7.084080058488357867e-01,6.989337777712469890e-01,7.000925054006528203e-01,6.768259412814036091e-01,6.846744987114632419e-01,6.531306519118659226e-01,6.699818689654662984e-01,6.366677399499526269e-01,6.617998886044085260e-01,6.320390387280013789e-01,9.999999999999942268e-01,6.432472732456570030e-01,6.805945129312043207e-01,6.658990685630958861e-01,6.990323193757109754e-01,7.135469678906709579e-01,7.037047026569838160e-01,7.208013369781185453e-01,7.135973369648301867e-01,7.149000852376738990e-01,7.107951136198424891e-01,6.968702164496549667e-01,6.979905572576824424e-01,6.728167601201332504e-01,6.820298739811724298e-01,6.515264926925832256e-01,6.708496073186676067e-01,6.409323798988914023e-01,6.686667942624028305e-01,6.432472732456570030e-01,9.999999999999942268e-01,6.597207538335756460e-01,6.962904917028902574e-01,6.838955891767179995e-01,7.030806687284278933e-01,7.281779926786230428e-01,7.180781304168749601e-01,7.295700691508067992e-01,7.212051443545047791e-01,7.174762157486752612e-01,7.124788399935875205e-01,6.956122525131664958e-01,6.969944820778500860e-01,6.718095071792624662e-01,6.826079790304707684e-01,6.548770643877133146e-01,6.764606433911373173e-01,6.510413092231561727e-01,6.805945129312043207e-01,6.597207538335756460e-01,9.999999999999942268e-01,6.796743232608302154e-01,7.140538272656332675e-01,7.319595869919234277e-01,7.213753062899106450e-01,7.413398955073492447e-01,7.301943865863337324e-01,7.364098136393275595e-01,7.265712479114661004e-01,7.190466460589606257e-01,7.132767274550922965e-01,6.952962059915456239e-01,6.972122205035488074e-01,6.739133339788172528e-01,6.863461676937511191e-01,6.628192805365408224e-01,6.862069348680552849e-01,6.658990685630958861e-01,6.962904917028902574e-01,6.796743232608302154e-01,9.999999999999942268e-01,7.009457026999796891e-01,7.212298080712699067e-01,7.480674036484278311e-01,7.367969938884395553e-01,7.516063797115806189e-01,7.387404865764806150e-01,7.405793778505150859e-01,7.291141467234668605e-01,7.194411955664905545e-01,7.131023121511840257e-01,6.959563253805383098e-01,6.986201767576208921e-01,6.789002582639329653e-01,6.928393487552269026e-01,6.744924788362415269e-01,6.990323193757109754e-01,6.838955891767179995e-01,7.140538272656332675e-01,7.009457026999796891e-01,9.999999999999942268e-01
1.000000000000012879e+00,7.425488936997961531e-01,7.632336232458361014e-01,7.463364308423090510e-01,7.492588348056862246e-01,7.295093194174868678e-01,7.203022213971718157e-01,7.042938384389060280e-01,6.883067594304598247e-01,6.823920504619869210e-01,6.656926034947345805e-01,6.741098777278973220e-01,6.609765209969181710e-01,6.838838554315012086e-01,6.753023867696146265e-01,7.082909750424145612e-01,7.020724429506780551e-01,7.364387058686560072e-01,7.256964122348529278e-01,7.425488936997961531e-01,1.000000000000012879e+00,7.498716522506954085e-01,7.649995284352421043e-01,7.436109900263375705e-01,7.439755280578327357e-01,7.201555118336393502e-01,7.128531240674897962e-01,6.943205145289177427e-01,6.847230416150440480e-01,6.778360790457274021e-01,6.705798172712083005e-01,6.785541970879387375e-01,6.754982267424666231e-01,6.970285760677855658e-01,6.966014566039945288e-01,7.261741290782367519e-01,7.243773539440218068e-01,7.533565718012523726e-01,7.632336232458361014e-01,7.498716522506954085e-01,1.000000000000012879e+00,7.468711534007430597e-01,7.584629240721154630e-01,7.318039767105570803e-01,7.325541238523157750e-01,7.046206884498346090e-01,7.022079538867462833e-01,6.814597559415294104e-01,6.804517108362162503e-01,6.727509334517969286e-01,6.757241852450245334e-01,6.829793936783452590e-01,6.891721845928835410e-01,7.086920593032968174e-01,7.142719578730669650e-01,7.398482435538810131e-01,7.396849552571034270e-01,7.463364308423090510e-01,7.649995284352421043e-01,7.468711534007430597e-01,1.000000000000012879e+00,7.338725477190978230e-01,7.443321527920734315e-01,7.121948638976884904e-01,7.162323087050380677e-01,6.845882883101430672e-01,6.895202803970955641e-01,6.671052252827378570e-01,6.759556322655296823e-01,6.676876679606110754e-01,6.805682355254241145e-01,6.869059286610034176e-01,7.005166092119603505e-01,7.176103856666347092e-01,7.263990177154350247e-01,7.478315159504254073e-01,7.492588348056862246e-01,7.436109900263375705e-01,7.584629240721154630e-01,7.338725477190978230e-01,1.000000000000012879e+00,7.122844358642665963e-01,7.241385027428186572e-01,6.869086032966530420e-01,6.967788043548814869e-01,6.622291329001120941e-01,6.761650096691249612e-01,6.528124587973818116e-01,6.717220255404463547e-01,6.631949660540561453e-01,6.845870398800216750e-01,6.899083011110125341e-01,7.083021559750066753e-01,7.228171161492746855e-01,7.316684808799083228e-01,7.295093194174868678e-01,7.439755280578327357e-01,7.318039767105570803e-01,7.443321527920734315e-01,7.122844358642665963e-01,1.000000000000012879e+00,6.844462247068288097e-01,7.000702694714485697e-01,6.586853535559951123e-01,6.763017000922668664e-01,6.399661835736648596e-01,6.635893927822469340e-01,6.401302994294871818e-01,6.682096679065873124e-01,6.597596816457311775e-01,6.873450987348430630e-01,6.916611573699171789e-01,7.116851402921035019e-01,7.237480207375998065e-01,7.203022213971718157e-01,7.201555118336393502e-01,7.325541238523157750e-01,7.121948638976884904e-01,7.241385027428186572e-01,6.844462247068288097e-01,1.000000000000012879e+00,6.533746163911759997e-01,6.747356192487310445e-01,6.305835417502386742e-01,6.570200076163970060e-01,6.202119763965994181e-01,6.531561926628581816e-01,6.304330559804589562e-01,6.657991775411725710e-01,6.577540811157882583e-01,6.885435333756250165e-01,6.919745482437835715e-01,7.102989631167785367e-01,7.042938384389060280e-01,7.128531240674897962e-01,7.046206884498346090e-01,7.162323087050380677e-01,6.869086032966530420e-01,7.000702694714485697e-01,6.533746163911759997e-01,1.000000000000012879e+00,6.224367017925076517e-01,6.508799548223807019e-01,6.056484351954345424e-01,6.410231978005596076e-01,6.051071861833405841e-01,6.459960087281235719e-01,6.247715752231337571e-01,6.647517687481001580e-01,6.573955024176861839e-01,6.880524750547788448e-01,6.908145130253816601e-01,6.883067594304598247e-01,6.943205145289177427e-01,7.022079538867462833e-01,6.845882883101430672e-01,6.967788043548814869e-01,6.586853535559951123e-01,6.747356192487310445e-01,6.224367017925076517e-01,1.000000000000012879e+00,5.949850840228776416e-01,6.310884072787119603e-01,5.865821396303301238e-01,6.300447728883529219e-01,5.962886513567428048e-01,6.428847577158388615e-01,6.237593664371277047e-01,6.651809442508125336e-01,6.587228030749918695e-01,6.859251373302552857e-01,6.823920504619869210e-01,6.847230416150440480e-01,6.814597559415294104e-01,6.895202803970955641e-01,6.622291329001120941e-01,6.763017000922668664e-01,6.305835417502386742e-01,6.508799548223807019e-01,5.949850840228776416e-01,1.000000000000012879e+00,5.739945718104254579e-01,6.175056982246157622e-01,5.754507840010401054e-01,6.252744158813952069e-01,5.947119970039844716e-01,6.441595922423765108e-01,6.275061181865070337e-01,6.670401964908948544e-01,6.615921495456225099e-01,6.656926034947345805e-01,6.778360790457274021e-01,6.804517108362162503e-01,6.671052252827378570e-01,6.761650096691249612e-01,6.399661835736648596e-01,6.570200076163970060e-01,6.056484351954345424e-01,6.310884072787119603e-01,5.739945718104254579e-01,1.000000000000012879e+00,5.617398128645170186e-01,6.116037245991898796e-01,5.734606234102360700e-01,6.272290686686559091e-01,6.005480780517771233e-01,6.496823639184045041e-01,6.356058117196548007e-01,6.701280463930240350e-01,6.741098777278973220e-01,6.705798172712083005e-01,6.727509334517969286e-01,6.759556322655296823e-01,6.528124587973818116e-01,6.635893927822469340e-01,6.202119763965994181e-01,6.410231978005596076e-01,5.865821396303301238e-01,6.175056982246157622e-01,5.617398128645170186e-01,1.000000000000012879e+00,5.595488004674757931e-01,6.140220571680287120e-01,5.808273226652831411e-01,6.356969145985296166e-01,6.131644646235094864e-01,6.588545950097262072e-01,6.471807196596910394e-01,6.609765209969181710e-01,6.785541970879387375e-01,6.757241852450245334e-01,6.676876679606110754e-01,6.717220255404463547e-01,6.401302994294871818e-01,6.531561926628581816e-01,6.051071861833405841e-01,6.300447728883529219e-01,5.754507840010401054e-01,6.116037245991898796e-01,5.595488004674757931e-01,1.000000000000012879e+00,5.676589647991152621e-01,6.244986317421103994e-01,5.967525855483829522e-01,6.497603308809872802e-01,6.311939753913091700e-01,6.706823317089998238e-01,6.838838554315012086e-01,6.754982267424666231e-01,6.829793936783452590e-01,6.805682355254241145e-01,6.631949660540561453e-01,6.682096679065873124e-01,6.304330559804589562e-01,6.459960087281235719e-01,5.962886513567428048e-01,6.252744158813952069e-01,5.734606234102360700e-01,6.140220571680287120e-01,5.676589647991152621e-01,1.000000000000012879e+00,5.851914437302274674e-01,6.418981492080911844e-01,6.195106627744806360e-01,6.678953284096912357e-01,6.526828332017380330e-01,6.753023867696146265e-01,6.970285760677855658e-01,6.891721845928835410e-01,6.869059286610034176e-01,6.845870398800216750e-01,6.597596816457311775e-01,6.657991775411725710e-01,6.247715752231337571e-01,6.428847577158388615e-01,5.947119970039844716e-01,6.272290686686559091e-01,5.808273226652831411e-01,6.244986317421103994e-01,5.851914437302274674e-01,1.000000000000012879e+00,6.102463211044893976e-01,6.643351015980356600e-01,6.466353634948379669e-01,6.881366985833917704e-01,7.082909750424145612e-01,6.966014566039945288e-01,7.086920593032968174e-01,7.005166092119603505e-01,6.899083011110125341e-01,6.873450987348430630e-01,6.577540811157882583e-01,6.647517687481001580e-01,6.237593664371277047e-01,6.441595922423765108e-01,6.005480780517771233e-01,6.356969145985296166e-01,5.967525855483829522e-01,6.418981492080911844e-01,6.102463211044893976e-01,1.000000000000012879e+00,6.401085122084635426e-01,6.893780972100498339e-01,6.751873055624404429e-01,7.020724429506780551e-01,7.261741290782367519e-01,7.142719578730669650e-01,7.176103856666347092e-01,7.083021559750066753e-01,6.916611573699171789e-01,6.885435333756250165e-01,6.573955024176861839e-01,6.651809442508125336e-01,6.275061181865070337e-01,6.496823639184045041e-01,6.131644646235094864e-01,6.497603308809872802e-01,6.195106627744806360e-01,6.643351015980356600e-01,6.401085122084635426e-01,1.000000000000012879e+00,6.715419852590210903e-01,7.143133386943947283e-01,7.364387058686560072e-01,7.243773539440218068e-01,7.398482435538810131e-01,7.263990177154350247e-01,7.228171161492746855e-01,7.116851402921035019e-01,6.919745482437835715e-01,6.880524750547788448e-01,6.587228030749918695e-01,6.670401964908948544e-01,6.356058117196548007e-01,6.588545950097262072e-01,6.311939753913091700e-01,6.678953284096912357e-01,6.466353634948379669e-01,6.893780972100498339e-01,6.715419852590210903e-01,1.000000000000012879e+00,7.011404357382962083e-01,7.256964122348529278e-01,7.533565718012523726e-01,7.396849552571034270e-01,7.478315159504254073e-01,7.316684808799083228e-01,7.237480207375998065e-01,7.102989631167785367e-01,6.908145130253816601e-01,6.859251373302552857e-01,6.615921495456225099e-01,6.701280463930240350e-01,6.471807196596910394e-01,6.706823317089998238e-01,6.526828332017380330e-01,6.881366985833917704e-01,6.751873055624404429e-01,7.143133386943947283e-01,7.011404357382962083e-01,1.000000000000012879e+00
1.000000000000011102e+00,7.208430420451948928e-01,7.409891589368352571e-01,7.222224660388911754e-01,7.165794446061549694e-01,6.950884365281965183e-01,6.774572845246105146e-01,6.613322441658545658e-01,6.394848804350012905e-01,6.362688250510476484e-01,6.176368143520083454e-01,6.314757395149392938e-01,6.201978547011374188e-01,6.498006789041665954e-01,6.453825113229679777e-01,6.840504543627644596e-01,6.821886869324456093e-01,7.192656192711955887e-01,7.058210293794786594e-01,7.208430420451948928e-01,1.000000000000011102e+00,7.223424217200333786e-01,7.370181581258463677e-01,7.109917672913517173e-01,7.057734221607296909e-01,6.769149543826927795e-01,6.666672788627830970e-01,6.444736070836718511e-01,6.360661281051218641e-01,6.280243426978426857e-01,6.261646415649194664e-01,6.352667180337225883e-01,6.403678946138252615e-01,6.639068127180116630e-01,6.719536982543943271e-01,7.025266327863465277e-01,7.069959089944297670e-01,7.348498843399230429e-01,7.409891589368352571e-01,7.223424217200333786e-01,1.000000000000011102e+00,7.101566875289000436e-01,7.233672003868394373e-01,6.883655222771837279e-01,6.884757990229709579e-01,6.515579071742312323e-01,6.529971711513444799e-01,6.246658707139389755e-01,6.322975662508716344e-01,6.194457882445951746e-01,6.345599229803858821e-01,6.387945166142472431e-01,6.580337518406861319e-01,6.754319847033531943e-01,6.918789483333368517e-01,7.148630511757874118e-01,7.208405974652177806e-01,7.222224660388911754e-01,7.370181581258463677e-01,7.101566875289000436e-01,1.000000000000011102e+00,6.856063526182423207e-01,7.015155802467838431e-01,6.567956351582697749e-01,6.665610426180296200e-01,6.217651237256518471e-01,6.379283313172250391e-01,6.040555099186536436e-01,6.285875787420214245e-01,6.114627805318559872e-01,6.419129012005988510e-01,6.416768431623764979e-01,6.712810579359594909e-01,6.831272635913172575e-01,7.029990525283142944e-01,7.197228675381964758e-01,7.165794446061549694e-01,7.109917672913517173e-01,7.233672003868394373e-01,6.856063526182423207e-01,1.000000000000011102e+00,6.513518269486922030e-01,6.738312580332339596e-01,6.197031934976739986e-01,6.424039550831339707e-01,5.907651149307255878e-01,6.230937001158699529e-01,5.848759775884114775e-01,6.253381983968188118e-01,6.049404026368406795e-01,6.474267652692770048e-01,6.436013528584898502e-01,6.786742603920945527e-01,6.861587461987597170e-01,7.041089740138231079e-01,6.950884365281965183e-01,7.057734221607296909e-01,6.883655222771837279e-01,7.015155802467838431e-01,6.513518269486922030e-01,1.000000000000011102e+00,6.111051197341400565e-01,6.433142616545443060e-01,5.811077386280274482e-01,6.186223336894732805e-01,5.619172124336745400e-01,6.101008420955208456e-01,5.692056734114867567e-01,6.229015479951193202e-01,6.005854554551104396e-01,6.505040041408221008e-01,6.443594955960525450e-01,6.794121923618314796e-01,6.841979250741766494e-01,6.774572845246105146e-01,6.769149543826927795e-01,6.884757990229709579e-01,6.567956351582697749e-01,6.738312580332339596e-01,6.111051197341400565e-01,1.000000000000011102e+00,5.692275862632203420e-01,6.132715789953580021e-01,5.451916871094896200e-01,5.977932839248996100e-01,5.383475342531136576e-01,6.003577328426009663e-01,5.587427180033531782e-01,6.215416744486293998e-01,5.988698647400757524e-01,6.508111495778509115e-01,6.438691141603156698e-01,6.734148861726206858e-01,6.613322441658545658e-01,6.666672788627830970e-01,6.515579071742312323e-01,6.665610426180296200e-01,6.197031934976739986e-01,6.433142616545443060e-01,5.692275862632203420e-01,1.000000000000011102e+00,5.302573070487166529e-01,5.869588031802358552e-01,5.158471003269385902e-01,5.821739588169660973e-01,5.226102206895995028e-01,5.949201915702869714e-01,5.546209351464312931e-01,6.214059430256941852e-01,5.999795419268233454e-01,6.483149192021673279e-01,6.421833499357314512e-01,6.394848804350012905e-01,6.444736070836718511e-01,6.529971711513444799e-01,6.217651237256518471e-01,6.424039550831339707e-01,5.811077386280274482e-01,6.132715789953580021e-01,5.302573070487166529e-01,1.000000000000011102e+00,4.984173165608025147e-01,5.672273293910965464e-01,4.962539196246028572e-01,5.734569523356004561e-01,5.164106537683943454e-01,5.943774582180122446e-01,5.572869835427711749e-01,6.225090605412374467e-01,6.037942355293455243e-01,6.432858168476313088e-01,6.362688250510476484e-01,6.360661281051218641e-01,6.246658707139389755e-01,6.379283313172250391e-01,5.907651149307255878e-01,6.186223336894732805e-01,5.451916871094896200e-01,5.869588031802358552e-01,4.984173165608025147e-01,1.000000000000011102e+00,4.771579718000898418e-01,5.562153713612986161e-01,4.885353701834559415e-01,5.725868895738567277e-01,5.204206530477053505e-01,5.987883482800000490e-01,5.664519560900433959e-01,6.247314887588990562e-01,6.099005652715943082e-01,6.176368143520083454e-01,6.280243426978426857e-01,6.322975662508716344e-01,6.040555099186536436e-01,6.230937001158699529e-01,5.619172124336745400e-01,5.977932839248996100e-01,5.158471003269385902e-01,5.672273293910965464e-01,4.771579718000898418e-01,1.000000000000011102e+00,4.687830526372306350e-01,5.551162432584211270e-01,4.935278764556305098e-01,5.796580532643648143e-01,5.342056724022381520e-01,6.076748716079537482e-01,5.811226850136872457e-01,6.278323916741592736e-01,6.314757395149392938e-01,6.261646415649194664e-01,6.194457882445951746e-01,6.285875787420214245e-01,5.848759775884114775e-01,6.101008420955208456e-01,5.383475342531136576e-01,5.821739588169660973e-01,4.962539196246028572e-01,5.562153713612986161e-01,4.687830526372306350e-01,1.000000000000011102e+00,4.742001115558373003e-01,5.640490549320497093e-01,5.106904232243585362e-01,5.939041749984319551e-01,5.562718917345904623e-01,6.200740370590793749e-01,5.997093701946920596e-01,6.201978547011374188e-01,6.352667180337225883e-01,6.345599229803858821e-01,6.114627805318559872e-01,6.253381983968188118e-01,5.692056734114867567e-01,6.003577328426009663e-01,5.226102206895995028e-01,5.734569523356004561e-01,4.885353701834559415e-01,5.551162432584211270e-01,4.742001115558373003e-01,1.000000000000011102e+00,4.928221260612442589e-01,5.820457955442658315e-01,5.381631817913810067e-01,6.137814647582522376e-01,5.842280930052446974e-01,6.346422013631173309e-01,6.498006789041665954e-01,6.403678946138252615e-01,6.387945166142472431e-01,6.419129012005988510e-01,6.049404026368406795e-01,6.229015479951193202e-01,5.587427180033531782e-01,5.949201915702869714e-01,5.164106537683943454e-01,5.725868895738567277e-01,4.935278764556305098e-01,5.640490549320497093e-01,4.928221260612442589e-01,1.000000000000011102e+00,5.226311121102092949e-01,6.071562408078021722e-01,5.729690530030987494e-01,6.371359111766980998e-01,6.150447889044865502e-01,6.453825113229679777e-01,6.639068127180116630e-01,6.580337518406861319e-01,6.416768431623764979e-01,6.474267652692770048e-01,6.005854554551104396e-01,6.215416744486293998e-01,5.546209351464312931e-01,5.943774582180122446e-01,5.204206530477053505e-01,5.796580532643648143e-01,5.106904232243585362e-01,5.820457955442658315e-01,5.226311121102092949e-01,1.000000000000011102e+00,5.603968033282135108e-01,6.366592828744266352e-01,6.113362801261228441e-01,6.614366965450926283e-01,6.840504543627644596e-01,6.719536982543943271e-01,6.754319847033531943e-01,6.712810579359594909e-01,6.436013528584898502e-01,6.505040041408221008e-01,5.988698647400757524e-01,6.214059430256941852e-01,5.572869835427711749e-01,5.987883482800000490e-01,5.342056724022381520e-01,5.939041749984319551e-01,5.381631817913810067e-01,6.071562408078021722e-01,5.603968033282135108e-01,1.000000000000011102e+00,6.020267012574548326e-01,6.673578104733217664e-01,6.491071792986808919e-01,6.821886869324456093e-01,7.025266327863465277e-01,6.918789483333368517e-01,6.831272635913172575e-01,6.786742603920945527e-01,6.443594955960525450e-01,6.508111495778509115e-01,5.999795419268233454e-01,6.225090605412374467e-01,5.664519560900433959e-01,6.076748716079537482e-01,5.562718917345904623e-01,6.137814647582522376e-01,5.729690530030987494e-01,6.366592828744266352e-01,6.020267012574548326e-01,1.000000000000011102e+00,6.430095603190153497e-01,6.959251610616468131e-01,7.192656192711955887e-01,7.069959089944297670e-01,7.148630511757874118e-01,7.029990525283142944e-01,6.861587461987597170e-01,6.794121923618314796e-01,6.438691141603156698e-01,6.483149192021673279e-01,6.037942355293455243e-01,6.247314887588990562e-01,5.811226850136872457e-01,6.200740370590793749e-01,5.842280930052446974e-01,6.371359111766980998e-01,6.113362801261228441e-01,6.673578104733217664e-01,6.430095603190153497e-01,1.000000000000011102e+00,6.789042520462706953e-01,7.058210293794786594e-01,7.348498843399230429e-01,7.208405974652177806e-01,7.197228675381964758e-01,7.041089740138231079e-01,6.841979250741766494e-01,6.734148861726206858e-01,6.421833499357314512e-01,6.432858168476313088e-01,6.099005652715943082e-01,6.278323916741592736e-01,5.997093701946920596e-01,6.346422013631173309e-01,6.150447889044865502e-01,6.614366965450926283e-01,6.491071792986808919e-01,6.959251610616468131e-01,6.789042520462706953e-01,1.000000000000011102e+00
