9.999999999999904521e-01,8.664261675066434187e-02,4.210949678601669799e-01,1.731787385130410806e-01,3.943717139914567626e-01,1.790944478424544295e-01,3.920980393499937100e-01,1.794675608434903036e-01,3.919389424597840010e-01,1.794589980836011067e-01,3.919378576331454811e-01,1.794589948912504451e-01,3.919389442746500918e-01,1.794675608028626912e-01,3.920980392530778458e-01,1.790944483254996444e-01,3.943717150857394271e-01,1.731787369461382231e-01,4.210949694838072577e-01,8.664261427410134553e-02,8.664261675066434187e-02,9.999999999999904521e-01,8.664261571314989252e-02,4.210949734833342450e-01,1.731787384603761804e-01,3.943717184935410236e-01,1.790944466296502391e-01,3.920980446678242748e-01,1.794675586608986684e-01,3.919389486157035529e-01,1.794589997701363238e-01,3.919378604483459982e-01,1.794589994382346787e-01,3.919389495232735721e-01,1.794675571499464162e-01,3.920980449028343418e-01,1.790944467377404981e-01,3.943717192596078447e-01,1.731787392083313226e-01,4.210949725819039258e-01,4.210949678601669799e-01,8.664261571314989252e-02,9.999999999999904521e-01,8.664261658768955543e-02,4.210949682341773581e-01,1.731787381698336459e-01,3.943717139984543874e-01,1.790944477508943367e-01,3.920980386651057303e-01,1.794675591585386254e-01,3.919389437934147624e-01,1.794589942820963846e-01,3.919378562930988519e-01,1.794589986860316289e-01,3.919389420562723325e-01,1.794675604260614898e-01,3.920980397261900618e-01,1.790944458190016630e-01,3.943717142240034113e-01,1.731787353856379941e-01,1.731787385130410806e-01,4.210949734833342450e-01,8.664261658768955543e-02,9.999999999999904521e-01,8.664261854082541681e-02,4.210949721329020345e-01,1.731787381809205550e-01,3.943717195094135208e-01,1.790944467265856432e-01,3.920980447710904482e-01,1.794675621495795126e-01,3.919389473812581182e-01,1.794590001443775451e-01,3.919378627259504366e-01,1.794589962832829899e-01,3.919389495327720851e-01,1.794675601679633914e-01,3.920980449500398035e-01,1.790944492817678479e-01,3.943717186080690773e-01,3.943717139914567626e-01,1.731787384603761804e-01,4.210949682341773581e-01,8.664261854082541681e-02,9.999999999999904521e-01,8.664261832872481583e-02,4.210949686607431408e-01,1.731787396321148309e-01,3.943717140025807533e-01,1.790944475883016196e-01,3.920980408656182248e-01,1.794675570077885474e-01,3.919389450676280529e-01,1.794589997560984695e-01,3.919378556406156178e-01,1.794589999277128589e-01,3.919389437441534452e-01,1.794675594673965924e-01,3.920980412635052259e-01,1.790944457406335455e-01,1.790944478424544295e-01,3.943717184935410236e-01,1.731787381698336459e-01,4.210949721329020345e-01,8.664261832872481583e-02,9.999999999999904521e-01,8.664261658215519080e-02,4.210949730920157119e-01,1.731787373720279077e-01,3.943717192146461992e-01,1.790944496249113893e-01,3.920980433467702309e-01,1.794675618151385377e-01,3.919389490992281622e-01,1.794589963412933920e-01,3.919378623165648556e-01,1.794589986300534901e-01,3.919389488763946883e-01,1.794675618043181653e-01,3.920980443687367423e-01,3.920980393499937100e-01,1.790944466296502391e-01,3.943717139984543874e-01,1.731787381809205550e-01,4.210949686607431408e-01,8.664261658215519080e-02,9.999999999999904521e-01,8.664261756149871374e-02,4.210949669731990364e-01,1.731787373743118863e-01,3.943717140288111600e-01,1.790944434716388312e-01,3.920980406795970818e-01,1.794675603140947762e-01,3.919389421181950217e-01,1.794589988318407436e-01,3.919378555461996427e-01,1.794589968271160518e-01,3.919389438504038981e-01,1.794675572532904440e-01,1.794675608434903036e-01,3.920980446678242748e-01,1.790944477508943367e-01,3.943717195094135208e-01,1.731787396321148309e-01,4.210949730920157119e-01,8.664261756149871374e-02,9.999999999999904521e-01,8.664261654164209792e-02,4.210949741036565941e-01,1.731787409438759751e-01,3.943717176326024809e-01,1.790944495076170762e-01,3.920980465818816874e-01,1.794675582960554849e-01,3.919389501260001074e-01,1.794589989722966961e-01,3.919378622350370156e-01,1.794590006620896960e-01,3.919389482845170303e-01,3.919389424597840010e-01,1.794675586608986684e-01,3.920980386651057303e-01,1.790944467265856432e-01,3.943717140025807533e-01,1.731787373720279077e-01,4.210949669731990364e-01,8.664261654164209792e-02,9.999999999999904521e-01,8.664261491445468533e-02,4.210949688685816650e-01,1.731787334981741422e-01,3.943717146950671548e-01,1.790944470070545136e-01,3.920980374242980515e-01,1.794675599164087532e-01,3.919389422676811674e-01,1.794589962078343981e-01,3.919378566691111843e-01,1.794589951087019741e-01,1.794589980836011067e-01,3.919389486157035529e-01,1.794675591585386254e-01,3.920980447710904482e-01,1.790944475883016196e-01,3.943717192146461992e-01,1.731787373743118863e-01,4.210949741036565941e-01,8.664261491445468533e-02,9.999999999999904521e-01,8.664261928330208029e-02,4.210949704875084354e-01,1.731787391077057314e-01,3.943717201926222327e-01,1.790944446828759140e-01,3.920980455837175804e-01,1.794675594910967731e-01,3.919389484155129111e-01,1.794589995677533523e-01,3.919378600006359625e-01,3.919378576331454811e-01,1.794589997701363238e-01,3.919389437934147624e-01,1.794675621495795126e-01,3.920980408656182248e-01,1.790944496249113893e-01,3.943717140288111600e-01,1.731787409438759751e-01,4.210949688685816650e-01,8.664261928330208029e-02,9.999999999999904521e-01,8.664261494519945317e-02,4.210949707737717818e-01,1.731787407852334870e-01,3.943717139585569686e-01,1.790944502808725081e-01,3.920980410011100092e-01,1.794675607545681006e-01,3.919389459365866246e-01,1.794589980720764366e-01,1.794589948912504451e-01,3.919378604483459982e-01,1.794589942820963846e-01,3.919389473812581182e-01,1.794675570077885474e-01,3.920980433467702309e-01,1.790944434716388312e-01,3.943717176326024809e-01,1.731787334981741422e-01,4.210949704875084354e-01,8.664261494519945317e-02,9.999999999999904521e-01,8.664261417019875067e-02,4.210949721526789924e-01,1.731787322903309279e-01,3.943717183234897172e-01,1.790944437384686394e-01,3.920980429374886223e-01,1.794675580397970815e-01,3.919389456032478236e-01,3.919389442746500918e-01,1.794589994382346787e-01,3.919378562930988519e-01,1.794590001443775451e-01,3.919389450676280529e-01,1.794675618151385377e-01,3.920980406795970818e-01,1.790944495076170762e-01,3.943717146950671548e-01,1.731787391077057314e-01,4.210949707737717818e-01,8.664261417019875067e-02,9.999999999999904521e-01,8.664262065212126329e-02,4.210949662425282902e-01,1.731787408419604990e-01,3.943717141376974489e-01,1.790944479775359033e-01,3.920980411537393628e-01,1.794675593749122389e-01,1.794675608028626912e-01,3.919389495232735721e-01,1.794589986860316289e-01,3.919378627259504366e-01,1.794589997560984695e-01,3.919389490992281622e-01,1.794675603140947762e-01,3.920980465818816874e-01,1.790944470070545136e-01,3.943717201926222327e-01,1.731787407852334870e-01,4.210949721526789924e-01,8.664262065212126329e-02,9.999999999999904521e-01,8.664261523458423320e-02,4.210949755608291989e-01,1.731787389947394007e-01,3.943717194158704586e-01,1.790944499087396280e-01,3.920980444293400424e-01,3.920980392530778458e-01,1.794675571499464162e-01,3.919389420562723325e-01,1.794589962832829899e-01,3.919378556406156178e-01,1.794589963412933920e-01,3.919389421181950217e-01,1.794675582960554849e-01,3.920980374242980515e-01,1.790944446828759140e-01,3.943717139585569686e-01,1.731787322903309279e-01,4.210949662425282902e-01,8.664261523458423320e-02,9.999999999999904521e-01,8.664261532269497412e-02,4.210949665514134299e-01,1.731787349761785277e-01,3.943717132690165439e-01,1.790944428987178427e-01,1.790944483254996444e-01,3.920980449028343418e-01,1.794675604260614898e-01,3.919389495327720851e-01,1.794589999277128589e-01,3.919378623165648556e-01,1.794589988318407436e-01,3.919389501260001074e-01,1.794675599164087532e-01,3.920980455837175804e-01,1.790944502808725081e-01,3.943717183234897172e-01,1.731787408419604990e-01,4.210949755608291989e-01,8.664261532269497412e-02,9.999999999999904521e-01,8.664261846259269095e-02,4.210949739092240129e-01,1.731787409446347015e-01,3.943717187510830113e-01,3.943717150857394271e-01,1.790944467377404981e-01,3.920980397261900618e-01,1.794675601679633914e-01,3.919389437441534452e-01,1.794589986300534901e-01,3.919378555461996427e-01,1.794589989722966961e-01,3.919389422676811674e-01,1.794675594910967731e-01,3.920980410011100092e-01,1.790944437384686394e-01,3.943717141376974489e-01,1.731787389947394007e-01,4.210949665514134299e-01,8.664261846259269095e-02,9.999999999999904521e-01,8.664261576914766838e-02,4.210949681045222937e-01,1.731787357794747628e-01,1.731787369461382231e-01,3.943717192596078447e-01,1.790944458190016630e-01,3.920980449500398035e-01,1.794675594673965924e-01,3.919389488763946883e-01,1.794589968271160518e-01,3.919378622350370156e-01,1.794589962078343981e-01,3.919389484155129111e-01,1.794675607545681006e-01,3.920980429374886223e-01,1.790944479775359033e-01,3.943717194158704586e-01,1.731787349761785277e-01,4.210949739092240129e-01,8.664261576914766838e-02,9.999999999999904521e-01,8.664261820275903636e-02,4.210949715807557614e-01,4.210949694838072577e-01,1.731787392083313226e-01,3.943717142240034113e-01,1.790944492817678479e-01,3.920980412635052259e-01,1.794675618043181653e-01,3.919389438504038981e-01,1.794590006620896960e-01,3.919378566691111843e-01,1.794589995677533523e-01,3.919389459365866246e-01,1.794675580397970815e-01,3.920980411537393628e-01,1.790944499087396280e-01,3.943717132690165439e-01,1.731787409446347015e-01,4.210949681045222937e-01,8.664261820275903636e-02,9.999999999999904521e-01,8.664261617604593346e-02,8.664261427410134553e-02,4.210949725819039258e-01,1.731787353856379941e-01,3.943717186080690773e-01,1.790944457406335455e-01,3.920980443687367423e-01,1.794675572532904440e-01,3.919389482845170303e-01,1.794589951087019741e-01,3.919378600006359625e-01,1.794589980720764366e-01,3.919389456032478236e-01,1.794675593749122389e-01,3.920980444293400424e-01,1.790944428987178427e-01,3.943717187510830113e-01,1.731787357794747628e-01,4.210949715807557614e-01,8.664261617604593346e-02,9.999999999999904521e-01
9.999999999999994449e-01,7.518347540177058863e-02,4.191887792597264739e-01,1.637759053004384513e-01,3.911460789651679537e-01,1.701507949958083743e-01,3.886395538098600388e-01,1.705788660700930937e-01,3.884519329694596235e-01,1.705715036719559485e-01,3.884491773291424144e-01,1.705715019377169739e-01,3.884519340101769691e-01,1.705788667844999607e-01,3.886395531717715679e-01,1.701507965349176033e-01,3.911460789077325639e-01,1.637759054360242161e-01,4.191887797394275861e-01,7.518347417695636636e-02,7.518347540177058863e-02,9.999999999999994449e-01,7.518347497752400632e-02,4.191887791920112516e-01,1.637759067420001824e-01,3.911460775446478633e-01,1.701507966237961189e-01,3.886395528507801123e-01,1.705788673357591101e-01,3.884519324166356147e-01,1.705715088218856257e-01,3.884491744726695783e-01,1.705715074305486079e-01,3.884519335181206845e-01,1.705788650571789244e-01,3.886395537890474094e-01,1.701507950769747812e-01,3.911460789666498794e-01,1.637759055929525198e-01,4.191887791889674642e-01,4.191887792597264739e-01,7.518347497752400632e-02,9.999999999999994449e-01,7.518347488412795154e-02,4.191887799385856095e-01,1.637759043802831105e-01,3.911460792414418464e-01,1.701507950725258678e-01,3.886395536302431619e-01,1.705788642267877242e-01,3.884519341548403615e-01,1.705715015738175910e-01,3.884491763207351678e-01,1.705715056573102739e-01,3.884519321829240091e-01,1.705788670214659630e-01,3.886395533542601477e-01,1.701507956352251716e-01,3.911460785518644512e-01,1.637759040111601005e-01,1.637759053004384513e-01,4.191887791920112516e-01,7.518347488412795154e-02,9.999999999999994449e-01,7.518347726281722487e-02,4.191887778615724924e-01,1.637759063020149952e-01,3.911460778279703954e-01,1.701507965368705966e-01,3.886395524668787571e-01,1.705788696930155557e-01,3.884519314158856318e-01,1.705715074087788274e-01,3.884491763470784842e-01,1.705715042038243034e-01,3.884519337658072224e-01,1.705788659053490419e-01,3.886395537598111849e-01,1.701507960571237432e-01,3.911460781004812426e-01,3.911460789651679537e-01,1.637759067420001824e-01,4.191887799385856095e-01,7.518347726281722487e-02,9.999999999999994449e-01,7.518347614463673223e-02,4.191887807665827248e-01,1.637759063179904107e-01,3.911460797582461124e-01,1.701507950554286830e-01,3.886395554959162224e-01,1.705788640896857278e-01,3.884519348669597250e-01,1.705715072732935100e-01,3.884491756081852043e-01,1.705715078193286438e-01,3.884519333174996647e-01,1.705788680047155004e-01,3.886395546357213071e-01,1.701507960342392434e-01,1.701507949958083743e-01,3.911460775446478633e-01,1.637759043802831105e-01,4.191887778615724924e-01,7.518347614463673223e-02,9.999999999999994449e-01,7.518347543971065639e-02,4.191887778897304684e-01,1.637759052986164643e-01,3.911460771269442138e-01,1.701507982180439360e-01,3.886395513755024345e-01,1.705788675388567321e-01,3.884519328592381804e-01,1.705715034864144219e-01,3.884491761326820392e-01,1.705715043370029660e-01,3.884519331356328653e-01,1.705788660166880077e-01,3.886395528696176549e-01,3.886395538098600388e-01,1.701507966237961189e-01,3.911460792414418464e-01,1.637759063020149952e-01,4.191887807665827248e-01,7.518347543971065639e-02,9.999999999999994449e-01,7.518347595230762126e-02,4.191887801762508303e-01,1.637759042332755099e-01,3.911460801139319265e-01,1.701507929163553201e-01,3.886395551723477171e-01,1.705788676484465416e-01,3.884519327361863894e-01,1.705715073127006820e-01,3.884491756078309876e-01,1.705715066739869057e-01,3.884519335804317297e-01,1.705788662857577742e-01,1.705788660700930937e-01,3.886395528507801123e-01,1.701507950725258678e-01,3.911460778279703954e-01,1.637759063179904107e-01,4.191887778897304684e-01,7.518347595230762126e-02,9.999999999999994449e-01,7.518347569402328290e-02,4.191887783016173818e-01,1.637759082703904301e-01,3.911460761552839061e-01,1.701507970147101700e-01,3.886395538420228113e-01,1.705788646160432687e-01,3.884519335934987216e-01,1.705715045991724188e-01,3.884491760716153874e-01,1.705715055228608779e-01,3.884519325080403318e-01,3.884519329694596235e-01,1.705788673357591101e-01,3.886395536302431619e-01,1.701507965368705966e-01,3.911460797582461124e-01,1.637759052986164643e-01,4.191887801762508303e-01,7.518347569402328290e-02,9.999999999999994449e-01,7.518347375963568835e-02,4.191887814960671421e-01,1.637759023603297392e-01,3.911460803016958421e-01,1.701507967364414009e-01,3.886395528664112753e-01,1.705788681225426928e-01,3.884519327963676938e-01,1.705715065966004473e-01,3.884491763104964135e-01,1.705715054003303643e-01,1.705715036719559485e-01,3.884519324166356147e-01,1.705788642267877242e-01,3.886395524668787571e-01,1.701507950554286830e-01,3.911460771269442138e-01,1.637759042332755099e-01,4.191887783016173818e-01,7.518347375963568835e-02,9.999999999999994449e-01,7.518347728736472779e-02,4.191887758797497865e-01,1.637759050687261075e-01,3.911460780134611293e-01,1.701507923956847579e-01,3.886395532576238931e-01,1.705788639484386582e-01,3.884519325585247262e-01,1.705715040113292558e-01,3.884491744320311968e-01,3.884491773291424144e-01,1.705715088218856257e-01,3.884519341548403615e-01,1.705788696930155557e-01,3.886395554959162224e-01,1.701507982180439360e-01,3.911460801139319265e-01,1.637759082703904301e-01,4.191887814960671421e-01,7.518347728736472779e-02,9.999999999999994449e-01,7.518347477555376024e-02,4.191887827427909219e-01,1.637759089067770124e-01,3.911460796820483421e-01,1.701507998869639104e-01,3.886395550720694869e-01,1.705788699485100146e-01,3.884519351359840833e-01,1.705715079143240998e-01,1.705715019377169739e-01,3.884491744726695783e-01,1.705715015738175910e-01,3.884519314158856318e-01,1.705788640896857278e-01,3.886395513755024345e-01,1.701507929163553201e-01,3.911460761552839061e-01,1.637759023603297392e-01,4.191887758797497865e-01,7.518347477555376024e-02,9.999999999999994449e-01,7.518347288033211395e-02,4.191887773353607516e-01,1.637759002674196718e-01,3.911460771896704269e-01,1.701507914722199255e-01,3.886395518781387004e-01,1.705788631575227976e-01,3.884519306959767215e-01,3.884519340101769691e-01,1.705715074305486079e-01,3.884491763207351678e-01,1.705715074087788274e-01,3.884519348669597250e-01,1.705788675388567321e-01,3.886395551723477171e-01,1.701507970147101700e-01,3.911460803016958421e-01,1.637759050687261075e-01,4.191887827427909219e-01,7.518347288033211395e-02,9.999999999999994449e-01,7.518347875182282425e-02,4.191887788999806297e-01,1.637759082127016041e-01,3.911460789862770682e-01,1.701507978748731387e-01,3.886395546237899623e-01,1.705788673806219458e-01,1.705788667844999607e-01,3.884519335181206845e-01,1.705715056573102739e-01,3.884491763470784842e-01,1.705715072732935100e-01,3.884519328592381804e-01,1.705788676484465416e-01,3.886395538420228113e-01,1.701507967364414009e-01,3.911460780134611293e-01,1.637759089067770124e-01,4.191887773353607516e-01,7.518347875182282425e-02,9.999999999999994449e-01,7.518347406697914459e-02,4.191887806801064542e-01,1.637759052140389804e-01,3.911460787845411069e-01,1.701507965119069543e-01,3.886395532735544833e-01,3.886395531717715679e-01,1.705788650571789244e-01,3.884519321829240091e-01,1.705715042038243034e-01,3.884491756081852043e-01,1.705715034864144219e-01,3.884519327361863894e-01,1.705788646160432687e-01,3.886395528664112753e-01,1.701507923956847579e-01,3.911460796820483421e-01,1.637759002674196718e-01,4.191887788999806297e-01,7.518347406697914459e-02,9.999999999999994449e-01,7.518347492384788722e-02,4.191887780916946915e-01,1.637759043932021930e-01,3.911460777922977083e-01,1.701507934174014136e-01,1.701507965349176033e-01,3.886395537890474094e-01,1.705788670214659630e-01,3.884519337658072224e-01,1.705715078193286438e-01,3.884491761326820392e-01,1.705715073127006820e-01,3.884519335934987216e-01,1.705788681225426928e-01,3.886395532576238931e-01,1.701507998869639104e-01,3.911460771896704269e-01,1.637759082127016041e-01,4.191887806801064542e-01,7.518347492384788722e-02,9.999999999999994449e-01,7.518347611397532826e-02,4.191887802838589194e-01,1.637759067450327288e-01,3.911460786551248514e-01,3.911460789077325639e-01,1.701507950769747812e-01,3.886395533542601477e-01,1.705788659053490419e-01,3.884519333174996647e-01,1.705715043370029660e-01,3.884491756078309876e-01,1.705715045991724188e-01,3.884519327963676938e-01,1.705788639484386582e-01,3.886395550720694869e-01,1.701507914722199255e-01,3.911460789862770682e-01,1.637759052140389804e-01,4.191887780916946915e-01,7.518347611397532826e-02,9.999999999999994449e-01,7.518347515168109785e-02,4.191887787408060118e-01,1.637759037589790745e-01,1.637759054360242161e-01,3.911460789666498794e-01,1.701507956352251716e-01,3.886395537598111849e-01,1.705788680047155004e-01,3.884519331356328653e-01,1.705715066739869057e-01,3.884491760716153874e-01,1.705715065966004473e-01,3.884519325585247262e-01,1.705788699485100146e-01,3.886395518781387004e-01,1.701507978748731387e-01,3.911460787845411069e-01,1.637759043932021930e-01,4.191887802838589194e-01,7.518347515168109785e-02,9.999999999999994449e-01,7.518347647851714166e-02,4.191887789380440710e-01,4.191887797394275861e-01,1.637759055929525198e-01,3.911460785518644512e-01,1.701507960571237432e-01,3.886395546357213071e-01,1.705788660166880077e-01,3.884519335804317297e-01,1.705715055228608779e-01,3.884491763104964135e-01,1.705715040113292558e-01,3.884519351359840833e-01,1.705788631575227976e-01,3.886395546237899623e-01,1.701507965119069543e-01,3.911460777922977083e-01,1.637759067450327288e-01,4.191887787408060118e-01,7.518347647851714166e-02,9.999999999999994449e-01,7.518347463462879410e-02,7.518347417695636636e-02,4.191887791889674642e-01,1.637759040111601005e-01,3.911460781004812426e-01,1.701507960342392434e-01,3.886395528696176549e-01,1.705788662857577742e-01,3.884519325080403318e-01,1.705715054003303643e-01,3.884491744320311968e-01,1.705715079143240998e-01,3.884519306959767215e-01,1.705788673806219458e-01,3.886395532735544833e-01,1.701507934174014136e-01,3.911460786551248514e-01,1.637759037589790745e-01,4.191887789380440710e-01,7.518347463462879410e-02,9.999999999999994449e-01
1.000000000000003997e+00,6.361463623515049848e-02,4.174388952072234371e-01,1.542539981664228788e-01,3.880482848685479214e-01,1.611123062293249308e-01,3.852921841713010664e-01,1.616013013483593719e-01,3.850724995996243072e-01,1.615955198744673249e-01,3.850677353682382398e-01,1.615955184935107813e-01,3.850725008998354126e-01,1.616013009948791823e-01,3.852921843521044387e-01,1.611123067080353355e-01,3.880482852820298922e-01,1.542539976749341402e-01,4.174388959367685836e-01,6.361463427512996371e-02,6.361463623515049848e-02,1.000000000000003997e+00,6.361463601247008270e-02,4.174388923083719449e-01,1.542540021380067738e-01,3.880482808049628973e-01,1.611123094207428386e-01,3.852921813179649990e-01,1.616013014700924122e-01,3.850724977790397352e-01,1.615955242065872099e-01,3.850677314380601124e-01,1.615955227297502517e-01,3.850724979704166495e-01,1.616013015610780479e-01,3.852921812834977922e-01,1.611123097261207004e-01,3.880482818520218369e-01,1.542540005256846092e-01,4.174388923412686858e-01,4.174388952072234371e-01,6.361463601247008270e-02,1.000000000000003997e+00,6.361463471782118073e-02,4.174388959026256174e-01,1.542539971288828249e-01,3.880482850049006283e-01,1.611123083241029763e-01,3.852921839161086437e-01,1.616012995038682565e-01,3.850725005377548804e-01,1.615955182876046003e-01,3.850677348873288164e-01,1.615955211343114151e-01,3.850725000113646712e-01,1.616012995661590401e-01,3.852921845746744012e-01,1.611123067241806983e-01,3.880482846595949553e-01,1.542539975547872477e-01,1.542539981664228788e-01,4.174388923083719449e-01,6.361463471782118073e-02,1.000000000000003997e+00,6.361463838496826673e-02,4.174388909977786999e-01,1.542539993312102009e-01,3.880482810890288348e-01,1.611123073711346609e-01,3.852921809710372347e-01,1.616013028851098210e-01,3.850724965128109467e-01,1.615955216064464128e-01,3.850677320673931980e-01,1.615955206885225648e-01,3.850724973669114037e-01,1.616013016469178831e-01,3.852921812760005116e-01,1.611123085359802976e-01,3.880482812289465233e-01,3.880482848685479214e-01,1.542540021380067738e-01,4.174388959026256174e-01,6.361463838496826673e-02,1.000000000000003997e+00,6.361463696725579153e-02,4.174388967001269046e-01,1.542540021452396826e-01,3.880482855400350095e-01,1.611123093784572746e-01,3.852921856507827147e-01,1.616013009421020663e-01,3.850725020655834108e-01,1.615955239791386777e-01,3.850677355209054520e-01,1.615955226808167278e-01,3.850725014005553781e-01,1.616013025297217132e-01,3.852921855981746857e-01,1.611123094767187847e-01,1.611123062293249308e-01,3.880482808049628973e-01,1.542539971288828249e-01,4.174388909977786999e-01,6.361463696725579153e-02,1.000000000000003997e+00,6.361463491483387855e-02,4.174388911066532204e-01,1.542539971696562096e-01,3.880482806352740233e-01,1.611123089224358040e-01,3.852921798489354344e-01,1.616013003716509355e-01,3.850724968634919865e-01,1.615955196856533327e-01,3.850677313035358873e-01,1.615955208716071956e-01,3.850724970850258888e-01,1.616013003987338825e-01,3.852921809057492375e-01,3.852921841713010664e-01,1.611123094207428386e-01,3.880482850049006283e-01,1.542539993312102009e-01,4.174388967001269046e-01,6.361463491483387855e-02,1.000000000000003997e+00,6.361463747426321369e-02,4.174388957999011218e-01,1.542539986735554369e-01,3.880482852040958996e-01,1.611123063097023023e-01,3.852921855018229258e-01,1.616013020129309086e-01,3.850725005400927881e-01,1.615955209078399346e-01,3.850677350927852460e-01,1.615955210263009256e-01,3.850725009086998218e-01,1.616013006562639076e-01,1.616013013483593719e-01,3.852921813179649990e-01,1.611123083241029763e-01,3.880482810890288348e-01,1.542540021452396826e-01,4.174388911066532204e-01,6.361463747426321369e-02,1.000000000000003997e+00,6.361463601796432665e-02,4.174388924589870209e-01,1.542540021238367198e-01,3.880482804692145238e-01,1.611123094727343608e-01,3.852921819821844562e-01,1.616013015731651015e-01,3.850724977252505399e-01,1.615955229619338573e-01,3.850677319584641656e-01,1.615955228236178043e-01,3.850724973570993082e-01,3.850724995996243072e-01,1.616013014700924122e-01,3.852921839161086437e-01,1.611123073711346609e-01,3.880482855400350095e-01,1.542539971696562096e-01,4.174388957999011218e-01,6.361463601796432665e-02,1.000000000000003997e+00,6.361463442953990688e-02,4.174388956781387439e-01,1.542539962693638134e-01,3.880482851660239096e-01,1.611123080617500591e-01,3.852921834849123428e-01,1.616012997872829371e-01,3.850725002520454243e-01,1.615955201149826270e-01,3.850677351195173626e-01,1.615955200129096658e-01,1.615955198744673249e-01,3.850724977790397352e-01,1.616012995038682565e-01,3.852921809710372347e-01,1.611123093784572746e-01,3.880482806352740233e-01,1.542539986735554369e-01,4.174388924589870209e-01,6.361463442953990688e-02,1.000000000000003997e+00,6.361463773323093596e-02,4.174388910373031947e-01,1.542539987062724882e-01,3.880482819409187267e-01,1.611123069908993455e-01,3.852921814103431597e-01,1.616013010571751285e-01,3.850724970081835785e-01,1.615955211368457212e-01,3.850677311717018991e-01,3.850677353682382398e-01,1.615955242065872099e-01,3.850725005377548804e-01,1.616013028851098210e-01,3.852921856507827147e-01,1.611123089224358040e-01,3.880482852040958996e-01,1.542540021238367198e-01,4.174388956781387439e-01,6.361463773323093596e-02,1.000000000000003997e+00,6.361463544189929764e-02,4.174388972591094316e-01,1.542540016896701283e-01,3.880482851591869897e-01,1.611123095193128241e-01,3.852921856677773427e-01,1.616013025348701504e-01,3.850725021638601309e-01,1.615955226906849451e-01,1.615955184935107813e-01,3.850677314380601124e-01,1.615955182876046003e-01,3.850724965128109467e-01,1.616013009421020663e-01,3.852921798489354344e-01,1.611123063097023023e-01,3.880482804692145238e-01,1.542539962693638134e-01,4.174388910373031947e-01,6.361463544189929764e-02,1.000000000000003997e+00,6.361463408524262175e-02,4.174388909206170339e-01,1.542539965786347556e-01,3.880482804199364422e-01,1.611123067497375050e-01,3.852921798320760871e-01,1.616012995412225151e-01,3.850724956574874125e-01,3.850725008998354126e-01,1.615955227297502517e-01,3.850677348873288164e-01,1.615955216064464128e-01,3.850725020655834108e-01,1.616013003716509355e-01,3.852921855018229258e-01,1.611123094727343608e-01,3.880482851660239096e-01,1.542539987062724882e-01,4.174388972591094316e-01,6.361463408524262175e-02,1.000000000000003997e+00,6.361463796204670784e-02,4.174388952977951539e-01,1.542539990733459432e-01,3.880482852225531909e-01,1.611123081692095449e-01,3.852921854861403594e-01,1.616013009952194102e-01,1.616013009948791823e-01,3.850724979704166495e-01,1.615955211343114151e-01,3.850677320673931980e-01,1.615955239791386777e-01,3.850724968634919865e-01,1.616013020129309086e-01,3.852921819821844562e-01,1.611123080617500591e-01,3.880482819409187267e-01,1.542540016896701283e-01,4.174388909206170339e-01,6.361463796204670784e-02,1.000000000000003997e+00,6.361463608885205290e-02,4.174388930388742702e-01,1.542540005819845739e-01,3.880482813572820322e-01,1.611123094486577867e-01,3.852921809913959494e-01,3.852921843521044387e-01,1.616013015610780479e-01,3.850725000113646712e-01,1.615955206885225648e-01,3.850677355209054520e-01,1.615955196856533327e-01,3.850725005400927881e-01,1.616013015731651015e-01,3.852921834849123428e-01,1.611123069908993455e-01,3.880482851591869897e-01,1.542539965786347556e-01,4.174388952977951539e-01,6.361463608885205290e-02,1.000000000000003997e+00,6.361463493356257770e-02,4.174388948388742526e-01,1.542539983316972563e-01,3.880482844509033358e-01,1.611123071436020571e-01,1.611123067080353355e-01,3.852921812834977922e-01,1.616012995661590401e-01,3.850724973669114037e-01,1.615955226808167278e-01,3.850677313035358873e-01,1.615955209078399346e-01,3.850724977252505399e-01,1.616012997872829371e-01,3.852921814103431597e-01,1.611123095193128241e-01,3.880482804199364422e-01,1.542539990733459432e-01,4.174388930388742702e-01,6.361463493356257770e-02,1.000000000000003997e+00,6.361463644869672085e-02,4.174388926459668969e-01,1.542539991933595256e-01,3.880482811175020030e-01,3.880482852820298922e-01,1.611123097261207004e-01,3.852921845746744012e-01,1.616013016469178831e-01,3.850725014005553781e-01,1.615955208716071956e-01,3.850677350927852460e-01,1.615955229619338573e-01,3.850725002520454243e-01,1.616013010571751285e-01,3.852921856677773427e-01,1.611123067497375050e-01,3.880482852225531909e-01,1.542540005819845739e-01,4.174388948388742526e-01,6.361463644869672085e-02,1.000000000000003997e+00,6.361463625818167267e-02,4.174388954816282693e-01,1.542539991599163329e-01,1.542539976749341402e-01,3.880482818520218369e-01,1.611123067241806983e-01,3.852921812760005116e-01,1.616013025297217132e-01,3.850724970850258888e-01,1.615955210263009256e-01,3.850677319584641656e-01,1.615955201149826270e-01,3.850724970081835785e-01,1.616013025348701504e-01,3.852921798320760871e-01,1.611123081692095449e-01,3.880482813572820322e-01,1.542539983316972563e-01,4.174388926459668969e-01,6.361463625818167267e-02,1.000000000000003997e+00,6.361463640898885885e-02,4.174388915112690612e-01,4.174388959367685836e-01,1.542540005256846092e-01,3.880482846595949553e-01,1.611123085359802976e-01,3.852921855981746857e-01,1.616013003987338825e-01,3.850725009086998218e-01,1.615955228236178043e-01,3.850677351195173626e-01,1.615955211368457212e-01,3.850725021638601309e-01,1.616012995412225151e-01,3.852921854861403594e-01,1.611123094486577867e-01,3.880482844509033358e-01,1.542539991933595256e-01,4.174388954816282693e-01,6.361463640898885885e-02,1.000000000000003997e+00,6.361463595283937955e-02,6.361463427512996371e-02,4.174388923412686858e-01,1.542539975547872477e-01,3.880482812289465233e-01,1.611123094767187847e-01,3.852921809057492375e-01,1.616013006562639076e-01,3.850724973570993082e-01,1.615955200129096658e-01,3.850677311717018991e-01,1.615955226906849451e-01,3.850724956574874125e-01,1.616013009952194102e-01,3.852921809913959494e-01,1.611123071436020571e-01,3.880482811175020030e-01,1.542539991599163329e-01,4.174388915112690612e-01,6.361463595283937955e-02,1.000000000000003997e+00
1.000000000000007994e+00,5.193722203135565929e-02,4.158526108680200006e-01,1.446092438948184677e-01,3.850876363820166515e-01,1.519753697097056266e-01,3.820647121275235203e-01,1.525316663776336568e-01,3.818091303867397479e-01,1.525279021412511704e-01,3.818019752770630548e-01,1.525279005718332137e-01,3.818091318618002106e-01,1.525316658001712178e-01,3.820647125043035164e-01,1.519753699376122369e-01,3.850876370292304340e-01,1.446092428193143098e-01,4.158526118872416522e-01,5.193721967587218435e-02,5.193722203135565929e-02,1.000000000000007994e+00,5.193722182566730405e-02,4.158526093011907787e-01,1.446092484514976961e-01,3.850876337292438167e-01,1.519753735761495694e-01,3.820647107920969177e-01,1.525316663204347445e-01,3.818091303932578118e-01,1.525279059621729716e-01,3.818019731070105838e-01,1.525279047456044035e-01,3.818091302036306089e-01,1.525316670815313191e-01,3.820647105025186674e-01,1.519753743434383575e-01,3.850876344800276962e-01,1.446092470995694601e-01,4.158526090093777605e-01,4.158526108680200006e-01,5.193722182566730405e-02,1.000000000000007994e+00,5.193722028008453812e-02,4.158526113658164713e-01,1.446092428831858012e-01,3.850876364169182331e-01,1.519753722836070797e-01,3.820647116586792791e-01,1.525316649911507838e-01,3.818091311769628016e-01,1.525279005068188032e-01,3.818019749763444937e-01,1.525279029881812243e-01,3.818091311070691551e-01,1.525316641396323170e-01,3.820647127092740014e-01,1.519753698717520030e-01,3.850876363618763176e-01,1.446092434190333620e-01,1.446092438948184677e-01,4.158526093011907787e-01,5.193722028008453812e-02,1.000000000000007994e+00,5.193722419195574702e-02,4.158526079392141361e-01,1.446092453677160772e-01,3.850876339735838649e-01,1.519753707627474748e-01,3.820647105521995934e-01,1.525316674696353680e-01,3.818091289859626980e-01,1.525279033610298929e-01,3.818019734411416399e-01,1.525279028546924209e-01,3.818091294786012391e-01,1.525316672014610242e-01,3.820647104406516004e-01,1.519753727041737168e-01,3.850876340150696242e-01,3.850876363820166515e-01,1.446092484514976961e-01,4.158526113658164713e-01,5.193722419195574702e-02,1.000000000000007994e+00,5.193722257745091164e-02,4.158526123137918917e-01,1.446092484182594229e-01,3.850876369176026159e-01,1.519753738393565257e-01,3.820647134021976088e-01,1.525316664180186854e-01,3.818091330061696431e-01,1.525279060124511976e-01,3.818019759224803855e-01,1.525279043506577170e-01,3.818091326090622406e-01,1.525316670767631888e-01,3.820647136766925911e-01,1.519753734102871623e-01,1.519753697097056266e-01,3.850876337292438167e-01,1.446092428831858012e-01,4.158526079392141361e-01,5.193722257745091164e-02,1.000000000000007994e+00,5.193722049946092323e-02,4.158526080156096372e-01,1.446092425690866934e-01,3.850876336553482604e-01,1.519753721702295501e-01,3.820647092551132662e-01,1.525316650972716737e-01,3.818091289813021483e-01,1.525279017365933076e-01,3.818019724671678494e-01,1.525279032252522260e-01,3.818091291045093705e-01,1.525316656722857656e-01,3.820647101353070174e-01,3.820647121275235203e-01,1.519753735761495694e-01,3.850876364169182331e-01,1.446092453677160772e-01,4.158526123137918917e-01,5.193722049946092323e-02,1.000000000000007994e+00,5.193722350706425628e-02,4.158526112528850849e-01,1.446092452436047726e-01,3.850876364950585051e-01,1.519753705388662834e-01,3.820647134659711508e-01,1.525316670974381505e-01,3.818091317529870299e-01,1.525279025424787771e-01,3.818019755785783120e-01,1.525279024548277240e-01,3.818091320385831322e-01,1.525316657686650035e-01,1.525316663776336568e-01,3.820647107920969177e-01,1.519753722836070797e-01,3.850876339735838649e-01,1.446092484182594229e-01,4.158526080156096372e-01,5.193722350706425628e-02,1.000000000000007994e+00,5.193722135929959571e-02,4.158526097508444819e-01,1.446092478229033806e-01,3.850876336414804646e-01,1.519753733262263207e-01,3.820647112781086485e-01,1.525316670531504659e-01,3.818091298254209787e-01,1.525279056548052847e-01,3.818019732027337354e-01,1.525279053424660747e-01,3.818091296377118526e-01,3.818091303867397479e-01,1.525316663204347445e-01,3.820647116586792791e-01,1.519753707627474748e-01,3.850876369176026159e-01,1.446092425690866934e-01,4.158526112528850849e-01,5.193722135929959571e-02,1.000000000000007994e+00,5.193722028476432939e-02,4.158526106424050850e-01,1.446092421414361950e-01,3.850876363524250445e-01,1.519753714432485747e-01,3.820647114614743045e-01,1.525316640098187126e-01,3.818091313613607984e-01,1.525279010464264395e-01,3.818019752962336089e-01,1.525279015359785606e-01,1.525279021412511704e-01,3.818091303932578118e-01,1.525316649911507838e-01,3.820647105521995934e-01,1.519753738393565257e-01,3.850876336553482604e-01,1.446092452436047726e-01,4.158526097508444819e-01,5.193722028476432939e-02,1.000000000000007994e+00,5.193722349919976944e-02,4.158526086155537871e-01,1.446092450190659129e-01,3.850876350841094253e-01,1.519753715784201153e-01,3.820647108222871013e-01,1.525316671526507073e-01,3.818091292395436875e-01,1.525279039738145492e-01,3.818019728171642146e-01,3.818019752770630548e-01,1.525279059621729716e-01,3.818091311769628016e-01,1.525316674696353680e-01,3.820647134021976088e-01,1.519753721702295501e-01,3.850876364950585051e-01,1.446092478229033806e-01,4.158526106424050850e-01,5.193722349919976944e-02,1.000000000000007994e+00,5.193722091900004195e-02,4.158526124047192685e-01,1.446092471671908131e-01,3.850876365079829444e-01,1.519753725158267676e-01,3.820647136401544852e-01,1.525316665307442920e-01,3.818091330837147801e-01,1.525279041927633805e-01,1.525279005718332137e-01,3.818019731070105838e-01,1.525279005068188032e-01,3.818091289859626980e-01,1.525316664180186854e-01,3.820647092551132662e-01,1.519753705388662834e-01,3.850876336414804646e-01,1.446092421414361950e-01,4.158526086155537871e-01,5.193722091900004195e-02,1.000000000000007994e+00,5.193722003018134969e-02,4.158526079904957262e-01,1.446092431283347302e-01,3.850876332984798367e-01,1.519753714701033709e-01,3.820647090452009564e-01,1.525316652805726036e-01,3.818091279908178981e-01,3.818091318618002106e-01,1.525279047456044035e-01,3.818019749763444937e-01,1.525279033610298929e-01,3.818091330061696431e-01,1.525316650972716737e-01,3.820647134659711508e-01,1.519753733262263207e-01,3.850876363524250445e-01,1.446092450190659129e-01,4.158526124047192685e-01,5.193722003018134969e-02,1.000000000000007994e+00,5.193722334551745257e-02,4.158526110207589888e-01,1.446092444730520121e-01,3.850876368948810691e-01,1.519753712333604401e-01,3.820647136007083722e-01,1.525316658548102611e-01,1.525316658001712178e-01,3.818091302036306089e-01,1.525279029881812243e-01,3.818019734411416399e-01,1.525279060124511976e-01,3.818091289813021483e-01,1.525316670974381505e-01,3.820647112781086485e-01,1.519753714432485747e-01,3.850876350841094253e-01,1.446092471671908131e-01,4.158526079904957262e-01,5.193722334551745257e-02,1.000000000000007994e+00,5.193722206182571632e-02,4.158526096793075388e-01,1.446092470815203979e-01,3.850876339751840294e-01,1.519753736240156416e-01,3.820647101545103785e-01,3.820647125043035164e-01,1.525316670815313191e-01,3.818091311070691551e-01,1.525279028546924209e-01,3.818019759224803855e-01,1.525279017365933076e-01,3.818091317529870299e-01,1.525316670531504659e-01,3.820647114614743045e-01,1.519753715784201153e-01,3.850876365079829444e-01,1.446092431283347302e-01,4.158526110207589888e-01,5.193722206182571632e-02,1.000000000000007994e+00,5.193722044837832674e-02,4.158526107396877114e-01,1.446092439451256428e-01,3.850876362099593941e-01,1.519753712124894685e-01,1.519753699376122369e-01,3.820647105025186674e-01,1.525316641396323170e-01,3.818091294786012391e-01,1.525279043506577170e-01,3.818019724671678494e-01,1.525279025424787771e-01,3.818091298254209787e-01,1.525316640098187126e-01,3.820647108222871013e-01,1.519753725158267676e-01,3.850876332984798367e-01,1.446092444730520121e-01,4.158526096793075388e-01,5.193722044837832674e-02,1.000000000000007994e+00,5.193722232143605649e-02,4.158526092229742899e-01,1.446092451451482797e-01,3.850876337505150238e-01,3.850876370292304340e-01,1.519753743434383575e-01,3.820647127092740014e-01,1.525316672014610242e-01,3.818091326090622406e-01,1.525279032252522260e-01,3.818019755785783120e-01,1.525279056548052847e-01,3.818091313613607984e-01,1.525316671526507073e-01,3.820647136401544852e-01,1.519753714701033709e-01,3.850876368948810691e-01,1.446092470815203979e-01,4.158526107396877114e-01,5.193722232143605649e-02,1.000000000000007994e+00,5.193722188750220931e-02,4.158526114197441115e-01,1.446092456577368623e-01,1.446092428193143098e-01,3.850876344800276962e-01,1.519753698717520030e-01,3.820647104406516004e-01,1.525316670767631888e-01,3.818091291045093705e-01,1.525279024548277240e-01,3.818019732027337354e-01,1.525279010464264395e-01,3.818091292395436875e-01,1.525316665307442920e-01,3.820647090452009564e-01,1.519753712333604401e-01,3.850876339751840294e-01,1.446092439451256428e-01,4.158526092229742899e-01,5.193722188750220931e-02,1.000000000000007994e+00,5.193722183414249682e-02,4.158526080963784177e-01,4.158526118872416522e-01,1.446092470995694601e-01,3.850876363618763176e-01,1.519753727041737168e-01,3.820647136766925911e-01,1.525316656722857656e-01,3.818091320385831322e-01,1.525279053424660747e-01,3.818019752962336089e-01,1.525279039738145492e-01,3.818091330837147801e-01,1.525316652805726036e-01,3.820647136007083722e-01,1.519753736240156416e-01,3.850876362099593941e-01,1.446092451451482797e-01,4.158526114197441115e-01,5.193722183414249682e-02,1.000000000000007994e+00,5.193722202005476851e-02,5.193721967587218435e-02,4.158526090093777605e-01,1.446092434190333620e-01,3.850876340150696242e-01,1.519753734102871623e-01,3.820647101353070174e-01,1.525316657686650035e-01,3.818091296377118526e-01,1.525279015359785606e-01,3.818019728171642146e-01,1.525279041927633805e-01,3.818091279908178981e-01,1.525316658548102611e-01,3.820647101545103785e-01,1.519753712124894685e-01,3.850876337505150238e-01,1.446092456577368623e-01,4.158526080963784177e-01,5.193722202005476851e-02,1.000000000000007994e+00
