9.999999999999977796e-01,7.273970475769049315e-01,7.438308450889717927e-01,7.283640053698474670e-01,7.449680321440703690e-01,7.283507222556870886e-01,7.449887550279836734e-01,7.283505502714454627e-01,7.449912606583034558e-01,7.283505377581684925e-01,7.449916688395249453e-01,7.283505377675115744e-01,7.449912606484492272e-01,7.283505502724773040e-01,7.449887550307084938e-01,7.283507222364908884e-01,7.449680321446147113e-01,7.283640053668808401e-01,7.438308450871063959e-01,7.273970475814963699e-01,7.273970475769049315e-01,9.999999999999977796e-01,7.273970475909878886e-01,7.438308451699346957e-01,7.283640053803523973e-01,7.449680322366316609e-01,7.283507222268138515e-01,7.449887551065546010e-01,7.283505502883119709e-01,7.449912607015576338e-01,7.283505378227437266e-01,7.449916688880797722e-01,7.283505377925090229e-01,7.449912607198899694e-01,7.283505502580451818e-01,7.449887551109122263e-01,7.283507222497075384e-01,7.449680322331908577e-01,7.283640053916964341e-01,7.438308451861308512e-01,7.438308450889717927e-01,7.273970475909878886e-01,9.999999999999977796e-01,7.273970475823759996e-01,7.438308450933730498e-01,7.283640054102150652e-01,7.449680321458449495e-01,7.283507222601816045e-01,7.449887550656891788e-01,7.283505502489696637e-01,7.449912606838648976e-01,7.283505377807149017e-01,7.449916688427755673e-01,7.283505378079087045e-01,7.449912606483612976e-01,7.283505502748690574e-01,7.449887550297491501e-01,7.283507222408935888e-01,7.449680321470939504e-01,7.283640053969600014e-01,7.283640053698474670e-01,7.438308451699346957e-01,7.273970475823759996e-01,9.999999999999977796e-01,7.273970475693681825e-01,7.438308451870067062e-01,7.283640053584574670e-01,7.449680322192443471e-01,7.283507222551216520e-01,7.449887550689452409e-01,7.283505502916211016e-01,7.449912606988360331e-01,7.283505377841482664e-01,7.449916688988712510e-01,7.283505377725527641e-01,7.449912607184244751e-01,7.283505502660956310e-01,7.449887551035236921e-01,7.283507222432001882e-01,7.449680322346365902e-01,7.449680321440703690e-01,7.283640053803523973e-01,7.438308450933730498e-01,7.273970475693681825e-01,9.999999999999977796e-01,7.273970475964507409e-01,7.438308450685566786e-01,7.283640053879730791e-01,7.449680321694689411e-01,7.283507222117784341e-01,7.449887550565944538e-01,7.283505502460460024e-01,7.449912606464551557e-01,7.283505377958191529e-01,7.449916688163090717e-01,7.283505377845599371e-01,7.449912606490961542e-01,7.283505502529640241e-01,7.449887550271672154e-01,7.283507222443788010e-01,7.283507222556870886e-01,7.449680322366316609e-01,7.283640054102150652e-01,7.438308451870067062e-01,7.273970475964507409e-01,9.999999999999977796e-01,7.273970475830768834e-01,7.438308452026207718e-01,7.283640054212702220e-01,7.449680322230376461e-01,7.283507222935657888e-01,7.449887551090388360e-01,7.283505502880855964e-01,7.449912607464397318e-01,7.283505377984044182e-01,7.449916689071662823e-01,7.283505378147985265e-01,7.449912607274116194e-01,7.283505502941994836e-01,7.449887551200458091e-01,7.449887550279836734e-01,7.283507222268138515e-01,7.449680321458449495e-01,7.283640053584574670e-01,7.438308450685566786e-01,7.273970475830768834e-01,9.999999999999977796e-01,7.273970475727182805e-01,7.438308450886125245e-01,7.283640053388252822e-01,7.449680321546151562e-01,7.283507222078843268e-01,7.449887550141240933e-01,7.283505502601707038e-01,7.449912606237631962e-01,7.283505377709484918e-01,7.449916688299785816e-01,7.283505377618367804e-01,7.449912606465167730e-01,7.283505502563379919e-01,7.283505502714454627e-01,7.449887551065546010e-01,7.283507222601816045e-01,7.449680322192443471e-01,7.283640053879730791e-01,7.438308452026207718e-01,7.273970475727182805e-01,9.999999999999977796e-01,7.273970476107519678e-01,7.438308451607669181e-01,7.283640054239567396e-01,7.449680322282699052e-01,7.283507222532579206e-01,7.449887551386008555e-01,7.283505502661842268e-01,7.449912607245368079e-01,7.283505378051734480e-01,7.449916688928489572e-01,7.283505378065437963e-01,7.449912607282662691e-01,7.449912606583034558e-01,7.283505502883119709e-01,7.449887550656891788e-01,7.283507222551216520e-01,7.449680321694689411e-01,7.283640054212702220e-01,7.438308450886125245e-01,7.273970476107519678e-01,9.999999999999977796e-01,7.273970475736304397e-01,7.438308451365207574e-01,7.283640053848117191e-01,7.449680321543769024e-01,7.283507222725575936e-01,7.449887550295462013e-01,7.283505502852786195e-01,7.449912606739451659e-01,7.283505377992041119e-01,7.449916688438523726e-01,7.283505378145911369e-01,7.283505377581684925e-01,7.449912607015576338e-01,7.283505502489696637e-01,7.449887550689452409e-01,7.283507222117784341e-01,7.449680322230376461e-01,7.283640053388252822e-01,7.438308451607669181e-01,7.273970475736304397e-01,9.999999999999977796e-01,7.273970475865115803e-01,7.438308451351809403e-01,7.283640053576833084e-01,7.449680322208865890e-01,7.283507222059069086e-01,7.449887550852358764e-01,7.283505502467518822e-01,7.449912606951497596e-01,7.283505377705532524e-01,7.449916688957416433e-01,7.449916688395249453e-01,7.283505378227437266e-01,7.449912606838648976e-01,7.283505502916211016e-01,7.449887550565944538e-01,7.283507222935657888e-01,7.449680321546151562e-01,7.283640054239567396e-01,7.438308451365207574e-01,7.273970475865115803e-01,9.999999999999977796e-01,7.273970475964683935e-01,7.438308451197360727e-01,7.283640054242950246e-01,7.449680321626983570e-01,7.283507222729803665e-01,7.449887550624140209e-01,7.283505502889112693e-01,7.449912606767540302e-01,7.283505378273363862e-01,7.283505377675115744e-01,7.449916688880797722e-01,7.283505377807149017e-01,7.449912606988360331e-01,7.283505502460460024e-01,7.449887551090388360e-01,7.283507222078843268e-01,7.449680322282699052e-01,7.283640053848117191e-01,7.438308451351809403e-01,7.273970475964683935e-01,9.999999999999977796e-01,7.273970475650279877e-01,7.438308451706343583e-01,7.283640053558021465e-01,7.449680322195939564e-01,7.283507222308327478e-01,7.449887550780320833e-01,7.283505502576144153e-01,7.449912607144173471e-01,7.449912606484492272e-01,7.283505377925090229e-01,7.449916688427755673e-01,7.283505377841482664e-01,7.449912606464551557e-01,7.283505502880855964e-01,7.449887550141240933e-01,7.283507222532579206e-01,7.449680321543769024e-01,7.283640053576833084e-01,7.438308451197360727e-01,7.273970475650279877e-01,9.999999999999977796e-01,7.273970475935419566e-01,7.438308450764113955e-01,7.283640053829836258e-01,7.449680321539200456e-01,7.283507222336481624e-01,7.449887550511933298e-01,7.283505502743919946e-01,7.283505502724773040e-01,7.449912607198899694e-01,7.283505378079087045e-01,7.449916688988712510e-01,7.283505377958191529e-01,7.449912607464397318e-01,7.283505502601707038e-01,7.449887551386008555e-01,7.283507222725575936e-01,7.449680322208865890e-01,7.283640054242950246e-01,7.438308451706343583e-01,7.273970475935419566e-01,9.999999999999977796e-01,7.273970475814611758e-01,7.438308451868759219e-01,7.283640053989374197e-01,7.449680322163050317e-01,7.283507222608324172e-01,7.449887551065363933e-01,7.449887550307084938e-01,7.283505502580451818e-01,7.449912606483612976e-01,7.283505377725527641e-01,7.449916688163090717e-01,7.283505377984044182e-01,7.449912606237631962e-01,7.283505502661842268e-01,7.449887550295462013e-01,7.283507222059069086e-01,7.449680321626983570e-01,7.283640053558021465e-01,7.438308450764113955e-01,7.273970475814611758e-01,9.999999999999977796e-01,7.273970475697827398e-01,7.438308450861784715e-01,7.283640053618967158e-01,7.449680321607593525e-01,7.283507222384389967e-01,7.283507222364908884e-01,7.449887551109122263e-01,7.283505502748690574e-01,7.449912607184244751e-01,7.283505377845599371e-01,7.449916689071662823e-01,7.283505377709484918e-01,7.449912607245368079e-01,7.283505502852786195e-01,7.449887550852358764e-01,7.283507222729803665e-01,7.449680322195939564e-01,7.283640053829836258e-01,7.438308451868759219e-01,7.273970475697827398e-01,9.999999999999977796e-01,7.273970475865207952e-01,7.438308451621941098e-01,7.283640053883535526e-01,7.449680322212924866e-01,7.449680321446147113e-01,7.283507222497075384e-01,7.449887550297491501e-01,7.283505502660956310e-01,7.449912606490961542e-01,7.283505378147985265e-01,7.449916688299785816e-01,7.283505378051734480e-01,7.449912606739451659e-01,7.283505502467518822e-01,7.449887550624140209e-01,7.283507222308327478e-01,7.449680321539200456e-01,7.283640053989374197e-01,7.438308450861784715e-01,7.273970475865207952e-01,9.999999999999977796e-01,7.273970475765823007e-01,7.438308451041797387e-01,7.283640053950112270e-01,7.283640053668808401e-01,7.449680322331908577e-01,7.283507222408935888e-01,7.449887551035236921e-01,7.283505502529640241e-01,7.449912607274116194e-01,7.283505377618367804e-01,7.449916688928489572e-01,7.283505377992041119e-01,7.449912606951497596e-01,7.283505502889112693e-01,7.449887550780320833e-01,7.283507222336481624e-01,7.449680322163050317e-01,7.283640053618967158e-01,7.438308451621941098e-01,7.273970475765823007e-01,9.999999999999977796e-01,7.273970475779795164e-01,7.438308451718790293e-01,7.438308450871063959e-01,7.283640053916964341e-01,7.449680321470939504e-01,7.283507222432001882e-01,7.449887550271672154e-01,7.283505502941994836e-01,7.449912606465167730e-01,7.283505378065437963e-01,7.449916688438523726e-01,7.283505377705532524e-01,7.449912606767540302e-01,7.283505502576144153e-01,7.449887550511933298e-01,7.283507222608324172e-01,7.449680321607593525e-01,7.283640053883535526e-01,7.438308451041797387e-01,7.273970475779795164e-01,9.999999999999977796e-01,7.273970475947484360e-01,7.273970475814963699e-01,7.438308451861308512e-01,7.283640053969600014e-01,7.449680322346365902e-01,7.283507222443788010e-01,7.449887551200458091e-01,7.283505502563379919e-01,7.449912607282662691e-01,7.283505378145911369e-01,7.449916688957416433e-01,7.283505378273363862e-01,7.449912607144173471e-01,7.283505502743919946e-01,7.449887551065363933e-01,7.283507222384389967e-01,7.449680322212924866e-01,7.283640053950112270e-01,7.438308451718790293e-01,7.273970475947484360e-01,9.999999999999977796e-01
9.999999999999985567e-01,7.035000841364110746e-01,7.258598189101047593e-01,7.052624950902421919e-01,7.274730101827542317e-01,7.052353693201856011e-01,7.275018108581866594e-01,7.052350351965496200e-01,7.275054368390700965e-01,7.052350076002500412e-01,7.275060327218234590e-01,7.052350076160194270e-01,7.275054368404650917e-01,7.052350352162013447e-01,7.275018108686087670e-01,7.052353693261813605e-01,7.274730101968062135e-01,7.052624951060812997e-01,7.258598189171430182e-01,7.035000841478068478e-01,7.035000841364110746e-01,9.999999999999985567e-01,7.035000841466632071e-01,7.258598190023365371e-01,7.052624951046433388e-01,7.274730102798084852e-01,7.052353693011719216e-01,7.275018109470998695e-01,7.052350352161111946e-01,7.275054369011630939e-01,7.052350076721658478e-01,7.275060327844919961e-01,7.052350076428610670e-01,7.275054369293260104e-01,7.052350352004280731e-01,7.275018109655247978e-01,7.052353693400063017e-01,7.274730102977362556e-01,7.052624951269187425e-01,7.258598190340850298e-01,7.258598189101047593e-01,7.035000841466632071e-01,9.999999999999985567e-01,7.035000841284830830e-01,7.258598189106330034e-01,7.052624951213799509e-01,7.274730101815300998e-01,7.052353693246617983e-01,7.275018108913986481e-01,7.052350351738149170e-01,7.275054368694831020e-01,7.052350076247496657e-01,7.275060327204495580e-01,7.052350076588003169e-01,7.275054368387183779e-01,7.052350352135881018e-01,7.275018108729194299e-01,7.052353693223276654e-01,7.274730101936595084e-01,7.052624951283278376e-01,7.052624950902421919e-01,7.258598190023365371e-01,7.035000841284830830e-01,9.999999999999985567e-01,7.035000841145526707e-01,7.258598190065793654e-01,7.052624950740410403e-01,7.274730102640107887e-01,7.052353693177438876e-01,7.275018109073866368e-01,7.052350352197538363e-01,7.275054368954058104e-01,7.052350076244009447e-01,7.275060327954072648e-01,7.052350076163927950e-01,7.275054369193090231e-01,7.052350352008290857e-01,7.275018109543146538e-01,7.052353693161681480e-01,7.274730102899443773e-01,7.274730101827542317e-01,7.052624951046433388e-01,7.258598189106330034e-01,7.035000841145526707e-01,9.999999999999985567e-01,7.035000841367363700e-01,7.258598188858913502e-01,7.052624951029698996e-01,7.274730102031337076e-01,7.052353692815797048e-01,7.275018108877844281e-01,7.052350351770129144e-01,7.275054368305238217e-01,7.052350076448914429e-01,7.275060326971862779e-01,7.052350076351280306e-01,7.275054368398663485e-01,7.052350351876179868e-01,7.275018108651577498e-01,7.052353693227733089e-01,7.052353693201856011e-01,7.274730102798084852e-01,7.052624951213799509e-01,7.258598190065793654e-01,7.035000841367363700e-01,9.999999999999985567e-01,7.035000841241014768e-01,7.258598190231208003e-01,7.052624951315082935e-01,7.274730102648064856e-01,7.052353693627526621e-01,7.275018109494635343e-01,7.052350352118124110e-01,7.275054369446407598e-01,7.052350076385498490e-01,7.275060327987995512e-01,7.052350076575750748e-01,7.275054369249466246e-01,7.052350352172989112e-01,7.275018109604629579e-01,7.275018108581866594e-01,7.052353693011719216e-01,7.274730101815300998e-01,7.052624950740410403e-01,7.258598188858913502e-01,7.035000841241014768e-01,9.999999999999985567e-01,7.035000841198689736e-01,7.258598189053522276e-01,7.052624950623370692e-01,7.274730101934580029e-01,7.052353692871122792e-01,7.275018108441687614e-01,7.052350352001925948e-01,7.275054368111200098e-01,7.052350076243164567e-01,7.275060327119646786e-01,7.052350076115813104e-01,7.275054368359931134e-01,7.052350351915041005e-01,7.052350351965496200e-01,7.275018109470998695e-01,7.052353693246617983e-01,7.274730102640107887e-01,7.052624951029698996e-01,7.258598190231208003e-01,7.035000841198689736e-01,9.999999999999985567e-01,7.035000841574194919e-01,7.258598189916638521e-01,7.052624951507632245e-01,7.274730102796875819e-01,7.052353693298425430e-01,7.275018109825405199e-01,7.052350352018289525e-01,7.275054369252385023e-01,7.052350076550257807e-01,7.275060327900186863e-01,7.052350076494692255e-01,7.275054369272777599e-01,7.275054368390700965e-01,7.052350352161111946e-01,7.275018108913986481e-01,7.052353693177438876e-01,7.274730102031337076e-01,7.052624951315082935e-01,7.258598189053522276e-01,7.035000841574194919e-01,9.999999999999985567e-01,7.035000841250268477e-01,7.258598189595943939e-01,7.052624951143843246e-01,7.274730101973627683e-01,7.052353693575794669e-01,7.275018108665348704e-01,7.052350352259733057e-01,7.275054368629064738e-01,7.052350076486338937e-01,7.275060327231912538e-01,7.052350076622284636e-01,7.052350076002500412e-01,7.275054369011630939e-01,7.052350351738149170e-01,7.275018109073866368e-01,7.052353692815797048e-01,7.274730102648064856e-01,7.052624950623370692e-01,7.258598189916638521e-01,7.035000841250268477e-01,9.999999999999985567e-01,7.035000841471548139e-01,7.258598189751946927e-01,7.052624950904570200e-01,7.274730102799010778e-01,7.052353692916476513e-01,7.275018109371405028e-01,7.052350351896694569e-01,7.275054369015160338e-01,7.052350076188902417e-01,7.275060327938944749e-01,7.275060327218234590e-01,7.052350076721658478e-01,7.275054368694831020e-01,7.052350352197538363e-01,7.275018108877844281e-01,7.052353693627526621e-01,7.274730101934580029e-01,7.052624951507632245e-01,7.258598189595943939e-01,7.035000841471548139e-01,9.999999999999985567e-01,7.035000841633844981e-01,7.258598189522560418e-01,7.052624951696028210e-01,7.274730102135379406e-01,7.052353693684790814e-01,7.275018109084663287e-01,7.052350352355332141e-01,7.275054368715722086e-01,7.052350076833915349e-01,7.052350076160194270e-01,7.275060327844919961e-01,7.052350076247496657e-01,7.275054368954058104e-01,7.052350351770129144e-01,7.275018109494635343e-01,7.052353692871122792e-01,7.274730102796875819e-01,7.052624951143843246e-01,7.258598189751946927e-01,7.035000841633844981e-01,9.999999999999985567e-01,7.035000841321017440e-01,7.258598190225168389e-01,7.052624950989332397e-01,7.274730102833479872e-01,7.052353693267141566e-01,7.275018109354176588e-01,7.052350352001630629e-01,7.275054369215989691e-01,7.275054368404650917e-01,7.052350076428610670e-01,7.275060327204495580e-01,7.052350076244009447e-01,7.275054368305238217e-01,7.052350352118124110e-01,7.275018108441687614e-01,7.052353693298425430e-01,7.274730101973627683e-01,7.052624950904570200e-01,7.258598189522560418e-01,7.035000841321017440e-01,9.999999999999985567e-01,7.035000841676053440e-01,7.258598189121845401e-01,7.052624951297536970e-01,7.274730102111025554e-01,7.052353693268256229e-01,7.275018108957720386e-01,7.052350352196355976e-01,7.052350352162013447e-01,7.275054369293260104e-01,7.052350076588003169e-01,7.275060327954072648e-01,7.052350076448914429e-01,7.275054369446407598e-01,7.052350352001925948e-01,7.275018109825405199e-01,7.052353693575794669e-01,7.274730102799010778e-01,7.052624951696028210e-01,7.258598190225168389e-01,7.035000841676053440e-01,9.999999999999985567e-01,7.035000841588292531e-01,7.258598190444806031e-01,7.052624951513225549e-01,7.274730102878054216e-01,7.052353693553951031e-01,7.275018109671531619e-01,7.275018108686087670e-01,7.052350352004280731e-01,7.275054368387183779e-01,7.052350076163927950e-01,7.275060326971862779e-01,7.052350076385498490e-01,7.275054368111200098e-01,7.052350352018289525e-01,7.275018108665348704e-01,7.052353692916476513e-01,7.274730102135379406e-01,7.052624950989332397e-01,7.258598189121845401e-01,7.035000841588292531e-01,9.999999999999985567e-01,7.035000841474285949e-01,7.258598189294487302e-01,7.052624951100674444e-01,7.274730102145047228e-01,7.052353693329759254e-01,7.052353693261813605e-01,7.275018109655247978e-01,7.052350352135881018e-01,7.275054369193090231e-01,7.052350076351280306e-01,7.275060327987995512e-01,7.052350076243164567e-01,7.275054369252385023e-01,7.052350352259733057e-01,7.275018109371405028e-01,7.052353693684790814e-01,7.274730102833479872e-01,7.052624951297536970e-01,7.258598190444806031e-01,7.035000841474285949e-01,9.999999999999985567e-01,7.035000841681405825e-01,7.258598190189591293e-01,7.052624951362375105e-01,7.274730102935316189e-01,7.274730101968062135e-01,7.052353693400063017e-01,7.275018108729194299e-01,7.052350352008290857e-01,7.275054368398663485e-01,7.052350076575750748e-01,7.275060327119646786e-01,7.052350076550257807e-01,7.275054368629064738e-01,7.052350351896694569e-01,7.275018109084663287e-01,7.052353693267141566e-01,7.274730102111025554e-01,7.052624951513225549e-01,7.258598189294487302e-01,7.035000841681405825e-01,9.999999999999985567e-01,7.035000841571324992e-01,7.258598189446063831e-01,7.052624951442421075e-01,7.052624951060812997e-01,7.274730102977362556e-01,7.052353693223276654e-01,7.275018109543146538e-01,7.052350351876179868e-01,7.275054369249466246e-01,7.052350076115813104e-01,7.275060327900186863e-01,7.052350076486338937e-01,7.275054369015160338e-01,7.052350352355332141e-01,7.275018109354176588e-01,7.052353693268256229e-01,7.274730102878054216e-01,7.052624951100674444e-01,7.258598190189591293e-01,7.035000841571324992e-01,9.999999999999985567e-01,7.035000841528613602e-01,7.258598190270395545e-01,7.258598189171430182e-01,7.052624951269187425e-01,7.274730101936595084e-01,7.052353693161681480e-01,7.275018108651577498e-01,7.052350352172989112e-01,7.275054368359931134e-01,7.052350076494692255e-01,7.275060327231912538e-01,7.052350076188902417e-01,7.275054368715722086e-01,7.052350352001630629e-01,7.275018108957720386e-01,7.052353693553951031e-01,7.274730102145047228e-01,7.052624951362375105e-01,7.258598189446063831e-01,7.035000841528613602e-01,9.999999999999985567e-01,7.035000841675509431e-01,7.035000841478068478e-01,7.258598190340850298e-01,7.052624951283278376e-01,7.274730102899443773e-01,7.052353693227733089e-01,7.275018109604629579e-01,7.052350351915041005e-01,7.275054369272777599e-01,7.052350076622284636e-01,7.275060327938944749e-01,7.052350076833915349e-01,7.275054369215989691e-01,7.052350352196355976e-01,7.275018109671531619e-01,7.052353693329759254e-01,7.274730102935316189e-01,7.052624951442421075e-01,7.258598190270395545e-01,7.035000841675509431e-01,9.999999999999985567e-01
1.000000000000002665e+00,6.673332305833811207e-01,6.992811467429629335e-01,6.707623568827589811e-01,7.015811534434873709e-01,6.707037353109932543e-01,7.016219349253757231e-01,6.707030607768418307e-01,7.016273029933743910e-01,6.707029971308826610e-01,7.016281951505358716e-01,6.707029971383705602e-01,7.016273030025168556e-01,6.707030607962642943e-01,7.016219349319861021e-01,6.707037353318474615e-01,7.015811534629683432e-01,6.707623569086686999e-01,6.992811467518866841e-01,6.673332305955488319e-01,6.673332305833811207e-01,1.000000000000002665e+00,6.673332305833709066e-01,6.992811466274496679e-01,6.707623568857477014e-01,7.015811533278365486e-01,6.707037353139562175e-01,7.016219348100140030e-01,6.707030607861650395e-01,7.016273028749784313e-01,6.707029971603211127e-01,7.016281950271414658e-01,6.707029971475693131e-01,7.016273028876283124e-01,6.707030607872945804e-01,7.016219348221801599e-01,6.707037353398346280e-01,7.015811533523395038e-01,6.707623569059487645e-01,6.992811466522109720e-01,6.992811467429629335e-01,6.673332305833709066e-01,1.000000000000002665e+00,6.673332305700159228e-01,6.992811467381623292e-01,6.707623568860093810e-01,7.015811534434657215e-01,6.707037353176782402e-01,7.016219349347330159e-01,6.707030607726991445e-01,7.016273030089353879e-01,6.707029971373928978e-01,7.016281951453376964e-01,6.707029971527791457e-01,7.016273029968026487e-01,6.707030607878476935e-01,7.016219349384873460e-01,6.707037353290676851e-01,7.015811534548470618e-01,6.707623569063549951e-01,6.707623568827589811e-01,6.992811466274496679e-01,6.673332305700159228e-01,1.000000000000002665e+00,6.673332305622934335e-01,6.992811466206155790e-01,6.707623568770166855e-01,7.015811533273543787e-01,6.707037353137339508e-01,7.016219347954282259e-01,6.707030607897063179e-01,7.016273028694604008e-01,6.707029971348521524e-01,7.016281950281599844e-01,6.707029971288176462e-01,7.016273028759146824e-01,6.707030607845951842e-01,7.016219348174645987e-01,6.707037353158775694e-01,7.015811533410173384e-01,7.015811534434873709e-01,6.707623568857477014e-01,6.992811467381623292e-01,6.673332305622934335e-01,1.000000000000002665e+00,6.673332305666539455e-01,6.992811467327313402e-01,6.707623568859786278e-01,7.015811534527373050e-01,6.707037353075617769e-01,7.016219349384291704e-01,6.707030607725048554e-01,7.016273029912167836e-01,6.707029971445179761e-01,7.016281951343217305e-01,6.707029971377092004e-01,7.016273029958024487e-01,6.707030607802252353e-01,7.016219349246655135e-01,6.707037353211883213e-01,6.707037353109932543e-01,7.015811533278365486e-01,6.707623568860093810e-01,6.992811466206155790e-01,6.673332305666539455e-01,1.000000000000002665e+00,6.673332305690296007e-01,6.992811466320616454e-01,6.707623568953078319e-01,7.015811533303971670e-01,6.707037353361089416e-01,7.016219348115637633e-01,6.707030607822255242e-01,7.016273028850432691e-01,6.707029971349024455e-01,7.016281950232539089e-01,6.707029971455042983e-01,7.016273028793492683e-01,6.707030607780575249e-01,7.016219348111348841e-01,7.016219349253757231e-01,6.707037353139562175e-01,7.015811534434657215e-01,6.707623568770166855e-01,6.992811467327313402e-01,6.673332305690296007e-01,1.000000000000002665e+00,6.673332305782891938e-01,6.992811467468729170e-01,6.707623568879901299e-01,7.015811534589586618e-01,6.707037353196457774e-01,7.016219349256936910e-01,6.707030607919992615e-01,7.016273029889157353e-01,6.707029971421216707e-01,7.016281951473227751e-01,6.707029971415300329e-01,7.016273029954717133e-01,6.707030607826368618e-01,6.707030607768418307e-01,7.016219348100140030e-01,6.707037353176782402e-01,7.015811533273543787e-01,6.707623568859786278e-01,6.992811466320616454e-01,6.673332305782891938e-01,1.000000000000002665e+00,6.673332305934107644e-01,6.992811466380252083e-01,6.707623569219833826e-01,7.015811533467880556e-01,6.707037353333324958e-01,7.016219348308593284e-01,6.707030607875384964e-01,7.016273028837817227e-01,6.707029971544553604e-01,7.016281950332825534e-01,6.707029971446896166e-01,7.016273028843575954e-01,7.016273029933743910e-01,6.707030607861650395e-01,7.016219349347330159e-01,6.707037353137339508e-01,7.015811534527373050e-01,6.707623568953078319e-01,6.992811467468729170e-01,6.673332305934107644e-01,1.000000000000002665e+00,6.673332305892616390e-01,6.992811467741215647e-01,6.707623569105930494e-01,7.015811534646535508e-01,6.707037353485815201e-01,7.016219349352169621e-01,6.707030608007971129e-01,7.016273030114230647e-01,6.707029971553535308e-01,7.016281951461116329e-01,6.707029971553143399e-01,6.707029971308826610e-01,7.016273028749784313e-01,6.707030607726991445e-01,7.016219347954282259e-01,6.707037353075617769e-01,7.015811533303971670e-01,6.707623568879901299e-01,6.992811466380252083e-01,6.673332305892616390e-01,1.000000000000002665e+00,6.673332306065360431e-01,6.992811466374054818e-01,6.707623569075973347e-01,7.015811533512363862e-01,6.707037353262490509e-01,7.016219348199514982e-01,6.707030607947023215e-01,7.016273028860173788e-01,6.707029971423748016e-01,7.016281950364884334e-01,7.016281951505358716e-01,6.707029971603211127e-01,7.016273030089353879e-01,6.707030607897063179e-01,7.016219349384291704e-01,6.707037353361089416e-01,7.015811534589586618e-01,6.707623569219833826e-01,6.992811467741215647e-01,6.673332306065360431e-01,1.000000000000002665e+00,6.673332306144907911e-01,6.992811467795329028e-01,6.707623569422686005e-01,7.015811534741709377e-01,6.707037353592646411e-01,7.016219349598264987e-01,6.707030608156827611e-01,7.016273030170352420e-01,6.707029971712021865e-01,6.707029971383705602e-01,7.016281950271414658e-01,6.707029971373928978e-01,7.016273028694604008e-01,6.707030607725048554e-01,7.016219348115637633e-01,6.707037353196457774e-01,7.015811533467880556e-01,6.707623569105930494e-01,6.992811466374054818e-01,6.673332306144907911e-01,1.000000000000002665e+00,6.673332306016159787e-01,6.992811466597413927e-01,6.707623569100900074e-01,7.015811533532934074e-01,6.707037353470970409e-01,7.016219348228494024e-01,6.707030607931814270e-01,7.016273028883969198e-01,7.016273030025168556e-01,6.707029971475693131e-01,7.016281951453376964e-01,6.707029971348521524e-01,7.016273029912167836e-01,6.707030607822255242e-01,7.016219349256936910e-01,6.707037353333324958e-01,7.015811534646535508e-01,6.707623569075973347e-01,6.992811467795329028e-01,6.673332306016159787e-01,1.000000000000002665e+00,6.673332306168680006e-01,6.992811467623277766e-01,6.707623569225628080e-01,7.015811534767045776e-01,6.707037353461622331e-01,7.016219349501577884e-01,6.707030608035381425e-01,6.707030607962642943e-01,7.016273028876283124e-01,6.707029971527791457e-01,7.016281950281599844e-01,6.707029971445179761e-01,7.016273028850432691e-01,6.707030607919992615e-01,7.016219348308593284e-01,6.707037353485815201e-01,7.015811533512363862e-01,6.707623569422686005e-01,6.992811466597413927e-01,6.673332306168680006e-01,1.000000000000002665e+00,6.673332306116495083e-01,6.992811466666606357e-01,6.707623569363385663e-01,7.015811533596533200e-01,6.707037353489987419e-01,7.016219348332137784e-01,7.016219349319861021e-01,6.707030607872945804e-01,7.016273029968026487e-01,6.707029971288176462e-01,7.016281951343217305e-01,6.707029971349024455e-01,7.016273029889157353e-01,6.707030607875384964e-01,7.016219349352169621e-01,6.707037353262490509e-01,7.015811534741709377e-01,6.707623569100900074e-01,6.992811467623277766e-01,6.673332306116495083e-01,1.000000000000002665e+00,6.673332306043253670e-01,6.992811467699334704e-01,6.707623569180829470e-01,7.015811534686161588e-01,6.707037353399930568e-01,6.707037353318474615e-01,7.016219348221801599e-01,6.707030607878476935e-01,7.016273028759146824e-01,6.707029971377092004e-01,7.016281950232539089e-01,6.707029971421216707e-01,7.016273028837817227e-01,6.707030608007971129e-01,7.016219348199514982e-01,6.707037353592646411e-01,7.015811533532934074e-01,6.707623569225628080e-01,6.992811466666606357e-01,6.673332306043253670e-01,1.000000000000002665e+00,6.673332306164664329e-01,6.992811466570172385e-01,6.707623569207251668e-01,7.015811533577398507e-01,7.015811534629683432e-01,6.707037353398346280e-01,7.016219349384873460e-01,6.707030607845951842e-01,7.016273029958024487e-01,6.707029971455042983e-01,7.016281951473227751e-01,6.707029971544553604e-01,7.016273030114230647e-01,6.707030607947023215e-01,7.016219349598264987e-01,6.707037353470970409e-01,7.015811534767045776e-01,6.707623569363385663e-01,6.992811467699334704e-01,6.673332306164664329e-01,1.000000000000002665e+00,6.673332306166732675e-01,6.992811467709895146e-01,6.707623569283104326e-01,6.707623569086686999e-01,7.015811533523395038e-01,6.707037353290676851e-01,7.016219348174645987e-01,6.707030607802252353e-01,7.016273028793492683e-01,6.707029971415300329e-01,7.016281950332825534e-01,6.707029971553535308e-01,7.016273028860173788e-01,6.707030608156827611e-01,7.016219348228494024e-01,6.707037353461622331e-01,7.015811533596533200e-01,6.707623569180829470e-01,6.992811466570172385e-01,6.673332306166732675e-01,1.000000000000002665e+00,6.673332306068904263e-01,6.992811466607586901e-01,6.992811467518866841e-01,6.707623569059487645e-01,7.015811534548470618e-01,6.707037353158775694e-01,7.016219349246655135e-01,6.707030607780575249e-01,7.016273029954717133e-01,6.707029971446896166e-01,7.016281951461116329e-01,6.707029971423748016e-01,7.016273030170352420e-01,6.707030607931814270e-01,7.016219349501577884e-01,6.707037353489987419e-01,7.015811534686161588e-01,6.707623569207251668e-01,6.992811467709895146e-01,6.673332306068904263e-01,1.000000000000002665e+00,6.673332306068530118e-01,6.673332305955488319e-01,6.992811466522109720e-01,6.707623569063549951e-01,7.015811533410173384e-01,6.707037353211883213e-01,7.016219348111348841e-01,6.707030607826368618e-01,7.016273028843575954e-01,6.707029971553143399e-01,7.016281950364884334e-01,6.707029971712021865e-01,7.016273028883969198e-01,6.707030608035381425e-01,7.016219348332137784e-01,6.707037353399930568e-01,7.015811533577398507e-01,6.707623569283104326e-01,6.992811466607586901e-01,6.673332306068530118e-01,1.000000000000002665e+00
9.999999999999911182e-01,6.108789657991482436e-01,6.594375388557048856e-01,6.180193136144898070e-01,6.625863647120551203e-01,6.178891675254987170e-01,6.626472242169432203e-01,6.178876159884560959e-01,6.626552973511276035e-01,6.178874604405703019e-01,6.626566555892987598e-01,6.178874604505144585e-01,6.626552973459385321e-01,6.178876159997521711e-01,6.626472242117205091e-01,6.178891675259836624e-01,6.625863647066764228e-01,6.180193136173368629e-01,6.594375388466606758e-01,6.108789658036053449e-01,6.108789657991482436e-01,9.999999999999911182e-01,6.108789658153696012e-01,6.594375388635799196e-01,6.180193136345342175e-01,6.625863647165266546e-01,6.178891675216930945e-01,6.626472242191518980e-01,6.178876160048694111e-01,6.626552973394342905e-01,6.178874604849822205e-01,6.626566555775876832e-01,6.178874604625601563e-01,6.626552973578239136e-01,6.178876159815089864e-01,6.626472242284889846e-01,6.178891675308716414e-01,6.625863647228533715e-01,6.180193136276057597e-01,6.594375388771398505e-01,6.594375388557048856e-01,6.108789658153696012e-01,9.999999999999911182e-01,6.108789658072191209e-01,6.594375388694322382e-01,6.180193136418976607e-01,6.625863647183982685e-01,6.178891675352119472e-01,6.626472242378309563e-01,6.178876159830273274e-01,6.626552973725020612e-01,6.178874604653458169e-01,6.626566555884829679e-01,6.178874604850609353e-01,6.626552973470334340e-01,6.178876160070250201e-01,6.626472242237296806e-01,6.178891675324011956e-01,6.625863647074605733e-01,6.180193136398436371e-01,6.180193136144898070e-01,6.594375388635799196e-01,6.108789658072191209e-01,9.999999999999911182e-01,6.108789658020807867e-01,6.594375388665552062e-01,6.180193136155962552e-01,6.625863647081337016e-01,6.178891675305263620e-01,6.626472242013798919e-01,6.178876160065773782e-01,6.626552973406139024e-01,6.178874604548689753e-01,6.626566555878107279e-01,6.178874604459314579e-01,6.626552973525597912e-01,6.178876159911168564e-01,6.626472242218754971e-01,6.178891675194991828e-01,6.625863647193531714e-01,6.625863647120551203e-01,6.180193136345342175e-01,6.594375388694322382e-01,6.108789658020807867e-01,9.999999999999911182e-01,6.108789658155286961e-01,6.594375388546851458e-01,6.180193136332966519e-01,6.625863647227474562e-01,6.178891675112253568e-01,6.626472242375300858e-01,6.178876159882309427e-01,6.626552973457573437e-01,6.178874604799313719e-01,6.626566555742307019e-01,6.178874604740505205e-01,6.626552973558208492e-01,6.178876159938803125e-01,6.626472242219877407e-01,6.178891675361823932e-01,6.178891675254987170e-01,6.625863647165266546e-01,6.180193136418976607e-01,6.594375388665552062e-01,6.108789658155286961e-01,9.999999999999911182e-01,6.108789658052129479e-01,6.594375388761587464e-01,6.180193136430769396e-01,6.625863647080082464e-01,6.178891675512573345e-01,6.626472242250728284e-01,6.178876159951902647e-01,6.626552973692806381e-01,6.178874604576121143e-01,6.626566555901677313e-01,6.178874604745896448e-01,6.626552973525199342e-01,6.178876159992772177e-01,6.626472242270247115e-01,6.626472242169432203e-01,6.178891675216930945e-01,6.625863647183982685e-01,6.180193136155962552e-01,6.594375388546851458e-01,6.108789658052129479e-01,9.999999999999911182e-01,6.108789657995957745e-01,6.594375388571224184e-01,6.180193136019231925e-01,6.625863647167434811e-01,6.178891675115169013e-01,6.626472242074725738e-01,6.178876159990864814e-01,6.626552973329057350e-01,6.178874604634246870e-01,6.626566555845967432e-01,6.178874604559998485e-01,6.626552973485585474e-01,6.178876159925111855e-01,6.178876159884560959e-01,6.626472242191518980e-01,6.178891675352119472e-01,6.625863647081337016e-01,6.180193136332966519e-01,6.594375388761587464e-01,6.108789657995957745e-01,9.999999999999911182e-01,6.108789658171284165e-01,6.594375388527040638e-01,6.180193136475440330e-01,6.625863647128732437e-01,6.178891675231451552e-01,6.626472242373773192e-01,6.178876159811856894e-01,6.626552973548149872e-01,6.178874604700730355e-01,6.626566555807182901e-01,6.178874604663746606e-01,6.626552973542678693e-01,6.626552973511276035e-01,6.178876160048694111e-01,6.626472242378309563e-01,6.178891675305263620e-01,6.625863647227474562e-01,6.180193136430769396e-01,6.594375388571224184e-01,6.108789658171284165e-01,9.999999999999911182e-01,6.108789657953432872e-01,6.594375388840135743e-01,6.180193136286865618e-01,6.625863647136882584e-01,6.178891675489223134e-01,6.626472242169689775e-01,6.178876160073731860e-01,6.626552973624417753e-01,6.178874604727867537e-01,6.626566555881736598e-01,6.178874604798252346e-01,6.178874604405703019e-01,6.626552973394342905e-01,6.178876159830273274e-01,6.626472242013798919e-01,6.178891675112253568e-01,6.625863647080082464e-01,6.180193136019231925e-01,6.594375388527040638e-01,6.108789657953432872e-01,9.999999999999911182e-01,6.108789658049349480e-01,6.594375388433862950e-01,6.180193136049993985e-01,6.625863647118337418e-01,6.178891674954578583e-01,6.626472242106594690e-01,6.178876159784043587e-01,6.626552973363627475e-01,6.178874604464377196e-01,6.626566555786186363e-01,6.626566555892987598e-01,6.178874604849822205e-01,6.626552973725020612e-01,6.178876160065773782e-01,6.626472242375300858e-01,6.178891675512573345e-01,6.625863647167434811e-01,6.180193136475440330e-01,6.594375388840135743e-01,6.108789658049349480e-01,9.999999999999911182e-01,6.108789658157890434e-01,6.594375388693760609e-01,6.180193136566578538e-01,6.625863647141749802e-01,6.178891675495905567e-01,6.626472242398864232e-01,6.178876160090900349e-01,6.626552973639303623e-01,6.178874604894477596e-01,6.178874604505144585e-01,6.626566555775876832e-01,6.178874604653458169e-01,6.626552973406139024e-01,6.178876159882309427e-01,6.626472242250728284e-01,6.178891675115169013e-01,6.625863647128732437e-01,6.180193136286865618e-01,6.594375388433862950e-01,6.108789658157890434e-01,9.999999999999911182e-01,6.108789657903009873e-01,6.594375388720843389e-01,6.180193136055802672e-01,6.625863647138151569e-01,6.178891675197055733e-01,6.626472242081710151e-01,6.178876159844677307e-01,6.626552973471325769e-01,6.626552973459385321e-01,6.178874604625601563e-01,6.626566555884829679e-01,6.178874604548689753e-01,6.626552973457573437e-01,6.178876159951902647e-01,6.626472242074725738e-01,6.178891675231451552e-01,6.625863647136882584e-01,6.180193136049993985e-01,6.594375388693760609e-01,6.108789657903009873e-01,9.999999999999911182e-01,6.108789658136321021e-01,6.594375388371933600e-01,6.180193136272832399e-01,6.625863647126227773e-01,6.178891675188302735e-01,6.626472242256388201e-01,6.178876159938641033e-01,6.178876159997521711e-01,6.626552973578239136e-01,6.178874604850609353e-01,6.626566555878107279e-01,6.178874604799313719e-01,6.626552973692806381e-01,6.178876159990864814e-01,6.626472242373773192e-01,6.178891675489223134e-01,6.625863647118337418e-01,6.180193136566578538e-01,6.594375388720843389e-01,6.108789658136321021e-01,9.999999999999911182e-01,6.108789658046438475e-01,6.594375388845442609e-01,6.180193136419701583e-01,6.625863647151261082e-01,6.178891675392281790e-01,6.626472242273313551e-01,6.626472242117205091e-01,6.178876159815089864e-01,6.626552973470334340e-01,6.178874604459314579e-01,6.626566555742307019e-01,6.178874604576121143e-01,6.626552973329057350e-01,6.178876159811856894e-01,6.626472242169689775e-01,6.178891674954578583e-01,6.625863647141749802e-01,6.180193136055802672e-01,6.594375388371933600e-01,6.108789658046438475e-01,9.999999999999911182e-01,6.108789657966740005e-01,6.594375388503164181e-01,6.180193136117566599e-01,6.625863647099141662e-01,6.178891675196347411e-01,6.178891675259836624e-01,6.626472242284889846e-01,6.178876160070250201e-01,6.626552973525597912e-01,6.178874604740505205e-01,6.626566555901677313e-01,6.178874604634246870e-01,6.626552973548149872e-01,6.178876160073731860e-01,6.626472242106594690e-01,6.178891675495905567e-01,6.625863647138151569e-01,6.180193136272832399e-01,6.594375388845442609e-01,6.108789657966740005e-01,9.999999999999911182e-01,6.108789658136306588e-01,6.594375388674715843e-01,6.180193136312736035e-01,6.625863647200336271e-01,6.625863647066764228e-01,6.178891675308716414e-01,6.626472242237296806e-01,6.178876159911168564e-01,6.626552973558208492e-01,6.178874604745896448e-01,6.626566555845967432e-01,6.178874604700730355e-01,6.626552973624417753e-01,6.178876159784043587e-01,6.626472242398864232e-01,6.178891675197055733e-01,6.625863647126227773e-01,6.180193136419701583e-01,6.594375388503164181e-01,6.108789658136306588e-01,9.999999999999911182e-01,6.108789658041358095e-01,6.594375388618194389e-01,6.180193136363787421e-01,6.180193136173368629e-01,6.625863647228533715e-01,6.178891675324011956e-01,6.626472242218754971e-01,6.178876159938803125e-01,6.626552973525199342e-01,6.178874604559998485e-01,6.626566555807182901e-01,6.178874604727867537e-01,6.626552973363627475e-01,6.178876160090900349e-01,6.626472242081710151e-01,6.178891675188302735e-01,6.625863647151261082e-01,6.180193136117566599e-01,6.594375388674715843e-01,6.108789658041358095e-01,9.999999999999911182e-01,6.108789658005894241e-01,6.594375388711584129e-01,6.594375388466606758e-01,6.180193136276057597e-01,6.625863647074605733e-01,6.178891675194991828e-01,6.626472242219877407e-01,6.178876159992772177e-01,6.626552973485585474e-01,6.178874604663746606e-01,6.626566555881736598e-01,6.178874604464377196e-01,6.626552973639303623e-01,6.178876159844677307e-01,6.626472242256388201e-01,6.178891675392281790e-01,6.625863647099141662e-01,6.180193136312736035e-01,6.594375388618194389e-01,6.108789658005894241e-01,9.999999999999911182e-01,6.108789658104323284e-01,6.108789658036053449e-01,6.594375388771398505e-01,6.180193136398436371e-01,6.625863647193531714e-01,6.178891675361823932e-01,6.626472242270247115e-01,6.178876159925111855e-01,6.626552973542678693e-01,6.178874604798252346e-01,6.626566555786186363e-01,6.178874604894477596e-01,6.626552973471325769e-01,6.178876159938641033e-01,6.626472242273313551e-01,6.178891675196347411e-01,6.625863647200336271e-01,6.180193136363787421e-01,6.594375388711584129e-01,6.108789658104323284e-01,9.999999999999911182e-01
