1.000000000000006661e+00,7.267295924493257786e-01,7.434455993285489228e-01,7.276589860063004123e-01,7.443583981092682933e-01,7.276488774621646671e-01,7.443757867593755462e-01,7.276487541434993878e-01,7.443778371915541481e-01,7.276487466458272380e-01,7.443781698389952961e-01,7.276487466505229262e-01,7.443778371771460067e-01,7.276487541295892925e-01,7.443757867449045662e-01,7.276488774212075406e-01,7.443583980860248861e-01,7.276589859816379180e-01,7.434455993092420334e-01,7.267295924430792198e-01,7.267295924493257786e-01,1.000000000000006661e+00,7.267295924702227294e-01,7.434455994245963151e-01,7.276589860170781243e-01,7.443583982130657084e-01,7.276488774327095621e-01,7.443757868548314116e-01,7.276487541594076625e-01,7.443778372477808380e-01,7.276487467064441939e-01,7.443781699025239229e-01,7.276487466747313393e-01,7.443778372573485180e-01,7.276487541159293304e-01,7.443757868425795454e-01,7.276488774310259089e-01,7.443583981889476675e-01,7.276589860066889903e-01,7.434455994246801369e-01,7.434455993285489228e-01,7.267295924702227294e-01,1.000000000000006661e+00,7.267295924706794752e-01,7.434455993451096756e-01,7.276589860557958200e-01,7.443583981244127346e-01,7.276488774640450519e-01,7.443757868041072090e-01,7.276487541249455626e-01,7.443778372171299118e-01,7.276487466707356466e-01,7.443781698442555328e-01,7.276487466906913504e-01,7.443778371735897403e-01,7.276487541382572477e-01,7.443757867530111927e-01,7.276488774243625723e-01,7.443583980999645133e-01,7.276589860184434766e-01,7.276589860063004123e-01,7.434455994245963151e-01,7.267295924706794752e-01,1.000000000000006661e+00,7.267295924623737857e-01,7.434455994517040756e-01,7.276589860072777416e-01,7.443583982045248737e-01,7.276488774600552434e-01,7.443757868266727140e-01,7.276487541662572944e-01,7.443778372476125282e-01,7.276487466744152588e-01,7.443781699172283828e-01,7.276487466546401883e-01,7.443778372622142925e-01,7.276487541294276440e-01,7.443757868440036285e-01,7.276488774310538865e-01,7.443583981988238785e-01,7.443583981092682933e-01,7.276589860170781243e-01,7.434455993451096756e-01,7.267295924623737857e-01,1.000000000000006661e+00,7.267295924926532313e-01,7.434455993245274730e-01,7.276589860310668234e-01,7.443583981367902780e-01,7.276488774197349407e-01,7.443757867919730264e-01,7.276487541223812805e-01,7.443778371866027754e-01,7.276487466812682214e-01,7.443781698201614727e-01,7.276487466720384933e-01,7.443778371776303970e-01,7.276487541148246585e-01,7.443757867605217404e-01,7.276488774351336231e-01,7.276488774621646671e-01,7.443583982130657084e-01,7.276589860557958200e-01,7.434455994517040756e-01,7.267295924926532313e-01,1.000000000000006661e+00,7.267295924810069918e-01,7.434455994674095125e-01,7.276589860660955811e-01,7.443583982036158231e-01,7.276488774976576090e-01,7.443757868626401653e-01,7.276487541643769097e-01,7.443778372915602626e-01,7.276487466865324549e-01,7.443781699288816167e-01,7.276487466995658071e-01,7.443778372674385579e-01,7.276487541593704700e-01,7.443757868669961253e-01,7.443757867593755462e-01,7.276488774327095621e-01,7.443583981244127346e-01,7.276589860072777416e-01,7.434455993245274730e-01,7.267295924810069918e-01,1.000000000000006661e+00,7.267295924650634120e-01,7.434455993399605722e-01,7.276589859854454279e-01,7.443583981199255462e-01,7.276488774162506168e-01,7.443757867461867628e-01,7.276487541324427877e-01,7.443778371545907158e-01,7.276487466633353440e-01,7.443781698293107096e-01,7.276487466472367771e-01,7.443778371772268310e-01,7.276487541231309031e-01,7.276487541434993878e-01,7.443757868548314116e-01,7.276488774640450519e-01,7.443583982045248737e-01,7.276589860310668234e-01,7.434455994674095125e-01,7.267295924650634120e-01,1.000000000000006661e+00,7.267295924954840780e-01,7.434455994174865578e-01,7.276589860573240420e-01,7.443583981988274312e-01,7.276488774516570723e-01,7.443757868714983017e-01,7.276487541318423791e-01,7.443778372652931630e-01,7.276487466841438101e-01,7.443781699056173373e-01,7.276487466860461772e-01,7.443778372739060512e-01,7.443778371915541481e-01,7.276487541594076625e-01,7.443757868041072090e-01,7.276488774600552434e-01,7.443583981367902780e-01,7.276589860660955811e-01,7.434455993399605722e-01,7.267295924954840780e-01,1.000000000000006661e+00,7.267295924565259080e-01,7.434455993716787559e-01,7.276589860199422777e-01,7.443583981107357861e-01,7.276488774638474322e-01,7.443757867529123828e-01,7.276487541530298753e-01,7.443778371948751582e-01,7.276487466758718714e-01,7.443781698427240912e-01,7.276487466951936378e-01,7.276487466458272380e-01,7.443778372477808380e-01,7.276487541249455626e-01,7.443757868266727140e-01,7.276488774197349407e-01,7.443583982036158231e-01,7.276589859854454279e-01,7.434455994174865578e-01,7.267295924565259080e-01,1.000000000000006661e+00,7.267295924621648417e-01,7.434455993842165045e-01,7.276589859886956058e-01,7.443583981839536623e-01,7.276488773954146172e-01,7.443757868234279762e-01,7.276487541066434250e-01,7.443778372282868760e-01,7.276487466488298361e-01,7.443781699047327116e-01,7.443781698389952961e-01,7.276487467064441939e-01,7.443778372171299118e-01,7.276487541662572944e-01,7.443757867919730264e-01,7.276488774976576090e-01,7.443583981199255462e-01,7.276589860573240420e-01,7.434455993716787559e-01,7.267295924621648417e-01,1.000000000000006661e+00,7.267295924666519191e-01,7.434455993473731983e-01,7.276589860437768786e-01,7.443583981022715568e-01,7.276488774602960508e-01,7.443757867772911041e-01,7.276487541411376103e-01,7.443778371924146819e-01,7.276487466990608777e-01,7.276487466505229262e-01,7.443781699025239229e-01,7.276487466707356466e-01,7.443778372476125282e-01,7.276487541223812805e-01,7.443757868626401653e-01,7.276488774162506168e-01,7.443583981988274312e-01,7.276589860199422777e-01,7.434455993842165045e-01,7.267295924666519191e-01,1.000000000000006661e+00,7.267295924348006197e-01,7.434455994076386576e-01,7.276589859739173161e-01,7.443583981690000684e-01,7.276488774156658623e-01,7.443757868118835441e-01,7.276487541127816261e-01,7.443778372467894089e-01,7.443778371771460067e-01,7.276487466747313393e-01,7.443781698442555328e-01,7.276487466744152588e-01,7.443778371866027754e-01,7.276487541643769097e-01,7.443757867461867628e-01,7.276488774516570723e-01,7.443583981107357861e-01,7.276589859886956058e-01,7.434455993473731983e-01,7.267295924348006197e-01,1.000000000000006661e+00,7.267295924544280306e-01,7.434455993016327868e-01,7.276589860022203426e-01,7.443583980959260771e-01,7.276488774123175407e-01,7.443757867615954371e-01,7.276487541287088856e-01,7.276487541295892925e-01,7.443778372573485180e-01,7.276487466906913504e-01,7.443781699172283828e-01,7.276487466812682214e-01,7.443778372915602626e-01,7.276487541324427877e-01,7.443757868714983017e-01,7.276488774638474322e-01,7.443583981839536623e-01,7.276589860437768786e-01,7.434455994076386576e-01,7.267295924544280306e-01,1.000000000000006661e+00,7.267295924347695335e-01,7.434455994145420243e-01,7.276589860069861970e-01,7.443583981637400537e-01,7.276488774331061338e-01,7.443757868296917435e-01,7.443757867449045662e-01,7.276487541159293304e-01,7.443778371735897403e-01,7.276487466546401883e-01,7.443781698201614727e-01,7.276487466865324549e-01,7.443778371545907158e-01,7.276487541318423791e-01,7.443757867529123828e-01,7.276488773954146172e-01,7.443583981022715568e-01,7.276589859739173161e-01,7.434455993016327868e-01,7.267295924347695335e-01,1.000000000000006661e+00,7.267295924246118810e-01,7.434455992988736606e-01,7.276589859685178574e-01,7.443583980956149926e-01,7.276488774111221636e-01,7.276488774212075406e-01,7.443757868425795454e-01,7.276487541382572477e-01,7.443778372622142925e-01,7.276487466720384933e-01,7.443781699288816167e-01,7.276487466633353440e-01,7.443778372652931630e-01,7.276487541530298753e-01,7.443757868234279762e-01,7.276488774602960508e-01,7.443583981690000684e-01,7.276589860022203426e-01,7.434455994145420243e-01,7.267295924246118810e-01,1.000000000000006661e+00,7.267295924396138807e-01,7.434455993885015213e-01,7.276589860004307742e-01,7.443583981697551311e-01,7.443583980860248861e-01,7.276488774310259089e-01,7.443757867530111927e-01,7.276487541294276440e-01,7.443778371776303970e-01,7.276487466995658071e-01,7.443781698293107096e-01,7.276487466841438101e-01,7.443778371948751582e-01,7.276487541066434250e-01,7.443757867772911041e-01,7.276488774156658623e-01,7.443583980959260771e-01,7.276589860069861970e-01,7.434455992988736606e-01,7.267295924396138807e-01,1.000000000000006661e+00,7.267295924250767314e-01,7.434455993161765974e-01,7.276589859999282872e-01,7.276589859816379180e-01,7.443583981889476675e-01,7.276488774243625723e-01,7.443757868440036285e-01,7.276487541148246585e-01,7.443778372674385579e-01,7.276487466472367771e-01,7.443781699056173373e-01,7.276487466758718714e-01,7.443778372282868760e-01,7.276487541411376103e-01,7.443757868118835441e-01,7.276488774123175407e-01,7.443583981637400537e-01,7.276589859685178574e-01,7.434455993885015213e-01,7.267295924250767314e-01,1.000000000000006661e+00,7.267295924274155272e-01,7.434455993972437504e-01,7.434455993092420334e-01,7.276589860066889903e-01,7.443583980999645133e-01,7.276488774310538865e-01,7.443757867605217404e-01,7.276487541593704700e-01,7.443778371772268310e-01,7.276487466860461772e-01,7.443781698427240912e-01,7.276487466488298361e-01,7.443778371924146819e-01,7.276487541127816261e-01,7.443757867615954371e-01,7.276488774331061338e-01,7.443583980956149926e-01,7.276589860004307742e-01,7.434455993161765974e-01,7.267295924274155272e-01,1.000000000000006661e+00,7.267295924463180734e-01,7.267295924430792198e-01,7.434455994246801369e-01,7.276589860184434766e-01,7.443583981988238785e-01,7.276488774351336231e-01,7.443757868669961253e-01,7.276487541231309031e-01,7.443778372739060512e-01,7.276487466951936378e-01,7.443781699047327116e-01,7.276487466990608777e-01,7.443778372467894089e-01,7.276487541287088856e-01,7.443757868296917435e-01,7.276488774111221636e-01,7.443583981697551311e-01,7.276589859999282872e-01,7.434455993972437504e-01,7.267295924463180734e-01,1.000000000000006661e+00
1.000000000000002887e+00,7.024199182905734862e-01,7.252253602733933491e-01,7.041330203942364196e-01,7.265102396692271203e-01,7.041121945141869398e-01,7.265349116811524732e-01,7.041119392082215711e-01,7.265379000726223113e-01,7.041119212077897593e-01,7.265383884953865445e-01,7.041119212228340585e-01,7.265379000730365355e-01,7.041119392298702540e-01,7.265349116686474762e-01,7.041121945065946797e-01,7.265102396805283025e-01,7.041330204068754206e-01,7.252253602710151403e-01,7.024199183060073626e-01,7.024199182905734862e-01,1.000000000000002887e+00,7.024199183063075669e-01,7.252253604172801404e-01,7.041330204240232593e-01,7.265102397927858391e-01,7.041121945178849817e-01,7.265349117878744378e-01,7.041119392307787495e-01,7.265379001708144324e-01,7.041119213172868374e-01,7.265383885859448831e-01,7.041119212639188607e-01,7.265379002123409924e-01,7.041119392220061002e-01,7.265349117869538409e-01,7.041121945641738433e-01,7.265102398072040835e-01,7.041330204296606388e-01,7.252253604553903221e-01,7.252253602733933491e-01,7.024199183063075669e-01,1.000000000000002887e+00,7.024199182850437984e-01,7.252253602837291924e-01,7.041330204197865372e-01,7.265102396581657462e-01,7.041121945374804181e-01,7.265349116950718944e-01,7.041119391815965356e-01,7.265379001254148594e-01,7.041119212377781045e-01,7.265383884833707118e-01,7.041119212889945800e-01,7.265379000880315408e-01,7.041119392101878871e-01,7.265349116980819311e-01,7.041121945275661265e-01,7.265102396617688640e-01,7.041330204439725238e-01,7.041330203942364196e-01,7.252253604172801404e-01,7.024199182850437984e-01,1.000000000000002887e+00,7.024199182802108865e-01,7.252253604120673103e-01,7.041330203926655651e-01,7.265102397820737412e-01,7.041121945244062097e-01,7.265349117278891988e-01,7.041119392541336230e-01,7.265379001606580012e-01,7.041119212426728557e-01,7.265383886076125508e-01,7.041119212442861208e-01,7.265379001720959629e-01,7.041119392294867829e-01,7.265349117931860778e-01,7.041121945159561912e-01,7.265102398125000693e-01,7.265102396692271203e-01,7.041330204240232593e-01,7.252253602837291924e-01,7.024199182802108865e-01,1.000000000000002887e+00,7.024199182926292861e-01,7.252253602698718327e-01,7.041330204260991543e-01,7.265102396965866793e-01,7.041121944882908767e-01,7.265349117215116337e-01,7.041119391901436986e-01,7.265379000689927702e-01,7.041119212852268161e-01,7.265383884767090406e-01,7.041119212473884170e-01,7.265379000887195460e-01,7.041119392124615128e-01,7.265349116577027866e-01,7.041121945473804988e-01,7.041121945141869398e-01,7.265102397927858391e-01,7.041330204197865372e-01,7.252253604120673103e-01,7.024199182926292861e-01,1.000000000000002887e+00,7.024199182789186979e-01,7.252253604245801899e-01,7.041330204284286243e-01,7.265102397640968990e-01,7.041121945773289870e-01,7.265349117809116741e-01,7.041119392110122277e-01,7.265379002201171055e-01,7.041119212576377739e-01,7.265383885869958203e-01,7.041119212855821985e-01,7.265379001905194478e-01,7.041119392163737167e-01,7.265349117869477347e-01,7.265349116811524732e-01,7.041121945178849817e-01,7.265102396581657462e-01,7.041330203926655651e-01,7.252253602698718327e-01,7.024199182789186979e-01,1.000000000000002887e+00,7.024199182870884961e-01,7.252253602782533504e-01,7.041330203684516009e-01,7.265102396883467151e-01,7.041121944905329721e-01,7.265349116462755941e-01,7.041119392281343092e-01,7.265379000647078644e-01,7.041119212360256174e-01,7.265383884964204952e-01,7.041119212413621264e-01,7.265379000778950935e-01,7.041119392191831361e-01,7.041119392082215711e-01,7.265349117878744378e-01,7.041121945374804181e-01,7.265102397820737412e-01,7.041330204260991543e-01,7.252253604245801899e-01,7.024199182870884961e-01,1.000000000000002887e+00,7.024199183134308688e-01,7.252253604011303922e-01,7.041330204783059488e-01,7.265102397998900452e-01,7.041121945323735032e-01,7.265349118324624378e-01,7.041119392187520365e-01,7.265379001897150912e-01,7.041119212898395707e-01,7.265383885972965805e-01,7.041119212673563332e-01,7.265379001981495666e-01,7.265379000726223113e-01,7.041119392307787495e-01,7.265349116950718944e-01,7.041121945244062097e-01,7.265102396965866793e-01,7.041330204284286243e-01,7.252253602782533504e-01,7.024199183134308688e-01,1.000000000000002887e+00,7.024199182688756204e-01,7.252253603397182946e-01,7.041330204091154066e-01,7.265102396727867173e-01,7.041121945650192782e-01,7.265349116791379736e-01,7.041119392178427638e-01,7.265379001046722296e-01,7.041119212656179460e-01,7.265383884763723099e-01,7.041119212904985991e-01,7.041119212077897593e-01,7.265379001708144324e-01,7.041119391815965356e-01,7.265349117278891988e-01,7.041121944882908767e-01,7.265102397640968990e-01,7.041330203684516009e-01,7.252253604011303922e-01,7.024199182688756204e-01,1.000000000000002887e+00,7.024199183130304114e-01,7.252253603644163160e-01,7.041330203824990308e-01,7.265102397937780454e-01,7.041121944909367603e-01,7.265349117643402632e-01,7.041119392051493620e-01,7.265379001706514517e-01,7.041119212224006274e-01,7.265383886059770813e-01,7.265383884953865445e-01,7.041119213172868374e-01,7.265379001254148594e-01,7.041119392541336230e-01,7.265349117215116337e-01,7.041121945773289870e-01,7.265102396883467151e-01,7.041330204783059488e-01,7.252253603397182946e-01,7.024199183130304114e-01,1.000000000000002887e+00,7.024199183275852132e-01,7.252253603342333488e-01,7.041330205023516031e-01,7.265102397106421028e-01,7.041121945718067376e-01,7.265349117393509193e-01,7.041119392655628140e-01,7.265379001180587437e-01,7.041119213313243863e-01,7.041119212228340585e-01,7.265383885859448831e-01,7.041119212377781045e-01,7.265379001606580012e-01,7.041119391901436986e-01,7.265349117809116741e-01,7.041121944905329721e-01,7.265102397998900452e-01,7.041330204091154066e-01,7.252253603644163160e-01,7.024199183275852132e-01,1.000000000000002887e+00,7.024199182712367318e-01,7.252253604329903514e-01,7.041330203968181323e-01,7.265102397888733021e-01,7.041121945335315768e-01,7.265349117579795735e-01,7.041119391936810912e-01,7.265379001857297236e-01,7.265379000730365355e-01,7.041119212639188607e-01,7.265383884833707118e-01,7.041119212426728557e-01,7.265379000689927702e-01,7.041119392110122277e-01,7.265349116462755941e-01,7.041121945323735032e-01,7.265102396727867173e-01,7.041330203824990308e-01,7.252253603342333488e-01,7.024199182712367318e-01,1.000000000000002887e+00,7.024199183245732891e-01,7.252253602775872166e-01,7.041330204119242708e-01,7.265102396990328337e-01,7.041121945249662062e-01,7.265349117000343693e-01,7.041119392344012962e-01,7.041119392298702540e-01,7.265379002123409924e-01,7.041119212889945800e-01,7.265383886076125508e-01,7.041119212852268161e-01,7.265379002201171055e-01,7.041119392281343092e-01,7.265349118324624378e-01,7.041121945650192782e-01,7.265102397937780454e-01,7.041330205023516031e-01,7.252253604329903514e-01,7.024199183245732891e-01,1.000000000000002887e+00,7.024199183262994639e-01,7.252253604462365333e-01,7.041330204786468983e-01,7.265102398024357866e-01,7.041121945583447284e-01,7.265349118168795695e-01,7.265349116686474762e-01,7.041119392220061002e-01,7.265379000880315408e-01,7.041119212442861208e-01,7.265383884767090406e-01,7.041119212576377739e-01,7.265379000647078644e-01,7.041119392187520365e-01,7.265349116791379736e-01,7.041121944909367603e-01,7.265102397106421028e-01,7.041330203968181323e-01,7.252253602775872166e-01,7.024199183262994639e-01,1.000000000000002887e+00,7.024199182892325588e-01,7.252253603138628657e-01,7.041330204197850939e-01,7.265102396891013337e-01,7.041121945493624690e-01,7.041121945065946797e-01,7.265349117869538409e-01,7.041119392101878871e-01,7.265379001720959629e-01,7.041119212473884170e-01,7.265383885869958203e-01,7.041119212360256174e-01,7.265379001897150912e-01,7.041119392178427638e-01,7.265349117643402632e-01,7.041121945718067376e-01,7.265102397888733021e-01,7.041330204119242708e-01,7.252253604462365333e-01,7.024199182892325588e-01,1.000000000000002887e+00,7.024199183191074392e-01,7.252253604122095298e-01,7.041330204163454010e-01,7.265102398094245295e-01,7.265102396805283025e-01,7.041121945641738433e-01,7.265349116980819311e-01,7.041119392294867829e-01,7.265379000887195460e-01,7.041119212855821985e-01,7.265383884964204952e-01,7.041119212898395707e-01,7.265379001046722296e-01,7.041119392051493620e-01,7.265349117393509193e-01,7.041121945335315768e-01,7.265102396990328337e-01,7.041330204786468983e-01,7.252253603138628657e-01,7.024199183191074392e-01,1.000000000000002887e+00,7.024199183250454670e-01,7.252253603126371795e-01,7.041330204694108419e-01,7.041330204068754206e-01,7.265102398072040835e-01,7.041121945275661265e-01,7.265349117931860778e-01,7.041119392124615128e-01,7.265379001905194478e-01,7.041119212413621264e-01,7.265383885972965805e-01,7.041119212656179460e-01,7.265379001706514517e-01,7.041119392655628140e-01,7.265349117579795735e-01,7.041121945249662062e-01,7.265102398024357866e-01,7.041330204197850939e-01,7.252253604122095298e-01,7.024199183250454670e-01,1.000000000000002887e+00,7.024199182969153021e-01,7.252253604451017743e-01,7.252253602710151403e-01,7.041330204296606388e-01,7.265102396617688640e-01,7.041121945159561912e-01,7.265349116577027866e-01,7.041119392163737167e-01,7.265379000778950935e-01,7.041119212673563332e-01,7.265383884763723099e-01,7.041119212224006274e-01,7.265379001180587437e-01,7.041119391936810912e-01,7.265349117000343693e-01,7.041121945583447284e-01,7.265102396891013337e-01,7.041330204163454010e-01,7.252253603126371795e-01,7.024199182969153021e-01,1.000000000000002887e+00,7.024199183209069997e-01,7.024199183060073626e-01,7.252253604553903221e-01,7.041330204439725238e-01,7.265102398125000693e-01,7.041121945473804988e-01,7.265349117869477347e-01,7.041119392191831361e-01,7.265379001981495666e-01,7.041119212904985991e-01,7.265383886059770813e-01,7.041119213313243863e-01,7.265379001857297236e-01,7.041119392344012962e-01,7.265349118168795695e-01,7.041121945493624690e-01,7.265102398094245295e-01,7.041330204694108419e-01,7.252253604451017743e-01,7.024199183209069997e-01,1.000000000000002887e+00
9.999999999999945599e-01,6.654995377383556843e-01,6.982029242930574142e-01,6.688750641632532634e-01,7.000026710142732700e-01,6.688299664412054035e-01,7.000387882904096637e-01,6.688293981558066648e-01,7.000432582323180553e-01,6.688293532403039032e-01,7.000439954447753577e-01,6.688293532645425143e-01,7.000432582309901175e-01,6.688293981815220945e-01,7.000387883029621783e-01,6.688299664507006970e-01,7.000026710168564259e-01,6.688750641746132874e-01,6.982029242922948020e-01,6.654995377490762198e-01,6.654995377383556843e-01,9.999999999999945599e-01,6.654995377659401745e-01,6.982029242950305026e-01,6.688750642053338247e-01,7.000026710114940487e-01,6.688299664243101406e-01,7.000387882870090506e-01,6.688293982001070059e-01,7.000432581925726261e-01,6.688293533477651653e-01,7.000439954063895076e-01,6.688293533098544907e-01,7.000432582356024280e-01,6.688293981538360189e-01,7.000387883287949586e-01,6.688299664634497210e-01,7.000026710369595673e-01,6.688750642219465359e-01,6.982029243407766872e-01,6.982029242930574142e-01,6.654995377659401745e-01,9.999999999999945599e-01,6.654995377381462962e-01,6.982029243182465983e-01,6.688750642215356423e-01,7.000026710299755983e-01,6.688299664605822370e-01,7.000387883435661429e-01,6.688293981419751733e-01,7.000432582728021158e-01,6.688293532909073136e-01,7.000439954481556537e-01,6.688293533353177889e-01,7.000432582211273402e-01,6.688293982058605147e-01,7.000387883049773441e-01,6.688299664524933741e-01,7.000026710101568961e-01,6.688750642285079540e-01,6.688750641632532634e-01,6.982029242950305026e-01,6.654995377381462962e-01,9.999999999999945599e-01,6.654995377257018063e-01,6.982029243002808583e-01,6.688750641550047504e-01,7.000026709828421900e-01,6.688299664546204504e-01,7.000387882415302077e-01,6.688293981980480973e-01,7.000432581832461976e-01,6.688293532843585520e-01,7.000439954208433901e-01,6.688293532621022441e-01,7.000432582239644042e-01,6.688293981639582553e-01,7.000387882855519939e-01,6.688299664438313030e-01,7.000026710153545162e-01,7.000026710142732700e-01,6.688750642053338247e-01,6.982029243182465983e-01,6.654995377257018063e-01,9.999999999999945599e-01,6.654995377622133779e-01,6.982029242815365189e-01,6.688750642037227800e-01,7.000026710404001484e-01,6.688299664055172844e-01,7.000387883393379695e-01,6.688293981537682953e-01,7.000432582253501845e-01,6.688293533235589727e-01,7.000439954109867191e-01,6.688293533188156559e-01,7.000432582349694899e-01,6.688293981622015494e-01,7.000387883093792674e-01,6.688299664631840447e-01,6.688299664412054035e-01,7.000026710114940487e-01,6.688750642215356423e-01,6.982029243002808583e-01,6.654995377622133779e-01,9.999999999999945599e-01,6.654995377386990763e-01,6.982029243295575505e-01,6.688750642392916612e-01,7.000026710009399356e-01,6.688299665043402342e-01,7.000387883062739736e-01,6.688293981888162598e-01,7.000432582639978252e-01,6.688293532890769999e-01,7.000439954481808558e-01,6.688293533211358000e-01,7.000432582139398674e-01,6.688293981993509441e-01,7.000387883073960760e-01,7.000387882904096637e-01,6.688299664243101406e-01,7.000026710299755983e-01,6.688750641550047504e-01,6.982029242815365189e-01,6.654995377386990763e-01,9.999999999999945599e-01,6.654995377269896650e-01,6.982029243031934174e-01,6.688750641345442283e-01,7.000026710370897964e-01,6.688299664006308598e-01,7.000387882831379249e-01,6.688293981694770629e-01,7.000432581938702548e-01,6.688293532928024643e-01,7.000439954320276659e-01,6.688293532620581683e-01,7.000432582245448287e-01,6.688293981616239003e-01,6.688293981558066648e-01,7.000387882870090506e-01,6.688299664605822370e-01,7.000026709828421900e-01,6.688750642037227800e-01,6.982029243295575505e-01,6.654995377269896650e-01,9.999999999999945599e-01,6.654995377805276169e-01,6.982029242820407822e-01,6.688750642465819407e-01,7.000026710187082779e-01,6.688299664537736833e-01,7.000387883418850432e-01,6.688293981502166918e-01,7.000432582408663285e-01,6.688293533113348621e-01,7.000439954070327708e-01,6.688293533139442193e-01,7.000432582274086490e-01,7.000432582323180553e-01,6.688293982001070059e-01,7.000387883435661429e-01,6.688299664546204504e-01,7.000026710404001484e-01,6.688750642392916612e-01,6.982029243031934174e-01,6.654995377805276169e-01,9.999999999999945599e-01,6.654995377364835152e-01,6.982029243742514657e-01,6.688750642059086982e-01,7.000026710432856181e-01,6.688299664948925694e-01,7.000387883172222159e-01,6.688293982148336703e-01,7.000432582651775482e-01,6.688293533144538117e-01,7.000439954546621157e-01,6.688293533380543776e-01,6.688293532403039032e-01,7.000432581925726261e-01,6.688293981419751733e-01,7.000387882415302077e-01,6.688299664055172844e-01,7.000026710009399356e-01,6.688750641345442283e-01,6.982029242820407822e-01,6.654995377364835152e-01,9.999999999999945599e-01,6.654995377593986294e-01,6.982029242666851765e-01,6.688750641648177897e-01,7.000026710235054406e-01,6.688299663840411302e-01,7.000387882903896797e-01,6.688293981425635915e-01,7.000432581824667100e-01,6.688293532709814748e-01,7.000439954109833884e-01,7.000439954447753577e-01,6.688293533477651653e-01,7.000432582728021158e-01,6.688293981980480973e-01,7.000387883393379695e-01,6.688299665043402342e-01,7.000026710370897964e-01,6.688750642465819407e-01,6.982029243742514657e-01,6.654995377593986294e-01,9.999999999999945599e-01,6.654995377832080283e-01,6.982029243565046617e-01,6.688750642710353800e-01,7.000026710537687880e-01,6.688299665111490100e-01,7.000387883677858802e-01,6.688293982078310496e-01,7.000432582699490647e-01,6.688293533607438945e-01,6.688293532645425143e-01,7.000439954063895076e-01,6.688293532909073136e-01,7.000432581832461976e-01,6.688293981537682953e-01,7.000387883062739736e-01,6.688299664006308598e-01,7.000026710187082779e-01,6.688750642059086982e-01,6.982029242666851765e-01,6.654995377832080283e-01,9.999999999999945599e-01,6.654995377409141932e-01,6.982029243297374066e-01,6.688750641638382399e-01,7.000026710283604459e-01,6.688299664360071173e-01,7.000387882751131219e-01,6.688293981655902831e-01,7.000432582163423900e-01,7.000432582309901175e-01,6.688293533098544907e-01,7.000439954481556537e-01,6.688293532843585520e-01,7.000432582253501845e-01,6.688293981888162598e-01,7.000387882831379249e-01,6.688299664537736833e-01,7.000026710432856181e-01,6.688750641648177897e-01,6.982029243565046617e-01,6.654995377409141932e-01,9.999999999999945599e-01,6.654995377901680165e-01,6.982029242943315062e-01,6.688750642301050098e-01,7.000026710540513397e-01,6.688299664427928004e-01,7.000387883434546765e-01,6.688293981917801112e-01,6.688293981815220945e-01,7.000432582356024280e-01,6.688293533353177889e-01,7.000439954208433901e-01,6.688293533235589727e-01,7.000432582639978252e-01,6.688293981694770629e-01,7.000387883418850432e-01,6.688299664948925694e-01,7.000026710235054406e-01,6.688750642710353800e-01,6.982029243297374066e-01,6.654995377901680165e-01,9.999999999999945599e-01,6.654995377639729703e-01,6.982029243651916017e-01,6.688750642402903068e-01,7.000026710206770364e-01,6.688299664874615136e-01,7.000387883123456723e-01,7.000387883029621783e-01,6.688293981538360189e-01,7.000432582211273402e-01,6.688293532621022441e-01,7.000439954109867191e-01,6.688293532890769999e-01,7.000432581938702548e-01,6.688293981502166918e-01,7.000387883172222159e-01,6.688299663840411302e-01,7.000026710537687880e-01,6.688750641638382399e-01,6.982029242943315062e-01,6.654995377639729703e-01,9.999999999999945599e-01,6.654995377588228678e-01,6.982029243078529124e-01,6.688750641722995827e-01,7.000026710470679259e-01,6.688299664427753699e-01,6.688299664507006970e-01,7.000387883287949586e-01,6.688293982058605147e-01,7.000432582239644042e-01,6.688293533188156559e-01,7.000439954481808558e-01,6.688293532928024643e-01,7.000432582408663285e-01,6.688293982148336703e-01,7.000387882903896797e-01,6.688299665111490100e-01,7.000026710283604459e-01,6.688750642301050098e-01,6.982029243651916017e-01,6.654995377588228678e-01,9.999999999999945599e-01,6.654995377911365750e-01,6.982029243250342798e-01,6.688750642343084252e-01,7.000026710365740978e-01,7.000026710168564259e-01,6.688299664634497210e-01,7.000387883049773441e-01,6.688293981639582553e-01,7.000432582349694899e-01,6.688293533211358000e-01,7.000439954320276659e-01,6.688293533113348621e-01,7.000432582651775482e-01,6.688293981425635915e-01,7.000387883677858802e-01,6.688299664360071173e-01,7.000026710540513397e-01,6.688750642402903068e-01,6.982029243078529124e-01,6.654995377911365750e-01,9.999999999999945599e-01,6.654995377561879755e-01,6.982029243372146476e-01,6.688750642280242298e-01,6.688750641746132874e-01,7.000026710369595673e-01,6.688299664524933741e-01,7.000387882855519939e-01,6.688293981622015494e-01,7.000432582139398674e-01,6.688293532620581683e-01,7.000439954070327708e-01,6.688293533144538117e-01,7.000432581824667100e-01,6.688293982078310496e-01,7.000387882751131219e-01,6.688299664427928004e-01,7.000026710206770364e-01,6.688750641722995827e-01,6.982029243250342798e-01,6.654995377561879755e-01,9.999999999999945599e-01,6.654995377559642655e-01,6.982029243226686166e-01,6.982029242922948020e-01,6.688750642219465359e-01,7.000026710101568961e-01,6.688299664438313030e-01,7.000387883093792674e-01,6.688293981993509441e-01,7.000432582245448287e-01,6.688293533139442193e-01,7.000439954546621157e-01,6.688293532709814748e-01,7.000432582699490647e-01,6.688293981655902831e-01,7.000387883434546765e-01,6.688299664874615136e-01,7.000026710470679259e-01,6.688750642343084252e-01,6.982029243372146476e-01,6.654995377559642655e-01,9.999999999999945599e-01,6.654995377807551016e-01,6.654995377490762198e-01,6.982029243407766872e-01,6.688750642285079540e-01,7.000026710153545162e-01,6.688299664631840447e-01,7.000387883073960760e-01,6.688293981616239003e-01,7.000432582274086490e-01,6.688293533380543776e-01,7.000439954109833884e-01,6.688293533607438945e-01,7.000432582163423900e-01,6.688293981917801112e-01,7.000387883123456723e-01,6.688299664427753699e-01,7.000026710365740978e-01,6.688750642280242298e-01,6.982029243226686166e-01,6.654995377807551016e-01,9.999999999999945599e-01
9.999999999999890088e-01,6.076277524512310180e-01,6.575796208061592818e-01,6.147544156247155556e-01,6.599305273180106068e-01,6.146562212766905064e-01,6.599868694678335812e-01,6.146547167823724900e-01,6.599937051700081048e-01,6.146545967571830360e-01,6.599948407663520644e-01,6.146545967656178444e-01,6.599937051663128385e-01,6.146547167947725709e-01,6.599868694686943371e-01,6.146562212875126274e-01,6.599305273203192046e-01,6.147544156371178570e-01,6.575796208050803671e-01,6.076277524589757117e-01,6.076277524512310180e-01,9.999999999999890088e-01,6.076277524579928313e-01,6.575796207141184624e-01,6.147544156439681551e-01,6.599305272235431730e-01,6.146562212830726235e-01,6.599868693717367840e-01,6.146547167943847700e-01,6.599937050694543172e-01,6.146545967877832251e-01,6.599948406637793363e-01,6.146545967738202831e-01,6.599937050834685515e-01,6.146547167820988200e-01,6.599868693814805454e-01,6.146562212919598478e-01,6.599305272347413265e-01,6.147544156430134743e-01,6.575796207306006114e-01,6.575796208061592818e-01,6.076277524579928313e-01,9.999999999999890088e-01,6.076277524471637159e-01,6.575796208123018127e-01,6.147544156389435077e-01,6.599305273213758039e-01,6.146562212899128186e-01,6.599868694753805443e-01,6.146547167792766331e-01,6.599937051804485311e-01,6.146545967716606773e-01,6.599948407627023172e-01,6.146545967844891933e-01,6.599937051666218135e-01,6.146547167935886291e-01,6.599868694695006921e-01,6.146562212933532887e-01,6.599305273131380600e-01,6.147544156499775703e-01,6.147544156247155556e-01,6.575796207141184624e-01,6.076277524471637159e-01,9.999999999999890088e-01,6.076277524467111890e-01,6.575796207118876913e-01,6.147544156278567096e-01,6.599305272175558512e-01,6.146562212879906895e-01,6.599868693597894520e-01,6.146547167937854717e-01,6.599937050657047610e-01,6.146545967633145757e-01,6.599948406665346878e-01,6.146545967609383654e-01,6.599937050707594954e-01,6.146547167799828459e-01,6.599868693720695179e-01,6.146562212796659042e-01,6.599305272283901846e-01,6.599305273180106068e-01,6.147544156439681551e-01,6.575796208123018127e-01,6.076277524467111890e-01,9.999999999999890088e-01,6.076277524546443987e-01,6.575796208080166849e-01,6.147544156448062624e-01,6.599305273270565930e-01,6.146562212789539181e-01,6.599868694816349857e-01,6.146547167861359240e-01,6.599937051655851983e-01,6.146545967848888736e-01,6.599948407565568997e-01,6.146545967782255371e-01,6.599937051708022473e-01,6.146547167892646435e-01,6.599868694649169143e-01,6.146562212973141204e-01,6.146562212766905064e-01,6.599305272235431730e-01,6.147544156389435077e-01,6.575796207118876913e-01,6.076277524546443987e-01,9.999999999999890088e-01,6.076277524506257244e-01,6.575796207217026179e-01,6.147544156479924915e-01,6.599305272217408369e-01,6.146562213019767240e-01,6.599868693763559779e-01,6.146547167853018134e-01,6.599937050866285793e-01,6.146545967647645270e-01,6.599948406670829160e-01,6.146545967730427940e-01,6.599937050728885701e-01,6.146547167860472172e-01,6.599868693740547076e-01,6.599868694678335812e-01,6.146562212830726235e-01,6.599305273213758039e-01,6.147544156278567096e-01,6.575796208080166849e-01,6.076277524506257244e-01,9.999999999999890088e-01,6.076277524544666520e-01,6.575796208132563825e-01,6.147544156291251394e-01,6.599305273301161456e-01,6.146562212812931580e-01,6.599868694664914326e-01,6.146547167937416178e-01,6.599937051639628294e-01,6.146545967711980474e-01,6.599948407630068514e-01,6.146545967684308165e-01,6.599937051663115062e-01,6.146547167912668197e-01,6.146547167823724900e-01,6.599868693717367840e-01,6.146562212899128186e-01,6.599305272175558512e-01,6.147544156448062624e-01,6.575796207217026179e-01,6.076277524544666520e-01,9.999999999999890088e-01,6.076277524673783237e-01,6.575796207174573471e-01,6.147544156601157939e-01,6.599305272317005366e-01,6.146562212910626766e-01,6.599868693908099715e-01,6.146547167835457737e-01,6.599937050812152428e-01,6.146545967776869679e-01,6.599948406654133626e-01,6.146545967739363014e-01,6.599937050754345336e-01,6.599937051700081048e-01,6.146547167943847700e-01,6.599868694753805443e-01,6.146562212879906895e-01,6.599305273270565930e-01,6.147544156479924915e-01,6.575796208132563825e-01,6.076277524673783237e-01,9.999999999999890088e-01,6.076277524572331057e-01,6.575796208351534222e-01,6.147544156482827038e-01,6.599305273292905838e-01,6.146562213081061543e-01,6.599868694781014788e-01,6.146547167961364799e-01,6.599937051795278231e-01,6.146545967821379630e-01,6.599948407659070870e-01,6.146545967863790150e-01,6.146545967571830360e-01,6.599937050694543172e-01,6.146547167792766331e-01,6.599868693597894520e-01,6.146562212789539181e-01,6.599305272217408369e-01,6.147544156291251394e-01,6.575796207174573471e-01,6.076277524572331057e-01,9.999999999999890088e-01,6.076277524670923302e-01,6.575796207154827044e-01,6.147544156359505685e-01,6.599305272346135398e-01,6.146562212768672540e-01,6.599868693743913273e-01,6.146547167830564984e-01,6.599937050702546770e-01,6.146545967624226225e-01,6.599948406660877120e-01,6.599948407663520644e-01,6.146545967877832251e-01,6.599937051804485311e-01,6.146547167937854717e-01,6.599868694816349857e-01,6.146562213019767240e-01,6.599305273301161456e-01,6.147544156601157939e-01,6.575796208351534222e-01,6.076277524670923302e-01,9.999999999999890088e-01,6.076277524750739456e-01,6.575796208289792499e-01,6.147544156705790908e-01,6.599305273362554569e-01,6.146562213078150538e-01,6.599868694916831702e-01,6.146547168056347710e-01,6.599937051821146428e-01,6.146545967975658442e-01,6.146545967656178444e-01,6.599948406637793363e-01,6.146545967716606773e-01,6.599937050657047610e-01,6.146547167861359240e-01,6.599868693763559779e-01,6.146562212812931580e-01,6.599305272317005366e-01,6.147544156482827038e-01,6.575796207154827044e-01,6.076277524750739456e-01,9.999999999999890088e-01,6.076277524582800460e-01,6.575796207358330925e-01,6.147544156385851277e-01,6.599305272374842435e-01,6.146562212876437448e-01,6.599868693725106095e-01,6.146547167861895478e-01,6.599937050766437885e-01,6.599937051663128385e-01,6.146545967738202831e-01,6.599948407627023172e-01,6.146545967633145757e-01,6.599937051655851983e-01,6.146547167853018134e-01,6.599868694664914326e-01,6.146562212910626766e-01,6.599305273292905838e-01,6.147544156359505685e-01,6.575796208289792499e-01,6.076277524582800460e-01,9.999999999999890088e-01,6.076277524744506664e-01,6.575796208075992411e-01,6.147544156496990153e-01,6.599305273305718922e-01,6.146562212924796542e-01,6.599868694785000489e-01,6.146547167950112689e-01,6.146547167947725709e-01,6.599937050834685515e-01,6.146545967844891933e-01,6.599948406665346878e-01,6.146545967848888736e-01,6.599937050866285793e-01,6.146547167937416178e-01,6.599868693908099715e-01,6.146562213081061543e-01,6.599305272346135398e-01,6.147544156705790908e-01,6.575796207358330925e-01,6.076277524744506664e-01,9.999999999999890088e-01,6.076277524702998756e-01,6.575796207413076022e-01,6.147544156593023335e-01,6.599305272362468999e-01,6.146562213026733890e-01,6.599868693865803548e-01,6.599868694686943371e-01,6.146547167820988200e-01,6.599937051666218135e-01,6.146545967609383654e-01,6.599948407565568997e-01,6.146545967647645270e-01,6.599937051639628294e-01,6.146547167835457737e-01,6.599868694781014788e-01,6.146562212768672540e-01,6.599305273362554569e-01,6.147544156385851277e-01,6.575796208075992411e-01,6.076277524702998756e-01,9.999999999999890088e-01,6.076277524619343451e-01,6.575796208166027057e-01,6.147544156423025985e-01,6.599305273254736370e-01,6.146562212934086888e-01,6.146562212875126274e-01,6.599868693814805454e-01,6.146547167935886291e-01,6.599937050707594954e-01,6.146545967782255371e-01,6.599948406670829160e-01,6.146545967711980474e-01,6.599937050812152428e-01,6.146547167961364799e-01,6.599868693743913273e-01,6.146562213078150538e-01,6.599305272374842435e-01,6.147544156496990153e-01,6.575796207413076022e-01,6.076277524619343451e-01,9.999999999999890088e-01,6.076277524691008347e-01,6.575796207301602969e-01,6.147544156459027187e-01,6.599305272379782927e-01,6.599305273203192046e-01,6.146562212919598478e-01,6.599868694695006921e-01,6.146547167799828459e-01,6.599937051708022473e-01,6.146545967730427940e-01,6.599948407630068514e-01,6.146545967776869679e-01,6.599937051795278231e-01,6.146547167830564984e-01,6.599868694916831702e-01,6.146562212876437448e-01,6.599305273305718922e-01,6.147544156593023335e-01,6.575796208166027057e-01,6.076277524691008347e-01,9.999999999999890088e-01,6.076277524646016559e-01,6.575796208190803904e-01,6.147544156535924564e-01,6.147544156371178570e-01,6.599305272347413265e-01,6.146562212933532887e-01,6.599868693720695179e-01,6.146547167892646435e-01,6.599937050728885701e-01,6.146545967684308165e-01,6.599948406654133626e-01,6.146545967821379630e-01,6.599937050702546770e-01,6.146547168056347710e-01,6.599868693725106095e-01,6.146562212924796542e-01,6.599305272362468999e-01,6.147544156423025985e-01,6.575796207301602969e-01,6.076277524646016559e-01,9.999999999999890088e-01,6.076277524599116298e-01,6.575796207320068198e-01,6.575796208050803671e-01,6.147544156430134743e-01,6.599305273131380600e-01,6.146562212796659042e-01,6.599868694649169143e-01,6.146547167860472172e-01,6.599937051663115062e-01,6.146545967739363014e-01,6.599948407659070870e-01,6.146545967624226225e-01,6.599937051821146428e-01,6.146547167861895478e-01,6.599868694785000489e-01,6.146562213026733890e-01,6.599305273254736370e-01,6.147544156459027187e-01,6.575796208190803904e-01,6.076277524599116298e-01,9.999999999999890088e-01,6.076277524655695483e-01,6.076277524589757117e-01,6.575796207306006114e-01,6.147544156499775703e-01,6.599305272283901846e-01,6.146562212973141204e-01,6.599868693740547076e-01,6.146547167912668197e-01,6.599937050754345336e-01,6.146545967863790150e-01,6.599948406660877120e-01,6.146545967975658442e-01,6.599937050766437885e-01,6.146547167950112689e-01,6.599868693865803548e-01,6.146562212934086888e-01,6.599305272379782927e-01,6.147544156535924564e-01,6.575796207320068198e-01,6.076277524655695483e-01,9.999999999999890088e-01
