1.000000000000022649e+00,1.198857459399856329e-01,4.279373502972629861e-01,2.026955755051292885e-01,4.077745712004887668e-01,2.068660070156511099e-01,4.065115434823465823e-01,2.070004493781628652e-01,4.064879555173310788e-01,2.069709846942546505e-01,4.065002250766551750e-01,2.069709837520109508e-01,4.064879563561667464e-01,2.070004483163729314e-01,4.065115441640823057e-01,2.068660062374199360e-01,4.077745719526241208e-01,2.026955748407797964e-01,4.279373508772593149e-01,1.198857451562972132e-01,1.198857459399856329e-01,1.000000000000022649e+00,1.198857461809234026e-01,4.279373524105306581e-01,2.026955768973187633e-01,4.077745731332654833e-01,2.068660068395498097e-01,4.065115459068250892e-01,2.070004476063018461e-01,4.064879586809452827e-01,2.069709833264288257e-01,4.065002274415328576e-01,2.069709840780691867e-01,4.064879582006502567e-01,2.070004488788092512e-01,4.065115452841411292e-01,2.068660081958464403e-01,4.077745732769185727e-01,2.026955769845485422e-01,4.279373522305691679e-01,4.279373502972629861e-01,1.198857461809234026e-01,1.000000000000022649e+00,1.198857458339843141e-01,4.279373505048572612e-01,2.026955761814917545e-01,4.077745712946837520e-01,2.068660082892480323e-01,4.065115433456391036e-01,2.070004496964535368e-01,4.064879558634852952e-01,2.069709840795893874e-01,4.065002252297740259e-01,2.069709839645403338e-01,4.064879565345028145e-01,2.070004479881248360e-01,4.065115442996594108e-01,2.068660064124914211e-01,4.077745714106182362e-01,2.026955756322343372e-01,2.026955755051292885e-01,4.279373524105306581e-01,1.198857458339843141e-01,1.000000000000022649e+00,1.198857466665968485e-01,4.279373521296769844e-01,2.026955752547701661e-01,4.077745736615889238e-01,2.068660058057081863e-01,4.065115461520747431e-01,2.070004476918188008e-01,4.064879582062221886e-01,2.069709837100088823e-01,4.065002270451533173e-01,2.069709838203626640e-01,4.064879576434933250e-01,2.070004492541658025e-01,4.065115454223270364e-01,2.068660078305765149e-01,4.077745730878245545e-01,4.077745712004887668e-01,2.026955768973187633e-01,4.279373505048572612e-01,1.198857466665968485e-01,1.000000000000022649e+00,1.198857469961940869e-01,4.279373502760082659e-01,2.026955777251822632e-01,4.077745711183884403e-01,2.068660089325738693e-01,4.065115437315734437e-01,2.070004493732544859e-01,4.064879568683741895e-01,2.069709845769863443e-01,4.065002259284951069e-01,2.069709839056718681e-01,4.064879569711339347e-01,2.070004484116901855e-01,4.065115446066804861e-01,2.068660074359061907e-01,2.068660070156511099e-01,4.077745731332654833e-01,2.026955761814917545e-01,4.279373521296769844e-01,1.198857469961940869e-01,1.000000000000022649e+00,1.198857454004118028e-01,4.279373527841866531e-01,2.026955749106529037e-01,4.077745738826142885e-01,2.068660066373602668e-01,4.065115459023099231e-01,2.070004487058554610e-01,4.064879578821132267e-01,2.069709841502962722e-01,4.065002268387159501e-01,2.069709848713560674e-01,4.064879579857301195e-01,2.070004494715667609e-01,4.065115458665012893e-01,4.065115434823465823e-01,2.068660068395498097e-01,4.077745712946837520e-01,2.026955752547701661e-01,4.279373502760082659e-01,1.198857454004118028e-01,1.000000000000022649e+00,1.198857466832018992e-01,4.279373494129586342e-01,2.026955765696258904e-01,4.077745703390567300e-01,2.068660068304920274e-01,4.065115438318869789e-01,2.070004480514896494e-01,4.064879561992933432e-01,2.069709826862229374e-01,4.065002252972157448e-01,2.069709825285854787e-01,4.064879563734753454e-01,2.070004475986399195e-01,2.070004493781628652e-01,4.065115459068250892e-01,2.068660082892480323e-01,4.077745736615889238e-01,2.026955777251822632e-01,4.279373527841866531e-01,1.198857466832018992e-01,1.000000000000022649e+00,1.198857458422482591e-01,4.279373535718890564e-01,2.026955764247980740e-01,4.077745737597159303e-01,2.068660082578880899e-01,4.065115465065275990e-01,2.070004497794634968e-01,4.064879585356287461e-01,2.069709858345968323e-01,4.065002273710431324e-01,2.069709857473076564e-01,4.064879584237037768e-01,4.064879555173310788e-01,2.070004476063018461e-01,4.065115433456391036e-01,2.068660058057081863e-01,4.077745711183884403e-01,2.026955749106529037e-01,4.279373494129586342e-01,1.198857458422482591e-01,1.000000000000022649e+00,1.198857459536911418e-01,4.279373493579833321e-01,2.026955750126934741e-01,4.077745708502887312e-01,2.068660060521576582e-01,4.065115430154548903e-01,2.070004467916685686e-01,4.064879558562590200e-01,2.069709819217364355e-01,4.065002254149916450e-01,2.069709823295307616e-01,2.069709846942546505e-01,4.064879586809452827e-01,2.070004496964535368e-01,4.065115461520747431e-01,2.068660089325738693e-01,4.077745738826142885e-01,2.026955765696258904e-01,4.279373535718890564e-01,1.198857459536911418e-01,1.000000000000022649e+00,1.198857466005826683e-01,4.279373529373706186e-01,2.026955770994575690e-01,4.077745742041086752e-01,2.068660084490253903e-01,4.065115462655071177e-01,2.070004505563020625e-01,4.064879582921760437e-01,2.069709857768745054e-01,4.065002271608191275e-01,4.065002250766551750e-01,2.069709833264288257e-01,4.064879558634852952e-01,2.070004476918188008e-01,4.065115437315734437e-01,2.068660066373602668e-01,4.077745703390567300e-01,2.026955764247980740e-01,4.279373493579833321e-01,1.198857466005826683e-01,1.000000000000022649e+00,1.198857453153256425e-01,4.279373501014405723e-01,2.026955753623057577e-01,4.077745708199224106e-01,2.068660058572554528e-01,4.065115439060208447e-01,2.070004470748792180e-01,4.064879567897029533e-01,2.069709828087326065e-01,2.069709837520109508e-01,4.065002274415328576e-01,2.069709840795893874e-01,4.064879582062221886e-01,2.070004493732544859e-01,4.065115459023099231e-01,2.068660068304920274e-01,4.077745737597159303e-01,2.026955750126934741e-01,4.279373529373706186e-01,1.198857453153256425e-01,1.000000000000022649e+00,1.198857463950378510e-01,4.279373524128144979e-01,2.026955763924635501e-01,4.077745732712568794e-01,2.068660082695792934e-01,4.065115454083749746e-01,2.070004495780984888e-01,4.064879576056361632e-01,4.064879563561667464e-01,2.069709840780691867e-01,4.065002252297740259e-01,2.069709837100088823e-01,4.064879568683741895e-01,2.070004487058554610e-01,4.065115438318869789e-01,2.068660082578880899e-01,4.077745708502887312e-01,2.026955770994575690e-01,4.279373501014405723e-01,1.198857463950378510e-01,1.000000000000022649e+00,1.198857462685507802e-01,4.279373501923182666e-01,2.026955754320611813e-01,4.077745716322412894e-01,2.068660064840714685e-01,4.065115445484394074e-01,2.070004482662096135e-01,2.070004483163729314e-01,4.064879582006502567e-01,2.069709839645403338e-01,4.065002270451533173e-01,2.069709845769863443e-01,4.064879578821132267e-01,2.070004480514896494e-01,4.065115465065275990e-01,2.068660060521576582e-01,4.077745742041086752e-01,2.026955753623057577e-01,4.279373524128144979e-01,1.198857462685507802e-01,1.000000000000022649e+00,1.198857463015175762e-01,4.279373523437239868e-01,2.026955770123251566e-01,4.077745728187806007e-01,2.068660081315225885e-01,4.065115453293286496e-01,4.065115441640823057e-01,2.070004488788092512e-01,4.064879565345028145e-01,2.069709838203626640e-01,4.065002259284951069e-01,2.069709841502962722e-01,4.064879561992933432e-01,2.070004497794634968e-01,4.065115430154548903e-01,2.068660084490253903e-01,4.077745708199224106e-01,2.026955763924635501e-01,4.279373501923182666e-01,1.198857463015175762e-01,1.000000000000022649e+00,1.198857455403430777e-01,4.279373506399143379e-01,2.026955754479524419e-01,4.077745717192102770e-01,2.068660069865204953e-01,2.068660062374199360e-01,4.065115452841411292e-01,2.070004479881248360e-01,4.064879576434933250e-01,2.069709839056718681e-01,4.065002268387159501e-01,2.069709826862229374e-01,4.064879585356287461e-01,2.070004467916685686e-01,4.065115462655071177e-01,2.068660058572554528e-01,4.077745732712568794e-01,2.026955754320611813e-01,4.279373523437239868e-01,1.198857455403430777e-01,1.000000000000022649e+00,1.198857463995744166e-01,4.279373520594935698e-01,2.026955762753747670e-01,4.077745726965931183e-01,4.077745719526241208e-01,2.068660081958464403e-01,4.065115442996594108e-01,2.070004492541658025e-01,4.064879569711339347e-01,2.069709848713560674e-01,4.065002252972157448e-01,2.069709858345968323e-01,4.064879558562590200e-01,2.070004505563020625e-01,4.065115439060208447e-01,2.068660082695792934e-01,4.077745716322412894e-01,2.026955770123251566e-01,4.279373506399143379e-01,1.198857463995744166e-01,1.000000000000022649e+00,1.198857461662942436e-01,4.279373508488596989e-01,2.026955765190984193e-01,2.026955748407797964e-01,4.077745732769185727e-01,2.068660064124914211e-01,4.065115454223270364e-01,2.070004484116901855e-01,4.064879579857301195e-01,2.069709825285854787e-01,4.065002273710431324e-01,2.069709819217364355e-01,4.064879582921760437e-01,2.070004470748792180e-01,4.065115454083749746e-01,2.068660064840714685e-01,4.077745728187806007e-01,2.026955754479524419e-01,4.279373520594935698e-01,1.198857461662942436e-01,1.000000000000022649e+00,1.198857462892974346e-01,4.279373515257903215e-01,4.279373508772593149e-01,2.026955769845485422e-01,4.077745714106182362e-01,2.068660078305765149e-01,4.065115446066804861e-01,2.070004494715667609e-01,4.064879563734753454e-01,2.069709857473076564e-01,4.065002254149916450e-01,2.069709857768745054e-01,4.064879567897029533e-01,2.070004495780984888e-01,4.065115445484394074e-01,2.068660081315225885e-01,4.077745717192102770e-01,2.026955762753747670e-01,4.279373508488596989e-01,1.198857462892974346e-01,1.000000000000022649e+00,1.198857465348392715e-01,1.198857451562972132e-01,4.279373522305691679e-01,2.026955756322343372e-01,4.077745730878245545e-01,2.068660074359061907e-01,4.065115458665012893e-01,2.070004475986399195e-01,4.064879584237037768e-01,2.069709823295307616e-01,4.065002271608191275e-01,2.069709828087326065e-01,4.064879576056361632e-01,2.070004482662096135e-01,4.065115453293286496e-01,2.068660069865204953e-01,4.077745726965931183e-01,2.026955765190984193e-01,4.279373515257903215e-01,1.198857465348392715e-01,1.000000000000022649e+00
9.999999999999991118e-01,1.089349725679359115e-01,4.257277355087030757e-01,1.937654709325730695e-01,4.043184131747461496e-01,1.983238866273234202e-01,4.028824809325510792e-01,1.984917625761402904e-01,4.028447220137222895e-01,1.984605411161335931e-01,4.028572671283768836e-01,1.984605380988752610e-01,4.028447239774604061e-01,1.984917618285099161e-01,4.028824812110064491e-01,1.983238858037925656e-01,4.043184148451817173e-01,1.937654691031155396e-01,4.257277374259632041e-01,1.089349700689100503e-01,1.089349725679359115e-01,9.999999999999991118e-01,1.089349721322654396e-01,4.257277426752661409e-01,1.937654727560543799e-01,4.043184191585965648e-01,1.983238863148782394e-01,4.028824877022532114e-01,1.984917593637653965e-01,4.028447301508699674e-01,1.984605410825349692e-01,4.028572722085866920e-01,1.984605411946334941e-01,4.028447303503981392e-01,1.984917599692406776e-01,4.028824871569087751e-01,1.983238880374638413e-01,4.043184193497820211e-01,1.937654730013985416e-01,4.257277415002247434e-01,4.257277355087030757e-01,1.089349721322654396e-01,9.999999999999991118e-01,1.089349721670357374e-01,4.257277358417431712e-01,1.937654713038971521e-01,4.043184130241732066e-01,1.983238879235265095e-01,4.028824798561413401e-01,1.984917618939279760e-01,4.028447235019833039e-01,1.984605380931786234e-01,4.028572663944590682e-01,1.984605409752663030e-01,4.028447229184636824e-01,1.984917604887046771e-01,4.028824820974142851e-01,1.983238846327722849e-01,4.043184135430913373e-01,1.937654690976063909e-01,1.937654709325730695e-01,4.257277426752661409e-01,1.089349721670357374e-01,9.999999999999991118e-01,1.089349746149163300e-01,4.257277414472525612e-01,1.937654709071278680e-01,4.043184201900968944e-01,1.983238846492793583e-01,4.028824877855368691e-01,1.984917620046488529e-01,4.028447286501143365e-01,1.984605411710989586e-01,4.028572733556494700e-01,1.984605391243434713e-01,4.028447296649730891e-01,1.984917627097066706e-01,4.028824871128487972e-01,1.983238884307285954e-01,4.043184188470303475e-01,4.043184131747461496e-01,1.937654727560543799e-01,4.257277358417431712e-01,1.089349746149163300e-01,9.999999999999991118e-01,1.089349746063212054e-01,4.257277363057240804e-01,1.937654741656539281e-01,4.043184131119201830e-01,1.983238888675040446e-01,4.028824822681830176e-01,1.984917605645892258e-01,4.028447251512798921e-01,1.984605426240569903e-01,4.028572664269459702e-01,1.984605413446072775e-01,4.028447248152541293e-01,1.984917609062491484e-01,4.028824832866906847e-01,1.983238861986730828e-01,1.983238866273234202e-01,4.043184191585965648e-01,1.937654713038971521e-01,4.257277414472525612e-01,1.089349746063212054e-01,9.999999999999991118e-01,1.089349720794755005e-01,4.257277423498786462e-01,1.937654693722374866e-01,4.043184202165538421e-01,1.983238876072538626e-01,4.028824864432667963e-01,1.984917621782188446e-01,4.028447298915228680e-01,1.984605393786225691e-01,4.028572725119330400e-01,1.984605421322186147e-01,4.028447292087897758e-01,1.984917632109290953e-01,4.028824869807922648e-01,4.028824809325510792e-01,1.983238863148782394e-01,4.043184130241732066e-01,1.937654709071278680e-01,4.257277363057240804e-01,1.089349720794755005e-01,9.999999999999991118e-01,1.089349741332162891e-01,4.257277341790097758e-01,1.937654717133897586e-01,4.043184125474585944e-01,1.983238842207987185e-01,4.028824819832618753e-01,1.984917615686865588e-01,4.028447228261387014e-01,1.984605395126489702e-01,4.028572667611464153e-01,1.984605383210613083e-01,4.028447241484497399e-01,1.984917590177875391e-01,1.984917625761402904e-01,4.028824877022532114e-01,1.983238879235265095e-01,4.043184201900968944e-01,1.937654741656539281e-01,4.257277423498786462e-01,1.089349741332162891e-01,9.999999999999991118e-01,1.089349718721090154e-01,4.257277440987576322e-01,1.937654735439045539e-01,4.043184191769193525e-01,1.983238888118646348e-01,4.028824896193101690e-01,1.984917614262119712e-01,4.028447305132006884e-01,1.984605434602167429e-01,4.028572729680429676e-01,1.984605437185761045e-01,4.028447296092749763e-01,4.028447220137222895e-01,1.984917593637653965e-01,4.028824798561413401e-01,1.983238846492793583e-01,4.043184131119201830e-01,1.937654693722374866e-01,4.257277341790097758e-01,1.089349718721090154e-01,9.999999999999991118e-01,1.089349711285955286e-01,4.257277350734101073e-01,1.937654672054151261e-01,4.043184127209519252e-01,1.983238853862999695e-01,4.028824793255789127e-01,1.984917588548879563e-01,4.028447226391596581e-01,1.984605367367728856e-01,4.028572666721252915e-01,1.984605367160356126e-01,1.984605411161335931e-01,4.028447301508699674e-01,1.984917618939279760e-01,4.028824877855368691e-01,1.983238888675040446e-01,4.043184202165538421e-01,1.937654717133897586e-01,4.257277440987576322e-01,1.089349711285955286e-01,9.999999999999991118e-01,1.089349750387615390e-01,4.257277412969647790e-01,1.937654728299265661e-01,4.043184213431696428e-01,1.983238862399571700e-01,4.028824880595343050e-01,1.984917636655616213e-01,4.028447298563113677e-01,1.984605431466197056e-01,4.028572715998011144e-01,4.028572671283768836e-01,1.984605410825349692e-01,4.028447235019833039e-01,1.984917620046488529e-01,4.028824822681830176e-01,1.983238876072538626e-01,4.043184125474585944e-01,1.937654735439045539e-01,4.257277350734101073e-01,1.089349750387615390e-01,9.999999999999991118e-01,1.089349709887642292e-01,4.257277371531997257e-01,1.937654727406521449e-01,4.043184131501755818e-01,1.983238868855913273e-01,4.028824826082505473e-01,1.984917602587755181e-01,4.028447252144859436e-01,1.984605394344922946e-01,1.984605380988752610e-01,4.028572722085866920e-01,1.984605380931786234e-01,4.028447286501143365e-01,1.984917605645892258e-01,4.028824864432667963e-01,1.983238842207987185e-01,4.043184191769193525e-01,1.937654672054151261e-01,4.257277412969647790e-01,1.089349709887642292e-01,9.999999999999991118e-01,1.089349710491454015e-01,4.257277417594437230e-01,1.937654680553271835e-01,4.043184185771027117e-01,1.983238861865136982e-01,4.028824860444174538e-01,1.984917611243384727e-01,4.028447273551082342e-01,4.028447239774604061e-01,1.984605411946334941e-01,4.028572663944590682e-01,1.984605411710989586e-01,4.028447251512798921e-01,1.984917621782188446e-01,4.028824819832618753e-01,1.983238888118646348e-01,4.043184127209519252e-01,1.937654728299265661e-01,4.257277371531997257e-01,1.089349710491454015e-01,9.999999999999991118e-01,1.089349753015550759e-01,4.257277343895284893e-01,1.937654717419586281e-01,4.043184139888054140e-01,1.983238859252180186e-01,4.028824827078538728e-01,1.984917603912335904e-01,1.984917618285099161e-01,4.028447303503981392e-01,1.984605409752663030e-01,4.028572733556494700e-01,1.984605426240569903e-01,4.028447298915228680e-01,1.984917615686865588e-01,4.028824896193101690e-01,1.983238853862999695e-01,4.043184213431696428e-01,1.937654727406521449e-01,4.257277417594437230e-01,1.089349753015550759e-01,9.999999999999991118e-01,1.089349723784577145e-01,4.257277435190062187e-01,1.937654738157128520e-01,4.043184192789556763e-01,1.983238895372674837e-01,4.028824869969906963e-01,4.028824812110064491e-01,1.984917599692406776e-01,4.028447229184636824e-01,1.984605391243434713e-01,4.028572664269459702e-01,1.984605393786225691e-01,4.028447228261387014e-01,1.984917614262119712e-01,4.028824793255789127e-01,1.983238862399571700e-01,4.043184131501755818e-01,1.937654680553271835e-01,4.257277343895284893e-01,1.089349723784577145e-01,9.999999999999991118e-01,1.089349706378599236e-01,4.257277356262236800e-01,1.937654685824004575e-01,4.043184130985161273e-01,1.983238836757471590e-01,1.983238858037925656e-01,4.028824871569087751e-01,1.984917604887046771e-01,4.028447296649730891e-01,1.984605413446072775e-01,4.028572725119330400e-01,1.984605395126489702e-01,4.028447305132006884e-01,1.984917588548879563e-01,4.028824880595343050e-01,1.983238868855913273e-01,4.043184185771027117e-01,1.937654717419586281e-01,4.257277435190062187e-01,1.089349706378599236e-01,9.999999999999991118e-01,1.089349743566400408e-01,4.257277417439363498e-01,1.937654728467564369e-01,4.043184188811819180e-01,4.043184148451817173e-01,1.983238880374638413e-01,4.028824820974142851e-01,1.984917627097066706e-01,4.028447248152541293e-01,1.984605421322186147e-01,4.028572667611464153e-01,1.984605434602167429e-01,4.028447226391596581e-01,1.984917636655616213e-01,4.028824826082505473e-01,1.983238861865136982e-01,4.043184139888054140e-01,1.937654738157128520e-01,4.257277356262236800e-01,1.089349743566400408e-01,9.999999999999991118e-01,1.089349727544390717e-01,4.257277366759170123e-01,1.937654709448764223e-01,1.937654691031155396e-01,4.043184193497820211e-01,1.983238846327722849e-01,4.028824871128487972e-01,1.984917609062491484e-01,4.028447292087897758e-01,1.984605383210613083e-01,4.028572729680429676e-01,1.984605367367728856e-01,4.028447298563113677e-01,1.984917602587755181e-01,4.028824860444174538e-01,1.983238859252180186e-01,4.043184192789556763e-01,1.937654685824004575e-01,4.257277417439363498e-01,1.089349727544390717e-01,9.999999999999991118e-01,1.089349733756821981e-01,4.257277402779972020e-01,4.257277374259632041e-01,1.937654730013985416e-01,4.043184135430913373e-01,1.983238884307285954e-01,4.028824832866906847e-01,1.984917632109290953e-01,4.028447241484497399e-01,1.984605437185761045e-01,4.028572666721252915e-01,1.984605431466197056e-01,4.028447252144859436e-01,1.984917611243384727e-01,4.028824827078538728e-01,1.983238895372674837e-01,4.043184130985161273e-01,1.937654728467564369e-01,4.257277366759170123e-01,1.089349733756821981e-01,9.999999999999991118e-01,1.089349726804842294e-01,1.089349700689100503e-01,4.257277415002247434e-01,1.937654690976063909e-01,4.043184188470303475e-01,1.983238861986730828e-01,4.028824869807922648e-01,1.984917590177875391e-01,4.028447296092749763e-01,1.984605367160356126e-01,4.028572715998011144e-01,1.984605394344922946e-01,4.028447273551082342e-01,1.984917603912335904e-01,4.028824869969906963e-01,1.983238836757471590e-01,4.043184188811819180e-01,1.937654709448764223e-01,4.257277402779972020e-01,1.089349726804842294e-01,9.999999999999991118e-01
9.999999999999941158e-01,9.787138489874548652e-02,4.236526900000998630e-01,1.847217152495602699e-01,4.009622467101490173e-01,1.896918831371572356e-01,3.993382734571560011e-01,1.898978184311027606e-01,3.992839233223560713e-01,1.898648992789477297e-01,3.992966349833890760e-01,1.898648972362922960e-01,3.992839245416075489e-01,1.898978192779071095e-01,3.993382726142752359e-01,1.896918841503090203e-01,4.009622468551640173e-01,1.847217151136745783e-01,4.236526906831255546e-01,9.787138385201588076e-02,9.787138489874548652e-02,9.999999999999941158e-01,9.787138476924578390e-02,4.236526940763915561e-01,1.847217164714540227e-01,4.009622492529966165e-01,1.896918841423107793e-01,3.993382760876326154e-01,1.898978191153006256e-01,3.992839264767981677e-01,1.898649036290911973e-01,3.992966356361896674e-01,1.898649024534075358e-01,3.992839275744699545e-01,1.898978169760371926e-01,3.993382770707203377e-01,1.896918830290627023e-01,4.009622504100247564e-01,1.847217155451176540e-01,4.236526936836192414e-01,4.236526900000998630e-01,9.787138476924578390e-02,9.999999999999941158e-01,9.787138486060059650e-02,4.236526906035867901e-01,1.847217151494445764e-01,4.009622469221890695e-01,1.896918830826531677e-01,3.993382729020942268e-01,1.898978172332697612e-01,3.992839248588897494e-01,1.898648972696458381e-01,3.992966340507048129e-01,1.898649013337558311e-01,3.992839227872389540e-01,1.898978196066428148e-01,3.993382731054914148e-01,1.896918833045371233e-01,4.009622463531568037e-01,1.847217142684141056e-01,1.847217152495602699e-01,4.236526940763915561e-01,9.787138486060059650e-02,9.999999999999941158e-01,9.787138687449734031e-02,4.236526926726731368e-01,1.847217162999272022e-01,4.009622494731064357e-01,1.896918838785781047e-01,3.993382756432548586e-01,1.898978218383487460e-01,3.992839253594472337e-01,1.898649026326275635e-01,3.992966376665210704e-01,1.898648992120525736e-01,3.992839279655653328e-01,1.898978186422704550e-01,3.993382768878852573e-01,1.896918838614383152e-01,4.009622495261774278e-01,4.009622467101490173e-01,1.847217164714540227e-01,4.236526906035867901e-01,9.787138687449734031e-02,9.999999999999941158e-01,9.787138619922221283e-02,4.236526916776661711e-01,1.847217162425061898e-01,4.009622475278174503e-01,1.896918830579563398e-01,3.993382751428470878e-01,1.898978164786172540e-01,3.992839253248570142e-01,1.898649025988194960e-01,3.992966328580204172e-01,1.898649029696370116e-01,3.992839240235040998e-01,1.898978199694643654e-01,3.993382743241336019e-01,1.896918836587601909e-01,1.896918831371572356e-01,4.009622492529966165e-01,1.847217151494445764e-01,4.236526926726731368e-01,9.787138619922221283e-02,9.999999999999941158e-01,9.787138559603256183e-02,4.236526925557710932e-01,1.847217154489324831e-01,4.009622489614268481e-01,1.896918861696005598e-01,3.993382746039237929e-01,1.898978202756009814e-01,3.992839273522060251e-01,1.898648989589020730e-01,3.992966374054611745e-01,1.898649004554819886e-01,3.992839270759712678e-01,1.898978189673855010e-01,3.993382759112963365e-01,3.993382734571560011e-01,1.896918841423107793e-01,4.009622469221890695e-01,1.847217162999272022e-01,4.236526916776661711e-01,9.787138559603256183e-02,9.999999999999941158e-01,9.787138578289567015e-02,4.236526907885019844e-01,1.847217146110143871e-01,4.009622478162120918e-01,1.896918807496965620e-01,3.993382745564038050e-01,1.898978200883423839e-01,3.992839232242835212e-01,1.898649025616479802e-01,3.992966336696824881e-01,1.898649016632813491e-01,3.992839242318256820e-01,1.898978186703160487e-01,1.898978184311027606e-01,3.993382760876326154e-01,1.896918830826531677e-01,4.009622494731064357e-01,1.847217162425061898e-01,4.236526925557710932e-01,9.787138578289567015e-02,9.999999999999941158e-01,9.787138505699188862e-02,4.236526931929686102e-01,1.847217180168129191e-01,4.009622480071665662e-01,1.896918847675505282e-01,3.993382774923825984e-01,1.898978167414380192e-01,3.992839275728255477e-01,1.898649003764538434e-01,3.992966371720070295e-01,1.898649009491906181e-01,3.992839266390958430e-01,3.992839233223560713e-01,1.898978191153006256e-01,3.993382729020942268e-01,1.896918838785781047e-01,4.009622475278174503e-01,1.847217154489324831e-01,4.236526907885019844e-01,9.787138505699188862e-02,9.999999999999941158e-01,9.787138349231429280e-02,4.236526920755592229e-01,1.847217122123182564e-01,4.009622475740213243e-01,1.896918842828888840e-01,3.993382724746040724e-01,1.898978201493272955e-01,3.992839233895929540e-01,1.898649012301754924e-01,3.992966338081863076e-01,1.898649003731069651e-01,1.898648992789477297e-01,3.992839264767981677e-01,1.898978172332697612e-01,3.993382756432548586e-01,1.896918830579563398e-01,4.009622489614268481e-01,1.847217146110143871e-01,4.236526931929686102e-01,9.787138349231429280e-02,9.999999999999941158e-01,9.787138721161403598e-02,4.236526907860179714e-01,1.847217155206605788e-01,4.009622499351361835e-01,1.896918801909600605e-01,3.993382762685652732e-01,1.898978171195968012e-01,3.992839269836806482e-01,1.898648997905008629e-01,3.992966356106213421e-01,3.992966349833890760e-01,1.898649036290911973e-01,3.992839248588897494e-01,1.898978218383487460e-01,3.993382751428470878e-01,1.896918861696005598e-01,4.009622478162120918e-01,1.847217180168129191e-01,4.236526920755592229e-01,9.787138721161403598e-02,9.999999999999941158e-01,9.787138447085880211e-02,4.236526933677674522e-01,1.847217188102698582e-01,4.009622476761651733e-01,1.896918872993084981e-01,3.993382747846995207e-01,1.898978217426795512e-01,3.992839252726110844e-01,1.898649029483103767e-01,1.898648972362922960e-01,3.992966356361896674e-01,1.898648972696458381e-01,3.992839253594472337e-01,1.898978164786172540e-01,3.993382746039237929e-01,1.896918807496965620e-01,4.009622480071665662e-01,1.847217122123182564e-01,4.236526907860179714e-01,9.787138447085880211e-02,9.999999999999941158e-01,9.787138272839510100e-02,4.236526922584344934e-01,1.847217102243194076e-01,4.009622485249997315e-01,1.896918798215618818e-01,3.993382751962603616e-01,1.898978158200603505e-01,3.992839248731310242e-01,3.992839245416075489e-01,1.898649024534075358e-01,3.992966340507048129e-01,1.898649026326275635e-01,3.992839253248570142e-01,1.898978202756009814e-01,3.993382745564038050e-01,1.896918847675505282e-01,4.009622475740213243e-01,1.847217155206605788e-01,4.236526933677674522e-01,9.787138272839510100e-02,9.999999999999941158e-01,9.787138860466948476e-02,4.236526895717668273e-01,1.847217182160419968e-01,4.009622470982414644e-01,1.896918853287395679e-01,3.993382741025591209e-01,1.898978197209579000e-01,1.898978192779071095e-01,3.992839275744699545e-01,1.898649013337558311e-01,3.992966376665210704e-01,1.898649025988194960e-01,3.992839273522060251e-01,1.898978200883423839e-01,3.993382774923825984e-01,1.896918842828888840e-01,4.009622499351361835e-01,1.847217188102698582e-01,4.236526922584344934e-01,9.787138860466948476e-02,9.999999999999941158e-01,9.787138388587984794e-02,4.236526952550513370e-01,1.847217159250043594e-01,4.009622503046079700e-01,1.896918846196858077e-01,3.993382764818685926e-01,3.993382726142752359e-01,1.898978169760371926e-01,3.992839227872389540e-01,1.898648992120525736e-01,3.992966328580204172e-01,1.898648989589020730e-01,3.992839232242835212e-01,1.898978167414380192e-01,3.993382724746040724e-01,1.896918801909600605e-01,4.009622476761651733e-01,1.847217102243194076e-01,4.236526895717668273e-01,9.787138388587984794e-02,9.999999999999941158e-01,9.787138432979748670e-02,4.236526892419277823e-01,1.847217139303880540e-01,4.009622454884468890e-01,1.896918808745625684e-01,1.896918841503090203e-01,3.993382770707203377e-01,1.898978196066428148e-01,3.992839279655653328e-01,1.898649029696370116e-01,3.992966374054611745e-01,1.898649025616479802e-01,3.992839275728255477e-01,1.898978201493272955e-01,3.993382762685652732e-01,1.896918872993084981e-01,4.009622485249997315e-01,1.847217182160419968e-01,4.236526952550513370e-01,9.787138432979748670e-02,9.999999999999941158e-01,9.787138634463719844e-02,4.236526946649112890e-01,1.847217168834946743e-01,4.009622505318407581e-01,4.009622468551640173e-01,1.896918830290627023e-01,3.993382731054914148e-01,1.898978186422704550e-01,3.992839240235040998e-01,1.898649004554819886e-01,3.992966336696824881e-01,1.898649003764538434e-01,3.992839233895929540e-01,1.898978171195968012e-01,3.993382747846995207e-01,1.896918798215618818e-01,4.009622470982414644e-01,1.847217159250043594e-01,4.236526892419277823e-01,9.787138634463719844e-02,9.999999999999941158e-01,9.787138524332036904e-02,4.236526895960165406e-01,1.847217142090734066e-01,1.847217151136745783e-01,4.009622504100247564e-01,1.896918833045371233e-01,3.993382768878852573e-01,1.898978199694643654e-01,3.992839270759712678e-01,1.898649016632813491e-01,3.992966371720070295e-01,1.898649012301754924e-01,3.992839269836806482e-01,1.898978217426795512e-01,3.993382751962603616e-01,1.896918853287395679e-01,4.009622503046079700e-01,1.847217139303880540e-01,4.236526946649112890e-01,9.787138524332036904e-02,9.999999999999941158e-01,9.787138599966269115e-02,4.236526937247211966e-01,4.236526906831255546e-01,1.847217155451176540e-01,4.009622463531568037e-01,1.896918838614383152e-01,3.993382743241336019e-01,1.898978189673855010e-01,3.992839242318256820e-01,1.898649009491906181e-01,3.992966338081863076e-01,1.898648997905008629e-01,3.992839252726110844e-01,1.898978158200603505e-01,3.993382741025591209e-01,1.896918846196858077e-01,4.009622454884468890e-01,1.847217168834946743e-01,4.236526895960165406e-01,9.787138599966269115e-02,9.999999999999941158e-01,9.787138443641735241e-02,9.787138385201588076e-02,4.236526936836192414e-01,1.847217142684141056e-01,4.009622495261774278e-01,1.896918836587601909e-01,3.993382759112963365e-01,1.898978186703160487e-01,3.992839266390958430e-01,1.898649003731069651e-01,3.992966356106213421e-01,1.898649029483103767e-01,3.992839248731310242e-01,1.898978197209579000e-01,3.993382764818685926e-01,1.896918808745625684e-01,4.009622505318407581e-01,1.847217142090734066e-01,4.236526937247211966e-01,9.787138443641735241e-02,9.999999999999941158e-01
9.999999999999943379e-01,8.669576350130149545e-02,4.217190577471570112e-01,1.755609145417553196e-01,3.977142519513112706e-01,1.809671216867320687e-01,3.958863615473451891e-01,1.812161696651267140e-01,3.958127217703933942e-01,1.811816491146737984e-01,3.958254636851400443e-01,1.811816475398349557e-01,3.958127230242887151e-01,1.812161701172134154e-01,3.958863609509460368e-01,1.809671226396436516e-01,3.977142519812834065e-01,1.755609147015533278e-01,4.217190581979686215e-01,8.669576221714565822e-02,8.669576350130149545e-02,9.999999999999943379e-01,8.669576343710902466e-02,4.217190555125051032e-01,1.755609178906484269e-01,3.977142480273307412e-01,1.809671249205185850e-01,3.958863582498666767e-01,1.812161706711204467e-01,3.958127194744724964e-01,1.811816543707570060e-01,3.958254591014671586e-01,1.811816527075541250e-01,3.958127201559392683e-01,1.812161697205705302e-01,3.958863588873017259e-01,1.809671240433163852e-01,3.977142494479357637e-01,1.755609157268499532e-01,4.217190555730943036e-01,4.217190577471570112e-01,8.669576343710902466e-02,9.999999999999943379e-01,8.669576250453761568e-02,4.217190586459235169e-01,1.755609136092123046e-01,3.977142521512146978e-01,1.809671228553931810e-01,3.958863609408943551e-01,1.812161680581730883e-01,3.958127232180537192e-01,1.811816474729552318e-01,3.958254630633367688e-01,1.811816510024726046e-01,3.958127218142959425e-01,1.812161693743018498e-01,3.958863613444932317e-01,1.809671227945146288e-01,3.977142513536310875e-01,1.755609140304559002e-01,1.755609145417553196e-01,4.217190555125051032e-01,8.669576250453761568e-02,9.999999999999943379e-01,8.669576595709177491e-02,4.217190539611696543e-01,1.755609162364074050e-01,3.977142481288666320e-01,1.809671232154241860e-01,3.958863576405880491e-01,1.812161728014125561e-01,3.958127181137165440e-01,1.811816520327818592e-01,3.958254603880580480e-01,1.811816500146630760e-01,3.958127200646616162e-01,1.812161701710356398e-01,3.958863587341893142e-01,1.809671231887462206e-01,3.977142484623464869e-01,3.977142519513112706e-01,1.755609178906484269e-01,4.217190586459235169e-01,8.669576595709177491e-02,9.999999999999943379e-01,8.669576445879773052e-02,4.217190598677725832e-01,1.755609173711112359e-01,3.977142529565405593e-01,1.809671238721630160e-01,3.958863633101001867e-01,1.812161691063333413e-01,3.958127241748015113e-01,1.811816536128405541e-01,3.958254627365486722e-01,1.811816530019495497e-01,3.958127231830922410e-01,1.812161721926392743e-01,3.958863624987153385e-01,1.809671247669933092e-01,1.809671216867320687e-01,3.977142480273307412e-01,1.755609136092123046e-01,4.217190539611696543e-01,8.669576445879773052e-02,9.999999999999943379e-01,8.669576330942499465e-02,4.217190536127838341e-01,1.755609140568881454e-01,3.977142475022402701e-01,1.809671250284681232e-01,3.958863565013548413e-01,1.812161700275618514e-01,3.958127194166222718e-01,1.811816490272708247e-01,3.958254597332323543e-01,1.811816501635745702e-01,3.958127193423879309e-01,1.812161689302999590e-01,3.958863578281721640e-01,3.958863615473451891e-01,1.809671249205185850e-01,3.977142521512146978e-01,1.755609162364074050e-01,4.217190598677725832e-01,8.669576330942499465e-02,9.999999999999943379e-01,8.669576482478225099e-02,4.217190590843313269e-01,1.755609148056895275e-01,3.977142530187603997e-01,1.809671213681219026e-01,3.958863627671214136e-01,1.812161715565593356e-01,3.958127225230755331e-01,1.811816519638851097e-01,3.958254632523015570e-01,1.811816521725712892e-01,3.958127229723601426e-01,1.812161705172883608e-01,1.812161696651267140e-01,3.958863582498666767e-01,1.809671228553931810e-01,3.977142481288666320e-01,1.755609173711112359e-01,4.217190536127838341e-01,8.669576482478225099e-02,9.999999999999943379e-01,8.669576333722689432e-02,4.217190547122016686e-01,1.755609181708264743e-01,3.977142471265274759e-01,1.809671244534695467e-01,3.958863592391558828e-01,1.812161692056364071e-01,3.958127197636429062e-01,1.811816513849234811e-01,3.958254601028977637e-01,1.811816511371062699e-01,3.958127194145175665e-01,3.958127217703933942e-01,1.812161706711204467e-01,3.958863609408943551e-01,1.809671232154241860e-01,3.977142529565405593e-01,1.755609140568881454e-01,4.217190590843313269e-01,8.669576333722689432e-02,9.999999999999943379e-01,8.669576177634280567e-02,4.217190594272101634e-01,1.755609122709682890e-01,3.977142524812001256e-01,1.809671238064449739e-01,3.958863608571731030e-01,1.812161700469841208e-01,3.958127223215732737e-01,1.811816511635939708e-01,3.958254628055900559e-01,1.811816505542373779e-01,1.811816491146737984e-01,3.958127194744724964e-01,1.812161680581730883e-01,3.958863576405880491e-01,1.809671238721630160e-01,3.977142475022402701e-01,1.755609148056895275e-01,4.217190547122016686e-01,8.669576177634280567e-02,9.999999999999943379e-01,8.669576550620870792e-02,4.217190530109242719e-01,1.755609148879907488e-01,3.977142488482625082e-01,1.809671209598807673e-01,3.958863581070474202e-01,1.812161688949245064e-01,3.958127195859491576e-01,1.811816496550558431e-01,3.958254590517222837e-01,3.958254636851400443e-01,1.811816543707570060e-01,3.958127232180537192e-01,1.812161728014125561e-01,3.958863633101001867e-01,1.809671250284681232e-01,3.977142530187603997e-01,1.755609181708264743e-01,4.217190594272101634e-01,8.669576550620870792e-02,9.999999999999943379e-01,8.669576316219834711e-02,4.217190608786489658e-01,1.755609185721057064e-01,3.977142529520262260e-01,1.809671260798722814e-01,3.958863629035988541e-01,1.812161730116287339e-01,3.958127237313504576e-01,1.811816533848328858e-01,1.811816475398349557e-01,3.958254591014671586e-01,1.811816474729552318e-01,3.958127181137165440e-01,1.812161691063333413e-01,3.958863565013548413e-01,1.809671213681219026e-01,3.977142471265274759e-01,1.755609122709682890e-01,4.217190530109242719e-01,8.669576316219834711e-02,9.999999999999943379e-01,8.669576125285353985e-02,4.217190536007260349e-01,1.755609114679134997e-01,3.977142472275270180e-01,1.809671206976486146e-01,3.958863572574041756e-01,1.812161672250798272e-01,3.958127178252861533e-01,3.958127230242887151e-01,1.811816527075541250e-01,3.958254630633367688e-01,1.811816520327818592e-01,3.958127241748015113e-01,1.812161700275618514e-01,3.958863627671214136e-01,1.809671244534695467e-01,3.977142524812001256e-01,1.755609148879907488e-01,4.217190608786489658e-01,8.669576125285353985e-02,9.999999999999943379e-01,8.669576625662533953e-02,4.217190580347536799e-01,1.755609165184917608e-01,3.977142524133156498e-01,1.809671247341469447e-01,3.958863621322995519e-01,1.812161707552962242e-01,1.812161701172134154e-01,3.958127201559392683e-01,1.811816510024726046e-01,3.958254603880580480e-01,1.811816536128405541e-01,3.958127194166222718e-01,1.812161715565593356e-01,3.958863592391558828e-01,1.809671238064449739e-01,3.977142488482625082e-01,1.755609185721057064e-01,4.217190536007260349e-01,8.669576625662533953e-02,9.999999999999943379e-01,8.669576310630526528e-02,4.217190561948888639e-01,1.755609162685749791e-01,3.977142489605794973e-01,1.809671241145185405e-01,3.958863584355346577e-01,3.958863609509460368e-01,1.812161697205705302e-01,3.958127218142959425e-01,1.811816500146630760e-01,3.958254627365486722e-01,1.811816490272708247e-01,3.958127225230755331e-01,1.812161692056364071e-01,3.958863608571731030e-01,1.809671209598807673e-01,3.977142529520262260e-01,1.755609114679134997e-01,4.217190580347536799e-01,8.669576310630526528e-02,9.999999999999943379e-01,8.669576262392592048e-02,4.217190575031259381e-01,1.755609147627542610e-01,3.977142508782913755e-01,1.809671219566480471e-01,1.809671226396436516e-01,3.958863588873017259e-01,1.812161693743018498e-01,3.958127200646616162e-01,1.811816530019495497e-01,3.958254597332323543e-01,1.811816519638851097e-01,3.958127197636429062e-01,1.812161700469841208e-01,3.958863581070474202e-01,1.809671260798722814e-01,3.977142472275270180e-01,1.755609165184917608e-01,4.217190561948888639e-01,8.669576262392592048e-02,9.999999999999943379e-01,8.669576413988019925e-02,4.217190559424344176e-01,1.755609153997285954e-01,3.977142492250689276e-01,3.977142519812834065e-01,1.809671240433163852e-01,3.958863613444932317e-01,1.812161701710356398e-01,3.958127231830922410e-01,1.811816501635745702e-01,3.958254632523015570e-01,1.811816513849234811e-01,3.958127223215732737e-01,1.812161688949245064e-01,3.958863629035988541e-01,1.809671206976486146e-01,3.977142524133156498e-01,1.755609162685749791e-01,4.217190575031259381e-01,8.669576413988019925e-02,9.999999999999943379e-01,8.669576426091979426e-02,4.217190575720545231e-01,1.755609149348856257e-01,1.755609147015533278e-01,3.977142494479357637e-01,1.809671227945146288e-01,3.958863587341893142e-01,1.812161721926392743e-01,3.958127193423879309e-01,1.811816521725712892e-01,3.958254601028977637e-01,1.811816511635939708e-01,3.958127195859491576e-01,1.812161730116287339e-01,3.958863572574041756e-01,1.809671247341469447e-01,3.977142489605794973e-01,1.755609147627542610e-01,4.217190559424344176e-01,8.669576426091979426e-02,9.999999999999943379e-01,8.669576402059639419e-02,4.217190554244266143e-01,4.217190581979686215e-01,1.755609157268499532e-01,3.977142513536310875e-01,1.809671231887462206e-01,3.958863624987153385e-01,1.812161689302999590e-01,3.958127229723601426e-01,1.811816511371062699e-01,3.958254628055900559e-01,1.811816496550558431e-01,3.958127237313504576e-01,1.812161672250798272e-01,3.958863621322995519e-01,1.809671241145185405e-01,3.977142508782913755e-01,1.755609153997285954e-01,4.217190575720545231e-01,8.669576402059639419e-02,9.999999999999943379e-01,8.669576291427519288e-02,8.669576221714565822e-02,4.217190555730943036e-01,1.755609140304559002e-01,3.977142484623464869e-01,1.809671247669933092e-01,3.958863578281721640e-01,1.812161705172883608e-01,3.958127194145175665e-01,1.811816505542373779e-01,3.958254590517222837e-01,1.811816533848328858e-01,3.958127178252861533e-01,1.812161707552962242e-01,3.958863584355346577e-01,1.809671219566480471e-01,3.977142492250689276e-01,1.755609149348856257e-01,4.217190554244266143e-01,8.669576291427519288e-02,9.999999999999943379e-01
