9.999999999999961142e-01,7.793910704812057055e-01,7.838888739755707213e-01,7.794549143717428574e-01,7.840925180419331397e-01,7.794544407464221170e-01,7.840963896382290299e-01,7.794544354954938692e-01,7.840968154123004741e-01,7.794544353861107000e-01,7.840968833652868231e-01,7.794544354145104270e-01,7.840968154595517881e-01,7.794544355569051897e-01,7.840963897149832995e-01,7.794544408074395303e-01,7.840925181054259063e-01,7.794549144158722243e-01,7.838888740037712743e-01,7.793910704999644778e-01,7.793910704812057055e-01,9.999999999999961142e-01,7.793910704743828299e-01,7.838888739933086436e-01,7.794549143505531408e-01,7.840925180599948030e-01,7.794544407174229805e-01,7.840963896607882067e-01,7.794544354948017562e-01,7.840968154287525360e-01,7.794544354216643711e-01,7.840968833843900976e-01,7.794544354303207800e-01,7.840968154852887562e-01,7.794544355564394511e-01,7.840963897398169902e-01,7.794544408094775667e-01,7.840925181283396883e-01,7.794549144071538649e-01,7.838888740236535924e-01,7.838888739755707213e-01,7.793910704743828299e-01,9.999999999999961142e-01,7.793910704630628850e-01,7.838888739437073205e-01,7.794549143502301769e-01,7.840925180166176123e-01,7.794544407255754592e-01,7.840963896450076076e-01,7.794544354863593982e-01,7.840968154364602594e-01,7.794544354074925963e-01,7.840968833792989479e-01,7.794544354433098343e-01,7.840968154664467171e-01,7.794544355647665679e-01,7.840963897041280939e-01,7.794544407995341873e-01,7.840925180832851726e-01,7.794549143961022608e-01,7.794549143717428574e-01,7.838888739933086436e-01,7.793910704630628850e-01,9.999999999999961142e-01,7.793910704366009412e-01,7.838888739659711780e-01,7.794549143154556603e-01,7.840925180303175424e-01,7.794544407190223678e-01,7.840963896471655481e-01,7.794544355165152760e-01,7.840968154391025902e-01,7.794544354197766589e-01,7.840968833994332865e-01,7.794544354376353734e-01,7.840968154916700961e-01,7.794544355614902997e-01,7.840963897319926934e-01,7.794544407861722091e-01,7.840925181009538170e-01,7.840925180419331397e-01,7.794549143505531408e-01,7.838888739437073205e-01,7.793910704366009412e-01,9.999999999999961142e-01,7.793910704211239882e-01,7.838888738949685298e-01,7.794549143085416354e-01,7.840925180021595109e-01,7.794544406962320426e-01,7.840963896465342753e-01,7.794544354890811100e-01,7.840968154267852208e-01,7.794544354175174661e-01,7.840968833730938004e-01,7.794544354306254252e-01,7.840968154575874705e-01,7.794544355371260114e-01,7.840963896715500425e-01,7.794544407595704882e-01,7.794544407464221170e-01,7.840925180599948030e-01,7.794549143502301769e-01,7.838888739659711780e-01,7.793910704211239882e-01,9.999999999999961142e-01,7.793910703973327969e-01,7.838888739364838765e-01,7.794549143132046831e-01,7.840925180221878232e-01,7.794544407380126216e-01,7.840963896666839350e-01,7.794544355118645518e-01,7.840968154588177086e-01,7.794544354218111426e-01,7.840968833956569739e-01,7.794544354383935447e-01,7.840968154720282524e-01,7.794544355340822239e-01,7.840963896951689271e-01,7.840963896382290299e-01,7.794544407174229805e-01,7.840925180166176123e-01,7.794549143154556603e-01,7.838888738949685298e-01,7.793910703973327969e-01,9.999999999999961142e-01,7.793910703825138730e-01,7.838888738844591586e-01,7.794549142823852250e-01,7.840925180103172076e-01,7.794544407008778819e-01,7.840963896296927471e-01,7.794544355004470182e-01,7.840968154181287009e-01,7.794544354058042801e-01,7.840968833702338658e-01,7.794544354050170210e-01,7.840968154254681632e-01,7.794544354995825985e-01,7.794544354954938692e-01,7.840963896607882067e-01,7.794544407255754592e-01,7.840925180303175424e-01,7.794549143085416354e-01,7.838888739364838765e-01,7.793910703825138730e-01,9.999999999999961142e-01,7.793910703963269349e-01,7.838888739209111112e-01,7.794549143333967534e-01,7.840925180397885219e-01,7.794544407322667734e-01,7.840963896913162312e-01,7.794544355142909442e-01,7.840968154610274965e-01,7.794544354234679284e-01,7.840968833800689985e-01,7.794544354106437423e-01,7.840968154431136039e-01,7.840968154123004741e-01,7.794544354948017562e-01,7.840963896450076076e-01,7.794544407190223678e-01,7.840925180021595109e-01,7.794549143132046831e-01,7.838888738844591586e-01,7.793910703963269349e-01,9.999999999999961142e-01,7.793910703935686968e-01,7.838888739332037225e-01,7.794549143244418055e-01,7.840925180212789947e-01,7.794544407506586170e-01,7.840963896598355243e-01,7.794544355273095304e-01,7.840968154487075736e-01,7.794544354188913671e-01,7.840968833617715239e-01,7.794544354047217016e-01,7.794544353861107000e-01,7.840968154287525360e-01,7.794544354863593982e-01,7.840963896471655481e-01,7.794544406962320426e-01,7.840925180221878232e-01,7.794549142823852250e-01,7.838888739209111112e-01,7.793910703935686968e-01,9.999999999999961142e-01,7.793910704286346469e-01,7.838888739457688937e-01,7.794549143402420555e-01,7.840925180711766362e-01,7.794544407484075288e-01,7.840963896995749582e-01,7.794544355283767878e-01,7.840968154602979689e-01,7.794544354087790117e-01,7.840968833752255396e-01,7.840968833652868231e-01,7.794544354216643711e-01,7.840968154364602594e-01,7.794544355165152760e-01,7.840963896465342753e-01,7.794544407380126216e-01,7.840925180103172076e-01,7.794549143333967534e-01,7.838888739332037225e-01,7.793910704286346469e-01,9.999999999999961142e-01,7.793910704578649318e-01,7.838888739754973356e-01,7.794549143950856296e-01,7.840925180789257709e-01,7.794544407984778100e-01,7.840963897126624893e-01,7.794544355611410236e-01,7.840968154634450071e-01,7.794544354399767228e-01,7.794544354145104270e-01,7.840968833843900976e-01,7.794544354074925963e-01,7.840968154391025902e-01,7.794544354890811100e-01,7.840963896666839350e-01,7.794544407008778819e-01,7.840925180397885219e-01,7.794549143244418055e-01,7.838888739457688937e-01,7.793910704578649318e-01,9.999999999999961142e-01,7.793910704670605760e-01,7.838888740091831675e-01,7.794549143880515896e-01,7.840925181158134860e-01,7.794544407934606012e-01,7.840963897226503887e-01,7.794544355453710827e-01,7.840968154727304684e-01,7.840968154595517881e-01,7.794544354303207800e-01,7.840968833792989479e-01,7.794544354197766589e-01,7.840968154267852208e-01,7.794544355118645518e-01,7.840963896296927471e-01,7.794544407322667734e-01,7.840925180212789947e-01,7.794549143402420555e-01,7.838888739754973356e-01,7.793910704670605760e-01,9.999999999999961142e-01,7.793910705025254293e-01,7.838888740019047674e-01,7.794549144180222822e-01,7.840925181070786953e-01,7.794544408067026753e-01,7.840963897144572758e-01,7.794544355566090932e-01,7.794544355569051897e-01,7.840968154852887562e-01,7.794544354433098343e-01,7.840968833994332865e-01,7.794544354175174661e-01,7.840968154588177086e-01,7.794544355004470182e-01,7.840963896913162312e-01,7.794544407506586170e-01,7.840925180711766362e-01,7.794549143950856296e-01,7.838888740091831675e-01,7.793910705025254293e-01,9.999999999999961142e-01,7.793910705206196221e-01,7.838888740566823943e-01,7.794549144393237983e-01,7.840925181383375797e-01,7.794544408172963124e-01,7.840963897378714353e-01,7.840963897149832995e-01,7.794544355564394511e-01,7.840968154664467171e-01,7.794544354376353734e-01,7.840968833730938004e-01,7.794544354218111426e-01,7.840968154181287009e-01,7.794544355142909442e-01,7.840963896598355243e-01,7.794544407484075288e-01,7.840925180789257709e-01,7.794549143880515896e-01,7.838888740019047674e-01,7.793910705206196221e-01,9.999999999999961142e-01,7.793910705343010115e-01,7.838888740349674311e-01,7.794549144347433511e-01,7.840925181207365480e-01,7.794544408111173661e-01,7.794544408074395303e-01,7.840963897398169902e-01,7.794544355647665679e-01,7.840968154916700961e-01,7.794544354306254252e-01,7.840968833956569739e-01,7.794544354058042801e-01,7.840968154610274965e-01,7.794544355273095304e-01,7.840963896995749582e-01,7.794544407984778100e-01,7.840925181158134860e-01,7.794549144180222822e-01,7.838888740566823943e-01,7.793910705343010115e-01,9.999999999999961142e-01,7.793910705508154679e-01,7.838888740681481115e-01,7.794549144397006080e-01,7.840925181365108187e-01,7.840925181054259063e-01,7.794544408094775667e-01,7.840963897041280939e-01,7.794544355614902997e-01,7.840968154575874705e-01,7.794544354383935447e-01,7.840968833702338658e-01,7.794544354234679284e-01,7.840968154487075736e-01,7.794544355283767878e-01,7.840963897126624893e-01,7.794544407934606012e-01,7.840925181070786953e-01,7.794549144393237983e-01,7.838888740349674311e-01,7.793910705508154679e-01,9.999999999999961142e-01,7.793910705488833468e-01,7.838888740406450006e-01,7.794549144382236783e-01,7.794549144158722243e-01,7.840925181283396883e-01,7.794544407995341873e-01,7.840963897319926934e-01,7.794544355371260114e-01,7.840968154720282524e-01,7.794544354050170210e-01,7.840968833800689985e-01,7.794544354188913671e-01,7.840968154602979689e-01,7.794544355611410236e-01,7.840963897226503887e-01,7.794544408067026753e-01,7.840925181383375797e-01,7.794549144347433511e-01,7.838888740681481115e-01,7.793910705488833468e-01,9.999999999999961142e-01,7.793910705362619984e-01,7.838888740545035816e-01,7.838888740037712743e-01,7.794549144071538649e-01,7.840925180832851726e-01,7.794544407861722091e-01,7.840963896715500425e-01,7.794544355340822239e-01,7.840968154254681632e-01,7.794544354106437423e-01,7.840968833617715239e-01,7.794544354087790117e-01,7.840968154634450071e-01,7.794544355453710827e-01,7.840963897144572758e-01,7.794544408172963124e-01,7.840925181207365480e-01,7.794549144397006080e-01,7.838888740406450006e-01,7.793910705362619984e-01,9.999999999999961142e-01,7.793910705229509794e-01,7.793910704999644778e-01,7.838888740236535924e-01,7.794549143961022608e-01,7.840925181009538170e-01,7.794544407595704882e-01,7.840963896951689271e-01,7.794544354995825985e-01,7.840968154431136039e-01,7.794544354047217016e-01,7.840968833752255396e-01,7.794544354399767228e-01,7.840968154727304684e-01,7.794544355566090932e-01,7.840963897378714353e-01,7.794544408111173661e-01,7.840925181365108187e-01,7.794549144382236783e-01,7.838888740545035816e-01,7.793910705229509794e-01,9.999999999999961142e-01
1.000000000000000000e+00,7.737303750385514656e-01,7.794752965451949844e-01,7.738390393010788904e-01,7.797627416188988025e-01,7.738381214059062430e-01,7.797681994930665272e-01,7.738381103801901251e-01,7.797688054644764666e-01,7.738381099892195358e-01,7.797689023551890308e-01,7.738381099951596731e-01,7.797688054703146854e-01,7.738381103872666866e-01,7.797681995005907307e-01,7.738381214034206756e-01,7.797627416124838229e-01,7.738390392900850179e-01,7.794752965353408669e-01,7.737303750317481299e-01,7.737303750385514656e-01,1.000000000000000000e+00,7.737303750522712686e-01,7.794752965664207833e-01,7.738390393068352857e-01,7.797627416319197202e-01,7.738381214045977341e-01,7.797681995096485963e-01,7.738381103847853382e-01,7.797688054790814505e-01,7.738381100031541671e-01,7.797689023741283254e-01,7.738381100053396411e-01,7.797688054876346087e-01,7.738381103938690719e-01,7.797681995146535927e-01,7.738381214113266848e-01,7.797627416275578760e-01,7.738390392955358799e-01,7.794752965515787668e-01,7.794752965451949844e-01,7.737303750522712686e-01,1.000000000000000000e+00,7.737303750612511966e-01,7.794752965598288341e-01,7.738390393106603371e-01,7.797627416191178495e-01,7.738381214126848207e-01,7.797681995047113235e-01,7.738381103895701774e-01,7.797688054819316150e-01,7.738381100088470577e-01,7.797689023746952053e-01,7.738381100141379365e-01,7.797688054860812956e-01,7.738381103979951048e-01,7.797681995085758988e-01,7.738381214124594454e-01,7.797627416189727434e-01,7.738390392988334643e-01,7.738390393010788904e-01,7.794752965664207833e-01,7.737303750612511966e-01,1.000000000000000000e+00,7.737303750623274468e-01,7.794752965715252557e-01,7.738390393047592797e-01,7.797627416338540618e-01,7.738381214128001728e-01,7.797681995126187759e-01,7.738381103989857568e-01,7.797688054933989976e-01,7.738381100141470403e-01,7.797689023864775582e-01,7.738381100161720871e-01,7.797688054962816917e-01,7.738381104013412060e-01,7.797681995190050008e-01,7.738381214132046271e-01,7.797627416313400728e-01,7.797627416188988025e-01,7.738390393068352857e-01,7.794752965598288341e-01,7.737303750623274468e-01,1.000000000000000000e+00,7.737303750583126583e-01,7.794752965501796638e-01,7.738390393050262883e-01,7.797627416224350849e-01,7.738381214097777017e-01,7.797681995077342387e-01,7.738381103965696894e-01,7.797688054853342265e-01,7.738381100150513170e-01,7.797689023761465998e-01,7.738381100124720469e-01,7.797688054861782181e-01,7.738381103944144135e-01,7.797681995023408863e-01,7.738381214087189930e-01,7.738381214059062430e-01,7.797627416319197202e-01,7.738390393106603371e-01,7.794752965715252557e-01,7.737303750583126583e-01,1.000000000000000000e+00,7.737303750472912522e-01,7.794752965607280037e-01,7.738390393000760259e-01,7.797627416274743872e-01,7.738381214139715691e-01,7.797681995157392798e-01,7.738381103968000607e-01,7.797688054945683955e-01,7.738381100121746181e-01,7.797689023785148166e-01,7.738381100106120902e-01,7.797688054891072085e-01,7.738381103901754710e-01,7.797681995083558526e-01,7.797681994930665272e-01,7.738381214045977341e-01,7.797627416191178495e-01,7.738390393047592797e-01,7.794752965501796638e-01,7.737303750472912522e-01,1.000000000000000000e+00,7.737303750405875036e-01,7.794752965386074761e-01,7.738390392900251769e-01,7.797627416138582790e-01,7.738381214048069001e-01,7.797681995006418010e-01,7.738381103909797165e-01,7.797688054764524423e-01,7.738381100016770153e-01,7.797689023666035668e-01,7.738381099969392496e-01,7.797688054697541338e-01,7.738381103787963511e-01,7.738381103801901251e-01,7.797681995096485963e-01,7.738381214126848207e-01,7.797627416338540618e-01,7.738390393050262883e-01,7.794752965607280037e-01,7.737303750405875036e-01,1.000000000000000000e+00,7.737303750399054936e-01,7.794752965507117937e-01,7.738390392983887089e-01,7.797627416266494915e-01,7.738381214094615101e-01,7.797681995167609070e-01,7.738381103923687165e-01,7.797688054846736438e-01,7.738381100040352401e-01,7.797689023684816201e-01,7.738381099970875754e-01,7.797688054742771824e-01,7.797688054644764666e-01,7.738381103847853382e-01,7.797681995047113235e-01,7.738381214128001728e-01,7.797627416224350849e-01,7.738390393000760259e-01,7.794752965386074761e-01,7.737303750399054936e-01,1.000000000000000000e+00,7.737303750357100718e-01,7.794752965426698932e-01,7.738390392952377850e-01,7.797627416128389832e-01,7.738381214093761340e-01,7.797681994988835408e-01,7.738381103876448286e-01,7.797688054739333463e-01,7.738381099962676757e-01,7.797689023544230880e-01,7.738381099915723205e-01,7.738381099892195358e-01,7.797688054790814505e-01,7.738381103895701774e-01,7.797681995126187759e-01,7.738381214097777017e-01,7.797627416274743872e-01,7.738390392900251769e-01,7.794752965507117937e-01,7.737303750357100718e-01,1.000000000000000000e+00,7.737303750406245850e-01,7.794752965518797483e-01,7.738390392962976039e-01,7.797627416274699463e-01,7.738381214071926584e-01,7.797681995084704276e-01,7.738381103865873412e-01,7.797688054791860335e-01,7.738381099928361984e-01,7.797689023630536287e-01,7.797689023551890308e-01,7.738381100031541671e-01,7.797688054819316150e-01,7.738381103989857568e-01,7.797681995077342387e-01,7.738381214139715691e-01,7.797627416138582790e-01,7.738390392983887089e-01,7.794752965426698932e-01,7.737303750406245850e-01,1.000000000000000000e+00,7.737303750464199492e-01,7.794752965497094843e-01,7.738390393054088712e-01,7.797627416220720420e-01,7.738381214116831774e-01,7.797681995035150582e-01,7.738381103878888556e-01,7.797688054720484097e-01,7.738381099963684839e-01,7.738381099951596731e-01,7.797689023741283254e-01,7.738381100088470577e-01,7.797688054933989976e-01,7.738381103965696894e-01,7.797681995157392798e-01,7.738381214048069001e-01,7.797627416266494915e-01,7.738390392952377850e-01,7.794752965518797483e-01,7.737303750464199492e-01,1.000000000000000000e+00,7.737303750484840759e-01,7.794752965627395058e-01,7.738390393040917026e-01,7.797627416329007133e-01,7.738381214115838125e-01,7.797681995077088146e-01,7.738381103853173570e-01,7.797688054789367884e-01,7.797688054703146854e-01,7.738381100053396411e-01,7.797689023746952053e-01,7.738381100141470403e-01,7.797688054853342265e-01,7.738381103968000607e-01,7.797681995006418010e-01,7.738381214094615101e-01,7.797627416128389832e-01,7.738390392962976039e-01,7.794752965497094843e-01,7.737303750484840759e-01,1.000000000000000000e+00,7.737303750538705449e-01,7.794752965531788202e-01,7.738390393048066862e-01,7.797627416215197060e-01,7.738381214090535032e-01,7.797681995018415080e-01,7.738381103852117748e-01,7.738381103872666866e-01,7.797688054876346087e-01,7.738381100141379365e-01,7.797689023864775582e-01,7.738381100150513170e-01,7.797688054945683955e-01,7.738381103909797165e-01,7.797681995167609070e-01,7.738381214093761340e-01,7.797627416274699463e-01,7.738390393054088712e-01,7.794752965627395058e-01,7.737303750538705449e-01,1.000000000000000000e+00,7.737303750558266469e-01,7.794752965656375210e-01,7.738390393079165319e-01,7.797627416301424752e-01,7.738381214097473926e-01,7.797681995086911400e-01,7.797681995005907307e-01,7.738381103938690719e-01,7.797688054860812956e-01,7.738381100161720871e-01,7.797689023761465998e-01,7.738381100121746181e-01,7.797688054764524423e-01,7.738381103923687165e-01,7.797681994988835408e-01,7.738381214071926584e-01,7.797627416220720420e-01,7.738390393040917026e-01,7.794752965531788202e-01,7.737303750558266469e-01,1.000000000000000000e+00,7.737303750530514224e-01,7.794752965539880618e-01,7.738390393022051006e-01,7.797627416193803063e-01,7.738381214062599600e-01,7.738381214034206756e-01,7.797681995146535927e-01,7.738381103979951048e-01,7.797688054962816917e-01,7.738381100124720469e-01,7.797689023785148166e-01,7.738381100016770153e-01,7.797688054846736438e-01,7.738381103876448286e-01,7.797681995084704276e-01,7.738381214116831774e-01,7.797627416329007133e-01,7.738390393048066862e-01,7.794752965656375210e-01,7.737303750530514224e-01,1.000000000000000000e+00,7.737303750515890366e-01,7.794752965581254189e-01,7.738390392983429678e-01,7.797627416222672192e-01,7.797627416124838229e-01,7.738381214113266848e-01,7.797681995085758988e-01,7.738381104013412060e-01,7.797688054861782181e-01,7.738381100106120902e-01,7.797689023666035668e-01,7.738381100040352401e-01,7.797688054739333463e-01,7.738381103865873412e-01,7.797681995035150582e-01,7.738381214115838125e-01,7.797627416215197060e-01,7.738390393079165319e-01,7.794752965539880618e-01,7.737303750515890366e-01,1.000000000000000000e+00,7.737303750471824504e-01,7.794752965460197691e-01,7.738390392958045538e-01,7.738390392900850179e-01,7.797627416275578760e-01,7.738381214124594454e-01,7.797681995190050008e-01,7.738381103944144135e-01,7.797688054891072085e-01,7.738381099969392496e-01,7.797689023684816201e-01,7.738381099962676757e-01,7.797688054791860335e-01,7.738381103878888556e-01,7.797681995077088146e-01,7.738381214090535032e-01,7.797627416301424752e-01,7.738390393022051006e-01,7.794752965581254189e-01,7.737303750471824504e-01,1.000000000000000000e+00,7.737303750402595437e-01,7.794752965493709773e-01,7.794752965353408669e-01,7.738390392955358799e-01,7.797627416189727434e-01,7.738381214132046271e-01,7.797681995023408863e-01,7.738381103901754710e-01,7.797688054697541338e-01,7.738381099970875754e-01,7.797689023544230880e-01,7.738381099928361984e-01,7.797688054720484097e-01,7.738381103853173570e-01,7.797681995018415080e-01,7.738381214097473926e-01,7.797627416193803063e-01,7.738390392983429678e-01,7.794752965460197691e-01,7.737303750402595437e-01,1.000000000000000000e+00,7.737303750353902165e-01,7.737303750317481299e-01,7.794752965515787668e-01,7.738390392988334643e-01,7.797627416313400728e-01,7.738381214087189930e-01,7.797681995083558526e-01,7.738381103787963511e-01,7.797688054742771824e-01,7.738381099915723205e-01,7.797689023630536287e-01,7.738381099963684839e-01,7.797688054789367884e-01,7.738381103852117748e-01,7.797681995086911400e-01,7.738381214062599600e-01,7.797627416222672192e-01,7.738390392958045538e-01,7.794752965493709773e-01,7.737303750353902165e-01,1.000000000000000000e+00
9.999999999999908962e-01,7.654548674951742182e-01,7.730420489997064104e-01,7.656519551772875687e-01,7.734637374496426965e-01,7.656500392629635998e-01,7.734717081536435224e-01,7.656500148209051115e-01,7.734726062346477526e-01,7.656500136452877303e-01,7.734727503000743409e-01,7.656500136445723026e-01,7.734726062190143692e-01,7.656500148130233052e-01,7.734717081531303773e-01,7.656500392466110139e-01,7.734637374512347563e-01,7.656519551774259025e-01,7.730420490065014194e-01,7.654548675005269365e-01,7.654548674951742182e-01,9.999999999999908962e-01,7.654548674948206122e-01,7.730420490369270814e-01,7.656519551788925071e-01,7.734637374934388854e-01,7.656500392473284400e-01,7.734717081921911319e-01,7.656500148284046681e-01,7.734726062465044905e-01,7.656500136765834741e-01,7.734727503166668461e-01,7.656500136560377978e-01,7.734726062454683193e-01,7.656500148087342916e-01,7.734717081821833595e-01,7.656500392598872828e-01,7.734637374911385033e-01,7.656519551911626920e-01,7.730420490510317988e-01,7.730420489997064104e-01,7.654548674948206122e-01,9.999999999999908962e-01,7.654548674876782144e-01,7.730420489953879759e-01,7.656519551904783505e-01,7.734637374397016485e-01,7.656500392629150831e-01,7.734717081707208619e-01,7.656500148029448116e-01,7.734726062396429791e-01,7.656500136442194737e-01,7.734727502951261879e-01,7.656500136548475277e-01,7.734726062168492122e-01,7.656500148035536579e-01,7.734717081477185951e-01,7.656500392486693674e-01,7.734637374506687646e-01,7.656519551893798958e-01,7.656519551772875687e-01,7.730420490369270814e-01,7.654548674876782144e-01,9.999999999999908962e-01,7.654548674825466525e-01,7.730420490443774550e-01,7.656519551685423419e-01,7.734637374869880455e-01,7.656500392639512542e-01,7.734717081654567394e-01,7.656500148277020079e-01,7.734726062385537393e-01,7.656500136484950536e-01,7.734727503139158244e-01,7.656500136437073278e-01,7.734726062416272807e-01,7.656500148102841630e-01,7.734717081812909623e-01,7.656500392556775392e-01,7.734637374949921984e-01,7.734637374496426965e-01,7.656519551788925071e-01,7.730420489953879759e-01,7.654548674825466525e-01,9.999999999999908962e-01,7.654548674966991095e-01,7.730420489872533718e-01,7.656519551861546979e-01,7.734637374680107813e-01,7.656500392405753974e-01,7.734717081635589242e-01,7.656500147970555226e-01,7.734726062157406545e-01,7.656500136493689102e-01,7.734727502805393007e-01,7.656500136409081225e-01,7.734726062187100570e-01,7.656500148008660300e-01,7.734717081447896048e-01,7.656500392562657353e-01,7.656500392629635998e-01,7.734637374934388854e-01,7.656519551904783505e-01,7.730420490443774550e-01,7.654548674966991095e-01,9.999999999999908962e-01,7.654548674929960717e-01,7.730420490570447667e-01,7.656519552060815359e-01,7.734637374887923800e-01,7.656500392837413127e-01,7.734717081831512520e-01,7.656500148201041966e-01,7.734726062592256479e-01,7.656500136575983273e-01,7.734727503141733962e-01,7.656500136660719935e-01,7.734726062576250394e-01,7.656500148269900219e-01,7.734717081942926731e-01,7.734717081536435224e-01,7.656500392473284400e-01,7.734637374397016485e-01,7.656519551685423419e-01,7.730420489872533718e-01,7.654548674929960717e-01,9.999999999999908962e-01,7.654548674935107710e-01,7.730420490066916006e-01,7.656519551657802181e-01,7.734637374578703373e-01,7.656500392367531216e-01,7.734717081423170271e-01,7.656500148042978404e-01,7.734726062076218156e-01,7.656500136380107735e-01,7.734727502943370414e-01,7.656500136402322187e-01,7.734726062240429023e-01,7.656500148103276837e-01,7.656500148209051115e-01,7.734717081921911319e-01,7.656500392629150831e-01,7.734637374869880455e-01,7.656519551861546979e-01,7.730420490570447667e-01,7.654548674935107710e-01,9.999999999999908962e-01,7.654548675176326977e-01,7.730420490421752167e-01,7.656519552124694261e-01,7.734637374912551877e-01,7.656500392638359020e-01,7.734717082042372738e-01,7.656500148163978281e-01,7.734726062500764110e-01,7.656500136668262790e-01,7.734727503210901967e-01,7.656500136703425774e-01,7.734726062605054020e-01,7.734726062346477526e-01,7.656500148284046681e-01,7.734717081707208619e-01,7.656500392639512542e-01,7.734637374680107813e-01,7.656519552060815359e-01,7.730420490066916006e-01,7.654548675176326977e-01,9.999999999999908962e-01,7.654548674997505575e-01,7.730420490350805585e-01,7.656519551887550623e-01,7.734637374559312217e-01,7.656500392707481506e-01,7.734717081509284720e-01,7.656500148196113686e-01,7.734726062366626964e-01,7.656500136638924037e-01,7.734727503040979002e-01,7.656500136768955578e-01,7.656500136452877303e-01,7.734726062465044905e-01,7.656500148029448116e-01,7.734717081654567394e-01,7.656500392405753974e-01,7.734637374887923800e-01,7.656519551657802181e-01,7.730420490421752167e-01,7.654548674997505575e-01,9.999999999999908962e-01,7.654548675057313289e-01,7.730420490239233722e-01,7.656519551744518370e-01,7.734637374845376723e-01,7.656500392412654010e-01,7.734717081736168787e-01,7.656500148074218970e-01,7.734726062465387963e-01,7.656500136525674627e-01,7.734727503298122198e-01,7.734727503000743409e-01,7.656500136765834741e-01,7.734726062396429791e-01,7.656500148277020079e-01,7.734717081635589242e-01,7.656500392837413127e-01,7.734637374578703373e-01,7.656519552124694261e-01,7.730420490350805585e-01,7.654548675057313289e-01,9.999999999999908962e-01,7.654548675046355388e-01,7.730420490211126205e-01,7.656519552046318067e-01,7.734637374627419959e-01,7.656500392679055356e-01,7.734717081679125528e-01,7.656500148275617867e-01,7.734726062437913274e-01,7.656500136822158575e-01,7.656500136445723026e-01,7.734727503166668461e-01,7.656500136442194737e-01,7.734726062385537393e-01,7.656500147970555226e-01,7.734717081831512520e-01,7.656500392367531216e-01,7.734637374912551877e-01,7.656519551887550623e-01,7.730420490239233722e-01,7.654548675046355388e-01,9.999999999999908962e-01,7.654548674836550992e-01,7.730420490332043926e-01,7.656519551681563174e-01,7.734637374796997644e-01,7.656500392492711082e-01,7.734717081672121131e-01,7.656500148095083391e-01,7.734726062539342140e-01,7.734726062190143692e-01,7.656500136560377978e-01,7.734727502951261879e-01,7.656500136484950536e-01,7.734726062157406545e-01,7.656500148201041966e-01,7.734717081423170271e-01,7.656500392638359020e-01,7.734637374559312217e-01,7.656519551744518370e-01,7.730420490211126205e-01,7.654548674836550992e-01,9.999999999999908962e-01,7.654548674945689246e-01,7.730420489942726459e-01,7.656519551752027919e-01,7.734637374494719442e-01,7.656500392495599883e-01,7.734717081647386472e-01,7.656500148196430100e-01,7.656500148130233052e-01,7.734726062454683193e-01,7.656500136548475277e-01,7.734727503139158244e-01,7.656500136493689102e-01,7.734726062592256479e-01,7.656500148042978404e-01,7.734717082042372738e-01,7.656500392707481506e-01,7.734637374845376723e-01,7.656519552046318067e-01,7.730420490332043926e-01,7.654548674945689246e-01,9.999999999999908962e-01,7.654548674894547933e-01,7.730420490355481844e-01,7.656519551875416996e-01,7.734637374790630515e-01,7.656500392623615259e-01,7.734717081864597166e-01,7.734717081531303773e-01,7.656500148087342916e-01,7.734726062168492122e-01,7.656500136437073278e-01,7.734727502805393007e-01,7.656500136575983273e-01,7.734726062076218156e-01,7.656500148163978281e-01,7.734717081509284720e-01,7.656500392412654010e-01,7.734637374627419959e-01,7.656519551681563174e-01,7.730420489942726459e-01,7.654548674894547933e-01,9.999999999999908962e-01,7.654548674805985442e-01,7.730420489998134359e-01,7.656519551727631878e-01,7.734637374591476489e-01,7.656500392571490288e-01,7.656500392466110139e-01,7.734717081821833595e-01,7.656500148035536579e-01,7.734726062416272807e-01,7.656500136409081225e-01,7.734727503141733962e-01,7.656500136380107735e-01,7.734726062500764110e-01,7.656500148196113686e-01,7.734717081736168787e-01,7.656500392679055356e-01,7.734637374796997644e-01,7.656519551752027919e-01,7.730420490355481844e-01,7.654548674805985442e-01,9.999999999999908962e-01,7.654548674894616767e-01,7.730420490269888090e-01,7.656519551824385594e-01,7.734637374823831735e-01,7.734637374512347563e-01,7.656500392598872828e-01,7.734717081477185951e-01,7.656500148102841630e-01,7.734726062187100570e-01,7.656500136660719935e-01,7.734727502943370414e-01,7.656500136668262790e-01,7.734726062366626964e-01,7.656500148074218970e-01,7.734717081679125528e-01,7.656500392492711082e-01,7.734637374494719442e-01,7.656519551875416996e-01,7.730420489998134359e-01,7.654548674894616767e-01,9.999999999999908962e-01,7.654548674920120810e-01,7.730420490122795751e-01,7.656519551937797097e-01,7.656519551774259025e-01,7.734637374911385033e-01,7.656500392486693674e-01,7.734717081812909623e-01,7.656500148008660300e-01,7.734726062576250394e-01,7.656500136402322187e-01,7.734727503210901967e-01,7.656500136638924037e-01,7.734726062465387963e-01,7.656500148275617867e-01,7.734717081672121131e-01,7.656500392495599883e-01,7.734637374790630515e-01,7.656519551727631878e-01,7.730420490269888090e-01,7.654548674920120810e-01,9.999999999999908962e-01,7.654548674953848275e-01,7.730420490436425984e-01,7.730420490065014194e-01,7.656519551911626920e-01,7.734637374506687646e-01,7.656500392556775392e-01,7.734717081447896048e-01,7.656500148269900219e-01,7.734726062240429023e-01,7.656500136703425774e-01,7.734727503040979002e-01,7.656500136525674627e-01,7.734726062437913274e-01,7.656500148095083391e-01,7.734717081647386472e-01,7.656500392623615259e-01,7.734637374591476489e-01,7.656519551824385594e-01,7.730420490122795751e-01,7.654548674953848275e-01,9.999999999999908962e-01,7.654548675083350240e-01,7.654548675005269365e-01,7.730420490510317988e-01,7.656519551893798958e-01,7.734637374949921984e-01,7.656500392562657353e-01,7.734717081942926731e-01,7.656500148103276837e-01,7.734726062605054020e-01,7.656500136768955578e-01,7.734727503298122198e-01,7.656500136822158575e-01,7.734726062539342140e-01,7.656500148196430100e-01,7.734717081864597166e-01,7.656500392571490288e-01,7.734637374823831735e-01,7.656519551937797097e-01,7.730420490436425984e-01,7.654548675083350240e-01,9.999999999999908962e-01
1.000000000000006217e+00,7.527528032482572184e-01,7.632194421455060773e-01,7.531398013825842952e-01,7.638667165699952744e-01,7.531354191063874826e-01,7.638788211518864335e-01,7.531353613049618367e-01,7.638802174676123657e-01,7.531353577690655943e-01,7.638804426399632419e-01,7.531353578025354878e-01,7.638802174385401766e-01,7.531353613017892634e-01,7.638788211770703995e-01,7.531354190129528892e-01,7.638667166088752847e-01,7.531398013679533321e-01,7.632194421566366183e-01,7.527528032671397806e-01,7.527528032482572184e-01,1.000000000000006217e+00,7.527528032855383966e-01,7.632194425650731251e-01,7.531398014208005032e-01,7.638667170384553229e-01,7.531354189763512785e-01,7.638788215397878112e-01,7.531353613646474265e-01,7.638802177108457991e-01,7.531353580587500929e-01,7.638804429012485686e-01,7.531353579282498156e-01,7.638802177803666327e-01,7.531353612664301034e-01,7.638788215400964532e-01,7.531354191151441446e-01,7.638667170184383348e-01,7.531398014842246580e-01,7.632194426282602473e-01,7.632194421455060773e-01,7.527528032855383966e-01,1.000000000000006217e+00,7.527528032452436291e-01,7.632194421461888645e-01,7.531398015270865942e-01,7.638667165356537447e-01,7.531354191102952456e-01,7.638788212830605051e-01,7.531353611890522215e-01,7.638802175846228781e-01,7.531353578378857661e-01,7.638804426494499866e-01,7.531353579522873654e-01,7.638802174365385556e-01,7.531353612863913582e-01,7.638788211632189240e-01,7.531354190312788965e-01,7.638667165784490676e-01,7.531398014834924659e-01,7.531398013825842952e-01,7.632194425650731251e-01,7.527528032452436291e-01,1.000000000000006217e+00,7.527528031977639422e-01,7.632194426338579918e-01,7.531398013171659578e-01,7.638667169538256863e-01,7.531354190947685545e-01,7.638788213565042007e-01,7.531353614022268106e-01,7.638802176802118593e-01,7.531353578905162216e-01,7.638804429228391868e-01,7.531353578485108224e-01,7.638802177586604403e-01,7.531353613066430475e-01,7.638788215363292444e-01,7.531354190656717185e-01,7.638667170302436693e-01,7.638667165699952744e-01,7.531398014208005032e-01,7.632194421461888645e-01,7.527528031977639422e-01,1.000000000000006217e+00,7.527528033060805202e-01,7.632194420448790151e-01,7.531398014431249788e-01,7.638667166838527534e-01,7.531354189078567352e-01,7.638788212779390463e-01,7.531353611767784839e-01,7.638802174259201605e-01,7.531353579119017816e-01,7.638804425446084068e-01,7.531353578516065683e-01,7.638802174419317970e-01,7.531353612174759293e-01,7.638788211186859911e-01,7.531354190583486874e-01,7.531354191063874826e-01,7.638667170384553229e-01,7.531398015270865942e-01,7.632194426338579918e-01,7.527528033060805202e-01,1.000000000000006217e+00,7.527528032460364393e-01,7.632194426915246410e-01,7.531398015733927753e-01,7.638667169643282850e-01,7.531354192768123790e-01,7.638788215421543626e-01,7.531353613773953404e-01,7.638802178799857234e-01,7.531353579497175321e-01,7.638804429509593596e-01,7.531353580301570760e-01,7.638802178177364066e-01,7.531353614033787780e-01,7.638788215885401467e-01,7.638788211518864335e-01,7.531354189763512785e-01,7.638667165356537447e-01,7.531398013171659578e-01,7.632194420448790151e-01,7.527528032460364393e-01,1.000000000000006217e+00,7.527528032036039374e-01,7.632194421269106188e-01,7.531398012231683703e-01,7.638667166325222579e-01,7.531354188780142733e-01,7.638788210750350194e-01,7.531353612318316681e-01,7.638802173270635709e-01,7.531353577885264716e-01,7.638804426186512897e-01,7.531353577669500643e-01,7.638802174194435635e-01,7.531353612320800250e-01,7.531353613049618367e-01,7.638788215397878112e-01,7.531354191102952456e-01,7.638667169538256863e-01,7.531398014431249788e-01,7.632194426915246410e-01,7.527528032036039374e-01,1.000000000000006217e+00,7.527528033611285974e-01,7.632194424995925042e-01,7.531398016153669772e-01,7.638667169899908682e-01,7.531354191024979272e-01,7.638788216811430720e-01,7.531353612900033578e-01,7.638802177883226019e-01,7.531353579910250451e-01,7.638804429139665064e-01,7.531353579765306394e-01,7.638802178050906333e-01,7.638802174676123657e-01,7.531353613646474265e-01,7.638788212830605051e-01,7.531354190947685545e-01,7.638667166838527534e-01,7.531398015733927753e-01,7.632194421269106188e-01,7.527528033611285974e-01,1.000000000000006217e+00,7.527528032033774519e-01,7.632194423593977595e-01,7.531398014096825078e-01,7.638667166079695647e-01,7.531354191515549079e-01,7.638788211531263306e-01,7.531353613247626644e-01,7.638802175375627446e-01,7.531353579256947484e-01,7.638804426512787460e-01,7.531353579951128863e-01,7.531353577690655943e-01,7.638802177108457991e-01,7.531353611890522215e-01,7.638788213565042007e-01,7.531354189078567352e-01,7.638667169643282850e-01,7.531398012231683703e-01,7.632194424995925042e-01,7.527528032033774519e-01,1.000000000000006217e+00,7.527528032869421626e-01,7.632194423898659430e-01,7.531398013265915292e-01,7.638667169598287732e-01,7.531354189043850678e-01,7.638788214468356097e-01,7.531353612176699963e-01,7.638802176821440915e-01,7.531353578214465827e-01,7.638804429319661082e-01,7.638804426399632419e-01,7.531353580587500929e-01,7.638802175846228781e-01,7.531353614022268106e-01,7.638788212779390463e-01,7.531354192768123790e-01,7.638667166325222579e-01,7.531398016153669772e-01,7.632194423593977595e-01,7.527528032869421626e-01,1.000000000000006217e+00,7.527528033232998572e-01,7.632194423000397965e-01,7.531398016095240955e-01,7.638667166767338923e-01,7.531354191716401747e-01,7.638788213171463504e-01,7.531353613891202947e-01,7.638802175681597140e-01,7.531353580799321490e-01,7.531353578025354878e-01,7.638804429012485686e-01,7.531353578378857661e-01,7.638802176802118593e-01,7.531353611767784839e-01,7.638788215421543626e-01,7.531354188780142733e-01,7.638667169899908682e-01,7.531398014096825078e-01,7.632194423898659430e-01,7.527528033232998572e-01,1.000000000000006217e+00,7.527528031861951963e-01,7.632194425434725149e-01,7.531398013225166777e-01,7.638667169518386091e-01,7.531354190136873017e-01,7.638788214038174651e-01,7.531353612379055873e-01,7.638802177607805222e-01,7.638802174385401766e-01,7.531353579282498156e-01,7.638804426494499866e-01,7.531353578905162216e-01,7.638802174259201605e-01,7.531353613773953404e-01,7.638788210750350194e-01,7.531354191024979272e-01,7.638667166079695647e-01,7.531398013265915292e-01,7.632194423000397965e-01,7.527528031861951963e-01,1.000000000000006217e+00,7.527528033080934655e-01,7.632194421228016834e-01,7.531398014221146742e-01,7.638667166348180881e-01,7.531354190200404419e-01,7.638788212676048683e-01,7.531353613270295178e-01,7.531353613017892634e-01,7.638802177803666327e-01,7.531353579522873654e-01,7.638804429228391868e-01,7.531353579119017816e-01,7.638802178799857234e-01,7.531353612318316681e-01,7.638788216811430720e-01,7.531354191515549079e-01,7.638667169598287732e-01,7.531398016095240955e-01,7.632194425434725149e-01,7.527528033080934655e-01,1.000000000000006217e+00,7.527528032645689482e-01,7.632194426113010355e-01,7.531398015167410920e-01,7.638667169437609594e-01,7.531354191282993993e-01,7.638788215437607443e-01,7.638788211770703995e-01,7.531353612664301034e-01,7.638802174365385556e-01,7.531353578485108224e-01,7.638804425446084068e-01,7.531353579497175321e-01,7.638802173270635709e-01,7.531353612900033578e-01,7.638788211531263306e-01,7.531354189043850678e-01,7.638667166767338923e-01,7.531398013225166777e-01,7.632194421228016834e-01,7.527528032645689482e-01,1.000000000000006217e+00,7.527528032050231355e-01,7.632194421851179467e-01,7.531398013543094683e-01,7.638667166653064777e-01,7.531354190565452411e-01,7.531354190129528892e-01,7.638788215400964532e-01,7.531353612863913582e-01,7.638802177586604403e-01,7.531353578516065683e-01,7.638804429509593596e-01,7.531353577885264716e-01,7.638802177883226019e-01,7.531353613247626644e-01,7.638788214468356097e-01,7.531354191716401747e-01,7.638667169518386091e-01,7.531398014221146742e-01,7.632194426113010355e-01,7.527528032050231355e-01,1.000000000000006217e+00,7.527528032852370821e-01,7.632194425099627644e-01,7.531398014383479111e-01,7.638667169626208731e-01,7.638667166088752847e-01,7.531354191151441446e-01,7.638788211632189240e-01,7.531353613066430475e-01,7.638802174419317970e-01,7.531353580301570760e-01,7.638804426186512897e-01,7.531353579910250451e-01,7.638802175375627446e-01,7.531353612176699963e-01,7.638788213171463504e-01,7.531354190136873017e-01,7.638667166348180881e-01,7.531398015167410920e-01,7.632194421851179467e-01,7.527528032852370821e-01,1.000000000000006217e+00,7.527528032602657238e-01,7.632194422408103973e-01,7.531398015157435566e-01,7.531398013679533321e-01,7.638667170184383348e-01,7.531354190312788965e-01,7.638788215363292444e-01,7.531353612174759293e-01,7.638802178177364066e-01,7.531353577669500643e-01,7.638804429139665064e-01,7.531353579256947484e-01,7.638802176821440915e-01,7.531353613891202947e-01,7.638788214038174651e-01,7.531354190200404419e-01,7.638667169437609594e-01,7.531398013543094683e-01,7.632194425099627644e-01,7.527528032602657238e-01,1.000000000000006217e+00,7.527528032454035012e-01,7.632194425702271134e-01,7.632194421566366183e-01,7.531398014842246580e-01,7.638667165784490676e-01,7.531354190656717185e-01,7.638788211186859911e-01,7.531353614033787780e-01,7.638802174194435635e-01,7.531353579765306394e-01,7.638804426512787460e-01,7.531353578214465827e-01,7.638802175681597140e-01,7.531353612379055873e-01,7.638788212676048683e-01,7.531354191282993993e-01,7.638667166653064777e-01,7.531398014383479111e-01,7.632194422408103973e-01,7.527528032454035012e-01,1.000000000000006217e+00,7.527528033227097737e-01,7.527528032671397806e-01,7.632194426282602473e-01,7.531398014834924659e-01,7.638667170302436693e-01,7.531354190583486874e-01,7.638788215885401467e-01,7.531353612320800250e-01,7.638802178050906333e-01,7.531353579951128863e-01,7.638804429319661082e-01,7.531353580799321490e-01,7.638802177607805222e-01,7.531353613270295178e-01,7.638788215437607443e-01,7.531354190565452411e-01,7.638667169626208731e-01,7.531398015157435566e-01,7.632194425702271134e-01,7.527528033227097737e-01,1.000000000000006217e+00
