1.000000000000017319e+00,7.279721906158252986e-01,7.441263809254756723e-01,7.289624272151692397e-01,7.454869529207018841e-01,7.289460522232594775e-01,7.455106796271432357e-01,7.289458337361842677e-01,7.455136272324133229e-01,7.289458160011551557e-01,7.455141093040009714e-01,7.289458160389077346e-01,7.455136272281296383e-01,7.289458337576630864e-01,7.455106796722873463e-01,7.289460521877563215e-01,7.454869529581026333e-01,7.289624272169846764e-01,7.441263809314146993e-01,7.279721906341539706e-01,7.279721906158252986e-01,1.000000000000017319e+00,7.279721906517868657e-01,7.441263812402144628e-01,7.289624272334512822e-01,7.454869532676433597e-01,7.289460521260147097e-01,7.455106799380304405e-01,7.289458337973422353e-01,7.455136274222052828e-01,7.289458162171371658e-01,7.455141094971612370e-01,7.289458161294385397e-01,7.455136274962341769e-01,7.289458337142489253e-01,7.455106799834823050e-01,7.289460522296408174e-01,7.454869532859104142e-01,7.289624272978583175e-01,7.441263813021868900e-01,7.441263809254756723e-01,7.279721906517868657e-01,1.000000000000017319e+00,7.279721906170667500e-01,7.441263809273801488e-01,7.289624273279982081e-01,7.454869529446351839e-01,7.289460522192026115e-01,7.455106797600805635e-01,7.289458336641936320e-01,7.455136273155518190e-01,7.289458160729640479e-01,7.455141093044790335e-01,7.289458161628399324e-01,7.455136272002640396e-01,7.289458337732195314e-01,7.455106796639251465e-01,7.289460521807679116e-01,7.454869529434626774e-01,7.289624273019548184e-01,7.289624272151692397e-01,7.441263812402144628e-01,7.279721906170667500e-01,1.000000000000017319e+00,7.279721905649573221e-01,7.441263812769538522e-01,7.289624271628309948e-01,7.454869532032643020e-01,7.289460522123123454e-01,7.455106798298894999e-01,7.289458338123655512e-01,7.455136274044049660e-01,7.289458160956996391e-01,7.455141095281097030e-01,7.289458160513837548e-01,7.455136274929466955e-01,7.289458337467823457e-01,7.455106799526833861e-01,7.289460521930494208e-01,7.454869532676894339e-01,7.454869529207018841e-01,7.289624272334512822e-01,7.441263809273801488e-01,7.279721905649573221e-01,1.000000000000017319e+00,7.279721906462808256e-01,7.441263808405483848e-01,7.289624272397265958e-01,7.454869529817100826e-01,7.289460520629124085e-01,7.455106797326929158e-01,7.289458336515839409e-01,7.455136271992195418e-01,7.289458161120988544e-01,7.455141092167963945e-01,7.289458160934111364e-01,7.455136272106388517e-01,7.289458336811143191e-01,7.455106796603572228e-01,7.289460521804931314e-01,7.289460522232594775e-01,7.454869532676433597e-01,7.289624273279982081e-01,7.441263812769538522e-01,7.279721906462808256e-01,1.000000000000017319e+00,7.279721906083741478e-01,7.441263813244253233e-01,7.289624273613148908e-01,7.454869532167596180e-01,7.289460523395187019e-01,7.455106799633484105e-01,7.289458338031827855e-01,7.455136275646915278e-01,7.289458161298825178e-01,7.455141095697630504e-01,7.289458161959528892e-01,7.455136274904232696e-01,7.289458338227122747e-01,7.455106800006793266e-01,7.455106796271432357e-01,7.289460521260147097e-01,7.454869529446351839e-01,7.289624271628309948e-01,7.441263808405483848e-01,7.279721906083741478e-01,1.000000000000017319e+00,7.279721905684041205e-01,7.441263809120826078e-01,7.289624270973731335e-01,7.454869529626025892e-01,7.289460520644743813e-01,7.455106795883229553e-01,7.289458337049125047e-01,7.455136271204317877e-01,7.289458160570874146e-01,7.455141092647241674e-01,7.289458160155422028e-01,7.455136271996171127e-01,7.289458336945745520e-01,7.289458337361842677e-01,7.455106799380304405e-01,7.289460522192026115e-01,7.454869532032643020e-01,7.289624272397265958e-01,7.441263813244253233e-01,7.279721905684041205e-01,1.000000000000017319e+00,7.279721906930125552e-01,7.441263811800035155e-01,7.289624273718365854e-01,7.454869532407569777e-01,7.289460522135109422e-01,7.455106800380469911e-01,7.289458337204647309e-01,7.455136275073646068e-01,7.289458161573924011e-01,7.455141095074819813e-01,7.289458161553434845e-01,7.455136275144185198e-01,7.455136272324133229e-01,7.289458337973422353e-01,7.455106797600805635e-01,7.289460522123123454e-01,7.454869529817100826e-01,7.289624273613148908e-01,7.441263809120826078e-01,7.279721906930125552e-01,1.000000000000017319e+00,7.279721905833048679e-01,7.441263810789616739e-01,7.289624272560074614e-01,7.454869529687544460e-01,7.289460522744040105e-01,7.455106796540865721e-01,7.289458338068866006e-01,7.455136272858491342e-01,7.289458161362583066e-01,7.455141093200823299e-01,7.289458161860579155e-01,7.289458160011551557e-01,7.455136274222052828e-01,7.289458336641936320e-01,7.455106798298894999e-01,7.289460520629124085e-01,7.454869532167596180e-01,7.289624270973731335e-01,7.441263811800035155e-01,7.279721905833048679e-01,1.000000000000017319e+00,7.279721906336482640e-01,7.441263811168145059e-01,7.289624271789728605e-01,7.454869532331441784e-01,7.289460520640749230e-01,7.455106799077769741e-01,7.289458336809204742e-01,7.455136274041800348e-01,7.289458160494368677e-01,7.455141095147724828e-01,7.455141093040009714e-01,7.289458162171371658e-01,7.455136273155518190e-01,7.289458338123655512e-01,7.455106797326929158e-01,7.289460523395187019e-01,7.454869529626025892e-01,7.289624273718365854e-01,7.441263810789616739e-01,7.279721906336482640e-01,1.000000000000017319e+00,7.279721906728133796e-01,7.441263810334556306e-01,7.289624273934169896e-01,7.454869529887188095e-01,7.289460523041809692e-01,7.455106797732123924e-01,7.289458338139416238e-01,7.455136272974322020e-01,7.289458162349857773e-01,7.289458160389077346e-01,7.455141094971612370e-01,7.289458160729640479e-01,7.455136274044049660e-01,7.289458336515839409e-01,7.455106799633484105e-01,7.289460520644743813e-01,7.454869532407569777e-01,7.289624272560074614e-01,7.441263811168145059e-01,7.279721906728133796e-01,1.000000000000017319e+00,7.279721905821291417e-01,7.441263812434619762e-01,7.289624271729491234e-01,7.454869532276228172e-01,7.289460521680730665e-01,7.455106798889157282e-01,7.289458337163049473e-01,7.455136274728708656e-01,7.455136272281296383e-01,7.289458161294385397e-01,7.455141093044790335e-01,7.289458160956996391e-01,7.455136271992195418e-01,7.289458338031827855e-01,7.455106795883229553e-01,7.289460522135109422e-01,7.454869529687544460e-01,7.289624271789728605e-01,7.441263810334556306e-01,7.279721905821291417e-01,1.000000000000017319e+00,7.279721906749002658e-01,7.441263809091817061e-01,7.289624272872643473e-01,7.454869529962107055e-01,7.289460521752579858e-01,7.455106797322009760e-01,7.289458337766204776e-01,7.289458337576630864e-01,7.455136274962341769e-01,7.289458161628399324e-01,7.455141095281097030e-01,7.289458161120988544e-01,7.455136275646915278e-01,7.289458337049125047e-01,7.455106800380469911e-01,7.289460522744040105e-01,7.454869532331441784e-01,7.289624273934169896e-01,7.441263812434619762e-01,7.279721906749002658e-01,1.000000000000017319e+00,7.279721906291735101e-01,7.441263813120695403e-01,7.289624273285664202e-01,7.454869532288679324e-01,7.289460522550776922e-01,7.455106799548042451e-01,7.455106796722873463e-01,7.289458337142489253e-01,7.455136272002640396e-01,7.289458160513837548e-01,7.455141092167963945e-01,7.289458161298825178e-01,7.455136271204317877e-01,7.289458337204647309e-01,7.455106796540865721e-01,7.289460520640749230e-01,7.454869529887188095e-01,7.289624271729491234e-01,7.441263809091817061e-01,7.279721906291735101e-01,1.000000000000017319e+00,7.279721906095988349e-01,7.441263809457615563e-01,7.289624272018853102e-01,7.454869530030864277e-01,7.289460521816683025e-01,7.289460521877563215e-01,7.455106799834823050e-01,7.289458337732195314e-01,7.455136274929466955e-01,7.289458160934111364e-01,7.455141095697630504e-01,7.289458160570874146e-01,7.455136275073646068e-01,7.289458338068866006e-01,7.455106799077769741e-01,7.289460523041809692e-01,7.454869532276228172e-01,7.289624272872643473e-01,7.441263813120695403e-01,7.279721906095988349e-01,1.000000000000017319e+00,7.279721906778998664e-01,7.441263812384737442e-01,7.289624273067143445e-01,7.454869532461511072e-01,7.454869529581026333e-01,7.289460522296408174e-01,7.455106796639251465e-01,7.289458337467823457e-01,7.455136272106388517e-01,7.289458161959528892e-01,7.455141092647241674e-01,7.289458161573924011e-01,7.455136272858491342e-01,7.289458336809204742e-01,7.455106797732123924e-01,7.289460521680730665e-01,7.454869529962107055e-01,7.289624273285664202e-01,7.441263809457615563e-01,7.279721906778998664e-01,1.000000000000017319e+00,7.279721906347700333e-01,7.441263810038273308e-01,7.289624273188913817e-01,7.289624272169846764e-01,7.454869532859104142e-01,7.289460521807679116e-01,7.455106799526833861e-01,7.289458336811143191e-01,7.455136274904232696e-01,7.289458160155422028e-01,7.455141095074819813e-01,7.289458161362583066e-01,7.455136274041800348e-01,7.289458338139416238e-01,7.455106798889157282e-01,7.289460521752579858e-01,7.454869532288679324e-01,7.289624272018853102e-01,7.441263812384737442e-01,7.279721906347700333e-01,1.000000000000017319e+00,7.279721906318894487e-01,7.441263812610919848e-01,7.441263809314146993e-01,7.289624272978583175e-01,7.454869529434626774e-01,7.289460521930494208e-01,7.455106796603572228e-01,7.289458338227122747e-01,7.455136271996171127e-01,7.289458161553434845e-01,7.455141093200823299e-01,7.289458160494368677e-01,7.455136272974322020e-01,7.289458337163049473e-01,7.455106797322009760e-01,7.289460522550776922e-01,7.454869530030864277e-01,7.289624273067143445e-01,7.441263810038273308e-01,7.279721906318894487e-01,1.000000000000017319e+00,7.279721906840563861e-01,7.279721906341539706e-01,7.441263813021868900e-01,7.289624273019548184e-01,7.454869532676894339e-01,7.289460521804931314e-01,7.455106800006793266e-01,7.289458336945745520e-01,7.455136275144185198e-01,7.289458161860579155e-01,7.455141095147724828e-01,7.289458162349857773e-01,7.455136274728708656e-01,7.289458337766204776e-01,7.455106799548042451e-01,7.289460521816683025e-01,7.454869532461511072e-01,7.289624273188913817e-01,7.441263812610919848e-01,7.279721906840563861e-01,1.000000000000017319e+00
9.999999999999915623e-01,7.044181068619908004e-01,7.263393758368692499e-01,7.062079752262594434e-01,7.282806451054335550e-01,7.061747356944652054e-01,7.283128672157790362e-01,7.061743342224218178e-01,7.283171060295272614e-01,7.061742969374880108e-01,7.283178061933714975e-01,7.061742969686499727e-01,7.283171060110853468e-01,7.061743342478449259e-01,7.283128671904050000e-01,7.061747356513861096e-01,7.282806450982441948e-01,7.062079752224210694e-01,7.263393758181798665e-01,7.044181068804435952e-01,7.044181068619908004e-01,9.999999999999915623e-01,7.044181069182874344e-01,7.263393761219916200e-01,7.062079752973595692e-01,7.282806453837382676e-01,7.061747356664156428e-01,7.283128674554680826e-01,7.061743342801917178e-01,7.283171062097959503e-01,7.061742971732067886e-01,7.283178063725809226e-01,7.061742970557034482e-01,7.283171062810398499e-01,7.061743342193814721e-01,7.283128674544327996e-01,7.061747357415235626e-01,7.282806453780955591e-01,7.062079752973897673e-01,7.263393761806522519e-01,7.263393758368692499e-01,7.044181069182874344e-01,9.999999999999915623e-01,7.044181068837638282e-01,7.263393758770204656e-01,7.062079753321186537e-01,7.282806450852783442e-01,7.061747357444257966e-01,7.283128672876799659e-01,7.061743341695778664e-01,7.283171061453558304e-01,7.061742970224897942e-01,7.283178061967089389e-01,7.061742971268629709e-01,7.283171060474629144e-01,7.061743342426441972e-01,7.283128672329235442e-01,7.061747356963581357e-01,7.282806450995757963e-01,7.062079753321615083e-01,7.062079752262594434e-01,7.263393761219916200e-01,7.044181068837638282e-01,9.999999999999915623e-01,7.044181068676225177e-01,7.263393761489107536e-01,7.062079752189921455e-01,7.282806453469647945e-01,7.061747357155852001e-01,7.283128673182831525e-01,7.061743343172102172e-01,7.283171061989197614e-01,7.061742970240505457e-01,7.283178064201657476e-01,7.061742970123170426e-01,7.283171062380994210e-01,7.061743342427964087e-01,7.283128674444991901e-01,7.061747356838127265e-01,7.282806453939300040e-01,7.282806451054335550e-01,7.062079752973595692e-01,7.263393758770204656e-01,7.044181068676225177e-01,9.999999999999915623e-01,7.044181069221331359e-01,7.263393758174968573e-01,7.062079753109070657e-01,7.282806451845098561e-01,7.061747356181746760e-01,7.283128673111983753e-01,7.061743341830390985e-01,7.283171060200670510e-01,7.061742971126165891e-01,7.283178061577417761e-01,7.061742970504919503e-01,7.283171060543864872e-01,7.061743342162737358e-01,7.283128671853353886e-01,7.061747357347520904e-01,7.061747356944652054e-01,7.282806453837382676e-01,7.062079753321186537e-01,7.263393761489107536e-01,7.044181069221331359e-01,9.999999999999915623e-01,7.044181068723970318e-01,7.263393761810472693e-01,7.062079753472995103e-01,7.282806453261233548e-01,7.061747358321057710e-01,7.283128674444031558e-01,7.061743342509846366e-01,7.283171063379207943e-01,7.061742970633955174e-01,7.283178063993864804e-01,7.061742971194174823e-01,7.283171062722781919e-01,7.061743342710590232e-01,7.283128674598070562e-01,7.283128672157790362e-01,7.061747356664156428e-01,7.282806450852783442e-01,7.062079752189921455e-01,7.263393758174968573e-01,7.044181068723970318e-01,9.999999999999915623e-01,7.044181068650379185e-01,7.263393758428153824e-01,7.062079751534724448e-01,7.282806451388217361e-01,7.061747355987758601e-01,7.283128671514398356e-01,7.061743342371101795e-01,7.283171059790606305e-01,7.061742970008405562e-01,7.283178061969417527e-01,7.061742969893264332e-01,7.283171060275605013e-01,7.061743342197971396e-01,7.061743342224218178e-01,7.283128674554680826e-01,7.061747357444257966e-01,7.282806453469647945e-01,7.062079753109070657e-01,7.263393761810472693e-01,7.044181068650379185e-01,9.999999999999915623e-01,7.044181069469349632e-01,7.263393760860069603e-01,7.062079754072212445e-01,7.282806453701923255e-01,7.061747357075054410e-01,7.283128675529048079e-01,7.061743342294775072e-01,7.283171062632882720e-01,7.061742971103930344e-01,7.283178063912545408e-01,7.061742970855258150e-01,7.283171062754361103e-01,7.283171060295272614e-01,7.061743342801917178e-01,7.283128672876799659e-01,7.061747357155852001e-01,7.282806451845098561e-01,7.062079753472995103e-01,7.263393758428153824e-01,7.044181069469349632e-01,9.999999999999915623e-01,7.044181068325012784e-01,7.263393759839440467e-01,7.062079752592099746e-01,7.282806451111060175e-01,7.061747357791353652e-01,7.283128672083870603e-01,7.061743342537385448e-01,7.283171060941124875e-01,7.061742970675879416e-01,7.283178061749757681e-01,7.061742971214431952e-01,7.061742969374880108e-01,7.283171062097959503e-01,7.061743341695778664e-01,7.283128673182831525e-01,7.061747356181746760e-01,7.282806453261233548e-01,7.062079751534724448e-01,7.263393760860069603e-01,7.044181068325012784e-01,9.999999999999915623e-01,7.044181069053544464e-01,7.263393759986044307e-01,7.062079751827690099e-01,7.282806453449824913e-01,7.061747355863710052e-01,7.283128673803215269e-01,7.061743341766437698e-01,7.283171061940839630e-01,7.061742969739137621e-01,7.283178064079907088e-01,7.283178061933714975e-01,7.061742971732067886e-01,7.283171061453558304e-01,7.061743343172102172e-01,7.283128673111983753e-01,7.061747358321057710e-01,7.282806451388217361e-01,7.062079754072212445e-01,7.263393759839440467e-01,7.044181069053544464e-01,9.999999999999915623e-01,7.044181069373599557e-01,7.263393759478125045e-01,7.062079754331570536e-01,7.282806451772390055e-01,7.061747357867165231e-01,7.283128673251783036e-01,7.061743343133259909e-01,7.283171061151645365e-01,7.061742971913214095e-01,7.061742969686499727e-01,7.283178063725809226e-01,7.061742970224897942e-01,7.283171061989197614e-01,7.061743341830390985e-01,7.283128674444031558e-01,7.061747355987758601e-01,7.282806453701923255e-01,7.062079752592099746e-01,7.263393759986044307e-01,7.044181069373599557e-01,9.999999999999915623e-01,7.044181068142481017e-01,7.263393761332497256e-01,7.062079751991616750e-01,7.282806453469377050e-01,7.061747356710482704e-01,7.283128673552737853e-01,7.061743341814989972e-01,7.283171062365413340e-01,7.283171060110853468e-01,7.061742970557034482e-01,7.283178061967089389e-01,7.061742970240505457e-01,7.283171060200670510e-01,7.061743342509846366e-01,7.283128671514398356e-01,7.061747357075054410e-01,7.282806451111060175e-01,7.062079751827690099e-01,7.263393759478125045e-01,7.044181068142481017e-01,9.999999999999915623e-01,7.044181069235506687e-01,7.263393758080414209e-01,7.062079752548834355e-01,7.282806451300001260e-01,7.061747356612977367e-01,7.283128672611560717e-01,7.061743342482973418e-01,7.061743342478449259e-01,7.283171062810398499e-01,7.061742971268629709e-01,7.283178064201657476e-01,7.061742971126165891e-01,7.283171063379207943e-01,7.061743342371101795e-01,7.283128675529048079e-01,7.061747357791353652e-01,7.282806453449824913e-01,7.062079754331570536e-01,7.263393761332497256e-01,7.044181069235506687e-01,9.999999999999915623e-01,7.044181069111188354e-01,7.263393761774727952e-01,7.062079753606959054e-01,7.282806453489948373e-01,7.061747357494045918e-01,7.283128674803336366e-01,7.283128671904050000e-01,7.061743342193814721e-01,7.283171060474629144e-01,7.061742970123170426e-01,7.283178061577417761e-01,7.061742970633955174e-01,7.283171059790606305e-01,7.061743342294775072e-01,7.283128672083870603e-01,7.061747355863710052e-01,7.282806451772390055e-01,7.062079751991616750e-01,7.263393758080414209e-01,7.044181069111188354e-01,9.999999999999915623e-01,7.044181068476483842e-01,7.263393758671882194e-01,7.062079752315637560e-01,7.282806451357215494e-01,7.061747357007934767e-01,7.061747356513861096e-01,7.283128674544327996e-01,7.061743342426441972e-01,7.283171062380994210e-01,7.061742970504919503e-01,7.283178063993864804e-01,7.061742970008405562e-01,7.283171062632882720e-01,7.061743342537385448e-01,7.283128673803215269e-01,7.061747357867165231e-01,7.282806453469377050e-01,7.062079752548834355e-01,7.263393761774727952e-01,7.044181068476483842e-01,9.999999999999915623e-01,7.044181069059607392e-01,7.263393760911656116e-01,7.062079752709430336e-01,7.282806453686655468e-01,7.282806450982441948e-01,7.061747357415235626e-01,7.283128672329235442e-01,7.061743342427964087e-01,7.283171060543864872e-01,7.061742971194174823e-01,7.283178061969417527e-01,7.061742971103930344e-01,7.283171060941124875e-01,7.061743341766437698e-01,7.283128673251783036e-01,7.061747356710482704e-01,7.282806451300001260e-01,7.062079753606959054e-01,7.263393758671882194e-01,7.044181069059607392e-01,9.999999999999915623e-01,7.044181068923690558e-01,7.263393758928287092e-01,7.062079753401100390e-01,7.062079752224210694e-01,7.282806453780955591e-01,7.061747356963581357e-01,7.283128674444991901e-01,7.061743342162737358e-01,7.283171062722781919e-01,7.061742969893264332e-01,7.283178063912545408e-01,7.061742970675879416e-01,7.283171061940839630e-01,7.061743343133259909e-01,7.283128673552737853e-01,7.061747356612977367e-01,7.282806453489948373e-01,7.062079752315637560e-01,7.263393760911656116e-01,7.044181068923690558e-01,9.999999999999915623e-01,7.044181068633237341e-01,7.263393761406404803e-01,7.263393758181798665e-01,7.062079752973897673e-01,7.282806450995757963e-01,7.061747356838127265e-01,7.283128671853353886e-01,7.061743342710590232e-01,7.283171060275605013e-01,7.061742970855258150e-01,7.283178061749757681e-01,7.061742969739137621e-01,7.283171061151645365e-01,7.061743341814989972e-01,7.283128672611560717e-01,7.061747357494045918e-01,7.282806451357215494e-01,7.062079752709430336e-01,7.263393758928287092e-01,7.044181068633237341e-01,9.999999999999915623e-01,7.044181069193110600e-01,7.044181068804435952e-01,7.263393761806522519e-01,7.062079753321615083e-01,7.282806453939300040e-01,7.061747357347520904e-01,7.283128674598070562e-01,7.061743342197971396e-01,7.283171062754361103e-01,7.061742971214431952e-01,7.283178064079907088e-01,7.061742971913214095e-01,7.283171062365413340e-01,7.061743342482973418e-01,7.283128674803336366e-01,7.061747357007934767e-01,7.282806453686655468e-01,7.062079753401100390e-01,7.263393761406404803e-01,7.044181069193110600e-01,9.999999999999915623e-01
9.999999999999841238e-01,6.688705799542810082e-01,7.000833600845046689e-01,6.723211979248788772e-01,7.028860527235316624e-01,6.722494438227064606e-01,7.029298442073669273e-01,6.722487130174727987e-01,7.029360633510124412e-01,6.722486312325594016e-01,7.029371038961681473e-01,6.722486312357557336e-01,7.029360633516785750e-01,6.722487130216360240e-01,7.029298442090459176e-01,6.722494438243953319e-01,7.028860527245652801e-01,6.723211979266643379e-01,7.000833600836272597e-01,6.688705799549419240e-01,6.688705799542810082e-01,9.999999999999841238e-01,6.688705799582926881e-01,7.000833600289887437e-01,6.723211979300691699e-01,7.028860526668530007e-01,6.722494438218690194e-01,7.029298441504342465e-01,6.722487130238241626e-01,7.029360632892125427e-01,6.722486312470534742e-01,7.029371038345753053e-01,6.722486312423513466e-01,7.029360632949597232e-01,6.722487130199912286e-01,7.029298441550514420e-01,6.722494438279182916e-01,7.028860526701485867e-01,6.723211979306280561e-01,7.000833600329539053e-01,7.000833600845046689e-01,6.688705799582926881e-01,9.999999999999841238e-01,6.688705799557357334e-01,7.000833600880465024e-01,6.723211979315637521e-01,7.028860527251491463e-01,6.722494438248513005e-01,7.029298442146221237e-01,6.722487130163323776e-01,7.029360633574364137e-01,6.722486312395133945e-01,7.029371038972637153e-01,6.722486312453848090e-01,7.029360633517049983e-01,6.722487130245604625e-01,7.029298442118128154e-01,6.722494438253658888e-01,7.028860527238437461e-01,6.723211979316802145e-01,6.723211979248788772e-01,7.000833600289887437e-01,6.688705799557357334e-01,9.999999999999841238e-01,6.688705799546728059e-01,7.000833600293081549e-01,6.723211979246047632e-01,7.028860526640787754e-01,6.722494438250748994e-01,7.029298441453274426e-01,6.722487130247027931e-01,7.029360632895320649e-01,6.722486312399940100e-01,7.029371038373913860e-01,6.722486312376184658e-01,7.029360632943701948e-01,6.722487130219132467e-01,7.029298441522827678e-01,6.722494438231474412e-01,7.028860526677577214e-01,7.028860527235316624e-01,6.723211979300691699e-01,7.000833600880465024e-01,6.688705799546728059e-01,9.999999999999841238e-01,6.688705799578218425e-01,7.000833600838236581e-01,6.723211979289804852e-01,7.028860527274869430e-01,6.722494438189905441e-01,7.029298442149517490e-01,6.722487130185397231e-01,7.029360633520844726e-01,6.722486312443693990e-01,7.029371038937922700e-01,6.722486312435260736e-01,7.029360633540286951e-01,6.722487130207229766e-01,7.029298442106514111e-01,6.722494438255459670e-01,6.722494438227064606e-01,7.028860526668530007e-01,6.723211979315637521e-01,7.000833600293081549e-01,6.688705799578218425e-01,9.999999999999841238e-01,6.688705799545785480e-01,7.000833600312185157e-01,6.723211979330447896e-01,7.028860526642578543e-01,6.722494438311950038e-01,7.029298441523170737e-01,6.722487130229066743e-01,7.029360632976463519e-01,6.722486312405231423e-01,7.029371038387137727e-01,6.722486312447983892e-01,7.029360632929537722e-01,6.722487130224514829e-01,7.029298441526630192e-01,7.029298442073669273e-01,6.722494438218690194e-01,7.028860527251491463e-01,6.723211979246047632e-01,7.000833600838236581e-01,6.688705799545785480e-01,9.999999999999841238e-01,6.688705799528620322e-01,7.000833600857871986e-01,6.723211979210516054e-01,7.028860527261221458e-01,6.722494438191051191e-01,7.029298442070530673e-01,6.722487130213039563e-01,7.029360633477109710e-01,6.722486312404527542e-01,7.029371038960388063e-01,6.722486312376229067e-01,7.029360633506561706e-01,6.722487130188141702e-01,6.722487130174727987e-01,7.029298441504342465e-01,6.722494438248513005e-01,7.028860526640787754e-01,6.723211979289804852e-01,7.000833600312185157e-01,6.688705799528620322e-01,9.999999999999841238e-01,6.688705799587929546e-01,7.000833600250915278e-01,6.723211979346784828e-01,7.028860526663966990e-01,6.722494438249119186e-01,7.029298441562026323e-01,6.722487130189113147e-01,7.029360632945114151e-01,6.722486312431619204e-01,7.029371038349934153e-01,6.722486312407996989e-01,7.029360632931878072e-01,7.029360633510124412e-01,6.722487130238241626e-01,7.029298442146221237e-01,6.722494438250748994e-01,7.028860527274869430e-01,6.723211979330447896e-01,7.000833600857871986e-01,6.688705799587929546e-01,9.999999999999841238e-01,6.688705799535217267e-01,7.000833600941962498e-01,6.723211979297747387e-01,7.028860527266904690e-01,6.722494438305007813e-01,7.029298442105986755e-01,6.722487130260492716e-01,7.029360633564304406e-01,6.722486312432252031e-01,7.029371038965372964e-01,6.722486312443884948e-01,6.722486312325594016e-01,7.029360632892125427e-01,6.722487130163323776e-01,7.029298441453274426e-01,6.722494438189905441e-01,7.028860526642578543e-01,6.723211979210516054e-01,7.000833600250915278e-01,6.688705799535217267e-01,9.999999999999841238e-01,6.688705799569359955e-01,7.000833600231759490e-01,6.723211979251708659e-01,7.028860526668456732e-01,6.722494438176864762e-01,7.029298441501398154e-01,6.722487130183036896e-01,7.029360632891148430e-01,6.722486312358999516e-01,7.029371038343773526e-01,7.029371038961681473e-01,6.722486312470534742e-01,7.029360633574364137e-01,6.722487130247027931e-01,7.029298442149517490e-01,6.722494438311950038e-01,7.028860527261221458e-01,6.723211979346784828e-01,7.000833600941962498e-01,6.688705799569359955e-01,9.999999999999841238e-01,6.688705799602744362e-01,7.000833600926397171e-01,6.723211979388329373e-01,7.028860527281304282e-01,6.722494438329034150e-01,7.029298442177143169e-01,6.722487130264886979e-01,7.029360633559832428e-01,6.722486312476463333e-01,6.722486312357557336e-01,7.029371038345753053e-01,6.722486312395133945e-01,7.029360632895320649e-01,6.722487130185397231e-01,7.029298441523170737e-01,6.722494438191051191e-01,7.028860526663966990e-01,6.723211979297747387e-01,7.000833600231759490e-01,6.688705799602744362e-01,9.999999999999841238e-01,6.688705799551973863e-01,7.000833600318155936e-01,6.723211979260015347e-01,7.028860526680109633e-01,6.722494438251408466e-01,7.029298441495714922e-01,6.722487130191132643e-01,7.029360632919939844e-01,7.029360633516785750e-01,6.722486312423513466e-01,7.029371038972637153e-01,6.722486312399940100e-01,7.029360633520844726e-01,6.722487130229066743e-01,7.029298442070530673e-01,6.722494438249119186e-01,7.028860527266904690e-01,6.723211979251708659e-01,7.000833600926397171e-01,6.688705799551973863e-01,9.999999999999841238e-01,6.688705799614323988e-01,7.000833600857268024e-01,6.723211979333153510e-01,7.028860527290778926e-01,6.722494438254167370e-01,7.029298442137703606e-01,6.722487130229694019e-01,6.722487130216360240e-01,7.029360632949597232e-01,6.722486312453848090e-01,7.029371038373913860e-01,6.722486312443693990e-01,7.029360632976463519e-01,6.722487130213039563e-01,7.029298441562026323e-01,6.722494438305007813e-01,7.028860526668456732e-01,6.723211979388329373e-01,7.000833600318155936e-01,6.688705799614323988e-01,9.999999999999841238e-01,6.688705799588834378e-01,7.000833600362246223e-01,6.723211979361095603e-01,7.028860526683728960e-01,6.722494438285949725e-01,7.029298441531774966e-01,7.029298442090459176e-01,6.722487130199912286e-01,7.029360633517049983e-01,6.722486312376184658e-01,7.029371038937922700e-01,6.722486312405231423e-01,7.029360633477109710e-01,6.722487130189113147e-01,7.029298442105986755e-01,6.722494438176864762e-01,7.028860527281304282e-01,6.723211979260015347e-01,7.000833600857268024e-01,6.688705799588834378e-01,9.999999999999841238e-01,6.688705799579274247e-01,7.000833600881326557e-01,6.723211979281545903e-01,7.028860527270133218e-01,6.722494438242387904e-01,6.722494438243953319e-01,7.029298441550514420e-01,6.722487130245604625e-01,7.029360632943701948e-01,6.722486312435260736e-01,7.029371038387137727e-01,6.722486312404527542e-01,7.029360632945114151e-01,6.722487130260492716e-01,7.029298441501398154e-01,6.722494438329034150e-01,7.028860526680109633e-01,6.723211979333153510e-01,7.000833600362246223e-01,6.688705799579274247e-01,9.999999999999841238e-01,6.688705799624581338e-01,7.000833600320005567e-01,6.723211979328178600e-01,7.028860526690156041e-01,7.028860527245652801e-01,6.722494438279182916e-01,7.029298442118128154e-01,6.722487130219132467e-01,7.029360633540286951e-01,6.722486312447983892e-01,7.029371038960388063e-01,6.722486312431619204e-01,7.029360633564304406e-01,6.722487130183036896e-01,7.029298442177143169e-01,6.722494438251408466e-01,7.028860527290778926e-01,6.723211979361095603e-01,7.000833600881326557e-01,6.688705799624581338e-01,9.999999999999841238e-01,6.688705799594669710e-01,7.000833600901206211e-01,6.723211979336598532e-01,6.723211979266643379e-01,7.028860526701485867e-01,6.722494438253658888e-01,7.029298441522827678e-01,6.722487130207229766e-01,7.029360632929537722e-01,6.722486312376229067e-01,7.029371038349934153e-01,6.722486312432252031e-01,7.029360632891148430e-01,6.722487130264886979e-01,7.029298441495714922e-01,6.722494438254167370e-01,7.028860526683728960e-01,6.723211979281545903e-01,7.000833600320005567e-01,6.688705799594669710e-01,9.999999999999841238e-01,6.688705799570215937e-01,7.000833600315367056e-01,7.000833600836272597e-01,6.723211979306280561e-01,7.028860527238437461e-01,6.722494438231474412e-01,7.029298442106514111e-01,6.722487130224514829e-01,7.029360633506561706e-01,6.722486312407996989e-01,7.029371038965372964e-01,6.722486312358999516e-01,7.029360633559832428e-01,6.722487130191132643e-01,7.029298442137703606e-01,6.722494438285949725e-01,7.028860527270133218e-01,6.723211979328178600e-01,7.000833600901206211e-01,6.688705799570215937e-01,9.999999999999841238e-01,6.688705799584516720e-01,6.688705799549419240e-01,7.000833600329539053e-01,6.723211979316802145e-01,7.028860526677577214e-01,6.722494438255459670e-01,7.029298441526630192e-01,6.722487130188141702e-01,7.029360632931878072e-01,6.722486312443884948e-01,7.029371038343773526e-01,6.722486312476463333e-01,7.029360632919939844e-01,6.722487130229694019e-01,7.029298441531774966e-01,6.722494438242387904e-01,7.028860526690156041e-01,6.723211979336598532e-01,7.000833600315367056e-01,6.688705799584516720e-01,9.999999999999841238e-01
1.000000000000004885e+00,6.135736828913702645e-01,6.607971399374039656e-01,6.206876359778287222e-01,6.647538192723607686e-01,6.205262425873021570e-01,6.648149704043170294e-01,6.205248663743900828e-01,6.648241877831154723e-01,6.205246782792094296e-01,6.648257546138918173e-01,6.205246782867988031e-01,6.648241877830800561e-01,6.205248663874052273e-01,6.648149704090550172e-01,6.205262425964994666e-01,6.647538192766049292e-01,6.206876359897443018e-01,6.607971399390601963e-01,6.135736828998656911e-01,6.135736828913702645e-01,1.000000000000004885e+00,6.135736828936455556e-01,6.607971399192321682e-01,6.206876359854873737e-01,6.647538192553070768e-01,6.205262425855788688e-01,6.648149703878705186e-01,6.205248663853047963e-01,6.648241877550146173e-01,6.205246783028200985e-01,6.648257545861850915e-01,6.205246782920574855e-01,6.648241877672961264e-01,6.205248663755045246e-01,6.648149703957076939e-01,6.205262425954582994e-01,6.647538192651339939e-01,6.206876359929649478e-01,6.607971399368600673e-01,6.607971399374039656e-01,6.135736828936455556e-01,1.000000000000004885e+00,6.135736828838872503e-01,6.607971399388066214e-01,6.206876359882731453e-01,6.647538192750838126e-01,6.205262425905956336e-01,6.648149704166768093e-01,6.205248663688265331e-01,6.648241877903341424e-01,6.205246782882251066e-01,6.648257546091840275e-01,6.205246783005226030e-01,6.648241877782552489e-01,6.205248663829223688e-01,6.648149704081139921e-01,6.205262425914808144e-01,6.647538192736164309e-01,6.206876359968136470e-01,6.206876359778287222e-01,6.607971399192321682e-01,6.135736828838872503e-01,1.000000000000004885e+00,6.135736828805241627e-01,6.607971399188425909e-01,6.206876359758192185e-01,6.647538192509624411e-01,6.205262425907782653e-01,6.648149703765623419e-01,6.205248663816177457e-01,6.648241877534641908e-01,6.205246782826867591e-01,6.648257545890511322e-01,6.205246782778630621e-01,6.648241877588756399e-01,6.205248663710574153e-01,6.648149703860672943e-01,6.205262425839698226e-01,6.647538192596464945e-01,6.647538192723607686e-01,6.206876359854873737e-01,6.607971399388066214e-01,6.135736828805241627e-01,1.000000000000004885e+00,6.135736828901463547e-01,6.607971399340114571e-01,6.206876359871713600e-01,6.647538192810408253e-01,6.205262425808008020e-01,6.648149704159614926e-01,6.205248663733126113e-01,6.648241877778249265e-01,6.205246782972002606e-01,6.648257546016882458e-01,6.205246782913816928e-01,6.648241877797347321e-01,6.205248663731655068e-01,6.648149704071475430e-01,6.205262425938323778e-01,6.205262425873021570e-01,6.647538192553070768e-01,6.206876359882731453e-01,6.607971399188425909e-01,6.135736828901463547e-01,1.000000000000004885e+00,6.135736828892973671e-01,6.607971399296659332e-01,6.206876359993072079e-01,6.647538192553247294e-01,6.205262426056172842e-01,6.648149703925525511e-01,6.205248663801313791e-01,6.648241877713910730e-01,6.205246782871197686e-01,6.648257545902627186e-01,6.205246782920713633e-01,6.648241877586896775e-01,6.205248663781659513e-01,6.648149703933858845e-01,6.648149704043170294e-01,6.205262425855788688e-01,6.647538192750838126e-01,6.206876359758192185e-01,6.607971399340114571e-01,6.135736828892973671e-01,1.000000000000004885e+00,6.135736828910101082e-01,6.607971399451370020e-01,6.206876359802597776e-01,6.647538192829161030e-01,6.205262425880638810e-01,6.648149704048529340e-01,6.205248663851655744e-01,6.648241877741296602e-01,6.205246782911189030e-01,6.648257546074187729e-01,6.205246782847488873e-01,6.648241877788502174e-01,6.205248663787231722e-01,6.205248663743900828e-01,6.648149703878705186e-01,6.205262425905956336e-01,6.647538192509624411e-01,6.206876359871713600e-01,6.607971399296659332e-01,6.135736828910101082e-01,1.000000000000004885e+00,6.135736829066034126e-01,6.607971399235255117e-01,6.206876360074461418e-01,6.647538192632916898e-01,6.205262425973852025e-01,6.648149704034570506e-01,6.205248663776607998e-01,6.648241877657968812e-01,6.205246782942474004e-01,6.648257545872680030e-01,6.205246782920456061e-01,6.648241877666662969e-01,6.648241877831154723e-01,6.205248663853047963e-01,6.648149704166768093e-01,6.205262425907782653e-01,6.647538192810408253e-01,6.206876359993072079e-01,6.607971399451370020e-01,6.135736829066034126e-01,1.000000000000004885e+00,6.135736828985871583e-01,6.607971399637985188e-01,6.206876360022750561e-01,6.647538192859803186e-01,6.205262426148164812e-01,6.648149704143407890e-01,6.205248663940341469e-01,6.648241877907095088e-01,6.205246782995221810e-01,6.648257546138434115e-01,6.205246783052811299e-01,6.205246782792094296e-01,6.648241877550146173e-01,6.205248663688265331e-01,6.648149703765623419e-01,6.205262425808008020e-01,6.647538192553247294e-01,6.206876359802597776e-01,6.607971399235255117e-01,6.135736828985871583e-01,1.000000000000004885e+00,6.135736829047315766e-01,6.607971399229133347e-01,6.206876359901167817e-01,6.647538192668084323e-01,6.205262425857615005e-01,6.648149703909690400e-01,6.205248663755219551e-01,6.648241877569163183e-01,6.205246782851003839e-01,6.648257545898452747e-01,6.648257546138918173e-01,6.205246783028200985e-01,6.648241877903341424e-01,6.205248663816177457e-01,6.648149704159614926e-01,6.205262426056172842e-01,6.647538192829161030e-01,6.206876360074461418e-01,6.607971399637985188e-01,6.135736829047315766e-01,1.000000000000004885e+00,6.135736829128501935e-01,6.607971399583605354e-01,6.206876360202620013e-01,6.647538192872437524e-01,6.205262426149806831e-01,6.648149704245132074e-01,6.205248663937137366e-01,6.648241877925780141e-01,6.205246783110862641e-01,6.205246782867988031e-01,6.648257545861850915e-01,6.205246782882251066e-01,6.648241877534641908e-01,6.205248663733126113e-01,6.648149703925525511e-01,6.205262425880638810e-01,6.647538192632916898e-01,6.206876360022750561e-01,6.607971399229133347e-01,6.135736829128501935e-01,1.000000000000004885e+00,6.135736829008895388e-01,6.607971399417214009e-01,6.206876359927911979e-01,6.647538192668336343e-01,6.205262425979876095e-01,6.648149703902244134e-01,6.205248663808710097e-01,6.648241877658400689e-01,6.648241877830800561e-01,6.205246782920574855e-01,6.648257546091840275e-01,6.205246782826867591e-01,6.648241877778249265e-01,6.205248663801313791e-01,6.648149704048529340e-01,6.205262425973852025e-01,6.647538192859803186e-01,6.206876359901167817e-01,6.607971399583605354e-01,6.135736829008895388e-01,1.000000000000004885e+00,6.135736829142361959e-01,6.607971399432700510e-01,6.206876360038334761e-01,6.647538192855096950e-01,6.205262425980014873e-01,6.648149704182114705e-01,6.205248663886164806e-01,6.205248663874052273e-01,6.648241877672961264e-01,6.205246783005226030e-01,6.648257545890511322e-01,6.205246782972002606e-01,6.648241877713910730e-01,6.205248663851655744e-01,6.648149704034570506e-01,6.205262426148164812e-01,6.647538192668084323e-01,6.206876360202620013e-01,6.607971399417214009e-01,6.135736829142361959e-01,1.000000000000004885e+00,6.135736829089151190e-01,6.607971399471472829e-01,6.206876360097717260e-01,6.647538192676722968e-01,6.205262426081350480e-01,6.648149704008183836e-01,6.648149704090550172e-01,6.205248663755045246e-01,6.648241877782552489e-01,6.205246782778630621e-01,6.648257546016882458e-01,6.205246782871197686e-01,6.648241877741296602e-01,6.205248663776607998e-01,6.648149704143407890e-01,6.205262425857615005e-01,6.647538192872437524e-01,6.206876359927911979e-01,6.607971399432700510e-01,6.135736829089151190e-01,1.000000000000004885e+00,6.135736829027260697e-01,6.607971399454424244e-01,6.206876359927566700e-01,6.647538192835281690e-01,6.205262425988674613e-01,6.205262425964994666e-01,6.648149703957076939e-01,6.205248663829223688e-01,6.648241877588756399e-01,6.205246782913816928e-01,6.648257545902627186e-01,6.205246782911189030e-01,6.648241877657968812e-01,6.205248663940341469e-01,6.648149703909690400e-01,6.205262426149806831e-01,6.647538192668336343e-01,6.206876360038334761e-01,6.607971399471472829e-01,6.135736829027260697e-01,1.000000000000004885e+00,6.135736829085308708e-01,6.607971399349434893e-01,6.206876360018782623e-01,6.647538192687865166e-01,6.647538192766049292e-01,6.205262425954582994e-01,6.648149704081139921e-01,6.205248663710574153e-01,6.648241877797347321e-01,6.205246782920713633e-01,6.648257546074187729e-01,6.205246782942474004e-01,6.648241877907095088e-01,6.205248663755219551e-01,6.648149704245132074e-01,6.205262425979876095e-01,6.647538192855096950e-01,6.206876360097717260e-01,6.607971399454424244e-01,6.135736829085308708e-01,1.000000000000004885e+00,6.135736829018867411e-01,6.607971399488375974e-01,6.206876360035362694e-01,6.206876359897443018e-01,6.647538192651339939e-01,6.205262425914808144e-01,6.648149703860672943e-01,6.205248663731655068e-01,6.648241877586896775e-01,6.205246782847488873e-01,6.648257545872680030e-01,6.205246782995221810e-01,6.648241877569163183e-01,6.205248663937137366e-01,6.648149703902244134e-01,6.205262425980014873e-01,6.647538192676722968e-01,6.206876359927566700e-01,6.607971399349434893e-01,6.135736829018867411e-01,1.000000000000004885e+00,6.135736828997342407e-01,6.607971399368719467e-01,6.607971399390601963e-01,6.206876359929649478e-01,6.647538192736164309e-01,6.205262425839698226e-01,6.648149704071475430e-01,6.205248663781659513e-01,6.648241877788502174e-01,6.205246782920456061e-01,6.648257546138434115e-01,6.205246782851003839e-01,6.648241877925780141e-01,6.205248663808710097e-01,6.648149704182114705e-01,6.205262426081350480e-01,6.647538192835281690e-01,6.206876360018782623e-01,6.607971399488375974e-01,6.135736828997342407e-01,1.000000000000004885e+00,6.135736829060371988e-01,6.135736828998656911e-01,6.607971399368600673e-01,6.206876359968136470e-01,6.647538192596464945e-01,6.205262425938323778e-01,6.648149703933858845e-01,6.205248663787231722e-01,6.648241877666662969e-01,6.205246783052811299e-01,6.648257545898452747e-01,6.205246783110862641e-01,6.648241877658400689e-01,6.205248663886164806e-01,6.648149704008183836e-01,6.205262425988674613e-01,6.647538192687865166e-01,6.206876360035362694e-01,6.607971399368719467e-01,6.135736829060371988e-01,1.000000000000004885e+00
