9.999999999999813483e-01,8.385432741289517988e-01,8.719464797787355170e-01,8.700265661785060445e-01,8.340576876775599446e-01,7.839912429641928693e-01,7.267191363790227454e-01,7.012501555125882913e-01,6.969614788197211475e-01,7.370682964201966669e-01,7.855611872520837924e-01,8.416949795025330250e-01,8.709039380784028284e-01,8.692180919961045582e-01,8.367354159004645187e-01,7.797150307079323550e-01,7.321723376529579719e-01,6.951450054853328675e-01,7.028302863840298897e-01,7.313389797572079631e-01,8.385432741289517988e-01,9.999999999999813483e-01,9.231908460393554172e-01,9.218290578326945317e-01,8.885689456504064498e-01,8.329636130951767470e-01,7.835413667428825502e-01,7.486861382301803758e-01,7.544014206838129954e-01,7.848666309238546690e-01,8.416949795428523284e-01,8.916155751107250893e-01,9.243072921481663151e-01,9.222100733834057706e-01,8.870274322522373467e-01,8.355540290410408133e-01,7.801649069613592058e-01,7.525158330285957042e-01,7.504839969500095576e-01,7.882963926111720143e-01,8.719464797787355170e-01,9.231908460393554172e-01,9.999999999999813483e-01,9.529492001199412199e-01,9.188906772821789914e-01,8.658273887745727704e-01,8.126201177789327268e-01,7.824466440516505417e-01,7.830481069189223486e-01,8.185594633860503455e-01,8.709039381298712135e-01,9.243072921651706020e-01,9.548583815064660696e-01,9.533501387815437322e-01,9.191878368219841278e-01,8.651849214063975779e-01,8.135870271509407781e-01,7.812596296377869454e-01,7.843382252870022553e-01,8.172828090843029525e-01,8.700265661785060445e-01,9.218290578326945317e-01,9.529492001199412199e-01,9.999999999999813483e-01,9.164516565860776343e-01,8.642536997569549850e-01,8.104883973907230921e-01,7.807977255144077366e-01,7.811252218512829693e-01,8.166799383357088438e-01,8.692180920749973394e-01,9.222100734152703927e-01,9.533501388131759846e-01,9.511330040923832163e-01,9.177301391735113167e-01,8.629916201806682174e-01,8.120336562455295892e-01,7.792250584966302629e-01,7.825810519007603272e-01,8.154844422637154144e-01,8.340576876775599446e-01,8.885689456504064498e-01,9.188906772821789914e-01,9.164516565860776343e-01,9.999999999999813483e-01,8.276390365349148848e-01,7.787875935627370794e-01,7.436895852131224505e-01,7.496515085645945042e-01,7.800818383895802288e-01,8.367354160070302749e-01,8.870274323057556476e-01,9.191878368680339584e-01,9.177301391810176456e-01,8.818624102889345284e-01,8.310529224494915823e-01,7.750864680512887794e-01,7.478756135264152949e-01,7.455932270842005050e-01,7.836244353200141344e-01,7.839912429641928693e-01,8.329636130951767470e-01,8.658273887745727704e-01,8.642536997569549850e-01,8.276390365349148848e-01,9.999999999999813483e-01,7.204347422382584298e-01,6.951375063903869611e-01,6.909458281788933842e-01,7.310782631401376852e-01,7.797150308031166599e-01,8.355540290872471854e-01,8.651849214558067214e-01,8.629916202001017833e-01,8.310529224581858498e-01,7.735056125914159253e-01,7.264262393474051338e-01,6.890491608631472698e-01,6.972169848989129282e-01,7.255377494265484728e-01,7.267191363790227454e-01,7.835413667428825502e-01,8.126201177789327268e-01,8.104883973907230921e-01,7.787875935627370794e-01,7.204347422382584298e-01,9.999999999999813483e-01,6.357871703436368538e-01,6.452549284206795521e-01,6.724034487205290400e-01,7.321723377978326397e-01,7.801649070677308950e-01,8.135870272299636774e-01,8.120336563216337122e-01,7.750864680944462570e-01,7.264262393903235804e-01,6.674512247536584786e-01,6.438139267412038569e-01,6.377430256284357668e-01,6.794076446597898666e-01,7.012501555125882913e-01,7.486861382301803758e-01,7.824466440516505417e-01,7.807977255144077366e-01,7.436895852131224505e-01,6.951375063903869611e-01,6.357871703436368538e-01,9.999999999999813483e-01,6.060288162654901001e-01,6.481933089082704269e-01,6.951450055884776935e-01,7.525158331037888892e-01,7.812596296818405950e-01,7.792250585339995927e-01,7.478756135348657574e-01,6.890491608766066145e-01,6.438139267221999473e-01,6.042084183060327796e-01,6.147710800888764870e-01,6.407652621170655260e-01,6.969614788197211475e-01,7.544014206838129954e-01,7.830481069189223486e-01,7.811252218512829693e-01,7.496515085645945042e-01,6.909458281788933842e-01,6.452549284206795521e-01,6.060288162654901001e-01,9.999999999999813483e-01,6.425263598041222046e-01,7.028302864865859645e-01,7.504839970249667092e-01,7.843382253347714883e-01,7.825810519463938242e-01,7.455932270982392751e-01,6.972169848852541874e-01,6.377430255927093450e-01,6.147710800741872372e-01,6.079337957700348127e-01,6.503910797076841721e-01,7.370682964201966669e-01,7.848666309238546690e-01,8.185594633860503455e-01,8.166799383357088438e-01,7.800818383895802288e-01,7.310782631401376852e-01,6.724034487205290400e-01,6.481933089082704269e-01,6.425263598041222046e-01,9.999999999999813483e-01,7.313389798436586986e-01,7.882963926628901996e-01,8.172828091155961427e-01,8.154844422748559474e-01,7.836244353219384839e-01,7.255377494137527083e-01,6.794076446348882303e-01,6.407652621008015359e-01,6.503910796828662466e-01,6.772043895105183120e-01,7.855611872520837924e-01,8.416949795428523284e-01,8.709039381298712135e-01,8.692180920749973394e-01,8.367354160070302749e-01,7.797150308031166599e-01,7.321723377978326397e-01,6.951450055884776935e-01,7.028302864865859645e-01,7.313389798436586986e-01,9.999999999999813483e-01,8.385432741753660046e-01,8.719464798096365765e-01,8.700265661799702066e-01,8.340576876770320336e-01,7.839912429242075209e-01,7.267191363223092226e-01,7.012501554623582489e-01,6.969614787980036308e-01,7.370682964148154159e-01,8.416949795025330250e-01,8.916155751107250893e-01,9.243072921651706020e-01,9.222100734152703927e-01,8.870274323057556476e-01,8.355540290872471854e-01,7.801649070677308950e-01,7.525158331037888892e-01,7.504839970249667092e-01,7.882963926628901996e-01,8.385432741753660046e-01,9.999999999999813483e-01,9.231908460348051682e-01,9.218290578050511996e-01,8.885689456107213058e-01,8.329636130517465986e-01,7.835413666661446008e-01,7.486861381761578116e-01,7.544014206243949694e-01,7.848666308841900641e-01,8.709039380784028284e-01,9.243072921481663151e-01,9.548583815064660696e-01,9.533501388131759846e-01,9.191878368680339584e-01,8.651849214558067214e-01,8.135870272299636774e-01,7.812596296818405950e-01,7.843382253347714883e-01,8.172828091155961427e-01,8.719464798096365765e-01,9.231908460348051682e-01,9.999999999999813483e-01,9.529492000766867088e-01,9.188906772228037090e-01,8.658273887041068040e-01,8.126201176680294402e-01,7.824466439881927471e-01,7.830481068480666940e-01,8.185594633432993206e-01,8.692180919961045582e-01,9.222100733834057706e-01,9.533501387815437322e-01,9.511330040923832163e-01,9.177301391810176456e-01,8.629916202001017833e-01,8.120336563216337122e-01,7.792250585339995927e-01,7.825810519463938242e-01,8.154844422748559474e-01,8.700265661799702066e-01,9.218290578050511996e-01,9.529492000766867088e-01,9.999999999999813483e-01,9.164516565016000982e-01,8.642536996716458919e-01,8.104883972537275660e-01,7.807977254223978925e-01,7.811252217443469537e-01,8.166799382597723644e-01,8.367354159004645187e-01,8.870274322522373467e-01,9.191878368219841278e-01,9.177301391735113167e-01,8.818624102889345284e-01,8.310529224581858498e-01,7.750864680944462570e-01,7.478756135348657574e-01,7.455932270982392751e-01,7.836244353219384839e-01,8.340576876770320336e-01,8.885689456107213058e-01,9.188906772228037090e-01,9.164516565016000982e-01,9.999999999999813483e-01,8.276390364303515268e-01,7.787875934201310413e-01,7.436895850985458800e-01,7.496515084497261672e-01,7.800818382939129769e-01,7.797150307079323550e-01,8.355540290410408133e-01,8.651849214063975779e-01,8.629916201806682174e-01,8.310529224494915823e-01,7.735056125914159253e-01,7.264262393903235804e-01,6.890491608766066145e-01,6.972169848852541874e-01,7.255377494137527083e-01,7.839912429242075209e-01,8.329636130517465986e-01,8.658273887041068040e-01,8.642536996716458919e-01,8.276390364303515268e-01,9.999999999999813483e-01,7.204347420864302132e-01,6.951375062755683620e-01,6.909458280594074076e-01,7.310782630674284022e-01,7.321723376529579719e-01,7.801649069613592058e-01,8.135870271509407781e-01,8.120336562455295892e-01,7.750864680512887794e-01,7.264262393474051338e-01,6.674512247536584786e-01,6.438139267221999473e-01,6.377430255927093450e-01,6.794076446348882303e-01,7.267191363223092226e-01,7.835413666661446008e-01,8.126201176680294402e-01,8.104883972537275660e-01,7.787875934201310413e-01,7.204347420864302132e-01,9.999999999999813483e-01,6.357871701807999987e-01,6.452549282600165137e-01,6.724034485762868663e-01,6.951450054853328675e-01,7.525158330285957042e-01,7.812596296377869454e-01,7.792250584966302629e-01,7.478756135264152949e-01,6.890491608631472698e-01,6.438139267412038569e-01,6.042084183060327796e-01,6.147710800741872372e-01,6.407652621008015359e-01,7.012501554623582489e-01,7.486861381761578116e-01,7.824466439881927471e-01,7.807977254223978925e-01,7.436895850985458800e-01,6.951375062755683620e-01,6.357871701807999987e-01,9.999999999999813483e-01,6.060288161357163528e-01,6.481933087982216790e-01,7.028302863840298897e-01,7.504839969500095576e-01,7.843382252870022553e-01,7.825810519007603272e-01,7.455932270842005050e-01,6.972169848989129282e-01,6.377430256284357668e-01,6.147710800888764870e-01,6.079337957700348127e-01,6.503910796828662466e-01,6.969614787980036308e-01,7.544014206243949694e-01,7.830481068480666940e-01,7.811252217443469537e-01,7.496515084497261672e-01,6.909458280594074076e-01,6.452549282600165137e-01,6.060288161357163528e-01,9.999999999999813483e-01,6.425263596938206589e-01,7.313389797572079631e-01,7.882963926111720143e-01,8.172828090843029525e-01,8.154844422637154144e-01,7.836244353200141344e-01,7.255377494265484728e-01,6.794076446597898666e-01,6.407652621170655260e-01,6.503910797076841721e-01,6.772043895105183120e-01,7.370682964148154159e-01,7.848666308841900641e-01,8.185594633432993206e-01,8.166799382597723644e-01,7.800818382939129769e-01,7.310782630674284022e-01,6.724034485762868663e-01,6.481933087982216790e-01,6.425263596938206589e-01,9.999999999999813483e-01
1.000000000000013101e+00,8.566656747471184108e-01,8.828944749997603703e-01,8.732555308997631549e-01,8.303514140874246330e-01,7.796090260168648811e-01,7.245212764319972631e-01,7.073977515311804520e-01,7.102223938786160762e-01,7.573573715253217875e-01,8.069648836988182472e-01,8.599899242845514546e-01,8.821734302520958249e-01,8.717883225983741324e-01,8.339740838016331814e-01,7.741978465978037738e-01,7.311872567962267588e-01,7.001174066083726277e-01,7.170245205399757848e-01,7.507784969976093459e-01,8.566656747471184108e-01,1.000000000000013101e+00,9.309214720510050611e-01,9.212191527205859654e-01,8.821625200048196502e-01,8.244452437428542169e-01,7.788007927721730672e-01,7.506988499443012497e-01,7.649626634110817669e-01,8.013185733122347720e-01,8.599899242949260447e-01,9.065538148929006557e-01,9.319633416114445623e-01,9.219031575297694792e-01,8.802452989724514065e-01,8.274551263194571682e-01,7.750060798355673519e-01,7.549041178055413415e-01,7.607454633377560560e-01,8.048990658340589022e-01,8.828944749997603703e-01,9.309214720510050611e-01,1.000000000000013101e+00,9.451826981921669368e-01,9.052343746958682047e-01,8.501971422903038533e-01,8.007283827479667604e-01,7.772678338347940308e-01,7.865360961664012995e-01,8.277542741301311402e-01,8.821734302690189544e-01,9.319633416171091422e-01,9.554889218752748992e-01,9.457862243804708857e-01,9.053323496591845210e-01,8.498949257158110449e-01,8.012775527834700151e-01,7.765390387700747965e-01,7.873726346532741172e-01,8.268783420710905663e-01,8.732555308997631549e-01,9.212191527205859654e-01,9.451826981921669368e-01,1.000000000000013101e+00,8.940020495013223378e-01,8.410457828533123292e-01,7.895690855709134315e-01,7.682598658868986519e-01,7.755956874406597645e-01,8.183444050754278276e-01,8.717883226079771175e-01,9.219031575275850043e-01,9.457862243755299492e-01,9.350786570342232151e-01,8.961787011890725019e-01,8.387904920487445626e-01,7.923300138257507452e-01,7.654403065772501513e-01,7.782111851713779949e-01,8.161909374804783290e-01,8.303514140874246330e-01,8.821625200048196502e-01,9.052343746958682047e-01,8.940020495013223378e-01,1.000000000000013101e+00,7.969287942259274393e-01,7.531712375592295450e-01,7.234362068189650330e-01,7.394415630681723250e-01,7.744230566512487757e-01,8.339740838070889284e-01,8.802452989632618685e-01,9.053323496464855680e-01,8.961787011821210625e-01,8.531190477931061000e-01,8.020891597985055910e-01,7.476943125989510275e-01,7.295384031102658540e-01,7.336319976606019422e-01,7.793838159504229424e-01,7.796090260168648811e-01,8.244452437428542169e-01,8.501971422903038533e-01,8.410457828533123292e-01,7.969287942259274393e-01,1.000000000000013101e+00,6.910416164855048837e-01,6.751758283824212947e-01,6.770590179974914635e-01,7.252810864506389343e-01,7.741978466041498086e-01,8.274551263164493520e-01,8.498949257070651520e-01,8.387904920461908276e-01,8.020891598028419001e-01,7.409158792131111948e-01,6.994566070348544606e-01,6.668394556655321548e-01,6.855043546471197846e-01,7.180023189400361883e-01,7.245212764319972631e-01,7.788007927721730672e-01,8.007283827479667604e-01,7.895690855709134315e-01,7.531712375592295450e-01,6.910416164855048837e-01,1.000000000000013101e+00,6.167858191755869468e-01,6.368511506758178786e-01,6.681520288934840179e-01,7.311872568157042895e-01,7.750060798465079337e-01,8.012775527905647843e-01,7.923300138369461232e-01,7.476943126172493903e-01,6.994566070512358014e-01,6.413269480066335904e-01,6.274831897206663012e-01,6.271097284053921417e-01,6.770473782743964275e-01,7.073977515311804520e-01,7.506988499443012497e-01,7.772678338347940308e-01,7.682598658868986519e-01,7.234362068189650330e-01,6.751758283824212947e-01,6.167858191755869468e-01,1.000000000000013101e+00,6.025245930284834905e-01,6.528359286814729989e-01,7.001174066088746706e-01,7.549041177996984597e-01,7.765390387547442819e-01,7.654403065708141884e-01,7.295384031046522333e-01,6.668394556618749691e-01,6.274831897046904139e-01,5.923918410131753243e-01,6.136603069486493700e-01,6.436805362607094239e-01,7.102223938786160762e-01,7.649626634110817669e-01,7.865360961664012995e-01,7.755956874406597645e-01,7.394415630681723250e-01,6.770590179974914635e-01,6.368511506758178786e-01,6.025245930284834905e-01,1.000000000000013101e+00,6.537052417187687592e-01,7.170245205462641991e-01,7.607454633342483064e-01,7.873726346455351965e-01,7.782111851716621009e-01,7.336319976643885798e-01,6.855043546442196600e-01,6.271097283904827346e-01,6.136603069485577766e-01,6.128021058703020385e-01,6.632678301472783033e-01,7.573573715253217875e-01,8.013185733122347720e-01,8.277542741301311402e-01,8.183444050754278276e-01,7.744230566512487757e-01,7.252810864506389343e-01,6.681520288934840179e-01,6.528359286814729989e-01,6.537052417187687592e-01,1.000000000000013101e+00,7.507784970034393490e-01,8.048990658294096212e-01,8.268783420601688583e-01,8.161909374755430546e-01,7.793838159545589672e-01,7.180023189381530280e-01,6.770473782723729350e-01,6.436805362650046547e-01,6.632678301422991751e-01,6.947617151042779771e-01,8.069648836988182472e-01,8.599899242949260447e-01,8.821734302690189544e-01,8.717883226079771175e-01,8.339740838070889284e-01,7.741978466041498086e-01,7.311872568157042895e-01,7.001174066088746706e-01,7.170245205462641991e-01,7.507784970034393490e-01,1.000000000000013101e+00,8.566656747569064700e-01,8.828944750034763977e-01,8.732555309103020580e-01,8.303514141038630392e-01,7.796090260247673376e-01,7.245212764275295036e-01,7.073977515391391968e-01,7.102223938910577905e-01,7.573573715424145592e-01,8.599899242845514546e-01,9.065538148929006557e-01,9.319633416171091422e-01,9.219031575275850043e-01,8.802452989632618685e-01,8.274551263164493520e-01,7.750060798465079337e-01,7.549041177996984597e-01,7.607454633342483064e-01,8.048990658294096212e-01,8.566656747569064700e-01,1.000000000000013101e+00,9.309214720440617263e-01,9.212191527210484843e-01,8.821625200109828313e-01,8.244452437443123838e-01,7.788007927628275429e-01,7.506988499539017923e-01,7.649626634160139327e-01,8.013185733155752111e-01,8.821734302520958249e-01,9.319633416114445623e-01,9.554889218752748992e-01,9.457862243755299492e-01,9.053323496464855680e-01,8.498949257070651520e-01,8.012775527905647843e-01,7.765390387547442819e-01,7.873726346455351965e-01,8.268783420601688583e-01,8.828944750034763977e-01,9.309214720440617263e-01,1.000000000000013101e+00,9.451826981865023569e-01,9.052343746969166993e-01,8.501971422894034625e-01,8.007283827310395230e-01,7.772678338378884444e-01,7.865360961614011881e-01,8.277542741305146112e-01,8.717883225983741324e-01,9.219031575297694792e-01,9.457862243804708857e-01,9.350786570342232151e-01,8.961787011821210625e-01,8.387904920461908276e-01,7.923300138369461232e-01,7.654403065708141884e-01,7.782111851716621009e-01,8.161909374755430546e-01,8.732555309103020580e-01,9.212191527210484843e-01,9.451826981865023569e-01,1.000000000000013101e+00,8.940020495095553077e-01,8.410457828566038074e-01,7.895690855582760959e-01,7.682598658981232287e-01,7.755956874450500305e-01,8.183444050815111837e-01,8.339740838016331814e-01,8.802452989724514065e-01,9.053323496591845210e-01,8.961787011890725019e-01,8.531190477931061000e-01,8.020891598028419001e-01,7.476943126172493903e-01,7.295384031046522333e-01,7.336319976643885798e-01,7.793838159545589672e-01,8.303514141038630392e-01,8.821625200109828313e-01,9.052343746969166993e-01,8.940020495095553077e-01,1.000000000000013101e+00,7.969287942366750643e-01,7.531712375549997063e-01,7.234362068339549312e-01,7.394415630737714018e-01,7.744230566632203105e-01,7.741978465978037738e-01,8.274551263194571682e-01,8.498949257158110449e-01,8.387904920487445626e-01,8.020891597985055910e-01,7.409158792131111948e-01,6.994566070512358014e-01,6.668394556618749691e-01,6.855043546442196600e-01,7.180023189381530280e-01,7.796090260247673376e-01,8.244452437443123838e-01,8.501971422894034625e-01,8.410457828566038074e-01,7.969287942366750643e-01,1.000000000000013101e+00,6.910416164768689029e-01,6.751758283946112105e-01,6.770590180045721329e-01,7.252810864613176145e-01,7.311872567962267588e-01,7.750060798355673519e-01,8.012775527834700151e-01,7.923300138257507452e-01,7.476943125989510275e-01,6.994566070348544606e-01,6.413269480066335904e-01,6.274831897046904139e-01,6.271097283904827346e-01,6.770473782723729350e-01,7.245212764275295036e-01,7.788007927628275429e-01,8.007283827310395230e-01,7.895690855582760959e-01,7.531712375549997063e-01,6.910416164768689029e-01,1.000000000000013101e+00,6.167858191718919025e-01,6.368511506670193612e-01,6.681520288862058399e-01,7.001174066083726277e-01,7.549041178055413415e-01,7.765390387700747965e-01,7.654403065772501513e-01,7.295384031102658540e-01,6.668394556655321548e-01,6.274831897206663012e-01,5.923918410131753243e-01,6.136603069485577766e-01,6.436805362650046547e-01,7.073977515391391968e-01,7.506988499539017923e-01,7.772678338378884444e-01,7.682598658981232287e-01,7.234362068339549312e-01,6.751758283946112105e-01,6.167858191718919025e-01,1.000000000000013101e+00,6.025245930400333627e-01,6.528359286929115157e-01,7.170245205399757848e-01,7.607454633377560560e-01,7.873726346532741172e-01,7.782111851713779949e-01,7.336319976606019422e-01,6.855043546471197846e-01,6.271097284053921417e-01,6.136603069486493700e-01,6.128021058703020385e-01,6.632678301422991751e-01,7.102223938910577905e-01,7.649626634160139327e-01,7.865360961614011881e-01,7.755956874450500305e-01,7.394415630737714018e-01,6.770590180045721329e-01,6.368511506670193612e-01,6.025245930400333627e-01,1.000000000000013101e+00,6.537052417263670145e-01,7.507784969976093459e-01,8.048990658340589022e-01,8.268783420710905663e-01,8.161909374804783290e-01,7.793838159504229424e-01,7.180023189400361883e-01,6.770473782743964275e-01,6.436805362607094239e-01,6.632678301472783033e-01,6.947617151042779771e-01,7.573573715424145592e-01,8.013185733155752111e-01,8.277542741305146112e-01,8.183444050815111837e-01,7.744230566632203105e-01,7.252810864613176145e-01,6.681520288862058399e-01,6.528359286929115157e-01,6.537052417263670145e-01,1.000000000000013101e+00
9.999999999999927836e-01,8.799950527320195004e-01,8.949756465047551401e-01,8.748936260982074220e-01,8.232662815246476473e-01,7.731065973727544449e-01,7.228702446120108815e-01,7.179070361904852371e-01,7.310677915195451515e-01,7.864101625550430352e-01,8.365199012836804782e-01,8.831506190999776074e-01,8.950243012857073133e-01,8.723268950581326564e-01,8.282136380655565899e-01,7.662812628770672152e-01,7.308999064483847619e-01,7.094419304592420872e-01,7.386506908647885172e-01,7.791619782182139797e-01,8.799950527320195004e-01,9.999999999999927836e-01,9.371387279405695159e-01,9.158741124091369645e-01,8.696460748380094863e-01,8.108946440589134275e-01,7.716279418753967390e-01,7.544041034657952283e-01,7.799170939929052082e-01,8.240262895364999229e-01,8.831506191470149814e-01,9.238680222649795493e-01,9.379749439143474365e-01,9.169429995328561844e-01,8.674292352486808744e-01,8.141038467817929281e-01,7.677599183966143936e-01,7.585491794196826953e-01,7.758820197542497521e-01,8.272823231182226955e-01,8.949756465047551401e-01,9.371387279405695159e-01,9.999999999999927836e-01,9.287660621368640790e-01,8.819952170379303791e-01,8.253406764365918136e-01,7.832453711418715381e-01,7.694105595735402092e-01,7.913171676309939118e-01,8.389002315402790400e-01,8.950243013340137832e-01,9.379749439109512643e-01,9.508343703731135799e-01,9.299421082957319840e-01,8.814101863978207607e-01,8.260779916487476227e-01,7.825699878595524517e-01,7.699773006680954435e-01,7.909150052601998659e-01,8.390789439807241346e-01,8.748936260982074220e-01,9.158741124091369645e-01,9.287660621368640790e-01,9.999999999999927836e-01,8.580751290693408029e-01,8.062795470683441490e-01,7.589005871993701469e-01,7.508795452516459079e-01,7.673014152436629098e-01,8.195099011520590171e-01,8.723268950978015912e-01,9.169429995176073822e-01,9.299421082971988106e-01,9.071187172441852464e-01,8.621203824572747365e-01,8.019981889074334624e-01,7.640679338426752398e-01,7.456569237381884818e-01,7.720864450250215505e-01,8.156347386425567558e-01,8.232662815246476473e-01,8.696460748380094863e-01,8.819952170379303791e-01,8.580751290693408029e-01,9.999999999999927836e-01,7.520674625091190446e-01,7.176479148207249859e-01,6.957036628863848549e-01,7.261598118867546026e-01,7.661061302293117325e-01,8.282136380855713575e-01,8.674292352069349343e-01,8.814101863664239866e-01,8.621203824291565621e-01,8.094189564229630207e-01,7.604153604573198333e-01,7.090396908567558887e-01,7.050847962869538632e-01,7.174641901817415679e-01,7.732817299782570597e-01,7.731065973727544449e-01,8.108946440589134275e-01,8.253406764365918136e-01,8.062795470683441490e-01,7.520674625091190446e-01,9.999999999999927836e-01,6.512343880477370339e-01,6.499545913869679836e-01,6.598889807979775313e-01,7.185282689580132498e-01,7.662812629019075672e-01,8.141038467604275741e-01,8.260779916312013249e-01,8.019981888956653204e-01,7.604153604668506539e-01,6.950530759973723161e-01,6.636749039107047166e-01,6.380416791149694511e-01,6.716581327749429065e-01,7.087604532686815340e-01,7.228702446120108815e-01,7.716279418753967390e-01,7.832453711418715381e-01,7.589005871993701469e-01,7.176479148207249859e-01,6.512343880477370339e-01,9.999999999999927836e-01,5.940907128307734153e-01,6.290561255546929242e-01,6.651365320705197037e-01,7.308999065039912812e-01,7.677599184164501933e-01,7.825699878815025601e-01,7.640679338700400169e-01,7.090396909068261699e-01,6.636749039556786300e-01,6.077049550145512402e-01,6.088505791567440095e-01,6.161229809402072322e-01,6.765557925940233197e-01,7.179070361904852371e-01,7.544041034657952283e-01,7.694105595735402092e-01,7.508795452516459079e-01,6.957036628863848549e-01,6.499545913869679836e-01,5.940907128307734153e-01,9.999999999999927836e-01,6.024633786087212339e-01,6.629350208414923618e-01,7.094419304642700652e-01,7.585491793886888212e-01,7.699773006267894848e-01,7.456569237127271821e-01,7.050847962651568546e-01,6.380416791024502432e-01,6.088505791181580973e-01,5.807386068617563790e-01,6.168834147521675693e-01,6.516557939982915437e-01,7.310677915195451515e-01,7.799170939929052082e-01,7.913171676309939118e-01,7.673014152436629098e-01,7.261598118867546026e-01,6.598889807979775313e-01,6.290561255546929242e-01,6.024633786087212339e-01,9.999999999999927836e-01,6.731543116665303916e-01,7.386506908850581921e-01,7.758820197310153377e-01,7.909150052403014497e-01,7.720864450193919426e-01,7.174641901935623345e-01,6.716581327633039944e-01,6.161229808965310584e-01,6.168834147424429037e-01,6.244542600378428787e-01,6.847051406004940333e-01,7.864101625550430352e-01,8.240262895364999229e-01,8.389002315402790400e-01,8.195099011520590171e-01,7.661061302293117325e-01,7.185282689580132498e-01,6.651365320705197037e-01,6.629350208414923618e-01,6.731543116665303916e-01,9.999999999999927836e-01,7.791619782429834995e-01,8.272823230956303231e-01,8.390789439585819576e-01,8.156347386246404207e-01,7.732817299979866110e-01,7.087604532678348779e-01,6.765557926081546825e-01,6.516557940173322017e-01,6.847051405963145987e-01,7.221540208120316162e-01,8.365199012836804782e-01,8.831506191470149814e-01,8.950243013340137832e-01,8.723268950978015912e-01,8.282136380855713575e-01,7.662812629019075672e-01,7.308999065039912812e-01,7.094419304642700652e-01,7.386506908850581921e-01,7.791619782429834995e-01,9.999999999999927836e-01,8.799950527530402411e-01,8.949756465269663730e-01,8.748936261279117721e-01,8.232662815794414835e-01,7.731065973916917411e-01,7.228702446015133898e-01,7.179070362136046324e-01,7.310677915620911183e-01,7.864101626104618159e-01,8.831506190999776074e-01,9.238680222649795493e-01,9.379749439109512643e-01,9.169429995176073822e-01,8.674292352069349343e-01,8.141038467604275741e-01,7.677599184164501933e-01,7.585491793886888212e-01,7.758820197310153377e-01,8.272823230956303231e-01,8.799950527530402411e-01,9.999999999999927836e-01,9.371387279150589222e-01,9.158741123934635020e-01,8.696460748474292846e-01,8.108946440543078893e-01,7.716279418448477312e-01,7.544041034898599785e-01,7.799170939967341454e-01,8.240262895317004288e-01,8.950243012857073133e-01,9.379749439143474365e-01,9.508343703731135799e-01,9.299421082971988106e-01,8.814101863664239866e-01,8.260779916312013249e-01,7.825699878815025601e-01,7.699773006267894848e-01,7.909150052403014497e-01,8.390789439585819576e-01,8.949756465269663730e-01,9.371387279150589222e-01,9.999999999999927836e-01,9.287660621215464429e-01,8.819952170491054400e-01,8.253406764395903039e-01,7.832453711009901287e-01,7.694105595852607227e-01,7.913171676212885641e-01,8.389002315424232137e-01,8.723268950581326564e-01,9.169429995328561844e-01,9.299421082957319840e-01,9.071187172441852464e-01,8.621203824291565621e-01,8.019981888956653204e-01,7.640679338700400169e-01,7.456569237127271821e-01,7.720864450193919426e-01,8.156347386246404207e-01,8.748936261279117721e-01,9.158741123934635020e-01,9.287660621215464429e-01,9.999999999999927836e-01,8.580751290889885308e-01,8.062795470726644709e-01,7.589005871626858246e-01,7.508795452823131544e-01,7.673014152527315446e-01,8.195099011686367563e-01,8.282136380655565899e-01,8.674292352486808744e-01,8.814101863978207607e-01,8.621203824572747365e-01,8.094189564229630207e-01,7.604153604668506539e-01,7.090396909068261699e-01,7.050847962651568546e-01,7.174641901935623345e-01,7.732817299979866110e-01,8.232662815794414835e-01,8.696460748474292846e-01,8.819952170491054400e-01,8.580751290889885308e-01,9.999999999999927836e-01,7.520674625422010262e-01,7.176479148115267881e-01,6.957036629328398059e-01,7.261598118983441097e-01,7.661061302634325498e-01,7.662812628770672152e-01,8.141038467817929281e-01,8.260779916487476227e-01,8.019981889074334624e-01,7.604153604573198333e-01,6.950530759973723161e-01,6.636749039556786300e-01,6.380416791024502432e-01,6.716581327633039944e-01,7.087604532678348779e-01,7.731065973916917411e-01,8.108946440543078893e-01,8.253406764395903039e-01,8.062795470726644709e-01,7.520674625422010262e-01,9.999999999999927836e-01,6.512343880251574291e-01,6.499545914249322820e-01,6.598889808196146678e-01,7.185282689851264504e-01,7.308999064483847619e-01,7.677599183966143936e-01,7.825699878595524517e-01,7.640679338426752398e-01,7.090396908567558887e-01,6.636749039107047166e-01,6.077049550145512402e-01,6.088505791181580973e-01,6.161229808965310584e-01,6.765557926081546825e-01,7.228702446015133898e-01,7.716279418448477312e-01,7.832453711009901287e-01,7.589005871626858246e-01,7.176479148115267881e-01,6.512343880251574291e-01,9.999999999999927836e-01,5.940907128239241164e-01,6.290561255323434686e-01,6.651365320484858845e-01,7.094419304592420872e-01,7.585491794196826953e-01,7.699773006680954435e-01,7.456569237381884818e-01,7.050847962869538632e-01,6.380416791149694511e-01,6.088505791567440095e-01,5.807386068617563790e-01,6.168834147424429037e-01,6.516557940173322017e-01,7.179070362136046324e-01,7.544041034898599785e-01,7.694105595852607227e-01,7.508795452823131544e-01,6.957036629328398059e-01,6.499545914249322820e-01,5.940907128239241164e-01,9.999999999999927836e-01,6.024633786458613027e-01,6.629350208737044836e-01,7.386506908647885172e-01,7.758820197542497521e-01,7.909150052601998659e-01,7.720864450250215505e-01,7.174641901817415679e-01,6.716581327749429065e-01,6.161229809402072322e-01,6.168834147521675693e-01,6.244542600378428787e-01,6.847051405963145987e-01,7.310677915620911183e-01,7.799170939967341454e-01,7.913171676212885641e-01,7.673014152527315446e-01,7.261598118983441097e-01,6.598889808196146678e-01,6.290561255323434686e-01,6.024633786458613027e-01,9.999999999999927836e-01,6.731543116878635491e-01,7.791619782182139797e-01,8.272823231182226955e-01,8.390789439807241346e-01,8.156347386425567558e-01,7.732817299782570597e-01,7.087604532686815340e-01,6.765557925940233197e-01,6.516557939982915437e-01,6.847051406004940333e-01,7.221540208120316162e-01,7.864101626104618159e-01,8.240262895317004288e-01,8.389002315424232137e-01,8.195099011686367563e-01,7.661061302634325498e-01,7.185282689851264504e-01,6.651365320484858845e-01,6.629350208737044836e-01,6.731543116878635491e-01,9.999999999999927836e-01
9.999999999999988898e-01,9.066321546907707418e-01,9.033797564237653344e-01,8.693681490764484376e-01,8.085577047681832275e-01,7.626985142994759936e-01,7.239695439404950639e-01,7.368674407222510769e-01,7.653243250215560067e-01,8.280002455584574150e-01,8.759305657459495187e-01,9.088773004015966439e-01,9.049102570438286586e-01,8.652514775940232106e-01,8.149517038617402065e-01,7.546817167991538566e-01,7.328173790663647935e-01,7.280295377411158952e-01,7.727048636393333281e-01,8.209701269283766756e-01,9.066321546907707418e-01,9.999999999999988898e-01,9.335998240083127619e-01,8.970301178675605946e-01,8.428813216548387555e-01,7.878663350743682070e-01,7.599520185770679559e-01,7.614539182481123714e-01,8.007751471726609616e-01,8.541839117476186516e-01,9.088773004187329363e-01,9.382273710297952540e-01,9.343385897038689603e-01,8.981276211619753091e-01,8.411923348343043338e-01,7.900964436187045692e-01,7.574282125269350407e-01,7.640221638545328098e-01,7.983858429563477355e-01,8.558917349835187816e-01,9.033797564237653344e-01,9.335998240083127619e-01,9.999999999999988898e-01,8.915724017972996851e-01,8.392681653827288590e-01,7.830289741102652856e-01,7.566615503005373888e-01,7.567235187842895616e-01,7.972496496817205180e-01,8.498134856433289253e-01,9.049102570577642890e-01,9.343385896971818649e-01,9.298976452225360401e-01,8.946587663226834852e-01,8.364267404398264549e-01,7.868258321351918605e-01,7.526120692960962533e-01,7.606567123159466703e-01,7.938211965252448543e-01,8.523723885580264392e-01,8.693681490764484376e-01,8.970301178675605946e-01,8.915724017972996851e-01,9.999999999999988898e-01,7.966029348832499579e-01,7.521570016025831418e-01,7.126726689088866973e-01,7.268625176211197525e-01,7.542461921285914528e-01,8.176839854654345263e-01,8.652514776144850650e-01,8.981276211623878680e-01,8.946587663328383622e-01,8.541230604742255927e-01,8.049941741515423965e-01,7.433752542165754651e-01,7.229181256918615350e-01,7.168163378801465369e-01,7.631340389864844642e-01,8.108322594571519826e-01,8.085577047681832275e-01,8.428813216548387555e-01,8.392681653827288590e-01,7.966029348832499579e-01,9.999999999999988898e-01,6.849665317317881197e-01,6.689701302605600697e-01,6.586861232915519615e-01,7.098514547037160227e-01,7.534662931602238434e-01,8.149517038814320102e-01,8.411923348292789093e-01,8.364267404445716592e-01,8.049941741475006296e-01,7.398469326546899261e-01,6.995936397942351670e-01,6.545156674844889721e-01,6.738797872211201856e-01,6.963820020906317243e-01,7.639139379412931419e-01,7.626985142994759936e-01,7.878663350743682070e-01,7.830289741102652856e-01,7.521570016025831418e-01,6.849665317317881197e-01,9.999999999999988898e-01,5.993045039747548763e-01,6.214821088047713937e-01,6.416903627821619605e-01,7.121260093758726706e-01,7.546817168120246722e-01,7.900964436141335590e-01,7.868258321368969410e-01,7.433752542103664318e-01,6.995936397892397185e-01,6.307188585157665894e-01,6.187165849452088695e-01,6.037893221842286495e-01,6.584417952636012483e-01,6.991142836794350668e-01,7.239695439404950639e-01,7.599520185770679559e-01,7.566615503005373888e-01,7.126726689088866973e-01,6.689701302605600697e-01,5.993045039747548763e-01,9.999999999999988898e-01,5.723368346554923436e-01,6.278317473835051121e-01,6.681771902033165622e-01,7.328173790837834156e-01,7.574282125263429588e-01,7.526120693001665529e-01,7.229181256918305598e-01,6.545156674850726164e-01,6.187165849505016357e-01,5.684220532268510206e-01,5.932552956585877002e-01,6.105719580770591071e-01,6.825009380223835409e-01,7.368674407222510769e-01,7.614539182481123714e-01,7.567235187842895616e-01,7.268625176211197525e-01,6.586861232915519615e-01,6.214821088047713937e-01,5.723368346554923436e-01,9.999999999999988898e-01,6.143642568693287176e-01,6.855936998493885604e-01,7.280295377469480078e-01,7.640221638460558129e-01,7.606567123081694470e-01,7.168163378691637666e-01,6.738797872082505913e-01,6.037893221787699050e-01,5.932552956534529187e-01,5.767517790299195868e-01,6.329351190310709141e-01,6.722728387811757189e-01,7.653243250215560067e-01,8.007751471726609616e-01,7.972496496817205180e-01,7.542461921285914528e-01,7.098514547037160227e-01,6.416903627821619605e-01,6.278317473835051121e-01,6.143642568693287176e-01,9.999999999999988898e-01,7.093337237876506940e-01,7.727048636520698066e-01,7.983858429518697619e-01,7.938211965264478920e-01,7.631340389821824610e-01,6.963820020885053141e-01,6.584417952589456391e-01,6.105719580720141426e-01,6.329351190302378027e-01,6.525263637906870695e-01,7.225997112091846475e-01,8.280002455584574150e-01,8.541839117476186516e-01,8.498134856433289253e-01,8.176839854654345263e-01,7.534662931602238434e-01,7.121260093758726706e-01,6.681771902033165622e-01,6.855936998493885604e-01,7.093337237876506940e-01,9.999999999999988898e-01,8.209701269398774759e-01,8.558917349768143668e-01,8.523723885568657010e-01,8.108322594473209577e-01,7.639139379396068241e-01,6.991142836785729786e-01,6.825009380311047869e-01,6.722728387870170463e-01,7.225997112078769158e-01,7.668024915976991984e-01,8.759305657459495187e-01,9.088773004187329363e-01,9.049102570577642890e-01,8.652514776144850650e-01,8.149517038814320102e-01,7.546817168120246722e-01,7.328173790837834156e-01,7.280295377469480078e-01,7.727048636520698066e-01,8.209701269398774759e-01,9.999999999999988898e-01,9.066321546973904466e-01,9.033797564358696519e-01,8.693681490808167212e-01,8.085577047761505209e-01,7.626985143033724324e-01,7.239695439412789923e-01,7.368674407300664919e-01,7.653243250312200541e-01,8.280002455750774537e-01,9.088773004015966439e-01,9.382273710297952540e-01,9.343385896971818649e-01,8.981276211623878680e-01,8.411923348292789093e-01,7.900964436141335590e-01,7.574282125263429588e-01,7.640221638460558129e-01,7.983858429518697619e-01,8.558917349768143668e-01,9.066321546973904466e-01,9.999999999999988898e-01,9.335998240021241568e-01,8.970301178546615795e-01,8.428813216463779678e-01,7.878663350698562606e-01,7.599520185722570265e-01,7.614539182525289496e-01,8.007751471679160904e-01,8.541839117415707117e-01,9.049102570438286586e-01,9.343385897038689603e-01,9.298976452225360401e-01,8.946587663328383622e-01,8.364267404445716592e-01,7.868258321368969410e-01,7.526120693001665529e-01,7.606567123081694470e-01,7.938211965264478920e-01,8.523723885568657010e-01,9.033797564358696519e-01,9.335998240021241568e-01,9.999999999999988898e-01,8.915724017896897724e-01,8.392681653786949747e-01,7.830289741089140332e-01,7.566615502927713788e-01,7.567235187877952018e-01,7.972496496771123153e-01,8.498134856443025908e-01,8.652514775940232106e-01,8.981276211619753091e-01,8.946587663226834852e-01,8.541230604742255927e-01,8.049941741475006296e-01,7.433752542103664318e-01,7.229181256918305598e-01,7.168163378691637666e-01,7.631340389821824610e-01,8.108322594473209577e-01,8.693681490808167212e-01,8.970301178546615795e-01,8.915724017896897724e-01,9.999999999999988898e-01,7.966029348718688397e-01,7.521570015944465393e-01,7.126726688965538958e-01,7.268625176229666085e-01,7.542461921203016395e-01,8.176839854633148885e-01,8.149517038617402065e-01,8.411923348343043338e-01,8.364267404398264549e-01,8.049941741515423965e-01,7.398469326546899261e-01,6.995936397892397185e-01,6.545156674850726164e-01,6.738797872082505913e-01,6.963820020885053141e-01,7.639139379396068241e-01,8.085577047761505209e-01,8.428813216463779678e-01,8.392681653786949747e-01,7.966029348718688397e-01,9.999999999999988898e-01,6.849665317270046128e-01,6.689701302503491265e-01,6.586861232923595377e-01,7.098514546917322754e-01,7.534662931586355583e-01,7.546817167991538566e-01,7.900964436187045692e-01,7.868258321351918605e-01,7.433752542165754651e-01,6.995936397942351670e-01,6.307188585157665894e-01,6.187165849505016357e-01,6.037893221787699050e-01,6.584417952589456391e-01,6.991142836785729786e-01,7.626985143033724324e-01,7.878663350698562606e-01,7.830289741089140332e-01,7.521570015944465393e-01,6.849665317270046128e-01,9.999999999999988898e-01,5.993045039683227992e-01,6.214821088103117397e-01,6.416903627802655885e-01,7.121260093788266410e-01,7.328173790663647935e-01,7.574282125269350407e-01,7.526120692960962533e-01,7.229181256918615350e-01,6.545156674844889721e-01,6.187165849452088695e-01,5.684220532268510206e-01,5.932552956534529187e-01,6.105719580720141426e-01,6.825009380311047869e-01,7.239695439412789923e-01,7.599520185722570265e-01,7.566615502927713788e-01,7.126726688965538958e-01,6.689701302503491265e-01,5.993045039683227992e-01,9.999999999999988898e-01,5.723368346550877783e-01,6.278317473760759437e-01,6.681771901989062012e-01,7.280295377411158952e-01,7.640221638545328098e-01,7.606567123159466703e-01,7.168163378801465369e-01,6.738797872211201856e-01,6.037893221842286495e-01,5.932552956585877002e-01,5.767517790299195868e-01,6.329351190302378027e-01,6.722728387870170463e-01,7.368674407300664919e-01,7.614539182525289496e-01,7.567235187877952018e-01,7.268625176229666085e-01,6.586861232923595377e-01,6.214821088103117397e-01,5.723368346550877783e-01,9.999999999999988898e-01,6.143642568733347353e-01,6.855936998555706152e-01,7.727048636393333281e-01,7.983858429563477355e-01,7.938211965252448543e-01,7.631340389864844642e-01,6.963820020906317243e-01,6.584417952636012483e-01,6.105719580770591071e-01,6.329351190310709141e-01,6.525263637906870695e-01,7.225997112078769158e-01,7.653243250312200541e-01,8.007751471679160904e-01,7.972496496771123153e-01,7.542461921203016395e-01,7.098514546917322754e-01,6.416903627802655885e-01,6.278317473760759437e-01,6.143642568733347353e-01,9.999999999999988898e-01,7.093337237873812429e-01,8.209701269283766756e-01,8.558917349835187816e-01,8.523723885580264392e-01,8.108322594571519826e-01,7.639139379412931419e-01,6.991142836794350668e-01,6.825009380223835409e-01,6.722728387811757189e-01,7.225997112091846475e-01,7.668024915976991984e-01,8.280002455750774537e-01,8.541839117415707117e-01,8.498134856443025908e-01,8.176839854633148885e-01,7.534662931586355583e-01,7.121260093788266410e-01,6.681771901989062012e-01,6.855936998555706152e-01,7.093337237873812429e-01,9.999999999999988898e-01
