9.999999999999832356e-01,9.048576671199525245e-01,8.708608975105694983e-01,8.197641545630890425e-01,7.636468252814367919e-01,7.367157624143052530e-01,7.339669863577473752e-01,7.727946356117891824e-01,8.225822095010176804e-01,8.779961129497714234e-01,9.076295375758589579e-01,9.059589433999012398e-01,8.728396636198824110e-01,8.166156109646612871e-01,7.677361678445279169e-01,7.321085580884139077e-01,7.386390059622182092e-01,7.684936154557179266e-01,8.258832420966200072e-01,8.741404768403870928e-01,9.048576671199525245e-01,9.999999999999832356e-01,8.669816482902965582e-01,8.182981663804653749e-01,7.611087818182560305e-01,7.354172425647744760e-01,7.315716895862502955e-01,7.712557897461134182e-01,8.205165327061059166e-01,8.760770036673456440e-01,9.059589435144921321e-01,9.036691524631124128e-01,8.714792048624550036e-01,8.141067432837915119e-01,7.664828117791810946e-01,7.296164944611007730e-01,7.372526309757100327e-01,7.662532867236440115e-01,8.243282327782499586e-01,8.737581387361154084e-01,8.708608975105694983e-01,8.669816482902965582e-01,9.999999999999832356e-01,7.749797721506033188e-01,7.361471217976749415e-01,6.903500766703807301e-01,7.078029618252071886e-01,7.275125800235332507e-01,7.934706676590050911e-01,8.372546558472180322e-01,8.728396636705536560e-01,8.714792047660261387e-01,8.318185037081238242e-01,7.877269852749980705e-01,7.223122219165014624e-01,7.060052834103924813e-01,6.923276910503637360e-01,7.413117404832514357e-01,7.827045487192167972e-01,8.439118360819536369e-01,8.197641545630890425e-01,8.182981663804653749e-01,7.749797721506033188e-01,9.999999999999832356e-01,6.639936283246625770e-01,6.557866708948897339e-01,6.345154594351652966e-01,6.913516998162980709e-01,7.260888756420381673e-01,7.921262917161862038e-01,8.166156110713262972e-01,8.141067432765191070e-01,7.877269853487528506e-01,7.195220969112681164e-01,6.866927861741289885e-01,6.325184867533835131e-01,6.582833863932483487e-01,6.701128131681249878e-01,7.427354449506329281e-01,7.817089691292067322e-01,7.636468252814367919e-01,7.611087818182560305e-01,7.361471217976749415e-01,6.639936283246625770e-01,9.999999999999832356e-01,5.764161515235076694e-01,6.079117742616645392e-01,6.149318560647996090e-01,6.923472794677539843e-01,7.278443829633943762e-01,7.677361678989653715e-01,7.664828116544391001e-01,7.223122219177613434e-01,6.866927860908023096e-01,6.096733426590490446e-01,6.069682373492454319e-01,5.790236925473702945e-01,6.415452631604028344e-01,6.714571890418195022e-01,7.409799374910959191e-01,7.367157624143052530e-01,7.354172425647744760e-01,6.903500766703807301e-01,6.557866708948897339e-01,5.764161515235076694e-01,9.999999999999832356e-01,5.456989612760629882e-01,6.108090154318576159e-01,6.390795376256583893e-01,7.104094232026142430e-01,7.321085581583943735e-01,7.296164944524992091e-01,7.060052834634773511e-01,6.325184867387414478e-01,6.069682373951830190e-01,5.442307315505832133e-01,5.790054069281506122e-01,5.822610326039527884e-01,6.621843080869932452e-01,6.958473129525226675e-01,7.339669863577473752e-01,7.315716895862502955e-01,7.078029618252071886e-01,6.345154594351652966e-01,6.079117742616645392e-01,5.456989612760629882e-01,9.999999999999832356e-01,5.835749801114712421e-01,6.633717466573957333e-01,6.977349103113756890e-01,7.386390060402994173e-01,7.372526309099317610e-01,6.923276910933652273e-01,6.582833863554888865e-01,5.790236925987236605e-01,5.790054069215730959e-01,5.481911166402912983e-01,6.134851455584711122e-01,6.409939529663927216e-01,7.123171073123560904e-01,7.727946356117891824e-01,7.712557897461134182e-01,7.275125800235332507e-01,6.913516998162980709e-01,6.149318560647996090e-01,6.108090154318576159e-01,5.835749801114712421e-01,9.999999999999832356e-01,6.755768562682974432e-01,7.455227911271588015e-01,7.684936155229644683e-01,7.662532867024182126e-01,7.413117405243623281e-01,6.701128131501434826e-01,6.415452632066285243e-01,5.822610325911595774e-01,6.134851455900164341e-01,6.200417654059837691e-01,6.972373651004979411e-01,7.327884743395254308e-01,8.225822095010176804e-01,8.205165327061059166e-01,7.934706676590050911e-01,7.260888756420381673e-01,6.923472794677539843e-01,6.390795376256583893e-01,6.633717466573957333e-01,6.755768562682974432e-01,9.999999999999832356e-01,7.865630000490642093e-01,8.258832421825313963e-01,8.243282327232558382e-01,7.827045487689521241e-01,7.427354449077270271e-01,6.714571890997143022e-01,6.621843080440258378e-01,6.409939529662004309e-01,6.972373650732297534e-01,7.323381722308947017e-01,7.982715642755287000e-01,8.779961129497714234e-01,8.760770036673456440e-01,8.372546558472180322e-01,7.921262917161862038e-01,7.278443829633943762e-01,7.104094232026142430e-01,6.977349103113756890e-01,7.455227911271588015e-01,7.865630000490642093e-01,9.999999999999832356e-01,8.741404768675555825e-01,8.737581386401838124e-01,8.439118360793208540e-01,7.817089690472165397e-01,7.409799375178069969e-01,6.958473128913864603e-01,7.123171073416620924e-01,7.327884742846511035e-01,7.982715642276863033e-01,8.421869264399625132e-01,9.076295375758589579e-01,9.059589435144921321e-01,8.728396636705536560e-01,8.166156110713262972e-01,7.677361678989653715e-01,7.321085581583943735e-01,7.386390060402994173e-01,7.684936155229644683e-01,8.258832421825313963e-01,8.741404768675555825e-01,9.999999999999832356e-01,9.048576671351598044e-01,8.708608976101902543e-01,8.197641545873006752e-01,7.636468253782279225e-01,7.367157624374569558e-01,7.339669863664743943e-01,7.727946356404964412e-01,8.225822095428840797e-01,8.779961130832680816e-01,9.059589433999012398e-01,9.036691524631124128e-01,8.714792047660261387e-01,8.141067432765191070e-01,7.664828116544391001e-01,7.296164944524992091e-01,7.372526309099317610e-01,7.662532867024182126e-01,8.243282327232558382e-01,8.737581386401838124e-01,9.048576671351598044e-01,9.999999999999832356e-01,8.669816482680423597e-01,8.182981662847789162e-01,7.611087818193178478e-01,7.354172424885075943e-01,7.315716895768271666e-01,7.712557897028364806e-01,8.205165326622939626e-01,8.760770036421250406e-01,8.728396636198824110e-01,8.714792048624550036e-01,8.318185037081238242e-01,7.877269853487528506e-01,7.223122219177613434e-01,7.060052834634773511e-01,6.923276910933652273e-01,7.413117405243623281e-01,7.827045487689521241e-01,8.439118360793208540e-01,8.708608976101902543e-01,8.669816482680423597e-01,9.999999999999832356e-01,7.749797721420113028e-01,7.361471218746284961e-01,6.903500766833018387e-01,7.078029618261774125e-01,7.275125800322214120e-01,7.934706676459155616e-01,8.372546559264514299e-01,8.166156109646612871e-01,8.141067432837915119e-01,7.877269852749980705e-01,7.195220969112681164e-01,6.866927860908023096e-01,6.325184867387414478e-01,6.582833863554888865e-01,6.701128131501434826e-01,7.427354449077270271e-01,7.817089690472165397e-01,8.197641545873006752e-01,8.182981662847789162e-01,7.749797721420113028e-01,9.999999999999832356e-01,6.639936283286551610e-01,6.557866708218658136e-01,6.345154594018720395e-01,6.913516997930362340e-01,7.260888755939389760e-01,7.921262917419717997e-01,7.677361678445279169e-01,7.664828117791810946e-01,7.223122219165014624e-01,6.866927861741289885e-01,6.096733426590490446e-01,6.069682373951830190e-01,5.790236925987236605e-01,6.415452632066285243e-01,6.714571890997143022e-01,7.409799375178069969e-01,7.636468253782279225e-01,7.611087818193178478e-01,7.361471218746284961e-01,6.639936283286551610e-01,9.999999999999832356e-01,5.764161515426882154e-01,6.079117742957103054e-01,6.149318560947836243e-01,6.923472794568376054e-01,7.278443830680685345e-01,7.321085580884139077e-01,7.296164944611007730e-01,7.060052834103924813e-01,6.325184867533835131e-01,6.069682373492454319e-01,5.442307315505832133e-01,5.790054069215730959e-01,5.822610325911595774e-01,6.621843080440258378e-01,6.958473128913864603e-01,7.367157624374569558e-01,7.354172424885075943e-01,6.903500766833018387e-01,6.557866708218658136e-01,5.764161515426882154e-01,9.999999999999832356e-01,5.456989612477065599e-01,6.108090154036807107e-01,6.390795375922824206e-01,7.104094232099046335e-01,7.386390059622182092e-01,7.372526309757100327e-01,6.923276910503637360e-01,6.582833863932483487e-01,5.790236925473702945e-01,5.790054069281506122e-01,5.481911166402912983e-01,6.134851455900164341e-01,6.409939529662004309e-01,7.123171073416620924e-01,7.339669863664743943e-01,7.315716895768271666e-01,7.078029618261774125e-01,6.345154594018720395e-01,6.079117742957103054e-01,5.456989612477065599e-01,9.999999999999832356e-01,5.835749800953378141e-01,6.633717466408827201e-01,6.977349103595282820e-01,7.684936154557179266e-01,7.662532867236440115e-01,7.413117404832514357e-01,6.701128131681249878e-01,6.415452631604028344e-01,5.822610326039527884e-01,6.134851455584711122e-01,6.200417654059837691e-01,6.972373650732297534e-01,7.327884742846511035e-01,7.727946356404964412e-01,7.712557897028364806e-01,7.275125800322214120e-01,6.913516997930362340e-01,6.149318560947836243e-01,6.108090154036807107e-01,5.835749800953378141e-01,9.999999999999832356e-01,6.755768562401627264e-01,7.455227911465299728e-01,8.258832420966200072e-01,8.243282327782499586e-01,7.827045487192167972e-01,7.427354449506329281e-01,6.714571890418195022e-01,6.621843080869932452e-01,6.409939529663927216e-01,6.972373651004979411e-01,7.323381722308947017e-01,7.982715642276863033e-01,8.225822095428840797e-01,8.205165326622939626e-01,7.934706676459155616e-01,7.260888755939389760e-01,6.923472794568376054e-01,6.390795375922824206e-01,6.633717466408827201e-01,6.755768562401627264e-01,9.999999999999832356e-01,7.865630000820815759e-01,8.741404768403870928e-01,8.737581387361154084e-01,8.439118360819536369e-01,7.817089691292067322e-01,7.409799374910959191e-01,6.958473129525226675e-01,7.123171073123560904e-01,7.327884743395254308e-01,7.982715642755287000e-01,8.421869264399625132e-01,8.779961130832680816e-01,8.760770036421250406e-01,8.372546559264514299e-01,7.921262917419717997e-01,7.278443830680685345e-01,7.104094232099046335e-01,6.977349103595282820e-01,7.455227911465299728e-01,7.865630000820815759e-01,9.999999999999832356e-01
1.000000000000008882e+00,8.309402111774492061e-01,7.924962489103981600e-01,7.393014065926795109e-01,7.167017974838245653e-01,7.096132279637992202e-01,7.431625349706190153e-01,7.858819689042042533e-01,8.345179503618374017e-01,8.643057202601736044e-01,8.625736243169563888e-01,8.386323777348188013e-01,7.864689547770334910e-01,7.461903843994859287e-01,7.099499834535211162e-01,7.155953175655854759e-01,7.385386228753426652e-01,7.886640568243243887e-01,8.336975074221421034e-01,8.601635064775081663e-01,8.309402111774492061e-01,1.000000000000008882e+00,7.516477407232000640e-01,7.229900765285905972e-01,6.753785162492749183e-01,6.937146335105648376e-01,7.044885783549056368e-01,7.651044758737953755e-01,8.024875861271496547e-01,8.357835331259380052e-01,8.386323778115094552e-01,8.024695509326622567e-01,7.689721039763447452e-01,7.054107080629734572e-01,6.947911831283745121e-01,6.749878330869067966e-01,7.207199671995239143e-01,7.529651666664046727e-01,8.093157211189614397e-01,8.347827247571627529e-01,7.924962489103981600e-01,7.516477407232000640e-01,1.000000000000008882e+00,6.525731237815992625e-01,6.528132028372390927e-01,6.231085669863056786e-01,6.792880896525940182e-01,7.024638482235394665e-01,7.656451316262385953e-01,7.873267498941133313e-01,7.864689547784773360e-01,7.689721038973083012e-01,7.036766388883191059e-01,6.819327556832190940e-01,6.235702882226482613e-01,6.527618937822334821e-01,6.530458922237362129e-01,7.227446972807419767e-01,7.533206408835624313e-01,7.904608664701300302e-01,7.393014065926795109e-01,7.229900765285905972e-01,6.525731237815992625e-01,1.000000000000008882e+00,5.715594965654985371e-01,6.087708086132336271e-01,6.024569027260137100e-01,6.789326154875759967e-01,7.043124156068150121e-01,7.445779901495017672e-01,7.461903844751721637e-01,7.054107080503768668e-01,6.819327557580936450e-01,6.039304226378003904e-01,6.107604058227744659e-01,5.722079539281182958e-01,6.361562766247150780e-01,6.525052364533245886e-01,7.208961299659895072e-01,7.394692664363711199e-01,7.167017974838245653e-01,6.753785162492749183e-01,6.528132028372390927e-01,5.715594965654985371e-01,1.000000000000008882e+00,5.395513111670378059e-01,6.076855912098972912e-01,6.213117573291880857e-01,6.927839899159865533e-01,7.093281905224144701e-01,7.099499834286540079e-01,6.947911830443002090e-01,6.235702882016561643e-01,6.107604057352536975e-01,5.413305665853277437e-01,5.826404726960171532e-01,5.709423711616840036e-01,6.513171127452342946e-01,6.735723779022209090e-01,7.158803549362082741e-01,7.096132279637992202e-01,6.937146335105648376e-01,6.231085669863056786e-01,6.087708086132336271e-01,5.395513111670378059e-01,1.000000000000008882e+00,5.687746064726164619e-01,6.499720670932438438e-01,6.724712172576987612e-01,7.155514588305590395e-01,7.155953176384152181e-01,6.749878330725779252e-01,6.527618938521179137e-01,5.722079539259283809e-01,5.826404727748872858e-01,5.397880880638781242e-01,6.083138152871807591e-01,6.202569495544967282e-01,6.924534783112357150e-01,7.082003846681822479e-01,7.431625349706190153e-01,7.044885783549056368e-01,6.792880896525940182e-01,6.024569027260137100e-01,6.076855912098972912e-01,5.687746064726164619e-01,1.000000000000008882e+00,6.480670769156060551e-01,7.194782394673714387e-01,7.363941075187165897e-01,7.385386228517308860e-01,7.207199671280237752e-01,6.530458922130855104e-01,6.361562765489539029e-01,5.709423711786096867e-01,6.083138152141271959e-01,5.998921614051985207e-01,6.779740890449936774e-01,7.013151962284706054e-01,7.438526795913329437e-01,7.858819689042042533e-01,7.651044758737953755e-01,7.024638482235394665e-01,6.789326154875759967e-01,6.213117573291880857e-01,6.499720670932438438e-01,6.480670769156060551e-01,1.000000000000008882e+00,7.471416938869890334e-01,7.896551131135404189e-01,7.886640568867157031e-01,7.529651666528158760e-01,7.227446973489799475e-01,6.525052364404931859e-01,6.513171128281570743e-01,6.202569495388567944e-01,6.779740891312194817e-01,6.986850734780666317e-01,7.650134373390334863e-01,7.831556161111766778e-01,8.345179503618374017e-01,8.024875861271496547e-01,7.656451316262385953e-01,7.043124156068150121e-01,6.927839899159865533e-01,6.724712172576987612e-01,7.194782394673714387e-01,7.471416938869890334e-01,1.000000000000008882e+00,8.281553210549472688e-01,8.336975074398780272e-01,8.093157210750969721e-01,7.533206408978376789e-01,7.208961299186866789e-01,6.735723779450706328e-01,6.924534782504514485e-01,7.013151962613379808e-01,7.650134372874592970e-01,7.984312897229406403e-01,8.361857872600841901e-01,8.643057202601736044e-01,8.357835331259380052e-01,7.873267498941133313e-01,7.445779901495017672e-01,7.093281905224144701e-01,7.155514588305590395e-01,7.363941075187165897e-01,7.896551131135404189e-01,8.281553210549472688e-01,1.000000000000008882e+00,8.601635064909722850e-01,8.347827246989855121e-01,7.904608664888701508e-01,7.394692663891193618e-01,7.158803549887011730e-01,7.082003846273067227e-01,7.438526796371904837e-01,7.831556160763522012e-01,8.361857872357382204e-01,8.610311457638598620e-01,8.625736243169563888e-01,8.386323778115094552e-01,7.864689547784773360e-01,7.461903844751721637e-01,7.099499834286540079e-01,7.155953176384152181e-01,7.385386228517308860e-01,7.886640568867157031e-01,8.336975074398780272e-01,8.601635064909722850e-01,1.000000000000008882e+00,8.309402111848076533e-01,7.924962489900818641e-01,7.393014065972989268e-01,7.167017975717169254e-01,7.096132279477646021e-01,7.431625350447774725e-01,7.858819689090260630e-01,8.345179504174560225e-01,8.643057203265194222e-01,8.386323777348188013e-01,8.024695509326622567e-01,7.689721038973083012e-01,7.054107080503768668e-01,6.947911830443002090e-01,6.749878330725779252e-01,7.207199671280237752e-01,7.529651666528158760e-01,8.093157210750969721e-01,8.347827246989855121e-01,8.309402111848076533e-01,1.000000000000008882e+00,7.516477407329902327e-01,7.229900764685273096e-01,6.753785162800330921e-01,6.937146334749406673e-01,7.044885783756378306e-01,7.651044758440157523e-01,8.024875861145441824e-01,8.357835331261562750e-01,7.864689547770334910e-01,7.689721039763447452e-01,7.036766388883191059e-01,6.819327557580936450e-01,6.235702882016561643e-01,6.527618938521179137e-01,6.530458922130855104e-01,7.227446973489799475e-01,7.533206408978376789e-01,7.904608664888701508e-01,7.924962489900818641e-01,7.516477407329902327e-01,1.000000000000008882e+00,6.525731237941660989e-01,6.528132029435073092e-01,6.231085669959246509e-01,6.792880897303578136e-01,7.024638482409446549e-01,7.656451316637296056e-01,7.873267499626928068e-01,7.461903843994859287e-01,7.054107080629734572e-01,6.819327556832190940e-01,6.039304226378003904e-01,6.107604057352536975e-01,5.722079539259283809e-01,6.361562765489539029e-01,6.525052364404931859e-01,7.208961299186866789e-01,7.394692663891193618e-01,7.393014065972989268e-01,7.229900764685273096e-01,6.525731237941660989e-01,1.000000000000008882e+00,5.715594966013460843e-01,6.087708085539713654e-01,6.024569027473303251e-01,6.789326154559160997e-01,7.043124155973239375e-01,7.445779901606387474e-01,7.099499834535211162e-01,6.947911831283745121e-01,6.235702882226482613e-01,6.107604058227744659e-01,5.413305665853277437e-01,5.826404727748872858e-01,5.709423711786096867e-01,6.513171128281570743e-01,6.735723779450706328e-01,7.158803549887011730e-01,7.167017975717169254e-01,6.753785162800330921e-01,6.528132029435073092e-01,5.715594966013460843e-01,1.000000000000008882e+00,5.395513112032757075e-01,6.076855913162459988e-01,6.213117573785155168e-01,6.927839899751604413e-01,7.093281906117661073e-01,7.155953175655854759e-01,6.749878330869067966e-01,6.527618937822334821e-01,5.722079539281182958e-01,5.826404726960171532e-01,5.397880880638781242e-01,6.083138152141271959e-01,6.202569495388567944e-01,6.924534782504514485e-01,7.082003846273067227e-01,7.096132279477646021e-01,6.937146334749406673e-01,6.231085669959246509e-01,6.087708085539713654e-01,5.395513112032757075e-01,1.000000000000008882e+00,5.687746064955523373e-01,6.499720670468357442e-01,6.724712172389102349e-01,7.155514588364152440e-01,7.385386228753426652e-01,7.207199671995239143e-01,6.530458922237362129e-01,6.361562766247150780e-01,5.709423711616840036e-01,6.083138152871807591e-01,5.998921614051985207e-01,6.779740891312194817e-01,7.013151962613379808e-01,7.438526796371904837e-01,7.431625350447774725e-01,7.044885783756378306e-01,6.792880897303578136e-01,6.024569027473303251e-01,6.076855913162459988e-01,5.687746064955523373e-01,1.000000000000008882e+00,6.480670769489085270e-01,7.194782395353631621e-01,7.363941075922459945e-01,7.886640568243243887e-01,7.529651666664046727e-01,7.227446972807419767e-01,6.525052364533245886e-01,6.513171127452342946e-01,6.202569495544967282e-01,6.779740890449936774e-01,6.986850734780666317e-01,7.650134372874592970e-01,7.831556160763522012e-01,7.858819689090260630e-01,7.651044758440157523e-01,7.024638482409446549e-01,6.789326154559160997e-01,6.213117573785155168e-01,6.499720670468357442e-01,6.480670769489085270e-01,1.000000000000008882e+00,7.471416938819178677e-01,7.896551131164357695e-01,8.336975074221421034e-01,8.093157211189614397e-01,7.533206408835624313e-01,7.208961299659895072e-01,6.735723779022209090e-01,6.924534783112357150e-01,7.013151962284706054e-01,7.650134373390334863e-01,7.984312897229406403e-01,8.361857872357382204e-01,8.345179504174560225e-01,8.024875861145441824e-01,7.656451316637296056e-01,7.043124155973239375e-01,6.927839899751604413e-01,6.724712172389102349e-01,7.194782395353631621e-01,7.471416938819178677e-01,1.000000000000008882e+00,8.281553211001997372e-01,8.601635064775081663e-01,8.347827247571627529e-01,7.904608664701300302e-01,7.394692664363711199e-01,7.158803549362082741e-01,7.082003846681822479e-01,7.438526795913329437e-01,7.831556161111766778e-01,8.361857872600841901e-01,8.610311457638598620e-01,8.643057203265194222e-01,8.357835331261562750e-01,7.873267499626928068e-01,7.445779901606387474e-01,7.093281906117661073e-01,7.155514588364152440e-01,7.363941075922459945e-01,7.896551131164357695e-01,8.281553211001997372e-01,1.000000000000008882e+00
9.999999999999968914e-01,6.787256349784938081e-01,6.723898798504255314e-01,6.235967146536574024e-01,6.623016808990430659e-01,6.676399888782318381e-01,7.311836646456423283e-01,7.576258847105741268e-01,7.783382827854643526e-01,7.775844256696444745e-01,7.290636244770657415e-01,7.097104132815228450e-01,6.424200207647344785e-01,6.552157630428432356e-01,6.330820947984789893e-01,6.916240602835056483e-01,7.147954969942980075e-01,7.647706619115718363e-01,7.808556026666577665e-01,7.606675995458858086e-01,6.787256349784938081e-01,9.999999999999968914e-01,5.899348056907113280e-01,6.173224806567818579e-01,5.829775211710759297e-01,6.543343928895618555e-01,6.666376717904068938e-01,7.244937410098645225e-01,7.367196229318312417e-01,7.206936994758537107e-01,7.097104132831564272e-01,6.342290020432266306e-01,6.361633622893627660e-01,5.734151314772777397e-01,6.257498691930767354e-01,6.181926559867351179e-01,6.926263773663237089e-01,7.112157416154685219e-01,7.359510545487888411e-01,7.348539741696502592e-01,6.723898798504255314e-01,5.899348056907113280e-01,9.999999999999968914e-01,5.282101905893126226e-01,5.906856513947770226e-01,5.756849759153612744e-01,6.579141482479434755e-01,6.705987558244916880e-01,6.987797783692575315e-01,6.976024372483622393e-01,6.424200207590460288e-01,6.361633622814930611e-01,5.506242356982053998e-01,5.850357463843400829e-01,5.400365539556153394e-01,6.204597256211653589e-01,6.248825796359935847e-01,6.886652933297671142e-01,6.974562877482670675e-01,6.820274050140179289e-01,6.235967146536574024e-01,6.173224806567818579e-01,5.282101905893126226e-01,9.999999999999968914e-01,5.171284946865337684e-01,6.026537555234570132e-01,6.045045832762169224e-01,6.716736021333733486e-01,6.780102414840419867e-01,6.638636364871003392e-01,6.552157630460119231e-01,5.734151314785633780e-01,5.850357463933051339e-01,5.101835045491804888e-01,5.758565771070733863e-01,5.550337702954102337e-01,6.413659874056881760e-01,6.505965422679258481e-01,6.812538076796869069e-01,6.787727790821260765e-01,6.623016808990430659e-01,5.829775211710759297e-01,5.906856513947770226e-01,5.171284946865337684e-01,9.999999999999968914e-01,5.609225491775807759e-01,6.486553839938762334e-01,6.584282328046592303e-01,6.903571107845882793e-01,6.860411931580434608e-01,6.330820947852338065e-01,6.257498691794602941e-01,5.400365539483646948e-01,5.758565770922694504e-01,5.283537933704881562e-01,6.121319850892132930e-01,6.126783536044417833e-01,6.804831730721078165e-01,6.855126841523548897e-01,6.732228559845776505e-01,6.676399888782318381e-01,6.543343928895618555e-01,5.756849759153612744e-01,6.026537555234570132e-01,5.609225491775807759e-01,9.999999999999968914e-01,6.428645137447660529e-01,7.111194783344738646e-01,7.168589231766655523e-01,7.068282089733736173e-01,6.916240602902758994e-01,6.181926559909274310e-01,6.204597256333700406e-01,5.550337702981258392e-01,6.121319851077204888e-01,5.981946694204276493e-01,6.800059974949447250e-01,6.909520323259371599e-01,7.228698472982321155e-01,7.162942258524438444e-01,7.311836646456423283e-01,6.666376717904068938e-01,6.579141482479434755e-01,6.045045832762169224e-01,6.486553839938762334e-01,6.428645137447660529e-01,9.999999999999968914e-01,7.316553430294499005e-01,7.661868775147840926e-01,7.574781166412348776e-01,7.147954969824635851e-01,6.926263773543253066e-01,6.248825796308382641e-01,6.413659873917367804e-01,6.126783536071120917e-01,6.800059974768515314e-01,6.930292918467667596e-01,7.535530484727311906e-01,7.599569216013386530e-01,7.523357411380976467e-01,7.576258847105741268e-01,7.244937410098645225e-01,6.705987558244916880e-01,6.716736021333733486e-01,6.584282328046592303e-01,7.111194783344738646e-01,7.316553430294499005e-01,9.999999999999968914e-01,7.933799581401754786e-01,7.928237067798906690e-01,7.647706619199683420e-01,7.112157416210603822e-01,6.886652933448573766e-01,6.505965422714963253e-01,6.804831730945540835e-01,6.909520323259981112e-01,7.535530484938145479e-01,7.766340581986130864e-01,8.046806643879605980e-01,7.933354991333476658e-01,7.783382827854643526e-01,7.367196229318312417e-01,6.987797783692575315e-01,6.780102414840419867e-01,6.903571107845882793e-01,7.168589231766655523e-01,7.661868775147840926e-01,7.933799581401754786e-01,9.999999999999968914e-01,8.044616540353299872e-01,7.808556026637269998e-01,7.359510545453599173e-01,6.974562877505372516e-01,6.812538076739492743e-01,6.855126841620130529e-01,7.228698472881134318e-01,7.599569216098814861e-01,8.046806643768098510e-01,8.170747893468497391e-01,8.138598336660800570e-01,7.775844256696444745e-01,7.206936994758537107e-01,6.976024372483622393e-01,6.638636364871003392e-01,6.860411931580434608e-01,7.068282089733736173e-01,7.574781166412348776e-01,7.928237067798906690e-01,8.044616540353299872e-01,9.999999999999968914e-01,7.606675995523967115e-01,7.348539741736630493e-01,6.820274050275862976e-01,6.787727790852948750e-01,6.732228560062354372e-01,7.162942258527630335e-01,7.523357411568213360e-01,7.933354991321677208e-01,8.138598336737747907e-01,7.989045005215268391e-01,7.290636244770657415e-01,7.097104132831564272e-01,6.424200207590460288e-01,6.552157630460119231e-01,6.330820947852338065e-01,6.916240602902758994e-01,7.147954969824635851e-01,7.647706619199683420e-01,7.808556026637269998e-01,7.606675995523967115e-01,9.999999999999968914e-01,6.787256349854008386e-01,6.723898798631791074e-01,6.235967146587804155e-01,6.623016809170172436e-01,6.676399888790335302e-01,7.311836646625214930e-01,7.576258847110497463e-01,7.783382827951924599e-01,7.775844256722348469e-01,7.097104132815228450e-01,6.342290020432266306e-01,6.361633622814930611e-01,5.734151314785633780e-01,6.257498691794602941e-01,6.181926559909274310e-01,6.926263773543253066e-01,7.112157416210603822e-01,7.359510545453599173e-01,7.348539741736630493e-01,6.787256349854008386e-01,9.999999999999968914e-01,5.899348057044271343e-01,6.173224806594325154e-01,5.829775211922032518e-01,6.543343928910425600e-01,6.666376718088317110e-01,7.244937410094426378e-01,7.367196229408317087e-01,7.206936994760851922e-01,6.424200207647344785e-01,6.361633622893627660e-01,5.506242356982053998e-01,5.850357463933051339e-01,5.400365539483646948e-01,6.204597256333700406e-01,6.248825796308382641e-01,6.886652933448573766e-01,6.974562877505372516e-01,6.820274050275862976e-01,6.723898798631791074e-01,5.899348057044271343e-01,9.999999999999968914e-01,5.282101906010872039e-01,5.906856514207039499e-01,5.756849759236176700e-01,6.579141482707018262e-01,6.705987558320549713e-01,6.987797783835363319e-01,6.976024372574717303e-01,6.552157630428432356e-01,5.734151314772777397e-01,5.850357463843400829e-01,5.101835045491804888e-01,5.758565770922694504e-01,5.550337702981258392e-01,6.413659873917367804e-01,6.505965422714963253e-01,6.812538076739492743e-01,6.787727790852948750e-01,6.235967146587804155e-01,6.173224806594325154e-01,5.282101906010872039e-01,9.999999999999968914e-01,5.171284947061194348e-01,6.026537555203680396e-01,6.045045832934795582e-01,6.716736021301786819e-01,6.780102414921045373e-01,6.638636364858958583e-01,6.330820947984789893e-01,6.257498691930767354e-01,5.400365539556153394e-01,5.758565771070733863e-01,5.283537933704881562e-01,6.121319851077204888e-01,6.126783536071120917e-01,6.804831730945540835e-01,6.855126841620130529e-01,6.732228560062354372e-01,6.623016809170172436e-01,5.829775211922032518e-01,5.906856514207039499e-01,5.171284947061194348e-01,9.999999999999968914e-01,5.609225491934182184e-01,6.486553840252944347e-01,6.584282328195538714e-01,6.903571108064151529e-01,6.860411931736754010e-01,6.916240602835056483e-01,6.181926559867351179e-01,6.204597256211653589e-01,5.550337702954102337e-01,6.121319850892132930e-01,5.981946694204276493e-01,6.800059974768515314e-01,6.909520323259981112e-01,7.228698472881134318e-01,7.162942258527630335e-01,6.676399888790335302e-01,6.543343928910425600e-01,5.756849759236176700e-01,6.026537555203680396e-01,5.609225491934182184e-01,9.999999999999968914e-01,6.428645137584686475e-01,7.111194783266634456e-01,7.168589231807158679e-01,7.068282089688742165e-01,7.147954969942980075e-01,6.926263773663237089e-01,6.248825796359935847e-01,6.413659874056881760e-01,6.126783536044417833e-01,6.800059974949447250e-01,6.930292918467667596e-01,7.535530484938145479e-01,7.599569216098814861e-01,7.523357411568213360e-01,7.311836646625214930e-01,6.666376718088317110e-01,6.579141482707018262e-01,6.045045832934795582e-01,6.486553840252944347e-01,6.428645137584686475e-01,9.999999999999968914e-01,7.316553430420619231e-01,7.661868775363287476e-01,7.574781166546594724e-01,7.647706619115718363e-01,7.112157416154685219e-01,6.886652933297671142e-01,6.505965422679258481e-01,6.804831730721078165e-01,6.909520323259371599e-01,7.535530484727311906e-01,7.766340581986130864e-01,8.046806643768098510e-01,7.933354991321677208e-01,7.576258847110497463e-01,7.244937410094426378e-01,6.705987558320549713e-01,6.716736021301786819e-01,6.584282328195538714e-01,7.111194783266634456e-01,7.316553430420619231e-01,9.999999999999968914e-01,7.933799581427503078e-01,7.928237067738169719e-01,7.808556026666577665e-01,7.359510545487888411e-01,6.974562877482670675e-01,6.812538076796869069e-01,6.855126841523548897e-01,7.228698472982321155e-01,7.599569216013386530e-01,8.046806643879605980e-01,8.170747893468497391e-01,8.138598336737747907e-01,7.783382827951924599e-01,7.367196229408317087e-01,6.987797783835363319e-01,6.780102414921045373e-01,6.903571108064151529e-01,7.168589231807158679e-01,7.661868775363287476e-01,7.933799581427503078e-01,9.999999999999968914e-01,8.044616540401370308e-01,7.606675995458858086e-01,7.348539741696502592e-01,6.820274050140179289e-01,6.787727790821260765e-01,6.732228559845776505e-01,7.162942258524438444e-01,7.523357411380976467e-01,7.933354991333476658e-01,8.138598336660800570e-01,7.989045005215268391e-01,7.775844256722348469e-01,7.206936994760851922e-01,6.976024372574717303e-01,6.638636364858958583e-01,6.860411931736754010e-01,7.068282089688742165e-01,7.574781166546594724e-01,7.928237067738169719e-01,8.044616540401370308e-01,9.999999999999968914e-01
9.999999999999933387e-01,5.126699885294032644e-01,5.706898699411395715e-01,5.146749243998796075e-01,6.123160344270281996e-01,6.078513923403154884e-01,6.771446162213177189e-01,6.826774924189514815e-01,6.592913621032738813e-01,6.567265087389405620e-01,5.613836573767871929e-01,5.868175605998806610e-01,5.009581168161727494e-01,5.824062887281600265e-01,5.548583803197272291e-01,6.494094117149824541e-01,6.555799550973425704e-01,6.820785178241536295e-01,6.813627850008163733e-01,6.064930892446160904e-01,5.126699885294032644e-01,9.999999999999933387e-01,4.517159065872404233e-01,5.492511270226091424e-01,5.114017965214912032e-01,6.161269232856616540e-01,6.151308965004652629e-01,6.450756605557449452e-01,6.455889773699682310e-01,5.731513723020149609e-01,5.868175605092620373e-01,4.747777967942098387e-01,5.413997932556132708e-01,4.702869654233106655e-01,5.804457544908122602e-01,5.656299250272462942e-01,6.421299074438631127e-01,6.442342075267968315e-01,6.201589392144046808e-01,6.211520328461779261e-01,5.706898699411395715e-01,4.517159065872404233e-01,9.999999999999933387e-01,4.469132310135657815e-01,5.650246754757518586e-01,5.476472964865273241e-01,6.274726707701847594e-01,6.275667530868004329e-01,6.039585450808694356e-01,6.072887857461627403e-01,5.009581167990014849e-01,5.413997933331671231e-01,4.379834807664052532e-01,5.378212503344746986e-01,4.928532555765270384e-01,6.021560405911574598e-01,5.976988807518291980e-01,6.296940509421847798e-01,6.296872914630101681e-01,5.562164563408964479e-01,5.146749243998796075e-01,5.492511270226091424e-01,4.469132310135657815e-01,9.999999999999933387e-01,5.000964205729907519e-01,6.119855557634616972e-01,6.095668750354011900e-01,6.420195869484197626e-01,6.404088872630990803e-01,5.694986104168584529e-01,5.824062886636791614e-01,4.702869654516304010e-01,5.378212502832835362e-01,4.650548873971874220e-01,5.774488133802944123e-01,5.600374313228702050e-01,6.392445555441738092e-01,6.388159961570631928e-01,6.168519167236209411e-01,6.174956340905013441e-01,6.123160344270281996e-01,5.114017965214912032e-01,5.650246754757518586e-01,5.000964205729907519e-01,9.999999999999933387e-01,5.909513045646961338e-01,6.721963077712750367e-01,6.735093579415490916e-01,6.542112441930836297e-01,6.487520405145367208e-01,5.548583802668491938e-01,5.804457545326424661e-01,4.928532555409633198e-01,5.774488133957018654e-01,5.456516594808769050e-01,6.451461003170358977e-01,6.461774211429387460e-01,6.775447472156327366e-01,6.732759308954791022e-01,6.085087634665704570e-01,6.078513923403154884e-01,6.161269232856616540e-01,5.476472964865273241e-01,6.119855557634616972e-01,5.909513045646961338e-01,9.999999999999933387e-01,6.847744052665890591e-01,7.226584708438285043e-01,7.150508898871237307e-01,6.593908439827450563e-01,6.494094116875779310e-01,5.656299250931894340e-01,6.021560405792605319e-01,5.600374313587105357e-01,6.451461003409590944e-01,6.489885694824323314e-01,7.150550484944947494e-01,7.183706766258864951e-01,7.024272442999238697e-01,6.879161609666735178e-01,6.771446162213177189e-01,6.151308965004652629e-01,6.274726707701847594e-01,6.095668750354011900e-01,6.721963077712750367e-01,6.847744052665890591e-01,9.999999999999933387e-01,7.457284872058999037e-01,7.440972135989790681e-01,7.183240177249752278e-01,6.555799550114569385e-01,6.421299074478798996e-01,5.976988806833997137e-01,6.392445555194485873e-01,6.461774211106598997e-01,7.150550484307260923e-01,7.355944300414268833e-01,7.604728156766157321e-01,7.490418280030283205e-01,7.043877783851190122e-01,6.826774924189514815e-01,6.450756605557449452e-01,6.275667530868004329e-01,6.420195869484197626e-01,6.735093579415490916e-01,7.226584708438285043e-01,7.457284872058999037e-01,9.999999999999933387e-01,7.505311627960241649e-01,7.283236652804883082e-01,6.820785178208076394e-01,6.442342076128931838e-01,6.296940509564781241e-01,6.388159962151163107e-01,6.775447472672786464e-01,7.183706766473185734e-01,7.604728157648207310e-01,7.723887460825785700e-01,7.640513587604049750e-01,7.264755378712728362e-01,6.592913621032738813e-01,6.455889773699682310e-01,6.039585450808694356e-01,6.404088872630990803e-01,6.542112441930836297e-01,7.150508898871237307e-01,7.440972135989790681e-01,7.505311627960241649e-01,9.999999999999933387e-01,6.973479732090244188e-01,6.813627848993961678e-01,6.201589392010946611e-01,6.296872913778180925e-01,6.168519166807309162e-01,6.732759308458878822e-01,7.024272442185862664e-01,7.490418279877026908e-01,7.640513586601189733e-01,7.453173394527644602e-01,7.244237955762095060e-01,6.567265087389405620e-01,5.731513723020149609e-01,6.072887857461627403e-01,5.694986104168584529e-01,6.487520405145367208e-01,6.593908439827450563e-01,7.183240177249752278e-01,7.283236652804883082e-01,6.973479732090244188e-01,9.999999999999933387e-01,6.064930892437873089e-01,6.211520329371746918e-01,5.562164563580894727e-01,6.174956341562206630e-01,6.085087635201540390e-01,6.879161609949890899e-01,7.043877784718158841e-01,7.264755378748157799e-01,7.244237956769042919e-01,6.647205673532154968e-01,5.613836573767871929e-01,5.868175605092620373e-01,5.009581167990014849e-01,5.824062886636791614e-01,5.548583802668491938e-01,6.494094116875779310e-01,6.555799550114569385e-01,6.820785178208076394e-01,6.813627848993961678e-01,6.064930892437873089e-01,9.999999999999933387e-01,5.126699885167322890e-01,5.706898698551323701e-01,5.146749243581187905e-01,6.123160343747638956e-01,6.078513922632028388e-01,6.771446162025269722e-01,6.826774923209691925e-01,6.592913621035358940e-01,6.567265086408302643e-01,5.868175605998806610e-01,4.747777967942098387e-01,5.413997933331671231e-01,4.702869654516304010e-01,5.804457545326424661e-01,5.656299250931894340e-01,6.421299074478798996e-01,6.442342076128931838e-01,6.201589392010946611e-01,6.211520329371746918e-01,5.126699885167322890e-01,9.999999999999933387e-01,4.517159065936605655e-01,5.492511270763343889e-01,5.114017965637307483e-01,6.161269233039928794e-01,6.151308965761257408e-01,6.450756605504921470e-01,6.455889774571407225e-01,5.731513722924694854e-01,5.009581168161727494e-01,5.413997932556132708e-01,4.379834807664052532e-01,5.378212502832835362e-01,4.928532555409633198e-01,6.021560405792605319e-01,5.976988806833997137e-01,6.296940509564781241e-01,6.296872913778180925e-01,5.562164563580894727e-01,5.706898698551323701e-01,4.517159065936605655e-01,9.999999999999933387e-01,4.469132309882556386e-01,5.650246754424715911e-01,5.476472964247444120e-01,6.274726707709361584e-01,6.275667530066186828e-01,6.039585450970084146e-01,6.072887856634032744e-01,5.824062887281600265e-01,4.702869654233106655e-01,5.378212503344746986e-01,4.650548873971874220e-01,5.774488133957018654e-01,5.600374313587105357e-01,6.392445555194485873e-01,6.388159962151163107e-01,6.168519166807309162e-01,6.174956341562206630e-01,5.146749243581187905e-01,5.492511270763343889e-01,4.469132309882556386e-01,9.999999999999933387e-01,5.000964205877694857e-01,6.119855557489322084e-01,6.095668750842777595e-01,6.420195869137218514e-01,6.404088873237792079e-01,5.694986103788216569e-01,5.548583803197272291e-01,5.804457544908122602e-01,4.928532555765270384e-01,5.774488133802944123e-01,5.456516594808769050e-01,6.451461003409590944e-01,6.461774211106598997e-01,6.775447472672786464e-01,6.732759308458878822e-01,6.085087635201540390e-01,6.123160343747638956e-01,5.114017965637307483e-01,5.650246754424715911e-01,5.000964205877694857e-01,9.999999999999933387e-01,5.909513045376957319e-01,6.721963078128216917e-01,6.735093578941904191e-01,6.542112442463834387e-01,6.487520404653301931e-01,6.494094117149824541e-01,5.656299250272462942e-01,6.021560405911574598e-01,5.600374313228702050e-01,6.451461003170358977e-01,6.489885694824323314e-01,7.150550484307260923e-01,7.183706766473185734e-01,7.024272442185862664e-01,6.879161609949890899e-01,6.078513922632028388e-01,6.161269233039928794e-01,5.476472964247444120e-01,6.119855557489322084e-01,5.909513045376957319e-01,9.999999999999933387e-01,6.847744052786215452e-01,7.226584707680721031e-01,7.150508899125533890e-01,6.593908439073097316e-01,6.555799550973425704e-01,6.421299074438631127e-01,5.976988807518291980e-01,6.392445555441738092e-01,6.461774211429387460e-01,7.150550484944947494e-01,7.355944300414268833e-01,7.604728157648207310e-01,7.490418279877026908e-01,7.043877784718158841e-01,6.771446162025269722e-01,6.151308965761257408e-01,6.274726707709361584e-01,6.095668750842777595e-01,6.721963078128216917e-01,6.847744052786215452e-01,9.999999999999933387e-01,7.457284871939028337e-01,7.440972136884028698e-01,7.183240177119459835e-01,6.820785178241536295e-01,6.442342075267968315e-01,6.296940509421847798e-01,6.388159961570631928e-01,6.775447472156327366e-01,7.183706766258864951e-01,7.604728156766157321e-01,7.723887460825785700e-01,7.640513586601189733e-01,7.264755378748157799e-01,6.826774923209691925e-01,6.450756605504921470e-01,6.275667530066186828e-01,6.420195869137218514e-01,6.735093578941904191e-01,7.226584707680721031e-01,7.457284871939028337e-01,9.999999999999933387e-01,7.505311627989333934e-01,7.283236651824290808e-01,6.813627850008163733e-01,6.201589392144046808e-01,6.296872914630101681e-01,6.168519167236209411e-01,6.732759308954791022e-01,7.024272442999238697e-01,7.490418280030283205e-01,7.640513587604049750e-01,7.453173394527644602e-01,7.244237956769042919e-01,6.592913621035358940e-01,6.455889774571407225e-01,6.039585450970084146e-01,6.404088873237792079e-01,6.542112442463834387e-01,7.150508899125533890e-01,7.440972136884028698e-01,7.505311627989333934e-01,9.999999999999933387e-01,6.973479732111110829e-01,6.064930892446160904e-01,6.211520328461779261e-01,5.562164563408964479e-01,6.174956340905013441e-01,6.085087634665704570e-01,6.879161609666735178e-01,7.043877783851190122e-01,7.264755378712728362e-01,7.244237955762095060e-01,6.647205673532154968e-01,6.567265086408302643e-01,5.731513722924694854e-01,6.072887856634032744e-01,5.694986103788216569e-01,6.487520404653301931e-01,6.593908439073097316e-01,7.183240177119459835e-01,7.283236651824290808e-01,6.973479732111110829e-01,9.999999999999933387e-01
