1.000000000000015987e+00,9.086915252803624554e-01,8.747358413002956912e-01,8.232743234194209725e-01,7.662078306418182994e-01,7.386549135368303265e-01,7.354433447308749150e-01,7.743897829502141006e-01,8.247797674489801834e-01,8.809048800890268982e-01,9.114157845407815373e-01,9.099726510269887658e-01,8.769301167777455719e-01,8.199688926342986184e-01,7.704389600029105667e-01,7.339520199484824703e-01,7.401539473699997318e-01,7.700963512641239017e-01,8.278406952526485840e-01,8.768363892366598522e-01,9.086915252803624554e-01,1.000000000000015987e+00,8.711761365997212625e-01,8.218111177606712836e-01,7.642565175143570810e-01,7.375948537933214588e-01,7.335341977457952023e-01,7.732198575197318791e-01,8.230623697930243843e-01,8.794913016626331181e-01,9.099726510978589644e-01,9.082820458661077234e-01,8.757399068793034758e-01,8.180744983707861628e-01,7.693844318941361893e-01,7.320059664136988609e-01,7.390727357710793477e-01,7.682781808902354737e-01,8.268835391960592807e-01,8.770389350444347532e-01,8.747358413002956912e-01,8.711761365997212625e-01,1.000000000000015987e+00,7.786198266142693170e-01,7.384802097041407443e-01,6.926850952409935314e-01,7.094706203052123517e-01,7.294712485658656487e-01,7.959105455430187659e-01,8.404720404411418766e-01,8.769301167691335719e-01,8.757399067790270220e-01,8.362692333895853647e-01,7.912823921844972519e-01,7.254052921777389695e-01,7.080402027506160767e-01,6.942294535577753223e-01,7.431356848813226446e-01,7.851711696598260293e-01,8.471957170435542306e-01,8.232743234194209725e-01,8.218111177606712836e-01,7.786198266142693170e-01,1.000000000000015987e+00,6.663759598770278014e-01,6.565726919290928443e-01,6.358979073777943913e-01,6.925776315000390371e-01,7.280179745799745250e-01,7.948483372161738725e-01,8.199688926869346250e-01,8.180744983443486440e-01,7.912823922636680329e-01,7.228837938911037986e-01,6.888600072499027061e-01,6.343189853870546679e-01,6.593676159723185215e-01,6.715387655683828783e-01,7.445889589559009369e-01,7.843803662831767554e-01,7.662078306418182994e-01,7.642565175143570810e-01,7.384802097041407443e-01,6.663759598770278014e-01,1.000000000000015987e+00,5.773178783887922272e-01,6.073744521350719072e-01,6.155857294466801077e-01,6.933684349186141072e-01,7.297294768809367005e-01,7.704389600330981969e-01,7.693844317947379219e-01,7.254052922044185170e-01,6.888600071974200212e-01,6.114351113763148993e-01,6.075946216575275338e-01,5.796074511289344144e-01,6.419579452389336804e-01,6.726009738780782676e-01,7.428774565532982876e-01,7.386549135368303265e-01,7.375948537933214588e-01,6.926850952409935314e-01,6.565726919290928443e-01,5.773178783887922272e-01,1.000000000000015987e+00,5.454627423669772268e-01,6.096775458092789091e-01,6.395071231203592887e-01,7.115409704922631695e-01,7.339520199629445685e-01,7.320059663514869586e-01,7.080402027761472095e-01,6.343189853456161487e-01,6.075946216654233289e-01,5.444927945884963094e-01,5.785268507298140239e-01,5.821686360304193508e-01,6.624610931032599570e-01,6.970103510759056986e-01,7.354433447308749150e-01,7.335341977457952023e-01,7.094706203052123517e-01,6.358979073777943913e-01,6.073744521350719072e-01,5.454627423669772268e-01,1.000000000000015987e+00,5.829781310249080306e-01,6.626022694437433413e-01,6.985249289894824853e-01,7.401539474023075549e-01,7.390727357066410041e-01,6.942294535901198937e-01,6.593676159533601311e-01,5.796074511475930446e-01,5.785268507250687087e-01,5.476265332490443116e-01,6.127595949388104923e-01,6.410242544648901974e-01,7.130455538750976041e-01,7.743897829502141006e-01,7.732198575197318791e-01,7.294712485658656487e-01,6.925776315000390371e-01,6.155857294466801077e-01,6.096775458092789091e-01,5.829781310249080306e-01,1.000000000000015987e+00,6.755344410197964278e-01,7.459331773982453839e-01,7.700963512698227875e-01,7.682781808400405144e-01,7.431356848917244351e-01,6.715387655354732033e-01,6.419579452442985001e-01,5.821686360334562549e-01,6.127595949583664048e-01,6.196393457140627614e-01,6.972171095677582864e-01,7.336934605998532977e-01,8.247797674489801834e-01,8.230623697930243843e-01,7.959105455430187659e-01,7.280179745799745250e-01,6.933684349186141072e-01,6.395071231203592887e-01,6.626022694437433413e-01,6.755344410197964278e-01,1.000000000000015987e+00,7.877783077634878950e-01,8.278406952779712169e-01,8.268835391459326001e-01,7.851711697004737367e-01,7.445889589349372617e-01,6.726009739004374932e-01,6.624610930817661503e-01,6.410242544658567576e-01,6.972171095630718129e-01,7.330247852605064063e-01,7.996394945726141845e-01,8.809048800890268982e-01,8.794913016626331181e-01,8.404720404411418766e-01,7.948483372161738725e-01,7.297294768809367005e-01,7.115409704922631695e-01,6.985249289894824853e-01,7.459331773982453839e-01,7.877783077634878950e-01,1.000000000000015987e+00,8.768363892467032628e-01,8.770389349802110157e-01,8.471957170672061999e-01,7.843803662409933874e-01,7.428774565861929746e-01,6.970103510870589991e-01,7.130455539047652058e-01,7.336934605981868529e-01,7.996394945616205341e-01,8.444734677234211340e-01,9.114157845407815373e-01,9.099726510978589644e-01,8.769301167691335719e-01,8.199688926869346250e-01,7.704389600330981969e-01,7.339520199629445685e-01,7.401539474023075549e-01,7.700963512698227875e-01,8.278406952779712169e-01,8.768363892467032628e-01,1.000000000000015987e+00,9.086915252785453534e-01,8.747358413888011164e-01,8.232743234326541648e-01,7.662078306912222248e-01,7.386549135667885846e-01,7.354433447471691032e-01,7.743897829916904785e-01,8.247797674925829714e-01,8.809048801614502988e-01,9.099726510269887658e-01,9.082820458661077234e-01,8.757399067790270220e-01,8.180744983443486440e-01,7.693844317947379219e-01,7.320059663514869586e-01,7.390727357066410041e-01,7.682781808400405144e-01,8.268835391459326001e-01,8.770389349802110157e-01,9.086915252785453534e-01,1.000000000000015987e+00,8.711761366156952624e-01,8.218111177114811872e-01,7.642565175267579392e-01,7.375948538083976214e-01,7.335341977599419971e-01,7.732198575211899350e-01,8.230623697730712340e-01,8.794913016474271705e-01,8.769301167777455719e-01,8.757399068793034758e-01,8.362692333895853647e-01,7.912823922636680329e-01,7.254052922044185170e-01,7.080402027761472095e-01,6.942294535901198937e-01,7.431356848917244351e-01,7.851711697004737367e-01,8.471957170672061999e-01,8.747358413888011164e-01,8.711761366156952624e-01,1.000000000000015987e+00,7.786198266544328561e-01,7.384802097808331744e-01,6.926850953131499233e-01,7.094706203441976111e-01,7.294712486360265258e-01,7.959105455975906684e-01,8.404720405214727297e-01,8.199688926342986184e-01,8.180744983707861628e-01,7.912823921844972519e-01,7.228837938911037986e-01,6.888600071974200212e-01,6.343189853456161487e-01,6.593676159533601311e-01,6.715387655354732033e-01,7.445889589349372617e-01,7.843803662409933874e-01,8.232743234326541648e-01,8.218111177114811872e-01,7.786198266544328561e-01,1.000000000000015987e+00,6.663759598974112741e-01,6.565726919445981080e-01,6.358979073887123246e-01,6.925776315266001237e-01,7.280179745805021030e-01,7.948483372411538905e-01,7.704389600029105667e-01,7.693844318941361893e-01,7.254052921777389695e-01,6.888600072499027061e-01,6.114351113763148993e-01,6.075946216654233289e-01,5.796074511475930446e-01,6.419579452442985001e-01,6.726009739004374932e-01,7.428774565861929746e-01,7.662078306912222248e-01,7.642565175267579392e-01,7.384802097808331744e-01,6.663759598974112741e-01,1.000000000000015987e+00,5.773178784510517580e-01,6.073744521814179453e-01,6.155857295033995147e-01,6.933684349408989478e-01,7.297294769535938030e-01,7.339520199484824703e-01,7.320059664136988609e-01,7.080402027506160767e-01,6.343189853870546679e-01,6.075946216575275338e-01,5.444927945884963094e-01,5.785268507250687087e-01,5.821686360334562549e-01,6.624610930817661503e-01,6.970103510870589991e-01,7.386549135667885846e-01,7.375948538083976214e-01,6.926850953131499233e-01,6.565726919445981080e-01,5.773178784510517580e-01,1.000000000000015987e+00,5.454627424117921564e-01,6.096775458596506159e-01,6.395071231601547890e-01,7.115409705627075976e-01,7.401539473699997318e-01,7.390727357710793477e-01,6.942294535577753223e-01,6.593676159723185215e-01,5.796074511289344144e-01,5.785268507298140239e-01,5.476265332490443116e-01,6.127595949583664048e-01,6.410242544658567576e-01,7.130455539047652058e-01,7.354433447471691032e-01,7.335341977599419971e-01,7.094706203441976111e-01,6.358979073887123246e-01,6.073744521814179453e-01,5.454627424117921564e-01,1.000000000000015987e+00,5.829781310677003558e-01,6.626022694649740252e-01,6.985249290447013149e-01,7.700963512641239017e-01,7.682781808902354737e-01,7.431356848813226446e-01,6.715387655683828783e-01,6.419579452389336804e-01,5.821686360304193508e-01,6.127595949388104923e-01,6.196393457140627614e-01,6.972171095630718129e-01,7.336934605981868529e-01,7.743897829916904785e-01,7.732198575211899350e-01,7.294712486360265258e-01,6.925776315266001237e-01,6.155857295033995147e-01,6.096775458596506159e-01,5.829781310677003558e-01,1.000000000000015987e+00,6.755344410559639412e-01,7.459331774480916222e-01,8.278406952526485840e-01,8.268835391960592807e-01,7.851711696598260293e-01,7.445889589559009369e-01,6.726009738780782676e-01,6.624610931032599570e-01,6.410242544648901974e-01,6.972171095677582864e-01,7.330247852605064063e-01,7.996394945616205341e-01,8.247797674925829714e-01,8.230623697730712340e-01,7.959105455975906684e-01,7.280179745805021030e-01,6.933684349408989478e-01,6.395071231601547890e-01,6.626022694649740252e-01,6.755344410559639412e-01,1.000000000000015987e+00,7.877783078042477349e-01,8.768363892366598522e-01,8.770389350444347532e-01,8.471957170435542306e-01,7.843803662831767554e-01,7.428774565532982876e-01,6.970103510759056986e-01,7.130455538750976041e-01,7.336934605998532977e-01,7.996394945726141845e-01,8.444734677234211340e-01,8.809048801614502988e-01,8.794913016474271705e-01,8.404720405214727297e-01,7.948483372411538905e-01,7.297294769535938030e-01,7.115409705627075976e-01,6.985249290447013149e-01,7.459331774480916222e-01,7.877783078042477349e-01,1.000000000000015987e+00
9.999999999999974465e-01,8.426053678117183532e-01,8.019292849529874312e-01,7.476203700245485084e-01,7.212726744480771890e-01,7.130400416960822607e-01,7.457633956049172230e-01,7.898857031878155910e-01,8.413056251389823270e-01,8.731982797639321614e-01,8.742965527655384150e-01,8.496265913776708256e-01,7.973385830758125126e-01,7.534009370323542232e-01,7.154420504537180037e-01,7.183947749418537754e-01,7.414130323184047189e-01,7.927544263368060395e-01,8.399306331090623523e-01,8.693238911601517405e-01,8.426053678117183532e-01,9.999999999999974465e-01,7.625189736008974872e-01,7.300096916470980579e-01,6.812491228107668828e-01,6.969085932385021831e-01,7.076922401035901089e-01,7.696474137000028914e-01,8.091086184773597090e-01,8.459158865882021594e-01,8.496265915337860575e-01,8.150729461037882206e-01,7.789725548628970708e-01,7.141285933671852604e-01,6.997487813260802048e-01,6.787618818851544056e-01,7.237425765744114337e-01,7.572775220785811223e-01,8.165344375338622340e-01,8.439153486048693864e-01,8.019292849529874312e-01,7.625189736008974872e-01,9.999999999999974465e-01,6.596549890274754357e-01,6.556274086083498931e-01,6.255325811768587263e-01,6.810441034123253523e-01,7.054097801220153841e-01,7.716123982509601742e-01,7.951726778792835848e-01,7.973385831371931909e-01,7.789725547469131817e-01,7.136264818996875814e-01,6.882236103320209519e-01,6.280693054552596299e-01,6.547095103712814446e-01,6.548778638433014887e-01,7.260250365214044876e-01,7.585827244639856692e-01,7.992947620764894179e-01,7.476203700245485084e-01,7.300096916470980579e-01,6.596549890274754357e-01,9.999999999999974465e-01,5.733039598933664660e-01,6.071939401651766932e-01,6.017525700161190372e-01,6.797389010903500672e-01,7.070644837652493297e-01,7.509077918290015807e-01,7.534009372131365012e-01,7.141285933672467667e-01,6.882236104567771573e-01,6.087062611098461584e-01,6.120427705815885133e-01,5.720324421705563767e-01,6.354865951807400215e-01,6.529128793132576991e-01,7.243703329814323855e-01,7.448300965240219895e-01,7.212726744480771890e-01,6.812491228107668828e-01,6.556274086083498931e-01,5.733039598933664660e-01,9.999999999999974465e-01,5.364490445121293805e-01,6.032092245821022436e-01,6.189922454485727865e-01,6.934915290656280540e-01,7.120243103385697214e-01,7.154420504886902510e-01,6.997487812025393605e-01,6.280693054357560090e-01,6.120427704529637358e-01,5.403882421234540434e-01,5.795285267152249231e-01,5.674221806753755315e-01,6.494225356272265159e-01,6.736174856251078147e-01,7.194105062124990235e-01,7.130400416960822607e-01,6.969085932385021831e-01,6.255325811768587263e-01,6.071939401651766932e-01,5.364490445121293805e-01,9.999999999999974465e-01,5.631675678632697135e-01,6.451952883018783336e-01,6.706666375723907558e-01,7.170489510231441432e-01,7.183947751049357677e-01,6.787618819024523464e-01,6.547095104843305702e-01,5.720324421734511722e-01,5.795285268250631727e-01,5.347675862174492423e-01,6.031002151703976910e-01,6.159994842781122415e-01,6.911942765461145388e-01,7.090832271145708354e-01,7.457633956049172230e-01,7.076922401035901089e-01,6.810441034123253523e-01,6.017525700161190372e-01,6.032092245821022436e-01,5.631675678632697135e-01,9.999999999999974465e-01,6.432539620721029472e-01,7.171148816033942053e-01,7.370378846286566032e-01,7.414130323536444189e-01,7.237425764792717597e-01,6.548778638409524788e-01,6.354865950600144808e-01,5.674221807045746191e-01,6.031002150718772770e-01,5.939911927739894848e-01,6.737542517293964028e-01,6.992094739068749343e-01,7.448464322663823634e-01,7.898857031878155910e-01,7.696474137000028914e-01,7.054097801220153841e-01,6.797389010903500672e-01,6.189922454485727865e-01,6.451952883018783336e-01,6.432539620721029472e-01,9.999999999999974465e-01,7.461179467123336684e-01,7.914971645520482157e-01,7.927544264688490827e-01,7.572775220553705777e-01,7.260250366231160157e-01,6.529128792835958706e-01,6.494225357347970240e-01,6.159994842294114203e-01,6.737542518486392407e-01,6.954376570639860811e-01,7.645031962532312653e-01,7.852687619016792686e-01,8.413056251389823270e-01,8.091086184773597090e-01,7.716123982509601742e-01,7.070644837652493297e-01,6.934915290656280540e-01,6.706666375723907558e-01,7.171148816033942053e-01,7.461179467123336684e-01,9.999999999999974465e-01,8.324689757427075065e-01,8.399306332187275181e-01,8.165344374733198851e-01,7.585827245041006917e-01,7.243703328973790656e-01,6.736174856946626210e-01,6.911942764361895808e-01,6.992094739534314707e-01,7.645031961845574209e-01,8.003578778210238553e-01,8.406840361046181709e-01,8.731982797639321614e-01,8.459158865882021594e-01,7.951726778792835848e-01,7.509077918290015807e-01,7.120243103385697214e-01,7.170489510231441432e-01,7.370378846286566032e-01,7.914971645520482157e-01,8.324689757427075065e-01,9.999999999999974465e-01,8.693238911959095816e-01,8.439153484761905410e-01,7.992947620660860730e-01,7.448300963964650245e-01,7.194105062433457931e-01,7.090832270005316129e-01,7.448464323072157001e-01,7.852687618241012135e-01,8.406840360327656470e-01,8.686758967785973562e-01,8.742965527655384150e-01,8.496265915337860575e-01,7.973385831371931909e-01,7.534009372131365012e-01,7.154420504886902510e-01,7.183947751049357677e-01,7.414130323536444189e-01,7.927544264688490827e-01,8.399306332187275181e-01,8.693238911959095816e-01,9.999999999999974465e-01,8.426053678395017954e-01,8.019292850803092509e-01,7.476203700322449075e-01,7.212726745967352748e-01,7.130400416735220848e-01,7.457633956835116873e-01,7.898857032027186698e-01,8.413056252116108968e-01,8.731982799191787548e-01,8.496265913776708256e-01,8.150729461037882206e-01,7.789725547469131817e-01,7.141285933672467667e-01,6.997487812025393605e-01,6.787618819024523464e-01,7.237425764792717597e-01,7.572775220553705777e-01,8.165344374733198851e-01,8.439153484761905410e-01,8.426053678395017954e-01,9.999999999999974465e-01,7.625189735737374352e-01,7.300096915024587574e-01,6.812491228092922846e-01,6.969085931091928421e-01,7.076922400952094794e-01,7.696474136406301625e-01,8.091086184021663019e-01,8.459158865846054809e-01,7.973385830758125126e-01,7.789725548628970708e-01,7.136264818996875814e-01,6.882236104567771573e-01,6.280693054357560090e-01,6.547095104843305702e-01,6.548778638409524788e-01,7.260250366231160157e-01,7.585827245041006917e-01,7.992947620660860730e-01,8.019292850803092509e-01,7.625189735737374352e-01,9.999999999999974465e-01,6.596549889873035699e-01,6.556274087242119908e-01,6.255325811284445647e-01,6.810441034745030597e-01,7.054097801115040145e-01,7.716123982226867906e-01,7.951726779856551630e-01,7.534009370323542232e-01,7.141285933671852604e-01,6.882236103320209519e-01,6.087062611098461584e-01,6.120427704529637358e-01,5.720324421734511722e-01,6.354865950600144808e-01,6.529128792835958706e-01,7.243703328973790656e-01,7.448300963964650245e-01,7.476203700322449075e-01,7.300096915024587574e-01,6.596549889873035699e-01,9.999999999999974465e-01,5.733039598792167846e-01,6.071939399977742680e-01,6.017525699847625642e-01,6.797389010158580991e-01,7.070644836650714637e-01,7.509077918508808569e-01,7.154420504537180037e-01,6.997487813260802048e-01,6.280693054552596299e-01,6.120427705815885133e-01,5.403882421234540434e-01,5.795285268250631727e-01,5.674221807045746191e-01,6.494225357347970240e-01,6.736174856946626210e-01,7.194105062433457931e-01,7.212726745967352748e-01,6.812491228092922846e-01,6.556274087242119908e-01,5.733039598792167846e-01,9.999999999999974465e-01,5.364490444888949661e-01,6.032092246856293194e-01,6.189922454668310703e-01,6.934915290666371357e-01,7.120243104712606907e-01,7.183947749418537754e-01,6.787618818851544056e-01,6.547095103712814446e-01,5.720324421705563767e-01,5.795285267152249231e-01,5.347675862174492423e-01,6.031002150718772770e-01,6.159994842294114203e-01,6.911942764361895808e-01,7.090832270005316129e-01,7.130400416735220848e-01,6.969085931091928421e-01,6.255325811284445647e-01,6.071939399977742680e-01,5.364490444888949661e-01,9.999999999999974465e-01,5.631675678177565647e-01,6.451952881757887504e-01,6.706666374680252396e-01,7.170489509988043908e-01,7.414130323184047189e-01,7.237425765744114337e-01,6.548778638433014887e-01,6.354865951807400215e-01,5.674221806753755315e-01,6.031002151703976910e-01,5.939911927739894848e-01,6.737542518486392407e-01,6.992094739534314707e-01,7.448464323072157001e-01,7.457633956835116873e-01,7.076922400952094794e-01,6.810441034745030597e-01,6.017525699847625642e-01,6.032092246856293194e-01,5.631675678177565647e-01,9.999999999999974465e-01,6.432539620690487236e-01,7.171148816370152002e-01,7.370378847224541285e-01,7.927544263368060395e-01,7.572775220785811223e-01,7.260250365214044876e-01,6.529128793132576991e-01,6.494225356272265159e-01,6.159994842781122415e-01,6.737542517293964028e-01,6.954376570639860811e-01,7.645031961845574209e-01,7.852687618241012135e-01,7.898857032027186698e-01,7.696474136406301625e-01,7.054097801115040145e-01,6.797389010158580991e-01,6.189922454668310703e-01,6.451952881757887504e-01,6.432539620690487236e-01,9.999999999999974465e-01,7.461179466443035313e-01,7.914971645638019249e-01,8.399306331090623523e-01,8.165344375338622340e-01,7.585827244639856692e-01,7.243703329814323855e-01,6.736174856251078147e-01,6.911942765461145388e-01,6.992094739068749343e-01,7.645031962532312653e-01,8.003578778210238553e-01,8.406840360327656470e-01,8.413056252116108968e-01,8.091086184021663019e-01,7.716123982226867906e-01,7.070644836650714637e-01,6.934915290666371357e-01,6.706666374680252396e-01,7.171148816370152002e-01,7.461179466443035313e-01,9.999999999999974465e-01,8.324689757898504627e-01,8.693238911601517405e-01,8.439153486048693864e-01,7.992947620764894179e-01,7.448300965240219895e-01,7.194105062124990235e-01,7.090832271145708354e-01,7.448464322663823634e-01,7.852687619016792686e-01,8.406840361046181709e-01,8.686758967785973562e-01,8.731982799191787548e-01,8.459158865846054809e-01,7.951726779856551630e-01,7.509077918508808569e-01,7.120243104712606907e-01,7.170489509988043908e-01,7.370378847224541285e-01,7.914971645638019249e-01,8.324689757898504627e-01,9.999999999999974465e-01
9.999999999999895639e-01,6.980014416423652168e-01,6.849081762148798713e-01,6.355079716827607417e-01,6.683138112298109279e-01,6.734705776355248696e-01,7.376585627265817013e-01,7.668999002874657966e-01,7.934249209843260431e-01,7.940489516458771879e-01,7.499605361523876690e-01,7.263841043535401720e-01,6.588660796074281567e-01,6.645373977642708985e-01,6.409499777364999762e-01,6.965113543297379861e-01,7.212151995573206076e-01,7.750689316570159582e-01,7.938435287832574794e-01,7.790307649932468603e-01,6.980014416423652168e-01,9.999999999999895639e-01,6.048095387799627964e-01,6.243588928596177645e-01,5.896153770818908235e-01,6.583394354730405240e-01,6.717413560591156685e-01,7.339405414993421806e-01,7.486041883446318268e-01,7.388308049601470806e-01,7.263841044356101895e-01,6.530194410477210276e-01,6.485626984826278196e-01,5.840745518814046688e-01,6.308769759159025270e-01,6.227159046167457523e-01,6.982405758540943808e-01,7.191813728996240274e-01,7.501245716880491354e-01,7.496455465544969998e-01,6.849081762148798713e-01,6.048095387799627964e-01,9.999999999999895639e-01,5.350511959798380790e-01,5.911254645179766509e-01,5.766686563274827648e-01,6.603732619019515582e-01,6.750730353795875160e-01,7.096905835709379495e-01,7.095051915651581220e-01,6.588660795616743115e-01,6.485626983540984103e-01,5.623498046230129832e-01,5.903098656858835058e-01,5.430240436184171626e-01,6.213810626507283441e-01,6.264339259971947182e-01,6.949088965060341572e-01,7.059161966061936466e-01,6.968170283559254052e-01,6.355079716827607417e-01,6.243588928596177645e-01,5.350511959798380790e-01,9.999999999999895639e-01,5.153717290279874463e-01,5.979019317362372909e-01,6.016130162770303436e-01,6.736384384120119861e-01,6.821930270054796797e-01,6.741713489076379684e-01,6.645373979042792367e-01,5.840745519349184178e-01,5.903098658679041266e-01,5.125843460278493025e-01,5.738762087015096824e-01,5.513944534550846432e-01,6.396767747045897234e-01,6.506838838490562882e-01,6.877889050276227989e-01,6.864865169779602594e-01,6.683138112298109279e-01,5.896153770818908235e-01,5.911254645179766509e-01,5.153717290279874463e-01,9.999999999999895639e-01,5.532880255762020472e-01,6.420999136310492350e-01,6.549205595338384311e-01,6.930681178723718805e-01,6.903817361250527140e-01,6.409499776397704629e-01,6.308769757532650679e-01,5.430240435710169677e-01,5.738762084941856356e-01,5.227317790922435536e-01,6.055388252328928189e-01,6.059885694454740790e-01,6.787757712421600420e-01,6.862031185318860915e-01,6.796001956283985734e-01,6.734705776355248696e-01,6.583394354730405240e-01,5.766686563274827648e-01,5.979019317362372909e-01,5.532880255762020472e-01,9.999999999999895639e-01,6.343173489582843994e-01,7.068372842640641140e-01,7.162296164057223580e-01,7.112408237205436468e-01,6.965113545108666537e-01,6.227159046993862024e-01,6.213810628536611258e-01,5.513944534761849869e-01,6.055388254757700928e-01,5.889161292907025835e-01,6.732036727465766646e-01,6.859532949464165474e-01,7.237435652563473099e-01,7.194244898056206816e-01,7.376585627265817013e-01,6.717413560591156685e-01,6.603732619019515582e-01,6.016130162770303436e-01,6.420999136310492350e-01,6.343173489582843994e-01,9.999999999999895639e-01,7.275092517442629525e-01,7.673865674454840580e-01,7.621222107253907696e-01,7.212151994576774250e-01,6.982405756991550971e-01,6.264339259548313832e-01,6.396767744932865263e-01,6.059885694623636798e-01,6.732036724758333479e-01,6.858572242503093719e-01,7.510250784524510337e-01,7.607448224736063080e-01,7.574039870126018092e-01,7.668999002874657966e-01,7.339405414993421806e-01,6.750730353795875160e-01,6.736384384120119861e-01,6.549205595338384311e-01,7.068372842640641140e-01,7.275092517442629525e-01,9.999999999999895639e-01,7.972675946525598079e-01,8.006199957863694427e-01,7.750689317749938079e-01,7.191813729387757093e-01,6.949088966664895839e-01,6.506838838176582929e-01,6.787757714655392460e-01,6.859532948898080518e-01,7.510250786880443563e-01,7.765268607808712975e-01,8.092779113157287929e-01,8.017953308745432439e-01,7.934249209843260431e-01,7.486041883446318268e-01,7.096905835709379495e-01,6.821930270054796797e-01,6.930681178723718805e-01,7.162296164057223580e-01,7.673865674454840580e-01,7.972675946525598079e-01,9.999999999999895639e-01,8.169470614845106837e-01,7.938435287467336954e-01,7.501245715956821325e-01,7.059161966147041722e-01,6.877889048601618649e-01,6.862031185854063908e-01,7.237435650330812376e-01,7.607448225330990521e-01,8.092779111553005666e-01,8.262923193380058429e-01,8.257115683663140970e-01,7.940489516458771879e-01,7.388308049601470806e-01,7.095051915651581220e-01,6.741713489076379684e-01,6.903817361250527140e-01,7.112408237205436468e-01,7.621222107253907696e-01,8.006199957863694427e-01,8.169470614845106837e-01,9.999999999999895639e-01,7.790307650257652927e-01,7.496455465161850906e-01,6.968170284368970790e-01,6.864865169022497104e-01,6.796001957807613625e-01,7.194244897106691905e-01,7.574039871500530818e-01,8.017953308038976434e-01,8.257115684163287561e-01,8.161448862213372957e-01,7.499605361523876690e-01,7.263841044356101895e-01,6.588660795616743115e-01,6.645373979042792367e-01,6.409499776397704629e-01,6.965113545108666537e-01,7.212151994576774250e-01,7.750689317749938079e-01,7.938435287467336954e-01,7.790307650257652927e-01,9.999999999999895639e-01,6.980014415997815025e-01,6.849081762895671277e-01,6.355079715715945543e-01,6.683138113014663872e-01,6.734705774811686751e-01,7.376585628151759444e-01,7.668999002053985548e-01,7.934249210437089861e-01,7.940489516548361326e-01,7.263841043535401720e-01,6.530194410477210276e-01,6.485626983540984103e-01,5.840745519349184178e-01,6.308769757532650679e-01,6.227159046993862024e-01,6.982405756991550971e-01,7.191813729387757093e-01,7.501245715956821325e-01,7.496455465161850906e-01,6.980014415997815025e-01,9.999999999999895639e-01,6.048095387921977872e-01,6.243588927059086080e-01,5.896153771484680117e-01,6.583394353370264351e-01,6.717413561116694076e-01,7.339405413727106975e-01,7.486041883339252800e-01,7.388308049000789079e-01,6.588660796074281567e-01,6.485626984826278196e-01,5.623498046230129832e-01,5.903098658679041266e-01,5.430240435710169677e-01,6.213810628536611258e-01,6.264339259548313832e-01,6.949088966664895839e-01,7.059161966147041722e-01,6.968170284368970790e-01,6.849081762895671277e-01,6.048095387921977872e-01,9.999999999999895639e-01,5.350511959229444781e-01,5.911254646785997213e-01,5.766686562390243020e-01,6.603732620428102162e-01,6.750730353434610809e-01,7.096905836675637680e-01,7.095051916128067848e-01,6.645373977642708985e-01,5.840745518814046688e-01,5.903098656858835058e-01,5.125843460278493025e-01,5.738762084941856356e-01,5.513944534761849869e-01,6.396767744932865263e-01,6.506838838176582929e-01,6.877889048601618649e-01,6.864865169022497104e-01,6.355079715715945543e-01,6.243588927059086080e-01,5.350511959229444781e-01,9.999999999999895639e-01,5.153717290242064708e-01,5.979019314827497267e-01,6.016130162695823014e-01,6.736384382144083860e-01,6.821930269455541707e-01,6.741713487901445090e-01,6.409499777364999762e-01,6.308769759159025270e-01,5.430240436184171626e-01,5.738762087015096824e-01,5.227317790922435536e-01,6.055388254757700928e-01,6.059885694623636798e-01,6.787757714655392460e-01,6.862031185854063908e-01,6.796001957807613625e-01,6.683138113014663872e-01,5.896153771484680117e-01,5.911254646785997213e-01,5.153717290242064708e-01,9.999999999999895639e-01,5.532880255387055968e-01,6.420999138545763207e-01,6.549205595468977625e-01,6.930681180178077661e-01,6.903817362192130602e-01,6.965113543297379861e-01,6.227159046167457523e-01,6.213810626507283441e-01,5.513944534550846432e-01,6.055388252328928189e-01,5.889161292907025835e-01,6.732036724758333479e-01,6.859532948898080518e-01,7.237435650330812376e-01,7.194244897106691905e-01,6.734705774811686751e-01,6.583394353370264351e-01,5.766686562390243020e-01,5.979019314827497267e-01,5.532880255387055968e-01,9.999999999999895639e-01,6.343173489163708156e-01,7.068372840210614960e-01,7.162296162971478752e-01,7.112408235779726917e-01,7.212151995573206076e-01,6.982405758540943808e-01,6.264339259971947182e-01,6.396767747045897234e-01,6.059885694454740790e-01,6.732036727465766646e-01,6.858572242503093719e-01,7.510250786880443563e-01,7.607448225330990521e-01,7.574039871500530818e-01,7.376585628151759444e-01,6.717413561116694076e-01,6.603732620428102162e-01,6.016130162695823014e-01,6.420999138545763207e-01,6.343173489163708156e-01,9.999999999999895639e-01,7.275092517583550134e-01,7.673865676037386896e-01,7.621222108223693059e-01,7.750689316570159582e-01,7.191813728996240274e-01,6.949088965060341572e-01,6.506838838490562882e-01,6.787757712421600420e-01,6.859532949464165474e-01,7.510250784524510337e-01,7.765268607808712975e-01,8.092779111553005666e-01,8.017953308038976434e-01,7.668999002053985548e-01,7.339405413727106975e-01,6.750730353434610809e-01,6.736384382144083860e-01,6.549205595468977625e-01,7.068372840210614960e-01,7.275092517583550134e-01,9.999999999999895639e-01,7.972675945962991451e-01,8.006199956741866242e-01,7.938435287832574794e-01,7.501245716880491354e-01,7.059161966061936466e-01,6.877889050276227989e-01,6.862031185318860915e-01,7.237435652563473099e-01,7.607448224736063080e-01,8.092779113157287929e-01,8.262923193380058429e-01,8.257115684163287561e-01,7.934249210437089861e-01,7.486041883339252800e-01,7.096905836675637680e-01,6.821930269455541707e-01,6.930681180178077661e-01,7.162296162971478752e-01,7.673865676037386896e-01,7.972675945962991451e-01,9.999999999999895639e-01,8.169470615199457830e-01,7.790307649932468603e-01,7.496455465544969998e-01,6.968170283559254052e-01,6.864865169779602594e-01,6.796001956283985734e-01,7.194244898056206816e-01,7.574039870126018092e-01,8.017953308745432439e-01,8.257115683663140970e-01,8.161448862213372957e-01,7.940489516548361326e-01,7.388308049000789079e-01,7.095051916128067848e-01,6.741713487901445090e-01,6.903817362192130602e-01,7.112408235779726917e-01,7.621222108223693059e-01,8.006199956741866242e-01,8.169470615199457830e-01,9.999999999999895639e-01
9.999999999999894529e-01,5.327205258268499222e-01,5.806090531191346882e-01,5.277729349890596389e-01,6.203754778890389066e-01,6.177504725133499131e-01,6.894462564131634830e-01,6.967076139873801255e-01,6.798108583372609592e-01,6.747706377277817857e-01,5.842279622176591580e-01,6.020605238800368353e-01,5.177475794870565196e-01,5.916746576899207799e-01,5.652904452181607420e-01,6.585620510062152322e-01,6.669400357487557107e-01,6.986396711968312356e-01,6.972493939640102001e-01,6.286162814980906788e-01,5.327205258268499222e-01,9.999999999999894529e-01,4.658205372912337383e-01,5.539662573970114412e-01,5.193672246659832847e-01,6.232425450331049444e-01,6.239205214323234605e-01,6.595500709778123749e-01,6.597820056955081558e-01,5.937899488456076513e-01,6.020605237815273014e-01,4.928927239345801681e-01,5.513355907946861922e-01,4.807293506938516425e-01,5.865076098081428713e-01,5.729349513539259142e-01,6.523920019560104366e-01,6.557274903540952771e-01,6.385694001446335921e-01,6.353383411221616983e-01,5.806090531191346882e-01,4.658205372912337383e-01,9.999999999999894529e-01,4.534698377214011478e-01,5.655865966627612318e-01,5.512976793263875130e-01,6.344550903184197344e-01,6.355281394817468010e-01,6.188215330170943052e-01,6.196629864383103037e-01,5.177475794680896914e-01,5.513355908752004542e-01,4.484297650572796612e-01,5.419710390359051555e-01,4.968749677874284010e-01,6.061354795638820292e-01,6.028311368646203094e-01,6.407843840050317930e-01,6.404522782759553001e-01,5.733041144325249361e-01,5.277729349890596389e-01,5.539662573970114412e-01,4.534698377214011478e-01,9.999999999999894529e-01,5.003859744847390933e-01,6.110314961250099541e-01,6.113679503044847641e-01,6.497303025374364660e-01,6.481396107323982303e-01,5.828175597581812806e-01,5.916746576265047297e-01,4.807293507299791324e-01,5.419710389887036905e-01,4.678224245950975968e-01,5.775438088670331593e-01,5.600173536591699364e-01,6.430610877489952859e-01,6.435596747424554565e-01,6.281729127052676498e-01,6.269490109575097669e-01,6.203754778890389066e-01,5.193672246659832847e-01,5.655865966627612318e-01,5.003859744847390933e-01,9.999999999999894529e-01,5.886485780621379948e-01,6.729425487894886704e-01,6.766332360542558488e-01,6.632335697016745746e-01,6.569377821103791204e-01,5.652904451523012019e-01,5.865076098518010594e-01,4.968749677438462076e-01,5.775438088736377651e-01,5.436633657532295993e-01,6.444663113795345843e-01,6.460382631729063574e-01,6.831801070537321108e-01,6.795636480854375661e-01,6.193747413158590120e-01,6.177504725133499131e-01,6.232425450331049444e-01,5.512976793263875130e-01,6.110314961250099541e-01,5.886485780621379948e-01,9.999999999999894529e-01,6.845443337169789810e-01,7.276718369980450518e-01,7.221644155095543471e-01,6.698071029205528992e-01,6.585620509859478888e-01,5.729349514325646764e-01,6.061354795585558453e-01,5.600173537008106273e-01,6.444663114196239606e-01,6.469839267639020397e-01,7.171764252825378883e-01,7.220806325357589373e-01,7.111684358776910742e-01,6.970907626046320971e-01,6.894462564131634830e-01,6.239205214323234605e-01,6.344550903184197344e-01,6.113679503044847641e-01,6.729425487894886704e-01,6.845443337169789810e-01,9.999999999999894529e-01,7.514443222457153349e-01,7.543146325195638768e-01,7.305701257729209086e-01,6.669400356429117105e-01,6.523920019560247585e-01,6.028311367801784115e-01,6.430610877082976184e-01,6.460382631347439952e-01,7.171764251955925484e-01,7.383191650096235792e-01,7.679013581763378671e-01,7.590988612945752667e-01,7.163354835904121032e-01,6.967076139873801255e-01,6.595500709778123749e-01,6.355281394817468010e-01,6.497303025374364660e-01,6.766332360542558488e-01,7.276718369980450518e-01,7.514443222457153349e-01,9.999999999999894529e-01,7.637950218377789202e-01,7.426942934124114437e-01,6.986396711966254003e-01,6.557274904550988159e-01,6.407843840269825675e-01,6.435596748056759964e-01,6.831801071202679987e-01,7.220806325544573134e-01,7.679013582851128561e-01,7.827821239121295349e-01,7.772659101199516085e-01,7.429532442395003766e-01,6.798108583372609592e-01,6.597820056955081558e-01,6.188215330170943052e-01,6.481396107323982303e-01,6.632335697016745746e-01,7.221644155095543471e-01,7.543146325195638768e-01,7.637950218377789202e-01,9.999999999999894529e-01,7.168788850343633667e-01,6.972493938419734860e-01,6.385694001267943065e-01,6.404522781711270429e-01,6.281729126466295554e-01,6.795636480265363488e-01,7.111684357753873531e-01,7.590988612791630397e-01,7.772659099963556972e-01,7.633894643643526212e-01,7.416931401389436074e-01,6.747706377277817857e-01,5.937899488456076513e-01,6.196629864383103037e-01,5.828175597581812806e-01,6.569377821103791204e-01,6.698071029205528992e-01,7.305701257729209086e-01,7.426942934124114437e-01,7.168788850343633667e-01,9.999999999999894529e-01,6.286162814927318543e-01,6.353383412227829874e-01,5.733041144459137817e-01,6.269490110251716430e-01,6.193747413773480481e-01,6.970907626262379253e-01,7.163354836902553480e-01,7.429532442381232560e-01,7.416931402488470271e-01,6.875485231943502251e-01,5.842279622176591580e-01,6.020605237815273014e-01,5.177475794680896914e-01,5.916746576265047297e-01,5.652904451523012019e-01,6.585620509859478888e-01,6.669400356429117105e-01,6.986396711966254003e-01,6.972493938419734860e-01,6.286162814927318543e-01,9.999999999999894529e-01,5.327205258057045034e-01,5.806090530180139098e-01,5.277729349314376206e-01,6.203754778257121183e-01,6.177504724095002064e-01,6.894462563936595290e-01,6.967076138693217846e-01,6.798108583356450296e-01,6.747706376134401385e-01,6.020605238800368353e-01,4.928927239345801681e-01,5.513355908752004542e-01,4.807293507299791324e-01,5.865076098518010594e-01,5.729349514325646764e-01,6.523920019560247585e-01,6.557274904550988159e-01,6.385694001267943065e-01,6.353383412227829874e-01,5.327205258057045034e-01,9.999999999999894529e-01,4.658205372919609344e-01,5.539662574456091226e-01,5.193672247097042005e-01,6.232425450437051317e-01,6.239205215145211536e-01,6.595500709629893432e-01,6.597820057946901517e-01,5.937899488342208709e-01,5.177475794870565196e-01,5.513355907946861922e-01,4.484297650572796612e-01,5.419710389887036905e-01,4.968749677438462076e-01,6.061354795585558453e-01,6.028311367801784115e-01,6.407843840269825675e-01,6.404522781711270429e-01,5.733041144459137817e-01,5.806090530180139098e-01,4.658205372919609344e-01,9.999999999999894529e-01,4.534698376797398067e-01,5.655865966261880429e-01,5.512976792441174334e-01,6.344550903197174740e-01,6.355281393807502566e-01,6.188215330334440045e-01,6.196629863422854489e-01,5.916746576899207799e-01,4.807293506938516425e-01,5.419710390359051555e-01,4.678224245950975968e-01,5.775438088736377651e-01,5.600173537008106273e-01,6.430610877082976184e-01,6.435596748056759964e-01,6.281729126466295554e-01,6.269490110251716430e-01,5.277729349314376206e-01,5.539662574456091226e-01,4.534698376797398067e-01,9.999999999999894529e-01,5.003859744929735065e-01,6.110314960916484184e-01,6.113679503500571988e-01,6.497303024837740582e-01,6.481396107961926445e-01,5.828175597084244153e-01,5.652904452181607420e-01,5.865076098081428713e-01,4.968749677874284010e-01,5.775438088670331593e-01,5.436633657532295993e-01,6.444663114196239606e-01,6.460382631347439952e-01,6.831801071202679987e-01,6.795636480265363488e-01,6.193747413773480481e-01,6.203754778257121183e-01,5.193672247097042005e-01,5.655865966261880429e-01,5.003859744929735065e-01,9.999999999999894529e-01,5.886485780212853403e-01,6.729425488398406152e-01,6.766332359980079536e-01,6.632335697642177674e-01,6.569377820556243641e-01,6.585620510062152322e-01,5.729349513539259142e-01,6.061354795638820292e-01,5.600173536591699364e-01,6.444663113795345843e-01,6.469839267639020397e-01,7.171764251955925484e-01,7.220806325544573134e-01,7.111684357753873531e-01,6.970907626262379253e-01,6.177504724095002064e-01,6.232425450437051317e-01,5.512976792441174334e-01,6.110314960916484184e-01,5.886485780212853403e-01,9.999999999999894529e-01,6.845443337223378055e-01,7.276718368974324225e-01,7.221644155259633324e-01,6.698071028268905991e-01,6.669400357487557107e-01,6.523920019560104366e-01,6.028311368646203094e-01,6.430610877489952859e-01,6.460382631729063574e-01,7.171764252825378883e-01,7.383191650096235792e-01,7.679013582851128561e-01,7.590988612791630397e-01,7.163354836902553480e-01,6.894462563936595290e-01,6.239205215145211536e-01,6.344550903197174740e-01,6.113679503500571988e-01,6.729425488398406152e-01,6.845443337223378055e-01,9.999999999999894529e-01,7.514443222286931734e-01,7.543146326273638680e-01,7.305701257620640376e-01,6.986396711968312356e-01,6.557274903540952771e-01,6.407843840050317930e-01,6.435596747424554565e-01,6.831801070537321108e-01,7.220806325357589373e-01,7.679013581763378671e-01,7.827821239121295349e-01,7.772659099963556972e-01,7.429532442381232560e-01,6.967076138693217846e-01,6.595500709629893432e-01,6.355281393807502566e-01,6.497303024837740582e-01,6.766332359980079536e-01,7.276718368974324225e-01,7.514443222286931734e-01,9.999999999999894529e-01,7.637950218363440680e-01,7.426942932945251874e-01,6.972493939640102001e-01,6.385694001446335921e-01,6.404522782759553001e-01,6.281729127052676498e-01,6.795636480854375661e-01,7.111684358776910742e-01,7.590988612945752667e-01,7.772659101199516085e-01,7.633894643643526212e-01,7.416931402488470271e-01,6.798108583356450296e-01,6.597820057946901517e-01,6.188215330334440045e-01,6.481396107961926445e-01,6.632335697642177674e-01,7.221644155259633324e-01,7.543146326273638680e-01,7.637950218363440680e-01,9.999999999999894529e-01,7.168788850392737722e-01,6.286162814980906788e-01,6.353383411221616983e-01,5.733041144325249361e-01,6.269490109575097669e-01,6.193747413158590120e-01,6.970907626046320971e-01,7.163354835904121032e-01,7.429532442395003766e-01,7.416931401389436074e-01,6.875485231943502251e-01,6.747706376134401385e-01,5.937899488342208709e-01,6.196629863422854489e-01,5.828175597084244153e-01,6.569377820556243641e-01,6.698071028268905991e-01,7.305701257620640376e-01,7.426942932945251874e-01,7.168788850392737722e-01,9.999999999999894529e-01
