1.000000000000005773e+00,5.985074351234158894e-04,4.196826903731558644e-01,9.496145630868250975e-02,3.983434476964643478e-01,2.230606322129646268e-01,3.424266888674650788e-01,3.447585890504871187e-01,2.194733093801646828e-01,3.990665255924250032e-01,9.279719081742010545e-02,4.066724973495609574e-01,6.169078458681548360e-02,4.052769510233408257e-01,1.532542687002702575e-01,3.780151076444567826e-01,2.929715267469539253e-01,2.784047674809393413e-01,4.051027112466030200e-01,6.750205506686676737e-02,5.985074351234158894e-04,1.000000000000005773e+00,-2.406365019171647149e-02,4.195419166136351574e-01,1.232382751286914546e-01,3.726912825278608787e-01,2.719780115647144614e-01,2.690403941713584990e-01,3.736399311248989052e-01,1.213764395719667266e-01,4.066724980939392387e-01,2.722612331941889896e-02,4.094762311698721957e-01,6.321423742203860496e-02,3.959483661547406053e-01,1.993071665523533098e-01,3.290977294927686647e-01,3.338488123600465984e-01,1.908596203685762327e-01,4.141674078107987489e-01,4.196826903731558644e-01,-2.406365019171647149e-02,1.000000000000005773e+00,2.935687206302324808e-03,4.137988505074883805e-01,1.948201860598000601e-01,3.318139944354921989e-01,3.318042856318004219e-01,1.963517702901662609e-01,3.967558878441660997e-01,6.169078395572050177e-02,4.094762298090034447e-01,2.889979867194851504e-02,4.064067933961050816e-01,1.253648924760350780e-01,3.723333310162935117e-01,2.726934639138978156e-01,2.692714561717879374e-01,3.743374810387365414e-01,1.207905121812457294e-01,9.496145630868250975e-02,4.195419166136351574e-01,2.935687206302324808e-03,1.000000000000005773e+00,7.128368954669155044e-02,4.046471552934420846e-01,2.823653318817306301e-01,2.913253272729526278e-01,3.796878522847283999e-01,1.521254076417735690e-01,4.052769523724623069e-01,6.321423911956897124e-02,4.064067945934684567e-01,9.717893235984390032e-02,3.986366099441818189e-01,2.244033078106736356e-01,3.434519908774739116e-01,3.453820867721609789e-01,2.213878883097878669e-01,3.989722421845862121e-01,3.983434476964643478e-01,1.232382751286914546e-01,4.137988505074883805e-01,7.128368954669155044e-02,1.000000000000005773e+00,1.548737433988928436e-01,3.955824590342320035e-01,3.524344402134825249e-01,2.666905666450033463e-01,3.973388148025702726e-01,1.532542669674706037e-01,3.959483643910406414e-01,1.253648913823369737e-01,3.986366077991774781e-01,2.059832158116599587e-01,3.891336201015100915e-01,3.225001794334900196e-01,3.203360338497324156e-01,3.896084492092144469e-01,2.037369260262101578e-01,2.230606322129646268e-01,3.726912825278608787e-01,1.948201860598000601e-01,4.046471552934420846e-01,1.548737433988928436e-01,1.000000000000005773e+00,2.217772903394727435e-01,3.900671756831432524e-01,3.782634969042271145e-01,2.673193603779742133e-01,3.780151088504645762e-01,1.993071682859835214e-01,3.723333315361155860e-01,2.244033078181709440e-01,3.891336226854584801e-01,3.137531073728335729e-01,3.815276507558376107e-01,3.821858344384236883e-01,3.118149686034727419e-01,3.884795906630970075e-01,3.424266888674650788e-01,2.719780115647144614e-01,3.318139944354921989e-01,2.823653318817306301e-01,3.955824590342320035e-01,2.217772903394727435e-01,1.000000000000005773e+00,2.464394472523150359e-01,3.902079508362920057e-01,3.499866768403395723e-01,2.929715268366386294e-01,3.290977294077005455e-01,2.726934645559441206e-01,3.434519897503647834e-01,3.225001811249241790e-01,3.815276488212447914e-01,3.793241769249760531e-01,3.787239183165783118e-01,3.806623790235269533e-01,3.211435576824962501e-01,3.447585890504871187e-01,2.690403941713584990e-01,3.318042856318004219e-01,2.913253272729526278e-01,3.524344402134825249e-01,3.900671756831432524e-01,2.464394472523150359e-01,1.000000000000005773e+00,2.194401103095881267e-01,3.959510146199505254e-01,2.784047659483570580e-01,3.338488119473270177e-01,2.692714550165434817e-01,3.453820846814055212e-01,3.203360344530062909e-01,3.821858323884776976e-01,3.787239176497049775e-01,3.776505012584129850e-01,3.817933526085983131e-01,3.185117280147695684e-01,2.194733093801646828e-01,3.736399311248989052e-01,1.963517702901662609e-01,3.796878522847283999e-01,2.666905666450033463e-01,3.782634969042271145e-01,3.902079508362920057e-01,2.194401103095881267e-01,1.000000000000005773e+00,1.510921078329870437e-01,4.051027133896052401e-01,1.908596211739748694e-01,3.743374827242682557e-01,2.213878876350240388e-01,3.896084521374598708e-01,3.118149678484517517e-01,3.806623805514264824e-01,3.817933541815204945e-01,3.093713655317293920e-01,3.895635403812592878e-01,3.990665255924250032e-01,1.213764395719667266e-01,3.967558878441660997e-01,1.521254076417735690e-01,3.973388148025702726e-01,2.673193603779742133e-01,3.499866768403395723e-01,3.959510146199505254e-01,1.510921078329870437e-01,1.000000000000005773e+00,6.750205330086073152e-02,4.141674064400372446e-01,1.207905115331198154e-01,3.989722399967694511e-01,2.037369265082316638e-01,3.884795883607257139e-01,3.211435565326137831e-01,3.185117277268987857e-01,3.895635383719231459e-01,2.005670860556389434e-01,9.279719081742010545e-02,4.066724980939392387e-01,6.169078395572050177e-02,4.052769523724623069e-01,1.532542669674706037e-01,3.780151088504645762e-01,2.929715268366386294e-01,2.784047659483570580e-01,4.051027133896052401e-01,6.750205330086073152e-02,1.000000000000005773e+00,5.985076683367401926e-04,4.196826913361689781e-01,9.496145446255246925e-02,3.983434496122245094e-01,2.230606304344195101e-01,3.424266897147593136e-01,3.447585892179980127e-01,2.194733086624066631e-01,3.990665266116701915e-01,4.066724973495609574e-01,2.722612331941889896e-02,4.094762298090034447e-01,6.321423911956897124e-02,3.959483643910406414e-01,1.993071682859835214e-01,3.290977294077005455e-01,3.338488119473270177e-01,1.908596211739748694e-01,4.141674064400372446e-01,5.985076683367401926e-04,1.000000000000005773e+00,-2.406364960693208738e-02,4.195419158216195932e-01,1.232382766775450972e-01,3.726912808676456912e-01,2.719780122317794202e-01,2.690403949133760020e-01,3.736399303345532830e-01,1.213764405231854693e-01,6.169078458681548360e-02,4.094762311698721957e-01,2.889979867194851504e-02,4.064067945934684567e-01,1.253648913823369737e-01,3.723333315361155860e-01,2.726934645559441206e-01,2.692714550165434817e-01,3.743374827242682557e-01,1.207905115331198154e-01,4.196826913361689781e-01,-2.406364960693208738e-02,1.000000000000005773e+00,2.935685602976194526e-03,4.137988524473210639e-01,1.948201845876756377e-01,3.318139958416613799e-01,3.318042855390619383e-01,1.963517699779238901e-01,3.967558892191981323e-01,4.052769510233408257e-01,6.321423742203860496e-02,4.064067933961050816e-01,9.717893235984390032e-02,3.986366077991774781e-01,2.244033078181709440e-01,3.434519897503647834e-01,3.453820846814055212e-01,2.213878876350240388e-01,3.989722399967694511e-01,9.496145446255246925e-02,4.195419158216195932e-01,2.935685602976194526e-03,1.000000000000005773e+00,7.128369028455128209e-02,4.046471520710899217e-01,2.823653312802370530e-01,2.913253265159247429e-01,3.796878503821508599e-01,1.521254069938654530e-01,1.532542687002702575e-01,3.959483661547406053e-01,1.253648924760350780e-01,3.986366099441818189e-01,2.059832158116599587e-01,3.891336226854584801e-01,3.225001811249241790e-01,3.203360344530062909e-01,3.896084521374598708e-01,2.037369265082316638e-01,3.983434496122245094e-01,1.232382766775450972e-01,4.137988524473210639e-01,7.128369028455128209e-02,1.000000000000005773e+00,1.548737437098573477e-01,3.955824613261617051e-01,3.524344423623061440e-01,2.666905673938654298e-01,3.973388178922608871e-01,3.780151076444567826e-01,1.993071665523533098e-01,3.723333310162935117e-01,2.244033078106736356e-01,3.891336201015100915e-01,3.137531073728335729e-01,3.815276488212447914e-01,3.821858323884776976e-01,3.118149678484517517e-01,3.884795883607257139e-01,2.230606304344195101e-01,3.726912808676456912e-01,1.948201845876756377e-01,4.046471520710899217e-01,1.548737437098573477e-01,1.000000000000005773e+00,2.217772883082496371e-01,3.900671750519930092e-01,3.782634941447735044e-01,2.673193597231491303e-01,2.929715267469539253e-01,3.290977294927686647e-01,2.726934639138978156e-01,3.434519908774739116e-01,3.225001794334900196e-01,3.815276507558376107e-01,3.793241769249760531e-01,3.787239176497049775e-01,3.806623805514264824e-01,3.211435565326137831e-01,3.424266897147593136e-01,2.719780122317794202e-01,3.318139958416613799e-01,2.823653312802370530e-01,3.955824613261617051e-01,2.217772883082496371e-01,1.000000000000005773e+00,2.464394489984220726e-01,3.902079500878436469e-01,3.499866783340943588e-01,2.784047674809393413e-01,3.338488123600465984e-01,2.692714561717879374e-01,3.453820867721609789e-01,3.203360338497324156e-01,3.821858344384236883e-01,3.787239183165783118e-01,3.776505012584129850e-01,3.817933541815204945e-01,3.185117277268987857e-01,3.447585892179980127e-01,2.690403949133760020e-01,3.318042855390619383e-01,2.913253265159247429e-01,3.524344423623061440e-01,3.900671750519930092e-01,2.464394489984220726e-01,1.000000000000005773e+00,2.194401098349172685e-01,3.959510164147944655e-01,4.051027112466030200e-01,1.908596203685762327e-01,3.743374810387365414e-01,2.213878883097878669e-01,3.896084492092144469e-01,3.118149686034727419e-01,3.806623790235269533e-01,3.817933526085983131e-01,3.093713655317293920e-01,3.895635383719231459e-01,2.194733086624066631e-01,3.736399303345532830e-01,1.963517699779238901e-01,3.796878503821508599e-01,2.666905673938654298e-01,3.782634941447735044e-01,3.902079500878436469e-01,2.194401098349172685e-01,1.000000000000005773e+00,1.510921080409939332e-01,6.750205506686676737e-02,4.141674078107987489e-01,1.207905121812457294e-01,3.989722421845862121e-01,2.037369260262101578e-01,3.884795906630970075e-01,3.211435576824962501e-01,3.185117280147695684e-01,3.895635403812592878e-01,2.005670860556389434e-01,3.990665266116701915e-01,1.213764405231854693e-01,3.967558892191981323e-01,1.521254069938654530e-01,3.973388178922608871e-01,2.673193597231491303e-01,3.499866783340943588e-01,3.959510164147944655e-01,1.510921080409939332e-01,1.000000000000005773e+00
1.000000000000005995e+00,-8.947243361084177005e-03,4.193165201494372663e-01,8.615227842498779376e-02,3.957698208930070516e-01,2.147517071352288143e-01,3.379706346681971563e-01,3.387326064523572544e-01,2.135996427903388839e-01,3.960482970200833730e-01,8.572193599114780183e-02,4.053524457738814091e-01,5.339903943953688836e-02,4.034507440178118354e-01,1.445422984803478306e-01,3.742928683611432827e-01,2.858974556689671820e-01,2.723678208395444722e-01,4.022623415386269996e-01,5.824342515585430313e-02,-8.947243361084177005e-03,1.000000000000005995e+00,-3.437603193660658529e-02,4.192732185393642785e-01,1.137245859974658491e-01,3.696193591327471273e-01,2.643325416886205259e-01,2.637840541568418073e-01,3.693751056972406355e-01,1.144348580175174046e-01,4.053524453735111721e-01,1.879173306783819136e-02,4.088736673387718401e-01,5.380579266043174214e-02,3.938681479140414554e-01,1.905797158406066782e-01,3.247120348319759153e-01,3.280373766879711717e-01,1.841991891096263489e-01,4.128189433095658112e-01,4.193165201494372663e-01,-3.437603193660658529e-02,1.000000000000005995e+00,-8.330009232242054779e-03,4.127055798681240617e-01,1.852564184625627997e-01,3.274794381608444049e-01,3.254448322194549714e-01,1.897850666587141966e-01,3.940952349772820495e-01,5.339903899308076629e-02,4.088736672958678819e-01,1.923776924370757674e-02,4.052669750553676842e-01,1.154997561883734092e-01,3.690076720868719073e-01,2.647662964876443814e-01,2.635997452295258392e-01,3.700707415839213921e-01,1.130711825909530149e-01,8.615227842498779376e-02,4.192732185393642785e-01,-8.330009232242054779e-03,1.000000000000005995e+00,5.924213028423036542e-02,4.021222164226930795e-01,2.734250496151893195e-01,2.854460729632447569e-01,3.747457613615571281e-01,1.442387680712906850e-01,4.034507436370879940e-01,5.380579373813857563e-02,4.052669747189171501e-01,8.688967206572412172e-02,3.959100027826831791e-01,2.149159267573123866e-01,3.383651729270223951e-01,3.387652839740558086e-01,2.142988138535865117e-01,3.959422327405132114e-01,3.957698208930070516e-01,1.137245859974658491e-01,4.127055798681240617e-01,5.924213028423036542e-02,1.000000000000005995e+00,1.425301246897361651e-01,3.915656163536310186e-01,3.445530570172244400e-01,2.595745830766141293e-01,3.934040517837530393e-01,1.445422978083361065e-01,3.938681478325711804e-01,1.154997561278756357e-01,3.959100024091304348e-01,1.959067191900450422e-01,3.843767952102593588e-01,3.140807131654365092e-01,3.136450452952734835e-01,3.843115827129379158e-01,1.956405259140417130e-01,2.147517071352288143e-01,3.696193591327471273e-01,1.852564184625627997e-01,4.021222164226930795e-01,1.425301246897361651e-01,1.000000000000005995e+00,2.097207923245019145e-01,3.850680376496077306e-01,3.714719596071598406e-01,2.597469944599465896e-01,3.742928679138903814e-01,1.905797167501681044e-01,3.690076711963077294e-01,2.149159263983635715e-01,3.843767955846869033e-01,3.046480954579731115e-01,3.750726468733088792e-01,3.751165305311068843e-01,3.042895339163637081e-01,3.840080527105316777e-01,3.379706346681971563e-01,2.643325416886205259e-01,3.274794381608444049e-01,2.734250496151893195e-01,3.915656163536310186e-01,2.097207923245019145e-01,1.000000000000005995e+00,2.351495814924485228e-01,3.851113405737892625e-01,3.438996537970960832e-01,2.858974555190616496e-01,3.247120355023748739e-01,2.647662970863933207e-01,3.383651730452545969e-01,3.140807141008668535e-01,3.750726467415778087e-01,3.715783010476265691e-01,3.715514263427794894e-01,3.747097769524509459e-01,3.138721323984975942e-01,3.387326064523572544e-01,2.637840541568418073e-01,3.254448322194549714e-01,2.854460729632447569e-01,3.445530570172244400e-01,3.850680376496077306e-01,2.351495814924485228e-01,1.000000000000005995e+00,2.091035575395952528e-01,3.916789790301552499e-01,2.723678189993135046e-01,3.280373774691006661e-01,2.635997436800925353e-01,3.387652830670607740e-01,3.136450445038007628e-01,3.751165298879463594e-01,3.715514253177196746e-01,3.711322639038369120e-01,3.751581171731535047e-01,3.130158150036603248e-01,2.135996427903388839e-01,3.693751056972406355e-01,1.897850666587141966e-01,3.747457613615571281e-01,2.595745830766141293e-01,3.714719596071598406e-01,3.851113405737892625e-01,2.091035575395952528e-01,1.000000000000005995e+00,1.415314194661951852e-01,4.022623415397046376e-01,1.841991896989704780e-01,3.700707417010788425e-01,2.142988136190517867e-01,3.843115839060232686e-01,3.042895337515033050e-01,3.747097772480145750e-01,3.751581176052268818e-01,3.034803596480029064e-01,3.845150905970241562e-01,3.960482970200833730e-01,1.144348580175174046e-01,3.940952349772820495e-01,1.442387680712906850e-01,3.934040517837530393e-01,2.597469944599465896e-01,3.438996537970960832e-01,3.916789790301552499e-01,1.415314194661951852e-01,1.000000000000005995e+00,5.824342350582119299e-02,4.128189444124454877e-01,1.130711819363905690e-01,3.959422324603037446e-01,1.956405254559051843e-01,3.840080523649652133e-01,3.138721314884201918e-01,3.130158154347433275e-01,3.845150902752593747e-01,1.944633160088770907e-01,8.572193599114780183e-02,4.053524453735111721e-01,5.339903899308076629e-02,4.034507436370879940e-01,1.445422978083361065e-01,3.742928679138903814e-01,2.858974555190616496e-01,2.723678189993135046e-01,4.022623415397046376e-01,5.824342350582119299e-02,1.000000000000005995e+00,-8.947243312553155789e-03,4.193165188821645351e-01,8.615227721474642830e-02,3.957698207772488708e-01,2.147517061677611805e-01,3.379706339315839969e-01,3.387326059247507959e-01,2.135996418370317285e-01,3.960482966059560850e-01,4.053524457738814091e-01,1.879173306783819136e-02,4.088736672958678819e-01,5.380579373813857563e-02,3.938681478325711804e-01,1.905797167501681044e-01,3.247120355023748739e-01,3.280373774691006661e-01,1.841991896989704780e-01,4.128189444124454877e-01,-8.947243312553155789e-03,1.000000000000005995e+00,-3.437603133965835139e-02,4.192732195409060170e-01,1.137245863396117301e-01,3.696193595214833372e-01,2.643325419580088154e-01,2.637840556887895982e-01,3.693751060127347108e-01,1.144348590812971911e-01,5.339903943953688836e-02,4.088736673387718401e-01,1.923776924370757674e-02,4.052669747189171501e-01,1.154997561278756357e-01,3.690076711963077294e-01,2.647662970863933207e-01,2.635997436800925353e-01,3.700707417010788425e-01,1.130711819363905690e-01,4.193165188821645351e-01,-3.437603133965835139e-02,1.000000000000005995e+00,-8.330010353307291948e-03,4.127055801517716671e-01,1.852564178488383395e-01,3.274794382302911311e-01,3.254448315161117544e-01,1.897850661911142378e-01,3.940952348220887469e-01,4.034507440178118354e-01,5.380579266043174214e-02,4.052669750553676842e-01,8.688967206572412172e-02,3.959100024091304348e-01,2.149159263983635715e-01,3.383651730452545969e-01,3.387652830670607740e-01,2.142988136190517867e-01,3.959422324603037446e-01,8.615227721474642830e-02,4.192732195409060170e-01,-8.330010353307291948e-03,1.000000000000005995e+00,5.924213036507385705e-02,4.021222150577553056e-01,2.734250493533935122e-01,2.854460729304808542e-01,3.747457614052646102e-01,1.442387679154592817e-01,1.445422984803478306e-01,3.938681479140414554e-01,1.154997561883734092e-01,3.959100027826831791e-01,1.959067191900450422e-01,3.843767955846869033e-01,3.140807141008668535e-01,3.136450445038007628e-01,3.843115839060232686e-01,1.956405254559051843e-01,3.957698207772488708e-01,1.137245863396117301e-01,4.127055801517716671e-01,5.924213036507385705e-02,1.000000000000005995e+00,1.425301247708229968e-01,3.915656170170588313e-01,3.445530573010733288e-01,2.595745829573622987e-01,3.934040525512199071e-01,3.742928683611432827e-01,1.905797158406066782e-01,3.690076720868719073e-01,2.149159267573123866e-01,3.843767952102593588e-01,3.046480954579731115e-01,3.750726467415778087e-01,3.751165298879463594e-01,3.042895337515033050e-01,3.840080523649652133e-01,2.147517061677611805e-01,3.696193595214833372e-01,1.852564178488383395e-01,4.021222150577553056e-01,1.425301247708229968e-01,1.000000000000005995e+00,2.097207914989800692e-01,3.850680380510720369e-01,3.714719591653167230e-01,2.597469945258283341e-01,2.858974556689671820e-01,3.247120348319759153e-01,2.647662964876443814e-01,3.383651729270223951e-01,3.140807131654365092e-01,3.750726468733088792e-01,3.715783010476265691e-01,3.715514253177196746e-01,3.747097772480145750e-01,3.138721314884201918e-01,3.379706339315839969e-01,2.643325419580088154e-01,3.274794382302911311e-01,2.734250493533935122e-01,3.915656170170588313e-01,2.097207914989800692e-01,1.000000000000005995e+00,2.351495818589736941e-01,3.851113398194387361e-01,3.438996539988028456e-01,2.723678208395444722e-01,3.280373766879711717e-01,2.635997452295258392e-01,3.387652839740558086e-01,3.136450452952734835e-01,3.751165305311068843e-01,3.715514263427794894e-01,3.711322639038369120e-01,3.751581176052268818e-01,3.130158154347433275e-01,3.387326059247507959e-01,2.637840556887895982e-01,3.254448315161117544e-01,2.854460729304808542e-01,3.445530573010733288e-01,3.850680380510720369e-01,2.351495818589736941e-01,1.000000000000005995e+00,2.091035580518620096e-01,3.916789795286351183e-01,4.022623415386269996e-01,1.841991891096263489e-01,3.700707415839213921e-01,2.142988138535865117e-01,3.843115827129379158e-01,3.042895339163637081e-01,3.747097769524509459e-01,3.751581171731535047e-01,3.034803596480029064e-01,3.845150902752593747e-01,2.135996418370317285e-01,3.693751060127347108e-01,1.897850661911142378e-01,3.747457614052646102e-01,2.595745829573622987e-01,3.714719591653167230e-01,3.851113398194387361e-01,2.091035580518620096e-01,1.000000000000005995e+00,1.415314194203019793e-01,5.824342515585430313e-02,4.128189433095658112e-01,1.130711825909530149e-01,3.959422327405132114e-01,1.956405259140417130e-01,3.840080527105316777e-01,3.138721323984975942e-01,3.130158150036603248e-01,3.845150905970241562e-01,1.944633160088770907e-01,3.960482966059560850e-01,1.144348590812971911e-01,3.940952348220887469e-01,1.442387679154592817e-01,3.934040525512199071e-01,2.597469945258283341e-01,3.438996539988028456e-01,3.916789795286351183e-01,1.415314194203019793e-01,1.000000000000005995e+00
1.000000000000011102e+00,1.975381417585627408e-01,3.801985054269343967e-01,3.646295500802399503e-01,2.521663647722931501e-01,3.706568893471035020e-01,1.817469387461142505e-01,3.658227368144048586e-01,2.052888788871838899e-01,3.797469636363310919e-01,2.954325754832127782e-01,3.686905325225835472e-01,3.680182826366036331e-01,2.967631240557844219e-01,3.796031229789962325e-01,2.063647949173494922e-01,3.666856097093599276e-01,1.755450122992366913e-01,3.997765194668320143e-01,1.300451921272209321e-01,1.975381417585627408e-01,1.000000000000011102e+00,2.237641836162727604e-01,3.801048779516178477e-01,3.378147650282372072e-01,2.787823386759383237e-01,3.204307057246753576e-01,2.567365289093447855e-01,3.333915290745597670e-01,3.055639520363416795e-01,3.686905223406258258e-01,3.637913367795094777e-01,3.643942786758153085e-01,3.687964451382129139e-01,3.065567289244886529e-01,3.336183920993744945e-01,2.565909902621957839e-01,3.232815948421760011e-01,2.643413344501006623e-01,3.877123949619384335e-01,3.801985054269343967e-01,2.237641836162727604e-01,1.000000000000011102e+00,1.987058538974958433e-01,3.874672988337531931e-01,2.663631687796459424e-01,3.221863505348544487e-01,2.580122182338344672e-01,3.320875121096056870e-01,3.070131138865062059e-01,3.680182813232324435e-01,3.643942866916199952e-01,3.646430663140620698e-01,3.684992393514011644e-01,3.076012128206558338e-01,3.326530934469708045e-01,2.586288119582850764e-01,3.190094737316394591e-01,2.796684212498117272e-01,3.365651996500023668e-01,3.646295500802399503e-01,3.801048779516178477e-01,1.987058538974958433e-01,1.000000000000011102e+00,1.319345930536727496e-01,3.994735502875492172e-01,1.775668509935533490e-01,3.657995282286876648e-01,2.072431603487777108e-01,3.790183742778842069e-01,2.967631165494620249e-01,3.687964466078446080e-01,3.684992348781581661e-01,2.976624370606604786e-01,3.794374453417283521e-01,2.078070656318769527e-01,3.650842996336102209e-01,1.832778142613480932e-01,3.697785224187086772e-01,2.525048063163241596e-01,2.521663647722931501e-01,3.378147650282372072e-01,3.874672988337531931e-01,1.319345930536727496e-01,1.000000000000011102e+00,4.895475058056012602e-02,4.115376724995589708e-01,1.053429896174660763e-01,3.929631304748186782e-01,1.875156134831271748e-01,3.796031203382999597e-01,3.065567331025783049e-01,3.076012116366959037e-01,3.794374457042024584e-01,1.884337898775635955e-01,3.930308769039583816e-01,1.075320136680168320e-01,3.914627184945710381e-01,1.363469640140767547e-01,3.895060807616816945e-01,3.706568893471035020e-01,2.787823386759383237e-01,2.663631687796459424e-01,3.994735502875492172e-01,4.895475058056012602e-02,1.000000000000011102e+00,-1.853819570149375928e-02,4.190515642682028363e-01,7.727862996039058796e-02,3.933015812151824386e-01,2.063647917975232060e-01,3.336183961636343120e-01,3.326530927491295753e-01,2.078070684827475201e-01,3.930308792352900094e-01,7.867872790874000377e-02,4.040873102980157006e-01,4.507766936220879150e-02,4.017127018815991324e-01,1.357622072205443564e-01,1.817469387461142505e-01,3.204307057246753576e-01,3.221863505348544487e-01,1.775668509935533490e-01,4.115376724995589708e-01,-1.853819570149375928e-02,1.000000000000011102e+00,-4.476422956612424731e-02,4.191451854566536905e-01,1.040934278061078355e-01,3.666856042435694407e-01,2.565909906561371079e-01,2.586288067826554293e-01,3.650842984104978872e-01,1.075320093059112248e-01,4.040873079601812190e-01,1.031999201707906044e-02,4.083835547227071539e-01,4.429951630449679989e-02,3.919191004046010951e-01,3.658227368144048586e-01,2.567365289093447855e-01,2.580122182338344672e-01,3.657995282286876648e-01,1.053429896174660763e-01,4.190515642682028363e-01,-4.476422956612424731e-02,1.000000000000011102e+00,-1.970591156336595762e-02,4.117827771624086308e-01,1.755450107338376031e-01,3.232816024586459003e-01,3.190094733457071730e-01,1.832778201110640270e-01,3.914627198719796697e-01,4.507767142009930228e-02,4.083835566663323036e-01,9.468248464911177553e-03,4.042786000349855025e-01,1.054947423425439401e-01,2.052888788871838899e-01,3.333915290745597670e-01,3.320875121096056870e-01,2.072431603487777108e-01,3.929631304748186782e-01,7.727862996039058796e-02,4.191451854566536905e-01,-1.970591156336595762e-02,1.000000000000011102e+00,4.706535225984707221e-02,3.997765108405895162e-01,2.643413344730702885e-01,2.796684126572586693e-01,3.697785221410070378e-01,1.363469575337507567e-01,4.017127005031424503e-01,4.429951477993061826e-02,4.042785969211594166e-01,7.644887245855733204e-02,3.933403902388230011e-01,3.797469636363310919e-01,3.055639520363416795e-01,3.070131138865062059e-01,3.790183742778842069e-01,1.875156134831271748e-01,3.933015812151824386e-01,1.040934278061078355e-01,4.117827771624086308e-01,4.706535225984707221e-02,1.000000000000011102e+00,1.300451920162778996e-01,3.877124055235486866e-01,3.365652000141299283e-01,2.525048149762075811e-01,3.895060817609294901e-01,1.357622116073550489e-01,3.919191032591793911e-01,1.054947446656303855e-01,3.933403962644294038e-01,1.856775242088975486e-01,2.954325754832127782e-01,3.686905223406258258e-01,3.680182813232324435e-01,2.967631165494620249e-01,3.796031203382999597e-01,2.063647917975232060e-01,3.666856042435694407e-01,1.755450107338376031e-01,3.997765108405895162e-01,1.300451920162778996e-01,1.000000000000011102e+00,1.975381412448993512e-01,3.801984967818465844e-01,3.646295490309678922e-01,2.521663591696308160e-01,3.706568864924313367e-01,1.817469377389129837e-01,3.658227310866917215e-01,2.052888790325147206e-01,3.797469543079221022e-01,3.686905325225835472e-01,3.637913367795094777e-01,3.643942866916199952e-01,3.687964466078446080e-01,3.065567331025783049e-01,3.336183961636343120e-01,2.565909906561371079e-01,3.232816024586459003e-01,2.643413344730702885e-01,3.877124055235486866e-01,1.975381412448993512e-01,1.000000000000011102e+00,2.237641847170442067e-01,3.801048834941767596e-01,3.378147671828308773e-01,2.787823399765925192e-01,3.204307111306421429e-01,2.567365285685557774e-01,3.333915375310676499e-01,3.055639504058028644e-01,3.680182826366036331e-01,3.643942786758153085e-01,3.646430663140620698e-01,3.684992348781581661e-01,3.076012116366959037e-01,3.326530927491295753e-01,2.586288067826554293e-01,3.190094733457071730e-01,2.796684126572586693e-01,3.365652000141299283e-01,3.801984967818465844e-01,2.237641847170442067e-01,1.000000000000011102e+00,1.987058525060561576e-01,3.874672960030345337e-01,2.663631652590973675e-01,3.221863508420304001e-01,2.580122120869209335e-01,3.320875132193646939e-01,3.070131046480836234e-01,2.967631240557844219e-01,3.687964451382129139e-01,3.684992393514011644e-01,2.976624370606604786e-01,3.794374457042024584e-01,2.078070684827475201e-01,3.650842984104978872e-01,1.832778201110640270e-01,3.697785221410070378e-01,2.525048149762075811e-01,3.646295490309678922e-01,3.801048834941767596e-01,1.987058525060561576e-01,1.000000000000011102e+00,1.319345946014650606e-01,3.994735505230638251e-01,1.775668562038734133e-01,3.657995273292761196e-01,2.072431676463253325e-01,3.790183722656051968e-01,3.796031229789962325e-01,3.065567289244886529e-01,3.076012128206558338e-01,3.794374453417283521e-01,1.884337898775635955e-01,3.930308792352900094e-01,1.075320093059112248e-01,3.914627198719796697e-01,1.363469575337507567e-01,3.895060817609294901e-01,2.521663591696308160e-01,3.378147671828308773e-01,3.874672960030345337e-01,1.319345946014650606e-01,1.000000000000011102e+00,4.895474772880540476e-02,4.115376729420072710e-01,1.053429845975837470e-01,3.929631321871186467e-01,1.875156062467327744e-01,2.063647949173494922e-01,3.336183920993744945e-01,3.326530934469708045e-01,2.078070656318769527e-01,3.930308769039583816e-01,7.867872790874000377e-02,4.040873079601812190e-01,4.507767142009930228e-02,4.017127005031424503e-01,1.357622116073550489e-01,3.706568864924313367e-01,2.787823399765925192e-01,2.663631652590973675e-01,3.994735505230638251e-01,4.895474772880540476e-02,1.000000000000011102e+00,-1.853819348925330249e-02,4.190515636505013353e-01,7.727863342033346183e-02,3.933015783437510127e-01,3.666856097093599276e-01,2.565909902621957839e-01,2.586288119582850764e-01,3.650842996336102209e-01,1.075320136680168320e-01,4.040873102980157006e-01,1.031999201707906044e-02,4.083835566663323036e-01,4.429951477993061826e-02,3.919191032591793911e-01,1.817469377389129837e-01,3.204307111306421429e-01,3.221863508420304001e-01,1.775668562038734133e-01,4.115376729420072710e-01,-1.853819348925330249e-02,1.000000000000011102e+00,-4.476423051681997778e-02,4.191451879851230133e-01,1.040934250531336536e-01,1.755450122992366913e-01,3.232815948421760011e-01,3.190094737316394591e-01,1.832778142613480932e-01,3.914627184945710381e-01,4.507766936220879150e-02,4.083835547227071539e-01,9.468248464911177553e-03,4.042785969211594166e-01,1.054947446656303855e-01,3.658227310866917215e-01,2.567365285685557774e-01,2.580122120869209335e-01,3.657995273292761196e-01,1.053429845975837470e-01,4.190515636505013353e-01,-4.476423051681997778e-02,1.000000000000011102e+00,-1.970590932801302014e-02,4.117827719128747122e-01,3.997765194668320143e-01,2.643413344501006623e-01,2.796684212498117272e-01,3.697785224187086772e-01,1.363469640140767547e-01,4.017127018815991324e-01,4.429951630449679989e-02,4.042786000349855025e-01,7.644887245855733204e-02,3.933403962644294038e-01,2.052888790325147206e-01,3.333915375310676499e-01,3.320875132193646939e-01,2.072431676463253325e-01,3.929631321871186467e-01,7.727863342033346183e-02,4.191451879851230133e-01,-1.970590932801302014e-02,1.000000000000011102e+00,4.706535020769064132e-02,1.300451921272209321e-01,3.877123949619384335e-01,3.365651996500023668e-01,2.525048063163241596e-01,3.895060807616816945e-01,1.357622072205443564e-01,3.919191004046010951e-01,1.054947423425439401e-01,3.933403902388230011e-01,1.856775242088975486e-01,3.797469543079221022e-01,3.055639504058028644e-01,3.070131046480836234e-01,3.790183722656051968e-01,1.875156062467327744e-01,3.933015783437510127e-01,1.040934250531336536e-01,4.117827719128747122e-01,4.706535020769064132e-02,1.000000000000011102e+00
