1.000000000000005329e+00,9.057501700954422308e-01,8.717459342661127986e-01,8.205430564679776495e-01,7.641974013897701035e-01,7.371279618057755556e-01,7.342966863863735760e-01,7.731732123360817166e-01,8.231272137955929491e-01,8.787085257338071997e-01,9.085425807008021826e-01,9.068992848800090378e-01,8.737745097767887215e-01,8.173570304928010621e-01,7.683181395625707788e-01,7.325015609474310185e-01,7.389735201575369228e-01,7.688795344346890381e-01,8.263786025260827506e-01,8.747994817297948256e-01,9.057501700954422308e-01,1.000000000000005329e+00,8.679085325754798408e-01,8.190696589910131387e-01,7.617705902906641846e-01,7.358691178586964643e-01,7.319865434599763798e-01,7.717056184234580840e-01,8.211145106778299230e-01,8.768911907989171972e-01,9.068992849487715890e-01,9.047296631739272232e-01,8.724320551004520752e-01,8.149676369960203726e-01,7.670934817512506942e-01,7.301095322543760258e-01,7.376429793205441232e-01,7.667089156602473476e-01,8.249366255969977635e-01,8.745377023253946280e-01,8.717459342661127986e-01,8.679085325754798408e-01,1.000000000000005329e+00,7.757287884954495727e-01,7.366294230858549952e-01,6.908020210212526546e-01,7.081337223406782844e-01,7.279254082578545670e-01,7.940259346284990194e-01,8.379912274661049931e-01,8.737745098105806907e-01,8.724320550529821583e-01,8.327859018950642955e-01,7.884721465278674568e-01,7.229327990675677995e-01,7.063995483127423203e-01,6.927006002186331113e-01,7.417041144860507806e-01,7.832574447035205445e-01,8.446703350128430543e-01,8.205430564679776495e-01,8.190696589910131387e-01,7.757287884954495727e-01,1.000000000000005329e+00,6.644204669916531358e-01,6.559145948338878096e-01,6.347449299175162984e-01,6.915851933193897239e-01,7.264957717891864508e-01,7.927320328468093757e-01,8.173570305637813949e-01,8.149676369956923017e-01,7.884721465753130598e-01,7.201913683349336903e-01,6.870893907247581645e-01,6.328241759358073093e-01,6.584582500077400535e-01,6.703802840044514877e-01,7.431337510060473939e-01,7.822981316491957049e-01,7.641974013897701035e-01,7.617705902906641846e-01,7.366294230858549952e-01,6.644204669916531358e-01,1.000000000000005329e+00,5.764995636982601646e-01,6.077554950031089920e-01,6.150112204501696489e-01,6.925445063693939085e-01,7.282437065404561150e-01,7.683181395780511735e-01,7.670934816776835419e-01,7.229327990478415789e-01,6.870893906578391386e-01,6.099533473692213548e-01,6.070085543466388067e-01,5.790601989267327721e-01,6.415815331549716838e-01,6.716741857661742143e-01,7.413858161621611487e-01,7.371279618057755556e-01,7.358691178586964643e-01,6.908020210212526546e-01,6.559145948338878096e-01,5.764995636982601646e-01,1.000000000000005329e+00,5.455488753594278650e-01,6.105472630623735020e-01,6.391384990228654583e-01,7.106452365863200615e-01,7.325015610057354909e-01,7.301095322552848543e-01,7.063995483520888463e-01,6.328241759307851044e-01,6.070085543990850763e-01,5.441790162124579000e-01,5.788177952388821046e-01,5.821768799533173500e-01,6.622157301672455532e-01,6.960880790787711270e-01,7.342966863863735760e-01,7.319865434599763798e-01,7.081337223406782844e-01,6.347449299175162984e-01,6.077554950031089920e-01,5.455488753594278650e-01,1.000000000000005329e+00,5.833905128812584273e-01,6.632235383639675241e-01,6.979109651646484558e-01,7.389735201872140724e-01,7.376429792845338174e-01,6.927006002293284448e-01,6.584582499688035329e-01,5.790601989586892095e-01,5.788177952145814320e-01,5.479919337225456211e-01,6.132850250405633696e-01,6.409837527560022785e-01,7.124792789198070020e-01,7.731732123360817166e-01,7.717056184234580840e-01,7.279254082578545670e-01,6.915851933193897239e-01,6.150112204501696489e-01,6.105472630623735020e-01,5.833905128812584273e-01,1.000000000000005329e+00,6.755702569634295385e-01,7.456637742202349983e-01,7.688795344905605678e-01,7.667089156613386969e-01,7.417041145226405119e-01,6.703802839996080287e-01,6.415815332025037732e-01,5.821768799502509140e-01,6.132850250849304352e-01,6.199356949961348784e-01,6.972449336114524554e-01,7.330185906888857517e-01,8.231272137955929491e-01,8.211145106778299230e-01,7.940259346284990194e-01,7.264957717891864508e-01,6.925445063693939085e-01,6.391384990228654583e-01,6.632235383639675241e-01,6.755702569634295385e-01,1.000000000000005329e+00,7.868785784303966580e-01,8.263786025535473367e-01,8.249366255536996206e-01,7.832574447043616495e-01,7.431337509612578884e-01,6.716741857920931480e-01,6.622157301149114161e-01,6.409837527452203476e-01,6.972449335613135624e-01,7.325302285703378935e-01,7.986276894476620480e-01,8.787085257338071997e-01,8.768911907989171972e-01,8.379912274661049931e-01,7.927320328468093757e-01,7.282437065404561150e-01,7.106452365863200615e-01,6.979109651646484558e-01,7.456637742202349983e-01,7.868785784303966580e-01,1.000000000000005329e+00,8.747994817548248037e-01,8.745377022814605494e-01,8.446703350130192467e-01,7.822981316059191004e-01,7.413858161980393380e-01,6.960880790460859391e-01,7.124792789543008542e-01,7.330185906535127138e-01,7.986276894378712132e-01,8.427682495160406795e-01,9.085425807008021826e-01,9.068992849487715890e-01,8.737745098105806907e-01,8.173570305637813949e-01,7.683181395780511735e-01,7.325015610057354909e-01,7.389735201872140724e-01,7.688795344905605678e-01,8.263786025535473367e-01,8.747994817548248037e-01,1.000000000000005329e+00,9.057501701098670255e-01,8.717459343204845279e-01,8.205430564761757584e-01,7.641974014590806608e-01,7.371279618016126634e-01,7.342966864043237729e-01,7.731732123354300157e-01,8.231272138460663523e-01,8.787085258015283618e-01,9.068992848800090378e-01,9.047296631739272232e-01,8.724320550529821583e-01,8.149676369956923017e-01,7.670934816776835419e-01,7.301095322552848543e-01,7.376429792845338174e-01,7.667089156613386969e-01,8.249366255536996206e-01,8.745377022814605494e-01,9.057501701098670255e-01,1.000000000000005329e+00,8.679085325608283386e-01,8.190696589333017474e-01,7.617705903037232940e-01,7.358691178112308773e-01,7.319865434600933973e-01,7.717056183915398382e-01,8.211145106731725374e-01,8.768911907865790667e-01,8.737745097767887215e-01,8.724320551004520752e-01,8.327859018950642955e-01,7.884721465753130598e-01,7.229327990478415789e-01,7.063995483520888463e-01,6.927006002293284448e-01,7.417041145226405119e-01,7.832574447043616495e-01,8.446703350130192467e-01,8.717459343204845279e-01,8.679085325608283386e-01,1.000000000000005329e+00,7.757287884792576360e-01,7.366294231398369252e-01,6.908020210143517303e-01,7.081337223513876067e-01,7.279254082422625949e-01,7.940259346371235649e-01,8.379912274970553465e-01,8.173570304928010621e-01,8.149676369960203726e-01,7.884721465278674568e-01,7.201913683349336903e-01,6.870893906578391386e-01,6.328241759307851044e-01,6.584582499688035329e-01,6.703802839996080287e-01,7.431337509612578884e-01,7.822981316059191004e-01,8.205430564761757584e-01,8.190696589333017474e-01,7.757287884792576360e-01,1.000000000000005329e+00,6.644204670005329216e-01,6.559145947753490802e-01,6.347449298981814314e-01,6.915851932879302222e-01,7.264957717760321954e-01,7.927320328500313540e-01,7.683181395625707788e-01,7.670934817512506942e-01,7.229327990675677995e-01,6.870893907247581645e-01,6.099533473692213548e-01,6.070085543990850763e-01,5.790601989586892095e-01,6.415815332025037732e-01,6.716741857920931480e-01,7.413858161980393380e-01,7.641974014590806608e-01,7.617705903037232940e-01,7.366294231398369252e-01,6.644204670005329216e-01,1.000000000000005329e+00,5.764995637122543037e-01,6.077554950460085648e-01,6.150112204659430315e-01,6.925445063943668211e-01,7.282437066028621953e-01,7.325015609474310185e-01,7.301095322543760258e-01,7.063995483127423203e-01,6.328241759358073093e-01,6.070085543466388067e-01,5.441790162124579000e-01,5.788177952145814320e-01,5.821768799502509140e-01,6.622157301149114161e-01,6.960880790460859391e-01,7.371279618016126634e-01,7.358691178112308773e-01,6.908020210143517303e-01,6.559145947753490802e-01,5.764995637122543037e-01,1.000000000000005329e+00,5.455488753426459558e-01,6.105472630233516051e-01,6.391384990113542219e-01,7.106452365798463511e-01,7.389735201575369228e-01,7.376429793205441232e-01,6.927006002186331113e-01,6.584582500077400535e-01,5.790601989267327721e-01,5.788177952388821046e-01,5.479919337225456211e-01,6.132850250849304352e-01,6.409837527452203476e-01,7.124792789543008542e-01,7.342966864043237729e-01,7.319865434600933973e-01,7.081337223513876067e-01,6.347449298981814314e-01,6.077554950460085648e-01,5.455488753426459558e-01,1.000000000000005329e+00,5.833905128672070006e-01,6.632235383840000553e-01,6.979109651908652623e-01,7.688795344346890381e-01,7.667089156602473476e-01,7.417041144860507806e-01,6.703802840044514877e-01,6.415815331549716838e-01,5.821768799533173500e-01,6.132850250405633696e-01,6.199356949961348784e-01,6.972449335613135624e-01,7.330185906535127138e-01,7.731732123354300157e-01,7.717056183915398382e-01,7.279254082422625949e-01,6.915851932879302222e-01,6.150112204659430315e-01,6.105472630233516051e-01,5.833905128672070006e-01,1.000000000000005329e+00,6.755702569539124847e-01,7.456637742084630815e-01,8.263786025260827506e-01,8.249366255969977635e-01,7.832574447035205445e-01,7.431337510060473939e-01,6.716741857661742143e-01,6.622157301672455532e-01,6.409837527560022785e-01,6.972449336114524554e-01,7.325302285703378935e-01,7.986276894378712132e-01,8.231272138460663523e-01,8.211145106731725374e-01,7.940259346371235649e-01,7.264957717760321954e-01,6.925445063943668211e-01,6.391384990113542219e-01,6.632235383840000553e-01,6.755702569539124847e-01,1.000000000000005329e+00,7.868785784621128432e-01,8.747994817297948256e-01,8.745377023253946280e-01,8.446703350128430543e-01,7.822981316491957049e-01,7.413858161621611487e-01,6.960880790787711270e-01,7.124792789198070020e-01,7.330185906888857517e-01,7.986276894476620480e-01,8.427682495160406795e-01,8.787085258015283618e-01,8.768911907865790667e-01,8.379912274970553465e-01,7.927320328500313540e-01,7.282437066028621953e-01,7.106452365798463511e-01,6.979109651908652623e-01,7.456637742084630815e-01,7.868785784621128432e-01,1.000000000000005329e+00
1.000000000000017764e+00,8.335015581848118638e-01,7.945691928088289835e-01,7.410990276572431146e-01,7.176832803054882248e-01,7.103570866070915146e-01,7.437669040733495551e-01,7.868141755943540705e-01,8.360902313952174314e-01,8.663277620882223751e-01,8.652041663675611449e-01,8.410652065050809867e-01,7.888458879532239676e-01,7.477474629431073438e-01,7.111273375551339093e-01,7.162103142416627044e-01,7.391925521189899317e-01,7.896270685449139348e-01,8.351425699055654572e-01,8.622290880699088333e-01,8.335015581848118638e-01,1.000000000000017764e+00,7.539714264606877103e-01,7.245046117201132674e-01,6.766044212243416123e-01,6.943858048430218144e-01,7.051815773712712954e-01,7.661345626784974439e-01,8.039805524341603338e-01,8.380540939949909784e-01,8.410652065037956815e-01,8.052256195842869557e-01,7.711276106875724068e-01,7.072614754258321756e-01,6.958271254991210686e-01,6.757742345566001285e-01,7.213858234694585647e-01,7.539327003159382867e-01,8.109508652006764962e-01,8.368291323943435334e-01,7.945691928088289835e-01,7.539714264606877103e-01,1.000000000000017764e+00,6.540165000858790822e-01,6.533976776716408086e-01,6.235657312627629345e-01,6.796456566298232360e-01,7.031008037629717933e-01,7.669730915528708559e-01,7.890583960198458424e-01,7.888458879388859923e-01,7.711276106715030387e-01,7.057845934805133670e-01,6.832287591328916054e-01,6.244633290668453185e-01,6.531291878819254215e-01,6.534065759485290226e-01,7.234665970654412526e-01,7.544852856399602015e-01,7.924148029830874185e-01,7.410990276572431146e-01,7.245046117201132674e-01,6.540165000858790822e-01,1.000000000000017764e+00,5.718161635854159819e-01,6.084088226639192687e-01,6.022419346030063458e-01,6.790930713079196268e-01,7.049095505692104524e-01,7.459622011748304748e-01,7.477474629283628049e-01,7.072614754134363135e-01,6.832287591347584454e-01,6.048641801429816001e-01,6.109430255933123721e-01,5.720775265713714530e-01,6.359628110440886939e-01,6.525680470658693499e-01,7.216578502643090642e-01,7.406392392725185125e-01,7.176832803054882248e-01,6.766044212243416123e-01,6.533976776716408086e-01,5.718161635854159819e-01,1.000000000000017764e+00,5.387681516210037769e-01,6.067222601550334993e-01,6.207779968058408926e-01,6.929391176660939511e-01,7.099169379781277156e-01,7.111273375281681464e-01,6.958271254677511619e-01,6.244633290534319370e-01,6.109430255775948337e-01,5.410125473121276674e-01,5.818811033434394542e-01,5.701136639653954230e-01,6.508849674419475706e-01,6.735789374405303231e-01,7.166504628342262873e-01,7.103570866070915146e-01,6.943858048430218144e-01,6.235657312627629345e-01,6.084088226639192687e-01,5.387681516210037769e-01,1.000000000000017764e+00,5.674956814989216003e-01,6.489821997403097953e-01,6.720937721337268966e-01,7.158950766270795185e-01,7.162103142201249328e-01,6.757742345395914008e-01,6.531291878780882687e-01,5.720775265659100439e-01,5.818811033532244048e-01,5.386188484930826137e-01,6.071436589409291429e-01,6.193218700237465013e-01,6.921959005506905793e-01,7.084138010885252523e-01,7.437669040733495551e-01,7.051815773712712954e-01,6.796456566298232360e-01,6.022419346030063458e-01,6.067222601550334993e-01,5.674956814989216003e-01,1.000000000000017764e+00,6.470258132150954467e-01,7.190467808240101899e-01,7.365883785534969030e-01,7.391925520946003303e-01,7.213858234419150417e-01,6.534065759385505601e-01,6.359628110311990046e-01,5.701136639694333041e-01,6.071436589337984024e-01,5.985973952705392342e-01,6.770812547549871496e-01,7.009062825466081392e-01,7.441162379879517896e-01,7.868141755943540705e-01,7.661345626784974439e-01,7.031008037629717933e-01,6.790930713079196268e-01,6.207779968058408926e-01,6.489821997403097953e-01,6.470258132150954467e-01,1.000000000000017764e+00,7.469807395913622416e-01,7.901537148667102661e-01,7.896270685277164691e-01,7.539327003026815577e-01,7.234665970657661038e-01,6.525680470645133235e-01,6.508849674567570576e-01,6.193218700267725252e-01,6.770812547681903659e-01,6.980384213771670954e-01,7.649801063107336541e-01,7.837044289073304970e-01,8.360902313952174314e-01,8.039805524341603338e-01,7.669730915528708559e-01,7.049095505692104524e-01,6.929391176660939511e-01,6.720937721337268966e-01,7.190467808240101899e-01,7.469807395913622416e-01,1.000000000000017764e+00,8.291810760874867015e-01,8.351425698900735162e-01,8.109508651827889159e-01,7.544852856385831918e-01,7.216578502605128786e-01,6.735789374528912132e-01,6.921959005515802010e-01,7.009062825549368103e-01,7.649801063084986641e-01,7.989588347184207739e-01,8.372658398539334357e-01,8.663277620882223751e-01,8.380540939949909784e-01,7.890583960198458424e-01,7.459622011748304748e-01,7.099169379781277156e-01,7.158950766270795185e-01,7.365883785534969030e-01,7.901537148667102661e-01,8.291810760874867015e-01,1.000000000000017764e+00,8.622290880603160623e-01,8.368291323857699471e-01,7.924148029910245139e-01,7.406392392764503674e-01,7.166504628579857261e-01,7.084138010980226552e-01,7.441162380097627871e-01,7.837044289125429941e-01,8.372658398626787735e-01,8.628104675457268780e-01,8.652041663675611449e-01,8.410652065037956815e-01,7.888458879388859923e-01,7.477474629283628049e-01,7.111273375281681464e-01,7.162103142201249328e-01,7.391925520946003303e-01,7.896270685277164691e-01,8.351425698900735162e-01,8.622290880603160623e-01,1.000000000000017764e+00,8.335015581898639336e-01,7.945691928275546712e-01,7.410990276761072471e-01,7.176832803367223512e-01,7.103570866311410548e-01,7.437669040990975144e-01,7.868141756144778620e-01,8.360902314150009396e-01,8.663277621029017439e-01,8.410652065050809867e-01,8.052256195842869557e-01,7.711276106715030387e-01,7.072614754134363135e-01,6.958271254677511619e-01,6.757742345395914008e-01,7.213858234419150417e-01,7.539327003026815577e-01,8.109508651827889159e-01,8.368291323857699471e-01,8.335015581898639336e-01,1.000000000000017764e+00,7.539714264824495249e-01,7.245046117369754457e-01,6.766044212616950659e-01,6.943858048656117443e-01,7.051815774062623055e-01,7.661345626985923696e-01,8.039805524577164908e-01,8.380540940071445899e-01,7.888458879532239676e-01,7.711276106875724068e-01,7.057845934805133670e-01,6.832287591347584454e-01,6.244633290534319370e-01,6.531291878780882687e-01,6.534065759385505601e-01,7.234665970657661038e-01,7.544852856385831918e-01,7.924148029910245139e-01,7.945691928275546712e-01,7.539714264824495249e-01,1.000000000000017764e+00,6.540165001216019514e-01,6.533976777193754026e-01,6.235657313044027372e-01,6.796456566722729464e-01,7.031008037998816018e-01,7.669730915867446486e-01,7.890583960506385441e-01,7.477474629431073438e-01,7.072614754258321756e-01,6.832287591328916054e-01,6.048641801429816001e-01,6.109430255775948337e-01,5.720775265659100439e-01,6.359628110311990046e-01,6.525680470645133235e-01,7.216578502605128786e-01,7.406392392764503674e-01,7.410990276761072471e-01,7.245046117369754457e-01,6.540165001216019514e-01,1.000000000000017764e+00,5.718161636362866229e-01,6.084088226975570279e-01,6.022419346507499327e-01,6.790930713402874019e-01,7.049095506060694127e-01,7.459622012013662484e-01,7.111273375551339093e-01,6.958271254991210686e-01,6.244633290668453185e-01,6.109430255933123721e-01,5.410125473121276674e-01,5.818811033532244048e-01,5.701136639694333041e-01,6.508849674567570576e-01,6.735789374528912132e-01,7.166504628579857261e-01,7.176832803367223512e-01,6.766044212616950659e-01,6.533976777193754026e-01,5.718161636362866229e-01,1.000000000000017764e+00,5.387681516774346369e-01,6.067222602127896325e-01,6.207779968579604235e-01,6.929391177129817780e-01,7.099169380246449501e-01,7.162103142416627044e-01,6.757742345566001285e-01,6.531291878819254215e-01,5.720775265713714530e-01,5.818811033434394542e-01,5.386188484930826137e-01,6.071436589337984024e-01,6.193218700267725252e-01,6.921959005515802010e-01,7.084138010980226552e-01,7.103570866311410548e-01,6.943858048656117443e-01,6.235657313044027372e-01,6.084088226975570279e-01,5.387681516774346369e-01,1.000000000000017764e+00,5.674956815516567499e-01,6.489821997761322514e-01,6.720937721767185069e-01,7.158950766569333046e-01,7.391925521189899317e-01,7.213858234694585647e-01,6.534065759485290226e-01,6.359628110440886939e-01,5.701136639653954230e-01,6.071436589409291429e-01,5.985973952705392342e-01,6.770812547681903659e-01,7.009062825549368103e-01,7.441162380097627871e-01,7.437669040990975144e-01,7.051815774062623055e-01,6.796456566722729464e-01,6.022419346507499327e-01,6.067222602127896325e-01,5.674956815516567499e-01,1.000000000000017764e+00,6.470258132639218340e-01,7.190467808693459251e-01,7.365883785960238850e-01,7.896270685449139348e-01,7.539327003159382867e-01,7.234665970654412526e-01,6.525680470658693499e-01,6.508849674419475706e-01,6.193218700237465013e-01,6.770812547549871496e-01,6.980384213771670954e-01,7.649801063084986641e-01,7.837044289125429941e-01,7.868141756144778620e-01,7.661345626985923696e-01,7.031008037998816018e-01,6.790930713402874019e-01,6.207779968579604235e-01,6.489821997761322514e-01,6.470258132639218340e-01,1.000000000000017764e+00,7.469807396299055213e-01,7.901537148930499743e-01,8.351425699055654572e-01,8.109508652006764962e-01,7.544852856399602015e-01,7.216578502643090642e-01,6.735789374405303231e-01,6.921959005506905793e-01,7.009062825466081392e-01,7.649801063107336541e-01,7.989588347184207739e-01,8.372658398626787735e-01,8.360902314150009396e-01,8.039805524577164908e-01,7.669730915867446486e-01,7.049095506060694127e-01,6.929391177129817780e-01,6.720937721767185069e-01,7.190467808693459251e-01,7.469807396299055213e-01,1.000000000000017764e+00,8.291810761197732083e-01,8.622290880699088333e-01,8.368291323943435334e-01,7.924148029830874185e-01,7.406392392725185125e-01,7.166504628342262873e-01,7.084138010885252523e-01,7.441162379879517896e-01,7.837044289073304970e-01,8.372658398539334357e-01,8.628104675457268780e-01,8.663277621029017439e-01,8.380540940071445899e-01,7.890583960506385441e-01,7.459622012013662484e-01,7.099169380246449501e-01,7.158950766569333046e-01,7.365883785960238850e-01,7.901537148930499743e-01,8.291810761197732083e-01,1.000000000000017764e+00
9.999999999999966693e-01,6.828334341229393978e-01,6.751053417805665813e-01,6.261387946193386345e-01,6.636097055111305210e-01,6.689397183051946083e-01,7.326689961233384674e-01,7.597186929362830243e-01,7.816883233161593392e-01,7.811905045703826378e-01,7.335935165779591260e-01,7.132894106213988339e-01,6.459347574576561613e-01,6.572053813932682287e-01,6.347820900140821454e-01,6.927312594042257521e-01,7.162565864964657303e-01,7.670973697375382816e-01,7.837507745593311759e-01,7.646494647725815552e-01,6.828334341229393978e-01,9.999999999999966693e-01,5.930456379288816526e-01,6.188576015535518504e-01,5.843747034546524777e-01,6.552160189934015389e-01,6.677806508350659920e-01,7.266001607004198837e-01,7.393338160372270318e-01,7.246333864361580446e-01,7.132894106611200602e-01,6.382309479801269170e-01,6.387723565603875553e-01,5.756526377030357633e-01,6.268320942845777566e-01,6.191756191872083148e-01,6.938903268648907163e-01,7.129925619713985974e-01,7.390676128877260442e-01,7.380889293599040002e-01,6.751053417805665813e-01,5.930456379288816526e-01,9.999999999999966693e-01,5.295819626014983683e-01,5.908304335574001698e-01,5.758864181433061002e-01,6.584800434149780113e-01,6.716080878710832813e-01,7.011741078437961905e-01,7.001772153329273163e-01,6.459347574502627420e-01,6.387723565145834170e-01,5.530670316223934568e-01,5.861023241597619338e-01,5.406324082327027547e-01,6.206589171682664885e-01,6.252444546858360042e-01,6.900628898117249221e-01,6.993175728846885431e-01,6.852262281551342316e-01,6.261387946193386345e-01,6.188576015535518504e-01,5.295819626014983683e-01,9.999999999999966693e-01,5.166833750050899843e-01,6.017292635580010485e-01,6.039161749908090737e-01,6.721550325985982122e-01,6.789600784173197567e-01,6.661027256380347428e-01,6.572053814556817475e-01,5.756526377183679433e-01,5.861023242239895570e-01,5.106314888373837402e-01,5.753974758084846597e-01,5.542506063040767428e-01,6.410437941140465501e-01,6.506705075034022734e-01,6.827108993257031688e-01,6.804550001843461260e-01,6.636097055111305210e-01,5.843747034546524777e-01,5.908304335574001698e-01,5.166833750050899843e-01,9.999999999999966693e-01,5.592766972645332180e-01,6.473911086327698294e-01,6.577575597023239684e-01,6.910176052378980138e-01,6.870284119658039979e-01,6.347820899806184691e-01,6.268320942293341691e-01,5.406324082095752548e-01,5.753974757322368738e-01,5.271332546926994489e-01,6.107466994826282747e-01,6.113055431799840900e-01,6.802003947182484467e-01,6.857418897080865827e-01,6.746425656683991967e-01,6.689397183051946083e-01,6.552160189934015389e-01,5.758864181433061002e-01,6.017292635580010485e-01,5.592766972645332180e-01,9.999999999999966693e-01,6.410927279179224891e-01,7.103746963246103663e-01,7.168449933068474778e-01,7.078628999279659162e-01,6.927312594832660819e-01,6.191756192153861083e-01,6.206589172485323935e-01,5.542506063159312601e-01,6.107466995766974716e-01,5.962692155081854573e-01,6.786477935151792318e-01,6.900041722099339303e-01,7.231722287393960169e-01,7.170625253858461390e-01,7.326689961233384674e-01,6.677806508350659920e-01,6.584800434149780113e-01,6.039161749908090737e-01,6.473911086327698294e-01,6.410927279179224891e-01,9.999999999999966693e-01,7.308805240905329459e-01,7.666224364817265657e-01,7.586090843620129087e-01,7.162565864555476836e-01,6.938903268019435133e-01,6.252444546574245088e-01,6.410437940259733347e-01,6.113055431795944017e-01,6.786477934060475281e-01,6.916317840525417759e-01,7.531648475113106311e-01,7.602862918901237554e-01,7.535455158145534238e-01,7.597186929362830243e-01,7.266001607004198837e-01,6.716080878710832813e-01,6.721550325985982122e-01,6.577575597023239684e-01,7.103746963246103663e-01,7.308805240905329459e-01,9.999999999999966693e-01,7.943441994623794411e-01,7.946496044741928610e-01,7.670973698000937979e-01,7.129925619855532748e-01,6.900628898866070227e-01,6.506705074977545689e-01,6.802003948120385335e-01,6.900041721870630029e-01,7.531648476147405624e-01,7.767957004500645191e-01,8.058348799525695272e-01,7.953065214235018887e-01,7.816883233161593392e-01,7.393338160372270318e-01,7.011741078437961905e-01,6.789600784173197567e-01,6.910176052378980138e-01,7.168449933068474778e-01,7.666224364817265657e-01,7.943441994623794411e-01,9.999999999999966693e-01,8.072427870018532570e-01,7.837507745543206283e-01,7.390676128503521625e-01,6.993175728802760727e-01,6.827108992614090432e-01,6.857418897300535665e-01,7.231722286512299869e-01,7.602862919221746729e-01,8.058348798854781947e-01,8.192312432178097126e-01,8.165397283284683283e-01,7.811905045703826378e-01,7.246333864361580446e-01,7.001772153329273163e-01,6.661027256380347428e-01,6.870284119658039979e-01,7.078628999279659162e-01,7.586090843620129087e-01,7.946496044741928610e-01,8.072427870018532570e-01,9.999999999999966693e-01,7.646494647826959090e-01,7.380889293323500411e-01,6.852262281774503805e-01,6.804550001440456963e-01,6.746425657171111201e-01,7.170625253318745340e-01,7.535455158642576645e-01,7.953065213826263635e-01,8.165397283336337519e-01,8.027294773448567788e-01,7.335935165779591260e-01,7.132894106611200602e-01,6.459347574502627420e-01,6.572053814556817475e-01,6.347820899806184691e-01,6.927312594832660819e-01,7.162565864555476836e-01,7.670973698000937979e-01,7.837507745543206283e-01,7.646494647826959090e-01,9.999999999999966693e-01,6.828334341115475103e-01,6.751053418126987671e-01,6.261387945850080960e-01,6.636097055543725975e-01,6.689397182480962822e-01,7.326689961731267520e-01,7.597186929044159598e-01,7.816883233448054247e-01,7.811905045892384436e-01,7.132894106213988339e-01,6.382309479801269170e-01,6.387723565145834170e-01,5.756526377183679433e-01,6.268320942293341691e-01,6.191756192153861083e-01,6.938903268019435133e-01,7.129925619855532748e-01,7.390676128503521625e-01,7.380889293323500411e-01,6.828334341115475103e-01,9.999999999999966693e-01,5.930456379265307554e-01,6.188576014878593989e-01,5.843747034751638481e-01,6.552160189250733069e-01,6.677806508573271849e-01,7.266001606462173523e-01,7.393338160250058078e-01,7.246333864198730712e-01,6.459347574576561613e-01,6.387723565603875553e-01,5.530670316223934568e-01,5.861023242239895570e-01,5.406324082095752548e-01,6.206589172485323935e-01,6.252444546574245088e-01,6.900628898866070227e-01,6.993175728802760727e-01,6.852262281774503805e-01,6.751053418126987671e-01,5.930456379265307554e-01,9.999999999999966693e-01,5.295819625761488680e-01,5.908304336218268560e-01,5.758864181001492888e-01,6.584800434750381903e-01,6.716080878504230300e-01,7.011741078702354857e-01,7.001772153612499938e-01,6.572053813932682287e-01,5.756526377030357633e-01,5.861023241597619338e-01,5.106314888373837402e-01,5.753974757322368738e-01,5.542506063159312601e-01,6.410437940259733347e-01,6.506705074977545689e-01,6.827108992614090432e-01,6.804550001440456963e-01,6.261387945850080960e-01,6.188576014878593989e-01,5.295819625761488680e-01,9.999999999999966693e-01,5.166833750035375594e-01,6.017292634530808648e-01,6.039161749936997614e-01,6.721550325195415621e-01,6.789600783866398537e-01,6.661027256057288071e-01,6.347820900140821454e-01,6.268320942845777566e-01,5.406324082327027547e-01,5.753974758084846597e-01,5.271332546926994489e-01,6.107466995766974716e-01,6.113055431795944017e-01,6.802003948120385335e-01,6.857418897300535665e-01,6.746425657171111201e-01,6.636097055543725975e-01,5.843747034751638481e-01,5.908304336218268560e-01,5.166833750035375594e-01,9.999999999999966693e-01,5.592766972439433548e-01,6.473911087248502838e-01,6.577575597026672494e-01,6.910176052906140676e-01,6.870284120094851676e-01,6.927312594042257521e-01,6.191756191872083148e-01,6.206589171682664885e-01,5.542506063040767428e-01,6.107466994826282747e-01,5.962692155081854573e-01,6.786477934060475281e-01,6.900041721870630029e-01,7.231722286512299869e-01,7.170625253318745340e-01,6.689397182480962822e-01,6.552160189250733069e-01,5.758864181001492888e-01,6.017292634530808648e-01,5.592766972439433548e-01,9.999999999999966693e-01,6.410927279034384085e-01,7.103746962190433667e-01,7.168449932558306203e-01,7.078628998782968695e-01,7.162565864964657303e-01,6.938903268648907163e-01,6.252444546858360042e-01,6.410437941140465501e-01,6.113055431799840900e-01,6.786477935151792318e-01,6.916317840525417759e-01,7.531648476147405624e-01,7.602862919221746729e-01,7.535455158642576645e-01,7.326689961731267520e-01,6.677806508573271849e-01,6.584800434750381903e-01,6.039161749936997614e-01,6.473911087248502838e-01,6.410927279034384085e-01,9.999999999999966693e-01,7.308805240960885019e-01,7.666224365505484029e-01,7.586090844102195696e-01,7.670973697375382816e-01,7.129925619713985974e-01,6.900628898117249221e-01,6.506705075034022734e-01,6.802003947182484467e-01,6.900041722099339303e-01,7.531648475113106311e-01,7.767957004500645191e-01,8.058348798854781947e-01,7.953065213826263635e-01,7.597186929044159598e-01,7.266001606462173523e-01,6.716080878504230300e-01,6.721550325195415621e-01,6.577575597026672494e-01,7.103746962190433667e-01,7.308805240960885019e-01,9.999999999999966693e-01,7.943441994302414821e-01,7.946496044356666788e-01,7.837507745593311759e-01,7.390676128877260442e-01,6.993175728846885431e-01,6.827108993257031688e-01,6.857418897080865827e-01,7.231722287393960169e-01,7.602862918901237554e-01,8.058348799525695272e-01,8.192312432178097126e-01,8.165397283336337519e-01,7.816883233448054247e-01,7.393338160250058078e-01,7.011741078702354857e-01,6.789600783866398537e-01,6.910176052906140676e-01,7.168449932558306203e-01,7.666224365505484029e-01,7.943441994302414821e-01,9.999999999999966693e-01,8.072427870242276926e-01,7.646494647725815552e-01,7.380889293599040002e-01,6.852262281551342316e-01,6.804550001843461260e-01,6.746425656683991967e-01,7.170625253858461390e-01,7.535455158145534238e-01,7.953065214235018887e-01,8.165397283284683283e-01,8.027294773448567788e-01,7.811905045892384436e-01,7.246333864198730712e-01,7.001772153612499938e-01,6.661027256057288071e-01,6.870284120094851676e-01,7.078628998782968695e-01,7.586090844102195696e-01,7.946496044356666788e-01,8.072427870242276926e-01,9.999999999999966693e-01
9.999999999999963363e-01,5.169083666854585868e-01,5.729453383553024803e-01,5.175373587571832079e-01,6.141549987999306293e-01,6.101409295129620602e-01,6.799641696596450124e-01,6.858507089054982631e-01,6.638088105446949827e-01,6.606483881791923585e-01,5.662922835447337100e-01,5.900688636530291298e-01,5.045686320662237101e-01,5.844436487836589533e-01,5.572140470287361147e-01,6.515336111201179836e-01,6.582004659949698411e-01,6.857923283391847979e-01,6.849333709922903468e-01,6.112260386701038328e-01,5.169083666854585868e-01,9.999999999999963363e-01,4.546896096056944336e-01,5.504413239770619137e-01,5.132075018870615457e-01,6.177912033918327994e-01,6.171844669921267013e-01,6.483226278591003311e-01,6.487294793365099288e-01,5.776156284159500442e-01,5.900688633159010266e-01,4.786366571062956599e-01,5.435095050084226553e-01,4.725692911601735435e-01,5.818340493348588272e-01,5.673477701494155090e-01,6.444900732616052341e-01,6.468467785529187219e-01,6.242006473231922481e-01,6.243167286354789347e-01,5.729453383553024803e-01,4.546896096056944336e-01,9.999999999999963363e-01,4.483352180369905016e-01,5.654004550749076596e-01,5.485972557479081857e-01,6.291448905658915125e-01,6.294429117768937099e-01,6.072592611466149926e-01,6.099954294029841240e-01,5.045686320054072471e-01,5.435095052904180823e-01,4.402377851258605923e-01,5.387544054848631969e-01,4.938402665980263229e-01,6.031634097969551522e-01,5.989893121334510795e-01,6.322316287728553252e-01,6.321123319447106148e-01,5.599329676519625432e-01,5.175373587571832079e-01,5.504413239770619137e-01,4.483352180369905016e-01,9.999999999999963363e-01,5.002723533716463278e-01,6.121088514052867025e-01,6.101889365589043823e-01,6.438793375446643097e-01,6.422339536000513105e-01,5.724588799755249147e-01,5.844436485355843924e-01,4.725692912503839382e-01,5.387544052906104719e-01,4.657627315167918725e-01,5.776198506447607350e-01,5.602567683613999261e-01,6.402846390089493855e-01,6.400526786068723162e-01,6.194405867722919679e-01,6.196251828442462806e-01,6.141549987999306293e-01,5.132075018870615457e-01,5.654004550749076596e-01,5.002723533716463278e-01,9.999999999999963363e-01,5.906627954455088148e-01,6.727254933072327470e-01,6.744566163529950309e-01,6.563664862151827872e-01,6.506718501466252080e-01,5.572140468466244556e-01,5.818340495058339501e-01,4.938402664789942054e-01,5.776198507248369030e-01,5.454618343268639036e-01,6.452605619003728421e-01,6.464499505826818426e-01,6.790186891527223434e-01,6.748530600503095389e-01,6.110026902629664969e-01,6.101409295129620602e-01,6.177912033918327994e-01,5.485972557479081857e-01,6.121088514052867025e-01,5.906627954455088148e-01,9.999999999999963363e-01,6.849804673795684140e-01,7.240968841242516607e-01,7.168522252296058994e-01,6.618366706994553983e-01,6.515336110021391347e-01,5.673477703637516134e-01,6.031634097359954705e-01,5.602567684847112872e-01,6.452605619568074768e-01,6.488927451933937940e-01,7.158400865329890284e-01,7.194969468886915909e-01,7.045704699677917127e-01,6.900978928854808458e-01,6.799641696596450124e-01,6.171844669921267013e-01,6.291448905658915125e-01,6.101889365589043823e-01,6.727254933072327470e-01,6.849804673795684140e-01,9.999999999999963363e-01,7.471992244673235639e-01,7.466008979535364576e-01,7.211820820191149339e-01,6.582004656962378020e-01,6.444900733107075119e-01,5.989893118979425779e-01,6.402846389629962554e-01,6.464499504681568975e-01,7.158400863514740031e-01,7.365483715825771327e-01,7.623994446301524119e-01,7.514962877681607978e-01,7.071800689052194500e-01,6.858507089054982631e-01,6.483226278591003311e-01,6.294429117768937099e-01,6.438793375446643097e-01,6.744566163529950309e-01,7.240968841242516607e-01,7.471992244673235639e-01,9.999999999999963363e-01,7.535536160742696277e-01,7.316417673466617533e-01,6.857923283228221090e-01,6.468467788639115090e-01,6.322316288213158941e-01,6.400526788258131816e-01,6.790186893204919194e-01,7.194969469799600281e-01,7.623994449154045672e-01,7.749472435923983049e-01,7.671545447133176765e-01,7.302253123872328722e-01,6.638088105446949827e-01,6.487294793365099288e-01,6.072592611466149926e-01,6.422339536000513105e-01,6.563664862151827872e-01,7.168522252296058994e-01,7.466008979535364576e-01,7.535536160742696277e-01,9.999999999999963363e-01,7.016164806719842328e-01,6.849333706360651863e-01,6.242006473095443875e-01,6.321123316446186635e-01,6.194405866637626712e-01,6.748530598700679395e-01,7.045704697274024486e-01,7.514962877083827264e-01,7.671545443786419449e-01,7.494222971998679705e-01,7.282890990602254311e-01,6.606483881791923585e-01,5.776156284159500442e-01,6.099954294029841240e-01,5.724588799755249147e-01,6.506718501466252080e-01,6.618366706994553983e-01,7.211820820191149339e-01,7.316417673466617533e-01,7.016164806719842328e-01,9.999999999999963363e-01,6.112260386823406000e-01,6.243167289836604184e-01,5.599329677298819918e-01,6.196251831034209623e-01,6.110026904618615085e-01,6.900978930157160018e-01,7.071800692157567125e-01,7.302253124206103951e-01,7.282890994183945921e-01,6.697231943587169667e-01,5.662922835447337100e-01,5.900688633159010266e-01,5.045686320054072471e-01,5.844436485355843924e-01,5.572140468466244556e-01,6.515336110021391347e-01,6.582004656962378020e-01,6.857923283228221090e-01,6.849333706360651863e-01,6.112260386823406000e-01,9.999999999999963363e-01,5.169083666699184620e-01,5.729453380587775646e-01,5.175373586523503988e-01,6.141549986154863916e-01,6.101409292793998906e-01,6.799641695938812846e-01,6.858507085809916193e-01,6.638088105425432595e-01,6.606483878234569174e-01,5.900688636530291298e-01,4.786366571062956599e-01,5.435095052904180823e-01,4.725692912503839382e-01,5.818340495058339501e-01,5.673477703637516134e-01,6.444900733107075119e-01,6.468467788639115090e-01,6.242006473095443875e-01,6.243167289836604184e-01,5.169083666699184620e-01,9.999999999999963363e-01,4.546896096585110736e-01,5.504413242089642999e-01,5.132075020570314727e-01,6.177912034995391988e-01,6.171844672748914018e-01,6.483226278693062783e-01,6.487294796711261524e-01,5.776156283913771450e-01,5.045686320662237101e-01,5.435095050084226553e-01,4.402377851258605923e-01,5.387544052906104719e-01,4.938402664789942054e-01,6.031634097359954705e-01,5.989893118979425779e-01,6.322316288213158941e-01,6.321123316446186635e-01,5.599329677298819918e-01,5.729453380587775646e-01,4.546896096585110736e-01,9.999999999999963363e-01,4.483352179868695386e-01,5.654004549606514995e-01,5.485972555760169067e-01,6.291448905628417299e-01,6.294429115147012199e-01,6.072592612030605075e-01,6.099954291067030132e-01,5.844436487836589533e-01,4.725692911601735435e-01,5.387544054848631969e-01,4.657627315167918725e-01,5.776198507248369030e-01,5.602567684847112872e-01,6.402846389629962554e-01,6.400526788258131816e-01,6.194405866637626712e-01,6.196251831034209623e-01,5.175373586523503988e-01,5.504413242089642999e-01,4.483352179868695386e-01,9.999999999999963363e-01,5.002723534538291439e-01,6.121088514132582148e-01,6.101889367508230855e-01,6.438793374589493190e-01,6.422339538457845221e-01,5.724588798591637717e-01,5.572140470287361147e-01,5.818340493348588272e-01,4.938402665980263229e-01,5.776198506447607350e-01,5.454618343268639036e-01,6.452605619568074768e-01,6.464499504681568975e-01,6.790186893204919194e-01,6.748530598700679395e-01,6.110026904618615085e-01,6.141549986154863916e-01,5.132075020570314727e-01,5.654004549606514995e-01,5.002723534538291439e-01,9.999999999999963363e-01,5.906627953836204314e-01,6.727254934325045399e-01,6.744566162044345337e-01,6.563664863960188001e-01,6.506718499612095252e-01,6.515336111201179836e-01,5.673477701494155090e-01,6.031634097969551522e-01,5.602567683613999261e-01,6.452605619003728421e-01,6.488927451933937940e-01,7.158400863514740031e-01,7.194969469799600281e-01,7.045704697274024486e-01,6.900978930157160018e-01,6.101409292793998906e-01,6.177912034995391988e-01,5.485972555760169067e-01,6.121088514132582148e-01,5.906627953836204314e-01,9.999999999999963363e-01,6.849804674474936350e-01,7.240968839044767957e-01,7.168522253463713856e-01,6.618366704557819835e-01,6.582004659949698411e-01,6.444900732616052341e-01,5.989893121334510795e-01,6.402846390089493855e-01,6.464499505826818426e-01,7.158400865329890284e-01,7.365483715825771327e-01,7.623994449154045672e-01,7.514962877083827264e-01,7.071800692157567125e-01,6.799641695938812846e-01,6.171844672748914018e-01,6.291448905628417299e-01,6.101889367508230855e-01,6.727254934325045399e-01,6.849804674474936350e-01,9.999999999999963363e-01,7.471992244297608332e-01,7.466008982560704554e-01,7.211820819504797253e-01,6.857923283391847979e-01,6.468467785529187219e-01,6.322316287728553252e-01,6.400526786068723162e-01,6.790186891527223434e-01,7.194969468886915909e-01,7.623994446301524119e-01,7.749472435923983049e-01,7.671545443786419449e-01,7.302253124206103951e-01,6.858507085809916193e-01,6.483226278693062783e-01,6.294429115147012199e-01,6.438793374589493190e-01,6.744566162044345337e-01,7.240968839044767957e-01,7.471992244297608332e-01,9.999999999999963363e-01,7.535536160971187947e-01,7.316417670052756117e-01,6.849333709922903468e-01,6.242006473231922481e-01,6.321123319447106148e-01,6.194405867722919679e-01,6.748530600503095389e-01,7.045704699677917127e-01,7.514962877681607978e-01,7.671545447133176765e-01,7.494222971998679705e-01,7.282890994183945921e-01,6.638088105425432595e-01,6.487294796711261524e-01,6.072592612030605075e-01,6.422339538457845221e-01,6.563664863960188001e-01,7.168522253463713856e-01,7.466008982560704554e-01,7.535536160971187947e-01,9.999999999999963363e-01,7.016164806631247641e-01,6.112260386701038328e-01,6.243167286354789347e-01,5.599329676519625432e-01,6.196251828442462806e-01,6.110026902629664969e-01,6.900978928854808458e-01,7.071800689052194500e-01,7.302253123872328722e-01,7.282890990602254311e-01,6.697231943587169667e-01,6.606483878234569174e-01,5.776156283913771450e-01,6.099954291067030132e-01,5.724588798591637717e-01,6.506718499612095252e-01,6.618366704557819835e-01,7.211820819504797253e-01,7.316417670052756117e-01,7.016164806631247641e-01,9.999999999999963363e-01
