9.999999999999957812e-01,3.195736480156819576e-02,4.176712745233700508e-01,1.261674470583768470e-01,4.091692646796575850e-01,2.509752717735490579e-01,3.574167704859549377e-01,3.655609432670601233e-01,2.379639341816734144e-01,4.119469514289711976e-01,1.158777735958323452e-01,4.157252417382905074e-01,8.960205555028397106e-02,4.154976208426845452e-01,1.824406964297037304e-01,3.920538945384783869e-01,3.164817064991615192e-01,2.986802469409475247e-01,4.118701323690145966e-01,9.571328315469884718e-02,3.195736480156819576e-02,9.999999999999957812e-01,1.101561182260294910e-02,4.174467057574701156e-01,1.570406588311284990e-01,3.845476369176111797e-01,2.983447055082396049e-01,2.863955201364432046e-01,3.901582818465252900e-01,1.440774859839840660e-01,4.157252432915388152e-01,5.577528235561377695e-02,4.169662901692786083e-01,9.534541341674290793e-02,4.065608630711244342e-01,2.289215442356906938e-01,3.446844635056300898e-01,3.541027745434179863e-01,2.137055245651822422e-01,4.155412186806458630e-01,4.176712745233700508e-01,1.101561182260294910e-02,9.999999999999957812e-01,4.088706152349361189e-02,4.149532753974678467e-01,2.286386211085784381e-01,3.469265634958795808e-01,3.545642448044308281e-01,2.179615609964594969e-01,4.092323934140466024e-01,8.960205458034428694e-02,4.169662868721115689e-01,6.211189940551951894e-02,4.151960512436865813e-01,1.591137905915194495e-01,3.858356484645819595e-01,2.999427999168500225e-01,2.884649228978757862e-01,3.903533059934021221e-01,1.478114998607013286e-01,1.261674470583768470e-01,4.174467057574701156e-01,4.088706152349361189e-02,9.999999999999957812e-01,1.101618326479142929e-01,4.111434057420052524e-01,3.136133433929139680e-01,3.106760364690871468e-01,3.981599389112862597e-01,1.782543569015578311e-01,4.154976239195733445e-01,9.534541746205779655e-02,4.151960541315055098e-01,1.324672635101458440e-01,4.110907084922177379e-01,2.565498308047303722e-01,3.612383154167538302e-01,3.683767563686726199e-01,2.448692305955801063e-01,4.113868386342368066e-01,4.091692646796575850e-01,1.570406588311284990e-01,4.149532753974678467e-01,1.101618326479142929e-01,9.999999999999957812e-01,1.923793189655057523e-01,4.074723180303383430e-01,3.795073665113322670e-01,2.896425031022298868e-01,4.124797080664650006e-01,1.824406926161607490e-01,4.065608600816438267e-01,1.591137880363407420e-01,4.110907035305674251e-01,2.399680110627493423e-01,4.062183476606749943e-01,3.504362819597675593e-01,3.421641996780862005e-01,4.080839608312883948e-01,2.305494588027987568e-01,2.509752717735490579e-01,3.845476369176111797e-01,2.286386211085784381e-01,4.111434057420052524e-01,1.923793189655057523e-01,9.999999999999957812e-01,2.561352366661142077e-01,4.053422629728744564e-01,4.011514219250013613e-01,2.918600766954866366e-01,3.920538976239874573e-01,2.289215480555302495e-01,3.858356499433313602e-01,2.565498309707203162e-01,4.062183533539263647e-01,3.435525103608396136e-01,4.024400630225471454e-01,4.049117118046230424e-01,3.358989716196200126e-01,4.038976253825694585e-01,3.574167704859549377e-01,2.983447055082396049e-01,3.469265634958795808e-01,3.136133433929139680e-01,4.074723180303383430e-01,2.561352366661142077e-01,9.999999999999957812e-01,2.770769877334315345e-01,4.055668330421970946e-01,3.702782063271927715e-01,3.164817058860223131e-01,3.446844625521693350e-01,2.999428007206886293e-01,3.612383118978023111e-01,3.504362843974031527e-01,4.024400585689074106e-01,4.036550053877464572e-01,4.011990157840237270e-01,3.991683501620831853e-01,3.448357354952517606e-01,3.655609432670601233e-01,2.863955201364432046e-01,3.545642448044308281e-01,3.106760364690871468e-01,3.795073665113322670e-01,4.053422629728744564e-01,2.770769877334315345e-01,9.999999999999957812e-01,2.472055403393479955e-01,4.080602589728086205e-01,2.986802461609849857e-01,3.541027742453804472e-01,2.884649231482381282e-01,3.683767528127224189e-01,3.421642026954332394e-01,4.049117090318878343e-01,4.011990161864410487e-01,3.973183865300798923e-01,4.029692494206225106e-01,3.353999804230495818e-01,2.379639341816734144e-01,3.901582818465252900e-01,2.179615609964594969e-01,3.981599389112862597e-01,2.896425031022298868e-01,4.011514219250013613e-01,4.055668330421970946e-01,2.472055403393479955e-01,9.999999999999957812e-01,1.779307676924971604e-01,4.118701362724784820e-01,2.137055254860755760e-01,3.903533088714218890e-01,2.448692281865518794e-01,4.080839658810566650e-01,3.358989693436821300e-01,3.991683529213491677e-01,4.029692511848897429e-01,3.269630205151491942e-01,4.070745999883232935e-01,4.119469514289711976e-01,1.440774859839840660e-01,4.092323934140466024e-01,1.782543569015578311e-01,4.124797080664650006e-01,2.918600766954866366e-01,3.702782063271927715e-01,4.080602589728086205e-01,1.779307676924971604e-01,9.999999999999957812e-01,9.571328018937971804e-02,4.155412161666558468e-01,1.478114989029905013e-01,4.113868340820094893e-01,2.305494602916756397e-01,4.038976212924080267e-01,3.448357336329234690e-01,3.353999784862957134e-01,4.070745962853018485e-01,2.194622784006428073e-01,1.158777735958323452e-01,4.157252432915388152e-01,8.960205458034428694e-02,4.154976239195733445e-01,1.824406926161607490e-01,3.920538976239874573e-01,3.164817058860223131e-01,2.986802461609849857e-01,4.118701362724784820e-01,9.571328018937971804e-02,9.999999999999957812e-01,3.195736567205096496e-02,4.176712768080665938e-01,1.261674435260455862e-01,4.091692679219885997e-01,2.509752684114467947e-01,3.574167721498059391e-01,3.655609443217007759e-01,2.379639337170809943e-01,4.119469532997220851e-01,4.157252417382905074e-01,5.577528235561377695e-02,4.169662868721115689e-01,9.534541746205779655e-02,4.065608600816438267e-01,2.289215480555302495e-01,3.446844625521693350e-01,3.541027742453804472e-01,2.137055254860755760e-01,4.155412161666558468e-01,3.195736567205096496e-02,9.999999999999957812e-01,1.101561358923109496e-02,4.174467038792895046e-01,1.570406627135152722e-01,3.845476346771253273e-01,2.983447070938928247e-01,2.863955205086415878e-01,3.901582797936272162e-01,1.440774882916299182e-01,8.960205555028397106e-02,4.169662901692786083e-01,6.211189940551951894e-02,4.151960541315055098e-01,1.591137880363407420e-01,3.858356499433313602e-01,2.999428007206886293e-01,2.884649231482381282e-01,3.903533088714218890e-01,1.478114989029905013e-01,4.176712768080665938e-01,1.101561358923109496e-02,9.999999999999957812e-01,4.088705850936077274e-02,4.149532784217289105e-01,2.286386186888854088e-01,3.469265663092325203e-01,3.545642453295370089e-01,2.179615613769569360e-01,4.092323965483988246e-01,4.154976208426845452e-01,9.534541341674290793e-02,4.151960512436865813e-01,1.324672635101458440e-01,4.110907035305674251e-01,2.565498309707203162e-01,3.612383118978023111e-01,3.683767528127224189e-01,2.448692281865518794e-01,4.113868340820094893e-01,1.261674435260455862e-01,4.174467038792895046e-01,4.088705850936077274e-02,9.999999999999957812e-01,1.101618335348812372e-01,4.111434008515426619e-01,3.136133416829971488e-01,3.106760333918222039e-01,3.981599350549500094e-01,1.782543553966602357e-01,1.824406964297037304e-01,4.065608630711244342e-01,1.591137905915194495e-01,4.110907084922177379e-01,2.399680110627493423e-01,4.062183533539263647e-01,3.504362843974031527e-01,3.421642026954332394e-01,4.080839658810566650e-01,2.305494602916756397e-01,4.091692679219885997e-01,1.570406627135152722e-01,4.149532784217289105e-01,1.101618335348812372e-01,9.999999999999957812e-01,1.923793198826790340e-01,4.074723225359448975e-01,3.795073703576596902e-01,2.896425056330651504e-01,4.124797140890428260e-01,3.920538945384783869e-01,2.289215442356906938e-01,3.858356484645819595e-01,2.565498308047303722e-01,4.062183476606749943e-01,3.435525103608396136e-01,4.024400585689074106e-01,4.049117090318878343e-01,3.358989693436821300e-01,4.038976212924080267e-01,2.509752684114467947e-01,3.845476346771253273e-01,2.286386186888854088e-01,4.111434008515426619e-01,1.923793198826790340e-01,9.999999999999957812e-01,2.561352337602079698e-01,4.053422604029117693e-01,4.011514172916367249e-01,2.918600752746425830e-01,3.164817064991615192e-01,3.446844635056300898e-01,2.999427999168500225e-01,3.612383154167538302e-01,3.504362819597675593e-01,4.024400630225471454e-01,4.036550053877464572e-01,4.011990161864410487e-01,3.991683529213491677e-01,3.448357336329234690e-01,3.574167721498059391e-01,2.983447070938928247e-01,3.469265663092325203e-01,3.136133416829971488e-01,4.074723225359448975e-01,2.561352337602079698e-01,9.999999999999957812e-01,2.770769903233414877e-01,4.055668328648499577e-01,3.702782100771644380e-01,2.986802469409475247e-01,3.541027745434179863e-01,2.884649228978757862e-01,3.683767563686726199e-01,3.421641996780862005e-01,4.049117118046230424e-01,4.011990157840237270e-01,3.973183865300798923e-01,4.029692511848897429e-01,3.353999784862957134e-01,3.655609443217007759e-01,2.863955205086415878e-01,3.545642453295370089e-01,3.106760333918222039e-01,3.795073703576596902e-01,4.053422604029117693e-01,2.770769903233414877e-01,9.999999999999957812e-01,2.472055385828990370e-01,4.080602618873029330e-01,4.118701323690145966e-01,2.137055245651822422e-01,3.903533059934021221e-01,2.448692305955801063e-01,4.080839608312883948e-01,3.358989716196200126e-01,3.991683501620831853e-01,4.029692494206225106e-01,3.269630205151491942e-01,4.070745962853018485e-01,2.379639337170809943e-01,3.901582797936272162e-01,2.179615613769569360e-01,3.981599350549500094e-01,2.896425056330651504e-01,4.011514172916367249e-01,4.055668328648499577e-01,2.472055385828990370e-01,9.999999999999957812e-01,1.779307691416217863e-01,9.571328315469884718e-02,4.155412186806458630e-01,1.478114998607013286e-01,4.113868386342368066e-01,2.305494588027987568e-01,4.038976253825694585e-01,3.448357354952517606e-01,3.353999804230495818e-01,4.070745999883232935e-01,2.194622784006428073e-01,4.119469532997220851e-01,1.440774882916299182e-01,4.092323965483988246e-01,1.782543553966602357e-01,4.124797140890428260e-01,2.918600752746425830e-01,3.702782100771644380e-01,4.080602618873029330e-01,1.779307691416217863e-01,9.999999999999957812e-01
9.999999999999973355e-01,2.447706731700482197e-01,4.001243600315260718e-01,3.947228854397225595e-01,2.845223753328577909e-01,3.881949789699387643e-01,2.207556844993409650e-01,3.822073872459595956e-01,2.477709561193934540e-01,4.012556318908757635e-01,3.350683021254993177e-01,3.959831337561030562e-01,3.981477960176972863e-01,3.286022222299743722e-01,3.993503372552882347e-01,2.431487730547668702e-01,3.811243968051354347e-01,2.198283121349284552e-01,4.081515361983785173e-01,1.808117615779501475e-01,2.447706731700482197e-01,9.999999999999973355e-01,2.663295505765465032e-01,4.003851152133695024e-01,3.643536820758656036e-01,3.097242716881025149e-01,3.401175150700045391e-01,2.925583047925423008e-01,3.559792766146635534e-01,3.425748091985336696e-01,3.959831329995028293e-01,3.962718649035304463e-01,3.942059103282106181e-01,3.932629164257201437e-01,3.379103748754945791e-01,3.527578998138009014e-01,2.912262275694416647e-01,3.422862903915413479e-01,3.054012884450785781e-01,4.030908649336742422e-01,4.001243600315260718e-01,2.663295505765465032e-01,9.999999999999973355e-01,2.372536403025299334e-01,4.037735363313841863e-01,2.926974778181567483e-01,3.485623773177247142e-01,2.827026555608249669e-01,3.621449431516363671e-01,3.355039258372832789e-01,3.981477956891877890e-01,3.942059105064028013e-01,3.908920594459618369e-01,3.966028052132523074e-01,3.297860321149231888e-01,3.598729957014066283e-01,2.809552778997584932e-01,3.486410944472834172e-01,3.046468096873244935e-01,3.722050727089635802e-01,3.947228854397225595e-01,4.003851152133695024e-01,2.372536403025299334e-01,9.999999999999973355e-01,1.686489441266419143e-01,4.089953623180345721e-01,2.071244943333369615e-01,3.862018595044665603e-01,2.378809119627267599e-01,4.029358703646158113e-01,3.286022221632625140e-01,3.932629169479364695e-01,3.966028055470680602e-01,3.209837816928302612e-01,4.022582818536052929e-01,2.319631600148217843e-01,3.861011018849071497e-01,2.113686427085273434e-01,3.934628356982529662e-01,2.825829578353914462e-01,2.845223753328577909e-01,3.643536820758656036e-01,4.037735363313841863e-01,1.686489441266419143e-01,9.999999999999973355e-01,8.672013056955422960e-02,4.140560284081888920e-01,1.403207133328914225e-01,4.082657106116255319e-01,2.227726703029525857e-01,3.993503372177272803e-01,3.379103746951330201e-01,3.297860317436764888e-01,4.022582821926796726e-01,2.132496149230662386e-01,4.090121430032084282e-01,1.371592988471329599e-01,4.065764540297506224e-01,1.705777113270430245e-01,4.085710740300226296e-01,3.881949789699387643e-01,3.097242716881025149e-01,2.926974778181567483e-01,4.089953623180345721e-01,8.672013056955422960e-02,9.999999999999973355e-01,2.276121754291932087e-02,4.170225383577660372e-01,1.178029028269859391e-01,4.063262943082409095e-01,2.431487720763130800e-01,3.527579002552467813e-01,3.598729955580823869e-01,2.319631590275864075e-01,4.090121425437088232e-01,1.088403617714598370e-01,4.142846411999578926e-01,8.158632002748551770e-02,4.134781601522491967e-01,1.741632464647548117e-01,2.207556844993409650e-01,3.401175150700045391e-01,3.485623773177247142e-01,2.071244943333369615e-01,4.140560284081888920e-01,2.276121754291932087e-02,9.999999999999973355e-01,1.202338461915974932e-03,4.167617811013365481e-01,1.481720987919714072e-01,3.811243964371939796e-01,2.912262267338563970e-01,2.809552767913228166e-01,3.861011020028076723e-01,1.371592979989385008e-01,4.142846411043332178e-01,4.763678754075084676e-02,4.160618629643674238e-01,8.647119198352778979e-02,4.041700021592211645e-01,3.822073872459595956e-01,2.925583047925423008e-01,2.827026555608249669e-01,3.862018595044665603e-01,1.403207133328914225e-01,4.170225383577660372e-01,1.202338461915974932e-03,9.999999999999973355e-01,3.027825386094093463e-02,4.133733588590340902e-01,2.198283119425872845e-01,3.422862914663736267e-01,3.486410948842905144e-01,2.113686425026749527e-01,4.065764541967881729e-01,8.158632119668923766e-02,4.160618632395551852e-01,5.301660248479048154e-02,4.136649699141279335e-01,1.499480800914175516e-01,2.477709561193934540e-01,3.559792766146635534e-01,3.621449431516363671e-01,2.378809119627267599e-01,4.082657106116255319e-01,1.178029028269859391e-01,4.167617811013365481e-01,3.027825386094093463e-02,9.999999999999973355e-01,9.888294521071862297e-02,4.081515362880093201e-01,3.054012886477127653e-01,3.046468097778891604e-01,3.934628359366886818e-01,1.705777120442221462e-01,4.134781598966047467e-01,8.647119370222802748e-02,4.136649699862506857e-01,1.229248764319422205e-01,4.080094916765422131e-01,4.012556318908757635e-01,3.425748091985336696e-01,3.355039258372832789e-01,4.029358703646158113e-01,2.227726703029525857e-01,4.063262943082409095e-01,1.481720987919714072e-01,4.133733588590340902e-01,9.888294521071862297e-02,9.999999999999973355e-01,1.808117610765189176e-01,4.030908655603078206e-01,3.722050728816233556e-01,2.825829573166208086e-01,4.085710742558612552e-01,1.741632470565152857e-01,4.041700023507061035e-01,1.499480795573944758e-01,4.080094911015971215e-01,2.306590399711076489e-01,3.350683021254993177e-01,3.959831329995028293e-01,3.981477956891877890e-01,3.286022221632625140e-01,3.993503372177272803e-01,2.431487720763130800e-01,3.811243964371939796e-01,2.198283119425872845e-01,4.081515362880093201e-01,1.808117610765189176e-01,9.999999999999973355e-01,2.447706728838887624e-01,4.001243593017477229e-01,3.947228852454195414e-01,2.845223746641507567e-01,3.881949790083015217e-01,2.207556846016238694e-01,3.822073873187779580e-01,2.477709551246255193e-01,4.012556319728799448e-01,3.959831337561030562e-01,3.962718649035304463e-01,3.942059105064028013e-01,3.932629169479364695e-01,3.379103746951330201e-01,3.527579002552467813e-01,2.912262267338563970e-01,3.422862914663736267e-01,3.054012886477127653e-01,4.030908655603078206e-01,2.447706728838887624e-01,9.999999999999973355e-01,2.663295506753490249e-01,4.003851147256400900e-01,3.643536825656409350e-01,3.097242717128416700e-01,3.401175160110623263e-01,2.925583038554637749e-01,3.559792766455992519e-01,3.425748087923120577e-01,3.981477960176972863e-01,3.942059103282106181e-01,3.908920594459618369e-01,3.966028055470680602e-01,3.297860317436764888e-01,3.598729955580823869e-01,2.809552767913228166e-01,3.486410948842905144e-01,3.046468097778891604e-01,3.722050728816233556e-01,4.001243593017477229e-01,2.663295506753490249e-01,9.999999999999973355e-01,2.372536398267097724e-01,4.037735363961190149e-01,2.926974777482606038e-01,3.485623781038992286e-01,2.827026548153565022e-01,3.621449432539161073e-01,3.355039254579675889e-01,3.286022222299743722e-01,3.932629164257201437e-01,3.966028052132523074e-01,3.209837816928302612e-01,4.022582821926796726e-01,2.319631590275864075e-01,3.861011020028076723e-01,2.113686425026749527e-01,3.934628359366886818e-01,2.825829573166208086e-01,3.947228852454195414e-01,4.003851147256400900e-01,2.372536398267097724e-01,9.999999999999973355e-01,1.686489436314843604e-01,4.089953627828566418e-01,2.071244943895411694e-01,3.862018595400706911e-01,2.378809107590192096e-01,4.029358703893787252e-01,3.993503372552882347e-01,3.379103748754945791e-01,3.297860321149231888e-01,4.022582818536052929e-01,2.132496149230662386e-01,4.090121425437088232e-01,1.371592979989385008e-01,4.065764541967881729e-01,1.705777120442221462e-01,4.085710742558612552e-01,2.845223746641507567e-01,3.643536825656409350e-01,4.037735363961190149e-01,1.686489436314843604e-01,9.999999999999973355e-01,8.672013099061356978e-02,4.140560282643822032e-01,1.403207126527811210e-01,4.082657102551729422e-01,2.227726702094866007e-01,2.431487730547668702e-01,3.527578998138009014e-01,3.598729957014066283e-01,2.319631600148217843e-01,4.090121430032084282e-01,1.088403617714598370e-01,4.142846411043332178e-01,8.158632119668923766e-02,4.134781598966047467e-01,1.741632470565152857e-01,3.881949790083015217e-01,3.097242717128416700e-01,2.926974777482606038e-01,4.089953627828566418e-01,8.672013099061356978e-02,9.999999999999973355e-01,2.276121878268971485e-02,4.170225390573995550e-01,1.178029025549218733e-01,4.063262945620789157e-01,3.811243968051354347e-01,2.912262275694416647e-01,2.809552778997584932e-01,3.861011018849071497e-01,1.371592988471329599e-01,4.142846411999578926e-01,4.763678754075084676e-02,4.160618632395551852e-01,8.647119370222802748e-02,4.041700023507061035e-01,2.207556846016238694e-01,3.401175160110623263e-01,3.485623781038992286e-01,2.071244943895411694e-01,4.140560282643822032e-01,2.276121878268971485e-02,9.999999999999973355e-01,1.202338699244492881e-03,4.167617806364876110e-01,1.481720996120640121e-01,2.198283121349284552e-01,3.422862903915413479e-01,3.486410944472834172e-01,2.113686427085273434e-01,4.065764540297506224e-01,8.158632002748551770e-02,4.160618629643674238e-01,5.301660248479048154e-02,4.136649699862506857e-01,1.499480795573944758e-01,3.822073873187779580e-01,2.925583038554637749e-01,2.827026548153565022e-01,3.862018595400706911e-01,1.403207126527811210e-01,4.170225390573995550e-01,1.202338699244492881e-03,9.999999999999973355e-01,3.027825271917169297e-02,4.133733586888699296e-01,4.081515361983785173e-01,3.054012884450785781e-01,3.046468096873244935e-01,3.934628356982529662e-01,1.705777113270430245e-01,4.134781601522491967e-01,8.647119198352778979e-02,4.136649699141279335e-01,1.229248764319422205e-01,4.080094911015971215e-01,2.477709551246255193e-01,3.559792766455992519e-01,3.621449432539161073e-01,2.378809107590192096e-01,4.082657102551729422e-01,1.178029025549218733e-01,4.167617806364876110e-01,3.027825271917169297e-02,9.999999999999973355e-01,9.888294444910508685e-02,1.808117615779501475e-01,4.030908649336742422e-01,3.722050727089635802e-01,2.825829578353914462e-01,4.085710740300226296e-01,1.741632464647548117e-01,4.041700021592211645e-01,1.499480800914175516e-01,4.080094916765422131e-01,2.306590399711076489e-01,4.012556319728799448e-01,3.425748087923120577e-01,3.355039254579675889e-01,4.029358703893787252e-01,2.227726702094866007e-01,4.063262945620789157e-01,1.481720996120640121e-01,4.133733586888699296e-01,9.888294444910508685e-02,9.999999999999973355e-01
1.000000000000001554e+00,1.350686586814075357e-02,4.164692094214456075e-01,1.093616956661502271e-01,4.035695718331069326e-01,2.352429213221107207e-01,3.481835787022406481e-01,3.541384323819298241e-01,2.260249278018133245e-01,4.060830773735985000e-01,1.018155128592381775e-01,4.128938477975807042e-01,7.352365095826214614e-02,4.115334527630523098e-01,1.658076512301843719e-01,3.844104659839848726e-01,3.029207551460629255e-01,2.867419361749737328e-01,4.061716274316558017e-01,7.768943163658165174e-02,1.350686586814075357e-02,1.000000000000001554e+00,-8.701806212678806288e-03,4.162013897312529798e-01,1.391813995763057088e-01,3.778098620899401627e-01,2.840189608885775874e-01,2.755906599838936488e-01,3.820246540425832893e-01,1.302589629509036673e-01,4.128938484197199332e-01,3.944403124526127402e-02,4.152505350092976499e-01,7.748994945091858266e-02,4.018846751464399403e-01,2.124843153369854742e-01,3.356344252268226303e-01,3.429830119734038618e-01,2.005591180278606944e-01,4.126381850038122745e-01,4.164692094214456075e-01,-8.701806212678806288e-03,1.000000000000001554e+00,1.954637690670409100e-02,4.119370133170834336e-01,2.108749035502966440e-01,3.377476001005673134e-01,3.426526780705709818e-01,2.048095130827379540e-01,4.039475995998629831e-01,7.352364948002450273e-02,4.152505329200664175e-01,4.380434700772324608e-02,4.122529611487929513e-01,1.406428703117434675e-01,3.786867688738161375e-01,2.850772363020503963e-01,2.770007083051001517e-01,3.820453953124024471e-01,1.328058947863915429e-01,1.093616956661502271e-01,4.162013897312529798e-01,1.954637690670409100e-02,1.000000000000001554e+00,8.746156405035622472e-02,4.053049385388907133e-01,2.970577209238149941e-01,2.986852204392519416e-01,3.887479864449953637e-01,1.628761375200539763e-01,4.115334544278835827e-01,7.748995276248676900e-02,4.122529627673312547e-01,1.132309729558637901e-01,4.050461043086687196e-01,2.388601426369018066e-01,3.508005500327255333e-01,3.558583823679114522e-01,2.309054023414830736e-01,4.051874048589046429e-01,4.035695718331069326e-01,1.391813995763057088e-01,4.119370133170834336e-01,8.746156405035622472e-02,1.000000000000001554e+00,1.691024640593982442e-01,3.988383796133849191e-01,3.648109409624085142e-01,2.755432109234406957e-01,4.046980389614985851e-01,1.658076482236768567e-01,4.018846732748396766e-01,1.406428689819791689e-01,4.050461010618535695e-01,2.212052906202860714e-01,3.963827294832810710e-01,3.346261062311558510e-01,3.288776015515176843e-01,3.977917580849785750e-01,2.149553450612849970e-01,2.352429213221107207e-01,3.778098620899401627e-01,2.108749035502966440e-01,4.053049385388907133e-01,1.691024640593982442e-01,1.000000000000001554e+00,2.332850304289741661e-01,3.950073547562995557e-01,3.882551455052589695e-01,2.771610431860312973e-01,3.844104674220447659e-01,2.124843185135910084e-01,3.786867691511684453e-01,2.388601427254165022e-01,3.963827328295597141e-01,3.264847852128947014e-01,3.895719628816127766e-01,3.913614196371687504e-01,3.212917493047278139e-01,3.948602469458049602e-01,3.481835787022406481e-01,2.840189608885775874e-01,3.377476001005673134e-01,2.970577209238149941e-01,3.988383796133849191e-01,2.332850304289741661e-01,1.000000000000001554e+00,2.554936992295523401e-01,3.952751767536322181e-01,3.584354356796893848e-01,3.029207539611236122e-01,3.356344251718755833e-01,2.850772368752653718e-01,3.508005479912955638e-01,3.346261077791172212e-01,3.895719602855410857e-01,3.888562669578471964e-01,3.872152761938485455e-01,3.873951184640311851e-01,3.309405288556188096e-01,3.541384323819298241e-01,2.755906599838936488e-01,3.426526780705709818e-01,2.986852204392519416e-01,3.648109409624085142e-01,3.950073547562995557e-01,2.554936992295523401e-01,1.000000000000001554e+00,2.272455191143956943e-01,3.995395489894525420e-01,2.867419341420008871e-01,3.429830126681636671e-01,2.770007073737262848e-01,3.558583801998991269e-01,3.288776025536351288e-01,3.913614180989524183e-01,3.872152760032436802e-01,3.844959495738949906e-01,3.902128471577325786e-01,3.242422000841097551e-01,2.260249278018133245e-01,3.820246540425832893e-01,2.048095130827379540e-01,3.887479864449953637e-01,2.755432109234406957e-01,3.882551455052589695e-01,3.952751767536322181e-01,2.272455191143956943e-01,1.000000000000001554e+00,1.593303306391047613e-01,4.061716298251491497e-01,2.005591189637642713e-01,3.820453974991276924e-01,2.309054005336484416e-01,3.977917616799178102e-01,3.212917475038611359e-01,3.873951201059980254e-01,3.902128478735480410e-01,3.150693252565002767e-01,3.974197082977039552e-01,4.060830773735985000e-01,1.302589629509036673e-01,4.039475995998629831e-01,1.628761375200539763e-01,4.046980389614985851e-01,2.771610431860312973e-01,3.584354356796893848e-01,3.995395489894525420e-01,1.593303306391047613e-01,1.000000000000001554e+00,7.768942896272271192e-02,4.126381832895414936e-01,1.328058942089928030e-01,4.051874014445536742e-01,2.149553458780710802e-01,3.948602445898220514e-01,3.309405277582940230e-01,3.242421994950084319e-01,3.974197063298280930e-01,2.070950069985407482e-01,1.018155128592381775e-01,4.128938484197199332e-01,7.352364948002450273e-02,4.115334544278835827e-01,1.658076482236768567e-01,3.844104674220447659e-01,3.029207539611236122e-01,2.867419341420008871e-01,4.061716298251491497e-01,7.768942896272271192e-02,1.000000000000001554e+00,1.350686607240047035e-02,4.164692113209245150e-01,1.093616922551974568e-01,4.035695741093238142e-01,2.352429180419582377e-01,3.481835790167761013e-01,3.541384320673263142e-01,2.260249269142468875e-01,4.060830779502443422e-01,4.128938477975807042e-01,3.944403124526127402e-02,4.152505329200664175e-01,7.748995276248676900e-02,4.018846732748396766e-01,2.124843185135910084e-01,3.356344251718755833e-01,3.429830126681636671e-01,2.005591189637642713e-01,4.126381832895414936e-01,1.350686607240047035e-02,1.000000000000001554e+00,-8.701804544057875623e-03,4.162013882193706937e-01,1.391814021729536610e-01,3.778098611054422906e-01,2.840189623902797944e-01,2.755906613143254136e-01,3.820246531062658768e-01,1.302589646019171044e-01,7.352365095826214614e-02,4.152505350092976499e-01,4.380434700772324608e-02,4.122529627673312547e-01,1.406428689819791689e-01,3.786867691511684453e-01,2.850772368752653718e-01,2.770007073737262848e-01,3.820453974991276924e-01,1.328058942089928030e-01,4.164692113209245150e-01,-8.701804544057875623e-03,1.000000000000001554e+00,1.954637459249469050e-02,4.119370156407480277e-01,2.108749016498729090e-01,3.377476016545399862e-01,3.426526778023395448e-01,2.048095134314795174e-01,4.039476014109485980e-01,4.115334527630523098e-01,7.748994945091858266e-02,4.122529611487929513e-01,1.132309729558637901e-01,4.050461010618535695e-01,2.388601427254165022e-01,3.508005479912955638e-01,3.558583801998991269e-01,2.309054005336484416e-01,4.051874014445536742e-01,1.093616922551974568e-01,4.162013882193706937e-01,1.954637459249469050e-02,1.000000000000001554e+00,8.746156426609434653e-02,4.053049352837357344e-01,2.970577197973000572e-01,2.986852188075480585e-01,3.887479840955301857e-01,1.628761360215067733e-01,1.658076512301843719e-01,4.018846751464399403e-01,1.406428703117434675e-01,4.050461043086687196e-01,2.212052906202860714e-01,3.963827328295597141e-01,3.346261077791172212e-01,3.288776025536351288e-01,3.977917616799178102e-01,2.149553458780710802e-01,4.035695741093238142e-01,1.391814021729536610e-01,4.119370156407480277e-01,8.746156426609434653e-02,1.000000000000001554e+00,1.691024646127324282e-01,3.988383820938571356e-01,3.648109432884968917e-01,2.755432124014729478e-01,4.046980430860279698e-01,3.844104659839848726e-01,2.124843153369854742e-01,3.786867688738161375e-01,2.388601426369018066e-01,3.963827294832810710e-01,3.264847852128947014e-01,3.895719602855410857e-01,3.913614180989524183e-01,3.212917475038611359e-01,3.948602445898220514e-01,2.352429180419582377e-01,3.778098611054422906e-01,2.108749016498729090e-01,4.053049352837357344e-01,1.691024646127324282e-01,1.000000000000001554e+00,2.332850283902851984e-01,3.950073535605606034e-01,3.882551425443285797e-01,2.771610418125589059e-01,3.029207551460629255e-01,3.356344252268226303e-01,2.850772363020503963e-01,3.508005500327255333e-01,3.346261062311558510e-01,3.895719628816127766e-01,3.888562669578471964e-01,3.872152760032436802e-01,3.873951201059980254e-01,3.309405277582940230e-01,3.481835790167761013e-01,2.840189623902797944e-01,3.377476016545399862e-01,2.970577197973000572e-01,3.988383820938571356e-01,2.332850283902851984e-01,1.000000000000001554e+00,2.554937009556134675e-01,3.952751768347274597e-01,3.584354379335891183e-01,2.867419361749737328e-01,3.429830119734038618e-01,2.770007083051001517e-01,3.558583823679114522e-01,3.288776015515176843e-01,3.913614196371687504e-01,3.872152761938485455e-01,3.844959495738949906e-01,3.902128478735480410e-01,3.242421994950084319e-01,3.541384320673263142e-01,2.755906613143254136e-01,3.426526778023395448e-01,2.986852188075480585e-01,3.648109432884968917e-01,3.950073535605606034e-01,2.554937009556134675e-01,1.000000000000001554e+00,2.272455183753447627e-01,3.995395502608570792e-01,4.061716274316558017e-01,2.005591180278606944e-01,3.820453953124024471e-01,2.309054023414830736e-01,3.977917580849785750e-01,3.212917493047278139e-01,3.873951184640311851e-01,3.902128471577325786e-01,3.150693252565002767e-01,3.974197063298280930e-01,2.260249269142468875e-01,3.820246531062658768e-01,2.048095134314795174e-01,3.887479840955301857e-01,2.755432124014729478e-01,3.882551425443285797e-01,3.952751768347274597e-01,2.272455183753447627e-01,1.000000000000001554e+00,1.593303315123654751e-01,7.768943163658165174e-02,4.126381850038122745e-01,1.328058947863915429e-01,4.051874048589046429e-01,2.149553450612849970e-01,3.948602469458049602e-01,3.309405288556188096e-01,3.242422000841097551e-01,3.974197082977039552e-01,2.070950069985407482e-01,4.060830779502443422e-01,1.302589646019171044e-01,4.039476014109485980e-01,1.628761360215067733e-01,4.046980430860279698e-01,2.771610418125589059e-01,3.584354379335891183e-01,3.995395502608570792e-01,1.593303315123654751e-01,1.000000000000001554e+00
