1.000000000000006661e+00,5.563802782793318968e-01,6.650904077795904978e-01,7.181326760367301443e-01,7.060424520661585657e-01,6.464157021905622136e-01,5.434278217018967405e-01,5.722244630703817725e-01,6.126416888887818990e-01,7.116977239738611072e-01,7.265948215759496787e-01,6.534932025512263376e-01,5.946844322813957806e-01,5.303802275174883674e-01,6.113221259075551917e-01,6.745841257304161509e-01,7.279237102732030174e-01,6.974974103034357054e-01,5.900028409807136498e-01,5.563802782793318968e-01,1.000000000000006661e+00,6.675748225652370360e-01,7.480987894394179882e-01,7.397248412827182040e-01,6.469091262862644021e-01,5.989869434467434139e-01,5.641414106491104974e-01,6.614363340359781240e-01,7.240953016012465771e-01,7.461347450494379974e-01,6.968679478148120943e-01,5.889935995766808485e-01,5.871580567496572645e-01,6.072916399147635369e-01,7.150463364299288749e-01,7.509462365555478192e-01,7.073445137442301300e-01,6.409242736538850460e-01,6.650904077795904978e-01,6.675748225652370360e-01,1.000000000000006661e+00,8.228326876464594486e-01,8.147352182735591031e-01,7.478802809425442177e-01,6.558852347792009096e-01,6.726761528407475543e-01,7.232581062497416280e-01,8.164445169115279732e-01,8.315051224578289268e-01,7.639857342966984710e-01,6.951958686582363489e-01,6.428663546290186437e-01,7.127318137641849294e-01,7.835075773062492033e-01,8.347266714900053453e-01,8.011493729014795839e-01,7.026685256411830949e-01,7.181326760367301443e-01,7.480987894394179882e-01,8.228326876464594486e-01,1.000000000000006661e+00,8.814741500281639830e-01,8.046201806566133374e-01,7.352093210732062456e-01,7.248374926395791951e-01,8.007132663207529033e-01,8.766016845001419755e-01,8.967955260964841635e-01,8.375467171526753685e-01,7.490758445330620852e-01,7.230936611599489972e-01,7.662971659443351680e-01,8.576228595914323627e-01,8.993581296019927951e-01,8.619203387556393370e-01,7.797042878412252520e-01,7.060424520661585657e-01,7.397248412827182040e-01,8.147352182735591031e-01,8.814741500281639830e-01,1.000000000000006661e+00,7.903639646584470491e-01,7.269189493571606153e-01,7.131931650438397829e-01,7.912880049254298331e-01,8.670833836723496058e-01,8.852269641622623197e-01,8.296830163054632612e-01,7.367457744854289947e-01,7.149149818295612580e-01,7.552830327766786311e-01,8.474449206942352708e-01,8.905448837377298865e-01,8.498706846732914100e-01,7.719870560767663203e-01,6.464157021905622136e-01,6.469091262862644021e-01,7.478802809425442177e-01,8.046201806566133374e-01,7.903639646584470491e-01,1.000000000000006661e+00,6.320574061080194150e-01,6.520368964088938402e-01,7.017807330514276298e-01,7.950257178190863749e-01,8.116482970864140611e-01,7.413185477176391647e-01,6.759178797883497181e-01,6.204383998940126155e-01,6.924564297180610950e-01,7.625970753598876328e-01,8.127813393616930560e-01,7.816671189348257665e-01,6.798859986580421122e-01,5.434278217018967405e-01,5.989869434467434139e-01,6.558852347792009096e-01,7.352093210732062456e-01,7.269189493571606153e-01,6.320574061080194150e-01,1.000000000000006661e+00,5.499966302182852651e-01,6.478249257328996258e-01,7.113128716571583965e-01,7.326638757077376107e-01,6.846379427312054844e-01,5.752723813023056243e-01,5.748272731780055267e-01,5.940111339532261336e-01,7.020499649758547012e-01,7.384085078882516306e-01,6.937152206793819609e-01,6.296441089602728969e-01,5.722244630703817725e-01,5.641414106491104974e-01,6.726761528407475543e-01,7.248374926395791951e-01,7.131931650438397829e-01,6.520368964088938402e-01,5.499966302182852651e-01,1.000000000000006661e+00,6.185372083488597239e-01,7.180995195227705130e-01,7.331524749643809624e-01,6.607087735958487862e-01,6.011368705190476280e-01,5.375435080211408145e-01,6.180097676028747378e-01,6.814098197017095515e-01,7.350028500175755930e-01,7.046346804904355388e-01,5.981328134214890513e-01,6.126416888887818990e-01,6.614363340359781240e-01,7.232581062497416280e-01,8.007132663207529033e-01,7.912880049254298331e-01,7.017807330514276298e-01,6.478249257328996258e-01,6.185372083488597239e-01,1.000000000000006661e+00,7.755742701848021836e-01,7.991846094369259301e-01,7.475105980437639630e-01,6.443591945310851443e-01,6.368057096239974069e-01,6.623181989343821519e-01,7.663375456827792309e-01,8.034421859974631985e-01,7.614563542722712075e-01,6.918781826373272548e-01,7.116977239738611072e-01,7.240953016012465771e-01,8.164445169115279732e-01,8.766016845001419755e-01,8.670833836723496058e-01,7.950257178190863749e-01,7.113128716571583965e-01,7.180995195227705130e-01,7.755742701848021836e-01,1.000000000000006661e+00,8.788159554497684267e-01,8.176086968742952710e-01,7.413772926032416999e-01,6.984295523376441439e-01,7.593247935486355793e-01,8.365376470169222367e-01,8.854102613781941189e-01,8.495342562735914704e-01,7.574408601180777634e-01,7.265948215759496787e-01,7.461347450494379974e-01,8.315051224578289268e-01,8.967955260964841635e-01,8.852269641622623197e-01,8.116482970864140611e-01,7.326638757077376107e-01,7.331524749643809624e-01,7.991846094369259301e-01,8.788159554497684267e-01,1.000000000000006661e+00,8.347145928259611658e-01,7.566776482419776961e-01,7.203099692755463579e-01,7.739264965432530730e-01,8.576791289345065961e-01,9.023409684470967695e-01,8.673356883079178514e-01,7.779218357367020387e-01,6.534932025512263376e-01,6.968679478148120943e-01,7.639857342966984710e-01,8.375467171526753685e-01,8.296830163054632612e-01,7.413185477176391647e-01,6.846379427312054844e-01,6.607087735958487862e-01,7.475105980437639630e-01,8.176086968742952710e-01,8.347145928259611658e-01,1.000000000000006661e+00,6.832305894926372636e-01,6.716013112259707762e-01,7.033978074222235755e-01,8.024419680419060397e-01,8.427494902681210709e-01,8.001035314244797636e-01,7.284912637147751280e-01,5.946844322813957806e-01,5.889935995766808485e-01,6.951958686582363489e-01,7.490758445330620852e-01,7.367457744854289947e-01,6.759178797883497181e-01,5.752723813023056243e-01,6.011368705190476280e-01,6.443591945310851443e-01,7.413772926032416999e-01,7.566776482419776961e-01,6.832305894926372636e-01,1.000000000000006661e+00,5.616241588355450620e-01,6.394676681646108696e-01,7.059649791364472904e-01,7.581379929432394693e-01,7.280636781056520901e-01,6.224630541729195832e-01,5.303802275174883674e-01,5.871580567496572645e-01,6.428663546290186437e-01,7.230936611599489972e-01,7.149149818295612580e-01,6.204383998940126155e-01,5.748272731780055267e-01,5.375435080211408145e-01,6.368057096239974069e-01,6.984295523376441439e-01,7.203099692755463579e-01,6.716013112259707762e-01,5.616241588355450620e-01,1.000000000000006661e+00,5.800833356487665737e-01,6.893931314339254435e-01,7.256853606631477049e-01,6.811585663264293489e-01,6.175389293029367455e-01,6.113221259075551917e-01,6.072916399147635369e-01,7.127318137641849294e-01,7.662971659443351680e-01,7.552830327766786311e-01,6.924564297180610950e-01,5.940111339532261336e-01,6.180097676028747378e-01,6.623181989343821519e-01,7.593247935486355793e-01,7.739264965432530730e-01,7.033978074222235755e-01,6.394676681646108696e-01,5.800833356487665737e-01,1.000000000000006661e+00,7.218821918630147216e-01,7.761400548066046401e-01,7.446902416608291997e-01,6.412550302298625216e-01,6.745841257304161509e-01,7.150463364299288749e-01,7.835075773062492033e-01,8.576228595914323627e-01,8.474449206942352708e-01,7.625970753598876328e-01,7.020499649758547012e-01,6.814098197017095515e-01,7.663375456827792309e-01,8.365376470169222367e-01,8.576791289345065961e-01,8.024419680419060397e-01,7.059649791364472904e-01,6.893931314339254435e-01,7.218821918630147216e-01,1.000000000000006661e+00,8.585362614787747093e-01,8.211067315318407722e-01,7.457592295080155420e-01,7.279237102732030174e-01,7.509462365555478192e-01,8.347266714900053453e-01,8.993581296019927951e-01,8.905448837377298865e-01,8.127813393616930560e-01,7.384085078882516306e-01,7.350028500175755930e-01,8.034421859974631985e-01,8.854102613781941189e-01,9.023409684470967695e-01,8.427494902681210709e-01,7.581379929432394693e-01,7.256853606631477049e-01,7.761400548066046401e-01,8.585362614787747093e-01,1.000000000000006661e+00,8.662227886150988265e-01,7.835486901133938975e-01,6.974974103034357054e-01,7.073445137442301300e-01,8.011493729014795839e-01,8.619203387556393370e-01,8.498706846732914100e-01,7.816671189348257665e-01,6.937152206793819609e-01,7.046346804904355388e-01,7.614563542722712075e-01,8.495342562735914704e-01,8.673356883079178514e-01,8.001035314244797636e-01,7.280636781056520901e-01,6.811585663264293489e-01,7.446902416608291997e-01,8.211067315318407722e-01,8.662227886150988265e-01,1.000000000000006661e+00,7.379769827465271215e-01,5.900028409807136498e-01,6.409242736538850460e-01,7.026685256411830949e-01,7.797042878412252520e-01,7.719870560767663203e-01,6.798859986580421122e-01,6.296441089602728969e-01,5.981328134214890513e-01,6.918781826373272548e-01,7.574408601180777634e-01,7.779218357367020387e-01,7.284912637147751280e-01,6.224630541729195832e-01,6.175389293029367455e-01,6.412550302298625216e-01,7.457592295080155420e-01,7.835486901133938975e-01,7.379769827465271215e-01,1.000000000000006661e+00
9.999999999999993339e-01,5.521381648235921258e-01,6.499032780079754268e-01,6.935523332792080664e-01,6.986680671253751029e-01,6.606433129059907650e-01,5.598097856781989456e-01,5.838062928567947507e-01,5.956730346641150309e-01,6.910486141233325164e-01,7.115994786823257590e-01,6.588046505751803394e-01,6.170600007393436393e-01,5.397866652261907872e-01,6.088973696141496417e-01,6.493566183087975396e-01,7.103110890514902076e-01,6.972541316121400046e-01,6.036808449203758808e-01,5.521381648235921258e-01,9.999999999999993339e-01,6.268091381906779613e-01,7.116339638241424570e-01,7.142397029377407502e-01,6.409193417380225632e-01,6.053598669502053831e-01,5.498634386141546537e-01,6.362819346593833192e-01,6.800253102477351597e-01,7.168421642071142186e-01,6.870696910356248743e-01,5.885651998829937170e-01,5.881065830921251569e-01,5.788713577217461381e-01,6.803253120421868250e-01,7.123578830602957934e-01,6.899609381656865992e-01,6.430357783572905328e-01,6.499032780079754268e-01,6.268091381906779613e-01,9.999999999999993339e-01,7.600341209783345597e-01,7.722934339976945672e-01,7.252745227338334155e-01,6.365167625263341566e-01,6.485273540176971219e-01,6.694496125033461142e-01,7.608889966589378329e-01,7.793137899763706855e-01,7.341952228442534256e-01,6.810763595505213708e-01,6.161342962616075392e-01,6.749364491578114800e-01,7.212043888184813678e-01,7.822777215396228279e-01,7.639745685403079856e-01,6.819573156214286946e-01,6.935523332792080664e-01,7.116339638241424570e-01,7.600341209783345597e-01,9.999999999999993339e-01,8.310974655143454903e-01,7.769179191386513805e-01,7.166581018054677399e-01,6.894495227207990684e-01,7.510315550691660791e-01,8.102108346519071302e-01,8.447205609411408966e-01,8.035728166171212106e-01,7.273841196634138750e-01,6.990500639631536117e-01,7.165314799157722625e-01,7.988727374506396917e-01,8.378172746968793883e-01,8.223751443106452896e-01,7.574366058726914597e-01,6.986680671253751029e-01,7.142397029377407502e-01,7.722934339976945672e-01,8.310974655143454903e-01,9.999999999999993339e-01,7.756084135346459352e-01,7.213171562346283316e-01,6.961978108875029880e-01,7.517550533218188002e-01,8.199930359271550007e-01,8.446028431393752811e-01,8.118165383199215102e-01,7.308211967697647582e-01,7.025804203656110802e-01,7.247047644914974551e-01,7.987864929148678073e-01,8.476163205768287856e-01,8.230466499055711926e-01,7.642851578716799432e-01,6.606433129059907650e-01,6.409193417380225632e-01,7.252745227338334155e-01,7.769179191386513805e-01,7.756084135346459352e-01,9.999999999999993339e-01,6.438457994470792034e-01,6.558712013629752757e-01,6.824327949615123234e-01,7.669780835388548823e-01,7.929255447459701012e-01,7.414629123916183229e-01,6.919913848797292211e-01,6.269794411703664139e-01,6.822588482342984983e-01,7.347946424886842021e-01,7.883677649506160012e-01,7.770004583129546116e-01,6.902762319707926864e-01,5.598097856781989456e-01,6.053598669502053831e-01,6.365167625263341566e-01,7.166581018054677399e-01,7.213171562346283316e-01,6.438457994470792034e-01,9.999999999999993339e-01,5.552002132557807279e-01,6.398808753297793306e-01,6.878355856630011811e-01,7.213249696068193551e-01,6.943550350081190148e-01,5.942465136004284609e-01,5.938191135800334752e-01,5.861389471019360364e-01,6.848328546596309518e-01,7.201772223265732187e-01,6.947157438268519725e-01,6.510104436007353446e-01,5.838062928567947507e-01,5.498634386141546537e-01,6.485273540176971219e-01,6.894495227207990684e-01,6.961978108875029880e-01,6.558712013629752757e-01,5.552002132557807279e-01,9.999999999999993339e-01,5.899937471560896540e-01,6.878350714502624585e-01,7.075106944248431562e-01,6.561621662406196265e-01,6.135966086798474439e-01,5.363469680157907371e-01,6.062539810740463775e-01,6.453054366847145173e-01,7.079701229189858669e-01,6.940974022554668998e-01,6.026888708686239937e-01,5.956730346641150309e-01,6.362819346593833192e-01,6.694496125033461142e-01,7.510315550691660791e-01,7.517550533218188002e-01,6.824327949615123234e-01,6.398808753297793306e-01,5.899937471560896540e-01,9.999999999999993339e-01,7.166998519175711291e-01,7.562823159710703180e-01,7.236304327412885762e-01,6.305339296152543405e-01,6.238257733708938435e-01,6.202272671825855843e-01,7.180287081261447213e-01,7.508679357498592166e-01,7.307058890172604126e-01,6.801862033293020193e-01,6.910486141233325164e-01,6.800253102477351597e-01,7.608889966589378329e-01,8.102108346519071302e-01,8.199930359271550007e-01,7.669780835388548823e-01,6.878355856630011811e-01,6.878350714502624585e-01,7.166998519175711291e-01,9.999999999999993339e-01,8.205096592541711864e-01,7.832023084977401961e-01,7.215886463268851303e-01,6.676620993480295585e-01,7.157738452608842783e-01,7.698831630414790794e-01,8.278638027993929782e-01,8.071758750338686728e-01,7.324391915439105727e-01,7.115994786823257590e-01,7.168421642071142186e-01,7.793137899763706855e-01,8.447205609411408966e-01,8.446028431393752811e-01,7.929255447459701012e-01,7.213249696068193551e-01,7.075106944248431562e-01,7.562823159710703180e-01,8.205096592541711864e-01,9.999999999999993339e-01,8.073607203345871675e-01,7.442027446241867850e-01,7.032354053812914785e-01,7.339047040626813789e-01,8.061263377020286836e-01,8.497108970383684401e-01,8.362372812057933258e-01,7.632084233189616596e-01,6.588046505751803394e-01,6.870696910356248743e-01,7.341952228442534256e-01,8.035728166171212106e-01,8.118165383199215102e-01,7.414629123916183229e-01,6.943550350081190148e-01,6.561621662406196265e-01,7.236304327412885762e-01,7.832023084977401961e-01,8.073607203345871675e-01,9.999999999999993339e-01,6.891673371570277151e-01,6.746212728568907746e-01,6.852006491368154428e-01,7.692390756262360574e-01,8.130145244572561936e-01,7.873782653527847675e-01,7.355619037175185060e-01,6.170600007393436393e-01,5.885651998829937170e-01,6.810763595505213708e-01,7.273841196634138750e-01,7.308211967697647582e-01,6.919913848797292211e-01,5.942465136004284609e-01,6.135966086798474439e-01,6.305339296152543405e-01,7.215886463268851303e-01,7.442027446241867850e-01,6.891673371570277151e-01,9.999999999999993339e-01,5.730249696121084702e-01,6.375059210731326420e-01,6.838257366634791223e-01,7.416486097849335213e-01,7.301969941330843650e-01,6.393650951663210069e-01,5.397866652261907872e-01,5.881065830921251569e-01,6.161342962616075392e-01,6.990500639631536117e-01,7.025804203656110802e-01,6.269794411703664139e-01,5.938191135800334752e-01,5.363469680157907371e-01,6.238257733708938435e-01,6.676620993480295585e-01,7.032354053812914785e-01,6.746212728568907746e-01,5.730249696121084702e-01,9.999999999999993339e-01,5.641706447715562067e-01,6.664870462636607318e-01,7.003564812161925390e-01,6.761331292812502447e-01,6.327150160398783418e-01,6.088973696141496417e-01,5.788713577217461381e-01,6.749364491578114800e-01,7.165314799157722625e-01,7.247047644914974551e-01,6.822588482342984983e-01,5.861389471019360364e-01,6.062539810740463775e-01,6.202272671825855843e-01,7.157738452608842783e-01,7.339047040626813789e-01,6.852006491368154428e-01,6.375059210731326420e-01,5.641706447715562067e-01,9.999999999999993339e-01,6.706272989964531250e-01,7.353047441151444596e-01,7.198143142550389451e-01,6.320564523415675984e-01,6.493566183087975396e-01,6.803253120421868250e-01,7.212043888184813678e-01,7.988727374506396917e-01,7.987864929148678073e-01,7.347946424886842021e-01,6.848328546596309518e-01,6.453054366847145173e-01,7.180287081261447213e-01,7.698831630414790794e-01,8.061263377020286836e-01,7.692390756262360574e-01,6.838257366634791223e-01,6.664870462636607318e-01,6.706272989964531250e-01,9.999999999999993339e-01,7.959341657300451622e-01,7.816030451145672409e-01,7.245684216028456248e-01,7.103110890514902076e-01,7.123578830602957934e-01,7.822777215396228279e-01,8.378172746968793883e-01,8.476163205768287856e-01,7.883677649506160012e-01,7.201772223265732187e-01,7.079701229189858669e-01,7.508679357498592166e-01,8.278638027993929782e-01,8.497108970383684401e-01,8.130145244572561936e-01,7.416486097849335213e-01,7.003564812161925390e-01,7.353047441151444596e-01,7.959341657300451622e-01,9.999999999999993339e-01,8.265502314183379440e-01,7.634308881615705644e-01,6.972541316121400046e-01,6.899609381656865992e-01,7.639745685403079856e-01,8.223751443106452896e-01,8.230466499055711926e-01,7.770004583129546116e-01,6.947157438268519725e-01,6.940974022554668998e-01,7.307058890172604126e-01,8.071758750338686728e-01,8.362372812057933258e-01,7.873782653527847675e-01,7.301969941330843650e-01,6.761331292812502447e-01,7.198143142550389451e-01,7.816030451145672409e-01,8.265502314183379440e-01,9.999999999999993339e-01,7.347341661678301605e-01,6.036808449203758808e-01,6.430357783572905328e-01,6.819573156214286946e-01,7.574366058726914597e-01,7.642851578716799432e-01,6.902762319707926864e-01,6.510104436007353446e-01,6.026888708686239937e-01,6.801862033293020193e-01,7.324391915439105727e-01,7.632084233189616596e-01,7.355619037175185060e-01,6.393650951663210069e-01,6.327150160398783418e-01,6.320564523415675984e-01,7.245684216028456248e-01,7.634308881615705644e-01,7.347341661678301605e-01,9.999999999999993339e-01
9.999999999999880096e-01,5.919258488630915194e-01,6.503569762786893804e-01,6.623363130487636141e-01,6.791173843709403801e-01,6.814293641093185361e-01,6.156390568045716494e-01,6.373555741604940428e-01,6.095802335715234666e-01,6.678556530643411371e-01,6.825622830575246436e-01,6.651137775646680517e-01,6.646211926478460263e-01,5.982174898164057675e-01,6.393044463867529892e-01,6.347914869919586422e-01,6.792966963602056207e-01,6.882764793479566601e-01,6.366605740823343407e-01,5.919258488630915194e-01,9.999999999999880096e-01,6.029765858496585196e-01,6.689527570716149452e-01,6.726250136893537901e-01,6.475181400030324275e-01,6.441368330966259492e-01,5.835052399550797464e-01,6.381743092713582088e-01,6.337903333973218256e-01,6.762666556152645558e-01,6.726337038365435284e-01,6.200719840473090105e-01,6.314389336358740001e-01,5.878088576406104160e-01,6.545428741235489456e-01,6.584678850020923013e-01,6.684353213511965430e-01,6.595855719044227961e-01,6.503569762786893804e-01,6.029765858496585196e-01,9.999999999999880096e-01,6.597996715359065734e-01,6.985232087175358151e-01,6.818788781078474193e-01,6.328234576445245230e-01,6.448055308336653191e-01,6.174542972225828263e-01,6.847298640791450453e-01,6.831892693439051145e-01,6.853195027563567798e-01,6.666388001698240195e-01,6.126492735508205500e-01,6.500964429849128701e-01,6.395835757414669587e-01,6.983135785153766761e-01,6.891272407212222229e-01,6.603354058073049870e-01,6.623363130487636141e-01,6.689527570716149452e-01,6.597996715359065734e-01,9.999999999999880096e-01,7.109074986852974565e-01,7.122744360944563979e-01,6.817129457535517911e-01,6.483482431029017334e-01,6.828295479613752939e-01,6.867248627453151899e-01,7.348380789588568884e-01,7.130164836192852684e-01,6.868113763672325511e-01,6.700095764541456056e-01,6.495713913835063913e-01,7.036880828656408848e-01,7.066283813164623284e-01,7.309557631523684318e-01,6.989889990487275773e-01,6.791173843709403801e-01,6.726250136893537901e-01,6.985232087175358151e-01,7.109074986852974565e-01,9.999999999999880096e-01,7.099910768164015007e-01,6.977464014294272321e-01,6.722775684555936104e-01,6.800254311256292983e-01,7.237551823996382083e-01,7.285506219387420934e-01,7.430957157928872459e-01,6.962454274436358226e-01,6.793904843018977457e-01,6.796917597886127371e-01,6.973830706087256193e-01,7.436542708805056190e-01,7.281937290585673850e-01,7.228922242723122560e-01,6.814293641093185361e-01,6.475181400030324275e-01,6.818788781078474193e-01,7.122744360944563979e-01,7.099910768164015007e-01,9.999999999999880096e-01,6.578807791934232485e-01,6.681030103863230263e-01,6.621221764086189232e-01,6.991522048925018495e-01,7.304995660586117712e-01,7.050331003107477290e-01,7.020204993934066051e-01,6.480724166416532706e-01,6.697809241228491750e-01,6.869122882507276984e-01,7.127619724934979306e-01,7.337814968641647173e-01,6.847391779425686664e-01,6.156390568045716494e-01,6.441368330966259492e-01,6.328234576445245230e-01,6.817129457535517911e-01,6.977464014294272321e-01,6.578807791934232485e-01,9.999999999999880096e-01,6.017939384283353954e-01,6.502042488925572350e-01,6.604486077295542712e-01,6.883977243048408079e-01,6.969515880879668668e-01,6.374816108527171510e-01,6.488308347404565524e-01,6.121471937303801791e-01,6.666899538136856762e-01,6.851286143850692234e-01,6.817732174492354691e-01,6.830155177713486125e-01,6.373555741604940428e-01,5.835052399550797464e-01,6.448055308336653191e-01,6.483482431029017334e-01,6.722775684555936104e-01,6.681030103863230263e-01,6.017939384283353954e-01,9.999999999999880096e-01,5.925510475581576841e-01,6.602682505523306267e-01,6.687732891409450264e-01,6.575066637754736210e-01,6.535091948245060900e-01,5.871048069951568804e-01,6.317220727867047803e-01,6.210217355359594071e-01,6.729183128441570405e-01,6.759569316147338025e-01,6.324958305288681526e-01,6.095802335715234666e-01,6.381743092713582088e-01,6.174542972225828263e-01,6.828295479613752939e-01,6.800254311256292983e-01,6.621221764086189232e-01,6.502042488925572350e-01,5.925510475581576841e-01,9.999999999999880096e-01,6.385271240590695285e-01,6.891759864942349489e-01,6.795531962144409910e-01,6.344695270890456928e-01,6.395356989575656792e-01,5.995492962935620174e-01,6.661965258987101457e-01,6.666547870536778664e-01,6.828224622449017289e-01,6.677077355673339820e-01,6.678556530643411371e-01,6.337903333973218256e-01,6.847298640791450453e-01,6.867248627453151899e-01,7.237551823996382083e-01,6.991522048925018495e-01,6.604486077295542712e-01,6.602682505523306267e-01,6.385271240590695285e-01,9.999999999999880096e-01,6.980630756233967560e-01,7.107340506260528823e-01,6.830206153523266099e-01,6.401603486500861973e-01,6.676925364381555150e-01,6.635390811599402028e-01,7.210167650037481168e-01,7.076980721653858275e-01,6.874282157132245441e-01,6.825622830575246436e-01,6.762666556152645558e-01,6.831892693439051145e-01,7.348380789588568884e-01,7.285506219387420934e-01,7.304995660586117712e-01,6.883977243048408079e-01,6.687732891409450264e-01,6.891759864942349489e-01,6.980630756233967560e-01,9.999999999999880096e-01,7.172131572555685564e-01,7.054086016352916211e-01,6.760337053905021154e-01,6.694226540503507294e-01,7.124666932086956006e-01,7.210927817864327682e-01,7.465099695670038837e-01,7.069621190868851102e-01,6.651137775646680517e-01,6.726337038365435284e-01,6.853195027563567798e-01,7.130164836192852684e-01,7.430957157928872459e-01,7.050331003107477290e-01,6.969515880879668668e-01,6.575066637754736210e-01,6.795531962144409910e-01,7.107340506260528823e-01,7.172131572555685564e-01,9.999999999999880096e-01,6.786254094117418756e-01,6.780250485141047223e-01,6.649233311101001576e-01,6.957417606319352688e-01,7.332881408215237151e-01,7.200607780403868174e-01,7.195766530244245285e-01,6.646211926478460263e-01,6.200719840473090105e-01,6.666388001698240195e-01,6.868113763672325511e-01,6.962454274436358226e-01,7.020204993934066051e-01,6.374816108527171510e-01,6.535091948245060900e-01,6.344695270890456928e-01,6.830206153523266099e-01,7.054086016352916211e-01,6.786254094117418756e-01,9.999999999999880096e-01,6.172643325882155585e-01,6.533957295301446866e-01,6.597566436171307114e-01,6.952698288917945613e-01,7.112904888943316628e-01,6.613781723052032380e-01,5.982174898164057675e-01,6.314389336358740001e-01,6.126492735508205500e-01,6.700095764541456056e-01,6.793904843018977457e-01,6.480724166416532706e-01,6.488308347404565524e-01,5.871048069951568804e-01,6.395356989575656792e-01,6.401603486500861973e-01,6.760337053905021154e-01,6.780250485141047223e-01,6.172643325882155585e-01,9.999999999999880096e-01,5.887294245174272689e-01,6.538373614601559192e-01,6.652151974806461698e-01,6.684344779901749689e-01,6.664058909334659164e-01,6.393044463867529892e-01,5.878088576406104160e-01,6.500964429849128701e-01,6.495713913835063913e-01,6.796917597886127371e-01,6.697809241228491750e-01,6.121471937303801791e-01,6.317220727867047803e-01,5.995492962935620174e-01,6.676925364381555150e-01,6.694226540503507294e-01,6.649233311101001576e-01,6.533957295301446866e-01,5.887294245174272689e-01,9.999999999999880096e-01,6.188762705204972070e-01,6.789497798672412543e-01,6.763529768931948460e-01,6.395513181825520643e-01,6.347914869919586422e-01,6.545428741235489456e-01,6.395835757414669587e-01,7.036880828656408848e-01,6.973830706087256193e-01,6.869122882507276984e-01,6.666899538136856762e-01,6.210217355359594071e-01,6.661965258987101457e-01,6.635390811599402028e-01,7.124666932086956006e-01,6.957417606319352688e-01,6.597566436171307114e-01,6.538373614601559192e-01,6.188762705204972070e-01,9.999999999999880096e-01,6.803887023953055779e-01,7.059785300160242860e-01,6.830779989818457354e-01,6.792966963602056207e-01,6.584678850020923013e-01,6.983135785153766761e-01,7.066283813164623284e-01,7.436542708805056190e-01,7.127619724934979306e-01,6.851286143850692234e-01,6.729183128441570405e-01,6.666547870536778664e-01,7.210167650037481168e-01,7.210927817864327682e-01,7.332881408215237151e-01,6.952698288917945613e-01,6.652151974806461698e-01,6.789497798672412543e-01,6.803887023953055779e-01,9.999999999999880096e-01,7.175300789921550404e-01,7.104327617888865909e-01,6.882764793479566601e-01,6.684353213511965430e-01,6.891272407212222229e-01,7.309557631523684318e-01,7.281937290585673850e-01,7.337814968641647173e-01,6.817732174492354691e-01,6.759569316147338025e-01,6.828224622449017289e-01,7.076980721653858275e-01,7.465099695670038837e-01,7.200607780403868174e-01,7.112904888943316628e-01,6.684344779901749689e-01,6.763529768931948460e-01,7.059785300160242860e-01,7.175300789921550404e-01,9.999999999999880096e-01,6.966464621960735126e-01,6.366605740823343407e-01,6.595855719044227961e-01,6.603354058073049870e-01,6.989889990487275773e-01,7.228922242723122560e-01,6.847391779425686664e-01,6.830155177713486125e-01,6.324958305288681526e-01,6.677077355673339820e-01,6.874282157132245441e-01,7.069621190868851102e-01,7.195766530244245285e-01,6.613781723052032380e-01,6.664058909334659164e-01,6.395513181825520643e-01,6.830779989818457354e-01,7.104327617888865909e-01,6.966464621960735126e-01,9.999999999999880096e-01
9.999999999999966693e-01,6.845656002456735889e-01,6.715639866754595788e-01,6.352205092896988647e-01,6.043374781102428539e-01,6.606380064697616739e-01,6.740677160593527839e-01,7.182063384197069356e-01,6.813225773272346686e-01,6.372836845743953260e-01,6.265955207617032174e-01,6.174367282206805196e-01,6.905104824732617441e-01,6.937551544991744645e-01,7.028267830229616431e-01,6.570834312542707112e-01,6.116172308069607322e-01,6.348780703045635576e-01,6.343225186135138527e-01,6.845656002456735889e-01,9.999999999999966693e-01,6.522714543007555044e-01,6.437478172581274638e-01,6.160223307600782849e-01,6.498983860043632266e-01,7.005306175400713986e-01,7.016431160993729099e-01,7.032560050559719667e-01,6.345330424394354241e-01,6.287662851218869253e-01,6.356361887073495032e-01,6.755961871980161737e-01,7.210577399013610167e-01,6.889888562506173431e-01,6.734134410563612505e-01,6.159954992471177171e-01,6.311935282989491469e-01,6.673279859911740441e-01,6.715639866754595788e-01,6.522714543007555044e-01,9.999999999999966693e-01,5.667019252106875182e-01,6.090838108646183802e-01,6.022669523535395530e-01,6.631768953486867346e-01,6.884914679343577815e-01,6.371916821714526113e-01,6.373628550580234808e-01,5.633313457637437738e-01,6.213816248426593525e-01,6.395847505647181963e-01,6.721360178952822118e-01,6.845319630636057529e-01,6.036617954515980378e-01,6.166393121131250599e-01,5.733446989771133762e-01,6.424659482584018644e-01,6.352205092896988647e-01,6.437478172581274638e-01,5.667019252106875182e-01,9.999999999999966693e-01,5.053918787356610487e-01,5.989811514557334959e-01,6.064181737653595583e-01,6.321412996810679141e-01,6.354292762201861899e-01,5.391130958833245668e-01,5.802329147673749299e-01,5.322336073081674890e-01,6.218209715551050731e-01,6.348634005952547010e-01,6.101914922349244152e-01,6.140292935853930434e-01,5.150891362232530302e-01,5.839476438503877764e-01,5.677770781742463857e-01,6.043374781102428539e-01,6.160223307600782849e-01,6.090838108646183802e-01,5.053918787356610487e-01,9.999999999999966693e-01,5.238945735859282804e-01,6.225938962665092946e-01,6.247145574304304727e-01,5.849130669916682290e-01,5.894238893643515276e-01,4.962767256584194042e-01,5.836318335993612161e-01,5.694176020915127090e-01,6.296862319998099977e-01,6.257501708663141260e-01,5.458907734790368060e-01,5.734324597005684421e-01,5.035268913397995538e-01,6.049604774904391302e-01,6.606380064697616739e-01,6.498983860043632266e-01,6.022669523535395530e-01,5.989811514557334959e-01,5.238945735859282804e-01,9.999999999999966693e-01,6.054446500155508115e-01,6.585264495713749611e-01,6.405776830232852159e-01,5.642858723734104354e-01,5.921609578344215752e-01,5.474967642784827060e-01,6.444798381745471261e-01,6.411907757212745862e-01,6.378506640334388189e-01,6.205025926390355107e-01,5.374969793316327626e-01,5.995264019621342477e-01,5.794516535315922257e-01,6.740677160593527839e-01,7.005306175400713986e-01,6.631768953486867346e-01,6.064181737653595583e-01,6.225938962665092946e-01,6.054446500155508115e-01,9.999999999999966693e-01,6.761492832364821570e-01,6.742201933135821834e-01,6.396339140272990775e-01,5.889500933626575785e-01,6.411604142829762099e-01,6.463625461368895930e-01,7.076423282338982768e-01,6.825191910786974070e-01,6.389164465171441876e-01,6.238755160139028977e-01,5.926157579743286385e-01,6.686673037837005396e-01,7.182063384197069356e-01,7.016431160993729099e-01,6.884914679343577815e-01,6.321412996810679141e-01,6.247145574304304727e-01,6.585264495713749611e-01,6.761492832364821570e-01,9.999999999999966693e-01,6.719427446176307051e-01,6.554549676345338138e-01,6.227384026534105166e-01,6.365573880818850006e-01,6.920236699158343052e-01,7.032914220446229159e-01,7.158875378765292563e-01,6.559550186804233851e-01,6.319178692789640950e-01,6.328127222055247580e-01,6.613037807860144834e-01,6.813225773272346686e-01,7.032560050559719667e-01,6.371916821714526113e-01,6.354292762201861899e-01,5.849130669916682290e-01,6.405776830232852159e-01,6.742201933135821834e-01,6.719427446176307051e-01,9.999999999999966693e-01,5.966365944458495996e-01,6.192340132641865891e-01,6.052002345879601286e-01,6.639706115807049169e-01,6.986633423737187432e-01,6.666999278315137722e-01,6.617444531735469093e-01,5.855681532378396170e-01,6.231963694188903391e-01,6.392161764847512639e-01,6.372836845743953260e-01,6.345330424394354241e-01,6.373628550580234808e-01,5.391130958833245668e-01,5.894238893643515276e-01,5.642858723734104354e-01,6.396339140272990775e-01,6.554549676345338138e-01,5.966365944458495996e-01,9.999999999999966693e-01,5.184660125600625280e-01,5.983772701432745755e-01,6.029108078487201983e-01,6.463505411582738391e-01,6.550631991378190744e-01,5.697437512638330315e-01,5.942723220226339143e-01,5.351363924662524418e-01,6.206545299852309627e-01,6.265955207617032174e-01,6.287662851218869253e-01,5.633313457637437738e-01,5.802329147673749299e-01,4.962767256584194042e-01,5.921609578344215752e-01,5.889500933626575785e-01,6.227384026534105166e-01,6.192340132641865891e-01,5.184660125600625280e-01,9.999999999999966693e-01,5.082616514335395186e-01,6.117831098672353862e-01,6.179445810279725615e-01,5.996627871839846913e-01,6.007294911676901439e-01,5.002752409771080710e-01,5.746078911646514964e-01,5.503561409539315941e-01,6.174367282206805196e-01,6.356361887073495032e-01,6.213816248426593525e-01,5.322336073081674890e-01,5.836318335993612161e-01,5.474967642784827060e-01,6.411604142829762099e-01,6.365573880818850006e-01,6.052002345879601286e-01,5.983772701432745755e-01,5.082616514335395186e-01,9.999999999999966693e-01,5.752697200461699412e-01,6.473044522266486744e-01,6.366793964844837950e-01,5.662112960396213923e-01,5.848941912538578869e-01,5.212400701630134359e-01,6.205691741641748971e-01,6.905104824732617441e-01,6.755961871980161737e-01,6.395847505647181963e-01,6.218209715551050731e-01,5.694176020915127090e-01,6.444798381745471261e-01,6.463625461368895930e-01,6.920236699158343052e-01,6.639706115807049169e-01,6.029108078487201983e-01,6.117831098672353862e-01,5.752697200461699412e-01,9.999999999999966693e-01,6.587739607337881331e-01,6.727552772675965409e-01,6.421395690203101081e-01,5.763065865245899921e-01,6.219057226879084466e-01,6.136419297909989634e-01,6.937551544991744645e-01,7.210577399013610167e-01,6.721360178952822118e-01,6.348634005952547010e-01,6.296862319998099977e-01,6.411907757212745862e-01,7.076423282338982768e-01,7.032914220446229159e-01,6.986633423737187432e-01,6.463505411582738391e-01,6.179445810279725615e-01,6.473044522266486744e-01,6.587739607337881331e-01,9.999999999999966693e-01,6.831108733581856551e-01,6.650744995197175324e-01,6.293776163926361189e-01,6.208012791871072578e-01,6.782278011720036526e-01,7.028267830229616431e-01,6.889888562506173431e-01,6.845319630636057529e-01,6.101914922349244152e-01,6.257501708663141260e-01,6.378506640334388189e-01,6.825191910786974070e-01,7.158875378765292563e-01,6.666999278315137722e-01,6.550631991378190744e-01,5.996627871839846913e-01,6.366793964844837950e-01,6.727552772675965409e-01,6.831108733581856551e-01,9.999999999999966693e-01,6.262286916639380197e-01,6.312216992721031428e-01,6.099571904070751893e-01,6.593785688623018393e-01,6.570834312542707112e-01,6.734134410563612505e-01,6.036617954515980378e-01,6.140292935853930434e-01,5.458907734790368060e-01,6.205025926390355107e-01,6.389164465171441876e-01,6.559550186804233851e-01,6.617444531735469093e-01,5.697437512638330315e-01,6.007294911676901439e-01,5.662112960396213923e-01,6.421395690203101081e-01,6.650744995197175324e-01,6.262286916639380197e-01,9.999999999999966693e-01,5.396685702119595751e-01,6.018710239487654601e-01,6.014752112425842956e-01,6.116172308069607322e-01,6.159954992471177171e-01,6.166393121131250599e-01,5.150891362232530302e-01,5.734324597005684421e-01,5.374969793316327626e-01,6.238755160139028977e-01,6.319178692789640950e-01,5.855681532378396170e-01,5.942723220226339143e-01,5.002752409771080710e-01,5.848941912538578869e-01,5.763065865245899921e-01,6.293776163926361189e-01,6.312216992721031428e-01,5.396685702119595751e-01,9.999999999999966693e-01,5.018629536518904866e-01,6.036172285852520192e-01,6.348780703045635576e-01,6.311935282989491469e-01,5.733446989771133762e-01,5.839476438503877764e-01,5.035268913397995538e-01,5.995264019621342477e-01,5.926157579743286385e-01,6.328127222055247580e-01,6.231963694188903391e-01,5.351363924662524418e-01,5.746078911646514964e-01,5.212400701630134359e-01,6.219057226879084466e-01,6.208012791871072578e-01,6.099571904070751893e-01,6.018710239487654601e-01,5.018629536518904866e-01,9.999999999999966693e-01,5.470676506854554866e-01,6.343225186135138527e-01,6.673279859911740441e-01,6.424659482584018644e-01,5.677770781742463857e-01,6.049604774904391302e-01,5.794516535315922257e-01,6.686673037837005396e-01,6.613037807860144834e-01,6.392161764847512639e-01,6.206545299852309627e-01,5.503561409539315941e-01,6.205691741641748971e-01,6.136419297909989634e-01,6.782278011720036526e-01,6.593785688623018393e-01,6.014752112425842956e-01,6.036172285852520192e-01,5.470676506854554866e-01,9.999999999999966693e-01
