9.999999999999971134e-01,5.580987205970726617e-01,6.669048125251396675e-01,7.196089825646987403e-01,7.053502617178901701e-01,6.449005864072958616e-01,5.427249077074989270e-01,5.731282880978397776e-01,6.151327203773716557e-01,7.132944974805267568e-01,7.267871615795442608e-01,6.520249564279479992e-01,5.934346871087714526e-01,5.309396314270174999e-01,6.131682815908761075e-01,6.769524232034189737e-01,7.284207229184875843e-01,6.962711826490702860e-01,5.884508809498284476e-01,5.580987205970726617e-01,9.999999999999971134e-01,6.718242206395819149e-01,7.508642223453723119e-01,7.410657647172385065e-01,6.472083248043554171e-01,5.998887399206507265e-01,5.672466428825830853e-01,6.652886822370052133e-01,7.279365232732601942e-01,7.478580293412163682e-01,6.973028150113107504e-01,5.897062311067051699e-01,5.892033112428179953e-01,6.114045025588247251e-01,7.187854573414451664e-01,7.536112413573446966e-01,7.080493478837829313e-01,6.408323469123624605e-01,6.669048125251396675e-01,6.718242206395819149e-01,9.999999999999971134e-01,8.265802865508025121e-01,8.166346458511982709e-01,7.487693266701218597e-01,6.578283190747290510e-01,6.760222412035524764e-01,7.283215329586415487e-01,8.205899056248535661e-01,8.341591511164025974e-01,7.651559152279711062e-01,6.963610884045919880e-01,6.460573076712502472e-01,7.170539995538361966e-01,7.884109292738099573e-01,8.378152272047389992e-01,8.026199160609804872e-01,7.038410495606469697e-01,7.196089825646987403e-01,7.508642223453723119e-01,8.265802865508025121e-01,9.999999999999971134e-01,8.821418769241712310e-01,8.046212600273802140e-01,7.357394425547527650e-01,7.275874286080930009e-01,8.043162442977360715e-01,8.799990266748527468e-01,8.983129476436222394e-01,8.375518895292644039e-01,7.495144770076627161e-01,7.248152837001107240e-01,7.700182680667929658e-01,8.611407724130307750e-01,9.015727362620157281e-01,8.624042782621408332e-01,7.795715066030337592e-01,7.053502617178901701e-01,7.410657647172385065e-01,8.166346458511982709e-01,8.821418769241712310e-01,9.999999999999971134e-01,7.881644300499694999e-01,7.257094380104298637e-01,7.137825383629409215e-01,7.932766672685703790e-01,8.685230803826557988e-01,8.848435882204656044e-01,8.280326736303168511e-01,7.350405657355600919e-01,7.151064794801728075e-01,7.568829497208080515e-01,8.492676294431924511e-01,8.909060741226639824e-01,8.483535933639444471e-01,7.702723807586924210e-01,6.449005864072958616e-01,6.472083248043554171e-01,7.487693266701218597e-01,8.046212600273802140e-01,7.881644300499694999e-01,9.999999999999971134e-01,6.298012567298731934e-01,6.514014724370214005e-01,7.027938458851930026e-01,7.953747739430243602e-01,8.104646987679684500e-01,7.384655425547468344e-01,6.734302987436171506e-01,6.195110678457514952e-01,6.931091359466464707e-01,7.635074561707970719e-01,8.119972535132869984e-01,7.793794551772592616e-01,6.769755620040538435e-01,5.427249077074989270e-01,5.998887399206507265e-01,6.578283190747290510e-01,7.357394425547527650e-01,7.257094380104298637e-01,6.298012567298731934e-01,9.999999999999971134e-01,5.505458116760008069e-01,6.490280846364185896e-01,7.127302598349380958e-01,7.319806464180375061e-01,6.827480129061224146e-01,5.734985760578346081e-01,5.745916043938129603e-01,5.956450994811407496e-01,7.034543204222686308e-01,7.386863133335838105e-01,6.919779652058444253e-01,6.276155958406595126e-01,5.731282880978397776e-01,5.672466428825830853e-01,6.760222412035524764e-01,7.275874286080930009e-01,7.137825383629409215e-01,6.514014724370214005e-01,5.505458116760008069e-01,9.999999999999971134e-01,6.222117456162192806e-01,7.207398100386041007e-01,7.345883589324159191e-01,6.605359371905604737e-01,6.010975823278785768e-01,5.394198647740712227e-01,6.210746956321512302e-01,6.850677024991292940e-01,7.367682231425966011e-01,7.049100501775834582e-01,5.979596837805551957e-01,6.151327203773716557e-01,6.652886822370052133e-01,7.283215329586415487e-01,8.043162442977360715e-01,7.932766672685703790e-01,7.027938458851930026e-01,6.490280846364185896e-01,6.222117456162192806e-01,9.999999999999971134e-01,7.798622918093089940e-01,8.015583900880102197e-01,7.485624390821605800e-01,6.457769604752784387e-01,6.394971629693664283e-01,6.671082545380465634e-01,7.707610722468478670e-01,8.067527268898646575e-01,7.628649941350384989e-01,6.927834631823776013e-01,7.132944974805267568e-01,7.279365232732601942e-01,8.205899056248535661e-01,8.799990266748527468e-01,8.685230803826557988e-01,7.953747739430243602e-01,7.127302598349380958e-01,7.207398100386041007e-01,7.798622918093089940e-01,9.999999999999971134e-01,8.806497095916796525e-01,8.182538116918327553e-01,7.419905347633102277e-01,7.010768794358339662e-01,7.631527533495461313e-01,8.408648250194650231e-01,8.880193569858735314e-01,8.504409238031827023e-01,7.580982530687334631e-01,7.267871615795442608e-01,7.478580293412163682e-01,8.341591511164025974e-01,8.983129476436222394e-01,8.848435882204656044e-01,8.104646987679684500e-01,7.319806464180375061e-01,7.345883589324159191e-01,8.015583900880102197e-01,8.806497095916796525e-01,9.999999999999971134e-01,8.332501484405020475e-01,7.556982918195382926e-01,7.208274726914074559e-01,7.763282337834502833e-01,8.600195675053472488e-01,9.032481076054169611e-01,8.666013860909159705e-01,7.765462570621300964e-01,6.520249564279479992e-01,6.973028150113107504e-01,7.651559152279711062e-01,8.375518895292644039e-01,8.280326736303168511e-01,7.384655425547468344e-01,6.827480129061224146e-01,6.605359371905604737e-01,7.485624390821605800e-01,8.182538116918327553e-01,8.332501484405020475e-01,9.999999999999971134e-01,6.806125253280751464e-01,6.705736174789040938e-01,7.042491813764242270e-01,8.033454941568316521e-01,8.423262283049036681e-01,7.977323801650111346e-01,7.259140618911985587e-01,5.934346871087714526e-01,5.897062311067051699e-01,6.963610884045919880e-01,7.495144770076627161e-01,7.350405657355600919e-01,6.734302987436171506e-01,5.734985760578346081e-01,6.010975823278785768e-01,6.457769604752784387e-01,7.419905347633102277e-01,7.556982918195382926e-01,6.806125253280751464e-01,9.999999999999971134e-01,5.610423528267977078e-01,6.400115696573844826e-01,7.072773116468296095e-01,7.576482213880737504e-01,7.261047355729914887e-01,6.199258320143524736e-01,5.309396314270174999e-01,5.892033112428179953e-01,6.460573076712502472e-01,7.248152837001107240e-01,7.151064794801728075e-01,6.195110678457514952e-01,5.745916043938129603e-01,5.394198647740712227e-01,6.394971629693664283e-01,7.010768794358339662e-01,7.208274726914074559e-01,6.705736174789040938e-01,5.610423528267977078e-01,9.999999999999971134e-01,5.828826047060240434e-01,6.917045324798494210e-01,7.271680635031204654e-01,6.806428826758246231e-01,6.166638120035865533e-01,6.131682815908761075e-01,6.114045025588247251e-01,7.170539995538361966e-01,7.700182680667929658e-01,7.568829497208080515e-01,6.931091359466464707e-01,5.956450994811407496e-01,6.210746956321512302e-01,6.671082545380465634e-01,7.631527533495461313e-01,7.763282337834502833e-01,7.042491813764242270e-01,6.400115696573844826e-01,5.828826047060240434e-01,9.999999999999971134e-01,7.263437482921754063e-01,7.788133218935864299e-01,7.458983534176726327e-01,6.421042990964375141e-01,6.769524232034189737e-01,7.187854573414451664e-01,7.884109292738099573e-01,8.611407724130307750e-01,8.492676294431924511e-01,7.635074561707970719e-01,7.034543204222686308e-01,6.850677024991292940e-01,7.707610722468478670e-01,8.408648250194650231e-01,8.600195675053472488e-01,8.033454941568316521e-01,7.072773116468296095e-01,6.917045324798494210e-01,7.263437482921754063e-01,9.999999999999971134e-01,8.614351129011431629e-01,8.224083429437406556e-01,7.464965967150225534e-01,7.284207229184875843e-01,7.536112413573446966e-01,8.378152272047389992e-01,9.015727362620157281e-01,8.909060741226639824e-01,8.119972535132869984e-01,7.386863133335838105e-01,7.367682231425966011e-01,8.067527268898646575e-01,8.880193569858735314e-01,9.032481076054169611e-01,8.423262283049036681e-01,7.576482213880737504e-01,7.271680635031204654e-01,7.788133218935864299e-01,8.614351129011431629e-01,9.999999999999971134e-01,8.657499154163683652e-01,7.829879864454234450e-01,6.962711826490702860e-01,7.080493478837829313e-01,8.026199160609804872e-01,8.624042782621408332e-01,8.483535933639444471e-01,7.793794551772592616e-01,6.919779652058444253e-01,7.049100501775834582e-01,7.628649941350384989e-01,8.504409238031827023e-01,8.666013860909159705e-01,7.977323801650111346e-01,7.261047355729914887e-01,6.806428826758246231e-01,7.458983534176726327e-01,8.224083429437406556e-01,8.657499154163683652e-01,9.999999999999971134e-01,7.353784973916078771e-01,5.884508809498284476e-01,6.408323469123624605e-01,7.038410495606469697e-01,7.795715066030337592e-01,7.702723807586924210e-01,6.769755620040538435e-01,6.276155958406595126e-01,5.979596837805551957e-01,6.927834631823776013e-01,7.580982530687334631e-01,7.765462570621300964e-01,7.259140618911985587e-01,6.199258320143524736e-01,6.166638120035865533e-01,6.421042990964375141e-01,7.464965967150225534e-01,7.829879864454234450e-01,7.353784973916078771e-01,9.999999999999971134e-01
1.000000000000003109e+00,5.523937080656233789e-01,6.514372384507203240e-01,6.957501815716828908e-01,6.979552826953102640e-01,6.581014651232176549e-01,5.569388999139152086e-01,5.830068496263348665e-01,5.976455455957788709e-01,6.930693247477874852e-01,7.123317658579231271e-01,6.564749806432188528e-01,6.140605074836169575e-01,5.382739099457265475e-01,6.097683053562736877e-01,6.520368754912267972e-01,7.112827846659566244e-01,6.958157047684977448e-01,6.004035389724378113e-01,5.523937080656233789e-01,1.000000000000003109e+00,6.317466743391590978e-01,7.154237350600187728e-01,7.165803643110538745e-01,6.406060653545753159e-01,6.049610042476367688e-01,5.519402796815910950e-01,6.401764340876819892e-01,6.852451438934622496e-01,7.194811841750710091e-01,6.876432915672943125e-01,5.880090135510349647e-01,5.888494492907869748e-01,5.827906761775681899e-01,6.848483840961023805e-01,7.165022255810693519e-01,6.909073280552117113e-01,6.420728634546744029e-01,6.514372384507203240e-01,6.317466743391590978e-01,1.000000000000003109e+00,7.665604227033215867e-01,7.760539530357283278e-01,7.271055326267555907e-01,6.383958389704399439e-01,6.520002378779782282e-01,6.761725755338009458e-01,7.672988015388173544e-01,7.845946859369132831e-01,7.364950549707171001e-01,6.824052603805671469e-01,6.193990061230479904e-01,6.800987440485782853e-01,7.285847006104162471e-01,7.877219081510233867e-01,7.673367762837652872e-01,6.834892897670294953e-01,6.957501815716828908e-01,7.154237350600187728e-01,7.665604227033215867e-01,1.000000000000003109e+00,8.346797191542791872e-01,7.783906284776249684e-01,7.177887927535475665e-01,6.933272977710381868e-01,7.565967432044892194e-01,8.170684465117685757e-01,8.491879064934377830e-01,8.056731857144123765e-01,7.286946060577045303e-01,7.013638716628036729e-01,7.222023704088328389e-01,8.051270697351032846e-01,8.435514805241455250e-01,8.251747984977315653e-01,7.584791538764961150e-01,6.979552826953102640e-01,7.165803643110538745e-01,7.760539530357283278e-01,8.346797191542791872e-01,1.000000000000003109e+00,7.743814182490051934e-01,7.203164912026406297e-01,6.970720769762476232e-01,7.556268446109568604e-01,8.239752414082738285e-01,8.469616249047502432e-01,8.116437294014422488e-01,7.293813369394419599e-01,7.031478530229866575e-01,7.273406578652299448e-01,8.032685994265147400e-01,8.506457997691594386e-01,8.235191932130554449e-01,7.632708532383012390e-01,6.581014651232176549e-01,6.406060653545753159e-01,7.271055326267555907e-01,7.783906284776249684e-01,7.743814182490051934e-01,1.000000000000003109e+00,6.403020325635877530e-01,6.544527308840845103e-01,6.837268778335485742e-01,7.688446306127704188e-01,7.930838270612829977e-01,7.387657916801184665e-01,6.886851873189634432e-01,6.248474648054084257e-01,6.830028027929606615e-01,7.367979573757966749e-01,7.891432843245589357e-01,7.754102452232085607e-01,6.866391679809875637e-01,5.569388999139152086e-01,6.049610042476367688e-01,6.383958389704399439e-01,7.177887927535475665e-01,7.203164912026406297e-01,6.403020325635877530e-01,1.000000000000003109e+00,5.539313873678117783e-01,6.404787434213891073e-01,6.898453293953725751e-01,7.210039711558700048e-01,6.919133245431252632e-01,5.905175898698986625e-01,5.917254682702478563e-01,5.867900959398794081e-01,6.865129597060621869e-01,7.211664762204822443e-01,6.926254252192619587e-01,6.475916192860927678e-01,5.830068496263348665e-01,5.519402796815910950e-01,6.520002378779782282e-01,6.933272977710381868e-01,6.970720769762476232e-01,6.544527308840845103e-01,5.539313873678117783e-01,1.000000000000003109e+00,5.935302424468429372e-01,6.910564102792392527e-01,7.098834801282020157e-01,6.554534640280019753e-01,6.121346987859090927e-01,5.365452612338011962e-01,6.086201307850122033e-01,6.496931524768948529e-01,7.104977575565648573e-01,6.946099570353825303e-01,6.011702097771418618e-01,5.976455455957788709e-01,6.401764340876819892e-01,6.761725755338009458e-01,7.565967432044892194e-01,7.556268446109568604e-01,6.837268778335485742e-01,6.404787434213891073e-01,5.935302424468429372e-01,1.000000000000003109e+00,7.232179293665426112e-01,7.603571212331670104e-01,7.256846879325241639e-01,6.315886652171082138e-01,6.260356565816371788e-01,6.257533315752878966e-01,7.240608589844719223e-01,7.565599431539229425e-01,7.332244826998910447e-01,6.811913597777548013e-01,6.930693247477874852e-01,6.852451438934622496e-01,7.672988015388173544e-01,8.170684465117685757e-01,8.239752414082738285e-01,7.688446306127704188e-01,6.898453293953725751e-01,6.910564102792392527e-01,7.232179293665426112e-01,1.000000000000003109e+00,8.254839572272520964e-01,7.855872468124829311e-01,7.229314201143053342e-01,6.710335568348635427e-01,7.210204887711195720e-01,7.773100397885066570e-01,8.334463837427015243e-01,8.105580752781884613e-01,7.341003657794347159e-01,7.123317658579231271e-01,7.194811841750710091e-01,7.845946859369132831e-01,8.491879064934377830e-01,8.469616249047502432e-01,7.930838270612829977e-01,7.210039711558700048e-01,7.098834801282020157e-01,7.603571212331670104e-01,8.254839572272520964e-01,1.000000000000003109e+00,8.076647014919486889e-01,7.438856772433597442e-01,7.041184228369703479e-01,7.380469772335080947e-01,8.110230890656690006e-01,8.538892941644142809e-01,8.376620781460650811e-01,7.627596424025459010e-01,6.564749806432188528e-01,6.876432915672943125e-01,7.364950549707171001e-01,8.056731857144123765e-01,8.116437294014422488e-01,7.387657916801184665e-01,6.919133245431252632e-01,6.554534640280019753e-01,7.256846879325241639e-01,7.855872468124829311e-01,8.076647014919486889e-01,1.000000000000003109e+00,6.859062554294836911e-01,6.730383583945995785e-01,6.862922222210419143e-01,7.719078194309482166e-01,8.144917697689011415e-01,7.861023502988895295e-01,7.328880859762142430e-01,6.140605074836169575e-01,5.880090135510349647e-01,6.824052603805671469e-01,7.286946060577045303e-01,7.293813369394419599e-01,6.886851873189634432e-01,5.905175898698986625e-01,6.121346987859090927e-01,6.315886652171082138e-01,7.229314201143053342e-01,7.438856772433597442e-01,6.859062554294836911e-01,1.000000000000003109e+00,5.705343955339172712e-01,6.372403067864291781e-01,6.856052043328373369e-01,7.419346494799188285e-01,7.282835465126821228e-01,6.353712077137144698e-01,5.382739099457265475e-01,5.888494492907869748e-01,6.193990061230479904e-01,7.013638716628036729e-01,7.031478530229866575e-01,6.248474648054084257e-01,5.917254682702478563e-01,5.365452612338011962e-01,6.260356565816371788e-01,6.710335568348635427e-01,7.041184228369703479e-01,6.730383583945995785e-01,5.705343955339172712e-01,1.000000000000003109e+00,5.660879890452763519e-01,6.689282689447872965e-01,7.026798785915462364e-01,6.752862671292747532e-01,6.305120079962722723e-01,6.097683053562736877e-01,5.827906761775681899e-01,6.800987440485782853e-01,7.222023704088328389e-01,7.273406578652299448e-01,6.830028027929606615e-01,5.867900959398794081e-01,6.086201307850122033e-01,6.257533315752878966e-01,7.210204887711195720e-01,7.380469772335080947e-01,6.862922222210419143e-01,6.372403067864291781e-01,5.660879890452763519e-01,1.000000000000003109e+00,6.765959412954166696e-01,7.393896655147627062e-01,7.220448197232012255e-01,6.323530171364528663e-01,6.520368754912267972e-01,6.848483840961023805e-01,7.285847006104162471e-01,8.051270697351032846e-01,8.032685994265147400e-01,7.367979573757966749e-01,6.865129597060621869e-01,6.496931524768948529e-01,7.240608589844719223e-01,7.773100397885066570e-01,8.110230890656690006e-01,7.719078194309482166e-01,6.856052043328373369e-01,6.689282689447872965e-01,6.765959412954166696e-01,1.000000000000003109e+00,8.019265896574572228e-01,7.847791656090661316e-01,7.261533833359175016e-01,7.112827846659566244e-01,7.165022255810693519e-01,7.877219081510233867e-01,8.435514805241455250e-01,8.506457997691594386e-01,7.891432843245589357e-01,7.211664762204822443e-01,7.104977575565648573e-01,7.565599431539229425e-01,8.334463837427015243e-01,8.538892941644142809e-01,8.144917697689011415e-01,7.419346494799188285e-01,7.026798785915462364e-01,7.393896655147627062e-01,8.019265896574572228e-01,1.000000000000003109e+00,8.285173719236859080e-01,7.639691759241633573e-01,6.958157047684977448e-01,6.909073280552117113e-01,7.673367762837652872e-01,8.251747984977315653e-01,8.235191932130554449e-01,7.754102452232085607e-01,6.926254252192619587e-01,6.946099570353825303e-01,7.332244826998910447e-01,8.105580752781884613e-01,8.376620781460650811e-01,7.861023502988895295e-01,7.282835465126821228e-01,6.752862671292747532e-01,7.220448197232012255e-01,7.847791656090661316e-01,8.285173719236859080e-01,1.000000000000003109e+00,7.322742823852540495e-01,6.004035389724378113e-01,6.420728634546744029e-01,6.834892897670294953e-01,7.584791538764961150e-01,7.632708532383012390e-01,6.866391679809875637e-01,6.475916192860927678e-01,6.011702097771418618e-01,6.811913597777548013e-01,7.341003657794347159e-01,7.627596424025459010e-01,7.328880859762142430e-01,6.353712077137144698e-01,6.305120079962722723e-01,6.323530171364528663e-01,7.261533833359175016e-01,7.639691759241633573e-01,7.322742823852540495e-01,1.000000000000003109e+00
1.000000000000006439e+00,5.843800425693929101e-01,6.483875293167300491e-01,6.645366747587023726e-01,6.811822914682846841e-01,6.793565529168061889e-01,6.078420157195121298e-01,6.302117257987155385e-01,6.053106321713832561e-01,6.695718871787406101e-01,6.853721223697077924e-01,6.641770089031540092e-01,6.592380703982985146e-01,5.893629036208025695e-01,6.344900813465901290e-01,6.342571558041047997e-01,6.823604260119158216e-01,6.890101807034523240e-01,6.317807685682164109e-01,5.843800425693929101e-01,1.000000000000006439e+00,6.020523632368406375e-01,6.717675191559159265e-01,6.765205084205005992e-01,6.454791513105240242e-01,6.387770708440225764e-01,5.763647739781897483e-01,6.357871776106578388e-01,6.365210123751958715e-01,6.797383759629024302e-01,6.738476049520023548e-01,6.145739754012068401e-01,6.249653419143563760e-01,5.832543054564809371e-01,6.555045503478161839e-01,6.629741585460635633e-01,6.698753138307798061e-01,6.566222548980915619e-01,6.483875293167300491e-01,6.020523632368406375e-01,1.000000000000006439e+00,6.687847756855422876e-01,7.055775295190191976e-01,6.864559773896745654e-01,6.311127275380510326e-01,6.433329522443637094e-01,6.201585272297533979e-01,6.915469942266559977e-01,6.930947362755072172e-01,6.898429083493340386e-01,6.675987804073630905e-01,6.102205766703254763e-01,6.506826833949737043e-01,6.461740724418866266e-01,7.064975520284400012e-01,6.971755871537226312e-01,6.613630722877399393e-01,6.645366747587023726e-01,6.717675191559159265e-01,6.687847756855422876e-01,1.000000000000006439e+00,7.241107951857577163e-01,7.191821854241418066e-01,6.853405166817952976e-01,6.511004895960881278e-01,6.888960962788033271e-01,6.995415942788054675e-01,7.469670003948962744e-01,7.237701442532370466e-01,6.907297302621968615e-01,6.722877317125482977e-01,6.550614432793013808e-01,7.130875170690094134e-01,7.211103718480883495e-01,7.412641397697351531e-01,7.058714011603436367e-01,6.811822914682846841e-01,6.765205084205005992e-01,7.055775295190191976e-01,7.241107951857577163e-01,1.000000000000006439e+00,7.178993116527974117e-01,7.002542581022966894e-01,6.741848492980959673e-01,6.873314527117201367e-01,7.341815702545531064e-01,7.425846856685498487e-01,7.518309244353756915e-01,7.007521361335369292e-01,6.815952891832527394e-01,6.836657827786029040e-01,7.084661009017921840e-01,7.556345931998497134e-01,7.401631467985403390e-01,7.283021803756084545e-01,6.793565529168061889e-01,6.454791513105240242e-01,6.864559773896745654e-01,7.191821854241418066e-01,7.178993116527974117e-01,1.000000000000006439e+00,6.557785732116605537e-01,6.659444121445211584e-01,6.630971665998230957e-01,7.069766077018020400e-01,7.381560393721748881e-01,7.102862977259314370e-01,7.017315467695227627e-01,6.448974138656879962e-01,6.707163357182464036e-01,6.914232396622270738e-01,7.220443924393088464e-01,7.397718493742573287e-01,6.860686077065700772e-01,6.078420157195121298e-01,6.387770708440225764e-01,6.311127275380510326e-01,6.853405166817952976e-01,7.002542581022966894e-01,6.557785732116605537e-01,1.000000000000006439e+00,5.940364097844486047e-01,6.473409254544499891e-01,6.621240587132788402e-01,6.922354072839507211e-01,6.972182225816665468e-01,6.319121187502098058e-01,6.420640981578076278e-01,6.068161470560646809e-01,6.679503297996707278e-01,6.885310420878405502e-01,6.834929779835141606e-01,6.798725762818444984e-01,6.302117257987155385e-01,5.763647739781897483e-01,6.433329522443637094e-01,6.511004895960881278e-01,6.741848492980959673e-01,6.659444121445211584e-01,5.940364097844486047e-01,1.000000000000006439e+00,5.886176230932352871e-01,6.613004857649211754e-01,6.721472622301618571e-01,6.564649074361081915e-01,6.484620263780989102e-01,5.784772810032243751e-01,6.268934734699447286e-01,6.210139118385196166e-01,6.758035594640813271e-01,6.776098208900532827e-01,6.277434361535488838e-01,6.053106321713832561e-01,6.357871776106578388e-01,6.201585272297533979e-01,6.888960962788033271e-01,6.873314527117201367e-01,6.630971665998230957e-01,6.473409254544499891e-01,5.886176230932352871e-01,1.000000000000006439e+00,6.444321957482331831e-01,6.951742841107073634e-01,6.840847156105123172e-01,6.320768898581596851e-01,6.360656198684013773e-01,5.983992878157299300e-01,6.699658317363255122e-01,6.746260612473748974e-01,6.871601844499606315e-01,6.685553349237021159e-01,6.695718871787406101e-01,6.365210123751958715e-01,6.915469942266559977e-01,6.995415942788054675e-01,7.341815702545531064e-01,7.069766077018020400e-01,6.621240587132788402e-01,6.613004857649211754e-01,6.444321957482331831e-01,1.000000000000006439e+00,7.109063378195557004e-01,7.182691470160647018e-01,6.871198482786383677e-01,6.411694271212413643e-01,6.712614325467228804e-01,6.736267354614512426e-01,7.322531503721341206e-01,7.190744291985406988e-01,6.917299250241137898e-01,6.853721223697077924e-01,6.797383759629024302e-01,6.930947362755072172e-01,7.469670003948962744e-01,7.425846856685498487e-01,7.381560393721748881e-01,6.922354072839507211e-01,6.721472622301618571e-01,6.951742841107073634e-01,7.109063378195557004e-01,1.000000000000006439e+00,7.278075843295866987e-01,7.096587340961022505e-01,6.785025154065409403e-01,6.755037376699932761e-01,7.221584089752823843e-01,7.359957564410308795e-01,7.573166605533667717e-01,7.140841857733545295e-01,6.641770089031540092e-01,6.738476049520023548e-01,6.898429083493340386e-01,7.237701442532370466e-01,7.518309244353756915e-01,7.102862977259314370e-01,6.972182225816665468e-01,6.564649074361081915e-01,6.840847156105123172e-01,7.182691470160647018e-01,7.278075843295866987e-01,1.000000000000006439e+00,6.798216535423899920e-01,6.771449722724212084e-01,6.660409140170691078e-01,7.039693763187995224e-01,7.426386112706232501e-01,7.289935511495591047e-01,7.224462233880587503e-01,6.592380703982985146e-01,6.145739754012068401e-01,6.675987804073630905e-01,6.907297302621968615e-01,7.007521361335369292e-01,7.017315467695227627e-01,6.319121187502098058e-01,6.484620263780989102e-01,6.320768898581596851e-01,6.871198482786383677e-01,7.096587340961022505e-01,6.798216535423899920e-01,1.000000000000006439e+00,6.104287741167581105e-01,6.501887008278594005e-01,6.610265470591288883e-01,7.007735229411813371e-01,7.141448526905552763e-01,6.589648435765486090e-01,5.893629036208025695e-01,6.249653419143563760e-01,6.102205766703254763e-01,6.722877317125482977e-01,6.815952891832527394e-01,6.448974138656879962e-01,6.420640981578076278e-01,5.784772810032243751e-01,6.360656198684013773e-01,6.411694271212413643e-01,6.785025154065409403e-01,6.771449722724212084e-01,6.104287741167581105e-01,1.000000000000006439e+00,5.825060897143727878e-01,6.532150967166557853e-01,6.680029508969161922e-01,6.688119521091284714e-01,6.624954329002263886e-01,6.344900813465901290e-01,5.832543054564809371e-01,6.506826833949737043e-01,6.550614432793013808e-01,6.836657827786029040e-01,6.707163357182464036e-01,6.068161470560646809e-01,6.268934734699447286e-01,5.983992878157299300e-01,6.712614325467228804e-01,6.755037376699932761e-01,6.660409140170691078e-01,6.501887008278594005e-01,5.825060897143727878e-01,1.000000000000006439e+00,6.213544475493670838e-01,6.834819313662612306e-01,6.806487802784010333e-01,6.370451608728540105e-01,6.342571558041047997e-01,6.555045503478161839e-01,6.461740724418866266e-01,7.130875170690094134e-01,7.084661009017921840e-01,6.914232396622270738e-01,6.679503297996707278e-01,6.210139118385196166e-01,6.699658317363255122e-01,6.736267354614512426e-01,7.221584089752823843e-01,7.039693763187995224e-01,6.610265470591288883e-01,6.532150967166557853e-01,6.213544475493670838e-01,1.000000000000006439e+00,6.917732074828708555e-01,7.135643144971216545e-01,6.875056027083746857e-01,6.823604260119158216e-01,6.629741585460635633e-01,7.064975520284400012e-01,7.211103718480883495e-01,7.556345931998497134e-01,7.220443924393088464e-01,6.885310420878405502e-01,6.758035594640813271e-01,6.746260612473748974e-01,7.322531503721341206e-01,7.359957564410308795e-01,7.426386112706232501e-01,7.007735229411813371e-01,6.680029508969161922e-01,6.834819313662612306e-01,6.917732074828708555e-01,1.000000000000006439e+00,7.299556716963899738e-01,7.162044878988989005e-01,6.890101807034523240e-01,6.698753138307798061e-01,6.971755871537226312e-01,7.412641397697351531e-01,7.401631467985403390e-01,7.397718493742573287e-01,6.834929779835141606e-01,6.776098208900532827e-01,6.871601844499606315e-01,7.190744291985406988e-01,7.573166605533667717e-01,7.289935511495591047e-01,7.141448526905552763e-01,6.688119521091284714e-01,6.806487802784010333e-01,7.135643144971216545e-01,7.299556716963899738e-01,1.000000000000006439e+00,7.013045687638073122e-01,6.317807685682164109e-01,6.566222548980915619e-01,6.613630722877399393e-01,7.058714011603436367e-01,7.283021803756084545e-01,6.860686077065700772e-01,6.798725762818444984e-01,6.277434361535488838e-01,6.685553349237021159e-01,6.917299250241137898e-01,7.140841857733545295e-01,7.224462233880587503e-01,6.589648435765486090e-01,6.624954329002263886e-01,6.370451608728540105e-01,6.875056027083746857e-01,7.162044878988989005e-01,7.013045687638073122e-01,1.000000000000006439e+00
1.000000000000010658e+00,6.745665697051201892e-01,6.666041195340290937e-01,6.343615330527607732e-01,6.211898786612366496e-01,6.736642077954327901e-01,6.803461933430205999e-01,7.139762256868597001e-01,6.693908662817898980e-01,6.395916349501822307e-01,6.337559575428004521e-01,6.359196574933220214e-01,6.993266991955772172e-01,6.906742872598125027e-01,6.960061780426595179e-01,6.487568860171610829e-01,6.221641980749144096e-01,6.469549726315751981e-01,6.482459783351592897e-01,6.745665697051201892e-01,1.000000000000010658e+00,6.319407163672855487e-01,6.387169070852329877e-01,6.182167351694413115e-01,6.552686656525616993e-01,6.981147943107197662e-01,6.834985675853515463e-01,6.876361172578213665e-01,6.203872448605342038e-01,6.317006798808078027e-01,6.411514830947683263e-01,6.745934294945636900e-01,7.113608337972919804e-01,6.667723545865618107e-01,6.619322658122379632e-01,6.106242579831442363e-01,6.379701594999737102e-01,6.705384433859157278e-01,6.666041195340290937e-01,6.319407163672855487e-01,1.000000000000010658e+00,5.589918608467525640e-01,6.121455116190739343e-01,6.099898118917167489e-01,6.567809547785679047e-01,6.768785248574794577e-01,6.159095284608704368e-01,6.284958275692162921e-01,5.644968191428173521e-01,6.265832943495467378e-01,6.427571701933855186e-01,6.572639739121542979e-01,6.690977339398731516e-01,5.872846917153511370e-01,6.149566201962158862e-01,5.803775939856958832e-01,6.437953453601070741e-01,6.343615330527607732e-01,6.387169070852329877e-01,5.589918608467525640e-01,1.000000000000010658e+00,5.218192300983829357e-01,6.109663724058602696e-01,6.171352094027141577e-01,6.243564549302513811e-01,6.291976622369642724e-01,5.388217531148921102e-01,5.901425912708775368e-01,5.523621101239478692e-01,6.288763600353135530e-01,6.371181005468549152e-01,5.996335739492582029e-01,6.108321507981032683e-01,5.242353626690259283e-01,5.976440470101977986e-01,5.854235081561295351e-01,6.211898786612366496e-01,6.182167351694413115e-01,6.121455116190739343e-01,5.218192300983829357e-01,1.000000000000010658e+00,5.541050815227848148e-01,6.362479122861822711e-01,6.331784560866701161e-01,5.873751253982902876e-01,5.982760113063942953e-01,5.220847588808855688e-01,6.073284172639322742e-01,5.949784220030250870e-01,6.365021222313737015e-01,6.293438554065493573e-01,5.539213478094507925e-01,5.893587435907101657e-01,5.347535968100611825e-01,6.256815328495342055e-01,6.736642077954327901e-01,6.552686656525616993e-01,6.099898118917167489e-01,6.109663724058602696e-01,5.541050815227848148e-01,1.000000000000010658e+00,6.265950864461289349e-01,6.650824340338117313e-01,6.435827073734949888e-01,5.793458845195456064e-01,6.121317937752075444e-01,5.808639978102337897e-01,6.644811646532170490e-01,6.537309578298886592e-01,6.425508488934033036e-01,6.264787071645764316e-01,5.615473114393580989e-01,6.241346454545652067e-01,6.093087834523355228e-01,6.803461933430205999e-01,6.981147943107197662e-01,6.567809547785679047e-01,6.171352094027141577e-01,6.362479122861822711e-01,6.265950864461289349e-01,1.000000000000010658e+00,6.736057842321268030e-01,6.713428722774705815e-01,6.389206328989327499e-01,6.075440575622145234e-01,6.582102347064734404e-01,6.618993850705986448e-01,7.098145194783622713e-01,6.753838284056823404e-01,6.415417674710740537e-01,6.311187773693505143e-01,6.156015515762212065e-01,6.836492843572576916e-01,7.139762256868597001e-01,6.834985675853515463e-01,6.768785248574794577e-01,6.243564549302513811e-01,6.331784560866701161e-01,6.650824340338117313e-01,6.736057842321268030e-01,1.000000000000010658e+00,6.525406084076469382e-01,6.493566199101399317e-01,6.234165550496905128e-01,6.464191756588800741e-01,6.947594880732503864e-01,6.917644576508935605e-01,7.022517607946632268e-01,6.403172878090066522e-01,6.343892094758425415e-01,6.390596807319848249e-01,6.671053218183273792e-01,6.693908662817898980e-01,6.876361172578213665e-01,6.159095284608704368e-01,6.291976622369642724e-01,5.873751253982902876e-01,6.435827073734949888e-01,6.713428722774705815e-01,6.525406084076469382e-01,1.000000000000010658e+00,5.824867925978480798e-01,6.190455018444648294e-01,6.111187766159216217e-01,6.607463512731904798e-01,6.886621418430325381e-01,6.433983633018443005e-01,6.486455331487042120e-01,5.803052579311309689e-01,6.275741346091162631e-01,6.431061363088185212e-01,6.395916349501822307e-01,6.203872448605342038e-01,6.284958275692162921e-01,5.388217531148921102e-01,5.982760113063942953e-01,5.793458845195456064e-01,6.389206328989327499e-01,6.493566199101399317e-01,5.824867925978480798e-01,1.000000000000010658e+00,5.269203570591578512e-01,6.078745336191898607e-01,6.131703591593798963e-01,6.375436779215517547e-01,6.454430229489437343e-01,5.606257983882977358e-01,5.975686361915714118e-01,5.497248597400450354e-01,6.272717072496601931e-01,6.337559575428004521e-01,6.317006798808078027e-01,5.644968191428173521e-01,5.901425912708775368e-01,5.220847588808855688e-01,6.121317937752075444e-01,6.075440575622145234e-01,6.234165550496905128e-01,6.190455018444648294e-01,5.269203570591578512e-01,1.000000000000010658e+00,5.361902540248821847e-01,6.259657704253057675e-01,6.277123568049699509e-01,5.978351829710364385e-01,6.042631348458730178e-01,5.184472886822732995e-01,5.953020345764312715e-01,5.762851050741311099e-01,6.359196574933220214e-01,6.411514830947683263e-01,6.265832943495467378e-01,5.523621101239478692e-01,6.073284172639322742e-01,5.808639978102337897e-01,6.582102347064734404e-01,6.464191756588800741e-01,6.111187766159216217e-01,6.078745336191898607e-01,5.361902540248821847e-01,1.000000000000010658e+00,6.018969954836144165e-01,6.569266765976079503e-01,6.415682115383840589e-01,5.776008806114479865e-01,6.024357256677083106e-01,5.550809373974665561e-01,6.438995047577398267e-01,6.993266991955772172e-01,6.745934294945636900e-01,6.427571701933855186e-01,6.288763600353135530e-01,5.949784220030250870e-01,6.644811646532170490e-01,6.618993850705986448e-01,6.947594880732503864e-01,6.607463512731904798e-01,6.131703591593798963e-01,6.259657704253057675e-01,6.018969954836144165e-01,1.000000000000010658e+00,6.645034610832871724e-01,6.727034601144514792e-01,6.421830824417475991e-01,5.951751460939658234e-01,6.416166172849606664e-01,6.373328603883484655e-01,6.906742872598125027e-01,7.113608337972919804e-01,6.572639739121542979e-01,6.371181005468549152e-01,6.365021222313737015e-01,6.537309578298886592e-01,7.098145194783622713e-01,6.917644576508935605e-01,6.886621418430325381e-01,6.375436779215517547e-01,6.277123568049699509e-01,6.569266765976079503e-01,6.645034610832871724e-01,1.000000000000010658e+00,6.672817016723584516e-01,6.590007202624832416e-01,6.289998329403796440e-01,6.346338732083995904e-01,6.863038602177253811e-01,6.960061780426595179e-01,6.667723545865618107e-01,6.690977339398731516e-01,5.996335739492582029e-01,6.293438554065493573e-01,6.425508488934033036e-01,6.753838284056823404e-01,7.022517607946632268e-01,6.433983633018443005e-01,6.454430229489437343e-01,5.978351829710364385e-01,6.415682115383840589e-01,6.727034601144514792e-01,6.672817016723584516e-01,1.000000000000010658e+00,6.077143431582588962e-01,6.282345592835476555e-01,6.139638534345770449e-01,6.602233637379559816e-01,6.487568860171610829e-01,6.619322658122379632e-01,5.872846917153511370e-01,6.108321507981032683e-01,5.539213478094507925e-01,6.264787071645764316e-01,6.415417674710740537e-01,6.403172878090066522e-01,6.486455331487042120e-01,5.606257983882977358e-01,6.042631348458730178e-01,5.776008806114479865e-01,6.421830824417475991e-01,6.590007202624832416e-01,6.077143431582588962e-01,1.000000000000010658e+00,5.397755887171921119e-01,6.082823094504464789e-01,6.106993011066691457e-01,6.221641980749144096e-01,6.106242579831442363e-01,6.149566201962158862e-01,5.242353626690259283e-01,5.893587435907101657e-01,5.615473114393580989e-01,6.311187773693505143e-01,6.343892094758425415e-01,5.803052579311309689e-01,5.975686361915714118e-01,5.184472886822732995e-01,6.024357256677083106e-01,5.951751460939658234e-01,6.289998329403796440e-01,6.282345592835476555e-01,5.397755887171921119e-01,1.000000000000010658e+00,5.250249937047134496e-01,6.172227778479478788e-01,6.469549726315751981e-01,6.379701594999737102e-01,5.803775939856958832e-01,5.976440470101977986e-01,5.347535968100611825e-01,6.241346454545652067e-01,6.156015515762212065e-01,6.390596807319848249e-01,6.275741346091162631e-01,5.497248597400450354e-01,5.953020345764312715e-01,5.550809373974665561e-01,6.416166172849606664e-01,6.346338732083995904e-01,6.139638534345770449e-01,6.082823094504464789e-01,5.250249937047134496e-01,1.000000000000010658e+00,5.768281269290378432e-01,6.482459783351592897e-01,6.705384433859157278e-01,6.437953453601070741e-01,5.854235081561295351e-01,6.256815328495342055e-01,6.093087834523355228e-01,6.836492843572576916e-01,6.671053218183273792e-01,6.431061363088185212e-01,6.272717072496601931e-01,5.762851050741311099e-01,6.438995047577398267e-01,6.373328603883484655e-01,6.863038602177253811e-01,6.602233637379559816e-01,6.106993011066691457e-01,6.172227778479478788e-01,5.768281269290378432e-01,1.000000000000010658e+00
