1.000000000000024203e+00,2.065486307617211970e-01,3.820302001188196073e-01,3.681853774807550272e-01,2.563229024654076760e-01,3.717521067829238079e-01,1.864154541890722383e-01,3.664318904558188095e-01,2.101056869982101949e-01,3.814212491266155691e-01,2.999923206926091712e-01,3.719144045371352569e-01,3.714315620304496912e-01,3.009731744409779863e-01,3.813433550978505004e-01,2.108560302099499184e-01,3.674466802889289063e-01,1.803584894268080996e-01,4.005633446854686142e-01,1.385103455998183408e-01,2.065486307617211970e-01,1.000000000000024203e+00,2.328729799809429735e-01,3.819639629764207678e-01,3.413551332623877554e-01,2.822522763431740689e-01,3.224298117818437115e-01,2.604407336107162907e-01,3.356499639425058468e-01,3.095903324770842291e-01,3.719144042565146746e-01,3.677944350387025718e-01,3.682361602805717671e-01,3.720081159699982765e-01,3.103236634241571812e-01,3.358593078808189691e-01,2.601783202500713710e-01,3.252466194677942624e-01,2.686839769891622987e-01,3.891345295710104124e-01,3.820302001188196073e-01,2.328729799809429735e-01,1.000000000000024203e+00,2.074283936807349016e-01,3.889611237838884183e-01,2.701849832348744429e-01,3.244523336738706076e-01,2.612185476570152431e-01,3.347321083741308101e-01,3.106469622640618544e-01,3.714315602220847889e-01,3.682361584262033305e-01,3.684265721240608804e-01,3.717914754643987241e-01,3.110997860917925628e-01,3.351268554319307702e-01,2.618340314662349622e-01,3.213895862219702249e-01,2.828948678789495186e-01,3.404274604495543533e-01,3.681853774807550272e-01,3.819639629764207678e-01,2.074283936807349016e-01,1.000000000000024203e+00,1.399338311783359101e-01,4.003490047767076510e-01,1.818594935718621242e-01,3.668040907595898625e-01,2.114989236999502698e-01,3.809128012251615791e-01,3.009731753931005338e-01,3.720081178569911717e-01,3.717914789400381670e-01,3.016472641685591372e-01,3.812223490461309483e-01,2.119714682507214121e-01,3.659087812457902933e-01,1.875426531252130935e-01,3.711092119084364871e-01,2.565683476935198826e-01,2.563229024654076760e-01,3.413551332623877554e-01,3.889611237838884183e-01,1.399338311783359101e-01,1.000000000000024203e+00,5.616992859608922056e-02,4.117778134029008164e-01,1.101160094041498949e-01,3.931306040863465912e-01,1.922621548404365166e-01,3.813433519011810158e-01,3.103236611649204946e-01,3.110997844045563232e-01,3.812223451000869567e-01,1.929639491095239134e-01,3.929264960264279294e-01,1.124868229912080325e-01,3.909117807952446344e-01,1.413619639479813117e-01,3.903459761425795427e-01,3.717521067829238079e-01,2.822522763431740689e-01,2.701849832348744429e-01,4.003490047767076510e-01,5.616992859608922056e-02,1.000000000000024203e+00,-1.186835661331314684e-02,4.188821518461416371e-01,8.235809534615184946e-02,3.933760564486167843e-01,2.108560304404886732e-01,3.358593102256579588e-01,3.351268588506112200e-01,2.119714689565142807e-01,3.929265001015306291e-01,8.388995000465479523e-02,4.024333434330539250e-01,5.064559526792188071e-02,4.005855727460935767e-01,1.409314096867637922e-01,1.864154541890722383e-01,3.224298117818437115e-01,3.244523336738706076e-01,1.818594935718621242e-01,4.117778134029008164e-01,-1.186835661331314684e-02,1.000000000000024203e+00,-3.819270733683555186e-02,4.189483802209524876e-01,1.091883347330638021e-01,3.674466776515871169e-01,2.601783177057462315e-01,2.618340297046081178e-01,3.659087767639945810e-01,1.124868220547897979e-01,4.024333390451315662e-01,1.608783158939061653e-02,4.061115841194862797e-01,5.006903700428744219e-02,3.912350796384612694e-01,3.664318904558188095e-01,2.604407336107162907e-01,2.612185476570152431e-01,3.668040907595898625e-01,1.101160094041498949e-01,4.188821518461416371e-01,-3.819270733683555186e-02,1.000000000000024203e+00,-1.274811772614933836e-02,4.119512245588966559e-01,1.803584908905128126e-01,3.252466206801619686e-01,3.213895909463405087e-01,1.875426540915583196e-01,3.909117860316845827e-01,5.064559665164053426e-02,4.061115887738686592e-01,1.545569898188275948e-02,4.025562711245124214e-01,1.109773712737717188e-01,2.101056869982101949e-01,3.356499639425058468e-01,3.347321083741308101e-01,2.114989236999502698e-01,3.931306040863465912e-01,8.235809534615184946e-02,4.189483802209524876e-01,-1.274811772614933836e-02,1.000000000000024203e+00,5.474644054182604969e-02,4.005633442815512701e-01,2.686839737447868082e-01,2.828948678196203104e-01,3.711092063103795247e-01,1.413619636008455194e-01,4.005855674193686822e-01,5.006903696455768105e-02,4.025562664161385085e-01,8.223500362681158971e-02,3.931253964940478740e-01,3.814212491266155691e-01,3.095903324770842291e-01,3.106469622640618544e-01,3.809128012251615791e-01,1.922621548404365166e-01,3.933760564486167843e-01,1.091883347330638021e-01,4.119512245588966559e-01,5.474644054182604969e-02,1.000000000000024203e+00,1.385103473376663175e-01,3.891345288092584176e-01,3.404274650979712824e-01,2.565683471827588935e-01,3.903459816844190300e-01,1.409314101140275166e-01,3.912350843767489206e-01,1.109773707965109601e-01,3.931254004178892369e-01,1.909183197699277634e-01,2.999923206926091712e-01,3.719144042565146746e-01,3.714315602220847889e-01,3.009731753931005338e-01,3.813433519011810158e-01,2.108560304404886732e-01,3.674466776515871169e-01,1.803584908905128126e-01,4.005633442815512701e-01,1.385103473376663175e-01,1.000000000000024203e+00,2.065486283298627046e-01,3.820302009916200503e-01,3.681853730925597201e-01,2.563229028911764851e-01,3.717521026869044509e-01,1.864154545986292377e-01,3.664318869632244291e-01,2.101056872440163759e-01,3.814212468761861707e-01,3.719144045371352569e-01,3.677944350387025718e-01,3.682361584262033305e-01,3.720081178569911717e-01,3.103236611649204946e-01,3.358593102256579588e-01,2.601783177057462315e-01,3.252466206801619686e-01,2.686839737447868082e-01,3.891345288092584176e-01,2.065486283298627046e-01,1.000000000000024203e+00,2.328729822633760493e-01,3.819639612241842452e-01,3.413551363558420260e-01,2.822522747489580319e-01,3.224298144744194294e-01,2.604407315769632358e-01,3.356499658977618039e-01,3.095903312667855345e-01,3.714315620304496912e-01,3.682361602805717671e-01,3.684265721240608804e-01,3.717914789400381670e-01,3.110997844045563232e-01,3.351268588506112200e-01,2.618340297046081178e-01,3.213895909463405087e-01,2.828948678196203104e-01,3.404274650979712824e-01,3.820302009916200503e-01,2.328729822633760493e-01,1.000000000000024203e+00,2.074283917769708108e-01,3.889611270741313853e-01,2.701849818372539236e-01,3.244523375357942774e-01,2.612185460195677322e-01,3.347321113958202088e-01,3.106469617951528317e-01,3.009731744409779863e-01,3.720081159699982765e-01,3.717914754643987241e-01,3.016472641685591372e-01,3.812223451000869567e-01,2.119714689565142807e-01,3.659087767639945810e-01,1.875426540915583196e-01,3.711092063103795247e-01,2.565683471827588935e-01,3.681853730925597201e-01,3.819639612241842452e-01,2.074283917769708108e-01,1.000000000000024203e+00,1.399338321664153340e-01,4.003489994029419408e-01,1.818594939798549859e-01,3.668040854469868384e-01,2.114989239445161096e-01,3.809127977546026833e-01,3.813433550978505004e-01,3.103236634241571812e-01,3.110997860917925628e-01,3.812223490461309483e-01,1.929639491095239134e-01,3.929265001015306291e-01,1.124868220547897979e-01,3.909117860316845827e-01,1.413619636008455194e-01,3.903459816844190300e-01,2.563229028911764851e-01,3.413551363558420260e-01,3.889611270741313853e-01,1.399338321664153340e-01,1.000000000000024203e+00,5.616992835208786672e-02,4.117778209309546078e-01,1.101160086838314095e-01,3.931306097500617547e-01,1.922621548302208272e-01,2.108560302099499184e-01,3.358593078808189691e-01,3.351268554319307702e-01,2.119714682507214121e-01,3.929264960264279294e-01,8.388995000465479523e-02,4.024333390451315662e-01,5.064559665164053426e-02,4.005855674193686822e-01,1.409314101140275166e-01,3.717521026869044509e-01,2.822522747489580319e-01,2.701849818372539236e-01,4.003489994029419408e-01,5.616992835208786672e-02,1.000000000000024203e+00,-1.186835603606055389e-02,4.188821441056945760e-01,8.235809610374185408e-02,3.933760518563358399e-01,3.674466802889289063e-01,2.601783202500713710e-01,2.618340314662349622e-01,3.659087812457902933e-01,1.124868229912080325e-01,4.024333434330539250e-01,1.608783158939061653e-02,4.061115887738686592e-01,5.006903696455768105e-02,3.912350843767489206e-01,1.864154545986292377e-01,3.224298144744194294e-01,3.244523375357942774e-01,1.818594939798549859e-01,4.117778209309546078e-01,-1.186835603606055389e-02,1.000000000000024203e+00,-3.819270733350863672e-02,4.189483861452788505e-01,1.091883349033223455e-01,1.803584894268080996e-01,3.252466194677942624e-01,3.213895862219702249e-01,1.875426531252130935e-01,3.909117807952446344e-01,5.064559526792188071e-02,4.061115841194862797e-01,1.545569898188275948e-02,4.025562664161385085e-01,1.109773707965109601e-01,3.664318869632244291e-01,2.604407315769632358e-01,2.612185460195677322e-01,3.668040854469868384e-01,1.101160086838314095e-01,4.188821441056945760e-01,-3.819270733350863672e-02,1.000000000000024203e+00,-1.274811891225846941e-02,4.119512213758159680e-01,4.005633446854686142e-01,2.686839769891622987e-01,2.828948678789495186e-01,3.711092119084364871e-01,1.413619639479813117e-01,4.005855727460935767e-01,5.006903700428744219e-02,4.025562711245124214e-01,8.223500362681158971e-02,3.931254004178892369e-01,2.101056872440163759e-01,3.356499658977618039e-01,3.347321113958202088e-01,2.114989239445161096e-01,3.931306097500617547e-01,8.235809610374185408e-02,4.189483861452788505e-01,-1.274811891225846941e-02,1.000000000000024203e+00,5.474644184639690381e-02,1.385103455998183408e-01,3.891345295710104124e-01,3.404274604495543533e-01,2.565683476935198826e-01,3.903459761425795427e-01,1.409314096867637922e-01,3.912350796384612694e-01,1.109773712737717188e-01,3.931253964940478740e-01,1.909183197699277634e-01,3.814212468761861707e-01,3.095903312667855345e-01,3.106469617951528317e-01,3.809127977546026833e-01,1.922621548302208272e-01,3.933760518563358399e-01,1.091883349033223455e-01,4.119512213758159680e-01,5.474644184639690381e-02,1.000000000000024203e+00
1.000000000000006217e+00,-2.149523256826721754e-02,4.185939613796951786e-01,7.344642915829849295e-02,3.909057602007686150e-01,2.023931376275601157e-01,3.315047835383146402e-01,3.289619853250250747e-01,2.061922987561005949e-01,3.898463932999145509e-01,7.686753518931324636e-02,4.011344569825981976e-01,4.232118864061640284e-02,3.988268422748719733e-01,1.321031740427641155e-01,3.680991699175686360e-01,2.750604715802848488e-01,2.641743777876901511e-01,3.974835409778118001e-01,4.684998356129968511e-02,-2.149523256826721754e-02,1.000000000000006217e+00,-4.863819376135650185e-02,4.188258275306981360e-01,9.948401428060241192e-02,3.645304231793907168e-01,2.523414903899787176e-01,2.566937344363758866e-01,3.615426281051818402e-01,1.056018827821361417e-01,4.011344550122730168e-01,7.617023524193987372e-03,4.056174540260853445e-01,4.052128360751144909e-02,3.892891091397089331e-01,1.775023732940396171e-01,3.181508179163059502e-01,3.185230429292547627e-01,1.752306713228590218e-01,4.104419300220149558e-01,4.185939613796951786e-01,-4.863819376135650185e-02,1.000000000000006217e+00,-2.421121681978863349e-02,4.110489754878047797e-01,1.705463582804445100e-01,3.210678539508836082e-01,3.148583054413941484e-01,1.810461262561507689e-01,3.882286306627883432e-01,4.232118981664378943e-02,4.056174554794315656e-01,5.647321763103994342e-03,4.015830361990675446e-01,1.008896801801521248e-01,3.632585239378216535e-01,2.523134226386109513e-01,2.556340058465804699e-01,3.624716334209168167e-01,1.023790814093845786e-01,7.344642915829849295e-02,4.188258275306981360e-01,-2.421121681978863349e-02,1.000000000000006217e+00,4.245542574632300836e-02,3.982338843191474687e-01,2.594900628888338612e-01,2.771192624823664019e-01,3.660642824976892973e-01,1.334567624889146376e-01,3.988268399554596444e-01,4.052128551512605703e-02,4.015830338097483576e-01,7.171078267572419951e-02,3.905722083808537692e-01,2.003676871002823545e-01,3.306778796487039873e-01,3.279610312278019579e-01,2.044280232191139357e-01,3.901193673689831165e-01,3.909057602007686150e-01,9.948401428060241192e-02,4.110489754878047797e-01,4.245542574632300836e-02,1.000000000000006217e+00,1.258973415787605077e-01,3.852754985833816148e-01,3.323416563813146873e-01,2.494715298279055193e-01,3.864004860875850933e-01,1.321031731292113265e-01,3.892891105320099299e-01,1.008896786271706869e-01,3.905722093092267033e-01,1.805734226537847875e-01,3.767907369438192600e-01,3.009581059082333532e-01,3.039918814655030999e-01,3.755503947022884037e-01,1.840918258575161282e-01,2.023931376275601157e-01,3.645304231793907168e-01,1.705463582804445100e-01,3.982338843191474687e-01,1.258973415787605077e-01,1.000000000000006217e+00,1.942425549911671601e-01,3.771234652201110871e-01,3.612743029479542622e-01,2.486851377342542135e-01,3.680991679294319807e-01,1.775023761264813982e-01,3.632585206835970415e-01,2.003676875809880797e-01,3.767907364073900256e-01,2.906533944225201949e-01,3.655026733359959534e-01,3.642387972751197633e-01,2.933936660946215857e-01,3.769039831911484839e-01,3.315047835383146402e-01,2.523414903899787176e-01,3.210678539508836082e-01,2.594900628888338612e-01,3.852754985833816148e-01,1.942425549911671601e-01,1.000000000000006217e+00,2.213855189274541724e-01,3.768915995685479525e-01,3.352367221132171449e-01,2.750604710651479712e-01,3.181508196496081187e-01,2.523134223573402224e-01,3.306778804372770275e-01,3.009581070840388617e-01,3.655026734289193446e-01,3.599039110233291927e-01,3.610196768373299392e-01,3.660387033796586032e-01,3.029314015431739393e-01,3.289619853250250747e-01,2.566937344363758866e-01,3.148583054413941484e-01,2.771192624823664019e-01,3.323416563813146873e-01,3.771234652201110871e-01,2.213855189274541724e-01,1.000000000000006217e+00,1.969585389808207188e-01,3.846684536784008568e-01,2.641743749868079583e-01,3.185230458577716361e-01,2.556340023502253200e-01,3.279610307554007287e-01,3.039918800654961561e-01,3.642387969019523775e-01,3.610196752020337074e-01,3.618736111825838764e-01,3.650540942841491998e-01,3.056703100776348436e-01,2.061922987561005949e-01,3.615426281051818402e-01,1.810461262561507689e-01,3.660642824976892973e-01,2.494715298279055193e-01,3.612743029479542622e-01,3.768915995685479525e-01,1.969585389808207188e-01,1.000000000000006217e+00,1.302918984342642805e-01,3.974835393148209439e-01,1.752306727338855397e-01,3.624716316617187517e-01,2.044280232338572256e-01,3.755503954499652131e-01,2.933936654027313184e-01,3.660387031953923342e-01,3.650540944366536533e-01,2.958101476420654796e-01,3.760649216214440038e-01,3.898463932999145509e-01,1.056018827821361417e-01,3.882286306627883432e-01,1.334567624889146376e-01,3.864004860875850933e-01,2.486851377342542135e-01,3.352367221132171449e-01,3.846684536784008568e-01,1.302918984342642805e-01,1.000000000000006217e+00,4.684998017508608392e-02,4.104419347421612296e-01,1.023790780994741079e-01,3.901193689450064284e-01,1.840918243992736014e-01,3.769039839518362744e-01,3.029313997356794519e-01,3.056703105518231989e-01,3.760649219181462222e-01,1.869475138118053548e-01,7.686753518931324636e-02,4.011344550122730168e-01,4.232118981664378943e-02,3.988268399554596444e-01,1.321031731292113265e-01,3.680991679294319807e-01,2.750604710651479712e-01,2.641743749868079583e-01,3.974835393148209439e-01,4.684998017508608392e-02,1.000000000000006217e+00,-2.149523142674970161e-02,4.185939566117862776e-01,7.344642814858731716e-02,3.909057578391570420e-01,2.023931358108183587e-01,3.315047812796049209e-01,3.289619842138040706e-01,2.061922971409582417e-01,3.898463914630675431e-01,4.011344569825981976e-01,7.617023524193987372e-03,4.056174554794315656e-01,4.052128551512605703e-02,3.892891105320099299e-01,1.775023761264813982e-01,3.181508196496081187e-01,3.185230458577716361e-01,1.752306727338855397e-01,4.104419347421612296e-01,-2.149523142674970161e-02,1.000000000000006217e+00,-4.863819323186079069e-02,4.188258314068659671e-01,9.948401570038890862e-02,3.645304263228986708e-01,2.523414912862656512e-01,2.566937380489775489e-01,3.615426296826099728e-01,1.056018863988378576e-01,4.232118864061640284e-02,4.056174540260853445e-01,5.647321763103994342e-03,4.015830338097483576e-01,1.008896786271706869e-01,3.632585206835970415e-01,2.523134223573402224e-01,2.556340023502253200e-01,3.624716316617187517e-01,1.023790780994741079e-01,4.185939566117862776e-01,-4.863819323186079069e-02,1.000000000000006217e+00,-2.421121947644423039e-02,4.110489736616853573e-01,1.705463557525109253e-01,3.210678523288997277e-01,3.148583033742318182e-01,1.810461240811127581e-01,3.882286288427528320e-01,3.988268422748719733e-01,4.052128360751144909e-02,4.015830361990675446e-01,7.171078267572419951e-02,3.905722093092267033e-01,2.003676875809880797e-01,3.306778804372770275e-01,3.279610307554007287e-01,2.044280232338572256e-01,3.901193689450064284e-01,7.344642814858731716e-02,4.188258314068659671e-01,-2.421121947644423039e-02,1.000000000000006217e+00,4.245542657630108768e-02,3.982338839601569092e-01,2.594900630366983041e-01,2.771192628880143616e-01,3.660642840112122709e-01,1.334567636335606544e-01,1.321031740427641155e-01,3.892891091397089331e-01,1.008896801801521248e-01,3.905722083808537692e-01,1.805734226537847875e-01,3.767907364073900256e-01,3.009581070840388617e-01,3.039918800654961561e-01,3.755503954499652131e-01,1.840918243992736014e-01,3.909057578391570420e-01,9.948401570038890862e-02,4.110489736616853573e-01,4.245542657630108768e-02,1.000000000000006217e+00,1.258973412679449955e-01,3.852754990992444117e-01,3.323416560501140093e-01,2.494715296093322210e-01,3.864004859366166333e-01,3.680991699175686360e-01,1.775023732940396171e-01,3.632585239378216535e-01,2.003676871002823545e-01,3.767907369438192600e-01,2.906533944225201949e-01,3.655026734289193446e-01,3.642387969019523775e-01,2.933936654027313184e-01,3.769039839518362744e-01,2.023931358108183587e-01,3.645304263228986708e-01,1.705463557525109253e-01,3.982338839601569092e-01,1.258973412679449955e-01,1.000000000000006217e+00,1.942425540499527203e-01,3.771234656745106051e-01,3.612743035188571428e-01,2.486851379982375210e-01,2.750604715802848488e-01,3.181508179163059502e-01,2.523134226386109513e-01,3.306778796487039873e-01,3.009581059082333532e-01,3.655026733359959534e-01,3.599039110233291927e-01,3.610196752020337074e-01,3.660387031953923342e-01,3.029313997356794519e-01,3.315047812796049209e-01,2.523414912862656512e-01,3.210678523288997277e-01,2.594900630366983041e-01,3.852754990992444117e-01,1.942425540499527203e-01,1.000000000000006217e+00,2.213855187523941781e-01,3.768915983421248783e-01,3.352367222372153455e-01,2.641743777876901511e-01,3.185230429292547627e-01,2.556340058465804699e-01,3.279610312278019579e-01,3.039918814655030999e-01,3.642387972751197633e-01,3.610196768373299392e-01,3.618736111825838764e-01,3.650540944366536533e-01,3.056703105518231989e-01,3.289619842138040706e-01,2.566937380489775489e-01,3.148583033742318182e-01,2.771192628880143616e-01,3.323416560501140093e-01,3.771234656745106051e-01,2.213855187523941781e-01,1.000000000000006217e+00,1.969585403773775334e-01,3.846684540336164915e-01,3.974835409778118001e-01,1.752306713228590218e-01,3.624716334209168167e-01,2.044280232191139357e-01,3.755503947022884037e-01,2.933936660946215857e-01,3.660387033796586032e-01,3.650540942841491998e-01,2.958101476420654796e-01,3.760649219181462222e-01,2.061922971409582417e-01,3.615426296826099728e-01,1.810461240811127581e-01,3.660642840112122709e-01,2.494715296093322210e-01,3.612743035188571428e-01,3.768915983421248783e-01,1.969585403773775334e-01,1.000000000000006217e+00,1.302918988032230607e-01,4.684998356129968511e-02,4.104419300220149558e-01,1.023790814093845786e-01,3.901193673689831165e-01,1.840918258575161282e-01,3.769039831911484839e-01,3.029314015431739393e-01,3.056703100776348436e-01,3.760649216214440038e-01,1.869475138118053548e-01,3.898463914630675431e-01,1.056018863988378576e-01,3.882286288427528320e-01,1.334567636335606544e-01,3.864004859366166333e-01,2.486851379982375210e-01,3.352367222372153455e-01,3.846684540336164915e-01,1.302918988032230607e-01,1.000000000000006217e+00
9.999999999999990008e-01,1.818118831711252881e-01,3.723592491042520547e-01,3.543089542269031167e-01,2.410487437412222600e-01,3.645363188207886296e-01,1.684889764329179918e-01,3.602388158501607096e-01,1.904917666059688930e-01,3.723038098258206752e-01,2.812025102819470934e-01,3.591779203487132088e-01,3.570148056883131193e-01,2.858223384593063798e-01,3.725334338289041369e-01,1.938577122954984744e-01,3.617623893431356485e-01,1.605905400014713269e-01,3.960966959630315976e-01,1.131481172354771580e-01,1.818118831711252881e-01,9.999999999999990008e-01,2.098018371049890363e-01,3.719182984059105079e-01,3.291193739587148226e-01,2.678323173211064612e-01,3.139845514766306245e-01,2.440844274918922141e-01,3.258338385352106958e-01,2.922270925996889313e-01,3.591779282074520352e-01,3.519694898112019632e-01,3.538273156479811998e-01,3.601081986168868099e-01,2.954988575585466570e-01,3.272606867222929705e-01,2.444094777217760139e-01,3.170397780023996304e-01,2.501524037062873296e-01,3.815945837689179720e-01,3.723592491042520547e-01,2.098018371049890363e-01,9.999999999999990008e-01,1.864267664908393907e-01,3.804401438499291910e-01,2.581990782639080884e-01,3.125549360556609813e-01,2.501451216852615400e-01,3.211276848623731972e-01,2.974092650394967174e-01,3.570148077348864746e-01,3.538273106772035215e-01,3.553483703514684344e-01,3.582957343838555908e-01,3.003256943960398440e-01,3.227427270986596985e-01,2.516652277553883543e-01,3.082489078188846987e-01,2.714606225331044342e-01,3.241462568094677921e-01,3.543089542269031167e-01,3.719182984059105079e-01,1.864267664908393907e-01,9.999999999999990008e-01,1.206151551357593499e-01,3.946697391034552638e-01,1.686372132022497250e-01,3.581340814965676689e-01,1.974025357440826189e-01,3.701908378980527936e-01,2.858223429741527655e-01,3.601081964977079219e-01,3.582957355768605634e-01,2.900485342643376319e-01,3.708763997745595509e-01,2.005021933026069070e-01,3.571477048821618538e-01,1.746219797219215053e-01,3.609914949447075028e-01,2.424346399079533310e-01,2.410487437412222600e-01,3.291193739587148226e-01,3.804401438499291910e-01,1.206151551357593499e-01,9.999999999999990008e-01,3.750480101958372087e-02,4.091718577492479691e-01,9.464335919694671917e-02,3.871600719108831967e-01,1.759026499829696444e-01,3.725334373991179282e-01,2.954988565968422742e-01,3.003256962335948410e-01,3.708764020739052647e-01,1.810122941035530175e-01,3.867639292630463688e-01,9.876685755174219317e-02,3.855722737871414840e-01,1.255588161056362673e-01,3.824913754171002100e-01,3.645363188207886296e-01,2.678323173211064612e-01,2.581990782639080884e-01,3.946697391034552638e-01,3.750480101958372087e-02,9.999999999999990008e-01,-3.115896261251482890e-02,4.184071855929066830e-01,6.448066520066533802e-02,3.885459616014541595e-01,1.938577126101487802e-01,3.272606821928908394e-01,3.227427250798861613e-01,2.005021905035902774e-01,3.867639251616732388e-01,6.988780183529072487e-02,3.998898147411669157e-01,3.397915450087572731e-02,3.971592007154340909e-01,1.232162253454057999e-01,1.684889764329179918e-01,3.139845514766306245e-01,3.125549360556609813e-01,1.686372132022497250e-01,4.091718577492479691e-01,-3.115896261251482890e-02,9.999999999999990008e-01,-5.914891807507138832e-02,4.188481424151838106e-01,8.967024087532327048e-02,3.617623950639738406e-01,2.444094797094055194e-01,2.516652327619564589e-01,3.571477082128216018e-01,9.876686094066280952e-02,3.998898185324891719e-01,-8.791850237938325652e-04,4.052404286615209905e-01,3.088575705588472720e-02,3.874826850579321524e-01,3.602388158501607096e-01,2.440844274918922141e-01,2.501451216852615400e-01,3.581340814965676689e-01,9.464335919694671917e-02,4.184071855929066830e-01,-5.914891807507138832e-02,9.999999999999990008e-01,-3.577384667578914490e-02,4.103262906894561413e-01,1.605905394744758241e-01,3.170397708246152080e-01,3.082489058833435824e-01,1.746219749135623223e-01,3.855722705605666434e-01,3.397915331049930487e-02,4.052404253585860094e-01,-4.258060689999870752e-03,4.007720045704595280e-01,9.066825970636058218e-02,1.904917666059688930e-01,3.258338385352106958e-01,3.211276848623731972e-01,1.974025357440826189e-01,3.871600719108831967e-01,6.448066520066533802e-02,4.188481424151838106e-01,-3.577384667578914490e-02,9.999999999999990008e-01,3.003776089156150880e-02,3.960967039781789212e-01,2.501524053077651688e-01,2.714606296745846747e-01,3.609914972285016566e-01,1.255588204455790335e-01,3.971592037148907739e-01,3.088575750196185382e-02,4.007720086076616006e-01,6.104177131230873604e-02,3.881913424546578062e-01,3.723038098258206752e-01,2.922270925996889313e-01,2.974092650394967174e-01,3.701908378980527936e-01,1.759026499829696444e-01,3.885459616014541595e-01,8.967024087532327048e-02,4.103262906894561413e-01,3.003776089156150880e-02,9.999999999999990008e-01,1.131481165261564586e-01,3.815945749953009725e-01,3.241462550200874260e-01,2.424346338885613461e-01,3.824913727263942742e-01,1.232162233974262444e-01,3.874826810889713813e-01,9.066825905103197136e-02,3.881913364107321684e-01,1.700780079793495769e-01,2.812025102819470934e-01,3.591779282074520352e-01,3.570148077348864746e-01,2.858223429741527655e-01,3.725334373991179282e-01,1.938577126101487802e-01,3.617623950639738406e-01,1.605905394744758241e-01,3.960967039781789212e-01,1.131481165261564586e-01,9.999999999999990008e-01,1.818118843920090155e-01,3.723592551751853108e-01,3.543089564174372597e-01,2.410487462822699101e-01,3.645363227525159067e-01,1.684889753092374820e-01,3.602388217601401044e-01,1.904917651769097442e-01,3.723038179492282884e-01,3.591779203487132088e-01,3.519694898112019632e-01,3.538273106772035215e-01,3.601081964977079219e-01,2.954988565968422742e-01,3.272606821928908394e-01,2.444094797094055194e-01,3.170397708246152080e-01,2.501524053077651688e-01,3.815945749953009725e-01,1.818118843920090155e-01,9.999999999999990008e-01,2.098018354579637146e-01,3.719182959033756619e-01,3.291193709769725251e-01,2.678323186441874393e-01,3.139845458796010069e-01,2.440844298098842069e-01,3.258338310547083116e-01,2.922270950380647658e-01,3.570148056883131193e-01,3.538273156479811998e-01,3.553483703514684344e-01,3.582957355768605634e-01,3.003256962335948410e-01,3.227427250798861613e-01,2.516652327619564589e-01,3.082489058833435824e-01,2.714606296745846747e-01,3.241462550200874260e-01,3.723592551751853108e-01,2.098018354579637146e-01,9.999999999999990008e-01,1.864267682476574151e-01,3.804401435701600942e-01,2.581990821017277615e-01,3.125549334698432546e-01,2.501451273306662948e-01,3.211276820687974931e-01,2.974092721422259000e-01,2.858223384593063798e-01,3.601081986168868099e-01,3.582957343838555908e-01,2.900485342643376319e-01,3.708764020739052647e-01,2.005021905035902774e-01,3.571477082128216018e-01,1.746219749135623223e-01,3.609914972285016566e-01,2.424346338885613461e-01,3.543089564174372597e-01,3.719182959033756619e-01,1.864267682476574151e-01,9.999999999999990008e-01,1.206151534590940155e-01,3.946697412849955455e-01,1.686372085738662152e-01,3.581340842015561243e-01,1.974025301252097797e-01,3.701908410993958176e-01,3.725334338289041369e-01,2.954988575585466570e-01,3.003256943960398440e-01,3.708763997745595509e-01,1.810122941035530175e-01,3.867639251616732388e-01,9.876686094066280952e-02,3.855722705605666434e-01,1.255588204455790335e-01,3.824913727263942742e-01,2.410487462822699101e-01,3.291193709769725251e-01,3.804401435701600942e-01,1.206151534590940155e-01,9.999999999999990008e-01,3.750480332367908676e-02,4.091718555744144892e-01,9.464336289958660831e-02,3.871600689205597634e-01,1.759026542942511429e-01,1.938577122954984744e-01,3.272606867222929705e-01,3.227427270986596985e-01,2.005021933026069070e-01,3.867639292630463688e-01,6.988780183529072487e-02,3.998898185324891719e-01,3.397915331049930487e-02,3.971592037148907739e-01,1.232162233974262444e-01,3.645363227525159067e-01,2.678323186441874393e-01,2.581990821017277615e-01,3.946697412849955455e-01,3.750480332367908676e-02,9.999999999999990008e-01,-3.115896412472644525e-02,4.184071874433951677e-01,6.448066336831423384e-02,3.885459653337811625e-01,3.617623893431356485e-01,2.444094777217760139e-01,2.516652277553883543e-01,3.571477048821618538e-01,9.876685755174219317e-02,3.998898147411669157e-01,-8.791850237938325652e-04,4.052404253585860094e-01,3.088575750196185382e-02,3.874826810889713813e-01,1.684889753092374820e-01,3.139845458796010069e-01,3.125549334698432546e-01,1.686372085738662152e-01,4.091718555744144892e-01,-3.115896412472644525e-02,9.999999999999990008e-01,-5.914891763755183302e-02,4.188481391698006262e-01,8.967024160366422747e-02,1.605905400014713269e-01,3.170397780023996304e-01,3.082489078188846987e-01,1.746219797219215053e-01,3.855722737871414840e-01,3.397915450087572731e-02,4.052404286615209905e-01,-4.258060689999870752e-03,4.007720086076616006e-01,9.066825905103197136e-02,3.602388217601401044e-01,2.440844298098842069e-01,2.501451273306662948e-01,3.581340842015561243e-01,9.464336289958660831e-02,4.184071874433951677e-01,-5.914891763755183302e-02,9.999999999999990008e-01,-3.577384790350095906e-02,4.103262962240245004e-01,3.960966959630315976e-01,2.501524037062873296e-01,2.714606225331044342e-01,3.609914949447075028e-01,1.255588161056362673e-01,3.971592007154340909e-01,3.088575705588472720e-02,4.007720045704595280e-01,6.104177131230873604e-02,3.881913364107321684e-01,1.904917651769097442e-01,3.258338310547083116e-01,3.211276820687974931e-01,1.974025301252097797e-01,3.871600689205597634e-01,6.448066336831423384e-02,4.188481391698006262e-01,-3.577384790350095906e-02,9.999999999999990008e-01,3.003776174661720866e-02,1.131481172354771580e-01,3.815945837689179720e-01,3.241462568094677921e-01,2.424346399079533310e-01,3.824913754171002100e-01,1.232162253454057999e-01,3.874826850579321524e-01,9.066825970636058218e-02,3.881913424546578062e-01,1.700780079793495769e-01,3.723038179492282884e-01,2.922270950380647658e-01,2.974092721422259000e-01,3.701908410993958176e-01,1.759026542942511429e-01,3.885459653337811625e-01,8.967024160366422747e-02,4.103262962240245004e-01,3.003776174661720866e-02,9.999999999999990008e-01
