9.999999999999771294e-01,9.999999999999771294e-01,9.999999999999771294e-01,9.999999999999771294e-01,9.999999999999771294e-01,9.999999999999771294e-01,9.999999999999771294e-01,9.999999999999771294e-01,9.999999999999771294e-01,9.999999999999771294e-01,9.999999999999771294e-01,9.999999999999771294e-01,9.999999999999771294e-01,9.999999999999771294e-01,9.999999999999771294e-01,9.999999999999771294e-01,9.999999999999771294e-01,9.999999999999771294e-01,9.999999999999771294e-01,9.999999999999771294e-01,9.999999999999771294e-01,9.999999999999771294e-01,9.999999999999771294e-01,9.999999999999771294e-01,9.999999999999771294e-01,9.999999999999771294e-01,9.999999999999771294e-01,9.999999999999771294e-01,9.999999999999771294e-01,9.999999999999771294e-01,9.999999999999771294e-01,9.999999999999771294e-01,9.999999999999771294e-01,9.999999999999771294e-01,9.999999999999771294e-01,9.999999999999771294e-01,9.999999999999771294e-01,9.999999999999771294e-01,9.999999999999771294e-01,9.999999999999771294e-01,9.999999999999771294e-01,9.999999999999771294e-01,9.999999999999771294e-01,9.999999999999771294e-01,9.999999999999771294e-01,9.999999999999771294e-01,9.999999999999771294e-01,9.999999999999771294e-01,9.999999999999771294e-01,9.999999999999771294e-01,9.999999999999771294e-01,9.999999999999771294e-01,9.999999999999771294e-01,9.999999999999771294e-01,9.999999999999771294e-01,9.999999999999771294e-01,9.999999999999771294e-01,9.999999999999771294e-01,9.999999999999771294e-01,9.999999999999771294e-01,9.999999999999771294e-01,9.999999999999771294e-01,9.999999999999771294e-01,9.999999999999771294e-01,9.999999999999771294e-01,9.999999999999771294e-01,9.999999999999771294e-01,9.999999999999771294e-01,9.999999999999771294e-01,9.999999999999771294e-01,9.999999999999771294e-01,9.999999999999771294e-01,9.999999999999771294e-01,9.999999999999771294e-01,9.999999999999771294e-01,9.999999999999771294e-01,9.999999999999771294e-01,9.999999999999771294e-01,9.999999999999771294e-01,9.999999999999771294e-01,9.999999999999771294e-01,9.999999999999771294e-01,9.999999999999771294e-01,9.999999999999771294e-01,9.999999999999771294e-01,9.999999999999771294e-01,9.999999999999771294e-01,9.999999999999771294e-01,9.999999999999771294e-01,9.999999999999771294e-01,9.999999999999771294e-01,9.999999999999771294e-01,9.999999999999771294e-01,9.999999999999771294e-01,9.999999999999771294e-01,9.999999999999771294e-01,9.999999999999771294e-01,9.999999999999771294e-01,9.999999999999771294e-01,9.999999999999771294e-01,9.999999999999771294e-01,9.999999999999771294e-01,9.999999999999771294e-01,9.999999999999771294e-01,9.999999999999771294e-01,9.999999999999771294e-01,9.999999999999771294e-01,9.999999999999771294e-01,9.999999999999771294e-01,9.999999999999771294e-01,9.999999999999771294e-01,9.999999999999771294e-01,9.999999999999771294e-01,9.999999999999771294e-01,9.999999999999771294e-01,9.999999999999771294e-01,9.999999999999771294e-01,9.999999999999771294e-01,9.999999999999771294e-01,9.999999999999771294e-01,9.999999999999771294e-01,9.999999999999771294e-01,9.999999999999771294e-01,9.999999999999771294e-01,9.999999999999771294e-01,9.999999999999771294e-01,9.999999999999771294e-01,9.999999999999771294e-01,9.999999999999771294e-01,9.999999999999771294e-01,9.999999999999771294e-01,9.999999999999771294e-01,9.999999999999771294e-01,9.999999999999771294e-01,9.999999999999771294e-01,9.999999999999771294e-01,9.999999999999771294e-01,9.999999999999771294e-01,9.999999999999771294e-01,9.999999999999771294e-01,9.999999999999771294e-01,9.999999999999771294e-01,9.999999999999771294e-01,9.999999999999771294e-01,9.999999999999771294e-01,9.999999999999771294e-01,9.999999999999771294e-01,9.999999999999771294e-01,9.999999999999771294e-01,9.999999999999771294e-01,9.999999999999771294e-01,9.999999999999771294e-01,9.999999999999771294e-01,9.999999999999771294e-01,9.999999999999771294e-01,9.999999999999771294e-01,9.999999999999771294e-01,9.999999999999771294e-01,9.999999999999771294e-01,9.999999999999771294e-01,9.999999999999771294e-01,9.999999999999771294e-01,9.999999999999771294e-01,9.999999999999771294e-01,9.999999999999771294e-01,9.999999999999771294e-01,9.999999999999771294e-01,9.999999999999771294e-01,9.999999999999771294e-01,9.999999999999771294e-01,9.999999999999771294e-01,9.999999999999771294e-01,9.999999999999771294e-01,9.999999999999771294e-01,9.999999999999771294e-01,9.999999999999771294e-01,9.999999999999771294e-01,9.999999999999771294e-01,9.999999999999771294e-01,9.999999999999771294e-01,9.999999999999771294e-01,9.999999999999771294e-01,9.999999999999771294e-01,9.999999999999771294e-01,9.999999999999771294e-01,9.999999999999771294e-01,9.999999999999771294e-01,9.999999999999771294e-01,9.999999999999771294e-01,9.999999999999771294e-01,9.999999999999771294e-01,9.999999999999771294e-01,9.999999999999771294e-01,9.999999999999771294e-01,9.999999999999771294e-01,9.999999999999771294e-01,9.999999999999771294e-01,9.999999999999771294e-01,9.999999999999771294e-01,9.999999999999771294e-01,9.999999999999771294e-01,9.999999999999771294e-01,9.999999999999771294e-01,9.999999999999771294e-01,9.999999999999771294e-01,9.999999999999771294e-01,9.999999999999771294e-01,9.999999999999771294e-01,9.999999999999771294e-01,9.999999999999771294e-01,9.999999999999771294e-01,9.999999999999771294e-01,9.999999999999771294e-01,9.999999999999771294e-01,9.999999999999771294e-01,9.999999999999771294e-01,9.999999999999771294e-01,9.999999999999771294e-01,9.999999999999771294e-01,9.999999999999771294e-01,9.999999999999771294e-01,9.999999999999771294e-01,9.999999999999771294e-01,9.999999999999771294e-01,9.999999999999771294e-01,9.999999999999771294e-01,9.999999999999771294e-01,9.999999999999771294e-01,9.999999999999771294e-01,9.999999999999771294e-01,9.999999999999771294e-01,9.999999999999771294e-01,9.999999999999771294e-01,9.999999999999771294e-01,9.999999999999771294e-01,9.999999999999771294e-01,9.999999999999771294e-01,9.999999999999771294e-01,9.999999999999771294e-01,9.999999999999771294e-01,9.999999999999771294e-01,9.999999999999771294e-01,9.999999999999771294e-01,9.999999999999771294e-01,9.999999999999771294e-01,9.999999999999771294e-01,9.999999999999771294e-01,9.999999999999771294e-01,9.999999999999771294e-01,9.999999999999771294e-01,9.999999999999771294e-01,9.999999999999771294e-01,9.999999999999771294e-01,9.999999999999771294e-01,9.999999999999771294e-01,9.999999999999771294e-01,9.999999999999771294e-01,9.999999999999771294e-01,9.999999999999771294e-01,9.999999999999771294e-01,9.999999999999771294e-01,9.999999999999771294e-01,9.999999999999771294e-01,9.999999999999771294e-01,9.999999999999771294e-01,9.999999999999771294e-01,9.999999999999771294e-01,9.999999999999771294e-01,9.999999999999771294e-01,9.999999999999771294e-01,9.999999999999771294e-01,9.999999999999771294e-01,9.999999999999771294e-01,9.999999999999771294e-01,9.999999999999771294e-01,9.999999999999771294e-01,9.999999999999771294e-01,9.999999999999771294e-01,9.999999999999771294e-01,9.999999999999771294e-01,9.999999999999771294e-01,9.999999999999771294e-01,9.999999999999771294e-01,9.999999999999771294e-01,9.999999999999771294e-01,9.999999999999771294e-01,9.999999999999771294e-01,9.999999999999771294e-01,9.999999999999771294e-01,9.999999999999771294e-01,9.999999999999771294e-01,9.999999999999771294e-01,9.999999999999771294e-01,9.999999999999771294e-01,9.999999999999771294e-01,9.999999999999771294e-01,9.999999999999771294e-01,9.999999999999771294e-01,9.999999999999771294e-01,9.999999999999771294e-01,9.999999999999771294e-01,9.999999999999771294e-01,9.999999999999771294e-01,9.999999999999771294e-01,9.999999999999771294e-01,9.999999999999771294e-01,9.999999999999771294e-01,9.999999999999771294e-01,9.999999999999771294e-01,9.999999999999771294e-01,9.999999999999771294e-01,9.999999999999771294e-01,9.999999999999771294e-01,9.999999999999771294e-01,9.999999999999771294e-01,9.999999999999771294e-01,9.999999999999771294e-01,9.999999999999771294e-01,9.999999999999771294e-01,9.999999999999771294e-01,9.999999999999771294e-01,9.999999999999771294e-01,9.999999999999771294e-01,9.999999999999771294e-01,9.999999999999771294e-01,9.999999999999771294e-01,9.999999999999771294e-01,9.999999999999771294e-01,9.999999999999771294e-01,9.999999999999771294e-01,9.999999999999771294e-01,9.999999999999771294e-01,9.999999999999771294e-01,9.999999999999771294e-01,9.999999999999771294e-01,9.999999999999771294e-01,9.999999999999771294e-01,9.999999999999771294e-01,9.999999999999771294e-01,9.999999999999771294e-01,9.999999999999771294e-01,9.999999999999771294e-01,9.999999999999771294e-01,9.999999999999771294e-01,9.999999999999771294e-01,9.999999999999771294e-01,9.999999999999771294e-01,9.999999999999771294e-01,9.999999999999771294e-01,9.999999999999771294e-01,9.999999999999771294e-01,9.999999999999771294e-01,9.999999999999771294e-01,9.999999999999771294e-01,9.999999999999771294e-01,9.999999999999771294e-01,9.999999999999771294e-01,9.999999999999771294e-01,9.999999999999771294e-01,9.999999999999771294e-01,9.999999999999771294e-01,9.999999999999771294e-01,9.999999999999771294e-01,9.999999999999771294e-01,9.999999999999771294e-01,9.999999999999771294e-01,9.999999999999771294e-01,9.999999999999771294e-01,9.999999999999771294e-01,9.999999999999771294e-01,9.999999999999771294e-01,9.999999999999771294e-01,9.999999999999771294e-01,9.999999999999771294e-01,9.999999999999771294e-01,9.999999999999771294e-01,9.999999999999771294e-01,9.999999999999771294e-01,9.999999999999771294e-01,9.999999999999771294e-01,9.999999999999771294e-01,9.999999999999771294e-01,9.999999999999771294e-01,9.999999999999771294e-01,9.999999999999771294e-01,9.999999999999771294e-01,9.999999999999771294e-01,9.999999999999771294e-01,9.999999999999771294e-01,9.999999999999771294e-01,9.999999999999771294e-01,9.999999999999771294e-01,9.999999999999771294e-01,9.999999999999771294e-01,9.999999999999771294e-01,9.999999999999771294e-01,9.999999999999771294e-01,9.999999999999771294e-01,9.999999999999771294e-01,9.999999999999771294e-01
1.000000000000009326e+00,9.993334060905676441e-01,9.993334857639554203e-01,9.993334890232693501e-01,9.993334893138849928e-01,9.993334893665741792e-01,9.993334893809679986e-01,9.993334893860617019e-01,9.993334893881646863e-01,9.993334893890556403e-01,9.993334893893064397e-01,9.993334893890556403e-01,9.993334893881646863e-01,9.993334893860621460e-01,9.993334893809682207e-01,9.993334893665745122e-01,9.993334893138849928e-01,9.993334890232692391e-01,9.993334857639557534e-01,9.993334060905674221e-01,9.993334060905676441e-01,1.000000000000009326e+00,9.993334060905674221e-01,9.993334857639558644e-01,9.993334890232690171e-01,9.993334893138851038e-01,9.993334893665744012e-01,9.993334893809683317e-01,9.993334893860620349e-01,9.993334893881649084e-01,9.993334893890558623e-01,9.993334893893065507e-01,9.993334893890556403e-01,9.993334893881651304e-01,9.993334893860617019e-01,9.993334893809683317e-01,9.993334893665740681e-01,9.993334893138852149e-01,9.993334890232691281e-01,9.993334857639556423e-01,9.993334857639554203e-01,9.993334060905674221e-01,1.000000000000009326e+00,9.993334060905675331e-01,9.993334857639553093e-01,9.993334890232689061e-01,9.993334893138848818e-01,9.993334893665740681e-01,9.993334893809681096e-01,9.993334893860615908e-01,9.993334893881646863e-01,9.993334893890556403e-01,9.993334893893063287e-01,9.993334893890557513e-01,9.993334893881645753e-01,9.993334893860618129e-01,9.993334893809677766e-01,9.993334893665739571e-01,9.993334893138849928e-01,9.993334890232689061e-01,9.993334890232693501e-01,9.993334857639558644e-01,9.993334060905675331e-01,1.000000000000009326e+00,9.993334060905675331e-01,9.993334857639557534e-01,9.993334890232692391e-01,9.993334893138852149e-01,9.993334893665744012e-01,9.993334893809683317e-01,9.993334893860620349e-01,9.993334893881650194e-01,9.993334893890556403e-01,9.993334893893068838e-01,9.993334893890556403e-01,9.993334893881651304e-01,9.993334893860617019e-01,9.993334893809681096e-01,9.993334893665742902e-01,9.993334893138852149e-01,9.993334893138849928e-01,9.993334890232690171e-01,9.993334857639553093e-01,9.993334060905675331e-01,1.000000000000009326e+00,9.993334060905673111e-01,9.993334857639551982e-01,9.993334890232687950e-01,9.993334893138847708e-01,9.993334893665738461e-01,9.993334893809677766e-01,9.993334893860614798e-01,9.993334893881643533e-01,9.993334893890556403e-01,9.993334893893059956e-01,9.993334893890556403e-01,9.993334893881644643e-01,9.993334893860614798e-01,9.993334893809678876e-01,9.993334893665739571e-01,9.993334893665741792e-01,9.993334893138851038e-01,9.993334890232689061e-01,9.993334857639557534e-01,9.993334060905673111e-01,1.000000000000009326e+00,9.993334060905674221e-01,9.993334857639555313e-01,9.993334890232691281e-01,9.993334893138851038e-01,9.993334893665741792e-01,9.993334893809682207e-01,9.993334893860617019e-01,9.993334893881649084e-01,9.993334893890555293e-01,9.993334893893065507e-01,9.993334893890555293e-01,9.993334893881645753e-01,9.993334893860615908e-01,9.993334893809681096e-01,9.993334893809679986e-01,9.993334893665744012e-01,9.993334893138848818e-01,9.993334890232692391e-01,9.993334857639551982e-01,9.993334060905674221e-01,1.000000000000009326e+00,9.993334060905673111e-01,9.993334857639554203e-01,9.993334890232687950e-01,9.993334893138848818e-01,9.993334893665740681e-01,9.993334893809679986e-01,9.993334893860618129e-01,9.993334893881644643e-01,9.993334893890556403e-01,9.993334893893062176e-01,9.993334893890556403e-01,9.993334893881645753e-01,9.993334893860614798e-01,9.993334893860617019e-01,9.993334893809683317e-01,9.993334893665740681e-01,9.993334893138852149e-01,9.993334890232687950e-01,9.993334857639555313e-01,9.993334060905673111e-01,1.000000000000009326e+00,9.993334060905674221e-01,9.993334857639553093e-01,9.993334890232689061e-01,9.993334893138849928e-01,9.993334893665740681e-01,9.993334893809682207e-01,9.993334893860615908e-01,9.993334893881647973e-01,9.993334893890555293e-01,9.993334893893064397e-01,9.993334893890556403e-01,9.993334893881644643e-01,9.993334893881646863e-01,9.993334893860620349e-01,9.993334893809681096e-01,9.993334893665744012e-01,9.993334893138847708e-01,9.993334890232691281e-01,9.993334857639554203e-01,9.993334060905674221e-01,1.000000000000009326e+00,9.993334060905674221e-01,9.993334857639555313e-01,9.993334890232690171e-01,9.993334893138849928e-01,9.993334893665742902e-01,9.993334893809679986e-01,9.993334893860619239e-01,9.993334893881645753e-01,9.993334893890557513e-01,9.993334893893064397e-01,9.993334893890554183e-01,9.993334893890556403e-01,9.993334893881649084e-01,9.993334893860615908e-01,9.993334893809683317e-01,9.993334893665738461e-01,9.993334893138851038e-01,9.993334890232687950e-01,9.993334857639553093e-01,9.993334060905674221e-01,1.000000000000009326e+00,9.993334060905673111e-01,9.993334857639554203e-01,9.993334890232689061e-01,9.993334893138851038e-01,9.993334893665739571e-01,9.993334893809682207e-01,9.993334893860615908e-01,9.993334893881646863e-01,9.993334893890556403e-01,9.993334893893062176e-01,9.993334893893064397e-01,9.993334893890558623e-01,9.993334893881646863e-01,9.993334893860620349e-01,9.993334893809677766e-01,9.993334893665741792e-01,9.993334893138848818e-01,9.993334890232689061e-01,9.993334857639555313e-01,9.993334060905673111e-01,1.000000000000009326e+00,9.993334060905673111e-01,9.993334857639554203e-01,9.993334890232692391e-01,9.993334893138848818e-01,9.993334893665742902e-01,9.993334893809679986e-01,9.993334893860617019e-01,9.993334893881646863e-01,9.993334893890555293e-01,9.993334893890556403e-01,9.993334893893065507e-01,9.993334893890556403e-01,9.993334893881650194e-01,9.993334893860614798e-01,9.993334893809682207e-01,9.993334893665740681e-01,9.993334893138849928e-01,9.993334890232690171e-01,9.993334857639554203e-01,9.993334060905673111e-01,1.000000000000009326e+00,9.993334060905672001e-01,9.993334857639556423e-01,9.993334890232687950e-01,9.993334893138851038e-01,9.993334893665739571e-01,9.993334893809681096e-01,9.993334893860618129e-01,9.993334893881644643e-01,9.993334893881646863e-01,9.993334893890556403e-01,9.993334893893063287e-01,9.993334893890556403e-01,9.993334893881643533e-01,9.993334893860617019e-01,9.993334893809679986e-01,9.993334893665740681e-01,9.993334893138849928e-01,9.993334890232689061e-01,9.993334857639554203e-01,9.993334060905672001e-01,1.000000000000009326e+00,9.993334060905674221e-01,9.993334857639551982e-01,9.993334890232691281e-01,9.993334893138846597e-01,9.993334893665740681e-01,9.993334893809678876e-01,9.993334893860613688e-01,9.993334893860621460e-01,9.993334893881651304e-01,9.993334893890557513e-01,9.993334893893068838e-01,9.993334893890556403e-01,9.993334893881649084e-01,9.993334893860618129e-01,9.993334893809682207e-01,9.993334893665742902e-01,9.993334893138851038e-01,9.993334890232692391e-01,9.993334857639556423e-01,9.993334060905674221e-01,1.000000000000009326e+00,9.993334060905674221e-01,9.993334857639559754e-01,9.993334890232690171e-01,9.993334893138853259e-01,9.993334893665742902e-01,9.993334893809682207e-01,9.993334893809682207e-01,9.993334893860617019e-01,9.993334893881645753e-01,9.993334893890556403e-01,9.993334893893059956e-01,9.993334893890555293e-01,9.993334893881644643e-01,9.993334893860615908e-01,9.993334893809679986e-01,9.993334893665739571e-01,9.993334893138848818e-01,9.993334890232687950e-01,9.993334857639551982e-01,9.993334060905674221e-01,1.000000000000009326e+00,9.993334060905675331e-01,9.993334857639551982e-01,9.993334890232689061e-01,9.993334893138848818e-01,9.993334893665739571e-01,9.993334893665745122e-01,9.993334893809683317e-01,9.993334893860618129e-01,9.993334893881651304e-01,9.993334893890556403e-01,9.993334893893065507e-01,9.993334893890556403e-01,9.993334893881647973e-01,9.993334893860619239e-01,9.993334893809682207e-01,9.993334893665742902e-01,9.993334893138851038e-01,9.993334890232691281e-01,9.993334857639559754e-01,9.993334060905675331e-01,1.000000000000009326e+00,9.993334060905673111e-01,9.993334857639556423e-01,9.993334890232693501e-01,9.993334893138849928e-01,9.993334893138849928e-01,9.993334893665740681e-01,9.993334893809677766e-01,9.993334893860617019e-01,9.993334893881644643e-01,9.993334893890555293e-01,9.993334893893062176e-01,9.993334893890555293e-01,9.993334893881645753e-01,9.993334893860615908e-01,9.993334893809679986e-01,9.993334893665739571e-01,9.993334893138846597e-01,9.993334890232690171e-01,9.993334857639551982e-01,9.993334060905673111e-01,1.000000000000009326e+00,9.993334060905674221e-01,9.993334857639554203e-01,9.993334890232689061e-01,9.993334890232692391e-01,9.993334893138852149e-01,9.993334893665739571e-01,9.993334893809681096e-01,9.993334893860614798e-01,9.993334893881645753e-01,9.993334893890556403e-01,9.993334893893064397e-01,9.993334893890557513e-01,9.993334893881646863e-01,9.993334893860617019e-01,9.993334893809681096e-01,9.993334893665740681e-01,9.993334893138853259e-01,9.993334890232689061e-01,9.993334857639556423e-01,9.993334060905674221e-01,1.000000000000009326e+00,9.993334060905674221e-01,9.993334857639555313e-01,9.993334857639557534e-01,9.993334890232691281e-01,9.993334893138849928e-01,9.993334893665742902e-01,9.993334893809678876e-01,9.993334893860615908e-01,9.993334893881645753e-01,9.993334893890556403e-01,9.993334893893064397e-01,9.993334893890556403e-01,9.993334893881646863e-01,9.993334893860618129e-01,9.993334893809678876e-01,9.993334893665742902e-01,9.993334893138848818e-01,9.993334890232693501e-01,9.993334857639554203e-01,9.993334060905674221e-01,1.000000000000009326e+00,9.993334060905673111e-01,9.993334060905674221e-01,9.993334857639556423e-01,9.993334890232689061e-01,9.993334893138852149e-01,9.993334893665739571e-01,9.993334893809681096e-01,9.993334893860614798e-01,9.993334893881644643e-01,9.993334893890554183e-01,9.993334893893062176e-01,9.993334893890555293e-01,9.993334893881644643e-01,9.993334893860613688e-01,9.993334893809682207e-01,9.993334893665739571e-01,9.993334893138849928e-01,9.993334890232689061e-01,9.993334857639555313e-01,9.993334060905673111e-01,1.000000000000009326e+00
1.000000000000008882e+00,9.973427800270735499e-01,9.973440463084746188e-01,9.973440973057784431e-01,9.973441018569031424e-01,9.973441026857325920e-01,9.973441029126819402e-01,9.973441029930886215e-01,9.973441030263054952e-01,9.973441030403825680e-01,9.973441030443419564e-01,9.973441030403810137e-01,9.973441030263024976e-01,9.973441029930902868e-01,9.973441029126844937e-01,9.973441026857341463e-01,9.973441018569023653e-01,9.973440973057768888e-01,9.973440463084740637e-01,9.973427800270732169e-01,9.973427800270735499e-01,1.000000000000008882e+00,9.973427800270725507e-01,9.973440463084767282e-01,9.973440973057772219e-01,9.973441018569070282e-01,9.973441026857312597e-01,9.973441029126852708e-01,9.973441029930915080e-01,9.973441030263072715e-01,9.973441030403810137e-01,9.973441030443448430e-01,9.973441030403806806e-01,9.973441030263072715e-01,9.973441029930908419e-01,9.973441029126879354e-01,9.973441026857307046e-01,9.973441018569052519e-01,9.973440973057782211e-01,9.973440463084782825e-01,9.973440463084746188e-01,9.973427800270725507e-01,1.000000000000008882e+00,9.973427800270709964e-01,9.973440463084720653e-01,9.973440973057774439e-01,9.973441018569020322e-01,9.973441026857308156e-01,9.973441029126842716e-01,9.973441029930895096e-01,9.973441030263018314e-01,9.973441030403804586e-01,9.973441030443406241e-01,9.973441030403817908e-01,9.973441030263040519e-01,9.973441029930902868e-01,9.973441029126804969e-01,9.973441026857298164e-01,9.973441018569030314e-01,9.973440973057786652e-01,9.973440973057784431e-01,9.973440463084767282e-01,9.973427800270709964e-01,1.000000000000008882e+00,9.973427800270691090e-01,9.973440463084752849e-01,9.973440973057754455e-01,9.973441018569044747e-01,9.973441026857328140e-01,9.973441029126852708e-01,9.973441029930869561e-01,9.973441030263040519e-01,9.973441030403789043e-01,9.973441030443448430e-01,9.973441030403814578e-01,9.973441030263064944e-01,9.973441029930861790e-01,9.973441029126827173e-01,9.973441026857309266e-01,9.973441018569066951e-01,9.973441018569031424e-01,9.973440973057772219e-01,9.973440463084720653e-01,9.973427800270691090e-01,1.000000000000008882e+00,9.973427800270691090e-01,9.973440463084700669e-01,9.973440973057750014e-01,9.973441018569034755e-01,9.973441026857307046e-01,9.973441029126797197e-01,9.973441029930860680e-01,9.973441030262996110e-01,9.973441030403799035e-01,9.973441030443414013e-01,9.973441030403807916e-01,9.973441030262995000e-01,9.973441029930850688e-01,9.973441029126807189e-01,9.973441026857310376e-01,9.973441026857325920e-01,9.973441018569070282e-01,9.973440973057774439e-01,9.973440463084752849e-01,9.973427800270691090e-01,1.000000000000008882e+00,9.973427800270691090e-01,9.973440463084746188e-01,9.973440973057788872e-01,9.973441018569062511e-01,9.973441026857301495e-01,9.973441029126838275e-01,9.973441029930867341e-01,9.973441030263057172e-01,9.973441030403816798e-01,9.973441030443458422e-01,9.973441030403783492e-01,9.973441030263031637e-01,9.973441029930877333e-01,9.973441029126857149e-01,9.973441029126819402e-01,9.973441026857312597e-01,9.973441018569020322e-01,9.973440973057754455e-01,9.973440463084700669e-01,9.973427800270691090e-01,1.000000000000008882e+00,9.973427800270683319e-01,9.973440463084731755e-01,9.973440973057765557e-01,9.973441018569005889e-01,9.973441026857291503e-01,9.973441029126792756e-01,9.973441029930875112e-01,9.973441030263020535e-01,9.973441030403806806e-01,9.973441030443380706e-01,9.973441030403772389e-01,9.973441030263007212e-01,9.973441029930878443e-01,9.973441029930886215e-01,9.973441029126852708e-01,9.973441026857308156e-01,9.973441018569044747e-01,9.973440973057750014e-01,9.973440463084746188e-01,9.973427800270683319e-01,1.000000000000008882e+00,9.973427800270715515e-01,9.973440463084755070e-01,9.973440973057753345e-01,9.973441018569041416e-01,9.973441026857290392e-01,9.973441029126846047e-01,9.973441029930885104e-01,9.973441030263058282e-01,9.973441030403776830e-01,9.973441030443416233e-01,9.973441030403794594e-01,9.973441030263052731e-01,9.973441030263054952e-01,9.973441029930915080e-01,9.973441029126842716e-01,9.973441026857328140e-01,9.973441018569034755e-01,9.973440973057788872e-01,9.973440463084731755e-01,9.973427800270715515e-01,1.000000000000008882e+00,9.973427800270732169e-01,9.973440463084737306e-01,9.973440973057783321e-01,9.973441018569034755e-01,9.973441026857338132e-01,9.973441029126850488e-01,9.973441029930917301e-01,9.973441030263021645e-01,9.973441030403805696e-01,9.973441030443431776e-01,9.973441030403834562e-01,9.973441030403825680e-01,9.973441030263072715e-01,9.973441029930895096e-01,9.973441029126852708e-01,9.973441026857307046e-01,9.973441018569062511e-01,9.973440973057765557e-01,9.973440463084755070e-01,9.973427800270732169e-01,1.000000000000008882e+00,9.973427800270704413e-01,9.973440463084756180e-01,9.973440973057766668e-01,9.973441018569072503e-01,9.973441026857332581e-01,9.973441029126871582e-01,9.973441029930870672e-01,9.973441030263040519e-01,9.973441030403811247e-01,9.973441030443460642e-01,9.973441030443419564e-01,9.973441030403810137e-01,9.973441030263018314e-01,9.973441029930869561e-01,9.973441029126797197e-01,9.973441026857301495e-01,9.973441018569005889e-01,9.973440973057753345e-01,9.973440463084737306e-01,9.973427800270704413e-01,1.000000000000008882e+00,9.973427800270689980e-01,9.973440463084706220e-01,9.973440973057771108e-01,9.973441018569032535e-01,9.973441026857319258e-01,9.973441029126791646e-01,9.973441029930856239e-01,9.973441030263012763e-01,9.973441030403806806e-01,9.973441030403810137e-01,9.973441030443448430e-01,9.973441030403804586e-01,9.973441030263040519e-01,9.973441029930860680e-01,9.973441029126838275e-01,9.973441026857291503e-01,9.973441018569041416e-01,9.973440973057783321e-01,9.973440463084756180e-01,9.973427800270689980e-01,1.000000000000008882e+00,9.973427800270684429e-01,9.973440463084757290e-01,9.973440973057776660e-01,9.973441018569065841e-01,9.973441026857285951e-01,9.973441029126821622e-01,9.973441029930874002e-01,9.973441030263054952e-01,9.973441030263024976e-01,9.973441030403806806e-01,9.973441030443406241e-01,9.973441030403789043e-01,9.973441030262996110e-01,9.973441029930867341e-01,9.973441029126792756e-01,9.973441026857290392e-01,9.973441018569034755e-01,9.973440973057766668e-01,9.973440463084706220e-01,9.973427800270684429e-01,1.000000000000008882e+00,9.973427800270701082e-01,9.973440463084727314e-01,9.973440973057776660e-01,9.973441018568997007e-01,9.973441026857282621e-01,9.973441029126803858e-01,9.973441029930880664e-01,9.973441029930902868e-01,9.973441030263072715e-01,9.973441030403817908e-01,9.973441030443448430e-01,9.973441030403799035e-01,9.973441030263057172e-01,9.973441029930875112e-01,9.973441029126846047e-01,9.973441026857338132e-01,9.973441018569072503e-01,9.973440973057771108e-01,9.973440463084757290e-01,9.973427800270701082e-01,1.000000000000008882e+00,9.973427800270727728e-01,9.973440463084779495e-01,9.973440973057760006e-01,9.973441018569046967e-01,9.973441026857318148e-01,9.973441029126864921e-01,9.973441029126844937e-01,9.973441029930908419e-01,9.973441030263040519e-01,9.973441030403814578e-01,9.973441030443414013e-01,9.973441030403816798e-01,9.973441030263020535e-01,9.973441029930885104e-01,9.973441029126850488e-01,9.973441026857332581e-01,9.973441018569032535e-01,9.973440973057776660e-01,9.973440463084727314e-01,9.973427800270727728e-01,1.000000000000008882e+00,9.973427800270735499e-01,9.973440463084721763e-01,9.973440973057766668e-01,9.973441018569040306e-01,9.973441026857334801e-01,9.973441026857341463e-01,9.973441029126879354e-01,9.973441029930902868e-01,9.973441030263064944e-01,9.973441030403807916e-01,9.973441030443458422e-01,9.973441030403806806e-01,9.973441030263058282e-01,9.973441029930917301e-01,9.973441029126871582e-01,9.973441026857319258e-01,9.973441018569065841e-01,9.973440973057776660e-01,9.973440463084779495e-01,9.973427800270735499e-01,1.000000000000008882e+00,9.973427800270702193e-01,9.973440463084755070e-01,9.973440973057786652e-01,9.973441018569084715e-01,9.973441018569023653e-01,9.973441026857307046e-01,9.973441029126804969e-01,9.973441029930861790e-01,9.973441030262995000e-01,9.973441030403783492e-01,9.973441030443380706e-01,9.973441030403776830e-01,9.973441030263021645e-01,9.973441029930870672e-01,9.973441029126791646e-01,9.973441026857285951e-01,9.973441018568997007e-01,9.973440973057760006e-01,9.973440463084721763e-01,9.973427800270702193e-01,1.000000000000008882e+00,9.973427800270669996e-01,9.973440463084706220e-01,9.973440973057763337e-01,9.973440973057768888e-01,9.973441018569052519e-01,9.973441026857298164e-01,9.973441029126827173e-01,9.973441029930850688e-01,9.973441030263031637e-01,9.973441030403772389e-01,9.973441030443416233e-01,9.973441030403805696e-01,9.973441030263040519e-01,9.973441029930856239e-01,9.973441029126821622e-01,9.973441026857282621e-01,9.973441018569046967e-01,9.973440973057766668e-01,9.973440463084755070e-01,9.973427800270669996e-01,1.000000000000008882e+00,9.973427800270686649e-01,9.973440463084750629e-01,9.973440463084740637e-01,9.973440973057782211e-01,9.973441018569030314e-01,9.973441026857309266e-01,9.973441029126807189e-01,9.973441029930877333e-01,9.973441030263007212e-01,9.973441030403794594e-01,9.973441030443431776e-01,9.973441030403811247e-01,9.973441030263012763e-01,9.973441029930874002e-01,9.973441029126803858e-01,9.973441026857318148e-01,9.973441018569040306e-01,9.973440973057786652e-01,9.973440463084706220e-01,9.973427800270686649e-01,1.000000000000008882e+00,9.973427800270716626e-01,9.973427800270732169e-01,9.973440463084782825e-01,9.973440973057786652e-01,9.973441018569066951e-01,9.973441026857310376e-01,9.973441029126857149e-01,9.973441029930878443e-01,9.973441030263052731e-01,9.973441030403834562e-01,9.973441030443460642e-01,9.973441030403806806e-01,9.973441030263054952e-01,9.973441029930880664e-01,9.973441029126864921e-01,9.973441026857334801e-01,9.973441018569084715e-01,9.973440973057763337e-01,9.973440463084750629e-01,9.973427800270716626e-01,1.000000000000008882e+00
1.000000000000007105e+00,9.940552132337509006e-01,9.940615531753825840e-01,9.940618018557954017e-01,9.940618240938503547e-01,9.940618281741872009e-01,9.940618292956640012e-01,9.940618296937533405e-01,9.940618298583849821e-01,9.940618299281912540e-01,9.940618299477869124e-01,9.940618299281612780e-01,9.940618298583379087e-01,9.940618296937746567e-01,9.940618292956940882e-01,9.940618281742183981e-01,9.940618240938394745e-01,9.940618018557759727e-01,9.940615531753720369e-01,9.940552132337493463e-01,9.940552132337509006e-01,1.000000000000007105e+00,9.940552132337404645e-01,9.940615531754203316e-01,9.940618018557806357e-01,9.940618240939114170e-01,9.940618281741760986e-01,9.940618292957065227e-01,9.940618296938045217e-01,9.940618298584198431e-01,9.940618299281601677e-01,9.940618299478354292e-01,9.940618299281565040e-01,9.940618298584025236e-01,9.940618296937883125e-01,9.940618292957535962e-01,9.940618281741624429e-01,9.940618240938929873e-01,9.940618018557946245e-01,9.940615531754386502e-01,9.940615531753825840e-01,9.940552132337404645e-01,1.000000000000007105e+00,9.940552132337202584e-01,9.940615531753477230e-01,9.940618018557838553e-01,9.940618240938426942e-01,9.940618281741606665e-01,9.940618292956998614e-01,9.940618296937815401e-01,9.940618298583310253e-01,9.940618299281509529e-01,9.940618299477729236e-01,9.940618299281633874e-01,9.940618298583582257e-01,9.940618296937897558e-01,9.940618292956395763e-01,9.940618281741581130e-01,9.940618240938535743e-01,9.940618018558033953e-01,9.940618018557954017e-01,9.940615531754203316e-01,9.940552132337202584e-01,1.000000000000007105e+00,9.940552132336960556e-01,9.940615531753992373e-01,9.940618018557633162e-01,9.940618240938757788e-01,9.940618281742022999e-01,9.940618292957250635e-01,9.940618296937409060e-01,9.940618298583698831e-01,9.940618299281362980e-01,9.940618299478278796e-01,9.940618299281673842e-01,9.940618298584080748e-01,9.940618296937241416e-01,9.940618292956836521e-01,9.940618281741672169e-01,9.940618240939107508e-01,9.940618240938503547e-01,9.940618018557806357e-01,9.940615531753477230e-01,9.940552132336960556e-01,1.000000000000007105e+00,9.940552132336948343e-01,9.940615531753260736e-01,9.940618018557436653e-01,9.940618240938646766e-01,9.940618281741750994e-01,9.940618292956319157e-01,9.940618296937270282e-01,9.940618298583030477e-01,9.940618299281388515e-01,9.940618299477794739e-01,9.940618299281644976e-01,9.940618298582899470e-01,9.940618296937155929e-01,9.940618292956400204e-01,9.940618281741716578e-01,9.940618281741872009e-01,9.940618240939114170e-01,9.940618018557838553e-01,9.940615531753992373e-01,9.940552132336948343e-01,1.000000000000007105e+00,9.940552132336976099e-01,9.940615531753824730e-01,9.940618018558087243e-01,9.940618240939134154e-01,9.940618281741580020e-01,9.940618292956940882e-01,9.940618296937361320e-01,9.940618298583813184e-01,9.940618299281661630e-01,9.940618299478523046e-01,9.940618299281227532e-01,9.940618298583571155e-01,9.940618296937481224e-01,9.940618292957206226e-01,9.940618292956640012e-01,9.940618281741760986e-01,9.940618240938426942e-01,9.940618018557633162e-01,9.940615531753260736e-01,9.940552132336976099e-01,1.000000000000007105e+00,9.940552132336819557e-01,9.940615531753753675e-01,9.940618018557852986e-01,9.940618240938241534e-01,9.940618281741481210e-01,9.940618292956309165e-01,9.940618296937425713e-01,9.940618298583365764e-01,9.940618299281673842e-01,9.940618299477382847e-01,9.940618299281175352e-01,9.940618298583175916e-01,9.940618296937563381e-01,9.940618296937533405e-01,9.940618292957065227e-01,9.940618281741606665e-01,9.940618240938757788e-01,9.940618018557436653e-01,9.940615531753824730e-01,9.940552132336819557e-01,1.000000000000007105e+00,9.940552132337284741e-01,9.940615531754054546e-01,9.940618018557497715e-01,9.940618240938676742e-01,9.940618281741385731e-01,9.940618292956909796e-01,9.940618296937514531e-01,9.940618298583911994e-01,9.940618299281068770e-01,9.940618299477869124e-01,9.940618299281315240e-01,9.940618298583794310e-01,9.940618298583849821e-01,9.940618296938045217e-01,9.940618292956998614e-01,9.940618281742022999e-01,9.940618240938646766e-01,9.940618018558087243e-01,9.940615531753753675e-01,9.940552132337284741e-01,1.000000000000007105e+00,9.940552132337671098e-01,9.940615531753783651e-01,9.940618018558016189e-01,9.940618240938665640e-01,9.940618281742071849e-01,9.940618292957081881e-01,9.940618296938145138e-01,9.940618298583390189e-01,9.940618299281640535e-01,9.940618299478093389e-01,9.940618299282019121e-01,9.940618299281912540e-01,9.940618298584198431e-01,9.940618296937815401e-01,9.940618292957250635e-01,9.940618281741750994e-01,9.940618240939134154e-01,9.940618018557852986e-01,9.940615531754054546e-01,9.940552132337671098e-01,1.000000000000007105e+00,9.940552132337238112e-01,9.940615531754141143e-01,9.940618018557845215e-01,9.940618240939190775e-01,9.940618281742084061e-01,9.940618292957551505e-01,9.940618296937462350e-01,9.940618298583800971e-01,9.940618299281702708e-01,9.940618299478634068e-01,9.940618299477869124e-01,9.940618299281601677e-01,9.940618298583310253e-01,9.940618296937409060e-01,9.940618292956319157e-01,9.940618281741580020e-01,9.940618240938241534e-01,9.940618018557497715e-01,9.940615531753783651e-01,9.940552132337238112e-01,1.000000000000007105e+00,9.940552132336936131e-01,9.940615531753311807e-01,9.940618018557707547e-01,9.940618240938542405e-01,9.940618281741893103e-01,9.940618292956211466e-01,9.940618296937215881e-01,9.940618298583204782e-01,9.940618299281586134e-01,9.940618299281612780e-01,9.940618299478354292e-01,9.940618299281509529e-01,9.940618298583698831e-01,9.940618296937270282e-01,9.940618292956940882e-01,9.940618281741481210e-01,9.940618240938676742e-01,9.940618018558016189e-01,9.940615531754141143e-01,9.940552132336936131e-01,1.000000000000007105e+00,9.940552132336899493e-01,9.940615531753969059e-01,9.940618018557855207e-01,9.940618240939145256e-01,9.940618281741344653e-01,9.940618292956756585e-01,9.940618296937411280e-01,9.940618298583883128e-01,9.940618298583379087e-01,9.940618299281565040e-01,9.940618299477729236e-01,9.940618299281362980e-01,9.940618298583030477e-01,9.940618296937361320e-01,9.940618292956309165e-01,9.940618281741385731e-01,9.940618240938665640e-01,9.940618018557845215e-01,9.940615531753311807e-01,9.940552132336899493e-01,1.000000000000007105e+00,9.940552132337027169e-01,9.940615531753584921e-01,9.940618018557927371e-01,9.940618240938068340e-01,9.940618281741360196e-01,9.940618292956421298e-01,9.940618296937556719e-01,9.940618296937746567e-01,9.940618298584025236e-01,9.940618299281633874e-01,9.940618299478278796e-01,9.940618299281388515e-01,9.940618298583813184e-01,9.940618296937425713e-01,9.940618292956909796e-01,9.940618281742071849e-01,9.940618240939190775e-01,9.940618018557707547e-01,9.940615531753969059e-01,9.940552132337027169e-01,1.000000000000007105e+00,9.940552132337336921e-01,9.940615531754350975e-01,9.940618018557542124e-01,9.940618240938776662e-01,9.940618281741715467e-01,9.940618292957261737e-01,9.940618292956940882e-01,9.940618296937883125e-01,9.940618298583582257e-01,9.940618299281673842e-01,9.940618299477794739e-01,9.940618299281661630e-01,9.940618298583365764e-01,9.940618296937514531e-01,9.940618292957081881e-01,9.940618281742084061e-01,9.940618240938542405e-01,9.940618018557855207e-01,9.940615531753584921e-01,9.940552132337336921e-01,1.000000000000007105e+00,9.940552132337592273e-01,9.940615531753453915e-01,9.940618018557743074e-01,9.940618240938623451e-01,9.940618281742045204e-01,9.940618281742183981e-01,9.940618292957535962e-01,9.940618296937897558e-01,9.940618298584080748e-01,9.940618299281644976e-01,9.940618299478523046e-01,9.940618299281673842e-01,9.940618298583911994e-01,9.940618296938145138e-01,9.940618292957551505e-01,9.940618281741893103e-01,9.940618240939145256e-01,9.940618018557927371e-01,9.940615531754350975e-01,9.940552132337592273e-01,1.000000000000007105e+00,9.940552132337152624e-01,9.940615531754108947e-01,9.940618018558045055e-01,9.940618240939410599e-01,9.940618240938394745e-01,9.940618281741624429e-01,9.940618292956395763e-01,9.940618296937241416e-01,9.940618298582899470e-01,9.940618299281227532e-01,9.940618299477382847e-01,9.940618299281068770e-01,9.940618298583390189e-01,9.940618296937462350e-01,9.940618292956211466e-01,9.940618281741344653e-01,9.940618240938068340e-01,9.940618018557542124e-01,9.940615531753453915e-01,9.940552132337152624e-01,1.000000000000007105e+00,9.940552132336655244e-01,9.940615531753266287e-01,9.940618018557682012e-01,9.940618018557759727e-01,9.940618240938929873e-01,9.940618281741581130e-01,9.940618292956836521e-01,9.940618296937155929e-01,9.940618298583571155e-01,9.940618299281175352e-01,9.940618299477869124e-01,9.940618299281640535e-01,9.940618298583800971e-01,9.940618296937215881e-01,9.940618292956756585e-01,9.940618281741360196e-01,9.940618240938776662e-01,9.940618018557743074e-01,9.940615531754108947e-01,9.940552132336655244e-01,1.000000000000007105e+00,9.940552132336903934e-01,9.940615531753992373e-01,9.940615531753720369e-01,9.940618018557946245e-01,9.940618240938535743e-01,9.940618281741672169e-01,9.940618292956400204e-01,9.940618296937481224e-01,9.940618298583175916e-01,9.940618299281315240e-01,9.940618299478093389e-01,9.940618299281702708e-01,9.940618298583204782e-01,9.940618296937411280e-01,9.940618292956421298e-01,9.940618281741715467e-01,9.940618240938623451e-01,9.940618018558045055e-01,9.940615531753266287e-01,9.940552132336903934e-01,1.000000000000007105e+00,9.940552132337283631e-01,9.940552132337493463e-01,9.940615531754386502e-01,9.940618018558033953e-01,9.940618240939107508e-01,9.940618281741716578e-01,9.940618292957206226e-01,9.940618296937563381e-01,9.940618298583794310e-01,9.940618299282019121e-01,9.940618299478634068e-01,9.940618299281586134e-01,9.940618298583883128e-01,9.940618296937556719e-01,9.940618292957261737e-01,9.940618281742045204e-01,9.940618240939410599e-01,9.940618018557682012e-01,9.940615531753992373e-01,9.940552132337283631e-01,1.000000000000007105e+00
