1.000000000000000000e+00,1.000000000000000000e+00,1.000000000000000000e+00,1.000000000000000000e+00,1.000000000000000000e+00,1.000000000000000000e+00,1.000000000000000000e+00,1.000000000000000000e+00,1.000000000000000000e+00,1.000000000000000000e+00,1.000000000000000000e+00,1.000000000000000000e+00,1.000000000000000000e+00,1.000000000000000000e+00,1.000000000000000000e+00,1.000000000000000000e+00,1.000000000000000000e+00,1.000000000000000000e+00,1.000000000000000000e+00,1.000000000000000000e+00,1.000000000000000000e+00,1.000000000000000000e+00,1.000000000000000000e+00,1.000000000000000000e+00,1.000000000000000000e+00,1.000000000000000000e+00,1.000000000000000000e+00,1.000000000000000000e+00,1.000000000000000000e+00,1.000000000000000000e+00,1.000000000000000000e+00,1.000000000000000000e+00,1.000000000000000000e+00,1.000000000000000000e+00,1.000000000000000000e+00,1.000000000000000000e+00,1.000000000000000000e+00,1.000000000000000000e+00,1.000000000000000000e+00,1.000000000000000000e+00,1.000000000000000000e+00,1.000000000000000000e+00,1.000000000000000000e+00,1.000000000000000000e+00,1.000000000000000000e+00,1.000000000000000000e+00,1.000000000000000000e+00,1.000000000000000000e+00,1.000000000000000000e+00,1.000000000000000000e+00,1.000000000000000000e+00,1.000000000000000000e+00,1.000000000000000000e+00,1.000000000000000000e+00,1.000000000000000000e+00,1.000000000000000000e+00,1.000000000000000000e+00,1.000000000000000000e+00,1.000000000000000000e+00,1.000000000000000000e+00,1.000000000000000000e+00,1.000000000000000000e+00,1.000000000000000000e+00,1.000000000000000000e+00,1.000000000000000000e+00,1.000000000000000000e+00,1.000000000000000000e+00,1.000000000000000000e+00,1.000000000000000000e+00,1.000000000000000000e+00,1.000000000000000000e+00,1.000000000000000000e+00,1.000000000000000000e+00,1.000000000000000000e+00,1.000000000000000000e+00,1.000000000000000000e+00,1.000000000000000000e+00,1.000000000000000000e+00,1.000000000000000000e+00,1.000000000000000000e+00,1.000000000000000000e+00,1.000000000000000000e+00,1.000000000000000000e+00,1.000000000000000000e+00,1.000000000000000000e+00,1.000000000000000000e+00,1.000000000000000000e+00,1.000000000000000000e+00,1.000000000000000000e+00,1.000000000000000000e+00,1.000000000000000000e+00,1.000000000000000000e+00,1.000000000000000000e+00,1.000000000000000000e+00,1.000000000000000000e+00,1.000000000000000000e+00,1.000000000000000000e+00,1.000000000000000000e+00,1.000000000000000000e+00,1.000000000000000000e+00,1.000000000000000000e+00,1.000000000000000000e+00,1.000000000000000000e+00,1.000000000000000000e+00,1.000000000000000000e+00,1.000000000000000000e+00,1.000000000000000000e+00,1.000000000000000000e+00,1.000000000000000000e+00,1.000000000000000000e+00,1.000000000000000000e+00,1.000000000000000000e+00,1.000000000000000000e+00,1.000000000000000000e+00,1.000000000000000000e+00,1.000000000000000000e+00,1.000000000000000000e+00,1.000000000000000000e+00,1.000000000000000000e+00,1.000000000000000000e+00,1.000000000000000000e+00,1.000000000000000000e+00,1.000000000000000000e+00,1.000000000000000000e+00,1.000000000000000000e+00,1.000000000000000000e+00,1.000000000000000000e+00,1.000000000000000000e+00,1.000000000000000000e+00,1.000000000000000000e+00,1.000000000000000000e+00,1.000000000000000000e+00,1.000000000000000000e+00,1.000000000000000000e+00,1.000000000000000000e+00,1.000000000000000000e+00,1.000000000000000000e+00,1.000000000000000000e+00,1.000000000000000000e+00,1.000000000000000000e+00,1.000000000000000000e+00,1.000000000000000000e+00,1.000000000000000000e+00,1.000000000000000000e+00,1.000000000000000000e+00,1.000000000000000000e+00,1.000000000000000000e+00,1.000000000000000000e+00,1.000000000000000000e+00,1.000000000000000000e+00,1.000000000000000000e+00,1.000000000000000000e+00,1.000000000000000000e+00,1.000000000000000000e+00,1.000000000000000000e+00,1.000000000000000000e+00,1.000000000000000000e+00,1.000000000000000000e+00,1.000000000000000000e+00,1.000000000000000000e+00,1.000000000000000000e+00,1.000000000000000000e+00,1.000000000000000000e+00,1.000000000000000000e+00,1.000000000000000000e+00,1.000000000000000000e+00,1.000000000000000000e+00,1.000000000000000000e+00,1.000000000000000000e+00,1.000000000000000000e+00,1.000000000000000000e+00,1.000000000000000000e+00,1.000000000000000000e+00,1.000000000000000000e+00,1.000000000000000000e+00,1.000000000000000000e+00,1.000000000000000000e+00,1.000000000000000000e+00,1.000000000000000000e+00,1.000000000000000000e+00,1.000000000000000000e+00,1.000000000000000000e+00,1.000000000000000000e+00,1.000000000000000000e+00,1.000000000000000000e+00,1.000000000000000000e+00,1.000000000000000000e+00,1.000000000000000000e+00,1.000000000000000000e+00,1.000000000000000000e+00,1.000000000000000000e+00,1.000000000000000000e+00,1.000000000000000000e+00,1.000000000000000000e+00,1.000000000000000000e+00,1.000000000000000000e+00,1.000000000000000000e+00,1.000000000000000000e+00,1.000000000000000000e+00,1.000000000000000000e+00,1.000000000000000000e+00,1.000000000000000000e+00,1.000000000000000000e+00,1.000000000000000000e+00,1.000000000000000000e+00,1.000000000000000000e+00,1.000000000000000000e+00,1.000000000000000000e+00,1.000000000000000000e+00,1.000000000000000000e+00,1.000000000000000000e+00,1.000000000000000000e+00,1.000000000000000000e+00,1.000000000000000000e+00,1.000000000000000000e+00,1.000000000000000000e+00,1.000000000000000000e+00,1.000000000000000000e+00,1.000000000000000000e+00,1.000000000000000000e+00,1.000000000000000000e+00,1.000000000000000000e+00,1.000000000000000000e+00,1.000000000000000000e+00,1.000000000000000000e+00,1.000000000000000000e+00,1.000000000000000000e+00,1.000000000000000000e+00,1.000000000000000000e+00,1.000000000000000000e+00,1.000000000000000000e+00,1.000000000000000000e+00,1.000000000000000000e+00,1.000000000000000000e+00,1.000000000000000000e+00,1.000000000000000000e+00,1.000000000000000000e+00,1.000000000000000000e+00,1.000000000000000000e+00,1.000000000000000000e+00,1.000000000000000000e+00,1.000000000000000000e+00,1.000000000000000000e+00,1.000000000000000000e+00,1.000000000000000000e+00,1.000000000000000000e+00,1.000000000000000000e+00,1.000000000000000000e+00,1.000000000000000000e+00,1.000000000000000000e+00,1.000000000000000000e+00,1.000000000000000000e+00,1.000000000000000000e+00,1.000000000000000000e+00,1.000000000000000000e+00,1.000000000000000000e+00,1.000000000000000000e+00,1.000000000000000000e+00,1.000000000000000000e+00,1.000000000000000000e+00,1.000000000000000000e+00,1.000000000000000000e+00,1.000000000000000000e+00,1.000000000000000000e+00,1.000000000000000000e+00,1.000000000000000000e+00,1.000000000000000000e+00,1.000000000000000000e+00,1.000000000000000000e+00,1.000000000000000000e+00,1.000000000000000000e+00,1.000000000000000000e+00,1.000000000000000000e+00,1.000000000000000000e+00,1.000000000000000000e+00,1.000000000000000000e+00,1.000000000000000000e+00,1.000000000000000000e+00,1.000000000000000000e+00,1.000000000000000000e+00,1.000000000000000000e+00,1.000000000000000000e+00,1.000000000000000000e+00,1.000000000000000000e+00,1.000000000000000000e+00,1.000000000000000000e+00,1.000000000000000000e+00,1.000000000000000000e+00,1.000000000000000000e+00,1.000000000000000000e+00,1.000000000000000000e+00,1.000000000000000000e+00,1.000000000000000000e+00,1.000000000000000000e+00,1.000000000000000000e+00,1.000000000000000000e+00,1.000000000000000000e+00,1.000000000000000000e+00,1.000000000000000000e+00,1.000000000000000000e+00,1.000000000000000000e+00,1.000000000000000000e+00,1.000000000000000000e+00,1.000000000000000000e+00,1.000000000000000000e+00,1.000000000000000000e+00,1.000000000000000000e+00,1.000000000000000000e+00,1.000000000000000000e+00,1.000000000000000000e+00,1.000000000000000000e+00,1.000000000000000000e+00,1.000000000000000000e+00,1.000000000000000000e+00,1.000000000000000000e+00,1.000000000000000000e+00,1.000000000000000000e+00,1.000000000000000000e+00,1.000000000000000000e+00,1.000000000000000000e+00,1.000000000000000000e+00,1.000000000000000000e+00,1.000000000000000000e+00,1.000000000000000000e+00,1.000000000000000000e+00,1.000000000000000000e+00,1.000000000000000000e+00,1.000000000000000000e+00,1.000000000000000000e+00,1.000000000000000000e+00,1.000000000000000000e+00,1.000000000000000000e+00,1.000000000000000000e+00,1.000000000000000000e+00,1.000000000000000000e+00,1.000000000000000000e+00,1.000000000000000000e+00,1.000000000000000000e+00,1.000000000000000000e+00,1.000000000000000000e+00,1.000000000000000000e+00,1.000000000000000000e+00,1.000000000000000000e+00,1.000000000000000000e+00,1.000000000000000000e+00,1.000000000000000000e+00,1.000000000000000000e+00,1.000000000000000000e+00,1.000000000000000000e+00,1.000000000000000000e+00,1.000000000000000000e+00,1.000000000000000000e+00,1.000000000000000000e+00,1.000000000000000000e+00,1.000000000000000000e+00,1.000000000000000000e+00,1.000000000000000000e+00,1.000000000000000000e+00,1.000000000000000000e+00,1.000000000000000000e+00,1.000000000000000000e+00,1.000000000000000000e+00,1.000000000000000000e+00,1.000000000000000000e+00,1.000000000000000000e+00,1.000000000000000000e+00,1.000000000000000000e+00,1.000000000000000000e+00,1.000000000000000000e+00,1.000000000000000000e+00,1.000000000000000000e+00,1.000000000000000000e+00,1.000000000000000000e+00,1.000000000000000000e+00,1.000000000000000000e+00,1.000000000000000000e+00,1.000000000000000000e+00,1.000000000000000000e+00,1.000000000000000000e+00,1.000000000000000000e+00,1.000000000000000000e+00,1.000000000000000000e+00,1.000000000000000000e+00,1.000000000000000000e+00,1.000000000000000000e+00,1.000000000000000000e+00,1.000000000000000000e+00,1.000000000000000000e+00,1.000000000000000000e+00,1.000000000000000000e+00,1.000000000000000000e+00,1.000000000000000000e+00,1.000000000000000000e+00,1.000000000000000000e+00,1.000000000000000000e+00,1.000000000000000000e+00,1.000000000000000000e+00,1.000000000000000000e+00,1.000000000000000000e+00,1.000000000000000000e+00
9.999999999999987788e-01,9.952244472410735066e-01,9.952296094685236794e-01,9.952297281794213468e-01,9.952297385657842277e-01,9.952297404510058731e-01,9.952297409664142558e-01,9.952297411488802981e-01,9.952297412242301355e-01,9.952297412561577072e-01,9.952297412651441855e-01,9.952297412561578183e-01,9.952297412242303576e-01,9.952297411488802981e-01,9.952297409664142558e-01,9.952297404510060952e-01,9.952297385657841167e-01,9.952297281794212358e-01,9.952296094685237904e-01,9.952244472410737286e-01,9.952244472410735066e-01,9.999999999999987788e-01,9.952244472410738396e-01,9.952296094685237904e-01,9.952297281794212358e-01,9.952297385657838946e-01,9.952297404510059842e-01,9.952297409664141448e-01,9.952297411488802981e-01,9.952297412242302466e-01,9.952297412561577072e-01,9.952297412651441855e-01,9.952297412561578183e-01,9.952297412242303576e-01,9.952297411488802981e-01,9.952297409664143668e-01,9.952297404510059842e-01,9.952297385657842277e-01,9.952297281794213468e-01,9.952296094685237904e-01,9.952296094685236794e-01,9.952244472410738396e-01,9.999999999999987788e-01,9.952244472410737286e-01,9.952296094685237904e-01,9.952297281794212358e-01,9.952297385657843387e-01,9.952297404510062062e-01,9.952297409664142558e-01,9.952297411488804091e-01,9.952297412242303576e-01,9.952297412561579293e-01,9.952297412651442965e-01,9.952297412561577072e-01,9.952297412242302466e-01,9.952297411488802981e-01,9.952297409664142558e-01,9.952297404510062062e-01,9.952297385657843387e-01,9.952297281794211248e-01,9.952297281794213468e-01,9.952296094685237904e-01,9.952244472410737286e-01,9.999999999999987788e-01,9.952244472410737286e-01,9.952296094685235683e-01,9.952297281794211248e-01,9.952297385657841167e-01,9.952297404510059842e-01,9.952297409664142558e-01,9.952297411488802981e-01,9.952297412242303576e-01,9.952297412561578183e-01,9.952297412651441855e-01,9.952297412561578183e-01,9.952297412242301355e-01,9.952297411488802981e-01,9.952297409664143668e-01,9.952297404510060952e-01,9.952297385657842277e-01,9.952297385657842277e-01,9.952297281794212358e-01,9.952296094685237904e-01,9.952244472410737286e-01,9.999999999999987788e-01,9.952244472410736176e-01,9.952296094685236794e-01,9.952297281794212358e-01,9.952297385657842277e-01,9.952297404510060952e-01,9.952297409664143668e-01,9.952297411488804091e-01,9.952297412242304686e-01,9.952297412561578183e-01,9.952297412651444075e-01,9.952297412561579293e-01,9.952297412242302466e-01,9.952297411488805201e-01,9.952297409664140337e-01,9.952297404510060952e-01,9.952297404510058731e-01,9.952297385657838946e-01,9.952297281794212358e-01,9.952296094685235683e-01,9.952244472410736176e-01,9.999999999999987788e-01,9.952244472410735066e-01,9.952296094685235683e-01,9.952297281794211248e-01,9.952297385657841167e-01,9.952297404510059842e-01,9.952297409664141448e-01,9.952297411488801870e-01,9.952297412242301355e-01,9.952297412561577072e-01,9.952297412651440744e-01,9.952297412561577072e-01,9.952297412242303576e-01,9.952297411488804091e-01,9.952297409664142558e-01,9.952297409664142558e-01,9.952297404510059842e-01,9.952297385657843387e-01,9.952297281794211248e-01,9.952296094685236794e-01,9.952244472410735066e-01,9.999999999999987788e-01,9.952244472410736176e-01,9.952296094685236794e-01,9.952297281794212358e-01,9.952297385657842277e-01,9.952297404510060952e-01,9.952297409664141448e-01,9.952297411488802981e-01,9.952297412242302466e-01,9.952297412561578183e-01,9.952297412651442965e-01,9.952297412561578183e-01,9.952297412242302466e-01,9.952297411488802981e-01,9.952297411488802981e-01,9.952297409664141448e-01,9.952297404510062062e-01,9.952297385657841167e-01,9.952297281794212358e-01,9.952296094685235683e-01,9.952244472410736176e-01,9.999999999999987788e-01,9.952244472410736176e-01,9.952296094685236794e-01,9.952297281794212358e-01,9.952297385657841167e-01,9.952297404510059842e-01,9.952297409664142558e-01,9.952297411488802981e-01,9.952297412242302466e-01,9.952297412561578183e-01,9.952297412651442965e-01,9.952297412561578183e-01,9.952297412242302466e-01,9.952297412242301355e-01,9.952297411488802981e-01,9.952297409664142558e-01,9.952297404510059842e-01,9.952297385657842277e-01,9.952297281794211248e-01,9.952296094685236794e-01,9.952244472410736176e-01,9.999999999999987788e-01,9.952244472410736176e-01,9.952296094685236794e-01,9.952297281794212358e-01,9.952297385657841167e-01,9.952297404510059842e-01,9.952297409664143668e-01,9.952297411488802981e-01,9.952297412242303576e-01,9.952297412561578183e-01,9.952297412651441855e-01,9.952297412561578183e-01,9.952297412561577072e-01,9.952297412242302466e-01,9.952297411488804091e-01,9.952297409664142558e-01,9.952297404510060952e-01,9.952297385657841167e-01,9.952297281794212358e-01,9.952296094685236794e-01,9.952244472410736176e-01,9.999999999999987788e-01,9.952244472410737286e-01,9.952296094685236794e-01,9.952297281794212358e-01,9.952297385657842277e-01,9.952297404510060952e-01,9.952297409664142558e-01,9.952297411488804091e-01,9.952297412242303576e-01,9.952297412561578183e-01,9.952297412651441855e-01,9.952297412651441855e-01,9.952297412561577072e-01,9.952297412242303576e-01,9.952297411488802981e-01,9.952297409664143668e-01,9.952297404510059842e-01,9.952297385657842277e-01,9.952297281794212358e-01,9.952296094685236794e-01,9.952244472410737286e-01,9.999999999999987788e-01,9.952244472410736176e-01,9.952296094685236794e-01,9.952297281794212358e-01,9.952297385657842277e-01,9.952297404510059842e-01,9.952297409664143668e-01,9.952297411488804091e-01,9.952297412242302466e-01,9.952297412561578183e-01,9.952297412561578183e-01,9.952297412651441855e-01,9.952297412561579293e-01,9.952297412242303576e-01,9.952297411488804091e-01,9.952297409664141448e-01,9.952297404510060952e-01,9.952297385657841167e-01,9.952297281794212358e-01,9.952296094685236794e-01,9.952244472410736176e-01,9.999999999999987788e-01,9.952244472410736176e-01,9.952296094685236794e-01,9.952297281794212358e-01,9.952297385657842277e-01,9.952297404510062062e-01,9.952297409664143668e-01,9.952297411488804091e-01,9.952297412242302466e-01,9.952297412242303576e-01,9.952297412561578183e-01,9.952297412651442965e-01,9.952297412561578183e-01,9.952297412242304686e-01,9.952297411488801870e-01,9.952297409664141448e-01,9.952297404510059842e-01,9.952297385657841167e-01,9.952297281794212358e-01,9.952296094685236794e-01,9.952244472410736176e-01,9.999999999999987788e-01,9.952244472410736176e-01,9.952296094685236794e-01,9.952297281794212358e-01,9.952297385657842277e-01,9.952297404510059842e-01,9.952297409664142558e-01,9.952297411488804091e-01,9.952297411488802981e-01,9.952297412242303576e-01,9.952297412561577072e-01,9.952297412651441855e-01,9.952297412561578183e-01,9.952297412242301355e-01,9.952297411488802981e-01,9.952297409664142558e-01,9.952297404510059842e-01,9.952297385657842277e-01,9.952297281794212358e-01,9.952296094685236794e-01,9.952244472410736176e-01,9.999999999999987788e-01,9.952244472410736176e-01,9.952296094685236794e-01,9.952297281794211248e-01,9.952297385657842277e-01,9.952297404510059842e-01,9.952297409664142558e-01,9.952297409664142558e-01,9.952297411488802981e-01,9.952297412242302466e-01,9.952297412561578183e-01,9.952297412651444075e-01,9.952297412561577072e-01,9.952297412242302466e-01,9.952297411488802981e-01,9.952297409664143668e-01,9.952297404510060952e-01,9.952297385657842277e-01,9.952297281794212358e-01,9.952296094685236794e-01,9.952244472410736176e-01,9.999999999999987788e-01,9.952244472410736176e-01,9.952296094685236794e-01,9.952297281794213468e-01,9.952297385657841167e-01,9.952297404510059842e-01,9.952297404510060952e-01,9.952297409664143668e-01,9.952297411488802981e-01,9.952297412242301355e-01,9.952297412561579293e-01,9.952297412651440744e-01,9.952297412561578183e-01,9.952297412242302466e-01,9.952297411488802981e-01,9.952297409664142558e-01,9.952297404510059842e-01,9.952297385657842277e-01,9.952297281794212358e-01,9.952296094685236794e-01,9.952244472410736176e-01,9.999999999999987788e-01,9.952244472410737286e-01,9.952296094685237904e-01,9.952297281794212358e-01,9.952297385657842277e-01,9.952297385657841167e-01,9.952297404510059842e-01,9.952297409664142558e-01,9.952297411488802981e-01,9.952297412242302466e-01,9.952297412561577072e-01,9.952297412651442965e-01,9.952297412561578183e-01,9.952297412242303576e-01,9.952297411488804091e-01,9.952297409664143668e-01,9.952297404510062062e-01,9.952297385657842277e-01,9.952297281794211248e-01,9.952296094685236794e-01,9.952244472410737286e-01,9.999999999999987788e-01,9.952244472410737286e-01,9.952296094685239014e-01,9.952297281794211248e-01,9.952297281794212358e-01,9.952297385657842277e-01,9.952297404510062062e-01,9.952297409664143668e-01,9.952297411488805201e-01,9.952297412242303576e-01,9.952297412561578183e-01,9.952297412651442965e-01,9.952297412561578183e-01,9.952297412242303576e-01,9.952297411488804091e-01,9.952297409664143668e-01,9.952297404510059842e-01,9.952297385657842277e-01,9.952297281794213468e-01,9.952296094685237904e-01,9.952244472410737286e-01,9.999999999999987788e-01,9.952244472410735066e-01,9.952296094685237904e-01,9.952296094685237904e-01,9.952297281794213468e-01,9.952297385657843387e-01,9.952297404510060952e-01,9.952297409664140337e-01,9.952297411488804091e-01,9.952297412242302466e-01,9.952297412561578183e-01,9.952297412651441855e-01,9.952297412561578183e-01,9.952297412242302466e-01,9.952297411488804091e-01,9.952297409664142558e-01,9.952297404510059842e-01,9.952297385657841167e-01,9.952297281794212358e-01,9.952296094685239014e-01,9.952244472410735066e-01,9.999999999999987788e-01,9.952244472410736176e-01,9.952244472410737286e-01,9.952296094685237904e-01,9.952297281794211248e-01,9.952297385657842277e-01,9.952297404510060952e-01,9.952297409664142558e-01,9.952297411488802981e-01,9.952297412242302466e-01,9.952297412561578183e-01,9.952297412651441855e-01,9.952297412561578183e-01,9.952297412242302466e-01,9.952297411488804091e-01,9.952297409664142558e-01,9.952297404510059842e-01,9.952297385657842277e-01,9.952297281794211248e-01,9.952296094685237904e-01,9.952244472410736176e-01,9.999999999999987788e-01
9.999999999999971134e-01,9.821178356411710553e-01,9.821877309968028991e-01,9.821925844380815507e-01,9.821930125584151794e-01,9.821930919011944150e-01,9.821931138862991517e-01,9.821931217221628874e-01,9.821931249693823807e-01,9.821931263478087537e-01,9.821931267360888285e-01,9.821931263478087537e-01,9.821931249693824917e-01,9.821931217221629984e-01,9.821931138862993738e-01,9.821930919011946370e-01,9.821930125584150684e-01,9.821925844380817727e-01,9.821877309968031211e-01,9.821178356411711663e-01,9.821178356411710553e-01,9.999999999999971134e-01,9.821178356411709442e-01,9.821877309968027880e-01,9.821925844380815507e-01,9.821930125584149573e-01,9.821930919011944150e-01,9.821931138862989297e-01,9.821931217221627763e-01,9.821931249693822696e-01,9.821931263478085317e-01,9.821931267360886064e-01,9.821931263478085317e-01,9.821931249693821586e-01,9.821931217221628874e-01,9.821931138862990407e-01,9.821930919011944150e-01,9.821930125584150684e-01,9.821925844380815507e-01,9.821877309968027880e-01,9.821877309968028991e-01,9.821178356411709442e-01,9.999999999999971134e-01,9.821178356411708332e-01,9.821877309968028991e-01,9.821925844380813286e-01,9.821930125584149573e-01,9.821930919011944150e-01,9.821931138862990407e-01,9.821931217221628874e-01,9.821931249693822696e-01,9.821931263478085317e-01,9.821931267360887174e-01,9.821931263478085317e-01,9.821931249693823807e-01,9.821931217221627763e-01,9.821931138862990407e-01,9.821930919011944150e-01,9.821930125584148463e-01,9.821925844380813286e-01,9.821925844380815507e-01,9.821877309968027880e-01,9.821178356411708332e-01,9.999999999999971134e-01,9.821178356411710553e-01,9.821877309968028991e-01,9.821925844380815507e-01,9.821930125584148463e-01,9.821930919011946370e-01,9.821931138862992627e-01,9.821931217221628874e-01,9.821931249693823807e-01,9.821931263478086427e-01,9.821931267360887174e-01,9.821931263478085317e-01,9.821931249693822696e-01,9.821931217221627763e-01,9.821931138862991517e-01,9.821930919011945260e-01,9.821930125584150684e-01,9.821930125584151794e-01,9.821925844380815507e-01,9.821877309968028991e-01,9.821178356411710553e-01,9.999999999999971134e-01,9.821178356411709442e-01,9.821877309968028991e-01,9.821925844380814397e-01,9.821930125584149573e-01,9.821930919011946370e-01,9.821931138862991517e-01,9.821931217221627763e-01,9.821931249693823807e-01,9.821931263478086427e-01,9.821931267360887174e-01,9.821931263478085317e-01,9.821931249693824917e-01,9.821931217221628874e-01,9.821931138862992627e-01,9.821930919011947481e-01,9.821930919011944150e-01,9.821930125584149573e-01,9.821925844380813286e-01,9.821877309968028991e-01,9.821178356411709442e-01,9.999999999999971134e-01,9.821178356411709442e-01,9.821877309968027880e-01,9.821925844380815507e-01,9.821930125584150684e-01,9.821930919011946370e-01,9.821931138862993738e-01,9.821931217221629984e-01,9.821931249693822696e-01,9.821931263478086427e-01,9.821931267360886064e-01,9.821931263478086427e-01,9.821931249693823807e-01,9.821931217221627763e-01,9.821931138862990407e-01,9.821931138862991517e-01,9.821930919011944150e-01,9.821930125584149573e-01,9.821925844380815507e-01,9.821877309968028991e-01,9.821178356411709442e-01,9.999999999999971134e-01,9.821178356411709442e-01,9.821877309968031211e-01,9.821925844380817727e-01,9.821930125584151794e-01,9.821930919011948591e-01,9.821931138862992627e-01,9.821931217221629984e-01,9.821931249693824917e-01,9.821931263478086427e-01,9.821931267360886064e-01,9.821931263478086427e-01,9.821931249693823807e-01,9.821931217221627763e-01,9.821931217221628874e-01,9.821931138862989297e-01,9.821930919011944150e-01,9.821930125584148463e-01,9.821925844380814397e-01,9.821877309968027880e-01,9.821178356411709442e-01,9.999999999999971134e-01,9.821178356411710553e-01,9.821877309968031211e-01,9.821925844380816617e-01,9.821930125584152904e-01,9.821930919011946370e-01,9.821931138862992627e-01,9.821931217221629984e-01,9.821931249693823807e-01,9.821931263478084206e-01,9.821931267360887174e-01,9.821931263478085317e-01,9.821931249693821586e-01,9.821931249693823807e-01,9.821931217221627763e-01,9.821931138862990407e-01,9.821930919011946370e-01,9.821930125584149573e-01,9.821925844380815507e-01,9.821877309968031211e-01,9.821178356411710553e-01,9.999999999999971134e-01,9.821178356411712773e-01,9.821877309968032321e-01,9.821925844380818837e-01,9.821930125584151794e-01,9.821930919011947481e-01,9.821931138862993738e-01,9.821931217221629984e-01,9.821931249693822696e-01,9.821931263478087537e-01,9.821931267360888285e-01,9.821931263478085317e-01,9.821931263478087537e-01,9.821931249693822696e-01,9.821931217221628874e-01,9.821931138862992627e-01,9.821930919011946370e-01,9.821930125584150684e-01,9.821925844380817727e-01,9.821877309968031211e-01,9.821178356411712773e-01,9.999999999999971134e-01,9.821178356411713883e-01,9.821877309968033432e-01,9.821925844380817727e-01,9.821930125584154014e-01,9.821930919011948591e-01,9.821931138862993738e-01,9.821931217221628874e-01,9.821931249693826027e-01,9.821931263478087537e-01,9.821931267360887174e-01,9.821931267360888285e-01,9.821931263478085317e-01,9.821931249693822696e-01,9.821931217221628874e-01,9.821931138862991517e-01,9.821930919011946370e-01,9.821930125584151794e-01,9.821925844380816617e-01,9.821877309968032321e-01,9.821178356411713883e-01,9.999999999999971134e-01,9.821178356411714994e-01,9.821877309968032321e-01,9.821925844380818837e-01,9.821930125584154014e-01,9.821930919011948591e-01,9.821931138862992627e-01,9.821931217221632204e-01,9.821931249693824917e-01,9.821931263478085317e-01,9.821931263478087537e-01,9.821931267360886064e-01,9.821931263478085317e-01,9.821931249693823807e-01,9.821931217221627763e-01,9.821931138862993738e-01,9.821930919011948591e-01,9.821930125584152904e-01,9.821925844380818837e-01,9.821877309968033432e-01,9.821178356411714994e-01,9.999999999999971134e-01,9.821178356411714994e-01,9.821877309968033432e-01,9.821925844380818837e-01,9.821930125584152904e-01,9.821930919011946370e-01,9.821931138862994848e-01,9.821931217221631094e-01,9.821931249693823807e-01,9.821931249693824917e-01,9.821931263478085317e-01,9.821931267360887174e-01,9.821931263478086427e-01,9.821931249693823807e-01,9.821931217221629984e-01,9.821931138862992627e-01,9.821930919011946370e-01,9.821930125584151794e-01,9.821925844380817727e-01,9.821877309968032321e-01,9.821178356411714994e-01,9.999999999999971134e-01,9.821178356411712773e-01,9.821877309968032321e-01,9.821925844380818837e-01,9.821930125584150684e-01,9.821930919011948591e-01,9.821931138862993738e-01,9.821931217221628874e-01,9.821931217221629984e-01,9.821931249693821586e-01,9.821931263478085317e-01,9.821931267360887174e-01,9.821931263478086427e-01,9.821931249693822696e-01,9.821931217221629984e-01,9.821931138862992627e-01,9.821930919011947481e-01,9.821930125584154014e-01,9.821925844380818837e-01,9.821877309968033432e-01,9.821178356411712773e-01,9.999999999999971134e-01,9.821178356411713883e-01,9.821877309968032321e-01,9.821925844380817727e-01,9.821930125584154014e-01,9.821930919011947481e-01,9.821931138862992627e-01,9.821931138862993738e-01,9.821931217221628874e-01,9.821931249693823807e-01,9.821931263478085317e-01,9.821931267360887174e-01,9.821931263478086427e-01,9.821931249693824917e-01,9.821931217221629984e-01,9.821931138862993738e-01,9.821930919011948591e-01,9.821930125584154014e-01,9.821925844380818837e-01,9.821877309968032321e-01,9.821178356411713883e-01,9.999999999999971134e-01,9.821178356411713883e-01,9.821877309968030101e-01,9.821925844380818837e-01,9.821930125584151794e-01,9.821930919011945260e-01,9.821930919011946370e-01,9.821931138862990407e-01,9.821931217221627763e-01,9.821931249693822696e-01,9.821931263478085317e-01,9.821931267360886064e-01,9.821931263478086427e-01,9.821931249693823807e-01,9.821931217221629984e-01,9.821931138862993738e-01,9.821930919011948591e-01,9.821930125584152904e-01,9.821925844380818837e-01,9.821877309968032321e-01,9.821178356411713883e-01,9.999999999999971134e-01,9.821178356411710553e-01,9.821877309968032321e-01,9.821925844380816617e-01,9.821930125584151794e-01,9.821930125584150684e-01,9.821930919011944150e-01,9.821931138862990407e-01,9.821931217221627763e-01,9.821931249693824917e-01,9.821931263478086427e-01,9.821931267360886064e-01,9.821931263478084206e-01,9.821931249693822696e-01,9.821931217221628874e-01,9.821931138862992627e-01,9.821930919011946370e-01,9.821930125584150684e-01,9.821925844380817727e-01,9.821877309968030101e-01,9.821178356411710553e-01,9.999999999999971134e-01,9.821178356411711663e-01,9.821877309968030101e-01,9.821925844380817727e-01,9.821925844380817727e-01,9.821930125584150684e-01,9.821930919011944150e-01,9.821931138862991517e-01,9.821931217221628874e-01,9.821931249693823807e-01,9.821931263478086427e-01,9.821931267360887174e-01,9.821931263478087537e-01,9.821931249693826027e-01,9.821931217221632204e-01,9.821931138862994848e-01,9.821930919011948591e-01,9.821930125584154014e-01,9.821925844380818837e-01,9.821877309968032321e-01,9.821178356411711663e-01,9.999999999999971134e-01,9.821178356411711663e-01,9.821877309968031211e-01,9.821877309968031211e-01,9.821925844380815507e-01,9.821930125584148463e-01,9.821930919011945260e-01,9.821931138862992627e-01,9.821931217221627763e-01,9.821931249693823807e-01,9.821931263478085317e-01,9.821931267360888285e-01,9.821931263478087537e-01,9.821931249693824917e-01,9.821931217221631094e-01,9.821931138862993738e-01,9.821930919011947481e-01,9.821930125584151794e-01,9.821925844380816617e-01,9.821877309968030101e-01,9.821178356411711663e-01,9.999999999999971134e-01,9.821178356411711663e-01,9.821178356411711663e-01,9.821877309968027880e-01,9.821925844380813286e-01,9.821930125584150684e-01,9.821930919011947481e-01,9.821931138862990407e-01,9.821931217221627763e-01,9.821931249693821586e-01,9.821931263478085317e-01,9.821931267360887174e-01,9.821931263478085317e-01,9.821931249693823807e-01,9.821931217221628874e-01,9.821931138862992627e-01,9.821930919011945260e-01,9.821930125584151794e-01,9.821925844380817727e-01,9.821877309968031211e-01,9.821178356411711663e-01,9.999999999999971134e-01
1.000000000000001332e+00,9.823628682025569159e-01,9.824224728395647421e-01,9.824283711944588049e-01,9.824288828108288518e-01,9.824289805436353662e-01,9.824290086941032119e-01,9.824290189350409763e-01,9.824290232252993471e-01,9.824290250568826766e-01,9.824290255740844025e-01,9.824290250568826766e-01,9.824290232252993471e-01,9.824290189350413094e-01,9.824290086941033229e-01,9.824289805436354772e-01,9.824288828108288518e-01,9.824283711944589159e-01,9.824224728395652972e-01,9.823628682025573600e-01,9.823628682025569159e-01,1.000000000000001332e+00,9.823628682025565828e-01,9.824224728395646311e-01,9.824283711944583608e-01,9.824288828108284077e-01,9.824289805436349221e-01,9.824290086941025457e-01,9.824290189350407543e-01,9.824290232252989030e-01,9.824290250568822325e-01,9.824290255740838473e-01,9.824290250568822325e-01,9.824290232252991251e-01,9.824290189350409763e-01,9.824290086941028788e-01,9.824289805436349221e-01,9.824288828108285188e-01,9.824283711944588049e-01,9.824224728395649642e-01,9.824224728395647421e-01,9.823628682025565828e-01,1.000000000000001332e+00,9.823628682025566938e-01,9.824224728395644091e-01,9.824283711944583608e-01,9.824288828108281857e-01,9.824289805436345890e-01,9.824290086941026567e-01,9.824290189350408653e-01,9.824290232252989030e-01,9.824290250568821214e-01,9.824290255740837363e-01,9.824290250568821214e-01,9.824290232252987920e-01,9.824290189350406433e-01,9.824290086941025457e-01,9.824289805436350331e-01,9.824288828108284077e-01,9.824283711944584718e-01,9.824283711944588049e-01,9.824224728395646311e-01,9.823628682025566938e-01,1.000000000000001332e+00,9.823628682025570269e-01,9.824224728395649642e-01,9.824283711944584718e-01,9.824288828108280747e-01,9.824289805436350331e-01,9.824290086941029898e-01,9.824290189350409763e-01,9.824290232252990140e-01,9.824290250568823435e-01,9.824290255740838473e-01,9.824290250568822325e-01,9.824290232252989030e-01,9.824290189350408653e-01,9.824290086941032119e-01,9.824289805436352552e-01,9.824288828108286298e-01,9.824288828108288518e-01,9.824283711944583608e-01,9.824224728395644091e-01,9.823628682025570269e-01,1.000000000000001332e+00,9.823628682025570269e-01,9.824224728395649642e-01,9.824283711944585828e-01,9.824288828108287408e-01,9.824289805436355882e-01,9.824290086941032119e-01,9.824290189350413094e-01,9.824290232252993471e-01,9.824290250568824545e-01,9.824290255740841804e-01,9.824290250568824545e-01,9.824290232252992361e-01,9.824290189350410873e-01,9.824290086941029898e-01,9.824289805436351442e-01,9.824289805436353662e-01,9.824288828108284077e-01,9.824283711944583608e-01,9.824224728395649642e-01,9.823628682025570269e-01,1.000000000000001332e+00,9.823628682025570269e-01,9.824224728395647421e-01,9.824283711944589159e-01,9.824288828108288518e-01,9.824289805436354772e-01,9.824290086941033229e-01,9.824290189350414204e-01,9.824290232252992361e-01,9.824290250568824545e-01,9.824290255740839584e-01,9.824290250568824545e-01,9.824290232252993471e-01,9.824290189350413094e-01,9.824290086941031008e-01,9.824290086941032119e-01,9.824289805436349221e-01,9.824288828108281857e-01,9.824283711944584718e-01,9.824224728395649642e-01,9.823628682025570269e-01,1.000000000000001332e+00,9.823628682025568049e-01,9.824224728395650752e-01,9.824283711944590269e-01,9.824288828108288518e-01,9.824289805436354772e-01,9.824290086941034339e-01,9.824290189350411984e-01,9.824290232252991251e-01,9.824290250568823435e-01,9.824290255740838473e-01,9.824290250568823435e-01,9.824290232252991251e-01,9.824290189350409763e-01,9.824290189350409763e-01,9.824290086941025457e-01,9.824289805436345890e-01,9.824288828108280747e-01,9.824283711944585828e-01,9.824224728395647421e-01,9.823628682025568049e-01,1.000000000000001332e+00,9.823628682025570269e-01,9.824224728395649642e-01,9.824283711944588049e-01,9.824288828108286298e-01,9.824289805436354772e-01,9.824290086941031008e-01,9.824290189350408653e-01,9.824290232252990140e-01,9.824290250568820104e-01,9.824290255740837363e-01,9.824290250568822325e-01,9.824290232252987920e-01,9.824290232252993471e-01,9.824290189350407543e-01,9.824290086941026567e-01,9.824289805436350331e-01,9.824288828108287408e-01,9.824283711944589159e-01,9.824224728395650752e-01,9.823628682025570269e-01,1.000000000000001332e+00,9.823628682025573600e-01,9.824224728395652972e-01,9.824283711944591380e-01,9.824288828108290739e-01,9.824289805436354772e-01,9.824290086941032119e-01,9.824290189350411984e-01,9.824290232252991251e-01,9.824290250568823435e-01,9.824290255740840694e-01,9.824290250568824545e-01,9.824290250568826766e-01,9.824290232252989030e-01,9.824290189350408653e-01,9.824290086941029898e-01,9.824289805436355882e-01,9.824288828108288518e-01,9.824283711944590269e-01,9.824224728395649642e-01,9.823628682025573600e-01,1.000000000000001332e+00,9.823628682025576930e-01,9.824224728395655193e-01,9.824283711944593600e-01,9.824288828108290739e-01,9.824289805436355882e-01,9.824290086941034339e-01,9.824290189350411984e-01,9.824290232252993471e-01,9.824290250568826766e-01,9.824290255740842914e-01,9.824290255740844025e-01,9.824290250568822325e-01,9.824290232252989030e-01,9.824290189350409763e-01,9.824290086941032119e-01,9.824289805436354772e-01,9.824288828108288518e-01,9.824283711944588049e-01,9.824224728395652972e-01,9.823628682025576930e-01,1.000000000000001332e+00,9.823628682025576930e-01,9.824224728395656303e-01,9.824283711944592490e-01,9.824288828108289628e-01,9.824289805436355882e-01,9.824290086941033229e-01,9.824290189350413094e-01,9.824290232252994581e-01,9.824290250568825655e-01,9.824290250568826766e-01,9.824290255740838473e-01,9.824290250568821214e-01,9.824290232252990140e-01,9.824290189350413094e-01,9.824290086941033229e-01,9.824289805436354772e-01,9.824288828108286298e-01,9.824283711944591380e-01,9.824224728395655193e-01,9.823628682025576930e-01,1.000000000000001332e+00,9.823628682025578041e-01,9.824224728395656303e-01,9.824283711944591380e-01,9.824288828108289628e-01,9.824289805436355882e-01,9.824290086941033229e-01,9.824290189350415314e-01,9.824290232252993471e-01,9.824290232252993471e-01,9.824290250568822325e-01,9.824290255740837363e-01,9.824290250568823435e-01,9.824290232252993471e-01,9.824290189350414204e-01,9.824290086941034339e-01,9.824289805436354772e-01,9.824288828108290739e-01,9.824283711944593600e-01,9.824224728395656303e-01,9.823628682025578041e-01,1.000000000000001332e+00,9.823628682025578041e-01,9.824224728395655193e-01,9.824283711944592490e-01,9.824288828108289628e-01,9.824289805436355882e-01,9.824290086941035449e-01,9.824290189350414204e-01,9.824290189350413094e-01,9.824290232252991251e-01,9.824290250568821214e-01,9.824290255740838473e-01,9.824290250568824545e-01,9.824290232252992361e-01,9.824290189350411984e-01,9.824290086941031008e-01,9.824289805436354772e-01,9.824288828108290739e-01,9.824283711944592490e-01,9.824224728395656303e-01,9.823628682025578041e-01,1.000000000000001332e+00,9.823628682025576930e-01,9.824224728395652972e-01,9.824283711944590269e-01,9.824288828108290739e-01,9.824289805436356993e-01,9.824290086941034339e-01,9.824290086941033229e-01,9.824290189350409763e-01,9.824290232252987920e-01,9.824290250568822325e-01,9.824290255740841804e-01,9.824290250568824545e-01,9.824290232252991251e-01,9.824290189350408653e-01,9.824290086941032119e-01,9.824289805436355882e-01,9.824288828108289628e-01,9.824283711944591380e-01,9.824224728395655193e-01,9.823628682025576930e-01,1.000000000000001332e+00,9.823628682025574710e-01,9.824224728395650752e-01,9.824283711944590269e-01,9.824288828108290739e-01,9.824289805436355882e-01,9.824289805436354772e-01,9.824290086941028788e-01,9.824290189350406433e-01,9.824290232252989030e-01,9.824290250568824545e-01,9.824290255740839584e-01,9.824290250568823435e-01,9.824290232252990140e-01,9.824290189350411984e-01,9.824290086941034339e-01,9.824289805436355882e-01,9.824288828108289628e-01,9.824283711944592490e-01,9.824224728395652972e-01,9.823628682025574710e-01,1.000000000000001332e+00,9.823628682025572489e-01,9.824224728395651862e-01,9.824283711944591380e-01,9.824288828108289628e-01,9.824288828108288518e-01,9.824289805436349221e-01,9.824290086941025457e-01,9.824290189350408653e-01,9.824290232252992361e-01,9.824290250568824545e-01,9.824290255740838473e-01,9.824290250568820104e-01,9.824290232252991251e-01,9.824290189350411984e-01,9.824290086941033229e-01,9.824289805436355882e-01,9.824288828108289628e-01,9.824283711944590269e-01,9.824224728395650752e-01,9.823628682025572489e-01,1.000000000000001332e+00,9.823628682025572489e-01,9.824224728395651862e-01,9.824283711944591380e-01,9.824283711944589159e-01,9.824288828108285188e-01,9.824289805436350331e-01,9.824290086941032119e-01,9.824290189350410873e-01,9.824290232252993471e-01,9.824290250568823435e-01,9.824290255740837363e-01,9.824290250568823435e-01,9.824290232252993471e-01,9.824290189350413094e-01,9.824290086941033229e-01,9.824289805436355882e-01,9.824288828108290739e-01,9.824283711944590269e-01,9.824224728395651862e-01,9.823628682025572489e-01,1.000000000000001332e+00,9.823628682025573600e-01,9.824224728395650752e-01,9.824224728395652972e-01,9.824283711944588049e-01,9.824288828108284077e-01,9.824289805436352552e-01,9.824290086941029898e-01,9.824290189350413094e-01,9.824290232252991251e-01,9.824290250568822325e-01,9.824290255740840694e-01,9.824290250568826766e-01,9.824290232252994581e-01,9.824290189350415314e-01,9.824290086941035449e-01,9.824289805436356993e-01,9.824288828108290739e-01,9.824283711944591380e-01,9.824224728395651862e-01,9.823628682025573600e-01,1.000000000000001332e+00,9.823628682025574710e-01,9.823628682025573600e-01,9.824224728395649642e-01,9.824283711944584718e-01,9.824288828108286298e-01,9.824289805436351442e-01,9.824290086941031008e-01,9.824290189350409763e-01,9.824290232252987920e-01,9.824290250568824545e-01,9.824290255740842914e-01,9.824290250568825655e-01,9.824290232252993471e-01,9.824290189350414204e-01,9.824290086941034339e-01,9.824289805436355882e-01,9.824288828108289628e-01,9.824283711944591380e-01,9.824224728395650752e-01,9.823628682025574710e-01,1.000000000000001332e+00
