9.999999999999981126e-01,9.643077513774827025e-01,9.645306763542467188e-01,9.645401530107450272e-01,9.645411113542056158e-01,9.645401530108373978e-01,9.645306763542319528e-01,9.643077513774144238e-01,9.643077513774827025e-01,9.999999999999981126e-01,9.643077513774980236e-01,9.645306763543466388e-01,9.645401530109249943e-01,9.645411113543718162e-01,9.645401530108849153e-01,9.645306763544168049e-01,9.645306763542467188e-01,9.643077513774980236e-01,9.999999999999981126e-01,9.643077513773578024e-01,9.645306763542865758e-01,9.645401530108522747e-01,9.645411113541809689e-01,9.645401530108310695e-01,9.645401530107450272e-01,9.645306763543466388e-01,9.643077513773578024e-01,9.999999999999981126e-01,9.643077513773844478e-01,9.645306763543002315e-01,9.645401530107470256e-01,9.645411113542126103e-01,9.645411113542056158e-01,9.645401530109249943e-01,9.645306763542865758e-01,9.643077513773844478e-01,9.999999999999981126e-01,9.643077513774777065e-01,9.645306763542729200e-01,9.645401530108573818e-01,9.645401530108373978e-01,9.645411113543718162e-01,9.645401530108522747e-01,9.645306763543002315e-01,9.643077513774777065e-01,9.999999999999981126e-01,9.643077513774376275e-01,9.645306763543718409e-01,9.645306763542319528e-01,9.645401530108849153e-01,9.645411113541809689e-01,9.645401530107470256e-01,9.645306763542729200e-01,9.643077513774376275e-01,9.999999999999981126e-01,9.643077513774160892e-01,9.643077513774144238e-01,9.645306763544168049e-01,9.645401530108310695e-01,9.645411113542126103e-01,9.645401530108573818e-01,9.645306763543718409e-01,9.643077513774160892e-01,9.999999999999981126e-01
9.999999999999986677e-01,9.320167539874421037e-01,9.329076848696571389e-01,9.329467024894886329e-01,9.329506611641207314e-01,9.329467024993053359e-01,9.329076848685018408e-01,9.320167539794008693e-01,9.320167539874421037e-01,9.999999999999986677e-01,9.320167539905387377e-01,9.329076848793742549e-01,9.329467025085076415e-01,9.329506611826943185e-01,9.329467025065639740e-01,9.329076848864582550e-01,9.329076848696571389e-01,9.320167539905387377e-01,9.999999999999986677e-01,9.320167539750631169e-01,9.329076848733663940e-01,9.329467025022694093e-01,9.329506611651816606e-01,9.329467024997117885e-01,9.329467024894886329e-01,9.329076848793742549e-01,9.320167539750631169e-01,9.999999999999986677e-01,9.320167539760345621e-01,9.329076848741316708e-01,9.329467024915611972e-01,9.329506611651240400e-01,9.329506611641207314e-01,9.329467025085076415e-01,9.329076848733663940e-01,9.320167539760345621e-01,9.999999999999986677e-01,9.320167539861590189e-01,9.329076848724305870e-01,9.329467025006581427e-01,9.329467024993053359e-01,9.329506611826943185e-01,9.329467025022694093e-01,9.329076848741316708e-01,9.320167539861590189e-01,9.999999999999986677e-01,9.320167539842663107e-01,9.329076848814223943e-01,9.329076848685018408e-01,9.329467025065639740e-01,9.329506611651816606e-01,9.329467024915611972e-01,9.329076848724305870e-01,9.320167539842663107e-01,9.999999999999986677e-01,9.320167539815710223e-01,9.320167539794008693e-01,9.329076848864582550e-01,9.329467024997117885e-01,9.329506611651240400e-01,9.329467025006581427e-01,9.329076848814223943e-01,9.320167539815710223e-01,9.999999999999986677e-01
9.999999999999988898e-01,8.368695927213187780e-01,8.425827311800456743e-01,8.427585958956257395e-01,8.427775350031151413e-01,8.427585958957160006e-01,8.425827311805317299e-01,8.368695927211451391e-01,8.368695927213187780e-01,9.999999999999988898e-01,8.368695927215754615e-01,8.425827311804977571e-01,8.427585958960743806e-01,8.427775350044111047e-01,8.427585958958356827e-01,8.425827311806887154e-01,8.425827311800456743e-01,8.368695927215754615e-01,9.999999999999988898e-01,8.368695927210777485e-01,8.425827311802263075e-01,8.427585958966230528e-01,8.427775350038763102e-01,8.427585958958248025e-01,8.427585958956257395e-01,8.425827311804977571e-01,8.368695927210777485e-01,9.999999999999988898e-01,8.368695927208278373e-01,8.425827311800793140e-01,8.427585958968482061e-01,8.427775350030037860e-01,8.427775350031151413e-01,8.427585958960743806e-01,8.425827311802263075e-01,8.368695927208278373e-01,9.999999999999988898e-01,8.368695927213135599e-01,8.425827311802384090e-01,8.427585958963234036e-01,8.427585958957160006e-01,8.427775350044111047e-01,8.427585958966230528e-01,8.425827311800793140e-01,8.368695927213135599e-01,9.999999999999988898e-01,8.368695927213770647e-01,8.425827311808573583e-01,8.425827311805317299e-01,8.427585958958356827e-01,8.427775350038763102e-01,8.427585958968482061e-01,8.425827311802384090e-01,8.368695927213770647e-01,9.999999999999988898e-01,8.368695927211556862e-01,8.368695927211451391e-01,8.425827311806887154e-01,8.427585958958248025e-01,8.427775350030037860e-01,8.427585958963234036e-01,8.425827311808573583e-01,8.368695927211556862e-01,9.999999999999988898e-01
1.000000000000002220e+00,4.998501573119373265e-01,5.650580279637034131e-01,5.587860873434393749e-01,5.598399480018404484e-01,5.587860871091321346e-01,5.650580279369701309e-01,4.998501573057942959e-01,4.998501573119373265e-01,1.000000000000002220e+00,4.998501573353199001e-01,5.650580278118374489e-01,5.587860874347411189e-01,5.598399479406341861e-01,5.587860877594649223e-01,5.650580275799559349e-01,5.650580279637034131e-01,4.998501573353199001e-01,1.000000000000002220e+00,4.998501573336265880e-01,5.650580279193024857e-01,5.587860875425809670e-01,5.598399476196006530e-01,5.587860875473484867e-01,5.587860873434393749e-01,5.650580278118374489e-01,4.998501573336265880e-01,1.000000000000002220e+00,4.998501573085862848e-01,5.650580278385810562e-01,5.587860876611867589e-01,5.598399476358645321e-01,5.598399480018404484e-01,5.587860874347411189e-01,5.650580279193024857e-01,4.998501573085862848e-01,1.000000000000002220e+00,4.998501573025873057e-01,5.650580276946103320e-01,5.587860872356198438e-01,5.587860871091321346e-01,5.598399479406341861e-01,5.587860875425809670e-01,5.650580278385810562e-01,4.998501573025873057e-01,1.000000000000002220e+00,4.998501573374301565e-01,5.650580283080566257e-01,5.650580279369701309e-01,5.587860877594649223e-01,5.598399476196006530e-01,5.587860876611867589e-01,5.650580276946103320e-01,4.998501573374301565e-01,1.000000000000002220e+00,4.998501573446845203e-01,4.998501573057942959e-01,5.650580275799559349e-01,5.587860875473484867e-01,5.598399476358645321e-01,5.587860872356198438e-01,5.650580283080566257e-01,4.998501573446845203e-01,1.000000000000002220e+00
9.999999999999993339e-01,-3.140021777369397249e-01,4.478482085035284666e-01,-1.626238328022853175e-01,3.857432186127897622e-01,-1.626238326782905030e-01,4.478482085367223586e-01,-3.140021778045060108e-01,-3.140021777369397249e-01,9.999999999999993339e-01,-3.140021777239502265e-01,4.478482086936048101e-01,-1.626238328512821241e-01,3.857432186373946359e-01,-1.626238327503036485e-01,4.478482086693873487e-01,4.478482085035284666e-01,-3.140021777239502265e-01,9.999999999999993339e-01,-3.140021777703235761e-01,4.478482085801787638e-01,-1.626238326881459806e-01,3.857432186086781623e-01,-1.626238328361516161e-01,-1.626238328022853175e-01,4.478482086936048101e-01,-3.140021777703235761e-01,9.999999999999993339e-01,-3.140021778348065506e-01,4.478482086179802479e-01,-1.626238328390230692e-01,3.857432186790922257e-01,3.857432186127897622e-01,-1.626238328512821241e-01,4.478482085801787638e-01,-3.140021778348065506e-01,9.999999999999993339e-01,-3.140021778110301254e-01,4.478482085857911077e-01,-1.626238328265937616e-01,-1.626238326782905030e-01,3.857432186373946359e-01,-1.626238326881459806e-01,4.478482086179802479e-01,-3.140021778110301254e-01,9.999999999999993339e-01,-3.140021778104247763e-01,4.478482086058608314e-01,4.478482085367223586e-01,-1.626238327503036485e-01,3.857432186086781623e-01,-1.626238328390230692e-01,4.478482085857911077e-01,-3.140021778104247763e-01,9.999999999999993339e-01,-3.140021778547992248e-01,-3.140021778045060108e-01,4.478482086693873487e-01,-1.626238328361516161e-01,3.857432186790922257e-01,-1.626238328265937616e-01,4.478482086058608314e-01,-3.140021778547992248e-01,9.999999999999993339e-01
9.999999999999988898e-01,-8.915197345811666230e-01,8.953678619236821179e-01,-8.891185370261922571e-01,8.946667337915609197e-01,-8.891185369192250443e-01,8.953678617843725540e-01,-8.915197346323506800e-01,-8.915197345811666230e-01,9.999999999999988898e-01,-8.915197347159807828e-01,8.953678617167476483e-01,-8.891185365351038650e-01,8.946667337663861685e-01,-8.891185366233951282e-01,8.953678615212936620e-01,8.953678619236821179e-01,-8.915197347159807828e-01,9.999999999999988898e-01,-8.915197349326017262e-01,8.953678617341799262e-01,-8.891185370444582015e-01,8.946667340240483934e-01,-8.891185369847152131e-01,-8.891185370261922571e-01,8.953678617167476483e-01,-8.915197349326017262e-01,9.999999999999988898e-01,-8.915197345401258966e-01,8.953678618512468379e-01,-8.891185368769407571e-01,8.946667340427276738e-01,8.946667337915609197e-01,-8.891185365351038650e-01,8.953678617341799262e-01,-8.915197345401258966e-01,9.999999999999988898e-01,-8.915197344379025557e-01,8.953678614067472896e-01,-8.891185365619564962e-01,-8.891185369192250443e-01,8.946667337663861685e-01,-8.891185370444582015e-01,8.953678618512468379e-01,-8.915197344379025557e-01,9.999999999999988898e-01,-8.915197345466744361e-01,8.953678616452172001e-01,8.953678617843725540e-01,-8.891185366233951282e-01,8.946667340240483934e-01,-8.891185368769407571e-01,8.953678614067472896e-01,-8.915197345466744361e-01,9.999999999999988898e-01,-8.915197344892011877e-01,-8.915197346323506800e-01,8.953678615212936620e-01,-8.891185369847152131e-01,8.946667340427276738e-01,-8.891185365619564962e-01,8.953678616452172001e-01,-8.915197344892011877e-01,9.999999999999988898e-01
1.000000000000002220e+00,-9.601180314406503324e-01,9.604379375222940052e-01,-9.597676872062794740e-01,9.604058991025585801e-01,-9.597676872060691977e-01,9.604379375144729281e-01,-9.601180314454758058e-01,-9.601180314406503324e-01,1.000000000000002220e+00,-9.601180314453761078e-01,9.604379375097061855e-01,-9.597676871787138575e-01,9.604058991085908659e-01,-9.597676871899506468e-01,9.604379375035224653e-01,9.604379375222940052e-01,-9.601180314453761078e-01,1.000000000000002220e+00,-9.601180314558994677e-01,9.604379375067905178e-01,-9.597676872104674572e-01,9.604058991178050508e-01,-9.597676872042036900e-01,-9.597676872062794740e-01,9.604379375097061855e-01,-9.601180314558994677e-01,1.000000000000002220e+00,-9.601180314356828616e-01,9.604379375214695536e-01,-9.597676872015914462e-01,9.604058991160554504e-01,9.604058991025585801e-01,-9.597676871787138575e-01,9.604379375067905178e-01,-9.601180314356828616e-01,1.000000000000002220e+00,-9.601180314359754053e-01,9.604379374975423600e-01,-9.597676871836232637e-01,-9.597676872060691977e-01,9.604058991085908659e-01,-9.597676872104674572e-01,9.604379375214695536e-01,-9.601180314359754053e-01,1.000000000000002220e+00,-9.601180314471030597e-01,9.604379375139929786e-01,9.604379375144729281e-01,-9.597676871899506468e-01,9.604058991178050508e-01,-9.597676872015914462e-01,9.604379374975423600e-01,-9.601180314471030597e-01,1.000000000000002220e+00,-9.601180314410893146e-01,-9.601180314454758058e-01,9.604379375035224653e-01,-9.597676872042036900e-01,9.604058991160554504e-01,-9.597676871836232637e-01,9.604379375139929786e-01,-9.601180314410893146e-01,1.000000000000002220e+00
1.000000000000003109e+00,-9.786155807009687679e-01,9.785920640292143924e-01,-9.784511481843610747e-01,9.785865068634599373e-01,-9.784511481856128512e-01,9.785920640214906818e-01,-9.786155807039975674e-01,-9.786155807009687679e-01,1.000000000000003109e+00,-9.786155807047306476e-01,9.785920640093979106e-01,-9.784511481632537366e-01,9.785865068633283759e-01,-9.784511481733620952e-01,9.785920640047044428e-01,9.785920640292143924e-01,-9.786155807047306476e-01,1.000000000000003109e+00,-9.786155807121722505e-01,9.785920640155700845e-01,-9.784511481898519047e-01,9.785865068780018605e-01,-9.784511481840131308e-01,-9.784511481843610747e-01,9.785920640093979106e-01,-9.786155807121722505e-01,1.000000000000003109e+00,-9.786155806952570035e-01,9.785920640182090846e-01,-9.784511481811412059e-01,9.785865068644065135e-01,9.785865068634599373e-01,-9.784511481632537366e-01,9.785920640155700845e-01,-9.786155806952570035e-01,1.000000000000003109e+00,-9.786155806960138426e-01,9.785920640084178057e-01,-9.784511481664225352e-01,-9.784511481856128512e-01,9.785865068633283759e-01,-9.784511481898519047e-01,9.785920640182090846e-01,-9.786155806960138426e-01,1.000000000000003109e+00,-9.786155807061002188e-01,9.785920640142663496e-01,9.785920640214906818e-01,-9.784511481733620952e-01,9.785865068780018605e-01,-9.784511481811412059e-01,9.785920640084178057e-01,-9.786155807061002188e-01,1.000000000000003109e+00,-9.786155807005729734e-01,-9.786155807039975674e-01,9.785920640047044428e-01,-9.784511481840131308e-01,9.785865068644065135e-01,-9.784511481664225352e-01,9.785920640142663496e-01,-9.786155807005729734e-01,1.000000000000003109e+00
9.999999999999970024e-01,-9.856840784782052722e-01,9.856068071098685879e-01,-9.855707432055135220e-01,9.856046989798102897e-01,-9.855707432055291761e-01,9.856068071098232908e-01,-9.856840784782201492e-01,-9.856840784782052722e-01,9.999999999999970024e-01,-9.856840784782197051e-01,9.856068070750391152e-01,-9.855707432054022776e-01,9.856046989450955031e-01,-9.855707432054587880e-01,9.856068070750276799e-01,9.856068071098685879e-01,-9.856840784782197051e-01,9.999999999999970024e-01,-9.856840784782470166e-01,9.856068071097828787e-01,-9.855707432055453854e-01,9.856046989798826763e-01,-9.855707432055172967e-01,-9.855707432055135220e-01,9.856068070750391152e-01,-9.856840784782470166e-01,9.999999999999970024e-01,-9.856840784781542020e-01,9.856068070750821919e-01,-9.855707432054859884e-01,9.856046989450927276e-01,9.856046989798102897e-01,-9.855707432054022776e-01,9.856068071097828787e-01,-9.856840784781542020e-01,9.999999999999970024e-01,-9.856840784781694120e-01,9.856068071097386918e-01,-9.855707432054169326e-01,-9.855707432055291761e-01,9.856046989450955031e-01,-9.855707432055453854e-01,9.856068070750821919e-01,-9.856840784781694120e-01,9.999999999999970024e-01,-9.856840784782211484e-01,9.856068070750697574e-01,9.856068071098232908e-01,-9.855707432054587880e-01,9.856046989798826763e-01,-9.855707432054859884e-01,9.856068071097386918e-01,-9.856840784782211484e-01,9.999999999999970024e-01,-9.856840784781943920e-01,-9.856840784782201492e-01,9.856068070750276799e-01,-9.855707432055172967e-01,9.856046989450927276e-01,-9.855707432054169326e-01,9.856068070750697574e-01,-9.856840784781943920e-01,9.999999999999970024e-01
1.000000000000000666e+00,-9.886588815579624434e-01,9.885726548537060454e-01,-9.885650025996941537e-01,9.885713692960284016e-01,-9.885650026124125356e-01,9.885726549423108356e-01,-9.886588814963871430e-01,-9.886588815579624434e-01,1.000000000000000666e+00,-9.886588812991231601e-01,9.885726550267748269e-01,-9.885650026845268501e-01,9.885713693674085256e-01,-9.885650026418680847e-01,9.885726551493613234e-01,9.885726548537060454e-01,-9.886588812991231601e-01,1.000000000000000666e+00,-9.886588811574000824e-01,9.885726547537860842e-01,-9.885650024017305082e-01,9.885713690358045591e-01,-9.885650025072193481e-01,-9.885650025996941537e-01,9.885726550267748269e-01,-9.886588811574000824e-01,1.000000000000000666e+00,-9.886588812811718530e-01,9.885726548753850373e-01,-9.885650024807717262e-01,9.885713692931530350e-01,9.885713692960284016e-01,-9.885650026845268501e-01,9.885726547537860842e-01,-9.886588812811718530e-01,1.000000000000000666e+00,-9.886588812651710967e-01,9.885726548547133508e-01,-9.885650026189316542e-01,-9.885650026124125356e-01,9.885713693674085256e-01,-9.885650024017305082e-01,9.885726548753850373e-01,-9.886588812651710967e-01,1.000000000000000666e+00,-9.886588812382987035e-01,9.885726549670167396e-01,9.885726549423108356e-01,-9.885650026418680847e-01,9.885713690358045591e-01,-9.885650024807717262e-01,9.885726548547133508e-01,-9.886588812382987035e-01,1.000000000000000666e+00,-9.886588813431145262e-01,-9.886588814963871430e-01,9.885726551493613234e-01,-9.885650025072193481e-01,9.885713692931530350e-01,-9.885650026189316542e-01,9.885726549670167396e-01,-9.886588813431145262e-01,1.000000000000000666e+00
