1.000000000000005995e+00,9.160782070875521654e-01,9.171081179352679191e-01,9.171182668565183160e-01,9.171201026586452976e-01,9.171204713485429094e-01,9.171205780109094041e-01,9.171206168630318123e-01,9.171206331572485659e-01,9.171206401199855085e-01,9.171206420823245775e-01,9.171206401200278080e-01,9.171206331571977177e-01,9.171206168642875856e-01,9.171205780092648308e-01,9.171204713491716287e-01,9.171201026558715164e-01,9.171182668592755549e-01,9.171081179352243984e-01,9.160782070888575657e-01,9.160782070875521654e-01,1.000000000000005995e+00,9.160782070850348457e-01,9.171081179398344885e-01,9.171182668568085283e-01,9.171201026596111916e-01,9.171204713479214066e-01,9.171205780106924665e-01,9.171206168630644529e-01,9.171206331593491079e-01,9.171206401156005716e-01,9.171206420875996912e-01,9.171206401187039781e-01,9.171206331587518079e-01,9.171206168627565880e-01,9.171205780129143559e-01,9.171204713446324819e-01,9.171201026624888897e-01,9.171182668530748483e-01,9.171081179402765793e-01,9.171081179352679191e-01,9.160782070850348457e-01,1.000000000000005995e+00,9.160782070860568060e-01,9.171081179362915448e-01,9.171182668538181426e-01,9.171201026564763659e-01,9.171204713439775613e-01,9.171205780073039548e-01,9.171206168620860133e-01,9.171206331519528021e-01,9.171206401178048084e-01,9.171206420820484650e-01,9.171206401173959133e-01,9.171206331539999423e-01,9.171206168622433319e-01,9.171205780051631118e-01,9.171204713481998505e-01,9.171201026527922018e-01,9.171182668540993621e-01,9.171182668565183160e-01,9.171081179398344885e-01,9.160782070860568060e-01,1.000000000000005995e+00,9.160782070897276474e-01,9.171081179407459816e-01,9.171182668579568320e-01,9.171201026592552541e-01,9.171204713483602777e-01,9.171205780130585739e-01,9.171206168613972309e-01,9.171206331611055917e-01,9.171206401199080149e-01,9.171206420883249999e-01,9.171206401192766311e-01,9.171206331613431795e-01,9.171206168621768295e-01,9.171205780155707865e-01,9.171204713454058632e-01,9.171201026613586826e-01,9.171201026586452976e-01,9.171182668568085283e-01,9.171081179362915448e-01,9.160782070897276474e-01,1.000000000000005995e+00,9.160782070896399398e-01,9.171081179398865579e-01,9.171182668565357465e-01,9.171201026586137672e-01,9.171204713492582261e-01,9.171205780081281844e-01,9.171206168656478308e-01,9.171206331579837556e-01,9.171206401209345271e-01,9.171206420856790054e-01,9.171206401221976279e-01,9.171206331562501424e-01,9.171206168678869286e-01,9.171205780085249781e-01,9.171204713496151628e-01,9.171204713485429094e-01,9.171201026596111916e-01,9.171182668538181426e-01,9.171081179407459816e-01,9.160782070896399398e-01,1.000000000000005995e+00,9.160782070898743079e-01,9.171081179393301142e-01,9.171182668562590790e-01,9.171201026607249673e-01,9.171204713451059920e-01,9.171205780128234286e-01,9.171206168636857337e-01,9.171206331602568262e-01,9.171206401192488755e-01,9.171206420888622368e-01,9.171206401177001144e-01,9.171206331630882280e-01,9.171206168611412135e-01,9.171205780132760665e-01,9.171205780109094041e-01,9.171204713479214066e-01,9.171201026564763659e-01,9.171182668579568320e-01,9.171081179398865579e-01,9.160782070898743079e-01,1.000000000000005995e+00,9.160782070885725714e-01,9.171081179390759841e-01,9.171182668580762920e-01,9.171201026563647885e-01,9.171204713499735428e-01,9.171205780105129435e-01,9.171206168655248181e-01,9.171206331579591087e-01,9.171206401221154714e-01,9.171206420843136531e-01,9.171206401238664041e-01,9.171206331559611513e-01,9.171206168661438785e-01,9.171206168630318123e-01,9.171205780106924665e-01,9.171204713439775613e-01,9.171201026592552541e-01,9.171182668565357465e-01,9.171081179393301142e-01,9.160782070885725714e-01,1.000000000000005995e+00,9.160782070872711680e-01,9.171081179403085537e-01,9.171182668523901738e-01,9.171201026599028472e-01,9.171204713464760072e-01,9.171205780122375639e-01,9.171206168622043631e-01,9.171206331598077410e-01,9.171206401166457356e-01,9.171206420896165223e-01,9.171206401159797128e-01,9.171206331592877126e-01,9.171206331572485659e-01,9.171206168630644529e-01,9.171205780073039548e-01,9.171204713483602777e-01,9.171201026586137672e-01,9.171182668562590790e-01,9.171081179390759841e-01,9.160782070872711680e-01,1.000000000000005995e+00,9.160782070888603412e-01,9.171081179350579760e-01,9.171182668566331131e-01,9.171201026575701576e-01,9.171204713478454673e-01,9.171205780098130589e-01,9.171206168647284551e-01,9.171206331551855495e-01,9.171206401220616256e-01,9.171206420829842720e-01,9.171206401200764358e-01,9.171206401199855085e-01,9.171206331593491079e-01,9.171206168620860133e-01,9.171205780130585739e-01,9.171204713492582261e-01,9.171201026607249673e-01,9.171182668580762920e-01,9.171081179403085537e-01,9.160782070888603412e-01,1.000000000000005995e+00,9.160782070861273052e-01,9.171081179414170004e-01,9.171182668564932250e-01,9.171201026616287999e-01,9.171204713476707182e-01,9.171205780140504471e-01,9.171206168621872656e-01,9.171206331635668452e-01,9.171206401168894295e-01,9.171206420891372391e-01,9.171206420823245775e-01,9.171206401156005716e-01,9.171206331519528021e-01,9.171206168613972309e-01,9.171205780081281844e-01,9.171204713451059920e-01,9.171201026563647885e-01,9.171182668523901738e-01,9.171081179350579760e-01,9.160782070861273052e-01,1.000000000000005995e+00,9.160782070862540927e-01,9.171081179343612000e-01,9.171182668542139371e-01,9.171201026543450707e-01,9.171204713455751723e-01,9.171205780053283130e-01,9.171206168641770073e-01,9.171206331517683941e-01,9.171206401172823375e-01,9.171206401200278080e-01,9.171206420875996912e-01,9.171206401178048084e-01,9.171206331611055917e-01,9.171206168656478308e-01,9.171205780128234286e-01,9.171204713499735428e-01,9.171201026599028472e-01,9.171182668566331131e-01,9.171081179414170004e-01,9.160782070862540927e-01,1.000000000000005995e+00,9.160782070888183748e-01,9.171081179411761930e-01,9.171182668561649320e-01,9.171201026625547259e-01,9.171204713460364699e-01,9.171205780160534005e-01,9.171206168623607935e-01,9.171206331612542506e-01,9.171206331571977177e-01,9.171206401187039781e-01,9.171206420820484650e-01,9.171206401199080149e-01,9.171206331579837556e-01,9.171206168636857337e-01,9.171205780105129435e-01,9.171204713464760072e-01,9.171201026575701576e-01,9.171182668564932250e-01,9.171081179343612000e-01,9.160782070888183748e-01,1.000000000000005995e+00,9.160782070884266881e-01,9.171081179368109071e-01,9.171182668568027552e-01,9.171201026555195757e-01,9.171204713506438955e-01,9.171205780067043234e-01,9.171206168642024315e-01,9.171206168642875856e-01,9.171206331587518079e-01,9.171206401173959133e-01,9.171206420883249999e-01,9.171206401209345271e-01,9.171206331602568262e-01,9.171206168655248181e-01,9.171205780122375639e-01,9.171204713478454673e-01,9.171201026616287999e-01,9.171182668542139371e-01,9.171081179411761930e-01,9.160782070884266881e-01,1.000000000000005995e+00,9.160782070880504335e-01,9.171081179414534157e-01,9.171182668549910932e-01,9.171201026632845865e-01,9.171204713452241197e-01,9.171205780129904062e-01,9.171205780092648308e-01,9.171206168627565880e-01,9.171206331539999423e-01,9.171206401192766311e-01,9.171206420856790054e-01,9.171206401192488755e-01,9.171206331579591087e-01,9.171206168622043631e-01,9.171205780098130589e-01,9.171204713476707182e-01,9.171201026543450707e-01,9.171182668561649320e-01,9.171081179368109071e-01,9.160782070880504335e-01,1.000000000000005995e+00,9.160782070888533468e-01,9.171081179353277602e-01,9.171182668586675968e-01,9.171201026541293544e-01,9.171204713479523818e-01,9.171204713491716287e-01,9.171205780129143559e-01,9.171206168622433319e-01,9.171206331613431795e-01,9.171206401221976279e-01,9.171206420888622368e-01,9.171206401221154714e-01,9.171206331598077410e-01,9.171206168647284551e-01,9.171205780140504471e-01,9.171204713455751723e-01,9.171201026625547259e-01,9.171182668568027552e-01,9.171081179414534157e-01,9.160782070888533468e-01,1.000000000000005995e+00,9.160782070873245697e-01,9.171081179444156017e-01,9.171182668546375982e-01,9.171201026617668006e-01,9.171201026558715164e-01,9.171204713446324819e-01,9.171205780051631118e-01,9.171206168621768295e-01,9.171206331562501424e-01,9.171206401177001144e-01,9.171206420843136531e-01,9.171206401166457356e-01,9.171206331551855495e-01,9.171206168621872656e-01,9.171205780053283130e-01,9.171204713460364699e-01,9.171201026555195757e-01,9.171182668549910932e-01,9.171081179353277602e-01,9.160782070873245697e-01,1.000000000000005995e+00,9.160782070892797835e-01,9.171081179324481747e-01,9.171182668547795958e-01,9.171182668592755549e-01,9.171201026624888897e-01,9.171204713481998505e-01,9.171205780155707865e-01,9.171206168678869286e-01,9.171206331630882280e-01,9.171206401238664041e-01,9.171206420896165223e-01,9.171206401220616256e-01,9.171206331635668452e-01,9.171206168641770073e-01,9.171205780160534005e-01,9.171204713506438955e-01,9.171201026632845865e-01,9.171182668586675968e-01,9.171081179444156017e-01,9.160782070892797835e-01,1.000000000000005995e+00,9.160782070887173445e-01,9.171081179436548769e-01,9.171081179352243984e-01,9.171182668530748483e-01,9.171201026527922018e-01,9.171204713454058632e-01,9.171205780085249781e-01,9.171206168611412135e-01,9.171206331559611513e-01,9.171206401159797128e-01,9.171206420829842720e-01,9.171206401168894295e-01,9.171206331517683941e-01,9.171206168623607935e-01,9.171205780067043234e-01,9.171204713452241197e-01,9.171201026541293544e-01,9.171182668546375982e-01,9.171081179324481747e-01,9.160782070887173445e-01,1.000000000000005995e+00,9.160782070862072413e-01,9.160782070888575657e-01,9.171081179402765793e-01,9.171182668540993621e-01,9.171201026613586826e-01,9.171204713496151628e-01,9.171205780132760665e-01,9.171206168661438785e-01,9.171206331592877126e-01,9.171206401200764358e-01,9.171206420891372391e-01,9.171206401172823375e-01,9.171206331612542506e-01,9.171206168642024315e-01,9.171205780129904062e-01,9.171204713479523818e-01,9.171201026617668006e-01,9.171182668547795958e-01,9.171081179436548769e-01,9.160782070862072413e-01,1.000000000000005995e+00
9.999999999999990008e-01,8.875299571537648147e-01,8.895304710467524245e-01,8.895370530450075197e-01,8.895406072697764621e-01,8.895413009665487092e-01,8.895415064838159136e-01,8.895415820993015643e-01,8.895416140208787237e-01,8.895416277057486276e-01,8.895416315434917509e-01,8.895416276970369296e-01,8.895416140093296287e-01,8.895415821141641199e-01,8.895415064712861586e-01,8.895413009678566629e-01,8.895406072528985186e-01,8.895370530644201024e-01,8.895304710425426808e-01,8.875299571561525713e-01,8.875299571537648147e-01,9.999999999999990008e-01,8.875299571397506915e-01,8.895304710765291611e-01,8.895370530435622314e-01,8.895406072842347855e-01,8.895413009611743416e-01,8.895415064778653402e-01,8.895415821129690759e-01,8.895416140354971413e-01,8.895416276719994020e-01,8.895416315748764235e-01,8.895416276880740991e-01,8.895416140240275382e-01,8.895415821028642700e-01,8.895415064966587515e-01,8.895413009345751743e-01,8.895406073024956228e-01,8.895370530203724480e-01,8.895304710752175437e-01,8.895304710467524245e-01,8.875299571397506915e-01,9.999999999999990008e-01,8.875299571453169056e-01,8.895304710478330046e-01,8.895370530305486412e-01,8.895406072618103899e-01,8.895413009293402506e-01,8.895415064675633587e-01,8.895415821066275930e-01,8.895416139813546730e-01,8.895416276829561930e-01,8.895416315361320825e-01,8.895416276828806978e-01,8.895416139910798936e-01,8.895415820996307454e-01,8.895415064417950823e-01,8.895413009629423717e-01,8.895406072339079318e-01,8.895370530255867214e-01,8.895370530450075197e-01,8.895304710765291611e-01,8.875299571453169056e-01,9.999999999999990008e-01,8.875299571619933436e-01,8.895304710835678641e-01,8.895370530559086886e-01,8.895406072733714753e-01,8.895413009709510765e-01,8.895415065046583525e-01,8.895415820959371445e-01,8.895416140367308211e-01,8.895416276952070600e-01,8.895416315807656016e-01,8.895416276924712484e-01,8.895416140395167037e-01,8.895415820939137630e-01,8.895415065148465361e-01,8.895413009398824844e-01,8.895406072889407989e-01,8.895406072697764621e-01,8.895370530435622314e-01,8.895304710478330046e-01,8.875299571619933436e-01,9.999999999999990008e-01,8.875299571627550677e-01,8.895304710718164865e-01,8.895370530362332051e-01,8.895406072783834661e-01,8.895413009723485143e-01,8.895415064626785995e-01,8.895415821162890868e-01,8.895416140096793489e-01,8.895416277015408824e-01,8.895416315567089560e-01,8.895416277086432011e-01,8.895416139965172109e-01,8.895415821334283768e-01,8.895415064596632337e-01,8.895413009628123646e-01,8.895413009665487092e-01,8.895406072842347855e-01,8.895370530305486412e-01,8.895304710835678641e-01,8.875299571627550677e-01,9.999999999999990008e-01,8.875299571750830951e-01,8.895304710698953565e-01,8.895370530538854181e-01,8.895406072989247015e-01,8.895413009470618526e-01,8.895415064962614027e-01,8.895415821087853114e-01,8.895416140356623425e-01,8.895416276955426804e-01,8.895416315849968836e-01,8.895416276812765366e-01,8.895416140545421291e-01,8.895415820913352700e-01,8.895415064969276475e-01,8.895415064838159136e-01,8.895413009611743416e-01,8.895406072618103899e-01,8.895370530559086886e-01,8.895304710718164865e-01,8.875299571750830951e-01,9.999999999999990008e-01,8.875299571528842968e-01,8.895304710798236369e-01,8.895370530648493146e-01,8.895406072626804717e-01,8.895413009739040477e-01,8.895415064785134884e-01,8.895415821228861430e-01,8.895416140173807440e-01,8.895416277132622840e-01,8.895416315493591686e-01,8.895416277256689153e-01,8.895416140020372398e-01,8.895415821215195695e-01,8.895415820993015643e-01,8.895415064778653402e-01,8.895413009293402506e-01,8.895406072733714753e-01,8.895370530362332051e-01,8.895304710698953565e-01,8.875299571528842968e-01,9.999999999999990008e-01,8.875299571535812948e-01,8.895304710817295568e-01,8.895370530155265465e-01,8.895406072766778305e-01,8.895413009432632245e-01,8.895415064873504196e-01,8.895415820934404749e-01,8.895416140244662984e-01,8.895416276667961197e-01,8.895416315846765842e-01,8.895416276632555075e-01,8.895416140174655650e-01,8.895416140208787237e-01,8.895415821129690759e-01,8.895415064675633587e-01,8.895413009709510765e-01,8.895406072783834661e-01,8.895370530538854181e-01,8.895304710798236369e-01,8.875299571535812948e-01,9.999999999999990008e-01,8.875299571764121431e-01,8.895304710554753358e-01,8.895370530526300890e-01,8.895406072733998970e-01,8.895413009680942507e-01,8.895415064835454633e-01,8.895415821234344822e-01,8.895416140028042928e-01,8.895416277206346090e-01,8.895416315501699644e-01,8.895416277022384355e-01,8.895416277057486276e-01,8.895416140354971413e-01,8.895415821066275930e-01,8.895415065046583525e-01,8.895413009723485143e-01,8.895406072989247015e-01,8.895370530648493146e-01,8.895304710817295568e-01,8.875299571764121431e-01,9.999999999999990008e-01,8.875299571573126434e-01,8.895304710921386748e-01,8.895370530496967687e-01,8.895406073037744887e-01,8.895413009647223923e-01,8.895415065121621279e-01,8.895415821021342984e-01,8.895416140639693658e-01,8.895416276817387224e-01,8.895416315899873361e-01,8.895416315434917509e-01,8.895416276719994020e-01,8.895416139813546730e-01,8.895415820959371445e-01,8.895415064626785995e-01,8.895413009470618526e-01,8.895406072626804717e-01,8.895370530155265465e-01,8.895304710554753358e-01,8.875299571573126434e-01,9.999999999999990008e-01,8.875299571453376668e-01,8.895304710407226922e-01,8.895370530335747761e-01,8.895406072491004457e-01,8.895413009463917220e-01,8.895415064446471343e-01,8.895415821152674596e-01,8.895416139763855368e-01,8.895416276787174725e-01,8.895416276970369296e-01,8.895416315748764235e-01,8.895416276829561930e-01,8.895416140367308211e-01,8.895415821162890868e-01,8.895415064962614027e-01,8.895413009739040477e-01,8.895406072766778305e-01,8.895370530526300890e-01,8.895304710921386748e-01,8.875299571453376668e-01,9.999999999999990008e-01,8.875299571575822055e-01,8.895304710843078277e-01,8.895370530409192344e-01,8.895406073004554770e-01,8.895413009414181449e-01,8.895415065169349766e-01,8.895415820960557163e-01,8.895416140338187061e-01,8.895416140093296287e-01,8.895416276880740991e-01,8.895416315361320825e-01,8.895416276952070600e-01,8.895416140096793489e-01,8.895415821087853114e-01,8.895415064785134884e-01,8.895413009432632245e-01,8.895406072733998970e-01,8.895370530496967687e-01,8.895304710407226922e-01,8.875299571575822055e-01,9.999999999999990008e-01,8.875299571564456702e-01,8.895304710524816194e-01,8.895370530447527235e-01,8.895406072471464531e-01,8.895413009767316748e-01,8.895415064492855350e-01,8.895415821057091055e-01,8.895415821141641199e-01,8.895416140240275382e-01,8.895416276828806978e-01,8.895416315807656016e-01,8.895416277015408824e-01,8.895416140356623425e-01,8.895415821228861430e-01,8.895415064873504196e-01,8.895413009680942507e-01,8.895406073037744887e-01,8.895370530335747761e-01,8.895304710843078277e-01,8.875299571564456702e-01,9.999999999999990008e-01,8.875299571561947598e-01,8.895304710874402110e-01,8.895370530330458658e-01,8.895406073074756392e-01,8.895413009411119454e-01,8.895415064936160743e-01,8.895415064712861586e-01,8.895415821028642700e-01,8.895416139910798936e-01,8.895416276924712484e-01,8.895416315567089560e-01,8.895416276955426804e-01,8.895416140173807440e-01,8.895415820934404749e-01,8.895415064835454633e-01,8.895413009647223923e-01,8.895406072491004457e-01,8.895370530409192344e-01,8.895304710524816194e-01,8.875299571561947598e-01,9.999999999999990008e-01,8.875299571641565022e-01,8.895304710400313564e-01,8.895370530603543546e-01,8.895406072409320908e-01,8.895413009565205087e-01,8.895413009678566629e-01,8.895415064966587515e-01,8.895415820996307454e-01,8.895416140395167037e-01,8.895416277086432011e-01,8.895416315849968836e-01,8.895416277132622840e-01,8.895416140244662984e-01,8.895415821234344822e-01,8.895415065121621279e-01,8.895413009463917220e-01,8.895406073004554770e-01,8.895370530447527235e-01,8.895304710874402110e-01,8.875299571641565022e-01,9.999999999999990008e-01,8.875299571490247175e-01,8.895304711074042414e-01,8.895370530305508616e-01,8.895406072909299855e-01,8.895406072528985186e-01,8.895413009345751743e-01,8.895415064417950823e-01,8.895415820939137630e-01,8.895416139965172109e-01,8.895416276812765366e-01,8.895416315493591686e-01,8.895416276667961197e-01,8.895416140028042928e-01,8.895415821021342984e-01,8.895415064446471343e-01,8.895413009414181449e-01,8.895406072471464531e-01,8.895370530330458658e-01,8.895304710400313564e-01,8.875299571490247175e-01,9.999999999999990008e-01,8.875299571614370109e-01,8.895304710195909292e-01,8.895370530258194242e-01,8.895370530644201024e-01,8.895406073024956228e-01,8.895413009629423717e-01,8.895415065148465361e-01,8.895415821334283768e-01,8.895416140545421291e-01,8.895416277256689153e-01,8.895416315846765842e-01,8.895416277206346090e-01,8.895416140639693658e-01,8.895415821152674596e-01,8.895415065169349766e-01,8.895413009767316748e-01,8.895406073074756392e-01,8.895370530603543546e-01,8.895304711074042414e-01,8.875299571614370109e-01,9.999999999999990008e-01,8.875299571585598679e-01,8.895304710982219198e-01,8.895304710425426808e-01,8.895370530203724480e-01,8.895406072339079318e-01,8.895413009398824844e-01,8.895415064596632337e-01,8.895415820913352700e-01,8.895416140020372398e-01,8.895416276632555075e-01,8.895416315501699644e-01,8.895416276817387224e-01,8.895416139763855368e-01,8.895415820960557163e-01,8.895415064492855350e-01,8.895413009411119454e-01,8.895406072409320908e-01,8.895370530305508616e-01,8.895304710195909292e-01,8.875299571585598679e-01,9.999999999999990008e-01,8.875299571370560692e-01,8.875299571561525713e-01,8.895304710752175437e-01,8.895370530255867214e-01,8.895406072889407989e-01,8.895413009628123646e-01,8.895415064969276475e-01,8.895415821215195695e-01,8.895416140174655650e-01,8.895416277022384355e-01,8.895416315899873361e-01,8.895416276787174725e-01,8.895416140338187061e-01,8.895415821057091055e-01,8.895415064936160743e-01,8.895413009565205087e-01,8.895406072909299855e-01,8.895370530258194242e-01,8.895304710982219198e-01,8.875299571370560692e-01,9.999999999999990008e-01
1.000000000000004663e+00,8.437342966945025058e-01,8.479404418976568270e-01,8.479048947041425421e-01,8.479131924499609951e-01,8.479145091943348644e-01,8.479149258853164728e-01,8.479150808412364571e-01,8.479151468043897300e-01,8.479151752294283861e-01,8.479151832600169136e-01,8.479151752211002702e-01,8.479151468056993490e-01,8.479150808432401876e-01,8.479149258813328816e-01,8.479145091904846110e-01,8.479131924442020463e-01,8.479048947245121370e-01,8.479404418945490907e-01,8.437342966979233250e-01,8.437342966945025058e-01,1.000000000000004663e+00,8.437342966940664102e-01,8.479404419107148261e-01,8.479048947179126383e-01,8.479131924597334002e-01,8.479145092100713876e-01,8.479149258842633152e-01,8.479150808503754799e-01,8.479151468264725100e-01,8.479151752164351130e-01,8.479151832837930058e-01,8.479151752270425169e-01,8.479151468176078232e-01,8.479150808559197117e-01,8.479149258854085103e-01,8.479145092001146855e-01,8.479131924736543757e-01,8.479048947059213415e-01,8.479404419208027566e-01,8.479404418976568270e-01,8.437342966940664102e-01,1.000000000000004663e+00,8.437342966871627103e-01,8.479404419063261145e-01,8.479048947099721012e-01,8.479131924530711739e-01,8.479145091907215326e-01,8.479149258749416607e-01,8.479150808527655681e-01,8.479151467930290398e-01,8.479151752197778835e-01,8.479151832727243043e-01,8.479151752179894252e-01,8.479151468101724376e-01,8.479150808420751195e-01,8.479149258749317797e-01,8.479145092091884273e-01,8.479131924363025874e-01,8.479048947144811610e-01,8.479048947041425421e-01,8.479404419107148261e-01,8.437342966871627103e-01,1.000000000000004663e+00,8.437342966957157575e-01,8.479404419103852009e-01,8.479048947163410066e-01,8.479131924483420679e-01,8.479145091919926269e-01,8.479149258913500908e-01,8.479150808333458800e-01,8.479151468101686628e-01,8.479151752201752323e-01,8.479151832757702012e-01,8.479151752248079710e-01,8.479151468074380693e-01,8.479150808431936692e-01,8.479149258971854231e-01,8.479145091854439764e-01,8.479131924563101386e-01,8.479131924499609951e-01,8.479048947179126383e-01,8.479404419063261145e-01,8.437342966957157575e-01,1.000000000000004663e+00,8.437342967021621565e-01,8.479404419203373511e-01,8.479048947125662483e-01,8.479131924534661913e-01,8.479145092113716808e-01,8.479149258732365801e-01,8.479150808527432526e-01,8.479151468149046522e-01,8.479151752265960962e-01,8.479151832843306869e-01,8.479151752238459627e-01,8.479151468122704260e-01,8.479150808683014739e-01,8.479149258751983442e-01,8.479145092072186696e-01,8.479145091943348644e-01,8.479131924597334002e-01,8.479048947099721012e-01,8.479404419103852009e-01,8.437342967021621565e-01,1.000000000000004663e+00,8.437342967085317280e-01,8.479404419114706659e-01,8.479048947144778303e-01,8.479131924673181109e-01,8.479145091883573127e-01,8.479149258898747155e-01,8.479150808519749782e-01,8.479151468157035687e-01,8.479151752306431922e-01,8.479151832811792078e-01,8.479151752246960605e-01,8.479151468324275243e-01,8.479150808432152076e-01,8.479149258939070455e-01,8.479149258853164728e-01,8.479145092100713876e-01,8.479131924530711739e-01,8.479048947163410066e-01,8.479404419203373511e-01,8.437342967085317280e-01,1.000000000000004663e+00,8.437342967009986427e-01,8.479404419147293925e-01,8.479048947301043304e-01,8.479131924468911174e-01,8.479145092055055954e-01,8.479149258907336950e-01,8.479150808555716567e-01,8.479151468227341670e-01,8.479151752295615019e-01,8.479151832833953240e-01,8.479151752490293736e-01,8.479151468093472088e-01,8.479150808627169411e-01,8.479150808412364571e-01,8.479149258842633152e-01,8.479145091907215326e-01,8.479131924483420679e-01,8.479048947125662483e-01,8.479404419114706659e-01,8.437342967009986427e-01,1.000000000000004663e+00,8.437342966914617159e-01,8.479404419169429552e-01,8.479048946971620149e-01,8.479131924521494668e-01,8.479145091948104840e-01,8.479149258795701805e-01,8.479150808505976356e-01,8.479151468090806443e-01,8.479151752189041380e-01,8.479151832937069644e-01,8.479151752132008113e-01,8.479151468178528495e-01,8.479151468043897300e-01,8.479150808503754799e-01,8.479149258749416607e-01,8.479145091919926269e-01,8.479131924534661913e-01,8.479048947144778303e-01,8.479404419147293925e-01,8.437342966914617159e-01,1.000000000000004663e+00,8.437342967044888509e-01,8.479404418941151045e-01,8.479048947128653424e-01,8.479131924496766670e-01,8.479145091958311120e-01,8.479149258834572933e-01,8.479150808460562683e-01,8.479151468074467290e-01,8.479151752409521681e-01,8.479151832656331989e-01,8.479151752300765343e-01,8.479151752294283861e-01,8.479151468264725100e-01,8.479150808527655681e-01,8.479149258913500908e-01,8.479145092113716808e-01,8.479131924673181109e-01,8.479048947301043304e-01,8.479404419169429552e-01,8.437342967044888509e-01,1.000000000000004663e+00,8.437342966939520572e-01,8.479404419221898692e-01,8.479048947223223331e-01,8.479131924613245719e-01,8.479145092119312332e-01,8.479149258918463605e-01,8.479150808572182285e-01,8.479151468395718094e-01,8.479151752269570297e-01,8.479151832954210377e-01,8.479151832600169136e-01,8.479151752164351130e-01,8.479151467930290398e-01,8.479150808333458800e-01,8.479149258732365801e-01,8.479145091883573127e-01,8.479131924468911174e-01,8.479048946971620149e-01,8.479404418941151045e-01,8.437342966939520572e-01,1.000000000000004663e+00,8.437342966837245717e-01,8.479404418967587675e-01,8.479048946981833090e-01,8.479131924428473521e-01,8.479145091851015836e-01,8.479149258668584599e-01,8.479150808536405348e-01,8.479151467899722627e-01,8.479151752190929869e-01,8.479151752211002702e-01,8.479151832837930058e-01,8.479151752197778835e-01,8.479151468101686628e-01,8.479150808527432526e-01,8.479149258898747155e-01,8.479145092055055954e-01,8.479131924521494668e-01,8.479048947128653424e-01,8.479404419221898692e-01,8.437342966837245717e-01,1.000000000000004663e+00,8.437342966970970970e-01,8.479404419116800540e-01,8.479048947180994888e-01,8.479131924514133889e-01,8.479145091981740157e-01,8.479149259024794105e-01,8.479150808400710559e-01,8.479151468209519260e-01,8.479151468056993490e-01,8.479151752270425169e-01,8.479151832727243043e-01,8.479151752201752323e-01,8.479151468149046522e-01,8.479150808519749782e-01,8.479149258907336950e-01,8.479145091948104840e-01,8.479131924496766670e-01,8.479048947223223331e-01,8.479404418967587675e-01,8.437342966970970970e-01,1.000000000000004663e+00,8.437342966949781253e-01,8.479404419125924353e-01,8.479048947112415302e-01,8.479131924492779859e-01,8.479145092144561024e-01,8.479149258741170980e-01,8.479150808556589203e-01,8.479150808432401876e-01,8.479151468176078232e-01,8.479151752179894252e-01,8.479151832757702012e-01,8.479151752265960962e-01,8.479151468157035687e-01,8.479150808555716567e-01,8.479149258795701805e-01,8.479145091958311120e-01,8.479131924613245719e-01,8.479048946981833090e-01,8.479404419116800540e-01,8.437342966949781253e-01,1.000000000000004663e+00,8.437342966991950854e-01,8.479404419089476841e-01,8.479048947084920629e-01,8.479131924707205004e-01,8.479145091888901087e-01,8.479149258912109799e-01,8.479149258813328816e-01,8.479150808559197117e-01,8.479151468101724376e-01,8.479151752248079710e-01,8.479151832843306869e-01,8.479151752306431922e-01,8.479151468227341670e-01,8.479150808505976356e-01,8.479149258834572933e-01,8.479145092119312332e-01,8.479131924428473521e-01,8.479048947180994888e-01,8.479404419125924353e-01,8.437342966991950854e-01,1.000000000000004663e+00,8.437342966988058413e-01,8.479404419104704660e-01,8.479048947328756691e-01,8.479131924474678783e-01,8.479145092084376945e-01,8.479145091904846110e-01,8.479149258854085103e-01,8.479150808420751195e-01,8.479151468074380693e-01,8.479151752238459627e-01,8.479151832811792078e-01,8.479151752295615019e-01,8.479151468090806443e-01,8.479150808460562683e-01,8.479149258918463605e-01,8.479145091851015836e-01,8.479131924514133889e-01,8.479048947112415302e-01,8.479404419089476841e-01,8.437342966988058413e-01,1.000000000000004663e+00,8.437342966923349064e-01,8.479404419254713554e-01,8.479048947016728510e-01,8.479131924592013814e-01,8.479131924442020463e-01,8.479145092001146855e-01,8.479149258749317797e-01,8.479150808431936692e-01,8.479151468122704260e-01,8.479151752246960605e-01,8.479151832833953240e-01,8.479151752189041380e-01,8.479151468074467290e-01,8.479150808572182285e-01,8.479149258668584599e-01,8.479145091981740157e-01,8.479131924492779859e-01,8.479048947084920629e-01,8.479404419104704660e-01,8.437342966923349064e-01,1.000000000000004663e+00,8.437342967119271231e-01,8.479404418993522485e-01,8.479048947178254858e-01,8.479048947245121370e-01,8.479131924736543757e-01,8.479145092091884273e-01,8.479149258971854231e-01,8.479150808683014739e-01,8.479151468324275243e-01,8.479151752490293736e-01,8.479151832937069644e-01,8.479151752409521681e-01,8.479151468395718094e-01,8.479150808536405348e-01,8.479149259024794105e-01,8.479145092144561024e-01,8.479131924707205004e-01,8.479048947328756691e-01,8.479404419254713554e-01,8.437342967119271231e-01,1.000000000000004663e+00,8.437342967042238406e-01,8.479404419352695177e-01,8.479404418945490907e-01,8.479048947059213415e-01,8.479131924363025874e-01,8.479145091854439764e-01,8.479149258751983442e-01,8.479150808432152076e-01,8.479151468093472088e-01,8.479151752132008113e-01,8.479151832656331989e-01,8.479151752269570297e-01,8.479151467899722627e-01,8.479150808400710559e-01,8.479149258741170980e-01,8.479145091888901087e-01,8.479131924474678783e-01,8.479048947016728510e-01,8.479404418993522485e-01,8.437342967042238406e-01,1.000000000000004663e+00,8.437342966936028921e-01,8.437342966979233250e-01,8.479404419208027566e-01,8.479048947144811610e-01,8.479131924563101386e-01,8.479145092072186696e-01,8.479149258939070455e-01,8.479150808627169411e-01,8.479151468178528495e-01,8.479151752300765343e-01,8.479151832954210377e-01,8.479151752190929869e-01,8.479151468209519260e-01,8.479150808556589203e-01,8.479149258912109799e-01,8.479145092084376945e-01,8.479131924592013814e-01,8.479048947178254858e-01,8.479404419352695177e-01,8.437342966936028921e-01,1.000000000000004663e+00
1.000000000000004219e+00,7.743789670682201809e-01,7.840238516181303741e-01,7.837323731031938800e-01,7.837623185360521605e-01,7.837641472846004209e-01,7.837650580233900266e-01,7.837653830385824527e-01,7.837655243986592080e-01,7.837655858222788430e-01,7.837656029008477354e-01,7.837655856671623678e-01,7.837655244451916525e-01,7.837653830292664603e-01,7.837650580286679158e-01,7.837641472096220641e-01,7.837623185553862504e-01,7.837323733243948265e-01,7.840238515468751501e-01,7.743789671118952445e-01,7.743789670682201809e-01,1.000000000000004219e+00,7.743789671835883404e-01,7.840238517856462641e-01,7.837323733754530952e-01,7.837623187248921042e-01,7.837641476199552759e-01,7.837650580426803737e-01,7.837653832757919270e-01,7.837655247950523485e-01,7.837655857161580641e-01,7.837656032710722531e-01,7.837655858811384268e-01,7.837655245815745575e-01,7.837653834259553642e-01,7.837650580381554377e-01,7.837641475516959888e-01,7.837623188815907582e-01,7.837323732705776536e-01,7.840238519754649804e-01,7.840238516181303741e-01,7.743789671835883404e-01,1.000000000000004219e+00,7.743789670233975908e-01,7.840238517623679959e-01,7.837323732729075676e-01,7.837623187223194954e-01,7.837641473407619408e-01,7.837650579836168419e-01,7.837653833611217813e-01,7.837655243683183670e-01,7.837655857654877156e-01,7.837656031999317152e-01,7.837655856944411026e-01,7.837655246622617922e-01,7.837653831379357561e-01,7.837650580647219645e-01,7.837641475613201791e-01,7.837623185272413195e-01,7.837323734068031289e-01,7.837323731031938800e-01,7.840238517856462641e-01,7.743789670233975908e-01,1.000000000000004219e+00,7.743789670505271117e-01,7.840238517034364696e-01,7.837323733235910250e-01,7.837623185140915050e-01,7.837641473065436459e-01,7.837650581319074439e-01,7.837653829972620612e-01,7.837655244820740386e-01,7.837655857307042062e-01,7.837656030597550672e-01,7.837655858400978115e-01,7.837655244103172159e-01,7.837653832083733008e-01,7.837650581268482686e-01,7.837641472642508100e-01,7.837623186982646262e-01,7.837623185360521605e-01,7.837323733754530952e-01,7.840238517623679959e-01,7.743789670505271117e-01,1.000000000000004219e+00,7.743789671201237734e-01,7.840238518896288644e-01,7.837323732236030072e-01,7.837623186183166890e-01,7.837641475833702076e-01,7.837650578828804226e-01,7.837653832267240661e-01,7.837655245929064929e-01,7.837655857206773380e-01,7.837656033229383201e-01,7.837655857046379460e-01,7.837655246185964986e-01,7.837653833948916571e-01,7.837650579491808323e-01,7.837641475526518908e-01,7.837641472846004209e-01,7.837623187248921042e-01,7.837323732729075676e-01,7.840238517034364696e-01,7.743789671201237734e-01,1.000000000000004219e+00,7.743789672312382244e-01,7.840238516947560798e-01,7.837323732552637923e-01,7.837623188021195508e-01,7.837641472402051557e-01,7.837650580472724782e-01,7.837653832417910138e-01,7.837655244853509728e-01,7.837655858967719213e-01,7.837656031252032696e-01,7.837655858280848653e-01,7.837655247155274063e-01,7.837653831428884610e-01,7.837650581675483785e-01,7.837650580233900266e-01,7.837641476199552759e-01,7.837623187223194954e-01,7.837323733235910250e-01,7.840238518896288644e-01,7.743789672312382244e-01,1.000000000000004219e+00,7.743789671400589381e-01,7.840238518296337444e-01,7.837323735397833113e-01,7.837623185776121382e-01,7.837641474980890921e-01,7.837650581622331858e-01,7.837653832508564289e-01,7.837655247763122279e-01,7.837655858076810755e-01,7.837656033488716867e-01,7.837655860565233557e-01,7.837655245670306359e-01,7.837653834589309865e-01,7.837653830385824527e-01,7.837650580426803737e-01,7.837641473407619408e-01,7.837623185140915050e-01,7.837323732236030072e-01,7.840238516947560798e-01,7.743789671400589381e-01,1.000000000000004219e+00,7.743789669840940304e-01,7.840238518332564022e-01,7.837323730378257247e-01,7.837623185628102007e-01,7.837641473487739763e-01,7.837650578777529686e-01,7.837653832733656456e-01,7.837655244102966767e-01,7.837655857530987369e-01,7.837656032822389873e-01,7.837655856358808348e-01,7.837655246196963965e-01,7.837655243986592080e-01,7.837653832757919270e-01,7.837650579836168419e-01,7.837641473065436459e-01,7.837623186183166890e-01,7.837323732552637923e-01,7.840238518296337444e-01,7.743789669840940304e-01,1.000000000000004219e+00,7.743789672276968350e-01,7.840238515447102152e-01,7.837323732465457660e-01,7.837623186122906205e-01,7.837641473001685233e-01,7.837650581026593954e-01,7.837653831143106542e-01,7.837655245623149636e-01,7.837655859233463307e-01,7.837656030557973441e-01,7.837655858876695358e-01,7.837655858222788430e-01,7.837655247950523485e-01,7.837653833611217813e-01,7.837650581319074439e-01,7.837641475833702076e-01,7.837623188021195508e-01,7.837323735397833113e-01,7.840238518332564022e-01,7.743789672276968350e-01,1.000000000000004219e+00,7.743789670839343886e-01,7.840238519087354696e-01,7.837323734466787872e-01,7.837623186986985013e-01,7.837641476825456532e-01,7.837650580990010996e-01,7.837653834250072338e-01,7.837655248650329254e-01,7.837655858665429909e-01,7.837656034673788907e-01,7.837656029008477354e-01,7.837655857161580641e-01,7.837655243683183670e-01,7.837653829972620612e-01,7.837650578828804226e-01,7.837641472402051557e-01,7.837623185776121382e-01,7.837323730378257247e-01,7.840238515447102152e-01,7.743789670839343886e-01,1.000000000000004219e+00,7.743789669008410703e-01,7.840238516007125291e-01,7.837323730216333439e-01,7.837623185742965681e-01,7.837641471753888922e-01,7.837650578976481652e-01,7.837653832188001823e-01,7.837655242957207724e-01,7.837655857497430878e-01,7.837655856671623678e-01,7.837656032710722531e-01,7.837655857654877156e-01,7.837655244820740386e-01,7.837653832267240661e-01,7.837650580472724782e-01,7.837641474980890921e-01,7.837623185628102007e-01,7.837323732465457660e-01,7.840238519087354696e-01,7.743789669008410703e-01,1.000000000000004219e+00,7.743789671038344702e-01,7.840238516773571087e-01,7.837323733923919900e-01,7.837623185335440557e-01,7.837641474600283154e-01,7.837650581869649580e-01,7.837653831197515242e-01,7.837655246766882522e-01,7.837655244451916525e-01,7.837655858811384268e-01,7.837656031999317152e-01,7.837655857307042062e-01,7.837655245929064929e-01,7.837653832417910138e-01,7.837650581622331858e-01,7.837641473487739763e-01,7.837623186122906205e-01,7.837323734466787872e-01,7.840238516007125291e-01,7.743789671038344702e-01,1.000000000000004219e+00,7.743789670251411961e-01,7.840238518820310532e-01,7.837323732165599743e-01,7.837623186902005212e-01,7.837641475818084569e-01,7.837650579653929750e-01,7.837653833677608040e-01,7.837653830292664603e-01,7.837655245815745575e-01,7.837655856944411026e-01,7.837656030597550672e-01,7.837655857206773380e-01,7.837655244853509728e-01,7.837653832508564289e-01,7.837650578777529686e-01,7.837641473001685233e-01,7.837623186986985013e-01,7.837323730216333439e-01,7.840238516773571087e-01,7.743789670251411961e-01,1.000000000000004219e+00,7.743789671351715143e-01,7.840238516058027907e-01,7.837323732333432158e-01,7.837623187274181946e-01,7.837641472491527761e-01,7.837650580915106469e-01,7.837650580286679158e-01,7.837653834259553642e-01,7.837655246622617922e-01,7.837655858400978115e-01,7.837656033229383201e-01,7.837655858967719213e-01,7.837655247763122279e-01,7.837653832733656456e-01,7.837650581026593954e-01,7.837641476825456532e-01,7.837623185742965681e-01,7.837323733923919900e-01,7.840238518820310532e-01,7.743789671351715143e-01,1.000000000000004219e+00,7.743789671367323768e-01,7.840238519152504804e-01,7.837323735492313093e-01,7.837623186685199750e-01,7.837641476529297879e-01,7.837641472096220641e-01,7.837650580381554377e-01,7.837653831379357561e-01,7.837655244103172159e-01,7.837655857046379460e-01,7.837656031252032696e-01,7.837655858076810755e-01,7.837655244102966767e-01,7.837653831143106542e-01,7.837650580990010996e-01,7.837641471753888922e-01,7.837623185335440557e-01,7.837323732165599743e-01,7.840238516058027907e-01,7.743789671367323768e-01,1.000000000000004219e+00,7.743789670598969499e-01,7.840238518318067840e-01,7.837323731089977930e-01,7.837623186905626760e-01,7.837623185553862504e-01,7.837641475516959888e-01,7.837650580647219645e-01,7.837653832083733008e-01,7.837655246185964986e-01,7.837655858280848653e-01,7.837656033488716867e-01,7.837655857530987369e-01,7.837655245623149636e-01,7.837653834250072338e-01,7.837650578976481652e-01,7.837641474600283154e-01,7.837623186902005212e-01,7.837323732333432158e-01,7.840238519152504804e-01,7.743789670598969499e-01,1.000000000000004219e+00,7.743789673233679727e-01,7.840238517248372396e-01,7.837323734600966096e-01,7.837323733243948265e-01,7.837623188815907582e-01,7.837641475613201791e-01,7.837650581268482686e-01,7.837653833948916571e-01,7.837655247155274063e-01,7.837655860565233557e-01,7.837656032822389873e-01,7.837655859233463307e-01,7.837655248650329254e-01,7.837653832188001823e-01,7.837650581869649580e-01,7.837641475818084569e-01,7.837623187274181946e-01,7.837323735492313093e-01,7.840238518318067840e-01,7.743789673233679727e-01,1.000000000000004219e+00,7.743789671742222769e-01,7.840238520521144450e-01,7.840238515468751501e-01,7.837323732705776536e-01,7.837623185272413195e-01,7.837641472642508100e-01,7.837650579491808323e-01,7.837653831428884610e-01,7.837655245670306359e-01,7.837655856358808348e-01,7.837656030557973441e-01,7.837655858665429909e-01,7.837655242957207724e-01,7.837653831197515242e-01,7.837650579653929750e-01,7.837641472491527761e-01,7.837623186685199750e-01,7.837323731089977930e-01,7.840238517248372396e-01,7.743789671742222769e-01,1.000000000000004219e+00,7.743789671402303565e-01,7.743789671118952445e-01,7.840238519754649804e-01,7.837323734068031289e-01,7.837623186982646262e-01,7.837641475526518908e-01,7.837650581675483785e-01,7.837653834589309865e-01,7.837655246196963965e-01,7.837655858876695358e-01,7.837656034673788907e-01,7.837655857497430878e-01,7.837655246766882522e-01,7.837653833677608040e-01,7.837650580915106469e-01,7.837641476529297879e-01,7.837623186905626760e-01,7.837323734600966096e-01,7.840238520521144450e-01,7.743789671402303565e-01,1.000000000000004219e+00
