9.999999999999978906e-01,9.167129897678538697e-01,9.178659895684366798e-01,9.178797496658979149e-01,9.178820223671182443e-01,9.178824898256499054e-01,9.178826259751720062e-01,9.178826757708867801e-01,9.178826967017469363e-01,9.178827056567874232e-01,9.178827081845177815e-01,9.178827056570574294e-01,9.178826967020633498e-01,9.178826757715634610e-01,9.178826259740326954e-01,9.178824898259698717e-01,9.178820223650151489e-01,9.178797496680100032e-01,9.178659895684323500e-01,9.167129897688527373e-01,9.167129897678538697e-01,9.999999999999978906e-01,9.167129897661256965e-01,9.178659895714407213e-01,9.178797496664121702e-01,9.178820223675062673e-01,9.178824898257708087e-01,9.178826259750870742e-01,9.178826757705749184e-01,9.178826967034277029e-01,9.178827056540512785e-01,9.178827081882651173e-01,9.178827056561569275e-01,9.178826967033766326e-01,9.178826757706295414e-01,9.178826259760918260e-01,9.178824898237198937e-01,9.178820223695441927e-01,9.178797496636826869e-01,9.178659895718791484e-01,9.178659895684366798e-01,9.167129897661256965e-01,9.999999999999978906e-01,9.167129897667041227e-01,9.178659895694756266e-01,9.178797496642745468e-01,9.178820223653889609e-01,9.178824898232009755e-01,9.178826259723467107e-01,9.178826757698882455e-01,9.178826966983425484e-01,9.178827056554408337e-01,9.178827081847948932e-01,9.178827056551672747e-01,9.178826967000577319e-01,9.178826757701292749e-01,9.178826259714558677e-01,9.178824898259057008e-01,9.178820223627899288e-01,9.178797496645914045e-01,9.178797496658979149e-01,9.178659895714407213e-01,9.167129897667041227e-01,9.999999999999978906e-01,9.167129897695044383e-01,9.178659895720883144e-01,9.178797496668602562e-01,9.178820223674218903e-01,9.178824898252697650e-01,9.178826259762764561e-01,9.178826757694185101e-01,9.178826967043914875e-01,9.178827056567470111e-01,9.178827081885682082e-01,9.178827056564419218e-01,9.178826967043810514e-01,9.178826757703011374e-01,9.178826259782791874e-01,9.178824898237846197e-01,9.178820223684625024e-01,9.178820223671182443e-01,9.178797496664121702e-01,9.178659895694756266e-01,9.167129897695044383e-01,9.999999999999978906e-01,9.167129897695915908e-01,9.178659895720457929e-01,9.178797496664212741e-01,9.178820223668394673e-01,9.178824898265988130e-01,9.178826259733202653e-01,9.178826757728528740e-01,9.178826967030362383e-01,9.178827056578532373e-01,9.178827081873168758e-01,9.178827056582403721e-01,9.178826967019189098e-01,9.178826757745298659e-01,9.178826259736727611e-01,9.178824898269410948e-01,9.178824898256499054e-01,9.178820223675062673e-01,9.178797496642745468e-01,9.178659895720883144e-01,9.167129897695915908e-01,9.999999999999978906e-01,9.167129897694720198e-01,9.178659895715146622e-01,9.178797496656743160e-01,9.178820223681605217e-01,9.178824898235410368e-01,9.178826259765904272e-01,9.178826757714643181e-01,9.178826967041248119e-01,9.178827056565219689e-01,9.178827081889104900e-01,9.178827056556398967e-01,9.178826967061146647e-01,9.178826757697325922e-01,9.178826259766789120e-01,9.178826259751720062e-01,9.178824898257708087e-01,9.178820223653889609e-01,9.178797496668602562e-01,9.178659895720457929e-01,9.167129897694720198e-01,9.999999999999978906e-01,9.167129897688572893e-01,9.178659895707910188e-01,9.178797496669462985e-01,9.178820223650965282e-01,9.178824898268770349e-01,9.178826259751654559e-01,9.178826757725029317e-01,9.178826967027033934e-01,9.178827056580921573e-01,9.178827081863285553e-01,9.178827056597271827e-01,9.178826967012736482e-01,9.178826757728256736e-01,9.178826757708867801e-01,9.178826259750870742e-01,9.178824898232009755e-01,9.178820223674218903e-01,9.178797496664212741e-01,9.178659895715146622e-01,9.167129897688572893e-01,9.999999999999978906e-01,9.167129897676127293e-01,9.178659895716820838e-01,9.178797496633694930e-01,9.178820223678944012e-01,9.178824898249406949e-01,9.178826259759008677e-01,9.178826757705940143e-01,9.178826967037918561e-01,9.178827056550560304e-01,9.178827081899746387e-01,9.178827056544613949e-01,9.178826967037514439e-01,9.178826967017469363e-01,9.178826757705749184e-01,9.178826259723467107e-01,9.178824898252697650e-01,9.178820223668394673e-01,9.178797496656743160e-01,9.178659895707910188e-01,9.167129897676127293e-01,9.999999999999978906e-01,9.167129897683086170e-01,9.178659895678733527e-01,9.178797496660078270e-01,9.178820223658826771e-01,9.178824898253232778e-01,9.178826259738708249e-01,9.178826757715333740e-01,9.178826967006300519e-01,9.178827056584336619e-01,9.178827081846576696e-01,9.178827056568151788e-01,9.178827056567874232e-01,9.178826967034277029e-01,9.178826757698882455e-01,9.178826259762764561e-01,9.178824898265988130e-01,9.178820223681605217e-01,9.178797496669462985e-01,9.178659895716820838e-01,9.167129897683086170e-01,9.999999999999978906e-01,9.167129897665238225e-01,9.178659895725691520e-01,9.178797496660496824e-01,9.178820223683831214e-01,9.178824898253485909e-01,9.178826259767541851e-01,9.178826757703756334e-01,9.178826967061806119e-01,9.178827056550112884e-01,9.178827081890044148e-01,9.178827081845177815e-01,9.178827056540512785e-01,9.178826966983425484e-01,9.178826757694185101e-01,9.178826259733202653e-01,9.178824898235410368e-01,9.178820223650965282e-01,9.178797496633694930e-01,9.178659895678733527e-01,9.167129897665238225e-01,9.999999999999978906e-01,9.167129897668381266e-01,9.178659895680602032e-01,9.178797496641554199e-01,9.178820223638719522e-01,9.178824898238361341e-01,9.178826259712410396e-01,9.178826757715344842e-01,9.178826966983161251e-01,9.178827056550853403e-01,9.178827056570574294e-01,9.178827081882651173e-01,9.178827056554408337e-01,9.178826967043914875e-01,9.178826757728528740e-01,9.178826259765904272e-01,9.178824898268770349e-01,9.178820223678944012e-01,9.178797496660078270e-01,9.178659895725691520e-01,9.167129897668381266e-01,9.999999999999978906e-01,9.167129897688944817e-01,9.178659895725722606e-01,9.178797496660421329e-01,9.178820223689634350e-01,9.178824898247039954e-01,9.178826259786991848e-01,9.178826757702119865e-01,9.178826967047699625e-01,9.178826967020633498e-01,9.178827056561569275e-01,9.178827081847948932e-01,9.178827056567470111e-01,9.178826967030362383e-01,9.178826757714643181e-01,9.178826259751654559e-01,9.178824898249406949e-01,9.178820223658826771e-01,9.178797496660496824e-01,9.178659895680602032e-01,9.167129897688944817e-01,9.999999999999978906e-01,9.167129897686201456e-01,9.178659895698735305e-01,9.178797496662949307e-01,9.178820223650278054e-01,9.178824898276183308e-01,9.178826259725602066e-01,9.178826757718235863e-01,9.178826757715634610e-01,9.178826967033766326e-01,9.178827056551672747e-01,9.178827081885682082e-01,9.178827056578532373e-01,9.178826967041248119e-01,9.178826757725029317e-01,9.178826259759008677e-01,9.178824898253232778e-01,9.178820223683831214e-01,9.178797496641554199e-01,9.178659895725722606e-01,9.167129897686201456e-01,9.999999999999978906e-01,9.167129897683454764e-01,9.178659895725593820e-01,9.178797496650017429e-01,9.178820223702146563e-01,9.178824898238855390e-01,9.178826259766860174e-01,9.178826259740326954e-01,9.178826757706295414e-01,9.178826967000577319e-01,9.178827056564419218e-01,9.178827081873168758e-01,9.178827056565219689e-01,9.178826967027033934e-01,9.178826757705940143e-01,9.178826259738708249e-01,9.178824898253485909e-01,9.178820223638719522e-01,9.178797496660421329e-01,9.178659895698735305e-01,9.167129897683454764e-01,9.999999999999978906e-01,9.167129897686281392e-01,9.178659895687962811e-01,9.178797496677623124e-01,9.178820223641197540e-01,9.178824898256556786e-01,9.178824898259698717e-01,9.178826259760918260e-01,9.178826757701292749e-01,9.178826967043810514e-01,9.178827056582403721e-01,9.178827081889104900e-01,9.178827056580921573e-01,9.178826967037918561e-01,9.178826757715333740e-01,9.178826259767541851e-01,9.178824898238361341e-01,9.178820223689634350e-01,9.178797496662949307e-01,9.178659895725593820e-01,9.167129897686281392e-01,9.999999999999978906e-01,9.167129897677257500e-01,9.178659895745656661e-01,9.178797496646413645e-01,9.178820223688356483e-01,9.178820223650151489e-01,9.178824898237198937e-01,9.178826259714558677e-01,9.178826757703011374e-01,9.178826967019189098e-01,9.178827056556398967e-01,9.178827081863285553e-01,9.178827056550560304e-01,9.178826967006300519e-01,9.178826757703756334e-01,9.178826259712410396e-01,9.178824898247039954e-01,9.178820223650278054e-01,9.178797496650017429e-01,9.178659895687962811e-01,9.167129897677257500e-01,9.999999999999978906e-01,9.167129897694552554e-01,9.178659895671908986e-01,9.178797496651815990e-01,9.178797496680100032e-01,9.178820223695441927e-01,9.178824898259057008e-01,9.178826259782791874e-01,9.178826757745298659e-01,9.178826967061146647e-01,9.178827056597271827e-01,9.178827081899746387e-01,9.178827056584336619e-01,9.178826967061806119e-01,9.178826757715344842e-01,9.178826259786991848e-01,9.178824898276183308e-01,9.178820223702146563e-01,9.178797496677623124e-01,9.178659895745656661e-01,9.167129897694552554e-01,9.999999999999978906e-01,9.167129897688781615e-01,9.178659895744886166e-01,9.178659895684323500e-01,9.178797496636826869e-01,9.178820223627899288e-01,9.178824898237846197e-01,9.178826259736727611e-01,9.178826757697325922e-01,9.178826967012736482e-01,9.178827056544613949e-01,9.178827081846576696e-01,9.178827056550112884e-01,9.178826966983161251e-01,9.178826757702119865e-01,9.178826259725602066e-01,9.178824898238855390e-01,9.178820223641197540e-01,9.178797496646413645e-01,9.178659895671908986e-01,9.167129897688781615e-01,9.999999999999978906e-01,9.167129897671099092e-01,9.167129897688527373e-01,9.178659895718791484e-01,9.178797496645914045e-01,9.178820223684625024e-01,9.178824898269410948e-01,9.178826259766789120e-01,9.178826757728256736e-01,9.178826967037514439e-01,9.178827056568151788e-01,9.178827081890044148e-01,9.178827056550853403e-01,9.178826967047699625e-01,9.178826757718235863e-01,9.178826259766860174e-01,9.178824898256556786e-01,9.178820223688356483e-01,9.178797496651815990e-01,9.178659895744886166e-01,9.167129897671099092e-01,9.999999999999978906e-01
1.000000000000006439e+00,8.886649389311551683e-01,8.908650092326781955e-01,8.908766927216270615e-01,8.908809798335001195e-01,8.908818492428965952e-01,8.908821083933264884e-01,8.908822042196988811e-01,8.908822447628076402e-01,8.908822621775496220e-01,8.908822670828031587e-01,8.908822621739606040e-01,8.908822447628437224e-01,8.908822042245274631e-01,8.908821083857437761e-01,8.908818492410461864e-01,8.908809798224504028e-01,8.908766927395268542e-01,8.908650092313787905e-01,8.886649389362367701e-01,8.886649389311551683e-01,1.000000000000006439e+00,8.886649389220523387e-01,8.908650092496376294e-01,8.908766927289207826e-01,8.908809798398935609e-01,8.908818492453364213e-01,8.908821083918763151e-01,8.908822042224003868e-01,8.908822447769534358e-01,8.908822621581024004e-01,8.908822671068341581e-01,8.908822621717770174e-01,8.908822447721042037e-01,8.908822042225753579e-01,8.908821083968949672e-01,8.908818492318379967e-01,8.908809798534166324e-01,8.908766927122349077e-01,8.908650092543672905e-01,8.908650092326781955e-01,8.886649389220523387e-01,1.000000000000006439e+00,8.886649389222263107e-01,8.908650092394765352e-01,8.908766927173989991e-01,8.908809798277355085e-01,8.908818492263581579e-01,8.908821083774451921e-01,8.908822042201384184e-01,8.908822447414794787e-01,8.908822621660638097e-01,8.908822670862264204e-01,8.908822621655720919e-01,8.908822447538661260e-01,8.908822042156674392e-01,8.908821083713924782e-01,8.908818492468975059e-01,8.908809798091767984e-01,8.908766927171850591e-01,8.908766927216270615e-01,8.908650092496376294e-01,8.886649389222263107e-01,1.000000000000006439e+00,8.886649389386565012e-01,8.908650092543715093e-01,8.908766927309400563e-01,8.908809798333805485e-01,8.908818492391018529e-01,8.908821084001239399e-01,8.908822042096341542e-01,8.908822447747447582e-01,8.908822621721422808e-01,8.908822671064204890e-01,8.908822621720421386e-01,8.908822447740836203e-01,8.908822042171219424e-01,8.908821084118028200e-01,8.908818492277634782e-01,8.908809798407570923e-01,8.908809798335001195e-01,8.908766927289207826e-01,8.908650092394765352e-01,8.886649389386565012e-01,1.000000000000006439e+00,8.886649389435300472e-01,8.908650092564406320e-01,8.908766927269469171e-01,8.908809798343939601e-01,8.908818492507057929e-01,8.908821083797836549e-01,8.908822042319451961e-01,8.908822447689888069e-01,8.908822621807680475e-01,8.908822671027316620e-01,8.908822621820031706e-01,8.908822447640105668e-01,8.908822042463884205e-01,8.908821083826646836e-01,8.908818492491289431e-01,8.908818492428965952e-01,8.908809798398935609e-01,8.908766927173989991e-01,8.908650092543715093e-01,8.886649389435300472e-01,1.000000000000006439e+00,8.886649389448869618e-01,8.908650092521149810e-01,8.908766927266547064e-01,8.908809798464371044e-01,8.908818492299420688e-01,8.908821084006296465e-01,8.908822042263819796e-01,8.908822447779221054e-01,8.908822621766121497e-01,8.908822671107339275e-01,8.908822621709675538e-01,8.908822447932980282e-01,8.908822042157069632e-01,8.908821084026992132e-01,8.908821083933264884e-01,8.908818492453364213e-01,8.908809798277355085e-01,8.908766927309400563e-01,8.908650092564406320e-01,8.886649389448869618e-01,1.000000000000006439e+00,8.886649389392402565e-01,8.908650092511671836e-01,8.908766927373052980e-01,8.908809798243986222e-01,8.908818492506440645e-01,8.908821083938956997e-01,8.908822042336912439e-01,8.908822447717994475e-01,8.908822621834225908e-01,8.908822670989388071e-01,8.908822621977507961e-01,8.908822447612539941e-01,8.908822042356309145e-01,8.908822042196988811e-01,8.908821083918763151e-01,8.908818492263581579e-01,8.908809798333805485e-01,8.908766927269469171e-01,8.908650092521149810e-01,8.886649389392402565e-01,1.000000000000006439e+00,8.886649389306876534e-01,8.908650092557748312e-01,8.908766927081990250e-01,8.908809798375638689e-01,8.908818492364203312e-01,8.908821083960691833e-01,8.908822042203458080e-01,8.908822447716285842e-01,8.908822621649439277e-01,8.908822671195110177e-01,8.908822621591989677e-01,8.908822447728605987e-01,8.908822447628076402e-01,8.908822042224003868e-01,8.908821083774451921e-01,8.908818492391018529e-01,8.908809798343939601e-01,8.908766927266547064e-01,8.908650092511671836e-01,8.886649389306876534e-01,1.000000000000006439e+00,8.886649389400606003e-01,8.908650092306283907e-01,8.908766927257344426e-01,8.908809798289584192e-01,8.908818492412610146e-01,8.908821083878415426e-01,8.908822042251245410e-01,8.908822447582355197e-01,8.908822621888448090e-01,8.908822670869096516e-01,8.908822621761910421e-01,8.908822621775496220e-01,8.908822447769534358e-01,8.908822042201384184e-01,8.908821084001239399e-01,8.908818492507057929e-01,8.908809798464371044e-01,8.908766927373052980e-01,8.908650092557748312e-01,8.886649389400606003e-01,1.000000000000006439e+00,8.886649389261168652e-01,8.908650092603584980e-01,8.908766927294183846e-01,8.908809798467773877e-01,8.908818492452511562e-01,8.908821084038518467e-01,8.908822042233228711e-01,8.908822447956693535e-01,8.908822621667948916e-01,8.908822671153873163e-01,8.908822670828031587e-01,8.908822621581024004e-01,8.908822447414794787e-01,8.908822042096341542e-01,8.908821083797836549e-01,8.908818492299420688e-01,8.908809798243986222e-01,8.908766927081990250e-01,8.908650092306283907e-01,8.886649389261168652e-01,1.000000000000006439e+00,8.886649389231522367e-01,8.908650092293877165e-01,8.908766927139992742e-01,8.908809798162503624e-01,8.908818492278065548e-01,8.908821083692207710e-01,8.908822042275562625e-01,8.908822447400527311e-01,8.908822621634447936e-01,8.908822621739606040e-01,8.908822671068341581e-01,8.908822621660638097e-01,8.908822447747447582e-01,8.908822042319451961e-01,8.908821084006296465e-01,8.908818492506440645e-01,8.908809798375638689e-01,8.908766927257344426e-01,8.908650092603584980e-01,8.886649389231522367e-01,1.000000000000006439e+00,8.886649389360614659e-01,8.908650092563548117e-01,8.908766927259370583e-01,8.908809798434795812e-01,8.908818492355490282e-01,8.908821084149632918e-01,8.908822042160364774e-01,8.908822447788760091e-01,8.908822447628437224e-01,8.908822621717770174e-01,8.908822670862264204e-01,8.908822621721422808e-01,8.908822447689888069e-01,8.908822042263819796e-01,8.908821083938956997e-01,8.908818492364203312e-01,8.908809798289584192e-01,8.908766927294183846e-01,8.908650092293877165e-01,8.886649389360614659e-01,1.000000000000006439e+00,8.886649389356797712e-01,8.908650092428738176e-01,8.908766927249607281e-01,8.908809798232720789e-01,8.908818492563128633e-01,8.908821083752681558e-01,8.908822042267203756e-01,8.908822042245274631e-01,8.908822447721042037e-01,8.908822621655720919e-01,8.908822671064204890e-01,8.908822621807680475e-01,8.908822447779221054e-01,8.908822042336912439e-01,8.908821083960691833e-01,8.908818492412610146e-01,8.908809798467773877e-01,8.908766927139992742e-01,8.908650092563548117e-01,8.886649389356797712e-01,1.000000000000006439e+00,8.886649389359542184e-01,8.908650092556353872e-01,8.908766927209198494e-01,8.908809798561143634e-01,8.908818492302282843e-01,8.908821084006596225e-01,8.908821083857437761e-01,8.908822042225753579e-01,8.908822447538661260e-01,8.908822621720421386e-01,8.908822671027316620e-01,8.908822621766121497e-01,8.908822447717994475e-01,8.908822042203458080e-01,8.908821083878415426e-01,8.908818492452511562e-01,8.908809798162503624e-01,8.908766927259370583e-01,8.908650092428738176e-01,8.886649389359542184e-01,1.000000000000006439e+00,8.886649389354975836e-01,8.908650092378900265e-01,8.908766927407999470e-01,8.908809798176277051e-01,8.908818492431184177e-01,8.908818492410461864e-01,8.908821083968949672e-01,8.908822042156674392e-01,8.908822447740836203e-01,8.908822621820031706e-01,8.908822671107339275e-01,8.908822621834225908e-01,8.908822447716285842e-01,8.908822042251245410e-01,8.908821084038518467e-01,8.908818492278065548e-01,8.908809798434795812e-01,8.908766927249607281e-01,8.908650092556353872e-01,8.886649389354975836e-01,1.000000000000006439e+00,8.886649389296497059e-01,8.908650092710890256e-01,8.908766927149971426e-01,8.908809798430542548e-01,8.908809798224504028e-01,8.908818492318379967e-01,8.908821083713924782e-01,8.908822042171219424e-01,8.908822447640105668e-01,8.908822621709675538e-01,8.908822670989388071e-01,8.908822621649439277e-01,8.908822447582355197e-01,8.908822042233228711e-01,8.908821083692207710e-01,8.908818492355490282e-01,8.908809798232720789e-01,8.908766927209198494e-01,8.908650092378900265e-01,8.886649389296497059e-01,1.000000000000006439e+00,8.886649389453307180e-01,8.908650092254681852e-01,8.908766927213137565e-01,8.908766927395268542e-01,8.908809798534166324e-01,8.908818492468975059e-01,8.908821084118028200e-01,8.908822042463884205e-01,8.908822447932980282e-01,8.908822621977507961e-01,8.908822671195110177e-01,8.908822621888448090e-01,8.908822447956693535e-01,8.908822042275562625e-01,8.908821084149632918e-01,8.908818492563128633e-01,8.908809798561143634e-01,8.908766927407999470e-01,8.908650092710890256e-01,8.886649389453307180e-01,1.000000000000006439e+00,8.886649389401622967e-01,8.908650092717714797e-01,8.908650092313787905e-01,8.908766927122349077e-01,8.908809798091767984e-01,8.908818492277634782e-01,8.908821083826646836e-01,8.908822042157069632e-01,8.908822447612539941e-01,8.908822621591989677e-01,8.908822670869096516e-01,8.908822621667948916e-01,8.908822447400527311e-01,8.908822042160364774e-01,8.908821083752681558e-01,8.908818492302282843e-01,8.908809798176277051e-01,8.908766927149971426e-01,8.908650092254681852e-01,8.886649389401622967e-01,1.000000000000006439e+00,8.886649389259445586e-01,8.886649389362367701e-01,8.908650092543672905e-01,8.908766927171850591e-01,8.908809798407570923e-01,8.908818492491289431e-01,8.908821084026992132e-01,8.908822042356309145e-01,8.908822447728605987e-01,8.908822621761910421e-01,8.908822671153873163e-01,8.908822621634447936e-01,8.908822447788760091e-01,8.908822042267203756e-01,8.908821084006596225e-01,8.908818492431184177e-01,8.908809798430542548e-01,8.908766927213137565e-01,8.908650092717714797e-01,8.886649389259445586e-01,1.000000000000006439e+00
1.000000000000010880e+00,8.458632553454831227e-01,8.503912482199857958e-01,8.503614776170012046e-01,8.503710698252248124e-01,8.503727057932879418e-01,8.503732227465916615e-01,8.503734161770171163e-01,8.503734988333595535e-01,8.503735345774363630e-01,8.503735445039067864e-01,8.503735344955014597e-01,8.503734988323660149e-01,8.503734162010317954e-01,8.503732227062774651e-01,8.503727057369143694e-01,8.503710697835525911e-01,8.503614777810636349e-01,8.503912481931473755e-01,8.458632553721767700e-01,8.458632553454831227e-01,1.000000000000010880e+00,8.458632553223965900e-01,8.503912483244226994e-01,8.503614777230217303e-01,8.503710699146421748e-01,8.503727058561987295e-01,8.503732227364281249e-01,8.503734162544253072e-01,8.503734989916738041e-01,8.503735344338270163e-01,8.503735446889985061e-01,8.503735345449801031e-01,8.503734988945443884e-01,8.503734162803657792e-01,8.503732227458140613e-01,8.503727057701458980e-01,8.503710700185410643e-01,8.503614776161751987e-01,8.503912483921182153e-01,8.503912482199857958e-01,8.458632553223965900e-01,1.000000000000010880e+00,8.458632552777425317e-01,8.503912482764215408e-01,8.503614776538519493e-01,8.503710698534564516e-01,8.503727056908195747e-01,8.503732226595688282e-01,8.503734162662726082e-01,8.503734987073219287e-01,8.503735344780575245e-01,8.503735445741535948e-01,8.503735344727108014e-01,8.503734988317867005e-01,8.503734161621986365e-01,8.503732226368407865e-01,8.503727058657174487e-01,8.503710697035919974e-01,8.503614776548484855e-01,8.503614776170012046e-01,8.503912483244226994e-01,8.458632552777425317e-01,1.000000000000010880e+00,8.458632553652639663e-01,8.503912483463408334e-01,8.503614777220296350e-01,8.503710698074793406e-01,8.503727057623814423e-01,8.503732227961600110e-01,8.503734161072555864e-01,8.503734988784272808e-01,8.503735345053495820e-01,8.503735446384059760e-01,8.503735345327804174e-01,8.503734988583959709e-01,8.503734161963562022e-01,8.503732228631722956e-01,8.503727056763824566e-01,8.503710698845329263e-01,8.503710698252248124e-01,8.503614777230217303e-01,8.503912482764215408e-01,8.458632553652639663e-01,1.000000000000010880e+00,8.458632554306438900e-01,8.503912483953370849e-01,8.503614776770515027e-01,8.503710698569620918e-01,8.503727058848747911e-01,8.503732226344060674e-01,8.503734162694256415e-01,8.503734988829367847e-01,8.503735345532471568e-01,8.503735446945126508e-01,8.503735345528248279e-01,8.503734988730873301e-01,8.503734164067844326e-01,8.503732226687255036e-01,8.503727058511746373e-01,8.503727057932879418e-01,8.503710699146421748e-01,8.503614776538519493e-01,8.503912483463408334e-01,8.458632554306438900e-01,1.000000000000010880e+00,8.458632554744729415e-01,8.503912483407161105e-01,8.503614777054008256e-01,8.503710699749784663e-01,8.503727057132464129e-01,8.503732227713356462e-01,8.503734162675431474e-01,8.503734989261672039e-01,8.503735345958156611e-01,8.503735446854797653e-01,8.503735345509356724e-01,8.503734990745306366e-01,8.503734161895051269e-01,8.503732228193975340e-01,8.503732227465916615e-01,8.503727058561987295e-01,8.503710698534564516e-01,8.503614777220296350e-01,8.503912483953370849e-01,8.458632554744729415e-01,1.000000000000010880e+00,8.458632554094795974e-01,8.503912483754976215e-01,8.503614778240761174e-01,8.503710698005708668e-01,8.503727058620371704e-01,8.503732227731912729e-01,8.503734163059858409e-01,8.503734989620614915e-01,8.503735345879598340e-01,8.503735446885716254e-01,8.503735347365947161e-01,8.503734988582557497e-01,8.503734163512551847e-01,8.503734161770171163e-01,8.503732227364281249e-01,8.503727056908195747e-01,8.503710698074793406e-01,8.503614776770515027e-01,8.503912483407161105e-01,8.458632554094795974e-01,1.000000000000010880e+00,8.458632553367355644e-01,8.503912483982594139e-01,8.503614775484908961e-01,8.503710698419761904e-01,8.503727057538672529e-01,8.503732227257800869e-01,8.503734162338884017e-01,8.503734988508843129e-01,8.503735344906748761e-01,8.503735447827044380e-01,8.503735344187876022e-01,8.503734989046243253e-01,8.503734988333595535e-01,8.503734162544253072e-01,8.503732226595688282e-01,8.503727057623814423e-01,8.503710698569620918e-01,8.503614777054008256e-01,8.503912483754976215e-01,8.458632553367355644e-01,1.000000000000010880e+00,8.458632554538468851e-01,8.503912482063705758e-01,8.503614776735360925e-01,8.503710698330780859e-01,8.503727057774482789e-01,8.503732227480302885e-01,8.503734162179003020e-01,8.503734988480848855e-01,8.503735346591657640e-01,8.503735445682026883e-01,8.503735345662333245e-01,8.503735345774363630e-01,8.503734989916738041e-01,8.503734162662726082e-01,8.503732227961600110e-01,8.503727058848747911e-01,8.503710699749784663e-01,8.503614778240761174e-01,8.503912483982594139e-01,8.458632554538468851e-01,1.000000000000010880e+00,8.458632553451728153e-01,8.503912484214852796e-01,8.503614777561859794e-01,8.503710699543820528e-01,8.503727058895022006e-01,8.503732228145561844e-01,8.503734162971292587e-01,8.503734991186224779e-01,8.503735345194342043e-01,8.503735447967153416e-01,8.503735445039067864e-01,8.503735344338270163e-01,8.503734987073219287e-01,8.503734161072555864e-01,8.503732226344060674e-01,8.503727057132464129e-01,8.503710698005708668e-01,8.503614775484908961e-01,8.503912482063705758e-01,8.458632553451728153e-01,1.000000000000010880e+00,8.458632552607814326e-01,8.503912481947503155e-01,8.503614775801240366e-01,8.503710697602659963e-01,8.503727056533361139e-01,8.503732226002168604e-01,8.503734162712111022e-01,8.503734986807511831e-01,8.503735344651068839e-01,8.503735344955014597e-01,8.503735446889985061e-01,8.503735344780575245e-01,8.503734988784272808e-01,8.503734162694256415e-01,8.503732227713356462e-01,8.503727058620371704e-01,8.503710698419761904e-01,8.503614776735360925e-01,8.503912484214852796e-01,8.458632552607814326e-01,1.000000000000010880e+00,8.458632553664023890e-01,8.503912483343972761e-01,8.503614777030602534e-01,8.503710698628399456e-01,8.503727057574086423e-01,8.503732228847020735e-01,8.503734161667754199e-01,8.503734989405404843e-01,8.503734988323660149e-01,8.503735345449801031e-01,8.503735445741535948e-01,8.503735345053495820e-01,8.503734988829367847e-01,8.503734162675431474e-01,8.503732227731912729e-01,8.503727057538672529e-01,8.503710698330780859e-01,8.503614777561859794e-01,8.503912481947503155e-01,8.458632553664023890e-01,1.000000000000010880e+00,8.458632553603520066e-01,8.503912483316343751e-01,8.503614776523071850e-01,8.503710698145130475e-01,8.503727059189184478e-01,8.503732226239761882e-01,8.503734162746130476e-01,8.503734162010317954e-01,8.503734988945443884e-01,8.503735344727108014e-01,8.503735446384059760e-01,8.503735345532471568e-01,8.503734989261672039e-01,8.503734163059858409e-01,8.503732227257800869e-01,8.503727057774482789e-01,8.503710699543820528e-01,8.503614775801240366e-01,8.503912483343972761e-01,8.458632553603520066e-01,1.000000000000010880e+00,8.458632553934697373e-01,8.503912483138600376e-01,8.503614776617295368e-01,8.503710699945099538e-01,8.503727056933483297e-01,8.503732227767946128e-01,8.503732227062774651e-01,8.503734162803657792e-01,8.503734988317867005e-01,8.503735345327804174e-01,8.503735446945126508e-01,8.503735345958156611e-01,8.503734989620614915e-01,8.503734162338884017e-01,8.503732227480302885e-01,8.503727058895022006e-01,8.503710697602659963e-01,8.503614777030602534e-01,8.503912483316343751e-01,8.458632553934697373e-01,1.000000000000010880e+00,8.458632553810233601e-01,8.503912483172300085e-01,8.503614778455428347e-01,8.503710697761531767e-01,8.503727058490052615e-01,8.503727057369143694e-01,8.503732227458140613e-01,8.503734161621986365e-01,8.503734988583959709e-01,8.503735345528248279e-01,8.503735446854797653e-01,8.503735345879598340e-01,8.503734988508843129e-01,8.503734162179003020e-01,8.503732228145561844e-01,8.503727056533361139e-01,8.503710698628399456e-01,8.503614776523071850e-01,8.503912483138600376e-01,8.458632553810233601e-01,1.000000000000010880e+00,8.458632553312743774e-01,8.503912484625248958e-01,8.503614775802829095e-01,8.503710698862010364e-01,8.503710697835525911e-01,8.503727057701458980e-01,8.503732226368407865e-01,8.503734161963562022e-01,8.503734988730873301e-01,8.503735345509356724e-01,8.503735446885716254e-01,8.503735344906748761e-01,8.503734988480848855e-01,8.503734162971292587e-01,8.503732226002168604e-01,8.503727057574086423e-01,8.503710698145130475e-01,8.503614776617295368e-01,8.503912483172300085e-01,8.458632553312743774e-01,1.000000000000010880e+00,8.458632554955398675e-01,8.503912481954496450e-01,8.503614776934390607e-01,8.503614777810636349e-01,8.503710700185410643e-01,8.503727058657174487e-01,8.503732228631722956e-01,8.503734164067844326e-01,8.503734990745306366e-01,8.503735347365947161e-01,8.503735447827044380e-01,8.503735346591657640e-01,8.503734991186224779e-01,8.503734162712111022e-01,8.503732228847020735e-01,8.503727059189184478e-01,8.503710699945099538e-01,8.503614778455428347e-01,8.503912484625248958e-01,8.458632554955398675e-01,1.000000000000010880e+00,8.458632554306295681e-01,8.503912485101911001e-01,8.503912481931473755e-01,8.503614776161751987e-01,8.503710697035919974e-01,8.503727056763824566e-01,8.503732226687255036e-01,8.503734161895051269e-01,8.503734988582557497e-01,8.503735344187876022e-01,8.503735445682026883e-01,8.503735345194342043e-01,8.503734986807511831e-01,8.503734161667754199e-01,8.503732226239761882e-01,8.503727056933483297e-01,8.503710697761531767e-01,8.503614775802829095e-01,8.503912481954496450e-01,8.458632554306295681e-01,1.000000000000010880e+00,8.458632553238250029e-01,8.458632553721767700e-01,8.503912483921182153e-01,8.503614776548484855e-01,8.503710698845329263e-01,8.503727058511746373e-01,8.503732228193975340e-01,8.503734163512551847e-01,8.503734989046243253e-01,8.503735345662333245e-01,8.503735447967153416e-01,8.503735344651068839e-01,8.503734989405404843e-01,8.503734162746130476e-01,8.503732227767946128e-01,8.503727058490052615e-01,8.503710698862010364e-01,8.503614776934390607e-01,8.503912485101911001e-01,8.458632553238250029e-01,1.000000000000010880e+00
1.000000000000015543e+00,7.785220202984408644e-01,7.886464388635623379e-01,7.883571158668858381e-01,7.883897449707437666e-01,7.883921291334251569e-01,7.883932300045705110e-01,7.883936295401537953e-01,7.883938035396360622e-01,7.883938791736665452e-01,7.883939005732375493e-01,7.883938791436760907e-01,7.883938035710822412e-01,7.883936295265423500e-01,7.883932300170473084e-01,7.883921291343454207e-01,7.883897449697487847e-01,7.883571159227834579e-01,7.886464388320828522e-01,7.785220203220566404e-01,7.785220202984408644e-01,1.000000000000015543e+00,7.785220203455078813e-01,7.886464389310362533e-01,7.883571159606952428e-01,7.883897450165963106e-01,7.883921292685830418e-01,7.883932300344720367e-01,7.883936295996047949e-01,7.883938036854037934e-01,7.883938791576140526e-01,7.883939007125144727e-01,7.883938792070533941e-01,7.883938036294787510e-01,7.883936296621547601e-01,7.883932300323694964e-01,7.883921292558508931e-01,7.883897450726028433e-01,7.883571159141545825e-01,7.886464389979283007e-01,7.886464388635623379e-01,7.785220203455078813e-01,1.000000000000015543e+00,7.785220202943432533e-01,7.886464389231913064e-01,7.883571159103202053e-01,7.883897450129003781e-01,7.883921291977015189e-01,7.883932299973057667e-01,7.883936296380501529e-01,7.883938035538871070e-01,7.883938791812969971e-01,7.883939006889020273e-01,7.883938791411442271e-01,7.883938036497722956e-01,7.883936295786184711e-01,7.883932300386633507e-01,7.883921292421740556e-01,7.883897449589376549e-01,7.883571159871901601e-01,7.883571158668858381e-01,7.886464389310362533e-01,7.785220202943432533e-01,1.000000000000015543e+00,7.785220203047945597e-01,7.886464388791053493e-01,7.883571159283104812e-01,7.883897449748000774e-01,7.883921291528566133e-01,7.883932300585887454e-01,7.883936295282879536e-01,7.883938036000902594e-01,7.883938791581472927e-01,7.883939006365923152e-01,7.883938791867076690e-01,7.883938035685408297e-01,7.883936295896531998e-01,7.883932300390756875e-01,7.883921291518357632e-01,7.883897450324840461e-01,7.883897449707437666e-01,7.883571159606952428e-01,7.886464389231913064e-01,7.785220203047945597e-01,1.000000000000015543e+00,7.785220203042630960e-01,7.886464389514099560e-01,7.883571159173967668e-01,7.883897449887492526e-01,7.883921292609986642e-01,7.883932299847582481e-01,7.883936296086215822e-01,7.883938036365747415e-01,7.883938791529231382e-01,7.883939007158236034e-01,7.883938791438446225e-01,7.883938036335507160e-01,7.883936296388577292e-01,7.883932299861134974e-01,7.883921292633738753e-01,7.883921291334251569e-01,7.883897450165963106e-01,7.883571159103202053e-01,7.886464388791053493e-01,7.785220203042630960e-01,1.000000000000015543e+00,7.785220203205167611e-01,7.886464388839364847e-01,7.883571158904322251e-01,7.883897450387107320e-01,7.883921291289693878e-01,7.883932300338839516e-01,7.883936295876562417e-01,7.883938035697244384e-01,7.883938791823876802e-01,7.883939006421651907e-01,7.883938791603509744e-01,7.883938036282986950e-01,7.883936295459886834e-01,7.883932300651510516e-01,7.883932300045705110e-01,7.883921292685830418e-01,7.883897450129003781e-01,7.883571159283104812e-01,7.886464389514099560e-01,7.785220203205167611e-01,1.000000000000015543e+00,7.785220203201662637e-01,7.886464389088770899e-01,7.883571159951571206e-01,7.883897449724918127e-01,7.883921292227410449e-01,7.883932300635543289e-01,7.883936295870163091e-01,7.883938036644523306e-01,7.883938791649218736e-01,7.883939007111150366e-01,7.883938792356107728e-01,7.883938035884243689e-01,7.883936296694211698e-01,7.883936295401537953e-01,7.883932300344720367e-01,7.883921291977015189e-01,7.883897449748000774e-01,7.883571159173967668e-01,7.886464388839364847e-01,7.785220203201662637e-01,1.000000000000015543e+00,7.785220202655415145e-01,7.886464389358035509e-01,7.883571158517707067e-01,7.883897449960495241e-01,7.883921291903055462e-01,7.883932299703705349e-01,7.883936296194535842e-01,7.883938035755396756e-01,7.883938791596097895e-01,7.883939006947041639e-01,7.883938791285065584e-01,7.883938036534238192e-01,7.883938035396360622e-01,7.883936295996047949e-01,7.883932299973057667e-01,7.883921291528566133e-01,7.883897449887492526e-01,7.883571158904322251e-01,7.886464389088770899e-01,7.785220202655415145e-01,1.000000000000015543e+00,7.785220203308118592e-01,7.886464388273166648e-01,7.883571159159312725e-01,7.883897449826594572e-01,7.883921291503522832e-01,7.883932300274620886e-01,7.883936295509804681e-01,7.883938035943318656e-01,7.883938791965101611e-01,7.883939006011037032e-01,7.883938792059594913e-01,7.883938791736665452e-01,7.883938036854037934e-01,7.883936296380501529e-01,7.883932300585887454e-01,7.883921292609986642e-01,7.883897450387107320e-01,7.883571159951571206e-01,7.886464389358035509e-01,7.785220203308118592e-01,1.000000000000015543e+00,7.785220202960021485e-01,7.886464389669614050e-01,7.883571159749596102e-01,7.883897450076633451e-01,7.883921292821971516e-01,7.883932300387526126e-01,7.883936296560976054e-01,7.883938036926075865e-01,7.883938791929782086e-01,7.883939007662751353e-01,7.883939005732375493e-01,7.883938791576140526e-01,7.883938035538871070e-01,7.883936295282879536e-01,7.883932299847582481e-01,7.883921291289693878e-01,7.883897449724918127e-01,7.883571158517707067e-01,7.886464388273166648e-01,7.785220202960021485e-01,1.000000000000015543e+00,7.785220202588372107e-01,7.886464388701461825e-01,7.883571158319961913e-01,7.883897449755203901e-01,7.883921291370512563e-01,7.883932299722019588e-01,7.883936295849582887e-01,7.883938035189400617e-01,7.883938791730360496e-01,7.883938791436760907e-01,7.883939007125144727e-01,7.883938791812969971e-01,7.883938036000902594e-01,7.883936296086215822e-01,7.883932300338839516e-01,7.883921292227410449e-01,7.883897449960495241e-01,7.883571159159312725e-01,7.886464389669614050e-01,7.785220202588372107e-01,1.000000000000015543e+00,7.785220203290823537e-01,7.886464388979069762e-01,7.883571159717874810e-01,7.883897449763526133e-01,7.883921292356529387e-01,7.883932300749179056e-01,7.883936295638782621e-01,7.883938036726999554e-01,7.883938035710822412e-01,7.883938792070533941e-01,7.883939006889020273e-01,7.883938791581472927e-01,7.883938036365747415e-01,7.883936295876562417e-01,7.883932300635543289e-01,7.883921291903055462e-01,7.883897449826594572e-01,7.883571159749596102e-01,7.886464388701461825e-01,7.785220203290823537e-01,1.000000000000015543e+00,7.785220202871312445e-01,7.886464389484655335e-01,7.883571159143797358e-01,7.883897450188570577e-01,7.883921292485266408e-01,7.883932300041918140e-01,7.883936296572442437e-01,7.883936295265423500e-01,7.883938036294787510e-01,7.883938791411442271e-01,7.883939006365923152e-01,7.883938791529231382e-01,7.883938035697244384e-01,7.883936295870163091e-01,7.883932299703705349e-01,7.883921291503522832e-01,7.883897450076633451e-01,7.883571158319961913e-01,7.886464388979069762e-01,7.785220202871312445e-01,1.000000000000015543e+00,7.785220203132640071e-01,7.886464388662781655e-01,7.883571159029625353e-01,7.883897450213084301e-01,7.883921291441360335e-01,7.883932300546535599e-01,7.883932300170473084e-01,7.883936296621547601e-01,7.883938036497722956e-01,7.883938791867076690e-01,7.883939007158236034e-01,7.883938791823876802e-01,7.883938036644523306e-01,7.883936296194535842e-01,7.883932300274620886e-01,7.883921292821971516e-01,7.883897449755203901e-01,7.883571159717874810e-01,7.886464389484655335e-01,7.785220203132640071e-01,1.000000000000015543e+00,7.785220203155147622e-01,7.886464389559005861e-01,7.883571159915336857e-01,7.883897450024633935e-01,7.883921292908285805e-01,7.883921291343454207e-01,7.883932300323694964e-01,7.883936295786184711e-01,7.883938035685408297e-01,7.883938791438446225e-01,7.883939006421651907e-01,7.883938791649218736e-01,7.883938035755396756e-01,7.883936295509804681e-01,7.883932300387526126e-01,7.883921291370512563e-01,7.883897449763526133e-01,7.883571159143797358e-01,7.886464388662781655e-01,7.785220203155147622e-01,1.000000000000015543e+00,7.785220202936622425e-01,7.886464389238706518e-01,7.883571158647056931e-01,7.883897450352275182e-01,7.883897449697487847e-01,7.883921292558508931e-01,7.883932300386633507e-01,7.883936295896531998e-01,7.883938036335507160e-01,7.883938791603509744e-01,7.883939007111150366e-01,7.883938791596097895e-01,7.883938035943318656e-01,7.883936296560976054e-01,7.883932299722019588e-01,7.883921292356529387e-01,7.883897450188570577e-01,7.883571159029625353e-01,7.886464389559005861e-01,7.785220202936622425e-01,1.000000000000015543e+00,7.785220203637635006e-01,7.886464388984386620e-01,7.883571159968199016e-01,7.883571159227834579e-01,7.883897450726028433e-01,7.883921292421740556e-01,7.883932300390756875e-01,7.883936296388577292e-01,7.883938036282986950e-01,7.883938792356107728e-01,7.883939006947041639e-01,7.883938791965101611e-01,7.883938036926075865e-01,7.883936295849582887e-01,7.883932300749179056e-01,7.883921292485266408e-01,7.883897450213084301e-01,7.883571159915336857e-01,7.886464389238706518e-01,7.785220203637635006e-01,1.000000000000015543e+00,7.785220203091606228e-01,7.886464390098957278e-01,7.886464388320828522e-01,7.883571159141545825e-01,7.883897449589376549e-01,7.883921291518357632e-01,7.883932299861134974e-01,7.883936295459886834e-01,7.883938035884243689e-01,7.883938791285065584e-01,7.883939006011037032e-01,7.883938791929782086e-01,7.883938035189400617e-01,7.883936295638782621e-01,7.883932300041918140e-01,7.883921291441360335e-01,7.883897450024633935e-01,7.883571158647056931e-01,7.886464388984386620e-01,7.785220203091606228e-01,1.000000000000015543e+00,7.785220203264667793e-01,7.785220203220566404e-01,7.886464389979283007e-01,7.883571159871901601e-01,7.883897450324840461e-01,7.883921292633738753e-01,7.883932300651510516e-01,7.883936296694211698e-01,7.883938036534238192e-01,7.883938792059594913e-01,7.883939007662751353e-01,7.883938791730360496e-01,7.883938036726999554e-01,7.883936296572442437e-01,7.883932300546535599e-01,7.883921292908285805e-01,7.883897450352275182e-01,7.883571159968199016e-01,7.886464390098957278e-01,7.785220203264667793e-01,1.000000000000015543e+00
