9.999999999999947820e-01,9.637797521963190617e-01,9.639010622642865123e-01,9.639030719587795559e-01,9.639032769071272932e-01,9.639033156440499628e-01,9.639033264103431531e-01,9.639033302519904867e-01,9.639033318490556335e-01,9.639033325271217922e-01,9.639033327127471962e-01,9.639033325243908656e-01,9.639033318447105536e-01,9.639033302535580106e-01,9.639033264088308073e-01,9.639033156476084496e-01,9.639032769048525573e-01,9.639030719564568583e-01,9.639010622627356417e-01,9.637797521963957781e-01,9.637797521963190617e-01,9.999999999999947820e-01,9.637797521954456492e-01,9.639010622703230169e-01,9.639030719562099447e-01,9.639032769114168619e-01,9.639033156446068507e-01,9.639033264110991039e-01,9.639033302572579398e-01,9.639033318519053539e-01,9.639033325236678884e-01,9.639033327163744058e-01,9.639033325227635007e-01,9.639033318483283264e-01,9.639033302526043290e-01,9.639033264161874781e-01,9.639033156404734903e-01,9.639032769102431342e-01,9.639030719541249459e-01,9.639010622681457585e-01,9.639010622642865123e-01,9.637797521954456492e-01,9.999999999999947820e-01,9.637797521977193860e-01,9.639010622640125092e-01,9.639030719566671346e-01,9.639032769082448437e-01,9.639033156415727221e-01,9.639033264125489442e-01,9.639033302562978189e-01,9.639033318446856846e-01,9.639033325235151217e-01,9.639033327110486660e-01,9.639033325226323834e-01,9.639033318435588082e-01,9.639033302562304284e-01,9.639033264052029315e-01,9.639033156421235038e-01,9.639032769041102622e-01,9.639030719557425408e-01,9.639030719587795559e-01,9.639010622703230169e-01,9.637797521977193860e-01,9.999999999999947820e-01,9.637797521982754967e-01,9.639010622714180299e-01,9.639030719603910446e-01,9.639032769121290700e-01,9.639033156499695609e-01,9.639033264185361549e-01,9.639033302560265914e-01,9.639033318514753645e-01,9.639033325250194739e-01,9.639033327178072597e-01,9.639033325248096418e-01,9.639033318540822792e-01,9.639033302522824753e-01,9.639033264138210377e-01,9.639033156428830074e-01,9.639032769126579803e-01,9.639032769071272932e-01,9.639030719562099447e-01,9.639010622640125092e-01,9.637797521982754967e-01,9.999999999999947820e-01,9.637797521970873360e-01,9.639010622665101780e-01,9.639030719556366256e-01,9.639032769117853450e-01,9.639033156473143515e-01,9.639033264095842046e-01,9.639033302541144543e-01,9.639033318443864795e-01,9.639033325231856075e-01,9.639033327113930572e-01,9.639033325266969099e-01,9.639033318415074492e-01,9.639033302521365920e-01,9.639033264059347905e-01,9.639033156427586624e-01,9.639033156440499628e-01,9.639032769114168619e-01,9.639030719566671346e-01,9.639010622714180299e-01,9.637797521970873360e-01,9.999999999999947820e-01,9.637797521990593141e-01,9.639010622686450258e-01,9.639030719622943000e-01,9.639032769160523761e-01,9.639033156452688766e-01,9.639033264145790980e-01,9.639033302539176118e-01,9.639033318493844815e-01,9.639033325235870642e-01,9.639033327201155243e-01,9.639033325210057956e-01,9.639033318482633783e-01,9.639033302511814671e-01,9.639033264127585543e-01,9.639033264103431531e-01,9.639033156446068507e-01,9.639032769082448437e-01,9.639030719603910446e-01,9.639010622665101780e-01,9.637797521990593141e-01,9.999999999999947820e-01,9.637797521974902359e-01,9.639010622715081800e-01,9.639030719627966759e-01,9.639032769103047515e-01,9.639033156465967034e-01,9.639033264106616761e-01,9.639033302552779681e-01,9.639033318460866750e-01,9.639033325286550102e-01,9.639033327107235927e-01,9.639033325240006223e-01,9.639033318436034392e-01,9.639033302542922010e-01,9.639033302519904867e-01,9.639033264110991039e-01,9.639033156415727221e-01,9.639032769121290700e-01,9.639030719556366256e-01,9.639010622686450258e-01,9.637797521974902359e-01,9.999999999999947820e-01,9.637797522005778772e-01,9.639010622722339328e-01,9.639030719573358219e-01,9.639032769117444888e-01,9.639033156428522542e-01,9.639033264121961153e-01,9.639033302521508029e-01,9.639033318512955084e-01,9.639033325194538149e-01,9.639033327139273633e-01,9.639033325195258683e-01,9.639033318468249734e-01,9.639033318490556335e-01,9.639033302572579398e-01,9.639033264125489442e-01,9.639033156499695609e-01,9.639032769117853450e-01,9.639030719622943000e-01,9.639010622715081800e-01,9.637797522005778772e-01,9.999999999999947820e-01,9.637797522057910404e-01,9.639010622711194909e-01,9.639030719631375144e-01,9.639032769123855315e-01,9.639033156489030807e-01,9.639033264134707624e-01,9.639033302617803223e-01,9.639033318465138889e-01,9.639033325271101349e-01,9.639033327138537555e-01,9.639033325272595709e-01,9.639033325271217922e-01,9.639033318519053539e-01,9.639033302562978189e-01,9.639033264185361549e-01,9.639033156473143515e-01,9.639032769160523761e-01,9.639030719627966759e-01,9.639010622722339328e-01,9.637797522057910404e-01,9.999999999999947820e-01,9.637797522022791830e-01,9.639010622747385959e-01,9.639030719615552245e-01,9.639032769160728042e-01,9.639033156478447051e-01,9.639033264207839125e-01,9.639033302546741178e-01,9.639033318518198667e-01,9.639033325247415851e-01,9.639033327191786071e-01,9.639033327127471962e-01,9.639033325236678884e-01,9.639033318446856846e-01,9.639033302560265914e-01,9.639033264095842046e-01,9.639033156452688766e-01,9.639032769103047515e-01,9.639030719573358219e-01,9.639010622711194909e-01,9.637797522022791830e-01,9.999999999999947820e-01,9.637797521995224992e-01,9.639010622667452122e-01,9.639030719588581597e-01,9.639032769087183539e-01,9.639033156488426846e-01,9.639033264074065022e-01,9.639033302537169945e-01,9.639033318431384778e-01,9.639033325237774674e-01,9.639033325243908656e-01,9.639033327163744058e-01,9.639033325235151217e-01,9.639033318514753645e-01,9.639033302541144543e-01,9.639033264145790980e-01,9.639033156465967034e-01,9.639032769117444888e-01,9.639030719631375144e-01,9.639010622747385959e-01,9.637797521995224992e-01,9.999999999999947820e-01,9.637797521986113392e-01,9.639010622711247089e-01,9.639030719585401918e-01,9.639032769167523718e-01,9.639033156424692272e-01,9.639033264134514445e-01,9.639033302520569890e-01,9.639033318492720159e-01,9.639033318447105536e-01,9.639033325227635007e-01,9.639033327110486660e-01,9.639033325250194739e-01,9.639033318443864795e-01,9.639033302539176118e-01,9.639033264106616761e-01,9.639033156428522542e-01,9.639032769123855315e-01,9.639030719615552245e-01,9.639010622667452122e-01,9.637797521986113392e-01,9.999999999999947820e-01,9.637797521977606863e-01,9.639010622656489780e-01,9.639030719613937981e-01,9.639032769052394700e-01,9.639033156432946781e-01,9.639033264066144691e-01,9.639033302529624869e-01,9.639033302535580106e-01,9.639033318483283264e-01,9.639033325226323834e-01,9.639033327178072597e-01,9.639033325231856075e-01,9.639033318493844815e-01,9.639033302552779681e-01,9.639033264121961153e-01,9.639033156489030807e-01,9.639032769160728042e-01,9.639030719588581597e-01,9.639010622711247089e-01,9.637797521977606863e-01,9.999999999999947820e-01,9.637797521975248749e-01,9.639010622737445022e-01,9.639030719550358839e-01,9.639032769113615728e-01,9.639033156415992565e-01,9.639033264127767620e-01,9.639033264088308073e-01,9.639033302526043290e-01,9.639033318435588082e-01,9.639033325248096418e-01,9.639033327113930572e-01,9.639033325235870642e-01,9.639033318460866750e-01,9.639033302521508029e-01,9.639033264134707624e-01,9.639033156478447051e-01,9.639032769087183539e-01,9.639030719585401918e-01,9.639010622656489780e-01,9.637797521975248749e-01,9.999999999999947820e-01,9.637797522010276285e-01,9.639010622627778302e-01,9.639030719565759853e-01,9.639032769051345539e-01,9.639033156431212612e-01,9.639033156476084496e-01,9.639033264161874781e-01,9.639033302562304284e-01,9.639033318540822792e-01,9.639033325266969099e-01,9.639033327201155243e-01,9.639033325286550102e-01,9.639033318512955084e-01,9.639033302617803223e-01,9.639033264207839125e-01,9.639033156488426846e-01,9.639032769167523718e-01,9.639030719613937981e-01,9.639010622737445022e-01,9.637797522010276285e-01,9.999999999999947820e-01,9.637797521983736404e-01,9.639010622725994182e-01,9.639030719586459961e-01,9.639032769150293056e-01,9.639032769048525573e-01,9.639033156404734903e-01,9.639033264052029315e-01,9.639033302522824753e-01,9.639033318415074492e-01,9.639033325210057956e-01,9.639033327107235927e-01,9.639033325194538149e-01,9.639033318465138889e-01,9.639033302546741178e-01,9.639033264074065022e-01,9.639033156424692272e-01,9.639032769052394700e-01,9.639030719550358839e-01,9.639010622627778302e-01,9.637797521983736404e-01,9.999999999999947820e-01,9.637797521937184753e-01,9.639010622602455225e-01,9.639030719540222503e-01,9.639030719564568583e-01,9.639032769102431342e-01,9.639033156421235038e-01,9.639033264138210377e-01,9.639033302521365920e-01,9.639033318482633783e-01,9.639033325240006223e-01,9.639033327139273633e-01,9.639033325271101349e-01,9.639033318518198667e-01,9.639033302537169945e-01,9.639033264134514445e-01,9.639033156432946781e-01,9.639032769113615728e-01,9.639030719565759853e-01,9.639010622725994182e-01,9.637797521937184753e-01,9.999999999999947820e-01,9.637797521938362699e-01,9.639010622681056795e-01,9.639010622627356417e-01,9.639030719541249459e-01,9.639032769041102622e-01,9.639033156428830074e-01,9.639033264059347905e-01,9.639033302511814671e-01,9.639033318436034392e-01,9.639033325195258683e-01,9.639033327138537555e-01,9.639033325247415851e-01,9.639033318431384778e-01,9.639033302520569890e-01,9.639033264066144691e-01,9.639033156415992565e-01,9.639032769051345539e-01,9.639030719586459961e-01,9.639010622602455225e-01,9.637797521938362699e-01,9.999999999999947820e-01,9.637797521939605039e-01,9.637797521963957781e-01,9.639010622681457585e-01,9.639030719557425408e-01,9.639032769126579803e-01,9.639033156427586624e-01,9.639033264127585543e-01,9.639033302542922010e-01,9.639033318468249734e-01,9.639033325272595709e-01,9.639033327191786071e-01,9.639033325237774674e-01,9.639033318492720159e-01,9.639033302529624869e-01,9.639033264127767620e-01,9.639033156431212612e-01,9.639032769150293056e-01,9.639030719540222503e-01,9.639010622681056795e-01,9.637797521939605039e-01,9.999999999999947820e-01
1.000000000000007994e+00,9.616289272422909873e-01,9.617678704110639298e-01,9.617701398946579827e-01,9.617703746102118645e-01,9.617704191096666522e-01,9.617704314943916755e-01,9.617704359163752326e-01,9.617704377561727691e-01,9.617704385373406772e-01,9.617704387503954733e-01,9.617704385337890738e-01,9.617704377503912827e-01,9.617704359185482721e-01,9.617704314922593811e-01,9.617704191144028636e-01,9.617703746072474580e-01,9.617701398916507216e-01,9.617678704089968056e-01,9.616289272423347301e-01,9.616289272422909873e-01,1.000000000000007994e+00,9.616289272411231437e-01,9.617678704189775996e-01,9.617701398911430166e-01,9.617703746158351441e-01,9.617704191104073930e-01,9.617704314952444378e-01,9.617704359233655298e-01,9.617704377598544907e-01,9.617704385328159633e-01,9.617704387551277989e-01,9.617704385315545279e-01,9.617704377551997696e-01,9.617704359171191930e-01,9.617704315020713102e-01,9.617704191049429863e-01,9.617703746144309340e-01,9.617701398884684894e-01,9.617678704160367298e-01,9.617678704110639298e-01,9.616289272411231437e-01,1.000000000000007994e+00,9.616289272441392866e-01,9.617678704105888654e-01,9.617701398917821720e-01,9.617703746117102215e-01,9.617704191063243258e-01,9.617704314972624902e-01,9.617704359220820010e-01,9.617704377504192603e-01,9.617704385326210081e-01,9.617704387480691119e-01,9.617704385314744808e-01,9.617704377488032197e-01,9.617704359220711208e-01,9.617704314876044380e-01,9.617704191072491415e-01,9.617703746062996606e-01,9.617701398905683652e-01,9.617701398946579827e-01,9.617678704189775996e-01,9.616289272441392866e-01,1.000000000000007994e+00,9.616289272447744452e-01,9.617678704203510565e-01,9.617701398967160031e-01,9.617703746167149959e-01,9.617704191174617501e-01,9.617704315051041064e-01,9.617704359217736920e-01,9.617704377593422338e-01,9.617704385345421381e-01,9.617704387570397140e-01,9.617704385342035200e-01,9.617704377628155665e-01,9.617704359168338657e-01,9.617704314990612735e-01,9.617704191081740683e-01,9.617703746175010338e-01,9.617703746102118645e-01,9.617701398911430166e-01,9.617678704105888654e-01,9.616289272447744452e-01,1.000000000000007994e+00,9.616289272431211010e-01,9.617678704138270529e-01,9.617701398902538390e-01,9.617703746162630241e-01,9.617704191138317649e-01,9.617704314932766785e-01,9.617704359191554531e-01,9.617704377498526025e-01,9.617704385321047544e-01,9.617704387483581030e-01,9.617704385367479292e-01,9.617704377461260279e-01,9.617704359166684425e-01,9.617704314885080485e-01,9.617704191078658704e-01,9.617704191096666522e-01,9.617703746158351441e-01,9.617701398917821720e-01,9.617678704203510565e-01,9.616289272431211010e-01,1.000000000000007994e+00,9.616289272457623216e-01,9.617678704165391057e-01,9.617701398991153061e-01,9.617703746218491112e-01,9.617704191112024237e-01,9.617704314998580806e-01,9.617704359188445906e-01,9.617704377565221563e-01,9.617704385325084315e-01,9.617704387600159999e-01,9.617704385292279445e-01,9.617704377551496986e-01,9.617704359153438354e-01,9.617704314974451218e-01,9.617704314943916755e-01,9.617704191104073930e-01,9.617703746117102215e-01,9.617701398967160031e-01,9.617678704138270529e-01,9.616289272457623216e-01,1.000000000000007994e+00,9.616289272436200353e-01,9.617678704204364326e-01,9.617701398997727802e-01,9.617703746143679844e-01,9.617704191129715641e-01,9.617704314946744493e-01,9.617704359207377429e-01,9.617704377520781556e-01,9.617704385393710531e-01,9.617704387476434524e-01,9.617704385333276651e-01,9.617704377489677547e-01,9.617704359194141350e-01,9.617704359163752326e-01,9.617704314952444378e-01,9.617704191063243258e-01,9.617703746167149959e-01,9.617701398902538390e-01,9.617678704165391057e-01,9.616289272436200353e-01,1.000000000000007994e+00,9.616289272476704619e-01,9.617678704212425655e-01,9.617701398925168066e-01,9.617703746161521128e-01,9.617704191078730869e-01,9.617704314966523116e-01,9.617704359163751215e-01,9.617704377589875175e-01,9.617704385271069745e-01,9.617704387518734022e-01,9.617704385272469736e-01,9.617704377530522653e-01,9.617704377561727691e-01,9.617704359233655298e-01,9.617704314972624902e-01,9.617704191174617501e-01,9.617703746162630241e-01,9.617701398991153061e-01,9.617678704204364326e-01,9.616289272476704619e-01,1.000000000000007994e+00,9.616289272545920364e-01,9.617678704199152939e-01,9.617701399002516194e-01,9.617703746170320755e-01,9.617704191159943683e-01,9.617704314982883362e-01,9.617704359293103300e-01,9.617704377527442894e-01,9.617704385374014064e-01,9.617704387517912457e-01,9.617704385374690190e-01,9.617704385373406772e-01,9.617704377598544907e-01,9.617704359220820010e-01,9.617704315051041064e-01,9.617704191138317649e-01,9.617703746218491112e-01,9.617701398997727802e-01,9.617678704212425655e-01,9.616289272545920364e-01,1.000000000000007994e+00,9.616289272499759511e-01,9.617678704246288568e-01,9.617701398980609273e-01,9.617703746219079530e-01,9.617704191144270665e-01,9.617704315080405353e-01,9.617704359198722130e-01,9.617704377598086385e-01,9.617704385341632189e-01,9.617704387587159287e-01,9.617704387503954733e-01,9.617704385328159633e-01,9.617704377504192603e-01,9.617704359217736920e-01,9.617704314932766785e-01,9.617704191112024237e-01,9.617703746143679844e-01,9.617701398925168066e-01,9.617678704199152939e-01,9.616289272499759511e-01,1.000000000000007994e+00,9.616289272463892646e-01,9.617678704140976143e-01,9.617701398946332247e-01,9.617703746121472053e-01,9.617704191159579530e-01,9.617704314904348406e-01,9.617704359187797536e-01,9.617704377483560219e-01,9.617704385328972316e-01,9.617704385337890738e-01,9.617704387551277989e-01,9.617704385326210081e-01,9.617704377593422338e-01,9.617704359191554531e-01,9.617704314998580806e-01,9.617704191129715641e-01,9.617703746161521128e-01,9.617701399002516194e-01,9.617678704246288568e-01,9.616289272463892646e-01,1.000000000000007994e+00,9.616289272451189474e-01,9.617678704199280615e-01,9.617701398940773361e-01,9.617703746228775108e-01,9.617704191075162612e-01,9.617704314985079384e-01,9.617704359165101247e-01,9.617704377563687235e-01,9.617704377503912827e-01,9.617704385315545279e-01,9.617704387480691119e-01,9.617704385345421381e-01,9.617704377498526025e-01,9.617704359188445906e-01,9.617704314946744493e-01,9.617704191078730869e-01,9.617703746170320755e-01,9.617701398980609273e-01,9.617678704140976143e-01,9.616289272451189474e-01,1.000000000000007994e+00,9.616289272440092795e-01,9.617678704125220968e-01,9.617701398979331406e-01,9.617703746076127214e-01,9.617704191086646759e-01,9.617704314893686934e-01,9.617704359175938134e-01,9.617704359185482721e-01,9.617704377551997696e-01,9.617704385314744808e-01,9.617704387570397140e-01,9.617704385321047544e-01,9.617704377565221563e-01,9.617704359207377429e-01,9.617704314966523116e-01,9.617704191159943683e-01,9.617703746219079530e-01,9.617701398946332247e-01,9.617678704199280615e-01,9.616289272440092795e-01,1.000000000000007994e+00,9.616289272436353563e-01,9.617678704234144949e-01,9.617701398895935894e-01,9.617703746158655642e-01,9.617704191064397889e-01,9.617704314975028534e-01,9.617704314922593811e-01,9.617704359171191930e-01,9.617704377488032197e-01,9.617704385342035200e-01,9.617704387483581030e-01,9.617704385325084315e-01,9.617704377520781556e-01,9.617704359163751215e-01,9.617704314982883362e-01,9.617704191144270665e-01,9.617703746121472053e-01,9.617701398940773361e-01,9.617678704125220968e-01,9.616289272436353563e-01,1.000000000000007994e+00,9.616289272482746453e-01,9.617678704088019614e-01,9.617701398916019828e-01,9.617703746074551807e-01,9.617704191082551146e-01,9.617704191144028636e-01,9.617704315020713102e-01,9.617704359220711208e-01,9.617704377628155665e-01,9.617704385367479292e-01,9.617704387600159999e-01,9.617704385393710531e-01,9.617704377589875175e-01,9.617704359293103300e-01,9.617704315080405353e-01,9.617704191159579530e-01,9.617703746228775108e-01,9.617701398979331406e-01,9.617678704234144949e-01,9.616289272482746453e-01,1.000000000000007994e+00,9.616289272448992342e-01,9.617678704220089525e-01,9.617701398944127344e-01,9.617703746205863435e-01,9.617703746072474580e-01,9.617704191049429863e-01,9.617704314876044380e-01,9.617704359168338657e-01,9.617704377461260279e-01,9.617704385292279445e-01,9.617704387476434524e-01,9.617704385271069745e-01,9.617704377527442894e-01,9.617704359198722130e-01,9.617704314904348406e-01,9.617704191075162612e-01,9.617703746076127214e-01,9.617701398895935894e-01,9.617678704088019614e-01,9.616289272448992342e-01,1.000000000000007994e+00,9.616289272388459652e-01,9.617678704056290551e-01,9.617701398882374519e-01,9.617701398916507216e-01,9.617703746144309340e-01,9.617704191072491415e-01,9.617704314990612735e-01,9.617704359166684425e-01,9.617704377551496986e-01,9.617704385333276651e-01,9.617704387518734022e-01,9.617704385374014064e-01,9.617704377598086385e-01,9.617704359187797536e-01,9.617704314985079384e-01,9.617704191086646759e-01,9.617703746158655642e-01,9.617701398916019828e-01,9.617678704220089525e-01,9.616289272388459652e-01,1.000000000000007994e+00,9.616289272390444731e-01,9.617678704160480541e-01,9.617678704089968056e-01,9.617701398884684894e-01,9.617703746062996606e-01,9.617704191081740683e-01,9.617704314885080485e-01,9.617704359153438354e-01,9.617704377489677547e-01,9.617704385272469736e-01,9.617704387517912457e-01,9.617704385341632189e-01,9.617704377483560219e-01,9.617704359165101247e-01,9.617704314893686934e-01,9.617704191064397889e-01,9.617703746074551807e-01,9.617701398944127344e-01,9.617678704056290551e-01,9.616289272390444731e-01,1.000000000000007994e+00,9.616289272390822207e-01,9.616289272423347301e-01,9.617678704160367298e-01,9.617701398905683652e-01,9.617703746175010338e-01,9.617704191078658704e-01,9.617704314974451218e-01,9.617704359194141350e-01,9.617704377530522653e-01,9.617704385374690190e-01,9.617704387587159287e-01,9.617704385328972316e-01,9.617704377563687235e-01,9.617704359175938134e-01,9.617704314975028534e-01,9.617704191082551146e-01,9.617703746205863435e-01,9.617701398882374519e-01,9.617678704160480541e-01,9.616289272390822207e-01,1.000000000000007994e+00
9.999999999999816813e-01,9.592855976223515491e-01,9.594453082270726352e-01,9.594478741034159208e-01,9.594481437654335254e-01,9.594481950591402519e-01,9.594482093560713354e-01,9.594482144644005395e-01,9.594482165916542460e-01,9.594482174949022779e-01,9.594482177402976486e-01,9.594482174903031790e-01,9.594482165839822718e-01,9.594482144674156832e-01,9.594482093530958267e-01,9.594481950654202285e-01,9.594481437616019237e-01,9.594478740995503463e-01,9.594453082243290520e-01,9.592855976223302328e-01,9.592855976223515491e-01,9.999999999999816813e-01,9.592855976207873558e-01,9.594453082373899377e-01,9.594478740986123189e-01,9.594481437727740980e-01,9.594481950601086995e-01,9.594482093569924874e-01,9.594482144736372620e-01,9.594482165963845732e-01,9.594482174889927828e-01,9.594482177464398465e-01,9.594482174872432934e-01,9.594482165903622795e-01,9.594482144652992650e-01,9.594482093661332867e-01,9.594481950529201164e-01,9.594481437711456229e-01,9.594478740952200324e-01,9.594453082334415406e-01,9.594453082270726352e-01,9.592855976207873558e-01,9.999999999999816813e-01,9.592855976247613992e-01,9.594453082262612842e-01,9.594478740995092680e-01,9.594481437674173829e-01,9.594481950546340787e-01,9.594482093597893613e-01,9.594482144719316263e-01,9.594482165841009547e-01,9.594482174887440928e-01,9.594482177371089771e-01,9.594482174872752678e-01,9.594482165818151165e-01,9.594482144720294370e-01,9.594482093471615736e-01,9.594481950561301042e-01,9.594481437604062135e-01,9.594478740979311970e-01,9.594478741034159208e-01,9.594453082373899377e-01,9.592855976247613992e-01,9.999999999999816813e-01,9.592855976254428541e-01,9.594453082390743681e-01,9.594478741059980775e-01,9.594481437738235918e-01,9.594481950693408701e-01,9.594482093700089642e-01,9.594482144715752447e-01,9.594482165957667341e-01,9.594482174911730388e-01,9.594482177489761510e-01,9.594482174906538985e-01,9.594482166003913681e-01,9.594482144650898769e-01,9.594482093623237784e-01,9.594481950572353313e-01,9.594481437750105313e-01,9.594481437654335254e-01,9.594478740986123189e-01,9.594453082262612842e-01,9.592855976254428541e-01,9.999999999999816813e-01,9.592855976231459136e-01,9.594453082304146285e-01,9.594478740972428588e-01,9.594481437732382823e-01,9.594481950643948265e-01,9.594482093544323131e-01,9.594482144680025471e-01,9.594482165830986453e-01,9.594482174879495062e-01,9.594482177372551934e-01,9.594482174940642816e-01,9.594482165783080330e-01,9.594482144649175703e-01,9.594482093482514795e-01,9.594481950566299266e-01,9.594481950591402519e-01,9.594481437727740980e-01,9.594478740995092680e-01,9.594453082390743681e-01,9.592855976231459136e-01,9.999999999999816813e-01,9.592855976266636553e-01,9.594453082338421090e-01,9.594478741089964569e-01,9.594481437805224555e-01,9.594481950610309617e-01,9.594482093630751773e-01,9.594482144675227087e-01,9.594482165919857586e-01,9.594482174883137704e-01,9.594482177527876576e-01,9.594482174841613142e-01,9.594482165903346349e-01,9.594482144630936959e-01,9.594482093599071559e-01,9.594482093560713354e-01,9.594481950601086995e-01,9.594481437674173829e-01,9.594478741059980775e-01,9.594453082304146285e-01,9.592855976266636553e-01,9.999999999999816813e-01,9.592855976237391058e-01,9.594453082391243282e-01,9.594478741098476648e-01,9.594481437708105576e-01,9.594481950633647616e-01,9.594482093562265446e-01,9.594482144701418358e-01,9.594482165860078737e-01,9.594482174975587085e-01,9.594482177365336595e-01,9.594482174897603910e-01,9.594482165821542896e-01,9.594482144683814662e-01,9.594482144644005395e-01,9.594482093569924874e-01,9.594481950546340787e-01,9.594481437738235918e-01,9.594478740972428588e-01,9.594453082338421090e-01,9.592855976237391058e-01,9.999999999999816813e-01,9.592855976290374231e-01,9.594453082399775345e-01,9.594478741002224753e-01,9.594481437730035811e-01,9.594481950564470729e-01,9.594482093587722860e-01,9.594482144640888999e-01,9.594482165951426778e-01,9.594482174812628550e-01,9.594482177421140845e-01,9.594482174815294195e-01,9.594482165873013946e-01,9.594482165916542460e-01,9.594482144736372620e-01,9.594482093597893613e-01,9.594481950693408701e-01,9.594481437732382823e-01,9.594478741089964569e-01,9.594453082391243282e-01,9.592855976290374231e-01,9.999999999999816813e-01,9.592855976382017591e-01,9.594453082384299947e-01,9.594478741105192388e-01,9.594481437742187202e-01,9.594481950673156012e-01,9.594482093608752704e-01,9.594482144814147073e-01,9.594482165870271695e-01,9.594482174950765829e-01,9.594482177420389224e-01,9.594482174949902076e-01,9.594482174949022779e-01,9.594482165963845732e-01,9.594482144719316263e-01,9.594482093700089642e-01,9.594481950643948265e-01,9.594481437805224555e-01,9.594478741098476648e-01,9.594453082399775345e-01,9.592855976382017591e-01,9.999999999999816813e-01,9.592855976321541522e-01,9.594453082445369985e-01,9.594478741074906614e-01,9.594481437806464674e-01,9.594481950650302071e-01,9.594482093738356809e-01,9.594482144689183700e-01,9.594482165964159925e-01,9.594482174906671101e-01,9.594482177510066379e-01,9.594482177402976486e-01,9.594482174889927828e-01,9.594482165841009547e-01,9.594482144715752447e-01,9.594482093544323131e-01,9.594481950610309617e-01,9.594481437708105576e-01,9.594478741002224753e-01,9.594453082384299947e-01,9.592855976321541522e-01,9.999999999999816813e-01,9.592855976275073138e-01,9.594453082307186076e-01,9.594478741031726710e-01,9.594481437677405689e-01,9.594481950673328097e-01,9.594482093507409326e-01,9.594482144677214386e-01,9.594482165813623675e-01,9.594482174890087700e-01,9.594482174903031790e-01,9.594482177464398465e-01,9.594482174887440928e-01,9.594482165957667341e-01,9.594482144680025471e-01,9.594482093630751773e-01,9.594481950633647616e-01,9.594481437730035811e-01,9.594478741105192388e-01,9.594453082445369985e-01,9.592855976275073138e-01,9.999999999999816813e-01,9.592855976257458339e-01,9.594453082384626352e-01,9.594478741022656187e-01,9.594481437820283620e-01,9.594481950561903894e-01,9.594482093615035456e-01,9.594482144646365729e-01,9.594482165917824767e-01,9.594482165839822718e-01,9.594482174872432934e-01,9.594482177371089771e-01,9.594482174911730388e-01,9.594482165830986453e-01,9.594482144675227087e-01,9.594482093562265446e-01,9.594481950564470729e-01,9.594481437742187202e-01,9.594478741074906614e-01,9.594453082307186076e-01,9.592855976257458339e-01,9.999999999999816813e-01,9.592855976243139793e-01,9.594453082284791767e-01,9.594478741074565775e-01,9.594481437618468389e-01,9.594481950577955498e-01,9.594482093493280628e-01,9.594482144659052247e-01,9.594482144674156832e-01,9.594482165903622795e-01,9.594482174872752678e-01,9.594482177489761510e-01,9.594482174879495062e-01,9.594482165919857586e-01,9.594482144701418358e-01,9.594482093587722860e-01,9.594481950673156012e-01,9.594481437806464674e-01,9.594478741031726710e-01,9.594453082384626352e-01,9.592855976243139793e-01,9.999999999999816813e-01,9.592855976237506521e-01,9.594453082430983715e-01,9.594478740965726171e-01,9.594481437729573958e-01,9.594481950549140770e-01,9.594482093600330552e-01,9.594482093530958267e-01,9.594482144652992650e-01,9.594482165818151165e-01,9.594482174906538985e-01,9.594482177372551934e-01,9.594482174883137704e-01,9.594482165860078737e-01,9.594482144640888999e-01,9.594482093608752704e-01,9.594481950650302071e-01,9.594481437677405689e-01,9.594478741022656187e-01,9.594453082284791767e-01,9.592855976237506521e-01,9.999999999999816813e-01,9.592855976298754195e-01,9.594453082236912289e-01,9.594478740991875254e-01,9.594481437616410036e-01,9.594481950570377116e-01,9.594481950654202285e-01,9.594482093661332867e-01,9.594482144720294370e-01,9.594482166003913681e-01,9.594482174940642816e-01,9.594482177527876576e-01,9.594482174975587085e-01,9.594482165951426778e-01,9.594482144814147073e-01,9.594482093738356809e-01,9.594481950673328097e-01,9.594481437820283620e-01,9.594478741074565775e-01,9.594453082430983715e-01,9.592855976298754195e-01,9.999999999999816813e-01,9.592855976256076111e-01,9.594453082414057254e-01,9.594478741029984770e-01,9.594481437789991185e-01,9.594481437616019237e-01,9.594481950529201164e-01,9.594482093471615736e-01,9.594482144650898769e-01,9.594482165783080330e-01,9.594482174841613142e-01,9.594482177365336595e-01,9.594482174812628550e-01,9.594482165870271695e-01,9.594482144689183700e-01,9.594482093507409326e-01,9.594481950561903894e-01,9.594481437618468389e-01,9.594478740965726171e-01,9.594453082236912289e-01,9.592855976256076111e-01,9.999999999999816813e-01,9.592855976177794286e-01,9.594453082197671456e-01,9.594478740947798290e-01,9.594478740995503463e-01,9.594481437711456229e-01,9.594481950561301042e-01,9.594482093623237784e-01,9.594482144649175703e-01,9.594482165903346349e-01,9.594482174897603910e-01,9.594482177421140845e-01,9.594482174950765829e-01,9.594482165964159925e-01,9.594482144677214386e-01,9.594482093615035456e-01,9.594481950577955498e-01,9.594481437729573958e-01,9.594478740991875254e-01,9.594453082414057254e-01,9.592855976177794286e-01,9.999999999999816813e-01,9.592855976181147160e-01,9.594453082335390182e-01,9.594453082243290520e-01,9.594478740952200324e-01,9.594481437604062135e-01,9.594481950572353313e-01,9.594482093482514795e-01,9.594482144630936959e-01,9.594482165821542896e-01,9.594482174815294195e-01,9.594482177420389224e-01,9.594482174906671101e-01,9.594482165813623675e-01,9.594482144646365729e-01,9.594482093493280628e-01,9.594481950549140770e-01,9.594481437616410036e-01,9.594478741029984770e-01,9.594453082197671456e-01,9.592855976181147160e-01,9.999999999999816813e-01,9.592855976179957000e-01,9.592855976223302328e-01,9.594453082334415406e-01,9.594478740979311970e-01,9.594481437750105313e-01,9.594481950566299266e-01,9.594482093599071559e-01,9.594482144683814662e-01,9.594482165873013946e-01,9.594482174949902076e-01,9.594482177510066379e-01,9.594482174890087700e-01,9.594482165917824767e-01,9.594482144659052247e-01,9.594482093600330552e-01,9.594481950570377116e-01,9.594481437789991185e-01,9.594478740947798290e-01,9.594453082335390182e-01,9.592855976179957000e-01,9.999999999999816813e-01
9.999999999999944489e-01,9.567267825600811459e-01,9.569110564914559136e-01,9.569139600413112401e-01,9.569142708778313189e-01,9.569143302126467132e-01,9.569143467779183121e-01,9.569143527013044270e-01,9.569143551703743755e-01,9.569143562187514274e-01,9.569143565025051146e-01,9.569143562128477054e-01,9.569143551602524722e-01,9.569143527054760900e-01,9.569143467738210340e-01,9.569143302209053292e-01,9.569142708729377889e-01,9.569139600363927300e-01,9.569110564878438030e-01,9.567267825599459208e-01,9.567267825600811459e-01,9.999999999999944489e-01,9.567267825579869323e-01,9.569110565047826977e-01,9.569139600347796870e-01,9.569142708873338288e-01,9.569143302138750640e-01,9.569143467788506774e-01,9.569143527134036376e-01,9.569143551763823474e-01,9.569143562110913326e-01,9.569143565103966909e-01,9.569143562086808164e-01,9.569143551686749571e-01,9.569143527023743490e-01,9.569143467910125045e-01,9.569143302045024502e-01,9.569142708855229440e-01,9.569139600305349713e-01,9.569110564995264578e-01,9.569110564914559136e-01,9.567267825579869323e-01,9.999999999999944489e-01,9.567267825631750044e-01,9.569110564901066596e-01,9.569139600360359044e-01,9.569142708804050379e-01,9.569143302065983292e-01,9.569143467826949356e-01,9.569143527111556580e-01,9.569143551605228115e-01,9.569143562107711443e-01,9.569143564981344996e-01,9.569143562089289512e-01,9.569143551573313644e-01,9.569143527114416514e-01,9.569143467663333569e-01,9.569143302089281322e-01,9.569142708714426515e-01,9.569139600340019758e-01,9.569139600413112401e-01,9.569110565047826977e-01,9.567267825631750044e-01,9.999999999999944489e-01,9.567267825638419154e-01,9.569110565067956431e-01,9.569139600444758198e-01,9.569142708885332027e-01,9.569143302258649175e-01,9.569143467958958205e-01,9.569143527107466518e-01,9.569143551756380539e-01,9.569143562138011649e-01,9.569143565137401275e-01,9.569143562130343339e-01,9.569143551817649307e-01,9.569143527022950790e-01,9.569143467862309960e-01,9.569143302102206539e-01,9.569142708903212169e-01,9.569142708778313189e-01,9.569139600347796870e-01,9.569110564901066596e-01,9.567267825638419154e-01,9.999999999999944489e-01,9.567267825606717846e-01,9.569110564953584586e-01,9.569139600327096762e-01,9.569142708877965697e-01,9.569143302191708278e-01,9.569143467755397703e-01,9.569143527059074117e-01,9.569143551588379371e-01,9.569143562095866473e-01,9.569143564980087113e-01,9.569143562175683737e-01,9.569143551527449221e-01,9.569143527021441997e-01,9.569143467676110015e-01,9.569143302091608350e-01,9.569143302126467132e-01,9.569142708873338288e-01,9.569139600360359044e-01,9.569110565067956431e-01,9.567267825606717846e-01,9.999999999999944489e-01,9.567267825653079649e-01,9.569110564996591295e-01,9.569139600481844088e-01,9.569142708972123712e-01,9.569143302149135666e-01,9.569143467868023167e-01,9.569143527051787723e-01,9.569143551706259521e-01,9.569143562098341160e-01,9.569143565185628253e-01,9.569143562046167339e-01,9.569143551686725147e-01,9.569143526996573001e-01,9.569143467826881633e-01,9.569143467779183121e-01,9.569143302138750640e-01,9.569142708804050379e-01,9.569139600444758198e-01,9.569110564953584586e-01,9.567267825653079649e-01,9.999999999999944489e-01,9.567267825613324783e-01,9.569110565067562302e-01,9.569139600492576614e-01,9.569142708846875012e-01,9.569143302179382582e-01,9.569143467777915246e-01,9.569143527087695666e-01,9.569143551626150268e-01,9.569143562221746890e-01,9.569143564973380256e-01,9.569143562122073288e-01,9.569143551579095686e-01,9.569143527064449817e-01,9.569143527013044270e-01,9.569143467788506774e-01,9.569143302065983292e-01,9.569142708885332027e-01,9.569139600327096762e-01,9.569110564996591295e-01,9.567267825613324783e-01,9.999999999999944489e-01,9.567267825682268523e-01,9.569110565075891195e-01,9.569139600365723641e-01,9.569142708873523695e-01,9.569143302086245972e-01,9.569143467810681258e-01,9.569143527004475569e-01,9.569143551746170928e-01,9.569143562006723336e-01,9.569143565046728250e-01,9.569143562011573900e-01,9.569143551643405354e-01,9.569143551703743755e-01,9.569143527134036376e-01,9.569143467826949356e-01,9.569143302258649175e-01,9.569142708877965697e-01,9.569139600481844088e-01,9.569110565067562302e-01,9.567267825682268523e-01,9.999999999999944489e-01,9.567267825802729941e-01,9.569110565058502882e-01,9.569139600502051257e-01,9.569142708890310267e-01,9.569143302230765924e-01,9.569143467837610828e-01,9.569143527235014490e-01,9.569143551641513534e-01,9.569143562190978169e-01,9.569143565046360767e-01,9.569143562187492069e-01,9.569143562187514274e-01,9.569143551763823474e-01,9.569143527111556580e-01,9.569143467958958205e-01,9.569143302191708278e-01,9.569142708972123712e-01,9.569139600492576614e-01,9.569110565075891195e-01,9.567267825802729941e-01,9.999999999999944489e-01,9.567267825724086183e-01,9.569110565136749180e-01,9.569139600460281336e-01,9.569142708974447409e-01,9.569143302197857803e-01,9.569143468008547426e-01,9.569143527070576027e-01,9.569143551765511013e-01,9.569143562131302572e-01,9.569143565161501996e-01,9.569143565025051146e-01,9.569143562110913326e-01,9.569143551605228115e-01,9.569143527107466518e-01,9.569143467755397703e-01,9.569143302149135666e-01,9.569142708846875012e-01,9.569139600365723641e-01,9.569110565058502882e-01,9.567267825724086183e-01,9.999999999999944489e-01,9.567267825664410585e-01,9.569110564956959664e-01,9.569139600406798563e-01,9.569142708805111752e-01,9.569143302231929438e-01,9.569143467707775796e-01,9.569143527058362464e-01,9.569143551569173622e-01,9.569143562109831969e-01,9.569143562128477054e-01,9.569143565103966909e-01,9.569143562107711443e-01,9.569143551756380539e-01,9.569143527059074117e-01,9.569143467868023167e-01,9.569143302179382582e-01,9.569142708873523695e-01,9.569139600502051257e-01,9.569110565136749180e-01,9.567267825664410585e-01,9.999999999999944489e-01,9.567267825640122236e-01,9.569110565059191220e-01,9.569139600392568834e-01,9.569142708994048396e-01,9.569143302085838521e-01,9.569143467850376172e-01,9.569143527016782391e-01,9.569143551703501727e-01,9.569143551602524722e-01,9.569143562086808164e-01,9.569143564981344996e-01,9.569143562138011649e-01,9.569143551588379371e-01,9.569143527051787723e-01,9.569143467777915246e-01,9.569143302086245972e-01,9.569142708890310267e-01,9.569139600460281336e-01,9.569110564956959664e-01,9.567267825640122236e-01,9.999999999999944489e-01,9.567267825621962318e-01,9.569110564925448204e-01,9.569139600461935569e-01,9.569142708728898272e-01,9.569143302108217286e-01,9.569143467689277260e-01,9.569143527031108709e-01,9.569143527054760900e-01,9.569143551686749571e-01,9.569143562089289512e-01,9.569143565137401275e-01,9.569143562095866473e-01,9.569143551706259521e-01,9.569143527087695666e-01,9.569143467810681258e-01,9.569143302230765924e-01,9.569142708974447409e-01,9.569139600406798563e-01,9.569110565059191220e-01,9.567267825621962318e-01,9.999999999999944489e-01,9.567267825613818832e-01,9.569110565120536593e-01,9.569139600321204808e-01,9.569142708877733661e-01,9.569143302071635437e-01,9.569143467829289706e-01,9.569143467738210340e-01,9.569143527023743490e-01,9.569143551573313644e-01,9.569143562130343339e-01,9.569143564980087113e-01,9.569143562098341160e-01,9.569143551626150268e-01,9.569143527004475569e-01,9.569143467837610828e-01,9.569143302197857803e-01,9.569142708805111752e-01,9.569139600392568834e-01,9.569110564925448204e-01,9.567267825613818832e-01,9.999999999999944489e-01,9.567267825694054650e-01,9.569110564864462543e-01,9.569139600354926722e-01,9.569142708726520175e-01,9.569143302095710624e-01,9.569143302209053292e-01,9.569143467910125045e-01,9.569143527114416514e-01,9.569143551817649307e-01,9.569143562175683737e-01,9.569143565185628253e-01,9.569143562221746890e-01,9.569143551746170928e-01,9.569143527235014490e-01,9.569143468008547426e-01,9.569143302231929438e-01,9.569142708994048396e-01,9.569139600461935569e-01,9.569110565120536593e-01,9.567267825694054650e-01,9.999999999999944489e-01,9.567267825640614065e-01,9.569110565100570343e-01,9.569139600406363355e-01,9.569142708954230248e-01,9.569142708729377889e-01,9.569143302045024502e-01,9.569143467663333569e-01,9.569143527022950790e-01,9.569143551527449221e-01,9.569143562046167339e-01,9.569143564973380256e-01,9.569143562006723336e-01,9.569143551641513534e-01,9.569143527070576027e-01,9.569143467707775796e-01,9.569143302085838521e-01,9.569142708728898272e-01,9.569139600321204808e-01,9.569110564864462543e-01,9.567267825640614065e-01,9.999999999999944489e-01,9.567267825540264337e-01,9.569110564816808440e-01,9.569139600297726922e-01,9.569139600363927300e-01,9.569142708855229440e-01,9.569143302089281322e-01,9.569143467862309960e-01,9.569143527021441997e-01,9.569143551686725147e-01,9.569143562122073288e-01,9.569143565046728250e-01,9.569143562190978169e-01,9.569143551765511013e-01,9.569143527058362464e-01,9.569143467850376172e-01,9.569143302108217286e-01,9.569142708877733661e-01,9.569139600354926722e-01,9.569110565100570343e-01,9.567267825540264337e-01,9.999999999999944489e-01,9.567267825545796578e-01,9.569110564997596047e-01,9.569110564878438030e-01,9.569139600305349713e-01,9.569142708714426515e-01,9.569143302102206539e-01,9.569143467676110015e-01,9.569143526996573001e-01,9.569143551579095686e-01,9.569143562011573900e-01,9.569143565046360767e-01,9.569143562131302572e-01,9.569143551569173622e-01,9.569143527016782391e-01,9.569143467689277260e-01,9.569143302071635437e-01,9.569142708726520175e-01,9.569139600406363355e-01,9.569110564816808440e-01,9.567267825545796578e-01,9.999999999999944489e-01,9.567267825542011828e-01,9.567267825599459208e-01,9.569110564995264578e-01,9.569139600340019758e-01,9.569142708903212169e-01,9.569143302091608350e-01,9.569143467826881633e-01,9.569143527064449817e-01,9.569143551643405354e-01,9.569143562187492069e-01,9.569143565161501996e-01,9.569143562109831969e-01,9.569143551703501727e-01,9.569143527031108709e-01,9.569143467829289706e-01,9.569143302095710624e-01,9.569142708954230248e-01,9.569139600297726922e-01,9.569110564997596047e-01,9.567267825542011828e-01,9.999999999999944489e-01
