1.000000000000006217e+00,7.256102999101107232e-01,7.426967314222466809e-01,7.264469338539832899e-01,7.433117971641338695e-01,7.264411033219702052e-01,7.433241942908419553e-01,7.264410466943792555e-01,7.433256130881429335e-01,7.264410454226688518e-01,7.433258419402423156e-01,7.264410454407911333e-01,7.433256130799064110e-01,7.264410466928170607e-01,7.433241942826559479e-01,7.264411032619780828e-01,7.433117971762057685e-01,7.264469338288794820e-01,7.426967314084419458e-01,7.256102999189405489e-01,7.256102999101107232e-01,1.000000000000006217e+00,7.256102999398207354e-01,7.426967316862247426e-01,7.264469338737683524e-01,7.433117974304541686e-01,7.264411032787745359e-01,7.433241945186873645e-01,7.264410467344648570e-01,7.433256132584206144e-01,7.264410455863595795e-01,7.433258421156134776e-01,7.264410455010045231e-01,7.433256133125825116e-01,7.264410466730155669e-01,7.433241945116874083e-01,7.264411033311086729e-01,7.433117974100488246e-01,7.264469338916844654e-01,7.426967317197283869e-01,7.426967314222466809e-01,7.256102999398207354e-01,1.000000000000006217e+00,7.256102999212167282e-01,7.426967314394155029e-01,7.264469339268211368e-01,7.433117971814883207e-01,7.264411033380266947e-01,7.433241943451683875e-01,7.264410466506046049e-01,7.433256131562162583e-01,7.264410454719372190e-01,7.433258419247184001e-01,7.264410455346844708e-01,7.433256130747450952e-01,7.264410466916829678e-01,7.433241942989915474e-01,7.264411032892444942e-01,7.433117971462994689e-01,7.264469339117134439e-01,7.264469338539832899e-01,7.426967316862247426e-01,7.256102999212167282e-01,1.000000000000006217e+00,7.256102998976444729e-01,7.426967317110733102e-01,7.264469338427562706e-01,7.433117973939019629e-01,7.264411033285205210e-01,7.433241944340122087e-01,7.264410467638702240e-01,7.433256132431611540e-01,7.264410454882186396e-01,7.433258421397052063e-01,7.264410454663637884e-01,7.433256132791679072e-01,7.264410467129941429e-01,7.433241945053689070e-01,7.264411033043530752e-01,7.433117974236272962e-01,7.433117971641338695e-01,7.264469338737683524e-01,7.426967314394155029e-01,7.256102998976444729e-01,1.000000000000006217e+00,7.256102999462566983e-01,7.426967313946127858e-01,7.264469338906444085e-01,7.433117972066499712e-01,7.264411032316796524e-01,7.433241943624042669e-01,7.264410466412301037e-01,7.433256130675236495e-01,7.264410455116879772e-01,7.433258418890547059e-01,7.264410454734240297e-01,7.433256130732615041e-01,7.264410466607564842e-01,7.433241942640202993e-01,7.264411033127896600e-01,7.264411033219702052e-01,7.433117974304541686e-01,7.264469339268211368e-01,7.426967317110733102e-01,7.256102999462566983e-01,1.000000000000006217e+00,7.256102999278311039e-01,7.426967317403605495e-01,7.264469339457184649e-01,7.433117973915257526e-01,7.264411034082380869e-01,7.433241945382779159e-01,7.264410467232765845e-01,7.433256133563405088e-01,7.264410455075225315e-01,7.433258421576803832e-01,7.264410455585472715e-01,7.433256132881359557e-01,7.264410467405251204e-01,7.433241945432716991e-01,7.433241942908419553e-01,7.264411032787745359e-01,7.433117971814883207e-01,7.264469338427562706e-01,7.426967313946127858e-01,7.256102999278311039e-01,1.000000000000006217e+00,7.256102999095715989e-01,7.426967314353338789e-01,7.264469337848907804e-01,7.433117972195428802e-01,7.264411032214480590e-01,7.433241942529061896e-01,7.264410466782302844e-01,7.433256130405779816e-01,7.264410454489366176e-01,7.433258419236555836e-01,7.264410454425667130e-01,7.433256130696720421e-01,7.264410466814238410e-01,7.264410466943792555e-01,7.433241945186873645e-01,7.264411033380266947e-01,7.433117973939019629e-01,7.264469338906444085e-01,7.426967317403605495e-01,7.256102999095715989e-01,1.000000000000006217e+00,7.256102999709413970e-01,7.426967316579503597e-01,7.264469339655540425e-01,7.433117974262857253e-01,7.264411033041858756e-01,7.433241945880546542e-01,7.264410466775111930e-01,7.433256133108826491e-01,7.264410455369323394e-01,7.433258421223034595e-01,7.264410455229936003e-01,7.433256133187504666e-01,7.433256130881429335e-01,7.264410467344648570e-01,7.433241943451683875e-01,7.264411033285205210e-01,7.433117972066499712e-01,7.264469339457184649e-01,7.426967314353338789e-01,7.256102999709413970e-01,1.000000000000006217e+00,7.256102998898734668e-01,7.426967315365400335e-01,7.264469338596983849e-01,7.433117971921568978e-01,7.264411033400254292e-01,7.433241943012811603e-01,7.264410467019883910e-01,7.433256131217219620e-01,7.264410454993799338e-01,7.433258419304065168e-01,7.264410455473661044e-01,7.264410454226688518e-01,7.433256132584206144e-01,7.264410466506046049e-01,7.433241944340122087e-01,7.264411032316796524e-01,7.433117973915257526e-01,7.264469337848907804e-01,7.426967316579503597e-01,7.256102998898734668e-01,1.000000000000006217e+00,7.256102999385753982e-01,7.426967315984880358e-01,7.264469338055312697e-01,7.433117974144409779e-01,7.264411032029381987e-01,7.433241944833979264e-01,7.264410466510334841e-01,7.433256132343127875e-01,7.264410454442352671e-01,7.433258421323445386e-01,7.433258419402423156e-01,7.264410455863595795e-01,7.433256131562162583e-01,7.264410467638702240e-01,7.433241943624042669e-01,7.264411034082380869e-01,7.433117972195428802e-01,7.264469339655540425e-01,7.426967315365400335e-01,7.256102999385753982e-01,1.000000000000006217e+00,7.256102999579631119e-01,7.426967315035362116e-01,7.264469339670164283e-01,7.433117972210306901e-01,7.264411033499938997e-01,7.433241943890641634e-01,7.264410467375745917e-01,7.433256131311311021e-01,7.264410455944270151e-01,7.264410454407911333e-01,7.433258421156134776e-01,7.264410454719372190e-01,7.433256132431611540e-01,7.264410466412301037e-01,7.433241945382779159e-01,7.264411032214480590e-01,7.433117974262857253e-01,7.264469338596983849e-01,7.426967315984880358e-01,7.256102999579631119e-01,1.000000000000006217e+00,7.256102998734739185e-01,7.426967316807985275e-01,7.264469337999641674e-01,7.433117973893054176e-01,7.264411032714382932e-01,7.433241944585169403e-01,7.264410466539192868e-01,7.433256132793446547e-01,7.433256130799064110e-01,7.264410455010045231e-01,7.433258419247184001e-01,7.264410454882186396e-01,7.433256130675236495e-01,7.264410467232765845e-01,7.433241942529061896e-01,7.264411033041858756e-01,7.433117971921568978e-01,7.264469338055312697e-01,7.426967315035362116e-01,7.256102998734739185e-01,1.000000000000006217e+00,7.256102999371972784e-01,7.426967314090915373e-01,7.264469338474184301e-01,7.433117972120952821e-01,7.264411032577474669e-01,7.433241943247618222e-01,7.264410467027863083e-01,7.264410466928170607e-01,7.433256133125825116e-01,7.264410455346844708e-01,7.433258421397052063e-01,7.264410455116879772e-01,7.433256133563405088e-01,7.264410466782302844e-01,7.433241945880546542e-01,7.264411033400254292e-01,7.433117974144409779e-01,7.264469339670164283e-01,7.426967316807985275e-01,7.256102999371972784e-01,1.000000000000006217e+00,7.256102999164201206e-01,7.426967316969091959e-01,7.264469339142090032e-01,7.433117973832789049e-01,7.264411033174990040e-01,7.433241945254547289e-01,7.433241942826559479e-01,7.264410466730155669e-01,7.433256130747450952e-01,7.264410454663637884e-01,7.433258418890547059e-01,7.264410455075225315e-01,7.433256130405779816e-01,7.264410466775111930e-01,7.433241943012811603e-01,7.264411032029381987e-01,7.433117972210306901e-01,7.264469337999641674e-01,7.426967314090915373e-01,7.256102999164201206e-01,1.000000000000006217e+00,7.256102998793309000e-01,7.426967314410577448e-01,7.264469338162529155e-01,7.433117971995146789e-01,7.264411032839579452e-01,7.264411032619780828e-01,7.433241945116874083e-01,7.264410466916829678e-01,7.433256132791679072e-01,7.264410454734240297e-01,7.433258421576803832e-01,7.264410454489366176e-01,7.433256133108826491e-01,7.264410467019883910e-01,7.433241944833979264e-01,7.264411033499938997e-01,7.433117973893054176e-01,7.264469338474184301e-01,7.426967316969091959e-01,7.256102998793309000e-01,1.000000000000006217e+00,7.256102999276374810e-01,7.426967316402575126e-01,7.264469338595268555e-01,7.433117974081884238e-01,7.433117971762057685e-01,7.264411033311086729e-01,7.433241942989915474e-01,7.264410467129941429e-01,7.433256130732615041e-01,7.264410455585472715e-01,7.433258419236555836e-01,7.264410455369323394e-01,7.433256131217219620e-01,7.264410466510334841e-01,7.433241943890641634e-01,7.264411032714382932e-01,7.433117972120952821e-01,7.264469339142090032e-01,7.426967314410577448e-01,7.256102999276374810e-01,1.000000000000006217e+00,7.256102999105730200e-01,7.426967314657615393e-01,7.264469339108130530e-01,7.264469338288794820e-01,7.433117974100488246e-01,7.264411032892444942e-01,7.433241945053689070e-01,7.264410466607564842e-01,7.433256132881359557e-01,7.264410454425667130e-01,7.433258421223034595e-01,7.264410454993799338e-01,7.433256132343127875e-01,7.264410467375745917e-01,7.433241944585169403e-01,7.264411032577474669e-01,7.433117973832789049e-01,7.264469338162529155e-01,7.426967316402575126e-01,7.256102999105730200e-01,1.000000000000006217e+00,7.256102998892608458e-01,7.426967316794368390e-01,7.426967314084419458e-01,7.264469338916844654e-01,7.433117971462994689e-01,7.264411033043530752e-01,7.433241942640202993e-01,7.264410467405251204e-01,7.433256130696720421e-01,7.264410455229936003e-01,7.433258419304065168e-01,7.264410454442352671e-01,7.433256131311311021e-01,7.264410466539192868e-01,7.433241943247618222e-01,7.264411033174990040e-01,7.433117971995146789e-01,7.264469338595268555e-01,7.426967314657615393e-01,7.256102998892608458e-01,1.000000000000006217e+00,7.256102999384641539e-01,7.256102999189405489e-01,7.426967317197283869e-01,7.264469339117134439e-01,7.433117974236272962e-01,7.264411033127896600e-01,7.433241945432716991e-01,7.264410466814238410e-01,7.433256133187504666e-01,7.264410455473661044e-01,7.433258421323445386e-01,7.264410455944270151e-01,7.433256132793446547e-01,7.264410467027863083e-01,7.433241945254547289e-01,7.264411032839579452e-01,7.433117974081884238e-01,7.264469339108130530e-01,7.426967316794368390e-01,7.256102999384641539e-01,1.000000000000006217e+00
9.999999999999957812e-01,7.005626707057124314e-01,7.239574710723879480e-01,7.021405492728054476e-01,7.248117058096650300e-01,7.021282674213595865e-01,7.248297239208709719e-01,7.021281336345892576e-01,7.248318155720969713e-01,7.021281282448811334e-01,7.248321547693077349e-01,7.021281282490958731e-01,7.248318155610282698e-01,7.021281336303435427e-01,7.248297239002489123e-01,7.021282673958539888e-01,7.248117057939267305e-01,7.021405492625832911e-01,7.239574710604371743e-01,7.005626707065949477e-01,7.005626707057124314e-01,9.999999999999957812e-01,7.005626707229208883e-01,7.239574711520535555e-01,7.021405492892917044e-01,7.248117058815368718e-01,7.021282674140894020e-01,7.248297239832672823e-01,7.021281336485607483e-01,7.248318156255280087e-01,7.021281283034311871e-01,7.248321548225802324e-01,7.021281282688418557e-01,7.248318156376674093e-01,7.021281336250201344e-01,7.248297239749768028e-01,7.021282674180069350e-01,7.248117058748297925e-01,7.021405492827377248e-01,7.239574711646279415e-01,7.239574710723879480e-01,7.005626707229208883e-01,9.999999999999957812e-01,7.005626707180071522e-01,7.239574710884137954e-01,7.021405493034879042e-01,7.248117058116315681e-01,7.021282674338181762e-01,7.248297239404319914e-01,7.021281336219270530e-01,7.248318156004466273e-01,7.021281282658059508e-01,7.248321547674057008e-01,7.021281282906818300e-01,7.248318155723696421e-01,7.021281336321647526e-01,7.248297239158860705e-01,7.021282674108242361e-01,7.248117058025073112e-01,7.021405492956429573e-01,7.021405492728054476e-01,7.239574711520535555e-01,7.005626707180071522e-01,9.999999999999957812e-01,7.005626707143632892e-01,7.239574711635240467e-01,7.021405492772300194e-01,7.248117058769486531e-01,7.021282674253178646e-01,7.248297239510838041e-01,7.021281336580473820e-01,7.248318156225521669e-01,7.021281282646457678e-01,7.248321548375517009e-01,7.021281282602446217e-01,7.248318156276629676e-01,7.021281336319036281e-01,7.248297239779364354e-01,7.021282674109869948e-01,7.248117058834989690e-01,7.248117058096650300e-01,7.021405492892917044e-01,7.239574710884137954e-01,7.005626707143632892e-01,9.999999999999957812e-01,7.005626707304716261e-01,7.239574710766942811e-01,7.021405492969953199e-01,7.248117058321654760e-01,7.021282674004166724e-01,7.248297239419814186e-01,7.021281336228983871e-01,7.248318155672239804e-01,7.021281282870096563e-01,7.248321547593976621e-01,7.021281282698127457e-01,7.248318155705892885e-01,7.021281336269945550e-01,7.248297239092668098e-01,7.021282674244804234e-01,7.021282674213595865e-01,7.248117058815368718e-01,7.021405493034879042e-01,7.239574711635240467e-01,7.005626707304716261e-01,9.999999999999957812e-01,7.005626707193580716e-01,7.239574711713278043e-01,7.021405493073673565e-01,7.248117058721184058e-01,7.021282674529996104e-01,7.248297239803256353e-01,7.021281336377296345e-01,7.248318156565625170e-01,7.021281282760729603e-01,7.248321548333052089e-01,7.021281282867753992e-01,7.248318156406636792e-01,7.021281336439008092e-01,7.248297239844903039e-01,7.248297239208709719e-01,7.021282674140894020e-01,7.248117058116315681e-01,7.021405492772300194e-01,7.239574710766942811e-01,7.005626707193580716e-01,9.999999999999957812e-01,7.005626707155466759e-01,7.239574710803002855e-01,7.021405492587611263e-01,7.248117058145230329e-01,7.021282673956553699e-01,7.248297238973900880e-01,7.021281336367115600e-01,7.248318155566966237e-01,7.021281282614389996e-01,7.248321547657975428e-01,7.021281282589808548e-01,7.248318155712922817e-01,7.021281336323914601e-01,7.021281336345892576e-01,7.248297239832672823e-01,7.021282674338181762e-01,7.248117058769486531e-01,7.021405492969953199e-01,7.239574711713278043e-01,7.005626707155466759e-01,9.999999999999957812e-01,7.005626707333713066e-01,7.239574711471193913e-01,7.021405493170191914e-01,7.248117058796725853e-01,7.021282674154234460e-01,7.248297240021940313e-01,7.021281336313235366e-01,7.248318156340485263e-01,7.021281282818523373e-01,7.248321548302494310e-01,7.021281282812678048e-01,7.248318156435956672e-01,7.248318155720969713e-01,7.021281336485607483e-01,7.248297239404319914e-01,7.021282674253178646e-01,7.248117058321654760e-01,7.021405493073673565e-01,7.239574710803002855e-01,7.005626707333713066e-01,9.999999999999957812e-01,7.005626707015393251e-01,7.239574711061697032e-01,7.021405492787281544e-01,7.248117058039923455e-01,7.021282674335801444e-01,7.248297239087422295e-01,7.021281336379404658e-01,7.248318155803818996e-01,7.021281282739993967e-01,7.248321547640916851e-01,7.021281282920864841e-01,7.021281282448811334e-01,7.248318156255280087e-01,7.021281336219270530e-01,7.248297239510838041e-01,7.021282674004166724e-01,7.248117058721184058e-01,7.021405492587611263e-01,7.239574711471193913e-01,7.005626707015393251e-01,9.999999999999957812e-01,7.005626707157143196e-01,7.239574711160102760e-01,7.021405492534156245e-01,7.248117058655384470e-01,7.021282673816123809e-01,7.248297239567264016e-01,7.021281336118988525e-01,7.248318156143199742e-01,7.021281282512698008e-01,7.248321548329333952e-01,7.248321547693077349e-01,7.021281283034311871e-01,7.248318156004466273e-01,7.021281336580473820e-01,7.248297239419814186e-01,7.021282674529996104e-01,7.248117058145230329e-01,7.021405493170191914e-01,7.239574711061697032e-01,7.005626707157143196e-01,9.999999999999957812e-01,7.005626707197246672e-01,7.239574710920937406e-01,7.021405493148453747e-01,7.248117058145848723e-01,7.021282674311621896e-01,7.248297239330204755e-01,7.021281336471706380e-01,7.248318155864331702e-01,7.021281283033228293e-01,7.021281282490958731e-01,7.248321548225802324e-01,7.021281282658059508e-01,7.248318156225521669e-01,7.021281336228983871e-01,7.248297239803256353e-01,7.021282673956553699e-01,7.248117058796725853e-01,7.021405492787281544e-01,7.239574711160102760e-01,7.005626707197246672e-01,9.999999999999957812e-01,7.005626706848054885e-01,7.239574711457879008e-01,7.021405492528294268e-01,7.248117058580755279e-01,7.021282674000973723e-01,7.248297239481309440e-01,7.021281336139698626e-01,7.248318156256079448e-01,7.248318155610282698e-01,7.021281282688418557e-01,7.248321547674057008e-01,7.021281282646457678e-01,7.248318155672239804e-01,7.021281336377296345e-01,7.248297238973900880e-01,7.021282674154234460e-01,7.248117058039923455e-01,7.021405492534156245e-01,7.239574710920937406e-01,7.005626706848054885e-01,9.999999999999957812e-01,7.005626707091561212e-01,7.239574710531145874e-01,7.021405492644362534e-01,7.248117058001148916e-01,7.021282673944828634e-01,7.248297239161316519e-01,7.021281336299518561e-01,7.021281336303435427e-01,7.248318156376674093e-01,7.021281282906818300e-01,7.248321548375517009e-01,7.021281282870096563e-01,7.248318156565625170e-01,7.021281336367115600e-01,7.248297240021940313e-01,7.021282674335801444e-01,7.248117058655384470e-01,7.021405493148453747e-01,7.239574711457879008e-01,7.005626707091561212e-01,9.999999999999957812e-01,7.005626707050062185e-01,7.239574711521105099e-01,7.021405492890238076e-01,7.248117058605724194e-01,7.021282674177080629e-01,7.248297239801034797e-01,7.248297239002489123e-01,7.021281336250201344e-01,7.248318155723696421e-01,7.021281282602446217e-01,7.248321547593976621e-01,7.021281282760729603e-01,7.248318155566966237e-01,7.021281336313235366e-01,7.248297239087422295e-01,7.021282673816123809e-01,7.248117058145848723e-01,7.021405492528294268e-01,7.239574710531145874e-01,7.005626707050062185e-01,9.999999999999957812e-01,7.005626706884403587e-01,7.239574710652145750e-01,7.021405492582251107e-01,7.248117058027110371e-01,7.021282674067714780e-01,7.021282673958539888e-01,7.248297239749768028e-01,7.021281336321647526e-01,7.248318156276629676e-01,7.021281282698127457e-01,7.248321548333052089e-01,7.021281282614389996e-01,7.248318156340485263e-01,7.021281336379404658e-01,7.248297239567264016e-01,7.021282674311621896e-01,7.248117058580755279e-01,7.021405492644362534e-01,7.239574711521105099e-01,7.005626706884403587e-01,9.999999999999957812e-01,7.005626707011793908e-01,7.239574711283620623e-01,7.021405492713654883e-01,7.248117058680494385e-01,7.248117057939267305e-01,7.021282674180069350e-01,7.248297239158860705e-01,7.021281336319036281e-01,7.248318155705892885e-01,7.021281282867753992e-01,7.248321547657975428e-01,7.021281282818523373e-01,7.248318155803818996e-01,7.021281336118988525e-01,7.248297239330204755e-01,7.021282674000973723e-01,7.248117058001148916e-01,7.021405492890238076e-01,7.239574710652145750e-01,7.005626707011793908e-01,9.999999999999957812e-01,7.005626706983878460e-01,7.239574710715445116e-01,7.021405492857993869e-01,7.021405492625832911e-01,7.248117058748297925e-01,7.021282674108242361e-01,7.248297239779364354e-01,7.021281336269945550e-01,7.248318156406636792e-01,7.021281282589808548e-01,7.248321548302494310e-01,7.021281282739993967e-01,7.248318156143199742e-01,7.021281336471706380e-01,7.248297239481309440e-01,7.021282673944828634e-01,7.248117058605724194e-01,7.021405492582251107e-01,7.239574711283620623e-01,7.005626706983878460e-01,9.999999999999957812e-01,7.005626706957984728e-01,7.239574711480822877e-01,7.239574710604371743e-01,7.021405492827377248e-01,7.248117058025073112e-01,7.021282674109869948e-01,7.248297239092668098e-01,7.021281336439008092e-01,7.248318155712922817e-01,7.021281282812678048e-01,7.248321547640916851e-01,7.021281282512698008e-01,7.248318155864331702e-01,7.021281336139698626e-01,7.248297239161316519e-01,7.021282674177080629e-01,7.248117058027110371e-01,7.021405492713654883e-01,7.239574710715445116e-01,7.005626706957984728e-01,9.999999999999957812e-01,7.005626707142375009e-01,7.005626707065949477e-01,7.239574711646279415e-01,7.021405492956429573e-01,7.248117058834989690e-01,7.021282674244804234e-01,7.248297239844903039e-01,7.021281336323914601e-01,7.248318156435956672e-01,7.021281282920864841e-01,7.248321548329333952e-01,7.021281283033228293e-01,7.248318156256079448e-01,7.021281336299518561e-01,7.248297239801034797e-01,7.021282674067714780e-01,7.248117058680494385e-01,7.021405492857993869e-01,7.239574711480822877e-01,7.005626707142375009e-01,9.999999999999957812e-01
9.999999999999958922e-01,6.622627518829098392e-01,6.959799667811450430e-01,6.654553373545961659e-01,6.971352332767055682e-01,6.654285175309644362e-01,6.971625010790656329e-01,6.654281704820507182e-01,6.971656802329160296e-01,6.654281518363223125e-01,6.971661988975084157e-01,6.654281518379195903e-01,6.971656802300751909e-01,6.654281704849367429e-01,6.971625010619332263e-01,6.654285175225853610e-01,6.971352332619549230e-01,6.654553373537364092e-01,6.959799667705671711e-01,6.622627518853335671e-01,6.622627518829098392e-01,9.999999999999958922e-01,6.622627518958259518e-01,6.959799667393794520e-01,6.654553373728524512e-01,6.971352332212745750e-01,6.654285175377173678e-01,6.971625010257999078e-01,6.654281704935119945e-01,6.971656801797749825e-01,6.654281518758167202e-01,6.971661988417632294e-01,6.654281518537179529e-01,6.971656801892107680e-01,6.654281704819902110e-01,6.971625010216546681e-01,6.654285175372605110e-01,6.971352332249884931e-01,6.654553373625603507e-01,6.959799667532344802e-01,6.959799667811450430e-01,6.622627518958259518e-01,9.999999999999958922e-01,6.622627518882131525e-01,6.959799667967676573e-01,6.654553373721971976e-01,6.971352332800583307e-01,6.654285175410769027e-01,6.971625010900091013e-01,6.654281704760385274e-01,6.971656802532426589e-01,6.654281518496274472e-01,6.971661988957797984e-01,6.654281518691881336e-01,6.971656802366418271e-01,6.654281704854887458e-01,6.971625010777162679e-01,6.654285175301841715e-01,6.971352332708051769e-01,6.654553373744169775e-01,6.654553373545961659e-01,6.959799667393794520e-01,6.622627518882131525e-01,9.999999999999958922e-01,6.622627518897545862e-01,6.959799667380239807e-01,6.654553373608131928e-01,6.971352332204058255e-01,6.654285175316554390e-01,6.971625010053531524e-01,6.654281704955247179e-01,6.971656801744583465e-01,6.654281518472677792e-01,6.971661988512490860e-01,6.654281518421988340e-01,6.971656801800760750e-01,6.654281704820197429e-01,6.971625010240602993e-01,6.654285175235449268e-01,6.971352332280025266e-01,6.971352332767055682e-01,6.654553373728524512e-01,6.959799667967676573e-01,6.622627518897545862e-01,9.999999999999958922e-01,6.622627518958635884e-01,6.959799667919042143e-01,6.654553373725851095e-01,6.971352332873100854e-01,6.654285175263997543e-01,6.971625010937574363e-01,6.654281704798785668e-01,6.971656802356914762e-01,6.654281518699847187e-01,6.971661988945327959e-01,6.654281518586648847e-01,6.971656802390179264e-01,6.654281704860981472e-01,6.971625010774259446e-01,6.654285175433460875e-01,6.654285175309644362e-01,6.971352332212745750e-01,6.654553373721971976e-01,6.959799667380239807e-01,6.622627518958635884e-01,9.999999999999958922e-01,6.622627518884652842e-01,6.959799667450438099e-01,6.654553373699421126e-01,6.971352332150090314e-01,6.654285175496488236e-01,6.971625010198266859e-01,6.654281704820070864e-01,6.971656801945030901e-01,6.654281518519125083e-01,6.971661988449406877e-01,6.654281518593232470e-01,6.971656801856105368e-01,6.654281704818229004e-01,6.971625010262978428e-01,6.971625010790656329e-01,6.654285175377173678e-01,6.971352332800583307e-01,6.654553373608131928e-01,6.959799667919042143e-01,6.622627518884652842e-01,9.999999999999958922e-01,6.622627518896941901e-01,6.959799667864752237e-01,6.654553373516222115e-01,6.971352332743969704e-01,6.654285175240801653e-01,6.971625010616515628e-01,6.654281704945367304e-01,6.971656802259887931e-01,6.654281518552407348e-01,6.971661988957738032e-01,6.654281518532220163e-01,6.971656802375614248e-01,6.654281704901402472e-01,6.654281704820507182e-01,6.971625010257999078e-01,6.654285175410769027e-01,6.971352332204058255e-01,6.654553373725851095e-01,6.959799667450438099e-01,6.622627518896941901e-01,9.999999999999958922e-01,6.622627518942434399e-01,6.959799667336791229e-01,6.654553373823505202e-01,6.971352332211646630e-01,6.654285175303020772e-01,6.971625010339561612e-01,6.654281704816895626e-01,6.971656801814113402e-01,6.654281518595176470e-01,6.971661988466615334e-01,6.654281518553419872e-01,6.971656801926399138e-01,6.971656802329160296e-01,6.654281704935119945e-01,6.971625010900091013e-01,6.654285175316554390e-01,6.971352332873100854e-01,6.654553373699421126e-01,6.959799667864752237e-01,6.622627518942434399e-01,9.999999999999958922e-01,6.622627518757693288e-01,6.959799667971693360e-01,6.654553373581892917e-01,6.971352332663474094e-01,6.654285175453826806e-01,6.971625010662264588e-01,6.654281704897251348e-01,6.971656802389869512e-01,6.654281518560841713e-01,6.971661988918447239e-01,6.654281518677741536e-01,6.654281518363223125e-01,6.971656801797749825e-01,6.654281704760385274e-01,6.971625010053531524e-01,6.654285175263997543e-01,6.971352332150090314e-01,6.654553373516222115e-01,6.959799667336791229e-01,6.622627518757693288e-01,9.999999999999958922e-01,6.622627518860002560e-01,6.959799667130144307e-01,6.654553373446467912e-01,6.971352332128987195e-01,6.654285175112685247e-01,6.971625010062009187e-01,6.654281704712516898e-01,6.971656801712182716e-01,6.654281518394812300e-01,6.971661988482850125e-01,6.971661988975084157e-01,6.654281518758167202e-01,6.971656802532426589e-01,6.654281704955247179e-01,6.971625010937574363e-01,6.654285175496488236e-01,6.971352332743969704e-01,6.654553373823505202e-01,6.959799667971693360e-01,6.622627518860002560e-01,9.999999999999958922e-01,6.622627518882224784e-01,6.959799667911716892e-01,6.654553373863465460e-01,6.971352332716485023e-01,6.654285175458072299e-01,6.971625010840825087e-01,6.654281704948797893e-01,6.971656802439317735e-01,6.654281518754541214e-01,6.654281518379195903e-01,6.971661988417632294e-01,6.654281518496274472e-01,6.971656801744583465e-01,6.654281704798785668e-01,6.971625010198266859e-01,6.654285175240801653e-01,6.971352332211646630e-01,6.654553373581892917e-01,6.959799667130144307e-01,6.622627518882224784e-01,9.999999999999958922e-01,6.622627518664290225e-01,6.959799667349245711e-01,6.654553373440176278e-01,6.971352332057172418e-01,6.654285175254346374e-01,6.971625010034997461e-01,6.654281704690616639e-01,6.971656801790158120e-01,6.971656802300751909e-01,6.654281518537179529e-01,6.971661988957797984e-01,6.654281518472677792e-01,6.971656802356914762e-01,6.654281704820070864e-01,6.971625010616515628e-01,6.654285175303020772e-01,6.971352332663474094e-01,6.654553373446467912e-01,6.959799667911716892e-01,6.622627518664290225e-01,9.999999999999958922e-01,6.622627518852907125e-01,6.959799667675670154e-01,6.654553373539224825e-01,6.971352332662570372e-01,6.654285175218584980e-01,6.971625010728517147e-01,6.654281704852176293e-01,6.654281704849367429e-01,6.971656801892107680e-01,6.654281518691881336e-01,6.971661988512490860e-01,6.654281518699847187e-01,6.971656801945030901e-01,6.654281704945367304e-01,6.971625010339561612e-01,6.654285175453826806e-01,6.971352332128987195e-01,6.654553373863465460e-01,6.959799667349245711e-01,6.622627518852907125e-01,9.999999999999958922e-01,6.622627518820631831e-01,6.959799667412054358e-01,6.654553373712712716e-01,6.971352332152059850e-01,6.654285175344365477e-01,6.971625010272864964e-01,6.971625010619332263e-01,6.654281704819902110e-01,6.971656802366418271e-01,6.654281518421988340e-01,6.971661988945327959e-01,6.654281518519125083e-01,6.971656802259887931e-01,6.654281704816895626e-01,6.971625010662264588e-01,6.654285175112685247e-01,6.971352332716485023e-01,6.654553373440176278e-01,6.959799667675670154e-01,6.622627518820631831e-01,9.999999999999958922e-01,6.622627518707364658e-01,6.959799667750149466e-01,6.654553373502322122e-01,6.971352332644198402e-01,6.654285175293627175e-01,6.654285175225853610e-01,6.971625010216546681e-01,6.654281704854887458e-01,6.971656801800760750e-01,6.654281518586648847e-01,6.971661988449406877e-01,6.654281518552407348e-01,6.971656801814113402e-01,6.654281704897251348e-01,6.971625010062009187e-01,6.654285175458072299e-01,6.971352332057172418e-01,6.654553373539224825e-01,6.959799667412054358e-01,6.622627518707364658e-01,9.999999999999958922e-01,6.622627518806268876e-01,6.959799667268159462e-01,6.654553373579055187e-01,6.971352332209420632e-01,6.971352332619549230e-01,6.654285175372605110e-01,6.971625010777162679e-01,6.654281704820197429e-01,6.971656802390179264e-01,6.654281518593232470e-01,6.971661988957738032e-01,6.654281518595176470e-01,6.971656802389869512e-01,6.654281704712516898e-01,6.971625010840825087e-01,6.654285175254346374e-01,6.971352332662570372e-01,6.654553373712712716e-01,6.959799667750149466e-01,6.622627518806268876e-01,9.999999999999958922e-01,6.622627518804820035e-01,6.959799667771392473e-01,6.654553373700191621e-01,6.654553373537364092e-01,6.971352332249884931e-01,6.654285175301841715e-01,6.971625010240602993e-01,6.654281704860981472e-01,6.971656801856105368e-01,6.654281518532220163e-01,6.971661988466615334e-01,6.654281518560841713e-01,6.971656801712182716e-01,6.654281704948797893e-01,6.971625010034997461e-01,6.654285175218584980e-01,6.971352332152059850e-01,6.654553373502322122e-01,6.959799667268159462e-01,6.622627518804820035e-01,9.999999999999958922e-01,6.622627518761518006e-01,6.959799667421988634e-01,6.959799667705671711e-01,6.654553373625603507e-01,6.971352332708051769e-01,6.654285175235449268e-01,6.971625010774259446e-01,6.654281704818229004e-01,6.971656802375614248e-01,6.654281518553419872e-01,6.971661988918447239e-01,6.654281518394812300e-01,6.971656802439317735e-01,6.654281704690616639e-01,6.971625010728517147e-01,6.654285175344365477e-01,6.971352332644198402e-01,6.654553373579055187e-01,6.959799667771392473e-01,6.622627518761518006e-01,9.999999999999958922e-01,6.622627518877060027e-01,6.622627518853335671e-01,6.959799667532344802e-01,6.654553373744169775e-01,6.971352332280025266e-01,6.654285175433460875e-01,6.971625010262978428e-01,6.654281704901402472e-01,6.971656801926399138e-01,6.654281518677741536e-01,6.971661988482850125e-01,6.654281518754541214e-01,6.971656801790158120e-01,6.654281704852176293e-01,6.971625010272864964e-01,6.654285175293627175e-01,6.971352332209420632e-01,6.654553373700191621e-01,6.959799667421988634e-01,6.622627518877060027e-01,9.999999999999958922e-01
1.000000000000005329e+00,6.017445695231968816e-01,6.536129599641480326e-01,6.086903609825229378e-01,6.549630297972073301e-01,6.086344361701367944e-01,6.550068837124711774e-01,6.086333553319293044e-01,6.550118611895823229e-01,6.086332910123576356e-01,6.550126741208851522e-01,6.086332910195590973e-01,6.550118611841813099e-01,6.086333553510487882e-01,6.550068836872032785e-01,6.086344361776293566e-01,6.549630297630288922e-01,6.086903610003083775e-01,6.536129599426240278e-01,6.017445695363801139e-01,6.017445695231968816e-01,1.000000000000005329e+00,6.017445695514390680e-01,6.536129600823921137e-01,6.086903610395449915e-01,6.549630298727601163e-01,6.086344362040074785e-01,6.550068838038075603e-01,6.086333553625025150e-01,6.550118612927999795e-01,6.086332910825080766e-01,6.550126742152555526e-01,6.086332910490573900e-01,6.550118613148929736e-01,6.086333553371352512e-01,6.550068838157172557e-01,6.086344362029343369e-01,6.549630299011313106e-01,6.086903610058405079e-01,6.536129601172825376e-01,6.536129599641480326e-01,6.017445695514390680e-01,1.000000000000005329e+00,6.017445695292455987e-01,6.536129600000646356e-01,6.086903610065543813e-01,6.549630298017660168e-01,6.086344362045281731e-01,6.550068837249061193e-01,6.086333553388132422e-01,6.550118612213152725e-01,6.086332910437493027e-01,6.550126741189008506e-01,6.086332910781075967e-01,6.550118611945080493e-01,6.086333553622412795e-01,6.550068837187279502e-01,6.086344362038207390e-01,6.549630297679721602e-01,6.086903610349770899e-01,6.086903609825229378e-01,6.536129600823921137e-01,6.017445695292455987e-01,1.000000000000005329e+00,6.017445695390175597e-01,6.536129600577506027e-01,6.086903610059617442e-01,6.549630298666173633e-01,6.086344361833353478e-01,6.550068837798715959e-01,6.086333553583180844e-01,6.550118612807783736e-01,6.086332910271284868e-01,6.550126742248387757e-01,6.086332910170952903e-01,6.550118612896572712e-01,6.086333553409153385e-01,6.550068838087202971e-01,6.086344361630326993e-01,6.549630298890012359e-01,6.549630297972073301e-01,6.086903610395449915e-01,6.536129600000646356e-01,6.017445695390175597e-01,1.000000000000005329e+00,6.017445695418355278e-01,6.536129600020091912e-01,6.086903610333203041e-01,6.549630298057695921e-01,6.086344361923425872e-01,6.550068837445097714e-01,6.086333553543333830e-01,6.550118611975473959e-01,6.086332910847260802e-01,6.550126741129235208e-01,6.086332910672968000e-01,6.550118612099238291e-01,6.086333553759313286e-01,6.550068837092413165e-01,6.086344362296610688e-01,6.086344361701367944e-01,6.549630298727601163e-01,6.086903610065543813e-01,6.536129600577506027e-01,6.017445695418355278e-01,1.000000000000005329e+00,6.017445695282026552e-01,6.536129600731784839e-01,6.086903610041748403e-01,6.549630298631683445e-01,6.086344362020085219e-01,6.550068838008570316e-01,6.086333553308040933e-01,6.550118613116868715e-01,6.086332910245744188e-01,6.550126742182045270e-01,6.086332910430607424e-01,6.550118612960531550e-01,6.086333553270971697e-01,6.550068838066351873e-01,6.550068837124711774e-01,6.086344362040074785e-01,6.549630298017660168e-01,6.086903610059617442e-01,6.536129600020091912e-01,6.017445695282026552e-01,1.000000000000005329e+00,6.017445695381387072e-01,6.536129599776355770e-01,6.086903609962664996e-01,6.549630297883305419e-01,6.086344361852609186e-01,6.550068836937434913e-01,6.086333553718099587e-01,6.550118611841831973e-01,6.086332910602878510e-01,6.550126741238037065e-01,6.086332910622218595e-01,6.550118611930343393e-01,6.086333553692294673e-01,6.086333553319293044e-01,6.550068838038075603e-01,6.086344362045281731e-01,6.549630298666173633e-01,6.086903610333203041e-01,6.536129600731784839e-01,6.017445695381387072e-01,1.000000000000005329e+00,6.017445695384839865e-01,6.536129600720905763e-01,6.086903610341939386e-01,6.549630298842451515e-01,6.086344361846012241e-01,6.550068838252252057e-01,6.086333553253306938e-01,6.550118612988675704e-01,6.086332910455963807e-01,6.550126742190024443e-01,6.086332910353698944e-01,6.550118613093862674e-01,6.550118611895823229e-01,6.086333553625025150e-01,6.550068837249061193e-01,6.086344361833353478e-01,6.549630298057695921e-01,6.086903610041748403e-01,6.536129599776355770e-01,6.017445695384839865e-01,1.000000000000005329e+00,6.017445695175955844e-01,6.536129599970927906e-01,6.086903610062391889e-01,6.549630297771417142e-01,6.086344362167590560e-01,6.550068836996422172e-01,6.086333553603393565e-01,6.550118612075683799e-01,6.086332910613461156e-01,6.550126741101105488e-01,6.086332910793661455e-01,6.086332910123576356e-01,6.550118612927999795e-01,6.086333553388132422e-01,6.550068837798715959e-01,6.086344361923425872e-01,6.549630298631683445e-01,6.086903609962664996e-01,6.536129600720905763e-01,6.017445695175955844e-01,1.000000000000005329e+00,6.017445695363707880e-01,6.536129600524785976e-01,6.086903609831505468e-01,6.549630298755235724e-01,6.086344361565220185e-01,6.550068837938998190e-01,6.086333553277647468e-01,6.550118612855997391e-01,6.086332910158990250e-01,6.550126742255506507e-01,6.550126741208851522e-01,6.086332910825080766e-01,6.550118612213152725e-01,6.086333553583180844e-01,6.550068837445097714e-01,6.086344362020085219e-01,6.549630297883305419e-01,6.086903610341939386e-01,6.536129599970927906e-01,6.017445695363707880e-01,1.000000000000005329e+00,6.017445695418233154e-01,6.536129599874944685e-01,6.086903610533841436e-01,6.549630297858772821e-01,6.086344362213846892e-01,6.550068837327172044e-01,6.086333553791364315e-01,6.550118612083151159e-01,6.086332910907014115e-01,6.086332910195590973e-01,6.550126742152555526e-01,6.086332910437493027e-01,6.550118612807783736e-01,6.086333553543333830e-01,6.550068838008570316e-01,6.086344361852609186e-01,6.549630298842451515e-01,6.086903610062391889e-01,6.536129600524785976e-01,6.017445695418233154e-01,1.000000000000005329e+00,6.017445695061049982e-01,6.536129600893563207e-01,6.086903609746866506e-01,6.549630298719834043e-01,6.086344361775989364e-01,6.550068837884183148e-01,6.086333553175444777e-01,6.550118612965729614e-01,6.550118611841813099e-01,6.086332910490573900e-01,6.550126741189008506e-01,6.086332910271284868e-01,6.550118611975473959e-01,6.086333553308040933e-01,6.550068836937434913e-01,6.086344361846012241e-01,6.549630297771417142e-01,6.086903609831505468e-01,6.536129599874944685e-01,6.017445695061049982e-01,1.000000000000005329e+00,6.017445695421093088e-01,6.536129599435982485e-01,6.086903610025380384e-01,6.549630297817119473e-01,6.086344361873998743e-01,6.550068837029275892e-01,6.086333553590569378e-01,6.086333553510487882e-01,6.550118613148929736e-01,6.086332910781075967e-01,6.550126742248387757e-01,6.086332910847260802e-01,6.550118613116868715e-01,6.086333553718099587e-01,6.550068838252252057e-01,6.086344362167590560e-01,6.549630298755235724e-01,6.086903610533841436e-01,6.536129600893563207e-01,6.017445695421093088e-01,1.000000000000005329e+00,6.017445695323682120e-01,6.536129601049226467e-01,6.086903610291171107e-01,6.549630298873878598e-01,6.086344361997708674e-01,6.550068838262886883e-01,6.550068836872032785e-01,6.086333553371352512e-01,6.550118611945080493e-01,6.086332910170952903e-01,6.550126741129235208e-01,6.086332910245744188e-01,6.550118611841831973e-01,6.086333553253306938e-01,6.550068836996422172e-01,6.086344361565220185e-01,6.549630297858772821e-01,6.086903609746866506e-01,6.536129599435982485e-01,6.017445695323682120e-01,1.000000000000005329e+00,6.017445695170930975e-01,6.536129599571126603e-01,6.086903609985546693e-01,6.549630297660402611e-01,6.086344361944788783e-01,6.086344361776293566e-01,6.550068838157172557e-01,6.086333553622412795e-01,6.550118612896572712e-01,6.086332910672968000e-01,6.550126742182045270e-01,6.086332910602878510e-01,6.550118612988675704e-01,6.086333553603393565e-01,6.550068837938998190e-01,6.086344362213846892e-01,6.549630298719834043e-01,6.086903610025380384e-01,6.536129601049226467e-01,6.017445695170930975e-01,1.000000000000005329e+00,6.017445695363375924e-01,6.536129600917615079e-01,6.086903610044834823e-01,6.549630298973023734e-01,6.549630297630288922e-01,6.086344362029343369e-01,6.550068837187279502e-01,6.086333553409153385e-01,6.550118612099238291e-01,6.086332910430607424e-01,6.550126741238037065e-01,6.086332910455963807e-01,6.550118612075683799e-01,6.086333553277647468e-01,6.550068837327172044e-01,6.086344361775989364e-01,6.549630297817119473e-01,6.086903610291171107e-01,6.536129599571126603e-01,6.017445695363375924e-01,1.000000000000005329e+00,6.017445695371086423e-01,6.536129599599644902e-01,6.086903610288922906e-01,6.086903610003083775e-01,6.549630299011313106e-01,6.086344362038207390e-01,6.550068838087202971e-01,6.086333553759313286e-01,6.550118612960531550e-01,6.086332910622218595e-01,6.550126742190024443e-01,6.086332910613461156e-01,6.550118612855997391e-01,6.086333553791364315e-01,6.550068837884183148e-01,6.086344361873998743e-01,6.549630298873878598e-01,6.086903609985546693e-01,6.536129600917615079e-01,6.017445695371086423e-01,1.000000000000005329e+00,6.017445695221820268e-01,6.536129601133557898e-01,6.536129599426240278e-01,6.086903610058405079e-01,6.549630297679721602e-01,6.086344361630326993e-01,6.550068837092413165e-01,6.086333553270971697e-01,6.550118611930343393e-01,6.086332910353698944e-01,6.550126741101105488e-01,6.086332910158990250e-01,6.550118612083151159e-01,6.086333553175444777e-01,6.550068837029275892e-01,6.086344361997708674e-01,6.549630297660402611e-01,6.086903610044834823e-01,6.536129599599644902e-01,6.017445695221820268e-01,1.000000000000005329e+00,6.017445695388983218e-01,6.017445695363801139e-01,6.536129601172825376e-01,6.086903610349770899e-01,6.549630298890012359e-01,6.086344362296610688e-01,6.550068838066351873e-01,6.086333553692294673e-01,6.550118613093862674e-01,6.086332910793661455e-01,6.550126742255506507e-01,6.086332910907014115e-01,6.550118612965729614e-01,6.086333553590569378e-01,6.550068838262886883e-01,6.086344361944788783e-01,6.549630298973023734e-01,6.086903610288922906e-01,6.536129601133557898e-01,6.017445695388983218e-01,1.000000000000005329e+00
