1.000000000000013545e+00,7.675119750878598435e-01,7.747544366583862807e-01,7.676043010424686841e-01,7.748694743542138275e-01,7.676041322898154995e-01,7.748716872696115310e-01,7.676041348268491937e-01,7.748719283457784490e-01,7.676041355432970947e-01,7.748719667130148370e-01,7.676041355258885757e-01,7.748719283065588215e-01,7.676041347770165002e-01,7.748716872241855347e-01,7.676041322430474656e-01,7.748694743267066087e-01,7.676043010243115416e-01,7.747544366532232996e-01,7.675119750887099412e-01,7.675119750878598435e-01,1.000000000000013545e+00,7.675119750848606870e-01,7.747544366743258637e-01,7.676043010412612055e-01,7.748694743840608412e-01,7.676041322886425489e-01,7.748716872908603115e-01,7.676041348239817097e-01,7.748719283435872018e-01,7.676041355450510251e-01,7.748719667088894703e-01,7.676041355160263535e-01,7.748719283089604559e-01,7.676041347631703538e-01,7.748716872346153028e-01,7.676041322407507472e-01,7.748694743520717632e-01,7.676043010349837825e-01,7.747544366768226443e-01,7.747544366583862807e-01,7.675119750848606870e-01,1.000000000000013545e+00,7.675119750844909827e-01,7.747544366578614783e-01,7.676043010611149908e-01,7.748694743735921042e-01,7.676041323021776108e-01,7.748716872786550747e-01,7.676041348063709080e-01,7.748719283304409400e-01,7.676041355228964136e-01,7.748719666868588707e-01,7.676041355080034378e-01,7.748719282851087575e-01,7.676041347618068889e-01,7.748716872137595413e-01,7.676041322470781303e-01,7.748694743406444596e-01,7.676043010408372114e-01,7.676043010424686841e-01,7.747544366743258637e-01,7.675119750844909827e-01,1.000000000000013545e+00,7.675119750858169221e-01,7.747544366945098293e-01,7.676043010625259733e-01,7.748694743979755994e-01,7.676041323018693019e-01,7.748716872746711504e-01,7.676041348107132123e-01,7.748719283251316314e-01,7.676041355156373314e-01,7.748719666915133697e-01,7.676041354967273467e-01,7.748719283001375135e-01,7.676041347620756738e-01,7.748716872420770008e-01,7.676041322603732731e-01,7.748694743688094855e-01,7.748694743542138275e-01,7.676043010412612055e-01,7.747544366578614783e-01,7.675119750858169221e-01,1.000000000000013545e+00,7.675119751075595298e-01,7.747544366800106497e-01,7.676043010778171860e-01,7.748694743875551572e-01,7.676041322860450711e-01,7.748716872655562193e-01,7.676041347903475032e-01,7.748719283059007923e-01,7.676041355093825569e-01,7.748719666697601038e-01,7.676041354971460118e-01,7.748719282861427082e-01,7.676041347701962891e-01,7.748716872364700414e-01,7.676041322679880707e-01,7.676041322898154995e-01,7.748694743840608412e-01,7.676043010611149908e-01,7.747544366945098293e-01,7.675119751075595298e-01,1.000000000000013545e+00,7.675119751290924164e-01,7.747544367303771384e-01,7.676043010977300352e-01,7.748694744053827854e-01,7.676041323106228553e-01,7.748716872792200672e-01,7.676041348033180167e-01,7.748719283303987515e-01,7.676041355183248482e-01,7.748719666991209509e-01,7.676041355176235204e-01,7.748719283258839186e-01,7.676041348037081491e-01,7.748716872776268971e-01,7.748716872696115310e-01,7.676041322886425489e-01,7.748694743735921042e-01,7.676043010625259733e-01,7.747544366800106497e-01,7.675119751290924164e-01,1.000000000000013545e+00,7.675119751443255645e-01,7.747544367131318221e-01,7.676043010819580958e-01,7.748694743927772022e-01,7.676041322902565911e-01,7.748716872582339654e-01,7.676041347970447015e-01,7.748719283078718822e-01,7.676041355187380733e-01,7.748719666923828964e-01,7.676041355257428034e-01,7.748719283275687930e-01,7.676041348113050722e-01,7.676041348268491937e-01,7.748716872908603115e-01,7.676041323021776108e-01,7.748694743979755994e-01,7.676043010778171860e-01,7.747544367303771384e-01,7.675119751443255645e-01,1.000000000000013545e+00,7.675119751580453675e-01,7.747544367288947686e-01,7.676043011001593142e-01,7.748694744051231043e-01,7.676041322969152647e-01,7.748716872836111103e-01,7.676041347996855890e-01,7.748719283334930541e-01,7.676041355329125127e-01,7.748719667212656814e-01,7.676041355529561461e-01,7.748719283591365414e-01,7.748719283457784490e-01,7.676041348239817097e-01,7.748716872786550747e-01,7.676041323018693019e-01,7.748694743875551572e-01,7.676043010977300352e-01,7.747544367131318221e-01,7.675119751580453675e-01,1.000000000000013545e+00,7.675119751404537727e-01,7.747544367139062027e-01,7.676043010781682385e-01,7.748694743752513325e-01,7.676041322889698426e-01,7.748716872501772990e-01,7.676041347984216001e-01,7.748719283204485997e-01,7.676041355393646848e-01,7.748719667198786798e-01,7.676041355588587578e-01,7.676041355432970947e-01,7.748719283435872018e-01,7.676041348063709080e-01,7.748716872746711504e-01,7.676041322860450711e-01,7.748694744053827854e-01,7.676043010819580958e-01,7.747544367288947686e-01,7.675119751404537727e-01,1.000000000000013545e+00,7.675119751276759938e-01,7.747544366951299999e-01,7.676043010536824918e-01,7.748694743745682123e-01,7.676041322604781891e-01,7.748716872531378197e-01,7.676041347814973603e-01,7.748719283259215551e-01,7.676041355354702445e-01,7.748719667283762158e-01,7.748719667130148370e-01,7.676041355450510251e-01,7.748719283304409400e-01,7.676041348107132123e-01,7.748716872655562193e-01,7.676041323106228553e-01,7.748694743927772022e-01,7.676043011001593142e-01,7.747544367139062027e-01,7.675119751276759938e-01,1.000000000000013545e+00,7.675119751102621457e-01,7.747544366735917842e-01,7.676043010503534880e-01,7.748694743467399171e-01,7.676041322638340603e-01,7.748716872389533883e-01,7.676041347925558478e-01,7.748719283249174694e-01,7.676041355459919391e-01,7.676041355258885757e-01,7.748719667088894703e-01,7.676041355228964136e-01,7.748719283251316314e-01,7.676041347903475032e-01,7.748716872792200672e-01,7.676041322902565911e-01,7.748694744051231043e-01,7.676043010781682385e-01,7.747544366951299999e-01,7.675119751102621457e-01,1.000000000000013545e+00,7.675119750811553176e-01,7.747544366639900204e-01,7.676043010173266845e-01,7.748694743454744849e-01,7.676041322423758917e-01,7.748716872411919310e-01,7.676041347841329188e-01,7.748719283280409709e-01,7.748719283065588215e-01,7.676041355160263535e-01,7.748719666868588707e-01,7.676041355156373314e-01,7.748719283059007923e-01,7.676041348033180167e-01,7.748716872582339654e-01,7.676041322969152647e-01,7.748694743752513325e-01,7.676043010536824918e-01,7.747544366735917842e-01,7.675119750811553176e-01,1.000000000000013545e+00,7.675119750663803586e-01,7.747544366269942806e-01,7.676043010090862762e-01,7.748694743194260992e-01,7.676041322418278856e-01,7.748716872338686779e-01,7.676041347830514505e-01,7.676041347770165002e-01,7.748719283089604559e-01,7.676041355080034378e-01,7.748719666915133697e-01,7.676041355093825569e-01,7.748719283303987515e-01,7.676041347970447015e-01,7.748716872836111103e-01,7.676041322889698426e-01,7.748694743745682123e-01,7.676043010503534880e-01,7.747544366639900204e-01,7.675119750663803586e-01,1.000000000000013545e+00,7.675119750474090896e-01,7.747544366379420788e-01,7.676043010017173929e-01,7.748694743331180357e-01,7.676041322474926876e-01,7.748716872424585844e-01,7.748716872241855347e-01,7.676041347631703538e-01,7.748719282851087575e-01,7.676041354967273467e-01,7.748719666697601038e-01,7.676041355183248482e-01,7.748719283078718822e-01,7.676041347996855890e-01,7.748716872501772990e-01,7.676041322604781891e-01,7.748694743467399171e-01,7.676043010173266845e-01,7.747544366269942806e-01,7.675119750474090896e-01,1.000000000000013545e+00,7.675119750351701020e-01,7.747544366090211021e-01,7.676043009971349473e-01,7.748694743248327743e-01,7.676041322423955426e-01,7.676041322430474656e-01,7.748716872346153028e-01,7.676041347618068889e-01,7.748719283001375135e-01,7.676041354971460118e-01,7.748719666991209509e-01,7.676041355187380733e-01,7.748719283334930541e-01,7.676041347984216001e-01,7.748716872531378197e-01,7.676041322638340603e-01,7.748694743454744849e-01,7.676043010090862762e-01,7.747544366379420788e-01,7.675119750351701020e-01,1.000000000000013545e+00,7.675119750344605585e-01,7.747544366315464170e-01,7.676043010094854013e-01,7.748694743395854179e-01,7.748694743267066087e-01,7.676041322407507472e-01,7.748716872137595413e-01,7.676041347620756738e-01,7.748719282861427082e-01,7.676041355176235204e-01,7.748719666923828964e-01,7.676041355329125127e-01,7.748719283204485997e-01,7.676041347814973603e-01,7.748716872389533883e-01,7.676041322423758917e-01,7.748694743194260992e-01,7.676043010017173929e-01,7.747544366090211021e-01,7.675119750344605585e-01,1.000000000000013545e+00,7.675119750413950115e-01,7.747544366281263750e-01,7.676043010159583346e-01,7.676043010243115416e-01,7.748694743520717632e-01,7.676041322470781303e-01,7.748716872420770008e-01,7.676041347701962891e-01,7.748719283258839186e-01,7.676041355257428034e-01,7.748719667212656814e-01,7.676041355393646848e-01,7.748719283259215551e-01,7.676041347925558478e-01,7.748716872411919310e-01,7.676041322418278856e-01,7.748694743331180357e-01,7.676043009971349473e-01,7.747544366315464170e-01,7.675119750413950115e-01,1.000000000000013545e+00,7.675119750614498582e-01,7.747544366581177178e-01,7.747544366532232996e-01,7.676043010349837825e-01,7.748694743406444596e-01,7.676041322603732731e-01,7.748716872364700414e-01,7.676041348037081491e-01,7.748719283275687930e-01,7.676041355529561461e-01,7.748719667198786798e-01,7.676041355354702445e-01,7.748719283249174694e-01,7.676041347841329188e-01,7.748716872338686779e-01,7.676041322474926876e-01,7.748694743248327743e-01,7.676043010094854013e-01,7.747544366281263750e-01,7.675119750614498582e-01,1.000000000000013545e+00,7.675119750810244224e-01,7.675119750887099412e-01,7.747544366768226443e-01,7.676043010408372114e-01,7.748694743688094855e-01,7.676041322679880707e-01,7.748716872776268971e-01,7.676041348113050722e-01,7.748719283591365414e-01,7.676041355588587578e-01,7.748719667283762158e-01,7.676041355459919391e-01,7.748719283280409709e-01,7.676041347830514505e-01,7.748716872424585844e-01,7.676041322423955426e-01,7.748694743395854179e-01,7.676043010159583346e-01,7.747544366581177178e-01,7.675119750810244224e-01,1.000000000000013545e+00
9.999999999999943379e-01,7.655848326557006533e-01,7.732643923169622013e-01,7.656904336289257484e-01,7.733889926312348395e-01,7.656902309721612676e-01,7.733913960614247074e-01,7.656902336715524227e-01,7.733916582195441425e-01,7.656902344917306813e-01,7.733916999811104587e-01,7.656902345050196068e-01,7.733916582395496953e-01,7.656902337023241412e-01,7.733913960998413106e-01,7.656902310071103113e-01,7.733889926682560034e-01,7.656904336604836159e-01,7.732643923416970821e-01,7.655848326682741511e-01,7.655848326557006533e-01,9.999999999999943379e-01,7.655848326416481164e-01,7.732643923203528225e-01,7.656904336132058786e-01,7.733889926393797687e-01,7.656902309522385375e-01,7.733913960705557367e-01,7.656902336681602472e-01,7.733916582219348967e-01,7.656902345033421708e-01,7.733916999865598774e-01,7.656902345093026252e-01,7.733916582492181835e-01,7.656902336955775379e-01,7.733913961112333091e-01,7.656902310010389456e-01,7.733889926795975978e-01,7.656904336541643374e-01,7.732643923464456170e-01,7.732643923169622013e-01,7.655848326416481164e-01,9.999999999999943379e-01,7.655848326284760974e-01,7.732643922902328049e-01,7.656904336116094889e-01,7.733889926118386882e-01,7.656902309545133845e-01,7.733913960587399661e-01,7.656902336559940903e-01,7.733916582188786748e-01,7.656902344909872760e-01,7.733916999787381341e-01,7.656902345100596863e-01,7.733916582333066891e-01,7.656902336961910471e-01,7.733913960868592508e-01,7.656902309930431194e-01,7.733889926519010860e-01,7.656904336408433265e-01,7.656904336289257484e-01,7.732643923203528225e-01,7.655848326284760974e-01,9.999999999999943379e-01,7.655848326135114013e-01,7.732643923043143186e-01,7.656904335924953342e-01,7.733889926227419664e-01,7.656902309518900385e-01,7.733913960573273183e-01,7.656902336684214827e-01,7.733916582205038193e-01,7.656902344961091789e-01,7.733916999892839206e-01,7.656902345041001201e-01,7.733916582477118329e-01,7.656902336909019446e-01,7.733913961001177562e-01,7.656902309875929236e-01,7.733889926598743747e-01,7.733889926312348395e-01,7.656904336132058786e-01,7.732643922902328049e-01,7.655848326135114013e-01,9.999999999999943379e-01,7.655848326103789070e-01,7.732643922686018856e-01,7.656904335930463379e-01,7.733889926095784961e-01,7.656902309380452243e-01,7.733913960551118683e-01,7.656902336543880416e-01,7.733916582125872630e-01,7.656902344951610484e-01,7.733916999717409535e-01,7.656902345030333068e-01,7.733916582272087892e-01,7.656902336812433374e-01,7.733913960745126825e-01,7.656902309725587275e-01,7.656902309721612676e-01,7.733889926393797687e-01,7.656904336116094889e-01,7.732643923043143186e-01,7.655848326103789070e-01,9.999999999999943379e-01,7.655848326026899464e-01,7.732643922975983575e-01,7.656904336019870749e-01,7.733889926216135358e-01,7.656902309620586822e-01,7.733913960677774035e-01,7.656902336710889045e-01,7.733916582344492197e-01,7.656902345007560173e-01,7.733916999922101354e-01,7.656902345092869711e-01,7.733916582427657893e-01,7.656902336873441239e-01,7.733913960867269122e-01,7.733913960614247074e-01,7.656902309522385375e-01,7.733889926118386882e-01,7.656904335924953342e-01,7.732643922686018856e-01,7.655848326026899464e-01,9.999999999999943379e-01,7.655848325989143000e-01,7.732643922729215413e-01,7.656904335839581632e-01,7.733889926118028280e-01,7.656902309437630949e-01,7.733913960534286591e-01,7.656902336658548691e-01,7.733916582122175587e-01,7.656902344954217288e-01,7.733916999755280353e-01,7.656902344953631090e-01,7.733916582214703794e-01,7.656902336680249110e-01,7.656902336715524227e-01,7.733913960705557367e-01,7.656902309545133845e-01,7.733889926227419664e-01,7.656904335930463379e-01,7.732643922975983575e-01,7.655848325989143000e-01,9.999999999999943379e-01,7.655848326118954716e-01,7.732643922934252512e-01,7.656904336117605903e-01,7.733889926329629017e-01,7.656902309643506266e-01,7.733913960866218851e-01,7.656902336753474980e-01,7.733916582387038163e-01,7.656902345055716097e-01,7.733916999894659972e-01,7.656902345053681058e-01,7.733916582332711620e-01,7.733916582195441425e-01,7.656902336681602472e-01,7.733913960587399661e-01,7.656902309518900385e-01,7.733889926095784961e-01,7.656904336019870749e-01,7.732643922729215413e-01,7.655848326118954716e-01,9.999999999999943379e-01,7.655848326102229207e-01,7.732643922980669826e-01,7.656904336100976982e-01,7.733889926264406744e-01,7.656902309756747904e-01,7.733913960703334700e-01,7.656902336865659686e-01,7.733916582329141143e-01,7.656902345082178263e-01,7.733916999822292304e-01,7.656902345025772272e-01,7.656902344917306813e-01,7.733916582219348967e-01,7.656902336559940903e-01,7.733913960573273183e-01,7.656902309380452243e-01,7.733889926216135358e-01,7.656904335839581632e-01,7.732643922934252512e-01,7.655848326102229207e-01,9.999999999999943379e-01,7.655848326238224866e-01,7.732643923045551260e-01,7.656904336162453362e-01,7.733889926503598744e-01,7.656902309707503962e-01,7.733913960909620799e-01,7.656902336823478983e-01,7.733916582399890105e-01,7.656902345038459901e-01,7.733916999880675602e-01,7.733916999811104587e-01,7.656902345033421708e-01,7.733916582188786748e-01,7.656902336684214827e-01,7.733913960551118683e-01,7.656902309620586822e-01,7.733889926118028280e-01,7.656904336117605903e-01,7.732643922980669826e-01,7.655848326238224866e-01,9.999999999999943379e-01,7.655848326370952028e-01,7.732643923167936695e-01,7.656904336425729429e-01,7.733889926495624012e-01,7.656902309969731979e-01,7.733913960936154020e-01,7.656902336999775738e-01,7.733916582428681519e-01,7.656902345160564449e-01,7.656902345050196068e-01,7.733916999865598774e-01,7.656902344909872760e-01,7.733916582205038193e-01,7.656902336543880416e-01,7.733913960677774035e-01,7.656902309437630949e-01,7.733889926329629017e-01,7.656904336100976982e-01,7.732643923045551260e-01,7.655848326370952028e-01,9.999999999999943379e-01,7.655848326429389727e-01,7.732643923356387061e-01,7.656904336374682485e-01,7.733889926702689488e-01,7.656902309925786021e-01,7.733913961014382554e-01,7.656902336954409805e-01,7.733916582472359913e-01,7.733916582395496953e-01,7.656902345093026252e-01,7.733916999787381341e-01,7.656902344961091789e-01,7.733916582125872630e-01,7.656902336710889045e-01,7.733913960534286591e-01,7.656902309643506266e-01,7.733889926264406744e-01,7.656904336162453362e-01,7.732643923167936695e-01,7.655848326429389727e-01,9.999999999999943379e-01,7.655848326621634836e-01,7.732643923299428179e-01,7.656904336563957747e-01,7.733889926651211777e-01,7.656902310028971259e-01,7.733913961028943129e-01,7.656902337003387293e-01,7.656902337023241412e-01,7.733916582492181835e-01,7.656902345100596863e-01,7.733916999892839206e-01,7.656902344951610484e-01,7.733916582344492197e-01,7.656902336658548691e-01,7.733913960866218851e-01,7.656902309756747904e-01,7.733889926503598744e-01,7.656904336425729429e-01,7.732643923356387061e-01,7.655848326621634836e-01,9.999999999999943379e-01,7.655848326700713802e-01,7.732643923615425408e-01,7.656904336650514065e-01,7.733889926831177819e-01,7.656902310114066523e-01,7.733913961110570057e-01,7.733913960998413106e-01,7.656902336955775379e-01,7.733916582333066891e-01,7.656902345041001201e-01,7.733916999717409535e-01,7.656902345007560173e-01,7.733916582122175587e-01,7.656902336753474980e-01,7.733913960703334700e-01,7.656902309707503962e-01,7.733889926495624012e-01,7.656904336374682485e-01,7.732643923299428179e-01,7.655848326700713802e-01,9.999999999999943379e-01,7.655848326779364221e-01,7.732643923468623948e-01,7.656904336642590403e-01,7.733889926772572476e-01,7.656902310052217109e-01,7.656902310071103113e-01,7.733913961112333091e-01,7.656902336961910471e-01,7.733916582477118329e-01,7.656902345030333068e-01,7.733916999922101354e-01,7.656902344954217288e-01,7.733916582387038163e-01,7.656902336865659686e-01,7.733913960909620799e-01,7.656902309969731979e-01,7.733889926702689488e-01,7.656904336563957747e-01,7.732643923615425408e-01,7.655848326779364221e-01,9.999999999999943379e-01,7.655848326864403974e-01,7.732643923677631204e-01,7.656904336726656490e-01,7.733889926848597218e-01,7.733889926682560034e-01,7.656902310010389456e-01,7.733913960868592508e-01,7.656902336909019446e-01,7.733916582272087892e-01,7.656902345092869711e-01,7.733916999755280353e-01,7.656902345055716097e-01,7.733916582329141143e-01,7.656902336823478983e-01,7.733913960936154020e-01,7.656902309925786021e-01,7.733889926651211777e-01,7.656904336650514065e-01,7.732643923468623948e-01,7.655848326864403974e-01,9.999999999999943379e-01,7.655848326862819686e-01,7.732643923552031673e-01,7.656904336671876976e-01,7.656904336604836159e-01,7.733889926795975978e-01,7.656902309930431194e-01,7.733913961001177562e-01,7.656902336812433374e-01,7.733916582427657893e-01,7.656902344953631090e-01,7.733916999894659972e-01,7.656902345082178263e-01,7.733916582399890105e-01,7.656902336999775738e-01,7.733913961014382554e-01,7.656902310028971259e-01,7.733889926831177819e-01,7.656904336642590403e-01,7.732643923677631204e-01,7.655848326862819686e-01,9.999999999999943379e-01,7.655848326860967834e-01,7.732643923631090654e-01,7.732643923416970821e-01,7.656904336541643374e-01,7.733889926519010860e-01,7.656902309875929236e-01,7.733913960745126825e-01,7.656902336873441239e-01,7.733916582214703794e-01,7.656902345053681058e-01,7.733916999822292304e-01,7.656902345038459901e-01,7.733916582428681519e-01,7.656902336954409805e-01,7.733913961028943129e-01,7.656902310114066523e-01,7.733889926772572476e-01,7.656904336726656490e-01,7.732643923552031673e-01,7.655848326860967834e-01,9.999999999999943379e-01,7.655848326805840820e-01,7.655848326682741511e-01,7.732643923464456170e-01,7.656904336408433265e-01,7.733889926598743747e-01,7.656902309725587275e-01,7.733913960867269122e-01,7.656902336680249110e-01,7.733916582332711620e-01,7.656902345025772272e-01,7.733916999880675602e-01,7.656902345160564449e-01,7.733916582472359913e-01,7.656902337003387293e-01,7.733913961110570057e-01,7.656902310052217109e-01,7.733889926848597218e-01,7.656904336671876976e-01,7.732643923631090654e-01,7.655848326805840820e-01,9.999999999999943379e-01
1.000000000000008660e+00,7.634852743374935802e-01,7.716423284541669148e-01,7.636064841419236693e-01,7.717775167896265831e-01,7.636062399848215776e-01,7.717801324279454089e-01,7.636062428736950514e-01,7.717804181179767076e-01,7.636062437914017398e-01,7.717804636319087752e-01,7.636062437941452119e-01,7.717804181155540899e-01,7.636062428763702448e-01,7.717801324337660862e-01,7.636062399945693357e-01,7.717775168025643451e-01,7.636064841554641713e-01,7.716423284708512353e-01,7.634852743420715848e-01,7.634852743374935802e-01,1.000000000000008660e+00,7.634852743279332277e-01,7.716423284534180693e-01,7.636064841303624728e-01,7.717775167926723690e-01,7.636062399768274167e-01,7.717801324293630527e-01,7.636062428734380347e-01,7.717804181091265647e-01,7.636062437959780791e-01,7.717804636265970242e-01,7.636062437924071578e-01,7.717804181122256413e-01,7.636062428675570724e-01,7.717801324371791338e-01,7.636062399882932450e-01,7.717775168098717220e-01,7.636064841554525140e-01,7.716423284651319214e-01,7.716423284541669148e-01,7.634852743279332277e-01,1.000000000000008660e+00,7.634852743221373084e-01,7.716423284381838110e-01,7.636064841334382347e-01,7.717775167843511364e-01,7.636062399804239842e-01,7.717801324293371845e-01,7.636062428603833663e-01,7.717804181096720173e-01,7.636062437847539464e-01,7.717804636238742022e-01,7.636062437888198051e-01,7.717804181035849975e-01,7.636062428694246895e-01,7.717801324240564087e-01,7.636062399882698193e-01,7.717775168010242437e-01,7.636064841437699702e-01,7.636064841419236693e-01,7.716423284534180693e-01,7.634852743221373084e-01,1.000000000000008660e+00,7.634852743138713649e-01,7.716423284485314227e-01,7.636064841288545679e-01,7.717775167912153123e-01,7.636062399834260273e-01,7.717801324202986368e-01,7.636062428683912939e-01,7.717804181059088053e-01,7.636062437865108743e-01,7.717804636227000303e-01,7.636062437833164296e-01,7.717804181123194551e-01,7.636062428664660562e-01,7.717801324341651004e-01,7.636062399918894794e-01,7.717775168008758069e-01,7.717775167896265831e-01,7.636064841303624728e-01,7.716423284381838110e-01,7.634852743138713649e-01,1.000000000000008660e+00,7.634852743153125454e-01,7.716423284348776779e-01,7.636064841301735129e-01,7.717775167898345279e-01,7.636062399682738144e-01,7.717801324205573188e-01,7.636062428550541847e-01,7.717804180999152663e-01,7.636062437807353831e-01,7.717804636116896155e-01,7.636062437830943850e-01,7.717804181011135300e-01,7.636062428644059263e-01,7.717801324266390095e-01,7.636062399780225718e-01,7.636062399848215776e-01,7.717775167926723690e-01,7.636064841334382347e-01,7.716423284485314227e-01,7.634852743153125454e-01,1.000000000000008660e+00,7.634852743190426727e-01,7.716423284537248239e-01,7.636064841420369120e-01,7.717775167911693490e-01,7.636062399852214799e-01,7.717801324231895466e-01,7.636062428657173218e-01,7.717804181087201121e-01,7.636062437840022143e-01,7.717804636241077931e-01,7.636062437888863075e-01,7.717804181151284304e-01,7.636062428767874666e-01,7.717801324293707133e-01,7.717801324279454089e-01,7.636062399768274167e-01,7.717775167843511364e-01,7.636064841288545679e-01,7.716423284348776779e-01,7.634852743190426727e-01,1.000000000000008660e+00,7.634852743234644690e-01,7.716423284501708890e-01,7.636064841304860407e-01,7.717775167913126788e-01,7.636062399751974983e-01,7.717801324225953552e-01,7.636062428631967824e-01,7.717804181008116604e-01,7.636062437871204978e-01,7.717804636230136683e-01,7.636062437901517397e-01,7.717804181153593568e-01,7.636062428661958279e-01,7.636062428736950514e-01,7.717801324293630527e-01,7.636062399804239842e-01,7.717775167912153123e-01,7.636064841301735129e-01,7.716423284537248239e-01,7.634852743234644690e-01,1.000000000000008660e+00,7.634852743362627869e-01,7.716423284553773909e-01,7.636064841476538634e-01,7.717775167993892182e-01,7.636062399864615990e-01,7.717801324360337167e-01,7.636062428670858937e-01,7.717804181151409759e-01,7.636062437935261515e-01,7.717804636320702016e-01,7.636062438031825383e-01,7.717804181155483167e-01,7.717804181179767076e-01,7.636062428734380347e-01,7.717801324293371845e-01,7.636062399834260273e-01,7.717775167898345279e-01,7.636064841420369120e-01,7.716423284501708890e-01,7.634852743362627869e-01,1.000000000000008660e+00,7.634852743320210688e-01,7.716423284627083046e-01,7.636064841457245178e-01,7.717775167984839424e-01,7.636062399917454835e-01,7.717801324273766417e-01,7.636062428780088229e-01,7.717804181178461453e-01,7.636062438026685051e-01,7.717804636394597351e-01,7.636062438002946262e-01,7.636062437914017398e-01,7.717804181091265647e-01,7.636062428603833663e-01,7.717801324202986368e-01,7.636062399682738144e-01,7.717775167911693490e-01,7.636064841304860407e-01,7.716423284553773909e-01,7.634852743320210688e-01,1.000000000000008660e+00,7.634852743333682135e-01,7.716423284543306726e-01,7.636064841403419345e-01,7.717775167995023500e-01,7.636062399790866095e-01,7.717801324317272726e-01,7.636062428680607805e-01,7.717804181167828848e-01,7.636062437993407226e-01,7.717804636305383159e-01,7.717804636319087752e-01,7.636062437959780791e-01,7.717804181096720173e-01,7.636062428683912939e-01,7.717801324205573188e-01,7.636062399852214799e-01,7.717775167913126788e-01,7.636064841476538634e-01,7.716423284627083046e-01,7.634852743333682135e-01,1.000000000000008660e+00,7.634852743359745730e-01,7.716423284607484279e-01,7.636064841504848211e-01,7.717775167983815798e-01,7.636062399948702062e-01,7.717801324345691105e-01,7.636062428819337944e-01,7.717804181262860608e-01,7.636062438012333198e-01,7.636062437941452119e-01,7.717804636265970242e-01,7.636062437847539464e-01,7.717804181059088053e-01,7.636062428550541847e-01,7.717801324231895466e-01,7.636062399751974983e-01,7.717775167993892182e-01,7.636064841457245178e-01,7.716423284543306726e-01,7.634852743359745730e-01,1.000000000000008660e+00,7.634852743321212110e-01,7.716423284602257349e-01,7.636064841396628111e-01,7.717775168048734979e-01,7.636062399867445949e-01,7.717801324353760206e-01,7.636062428805162616e-01,7.717804181173002487e-01,7.717804181155540899e-01,7.636062437924071578e-01,7.717804636238742022e-01,7.636062437865108743e-01,7.717804180999152663e-01,7.636062428657173218e-01,7.717801324225953552e-01,7.636062399864615990e-01,7.717775167984839424e-01,7.636064841403419345e-01,7.716423284607484279e-01,7.634852743321212110e-01,1.000000000000008660e+00,7.634852743366508099e-01,7.716423284532540894e-01,7.636064841492335997e-01,7.717775167997849017e-01,7.636062399943595036e-01,7.717801324439768074e-01,7.636062428761463128e-01,7.636062428763702448e-01,7.717804181122256413e-01,7.636062437888198051e-01,7.717804636227000303e-01,7.636062437807353831e-01,7.717804181087201121e-01,7.636062428631967824e-01,7.717801324360337167e-01,7.636062399917454835e-01,7.717775167995023500e-01,7.636064841504848211e-01,7.716423284602257349e-01,7.634852743366508099e-01,1.000000000000008660e+00,7.634852743331800307e-01,7.716423284667894844e-01,7.636064841485061816e-01,7.717775168071800973e-01,7.636062400003537087e-01,7.717801324354574000e-01,7.717801324337660862e-01,7.636062428675570724e-01,7.717804181035849975e-01,7.636062437833164296e-01,7.717804636116896155e-01,7.636062437840022143e-01,7.717804181008116604e-01,7.636062428670858937e-01,7.717801324273766417e-01,7.636062399790866095e-01,7.717775167983815798e-01,7.636064841396628111e-01,7.716423284532540894e-01,7.634852743331800307e-01,1.000000000000008660e+00,7.634852743356140836e-01,7.716423284557870632e-01,7.636064841487847366e-01,7.717775168089748838e-01,7.636062399886974772e-01,7.636062399945693357e-01,7.717801324371791338e-01,7.636062428694246895e-01,7.717804181123194551e-01,7.636062437830943850e-01,7.717804636241077931e-01,7.636062437871204978e-01,7.717804181151409759e-01,7.636062428780088229e-01,7.717801324317272726e-01,7.636062399948702062e-01,7.717775168048734979e-01,7.636064841492335997e-01,7.716423284667894844e-01,7.634852743356140836e-01,1.000000000000008660e+00,7.634852743403092168e-01,7.716423284704917451e-01,7.636064841603826814e-01,7.717775168064699987e-01,7.717775168025643451e-01,7.636062399882932450e-01,7.717801324240564087e-01,7.636062428664660562e-01,7.717804181011135300e-01,7.636062437888863075e-01,7.717804636230136683e-01,7.636062437935261515e-01,7.717804181178461453e-01,7.636062428680607805e-01,7.717801324345691105e-01,7.636062399867445949e-01,7.717775167997849017e-01,7.636064841485061816e-01,7.716423284557870632e-01,7.634852743403092168e-01,1.000000000000008660e+00,7.634852743429352273e-01,7.716423284701415808e-01,7.636064841513681145e-01,7.636064841554641713e-01,7.717775168098717220e-01,7.636062399882698193e-01,7.717801324341651004e-01,7.636062428644059263e-01,7.717804181151284304e-01,7.636062437901517397e-01,7.717804636320702016e-01,7.636062438026685051e-01,7.717804181167828848e-01,7.636062428819337944e-01,7.717801324353760206e-01,7.636062399943595036e-01,7.717775168071800973e-01,7.636064841487847366e-01,7.716423284704917451e-01,7.634852743429352273e-01,1.000000000000008660e+00,7.634852743527412722e-01,7.716423284715496766e-01,7.716423284708512353e-01,7.636064841554525140e-01,7.717775168010242437e-01,7.636062399918894794e-01,7.717801324266390095e-01,7.636062428767874666e-01,7.717804181153593568e-01,7.636062438031825383e-01,7.717804636394597351e-01,7.636062437993407226e-01,7.717804181262860608e-01,7.636062428805162616e-01,7.717801324439768074e-01,7.636062400003537087e-01,7.717775168089748838e-01,7.636064841603826814e-01,7.716423284701415808e-01,7.634852743527412722e-01,1.000000000000008660e+00,7.634852743508863115e-01,7.634852743420715848e-01,7.716423284651319214e-01,7.636064841437699702e-01,7.717775168008758069e-01,7.636062399780225718e-01,7.717801324293707133e-01,7.636062428661958279e-01,7.717804181155483167e-01,7.636062438002946262e-01,7.717804636305383159e-01,7.636062438012333198e-01,7.717804181173002487e-01,7.636062428761463128e-01,7.717801324354574000e-01,7.636062399886974772e-01,7.717775168064699987e-01,7.636064841513681145e-01,7.716423284715496766e-01,7.634852743508863115e-01,1.000000000000008660e+00
1.000000000000019318e+00,7.611927066423447297e-01,7.698727316687965505e-01,7.613323459531204929e-01,7.700196623178610089e-01,7.613320507426495354e-01,7.700225148259302044e-01,7.613320537973751190e-01,7.700228268421952516e-01,7.613320548276734101e-01,7.700228765717070933e-01,7.613320548310104074e-01,7.700228268447948388e-01,7.613320538007979366e-01,7.700225148301050870e-01,7.613320507425735961e-01,7.700196623190813661e-01,7.613323459521069703e-01,7.698727316685669564e-01,7.611927066415647980e-01,7.611927066423447297e-01,1.000000000000019318e+00,7.611927066438369804e-01,7.698727316684704780e-01,7.613323459500287438e-01,7.700196623181838618e-01,7.613320507356681199e-01,7.700225148245453122e-01,7.613320537976689950e-01,7.700228268354799566e-01,7.613320548355858586e-01,7.700228765674218545e-01,7.613320548347890515e-01,7.700228268419913036e-01,7.613320537977077418e-01,7.700225148294093103e-01,7.613320507408347648e-01,7.700196623195838530e-01,7.613323459530644266e-01,7.698727316669482512e-01,7.698727316687965505e-01,7.611927066438369804e-01,1.000000000000019318e+00,7.611927066453882951e-01,7.698727316680915589e-01,7.613323459560696893e-01,7.700196623179557109e-01,7.613320507409995219e-01,7.700225148306161227e-01,7.613320537937008359e-01,7.700228268458551018e-01,7.613320548325001047e-01,7.700228765750336546e-01,7.613320548377725538e-01,7.700228268440445500e-01,7.613320538019702211e-01,7.700225148280236409e-01,7.613320507417109528e-01,7.700196623194400791e-01,7.613323459522935988e-01,7.613323459531204929e-01,7.698727316684704780e-01,7.611927066453882951e-01,1.000000000000019318e+00,7.611927066423316290e-01,7.698727316711649893e-01,7.613323459491454503e-01,7.700196623164283771e-01,7.613320507413334770e-01,7.700225148217212379e-01,7.613320538016508099e-01,7.700228268392406150e-01,7.613320548363582407e-01,7.700228765724604907e-01,7.613320548347320971e-01,7.700228268447720792e-01,7.613320538002769089e-01,7.700225148293096122e-01,7.613320507427213668e-01,7.700196623186212896e-01,7.700196623178610089e-01,7.613323459500287438e-01,7.698727316680915589e-01,7.611927066423316290e-01,1.000000000000019318e+00,7.611927066438035627e-01,7.698727316626166051e-01,7.613323459498810841e-01,7.700196623182875566e-01,7.613320507327618891e-01,7.700225148288938337e-01,7.613320537939972654e-01,7.700228268435200807e-01,7.613320548347565220e-01,7.700228765704743017e-01,7.613320548343966987e-01,7.700228268423323641e-01,7.613320537965803103e-01,7.700225148268743380e-01,7.613320507373457779e-01,7.613320507426495354e-01,7.700196623181838618e-01,7.613323459560696893e-01,7.698727316711649893e-01,7.611927066438035627e-01,1.000000000000019318e+00,7.611927066413459730e-01,7.698727316695999079e-01,7.613323459546849081e-01,7.700196623148976016e-01,7.613320507451971642e-01,7.700225148266105490e-01,7.613320538023358175e-01,7.700228268451732028e-01,7.613320548361830475e-01,7.700228765728224234e-01,7.613320548371942387e-01,7.700228268428904732e-01,7.613320538020631467e-01,7.700225148270649633e-01,7.700225148259302044e-01,7.613320507356681199e-01,7.700196623179557109e-01,7.613323459491454503e-01,7.698727316626166051e-01,7.611927066413459730e-01,1.000000000000019318e+00,7.611927066381665163e-01,7.698727316638380724e-01,7.613323459422184358e-01,7.700196623169958121e-01,7.613320507336304166e-01,7.700225148258068586e-01,7.613320537967998014e-01,7.700228268391610120e-01,7.613320548319152392e-01,7.700228765708061474e-01,7.613320548295697821e-01,7.700228268410027610e-01,7.613320537927669163e-01,7.613320537973751190e-01,7.700225148245453122e-01,7.613320507409995219e-01,7.700196623164283771e-01,7.613323459498810841e-01,7.698727316695999079e-01,7.611927066381665163e-01,1.000000000000019318e+00,7.611927066423209709e-01,7.698727316621678529e-01,7.613323459539472760e-01,7.700196623160460163e-01,7.613320507412325577e-01,7.700225148306162337e-01,7.613320537975080127e-01,7.700228268420300504e-01,7.613320548340000160e-01,7.700228765678537313e-01,7.613320548343273098e-01,7.700228268387399044e-01,7.700228268421952516e-01,7.613320537976689950e-01,7.700225148306161227e-01,7.613320507413334770e-01,7.700196623182875566e-01,7.613323459546849081e-01,7.698727316638380724e-01,7.611927066423209709e-01,1.000000000000019318e+00,7.611927066370898221e-01,7.698727316700908485e-01,7.613323459496588175e-01,7.700196623179630384e-01,7.613320507430016981e-01,7.700225148266254260e-01,7.613320538005402538e-01,7.700228268443991553e-01,7.613320548336567350e-01,7.700228765721262025e-01,7.613320548323178061e-01,7.613320548276734101e-01,7.700228268354799566e-01,7.613320537937008359e-01,7.700225148217212379e-01,7.613320507327618891e-01,7.700196623148976016e-01,7.613323459422184358e-01,7.698727316621678529e-01,7.611927066370898221e-01,1.000000000000019318e+00,7.611927066395640651e-01,7.698727316601177151e-01,7.613323459480059174e-01,7.700196623163085841e-01,7.613320507344447652e-01,7.700225148245649631e-01,7.613320537933405685e-01,7.700228268359686767e-01,7.613320548291375722e-01,7.700228765644032691e-01,7.700228765717070933e-01,7.613320548355858586e-01,7.700228268458551018e-01,7.613320538016508099e-01,7.700225148288938337e-01,7.613320507451971642e-01,7.700196623169958121e-01,7.613323459539472760e-01,7.698727316700908485e-01,7.611927066395640651e-01,1.000000000000019318e+00,7.611927066429415856e-01,7.698727316715163749e-01,7.613323459573856367e-01,7.700196623202471002e-01,7.613320507450923591e-01,7.700225148312963563e-01,7.613320538006478344e-01,7.700228268451759783e-01,7.613320548347932704e-01,7.613320548310104074e-01,7.700228765674218545e-01,7.613320548325001047e-01,7.700228268392406150e-01,7.613320537939972654e-01,7.700225148266105490e-01,7.613320507336304166e-01,7.700196623160460163e-01,7.613323459496588175e-01,7.698727316601177151e-01,7.611927066429415856e-01,1.000000000000019318e+00,7.611927066421321220e-01,7.698727316685576305e-01,7.613323459497097767e-01,7.700196623189403677e-01,7.613320507387880687e-01,7.700225148244568274e-01,7.613320537970276192e-01,7.700228268379959440e-01,7.700228268447948388e-01,7.613320548347890515e-01,7.700228765750336546e-01,7.613320548363582407e-01,7.700228268435200807e-01,7.613320538023358175e-01,7.700225148258068586e-01,7.613320507412325577e-01,7.700196623179630384e-01,7.613323459480059174e-01,7.698727316715163749e-01,7.611927066421321220e-01,1.000000000000019318e+00,7.611927066474208914e-01,7.698727316693882994e-01,7.613323459562444384e-01,7.700196623214941027e-01,7.613320507419736316e-01,7.700225148323729396e-01,7.613320537985333036e-01,7.613320538007979366e-01,7.700228268419913036e-01,7.613320548377725538e-01,7.700228765724604907e-01,7.613320548347565220e-01,7.700228268451732028e-01,7.613320537967998014e-01,7.700225148306162337e-01,7.613320507430016981e-01,7.700196623163085841e-01,7.613323459573856367e-01,7.698727316685576305e-01,7.611927066474208914e-01,1.000000000000019318e+00,7.611927066457764290e-01,7.698727316733123827e-01,7.613323459559985240e-01,7.700196623190922462e-01,7.613320507443821494e-01,7.700225148264888686e-01,7.700225148301050870e-01,7.613320537977077418e-01,7.700228268440445500e-01,7.613320548347320971e-01,7.700228765704743017e-01,7.613320548361830475e-01,7.700228268391610120e-01,7.613320537975080127e-01,7.700225148266254260e-01,7.613320507344447652e-01,7.700196623202471002e-01,7.613323459497097767e-01,7.698727316693882994e-01,7.611927066457764290e-01,1.000000000000019318e+00,7.611927066454273749e-01,7.698727316692520750e-01,7.613323459522688408e-01,7.700196623225772363e-01,7.613320507390054503e-01,7.613320507425735961e-01,7.700225148294093103e-01,7.613320538019702211e-01,7.700228268447720792e-01,7.613320548343966987e-01,7.700228765728224234e-01,7.613320548319152392e-01,7.700228268420300504e-01,7.613320538005402538e-01,7.700225148245649631e-01,7.613320507450923591e-01,7.700196623189403677e-01,7.613323459562444384e-01,7.698727316733123827e-01,7.611927066454273749e-01,1.000000000000019318e+00,7.611927066464490022e-01,7.698727316698590339e-01,7.613323459559501183e-01,7.700196623170396659e-01,7.700196623190813661e-01,7.613320507408347648e-01,7.700225148280236409e-01,7.613320538002769089e-01,7.700228268423323641e-01,7.613320548371942387e-01,7.700228765708061474e-01,7.613320548340000160e-01,7.700228268443991553e-01,7.613320537933405685e-01,7.700225148312963563e-01,7.613320507387880687e-01,7.700196623214941027e-01,7.613323459559985240e-01,7.698727316692520750e-01,7.611927066464490022e-01,1.000000000000019318e+00,7.611927066440448142e-01,7.698727316706763801e-01,7.613323459519500958e-01,7.613323459521069703e-01,7.700196623195838530e-01,7.613320507417109528e-01,7.700225148293096122e-01,7.613320537965803103e-01,7.700228268428904732e-01,7.613320548295697821e-01,7.700228765678537313e-01,7.613320548336567350e-01,7.700228268359686767e-01,7.613320538006478344e-01,7.700225148244568274e-01,7.613320507419736316e-01,7.700196623190922462e-01,7.613323459522688408e-01,7.698727316698590339e-01,7.611927066440448142e-01,1.000000000000019318e+00,7.611927066443562317e-01,7.698727316668722009e-01,7.698727316685669564e-01,7.613323459530644266e-01,7.700196623194400791e-01,7.613320507427213668e-01,7.700225148268743380e-01,7.613320538020631467e-01,7.700228268410027610e-01,7.613320548343273098e-01,7.700228765721262025e-01,7.613320548291375722e-01,7.700228268451759783e-01,7.613320537970276192e-01,7.700225148323729396e-01,7.613320507443821494e-01,7.700196623225772363e-01,7.613323459559501183e-01,7.698727316706763801e-01,7.611927066443562317e-01,1.000000000000019318e+00,7.611927066430278499e-01,7.611927066415647980e-01,7.698727316669482512e-01,7.613323459522935988e-01,7.700196623186212896e-01,7.613320507373457779e-01,7.700225148270649633e-01,7.613320537927669163e-01,7.700228268387399044e-01,7.613320548323178061e-01,7.700228765644032691e-01,7.613320548347932704e-01,7.700228268379959440e-01,7.613320537985333036e-01,7.700225148264888686e-01,7.613320507390054503e-01,7.700196623170396659e-01,7.613323459519500958e-01,7.698727316668722009e-01,7.611927066430278499e-01,1.000000000000019318e+00
