9.999999999999915623e-01,7.248901517989606580e-01,7.421502406353781556e-01,7.256450807514132073e-01,7.426184059925927672e-01,7.256413276453074213e-01,7.426280565618295082e-01,7.256413030413381149e-01,7.426291462462373261e-01,7.256413045115785998e-01,7.426293214661849884e-01,7.256413045241756343e-01,7.426291462464577053e-01,7.256413030557372634e-01,7.426280565572618286e-01,7.256413276312931870e-01,7.426184059933110815e-01,7.256450807529676306e-01,7.421502406323297052e-01,7.248901518036523495e-01,7.248901517989606580e-01,9.999999999999915623e-01,7.248901518092788487e-01,7.421502407422670977e-01,7.256450807633535449e-01,7.426184060973042289e-01,7.256413276273789847e-01,7.426280566529749327e-01,7.256413030533253039e-01,7.426291463204510723e-01,7.256413045821801244e-01,7.426293215443886542e-01,7.256413045508295356e-01,7.426291463456105024e-01,7.256413030507422590e-01,7.426280566514513737e-01,7.256413276543343116e-01,7.426184060985545621e-01,7.256450807683670901e-01,7.421502407633222553e-01,7.421502406353781556e-01,7.248901518092788487e-01,9.999999999999915623e-01,7.248901517981558573e-01,7.421502406408606589e-01,7.256450807829931682e-01,7.426184059856786313e-01,7.256413276411404212e-01,7.426280565855443161e-01,7.256413030134035713e-01,7.426291462787359965e-01,7.256413045325902367e-01,7.426293214654288155e-01,7.256413045675521589e-01,7.426291462574641233e-01,7.256413030402141251e-01,7.426280565732630290e-01,7.256413276258157907e-01,7.426184059955474037e-01,7.256450807730954189e-01,7.256450807514132073e-01,7.421502407422670977e-01,7.248901517981558573e-01,9.999999999999915623e-01,7.248901517905258496e-01,7.421502407527572620e-01,7.256450807421704896e-01,7.426184060886429350e-01,7.256413276316235894e-01,7.426280566127827498e-01,7.256413030633823702e-01,7.426291463188003927e-01,7.256413045373614201e-01,7.426293215625784372e-01,7.256413045359436653e-01,7.426291463339820265e-01,7.256413030451230872e-01,7.426280566614307244e-01,7.256413276250017752e-01,7.426184061055403074e-01,7.426184059925927672e-01,7.256450807633535449e-01,7.421502406408606589e-01,7.248901517905258496e-01,9.999999999999915623e-01,7.248901518110656417e-01,7.421502406237221461e-01,7.256450807630614452e-01,7.426184060133369513e-01,7.256413276023186976e-01,7.426280565871733463e-01,7.256413030202830683e-01,7.426291462443794789e-01,7.256413045591068034e-01,7.426293214579813284e-01,7.256413045398658612e-01,7.426291462509257979e-01,7.256413030256489982e-01,7.426280565597703776e-01,7.256413276362027043e-01,7.256413276453074213e-01,7.426184060973042289e-01,7.256450807829931682e-01,7.421502407527572620e-01,7.248901518110656417e-01,9.999999999999915623e-01,7.248901517995351984e-01,7.421502407606430651e-01,7.256450807863742414e-01,7.426184060761102934e-01,7.256413276827426984e-01,7.426280566501257674e-01,7.256413030583056534e-01,7.426291463608696297e-01,7.256413045644528603e-01,7.426293215557682181e-01,7.256413045741205714e-01,7.426291463466692111e-01,7.256413030539952125e-01,7.426280566628727930e-01,7.426280565618295082e-01,7.256413276273789847e-01,7.426184059856786313e-01,7.256450807421704896e-01,7.421502406237221461e-01,7.248901517995351984e-01,9.999999999999915623e-01,7.248901517915660175e-01,7.421502406294572252e-01,7.256450807258831848e-01,7.426184059901395074e-01,7.256413276127391399e-01,7.426280565347123108e-01,7.256413030505236561e-01,7.426291462281421341e-01,7.256413045333808265e-01,7.426293214612357252e-01,7.256413045250934557e-01,7.426291462470492322e-01,7.256413030338250136e-01,7.256413030413381149e-01,7.426280566529749327e-01,7.256413276411404212e-01,7.426184060886429350e-01,7.256450807630614452e-01,7.421502407606430651e-01,7.248901517915660175e-01,9.999999999999915623e-01,7.248901518147912171e-01,7.421502407230665677e-01,7.256450808060338487e-01,7.426184060846809931e-01,7.256413276465980555e-01,7.426280566755237844e-01,7.256413030546903231e-01,7.426291463341428978e-01,7.256413045654466210e-01,7.426293215522855595e-01,7.256413045531583395e-01,7.426291463437661999e-01,7.426291462462373261e-01,7.256413030533253039e-01,7.426280565855443161e-01,7.256413276316235894e-01,7.426184060133369513e-01,7.256450807863742414e-01,7.421502406294572252e-01,7.248901518147912171e-01,9.999999999999915623e-01,7.248901517789912985e-01,7.421502406682698449e-01,7.256450807632454092e-01,7.426184059840071905e-01,7.256413276695783399e-01,7.426280565520861909e-01,7.256413030538969577e-01,7.426291462608110017e-01,7.256413045465149869e-01,7.426293214611001670e-01,7.256413045629502845e-01,7.256413045115785998e-01,7.426291463204510723e-01,7.256413030134035713e-01,7.426280566127827498e-01,7.256413276023186976e-01,7.426184060761102934e-01,7.256450807258831848e-01,7.421502407230665677e-01,7.248901517789912985e-01,9.999999999999915623e-01,7.248901518011848788e-01,7.421502406978390809e-01,7.256450807422163418e-01,7.426184060753561189e-01,7.256413276165762927e-01,7.426280566237566383e-01,7.256413030284796228e-01,7.426291463123310121e-01,7.256413045201040024e-01,7.426293215519060853e-01,7.426293214661849884e-01,7.256413045821801244e-01,7.426291462787359965e-01,7.256413030633823702e-01,7.426280565871733463e-01,7.256413276827426984e-01,7.426184059901395074e-01,7.256450808060338487e-01,7.421502406682698449e-01,7.248901518011848788e-01,9.999999999999915623e-01,7.248901518139467814e-01,7.421502406617908054e-01,7.256450808196532876e-01,7.426184060038434342e-01,7.256413276729394290e-01,7.426280565876389739e-01,7.256413030662403063e-01,7.426291462696261725e-01,7.256413045837816211e-01,7.256413045241756343e-01,7.426293215443886542e-01,7.256413045325902367e-01,7.426291463188003927e-01,7.256413030202830683e-01,7.426280566501257674e-01,7.256413276127391399e-01,7.426184060846809931e-01,7.256450807632454092e-01,7.421502406978390809e-01,7.248901518139467814e-01,9.999999999999915623e-01,7.248901517829968721e-01,7.421502407434741322e-01,7.256450807556692473e-01,7.426184060693805655e-01,7.256413276426929571e-01,7.426280566189352728e-01,7.256413030306757550e-01,7.426291463302470142e-01,7.426291462464577053e-01,7.256413045508295356e-01,7.426293214654288155e-01,7.256413045373614201e-01,7.426291462443794789e-01,7.256413030583056534e-01,7.426280565347123108e-01,7.256413276465980555e-01,7.426184059840071905e-01,7.256450807422163418e-01,7.421502406617908054e-01,7.248901517829968721e-01,9.999999999999915623e-01,7.248901518171796399e-01,7.421502406315438893e-01,7.256450807678734849e-01,7.426184059975834417e-01,7.256413276335261786e-01,7.426280565750005280e-01,7.256413030524775376e-01,7.256413030557372634e-01,7.426291463456105024e-01,7.256413045675521589e-01,7.426293215625784372e-01,7.256413045591068034e-01,7.426291463608696297e-01,7.256413030505236561e-01,7.426280566755237844e-01,7.256413276695783399e-01,7.426184060753561189e-01,7.256450808196532876e-01,7.421502407434741322e-01,7.248901518171796399e-01,9.999999999999915623e-01,7.248901518182384596e-01,7.421502407567431847e-01,7.256450808004388797e-01,7.426184060811837906e-01,7.256413276592474926e-01,7.426280566613565615e-01,7.426280565572618286e-01,7.256413030507422590e-01,7.426291462574641233e-01,7.256413045359436653e-01,7.426293214579813284e-01,7.256413045644528603e-01,7.426291462281421341e-01,7.256413030546903231e-01,7.426280565520861909e-01,7.256413276165762927e-01,7.426184060038434342e-01,7.256450807556692473e-01,7.421502406315438893e-01,7.248901518182384596e-01,9.999999999999915623e-01,7.248901517978865172e-01,7.421502406507884952e-01,7.256450807637413458e-01,7.426184060044902502e-01,7.256413276487893027e-01,7.256413276312931870e-01,7.426280566514513737e-01,7.256413030402141251e-01,7.426291463339820265e-01,7.256413045398658612e-01,7.426293215557682181e-01,7.256413045333808265e-01,7.426291463341428978e-01,7.256413030538969577e-01,7.426280566237566383e-01,7.256413276729394290e-01,7.426184060693805655e-01,7.256450807678734849e-01,7.421502407567431847e-01,7.248901517978865172e-01,9.999999999999915623e-01,7.248901518105768105e-01,7.421502407248897759e-01,7.256450807711706252e-01,7.426184060893047389e-01,7.426184059933110815e-01,7.256413276543343116e-01,7.426280565732630290e-01,7.256413030451230872e-01,7.426291462509257979e-01,7.256413045741205714e-01,7.426293214612357252e-01,7.256413045654466210e-01,7.426291462608110017e-01,7.256413030284796228e-01,7.426280565876389739e-01,7.256413276426929571e-01,7.426184059975834417e-01,7.256450808004388797e-01,7.421502406507884952e-01,7.248901518105768105e-01,9.999999999999915623e-01,7.248901518061676708e-01,7.421502406519634443e-01,7.256450807889873733e-01,7.256450807529676306e-01,7.426184060985545621e-01,7.256413276258157907e-01,7.426280566614307244e-01,7.256413030256489982e-01,7.426291463466692111e-01,7.256413045250934557e-01,7.426293215522855595e-01,7.256413045465149869e-01,7.426291463123310121e-01,7.256413030662403063e-01,7.426280566189352728e-01,7.256413276335261786e-01,7.426184060811837906e-01,7.256450807637413458e-01,7.421502407248897759e-01,7.248901518061676708e-01,9.999999999999915623e-01,7.248901517959280838e-01,7.421502407468050233e-01,7.421502406323297052e-01,7.256450807683670901e-01,7.426184059955474037e-01,7.256413276250017752e-01,7.426280565597703776e-01,7.256413030539952125e-01,7.426291462470492322e-01,7.256413045531583395e-01,7.426293214611001670e-01,7.256413045201040024e-01,7.426291462696261725e-01,7.256413030306757550e-01,7.426280565750005280e-01,7.256413276592474926e-01,7.426184060044902502e-01,7.256450807711706252e-01,7.421502406519634443e-01,7.248901517959280838e-01,9.999999999999915623e-01,7.248901518127905952e-01,7.248901518036523495e-01,7.421502407633222553e-01,7.256450807730954189e-01,7.426184061055403074e-01,7.256413276362027043e-01,7.426280566628727930e-01,7.256413030338250136e-01,7.426291463437661999e-01,7.256413045629502845e-01,7.426293215519060853e-01,7.256413045837816211e-01,7.426291463302470142e-01,7.256413030524775376e-01,7.426280566613565615e-01,7.256413276487893027e-01,7.426184060893047389e-01,7.256450807889873733e-01,7.421502407468050233e-01,7.248901518127905952e-01,9.999999999999915623e-01
9.999999999999997780e-01,6.993296880817747585e-01,7.230005924034963449e-01,7.007786081279979706e-01,7.236468006444429779e-01,7.007705208163519384e-01,7.236609823737871761e-01,7.007704515461132821e-01,7.236626006831022861e-01,7.007704520120496827e-01,7.236628620599536710e-01,7.007704520138338111e-01,7.236626006729465210e-01,7.007704515394170830e-01,7.236609823565345323e-01,7.007705207935114311e-01,7.236468006340682768e-01,7.007786081136115897e-01,7.230005923908151555e-01,6.993296880792885251e-01,6.993296880817747585e-01,9.999999999999997780e-01,6.993296880988961739e-01,7.230005924518959626e-01,7.007786081492637376e-01,7.236468006879780424e-01,7.007705208159570320e-01,7.236609824028188420e-01,7.007704515587391825e-01,7.236626007098651003e-01,7.007704520557930250e-01,7.236628620870364514e-01,7.007704520309955276e-01,7.236626007209845390e-01,7.007704515348746055e-01,7.236609823967685706e-01,7.007705208140271314e-01,7.236468006779138706e-01,7.007786081346520923e-01,7.230005924537445949e-01,7.230005924034963449e-01,6.993296880988961739e-01,9.999999999999997780e-01,6.993296880961908935e-01,7.230005924211375667e-01,7.007786081575524406e-01,7.236468006506573403e-01,7.007705208332969393e-01,7.236609823831341437e-01,7.007704515400967615e-01,7.236626007047773923e-01,7.007704520307478369e-01,7.236628620621244901e-01,7.007704520474336007e-01,7.236626006829776081e-01,7.007704515447067406e-01,7.236609823650398399e-01,7.007705208156909116e-01,7.236468006323728552e-01,7.007786081477922480e-01,7.007786081279979706e-01,7.230005924518959626e-01,6.993296880961908935e-01,9.999999999999997780e-01,6.993296880960435669e-01,7.230005924612890045e-01,7.007786081368414521e-01,7.236468006784395612e-01,7.007705208280102793e-01,7.236609823802865327e-01,7.007704515643192744e-01,7.236626007071773614e-01,7.007704520299666839e-01,7.236628620964564718e-01,7.007704520279820493e-01,7.236626007117578085e-01,7.007704515451270710e-01,7.236609823963424670e-01,7.007705208137913200e-01,7.236468006847163181e-01,7.236468006444429779e-01,7.007786081492637376e-01,7.230005924211375667e-01,6.993296880960435669e-01,9.999999999999997780e-01,6.993296881083219674e-01,7.230005924104077053e-01,7.007786081551926616e-01,7.236468006610532466e-01,7.007705208068855107e-01,7.236609823894830651e-01,7.007704515403117007e-01,7.236626006812512113e-01,7.007704520496298439e-01,7.236628620562131076e-01,7.007704520346714760e-01,7.236626006839069758e-01,7.007704515462774841e-01,7.236609823583542989e-01,7.007705208272857478e-01,7.007705208163519384e-01,7.236468006879780424e-01,7.007786081575524406e-01,7.230005924612890045e-01,6.993296881083219674e-01,9.999999999999997780e-01,6.993296880978256969e-01,7.230005924652616045e-01,7.007786081589961746e-01,7.236468006774616768e-01,7.007705208427610355e-01,7.236609824046017492e-01,7.007704515490977837e-01,7.236626007357269685e-01,7.007704520349090638e-01,7.236628620972486159e-01,7.007704520469006937e-01,7.236626007182990206e-01,7.007704515569493919e-01,7.236609824016270176e-01,7.236609823737871761e-01,7.007705208159570320e-01,7.236468006506573403e-01,7.007786081368414521e-01,7.230005924104077053e-01,6.993296880978256969e-01,9.999999999999997780e-01,6.993296880932031723e-01,7.230005924103238835e-01,7.007786081166104131e-01,7.236468006532121855e-01,7.007705207939024517e-01,7.236609823581997558e-01,7.007704515442783055e-01,7.236626006752963081e-01,7.007704520192686859e-01,7.236628620612042262e-01,7.007704520229111056e-01,7.236626006809270262e-01,7.007704515471336881e-01,7.007704515461132821e-01,7.236609824028188420e-01,7.007705208332969393e-01,7.236468006784395612e-01,7.007786081551926616e-01,7.230005924652616045e-01,6.993296880932031723e-01,9.999999999999997780e-01,6.993296881039853252e-01,7.230005924448437149e-01,7.007786081590787752e-01,7.236468006834392286e-01,7.007705208111447703e-01,7.236609824207375086e-01,7.007704515382968680e-01,7.236626007205964051e-01,7.007704520416566663e-01,7.236628620901374154e-01,7.007704520393788217e-01,7.236626007174535857e-01,7.236626006831022861e-01,7.007704515587391825e-01,7.236609823831341437e-01,7.007705208280102793e-01,7.236468006610532466e-01,7.007786081589961746e-01,7.230005924103238835e-01,6.993296881039853252e-01,9.999999999999997780e-01,6.993296880780756064e-01,7.230005924300624276e-01,7.007786081263259748e-01,7.236468006410721188e-01,7.007705208228360849e-01,7.236609823671452668e-01,7.007704515369378440e-01,7.236626006914712583e-01,7.007704520325801489e-01,7.236628620578340332e-01,7.007704520442312734e-01,7.007704520120496827e-01,7.236626007098651003e-01,7.007704515400967615e-01,7.236609823802865327e-01,7.007705208068855107e-01,7.236468006774616768e-01,7.007786081166104131e-01,7.230005924448437149e-01,6.993296880780756064e-01,9.999999999999997780e-01,6.993296880874891874e-01,7.230005924222101532e-01,7.007786081095224162e-01,7.236468006722354129e-01,7.007705207821912641e-01,7.236609823814991183e-01,7.007704515253608823e-01,7.236626006973587710e-01,7.007704520123293479e-01,7.236628620892637809e-01,7.236628620599536710e-01,7.007704520557930250e-01,7.236626007047773923e-01,7.007704515643192744e-01,7.236609823894830651e-01,7.007705208427610355e-01,7.236468006532121855e-01,7.007786081590787752e-01,7.230005924300624276e-01,6.993296880874891874e-01,9.999999999999997780e-01,6.993296880903341339e-01,7.230005924173212861e-01,7.007786081530194000e-01,7.236468006512208895e-01,7.007705208144470177e-01,7.236609823852405698e-01,7.007704515507755527e-01,7.236626006914143039e-01,7.007704520552369143e-01,7.007704520138338111e-01,7.236628620870364514e-01,7.007704520307478369e-01,7.236626007071773614e-01,7.007704515403117007e-01,7.236609824046017492e-01,7.007705207939024517e-01,7.236468006834392286e-01,7.007786081263259748e-01,7.230005924222101532e-01,6.993296880903341339e-01,9.999999999999997780e-01,6.993296880639578994e-01,7.230005924423297259e-01,7.007786081061342376e-01,7.236468006689713572e-01,7.007705207913196288e-01,7.236609823728198387e-01,7.007704515254618016e-01,7.236626007048937437e-01,7.236626006729465210e-01,7.007704520309955276e-01,7.236628620621244901e-01,7.007704520299666839e-01,7.236626006812512113e-01,7.007704515490977837e-01,7.236609823581997558e-01,7.007705208111447703e-01,7.236468006410721188e-01,7.007786081095224162e-01,7.230005924173212861e-01,6.993296880639578994e-01,9.999999999999997780e-01,6.993296880827164497e-01,7.230005923859831318e-01,7.007786081131311962e-01,7.236468006400865738e-01,7.007705207932497515e-01,7.236609823658944896e-01,7.007704515378074817e-01,7.007704515394170830e-01,7.236626007209845390e-01,7.007704520474336007e-01,7.236628620964564718e-01,7.007704520496298439e-01,7.236626007357269685e-01,7.007704515442783055e-01,7.236609824207375086e-01,7.007705208228360849e-01,7.236468006722354129e-01,7.007786081530194000e-01,7.230005924423297259e-01,6.993296880827164497e-01,9.999999999999997780e-01,6.993296880790011993e-01,7.230005924461357925e-01,7.007786081347188167e-01,7.236468006647167606e-01,7.007705208104242356e-01,7.236609823977211420e-01,7.236609823565345323e-01,7.007704515348746055e-01,7.236626006829776081e-01,7.007704520279820493e-01,7.236628620562131076e-01,7.007704520349090638e-01,7.236626006752963081e-01,7.007704515382968680e-01,7.236609823671452668e-01,7.007705207821912641e-01,7.236468006512208895e-01,7.007786081061342376e-01,7.230005923859831318e-01,6.993296880790011993e-01,9.999999999999997780e-01,6.993296880644487290e-01,7.230005923986106975e-01,7.007786081106770482e-01,7.236468006363918626e-01,7.007705208020225118e-01,7.007705207935114311e-01,7.236609823967685706e-01,7.007704515447067406e-01,7.236626007117578085e-01,7.007704520346714760e-01,7.236628620972486159e-01,7.007704520192686859e-01,7.236626007205964051e-01,7.007704515369378440e-01,7.236609823814991183e-01,7.007705208144470177e-01,7.236468006689713572e-01,7.007786081131311962e-01,7.230005924461357925e-01,6.993296880644487290e-01,9.999999999999997780e-01,6.993296880747605915e-01,7.230005924275424434e-01,7.007786081144876666e-01,7.236468006718792534e-01,7.236468006340682768e-01,7.007705208140271314e-01,7.236609823650398399e-01,7.007704515451270710e-01,7.236626006839069758e-01,7.007704520469006937e-01,7.236628620612042262e-01,7.007704520416566663e-01,7.236626006914712583e-01,7.007704515253608823e-01,7.236609823852405698e-01,7.007705207913196288e-01,7.236468006400865738e-01,7.007786081347188167e-01,7.230005923986106975e-01,6.993296880747605915e-01,9.999999999999997780e-01,6.993296880727754017e-01,7.230005924032539832e-01,7.007786081331376371e-01,7.007786081136115897e-01,7.236468006779138706e-01,7.007705208156909116e-01,7.236609823963424670e-01,7.007704515462774841e-01,7.236626007182990206e-01,7.007704520229111056e-01,7.236628620901374154e-01,7.007704520325801489e-01,7.236626006973587710e-01,7.007704515507755527e-01,7.236609823728198387e-01,7.007705207932497515e-01,7.236468006647167606e-01,7.007786081106770482e-01,7.230005924275424434e-01,6.993296880727754017e-01,9.999999999999997780e-01,6.993296880684500838e-01,7.230005924397340245e-01,7.230005923908151555e-01,7.007786081346520923e-01,7.236468006323728552e-01,7.007705208137913200e-01,7.236609823583542989e-01,7.007704515569493919e-01,7.236626006809270262e-01,7.007704520393788217e-01,7.236628620578340332e-01,7.007704520123293479e-01,7.236626006914143039e-01,7.007704515254618016e-01,7.236609823658944896e-01,7.007705208104242356e-01,7.236468006363918626e-01,7.007786081144876666e-01,7.230005924032539832e-01,6.993296880684500838e-01,9.999999999999997780e-01,6.993296880820094596e-01,6.993296880792885251e-01,7.230005924537445949e-01,7.007786081477922480e-01,7.236468006847163181e-01,7.007705208272857478e-01,7.236609824016270176e-01,7.007704515471336881e-01,7.236626007174535857e-01,7.007704520442312734e-01,7.236628620892637809e-01,7.007704520552369143e-01,7.236626007048937437e-01,7.007704515378074817e-01,7.236609823977211420e-01,7.007705208020225118e-01,7.236468006718792534e-01,7.007786081331376371e-01,7.230005924397340245e-01,6.993296880820094596e-01,9.999999999999997780e-01
9.999999999999940048e-01,6.600379635123466704e-01,6.942348573043879423e-01,6.630318022626342511e-01,6.950902475646641987e-01,6.630139111687933795e-01,6.951119802798022551e-01,6.630137034960863485e-01,6.951144639599291519e-01,6.630136981735188506e-01,6.951148670202205171e-01,6.630136981715866185e-01,6.951144639566237959e-01,6.630137034916430139e-01,6.951119802730347796e-01,6.630139111611992320e-01,6.950902475575294615e-01,6.630318022557475377e-01,6.942348572997244505e-01,6.600379635110829035e-01,6.600379635123466704e-01,9.999999999999940048e-01,6.600379635158586389e-01,6.942348573045464821e-01,6.630318022665633304e-01,6.950902475616629328e-01,6.630139111704291821e-01,6.951119802756703381e-01,6.630137034974936672e-01,6.951144639568469508e-01,6.630136981779138905e-01,6.951148670170277377e-01,6.630136981742484892e-01,6.951144639564355021e-01,6.630137034914098670e-01,6.951119802726303254e-01,6.630139111638778671e-01,6.950902475576594686e-01,6.630318022599314132e-01,6.942348573035728165e-01,6.942348573043879423e-01,6.600379635158586389e-01,9.999999999999940048e-01,6.600379635164680403e-01,6.942348573092020914e-01,6.630318022664694055e-01,6.950902475662477098e-01,6.630139111708492905e-01,6.951119802794691882e-01,6.630137034956032904e-01,6.951144639614952325e-01,6.630136981751061365e-01,6.951148670207515368e-01,6.630136981769549909e-01,6.951144639583866081e-01,6.630137034941445684e-01,6.951119802750966858e-01,6.630139111657303852e-01,6.950902475598771391e-01,6.630318022642657239e-01,6.630318022626342511e-01,6.942348573045464821e-01,6.600379635164680403e-01,9.999999999999940048e-01,6.600379635177999749e-01,6.942348573052804506e-01,6.630318022656122023e-01,6.950902475606490771e-01,6.630139111695330101e-01,6.951119802731392516e-01,6.630137034970970955e-01,6.951144639556496863e-01,6.630136981751687530e-01,6.951148670191324985e-01,6.630136981742467128e-01,6.951144639566282368e-01,6.630137034940606355e-01,6.951119802732325104e-01,6.630139111670074747e-01,6.950902475611936415e-01,6.950902475646641987e-01,6.630318022665633304e-01,6.942348573092020914e-01,6.600379635177999749e-01,9.999999999999940048e-01,6.600379635183362126e-01,6.942348573083043650e-01,6.630318022663737043e-01,6.950902475647379175e-01,6.630139111676958130e-01,6.951119802792556923e-01,6.630137034946742558e-01,6.951144639593375141e-01,6.630136981783694150e-01,6.951148670209106317e-01,6.630136981770673454e-01,6.951144639596719133e-01,6.630137034962166886e-01,6.951119802771486000e-01,6.630139111715700473e-01,6.630139111687933795e-01,6.950902475616629328e-01,6.630318022664694055e-01,6.942348573052804506e-01,6.600379635183362126e-01,9.999999999999940048e-01,6.600379635163761138e-01,6.942348573044995197e-01,6.630318022638639341e-01,6.950902475590932106e-01,6.630139111681562225e-01,6.951119802736072106e-01,6.630137034936820495e-01,6.951144639585415952e-01,6.630136981742169588e-01,6.951148670193170176e-01,6.630136981758856241e-01,6.951144639565656203e-01,6.630137034964109777e-01,6.951119802758417565e-01,6.951119802798022551e-01,6.630139111704291821e-01,6.950902475662477098e-01,6.630318022656122023e-01,6.942348573083043650e-01,6.600379635163761138e-01,9.999999999999940048e-01,6.600379635146462753e-01,6.942348573045949989e-01,6.630318022596478622e-01,6.950902475617291021e-01,6.630139111631818682e-01,6.951119802745266973e-01,6.630137034941605556e-01,6.951144639580663087e-01,6.630136981745204938e-01,6.951148670210421932e-01,6.630136981754111147e-01,6.951144639602997444e-01,6.630137034983689670e-01,6.630137034960863485e-01,6.951119802756703381e-01,6.630139111708492905e-01,6.950902475606490771e-01,6.630318022663737043e-01,6.942348573044995197e-01,6.600379635146462753e-01,9.999999999999940048e-01,6.600379635125551703e-01,6.942348573001608791e-01,6.630318022603681749e-01,6.950902475569683547e-01,6.630139111625212855e-01,6.951119802739514908e-01,6.630137034904020066e-01,6.951144639561163130e-01,6.630136981737755342e-01,6.951148670172384580e-01,6.630136981758411041e-01,6.951144639584477813e-01,6.951144639599291519e-01,6.630137034974936672e-01,6.951119802794691882e-01,6.630139111695330101e-01,6.950902475647379175e-01,6.630318022638639341e-01,6.942348573045949989e-01,6.600379635125551703e-01,9.999999999999940048e-01,6.600379635081921048e-01,6.942348573023491287e-01,6.630318022552660340e-01,6.950902475576284933e-01,6.630139111628809978e-01,6.951119802733005670e-01,6.630137034906208315e-01,6.951144639575036477e-01,6.630136981730905266e-01,6.951148670198320501e-01,6.630136981776504346e-01,6.630136981735188506e-01,6.951144639568469508e-01,6.630137034956032904e-01,6.951119802731392516e-01,6.630139111676958130e-01,6.950902475590932106e-01,6.630318022596478622e-01,6.942348573001608791e-01,6.600379635081921048e-01,9.999999999999940048e-01,6.600379635071470519e-01,6.942348572944776475e-01,6.630318022525711896e-01,6.950902475542499737e-01,6.630139111572178612e-01,6.951119802687235616e-01,6.630137034878840208e-01,6.951144639520430157e-01,6.630136981714138678e-01,6.951148670181740430e-01,6.951148670202205171e-01,6.630136981779138905e-01,6.951144639614952325e-01,6.630137034970970955e-01,6.951119802792556923e-01,6.630139111681562225e-01,6.950902475617291021e-01,6.630318022603681749e-01,6.942348573023491287e-01,6.600379635071470519e-01,9.999999999999940048e-01,6.600379635052352478e-01,6.942348572986991595e-01,6.630318022559857916e-01,6.950902475568125904e-01,6.630139111603763347e-01,6.951119802736724917e-01,6.630137034902510162e-01,6.951144639572159889e-01,6.630136981766425741e-01,6.630136981715866185e-01,6.951148670170277377e-01,6.630136981751061365e-01,6.951144639556496863e-01,6.630137034946742558e-01,6.951119802736072106e-01,6.630139111631818682e-01,6.950902475569683547e-01,6.630318022552660340e-01,6.942348572944776475e-01,6.600379635052352478e-01,9.999999999999940048e-01,6.600379635015303226e-01,6.942348572949821328e-01,6.630318022494117169e-01,6.950902475519444845e-01,6.630139111565569454e-01,6.951119802660955527e-01,6.630137034878793578e-01,6.951144639535822289e-01,6.951144639566237959e-01,6.630136981742484892e-01,6.951148670207515368e-01,6.630136981751687530e-01,6.951144639593375141e-01,6.630137034936820495e-01,6.951119802745266973e-01,6.630139111625212855e-01,6.950902475576284933e-01,6.630318022525711896e-01,6.942348572986991595e-01,6.600379635015303226e-01,9.999999999999940048e-01,6.600379635036884851e-01,6.942348572946224206e-01,6.630318022511829668e-01,6.950902475552702686e-01,6.630139111575511501e-01,6.951119802722468544e-01,6.630137034912567673e-01,6.630137034916430139e-01,6.951144639564355021e-01,6.630136981769549909e-01,6.951148670191324985e-01,6.630136981783694150e-01,6.951144639585415952e-01,6.630137034941605556e-01,6.951119802739514908e-01,6.630139111628809978e-01,6.950902475542499737e-01,6.630318022559857916e-01,6.942348572949821328e-01,6.600379635036884851e-01,9.999999999999940048e-01,6.600379635027977532e-01,6.942348572956770214e-01,6.630318022530555799e-01,6.950902475520852608e-01,6.630139111606058178e-01,6.951119802712570905e-01,6.951119802730347796e-01,6.630137034914098670e-01,6.951144639583866081e-01,6.630136981742467128e-01,6.951148670209106317e-01,6.630136981742169588e-01,6.951144639580663087e-01,6.630137034904020066e-01,6.951119802733005670e-01,6.630139111572178612e-01,6.950902475568125904e-01,6.630318022494117169e-01,6.942348572946224206e-01,6.600379635027977532e-01,9.999999999999940048e-01,6.600379635016082602e-01,6.942348572954363251e-01,6.630318022508482345e-01,6.950902475558743410e-01,6.630139111610117153e-01,6.630139111611992320e-01,6.951119802726303254e-01,6.630137034941445684e-01,6.951144639566282368e-01,6.630136981770673454e-01,6.951148670193170176e-01,6.630136981745204938e-01,6.951144639561163130e-01,6.630137034906208315e-01,6.951119802687235616e-01,6.630139111603763347e-01,6.950902475519444845e-01,6.630318022511829668e-01,6.942348572956770214e-01,6.600379635016082602e-01,9.999999999999940048e-01,6.600379635030195757e-01,6.942348572942832474e-01,6.630318022533348010e-01,6.950902475558871085e-01,6.950902475575294615e-01,6.630139111638778671e-01,6.951119802750966858e-01,6.630137034940606355e-01,6.951144639596719133e-01,6.630136981758856241e-01,6.951148670210421932e-01,6.630136981737755342e-01,6.951144639575036477e-01,6.630137034878840208e-01,6.951119802736724917e-01,6.630139111565569454e-01,6.950902475552702686e-01,6.630318022530555799e-01,6.942348572954363251e-01,6.600379635030195757e-01,9.999999999999940048e-01,6.600379635030879655e-01,6.942348572977756760e-01,6.630318022564666292e-01,6.630318022557475377e-01,6.950902475576594686e-01,6.630139111657303852e-01,6.951119802732325104e-01,6.630137034962166886e-01,6.951144639565656203e-01,6.630136981754111147e-01,6.951148670172384580e-01,6.630136981730905266e-01,6.951144639520430157e-01,6.630137034902510162e-01,6.951119802660955527e-01,6.630139111575511501e-01,6.950902475520852608e-01,6.630318022508482345e-01,6.942348572942832474e-01,6.600379635030879655e-01,9.999999999999940048e-01,6.600379635045297011e-01,6.942348572986979383e-01,6.942348572997244505e-01,6.630318022599314132e-01,6.950902475598771391e-01,6.630139111670074747e-01,6.951119802771486000e-01,6.630137034964109777e-01,6.951144639602997444e-01,6.630136981758411041e-01,6.951148670198320501e-01,6.630136981714138678e-01,6.951144639572159889e-01,6.630137034878793578e-01,6.951119802722468544e-01,6.630139111606058178e-01,6.950902475558743410e-01,6.630318022533348010e-01,6.942348572977756760e-01,6.600379635045297011e-01,9.999999999999940048e-01,6.600379635090863895e-01,6.600379635110829035e-01,6.942348573035728165e-01,6.630318022642657239e-01,6.950902475611936415e-01,6.630139111715700473e-01,6.951119802758417565e-01,6.630137034983689670e-01,6.951144639584477813e-01,6.630136981776504346e-01,6.951148670181740430e-01,6.630136981766425741e-01,6.951144639535822289e-01,6.630137034912567673e-01,6.951119802712570905e-01,6.630139111610117153e-01,6.950902475558871085e-01,6.630318022564666292e-01,6.942348572986979383e-01,6.600379635090863895e-01,9.999999999999940048e-01
9.999999999999830136e-01,5.975522328612522527e-01,6.503522426894491337e-01,6.042291359795509686e-01,6.512662230964347820e-01,6.041930091519117640e-01,6.513013491364145757e-01,6.041922817293269299e-01,6.513052839190949239e-01,6.041922496493323802e-01,6.513059221619963424e-01,6.041922496513740803e-01,6.513052839203110622e-01,6.041922817373448495e-01,6.513013491299942670e-01,6.041930091607721209e-01,6.512662230862713564e-01,6.042291359917317806e-01,6.503522426827966774e-01,5.975522328679663264e-01,5.975522328612522527e-01,9.999999999999830136e-01,5.975522328694932161e-01,6.503522426556671565e-01,6.042291360012543855e-01,6.512662230478225567e-01,6.041930091681736448e-01,6.513013490960749552e-01,6.041922817394806966e-01,6.513052838862400939e-01,6.041922496689926536e-01,6.513059221243993058e-01,6.041922496615693694e-01,6.513052838911885800e-01,6.041922817361619069e-01,6.513013491014211231e-01,6.041930091669963643e-01,6.512662230622436876e-01,6.042291359898241954e-01,6.503522426711387805e-01,6.503522426894491337e-01,5.975522328694932161e-01,9.999999999999830136e-01,5.975522328596770683e-01,6.503522427030867803e-01,6.042291359849266685e-01,6.512662231000764246e-01,6.041930091654881263e-01,6.513013491401159483e-01,6.041922817341269791e-01,6.513052839288240303e-01,6.041922496581078050e-01,6.513059221617958361e-01,6.041922496675171672e-01,6.513052839223653079e-01,6.041922817412559432e-01,6.513013491374235464e-01,6.041930091680974835e-01,6.512662230874448621e-01,6.042291360008726908e-01,6.042291359795509686e-01,6.503522426556671565e-01,5.975522328596770683e-01,9.999999999999830136e-01,5.975522328655640258e-01,6.503522426454733107e-01,6.042291359882927537e-01,6.512662230473504898e-01,6.041930091575775652e-01,6.513013490894511426e-01,6.041922817367838539e-01,6.513052838792009469e-01,6.041922496523771668e-01,6.513059221252146536e-01,6.041922496494492867e-01,6.513052838810106104e-01,6.041922817308497118e-01,6.513013490972856534e-01,6.041930091506529932e-01,6.512662230550904097e-01,6.512662230964347820e-01,6.042291360012543855e-01,6.503522427030867803e-01,5.975522328655640258e-01,9.999999999999830136e-01,5.975522328654743198e-01,6.503522427068172407e-01,6.042291359993874345e-01,6.512662231009774816e-01,6.041930091689584614e-01,6.513013491459969107e-01,6.041922817427596293e-01,6.513052839258370863e-01,6.041922496714530189e-01,6.513059221624912798e-01,6.041922496674871912e-01,6.513052839276782802e-01,6.041922817467896278e-01,6.513013491369631369e-01,6.041930091776029910e-01,6.041930091519117640e-01,6.512662230478225567e-01,6.042291359849266685e-01,6.503522426454733107e-01,5.975522328654743198e-01,9.999999999999830136e-01,5.975522328620241908e-01,6.503522426528500766e-01,6.042291359863558586e-01,6.512662230495948057e-01,6.041930091641820599e-01,6.513013490943743156e-01,6.041922817296825343e-01,6.513052838883013340e-01,6.041922496502448725e-01,6.513059221227770479e-01,6.041922496516547447e-01,6.513052838853179427e-01,6.041922817224084641e-01,6.513013490959231877e-01,6.513013491364145757e-01,6.041930091681736448e-01,6.512662231000764246e-01,6.042291359882927537e-01,6.503522427068172407e-01,5.975522328620241908e-01,9.999999999999830136e-01,5.975522328695476171e-01,6.503522426983632254e-01,6.042291359930228589e-01,6.512662230967762866e-01,6.041930091670315583e-01,6.513013491343178085e-01,6.041922817469265183e-01,6.513052839216753043e-01,6.041922496670304454e-01,6.513059221632908624e-01,6.041922496661533692e-01,6.513052839223313351e-01,6.041922817458518224e-01,6.041922817293269299e-01,6.513013490960749552e-01,6.041930091654881263e-01,6.512662230473504898e-01,6.042291359993874345e-01,6.503522426528500766e-01,5.975522328695476171e-01,9.999999999999830136e-01,5.975522328681014406e-01,6.503522426598949968e-01,6.042291360005171974e-01,6.512662230587299428e-01,6.041930091651860346e-01,6.513013491040846592e-01,6.041922817337436191e-01,6.513052838858318649e-01,6.041922496585004909e-01,6.513059221266838117e-01,6.041922496528393527e-01,6.513052838899763275e-01,6.513052839190949239e-01,6.041922817394806966e-01,6.513013491401159483e-01,6.041930091575775652e-01,6.512662231009774816e-01,6.042291359863558586e-01,6.503522426983632254e-01,5.975522328681014406e-01,9.999999999999830136e-01,5.975522328657398852e-01,6.503522427022516705e-01,6.042291359942846274e-01,6.512662230945537312e-01,6.041930091734795116e-01,6.513013491354142648e-01,6.041922817439673299e-01,6.513052839258445248e-01,6.041922496657261554e-01,6.513059221575469016e-01,6.041922496702463175e-01,6.041922496493323802e-01,6.513052838862400939e-01,6.041922817341269791e-01,6.513013490894511426e-01,6.041930091689584614e-01,6.512662230495948057e-01,6.042291359930228589e-01,6.503522426598949968e-01,5.975522328657398852e-01,9.999999999999830136e-01,5.975522328721887266e-01,6.503522426563164149e-01,6.042291359904834458e-01,6.512662230586842016e-01,6.041930091596392494e-01,6.513013490968936337e-01,6.041922817339291374e-01,6.513052838855100113e-01,6.041922496515581553e-01,6.513059221286003897e-01,6.513059221619963424e-01,6.041922496689926536e-01,6.513052839288240303e-01,6.041922817367838539e-01,6.513013491459969107e-01,6.041930091641820599e-01,6.512662230967762866e-01,6.042291360005171974e-01,6.503522427022516705e-01,5.975522328721887266e-01,9.999999999999830136e-01,5.975522328733605670e-01,6.503522427041814602e-01,6.042291360079672380e-01,6.512662230988097711e-01,6.041930091768233924e-01,6.513013491447051662e-01,6.041922817490765762e-01,6.513052839265782712e-01,6.041922496742068160e-01,6.041922496513740803e-01,6.513059221243993058e-01,6.041922496581078050e-01,6.513052838792009469e-01,6.041922817427596293e-01,6.513013490943743156e-01,6.041930091670315583e-01,6.512662230587299428e-01,6.042291359942846274e-01,6.503522426563164149e-01,5.975522328733605670e-01,9.999999999999830136e-01,5.975522328654883086e-01,6.503522426652821320e-01,6.042291359897485892e-01,6.512662230543846409e-01,6.041930091639881040e-01,6.513013490969654651e-01,6.041922817282190383e-01,6.513052838881869810e-01,6.513052839203110622e-01,6.041922496615693694e-01,6.513059221617958361e-01,6.041922496523771668e-01,6.513052839258370863e-01,6.041922817296825343e-01,6.513013491343178085e-01,6.041930091651860346e-01,6.512662230945537312e-01,6.042291359904834458e-01,6.503522427041814602e-01,5.975522328654883086e-01,9.999999999999830136e-01,5.975522328749354184e-01,6.503522426924464028e-01,6.042291359970363152e-01,6.512662230971809629e-01,6.041930091686212867e-01,6.513013491362932283e-01,6.041922817451699235e-01,6.041922817373448495e-01,6.513052838911885800e-01,6.041922496675171672e-01,6.513059221252146536e-01,6.041922496714530189e-01,6.513052838883013340e-01,6.041922817469265183e-01,6.513013491040846592e-01,6.041930091734795116e-01,6.512662230586842016e-01,6.042291360079672380e-01,6.503522426652821320e-01,5.975522328749354184e-01,9.999999999999830136e-01,5.975522328719282683e-01,6.503522426689293257e-01,6.042291360005651590e-01,6.512662230620321901e-01,6.041930091663003655e-01,6.513013491065501315e-01,6.513013491299942670e-01,6.041922817361619069e-01,6.513052839223653079e-01,6.041922496494492867e-01,6.513059221624912798e-01,6.041922496502448725e-01,6.513052839216753043e-01,6.041922817337436191e-01,6.513013491354142648e-01,6.041930091596392494e-01,6.512662230988097711e-01,6.042291359897485892e-01,6.503522426924464028e-01,5.975522328719282683e-01,9.999999999999830136e-01,5.975522328678737338e-01,6.503522426940582246e-01,6.042291359947230545e-01,6.512662230900486682e-01,6.041930091702489847e-01,6.041930091607721209e-01,6.513013491014211231e-01,6.041922817412559432e-01,6.513052838810106104e-01,6.041922496674871912e-01,6.513059221227770479e-01,6.041922496670304454e-01,6.513052838858318649e-01,6.041922817439673299e-01,6.513013490968936337e-01,6.041930091768233924e-01,6.512662230543846409e-01,6.042291359970363152e-01,6.503522426689293257e-01,5.975522328678737338e-01,9.999999999999830136e-01,5.975522328704934161e-01,6.503522426672214696e-01,6.042291359921985183e-01,6.512662230633464722e-01,6.512662230862713564e-01,6.041930091669963643e-01,6.513013491374235464e-01,6.041922817308497118e-01,6.513052839276782802e-01,6.041922496516547447e-01,6.513059221632908624e-01,6.041922496585004909e-01,6.513052839258445248e-01,6.041922817339291374e-01,6.513013491447051662e-01,6.041930091639881040e-01,6.512662230971809629e-01,6.042291360005651590e-01,6.503522426940582246e-01,5.975522328704934161e-01,9.999999999999830136e-01,5.975522328717048914e-01,6.503522426892589525e-01,6.042291360012599366e-01,6.042291359917317806e-01,6.512662230622436876e-01,6.041930091680974835e-01,6.513013490972856534e-01,6.041922817467896278e-01,6.513052838853179427e-01,6.041922496661533692e-01,6.513059221266838117e-01,6.041922496657261554e-01,6.513052838855100113e-01,6.041922817490765762e-01,6.513013490969654651e-01,6.041930091686212867e-01,6.512662230620321901e-01,6.042291359947230545e-01,6.503522426672214696e-01,5.975522328717048914e-01,9.999999999999830136e-01,5.975522328652387305e-01,6.503522426733475692e-01,6.503522426827966774e-01,6.042291359898241954e-01,6.512662230874448621e-01,6.041930091506529932e-01,6.513013491369631369e-01,6.041922817224084641e-01,6.513052839223313351e-01,6.041922496528393527e-01,6.513059221575469016e-01,6.041922496515581553e-01,6.513052839265782712e-01,6.041922817282190383e-01,6.513013491362932283e-01,6.041930091663003655e-01,6.512662230900486682e-01,6.042291359921985183e-01,6.503522426892589525e-01,5.975522328652387305e-01,9.999999999999830136e-01,5.975522328688410711e-01,5.975522328679663264e-01,6.503522426711387805e-01,6.042291360008726908e-01,6.512662230550904097e-01,6.041930091776029910e-01,6.513013490959231877e-01,6.041922817458518224e-01,6.513052838899763275e-01,6.041922496702463175e-01,6.513059221286003897e-01,6.041922496742068160e-01,6.513052838881869810e-01,6.041922817451699235e-01,6.513013491065501315e-01,6.041930091702489847e-01,6.512662230633464722e-01,6.042291360012599366e-01,6.503522426733475692e-01,5.975522328688410711e-01,9.999999999999830136e-01
