1.000000000000002220e+00,7.252680599086596125e-01,7.424430137531905505e-01,7.260681165293135786e-01,7.429844202669028119e-01,7.260633365905959646e-01,7.429954661604289967e-01,7.260632962924393752e-01,7.429967216910600136e-01,7.260632964871596151e-01,7.429969238911175999e-01,7.260632964953920299e-01,7.429967216862767287e-01,7.260632962994419959e-01,7.429954661591021692e-01,7.260633365832944719e-01,7.429844202663020702e-01,7.260681165296043460e-01,7.424430137497519677e-01,7.252680599104610604e-01,7.252680599086596125e-01,1.000000000000002220e+00,7.252680599210004075e-01,7.424430137784258088e-01,7.260681165386511093e-01,7.429844202909322570e-01,7.260633365783795146e-01,7.429954661766522417e-01,7.260632963032056519e-01,7.429967216963676568e-01,7.260632965298590147e-01,7.429969239000101533e-01,7.260632965096962543e-01,7.429967217086267395e-01,7.260632962965264392e-01,7.429954661792340653e-01,7.260633365974811237e-01,7.429844202921109808e-01,7.260681165402154136e-01,7.424430137854449718e-01,7.424430137531905505e-01,7.252680599210004075e-01,1.000000000000002220e+00,7.252680599183347621e-01,7.424430137601077950e-01,7.260681165518954039e-01,7.429844202622800653e-01,7.260633365964224151e-01,7.429954661800863835e-01,7.260632962837534343e-01,7.429967217144953784e-01,7.260632965069003797e-01,7.429969238960574263e-01,7.260632965245303883e-01,7.429967217000935653e-01,7.260632963003719187e-01,7.429954661703932484e-01,7.260633365911198789e-01,7.429844202701264555e-01,7.260681165450539876e-01,7.260681165293135786e-01,7.424430137784258088e-01,7.252680599183347621e-01,1.000000000000002220e+00,7.252680599123140226e-01,7.424430137873276880e-01,7.260681165238873636e-01,7.429844202852041724e-01,7.260633365927121607e-01,7.429954661553532791e-01,7.260632963123730965e-01,7.429967216998779600e-01,7.260632965063531508e-01,7.429969239107045986e-01,7.260632965069264699e-01,7.429967217072463992e-01,7.260632963007964680e-01,7.429954661839275332e-01,7.260633365874575862e-01,7.429844202953582721e-01,7.429844202669028119e-01,7.260681165386511093e-01,7.424430137601077950e-01,7.252680599123140226e-01,1.000000000000002220e+00,7.252680599224660130e-01,7.424430137448044809e-01,7.260681165396437597e-01,7.429844202842198486e-01,7.260633365718403009e-01,7.429954661795435955e-01,7.260632962868436291e-01,7.429967216901983695e-01,7.260632965183742016e-01,7.429969238878497695e-01,7.260632965093899438e-01,7.429967216973130117e-01,7.260632962917685784e-01,7.429954661598778820e-01,7.260633365900770464e-01,7.260633365905959646e-01,7.429844202909322570e-01,7.260681165518954039e-01,7.424430137873276880e-01,7.252680599224660130e-01,1.000000000000002220e+00,7.252680599107660386e-01,7.424430137884716618e-01,7.260681165528366510e-01,7.429844202802418085e-01,7.260633366169996217e-01,7.429954661768076729e-01,7.260632963032721543e-01,7.429967217218776954e-01,7.260632965182390874e-01,7.429969239070011167e-01,7.260632965259683491e-01,7.429967217171725702e-01,7.260632963048183619e-01,7.429954661799080817e-01,7.429954661604289967e-01,7.260633365783795146e-01,7.429844202622800653e-01,7.260681165238873636e-01,7.424430137448044809e-01,7.252680599107660386e-01,1.000000000000002220e+00,7.252680599055121302e-01,7.424430137489688164e-01,7.260681165106187551e-01,7.429844202667720277e-01,7.260633365705101427e-01,7.429954661488074041e-01,7.260632962944151281e-01,7.429967216793499363e-01,7.260632964988412708e-01,7.429969238897610184e-01,7.260632964959582436e-01,7.429967216896560256e-01,7.260632962864683737e-01,7.260632962924393752e-01,7.429954661766522417e-01,7.260633365964224151e-01,7.429844202852041724e-01,7.260681165396437597e-01,7.424430137884716618e-01,7.252680599055121302e-01,1.000000000000002220e+00,7.252680599246784654e-01,7.424430137693037723e-01,7.260681165613740440e-01,7.429844202859143820e-01,7.260633365923326865e-01,7.429954661946662764e-01,7.260632963000246409e-01,7.429967217057120710e-01,7.260632965215518819e-01,7.429969239047826690e-01,7.260632965148945406e-01,7.429967217054954665e-01,7.429967216910600136e-01,7.260632963032056519e-01,7.429954661800863835e-01,7.260633365927121607e-01,7.429844202842198486e-01,7.260681165528366510e-01,7.424430137489688164e-01,7.252680599246784654e-01,1.000000000000002220e+00,7.252680599043552778e-01,7.424430137768787130e-01,7.260681165378175539e-01,7.429844202655790930e-01,7.260633366072664074e-01,7.429954661600735033e-01,7.260632963035762444e-01,7.429967217051341999e-01,7.260632965150028983e-01,7.429969238906994899e-01,7.260632965194502297e-01,7.260632964871596151e-01,7.429967216963676568e-01,7.260632962837534343e-01,7.429954661553532791e-01,7.260633365718403009e-01,7.429844202802418085e-01,7.260681165106187551e-01,7.424430137693037723e-01,7.252680599043552778e-01,1.000000000000002220e+00,7.252680599165942654e-01,7.424430137548532205e-01,7.260681165215421284e-01,7.429844202806368259e-01,7.260633365741246958e-01,7.429954661626988477e-01,7.260632962877519025e-01,7.429967216961956833e-01,7.260632964955096025e-01,7.429969239027647276e-01,7.429969238911175999e-01,7.260632965298590147e-01,7.429967217144953784e-01,7.260632963123730965e-01,7.429954661795435955e-01,7.260633366169996217e-01,7.429844202667720277e-01,7.260681165613740440e-01,7.424430137768787130e-01,7.252680599165942654e-01,1.000000000000002220e+00,7.252680599249397009e-01,7.424430137721893530e-01,7.260681165674671700e-01,7.429844202798967512e-01,7.260633366097584140e-01,7.429954661827947726e-01,7.260632963130473350e-01,7.429967217093637055e-01,7.260632965313553733e-01,7.260632964953920299e-01,7.429969239000101533e-01,7.260632965069003797e-01,7.429967216998779600e-01,7.260632962868436291e-01,7.429954661768076729e-01,7.260633365705101427e-01,7.429844202859143820e-01,7.260681165378175539e-01,7.424430137548532205e-01,7.252680599249397009e-01,1.000000000000002220e+00,7.252680599040484122e-01,7.424430137793454065e-01,7.260681165308424667e-01,7.429844202833962852e-01,7.260633365902611214e-01,7.429954661613877853e-01,7.260632962898501130e-01,7.429967217026294257e-01,7.429967216862767287e-01,7.260632965096962543e-01,7.429969238960574263e-01,7.260632965063531508e-01,7.429967216901983695e-01,7.260632963032721543e-01,7.429954661488074041e-01,7.260633365923326865e-01,7.429844202655790930e-01,7.260681165215421284e-01,7.424430137721893530e-01,7.252680599040484122e-01,1.000000000000002220e+00,7.252680599221374980e-01,7.424430137484433478e-01,7.260681165375731938e-01,7.429844202716170409e-01,7.260633365867599220e-01,7.429954661727403709e-01,7.260632962973662119e-01,7.260632962994419959e-01,7.429967217086267395e-01,7.260632965245303883e-01,7.429969239107045986e-01,7.260632965183742016e-01,7.429967217218776954e-01,7.260632962944151281e-01,7.429954661946662764e-01,7.260633366072664074e-01,7.429844202806368259e-01,7.260681165674671700e-01,7.424430137793454065e-01,7.252680599221374980e-01,1.000000000000002220e+00,7.252680599228383818e-01,7.424430137881483649e-01,7.260681165558701133e-01,7.429844202842319500e-01,7.260633366013264922e-01,7.429954661809755612e-01,7.429954661591021692e-01,7.260632962965264392e-01,7.429967217000935653e-01,7.260632965069264699e-01,7.429969238878497695e-01,7.260632965182390874e-01,7.429967216793499363e-01,7.260632963000246409e-01,7.429954661600735033e-01,7.260633365741246958e-01,7.429844202798967512e-01,7.260681165308424667e-01,7.424430137484433478e-01,7.252680599228383818e-01,1.000000000000002220e+00,7.252680599128189520e-01,7.424430137626109039e-01,7.260681165363245260e-01,7.429844202765342187e-01,7.260633365920845517e-01,7.260633365832944719e-01,7.429954661792340653e-01,7.260632963003719187e-01,7.429967217072463992e-01,7.260632965093899438e-01,7.429969239070011167e-01,7.260632964988412708e-01,7.429967217057120710e-01,7.260632963035762444e-01,7.429954661626988477e-01,7.260633366097584140e-01,7.429844202833962852e-01,7.260681165375731938e-01,7.424430137881483649e-01,7.252680599128189520e-01,1.000000000000002220e+00,7.252680599213575663e-01,7.424430137734776558e-01,7.260681165406501769e-01,7.429844202852842194e-01,7.429844202663020702e-01,7.260633365974811237e-01,7.429954661703932484e-01,7.260632963007964680e-01,7.429967216973130117e-01,7.260632965259683491e-01,7.429969238897610184e-01,7.260632965215518819e-01,7.429967217051341999e-01,7.260632962877519025e-01,7.429954661827947726e-01,7.260633365902611214e-01,7.429844202716170409e-01,7.260681165558701133e-01,7.424430137626109039e-01,7.252680599213575663e-01,1.000000000000002220e+00,7.252680599198270128e-01,7.424430137657991313e-01,7.260681165492073319e-01,7.260681165296043460e-01,7.429844202921109808e-01,7.260633365911198789e-01,7.429954661839275332e-01,7.260632962917685784e-01,7.429967217171725702e-01,7.260632964959582436e-01,7.429969239047826690e-01,7.260632965150028983e-01,7.429967216961956833e-01,7.260632963130473350e-01,7.429954661613877853e-01,7.260633365867599220e-01,7.429844202842319500e-01,7.260681165363245260e-01,7.424430137734776558e-01,7.252680599198270128e-01,1.000000000000002220e+00,7.252680599143797036e-01,7.424430137795358098e-01,7.424430137497519677e-01,7.260681165402154136e-01,7.429844202701264555e-01,7.260633365874575862e-01,7.429954661598778820e-01,7.260632963048183619e-01,7.429967216896560256e-01,7.260632965148945406e-01,7.429969238906994899e-01,7.260632964955096025e-01,7.429967217093637055e-01,7.260632962898501130e-01,7.429954661727403709e-01,7.260633366013264922e-01,7.429844202765342187e-01,7.260681165406501769e-01,7.424430137657991313e-01,7.252680599143797036e-01,1.000000000000002220e+00,7.252680599193312982e-01,7.252680599104610604e-01,7.424430137854449718e-01,7.260681165450539876e-01,7.429844202953582721e-01,7.260633365900770464e-01,7.429954661799080817e-01,7.260632962864683737e-01,7.429967217054954665e-01,7.260632965194502297e-01,7.429969239027647276e-01,7.260632965313553733e-01,7.429967217026294257e-01,7.260632962973662119e-01,7.429954661809755612e-01,7.260633365920845517e-01,7.429844202852842194e-01,7.260681165492073319e-01,7.424430137795358098e-01,7.252680599193312982e-01,1.000000000000002220e+00
1.000000000000012434e+00,6.999808677790135825e-01,7.235166786512940984e-01,7.015019539065597831e-01,7.242660688842029737e-01,7.014917873399211246e-01,7.242822122826735320e-01,7.014916858367969965e-01,7.242840696849787152e-01,7.014916834326647699e-01,7.242843702885537471e-01,7.014916834377290522e-01,7.242840696629516684e-01,7.014916858243517295e-01,7.242822122494337878e-01,7.014917872986626834e-01,7.242660688596818108e-01,7.015019538830344903e-01,7.235166786292750452e-01,6.999808677730907647e-01,6.999808677790135825e-01,1.000000000000012434e+00,6.999808678100165604e-01,7.235166787869661276e-01,7.015019539414086847e-01,7.242660690107980415e-01,7.014917873351634858e-01,7.242822123873237095e-01,7.014916858612060269e-01,7.242840697820381868e-01,7.014916835134711315e-01,7.242843703856142179e-01,7.014916834673073920e-01,7.242840697957785290e-01,7.014916858163058322e-01,7.242822123745017437e-01,7.014917873330388520e-01,7.242660689930542350e-01,7.015019539178531938e-01,7.235166787898664742e-01,7.235166786512940984e-01,6.999808678100165604e-01,1.000000000000012434e+00,6.999808678062433565e-01,7.235166786804871908e-01,7.015019539575468865e-01,7.242660688927833323e-01,7.014917873672548154e-01,7.242822123071588347e-01,7.014916858251625253e-01,7.242840697249267601e-01,7.014916834684372660e-01,7.242843702920743754e-01,7.014916834957480862e-01,7.242840696820170843e-01,7.014916858355455531e-01,7.242822122699781318e-01,7.014917873349072464e-01,7.242660688664257496e-01,7.015019539379518942e-01,7.015019539065597831e-01,7.235166787869661276e-01,6.999808678062433565e-01,1.000000000000012434e+00,6.999808678035832621e-01,7.235166788051380360e-01,7.015019539192028919e-01,7.242660689973963173e-01,7.014917873588293329e-01,7.242822123464354167e-01,7.014916858724015158e-01,7.242840697771816272e-01,7.014916834644295829e-01,7.242843704012805750e-01,7.014916834591904404e-01,7.242840697822948703e-01,7.014916858343155370e-01,7.242822123782881594e-01,7.014917873311345975e-01,7.242660690048876582e-01,7.242660688842029737e-01,7.015019539414086847e-01,7.235166786804871908e-01,6.999808678035832621e-01,1.000000000000012434e+00,6.999808678255399208e-01,7.235166786629276814e-01,7.015019539507112434e-01,7.242660689182460754e-01,7.014917873191937048e-01,7.242822123124353917e-01,7.014916858270398015e-01,7.242840696787377075e-01,7.014916834946924862e-01,7.242843702773440473e-01,7.014916834724660433e-01,7.242840696851395865e-01,7.014916858337337802e-01,7.242822122610120816e-01,7.014917873522134029e-01,7.014917873399211246e-01,7.242660690107980415e-01,7.015019539575468865e-01,7.235166788051380360e-01,6.999808678255399208e-01,1.000000000000012434e+00,6.999808678069616708e-01,7.235166788113069902e-01,7.015019539611979660e-01,7.242660689923980932e-01,7.014917873879144006e-01,7.242822123860280792e-01,7.014916858426623048e-01,7.242840698242205555e-01,7.014916834739074458e-01,7.242843704008867789e-01,7.014916834931403944e-01,7.242840698022859902e-01,7.014916858533704058e-01,7.242822123845884530e-01,7.242822122826735320e-01,7.014917873351634858e-01,7.242660688927833323e-01,7.015019539192028919e-01,7.235166786629276814e-01,6.999808678069616708e-01,1.000000000000012434e+00,6.999808677981471661e-01,7.235166786642182046e-01,7.015019538845689295e-01,7.242660688960367299e-01,7.014917873014412386e-01,7.242822122543360885e-01,7.014916858327278071e-01,7.242840696633187081e-01,7.014916834506178533e-01,7.242843702874232070e-01,7.014916834521789379e-01,7.242840696813415136e-01,7.014916858349835582e-01,7.014916858367969965e-01,7.242822123873237095e-01,7.014917873672548154e-01,7.242660689973963173e-01,7.015019539507112434e-01,7.235166788113069902e-01,6.999808677981471661e-01,1.000000000000012434e+00,6.999808678219466840e-01,7.235166787741786898e-01,7.015019539638152057e-01,7.242660690002106216e-01,7.014917873312915830e-01,7.242822124129253414e-01,7.014916858243349651e-01,7.242840697925052584e-01,7.014916834852387151e-01,7.242843703918728782e-01,7.014916834831479431e-01,7.242840697942354300e-01,7.242840696849787152e-01,7.014916858612060269e-01,7.242822123071588347e-01,7.014917873588293329e-01,7.242660689182460754e-01,7.015019539611979660e-01,7.235166786642182046e-01,6.999808678219466840e-01,1.000000000000012434e+00,6.999808677760689379e-01,7.235166787005827826e-01,7.015019539094651257e-01,7.242660688777194933e-01,7.014917873524690872e-01,7.242822122677525787e-01,7.014916858307493897e-01,7.242840696982966175e-01,7.014916834755797748e-01,7.242843702857699739e-01,7.014916834953339730e-01,7.014916834326647699e-01,7.242840697820381868e-01,7.014916858251625253e-01,7.242822123464354167e-01,7.014917873191937048e-01,7.242660689923980932e-01,7.015019538845689295e-01,7.235166787741786898e-01,6.999808677760689379e-01,1.000000000000012434e+00,6.999808677915015931e-01,7.235166787330925553e-01,7.015019538721838366e-01,7.242660689789903739e-01,7.014917872777663987e-01,7.242822123451907457e-01,7.014916858002917532e-01,7.242840697604873146e-01,7.014916834371796028e-01,7.242843703899543017e-01,7.242843702885537471e-01,7.014916835134711315e-01,7.242840697249267601e-01,7.014916858724015158e-01,7.242822123124353917e-01,7.014917873879144006e-01,7.242660688960367299e-01,7.015019539638152057e-01,7.235166787005827826e-01,6.999808677915015931e-01,1.000000000000012434e+00,6.999808677965868586e-01,7.235166786758862045e-01,7.015019539508684510e-01,7.242660688907314182e-01,7.014917873417242378e-01,7.242822123001519952e-01,7.014916858485655826e-01,7.242840697011942996e-01,7.014916835105299286e-01,7.014916834377290522e-01,7.242843703856142179e-01,7.014916834684372660e-01,7.242840697771816272e-01,7.014916858270398015e-01,7.242822123860280792e-01,7.014917873014412386e-01,7.242660690002106216e-01,7.015019539094651257e-01,7.235166787330925553e-01,6.999808677965868586e-01,1.000000000000012434e+00,6.999808677471983653e-01,7.235166787662250520e-01,7.015019538682630840e-01,7.242660689723998679e-01,7.014917872968888801e-01,7.242822123341435825e-01,7.014916858018328538e-01,7.242840697729274746e-01,7.242840696629516684e-01,7.014916834673073920e-01,7.242843702920743754e-01,7.014916834644295829e-01,7.242840696787377075e-01,7.014916858426623048e-01,7.242822122543360885e-01,7.014917873312915830e-01,7.242660688777194933e-01,7.015019538721838366e-01,7.235166786758862045e-01,6.999808677471983653e-01,1.000000000000012434e+00,6.999808677777457078e-01,7.235166786139659578e-01,7.015019538821661849e-01,7.242660688685925718e-01,7.014917872972039614e-01,7.242822122707349708e-01,7.014916858208840589e-01,7.014916858243517295e-01,7.242840697957785290e-01,7.014916834957480862e-01,7.242843704012805750e-01,7.014916834946924862e-01,7.242840698242205555e-01,7.014916858327278071e-01,7.242822124129253414e-01,7.014917873524690872e-01,7.242660689789903739e-01,7.015019539508684510e-01,7.235166787662250520e-01,6.999808677777457078e-01,1.000000000000012434e+00,6.999808677697378911e-01,7.235166787730956672e-01,7.015019539144685679e-01,7.242660689680135988e-01,7.014917873277739524e-01,7.242822123736515350e-01,7.242822122494337878e-01,7.014916858163058322e-01,7.242840696820170843e-01,7.014916834591904404e-01,7.242843702773440473e-01,7.014916834739074458e-01,7.242840696633187081e-01,7.014916858243349651e-01,7.242822122677525787e-01,7.014917872777663987e-01,7.242660688907314182e-01,7.015019538682630840e-01,7.235166786139659578e-01,6.999808677697378911e-01,1.000000000000012434e+00,6.999808677467361795e-01,7.235166786360410773e-01,7.015019538740282501e-01,7.242660688674322778e-01,7.014917873107291424e-01,7.014917872986626834e-01,7.242822123745017437e-01,7.014916858355455531e-01,7.242840697822948703e-01,7.014916834724660433e-01,7.242843704008867789e-01,7.014916834506178533e-01,7.242840697925052584e-01,7.014916858307493897e-01,7.242822123451907457e-01,7.014917873417242378e-01,7.242660689723998679e-01,7.015019538821661849e-01,7.235166787730956672e-01,6.999808677467361795e-01,1.000000000000012434e+00,6.999808677647840760e-01,7.235166787446436487e-01,7.015019538869546878e-01,7.242660689767533855e-01,7.242660688596818108e-01,7.014917873330388520e-01,7.242822122699781318e-01,7.014916858343155370e-01,7.242840696851395865e-01,7.014916834931403944e-01,7.242843702874232070e-01,7.014916834852387151e-01,7.242840696982966175e-01,7.014916858002917532e-01,7.242822123001519952e-01,7.014917872968888801e-01,7.242660688685925718e-01,7.015019539144685679e-01,7.235166786360410773e-01,6.999808677647840760e-01,1.000000000000012434e+00,6.999808677623765574e-01,7.235166786471136646e-01,7.015019539130302739e-01,7.015019538830344903e-01,7.242660689930542350e-01,7.014917873349072464e-01,7.242822123782881594e-01,7.014916858337337802e-01,7.242840698022859902e-01,7.014916834521789379e-01,7.242843703918728782e-01,7.014916834755797748e-01,7.242840697604873146e-01,7.014916858485655826e-01,7.242822123341435825e-01,7.014917872972039614e-01,7.242660689680135988e-01,7.015019538740282501e-01,7.235166787446436487e-01,6.999808677623765574e-01,1.000000000000012434e+00,6.999808677584897776e-01,7.235166787649089937e-01,7.235166786292750452e-01,7.015019539178531938e-01,7.242660688664257496e-01,7.014917873311345975e-01,7.242822122610120816e-01,7.014916858533704058e-01,7.242840696813415136e-01,7.014916834831479431e-01,7.242843702857699739e-01,7.014916834371796028e-01,7.242840697011942996e-01,7.014916858018328538e-01,7.242822122707349708e-01,7.014917873277739524e-01,7.242660688674322778e-01,7.015019538869546878e-01,7.235166786471136646e-01,6.999808677584897776e-01,1.000000000000012434e+00,6.999808677806507173e-01,6.999808677730907647e-01,7.235166787898664742e-01,7.015019539379518942e-01,7.242660690048876582e-01,7.014917873522134029e-01,7.242822123845884530e-01,7.014916858349835582e-01,7.242840697942354300e-01,7.014916834953339730e-01,7.242843703899543017e-01,7.014916835105299286e-01,7.242840697729274746e-01,7.014916858208840589e-01,7.242822123736515350e-01,7.014917873107291424e-01,7.242660689767533855e-01,7.015019539130302739e-01,7.235166787649089937e-01,6.999808677806507173e-01,1.000000000000012434e+00
9.999999999999984457e-01,6.612215211382455049e-01,6.951836278141012571e-01,6.643287874689010053e-01,6.961862778306995292e-01,6.643064740150428360e-01,6.962108685999359725e-01,6.643061949185202764e-01,6.962137048221879176e-01,6.643061829678484909e-01,6.962141663060525953e-01,6.643061829738681201e-01,6.962137048237327930e-01,6.643061949297455193e-01,6.962108685968498856e-01,6.643064740189195128e-01,6.961862778348694158e-01,6.643287874768244450e-01,6.951836278116753087e-01,6.612215211461237585e-01,6.612215211382455049e-01,9.999999999999984457e-01,6.612215211481268229e-01,6.951836278394274427e-01,6.643287874896212086e-01,6.961862778439291688e-01,6.643064740250921307e-01,6.962108686105882294e-01,6.643061949316915182e-01,6.962137048380822035e-01,6.643061830094333375e-01,6.962141663165182237e-01,6.643061829899568060e-01,6.962137048554095653e-01,6.643061949215713913e-01,6.962108686217864939e-01,6.643064740356523501e-01,6.961862778588830958e-01,6.643287874876975252e-01,6.951836278589343943e-01,6.951836278141012571e-01,6.612215211481268229e-01,9.999999999999984457e-01,6.612215211361509581e-01,6.951836278274603487e-01,6.643287874813088578e-01,6.961862778358673953e-01,6.643064740326168893e-01,6.962108686028773974e-01,6.643061949171649161e-01,6.962137048408885143e-01,6.643061829839241872e-01,6.962141663026838456e-01,6.643061830033714088e-01,6.962137048263803418e-01,6.643061949305911762e-01,6.962108686007996150e-01,6.643064740340849372e-01,6.961862778220337944e-01,6.643287874989495245e-01,6.643287874689010053e-01,6.951836278394274427e-01,6.612215211361509581e-01,9.999999999999984457e-01,6.612215211371498258e-01,6.951836278337706343e-01,6.643287874730270381e-01,6.961862778372480687e-01,6.643064740257902390e-01,6.962108685911332362e-01,6.643061949379285291e-01,6.962137048286412000e-01,6.643061829800526175e-01,6.962141663228365029e-01,6.643061829772074489e-01,6.962137048384249294e-01,6.643061949257360599e-01,6.962108686105981104e-01,6.643064740224939868e-01,6.961862778516217931e-01,6.961862778306995292e-01,6.643287874896212086e-01,6.951836278274603487e-01,6.612215211371498258e-01,9.999999999999984457e-01,6.612215211423486672e-01,6.951836278219046816e-01,6.643287874908954116e-01,6.961862778393912432e-01,6.643064740194186690e-01,6.962108686143372305e-01,6.643061949226449769e-01,6.962137048238961068e-01,6.643061830040793980e-01,6.962141663004068892e-01,6.643061829930106965e-01,6.962137048293248753e-01,6.643061949324345905e-01,6.962108685906309713e-01,6.643064740432950144e-01,6.643064740150428360e-01,6.961862778439291688e-01,6.643287874813088578e-01,6.951836278337706343e-01,6.612215211423486672e-01,9.999999999999984457e-01,6.612215211362230116e-01,6.951836278426036797e-01,6.643287874849563845e-01,6.961862778415224273e-01,6.643064740412774061e-01,6.962108686128000157e-01,6.643061949194588589e-01,6.962137048582298648e-01,6.643061829768330817e-01,6.962141663233085698e-01,6.643061829891578896e-01,6.962137048410014240e-01,6.643061949227442309e-01,6.962108686096390997e-01,6.962108685999359725e-01,6.643064740250921307e-01,6.961862778358673953e-01,6.643287874730270381e-01,6.951836278219046816e-01,6.612215211362230116e-01,9.999999999999984457e-01,6.612215211421449412e-01,6.951836278214331699e-01,6.643287874675006810e-01,6.961862778433938193e-01,6.643064740135007362e-01,6.962108685926063911e-01,6.643061949313224801e-01,6.962137048243932647e-01,6.643061829830122500e-01,6.962141663084103760e-01,6.643061829846548250e-01,6.962137048251459959e-01,6.643061949324274851e-01,6.643061949185202764e-01,6.962108686105882294e-01,6.643064740326168893e-01,6.961862778372480687e-01,6.643287874908954116e-01,6.951836278426036797e-01,6.612215211421449412e-01,9.999999999999984457e-01,6.612215211499155032e-01,6.951836278426545279e-01,6.643287875020347233e-01,6.961862778586176415e-01,6.643064740250105293e-01,6.962108686362229459e-01,6.643061949182453851e-01,6.962137048517077487e-01,6.643061829940609675e-01,6.962141663219212351e-01,6.643061829885709146e-01,6.962137048462622158e-01,6.962137048221879176e-01,6.643061949316915182e-01,6.962108686028773974e-01,6.643064740257902390e-01,6.961862778393912432e-01,6.643287874849563845e-01,6.951836278214331699e-01,6.612215211499155032e-01,9.999999999999984457e-01,6.612215211361187617e-01,6.951836278445304718e-01,6.643287874782242142e-01,6.961862778396090690e-01,6.643064740396240619e-01,6.962108686059197415e-01,6.643061949274746691e-01,6.962137048380998561e-01,6.643061829924801209e-01,6.962141663008560855e-01,6.643061830015520863e-01,6.643061829678484909e-01,6.962137048380822035e-01,6.643061949171649161e-01,6.962108685911332362e-01,6.643064740194186690e-01,6.961862778415224273e-01,6.643287874675006810e-01,6.951836278426545279e-01,6.612215211361187617e-01,9.999999999999984457e-01,6.612215211527635583e-01,6.951836278322205409e-01,6.643287874687153760e-01,6.961862778602245783e-01,6.643064740064880125e-01,6.962108686126486923e-01,6.643061949184421167e-01,6.962137048368316483e-01,6.643061829749922209e-01,6.962141663231502520e-01,6.962141663060525953e-01,6.643061830094333375e-01,6.962137048408885143e-01,6.643061949379285291e-01,6.962108686143372305e-01,6.643064740412774061e-01,6.961862778433938193e-01,6.643287875020347233e-01,6.951836278445304718e-01,6.612215211527635583e-01,9.999999999999984457e-01,6.612215211581945473e-01,6.951836278447445228e-01,6.643287875129735287e-01,6.961862778548465469e-01,6.643064740439619253e-01,6.962108686279742109e-01,6.643061949449645676e-01,6.962137048405405704e-01,6.643061830179926019e-01,6.643061829738681201e-01,6.962141663165182237e-01,6.643061829839241872e-01,6.962137048286412000e-01,6.643061949226449769e-01,6.962108686128000157e-01,6.643064740135007362e-01,6.961862778586176415e-01,6.643287874782242142e-01,6.951836278322205409e-01,6.612215211581945473e-01,9.999999999999984457e-01,6.612215211375692681e-01,6.951836278579265338e-01,6.643287874704462137e-01,6.961862778568714827e-01,6.643064740227492271e-01,6.962108686070243024e-01,6.643061949171056302e-01,6.962137048428147512e-01,6.962137048237327930e-01,6.643061829899568060e-01,6.962141663026838456e-01,6.643061829800526175e-01,6.962137048238961068e-01,6.643061949194588589e-01,6.962108685926063911e-01,6.643064740250105293e-01,6.961862778396090690e-01,6.643287874687153760e-01,6.951836278447445228e-01,6.612215211375692681e-01,9.999999999999984457e-01,6.612215211596459419e-01,6.951836278203010755e-01,6.643287874840650975e-01,6.961862778496130666e-01,6.643064740260885559e-01,6.962108686087442599e-01,6.643061949343962436e-01,6.643061949297455193e-01,6.962137048554095653e-01,6.643061830033714088e-01,6.962141663228365029e-01,6.643061830040793980e-01,6.962137048582298648e-01,6.643061949313224801e-01,6.962108686362229459e-01,6.643064740396240619e-01,6.961862778602245783e-01,6.643287875129735287e-01,6.951836278579265338e-01,6.612215211596459419e-01,9.999999999999984457e-01,6.612215211564720363e-01,6.951836278656030599e-01,6.643287875028803802e-01,6.961862778609227975e-01,6.643064740380589805e-01,6.962108686291822446e-01,6.962108685968498856e-01,6.643061949215713913e-01,6.962137048263803418e-01,6.643061829772074489e-01,6.962141663004068892e-01,6.643061829768330817e-01,6.962137048243932647e-01,6.643061949182453851e-01,6.962108686059197415e-01,6.643064740064880125e-01,6.961862778548465469e-01,6.643287874704462137e-01,6.951836278203010755e-01,6.612215211564720363e-01,9.999999999999984457e-01,6.612215211450508390e-01,6.951836278316847473e-01,6.643287874801517834e-01,6.961862778403473673e-01,6.643064740309513327e-01,6.643064740189195128e-01,6.962108686217864939e-01,6.643061949305911762e-01,6.962137048384249294e-01,6.643061829930106965e-01,6.962141663233085698e-01,6.643061829830122500e-01,6.962137048517077487e-01,6.643061949274746691e-01,6.962108686126486923e-01,6.643064740439619253e-01,6.961862778568714827e-01,6.643287874840650975e-01,6.951836278656030599e-01,6.612215211450508390e-01,9.999999999999984457e-01,6.612215211560350525e-01,6.951836278513983114e-01,6.643287874829527651e-01,6.961862778655043549e-01,6.961862778348694158e-01,6.643064740356523501e-01,6.962108686007996150e-01,6.643061949257360599e-01,6.962137048293248753e-01,6.643061829891578896e-01,6.962141663084103760e-01,6.643061829940609675e-01,6.962137048380998561e-01,6.643061949184421167e-01,6.962108686279742109e-01,6.643064740227492271e-01,6.961862778496130666e-01,6.643287875028803802e-01,6.951836278316847473e-01,6.612215211560350525e-01,9.999999999999984457e-01,6.612215211538696735e-01,6.951836278312562012e-01,6.643287874988141883e-01,6.643287874768244450e-01,6.961862778588830958e-01,6.643064740340849372e-01,6.962108686105981104e-01,6.643061949324345905e-01,6.962137048410014240e-01,6.643061829846548250e-01,6.962141663219212351e-01,6.643061829924801209e-01,6.962137048368316483e-01,6.643061949449645676e-01,6.962108686070243024e-01,6.643064740260885559e-01,6.961862778609227975e-01,6.643287874801517834e-01,6.951836278513983114e-01,6.612215211538696735e-01,9.999999999999984457e-01,6.612215211443928098e-01,6.951836278596017493e-01,6.951836278116753087e-01,6.643287874876975252e-01,6.961862778220337944e-01,6.643064740224939868e-01,6.962108685906309713e-01,6.643061949227442309e-01,6.962137048251459959e-01,6.643061829885709146e-01,6.962141663008560855e-01,6.643061829749922209e-01,6.962137048405405704e-01,6.643061949171056302e-01,6.962108686087442599e-01,6.643064740380589805e-01,6.961862778403473673e-01,6.643287874829527651e-01,6.951836278312562012e-01,6.612215211443928098e-01,9.999999999999984457e-01,6.612215211529739456e-01,6.612215211461237585e-01,6.951836278589343943e-01,6.643287874989495245e-01,6.961862778516217931e-01,6.643064740432950144e-01,6.962108686096390997e-01,6.643061949324274851e-01,6.962137048462622158e-01,6.643061830015520863e-01,6.962141663231502520e-01,6.643061830179926019e-01,6.962137048428147512e-01,6.643061949343962436e-01,6.962108686291822446e-01,6.643064740309513327e-01,6.961862778655043549e-01,6.643287874988141883e-01,6.951836278596017493e-01,6.612215211529739456e-01,9.999999999999984457e-01
9.999999999999900080e-01,5.998000807692851488e-01,6.521418972097284827e-01,6.066363069431341959e-01,6.532658305333650661e-01,6.065904817095602031e-01,6.533055038300815687e-01,6.065895675782628782e-01,6.533099705527218859e-01,6.065895190483032717e-01,6.533106973983641153e-01,6.065895190498586942e-01,6.533099705489942011e-01,6.065895675856856073e-01,6.533055038145703097e-01,6.065904817141836158e-01,6.532658305183427494e-01,6.066363069534020935e-01,6.521418971916095320e-01,5.998000807797433387e-01,5.998000807692851488e-01,9.999999999999900080e-01,5.998000807886255670e-01,6.521418970126875436e-01,6.066363069838771604e-01,6.532658303112158782e-01,6.065904817439354835e-01,6.533055036148334160e-01,6.065895675995129910e-01,6.533099703496140220e-01,6.065895190898968892e-01,6.533106971895195070e-01,6.065895190704360118e-01,6.533099703632738731e-01,6.065895675831407541e-01,6.533055036238406554e-01,6.065904817321681186e-01,6.532658303336660310e-01,6.066363069552864751e-01,6.521418970373605850e-01,6.521418972097284827e-01,5.998000807886255670e-01,9.999999999999900080e-01,5.998000807724064298e-01,6.521418972397444724e-01,6.066363069565678945e-01,6.532658305439198454e-01,6.065904817378247049e-01,6.533055038302304496e-01,6.065895675882200244e-01,6.533099705700986526e-01,6.065895190686187988e-01,6.533106973980039589e-01,6.065895190856303021e-01,6.533099705575714511e-01,6.065895675969292800e-01,6.533055038242613355e-01,6.065904817465750387e-01,6.532658305118856923e-01,6.066363069864753044e-01,6.066363069431341959e-01,6.521418970126875436e-01,5.998000807724064298e-01,9.999999999999900080e-01,5.998000807833031578e-01,6.521418969961177980e-01,6.066363069610360981e-01,6.532658303061495975e-01,6.065904817272834704e-01,6.533055035977715086e-01,6.065895675970497392e-01,6.533099703365495836e-01,6.065895190574657203e-01,6.533106971939732777e-01,6.065895190522025970e-01,6.533099703460969465e-01,6.065895675819205080e-01,6.533055036140454908e-01,6.065904817146702266e-01,6.532658303243530362e-01,6.532658305333650661e-01,6.066363069838771604e-01,6.521418972397444724e-01,5.998000807833031578e-01,9.999999999999900080e-01,5.998000807809811263e-01,6.521418972393207003e-01,6.066363069780738027e-01,6.532658305402249121e-01,6.065904817371012836e-01,6.533055038418925653e-01,6.065895675983483670e-01,6.533099705612142039e-01,6.065895190952348415e-01,6.533106974035601811e-01,6.065895190862700126e-01,6.533099705660139200e-01,6.065895676170981465e-01,6.533055038192797648e-01,6.065904817671736726e-01,6.065904817095602031e-01,6.532658303112158782e-01,6.066363069565678945e-01,6.521418969961177980e-01,5.998000807809811263e-01,9.999999999999900080e-01,5.998000807712383642e-01,6.521418970041171770e-01,6.066363069523963425e-01,6.532658303082461426e-01,6.065904817306992935e-01,6.533055036078863065e-01,6.065895675720328617e-01,6.533099703581792816e-01,6.065895190453065577e-01,6.533106971910782601e-01,6.065895190557095695e-01,6.533099703484831489e-01,6.065895675703258938e-01,6.533055036126126369e-01,6.533055038300815687e-01,6.065904817439354835e-01,6.532658305439198454e-01,6.066363069610360981e-01,6.521418972393207003e-01,5.998000807712383642e-01,9.999999999999900080e-01,5.998000807812615687e-01,6.521418972226000754e-01,6.066363069545603892e-01,6.532658305370268037e-01,6.065904817237285362e-01,6.533055038207826737e-01,6.065895676015997662e-01,6.533099705606195684e-01,6.065895190726234842e-01,6.533106974065274741e-01,6.065895190836321227e-01,6.533099705562400716e-01,6.065895676154565708e-01,6.065895675782628782e-01,6.533055036148334160e-01,6.065904817378247049e-01,6.532658303061495975e-01,6.066363069780738027e-01,6.521418970041171770e-01,5.998000807812615687e-01,9.999999999999900080e-01,5.998000807749037655e-01,6.521418970115362423e-01,6.066363069670884789e-01,6.532658303225920005e-01,6.065904817173106700e-01,6.533055036304039609e-01,6.065895675718229185e-01,6.533099703564388960e-01,6.065895190628552980e-01,6.533106971973090538e-01,6.065895190565243622e-01,6.533099703584424045e-01,6.533099705527218859e-01,6.065895675995129910e-01,6.533055038302304496e-01,6.065904817272834704e-01,6.532658305402249121e-01,6.066363069523963425e-01,6.521418972226000754e-01,5.998000807749037655e-01,9.999999999999900080e-01,5.998000807640236909e-01,6.521418972289736438e-01,6.066363069469307145e-01,6.532658305267953214e-01,6.065904817333938048e-01,6.533055038258084313e-01,6.065895675861328051e-01,6.533099705631364440e-01,6.065895190772263579e-01,6.533106973903097803e-01,6.065895190887661270e-01,6.065895190483032717e-01,6.533099703496140220e-01,6.065895675882200244e-01,6.533055035977715086e-01,6.065904817371012836e-01,6.532658303082461426e-01,6.066363069545603892e-01,6.521418970115362423e-01,5.998000807640236909e-01,9.999999999999900080e-01,5.998000807751164842e-01,6.521418969989014602e-01,6.066363069365672267e-01,6.532658303234768482e-01,6.065904817003218152e-01,6.533055036105617219e-01,6.065895675726155067e-01,6.533099703468079333e-01,6.065895190460239839e-01,6.533106971974351751e-01,6.533106973983641153e-01,6.065895190898968892e-01,6.533099705700986526e-01,6.065895675970497392e-01,6.533055038418925653e-01,6.065904817306992935e-01,6.532658305370268037e-01,6.066363069670884789e-01,6.521418972289736438e-01,5.998000807751164842e-01,9.999999999999900080e-01,5.998000807758514519e-01,6.521418972269835690e-01,6.066363069735001279e-01,6.532658305377312402e-01,6.065904817347105293e-01,6.533055038409518733e-01,6.065895676068782105e-01,6.533099705609322072e-01,6.065895190995279629e-01,6.065895190498586942e-01,6.533106971895195070e-01,6.065895190686187988e-01,6.533099703365495836e-01,6.065895675983483670e-01,6.533055036078863065e-01,6.065904817237285362e-01,6.532658303225920005e-01,6.066363069469307145e-01,6.521418969989014602e-01,5.998000807758514519e-01,9.999999999999900080e-01,5.998000807553696134e-01,6.521418970189953868e-01,6.066363069323524870e-01,6.532658303165795877e-01,6.065904817112172109e-01,6.533055036059460807e-01,6.065895675663457443e-01,6.533099703500351296e-01,6.533099705489942011e-01,6.065895190704360118e-01,6.533106973980039589e-01,6.065895190574657203e-01,6.533099705612142039e-01,6.065895675720328617e-01,6.533055038207826737e-01,6.065904817173106700e-01,6.532658305267953214e-01,6.066363069365672267e-01,6.521418972269835690e-01,5.998000807553696134e-01,9.999999999999900080e-01,5.998000807763135267e-01,6.521418972034783712e-01,6.066363069479703274e-01,6.532658305302215807e-01,6.065904817264147209e-01,6.533055038189118369e-01,6.065895675992527547e-01,6.065895675856856073e-01,6.533099703632738731e-01,6.065895190856303021e-01,6.533106971939732777e-01,6.065895190952348415e-01,6.533099703581792816e-01,6.065895676015997662e-01,6.533055036304039609e-01,6.065904817333938048e-01,6.532658303234768482e-01,6.066363069735001279e-01,6.521418970189953868e-01,5.998000807763135267e-01,9.999999999999900080e-01,5.998000807720605954e-01,6.521418970262558013e-01,6.066363069616683701e-01,6.532658303274517797e-01,6.065904817223792822e-01,6.533055036307107155e-01,6.533055038145703097e-01,6.065895675831407541e-01,6.533099705575714511e-01,6.065895190522025970e-01,6.533106974035601811e-01,6.065895190453065577e-01,6.533099705606195684e-01,6.065895675718229185e-01,6.533055038258084313e-01,6.065904817003218152e-01,6.532658305377312402e-01,6.066363069323524870e-01,6.521418972034783712e-01,5.998000807720605954e-01,9.999999999999900080e-01,5.998000807629246811e-01,6.521418972102372980e-01,6.066363069519469242e-01,6.532658305168239643e-01,6.065904817311217334e-01,6.065904817141836158e-01,6.533055036238406554e-01,6.065895675969292800e-01,6.533099703460969465e-01,6.065895190862700126e-01,6.533106971910782601e-01,6.065895190726234842e-01,6.533099703564388960e-01,6.065895675861328051e-01,6.533055036105617219e-01,6.065904817347105293e-01,6.532658303165795877e-01,6.066363069479703274e-01,6.521418970262558013e-01,5.998000807629246811e-01,9.999999999999900080e-01,5.998000807715297977e-01,6.521418970224581724e-01,6.066363069421654153e-01,6.532658303374436759e-01,6.532658305183427494e-01,6.065904817321681186e-01,6.533055038242613355e-01,6.065895675819205080e-01,6.533099705660139200e-01,6.065895190557095695e-01,6.533106974065274741e-01,6.065895190628552980e-01,6.533099705631364440e-01,6.065895675726155067e-01,6.533055038409518733e-01,6.065904817112172109e-01,6.532658305302215807e-01,6.066363069616683701e-01,6.521418972102372980e-01,5.998000807715297977e-01,9.999999999999900080e-01,5.998000807780201615e-01,6.521418972045126550e-01,6.066363069691212973e-01,6.066363069534020935e-01,6.532658303336660310e-01,6.065904817465750387e-01,6.533055036140454908e-01,6.065895676170981465e-01,6.533099703484831489e-01,6.065895190836321227e-01,6.533106971973090538e-01,6.065895190772263579e-01,6.533099703468079333e-01,6.065895676068782105e-01,6.533055036059460807e-01,6.065904817264147209e-01,6.532658303274517797e-01,6.066363069519469242e-01,6.521418970224581724e-01,5.998000807780201615e-01,9.999999999999900080e-01,5.998000807660300859e-01,6.521418970402245163e-01,6.521418971916095320e-01,6.066363069552864751e-01,6.532658305118856923e-01,6.065904817146702266e-01,6.533055038192797648e-01,6.065895675703258938e-01,6.533099705562400716e-01,6.065895190565243622e-01,6.533106973903097803e-01,6.065895190460239839e-01,6.533099705609322072e-01,6.065895675663457443e-01,6.533055038189118369e-01,6.065904817223792822e-01,6.532658305168239643e-01,6.066363069421654153e-01,6.521418972045126550e-01,5.998000807660300859e-01,9.999999999999900080e-01,5.998000807768529841e-01,5.998000807797433387e-01,6.521418970373605850e-01,6.066363069864753044e-01,6.532658303243530362e-01,6.065904817671736726e-01,6.533055036126126369e-01,6.065895676154565708e-01,6.533099703584424045e-01,6.065895190887661270e-01,6.533106971974351751e-01,6.065895190995279629e-01,6.533099703500351296e-01,6.065895675992527547e-01,6.533055036307107155e-01,6.065904817311217334e-01,6.532658303374436759e-01,6.066363069691212973e-01,6.521418970402245163e-01,5.998000807768529841e-01,9.999999999999900080e-01
