9.999999999999984457e-01,4.747670981144518354e-01,4.913028147811149271e-01,4.748273617149854076e-01,4.925770491955414054e-01,4.748273617090101872e-01,4.913028147949304314e-01,4.747670981200544649e-01,4.747670981144518354e-01,9.999999999999984457e-01,4.747670981203792051e-01,4.913028148003965034e-01,4.748273617200315377e-01,4.925770491856407141e-01,4.748273617177074524e-01,4.913028147841095872e-01,4.913028147811149271e-01,4.747670981203792051e-01,9.999999999999984457e-01,4.747670981177132266e-01,4.913028147863935380e-01,4.748273617141448577e-01,4.925770492135406742e-01,4.748273617278866432e-01,4.748273617149854076e-01,4.913028148003965034e-01,4.747670981177132266e-01,9.999999999999984457e-01,4.747670981147764646e-01,4.913028147616561592e-01,4.748273617154893378e-01,4.925770491900749448e-01,4.925770491955414054e-01,4.748273617200315377e-01,4.913028147863935380e-01,4.747670981147764646e-01,9.999999999999984457e-01,4.747670981091354214e-01,4.913028147751471453e-01,4.748273617256291157e-01,4.748273617090101872e-01,4.925770491856407141e-01,4.748273617141448577e-01,4.913028147616561592e-01,4.747670981091354214e-01,9.999999999999984457e-01,4.747670981069015972e-01,4.913028147743177532e-01,4.913028147949304314e-01,4.748273617177074524e-01,4.925770492135406742e-01,4.748273617154893378e-01,4.913028147751471453e-01,4.747670981069015972e-01,9.999999999999984457e-01,4.747670981209074492e-01,4.747670981200544649e-01,4.913028147841095872e-01,4.748273617278866432e-01,4.925770491900749448e-01,4.748273617256291157e-01,4.913028147743177532e-01,4.747670981209074492e-01,9.999999999999984457e-01
1.000000000000002665e+00,4.526684862842556556e-01,4.837325951351662545e-01,4.528885653542666923e-01,4.867946820627486737e-01,4.528885653541638856e-01,4.837325951354147224e-01,4.526684862842436652e-01,4.526684862842556556e-01,1.000000000000002665e+00,4.526684862840968382e-01,4.837325951263430346e-01,4.528885653549948320e-01,4.867946820534254648e-01,4.528885653551784074e-01,4.837325951262743118e-01,4.837325951351662545e-01,4.526684862840968382e-01,1.000000000000002665e+00,4.526684862832356382e-01,4.837325951347071218e-01,4.528885653541880885e-01,4.867946820623122450e-01,4.528885653551991686e-01,4.528885653542666923e-01,4.837325951263430346e-01,4.526684862832356382e-01,1.000000000000002665e+00,4.526684862832001666e-01,4.837325951248488964e-01,4.528885653542703005e-01,4.867946820535240526e-01,4.867946820627486737e-01,4.528885653549948320e-01,4.837325951347071218e-01,4.526684862832001666e-01,1.000000000000002665e+00,4.526684862830105960e-01,4.837325951344428332e-01,4.528885653550569490e-01,4.528885653541638856e-01,4.867946820534254648e-01,4.528885653541880885e-01,4.837325951248488964e-01,4.526684862830105960e-01,1.000000000000002665e+00,4.526684862833234568e-01,4.837325951260037504e-01,4.837325951354147224e-01,4.528885653551784074e-01,4.867946820623122450e-01,4.528885653542703005e-01,4.837325951344428332e-01,4.526684862833234568e-01,1.000000000000002665e+00,4.526684862842817458e-01,4.526684862842436652e-01,4.837325951262743118e-01,4.528885653551991686e-01,4.867946820535240526e-01,4.528885653550569490e-01,4.837325951260037504e-01,4.526684862842817458e-01,1.000000000000002665e+00
9.999999999999986677e-01,3.881650877693317292e-01,4.629293480374042646e-01,3.894150597370543698e-01,4.720605125937194502e-01,3.894150597491728982e-01,4.629293480505911051e-01,3.881650877855484238e-01,3.881650877693317292e-01,9.999999999999986677e-01,3.881650877875025829e-01,4.629293480933818206e-01,3.894150597877592546e-01,4.720605125370825328e-01,3.894150597859223351e-01,4.629293480244872638e-01,4.629293480374042646e-01,3.881650877875025829e-01,9.999999999999986677e-01,3.881650877645259623e-01,4.629293479969539549e-01,3.894150597771230959e-01,4.720605125358973142e-01,3.894150598152232856e-01,3.894150597370543698e-01,4.629293480933818206e-01,3.881650877645259623e-01,9.999999999999986677e-01,3.881650877661461108e-01,4.629293479556649826e-01,3.894150597637155986e-01,4.720605125256279733e-01,4.720605125937194502e-01,3.894150597877592546e-01,4.629293479969539549e-01,3.881650877661461108e-01,9.999999999999986677e-01,3.881650877692306434e-01,4.629293479760074881e-01,3.894150598144608955e-01,3.894150597491728982e-01,4.720605125370825328e-01,3.894150597771230959e-01,4.629293479556649826e-01,3.881650877692306434e-01,9.999999999999986677e-01,3.881650877761724794e-01,4.629293480244426329e-01,4.629293480505911051e-01,3.894150597859223351e-01,4.720605125358973142e-01,3.894150597637155986e-01,4.629293479760074881e-01,3.881650877761724794e-01,9.999999999999986677e-01,3.881650878137106186e-01,3.881650877855484238e-01,4.629293480244872638e-01,3.894150598152232856e-01,4.720605125256279733e-01,3.894150598144608955e-01,4.629293480244426329e-01,3.881650878137106186e-01,9.999999999999986677e-01
9.999999999999998890e-01,1.445616405930603698e-01,4.133888762892355961e-01,1.562506646288185919e-01,4.337678661690662629e-01,1.562506648089733441e-01,4.133888764111844916e-01,1.445616406956616584e-01,1.445616405930603698e-01,9.999999999999998890e-01,1.445616405400379501e-01,4.133888766030743289e-01,1.562506645421588847e-01,4.337678663230185583e-01,1.562506644704658720e-01,4.133888769324572388e-01,4.133888762892355961e-01,1.445616405400379501e-01,9.999999999999998890e-01,1.445616405588376063e-01,4.133888763023335633e-01,1.562506648218395244e-01,4.337678660828423460e-01,1.562506648196003434e-01,1.562506646288185919e-01,4.133888766030743289e-01,1.445616405588376063e-01,9.999999999999998890e-01,1.445616405281549832e-01,4.133888757286409144e-01,1.562506645222289381e-01,4.337678662074179736e-01,4.337678661690662629e-01,1.562506645421588847e-01,4.133888763023335633e-01,1.445616405281549832e-01,9.999999999999998890e-01,1.445616405780748293e-01,4.133888765310579361e-01,1.562506647716717934e-01,1.562506648089733441e-01,4.337678663230185583e-01,1.562506648218395244e-01,4.133888757286409144e-01,1.445616405780748293e-01,9.999999999999998890e-01,1.445616406104624496e-01,4.133888759980037242e-01,4.133888764111844916e-01,1.562506644704658720e-01,4.337678660828423460e-01,1.562506645222289381e-01,4.133888765310579361e-01,1.445616406104624496e-01,9.999999999999998890e-01,1.445616406444611979e-01,1.445616406956616584e-01,4.133888769324572388e-01,1.562506648196003434e-01,4.337678662074179736e-01,1.562506647716717934e-01,4.133888759980037242e-01,1.445616406444611979e-01,9.999999999999998890e-01
1.000000000000000000e+00,-5.117389390652862247e-01,5.977524553073191305e-01,-4.897665231792723839e-01,5.918995191867405525e-01,-4.897665237919295311e-01,5.977524558120054232e-01,-5.117389386134433282e-01,-5.117389390652862247e-01,1.000000000000000000e+00,-5.117389384235158101e-01,5.977524554078563757e-01,-4.897665235746407331e-01,5.918995188960582965e-01,-4.897665230186220575e-01,5.977524553915780636e-01,5.977524553073191305e-01,-5.117389384235158101e-01,1.000000000000000000e+00,-5.117389379898713564e-01,5.977524555016959784e-01,-4.897665229707045542e-01,5.918995180116413124e-01,-4.897665220863232083e-01,-4.897665231792723839e-01,5.977524554078563757e-01,-5.117389379898713564e-01,1.000000000000000000e+00,-5.117389390560279638e-01,5.977524558530105114e-01,-4.897665228111349189e-01,5.918995185592382802e-01,5.918995191867405525e-01,-4.897665235746407331e-01,5.977524555016959784e-01,-5.117389390560279638e-01,1.000000000000000000e+00,-5.117389398595448835e-01,5.977524557703858266e-01,-4.897665230973508588e-01,-4.897665237919295311e-01,5.918995188960582965e-01,-4.897665229707045542e-01,5.977524558530105114e-01,-5.117389398595448835e-01,1.000000000000000000e+00,-5.117389389930683263e-01,5.977524551039822276e-01,5.977524558120054232e-01,-4.897665230186220575e-01,5.918995180116413124e-01,-4.897665228111349189e-01,5.977524557703858266e-01,-5.117389389930683263e-01,1.000000000000000000e+00,-5.117389381227048784e-01,-5.117389386134433282e-01,5.977524553915780636e-01,-4.897665220863232083e-01,5.918995185592382802e-01,-4.897665230973508588e-01,5.977524551039822276e-01,-5.117389381227048784e-01,1.000000000000000000e+00
9.999999999999967804e-01,-8.934149552125659755e-01,8.972766609358057144e-01,-8.919460565280660225e-01,8.970327523500303268e-01,-8.919460574188970980e-01,8.972766605268831519e-01,-8.934149548994565482e-01,-8.934149552125659755e-01,9.999999999999967804e-01,-8.934149549715904026e-01,8.972766601186724644e-01,-8.919460571856188125e-01,8.970327519729667243e-01,-8.919460566864740869e-01,8.972766609271881633e-01,8.972766609358057144e-01,-8.934149549715904026e-01,9.999999999999967804e-01,-8.934149539021268849e-01,8.972766606729501992e-01,-8.919460571343383881e-01,8.970327514518712242e-01,-8.919460569286565832e-01,-8.919460565280660225e-01,8.972766601186724644e-01,-8.934149539021268849e-01,9.999999999999967804e-01,-8.934149537385883688e-01,8.972766598912964575e-01,-8.919460555872150698e-01,8.970327509577714631e-01,8.970327523500303268e-01,-8.919460571856188125e-01,8.972766606729501992e-01,-8.934149537385883688e-01,9.999999999999967804e-01,-8.934149545757166244e-01,8.972766600258507141e-01,-8.919460567753076941e-01,-8.919460574188970980e-01,8.970327519729667243e-01,-8.919460571343383881e-01,8.972766598912964575e-01,-8.934149545757166244e-01,9.999999999999967804e-01,-8.934149540831243241e-01,8.972766606465923944e-01,8.972766605268831519e-01,-8.919460566864740869e-01,8.970327514518712242e-01,-8.919460555872150698e-01,8.972766600258507141e-01,-8.934149540831243241e-01,9.999999999999967804e-01,-8.934149538797412360e-01,-8.934149548994565482e-01,8.972766609271881633e-01,-8.919460569286565832e-01,8.970327509577714631e-01,-8.919460567753076941e-01,8.972766606465923944e-01,-8.934149538797412360e-01,9.999999999999967804e-01
1.000000000000000444e+00,-9.601868704832677848e-01,9.605145849996375995e-01,-9.598704535017991146e-01,9.604985747704575250e-01,-9.598704535823411321e-01,9.605145849623502041e-01,-9.601868704249976183e-01,-9.601868704832677848e-01,1.000000000000000444e+00,-9.601868704414041611e-01,9.605145849019626203e-01,-9.598704535727915488e-01,9.604985747652989847e-01,-9.598704535442651453e-01,9.605145849690949200e-01,9.605145849996375995e-01,-9.601868704414041611e-01,1.000000000000000444e+00,-9.601868703096582136e-01,9.605145849426984794e-01,-9.598704535384958714e-01,9.604985747007978025e-01,-9.598704535237262414e-01,-9.598704535017991146e-01,9.605145849019626203e-01,-9.601868703096582136e-01,1.000000000000000444e+00,-9.601868702957137014e-01,9.605145848543821252e-01,-9.598704534145865441e-01,9.604985746258960511e-01,9.604985747704575250e-01,-9.598704535727915488e-01,9.605145849426984794e-01,-9.601868702957137014e-01,1.000000000000000444e+00,-9.601868703738923871e-01,9.605145849018730253e-01,-9.598704535086726164e-01,-9.598704535823411321e-01,9.604985747652989847e-01,-9.598704535384958714e-01,9.605145848543821252e-01,-9.601868703738923871e-01,1.000000000000000444e+00,-9.601868703449166764e-01,9.605145849204432817e-01,9.605145849623502041e-01,-9.598704535442651453e-01,9.604985747007978025e-01,-9.598704534145865441e-01,9.605145849018730253e-01,-9.601868703449166764e-01,1.000000000000000444e+00,-9.601868703300651120e-01,-9.601868704249976183e-01,9.605145849690949200e-01,-9.598704535237262414e-01,9.604985746258960511e-01,-9.598704535086726164e-01,9.605145849204432817e-01,-9.601868703300651120e-01,1.000000000000000444e+00
1.000000000000001554e+00,-9.786249823117478819e-01,9.786035049282580944e-01,-9.784655034332244705e-01,9.786001915570474718e-01,-9.784655035333793549e-01,9.786035048797740998e-01,-9.786249822286339217e-01,-9.786249823117478819e-01,1.000000000000001554e+00,-9.786249822427443013e-01,9.786035048277637038e-01,-9.784655035195389816e-01,9.786001915652384753e-01,-9.784655034902027815e-01,9.786035049133960939e-01,9.786035049282580944e-01,-9.786249822427443013e-01,1.000000000000001554e+00,-9.786249820819388212e-01,9.786035048498129552e-01,-9.784655034716620570e-01,9.786001914675317437e-01,-9.784655034592235623e-01,-9.784655034332244705e-01,9.786035048277637038e-01,-9.786249820819388212e-01,1.000000000000001554e+00,-9.786249820600305682e-01,9.786035047542136489e-01,-9.784655033216533848e-01,9.786001913891921866e-01,9.786001915570474718e-01,-9.784655035195389816e-01,9.786035048498129552e-01,-9.786249820600305682e-01,1.000000000000001554e+00,-9.786249821564066975e-01,9.786035047937728937e-01,-9.784655034369620363e-01,-9.784655035333793549e-01,9.786001915652384753e-01,-9.784655034716620570e-01,9.786035047542136489e-01,-9.786249821564066975e-01,1.000000000000001554e+00,-9.786249821259537240e-01,9.786035048416548143e-01,9.786035048797740998e-01,-9.784655034902027815e-01,9.786001914675317437e-01,-9.784655033216533848e-01,9.786035047937728937e-01,-9.786249821259537240e-01,1.000000000000001554e+00,-9.786249821159007656e-01,-9.786249822286339217e-01,9.786035049133960939e-01,-9.784655034592235623e-01,9.786001913891921866e-01,-9.784655034369620363e-01,9.786035048416548143e-01,-9.786249821159007656e-01,1.000000000000001554e+00
1.000000000000001998e+00,-9.856868667267714157e-01,9.856104616706414800e-01,-9.855751022268072203e-01,9.856090425626542473e-01,-9.855751022276013629e-01,9.856104616701697463e-01,-9.856868667263217754e-01,-9.856868667267714157e-01,1.000000000000001998e+00,-9.856868667262886907e-01,9.856104617044266769e-01,-9.855751022274392703e-01,9.856090425973915714e-01,-9.855751022271239670e-01,9.856104617052356964e-01,9.856104616706414800e-01,-9.856868667262886907e-01,1.000000000000001998e+00,-9.856868667251491578e-01,9.856104616700819276e-01,-9.855751022272025708e-01,9.856090425619664641e-01,-9.855751022272268846e-01,-9.855751022268072203e-01,9.856104617044266769e-01,-9.856868667251491578e-01,1.000000000000001998e+00,-9.856868667249967242e-01,9.856104617039999072e-01,-9.855751022259273686e-01,9.856090425962358292e-01,9.856090425626542473e-01,-9.855751022274392703e-01,9.856104616700819276e-01,-9.856868667249967242e-01,1.000000000000001998e+00,-9.856868667257572270e-01,9.856104616695804399e-01,-9.855751022270448081e-01,-9.855751022276013629e-01,9.856090425973915714e-01,-9.855751022272025708e-01,9.856104617039999072e-01,-9.856868667257572270e-01,1.000000000000001998e+00,-9.856868667254231609e-01,9.856104617048097039e-01,9.856104616701697463e-01,-9.855751022271239670e-01,9.856090425619664641e-01,-9.855751022259273686e-01,9.856104616695804399e-01,-9.856868667254231609e-01,1.000000000000001998e+00,-9.856868667254549132e-01,-9.856868667263217754e-01,9.856104617052356964e-01,-9.855751022272268846e-01,9.856090425962358292e-01,-9.855751022270448081e-01,9.856104617048097039e-01,-9.856868667254549132e-01,1.000000000000001998e+00
9.999999999999994449e-01,-9.886603012602226404e-01,9.885746122106376932e-01,-9.885672609472826444e-01,9.885736871342852838e-01,-9.885672609473257211e-01,9.885746122106436884e-01,-9.886603012601807849e-01,-9.886603012602226404e-01,9.999999999999994449e-01,-9.886603012601973273e-01,9.885746122047152085e-01,-9.885672609473074024e-01,9.885736871283883342e-01,-9.885672609472950789e-01,9.885746122047055495e-01,9.885746122106376932e-01,-9.886603012601973273e-01,9.999999999999994449e-01,-9.886603012601703488e-01,9.885746122106255918e-01,-9.885672609472979655e-01,9.885736871342452048e-01,-9.885672609472448968e-01,-9.885672609472826444e-01,9.885746122047152085e-01,-9.886603012601703488e-01,9.999999999999994449e-01,-9.886603012601817841e-01,9.885746122047228690e-01,-9.885672609472589967e-01,9.885736871282991833e-01,9.885736871342852838e-01,-9.885672609473074024e-01,9.885746122106255918e-01,-9.886603012601817841e-01,9.999999999999994449e-01,-9.886603012602189766e-01,9.885746122106304767e-01,-9.885672609472617722e-01,-9.885672609473257211e-01,9.885736871283883342e-01,-9.885672609472979655e-01,9.885746122047228690e-01,-9.886603012602189766e-01,9.999999999999994449e-01,-9.886603012602097618e-01,9.885746122047118778e-01,9.885746122106436884e-01,-9.885672609472950789e-01,9.885736871342452048e-01,-9.885672609472589967e-01,9.885746122106304767e-01,-9.886603012602097618e-01,9.999999999999994449e-01,-9.886603012601615781e-01,-9.886603012601807849e-01,9.885746122047055495e-01,-9.885672609472448968e-01,9.885736871282991833e-01,-9.885672609472617722e-01,9.885746122047118778e-01,-9.886603012601615781e-01,9.999999999999994449e-01
