9.999999999999998890e-01,7.794965677633096668e-01,7.839309454551313117e-01,7.795661454849205363e-01,7.841940120983257323e-01,7.795654552530220105e-01,7.841989995114855283e-01,7.795654458170627743e-01,7.841995515171337194e-01,7.795654453490569180e-01,7.841996396923788248e-01,7.795654453362836911e-01,7.841995514904678277e-01,7.795654457843858021e-01,7.841989994777648354e-01,7.795654551960427003e-01,7.841940120557987504e-01,7.795661454401643375e-01,7.839309454220904083e-01,7.794965677477985189e-01,7.794965677633096668e-01,9.999999999999998890e-01,7.794965677874884369e-01,7.839309454996323812e-01,7.795661454957432124e-01,7.841940121439867628e-01,7.795654552471198429e-01,7.841989995496051469e-01,7.795654458230002470e-01,7.841995515301276587e-01,7.795654453715452625e-01,7.841996397091055560e-01,7.795654453541194240e-01,7.841995515143078688e-01,7.795654457784668701e-01,7.841989995039718719e-01,7.795654552093438383e-01,7.841940120938000192e-01,7.795661454555266046e-01,7.839309454661371745e-01,7.839309454551313117e-01,7.794965677874884369e-01,9.999999999999998890e-01,7.794965678072418580e-01,7.839309454856684400e-01,7.795661455254755401e-01,7.841940121207097159e-01,7.795654552739084142e-01,7.841989995424453186e-01,7.795654458160796718e-01,7.841995515302468966e-01,7.795654453603945155e-01,7.841996397102286576e-01,7.795654453654476956e-01,7.841995514960196090e-01,7.795654457871314946e-01,7.841989994850198098e-01,7.795654552157363915e-01,7.841940120734908204e-01,7.795661454736398932e-01,7.795661454849205363e-01,7.839309454996323812e-01,7.794965678072418580e-01,9.999999999999998890e-01,7.794965678136773768e-01,7.839309455351554101e-01,7.795661455153212183e-01,7.841940121575078360e-01,7.795654552757009803e-01,7.841989995438708450e-01,7.795654458343403981e-01,7.841995515360954405e-01,7.795654453736697853e-01,7.841996397268202745e-01,7.795654453552817165e-01,7.841995515224905455e-01,7.795654457962297723e-01,7.841989995184889262e-01,7.795654552267302639e-01,7.841940121208015313e-01,7.841940120983257323e-01,7.795661454957432124e-01,7.839309454856684400e-01,7.794965678136773768e-01,9.999999999999998890e-01,7.794965678302115952e-01,7.839309454919436426e-01,7.795661455289485398e-01,7.841940121384048945e-01,7.795654552556222638e-01,7.841989995341328568e-01,7.795654458097522888e-01,7.841995515236099834e-01,7.795654453717675292e-01,7.841996396975631223e-01,7.795654453507893100e-01,7.841995515021489283e-01,7.795654457891892930e-01,7.841989994907471173e-01,7.795654552316689800e-01,7.795654552530220105e-01,7.841940121439867628e-01,7.795661455254755401e-01,7.839309455351554101e-01,7.794965678302115952e-01,9.999999999999998890e-01,7.794965678300304068e-01,7.839309455482900146e-01,7.795661455407847384e-01,7.841940121565706967e-01,7.795654552837716356e-01,7.841989995499815125e-01,7.795654458331410241e-01,7.841995515552805385e-01,7.795654453718433574e-01,7.841996397194843649e-01,7.795654453697717923e-01,7.841995515322713883e-01,7.795654458103129514e-01,7.841989995391966950e-01,7.841989995114855283e-01,7.795654552471198429e-01,7.841940121207097159e-01,7.795661455153212183e-01,7.839309454919436426e-01,7.794965678300304068e-01,9.999999999999998890e-01,7.794965678269940579e-01,7.839309455000564864e-01,7.795661455039846199e-01,7.841940121211360415e-01,7.795654552427658812e-01,7.841989995175698835e-01,7.795654458147562860e-01,7.841995515042685660e-01,7.795654453507893100e-01,7.841996396996238072e-01,7.795654453463047862e-01,7.841995515033161057e-01,7.795654457986521679e-01,7.795654458170627743e-01,7.841989995496051469e-01,7.795654552739084142e-01,7.841940121575078360e-01,7.795661455289485398e-01,7.839309455482900146e-01,7.794965678269940579e-01,9.999999999999998890e-01,7.794965678360110672e-01,7.839309455215806022e-01,7.795661455291127417e-01,7.841940121440541533e-01,7.795654552633485279e-01,7.841989995613074527e-01,7.795654458119165575e-01,7.841995515306475761e-01,7.795654453668151573e-01,7.841996397118180528e-01,7.795654453646511106e-01,7.841995515332321753e-01,7.841995515171337194e-01,7.795654458230002470e-01,7.841989995424453186e-01,7.795654552757009803e-01,7.841940121384048945e-01,7.795661455407847384e-01,7.839309455000564864e-01,7.794965678360110672e-01,9.999999999999998890e-01,7.794965678109623264e-01,7.839309455002239080e-01,7.795661455001087203e-01,7.841940121087367377e-01,7.795654552567217177e-01,7.841989995005234082e-01,7.795654458026447520e-01,7.841995515107980097e-01,7.795654453552471885e-01,7.841996396941722791e-01,7.795654453648175330e-01,7.795654453490569180e-01,7.841995515301276587e-01,7.795654458160796718e-01,7.841989995438708450e-01,7.795654552556222638e-01,7.841940121565706967e-01,7.795661455039846199e-01,7.839309455215806022e-01,7.794965678109623264e-01,9.999999999999998890e-01,7.794965678023121347e-01,7.839309454845023728e-01,7.795661454866879003e-01,7.841940121239872052e-01,7.795654552199119403e-01,7.841989995093480159e-01,7.795654457848367747e-01,7.841995515085586899e-01,7.795654453395913785e-01,7.841996397097145133e-01,7.841996396923788248e-01,7.795654453715452625e-01,7.841995515302468966e-01,7.795654458343403981e-01,7.841989995341328568e-01,7.795654552837716356e-01,7.841940121211360415e-01,7.795661455291127417e-01,7.839309455002239080e-01,7.794965678023121347e-01,9.999999999999998890e-01,7.794965677893928024e-01,7.839309454749971984e-01,7.795661454963840331e-01,7.841940120894810295e-01,7.795654552269990489e-01,7.841989994939734254e-01,7.795654457894818368e-01,7.841995514977992965e-01,7.795654453559973662e-01,7.795654453362836911e-01,7.841996397091055560e-01,7.795654453603945155e-01,7.841995515360954405e-01,7.795654458097522888e-01,7.841989995499815125e-01,7.795654552427658812e-01,7.841940121440541533e-01,7.795661455001087203e-01,7.839309454845023728e-01,7.794965677893928024e-01,9.999999999999998890e-01,7.794965677718417307e-01,7.839309454765697183e-01,7.795661454553189929e-01,7.841940120953785343e-01,7.795654552050429453e-01,7.841989994895155469e-01,7.795654457696020723e-01,7.841995515049279275e-01,7.841995514904678277e-01,7.795654453541194240e-01,7.841996397102286576e-01,7.795654453736697853e-01,7.841995515236099834e-01,7.795654458331410241e-01,7.841989995175698835e-01,7.795654552633485279e-01,7.841940121087367377e-01,7.795661454866879003e-01,7.839309454749971984e-01,7.794965677718417307e-01,9.999999999999998890e-01,7.794965677770444579e-01,7.839309454387655141e-01,7.795661454577820226e-01,7.841940120670601866e-01,7.795654552049847696e-01,7.841989994838239886e-01,7.795654457815036631e-01,7.795654457843858021e-01,7.841995515143078688e-01,7.795654453654476956e-01,7.841996397268202745e-01,7.795654453717675292e-01,7.841995515552805385e-01,7.795654458147562860e-01,7.841989995613074527e-01,7.795654552567217177e-01,7.841940121239872052e-01,7.795661454963840331e-01,7.839309454765697183e-01,7.794965677770444579e-01,9.999999999999998890e-01,7.794965677585498076e-01,7.839309454613279105e-01,7.795661454583966421e-01,7.841940120850608986e-01,7.795654552076957122e-01,7.841989994985031354e-01,7.841989994777648354e-01,7.795654457784668701e-01,7.841995514960196090e-01,7.795654453552817165e-01,7.841996396975631223e-01,7.795654453718433574e-01,7.841995515042685660e-01,7.795654458119165575e-01,7.841989995005234082e-01,7.795654552199119403e-01,7.841940120894810295e-01,7.795661454553189929e-01,7.839309454387655141e-01,7.794965677585498076e-01,9.999999999999998890e-01,7.794965677373482116e-01,7.839309454196662363e-01,7.795661454350049091e-01,7.841940120560750849e-01,7.795654551960577994e-01,7.795654551960427003e-01,7.841989995039718719e-01,7.795654457871314946e-01,7.841995515224905455e-01,7.795654453507893100e-01,7.841996397194843649e-01,7.795654453507893100e-01,7.841995515306475761e-01,7.795654458026447520e-01,7.841989995093480159e-01,7.795654552269990489e-01,7.841940120953785343e-01,7.795661454577820226e-01,7.839309454613279105e-01,7.794965677373482116e-01,9.999999999999998890e-01,7.794965677354150912e-01,7.839309454354057571e-01,7.795661454351421327e-01,7.841940120715281681e-01,7.841940120557987504e-01,7.795654552093438383e-01,7.841989994850198098e-01,7.795654457962297723e-01,7.841995515021489283e-01,7.795654453697717923e-01,7.841996396996238072e-01,7.795654453668151573e-01,7.841995515107980097e-01,7.795654457848367747e-01,7.841989994939734254e-01,7.795654552050429453e-01,7.841940120670601866e-01,7.795661454583966421e-01,7.839309454196662363e-01,7.794965677354150912e-01,9.999999999999998890e-01,7.794965677311864738e-01,7.839309454160152679e-01,7.795661454423439274e-01,7.795661454401643375e-01,7.841940120938000192e-01,7.795654552157363915e-01,7.841989995184889262e-01,7.795654457891892930e-01,7.841995515322713883e-01,7.795654453463047862e-01,7.841996397118180528e-01,7.795654453552471885e-01,7.841995515085586899e-01,7.795654457894818368e-01,7.841989994895155469e-01,7.795654552049847696e-01,7.841940120850608986e-01,7.795661454350049091e-01,7.839309454354057571e-01,7.794965677311864738e-01,9.999999999999998890e-01,7.794965677289542594e-01,7.839309454412524136e-01,7.839309454220904083e-01,7.795661454555266046e-01,7.841940120734908204e-01,7.795654552267302639e-01,7.841989994907471173e-01,7.795654458103129514e-01,7.841995515033161057e-01,7.795654453646511106e-01,7.841996396941722791e-01,7.795654453395913785e-01,7.841995514977992965e-01,7.795654457696020723e-01,7.841989994838239886e-01,7.795654552076957122e-01,7.841940120560750849e-01,7.795661454351421327e-01,7.839309454160152679e-01,7.794965677289542594e-01,9.999999999999998890e-01,7.794965677383586256e-01,7.794965677477985189e-01,7.839309454661371745e-01,7.795661454736398932e-01,7.841940121208015313e-01,7.795654552316689800e-01,7.841989995391966950e-01,7.795654457986521679e-01,7.841995515332321753e-01,7.795654453648175330e-01,7.841996397097145133e-01,7.795654453559973662e-01,7.841995515049279275e-01,7.795654457815036631e-01,7.841989994985031354e-01,7.795654551960577994e-01,7.841940120715281681e-01,7.795661454423439274e-01,7.839309454412524136e-01,7.794965677383586256e-01,9.999999999999998890e-01
1.000000000000002220e+00,7.738884674461915525e-01,7.795423571573325550e-01,7.740056750991244350e-01,7.799135458403856358e-01,7.740043603006410144e-01,7.799205420531233335e-01,7.740043414806309086e-01,7.799213258638426627e-01,7.740043403516356779e-01,7.799214514204559912e-01,7.740043403655259002e-01,7.799213258504997803e-01,7.740043415044981501e-01,7.799205421284279849e-01,7.740043602562423075e-01,7.799135458656982767e-01,7.740056750845610845e-01,7.795423571523190098e-01,7.738884674579020739e-01,7.738884674461915525e-01,1.000000000000002220e+00,7.738884674937315244e-01,7.795423573939296302e-01,7.740056750856181278e-01,7.799135460985253676e-01,7.740043601913604299e-01,7.799205422985313607e-01,7.740043415029578266e-01,7.799213259788326802e-01,7.740043405236193275e-01,7.799214515523917868e-01,7.740043404651906211e-01,7.799213260385019497e-01,7.740043414738704275e-01,7.799205423333444021e-01,7.740043603132144012e-01,7.799135461171822215e-01,7.740056751298087789e-01,7.795423574007440681e-01,7.795423571573325550e-01,7.738884674937315244e-01,1.000000000000002220e+00,7.738884675071713293e-01,7.795423571617646763e-01,7.740056751836826843e-01,7.799135458194093040e-01,7.740043603181205878e-01,7.799205421843619090e-01,7.740043414292526736e-01,7.799213259494013339e-01,7.740043404124538062e-01,7.799214514902753637e-01,7.740043405205141447e-01,7.799213258791234393e-01,7.740043415122976889e-01,7.799205421192149101e-01,7.740043602955938296e-01,7.799135458667204590e-01,7.740056751446168226e-01,7.740056750991244350e-01,7.795423573939296302e-01,7.738884675071713293e-01,1.000000000000002220e+00,7.738884674588994983e-01,7.795423574451634252e-01,7.740056750407877662e-01,7.799135460665154174e-01,7.740043603072487288e-01,7.799205422120062403e-01,7.740043415679138672e-01,7.799213260003207138e-01,7.740043404781242753e-01,7.799214516269510344e-01,7.740043404568830443e-01,7.799213260830437644e-01,7.740043415358027756e-01,7.799205423393208436e-01,7.740043603068880174e-01,7.799135461306011541e-01,7.799135458403856358e-01,7.740056750856181278e-01,7.795423571617646763e-01,7.738884674588994983e-01,1.000000000000002220e+00,7.738884674969583877e-01,7.795423570588934092e-01,7.740056751064156026e-01,7.799135458998139869e-01,7.740043601729029721e-01,7.799205421444285191e-01,7.740043413954915685e-01,7.799213258691370942e-01,7.740043404722950493e-01,7.799214514084310546e-01,7.740043404337162425e-01,7.799213258892212508e-01,7.740043414560360269e-01,7.799205420638700703e-01,7.740043602605430895e-01,7.740043603006410144e-01,7.799135460985253676e-01,7.740056751836826843e-01,7.795423574451634252e-01,7.738884674969583877e-01,1.000000000000002220e+00,7.738884674386228291e-01,7.795423574522757360e-01,7.740056751810107105e-01,7.799135460590147506e-01,7.740043603966941799e-01,7.799205422792309106e-01,7.740043415463534471e-01,7.799213261245199202e-01,7.740043404942433813e-01,7.799214516030401612e-01,7.740043405421260791e-01,7.799213260958461902e-01,7.740043415530764026e-01,7.799205423451088803e-01,7.799205420531233335e-01,7.740043601913604299e-01,7.799135458194093040e-01,7.740056750407877662e-01,7.795423570588934092e-01,7.738884674386228291e-01,1.000000000000002220e+00,7.738884674091207616e-01,7.795423570997205287e-01,7.740056749513641865e-01,7.799135458328723125e-01,7.740043601291350939e-01,7.799205420380747045e-01,7.740043414456339033e-01,7.799213257870227789e-01,7.740043403762921770e-01,7.799214514376368035e-01,7.740043403676593048e-01,7.799213258355778278e-01,7.740043414120146847e-01,7.740043414806309086e-01,7.799205422985313607e-01,7.740043603181205878e-01,7.799135460665154174e-01,7.740056751064156026e-01,7.795423574522757360e-01,7.738884674091207616e-01,1.000000000000002220e+00,7.738884675134830582e-01,7.795423573316232480e-01,7.740056752031724274e-01,7.799135460606645420e-01,7.740043603089139523e-01,7.799205424250400531e-01,7.740043414965829260e-01,7.799213260540079906e-01,7.740043405136354249e-01,7.799214515699222083e-01,7.740043404939752625e-01,7.799213260427194649e-01,7.799213258638426627e-01,7.740043415029578266e-01,7.799205421843619090e-01,7.740043603072487288e-01,7.799135458998139869e-01,7.740056751810107105e-01,7.795423570997205287e-01,7.738884675134830582e-01,1.000000000000002220e+00,7.738884674143609033e-01,7.795423572494456499e-01,7.740056750684272124e-01,7.799135458447274960e-01,7.740043603401820516e-01,7.799205420625008323e-01,7.740043415104378433e-01,7.799213259328708903e-01,7.740043404714832542e-01,7.799214514298851153e-01,7.740043404845985409e-01,7.740043403516356779e-01,7.799213259788326802e-01,7.740043414292526736e-01,7.799205422120062403e-01,7.740043601729029721e-01,7.799135460590147506e-01,7.740056749513641865e-01,7.795423573316232480e-01,7.738884674143609033e-01,1.000000000000002220e+00,7.738884674659116669e-01,7.795423572481285923e-01,7.740056750466822733e-01,7.799135460696140498e-01,7.740043601896398062e-01,7.799205422426072065e-01,7.740043414464401472e-01,7.799213259991457647e-01,7.740043403958395407e-01,7.799214515763839284e-01,7.799214514204559912e-01,7.740043405236193275e-01,7.799213259494013339e-01,7.740043415679138672e-01,7.799205421444285191e-01,7.740043603966941799e-01,7.799135458328723125e-01,7.740056752031724274e-01,7.795423572494456499e-01,7.738884674659116669e-01,1.000000000000002220e+00,7.738884674795029062e-01,7.795423572435296045e-01,7.740056752266660789e-01,7.799135459210588817e-01,7.740043603526305382e-01,7.799205421844499497e-01,7.740043415531258075e-01,7.799213259434766288e-01,7.740043405351262340e-01,7.740043403655259002e-01,7.799214515523917868e-01,7.740043404124538062e-01,7.799213260003207138e-01,7.740043413954915685e-01,7.799205422792309106e-01,7.740043601291350939e-01,7.799135460606645420e-01,7.740056750684272124e-01,7.795423572481285923e-01,7.738884674795029062e-01,1.000000000000002220e+00,7.738884674199710823e-01,7.795423573664159722e-01,7.740056750391676177e-01,7.799135460722204094e-01,7.740043602514226073e-01,7.799205422207851068e-01,7.740043414398107835e-01,7.799213260210020593e-01,7.799213258504997803e-01,7.740043404651906211e-01,7.799214514902753637e-01,7.740043404781242753e-01,7.799213258691370942e-01,7.740043415463534471e-01,7.799205420380747045e-01,7.740043603089139523e-01,7.799135458447274960e-01,7.740056750466822733e-01,7.795423572435296045e-01,7.738884674199710823e-01,1.000000000000002220e+00,7.738884675292855286e-01,7.795423571574044974e-01,7.740056751297850202e-01,7.799135458895279926e-01,7.740043602853809990e-01,7.799205421735408983e-01,7.740043415073667443e-01,7.740043415044981501e-01,7.799213260385019497e-01,7.740043405205141447e-01,7.799214516269510344e-01,7.740043404722950493e-01,7.799213261245199202e-01,7.740043414456339033e-01,7.799205424250400531e-01,7.740043603401820516e-01,7.799135460696140498e-01,7.740056752266660789e-01,7.795423573664159722e-01,7.738884675292855286e-01,1.000000000000002220e+00,7.738884675074328978e-01,7.795423574388182786e-01,7.740056751951983616e-01,7.799135460930277652e-01,7.740043603396155047e-01,7.799205423078151567e-01,7.799205421284279849e-01,7.740043414738704275e-01,7.799213258791234393e-01,7.740043404568830443e-01,7.799214514084310546e-01,7.740043404942433813e-01,7.799213257870227789e-01,7.740043414965829260e-01,7.799205420625008323e-01,7.740043601896398062e-01,7.799135459210588817e-01,7.740056750391676177e-01,7.795423571574044974e-01,7.738884675074328978e-01,1.000000000000002220e+00,7.738884674679075149e-01,7.795423571920411243e-01,7.740056751001261892e-01,7.799135459179954433e-01,7.740043602776639498e-01,7.740043602562423075e-01,7.799205423333444021e-01,7.740043415122976889e-01,7.799213260830437644e-01,7.740043404337162425e-01,7.799214516030401612e-01,7.740043403762921770e-01,7.799213260540079906e-01,7.740043415104378433e-01,7.799205422426072065e-01,7.740043603526305382e-01,7.799135460722204094e-01,7.740056751297850202e-01,7.795423574388182786e-01,7.738884674679075149e-01,1.000000000000002220e+00,7.738884675167547744e-01,7.795423573841585574e-01,7.740056751366647392e-01,7.799135460564238231e-01,7.799135458656982767e-01,7.740043603132144012e-01,7.799205421192149101e-01,7.740043415358027756e-01,7.799213258892212508e-01,7.740043405421260791e-01,7.799214514376368035e-01,7.740043405136354249e-01,7.799213259328708903e-01,7.740043414464401472e-01,7.799205421844499497e-01,7.740043602514226073e-01,7.799135458895279926e-01,7.740056751951983616e-01,7.795423571920411243e-01,7.738884675167547744e-01,1.000000000000002220e+00,7.738884675090313969e-01,7.795423572223278974e-01,7.740056751617456765e-01,7.740056750845610845e-01,7.799135461171822215e-01,7.740043602955938296e-01,7.799205423393208436e-01,7.740043414560360269e-01,7.799213260958461902e-01,7.740043403676593048e-01,7.799214515699222083e-01,7.740043404714832542e-01,7.799213259991457647e-01,7.740043415531258075e-01,7.799205422207851068e-01,7.740043602853809990e-01,7.799135460930277652e-01,7.740056751001261892e-01,7.795423573841585574e-01,7.738884675090313969e-01,1.000000000000002220e+00,7.738884674893863336e-01,7.795423573957165342e-01,7.795423571523190098e-01,7.740056751298087789e-01,7.799135458667204590e-01,7.740043603068880174e-01,7.799205420638700703e-01,7.740043415530764026e-01,7.799213258355778278e-01,7.740043404939752625e-01,7.799214514298851153e-01,7.740043403958395407e-01,7.799213259434766288e-01,7.740043414398107835e-01,7.799205421735408983e-01,7.740043603396155047e-01,7.799135459179954433e-01,7.740056751366647392e-01,7.795423572223278974e-01,7.738884674893863336e-01,1.000000000000002220e+00,7.738884675026996840e-01,7.738884674579020739e-01,7.795423574007440681e-01,7.740056751446168226e-01,7.799135461306011541e-01,7.740043602605430895e-01,7.799205423451088803e-01,7.740043414120146847e-01,7.799213260427194649e-01,7.740043404845985409e-01,7.799214515763839284e-01,7.740043405351262340e-01,7.799213260210020593e-01,7.740043415073667443e-01,7.799205423078151567e-01,7.740043602776639498e-01,7.799135460564238231e-01,7.740056751617456765e-01,7.795423573957165342e-01,7.738884675026996840e-01,1.000000000000002220e+00
1.000000000000009548e+00,7.657044008408602220e-01,7.731543807966836379e-01,7.659145169090527672e-01,7.736989988093903037e-01,7.659118212794202574e-01,7.737091368621497045e-01,7.659117816929177369e-01,7.737102943049256609e-01,7.659117791997483993e-01,7.737104804651786516e-01,7.659117791969161093e-01,7.737102942925501159e-01,7.659117816845129045e-01,7.737091368569835037e-01,7.659118212533452263e-01,7.736989987897182619e-01,7.659145168913550350e-01,7.731543807841829707e-01,7.657044008350670783e-01,7.657044008408602220e-01,1.000000000000009548e+00,7.657044008537796653e-01,7.731543808402573381e-01,7.659145169145186172e-01,7.736989988521278949e-01,7.659118212655567914e-01,7.737091369038368027e-01,7.659117816968100678e-01,7.737102943270267597e-01,7.659117792221376009e-01,7.737104804906792532e-01,7.659117792137072334e-01,7.737102943266824795e-01,7.659117816800562473e-01,7.737091368922788259e-01,7.659118212604202336e-01,7.736989988349752823e-01,7.659145169003427345e-01,7.731543808292710152e-01,7.731543807966836379e-01,7.657044008537796653e-01,1.000000000000009548e+00,7.657044008612813313e-01,7.731543808109766491e-01,7.659145169323986480e-01,7.736989988065622326e-01,7.659118212859519215e-01,7.737091368829880356e-01,7.659117816864038364e-01,7.737102943156630719e-01,7.659117792096988842e-01,7.737104804817326320e-01,7.659117792233881561e-01,7.737102943006076705e-01,7.659117816849353444e-01,7.737091368570712113e-01,7.659118212627162858e-01,7.736989987981597316e-01,7.659145169078624971e-01,7.659145169090527672e-01,7.731543808402573381e-01,7.657044008612813313e-01,1.000000000000009548e+00,7.657044008621015641e-01,7.731543808584683264e-01,7.659145169138813491e-01,7.736989988522225969e-01,7.659118212848324836e-01,7.737091368906696687e-01,7.659117817036399378e-01,7.737102943326379378e-01,7.659117792205328845e-01,7.737104805054719758e-01,7.659117792131097113e-01,7.737102943357561102e-01,7.659117816874682072e-01,7.737091368946888981e-01,7.659118212669456804e-01,7.736989988440520216e-01,7.736989988093903037e-01,7.659145169145186172e-01,7.731543808109766491e-01,7.657044008621015641e-01,1.000000000000009548e+00,7.657044008729797513e-01,7.731543808032852461e-01,7.659145169279240051e-01,7.736989988277009900e-01,7.659118212681823579e-01,7.737091368759783094e-01,7.659117816842646587e-01,7.737102943100320207e-01,7.659117792236126432e-01,7.737104804709193928e-01,7.659117792126383106e-01,7.737102943035724101e-01,7.659117816830101066e-01,7.737091368566020311e-01,7.659118212680900983e-01,7.659118212794202574e-01,7.736989988521278949e-01,7.659145169323986480e-01,7.731543808584683264e-01,7.657044008729797513e-01,1.000000000000009548e+00,7.657044008641988864e-01,7.731543808634404602e-01,7.659145169370447093e-01,7.736989988518550021e-01,7.659118212948450299e-01,7.737091368985070661e-01,7.659117817057364830e-01,7.737102943515168363e-01,7.659117792246424861e-01,7.737104804997219087e-01,7.659117792243120837e-01,7.737102943425030466e-01,7.659117816973995962e-01,7.737091369026908305e-01,7.737091368621497045e-01,7.659118212655567914e-01,7.736989988065622326e-01,7.659145169138813491e-01,7.731543808032852461e-01,7.657044008641988864e-01,1.000000000000009548e+00,7.657044008588637096e-01,7.731543808061239753e-01,7.659145169007562926e-01,7.736989988050095857e-01,7.659118212571656148e-01,7.737091368630797383e-01,7.659117816894082109e-01,7.737102942957121421e-01,7.659117792043911299e-01,7.737104804686926185e-01,7.659117792013677706e-01,7.737102942972271524e-01,7.659117816787051058e-01,7.659117816929177369e-01,7.737091369038368027e-01,7.659118212859519215e-01,7.736989988522225969e-01,7.659145169279240051e-01,7.731543808634404602e-01,7.657044008588637096e-01,1.000000000000009548e+00,7.657044008711972882e-01,7.731543808407955742e-01,7.659145169301622147e-01,7.736989988446666411e-01,7.659118212813456061e-01,7.737091369188262568e-01,7.659117816933060929e-01,7.737102943326531479e-01,7.659117792186698193e-01,7.737104804933706559e-01,7.659117792188911977e-01,7.737102943319617010e-01,7.737102943049256609e-01,7.659117816968100678e-01,7.737091368829880356e-01,7.659118212848324836e-01,7.736989988277009900e-01,7.659145169370447093e-01,7.731543808061239753e-01,7.657044008711972882e-01,1.000000000000009548e+00,7.657044008520530465e-01,7.731543808162503195e-01,7.659145169102173911e-01,7.736989988079082670e-01,7.659118212825257732e-01,7.737091368556777704e-01,7.659117816905495202e-01,7.737102943068538963e-01,7.659117792131451274e-01,7.737104804651073753e-01,7.659117792180146767e-01,7.659117791997483993e-01,7.737102943270267597e-01,7.659117816864038364e-01,7.737091368906696687e-01,7.659118212681823579e-01,7.736989988518550021e-01,7.659145169007562926e-01,7.731543808407955742e-01,7.657044008520530465e-01,1.000000000000009548e+00,7.657044008506075361e-01,7.731543808194990541e-01,7.659145169030275868e-01,7.736989988371842930e-01,7.659118212550660720e-01,7.737091368797807123e-01,7.659117816739619000e-01,7.737102943209261952e-01,7.659117791996066238e-01,7.737104804930179380e-01,7.737104804651786516e-01,7.659117792221376009e-01,7.737102943156630719e-01,7.659117817036399378e-01,7.737091368759783094e-01,7.659118212948450299e-01,7.736989988050095857e-01,7.659145169301622147e-01,7.731543808162503195e-01,7.657044008506075361e-01,1.000000000000009548e+00,7.657044008473616881e-01,7.731543808074889945e-01,7.659145169217629334e-01,7.736989988073895708e-01,7.659118212699298489e-01,7.737091368583950413e-01,7.659117816855866012e-01,7.737102943041165304e-01,7.659117792160070604e-01,7.659117791969161093e-01,7.737104804906792532e-01,7.659117792096988842e-01,7.737102943326379378e-01,7.659117816842646587e-01,7.737091368985070661e-01,7.659118212571656148e-01,7.736989988446666411e-01,7.659145169102173911e-01,7.731543808194990541e-01,7.657044008473616881e-01,1.000000000000009548e+00,7.657044008390789802e-01,7.731543808289677022e-01,7.659145168919133662e-01,7.736989988293918596e-01,7.659118212520821256e-01,7.737091368685780068e-01,7.659117816704882342e-01,7.737102943217241124e-01,7.737102942925501159e-01,7.659117792137072334e-01,7.737104804817326320e-01,7.659117792205328845e-01,7.737102943100320207e-01,7.659117817057364830e-01,7.737091368630797383e-01,7.659118212813456061e-01,7.736989988079082670e-01,7.659145169030275868e-01,7.731543808074889945e-01,7.657044008390789802e-01,1.000000000000009548e+00,7.657044008526018297e-01,7.731543807903722421e-01,7.659145169017482768e-01,7.736989987935274371e-01,7.659118212582988194e-01,7.737091368616076936e-01,7.659117816819185354e-01,7.659117816845129045e-01,7.737102943266824795e-01,7.659117792233881561e-01,7.737104805054719758e-01,7.659117792236126432e-01,7.737102943515168363e-01,7.659117816894082109e-01,7.737091369188262568e-01,7.659118212825257732e-01,7.736989988371842930e-01,7.659145169217629334e-01,7.731543808289677022e-01,7.657044008526018297e-01,1.000000000000009548e+00,7.657044008450499817e-01,7.731543808320457956e-01,7.659145169055769919e-01,7.736989988285015718e-01,7.659118212641868872e-01,7.737091368848069139e-01,7.737091368569835037e-01,7.659117816800562473e-01,7.737102943006076705e-01,7.659117792131097113e-01,7.737104804709193928e-01,7.659117792246424861e-01,7.737102942957121421e-01,7.659117816933060929e-01,7.737091368556777704e-01,7.659118212550660720e-01,7.736989988073895708e-01,7.659145168919133662e-01,7.731543807903722421e-01,7.657044008450499817e-01,1.000000000000009548e+00,7.657044008335877061e-01,7.731543807853138439e-01,7.659145168918003455e-01,7.736989987959026482e-01,7.659118212548314819e-01,7.659118212533452263e-01,7.737091368922788259e-01,7.659117816849353444e-01,7.737102943357561102e-01,7.659117792126383106e-01,7.737104804997219087e-01,7.659117792043911299e-01,7.737102943326531479e-01,7.659117816905495202e-01,7.737091368797807123e-01,7.659118212699298489e-01,7.736989988293918596e-01,7.659145169017482768e-01,7.731543808320457956e-01,7.657044008335877061e-01,1.000000000000009548e+00,7.657044008336018059e-01,7.731543808157079756e-01,7.659145168945519222e-01,7.736989988192347623e-01,7.736989987897182619e-01,7.659118212604202336e-01,7.737091368570712113e-01,7.659117816874682072e-01,7.737102943035724101e-01,7.659117792243120837e-01,7.737104804686926185e-01,7.659117792186698193e-01,7.737102943068538963e-01,7.659117816739619000e-01,7.737091368583950413e-01,7.659118212520821256e-01,7.736989987935274371e-01,7.659145169055769919e-01,7.731543807853138439e-01,7.657044008336018059e-01,1.000000000000009548e+00,7.657044008309665806e-01,7.731543807848884065e-01,7.659145168951265736e-01,7.659145168913550350e-01,7.736989988349752823e-01,7.659118212627162858e-01,7.737091368946888981e-01,7.659117816830101066e-01,7.737102943425030466e-01,7.659117792013677706e-01,7.737104804933706559e-01,7.659117792131451274e-01,7.737102943209261952e-01,7.659117816855866012e-01,7.737091368685780068e-01,7.659118212582988194e-01,7.736989988285015718e-01,7.659145168918003455e-01,7.731543808157079756e-01,7.657044008309665806e-01,1.000000000000009548e+00,7.657044008306921334e-01,7.731543808191367884e-01,7.731543807841829707e-01,7.659145169003427345e-01,7.736989987981597316e-01,7.659118212669456804e-01,7.737091368566020311e-01,7.659117816973995962e-01,7.737102942972271524e-01,7.659117792188911977e-01,7.737104804651073753e-01,7.659117791996066238e-01,7.737102943041165304e-01,7.659117816704882342e-01,7.737091368616076936e-01,7.659118212641868872e-01,7.736989987959026482e-01,7.659145168945519222e-01,7.731543807848884065e-01,7.657044008306921334e-01,1.000000000000009548e+00,7.657044008348189434e-01,7.657044008350670783e-01,7.731543808292710152e-01,7.659145169078624971e-01,7.736989988440520216e-01,7.659118212680900983e-01,7.737091369026908305e-01,7.659117816787051058e-01,7.737102943319617010e-01,7.659117792180146767e-01,7.737104804930179380e-01,7.659117792160070604e-01,7.737102943217241124e-01,7.659117816819185354e-01,7.737091368848069139e-01,7.659118212548314819e-01,7.736989988192347623e-01,7.659145168951265736e-01,7.731543808191367884e-01,7.657044008348189434e-01,1.000000000000009548e+00
1.000000000000006661e+00,7.531728133977253492e-01,7.634191330689279464e-01,7.535799284026847289e-01,7.642562080782715483e-01,7.535738745219894286e-01,7.642714008415156801e-01,7.535737859006949035e-01,7.642731906672687314e-01,7.535737795708994380e-01,7.642734803852109238e-01,7.535737795876161771e-01,7.642731906575179757e-01,7.535737859116388160e-01,7.642714008628113120e-01,7.535738744856217419e-01,7.642562080755387344e-01,7.535799283882375077e-01,7.634191330642888795e-01,7.531728134020818644e-01,7.531728133977253492e-01,1.000000000000006661e+00,7.531728134220916360e-01,7.634191332002260300e-01,7.535799284063634529e-01,7.642562082223972597e-01,7.535738744629714159e-01,7.642714009769162598e-01,7.535737859188472720e-01,7.642731907331902219e-01,7.535737796782424613e-01,7.642734804588743325e-01,7.535737796354770035e-01,7.642731907626492127e-01,7.535737858940659839e-01,7.642714009882147774e-01,7.535738745084104018e-01,7.642562082157005054e-01,7.535799284172752799e-01,7.634191332133377639e-01,7.634191330689279464e-01,7.531728134220916360e-01,1.000000000000006661e+00,7.531728134194884960e-01,7.634191330790751628e-01,7.535799284600769310e-01,7.642562080678673153e-01,7.535738745136468797e-01,7.642714009157841604e-01,7.535737858631548214e-01,7.642731907170275951e-01,7.535737796105608233e-01,7.642734804058508580e-01,7.535737796624544238e-01,7.642731906696763611e-01,7.535737859070097411e-01,7.642714008697775174e-01,7.535738744835176472e-01,7.642562080878556596e-01,7.535799284273302368e-01,7.535799284026847289e-01,7.634191332002260300e-01,7.531728134194884960e-01,1.000000000000006661e+00,7.531728134017272591e-01,7.634191332327059376e-01,7.535799283781077218e-01,7.642562082071902019e-01,7.535738745080122758e-01,7.642714009214960358e-01,7.535737859476582257e-01,7.642731907395460267e-01,7.535737796276542610e-01,7.642734804943986937e-01,7.535737796150265844e-01,7.642731907766721067e-01,7.535737859105819947e-01,7.642714009885024362e-01,7.535738744907967135e-01,7.642562082240429433e-01,7.642562080782715483e-01,7.535799284063634529e-01,7.634191330790751628e-01,7.531728134017272591e-01,1.000000000000006661e+00,7.531728134373876227e-01,7.634191330336922432e-01,7.535799284181142754e-01,7.642562081165716892e-01,7.535738744459299365e-01,7.642714008950187710e-01,7.535737858634001807e-01,7.642731906701596412e-01,7.535737796383673581e-01,7.642734803715297565e-01,7.535737796240775666e-01,7.642731906740651837e-01,7.535737858689622870e-01,7.642714008587672136e-01,7.535738744890299046e-01,7.535738745219894286e-01,7.642562082223972597e-01,7.535799284600769310e-01,7.634191332327059376e-01,7.531728134373876227e-01,1.000000000000006661e+00,7.531728134087155579e-01,7.634191332444429934e-01,7.535799284711980350e-01,7.642562081964060505e-01,7.535738745804139160e-01,7.642714009757217708e-01,7.535737859379456616e-01,7.642731908123413520e-01,7.535737796560683099e-01,7.642734804892329370e-01,7.535737796742053574e-01,7.642731907899198429e-01,7.535737859319635579e-01,7.642714010016478099e-01,7.642714008415156801e-01,7.535738744629714159e-01,7.642562080678673153e-01,7.535799283781077218e-01,7.634191330336922432e-01,7.531728134087155579e-01,1.000000000000006661e+00,7.531728133871724573e-01,7.634191330576280965e-01,7.535799283428881168e-01,7.642562080728623197e-01,7.535738744417107560e-01,7.642714008266948689e-01,7.535737858906460529e-01,7.642731906216606586e-01,7.535737796019230661e-01,7.642734803831041646e-01,7.535737795793475691e-01,7.642731906547796106e-01,7.535737858673499101e-01,7.535737859006949035e-01,7.642714009769162598e-01,7.535738745136468797e-01,7.642562082071902019e-01,7.535799284181142754e-01,7.634191332444429934e-01,7.531728133871724573e-01,1.000000000000006661e+00,7.531728134429529486e-01,7.634191331720381335e-01,7.535799284779084450e-01,7.642562081920386552e-01,7.535738745190651011e-01,7.642714010219398002e-01,7.535737859111409920e-01,7.642731907652817736e-01,7.535737796533326094e-01,7.642734804675530569e-01,7.535737796468817695e-01,7.642731907711389772e-01,7.642731906672687314e-01,7.535737859188472720e-01,7.642714009157841604e-01,7.535738745080122758e-01,7.642562081165716892e-01,7.535799284711980350e-01,7.634191330576280965e-01,7.531728134429529486e-01,1.000000000000006661e+00,7.531728133865674968e-01,7.634191331325324015e-01,7.535799284168538392e-01,7.642562080758602550e-01,7.535738745460558441e-01,7.642714008410008697e-01,7.535737859302913400e-01,7.642731906937676456e-01,7.535737796326966720e-01,7.642734803871467086e-01,7.535737796592104631e-01,7.535737795708994380e-01,7.642731907331902219e-01,7.535737858631548214e-01,7.642714009214960358e-01,7.535738744459299365e-01,7.642562081964060505e-01,7.535799283428881168e-01,7.634191331720381335e-01,7.531728133865674968e-01,1.000000000000006661e+00,7.531728134121428164e-01,7.634191331296453775e-01,7.535799283806473570e-01,7.642562081880377445e-01,7.535738744522153532e-01,7.642714009403031028e-01,7.535737858722038052e-01,7.642731907306767880e-01,7.535737795909772663e-01,7.642734804727755460e-01,7.642734803852109238e-01,7.535737796782424613e-01,7.642731907170275951e-01,7.535737859476582257e-01,7.642714008950187710e-01,7.535738745804139160e-01,7.642562080728623197e-01,7.535799284779084450e-01,7.634191331325324015e-01,7.531728134121428164e-01,1.000000000000006661e+00,7.531728134260707863e-01,7.634191331185848917e-01,7.535799284891858685e-01,7.642562080994965701e-01,7.535738745558099305e-01,7.642714008973545692e-01,7.535737859306150810e-01,7.642731907008595282e-01,7.535737796797598032e-01,7.535737795876161771e-01,7.642734804588743325e-01,7.535737796105608233e-01,7.642731907395460267e-01,7.535737858634001807e-01,7.642714009757217708e-01,7.535738744417107560e-01,7.642562081920386552e-01,7.535799284168538392e-01,7.634191331296453775e-01,7.531728134260707863e-01,1.000000000000006661e+00,7.531728133842032769e-01,7.634191331923192436e-01,7.535799283817254945e-01,7.642562081794567197e-01,7.535738744911778531e-01,7.642714009268787301e-01,7.535737858776786480e-01,7.642731907538122815e-01,7.642731906575179757e-01,7.535737796354770035e-01,7.642734804058508580e-01,7.535737796276542610e-01,7.642731906701596412e-01,7.535737859379456616e-01,7.642714008266948689e-01,7.535738745190651011e-01,7.642562080758602550e-01,7.535799283806473570e-01,7.634191331185848917e-01,7.531728133842032769e-01,1.000000000000006661e+00,7.531728134342217107e-01,7.634191330631143746e-01,7.535799284262589826e-01,7.642562080864158114e-01,7.535738744881610440e-01,7.642714008886389854e-01,7.535737859132003447e-01,7.535737859116388160e-01,7.642731907626492127e-01,7.535737796624544238e-01,7.642734804943986937e-01,7.535737796383673581e-01,7.642731908123413520e-01,7.535737858906460529e-01,7.642714010219398002e-01,7.535738745460558441e-01,7.642562081880377445e-01,7.535799284891858685e-01,7.634191331923192436e-01,7.531728134342217107e-01,1.000000000000006661e+00,7.531728134210660119e-01,7.634191332231453631e-01,7.535799284523291286e-01,7.642562081904925586e-01,7.535738745228938162e-01,7.642714009711693013e-01,7.642714008628113120e-01,7.535737858940659839e-01,7.642731906696763611e-01,7.535737796150265844e-01,7.642734803715297565e-01,7.535737796560683099e-01,7.642731906216606586e-01,7.535737859111409920e-01,7.642714008410008697e-01,7.535738744522153532e-01,7.642562080994965701e-01,7.535799283817254945e-01,7.634191330631143746e-01,7.531728134210660119e-01,1.000000000000006661e+00,7.531728134014326059e-01,7.634191330767737815e-01,7.535799283971248430e-01,7.642562081014337982e-01,7.535738744959249447e-01,7.535738744856217419e-01,7.642714009882147774e-01,7.535737859070097411e-01,7.642731907766721067e-01,7.535737796240775666e-01,7.642734804892329370e-01,7.535737796019230661e-01,7.642731907652817736e-01,7.535737859302913400e-01,7.642714009403031028e-01,7.535738745558099305e-01,7.642562081794567197e-01,7.535799284262589826e-01,7.634191332231453631e-01,7.531728134014326059e-01,1.000000000000006661e+00,7.531728134235879946e-01,7.634191331816844173e-01,7.535799284313942081e-01,7.642562081875740043e-01,7.642562080755387344e-01,7.535738745084104018e-01,7.642714008697775174e-01,7.535737859105819947e-01,7.642731906740651837e-01,7.535737796742053574e-01,7.642734803831041646e-01,7.535737796533326094e-01,7.642731906937676456e-01,7.535737858722038052e-01,7.642714008973545692e-01,7.535738744911778531e-01,7.642562080864158114e-01,7.535799284523291286e-01,7.634191330767737815e-01,7.531728134235879946e-01,1.000000000000006661e+00,7.531728134082450454e-01,7.634191330929266384e-01,7.535799284334496750e-01,7.535799283882375077e-01,7.642562082157005054e-01,7.535738744835176472e-01,7.642714009885024362e-01,7.535737858689622870e-01,7.642731907899198429e-01,7.535737795793475691e-01,7.642734804675530569e-01,7.535737796326966720e-01,7.642731907306767880e-01,7.535737859306150810e-01,7.642714009268787301e-01,7.535738744881610440e-01,7.642562081904925586e-01,7.535799283971248430e-01,7.634191331816844173e-01,7.531728134082450454e-01,1.000000000000006661e+00,7.531728134015222009e-01,7.634191331936610592e-01,7.634191330642888795e-01,7.535799284172752799e-01,7.642562080878556596e-01,7.535738744907967135e-01,7.642714008587672136e-01,7.535737859319635579e-01,7.642731906547796106e-01,7.535737796468817695e-01,7.642734803871467086e-01,7.535737795909772663e-01,7.642731907008595282e-01,7.535737858776786480e-01,7.642714008886389854e-01,7.535738745228938162e-01,7.642562081014337982e-01,7.535799284313942081e-01,7.634191330929266384e-01,7.531728134015222009e-01,1.000000000000006661e+00,7.531728134216899573e-01,7.531728134020818644e-01,7.634191332133377639e-01,7.535799284273302368e-01,7.642562082240429433e-01,7.535738744890299046e-01,7.642714010016478099e-01,7.535737858673499101e-01,7.642731907711389772e-01,7.535737796592104631e-01,7.642734804727755460e-01,7.535737796797598032e-01,7.642731907538122815e-01,7.535737859132003447e-01,7.642714009711693013e-01,7.535738744959249447e-01,7.642562081875740043e-01,7.535799284334496750e-01,7.634191331936610592e-01,7.531728134216899573e-01,1.000000000000006661e+00
