9.999999999999984457e-01,4.747670981144518354e-01,4.913028147811149271e-01,4.748273617149854076e-01,4.925770491955414054e-01,4.748273617090101872e-01,4.913028147949304314e-01,4.747670981200544649e-01,4.747670981144518354e-01,9.999999999999984457e-01,4.747670981203792051e-01,4.913028148003965034e-01,4.748273617200315377e-01,4.925770491856407141e-01,4.748273617177074524e-01,4.913028147841095872e-01,4.913028147811149271e-01,4.747670981203792051e-01,9.999999999999984457e-01,4.747670981177132266e-01,4.913028147863935380e-01,4.748273617141448577e-01,4.925770492135406742e-01,4.748273617278866432e-01,4.748273617149854076e-01,4.913028148003965034e-01,4.747670981177132266e-01,9.999999999999984457e-01,4.747670981147764646e-01,4.913028147616561592e-01,4.748273617154893378e-01,4.925770491900749448e-01,4.925770491955414054e-01,4.748273617200315377e-01,4.913028147863935380e-01,4.747670981147764646e-01,9.999999999999984457e-01,4.747670981091354214e-01,4.913028147751471453e-01,4.748273617256291157e-01,4.748273617090101872e-01,4.925770491856407141e-01,4.748273617141448577e-01,4.913028147616561592e-01,4.747670981091354214e-01,9.999999999999984457e-01,4.747670981069015972e-01,4.913028147743177532e-01,4.913028147949304314e-01,4.748273617177074524e-01,4.925770492135406742e-01,4.748273617154893378e-01,4.913028147751471453e-01,4.747670981069015972e-01,9.999999999999984457e-01,4.747670981209074492e-01,4.747670981200544649e-01,4.913028147841095872e-01,4.748273617278866432e-01,4.925770491900749448e-01,4.748273617256291157e-01,4.913028147743177532e-01,4.747670981209074492e-01,9.999999999999984457e-01
1.000000000000000888e+00,4.733300727781112327e-01,4.908065310002384107e-01,4.733976783313919023e-01,4.921851396297780568e-01,4.733976783234206676e-01,4.908065310175752649e-01,4.733300727852653433e-01,4.733300727781112327e-01,1.000000000000000888e+00,4.733300727862495005e-01,4.908065310250673274e-01,4.733976783394290289e-01,4.921851396155717540e-01,4.733976783359856166e-01,4.908065310046004770e-01,4.908065310002384107e-01,4.733300727862495005e-01,1.000000000000000888e+00,4.733300727828413379e-01,4.908065310072265985e-01,4.733976783307597413e-01,4.921851396522640698e-01,4.733976783487204854e-01,4.733976783313919023e-01,4.908065310250673274e-01,4.733300727828413379e-01,1.000000000000000888e+00,4.733300727799726326e-01,4.908065309757480010e-01,4.733976783330876570e-01,4.921851396219020236e-01,4.921851396297780568e-01,4.733976783394290289e-01,4.908065310072265985e-01,4.733300727799726326e-01,1.000000000000000888e+00,4.733300727723149803e-01,4.908065309931232134e-01,4.733976783465914662e-01,4.733976783234206676e-01,4.921851396155717540e-01,4.733976783307597413e-01,4.908065309757480010e-01,4.733300727723149803e-01,1.000000000000000888e+00,4.733300727689540577e-01,4.908065309906948226e-01,4.908065310175752649e-01,4.733976783359856166e-01,4.921851396522640698e-01,4.733976783330876570e-01,4.908065309931232134e-01,4.733300727689540577e-01,1.000000000000000888e+00,4.733300727872670199e-01,4.733300727852653433e-01,4.908065310046004770e-01,4.733976783487204854e-01,4.921851396219020236e-01,4.733976783465914662e-01,4.908065309906948226e-01,4.733300727872670199e-01,1.000000000000000888e+00
1.000000000000001332e+00,4.717700607992358908e-01,4.902682324915758061e-01,4.718461182955465683e-01,4.917624768699667137e-01,4.718461182854399860e-01,4.902682325134539720e-01,4.717700608081213942e-01,4.717700607992358908e-01,1.000000000000001332e+00,4.717700608100656168e-01,4.902682325239067218e-01,4.718461183090885136e-01,4.917624768501347998e-01,4.718461183044271312e-01,4.902682324992239105e-01,4.902682324915758061e-01,4.717700608100656168e-01,1.000000000000001332e+00,4.717700608036214938e-01,4.902682324997769681e-01,4.718461182955078215e-01,4.917624768978845484e-01,4.718461183202777298e-01,4.718461182955465683e-01,4.902682325239067218e-01,4.717700608036214938e-01,1.000000000000001332e+00,4.717700608005568341e-01,4.902682324587941398e-01,4.718461182985770330e-01,4.917624768582975481e-01,4.917624768699667137e-01,4.718461183090885136e-01,4.902682324997769681e-01,4.717700608005568341e-01,1.000000000000001332e+00,4.717700607907189259e-01,4.902682324818054549e-01,4.718461183179919471e-01,4.718461182854399860e-01,4.917624768501347998e-01,4.718461182955078215e-01,4.902682324587941398e-01,4.717700607907189259e-01,1.000000000000001332e+00,4.717700607861466389e-01,4.902682324781268974e-01,4.902682325134539720e-01,4.718461183044271312e-01,4.917624768978845484e-01,4.718461182985770330e-01,4.902682324818054549e-01,4.717700607861466389e-01,1.000000000000001332e+00,4.717700608113871152e-01,4.717700608081213942e-01,4.902682324992239105e-01,4.718461183202777298e-01,4.917624768582975481e-01,4.718461183179919471e-01,4.902682324781268974e-01,4.717700608113871152e-01,1.000000000000001332e+00
1.000000000000001332e+00,4.700730575730598382e-01,4.896832659526151321e-01,4.701588783420069806e-01,4.913058953483480096e-01,4.701588783286678730e-01,4.896832659791240383e-01,4.700730575840624259e-01,4.700730575730598382e-01,1.000000000000001332e+00,4.700730575866304828e-01,4.896832659926304565e-01,4.701588783623898982e-01,4.913058953201802637e-01,4.701588783566715835e-01,4.896832659642909036e-01,4.896832659526151321e-01,4.700730575866304828e-01,1.000000000000001332e+00,4.700730575756321139e-01,4.896832659602642912e-01,4.701588783413893635e-01,4.913058953822369568e-01,4.701588783758934298e-01,4.701588783420069806e-01,4.896832659926304565e-01,4.700730575756321139e-01,1.000000000000001332e+00,4.700730575722470994e-01,4.896832659084290329e-01,4.701588783464103471e-01,4.913058953310378563e-01,4.913058953483480096e-01,4.701588783623898982e-01,4.896832659602642912e-01,4.700730575722470994e-01,1.000000000000001332e+00,4.700730575591510751e-01,4.896832659379703467e-01,4.701588783734061416e-01,4.701588783286678730e-01,4.913058953201802637e-01,4.701588783413893635e-01,4.896832659084290329e-01,4.700730575591510751e-01,1.000000000000001332e+00,4.700730575534609046e-01,4.896832659329017901e-01,4.896832659791240383e-01,4.701588783566715835e-01,4.913058953822369568e-01,4.701588783464103471e-01,4.896832659379703467e-01,4.700730575534609046e-01,1.000000000000001332e+00,4.700730575886261642e-01,4.700730575840624259e-01,4.896832659642909036e-01,4.701588783758934298e-01,4.913058953310378563e-01,4.701588783734061416e-01,4.896832659329017901e-01,4.700730575886261642e-01,1.000000000000001332e+00
9.999999999999964473e-01,4.682230801991018598e-01,4.890463542504230876e-01,4.683202196022435149e-01,4.908118332398208605e-01,4.683202195859335060e-01,4.890463542819270537e-01,4.682230802124187075e-01,4.682230801991018598e-01,9.999999999999964473e-01,4.682230802155675775e-01,4.890463543011240866e-01,4.683202196323882349e-01,4.908118332035513731e-01,4.683202196254768745e-01,4.890463542696353860e-01,4.890463542504230876e-01,4.682230802155675775e-01,9.999999999999964473e-01,4.682230801987069535e-01,4.890463542568658228e-01,4.683202196019340402e-01,4.908118332789454530e-01,4.683202196475024226e-01,4.683202196022435149e-01,4.890463543011240866e-01,4.682230801987069535e-01,9.999999999999964473e-01,4.682230801962132261e-01,4.890463541964572558e-01,4.683202196093887437e-01,4.908118332172078935e-01,4.908118332398208605e-01,4.683202196323882349e-01,4.890463542568658228e-01,4.682230801962132261e-01,9.999999999999964473e-01,4.682230801799355246e-01,4.890463542308927658e-01,4.683202196458546851e-01,4.683202195859335060e-01,4.908118332035513731e-01,4.683202196019340402e-01,4.890463541964572558e-01,4.682230801799355246e-01,9.999999999999964473e-01,4.682230801732341074e-01,4.890463542265041097e-01,4.890463542819270537e-01,4.683202196254768745e-01,4.908118332789454530e-01,4.683202196093887437e-01,4.890463542308927658e-01,4.682230801732341074e-01,9.999999999999964473e-01,4.682230802195818109e-01,4.682230802124187075e-01,4.890463542696353860e-01,4.683202196475024226e-01,4.908118332172078935e-01,4.683202196458546851e-01,4.890463542265041097e-01,4.682230802195818109e-01,9.999999999999964473e-01
1.000000000000000000e+00,4.662018373760794532e-01,4.883515015667683201e-01,4.663121478705497536e-01,4.902762756611286354e-01,4.663121478427787459e-01,4.883515015973914908e-01,4.662018373958005668e-01,4.662018373760794532e-01,1.000000000000000000e+00,4.662018373943391247e-01,4.883515016535879827e-01,4.663121478985282065e-01,4.902762756401894961e-01,4.663121478929922459e-01,4.883515016171559031e-01,4.883515015667683201e-01,4.662018373943391247e-01,1.000000000000000000e+00,4.662018373766119161e-01,4.883515015585625507e-01,4.663121478593583169e-01,4.902762757103191760e-01,4.663121479226583488e-01,4.663121478705497536e-01,4.883515016535879827e-01,4.662018373766119161e-01,1.000000000000000000e+00,4.662018373699429175e-01,4.883515015322397179e-01,4.663121478766423800e-01,4.902762756643354591e-01,4.902762756611286354e-01,4.663121478985282065e-01,4.883515015585625507e-01,4.662018373699429175e-01,1.000000000000000000e+00,4.662018373426843887e-01,4.883515015253683256e-01,4.663121479179932471e-01,4.663121478427787459e-01,4.902762756401894961e-01,4.663121478593583169e-01,4.883515015322397179e-01,4.662018373426843887e-01,1.000000000000000000e+00,4.662018373373878477e-01,4.883515015614138255e-01,4.883515015973914908e-01,4.663121478929922459e-01,4.902762757103191760e-01,4.663121478766423800e-01,4.883515015253683256e-01,4.662018373373878477e-01,1.000000000000000000e+00,4.662018374019948341e-01,4.662018373958005668e-01,4.883515016171559031e-01,4.663121479226583488e-01,4.902762756643354591e-01,4.663121479179932471e-01,4.883515015614138255e-01,4.662018374019948341e-01,1.000000000000000000e+00
1.000000000000001332e+00,4.639883368505992589e-01,4.875918835025669917e-01,4.641140341836466066e-01,4.896946892508478033e-01,4.641140341645717537e-01,4.875918835519472694e-01,4.639883368652260032e-01,4.639883368505992589e-01,1.000000000000001332e+00,4.639883368765150284e-01,4.875918835913022331e-01,4.641140342663357954e-01,4.896946891920203049e-01,4.641140342536898000e-01,4.875918835556011799e-01,4.875918835025669917e-01,4.639883368765150284e-01,1.000000000000001332e+00,4.639883368280698361e-01,4.875918835053066891e-01,4.641140341933038815e-01,4.896946893026534742e-01,4.641140342729668244e-01,4.641140341836466066e-01,4.875918835913022331e-01,4.639883368280698361e-01,1.000000000000001332e+00,4.639883368375547490e-01,4.875918834202309093e-01,4.641140342067691105e-01,4.896946892017917108e-01,4.896946892508478033e-01,4.641140342663357954e-01,4.875918835053066891e-01,4.639883368375547490e-01,1.000000000000001332e+00,4.639883368173841061e-01,4.875918834738392493e-01,4.641140342817929310e-01,4.641140341645717537e-01,4.896946891920203049e-01,4.641140341933038815e-01,4.875918834202309093e-01,4.639883368173841061e-01,1.000000000000001332e+00,4.639883368071590075e-01,4.875918834717417605e-01,4.875918835519472694e-01,4.641140342536898000e-01,4.896946893026534742e-01,4.641140342067691105e-01,4.875918834738392493e-01,4.639883368071590075e-01,1.000000000000001332e+00,4.639883368881451697e-01,4.639883368652260032e-01,4.875918835556011799e-01,4.641140342729668244e-01,4.896946892017917108e-01,4.641140342817929310e-01,4.875918834717417605e-01,4.639883368881451697e-01,1.000000000000001332e+00
1.000000000000002665e+00,4.615584175820268142e-01,4.867597199118127715e-01,4.617021639756958562e-01,4.890619465281627054e-01,4.617021639482781215e-01,4.867597199592852975e-01,4.615584176004958739e-01,4.615584175820268142e-01,1.000000000000002665e+00,4.615584176260479343e-01,4.867597200052330431e-01,4.617021641066910709e-01,4.890619464417109707e-01,4.617021640951797790e-01,4.867597199842613187e-01,4.867597199118127715e-01,4.615584176260479343e-01,1.000000000000002665e+00,4.615584175468455674e-01,4.867597199008172337e-01,4.617021639823014612e-01,4.890619465768730190e-01,4.617021641032630352e-01,4.617021639756958562e-01,4.867597200052330431e-01,4.615584175468455674e-01,1.000000000000002665e+00,4.615584175591618821e-01,4.867597198037232342e-01,4.617021640208025524e-01,4.890619464471730460e-01,4.890619465281627054e-01,4.617021641066910709e-01,4.867597199008172337e-01,4.615584175591618821e-01,1.000000000000002665e+00,4.615584175347455798e-01,4.867597198709434636e-01,4.617021641229110962e-01,4.617021639482781215e-01,4.890619464417109707e-01,4.617021639823014612e-01,4.867597198037232342e-01,4.615584175347455798e-01,1.000000000000002665e+00,4.615584175154961999e-01,4.867597198665860048e-01,4.867597199592852975e-01,4.617021640951797790e-01,4.890619465768730190e-01,4.617021640208025524e-01,4.867597198709434636e-01,4.615584175154961999e-01,1.000000000000002665e+00,4.615584176414745388e-01,4.615584176004958739e-01,4.867597199842613187e-01,4.617021641032630352e-01,4.890619464471730460e-01,4.617021641229110962e-01,4.867597198665860048e-01,4.615584176414745388e-01,1.000000000000002665e+00
9.999999999999968914e-01,4.588841911357855463e-01,4.858461285835283805e-01,4.590492001110086928e-01,4.883722391609738311e-01,4.590492001110032527e-01,4.858461285836338517e-01,4.588841911354416547e-01,4.588841911357855463e-01,9.999999999999968914e-01,4.588841911363344961e-01,4.858461285811610519e-01,4.590492001120873855e-01,4.883722391576624799e-01,4.590492001115660248e-01,4.858461285801958240e-01,4.858461285835283805e-01,4.588841911363344961e-01,9.999999999999968914e-01,4.588841911362877557e-01,4.858461285842663457e-01,4.590492001116614484e-01,4.883722391606631907e-01,4.590492001114055975e-01,4.590492001110086928e-01,4.858461285811610519e-01,4.588841911362877557e-01,9.999999999999968914e-01,4.588841911367289583e-01,4.858461285805297791e-01,4.590492001114958587e-01,4.883722391573399602e-01,4.883722391609738311e-01,4.590492001120873855e-01,4.858461285842663457e-01,4.588841911367289583e-01,9.999999999999968914e-01,4.588841911366776105e-01,4.858461285839617561e-01,4.590492001117839060e-01,4.590492001110032527e-01,4.883722391576624799e-01,4.590492001116614484e-01,4.858461285805297791e-01,4.588841911366776105e-01,9.999999999999968914e-01,4.588841911362201431e-01,4.858461285804350216e-01,4.858461285836338517e-01,4.590492001115660248e-01,4.883722391606631907e-01,4.590492001114958587e-01,4.858461285839617561e-01,4.588841911362201431e-01,9.999999999999968914e-01,4.588841911359374803e-01,4.588841911354416547e-01,4.858461285801958240e-01,4.590492001114055975e-01,4.883722391573399602e-01,4.590492001117839060e-01,4.858461285804350216e-01,4.588841911359374803e-01,9.999999999999968914e-01
9.999999999999980016e-01,4.559333737635690720e-01,4.848409575947925099e-01,4.561235426162760787e-01,4.876189786251305391e-01,4.561235426162397744e-01,4.848409575949554351e-01,4.559333737631630634e-01,4.559333737635690720e-01,9.999999999999980016e-01,4.559333737643380680e-01,4.848409575904983893e-01,4.561235426176114549e-01,4.876189786193817488e-01,4.561235426169368279e-01,4.848409575890145762e-01,4.848409575947925099e-01,4.559333737643380680e-01,9.999999999999980016e-01,4.559333737644229445e-01,4.848409575957171036e-01,4.561235426171930118e-01,4.876189786247983049e-01,4.561235426167981055e-01,4.561235426162760787e-01,4.848409575904983893e-01,4.559333737644229445e-01,9.999999999999980016e-01,4.559333737650052010e-01,4.848409575896269197e-01,4.561235426169785723e-01,4.876189786190116005e-01,4.876189786251305391e-01,4.561235426176114549e-01,4.848409575957171036e-01,4.559333737650052010e-01,9.999999999999980016e-01,4.559333737648825768e-01,4.848409575952653539e-01,4.561235426172763896e-01,4.561235426162397744e-01,4.876189786193817488e-01,4.561235426171930118e-01,4.848409575896269197e-01,4.559333737648825768e-01,9.999999999999980016e-01,4.559333737643244122e-01,4.848409575894129242e-01,4.848409575949554351e-01,4.561235426169368279e-01,4.876189786247983049e-01,4.561235426169785723e-01,4.848409575952653539e-01,4.559333737643244122e-01,9.999999999999980016e-01,4.559333737638843198e-01,4.559333737631630634e-01,4.848409575890145762e-01,4.561235426167981055e-01,4.876189786190116005e-01,4.561235426172763896e-01,4.848409575894129242e-01,4.559333737638843198e-01,9.999999999999980016e-01
1.000000000000002665e+00,4.526684862842556556e-01,4.837325951351662545e-01,4.528885653542666923e-01,4.867946820627486737e-01,4.528885653541638856e-01,4.837325951354147224e-01,4.526684862842436652e-01,4.526684862842556556e-01,1.000000000000002665e+00,4.526684862840968382e-01,4.837325951263430346e-01,4.528885653549948320e-01,4.867946820534254648e-01,4.528885653551784074e-01,4.837325951262743118e-01,4.837325951351662545e-01,4.526684862840968382e-01,1.000000000000002665e+00,4.526684862832356382e-01,4.837325951347071218e-01,4.528885653541880885e-01,4.867946820623122450e-01,4.528885653551991686e-01,4.528885653542666923e-01,4.837325951263430346e-01,4.526684862832356382e-01,1.000000000000002665e+00,4.526684862832001666e-01,4.837325951248488964e-01,4.528885653542703005e-01,4.867946820535240526e-01,4.867946820627486737e-01,4.528885653549948320e-01,4.837325951347071218e-01,4.526684862832001666e-01,1.000000000000002665e+00,4.526684862830105960e-01,4.837325951344428332e-01,4.528885653550569490e-01,4.528885653541638856e-01,4.867946820534254648e-01,4.528885653541880885e-01,4.837325951248488964e-01,4.526684862830105960e-01,1.000000000000002665e+00,4.526684862833234568e-01,4.837325951260037504e-01,4.837325951354147224e-01,4.528885653551784074e-01,4.867946820623122450e-01,4.528885653542703005e-01,4.837325951344428332e-01,4.526684862833234568e-01,1.000000000000002665e+00,4.526684862842817458e-01,4.526684862842436652e-01,4.837325951262743118e-01,4.528885653551991686e-01,4.867946820535240526e-01,4.528885653550569490e-01,4.837325951260037504e-01,4.526684862842817458e-01,1.000000000000002665e+00
1.000000000000002665e+00,4.490458958237595333e-01,4.825077562573617529e-01,4.493017047167627842e-01,4.858908434994358982e-01,4.493017047166270039e-01,4.825077562575114110e-01,4.490458958236999143e-01,4.490458958237595333e-01,1.000000000000002665e+00,4.490458958235795661e-01,4.825077562419659571e-01,4.493017047171228295e-01,4.858908434842530433e-01,4.493017047173307188e-01,4.825077562418657040e-01,4.825077562573617529e-01,4.490458958235795661e-01,1.000000000000002665e+00,4.490458958230846287e-01,4.825077562571596368e-01,4.493017047165703826e-01,4.858908434990754088e-01,4.493017047171903311e-01,4.493017047167627842e-01,4.825077562419659571e-01,4.490458958230846287e-01,1.000000000000002665e+00,4.490458958230833519e-01,4.825077562414303856e-01,4.493017047167962019e-01,4.858908434843755009e-01,4.858908434994358982e-01,4.493017047171228295e-01,4.825077562571596368e-01,4.490458958230833519e-01,1.000000000000002665e+00,4.490458958228896735e-01,4.825077562569206613e-01,4.493017047171117273e-01,4.493017047166270039e-01,4.858908434842530433e-01,4.493017047165703826e-01,4.825077562414303856e-01,4.490458958228896735e-01,1.000000000000002665e+00,4.490458958231963171e-01,4.825077562423090161e-01,4.825077562575114110e-01,4.493017047173307188e-01,4.858908434990754088e-01,4.493017047167962019e-01,4.825077562569206613e-01,4.490458958231963171e-01,1.000000000000002665e+00,4.490458958237650844e-01,4.490458958236999143e-01,4.825077562418657040e-01,4.493017047171903311e-01,4.858908434843755009e-01,4.493017047171117273e-01,4.825077562423090161e-01,4.490458958237650844e-01,1.000000000000002665e+00
9.999999999999993339e-01,4.450146676521911093e-01,4.811512484149557123e-01,4.453133733838191000e-01,4.848977886381510283e-01,4.453133733835283881e-01,4.811512484149665925e-01,4.450146676520082001e-01,4.450146676521911093e-01,9.999999999999993339e-01,4.450146676522364619e-01,4.811512483888132907e-01,4.453133733840900499e-01,4.848977886124811176e-01,4.453133733841811992e-01,4.811512483884441971e-01,4.811512484149557123e-01,4.450146676522364619e-01,9.999999999999993339e-01,4.450146676520375100e-01,4.811512484151163060e-01,4.453133733835818453e-01,4.848977886379104429e-01,4.453133733839360620e-01,4.453133733838191000e-01,4.811512483888132907e-01,4.450146676520375100e-01,9.999999999999993339e-01,4.450146676520267408e-01,4.811512483889038849e-01,4.453133733839658159e-01,4.848977886126687453e-01,4.848977886381510283e-01,4.453133733840900499e-01,4.811512484151163060e-01,4.450146676520267408e-01,9.999999999999993339e-01,4.450146676517287014e-01,4.811512484146648339e-01,4.453133733839119701e-01,4.453133733835283881e-01,4.848977886124811176e-01,4.453133733835818453e-01,4.811512483889038849e-01,4.450146676517287014e-01,9.999999999999993339e-01,4.450146676518301203e-01,4.811512483894662129e-01,4.811512484149665925e-01,4.453133733841811992e-01,4.848977886379104429e-01,4.453133733839658159e-01,4.811512484146648339e-01,4.450146676518301203e-01,9.999999999999993339e-01,4.450146676521582467e-01,4.450146676520082001e-01,4.811512483884441971e-01,4.453133733839360620e-01,4.848977886126687453e-01,4.453133733839119701e-01,4.811512483894662129e-01,4.450146676521582467e-01,9.999999999999993339e-01
9.999999999999976685e-01,4.405151912338852171e-01,4.796457209379417219e-01,4.408656676388472695e-01,4.838045137650582861e-01,4.408656676384360429e-01,4.796457209378576780e-01,4.405151912335085740e-01,4.405151912338852171e-01,9.999999999999976685e-01,4.405151912345010023e-01,4.796457208934749028e-01,4.408656676397537111e-01,4.838045137202363621e-01,4.408656676392925244e-01,4.796457208923111115e-01,4.796457209379417219e-01,4.405151912345010023e-01,9.999999999999976685e-01,4.405151912346000898e-01,4.796457209387314791e-01,4.408656676390487195e-01,4.838045137648416261e-01,4.408656676391467522e-01,4.408656676388472695e-01,4.796457208934749028e-01,4.405151912346000898e-01,9.999999999999976685e-01,4.405151912348551635e-01,4.796457208936721894e-01,4.408656676393735152e-01,4.838045137204227686e-01,4.838045137650582861e-01,4.408656676397537111e-01,4.796457209387314791e-01,4.405151912348551635e-01,9.999999999999976685e-01,4.405151912343520659e-01,4.796457209379659803e-01,4.408656676394192564e-01,4.408656676384360429e-01,4.838045137202363621e-01,4.408656676390487195e-01,4.796457208936721894e-01,4.405151912343520659e-01,9.999999999999976685e-01,4.405151912339413944e-01,4.796457208937129901e-01,4.796457209378576780e-01,4.408656676392925244e-01,4.838045137648416261e-01,4.408656676393735152e-01,4.796457209379659803e-01,4.405151912339413944e-01,9.999999999999976685e-01,4.405151912339676512e-01,4.405151912335085740e-01,4.796457208923111115e-01,4.408656676391467522e-01,4.838045137204227686e-01,4.408656676394192564e-01,4.796457208937129901e-01,4.405151912339676512e-01,9.999999999999976685e-01
1.000000000000001332e+00,4.354775400127710583e-01,4.779714095687956910e-01,4.358908342699377991e-01,4.825985103812128751e-01,4.358908342695463345e-01,4.779714095690300035e-01,4.354775400125496243e-01,4.354775400127710583e-01,1.000000000000001332e+00,4.354775400131118968e-01,4.779714094903383392e-01,4.358908342708513461e-01,4.825985103021178668e-01,4.358908342706428463e-01,4.779714094893441345e-01,4.779714095687956910e-01,4.354775400131118968e-01,1.000000000000001332e+00,4.354775400129634599e-01,4.779714095694296838e-01,4.358908342699265859e-01,4.825985103810262467e-01,4.358908342706164785e-01,4.358908342699377991e-01,4.779714094903383392e-01,4.354775400129634599e-01,1.000000000000001332e+00,4.354775400131507546e-01,4.779714094907924204e-01,4.358908342703725625e-01,4.825985103025360323e-01,4.825985103812128751e-01,4.358908342708513461e-01,4.779714095694296838e-01,4.354775400131507546e-01,1.000000000000001332e+00,4.354775400125704965e-01,4.779714095687888076e-01,4.358908342707957795e-01,4.358908342695463345e-01,4.825985103021178668e-01,4.358908342699265859e-01,4.779714094907924204e-01,4.354775400125704965e-01,1.000000000000001332e+00,4.354775400124349938e-01,4.779714094911954869e-01,4.779714095690300035e-01,4.358908342706428463e-01,4.825985103810262467e-01,4.358908342703725625e-01,4.779714095687888076e-01,4.354775400124349938e-01,1.000000000000001332e+00,4.354775400129801133e-01,4.354775400125496243e-01,4.779714094893441345e-01,4.358908342706164785e-01,4.825985103025360323e-01,4.358908342707957795e-01,4.779714094911954869e-01,4.354775400129801133e-01,1.000000000000001332e+00
9.999999999999990008e-01,4.298195214159639677e-01,4.761058966647099266e-01,4.303094621547443599e-01,4.812655798602488710e-01,4.303094621548868570e-01,4.761058966658264779e-01,4.298195214164499123e-01,4.298195214159639677e-01,9.999999999999990008e-01,4.298195214176975254e-01,4.761058965275424271e-01,4.303094621597096103e-01,4.812655797153461146e-01,4.303094621590465296e-01,4.761058965238192942e-01,4.761058966647099266e-01,4.298195214176975254e-01,9.999999999999990008e-01,4.298195214157781718e-01,4.761058966638154200e-01,4.303094621567044031e-01,4.812655798572092469e-01,4.303094621598660963e-01,4.303094621547443599e-01,4.761058965275424271e-01,4.298195214157781718e-01,9.999999999999990008e-01,4.298195214164094446e-01,4.761058965214856054e-01,4.303094621571196821e-01,4.812655797155279691e-01,4.812655798602488710e-01,4.303094621597096103e-01,4.761058966638154200e-01,4.298195214164094446e-01,9.999999999999990008e-01,4.298195214160300259e-01,4.761058966625535405e-01,4.303094621605504377e-01,4.303094621548868570e-01,4.812655797153461146e-01,4.303094621567044031e-01,4.761058965214856054e-01,4.298195214160300259e-01,9.999999999999990008e-01,4.298195214156147470e-01,4.761058965248371466e-01,4.761058966658264779e-01,4.303094621590465296e-01,4.812655798572092469e-01,4.303094621571196821e-01,4.761058966625535405e-01,4.298195214156147470e-01,9.999999999999990008e-01,4.298195214185460689e-01,4.298195214164499123e-01,4.761058965238192942e-01,4.303094621598660963e-01,4.812655797155279691e-01,4.303094621605504377e-01,4.761058965248371466e-01,4.298195214185460689e-01,9.999999999999990008e-01
9.999999999999991118e-01,4.234443736287627491e-01,4.740239227080618734e-01,4.240283664806641095e-01,4.797896466880771094e-01,4.240283664814390452e-01,4.740239227105244590e-01,4.234443736316124141e-01,4.234443736287627491e-01,9.999999999999991118e-01,4.234443736333890485e-01,4.740239224616330516e-01,4.240283664938332975e-01,4.797896464158466490e-01,4.240283664924385243e-01,4.740239224499242510e-01,4.740239227080618734e-01,4.234443736333890485e-01,9.999999999999991118e-01,4.234443736280889548e-01,4.740239227019661383e-01,4.240283664869217706e-01,4.797896466769479007e-01,4.240283664969070609e-01,4.240283664806641095e-01,4.740239224616330516e-01,4.234443736280889548e-01,9.999999999999991118e-01,4.234443736294154492e-01,4.740239224374223070e-01,4.240283664870130309e-01,4.797896464166401809e-01,4.797896466880771094e-01,4.240283664938332975e-01,4.740239227019661383e-01,4.234443736294154492e-01,9.999999999999991118e-01,4.234443736283698967e-01,4.740239226980583198e-01,4.240283664980400435e-01,4.240283664814390452e-01,4.797896464158466490e-01,4.240283664869217706e-01,4.740239224374223070e-01,4.234443736283698967e-01,9.999999999999991118e-01,4.234443736279879245e-01,4.740239224492126535e-01,4.740239227105244590e-01,4.240283664924385243e-01,4.797896466769479007e-01,4.240283664870130309e-01,4.740239226980583198e-01,4.234443736279879245e-01,9.999999999999991118e-01,4.234443736374325362e-01,4.234443736316124141e-01,4.740239224499242510e-01,4.240283664969070609e-01,4.797896464166401809e-01,4.240283664980400435e-01,4.740239224492126535e-01,4.234443736374325362e-01,9.999999999999991118e-01
1.000000000000000444e+00,4.162380716106305334e-01,4.716973077912827716e-01,4.169381429788666660e-01,4.781525854692910693e-01,4.169381429795233074e-01,4.716973077951164273e-01,4.162380716147687232e-01,4.162380716106305334e-01,1.000000000000000444e+00,4.162380716160611338e-01,4.716973078039056189e-01,4.169381429935188343e-01,4.781525854463540282e-01,4.169381429906477421e-01,4.716973077862277597e-01,4.716973077912827716e-01,4.162380716160611338e-01,1.000000000000000444e+00,4.162380716111652168e-01,4.716973077823445326e-01,4.169381429876422018e-01,4.781525854544887988e-01,4.169381430005929534e-01,4.169381429788666660e-01,4.716973078039056189e-01,4.162380716111652168e-01,1.000000000000000444e+00,4.162380716119271074e-01,4.716973077724067598e-01,4.169381429849907672e-01,4.781525854481442073e-01,4.781525854692910693e-01,4.169381429935188343e-01,4.716973077823445326e-01,4.162380716119271074e-01,1.000000000000000444e+00,4.162380716092495270e-01,4.716973077785381885e-01,4.169381430006487421e-01,4.169381429795233074e-01,4.781525854463540282e-01,4.169381429876422018e-01,4.716973077724067598e-01,4.162380716092495270e-01,1.000000000000000444e+00,4.162380716091322874e-01,4.716973077856231322e-01,4.716973077951164273e-01,4.169381429906477421e-01,4.781525854544887988e-01,4.169381429849907672e-01,4.716973077785381885e-01,4.162380716091322874e-01,1.000000000000000444e+00,4.162380716210882792e-01,4.162380716147687232e-01,4.716973077862277597e-01,4.169381430005929534e-01,4.781525854481442073e-01,4.169381430006487421e-01,4.716973077856231322e-01,4.162380716210882792e-01,1.000000000000000444e+00
9.999999999999993339e-01,4.080662211174103104e-01,4.690950785573813620e-01,4.089103900143757908e-01,4.763340892558963757e-01,4.089103900140281800e-01,4.690950785605963458e-01,4.080662211258676564e-01,4.080662211174103104e-01,9.999999999999993339e-01,4.080662211271423589e-01,4.690950785754661179e-01,4.089103900351910292e-01,4.763340892176861630e-01,4.089103900320567586e-01,4.690950785460087369e-01,4.690950785573813620e-01,4.080662211271423589e-01,9.999999999999993339e-01,4.080662211208380685e-01,4.690950785410578083e-01,4.089103900259164481e-01,4.763340892300174101e-01,4.089103900472202957e-01,4.089103900143757908e-01,4.690950785754661179e-01,4.080662211208380685e-01,9.999999999999993339e-01,4.080662211209731272e-01,4.690950785195627804e-01,4.089103900256331192e-01,4.763340892221707978e-01,4.763340892558963757e-01,4.089103900351910292e-01,4.690950785410578083e-01,4.080662211209731272e-01,9.999999999999993339e-01,4.080662211159403752e-01,4.690950785311035487e-01,4.089103900470959507e-01,4.089103900140281800e-01,4.763340892176861630e-01,4.089103900259164481e-01,4.690950785195627804e-01,4.080662211159403752e-01,9.999999999999993339e-01,4.080662211158798680e-01,4.690950785452727700e-01,4.690950785605963458e-01,4.089103900320567586e-01,4.763340892300174101e-01,4.089103900256331192e-01,4.690950785311035487e-01,4.080662211158798680e-01,9.999999999999993339e-01,4.080662211363752512e-01,4.080662211258676564e-01,4.690950785460087369e-01,4.089103900472202957e-01,4.763340892221707978e-01,4.089103900470959507e-01,4.690950785452727700e-01,4.080662211363752512e-01,9.999999999999993339e-01
9.999999999999990008e-01,3.987705527370900560e-01,4.661839443752572310e-01,3.997946342830237532e-01,4.743116197116420407e-01,3.997946342933699215e-01,4.661839443851137355e-01,3.987705527456190668e-01,3.987705527370900560e-01,9.999999999999990008e-01,3.987705527501133607e-01,4.661839444168123237e-01,3.997946343244329626e-01,4.743116196736417711e-01,3.997946343226724819e-01,4.661839443696372820e-01,4.661839443752572310e-01,3.987705527501133607e-01,9.999999999999990008e-01,3.987705527307539577e-01,4.661839443486926471e-01,3.997946343128342406e-01,4.743116196710646659e-01,3.997946343374476075e-01,3.997946342830237532e-01,4.661839444168123237e-01,3.987705527307539577e-01,9.999999999999990008e-01,3.987705527353032631e-01,4.661839443234891411e-01,3.997946343036712369e-01,4.743116196625479786e-01,4.743116197116420407e-01,3.997946343244329626e-01,4.661839443486926471e-01,3.987705527353032631e-01,9.999999999999990008e-01,3.987705527400731143e-01,4.661839443341931344e-01,3.997946343401442282e-01,3.997946342933699215e-01,4.743116196736417711e-01,3.997946343128342406e-01,4.661839443234891411e-01,3.987705527400731143e-01,9.999999999999990008e-01,3.987705527442853559e-01,4.661839443728693633e-01,4.661839443851137355e-01,3.997946343226724819e-01,4.743116196710646659e-01,3.997946343036712369e-01,4.661839443341931344e-01,3.987705527442853559e-01,9.999999999999990008e-01,3.987705527678733208e-01,3.987705527456190668e-01,4.661839443696372820e-01,3.997946343374476075e-01,4.743116196625479786e-01,3.997946343401442282e-01,4.661839443728693633e-01,3.987705527678733208e-01,9.999999999999990008e-01
9.999999999999986677e-01,3.881650877693317292e-01,4.629293480374042646e-01,3.894150597370543698e-01,4.720605125937194502e-01,3.894150597491728982e-01,4.629293480505911051e-01,3.881650877855484238e-01,3.881650877693317292e-01,9.999999999999986677e-01,3.881650877875025829e-01,4.629293480933818206e-01,3.894150597877592546e-01,4.720605125370825328e-01,3.894150597859223351e-01,4.629293480244872638e-01,4.629293480374042646e-01,3.881650877875025829e-01,9.999999999999986677e-01,3.881650877645259623e-01,4.629293479969539549e-01,3.894150597771230959e-01,4.720605125358973142e-01,3.894150598152232856e-01,3.894150597370543698e-01,4.629293480933818206e-01,3.881650877645259623e-01,9.999999999999986677e-01,3.881650877661461108e-01,4.629293479556649826e-01,3.894150597637155986e-01,4.720605125256279733e-01,4.720605125937194502e-01,3.894150597877592546e-01,4.629293479969539549e-01,3.881650877661461108e-01,9.999999999999986677e-01,3.881650877692306434e-01,4.629293479760074881e-01,3.894150598144608955e-01,3.894150597491728982e-01,4.720605125370825328e-01,3.894150597771230959e-01,4.629293479556649826e-01,3.881650877692306434e-01,9.999999999999986677e-01,3.881650877761724794e-01,4.629293480244426329e-01,4.629293480505911051e-01,3.894150597859223351e-01,4.720605125358973142e-01,3.894150597637155986e-01,4.629293479760074881e-01,3.881650877761724794e-01,9.999999999999986677e-01,3.881650878137106186e-01,3.881650877855484238e-01,4.629293480244872638e-01,3.894150598152232856e-01,4.720605125256279733e-01,3.894150598144608955e-01,4.629293480244426329e-01,3.881650878137106186e-01,9.999999999999986677e-01
9.999999999999997780e-01,3.760321466718182237e-01,4.592974148627881337e-01,3.775672396345363668e-01,4.695543480970972849e-01,3.775672396481034587e-01,4.592974148851673433e-01,3.760321466868994933e-01,3.760321466718182237e-01,9.999999999999997780e-01,3.760321466779646959e-01,4.592974149221362157e-01,3.775672396451053014e-01,4.695543480633461164e-01,3.775672396470302061e-01,4.592974148901038944e-01,4.592974148627881337e-01,3.760321466779646959e-01,9.999999999999997780e-01,3.760321466682176039e-01,4.592974148548440438e-01,3.775672396600085468e-01,4.695543480586659157e-01,3.775672396779511386e-01,3.775672396345363668e-01,4.592974149221362157e-01,3.760321466682176039e-01,9.999999999999997780e-01,3.760321466570584747e-01,4.592974148259689748e-01,3.775672396385686969e-01,4.695543480447463280e-01,4.695543480970972849e-01,3.775672396451053014e-01,4.592974148548440438e-01,3.760321466570584747e-01,9.999999999999997780e-01,3.760321466654196199e-01,4.592974148739607521e-01,3.775672396636567396e-01,3.775672396481034587e-01,4.695543480633461164e-01,3.775672396600085468e-01,4.592974148259689748e-01,3.760321466654196199e-01,9.999999999999997780e-01,3.760321466732441942e-01,4.592974148605739604e-01,4.592974148851673433e-01,3.775672396470302061e-01,4.695543480586659157e-01,3.775672396385686969e-01,4.592974148739607521e-01,3.760321466732441942e-01,9.999999999999997780e-01,3.760321466900262699e-01,3.760321466868994933e-01,4.592974148901038944e-01,3.775672396779511386e-01,4.695543480447463280e-01,3.775672396636567396e-01,4.592974148605739604e-01,3.760321466900262699e-01,9.999999999999997780e-01
1.000000000000000222e+00,3.621185230865993643e-01,4.552582645341408663e-01,3.640152186742413587e-01,4.667657647724530734e-01,3.640152186744294305e-01,4.552582645344682710e-01,3.621185230868576577e-01,3.621185230865993643e-01,1.000000000000000222e+00,3.621185230863782634e-01,4.552582645335833678e-01,3.640152186738482287e-01,4.667657647706231483e-01,3.640152186743276785e-01,4.552582645338137390e-01,4.552582645341408663e-01,3.621185230863782634e-01,1.000000000000000222e+00,3.621185230860682336e-01,4.552582645345097379e-01,3.640152186741271723e-01,4.667657647720905301e-01,3.640152186743551566e-01,3.640152186742413587e-01,4.552582645335833678e-01,3.621185230860682336e-01,1.000000000000000222e+00,3.621185230856543980e-01,4.552582645324612098e-01,3.640152186740926998e-01,4.667657647701408674e-01,4.667657647724530734e-01,3.640152186738482287e-01,4.552582645345097379e-01,3.621185230856543980e-01,1.000000000000000222e+00,3.621185230859833570e-01,4.552582645351124779e-01,3.640152186740134854e-01,3.640152186744294305e-01,4.667657647706231483e-01,3.640152186741271723e-01,4.552582645324612098e-01,3.621185230859833570e-01,1.000000000000000222e+00,3.621185230863683269e-01,4.552582645331024191e-01,4.552582645344682710e-01,3.640152186743276785e-01,4.667657647720905301e-01,3.640152186740926998e-01,4.552582645351124779e-01,3.621185230863683269e-01,1.000000000000000222e+00,3.621185230866459381e-01,3.621185230868576577e-01,4.552582645338137390e-01,3.640152186743551566e-01,4.667657647701408674e-01,3.640152186740134854e-01,4.552582645331024191e-01,3.621185230866459381e-01,1.000000000000000222e+00
1.000000000000000444e+00,3.461323655367091190e-01,4.507913119965314963e-01,3.484894909368172478e-01,4.636679977708634270e-01,3.484894909379577244e-01,4.507913119976377780e-01,3.461323655378403252e-01,3.461323655367091190e-01,1.000000000000000444e+00,3.461323655360885598e-01,4.507913119967421611e-01,3.484894909355531478e-01,4.636679977658535456e-01,3.484894909370320759e-01,4.507913119977067784e-01,4.507913119965314963e-01,3.461323655360885598e-01,1.000000000000000444e+00,3.461323655353334972e-01,4.507913119978544381e-01,3.484894909371201721e-01,4.636679977690906229e-01,3.484894909373570382e-01,3.484894909368172478e-01,4.507913119967421611e-01,3.461323655353334972e-01,1.000000000000000444e+00,3.461323655341636552e-01,4.507913119899793486e-01,3.484894909365823801e-01,4.636679977634760030e-01,4.636679977708634270e-01,3.484894909355531478e-01,4.507913119978544381e-01,3.461323655341636552e-01,1.000000000000000444e+00,3.461323655357408380e-01,4.507913119999861218e-01,3.484894909364274485e-01,3.484894909379577244e-01,4.636679977658535456e-01,3.484894909371201721e-01,4.507913119899793486e-01,3.461323655357408380e-01,1.000000000000000444e+00,3.461323655368931385e-01,4.507913119931311052e-01,4.507913119976377780e-01,3.484894909370320759e-01,4.636679977690906229e-01,3.484894909365823801e-01,4.507913119999861218e-01,3.461323655368931385e-01,1.000000000000000444e+00,3.461323655373033104e-01,3.461323655378403252e-01,4.507913119977067784e-01,3.484894909373570382e-01,4.636679977634760030e-01,3.484894909364274485e-01,4.507913119931311052e-01,3.461323655373033104e-01,1.000000000000000444e+00
1.000000000000004219e+00,3.277415954858803326e-01,4.458933526587397500e-01,3.306866558657842736e-01,4.602375846661331260e-01,3.306866558672630352e-01,4.458933526583619966e-01,3.277415954879279725e-01,3.277415954858803326e-01,1.000000000000004219e+00,3.277415954851501390e-01,4.458933526507774525e-01,3.306866558655500166e-01,4.602375846521440939e-01,3.306866558685704893e-01,4.458933526527069091e-01,4.458933526587397500e-01,3.277415954851501390e-01,1.000000000000004219e+00,3.277415954828730715e-01,4.458933526584717422e-01,3.306866558658260180e-01,4.602375846632779655e-01,3.306866558667334033e-01,3.306866558657842736e-01,4.458933526507774525e-01,3.277415954828730715e-01,1.000000000000004219e+00,3.277415954819498101e-01,4.458933526384658563e-01,3.306866558674502743e-01,4.602375846487806177e-01,4.602375846661331260e-01,3.306866558655500166e-01,4.458933526584717422e-01,3.277415954819498101e-01,1.000000000000004219e+00,3.277415954848750257e-01,4.458933526574732076e-01,3.306866558666059497e-01,3.306866558672630352e-01,4.602375846521440939e-01,3.306866558658260180e-01,4.458933526384658563e-01,3.277415954848750257e-01,1.000000000000004219e+00,3.277415954870297465e-01,4.458933526466174468e-01,4.458933526583619966e-01,3.306866558685704893e-01,4.602375846632779655e-01,3.306866558674502743e-01,4.458933526574732076e-01,3.277415954870297465e-01,1.000000000000004219e+00,3.277415954887319960e-01,3.277415954879279725e-01,4.458933526527069091e-01,3.306866558667334033e-01,4.602375846487806177e-01,3.306866558666059497e-01,4.458933526466174468e-01,3.277415954887319960e-01,1.000000000000004219e+00
