1.000000000000002220e+00,4.743951936163662841e-01,4.911743393181325912e-01,4.744573165112756508e-01,4.924753819536382693e-01,4.744573165107915380e-01,4.911743393263190427e-01,4.743951936186374674e-01,4.743951936163662841e-01,1.000000000000002220e+00,4.743951936190082819e-01,4.911743393301948313e-01,4.744573165155148153e-01,4.924753819515083619e-01,4.744573165146642180e-01,4.911743393221861265e-01,4.911743393181325912e-01,4.743951936190082819e-01,1.000000000000002220e+00,4.743951936167297712e-01,4.911743393216623788e-01,4.744573165133978421e-01,4.924753819604546501e-01,4.744573165184122754e-01,4.744573165112756508e-01,4.911743393301948313e-01,4.743951936167297712e-01,1.000000000000002220e+00,4.743951936161570071e-01,4.911743393114842426e-01,4.744573165124942316e-01,4.924753819517230236e-01,4.924753819536382693e-01,4.744573165155148153e-01,4.911743393216623788e-01,4.743951936161570071e-01,1.000000000000002220e+00,4.743951936156298732e-01,4.911743393172252059e-01,4.744573165178246343e-01,4.744573165107915380e-01,4.924753819515083619e-01,4.744573165133978421e-01,4.911743393114842426e-01,4.743951936156298732e-01,1.000000000000002220e+00,4.743951936147805526e-01,4.911743393186470685e-01,4.911743393263190427e-01,4.744573165146642180e-01,4.924753819604546501e-01,4.744573165124942316e-01,4.911743393172252059e-01,4.743951936147805526e-01,1.000000000000002220e+00,4.743951936198184671e-01,4.743951936186374674e-01,4.911743393221861265e-01,4.744573165184122754e-01,4.924753819517230236e-01,4.744573165178246343e-01,4.911743393186470685e-01,4.743951936198184671e-01,1.000000000000002220e+00
1.000000000000003997e+00,4.736269001559628711e-01,4.909090100485231645e-01,4.736929543091343286e-01,4.922658868907748286e-01,4.736929543082664118e-01,4.909090100572263138e-01,4.736269001583528482e-01,4.736269001559628711e-01,1.000000000000003997e+00,4.736269001590496797e-01,4.909090100609021512e-01,4.736929543137927690e-01,4.922658868873257543e-01,4.736929543127117448e-01,4.909090100519543642e-01,4.909090100485231645e-01,4.736269001590496797e-01,1.000000000000003997e+00,4.736269001565995840e-01,4.909090100520231981e-01,4.736929543112999852e-01,4.922658868986121705e-01,4.736929543169745571e-01,4.736929543091343286e-01,4.909090100609021512e-01,4.736269001565995840e-01,1.000000000000003997e+00,4.736269001558838232e-01,4.909090100402030976e-01,4.736929543104053120e-01,4.922658868879528082e-01,4.922658868907748286e-01,4.736929543137927690e-01,4.909090100520231981e-01,4.736269001558838232e-01,1.000000000000003997e+00,4.736269001549304747e-01,4.909090100469458706e-01,4.736929543162071710e-01,4.736929543082664118e-01,4.922658868873257543e-01,4.736929543112999852e-01,4.909090100402030976e-01,4.736269001549304747e-01,1.000000000000003997e+00,4.736269001538382928e-01,4.909090100475329566e-01,4.909090100572263138e-01,4.736929543127117448e-01,4.922658868986121705e-01,4.736929543104053120e-01,4.909090100469458706e-01,4.736269001538382928e-01,1.000000000000003997e+00,4.736269001595607708e-01,4.736269001583528482e-01,4.909090100519543642e-01,4.736929543169745571e-01,4.922658868879528082e-01,4.736929543162071710e-01,4.909090100475329566e-01,4.736269001595607708e-01,1.000000000000003997e+00
9.999999999999986677e-01,4.728243880993023840e-01,4.906319843727226515e-01,4.728946784733137343e-01,4.920478177997099634e-01,4.728946784717306118e-01,4.906319843847015139e-01,4.728243881026404916e-01,4.728243880993023840e-01,9.999999999999986677e-01,4.728243881043278085e-01,4.906319843909954792e-01,4.728946784803965686e-01,4.920478177946202014e-01,4.728946784781835055e-01,4.906319843777562362e-01,4.906319843727226515e-01,4.728243881043278085e-01,9.999999999999986677e-01,4.728243881015158911e-01,4.906319843784837098e-01,4.728946784766152045e-01,4.920478178109480294e-01,4.728946784841894790e-01,4.728946784733137343e-01,4.906319843909954792e-01,4.728243881015158911e-01,9.999999999999986677e-01,4.728243881010714689e-01,4.906319843621474441e-01,4.728946784756448141e-01,4.920478177957670063e-01,4.920478177997099634e-01,4.728946784803965686e-01,4.906319843784837098e-01,4.728243881010714689e-01,9.999999999999986677e-01,4.728243880994351667e-01,4.906319843711658413e-01,4.728946784837662065e-01,4.728946784717306118e-01,4.920478177946202014e-01,4.728946784766152045e-01,4.906319843621474441e-01,4.728243880994351667e-01,9.999999999999986677e-01,4.728243880972226032e-01,4.906319843715132856e-01,4.906319843847015139e-01,4.728946784781835055e-01,4.920478178109480294e-01,4.728946784756448141e-01,4.906319843711658413e-01,4.728243880972226032e-01,9.999999999999986677e-01,4.728243881049237762e-01,4.728243881026404916e-01,4.906319843777562362e-01,4.728946784841894790e-01,4.920478177957670063e-01,4.728946784837662065e-01,4.906319843715132856e-01,4.728243881049237762e-01,9.999999999999986677e-01
1.000000000000002220e+00,4.719856529216998053e-01,4.903425944601279562e-01,4.720605125167355864e-01,4.918207187452444118e-01,4.720605125148136794e-01,4.903425944739406295e-01,4.719856529258600331e-01,4.719856529216998053e-01,1.000000000000002220e+00,4.719856529265072376e-01,4.903425944798485703e-01,4.720605125251111645e-01,4.918207187384385781e-01,4.720605125235259880e-01,4.903425944667408332e-01,4.903425944601279562e-01,4.719856529265072376e-01,1.000000000000002220e+00,4.719856529214379037e-01,4.903425944645666279e-01,4.720605125195029839e-01,4.918207187580683204e-01,4.720605125304279670e-01,4.720605125167355864e-01,4.903425944798485703e-01,4.719856529214379037e-01,1.000000000000002220e+00,4.719856529202476336e-01,4.903425944450639506e-01,4.720605125187691820e-01,4.918207187402333647e-01,4.918207187452444118e-01,4.720605125251111645e-01,4.903425944645666279e-01,4.719856529202476336e-01,1.000000000000002220e+00,4.719856529182988036e-01,4.903425944564588357e-01,4.720605125292670068e-01,4.720605125148136794e-01,4.918207187384385781e-01,4.720605125195029839e-01,4.903425944450639506e-01,4.719856529182988036e-01,1.000000000000002220e+00,4.719856529167344439e-01,4.903425944572901152e-01,4.903425944739406295e-01,4.720605125235259880e-01,4.918207187580683204e-01,4.720605125187691820e-01,4.903425944564588357e-01,4.719856529167344439e-01,1.000000000000002220e+00,4.719856529278372292e-01,4.719856529258600331e-01,4.903425944667408332e-01,4.720605125304279670e-01,4.918207187402333647e-01,4.720605125292670068e-01,4.903425944572901152e-01,4.719856529278372292e-01,1.000000000000002220e+00
1.000000000000002665e+00,4.711085458996305264e-01,4.900401266314206583e-01,4.711883387371494925e-01,4.915841045178807045e-01,4.711883387343381857e-01,4.900401266476226980e-01,4.711085459048270918e-01,4.711085458996305264e-01,1.000000000000002665e+00,4.711085459053391267e-01,4.900401266546417500e-01,4.711883387474599671e-01,4.915841045085681538e-01,4.711883387455046424e-01,4.900401266395364996e-01,4.900401266314206583e-01,4.711085459053391267e-01,1.000000000000002665e+00,4.711085458990574848e-01,4.900401266360984720e-01,4.711883387398669853e-01,4.915841045329926717e-01,4.711883387538102208e-01,4.711883387371494925e-01,4.900401266546417500e-01,4.711085458990574848e-01,1.000000000000002665e+00,4.711085458978166440e-01,4.900401266127215605e-01,4.711883387396509359e-01,4.915841045114603958e-01,4.915841045178807045e-01,4.711883387474599671e-01,4.900401266360984720e-01,4.711085458978166440e-01,1.000000000000002665e+00,4.711085458949999527e-01,4.900401266265121958e-01,4.711883387526285549e-01,4.711883387343381857e-01,4.915841045085681538e-01,4.711883387398669853e-01,4.900401266127215605e-01,4.711085458949999527e-01,1.000000000000002665e+00,4.711085458930707182e-01,4.900401266271433576e-01,4.900401266476226980e-01,4.711883387455046424e-01,4.915841045329926717e-01,4.711883387396509359e-01,4.900401266265121958e-01,4.711085458930707182e-01,1.000000000000002665e+00,4.711085459072730242e-01,4.711085459048270918e-01,4.900401266395364996e-01,4.711883387538102208e-01,4.915841045114603958e-01,4.711883387526285549e-01,4.900401266271433576e-01,4.711085459072730242e-01,1.000000000000002665e+00
9.999999999999993339e-01,4.701907619649990933e-01,4.897238178017039867e-01,4.702758864201975197e-01,4.913374584820078272e-01,4.702758864168733455e-01,4.897238178197957925e-01,4.701907619705705810e-01,4.701907619649990933e-01,9.999999999999993339e-01,4.701907619723362242e-01,4.897238178284111232e-01,4.702758864336421540e-01,4.913374584703688597e-01,4.702758864307365894e-01,4.897238178109991624e-01,4.897238178017039867e-01,4.701907619723362242e-01,9.999999999999993339e-01,4.701907619649430825e-01,4.897238178075093429e-01,4.702758864239919845e-01,4.913374584991998528e-01,4.702758864398463023e-01,4.702758864201975197e-01,4.897238178284111232e-01,4.701907619649430825e-01,9.999999999999993339e-01,4.701907619642246017e-01,4.897238177804369430e-01,4.702758864238849035e-01,4.913374584735127892e-01,4.913374584820078272e-01,4.702758864336421540e-01,4.897238178075093429e-01,4.701907619642246017e-01,9.999999999999993339e-01,4.701907619608635125e-01,4.897238177965122508e-01,4.702758864391768379e-01,4.702758864168733455e-01,4.913374584703688597e-01,4.702758864239919845e-01,4.897238177804369430e-01,4.701907619608635125e-01,9.999999999999993339e-01,4.701907619579892006e-01,4.897238177960578920e-01,4.897238178197957925e-01,4.702758864307365894e-01,4.913374584991998528e-01,4.702758864238849035e-01,4.897238177965122508e-01,4.701907619579892006e-01,9.999999999999993339e-01,4.701907619741764188e-01,4.701907619705705810e-01,4.897238178109991624e-01,4.702758864398463023e-01,4.913374584735127892e-01,4.702758864391768379e-01,4.897238177960578920e-01,4.701907619741764188e-01,9.999999999999993339e-01
1.000000000000001776e+00,4.692298263896096944e-01,4.893928516135480078e-01,4.693207189346887409e-01,4.910802302590520085e-01,4.693207189309562821e-01,4.893928516323481914e-01,4.692298263954013393e-01,4.692298263896096944e-01,1.000000000000001776e+00,4.692298263976192874e-01,4.893928516412407448e-01,4.693207189506415911e-01,4.910802302452941248e-01,4.693207189473838081e-01,4.893928516237652793e-01,4.893928516135480078e-01,4.692298263976192874e-01,1.000000000000001776e+00,4.692298263888150522e-01,4.893928516190515499e-01,4.693207189388894918e-01,4.910802302768245142e-01,4.693207189568196491e-01,4.693207189346887409e-01,4.893928516412407448e-01,4.692298263888150522e-01,1.000000000000001776e+00,4.692298263884825960e-01,4.893928515899244047e-01,4.693207189391457868e-01,4.910802302490380189e-01,4.910802302590520085e-01,4.693207189506415911e-01,4.893928516190515499e-01,4.692298263884825960e-01,1.000000000000001776e+00,4.692298263845916528e-01,4.893928516077287183e-01,4.693207189563848303e-01,4.693207189309562821e-01,4.910802302452941248e-01,4.693207189388894918e-01,4.893928515899244047e-01,4.692298263845916528e-01,1.000000000000001776e+00,4.692298263814156933e-01,4.893928516062539535e-01,4.893928516323481914e-01,4.693207189473838081e-01,4.910802302768245142e-01,4.693207189391457868e-01,4.893928516077287183e-01,4.692298263814156933e-01,1.000000000000001776e+00,4.692298263996879104e-01,4.692298263954013393e-01,4.893928516237652793e-01,4.693207189568196491e-01,4.910802302490380189e-01,4.693207189563848303e-01,4.893928516062539535e-01,4.692298263996879104e-01,1.000000000000001776e+00
1.000000000000001554e+00,4.682230801927153019e-01,4.890463542501833349e-01,4.683202196020742059e-01,4.908118332256000138e-01,4.683202195995248562e-01,4.890463542688650023e-01,4.682230801977533274e-01,4.682230801927153019e-01,1.000000000000001554e+00,4.682230802007687487e-01,4.890463542794490359e-01,4.683202196208798296e-01,4.908118332130104733e-01,4.683202196173895659e-01,4.890463542630973381e-01,4.890463542501833349e-01,4.682230802007687487e-01,1.000000000000001554e+00,4.682230801904166961e-01,4.890463542565410826e-01,4.683202196073006363e-01,4.908118332425409625e-01,4.683202196248215654e-01,4.683202196020742059e-01,4.890463542794490359e-01,4.682230801904166961e-01,1.000000000000001554e+00,4.682230801915316376e-01,4.890463542282009746e-01,4.683202196076829971e-01,4.908118332144330020e-01,4.908118332256000138e-01,4.683202196208798296e-01,4.890463542565410826e-01,4.682230801915316376e-01,1.000000000000001554e+00,4.682230801888234151e-01,4.890463542458744484e-01,4.683202196261366246e-01,4.683202195995248562e-01,4.908118332130104733e-01,4.683202196073006363e-01,4.890463542282009746e-01,4.682230801888234151e-01,1.000000000000001554e+00,4.682230801854560531e-01,4.890463542453440393e-01,4.890463542688650023e-01,4.683202196173895659e-01,4.908118332425409625e-01,4.683202196076829971e-01,4.890463542458744484e-01,4.682230801854560531e-01,1.000000000000001554e+00,4.682230802033142680e-01,4.682230801977533274e-01,4.890463542630973381e-01,4.683202196248215654e-01,4.908118332144330020e-01,4.683202196261366246e-01,4.890463542453440393e-01,4.682230802033142680e-01,1.000000000000001554e+00
9.999999999999985567e-01,4.671676641462139123e-01,4.886833899186829311e-01,4.672715762211658852e-01,4.905316418176707272e-01,4.672715762179669441e-01,4.886833899408460913e-01,4.671676641522449214e-01,4.671676641462139123e-01,9.999999999999985567e-01,4.671676641560725818e-01,4.886833899526023539e-01,4.672715762449868304e-01,4.905316418002347301e-01,4.672715762409559437e-01,4.886833899337705844e-01,4.886833899186829311e-01,4.671676641560725818e-01,9.999999999999985567e-01,4.671676641424469256e-01,4.886833899243842039e-01,4.672715762275644336e-01,4.905316418370501141e-01,4.672715762498588221e-01,4.672715762211658852e-01,4.886833899526023539e-01,4.671676641424469256e-01,9.999999999999985567e-01,4.671676641437057520e-01,4.886833898900261319e-01,4.672715762281368646e-01,4.905316418027212966e-01,4.905316418176707272e-01,4.672715762449868304e-01,4.886833899243842039e-01,4.671676641437057520e-01,9.999999999999985567e-01,4.671676641403149643e-01,4.886833899120126001e-01,4.672715762510795678e-01,4.672715762179669441e-01,4.905316418002347301e-01,4.672715762275644336e-01,4.886833898900261319e-01,4.671676641403149643e-01,9.999999999999985567e-01,4.671676641362782489e-01,4.886833899104295886e-01,4.886833899408460913e-01,4.672715762409559437e-01,4.905316418370501141e-01,4.672715762281368646e-01,4.886833899120126001e-01,4.671676641362782489e-01,9.999999999999985567e-01,4.671676641590481460e-01,4.671676641522449214e-01,4.886833899337705844e-01,4.672715762498588221e-01,4.905316418027212966e-01,4.672715762510795678e-01,4.886833899104295886e-01,4.671676641590481460e-01,9.999999999999985567e-01
9.999999999999995559e-01,4.660605012081321386e-01,4.883029559467304548e-01,4.661717641076427165e-01,4.902389886056756074e-01,4.661717641034769377e-01,4.883029559690586496e-01,4.660605012143435033e-01,4.660605012081321386e-01,9.999999999999995559e-01,4.660605012198589248e-01,4.883029559805444619e-01,4.661717641360614284e-01,4.902389885820631621e-01,4.661717641308563698e-01,4.883029559612487858e-01,4.883029559467304548e-01,4.660605012198589248e-01,9.999999999999995559e-01,4.660605012044021778e-01,4.883029559535785880e-01,4.661717641146520541e-01,4.902389886246872885e-01,4.661717641398204770e-01,4.661717641076427165e-01,4.883029559805444619e-01,4.660605012044021778e-01,9.999999999999995559e-01,4.660605012067814412e-01,4.883029559129468122e-01,4.661717641163066750e-01,4.902389885848116302e-01,4.902389886056756074e-01,4.661717641360614284e-01,4.883029559535785880e-01,4.660605012067814412e-01,9.999999999999995559e-01,4.660605012025563765e-01,4.883029559403377906e-01,4.661717641423258063e-01,4.661717641034769377e-01,4.902389885820631621e-01,4.661717641146520541e-01,4.883029559129468122e-01,4.660605012025563765e-01,9.999999999999995559e-01,4.660605011972570044e-01,4.883029559347159543e-01,4.883029559690586496e-01,4.661717641308563698e-01,4.902389886246872885e-01,4.661717641163066750e-01,4.883029559403377906e-01,4.660605011972570044e-01,9.999999999999995559e-01,4.660605012229748212e-01,4.660605012143435033e-01,4.883029559612487858e-01,4.661717641398204770e-01,4.902389885848116302e-01,4.661717641423258063e-01,4.883029559347159543e-01,4.660605012229748212e-01,9.999999999999995559e-01
1.000000000000001332e+00,4.648982772568818200e-01,4.879039774941956731e-01,4.650175274952158544e-01,4.899331611599367364e-01,4.650175274891415467e-01,4.879039775186739814e-01,4.648982772649860595e-01,4.648982772568818200e-01,1.000000000000001332e+00,4.648982772689542187e-01,4.879039775346914465e-01,4.650175275265275854e-01,4.899331611331044778e-01,4.650175275217249271e-01,4.879039775139036306e-01,4.879039774941956731e-01,4.648982772689542187e-01,1.000000000000001332e+00,4.648982772506273786e-01,4.879039774980289401e-01,4.650175275008353593e-01,4.899331611805344822e-01,4.650175275323239488e-01,4.650175274952158544e-01,4.879039775346914465e-01,4.648982772506273786e-01,1.000000000000001332e+00,4.648982772526839558e-01,4.879039774556727105e-01,4.650175275043200718e-01,4.899331611386019691e-01,4.899331611599367364e-01,4.650175275265275854e-01,4.879039774980289401e-01,4.648982772526839558e-01,1.000000000000001332e+00,4.648982772466453417e-01,4.879039774828297094e-01,4.650175275348533144e-01,4.650175274891415467e-01,4.899331611331044778e-01,4.650175275008353593e-01,4.879039774556727105e-01,4.648982772466453417e-01,1.000000000000001332e+00,4.648982772417647458e-01,4.879039774815144836e-01,4.879039775186739814e-01,4.650175275217249271e-01,4.899331611805344822e-01,4.650175275043200718e-01,4.879039774828297094e-01,4.648982772417647458e-01,1.000000000000001332e+00,4.648982772740810065e-01,4.648982772649860595e-01,4.879039775139036306e-01,4.650175275323239488e-01,4.899331611386019691e-01,4.650175275348533144e-01,4.879039774815144836e-01,4.648982772740810065e-01,1.000000000000001332e+00
9.999999999999980016e-01,4.636774198940395442e-01,4.874853018523260806e-01,4.638053591221302785e-01,4.896133986722213671e-01,4.638053591161880318e-01,4.874853018795531345e-01,4.636774199020592957e-01,4.636774198940395442e-01,9.999999999999980016e-01,4.636774199096116433e-01,4.874853018877947086e-01,4.638053591661069897e-01,4.896133986286697604e-01,4.638053591592882774e-01,4.874853018672676841e-01,4.874853018523260806e-01,4.636774199096116433e-01,9.999999999999980016e-01,4.636774198845974859e-01,4.874853018585211251e-01,4.638053591310813406e-01,4.896133986922986958e-01,4.638053591690931010e-01,4.638053591221302785e-01,4.874853018877947086e-01,4.636774198845974859e-01,9.999999999999980016e-01,4.636774198895925458e-01,4.874853017961883195e-01,4.638053591355401073e-01,4.896133986331473453e-01,4.896133986722213671e-01,4.638053591661069897e-01,4.874853018585211251e-01,4.636774198895925458e-01,9.999999999999980016e-01,4.636774198835300620e-01,4.874853018429100571e-01,4.638053591743195314e-01,4.638053591161880318e-01,4.896133986286697604e-01,4.638053591310813406e-01,4.874853017961883195e-01,4.636774198835300620e-01,9.999999999999980016e-01,4.636774198764566091e-01,4.874853018270139948e-01,4.874853018795531345e-01,4.638053591592882774e-01,4.896133986922986958e-01,4.638053591355401073e-01,4.874853018429100571e-01,4.636774198764566091e-01,9.999999999999980016e-01,4.636774199153705367e-01,4.636774199020592957e-01,4.874853018672676841e-01,4.638053591690931010e-01,4.896133986331473453e-01,4.638053591743195314e-01,4.874853018270139948e-01,4.636774199153705367e-01,9.999999999999980016e-01
1.000000000000002220e+00,4.623940751759896273e-01,4.870456922671048128e-01,4.625314778593023757e-01,4.892788882727164834e-01,4.625314778496222301e-01,4.870456922922528076e-01,4.623940751844333730e-01,4.623940751759896273e-01,1.000000000000002220e+00,4.623940751929989101e-01,4.870456922981663550e-01,4.625314779087960071e-01,4.892788882171080767e-01,4.625314779013366961e-01,4.870456922790360466e-01,4.870456922671048128e-01,4.623940751929989101e-01,1.000000000000002220e+00,4.623940751643030866e-01,4.870456922707958602e-01,4.625314778656915427e-01,4.892788882920249272e-01,4.625314779112910668e-01,4.625314778593023757e-01,4.870456922981663550e-01,4.623940751643030866e-01,1.000000000000002220e+00,4.623940751698635276e-01,4.870456921988995935e-01,4.625314778739419430e-01,4.892788882242571358e-01,4.892788882727164834e-01,4.625314779087960071e-01,4.870456922707958602e-01,4.623940751698635276e-01,1.000000000000002220e+00,4.623940751601087196e-01,4.870456922535354449e-01,4.625314779177474578e-01,4.625314778496222301e-01,4.892788882171080767e-01,4.625314778656915427e-01,4.870456921988995935e-01,4.623940751601087196e-01,1.000000000000002220e+00,4.623940751520725367e-01,4.870456922320441917e-01,4.870456922922528076e-01,4.625314779013366961e-01,4.892788882920249272e-01,4.625314778739419430e-01,4.870456922535354449e-01,4.623940751520725367e-01,1.000000000000002220e+00,4.623940751989694675e-01,4.623940751844333730e-01,4.870456922790360466e-01,4.625314779112910668e-01,4.892788882242571358e-01,4.625314779177474578e-01,4.870456922320441917e-01,4.623940751989694675e-01,1.000000000000002220e+00
1.000000000000000888e+00,4.610440819978500748e-01,4.865838213218399155e-01,4.611918040904126048e-01,4.889287611378094756e-01,4.611918040746013636e-01,4.865838213462857498e-01,4.610440820087783331e-01,4.610440819978500748e-01,1.000000000000000888e+00,4.610440820187635680e-01,4.865838213532546197e-01,4.611918041467606422e-01,4.889287610653486049e-01,4.611918041375104860e-01,4.865838213314132021e-01,4.865838213218399155e-01,4.610440820187635680e-01,1.000000000000000888e+00,4.610440819870118556e-01,4.865838213220596842e-01,4.611918040942234454e-01,4.889287611562354585e-01,4.611918041512010902e-01,4.611918040904126048e-01,4.865838213532546197e-01,4.610440819870118556e-01,1.000000000000000888e+00,4.610440819928390832e-01,4.865838212388253203e-01,4.611918041072016194e-01,4.889287610790807870e-01,4.889287611378094756e-01,4.611918041467606422e-01,4.865838213220596842e-01,4.610440819928390832e-01,1.000000000000000888e+00,4.610440819770059151e-01,4.865838213012742552e-01,4.611918041580764238e-01,4.611918040746013636e-01,4.889287610653486049e-01,4.611918040942234454e-01,4.865838212388253203e-01,4.610440819770059151e-01,1.000000000000000888e+00,4.610440819666101753e-01,4.865838212749069580e-01,4.865838213462857498e-01,4.611918041375104860e-01,4.889287611562354585e-01,4.611918041072016194e-01,4.865838213012742552e-01,4.610440819666101753e-01,1.000000000000000888e+00,4.610440820253517424e-01,4.610440820087783331e-01,4.865838213314132021e-01,4.611918041512010902e-01,4.889287610790807870e-01,4.611918041580764238e-01,4.865838212749069580e-01,4.610440820253517424e-01,1.000000000000000888e+00
9.999999999999995559e-01,4.596229439266382721e-01,4.860982638012107948e-01,4.597819327172000259e-01,4.885620882345547145e-01,4.597819327019360136e-01,4.860982638330796357e-01,4.596229439420524421e-01,4.596229439266382721e-01,9.999999999999995559e-01,4.596229439517289794e-01,4.860982638516295751e-01,4.597819327847443294e-01,4.885620881503014434e-01,4.597819327736376582e-01,4.860982638193142025e-01,4.860982638012107948e-01,4.596229439517289794e-01,9.999999999999995559e-01,4.596229439145115281e-01,4.860982637984945232e-01,4.597819327269526690e-01,4.885620882497453410e-01,4.597819327935248612e-01,4.597819327172000259e-01,4.860982638516295751e-01,4.596229439145115281e-01,9.999999999999995559e-01,4.596229439210798295e-01,4.860982637071310508e-01,4.597819327379490950e-01,4.885620881678101046e-01,4.885620882345547145e-01,4.597819327847443294e-01,4.860982637984945232e-01,4.596229439210798295e-01,9.999999999999995559e-01,4.596229439054357879e-01,4.860982637732448874e-01,4.597819328003970307e-01,4.597819327019360136e-01,4.885620881503014434e-01,4.597819327269526690e-01,4.860982637071310508e-01,4.596229439054357879e-01,9.999999999999995559e-01,4.596229438942176504e-01,4.860982637522409111e-01,4.860982638330796357e-01,4.597819327736376582e-01,4.885620882497453410e-01,4.597819327379490950e-01,4.860982637732448874e-01,4.596229438942176504e-01,9.999999999999995559e-01,4.596229439624641699e-01,4.596229439420524421e-01,4.860982638193142025e-01,4.597819327935248612e-01,4.885620881678101046e-01,4.597819328003970307e-01,4.860982637522409111e-01,4.596229439624641699e-01,9.999999999999995559e-01
9.999999999999988898e-01,4.581257981862989492e-01,4.855874890734409588e-01,4.582971034902351137e-01,4.881778757868420193e-01,4.582971034670119681e-01,4.855874891048178044e-01,4.581257982059532274e-01,4.581257981862989492e-01,9.999999999999988898e-01,4.581257982172530774e-01,4.855874891249208902e-01,4.582971035707592566e-01,4.881778756742722880e-01,4.582971035583178199e-01,4.855874890894640306e-01,4.855874890734409588e-01,4.581257982172530774e-01,9.999999999999988898e-01,4.581257981720728845e-01,4.855874890644763520e-01,4.582971034960342527e-01,4.881778757981858341e-01,4.582971035814236149e-01,4.582971034902351137e-01,4.855874891249208902e-01,4.581257981720728845e-01,9.999999999999988898e-01,4.581257981795743284e-01,4.855874889520920279e-01,4.582971035156720441e-01,4.881778756998740310e-01,4.881778757868420193e-01,4.582971035707592566e-01,4.855874890644763520e-01,4.581257981795743284e-01,9.999999999999988898e-01,4.581257981565812765e-01,4.855874890339199057e-01,4.582971035901640677e-01,4.582971034670119681e-01,4.881778756742722880e-01,4.582971034960342527e-01,4.855874889520920279e-01,4.581257981565812765e-01,9.999999999999988898e-01,4.581257981425957970e-01,4.855874890071044669e-01,4.855874891048178044e-01,4.582971035583178199e-01,4.881778757981858341e-01,4.582971035156720441e-01,4.855874890339199057e-01,4.581257981425957970e-01,9.999999999999988898e-01,4.581257982308832299e-01,4.581257982059532274e-01,4.855874890894640306e-01,4.582971035814236149e-01,4.881778756998740310e-01,4.582971035901640677e-01,4.855874890071044669e-01,4.581257982308832299e-01,9.999999999999988898e-01
1.000000000000001110e+00,4.565473815187104378e-01,4.850498528838870782e-01,4.567321683919107755e-01,4.877750603842586075e-01,4.567321683524380171e-01,4.850498529046242679e-01,4.565473815409341052e-01,4.565473815187104378e-01,1.000000000000001110e+00,4.565473815555229908e-01,4.850498529183755458e-01,4.567321684867531317e-01,4.877750602359728904e-01,4.567321684720270780e-01,4.850498528874132020e-01,4.850498528838870782e-01,4.565473815555229908e-01,1.000000000000001110e+00,4.565473815021108828e-01,4.850498528641625784e-01,4.567321683858994730e-01,4.877750603902749615e-01,4.567321684969302131e-01,4.567321683919107755e-01,4.850498529183755458e-01,4.565473815021108828e-01,1.000000000000001110e+00,4.565473815112918166e-01,4.850498527329945575e-01,4.567321684218050293e-01,4.877750602721311890e-01,4.877750603842586075e-01,4.567321684867531317e-01,4.850498528641625784e-01,4.565473815112918166e-01,1.000000000000001110e+00,4.565473814726149215e-01,4.850498528303119339e-01,4.567321685081591198e-01,4.567321683524380171e-01,4.877750602359728904e-01,4.567321683858994730e-01,4.850498527329945575e-01,4.565473814726149215e-01,1.000000000000001110e+00,4.565473814552556409e-01,4.850498527903347457e-01,4.850498529046242679e-01,4.567321684720270780e-01,4.877750603902749615e-01,4.567321684218050293e-01,4.850498528303119339e-01,4.565473814552556409e-01,1.000000000000001110e+00,4.565473815704360616e-01,4.565473815409341052e-01,4.850498528874132020e-01,4.567321684969302131e-01,4.877750602721311890e-01,4.567321685081591198e-01,4.850498527903347457e-01,4.565473815704360616e-01,1.000000000000001110e+00
1.000000000000001776e+00,4.548819925953615506e-01,4.844835886475987174e-01,4.550815558173789688e-01,4.873525037742660326e-01,4.550815557753403739e-01,4.844835886704001449e-01,4.548819926223391930e-01,4.548819925953615506e-01,1.000000000000001776e+00,4.548819926370163413e-01,4.844835886887491894e-01,4.550815559282236356e-01,4.873525035975198039e-01,4.550815559114365638e-01,4.844835886499399003e-01,4.844835886475987174e-01,4.548819926370163413e-01,1.000000000000001776e+00,4.548819925749073012e-01,4.844835886211971698e-01,4.550815558145543394e-01,4.873525037695571882e-01,4.550815559412715317e-01,4.550815558173789688e-01,4.844835886887491894e-01,4.548819925749073012e-01,1.000000000000001776e+00,4.548819925868244907e-01,4.844835884695786743e-01,4.550815558531997596e-01,4.873525036386003317e-01,4.873525037742660326e-01,4.550815559282236356e-01,4.844835886211971698e-01,4.548819925868244907e-01,1.000000000000001776e+00,4.548819925446381807e-01,4.844835885824664290e-01,4.550815559544072464e-01,4.550815557753403739e-01,4.873525035975198039e-01,4.550815558145543394e-01,4.844835884695786743e-01,4.548819925446381807e-01,1.000000000000001776e+00,4.548819925263389852e-01,4.844835885400836650e-01,4.844835886704001449e-01,4.550815559114365638e-01,4.873525037695571882e-01,4.550815558531997596e-01,4.844835885824664290e-01,4.548819925263389852e-01,1.000000000000001776e+00,4.548819926574406702e-01,4.548819926223391930e-01,4.844835886499399003e-01,4.550815559412715317e-01,4.873525036386003317e-01,4.550815559544072464e-01,4.844835885400836650e-01,4.548819926574406702e-01,1.000000000000001776e+00
1.000000000000000888e+00,4.531234506030149545e-01,4.838867982542118251e-01,4.533392312023555859e-01,4.869089872690929299e-01,4.533392311402584252e-01,4.838867982656713806e-01,4.531234506364896775e-01,4.531234506030149545e-01,1.000000000000000888e+00,4.531234506546052421e-01,4.838867982798571998e-01,4.533392313347083813e-01,4.869089870369570638e-01,4.533392313131928697e-01,4.838867982384444932e-01,4.838867982542118251e-01,4.531234506546052421e-01,1.000000000000000888e+00,4.531234505814666913e-01,4.838867982143496560e-01,4.533392311879083092e-01,4.869089872512304407e-01,4.533392313503823989e-01,4.533392312023555859e-01,4.838867982798571998e-01,4.531234505814666913e-01,1.000000000000000888e+00,4.531234505969738979e-01,4.838867980290249005e-01,4.533392312460981510e-01,4.869089870938916320e-01,4.869089872690929299e-01,4.533392313347083813e-01,4.838867982143496560e-01,4.531234505969738979e-01,1.000000000000000888e+00,4.531234505336241281e-01,4.838867981677129615e-01,4.533392313663019979e-01,4.533392311402584252e-01,4.869089870369570638e-01,4.533392311879083092e-01,4.838867980290249005e-01,4.531234505336241281e-01,1.000000000000000888e+00,4.531234505109829058e-01,4.838867981093356585e-01,4.838867982656713806e-01,4.533392313131928697e-01,4.869089872512304407e-01,4.533392312460981510e-01,4.838867981677129615e-01,4.531234505109829058e-01,1.000000000000000888e+00,4.531234506791081973e-01,4.531234506364896775e-01,4.838867982384444932e-01,4.533392313503823989e-01,4.869089870938916320e-01,4.533392313663019979e-01,4.838867981093356585e-01,4.531234506791081973e-01,1.000000000000000888e+00
9.999999999999982236e-01,4.512650496070270689e-01,4.832574421877008919e-01,4.514986538006389161e-01,4.864432056259909154e-01,4.514986538002121463e-01,4.832574421877632864e-01,4.512650496071964334e-01,4.512650496070270689e-01,9.999999999999982236e-01,4.512650496073595807e-01,4.832574421411281462e-01,4.514986538009380657e-01,4.864432055786629960e-01,4.514986538007822459e-01,4.832574421404522980e-01,4.832574421877008919e-01,4.512650496073595807e-01,9.999999999999982236e-01,4.512650496075658602e-01,4.832574421878201298e-01,4.514986538006409145e-01,4.864432056257241843e-01,4.514986538011313000e-01,4.514986538006389161e-01,4.832574421411281462e-01,4.512650496075658602e-01,9.999999999999982236e-01,4.512650496075859552e-01,4.832574421404757237e-01,4.514986538009087003e-01,4.864432055793158072e-01,4.864432056259909154e-01,4.514986538009380657e-01,4.832574421878201298e-01,4.512650496075859552e-01,9.999999999999982236e-01,4.512650496071337614e-01,4.832574421875399096e-01,4.514986538011679928e-01,4.514986538002121463e-01,4.864432055786629960e-01,4.514986538006409145e-01,4.832574421404757237e-01,4.512650496071337614e-01,9.999999999999982236e-01,4.512650496069796624e-01,4.832574421405998466e-01,4.832574421877632864e-01,4.514986538007822459e-01,4.864432056257241843e-01,4.514986538009087003e-01,4.832574421875399096e-01,4.512650496069796624e-01,9.999999999999982236e-01,4.512650496074624429e-01,4.512650496071964334e-01,4.832574421404522980e-01,4.514986538011313000e-01,4.864432055793158072e-01,4.514986538011679928e-01,4.832574421405998466e-01,4.512650496074624429e-01,9.999999999999982236e-01
1.000000000000001110e+00,4.492995085197958316e-01,4.825933295459398642e-01,4.495527290732923564e-01,4.859537612964707209e-01,4.495527290730069181e-01,4.825933295460538286e-01,4.492995085198355221e-01,4.492995085197958316e-01,1.000000000000001110e+00,4.492995085200985894e-01,4.825933294839197529e-01,4.495527290738984272e-01,4.859537612335141366e-01,4.495527290737076354e-01,4.825933294831596942e-01,4.825933295459398642e-01,4.492995085200985894e-01,1.000000000000001110e+00,4.492995085199912308e-01,4.825933295458605388e-01,4.495527290734283588e-01,4.859537612960403985e-01,4.495527290740146675e-01,4.495527290732923564e-01,4.825933294839197529e-01,4.492995085199912308e-01,1.000000000000001110e+00,4.492995085199934513e-01,4.825933294828476106e-01,4.495527290735019110e-01,4.859537612339385748e-01,4.859537612964707209e-01,4.495527290738984272e-01,4.825933295458605388e-01,4.492995085199934513e-01,1.000000000000001110e+00,4.492995085196499483e-01,4.825933295454987726e-01,4.495527290740221060e-01,4.495527290730069181e-01,4.859537612335141366e-01,4.495527290734283588e-01,4.825933294828476106e-01,4.492995085196499483e-01,1.000000000000001110e+00,4.492995085194659843e-01,4.825933294831370457e-01,4.825933295460538286e-01,4.495527290737076354e-01,4.859537612960403985e-01,4.495527290735019110e-01,4.825933295454987726e-01,4.492995085194659843e-01,1.000000000000001110e+00,4.492995085200353067e-01,4.492995085198355221e-01,4.825933294831596942e-01,4.495527290740146675e-01,4.859537612339385748e-01,4.495527290740221060e-01,4.825933294831370457e-01,4.492995085200353067e-01,1.000000000000001110e+00
1.000000000000000888e+00,4.472189155680276196e-01,4.818921070902147941e-01,4.474937567188748133e-01,4.854391569036948795e-01,4.474937567184360532e-01,4.818921070904497728e-01,4.472189155682611550e-01,4.472189155680276196e-01,1.000000000000000888e+00,4.472189155683648498e-01,4.818921070073172164e-01,4.474937567196259902e-01,4.854391568192736317e-01,4.474937567195976795e-01,4.818921070065074197e-01,4.818921070902147941e-01,4.472189155683648498e-01,1.000000000000000888e+00,4.472189155680267869e-01,4.818921070897041470e-01,4.474937567189263277e-01,4.854391569032151521e-01,4.474937567201814903e-01,4.474937567188748133e-01,4.818921070073172164e-01,4.472189155680267869e-01,1.000000000000000888e+00,4.472189155678388262e-01,4.818921070053945321e-01,4.474937567191191179e-01,4.854391568200517870e-01,4.854391569036948795e-01,4.474937567196259902e-01,4.818921070897041470e-01,4.472189155678388262e-01,1.000000000000000888e+00,4.472189155672932626e-01,4.818921070892506764e-01,4.474937567199919197e-01,4.474937567184360532e-01,4.854391568192736317e-01,4.474937567189263277e-01,4.818921070053945321e-01,4.472189155672932626e-01,1.000000000000000888e+00,4.472189155672612881e-01,4.818921070061019662e-01,4.818921070904497728e-01,4.474937567195976795e-01,4.854391569032151521e-01,4.474937567191191179e-01,4.818921070892506764e-01,4.472189155672612881e-01,1.000000000000000888e+00,4.472189155684870299e-01,4.472189155682611550e-01,4.818921070065074197e-01,4.474937567201814903e-01,4.854391568200517870e-01,4.474937567199919197e-01,4.818921070061019662e-01,4.472189155684870299e-01,1.000000000000000888e+00
9.999999999999984457e-01,4.450146677089660274e-01,4.811512484535310774e-01,4.453133733321623100e-01,4.848977888217913534e-01,4.453133732888090446e-01,4.811512484719318583e-01,4.450146677567957121e-01,4.450146677089660274e-01,9.999999999999984457e-01,4.450146677793684336e-01,4.811512485896444202e-01,4.453133735437253549e-01,4.848977885530434406e-01,4.453133735205953014e-01,4.811512485034934450e-01,4.811512484535310774e-01,4.450146677793684336e-01,9.999999999999984457e-01,4.450146676674724411e-01,4.811512483839602283e-01,4.453133733603148459e-01,4.848977887208668069e-01,4.453133735568095553e-01,4.453133733321623100e-01,4.811512485896444202e-01,4.450146676674724411e-01,9.999999999999984457e-01,4.450146677074040547e-01,4.811512481917813444e-01,4.453133734165751201e-01,4.848977885926393783e-01,4.848977888217913534e-01,4.453133735437253549e-01,4.811512483839602283e-01,4.450146677074040547e-01,9.999999999999984457e-01,4.450146676576495208e-01,4.811512483208215674e-01,4.453133735930623338e-01,4.453133732888090446e-01,4.848977885530434406e-01,4.453133733603148459e-01,4.811512481917813444e-01,4.450146676576495208e-01,9.999999999999984457e-01,4.450146676359972298e-01,4.811512483562855325e-01,4.811512484719318583e-01,4.453133735205953014e-01,4.848977887208668069e-01,4.453133734165751201e-01,4.811512483208215674e-01,4.450146676359972298e-01,9.999999999999984457e-01,4.450146678379646170e-01,4.450146677567957121e-01,4.811512485034934450e-01,4.453133735568095553e-01,4.848977885926393783e-01,4.453133735930623338e-01,4.811512483562855325e-01,4.450146678379646170e-01,9.999999999999984457e-01
9.999999999999975575e-01,4.426774035118005157e-01,4.803680429811935104e-01,4.430024899654242954e-01,4.843279391084380769e-01,4.430024899167774866e-01,4.803680429966432630e-01,4.426774035718238354e-01,4.426774035118005157e-01,9.999999999999975575e-01,4.426774035985068245e-01,4.803680431478620783e-01,4.430024902237790774e-01,4.843279387777980061e-01,4.430024901975085916e-01,4.803680430350897868e-01,4.803680429811935104e-01,4.426774035985068245e-01,9.999999999999975575e-01,4.426774034637460664e-01,4.803680428898894905e-01,4.430024900057271120e-01,4.843279389641160226e-01,4.430024902393223663e-01,4.430024899654242954e-01,4.803680431478620783e-01,4.426774034637460664e-01,9.999999999999975575e-01,4.426774035144517283e-01,4.803680426583722962e-01,4.430024900737041804e-01,4.843279388192356372e-01,4.843279391084380769e-01,4.430024902237790774e-01,4.803680428898894905e-01,4.426774035144517283e-01,9.999999999999975575e-01,4.426774034586135609e-01,4.803680428104938338e-01,4.430024902846831925e-01,4.430024899167774866e-01,4.843279387777980061e-01,4.430024900057271120e-01,4.803680426583722962e-01,4.426774034586135609e-01,9.999999999999975575e-01,4.426774034343363695e-01,4.803680428689133253e-01,4.803680429966432630e-01,4.430024901975085916e-01,4.843279389641160226e-01,4.430024900737041804e-01,4.803680428104938338e-01,4.426774034343363695e-01,9.999999999999975575e-01,4.426774036757089581e-01,4.426774035718238354e-01,4.803680430350897868e-01,4.430024902393223663e-01,4.843279388192356372e-01,4.430024902846831925e-01,4.803680428689133253e-01,4.426774036757089581e-01,9.999999999999975575e-01
9.999999999999997780e-01,4.401969300300642152e-01,4.795395845951693214e-01,4.405512232953876506e-01,4.837277685285908402e-01,4.405512232435683240e-01,4.795395846063487122e-01,4.401969301028642589e-01,4.401969300300642152e-01,9.999999999999997780e-01,4.401969301334159868e-01,4.795395847920537191e-01,4.405512235962079082e-01,4.837277681353402414e-01,4.405512235698559875e-01,4.795395846494003300e-01,4.795395845951693214e-01,4.401969301334159868e-01,9.999999999999997780e-01,4.401969299791678170e-01,4.795395844802709528e-01,4.405512233488315665e-01,4.837277683362187219e-01,4.405512236154062178e-01,4.405512232953876506e-01,4.795395847920537191e-01,4.401969299791678170e-01,9.999999999999997780e-01,4.401969300398348439e-01,4.795395842070651060e-01,4.405512234288327944e-01,4.837277681780562388e-01,4.837277685285908402e-01,4.405512235962079082e-01,4.795395844802709528e-01,4.401969300398348439e-01,9.999999999999997780e-01,4.401969299802461211e-01,4.795395843819272863e-01,4.405512236698143624e-01,4.405512232435683240e-01,4.837277681353402414e-01,4.405512233488315665e-01,4.795395842070651060e-01,4.401969299802461211e-01,9.999999999999997780e-01,4.401969299536637736e-01,4.795395844709968158e-01,4.795395846063487122e-01,4.405512235698559875e-01,4.837277683362187219e-01,4.405512234288327944e-01,4.795395843819272863e-01,4.401969299536637736e-01,9.999999999999997780e-01,4.401969302303526677e-01,4.401969301028642589e-01,4.795395846494003300e-01,4.405512236154062178e-01,4.837277681780562388e-01,4.405512236698143624e-01,4.795395844709968158e-01,4.401969302303526677e-01,9.999999999999997780e-01
