1.000000000000015543e+00,8.738977789705082433e-01,8.927654660934607467e-01,8.757774217093646785e-01,8.259151321971636150e-01,7.746168419533538962e-01,7.216527886430859073e-01,7.125912880521019233e-01,7.225257611940869573e-01,7.762821599191724875e-01,8.272560768235867057e-01,8.769470985955361009e-01,8.925592478442593292e-01,8.734383375126657523e-01,8.306048771342715575e-01,7.680406709071017080e-01,7.294700297790741583e-01,7.042928971766255763e-01,7.303517891747597357e-01,7.692392879294405184e-01,8.738977789705082433e-01,1.000000000000015543e+00,9.379853529228148190e-01,9.198409716901152500e-01,8.751749603324167071e-01,8.154300912423134706e-01,7.733422139212831059e-01,7.520433814756486424e-01,7.743786385827876595e-01,8.167851100459343483e-01,8.769470986040766025e-01,9.205113771720807581e-01,9.385892228051958552e-01,9.209050294694411942e-01,8.728732478505839554e-01,8.187601377071966890e-01,7.693152989474820735e-01,7.563719816612216595e-01,7.701664986300842397e-01,8.203870388944108916e-01,8.927654660934607467e-01,9.379853529228148190e-01,1.000000000000015543e+00,9.370227348014772417e-01,8.912716327166370078e-01,8.340904940444143767e-01,7.885281393534790961e-01,7.712985135364727185e-01,7.893716541596588199e-01,8.358167444607305097e-01,8.925592478295664156e-01,9.385892227804262244e-01,9.553965563503525882e-01,9.376633362116310044e-01,8.909953297070632994e-01,8.343373205098834067e-01,7.883695448498451164e-01,7.713589992891703995e-01,7.894152131617648838e-01,8.356677584267846459e-01,8.757774217093646785e-01,9.198409716901152500e-01,9.370227348014772417e-01,1.000000000000015543e+00,8.713776120262667346e-01,8.179699656991002987e-01,7.682168925993062558e-01,7.554849078219965097e-01,7.692663649323969732e-01,8.193794752971453876e-01,8.734383374913174958e-01,9.209050294372276291e-01,9.376633362087016810e-01,9.185866616931636086e-01,8.745230960714096557e-01,8.142546373575964003e-01,7.725499700013349624e-01,7.510412721654280421e-01,7.733911479095343378e-01,8.159783329885510472e-01,8.259151321971636150e-01,8.751749603324167071e-01,8.912716327166370078e-01,8.713776120262667346e-01,1.000000000000015543e+00,7.661241902706557028e-01,7.279347159583597904e-01,7.027156327430319482e-01,7.289217879887468499e-01,7.680219797538943016e-01,8.306048771091886218e-01,8.728732478065418521e-01,8.909953296926549360e-01,8.745230960574057466e-01,8.241418217695314352e-01,7.732859280229393839e-01,7.199952885218294796e-01,7.111118641096365600e-01,7.210334510325762114e-01,7.746355330606176093e-01,7.746168419533538962e-01,8.154300912423134706e-01,8.340904940444143767e-01,8.179699656991002987e-01,7.661241902706557028e-01,1.000000000000015543e+00,6.614656992262027968e-01,6.555562887173013165e-01,6.626059694699473201e-01,7.189849887690877850e-01,7.680406708627443013e-01,8.187601376508322204e-01,8.343373204819864997e-01,8.142546373354715428e-01,7.732859280117575507e-01,7.081367554040938206e-01,6.726209893531969186e-01,6.442211507175554797e-01,6.734902710814280047e-01,7.098080491954270599e-01,7.216527886430859073e-01,7.733422139212831059e-01,7.885281393534790961e-01,7.682168925993062558e-01,7.279347159583597904e-01,6.614656992262027968e-01,1.000000000000015543e+00,5.973781252486998206e-01,6.284807831466993067e-01,6.632084308514072379e-01,7.294700297304888004e-01,7.693152988852283158e-01,7.883695448124028449e-01,7.725499699724476255e-01,7.199952884999994973e-01,6.726209893434025311e-01,6.148814550694804426e-01,6.109788651547055638e-01,6.158753691126602758e-01,6.740553607306638551e-01,7.125912880521019233e-01,7.520433814756486424e-01,7.712985135364727185e-01,7.554849078219965097e-01,7.027156327430319482e-01,6.555562887173013165e-01,5.973781252486998206e-01,1.000000000000015543e+00,5.983407433539318365e-01,6.570501220891370453e-01,7.042928971106056091e-01,7.563719815928390267e-01,7.713589992352700708e-01,7.510412721265058433e-01,7.111118640727822626e-01,6.442211506987152170e-01,6.109788651489433953e-01,5.799962758599594981e-01,6.119047517246137824e-01,6.457850688205105660e-01,7.225257611940869573e-01,7.743786385827876595e-01,7.893716541596588199e-01,7.692663649323969732e-01,7.289217879887468499e-01,6.626059694699473201e-01,6.284807831466993067e-01,5.983407433539318365e-01,1.000000000000015543e+00,6.639858661488299285e-01,7.303517891233761716e-01,7.701664985720113599e-01,7.894152131247896831e-01,7.733911478850628018e-01,7.210334510144327247e-01,6.734902710702355133e-01,6.158753691144309705e-01,6.119047517340827635e-01,6.168061705465959221e-01,6.750449918691139306e-01,7.762821599191724875e-01,8.167851100459343483e-01,8.358167444607305097e-01,8.193794752971453876e-01,7.680219797538943016e-01,7.189849887690877850e-01,6.632084308514072379e-01,6.570501220891370453e-01,6.639858661488299285e-01,1.000000000000015543e+00,7.692392879062222022e-01,8.203870388657494850e-01,8.356677584191540831e-01,8.159783329867085211e-01,7.746355330779919335e-01,7.098080492176910283e-01,6.740553607766068822e-01,6.457850688639488190e-01,6.750449918959081641e-01,7.112510104539226941e-01,8.272560768235867057e-01,8.769470986040766025e-01,8.925592478295664156e-01,8.734383374913174958e-01,8.306048771091886218e-01,7.680406708627443013e-01,7.294700297304888004e-01,7.042928971106056091e-01,7.303517891233761716e-01,7.692392879062222022e-01,1.000000000000015543e+00,8.738977789492718973e-01,8.927654660982571322e-01,8.757774217164716601e-01,8.259151322188289512e-01,7.746168419711731978e-01,7.216527886804521286e-01,7.125912880953826356e-01,7.225257612326636547e-01,7.762821599315892218e-01,8.769470985955361009e-01,9.205113771720807581e-01,9.385892227804262244e-01,9.209050294372276291e-01,8.728732478065418521e-01,8.187601376508322204e-01,7.693152988852283158e-01,7.563719815928390267e-01,7.701664985720113599e-01,8.203870388657494850e-01,8.738977789492718973e-01,1.000000000000015543e+00,9.379853529177241134e-01,9.198409716914076606e-01,8.751749603500269536e-01,8.154300912694041337e-01,7.733422139645251825e-01,7.520433815227040020e-01,7.743786386135093069e-01,8.167851100464431635e-01,8.925592478442593292e-01,9.385892228051958552e-01,9.553965563503525882e-01,9.376633362087016810e-01,8.909953296926549360e-01,8.343373204819864997e-01,7.883695448124028449e-01,7.713589992352700708e-01,7.894152131247896831e-01,8.356677584191540831e-01,8.927654660982571322e-01,9.379853529177241134e-01,1.000000000000015543e+00,9.370227348274151602e-01,8.912716327518366288e-01,8.340904940917128751e-01,7.885281394057259696e-01,7.712985136056895730e-01,7.893716542127575675e-01,8.358167444908281007e-01,8.734383375126657523e-01,9.209050294694411942e-01,9.376633362116310044e-01,9.185866616931636086e-01,8.745230960574057466e-01,8.142546373354715428e-01,7.725499699724476255e-01,7.510412721265058433e-01,7.733911478850628018e-01,8.159783329867085211e-01,8.757774217164716601e-01,9.198409716914076606e-01,9.370227348274151602e-01,1.000000000000015543e+00,8.713776120692742211e-01,8.179699657533278101e-01,7.682168926633485828e-01,7.554849078972114551e-01,7.692663649920838953e-01,8.193794753302248157e-01,8.306048771342715575e-01,8.728732478505839554e-01,8.909953297070632994e-01,8.745230960714096557e-01,8.241418217695314352e-01,7.732859280117575507e-01,7.199952884999994973e-01,7.111118640727822626e-01,7.210334510144327247e-01,7.746355330779919335e-01,8.259151322188289512e-01,8.751749603500269536e-01,8.912716327518366288e-01,8.713776120692742211e-01,1.000000000000015543e+00,7.661241903377600249e-01,7.279347160305570386e-01,7.027156328299681842e-01,7.289217880541292161e-01,7.680219797985119445e-01,7.680406709071017080e-01,8.187601377071966890e-01,8.343373205098834067e-01,8.142546373575964003e-01,7.732859280229393839e-01,7.081367554040938206e-01,6.726209893434025311e-01,6.442211506987152170e-01,6.734902710702355133e-01,7.098080492176910283e-01,7.746168419711731978e-01,8.154300912694041337e-01,8.340904940917128751e-01,8.179699657533278101e-01,7.661241903377600249e-01,1.000000000000015543e+00,6.614656993143097630e-01,6.555562888140287203e-01,6.626059695549677553e-01,7.189849888310257953e-01,7.294700297790741583e-01,7.693152989474820735e-01,7.883695448498451164e-01,7.725499700013349624e-01,7.199952885218294796e-01,6.726209893531969186e-01,6.148814550694804426e-01,6.109788651489433953e-01,6.158753691144309705e-01,6.740553607766068822e-01,7.216527886804521286e-01,7.733422139645251825e-01,7.885281394057259696e-01,7.682168926633485828e-01,7.279347160305570386e-01,6.614656993143097630e-01,1.000000000000015543e+00,5.973781253559728999e-01,6.284807832352093948e-01,6.632084309161994096e-01,7.042928971766255763e-01,7.563719816612216595e-01,7.713589992891703995e-01,7.510412721654280421e-01,7.111118641096365600e-01,6.442211507175554797e-01,6.109788651547055638e-01,5.799962758599594981e-01,6.119047517340827635e-01,6.457850688639488190e-01,7.125912880953826356e-01,7.520433815227040020e-01,7.712985136056895730e-01,7.554849078972114551e-01,7.027156328299681842e-01,6.555562888140287203e-01,5.973781253559728999e-01,1.000000000000015543e+00,5.983407434592691310e-01,6.570501221622233601e-01,7.303517891747597357e-01,7.701664986300842397e-01,7.894152131617648838e-01,7.733911479095343378e-01,7.210334510325762114e-01,6.734902710814280047e-01,6.158753691126602758e-01,6.119047517246137824e-01,6.168061705465959221e-01,6.750449918959081641e-01,7.225257612326636547e-01,7.743786386135093069e-01,7.893716542127575675e-01,7.692663649920838953e-01,7.289217880541292161e-01,6.626059695549677553e-01,6.284807832352093948e-01,5.983407434592691310e-01,1.000000000000015543e+00,6.639858662110686982e-01,7.692392879294405184e-01,8.203870388944108916e-01,8.356677584267846459e-01,8.159783329885510472e-01,7.746355330606176093e-01,7.098080491954270599e-01,6.740553607306638551e-01,6.457850688205105660e-01,6.750449918691139306e-01,7.112510104539226941e-01,7.762821599315892218e-01,8.167851100464431635e-01,8.358167444908281007e-01,8.193794753302248157e-01,7.680219797985119445e-01,7.189849888310257953e-01,6.632084309161994096e-01,6.570501221622233601e-01,6.639858662110686982e-01,1.000000000000015543e+00
1.000000000000003109e+00,8.788735821750632837e-01,8.951289592087612323e-01,8.758595470499916935e-01,8.241264583187400961e-01,7.730806843131133865e-01,7.213217520037885633e-01,7.150016130817287152e-01,7.272554921854272880e-01,7.827124207236416664e-01,8.337189977231300730e-01,8.818331166114012909e-01,8.951259442041598069e-01,8.732546958459810327e-01,8.291183428132558042e-01,7.661960437999600915e-01,7.294234803895481845e-01,7.064701211534307745e-01,7.352332044564442448e-01,7.755741368211990228e-01,8.788735821750632837e-01,1.000000000000003109e+00,9.389692467052449532e-01,9.182456551417003121e-01,8.720622620223664745e-01,8.122295276425897104e-01,7.716409742862541110e-01,7.528646134307823701e-01,7.776414716670192462e-01,8.217349649768423969e-01,8.818331166406145893e-01,9.240175517316665532e-01,9.394977446235495133e-01,9.193955703693434955e-01,8.697070596320132241e-01,8.155765451068199834e-01,7.676357538590424801e-01,7.571349588946352238e-01,7.735179757467027795e-01,8.252244234367629439e-01,8.951289592087612323e-01,9.389692467052449532e-01,1.000000000000003109e+00,9.329066291534011679e-01,8.857447190102722967e-01,8.282775578040387776e-01,7.845180491676823076e-01,7.694363352063485761e-01,7.903602375651073153e-01,8.380887704561692519e-01,8.951259442326007232e-01,9.394977446236983942e-01,9.538783352577435704e-01,9.336803767677724908e-01,8.852736710724343761e-01,8.288009381926105812e-01,7.840336836673036380e-01,7.698403929226953490e-01,7.900761422443653981e-01,8.382189790745884217e-01,8.758595470499916935e-01,9.182456551417003121e-01,9.329066291534011679e-01,1.000000000000003109e+00,8.630014433825001774e-01,8.100404038385276007e-01,7.612297032628341231e-01,7.515768658171572136e-01,7.673088643144215792e-01,8.194865704499286752e-01,8.732546958945414106e-01,9.193955703843736948e-01,9.336803767898860240e-01,9.118955440015998892e-01,8.666030498913569469e-01,8.057936521610689073e-01,7.661610796254416655e-01,7.465380595408479536e-01,7.719678638462511566e-01,8.156646180743700736e-01,8.241264583187400961e-01,8.720622620223664745e-01,8.857447190102722967e-01,8.630014433825001774e-01,1.000000000000003109e+00,7.559550943500080722e-01,7.200491848813524998e-01,6.965286999094104647e-01,7.259883899977053190e-01,7.660711831401607608e-01,8.291183428698429836e-01,8.697070596525828812e-01,8.852736710963122757e-01,8.666030498928340986e-01,8.141051772153565791e-01,7.638870229400788192e-01,7.113141793753415820e-01,7.057137808254714262e-01,7.174117266691084627e-01,7.732055450032304655e-01,7.730806843131133865e-01,8.122295276425897104e-01,8.282775578040387776e-01,8.100404038385276007e-01,7.559550943500080722e-01,1.000000000000003109e+00,6.526556490405904798e-01,6.501446491016891205e-01,6.588881319628601130e-01,7.175265497538100279e-01,7.661960438636425952e-01,8.155765451347980477e-01,8.288009382277901071e-01,8.057936521756838832e-01,7.638870229513261556e-01,6.978598312771642220e-01,6.647663270467417673e-01,6.379232001189965029e-01,6.705478554171794281e-01,7.077799542514930931e-01,7.213217520037885633e-01,7.716409742862541110e-01,7.845180491676823076e-01,7.612297032628341231e-01,7.200491848813524998e-01,6.526556490405904798e-01,1.000000000000003109e+00,5.925599845233822105e-01,6.270279532150833113e-01,6.626854170090910046e-01,7.294234804677353079e-01,7.676357539083623616e-01,7.840336837138596193e-01,7.661610796587440264e-01,7.113141793994871565e-01,6.647663270610170150e-01,6.075612772872304168e-01,6.071016990577339234e-01,6.136535739937305500e-01,6.740954916457797541e-01,7.150016130817287152e-01,7.528646134307823701e-01,7.694363352063485761e-01,7.515768658171572136e-01,6.965286999094104647e-01,6.501446491016891205e-01,5.925599845233822105e-01,1.000000000000003109e+00,5.986226020689986438e-01,6.595288893189323876e-01,7.064701212198717384e-01,7.571349589347750042e-01,7.698403929563735204e-01,7.465380595636103012e-01,7.057137808353189934e-01,6.379232001252908013e-01,6.071016990536288738e-01,5.777004937313128252e-01,6.129190668998529823e-01,6.477754732534708459e-01,7.272554921854272880e-01,7.776414716670192462e-01,7.903602375651073153e-01,7.673088643144215792e-01,7.259883899977053190e-01,6.588881319628601130e-01,6.270279532150833113e-01,5.986226020689986438e-01,1.000000000000003109e+00,6.685277878453301792e-01,7.352332045113533221e-01,7.735179757783574583e-01,7.900761422703410641e-01,7.719678638621564337e-01,7.174117266754140854e-01,6.705478554059508545e-01,6.136535739735395900e-01,6.129190668847962487e-01,6.196832850082032440e-01,6.799963937807822489e-01,7.827124207236416664e-01,8.217349649768423969e-01,8.380887704561692519e-01,8.194865704499286752e-01,7.660711831401607608e-01,7.175265497538100279e-01,6.626854170090910046e-01,6.595288893189323876e-01,6.685277878453301792e-01,1.000000000000003109e+00,7.755741368771529309e-01,8.252244234643292264e-01,8.382189791010881130e-01,8.156646180815867453e-01,7.732055450149846187e-01,7.077799542462553939e-01,6.740954916409137576e-01,6.477754732443978813e-01,6.799963937770997502e-01,7.174736517722325457e-01,8.337189977231300730e-01,8.818331166406145893e-01,8.951259442326007232e-01,8.732546958945414106e-01,8.291183428698429836e-01,7.661960438636425952e-01,7.294234804677353079e-01,7.064701212198717384e-01,7.352332045113533221e-01,7.755741368771529309e-01,1.000000000000003109e+00,8.788735821976858542e-01,8.951289592321609589e-01,8.758595470513295123e-01,8.241264583201584060e-01,7.730806842863269246e-01,7.213217519743158057e-01,7.150016130545788773e-01,7.272554921799665451e-01,7.827124207214187779e-01,8.818331166114012909e-01,9.240175517316665532e-01,9.394977446236983942e-01,9.193955703843736948e-01,8.697070596525828812e-01,8.155765451347980477e-01,7.676357539083623616e-01,7.571349589347750042e-01,7.735179757783574583e-01,8.252244234643292264e-01,8.788735821976858542e-01,1.000000000000003109e+00,9.389692466990700037e-01,9.182456551183385551e-01,8.720622619986698743e-01,8.122295276088571381e-01,7.716409742424625851e-01,7.528646133924057349e-01,7.776414716319020037e-01,8.217349649439700254e-01,8.951259442041598069e-01,9.394977446235495133e-01,9.538783352577435704e-01,9.336803767898860240e-01,8.852736710963122757e-01,8.288009382277901071e-01,7.840336837138596193e-01,7.698403929563735204e-01,7.900761422703410641e-01,8.382189791010881130e-01,8.951289592321609589e-01,9.389692466990700037e-01,1.000000000000003109e+00,9.329066291289953572e-01,8.857447189821441302e-01,8.282775577624332808e-01,7.845180491105773202e-01,7.694363351617903302e-01,7.903602375307924310e-01,8.380887704253795478e-01,8.732546958459810327e-01,9.193955703693434955e-01,9.336803767677724908e-01,9.118955440015998892e-01,8.666030498928340986e-01,8.057936521756838832e-01,7.661610796587440264e-01,7.465380595636103012e-01,7.719678638621564337e-01,8.156646180815867453e-01,8.758595470513295123e-01,9.182456551183385551e-01,9.329066291289953572e-01,1.000000000000003109e+00,8.630014433350210457e-01,8.100404037839598059e-01,7.612297031892548693e-01,7.515768657601327174e-01,7.673088642592076347e-01,8.194865704021305763e-01,8.291183428132558042e-01,8.697070596320132241e-01,8.852736710724343761e-01,8.666030498913569469e-01,8.141051772153565791e-01,7.638870229513261556e-01,7.113141793994871565e-01,7.057137808353189934e-01,7.174117266754140854e-01,7.732055450149846187e-01,8.241264583201584060e-01,8.720622619986698743e-01,8.857447189821441302e-01,8.630014433350210457e-01,1.000000000000003109e+00,7.559550942885974179e-01,7.200491848057954947e-01,6.965286998423287912e-01,7.259883899368031468e-01,7.660711830844819659e-01,7.661960437999600915e-01,8.155765451068199834e-01,8.288009381926105812e-01,8.057936521610689073e-01,7.638870229400788192e-01,6.978598312771642220e-01,6.647663270610170150e-01,6.379232001252908013e-01,6.705478554059508545e-01,7.077799542462553939e-01,7.730806842863269246e-01,8.122295276088571381e-01,8.282775577624332808e-01,8.100404037839598059e-01,7.559550942885974179e-01,1.000000000000003109e+00,6.526556489529995453e-01,6.501446490287478008e-01,6.588881318942739762e-01,7.175265496985057112e-01,7.294234803895481845e-01,7.676357538590424801e-01,7.840336836673036380e-01,7.661610796254416655e-01,7.113141793753415820e-01,6.647663270467417673e-01,6.075612772872304168e-01,6.071016990536288738e-01,6.136535739735395900e-01,6.740954916409137576e-01,7.213217519743158057e-01,7.716409742424625851e-01,7.845180491105773202e-01,7.612297031892548693e-01,7.200491848057954947e-01,6.526556489529995453e-01,1.000000000000003109e+00,5.925599844296557395e-01,6.270279531325863021e-01,6.626854169267438754e-01,7.064701211534307745e-01,7.571349588946352238e-01,7.698403929226953490e-01,7.465380595408479536e-01,7.057137808254714262e-01,6.379232001189965029e-01,6.071016990577339234e-01,5.777004937313128252e-01,6.129190668847962487e-01,6.477754732443978813e-01,7.150016130545788773e-01,7.528646133924057349e-01,7.694363351617903302e-01,7.515768657601327174e-01,6.965286998423287912e-01,6.501446490287478008e-01,5.925599844296557395e-01,1.000000000000003109e+00,5.986226019956623068e-01,6.595288892496826705e-01,7.352332044564442448e-01,7.735179757467027795e-01,7.900761422443653981e-01,7.719678638462511566e-01,7.174117266691084627e-01,6.705478554171794281e-01,6.136535739937305500e-01,6.129190668998529823e-01,6.196832850082032440e-01,6.799963937770997502e-01,7.272554921799665451e-01,7.776414716319020037e-01,7.903602375307924310e-01,7.673088642592076347e-01,7.259883899368031468e-01,6.588881318942739762e-01,6.270279531325863021e-01,5.986226019956623068e-01,1.000000000000003109e+00,6.685277877827801030e-01,7.755741368211990228e-01,8.252244234367629439e-01,8.382189790745884217e-01,8.156646180743700736e-01,7.732055450032304655e-01,7.077799542514930931e-01,6.740954916457797541e-01,6.477754732534708459e-01,6.799963937807822489e-01,7.174736517722325457e-01,7.827124207214187779e-01,8.217349649439700254e-01,8.380887704253795478e-01,8.194865704021305763e-01,7.660711830844819659e-01,7.175265496985057112e-01,6.626854169267438754e-01,6.595288892496826705e-01,6.685277877827801030e-01,1.000000000000003109e+00
1.000000000000004885e+00,8.840230210265676014e-01,8.973951358426777158e-01,8.757051900804645461e-01,8.220576777999387685e-01,7.713950231206652131e-01,7.210729905712337517e-01,7.177202597007038554e-01,7.324856776616008869e-01,7.896357147077357475e-01,8.405881284557543687e-01,8.868613847799107219e-01,8.976262836095241227e-01,8.728115794053219467e-01,8.273641890564920054e-01,7.642012103765343234e-01,7.294480509112293287e-01,7.089775400055369214e-01,7.405846298630487379e-01,7.824333404093135602e-01,8.840230210265676014e-01,1.000000000000004885e+00,9.396442234991280174e-01,9.161790885510611160e-01,8.684379958090077123e-01,8.086701782228482571e-01,7.697674531761291572e-01,7.538035804123514039e-01,7.811377816423197284e-01,8.269922116566006398e-01,8.868613847969486486e-01,9.274696505751784947e-01,9.400932548674865163e-01,9.174080789186543905e-01,8.660515803933975798e-01,8.119989033621655139e-01,7.658287803503938118e-01,7.579656305052662191e-01,7.771532085655483701e-01,8.303240208883408968e-01,8.973951358426777158e-01,9.396442234991280174e-01,1.000000000000004885e+00,9.280515389614693023e-01,8.795010474429305614e-01,8.218117423677815392e-01,7.801525986339026275e-01,7.673876636416055996e-01,7.913975014948239073e-01,8.403773944175413346e-01,8.976262836281101443e-01,9.400932548689482360e-01,9.518017106362395285e-01,9.289985598577197301e-01,8.787816240375709853e-01,8.226794871731810677e-01,7.792683135207502110e-01,7.682085698587204359e-01,7.907205439382634093e-01,8.408375040077372686e-01,8.757051900804645461e-01,9.161790885510611160e-01,9.280515389614693023e-01,1.000000000000004885e+00,8.536729789198904683e-01,8.013707776426635121e-01,7.536360738413335758e-01,7.473976851993127113e-01,7.651646532552218716e-01,8.194951537968000466e-01,8.728115794283513029e-01,9.174080789216727538e-01,9.289985598643211162e-01,9.042902887945394319e-01,8.578150961828590049e-01,7.965009119300852092e-01,7.592619652483204584e-01,7.416743924233553109e-01,7.704315802589547513e-01,8.152015276013735434e-01,8.220576777999387685e-01,8.684379958090077123e-01,8.795010474429305614e-01,8.536729789198904683e-01,1.000000000000004885e+00,7.449186252525398233e-01,7.116313866305682412e-01,6.899517783784987479e-01,7.229167015346831260e-01,7.639475364335470697e-01,8.273641890855103487e-01,8.660515803987675065e-01,8.787816240441570503e-01,8.578150961831318977e-01,8.030831332858419103e-01,7.537325274992419111e-01,7.019943779737427558e-01,7.000223524742399395e-01,7.135767401529962140e-01,7.716486970906224485e-01,7.713950231206652131e-01,8.086701782228482571e-01,8.218117423677815392e-01,8.013707776426635121e-01,7.449186252525398233e-01,1.000000000000004885e+00,6.433289446466108341e-01,6.445602716557463641e-01,6.550840923044889408e-01,7.160605513467415140e-01,7.642012104076927326e-01,8.119989033711101367e-01,8.226794871862712633e-01,7.965009119372341573e-01,7.537325275060116070e-01,6.868379376298316963e-01,6.565068574314341099e-01,6.313603059815793284e-01,6.675881674743748828e-01,7.057077048573243694e-01,7.210729905712337517e-01,7.697674531761291572e-01,7.801525986339026275e-01,7.536360738413335758e-01,7.116313866305682412e-01,6.433289446466108341e-01,1.000000000000004885e+00,5.877077421816470082e-01,6.257763189671448067e-01,6.623512866088818729e-01,7.294480509368238552e-01,7.658287803581625974e-01,7.792683135274743877e-01,7.592619652507327510e-01,7.019943779736429468e-01,6.565068574240258137e-01,5.999564155340191274e-01,6.032749873424267939e-01,6.115785107057023495e-01,6.743481664931099129e-01,7.177202597007038554e-01,7.538035804123514039e-01,7.673876636416055996e-01,7.473976851993127113e-01,6.899517783784987479e-01,6.445602716557463641e-01,5.877077421816470082e-01,1.000000000000004885e+00,5.993004266987984607e-01,6.624543600767619500e-01,7.089775400316757903e-01,7.579656305172510766e-01,7.682085698643221772e-01,7.416743924296227419e-01,7.000223524719018098e-01,6.313603059797583406e-01,6.032749873504713589e-01,5.756243554354486536e-01,6.143696823473563384e-01,6.502049655581209064e-01,7.324856776616008869e-01,7.811377816423197284e-01,7.913975014948239073e-01,7.651646532552218716e-01,7.229167015346831260e-01,6.550840923044889408e-01,6.257763189671448067e-01,5.993004266987984607e-01,1.000000000000004885e+00,6.736789867580760260e-01,7.405846298728716581e-01,7.771532085614716312e-01,7.907205439288444992e-01,7.704315802517640588e-01,7.135767401391783782e-01,6.675881674541308541e-01,6.115785106918387726e-01,6.143696823290598630e-01,6.231357772916127358e-01,6.855531460197080706e-01,7.896357147077357475e-01,8.269922116566006398e-01,8.403773944175413346e-01,8.194951537968000466e-01,7.639475364335470697e-01,7.160605513467415140e-01,6.623512866088818729e-01,6.624543600767619500e-01,6.736789867580760260e-01,1.000000000000004885e+00,7.824333404389989255e-01,8.303240209041963249e-01,8.408375040216289342e-01,8.152015276103805608e-01,7.716486971047524790e-01,7.057077048614154302e-01,6.743481665159893890e-01,6.502049655654494886e-01,6.855531460377068953e-01,7.243429328086861130e-01,8.405881284557543687e-01,8.868613847969486486e-01,8.976262836281101443e-01,8.728115794283513029e-01,8.273641890855103487e-01,7.642012104076927326e-01,7.294480509368238552e-01,7.089775400316757903e-01,7.405846298728716581e-01,7.824333404389989255e-01,1.000000000000004885e+00,8.840230210393449362e-01,8.973951358576544024e-01,8.757051900892978136e-01,8.220576778088564129e-01,7.713950231116661893e-01,7.210729905760951963e-01,7.177202596995991835e-01,7.324856776839315797e-01,7.896357147098377327e-01,8.868613847799107219e-01,9.274696505751784947e-01,9.400932548689482360e-01,9.174080789216727538e-01,8.660515803987675065e-01,8.119989033711101367e-01,7.658287803581625974e-01,7.579656305172510766e-01,7.771532085614716312e-01,8.303240209041963249e-01,8.840230210393449362e-01,1.000000000000004885e+00,9.396442234933137794e-01,9.161790885454274003e-01,8.684379958036844149e-01,8.086701782118946857e-01,7.697674531745833937e-01,7.538035804055994715e-01,7.811377816474254221e-01,8.269922116393131351e-01,8.976262836095241227e-01,9.400932548674865163e-01,9.518017106362395285e-01,9.289985598643211162e-01,8.787816240441570503e-01,8.226794871862712633e-01,7.792683135274743877e-01,7.682085698643221772e-01,7.907205439288444992e-01,8.408375040216289342e-01,8.973951358576544024e-01,9.396442234933137794e-01,1.000000000000004885e+00,9.280515389526151626e-01,8.795010474335314132e-01,8.218117423527120380e-01,7.801525986217598962e-01,7.673876636283136765e-01,7.913975014978573697e-01,8.403773944017304265e-01,8.728115794053219467e-01,9.174080789186543905e-01,9.289985598577197301e-01,9.042902887945394319e-01,8.578150961831318977e-01,7.965009119372341573e-01,7.592619652507327510e-01,7.416743924296227419e-01,7.704315802517640588e-01,8.152015276103805608e-01,8.757051900892978136e-01,9.161790885454274003e-01,9.280515389526151626e-01,1.000000000000004885e+00,8.536729789041369587e-01,8.013707776245767578e-01,7.536360738269218817e-01,7.473976851854665648e-01,7.651646532535216760e-01,8.194951537777031003e-01,8.273641890564920054e-01,8.660515803933975798e-01,8.787816240375709853e-01,8.578150961828590049e-01,8.030831332858419103e-01,7.537325275060116070e-01,7.019943779736429468e-01,7.000223524719018098e-01,7.135767401391783782e-01,7.716486971047524790e-01,8.220576778088564129e-01,8.684379958036844149e-01,8.795010474335314132e-01,8.536729789041369587e-01,1.000000000000004885e+00,7.449186252337223202e-01,7.116313866147334632e-01,6.899517783607399535e-01,7.229167015279731601e-01,7.639475364100976051e-01,7.642012103765343234e-01,8.119989033621655139e-01,8.226794871731810677e-01,7.965009119300852092e-01,7.537325274992419111e-01,6.868379376298316963e-01,6.565068574240258137e-01,6.313603059797583406e-01,6.675881674541308541e-01,7.057077048614154302e-01,7.713950231116661893e-01,8.086701782118946857e-01,8.218117423527120380e-01,8.013707776245767578e-01,7.449186252337223202e-01,1.000000000000004885e+00,6.433289446272983936e-01,6.445602716344480676e-01,6.550840922968810265e-01,7.160605513246135478e-01,7.294480509112293287e-01,7.658287803503938118e-01,7.792683135207502110e-01,7.592619652483204584e-01,7.019943779737427558e-01,6.565068574314341099e-01,5.999564155340191274e-01,6.032749873504713589e-01,6.115785106918387726e-01,6.743481665159893890e-01,7.210729905760951963e-01,7.697674531745833937e-01,7.801525986217598962e-01,7.536360738269218817e-01,7.116313866147334632e-01,6.433289446272983936e-01,1.000000000000004885e+00,5.877077421623466691e-01,6.257763189638660961e-01,6.623512865842000608e-01,7.089775400055369214e-01,7.579656305052662191e-01,7.682085698587204359e-01,7.416743924233553109e-01,7.000223524742399395e-01,6.313603059815793284e-01,6.032749873424267939e-01,5.756243554354486536e-01,6.143696823290598630e-01,6.502049655654494886e-01,7.177202596995991835e-01,7.538035804055994715e-01,7.673876636283136765e-01,7.473976851854665648e-01,6.899517783607399535e-01,6.445602716344480676e-01,5.877077421623466691e-01,1.000000000000004885e+00,5.993004266951283965e-01,6.624543600502336149e-01,7.405846298630487379e-01,7.771532085655483701e-01,7.907205439382634093e-01,7.704315802589547513e-01,7.135767401529962140e-01,6.675881674743748828e-01,6.115785107057023495e-01,6.143696823473563384e-01,6.231357772916127358e-01,6.855531460377068953e-01,7.324856776839315797e-01,7.811377816474254221e-01,7.913975014978573697e-01,7.651646532535216760e-01,7.229167015279731601e-01,6.550840922968810265e-01,6.257763189638660961e-01,5.993004266951283965e-01,1.000000000000004885e+00,6.736789867483262695e-01,7.824333404093135602e-01,8.303240208883408968e-01,8.408375040077372686e-01,8.152015276013735434e-01,7.716486970906224485e-01,7.057077048573243694e-01,6.743481664931099129e-01,6.502049655581209064e-01,6.855531460197080706e-01,7.243429328086861130e-01,7.896357147098377327e-01,8.269922116393131351e-01,8.403773944017304265e-01,8.194951537777031003e-01,7.639475364100976051e-01,7.160605513246135478e-01,6.623512865842000608e-01,6.624543600502336149e-01,6.736789867483262695e-01,1.000000000000004885e+00
1.000000000000020872e+00,8.893007565291610739e-01,8.994890942600288763e-01,8.752361000255182155e-01,8.196554181786585014e-01,7.695382403437713847e-01,7.209342009968158216e-01,7.207913754413183272e-01,7.382750415381073017e-01,7.970785917874454451e-01,8.478608796761831767e-01,8.919823269115875197e-01,8.999871983621056115e-01,8.720324087661293078e-01,8.252840047446885485e-01,7.620424733103623449e-01,7.295614119934332731e-01,7.118704438987542016e-01,7.464537800688513247e-01,7.898525331344599110e-01,8.893007565291610739e-01,1.000000000000020872e+00,9.398934655382827907e-01,9.135270693614756521e-01,8.642005857309595918e-01,8.047005100470002725e-01,7.676970332231543015e-01,7.548764340768131520e-01,7.848744439375846538e-01,8.325526035454436924e-01,8.919823269195273907e-01,9.307808544271032325e-01,9.402630994811670417e-01,9.148211028220842866e-01,8.618159249388843701e-01,8.079627444884996956e-01,7.638836804373978495e-01,7.588666109216650746e-01,7.810908948744618163e-01,8.356727763744706827e-01,8.994890942600288763e-01,9.398934655382827907e-01,1.000000000000020872e+00,9.223059649129066173e-01,8.724246722723929537e-01,8.145996713966856539e-01,7.753953111166764778e-01,7.651275405230929527e-01,7.924748605715719041e-01,8.426433781699920189e-01,8.999871983628053851e-01,9.402630994737380954e-01,9.490211505920834734e-01,9.234792953576429486e-01,8.713882695708361492e-01,8.158962762324140083e-01,7.740205114026712518e-01,7.664531731214930810e-01,7.913285106867702368e-01,8.434910229001850723e-01,8.752361000255182155e-01,9.135270693614756521e-01,9.223059649129066173e-01,1.000000000000020872e+00,8.432560821210508539e-01,7.918816217117137235e-01,7.453792204425238044e-01,7.429334113571004483e-01,7.628112211331192771e-01,8.193681595153654573e-01,8.720324087752620024e-01,9.148211028213589779e-01,9.234792953677706251e-01,8.956145950420852930e-01,8.480417572913256929e-01,7.862785647159298286e-01,7.518132077451720185e-01,7.364220849033239480e-01,7.687694925327093198e-01,8.145477689257445419e-01,8.196554181786585014e-01,8.642005857309595918e-01,8.724246722723929537e-01,8.432560821210508539e-01,1.000000000000020872e+00,7.329381855687380209e-01,7.026626254004056937e-01,6.829790923969598637e-01,7.197141531156567851e-01,7.616328303143022893e-01,8.252840047509092392e-01,8.618159249320864745e-01,8.713882695740262641e-01,8.480417572835765583e-01,7.909606767407548755e-01,7.427650607549536321e-01,6.920010027145910847e-01,6.940442735017092746e-01,7.095287859755734505e-01,7.699478833383577303e-01,7.695382403437713847e-01,8.047005100470002725e-01,8.145996713966856539e-01,7.918816217117137235e-01,7.329381855687380209e-01,1.000000000000020872e+00,6.334899621820144766e-01,6.388463075081750597e-01,6.512340152821931571e-01,7.146065038629286770e-01,7.620424733192048272e-01,8.079627444860397745e-01,8.158962762410343350e-01,7.862785647153212043e-01,7.427650607616002043e-01,6.750336354366290870e-01,6.478613256328146219e-01,6.245664078858081947e-01,6.646552429158233410e-01,7.036129407305810046e-01,7.209342009968158216e-01,7.676970332231543015e-01,7.753953111166764778e-01,7.453792204425238044e-01,7.026626254004056937e-01,6.334899621820144766e-01,1.000000000000020872e+00,5.828972531705196580e-01,6.248083324200937039e-01,6.622695295791426462e-01,7.295614120014392023e-01,7.638836804355104704e-01,7.740205114073778203e-01,7.518132077447192696e-01,6.920010027173266742e-01,6.478613256296542611e-01,5.921136606919203960e-01,5.995805530634619185e-01,6.097325034431133606e-01,6.748717267418351540e-01,7.207913754413183272e-01,7.548764340768131520e-01,7.651275405230929527e-01,7.429334113571004483e-01,6.829790923969598637e-01,6.388463075081750597e-01,5.828972531705196580e-01,1.000000000000020872e+00,6.004847537931148338e-01,6.659107294996778892e-01,7.118704439084142521e-01,7.588666109255364223e-01,7.664531731281919447e-01,7.364220849064224694e-01,6.940442735070144753e-01,6.245664078883732540e-01,5.995805530705822228e-01,5.738733645112124027e-01,6.163643571869192872e-01,6.531653366769644142e-01,7.382750415381073017e-01,7.848744439375846538e-01,7.924748605715719041e-01,7.628112211331192771e-01,7.197141531156567851e-01,6.512340152821931571e-01,6.248083324200937039e-01,6.004847537931148338e-01,1.000000000000020872e+00,6.795346365911585362e-01,7.464537800677210067e-01,7.810908948675254759e-01,7.913285106846142947e-01,7.687694925266297385e-01,7.095287859725708524e-01,6.646552429026800768e-01,6.097325034362300888e-01,6.163643571741521665e-01,6.272799200786030038e-01,6.918018952568092406e-01,7.970785917874454451e-01,8.325526035454436924e-01,8.426433781699920189e-01,8.193681595153654573e-01,7.616328303143022893e-01,7.146065038629286770e-01,6.622695295791426462e-01,6.659107294996778892e-01,6.795346365911585362e-01,1.000000000000020872e+00,7.898525331437187269e-01,8.356727763770549489e-01,8.434910229088408151e-01,8.145477689262201615e-01,7.699478833492721108e-01,7.036129407328342023e-01,6.748717267527772901e-01,6.531653366775251879e-01,6.918018952655309306e-01,7.319338383727740371e-01,8.478608796761831767e-01,8.919823269195273907e-01,8.999871983628053851e-01,8.720324087752620024e-01,8.252840047509092392e-01,7.620424733192048272e-01,7.295614120014392023e-01,7.118704439084142521e-01,7.464537800677210067e-01,7.898525331437187269e-01,1.000000000000020872e+00,8.893007565298328698e-01,8.994890942687286950e-01,8.752361000238251254e-01,8.196554181850663756e-01,7.695382403358311807e-01,7.209342009972462550e-01,7.207913754345602886e-01,7.382750415476206918e-01,7.970785917872447168e-01,8.919823269115875197e-01,9.307808544271032325e-01,9.402630994737380954e-01,9.148211028213589779e-01,8.618159249320864745e-01,8.079627444860397745e-01,7.638836804355104704e-01,7.588666109255364223e-01,7.810908948675254759e-01,8.356727763770549489e-01,8.893007565298328698e-01,1.000000000000020872e+00,9.398934655385349224e-01,9.135270693542214548e-01,8.642005857324166485e-01,8.047005100431885438e-01,7.676970332238766126e-01,7.548764340701747955e-01,7.848744439389376826e-01,8.325526035365622413e-01,8.999871983621056115e-01,9.402630994811670417e-01,9.490211505920834734e-01,9.234792953677706251e-01,8.713882695740262641e-01,8.158962762410343350e-01,7.740205114073778203e-01,7.664531731281919447e-01,7.913285106846142947e-01,8.434910229088408151e-01,8.994890942687286950e-01,9.398934655385349224e-01,1.000000000000020872e+00,9.223059649127263171e-01,8.724246722775463869e-01,8.145996713953105317e-01,7.753953111162578127e-01,7.651275405217967673e-01,7.924748605802781620e-01,8.426433781700297665e-01,8.720324087661293078e-01,9.148211028220842866e-01,9.234792953576429486e-01,8.956145950420852930e-01,8.480417572835765583e-01,7.862785647153212043e-01,7.518132077447192696e-01,7.364220849064224694e-01,7.687694925266297385e-01,8.145477689262201615e-01,8.752361000238251254e-01,9.135270693542214548e-01,9.223059649127263171e-01,1.000000000000020872e+00,8.432560821186063649e-01,7.918816217047567330e-01,7.453792204367946095e-01,7.429334113495811298e-01,7.628112211330626558e-01,8.193681595068633694e-01,8.252840047446885485e-01,8.618159249388843701e-01,8.713882695708361492e-01,8.480417572913256929e-01,7.909606767407548755e-01,7.427650607616002043e-01,6.920010027173266742e-01,6.940442735070144753e-01,7.095287859725708524e-01,7.699478833492721108e-01,8.196554181850663756e-01,8.642005857324166485e-01,8.724246722775463869e-01,8.432560821186063649e-01,1.000000000000020872e+00,7.329381855674184099e-01,7.026626254007195538e-01,6.829790923934224711e-01,7.197141531201050046e-01,7.616328303112194220e-01,7.620424733103623449e-01,8.079627444884996956e-01,8.158962762324140083e-01,7.862785647159298286e-01,7.427650607549536321e-01,6.750336354366290870e-01,6.478613256296542611e-01,6.245664078883732540e-01,6.646552429026800768e-01,7.036129407328342023e-01,7.695382403358311807e-01,8.047005100431885438e-01,8.145996713953105317e-01,7.918816217047567330e-01,7.329381855674184099e-01,1.000000000000020872e+00,6.334899621773720790e-01,6.388463075004016112e-01,6.512340152834770191e-01,7.146065038599116459e-01,7.295614119934332731e-01,7.638836804373978495e-01,7.740205114026712518e-01,7.518132077451720185e-01,6.920010027145910847e-01,6.478613256328146219e-01,5.921136606919203960e-01,5.995805530705822228e-01,6.097325034362300888e-01,6.748717267527772901e-01,7.209342009972462550e-01,7.676970332238766126e-01,7.753953111162578127e-01,7.453792204367946095e-01,7.026626254007195538e-01,6.334899621773720790e-01,1.000000000000020872e+00,5.828972531633256349e-01,6.248083324228281832e-01,6.622695295724198017e-01,7.118704438987542016e-01,7.588666109216650746e-01,7.664531731214930810e-01,7.364220849033239480e-01,6.940442735017092746e-01,6.245664078858081947e-01,5.995805530634619185e-01,5.738733645112124027e-01,6.163643571741521665e-01,6.531653366775251879e-01,7.207913754345602886e-01,7.548764340701747955e-01,7.651275405217967673e-01,7.429334113495811298e-01,6.829790923934224711e-01,6.388463075004016112e-01,5.828972531633256349e-01,1.000000000000020872e+00,6.004847537926306655e-01,6.659107294890121986e-01,7.464537800688513247e-01,7.810908948744618163e-01,7.913285106867702368e-01,7.687694925327093198e-01,7.095287859755734505e-01,6.646552429158233410e-01,6.097325034431133606e-01,6.163643571869192872e-01,6.272799200786030038e-01,6.918018952655309306e-01,7.382750415476206918e-01,7.848744439389376826e-01,7.924748605802781620e-01,7.628112211330626558e-01,7.197141531201050046e-01,6.512340152834770191e-01,6.248083324228281832e-01,6.004847537926306655e-01,1.000000000000020872e+00,6.795346365908334629e-01,7.898525331344599110e-01,8.356727763744706827e-01,8.434910229001850723e-01,8.145477689257445419e-01,7.699478833383577303e-01,7.036129407305810046e-01,6.748717267418351540e-01,6.531653366769644142e-01,6.918018952568092406e-01,7.319338383727740371e-01,7.970785917872447168e-01,8.325526035365622413e-01,8.426433781700297665e-01,8.193681595068633694e-01,7.616328303112194220e-01,7.146065038599116459e-01,6.622695295724198017e-01,6.659107294890121986e-01,6.795346365908334629e-01,1.000000000000020872e+00
