9.999999999999987788e-01,4.918337015580081517e-01,4.848352794126584708e-01,5.096238048492197636e-01,5.103878479344381436e-01,5.059325425531977505e-01,4.847082286499028170e-01,4.956926452286309903e-01,4.918337015580081517e-01,9.999999999999987788e-01,4.579996757264136464e-01,4.853287249454172336e-01,5.059325425536840282e-01,4.727254735239926897e-01,4.735686949050192940e-01,4.842147831235946720e-01,4.848352794126584708e-01,4.579996757264136464e-01,9.999999999999987788e-01,4.618586193946557783e-01,4.847082286527640838e-01,4.735686949205021312e-01,4.427747218755377911e-01,4.772599572685333746e-01,5.096238048492197636e-01,4.853287249454172336e-01,4.618586193946557783e-01,9.999999999999987788e-01,4.956926451964184244e-01,4.842147831312341721e-01,4.772599572454707118e-01,4.804370963076616263e-01,5.103878479344381436e-01,5.059325425536840282e-01,4.847082286527640838e-01,4.956926451964184244e-01,9.999999999999987788e-01,4.918337015355866981e-01,4.848352793891829715e-01,5.096238048425819622e-01,5.059325425531977505e-01,4.727254735239926897e-01,4.735686949205021312e-01,4.842147831312341721e-01,4.918337015355866981e-01,9.999999999999987788e-01,4.579996757236736715e-01,4.853287249307585705e-01,4.847082286499028170e-01,4.735686949050192940e-01,4.427747218755377911e-01,4.772599572454707118e-01,4.848352793891829715e-01,4.579996757236736715e-01,9.999999999999987788e-01,4.618586193882214808e-01,4.956926452286309903e-01,4.842147831235946720e-01,4.772599572685333746e-01,4.804370963076616263e-01,5.096238048425819622e-01,4.853287249307585705e-01,4.618586193882214808e-01,9.999999999999987788e-01
1.000000000000001110e+00,4.863409872809227874e-01,4.839950969555201765e-01,5.063897656179886519e-01,5.020355384235856144e-01,5.014670978656978750e-01,4.838156247843593549e-01,4.915007331565557358e-01,4.863409872809227874e-01,1.000000000000001110e+00,4.595377868210482886e-01,4.843715106310202412e-01,5.014670978647304267e-01,4.700987740052972041e-01,4.758954408366774524e-01,4.834392111200439546e-01,4.839950969555201765e-01,4.595377868210482886e-01,1.000000000000001110e+00,4.646975326926162664e-01,4.838156247869584980e-01,4.758954408579221251e-01,4.484730482606709701e-01,4.808181086805355386e-01,5.063897656179886519e-01,4.843715106310202412e-01,4.646975326926162664e-01,1.000000000000001110e+00,4.915007331132230650e-01,4.834392111284214755e-01,4.808181086519489056e-01,4.804098127101602000e-01,5.020355384235856144e-01,5.014670978647304267e-01,4.838156247869584980e-01,4.915007331132230650e-01,1.000000000000001110e+00,4.863409872507450937e-01,4.839950969258803304e-01,5.063897656085578625e-01,5.014670978656978750e-01,4.700987740052972041e-01,4.758954408579221251e-01,4.834392111284214755e-01,4.863409872507450937e-01,1.000000000000001110e+00,4.595377868182324299e-01,4.843715106126050829e-01,4.838156247843593549e-01,4.758954408366774524e-01,4.484730482606709701e-01,4.808181086519489056e-01,4.839950969258803304e-01,4.595377868182324299e-01,1.000000000000001110e+00,4.646975326864316025e-01,4.915007331565557358e-01,4.834392111200439546e-01,4.808181086805355386e-01,4.804098127101602000e-01,5.063897656085578625e-01,4.843715106126050829e-01,4.646975326864316025e-01,1.000000000000001110e+00
1.000000000000002665e+00,4.676476916749031654e-01,4.828421089609514771e-01,4.781989304592915158e-01,4.543095605747827226e-01,4.845342535004272810e-01,4.830871782504392309e-01,4.609883281812997557e-01,4.676476916749031654e-01,1.000000000000002665e+00,4.871682549105833537e-01,4.826054583143490895e-01,4.845342534426354542e-01,4.804678780913637648e-01,5.031049581637988544e-01,4.833238290028747386e-01,4.828421089609514771e-01,4.871682549105833537e-01,1.000000000000002665e+00,4.805088914842287617e-01,4.830871783915927087e-01,5.031049580481972150e-01,4.933184621396329295e-01,4.967696351764728790e-01,4.781989304592915158e-01,4.826054583143490895e-01,4.805088914842287617e-01,1.000000000000002665e+00,4.609883282969218232e-01,4.833238289981671709e-01,4.967696352130420157e-01,4.671601446206504193e-01,4.543095605747827226e-01,4.845342534426354542e-01,4.830871783915927087e-01,4.609883282969218232e-01,1.000000000000002665e+00,4.676476916442176002e-01,4.828421089016153300e-01,4.781989305601739293e-01,4.845342535004272810e-01,4.804678780913637648e-01,5.031049580481972150e-01,4.833238289981671709e-01,4.676476916442176002e-01,1.000000000000002665e+00,4.871682547894882198e-01,4.826054581921873643e-01,4.830871782504392309e-01,5.031049581637988544e-01,4.933184621396329295e-01,4.967696352130420157e-01,4.828421089016153300e-01,4.871682547894882198e-01,1.000000000000002665e+00,4.805088913790095395e-01,4.609883281812997557e-01,4.833238290028747386e-01,4.967696351764728790e-01,4.671601446206504193e-01,4.781989305601739293e-01,4.826054581921873643e-01,4.805088913790095395e-01,1.000000000000002665e+00
1.000000000000003109e+00,4.743129678558505313e-01,4.821044695033104288e-01,4.997742762752685475e-01,4.842197556505041245e-01,4.918299696371102314e-01,4.817778271042758020e-01,4.826896187178479902e-01,4.743129678558505313e-01,1.000000000000003109e+00,4.623308559977251653e-01,4.821747658973163375e-01,4.918299696323212844e-01,4.638778950783459809e-01,4.804662905564737740e-01,4.817075307421018193e-01,4.821044695033104288e-01,4.623308559977251653e-01,1.000000000000003109e+00,4.707075068557249886e-01,4.817778271097941101e-01,4.804662906002049594e-01,4.602754273532434492e-01,4.884105973620650465e-01,4.997742762752685475e-01,4.821747658973163375e-01,4.707075068557249886e-01,1.000000000000003109e+00,4.826896186500140296e-01,4.817075307589296362e-01,4.884105973235139952e-01,4.806172879915868723e-01,4.842197556505041245e-01,4.918299696323212844e-01,4.817778271097941101e-01,4.826896186500140296e-01,1.000000000000003109e+00,4.743129678070854283e-01,4.821044694588750290e-01,4.997742762532566552e-01,4.918299696371102314e-01,4.638778950783459809e-01,4.804662906002049594e-01,4.817075307589296362e-01,4.743129678070854283e-01,1.000000000000003109e+00,4.623308559960838116e-01,4.821747658642631107e-01,4.817778271042758020e-01,4.804662905564737740e-01,4.602754273532434492e-01,4.884105973235139952e-01,4.821044694588750290e-01,4.623308559960838116e-01,1.000000000000003109e+00,4.707075068457501343e-01,4.826896187178479902e-01,4.817075307421018193e-01,4.884105973620650465e-01,4.806172879915868723e-01,4.997742762532566552e-01,4.821747658642631107e-01,4.707075068457501343e-01,1.000000000000003109e+00
9.999999999999995559e-01,4.677269333123224571e-01,4.810390263731955107e-01,4.964035769177992941e-01,4.747220975501091900e-01,4.866383291617821794e-01,4.806114478716064786e-01,4.780587487897260957e-01,4.677269333123224571e-01,9.999999999999995559e-01,4.635417352814936165e-01,4.809118386116323363e-01,4.866383291561975355e-01,4.602171793190596993e-01,4.826826355204023589e-01,4.807386356828925456e-01,4.810390263731955107e-01,4.635417352814936165e-01,9.999999999999995559e-01,4.738735507548201831e-01,4.806114478792385958e-01,4.826826355779377242e-01,4.663586755355721425e-01,4.924478834918811776e-01,4.964035769177992941e-01,4.809118386116323363e-01,4.738735507548201831e-01,9.999999999999995559e-01,4.780587487110387057e-01,4.807386357044399205e-01,4.924478834515206294e-01,4.808635938578972868e-01,4.747220975501091900e-01,4.866383291561975355e-01,4.806114478792385958e-01,4.780587487110387057e-01,9.999999999999995559e-01,4.677269332529876977e-01,4.810390263239017750e-01,4.964035768866879028e-01,4.866383291617821794e-01,4.602171793190596993e-01,4.826826355779377242e-01,4.807386357044399205e-01,4.677269332529876977e-01,9.999999999999995559e-01,4.635417352799686697e-01,4.809118385680566932e-01,4.806114478716064786e-01,4.826826355204023589e-01,4.663586755355721425e-01,4.924478834515206294e-01,4.810390263239017750e-01,4.635417352799686697e-01,9.999999999999995559e-01,4.738735507461802055e-01,4.780587487897260957e-01,4.807386356828925456e-01,4.924478834918811776e-01,4.808635938578972868e-01,4.964035768866879028e-01,4.809118385680566932e-01,4.738735507461802055e-01,9.999999999999995559e-01
1.000000000000000888e+00,4.607225338838749629e-01,4.798818839199718300e-01,4.929997576927035441e-01,4.648077355646144104e-01,4.811856240075718105e-01,4.793299059807000218e-01,4.732689356714553375e-01,4.607225338838749629e-01,1.000000000000000888e+00,4.645936794944410253e-01,4.795207396070589878e-01,4.811856240463536216e-01,4.561397131680114403e-01,4.848308309969013297e-01,4.796910503692303207e-01,4.798818839199718300e-01,4.645936794944410253e-01,1.000000000000000888e+00,4.771400812710198114e-01,4.793299059937327633e-01,4.848308310444560121e-01,4.725435710906175646e-01,4.966449649524505294e-01,4.929997576927035441e-01,4.795207396070589878e-01,4.771400812710198114e-01,1.000000000000000888e+00,4.732689356067428799e-01,4.796910503639237877e-01,4.966449649108087838e-01,4.812115935921310594e-01,4.648077355646144104e-01,4.811856240463536216e-01,4.793299059937327633e-01,4.732689356067428799e-01,1.000000000000000888e+00,4.607225338045265461e-01,4.798818838951028343e-01,4.929997576714836849e-01,4.811856240075718105e-01,4.561397131680114403e-01,4.848308310444560121e-01,4.796910503639237877e-01,4.607225338045265461e-01,1.000000000000000888e+00,4.645936794741842846e-01,4.795207395459589739e-01,4.793299059807000218e-01,4.848308309969013297e-01,4.725435710906175646e-01,4.966449649108087838e-01,4.798818838951028343e-01,4.645936794741842846e-01,1.000000000000000888e+00,4.771400813109434313e-01,4.732689356714553375e-01,4.796910503692303207e-01,4.966449649524505294e-01,4.812115935921310594e-01,4.929997576714836849e-01,4.795207395459589739e-01,4.771400813109434313e-01,1.000000000000000888e+00
9.999999999999982236e-01,4.804984653880186585e-01,4.779180970584984145e-01,4.868912443331377404e-01,4.788099001824089873e-01,5.009982860266591898e-01,4.786229048392993679e-01,4.654552286707887010e-01,4.804984653880186585e-01,9.999999999999982236e-01,4.683126339155033735e-01,4.785559670713691593e-01,5.009982860242089275e-01,4.816649291652920772e-01,4.895708229016809687e-01,4.779850348314102493e-01,4.779180970584984145e-01,4.683126339155033735e-01,9.999999999999982236e-01,4.532693971945265243e-01,4.786229048662926644e-01,4.895708229273925682e-01,4.544585050177434860e-01,4.754637812151068510e-01,4.868912443331377404e-01,4.785559670713691593e-01,4.532693971945265243e-01,9.999999999999982236e-01,4.654552286857740473e-01,4.779850348356101675e-01,4.754637812414059805e-01,4.516034760337169773e-01,4.788099001824089873e-01,5.009982860242089275e-01,4.786229048662926644e-01,4.654552286857740473e-01,9.999999999999982236e-01,4.804984654221247098e-01,4.779180970656399241e-01,4.868912443398333290e-01,5.009982860266591898e-01,4.816649291652920772e-01,4.895708229273925682e-01,4.779850348356101675e-01,4.804984654221247098e-01,9.999999999999982236e-01,4.683126339188867227e-01,4.785559670827947976e-01,4.786229048392993679e-01,4.895708229016809687e-01,4.544585050177434860e-01,4.754637812414059805e-01,4.779180970656399241e-01,4.683126339188867227e-01,9.999999999999982236e-01,4.532693971873428262e-01,4.654552286707887010e-01,4.779850348314102493e-01,4.754637812151068510e-01,4.516034760337169773e-01,4.868912443398333290e-01,4.785559670827947976e-01,4.532693971873428262e-01,9.999999999999982236e-01
1.000000000000000222e+00,4.839364827947678638e-01,4.763585135565813200e-01,4.888414869178940858e-01,4.851321354910522188e-01,5.055012565227213761e-01,4.772506027257132910e-01,4.660901597190172385e-01,4.839364827947678638e-01,1.000000000000000222e+00,4.631811904808319502e-01,4.773233084556347539e-01,5.055012565247977152e-01,4.822255685096777933e-01,4.861259271298963291e-01,4.762858078237511283e-01,4.763585135565813200e-01,4.631811904808319502e-01,1.000000000000000222e+00,4.453348674036322619e-01,4.772506027257299999e-01,4.861259271283849825e-01,4.436558307097602238e-01,4.694661575193394554e-01,4.888414869178940858e-01,4.773233084556347539e-01,4.453348674036322619e-01,1.000000000000000222e+00,4.660901597166599020e-01,4.762858078228959235e-01,4.694661575258342601e-01,4.465623976912153070e-01,4.851321354910522188e-01,5.055012565247977152e-01,4.772506027257299999e-01,4.660901597166599020e-01,1.000000000000000222e+00,4.839364827948404724e-01,4.763585135533842108e-01,4.888414869159241061e-01,5.055012565227213761e-01,4.822255685096777933e-01,4.861259271283849825e-01,4.762858078228959235e-01,4.839364827948404724e-01,1.000000000000000222e+00,4.631811904810908542e-01,4.773233084594503683e-01,4.772506027257132910e-01,4.861259271298963291e-01,4.436558307097602238e-01,4.694661575258342601e-01,4.763585135533842108e-01,4.631811904810908542e-01,1.000000000000000222e+00,4.453348674043531297e-01,4.660901597190172385e-01,4.762858078237511283e-01,4.694661575193394554e-01,4.465623976912153070e-01,4.888414869159241061e-01,4.773233084594503683e-01,4.453348674043531297e-01,1.000000000000000222e+00
9.999999999999987788e-01,4.874374906710586819e-01,4.746308110738753361e-01,4.906561564241972428e-01,4.914784783165920268e-01,5.101435006148186124e-01,4.757519371069721115e-01,4.664568228809986006e-01,4.874374906710586819e-01,9.999999999999987788e-01,4.578644831881162891e-01,4.759815078777698827e-01,5.101435006392279758e-01,4.828931459499314349e-01,4.826753865331507853e-01,4.744012403100902331e-01,4.746308110738753361e-01,4.578644831881162891e-01,9.999999999999987788e-01,4.368838153999092810e-01,4.757519371138761444e-01,4.826753865416949507e-01,4.323806988485177083e-01,4.631880423289278514e-01,4.906561564241972428e-01,4.759815078777698827e-01,4.368838153999092810e-01,9.999999999999987788e-01,4.664568228797894012e-01,4.744012403061580452e-01,4.631880423268170399e-01,4.409660312152867689e-01,4.914784783165920268e-01,5.101435006392279758e-01,4.757519371138761444e-01,4.664568228797894012e-01,9.999999999999987788e-01,4.874374906568465504e-01,4.746308110701418226e-01,4.906561564114928498e-01,5.101435006148186124e-01,4.828931459499314349e-01,4.826753865416949507e-01,4.744012403061580452e-01,4.874374906568465504e-01,9.999999999999987788e-01,4.578644831782748836e-01,4.759815078706709501e-01,4.757519371069721115e-01,4.826753865331507853e-01,4.323806988485177083e-01,4.631880423268170399e-01,4.746308110701418226e-01,4.578644831782748836e-01,9.999999999999987788e-01,4.368838153995930895e-01,4.664568228809986006e-01,4.744012403100902331e-01,4.631880423289278514e-01,4.409660312152867689e-01,4.906561564114928498e-01,4.759815078706709501e-01,4.368838153995930895e-01,9.999999999999987788e-01
1.000000000000001554e+00,4.909794240113453667e-01,4.727112908875652497e-01,4.923065879163526226e-01,4.978097612192377563e-01,5.149099622678610100e-01,4.741120746849019074e-01,4.665073966289369212e-01,4.909794240113453667e-01,1.000000000000001554e+00,4.523504436780755866e-01,4.745172480866715059e-01,5.149099622723668501e-01,4.836641291682765575e-01,4.792306419897534031e-01,4.723061174558522701e-01,4.727112908875652497e-01,4.523504436780755866e-01,1.000000000000001554e+00,4.278784162842602656e-01,4.741120746630325677e-01,4.792306419561570552e-01,4.206135814190878897e-01,4.566272676143771081e-01,4.923065879163526226e-01,4.745172480866715059e-01,4.278784162842602656e-01,1.000000000000001554e+00,4.665073966040806930e-01,4.723061174594781475e-01,4.566272676089017102e-01,4.347592134592853097e-01,4.978097612192377563e-01,5.149099622723668501e-01,4.741120746630325677e-01,4.665073966040806930e-01,1.000000000000001554e+00,4.909794239993340303e-01,4.727112908674003799e-01,4.923065878944586915e-01,5.149099622678610100e-01,4.836641291682765575e-01,4.792306419561570552e-01,4.723061174594781475e-01,4.909794239993340303e-01,1.000000000000001554e+00,4.523504436896288450e-01,4.745172481081668669e-01,4.741120746849019074e-01,4.792306419897534031e-01,4.206135814190878897e-01,4.566272676089017102e-01,4.727112908674003799e-01,4.523504436896288450e-01,1.000000000000001554e+00,4.278784163052876677e-01,4.665073966289369212e-01,4.723061174558522701e-01,4.566272676143771081e-01,4.347592134592853097e-01,4.923065878944586915e-01,4.745172481081668669e-01,4.278784163052876677e-01,1.000000000000001554e+00
1.000000000000001776e+00,4.182778808597975573e-01,4.723141125179523003e-01,4.758041557605240390e-01,4.083342883890093145e-01,4.497849387902245200e-01,4.705722837268494496e-01,4.466244328465918678e-01,4.182778808597975573e-01,1.000000000000001776e+00,4.661870550623568032e-01,4.699712452174861221e-01,4.497849387802042020e-01,4.278817139538477754e-01,4.937606293389546486e-01,4.729151510188364660e-01,4.723141125179523003e-01,4.661870550623568032e-01,1.000000000000001776e+00,4.945336070548098095e-01,4.705722837201737341e-01,4.937606293423003612e-01,5.040782031031427746e-01,5.197798463080917086e-01,4.758041557605240390e-01,4.699712452174861221e-01,4.945336070548098095e-01,1.000000000000001776e+00,4.466244328460284296e-01,4.729151510293881366e-01,5.197798463150882231e-01,4.845307775397370564e-01,4.083342883890093145e-01,4.497849387802042020e-01,4.705722837201737341e-01,4.466244328460284296e-01,1.000000000000001776e+00,4.182778808573261453e-01,4.723141125128940687e-01,4.758041557486648032e-01,4.497849387902245200e-01,4.278817139538477754e-01,4.937606293423003612e-01,4.729151510293881366e-01,4.182778808573261453e-01,1.000000000000001776e+00,4.661870550672981284e-01,4.699712452145862751e-01,4.705722837268494496e-01,4.937606293389546486e-01,5.040782031031427746e-01,5.197798463150882231e-01,4.723141125128940687e-01,4.661870550672981284e-01,1.000000000000001776e+00,4.945336070503301151e-01,4.466244328465918678e-01,4.729151510188364660e-01,5.197798463080917086e-01,4.845307775397370564e-01,4.758041557486648032e-01,4.699712452145862751e-01,4.945336070503301151e-01,1.000000000000001776e+00
1.000000000000002220e+00,4.080381238714445025e-01,4.703387584836046242e-01,4.724092191020761167e-01,3.955217153789818418e-01,4.426663034846731737e-01,4.681814169924446989e-01,4.406684298990282689e-01,4.080381238714445025e-01,1.000000000000002220e+00,4.654330419085160320e-01,4.673627650737123274e-01,4.426663034680865527e-01,4.202678724079222383e-01,4.949824601973803473e-01,4.711574103861642659e-01,4.703387584836046242e-01,4.654330419085160320e-01,1.000000000000002220e+00,4.980633479454178447e-01,4.681814169806485793e-01,4.949824602022168119e-01,5.102260082408913711e-01,5.247253758105425714e-01,4.724092191020761167e-01,4.673627650737123274e-01,4.980633479454178447e-01,1.000000000000002220e+00,4.406684298977283643e-01,4.711574104024748855e-01,5.247253758215437713e-01,4.854798512125980126e-01,3.955217153789818418e-01,4.426663034680865527e-01,4.681814169806485793e-01,4.406684298977283643e-01,1.000000000000002220e+00,4.080381238671381694e-01,4.703387584748694450e-01,4.724092190827215987e-01,4.426663034846731737e-01,4.202678724079222383e-01,4.949824602022168119e-01,4.711574104024748855e-01,4.080381238671381694e-01,1.000000000000002220e+00,4.654330419166353705e-01,4.673627650700596381e-01,4.681814169924446989e-01,4.949824601973803473e-01,5.102260082408913711e-01,5.247253758215437713e-01,4.703387584748694450e-01,4.654330419166353705e-01,1.000000000000002220e+00,4.980633479379438233e-01,4.406684298990282689e-01,4.711574103861642659e-01,5.247253758105425714e-01,4.854798512125980126e-01,4.724092190827215987e-01,4.673627650700596381e-01,4.980633479379438233e-01,1.000000000000002220e+00
1.000000000000000888e+00,3.971113465561036948e-01,4.681639642496695508e-01,4.690596425229832112e-01,3.821534448531797024e-01,4.352817743055342192e-01,4.655007461415612280e-01,4.344599892996444668e-01,3.971113465561036948e-01,1.000000000000000888e+00,4.641736458548150202e-01,4.644413508996831919e-01,4.352817742772364662e-01,4.118462244334504807e-01,4.959324791522068399e-01,4.692233594632514437e-01,4.681639642496695508e-01,4.641736458548150202e-01,1.000000000000000888e+00,5.015222886137000735e-01,4.655007461207202324e-01,4.959324791599165061e-01,5.161838067677456676e-01,5.297103473618051117e-01,4.690596425229832112e-01,4.644413508996831919e-01,5.015222886137000735e-01,1.000000000000000888e+00,4.344599892964073895e-01,4.692233594896110249e-01,5.297103473799653628e-01,4.864910271881021098e-01,3.821534448531797024e-01,4.352817742772364662e-01,4.655007461207202324e-01,4.344599892964073895e-01,1.000000000000000888e+00,3.971113465482825622e-01,4.681639642347466546e-01,4.690596424903982209e-01,4.352817743055342192e-01,4.118462244334504807e-01,4.959324791599165061e-01,4.692233594896110249e-01,3.971113465482825622e-01,1.000000000000000888e+00,4.641736458688358602e-01,4.644413508944542635e-01,4.655007461415612280e-01,4.959324791522068399e-01,5.161838067677456676e-01,5.297103473799653628e-01,4.681639642347466546e-01,4.641736458688358602e-01,1.000000000000000888e+00,5.015222886016937887e-01,4.344599892996444668e-01,4.692233594632514437e-01,5.297103473618051117e-01,4.864910271881021098e-01,4.690596424903982209e-01,4.644413508944542635e-01,5.015222886016937887e-01,1.000000000000000888e+00
9.999999999999995559e-01,5.048524832497438553e-01,4.624857300431479135e-01,4.965672934064943034e-01,5.218689413858135229e-01,5.346884703964058794e-01,4.657645083999499835e-01,4.623270747059523567e-01,5.048524832497438553e-01,9.999999999999995559e-01,4.279709119592132183e-01,4.670889664924485762e-01,5.346884703983190157e-01,4.875349768226570069e-01,4.657692974368363159e-01,4.611612719503807023e-01,4.624857300431479135e-01,4.279709119592132183e-01,9.999999999999995559e-01,3.854455034143324799e-01,4.657645084025291426e-01,4.657692974369069816e-01,3.682051481508267776e-01,4.276481204413601911e-01,4.965672934064943034e-01,4.670889664924485762e-01,3.854455034143324799e-01,9.999999999999995559e-01,4.623270747039417983e-01,4.611612719488713541e-01,4.276481204492224020e-01,4.025391127140900416e-01,5.218689413858135229e-01,5.346884703983190157e-01,4.657645084025291426e-01,4.623270747039417983e-01,9.999999999999995559e-01,5.048524832490206560e-01,4.624857300410654126e-01,4.965672934050382459e-01,5.346884703964058794e-01,4.875349768226570069e-01,4.657692974369069816e-01,4.611612719488713541e-01,5.048524832490206560e-01,9.999999999999995559e-01,4.279709119599549028e-01,4.670889664949970377e-01,4.657645083999499835e-01,4.657692974368363159e-01,3.682051481508267776e-01,4.276481204492224020e-01,4.624857300410654126e-01,4.279709119599549028e-01,9.999999999999995559e-01,3.854455034159799398e-01,4.623270747059523567e-01,4.611612719503807023e-01,4.276481204413601911e-01,4.025391127140900416e-01,4.965672934050382459e-01,4.670889664949970377e-01,3.854455034159799398e-01,9.999999999999995559e-01
1.000000000000000444e+00,3.729836168234645366e-01,4.631115300128727519e-01,4.625514740360781030e-01,3.536497245115411969e-01,4.197898408301281581e-01,4.590840309952896603e-01,4.211655713006955959e-01,3.729836168234645366e-01,1.000000000000000444e+00,4.598002283102265997e-01,4.574693077296875798e-01,4.197898407431949197e-01,3.922622795783455851e-01,4.968398512445477144e-01,4.647262531940142272e-01,4.631115300128727519e-01,4.598002283102265997e-01,1.000000000000000444e+00,5.079821828343493717e-01,4.590840309313861667e-01,4.968398512669197631e-01,5.271836161071906668e-01,5.396014844266247001e-01,4.625514740360781030e-01,4.574693077296875798e-01,5.079821828343493717e-01,1.000000000000000444e+00,4.211655712900636561e-01,4.647262532721729844e-01,5.396014844823850964e-01,4.885710610419629618e-01,3.536497245115411969e-01,4.197898407431949197e-01,4.590840309313861667e-01,4.211655712900636561e-01,1.000000000000000444e+00,3.729836167984156847e-01,4.631115299680337305e-01,4.625514739359735117e-01,4.197898408301281581e-01,3.922622795783455851e-01,4.968398512669197631e-01,4.647262532721729844e-01,3.729836167984156847e-01,1.000000000000000444e+00,4.598002283534540213e-01,4.574693077136937625e-01,4.590840309952896603e-01,4.968398512445477144e-01,5.271836161071906668e-01,5.396014844823850964e-01,4.631115299680337305e-01,4.598002283534540213e-01,1.000000000000000444e+00,5.079821827981534366e-01,4.211655713006955959e-01,4.647262531940142272e-01,5.396014844266247001e-01,4.885710610419629618e-01,4.625514739359735117e-01,4.574693077136937625e-01,5.079821827981534366e-01,1.000000000000000444e+00
1.000000000000002665e+00,3.596628958510741381e-01,4.601720189132088579e-01,4.594180189821897020e-01,3.384561032999813812e-01,4.117407264336204742e-01,4.552341236665918833e-01,4.139988314585364426e-01,3.596628958510741381e-01,1.000000000000002665e+00,4.564873763075789626e-01,4.533035045805343666e-01,4.117407262760724995e-01,3.809244349330210277e-01,4.966997691869443621e-01,4.621026378564425663e-01,4.601720189132088579e-01,4.564873763075789626e-01,1.000000000000002665e+00,5.108233119972668268e-01,4.552341235510434236e-01,4.966997692252498875e-01,5.320129388311563012e-01,5.443770616978733656e-01,4.594180189821897020e-01,4.533035045805343666e-01,5.108233119972668268e-01,1.000000000000002665e+00,4.139988314362140764e-01,4.621026379963215636e-01,5.443770617993228811e-01,4.895446072074692290e-01,3.384561032999813812e-01,4.117407262760724995e-01,4.552341235510434236e-01,4.139988314362140764e-01,1.000000000000002665e+00,3.596628958023950773e-01,4.601720188341695827e-01,4.594180188003817999e-01,4.117407264336204742e-01,3.809244349330210277e-01,4.966997692252498875e-01,4.621026379963215636e-01,3.596628958023950773e-01,1.000000000000002665e+00,4.564873763853202759e-01,4.533035045479166247e-01,4.552341236665918833e-01,4.966997691869443621e-01,5.320129388311563012e-01,5.443770617993228811e-01,4.601720188341695827e-01,4.564873763853202759e-01,1.000000000000002665e+00,5.108233119364882224e-01,4.139988314585364426e-01,4.621026378564425663e-01,5.443770616978733656e-01,4.895446072074692290e-01,4.594180188003817999e-01,4.533035045479166247e-01,5.108233119364882224e-01,1.000000000000002665e+00
9.999999999999980016e-01,3.454136121457278552e-01,4.569082800274413270e-01,4.563782216407631376e-01,3.225876296593102044e-01,4.035456141046545042e-01,4.508637075025249130e-01,4.064134979436311301e-01,3.454136121457278552e-01,9.999999999999980016e-01,4.522687550100413789e-01,4.485917734371371868e-01,4.035456138124542957e-01,3.684267935545786354e-01,4.960939155420515667e-01,4.591802138436798519e-01,4.569082800274413270e-01,4.522687550100413789e-01,9.999999999999980016e-01,5.132686409546314277e-01,4.508637072879571051e-01,4.960939156077542878e-01,5.362229122408141979e-01,5.489265230159154907e-01,4.563782216407631376e-01,4.485917734371371868e-01,5.132686409546314277e-01,9.999999999999980016e-01,4.064134978929317410e-01,4.591802140989534320e-01,5.489265232014645113e-01,4.903837483719328261e-01,3.225876296593102044e-01,4.035456138124542957e-01,4.508637072879571051e-01,4.064134978929317410e-01,9.999999999999980016e-01,3.454136120482528272e-01,4.569082798843991933e-01,4.563782213056075121e-01,4.035456141046545042e-01,3.684267935545786354e-01,4.960939156077542878e-01,4.591802140989534320e-01,3.454136120482528272e-01,9.999999999999980016e-01,4.522687551538558948e-01,4.485917733724344991e-01,4.508637075025249130e-01,4.960939155420515667e-01,5.362229122408141979e-01,5.489265232014645113e-01,4.569082798843991933e-01,4.522687551538558948e-01,9.999999999999980016e-01,5.132686408510104270e-01,4.064134979436311301e-01,4.591802138436798519e-01,5.489265230159154907e-01,4.903837483719328261e-01,4.563782213056075121e-01,4.485917733724344991e-01,5.132686408510104270e-01,9.999999999999980016e-01
9.999999999999993339e-01,3.301576873901562736e-01,4.532774055902913934e-01,4.534374261635439884e-01,3.059999568153939919e-01,3.952623226997731276e-01,4.458879340383292700e-01,3.983372544636200052e-01,3.301576873901562736e-01,9.999999999999993339e-01,4.470091139266411107e-01,4.432503452895134588e-01,3.952623226769582110e-01,3.546625796878136172e-01,4.949673241223266351e-01,4.559149943759964185e-01,4.532774055902913934e-01,4.470091139266411107e-01,9.999999999999993339e-01,5.151886809831494052e-01,4.458879340406634029e-01,4.949673241225968079e-01,5.396584593413162878e-01,5.531424276168497300e-01,4.534374261635439884e-01,4.432503452895134588e-01,5.151886809831494052e-01,9.999999999999993339e-01,3.983372544287323014e-01,4.559149943781718450e-01,5.531424276072738344e-01,4.909958364939891462e-01,3.059999568153939919e-01,3.952623226769582110e-01,4.458879340406634029e-01,3.983372544287323014e-01,9.999999999999993339e-01,3.301576873692268488e-01,4.532774055852288320e-01,4.534374261593150934e-01,3.952623226997731276e-01,3.546625796878136172e-01,4.949673241225968079e-01,4.559149943781718450e-01,3.301576873692268488e-01,9.999999999999993339e-01,4.470091139279541714e-01,4.432503452772534880e-01,4.458879340383292700e-01,4.949673241223266351e-01,5.396584593413162878e-01,5.531424276072738344e-01,4.532774055852288320e-01,4.470091139279541714e-01,9.999999999999993339e-01,5.151886810040270381e-01,3.983372544636200052e-01,4.559149943759964185e-01,5.531424276168497300e-01,4.909958364939891462e-01,4.534374261593150934e-01,4.432503452772534880e-01,5.151886810040270381e-01,9.999999999999993339e-01
1.000000000000001776e+00,5.164283750592542077e-01,4.402074948843229807e-01,4.932645224002658590e-01,5.421416144583317553e-01,5.568961431769630099e-01,4.492308185402396070e-01,4.405562661126526947e-01,5.164283750592542077e-01,1.000000000000001776e+00,3.896790711712169175e-01,4.522561818698555558e-01,5.568961431393368855e-01,4.912634924390388846e-01,4.505953724924538495e-01,4.371821316747248609e-01,4.402074948843229807e-01,3.896790711712169175e-01,1.000000000000001776e+00,3.138069622825310212e-01,4.492308185179186286e-01,4.505953727346527771e-01,2.886383874568783647e-01,3.869637518423916234e-01,4.932645224002658590e-01,4.522561818698555558e-01,3.138069622825310212e-01,1.000000000000001776e+00,4.405562661902912569e-01,4.371821316267370805e-01,3.869637518079867000e-01,3.395165094827767849e-01,5.421416144583317553e-01,5.568961431393368855e-01,4.492308185179186286e-01,4.405562661902912569e-01,1.000000000000001776e+00,5.164283751578524484e-01,4.402074950428646050e-01,4.932645223273472435e-01,5.568961431769630099e-01,4.912634924390388846e-01,4.505953727346527771e-01,4.371821316267370805e-01,5.164283751578524484e-01,1.000000000000001776e+00,3.896790712185009831e-01,4.522561818010777390e-01,4.492308185402396070e-01,4.505953724924538495e-01,2.886383874568783647e-01,3.869637518079867000e-01,4.402074950428646050e-01,3.896790712185009831e-01,1.000000000000001776e+00,3.138069621920946961e-01,4.405562661126526947e-01,4.371821316747248609e-01,3.869637518423916234e-01,3.395165094827767849e-01,4.932645223273472435e-01,4.522561818010777390e-01,3.138069621920946961e-01,1.000000000000001776e+00
9.999999999999958922e-01,5.168037180331421787e-01,4.337066666196952580e-01,4.909313691526873691e-01,5.434700726547101457e-01,5.600355730084903838e-01,4.447139910958733955e-01,4.327397409961788455e-01,5.168037180331421787e-01,9.999999999999958922e-01,3.803251282595114247e-01,4.481455718462088456e-01,5.600355730008195199e-01,4.910404359142765407e-01,4.478443036660273435e-01,4.302750858816118962e-01,4.337066666196952580e-01,3.803251282595114247e-01,9.999999999999958922e-01,2.962611512239761158e-01,4.447139910977935262e-01,4.478443036748827599e-01,2.704346532941818149e-01,3.787400998213112935e-01,4.909313691526873691e-01,4.481455718462088456e-01,2.962611512239761158e-01,9.999999999999958922e-01,4.327397409975689002e-01,4.302750858773278231e-01,3.787400998155691090e-01,3.228642900340875643e-01,5.434700726547101457e-01,5.600355730008195199e-01,4.447139910977935262e-01,4.327397409975689002e-01,9.999999999999958922e-01,5.168037180358855398e-01,4.337066666261125136e-01,4.909313691532870005e-01,5.600355730084903838e-01,4.910404359142765407e-01,4.478443036748827599e-01,4.302750858773278231e-01,5.168037180358855398e-01,9.999999999999958922e-01,3.803251282598966165e-01,4.481455718355070728e-01,4.447139910958733955e-01,4.478443036660273435e-01,2.704346532941818149e-01,3.787400998155691090e-01,4.337066666261125136e-01,3.803251282598966165e-01,9.999999999999958922e-01,2.962611512202326103e-01,4.327397409961788455e-01,4.302750858816118962e-01,3.787400998213112935e-01,3.228642900340875643e-01,4.909313691532870005e-01,4.481455718355070728e-01,2.962611512202326103e-01,9.999999999999958922e-01
9.999999999999990008e-01,2.774055612734721565e-01,4.396665111727014463e-01,4.451669435803551345e-01,2.513032112152893127e-01,3.707011380913453058e-01,4.262514967700063995e-01,3.701343989270385326e-01,2.774055612734721565e-01,9.999999999999990008e-01,4.233697013871386972e-01,4.224007403194867116e-01,3.707011380339987339e-01,3.045722289807822891e-01,4.879175031038146537e-01,4.435172677493983695e-01,4.396665111727014463e-01,4.233697013871386972e-01,9.999999999999990008e-01,5.160985389630575737e-01,4.262514967492854190e-01,4.879175030414029668e-01,5.434163767933740674e-01,5.623833086532967762e-01,4.451669435803551345e-01,4.224007403194867116e-01,5.160985389630575737e-01,9.999999999999990008e-01,3.701343987914114120e-01,4.435172677562774224e-01,5.623833086022219652e-01,4.901473591262381913e-01,2.513032112152893127e-01,3.707011380339987339e-01,4.262514967492854190e-01,3.701343987914114120e-01,9.999999999999990008e-01,2.774055611650333431e-01,4.396665111673220827e-01,4.451669435719490808e-01,3.707011380913453058e-01,3.045722289807822891e-01,4.879175030414029668e-01,4.435172677562774224e-01,2.774055611650333431e-01,9.999999999999990008e-01,4.233697013545224541e-01,4.224007402600251648e-01,4.262514967700063995e-01,4.879175031038146537e-01,5.434163767933740674e-01,5.623833086022219652e-01,4.396665111673220827e-01,4.233697013545224541e-01,9.999999999999990008e-01,5.160985390579682086e-01,3.701343989270385326e-01,4.435172677493983695e-01,5.623833086532967762e-01,4.901473591262381913e-01,4.451669435719490808e-01,4.224007402600251648e-01,5.160985390579682086e-01,9.999999999999990008e-01
1.000000000000000666e+00,2.571087735319111944e-01,4.340227569856577872e-01,4.425345417771167078e-01,2.311372857430112060e-01,3.629784352947187931e-01,4.176884423649191991e-01,3.589341948654793946e-01,2.571087735319111944e-01,1.000000000000000666e+00,4.122363962876209875e-01,4.134132088164395591e-01,3.629784352634035649e-01,2.844971448494361121e-01,4.841795020703356656e-01,4.382979906460215402e-01,4.340227569856577872e-01,4.122363962876209875e-01,1.000000000000000666e+00,5.140618175944130508e-01,4.176884424011785835e-01,4.841795019625773078e-01,5.417281383248073734e-01,5.637356085946184647e-01,4.425345417771167078e-01,4.134132088164395591e-01,5.140618175944130508e-01,1.000000000000000666e+00,3.589341948145486905e-01,4.382979906718029728e-01,5.637356085439737541e-01,4.883682792292990960e-01,2.311372857430112060e-01,3.629784352634035649e-01,4.176884424011785835e-01,3.589341948145486905e-01,1.000000000000000666e+00,2.571087734792966151e-01,4.340227569576913247e-01,4.425345417567971840e-01,3.629784352947187931e-01,2.844971448494361121e-01,4.841795019625773078e-01,4.382979906718029728e-01,2.571087734792966151e-01,1.000000000000000666e+00,4.122363962596052311e-01,4.134132087550297374e-01,4.176884423649191991e-01,4.841795020703356656e-01,5.417281383248073734e-01,5.637356085439737541e-01,4.340227569576913247e-01,4.122363962596052311e-01,1.000000000000000666e+00,5.140618176252598204e-01,3.589341948654793946e-01,4.382979906460215402e-01,5.637356085946184647e-01,4.883682792292990960e-01,4.425345417567971840e-01,4.134132087550297374e-01,5.140618176252598204e-01,1.000000000000000666e+00
9.999999999999964473e-01,5.104060988926359954e-01,4.078439507923481422e-01,4.796848415987818859e-01,5.381298409901699165e-01,5.638627717947930496e-01,4.277135646090561849e-01,3.991105742090003128e-01,5.104060988926359954e-01,9.999999999999964473e-01,3.465162120853849670e-01,4.324084057953610505e-01,5.638627714987169970e-01,4.854480390681484292e-01,4.399053041733477221e-01,4.031491096015969999e-01,4.078439507923481422e-01,3.465162120853849670e-01,9.999999999999964473e-01,2.352206872443369512e-01,4.277135645119435337e-01,4.399053040401254555e-01,2.098051215100920630e-01,3.557273741184014959e-01,4.796848415987818859e-01,4.324084057953610505e-01,2.352206872443369512e-01,9.999999999999964473e-01,3.991105740061248186e-01,4.031491095321396712e-01,3.557273740849221655e-01,2.624869234334568091e-01,5.381298409901699165e-01,5.638627714987169970e-01,4.277135645119435337e-01,3.991105740061248186e-01,9.999999999999964473e-01,5.104060990266616749e-01,4.078439509307953958e-01,4.796848416844966545e-01,5.638627717947930496e-01,4.854480390681484292e-01,4.399053040401254555e-01,4.031491095321396712e-01,5.104060990266616749e-01,9.999999999999964473e-01,3.465162124633349161e-01,4.324084059124864154e-01,4.277135646090561849e-01,4.399053041733477221e-01,2.098051215100920630e-01,3.557273740849221655e-01,4.078439509307953958e-01,3.465162124633349161e-01,9.999999999999964473e-01,2.352206876002328473e-01,3.991105742090003128e-01,4.031491096015969999e-01,3.557273741184014959e-01,2.624869234334568091e-01,4.796848416844966545e-01,4.324084059124864154e-01,2.352206876002328473e-01,9.999999999999964473e-01
9.999999999999996669e-01,2.115716141037675968e-01,4.206694203477122640e-01,4.372236944894787314e-01,1.871472447454035903e-01,3.491287175798281073e-01,3.965257199007075073e-01,3.326339425237991865e-01,2.115716141037675968e-01,9.999999999999996669e-01,3.837455086400164417e-01,3.914290793666710955e-01,3.491287175780314889e-01,2.383822958747716936e-01,4.744167032228702729e-01,4.257660608902039123e-01,4.206694203477122640e-01,3.837455086400164417e-01,9.999999999999996669e-01,5.048078370663255932e-01,3.965257199044686098e-01,4.744167032038899001e-01,5.323269745331642433e-01,5.625116801306309089e-01,4.372236944894787314e-01,3.914290793666710955e-01,5.048078370663255932e-01,9.999999999999996669e-01,3.326339425297690777e-01,4.257660608981408967e-01,5.625116801303148284e-01,4.810919234040634818e-01,1.871472447454035903e-01,3.491287175780314889e-01,3.965257199044686098e-01,3.326339425297690777e-01,9.999999999999996669e-01,2.115716141007454310e-01,4.206694203456292636e-01,4.372236944814524850e-01,3.491287175798281073e-01,2.383822958747716936e-01,4.744167032038899001e-01,4.257660608981408967e-01,2.115716141007454310e-01,9.999999999999996669e-01,3.837455086374580437e-01,3.914290793559846993e-01,3.965257199007075073e-01,4.744167032228702729e-01,5.323269745331642433e-01,5.625116801303148284e-01,4.206694203456292636e-01,3.837455086374580437e-01,9.999999999999996669e-01,5.048078370600708187e-01,3.326339425237991865e-01,4.257660608902039123e-01,5.625116801306309089e-01,4.810919234040634818e-01,4.372236944814524850e-01,3.914290793559846993e-01,5.048078370600708187e-01,9.999999999999996669e-01
1.000000000000003109e+00,4.969108134875446781e-01,3.835266568181717739e-01,4.683796018002588379e-01,5.240134569139361931e-01,5.594115105059054294e-01,4.128258551268373377e-01,3.658815754047817226e-01,4.969108134875446781e-01,1.000000000000003109e+00,3.170027306263894507e-01,4.182907077680057539e-01,5.594115103132512035e-01,4.749687022862852936e-01,4.344212688076261597e-01,3.780618042049890826e-01,3.835266568181717739e-01,3.170027306263894507e-01,1.000000000000003109e+00,1.859734924481148688e-01,4.128258551028213263e-01,4.344212687265900374e-01,1.629759632347293763e-01,3.433893602158941682e-01,4.683796018002588379e-01,4.182907077680057539e-01,1.859734924481148688e-01,1.000000000000003109e+00,3.658815752797353604e-01,3.780618041760688275e-01,3.433893601884248636e-01,2.120207178615839405e-01,5.240134569139361931e-01,5.594115103132512035e-01,4.128258551028213263e-01,3.658815752797353604e-01,1.000000000000003109e+00,4.969108135575423524e-01,3.835266568664946196e-01,4.683796018892203983e-01,5.594115105059054294e-01,4.749687022862852936e-01,4.344212687265900374e-01,3.780618041760688275e-01,4.969108135575423524e-01,1.000000000000003109e+00,3.170027308392292520e-01,4.182907077672469720e-01,4.128258551268373377e-01,4.344212688076261597e-01,1.629759632347293763e-01,3.433893601884248636e-01,3.835266568664946196e-01,3.170027308392292520e-01,1.000000000000003109e+00,1.859734926568578084e-01,3.658815754047817226e-01,3.780618042049890826e-01,3.433893602158941682e-01,2.120207178615839405e-01,4.683796018892203983e-01,4.182907077672469720e-01,1.859734926568578084e-01,1.000000000000003109e+00
