1.000000000000011990e+00,9.065109884009363572e-01,8.725062496975526383e-01,8.212207770766581927e-01,7.646840189027894752e-01,7.374945894976076000e-01,7.345842863953601087e-01,7.734945149979516321e-01,8.235805094975514606e-01,8.793032718390461078e-01,9.093090576924913737e-01,9.076982505498920606e-01,8.745771696261908090e-01,8.180034147191969085e-01,7.688318517937694496e-01,7.328509363656723341e-01,7.392665490722686306e-01,7.692051813431401985e-01,8.267872395456226098e-01,8.753506849929616473e-01,9.065109884009363572e-01,1.000000000000011990e+00,8.687165069902463843e-01,8.197437982525986877e-01,7.623608444351164248e-01,7.362751447722546416e-01,7.323566083521398928e-01,7.720926966986040307e-01,8.216229850479148666e-01,8.775780904213337230e-01,9.076982505561099757e-01,9.056376415044956607e-01,8.732578447392068677e-01,8.157239968507512540e-01,7.676379271842797003e-01,7.305536604291253955e-01,7.379889175193685702e-01,7.671041158234818136e-01,8.254508099134743038e-01,8.751966048818188293e-01,8.725062496975526383e-01,8.687165069902463843e-01,1.000000000000011990e+00,7.764034480783509329e-01,7.370627136361409537e-01,6.912216953141767650e-01,7.084375780171460191e-01,7.282943025378126878e-01,7.945043880649012014e-01,8.386238719339754732e-01,8.745771696207648160e-01,8.732578447248661169e-01,8.336349111823478930e-01,7.891371188142860538e-01,7.234984837520770373e-01,7.067653136964201499e-01,6.930452501277711841e-01,7.420512233220049048e-01,7.837373708498529545e-01,8.453189995332653917e-01,8.212207770766581927e-01,8.197437982525986877e-01,7.764034480783509329e-01,1.000000000000011990e+00,6.648322625588463097e-01,6.560443599810782400e-01,6.349760667475420339e-01,6.918043229851542630e-01,7.268593348083502992e-01,7.932588561455398146e-01,8.180034147216105334e-01,8.157239968475661351e-01,7.891371188241422807e-01,7.208034624220384101e-01,6.874673309557577383e-01,6.331276417135489609e-01,6.586368436585705588e-01,6.706335587609294491e-01,7.434861910580303768e-01,7.828129760910340629e-01,7.646840189027894752e-01,7.623608444351164248e-01,7.370627136361409537e-01,6.648322625588463097e-01,1.000000000000011990e+00,5.766193511337867061e-01,6.076349946385267708e-01,6.151078771146304414e-01,6.927287177439845900e-01,7.285998140465603790e-01,7.688318517902278382e-01,7.676379271695804585e-01,7.234984837540756608e-01,6.874673309466007298e-01,6.102410736443177885e-01,6.070828844643311184e-01,5.791300607924548816e-01,6.416359567596736646e-01,6.718790906734830592e-01,7.417457118039306740e-01,7.374945894976076000e-01,7.362751447722546416e-01,6.912216953141767650e-01,6.560443599810782400e-01,5.766193511337867061e-01,1.000000000000011990e+00,5.454590477284524397e-01,6.103253498186984594e-01,6.392060995775755705e-01,7.108576749262361938e-01,7.328509363641606544e-01,7.305536604239322163e-01,7.067653137014663356e-01,6.331276417108406829e-01,6.070828844681936953e-01,5.441788194961635350e-01,5.786879057635523349e-01,5.821309815928100706e-01,6.622564139830652286e-01,6.963060950294563956e-01,7.345842863953601087e-01,7.323566083521398928e-01,7.084375780171460191e-01,6.349760667475420339e-01,6.076349946385267708e-01,5.454590477284524397e-01,1.000000000000011990e+00,5.832535291357405782e-01,6.630878012711084457e-01,6.980660322125790129e-01,7.392665490644727555e-01,7.379889175032667836e-01,6.930452501264660059e-01,6.586368436479468347e-01,5.791300607899251274e-01,5.786879057563854012e-01,5.478502356891744585e-01,6.131283115802442785e-01,6.409841543635708128e-01,7.126219015172118310e-01,7.734945149979516321e-01,7.720926966986040307e-01,7.282943025378126878e-01,6.918043229851542630e-01,6.151078771146304414e-01,6.103253498186984594e-01,5.832535291357405782e-01,1.000000000000011990e+00,6.755665880484656993e-01,7.457688858768047879e-01,7.692051813374822800e-01,7.671041158141806982e-01,7.420512233229362709e-01,6.706335587539630216e-01,6.416359567609620784e-01,5.821309815883443095e-01,6.131283115864132327e-01,6.198529660112173101e-01,6.972490374950245373e-01,7.332096674567166739e-01,8.235805094975514606e-01,8.216229850479148666e-01,7.945043880649012014e-01,7.268593348083502992e-01,6.927287177439845900e-01,6.392060995775755705e-01,6.630878012711084457e-01,6.755665880484656993e-01,1.000000000000011990e+00,7.871377735666015285e-01,8.267872395444388900e-01,8.254508099047916936e-01,7.837373708554444818e-01,7.434861910530734530e-01,6.718790906778022709e-01,6.622564139786896176e-01,6.409841543700324218e-01,6.972490374953377312e-01,7.326844147698634568e-01,7.989188253577345078e-01,8.793032718390461078e-01,8.775780904213337230e-01,8.386238719339754732e-01,7.932588561455398146e-01,7.285998140465603790e-01,7.108576749262361938e-01,6.980660322125790129e-01,7.457688858768047879e-01,7.871377735666015285e-01,1.000000000000011990e+00,8.753506849932940481e-01,8.751966048759900474e-01,8.453189995400570700e-01,7.828129760888982158e-01,7.417457118127317450e-01,6.963060950310142605e-01,7.126219015308701277e-01,7.332096674619410503e-01,7.989188253601762213e-01,8.432468035410843887e-01,9.093090576924913737e-01,9.076982505561099757e-01,8.745771696207648160e-01,8.180034147216105334e-01,7.688318517902278382e-01,7.328509363641606544e-01,7.392665490644727555e-01,7.692051813374822800e-01,8.267872395444388900e-01,8.753506849932940481e-01,1.000000000000011990e+00,9.065109884020091657e-01,8.725062497118316607e-01,8.212207770808852558e-01,7.646840189141607125e-01,7.374945895031110865e-01,7.345842864075069478e-01,7.734945150083111232e-01,8.235805095054624658e-01,8.793032718472892917e-01,9.076982505498920606e-01,9.056376415044956607e-01,8.732578447248661169e-01,8.157239968475661351e-01,7.676379271695804585e-01,7.305536604239322163e-01,7.379889175032667836e-01,7.671041158141806982e-01,8.254508099047916936e-01,8.751966048759900474e-01,9.065109884020091657e-01,1.000000000000011990e+00,8.687165069984349453e-01,8.197437982503573695e-01,7.623608444441920540e-01,7.362751447747092337e-01,7.323566083659214243e-01,7.720926967052053058e-01,8.216229850523705247e-01,8.775780904217393985e-01,8.745771696261908090e-01,8.732578447392068677e-01,8.336349111823478930e-01,7.891371188241422807e-01,7.234984837540756608e-01,7.067653137014663356e-01,6.930452501264660059e-01,7.420512233229362709e-01,7.837373708554444818e-01,8.453189995400570700e-01,8.725062497118316607e-01,8.687165069984349453e-01,1.000000000000011990e+00,7.764034480902161084e-01,7.370627136550997882e-01,6.912216953291757671e-01,7.084375780360330221e-01,7.282943025565975503e-01,7.945043880774549372e-01,8.386238719484855331e-01,8.180034147191969085e-01,8.157239968507512540e-01,7.891371188142860538e-01,7.208034624220384101e-01,6.874673309466007298e-01,6.331276417108406829e-01,6.586368436479468347e-01,6.706335587539630216e-01,7.434861910530734530e-01,7.828129760888982158e-01,8.212207770808852558e-01,8.197437982503573695e-01,7.764034480902161084e-01,1.000000000000011990e+00,6.648322625699371047e-01,6.560443599857677111e-01,6.349760667621321408e-01,6.918043229962254070e-01,7.268593348155197864e-01,7.932588561512148306e-01,7.688318517937694496e-01,7.676379271842797003e-01,7.234984837520770373e-01,6.874673309557577383e-01,6.102410736443177885e-01,6.070828844681936953e-01,5.791300607899251274e-01,6.416359567609620784e-01,6.718790906778022709e-01,7.417457118127317450e-01,7.646840189141607125e-01,7.623608444441920540e-01,7.370627136550997882e-01,6.648322625699371047e-01,1.000000000000011990e+00,5.766193511481101375e-01,6.076349946593312401e-01,6.151078771333680084e-01,6.927287177555863096e-01,7.285998140611296137e-01,7.328509363656723341e-01,7.305536604291253955e-01,7.067653136964201499e-01,6.331276417135489609e-01,6.070828844643311184e-01,5.441788194961635350e-01,5.786879057563854012e-01,5.821309815883443095e-01,6.622564139786896176e-01,6.963060950310142605e-01,7.374945895031110865e-01,7.362751447747092337e-01,6.912216953291757671e-01,6.560443599857677111e-01,5.766193511481101375e-01,1.000000000000011990e+00,5.454590477455499853e-01,6.103253498305314384e-01,6.392060995875643581e-01,7.108576749336045220e-01,7.392665490722686306e-01,7.379889175193685702e-01,6.930452501277711841e-01,6.586368436585705588e-01,5.791300607924548816e-01,5.786879057635523349e-01,5.478502356891744585e-01,6.131283115864132327e-01,6.409841543700324218e-01,7.126219015308701277e-01,7.345842864075069478e-01,7.323566083659214243e-01,7.084375780360330221e-01,6.349760667621321408e-01,6.076349946593312401e-01,5.454590477455499853e-01,1.000000000000011990e+00,5.832535291572713554e-01,6.630878012877023941e-01,6.980660322295870746e-01,7.692051813431401985e-01,7.671041158234818136e-01,7.420512233220049048e-01,6.706335587609294491e-01,6.416359567596736646e-01,5.821309815928100706e-01,6.131283115802442785e-01,6.198529660112173101e-01,6.972490374953377312e-01,7.332096674619410503e-01,7.734945150083111232e-01,7.720926967052053058e-01,7.282943025565975503e-01,6.918043229962254070e-01,6.151078771333680084e-01,6.103253498305314384e-01,5.832535291572713554e-01,1.000000000000011990e+00,6.755665880624853736e-01,7.457688858876800886e-01,8.267872395456226098e-01,8.254508099134743038e-01,7.837373708498529545e-01,7.434861910580303768e-01,6.718790906734830592e-01,6.622564139830652286e-01,6.409841543635708128e-01,6.972490374950245373e-01,7.326844147698634568e-01,7.989188253601762213e-01,8.235805095054624658e-01,8.216229850523705247e-01,7.945043880774549372e-01,7.268593348155197864e-01,6.927287177555863096e-01,6.392060995875643581e-01,6.630878012877023941e-01,6.755665880624853736e-01,1.000000000000011990e+00,7.871377735757387750e-01,8.753506849929616473e-01,8.751966048818188293e-01,8.453189995332653917e-01,7.828129760910340629e-01,7.417457118039306740e-01,6.963060950294563956e-01,7.126219015172118310e-01,7.332096674567166739e-01,7.989188253577345078e-01,8.432468035410843887e-01,8.793032718472892917e-01,8.775780904217393985e-01,8.386238719484855331e-01,7.932588561512148306e-01,7.285998140611296137e-01,7.108576749336045220e-01,6.980660322295870746e-01,7.457688858876800886e-01,7.871377735757387750e-01,1.000000000000011990e+00
9.999999999999917843e-01,8.357462172594554151e-01,7.963838868308941166e-01,7.426843977205030978e-01,7.185510347111765395e-01,7.110112727956039436e-01,7.442825912267895250e-01,7.876093899398448617e-01,8.374349469777657706e-01,8.680714959646507189e-01,8.674859402465127101e-01,8.431886361616508507e-01,7.909312918780989632e-01,7.491211234367979310e-01,7.121690961017592691e-01,7.167482011441305145e-01,7.397557360566198170e-01,7.904446333344180564e-01,8.363781033776349627e-01,8.640183877865967865e-01,8.357462172594554151e-01,9.999999999999917843e-01,7.560324301719696383e-01,7.258410294645436522e-01,6.777023170655245288e-01,6.949846484522961276e-01,7.057920613304178303e-01,7.670233996659726605e-01,8.052726028312117146e-01,8.400246317876296498e-01,8.431886362455107697e-01,8.076438329216492074e-01,7.730310589528927023e-01,7.089069144173386627e-01,6.967543878558764003e-01,6.764789431615824133e-01,7.219674126342762177e-01,7.547716054879745062e-01,8.123629811546606572e-01,8.386052921062574494e-01,7.963838868308941166e-01,7.560324301719696383e-01,9.999999999999917843e-01,6.553249838111825376e-01,6.539216936696843341e-01,6.239948987175454320e-01,6.799687789843843477e-01,7.036620671206552657e-01,7.681286477190396589e-01,7.905713931741942258e-01,7.909312918960232919e-01,7.730310588756418300e-01,7.076605846984207471e-01,6.843965740506109396e-01,6.252820237507686896e-01,6.534734993564567107e-01,6.537381347374902063e-01,7.240974068059055080e-01,7.555014062997699176e-01,7.941201944434709281e-01,7.426843977205030978e-01,7.258410294645436522e-01,6.553249838111825376e-01,9.999999999999917843e-01,5.720906997261546723e-01,6.080966215049745660e-01,6.020765509266189364e-01,6.792389782024071954e-01,7.054348755102686219e-01,7.471761681708544156e-01,7.491211235237063004e-01,7.089069144094133357e-01,6.843965741228635880e-01,6.057263979601481552e-01,6.111405423855504893e-01,5.719984857691990943e-01,6.358102865261165970e-01,6.526328866823912778e-01,7.223245984775182871e-01,7.416663794089639605e-01,7.185510347111765395e-01,6.777023170655245288e-01,6.539216936696843341e-01,5.720906997261546723e-01,9.999999999999917843e-01,5.381222454630035790e-01,6.058694327218706599e-01,6.203193376050502028e-01,6.930740051019885772e-01,7.104333338572543788e-01,7.121690961058161351e-01,6.967543877608269876e-01,6.252820237345095844e-01,6.111405423069780074e-01,5.407766674850570388e-01,5.812442779099324941e-01,5.694088009314222099e-01,6.505114960822647729e-01,6.735853661795111469e-01,7.173261400105067631e-01,7.110112727956039436e-01,6.949846484522961276e-01,6.239948987175454320e-01,6.080966215049745660e-01,5.381222454630035790e-01,9.999999999999917843e-01,5.663944159969412917e-01,6.480908380166980898e-01,6.717551343679903919e-01,7.161893497326249358e-01,7.167482012146747516e-01,6.764789431489697247e-01,6.534734994182648249e-01,5.719984857587966376e-01,5.812442779748510091e-01,5.376199827779519769e-01,6.061271377678013605e-01,6.185021408943752741e-01,6.919617658862948772e-01,7.085924383212285349e-01,7.442825912267895250e-01,7.057920613304178303e-01,6.799687789843843477e-01,6.020765509266189364e-01,6.058694327218706599e-01,5.663944159969412917e-01,9.999999999999917843e-01,6.461082030765378237e-01,7.186336953922101145e-01,7.367372149381978819e-01,7.397557360654368752e-01,7.219674125610509030e-01,6.537381347353300454e-01,6.358102864582730884e-01,5.694088009542024320e-01,6.061271377116780323e-01,5.974620900570916104e-01,6.762847149999743346e-01,7.005265183205013901e-01,7.443285014811257261e-01,7.876093899398448617e-01,7.670233996659726605e-01,7.036620671206552657e-01,6.792389782024071954e-01,6.203193376050502028e-01,6.480908380166980898e-01,6.461082030765378237e-01,9.999999999999917843e-01,7.468156494650736166e-01,7.905530311246442565e-01,7.904446333927556134e-01,7.547716054663757834e-01,7.240974068589153267e-01,6.526328866652640892e-01,6.505114961457474365e-01,6.185021408774813434e-01,6.762847150686730480e-01,6.974453383107065418e-01,7.649191998825997096e-01,7.841514090216256117e-01,8.374349469777657706e-01,8.052726028312117146e-01,7.681286477190396589e-01,7.054348755102686219e-01,6.930740051019885772e-01,6.717551343679903919e-01,7.186336953922101145e-01,7.468156494650736166e-01,9.999999999999917843e-01,8.300499334950345309e-01,8.363781034217512289e-01,8.123629811059771555e-01,7.555014063212097675e-01,7.223245984300881162e-01,6.735853662249530194e-01,6.919617658310344144e-01,7.005265183472197954e-01,7.649191998502309353e-01,7.993795250418305187e-01,8.381752316124730928e-01,8.680714959646507189e-01,8.400246317876296498e-01,7.905713931741942258e-01,7.471761681708544156e-01,7.104333338572543788e-01,7.161893497326249358e-01,7.367372149381978819e-01,7.905530311246442565e-01,8.300499334950345309e-01,9.999999999999917843e-01,8.640183877988816263e-01,8.386052920310959058e-01,7.941201944475528851e-01,7.416663793437708874e-01,7.173261400436903301e-01,7.085924382758378437e-01,7.443285015147564909e-01,7.841514089794302533e-01,8.381752315823153276e-01,8.643292554907333614e-01,8.674859402465127101e-01,8.431886362455107697e-01,7.909312918960232919e-01,7.491211235237063004e-01,7.121690961058161351e-01,7.167482012146747516e-01,7.397557360654368752e-01,7.904446333927556134e-01,8.363781034217512289e-01,8.640183877988816263e-01,9.999999999999917843e-01,8.357462172752545548e-01,7.963838869126106390e-01,7.426843977349748549e-01,7.185510348042398743e-01,7.110112728043278540e-01,7.442825912805994815e-01,7.876093899634185602e-01,8.374349470348603219e-01,8.680714960592186280e-01,8.431886361616508507e-01,8.076438329216492074e-01,7.730310588756418300e-01,7.089069144094133357e-01,6.967543877608269876e-01,6.764789431489697247e-01,7.219674125610509030e-01,7.547716054663757834e-01,8.123629811059771555e-01,8.386052920310959058e-01,8.357462172752545548e-01,9.999999999999917843e-01,7.560324301753970078e-01,7.258410293999146834e-01,6.777023170933268448e-01,6.949846484120094647e-01,7.057920613501411644e-01,7.670233996480269045e-01,8.052726028090757548e-01,8.400246317894611847e-01,7.909312918780989632e-01,7.730310589528927023e-01,7.076605846984207471e-01,6.843965741228635880e-01,6.252820237345095844e-01,6.534734994182648249e-01,6.537381347353300454e-01,7.240974068589153267e-01,7.555014063212097675e-01,7.941201944475528851e-01,7.963838869126106390e-01,7.560324301753970078e-01,9.999999999999917843e-01,6.553249838182417797e-01,6.539216937651329831e-01,6.239948987306561667e-01,6.799687790451021119e-01,7.036620671415323436e-01,7.681286477445806726e-01,7.905713932510449737e-01,7.491211234367979310e-01,7.089069144173386627e-01,6.843965740506109396e-01,6.057263979601481552e-01,6.111405423069780074e-01,5.719984857587966376e-01,6.358102864582730884e-01,6.526328866652640892e-01,7.223245984300881162e-01,7.416663793437708874e-01,7.426843977349748549e-01,7.258410293999146834e-01,6.553249838182417797e-01,9.999999999999917843e-01,5.720906997541241878e-01,6.080966214450755913e-01,6.020765509417006500e-01,6.792389781818706229e-01,7.054348754876273997e-01,7.471761682001731852e-01,7.121690961017592691e-01,6.967543878558764003e-01,6.252820237507686896e-01,6.111405423855504893e-01,5.407766674850570388e-01,5.812442779748510091e-01,5.694088009542024320e-01,6.505114961457474365e-01,6.735853662249530194e-01,7.173261400436903301e-01,7.185510348042398743e-01,6.777023170933268448e-01,6.539216937651329831e-01,5.720906997541241878e-01,9.999999999999917843e-01,5.381222454985590264e-01,6.058694328135935114e-01,6.203193376484898991e-01,6.930740051405758217e-01,7.104333339601942576e-01,7.167482011441305145e-01,6.764789431615824133e-01,6.534734993564567107e-01,5.719984857691990943e-01,5.812442779099324941e-01,5.376199827779519769e-01,6.061271377116780323e-01,6.185021408774813434e-01,6.919617658310344144e-01,7.085924382758378437e-01,7.110112728043278540e-01,6.949846484120094647e-01,6.239948987306561667e-01,6.080966214450755913e-01,5.381222454985590264e-01,9.999999999999917843e-01,5.663944160126601624e-01,6.480908379839700473e-01,6.717551343518315399e-01,7.161893497534044251e-01,7.397557360566198170e-01,7.219674126342762177e-01,6.537381347374902063e-01,6.358102865261165970e-01,5.694088009314222099e-01,6.061271377678013605e-01,5.974620900570916104e-01,6.762847150686730480e-01,7.005265183472197954e-01,7.443285015147564909e-01,7.442825912805994815e-01,7.057920613501411644e-01,6.799687790451021119e-01,6.020765509417006500e-01,6.058694328135935114e-01,5.663944160126601624e-01,9.999999999999917843e-01,6.461082031047071794e-01,7.186336954401014721e-01,7.367372150156932253e-01,7.904446333344180564e-01,7.547716054879745062e-01,7.240974068059055080e-01,6.526328866823912778e-01,6.505114960822647729e-01,6.185021408943752741e-01,6.762847149999743346e-01,6.974453383107065418e-01,7.649191998502309353e-01,7.841514089794302533e-01,7.876093899634185602e-01,7.670233996480269045e-01,7.036620671415323436e-01,6.792389781818706229e-01,6.203193376484898991e-01,6.480908379839700473e-01,6.461082031047071794e-01,9.999999999999917843e-01,7.468156494604846207e-01,7.905530311514727959e-01,8.363781033776349627e-01,8.123629811546606572e-01,7.555014062997699176e-01,7.223245984775182871e-01,6.735853661795111469e-01,6.919617658862948772e-01,7.005265183205013901e-01,7.649191998825997096e-01,7.993795250418305187e-01,8.381752315823153276e-01,8.374349470348603219e-01,8.052726028090757548e-01,7.681286477445806726e-01,7.054348754876273997e-01,6.930740051405758217e-01,6.717551343518315399e-01,7.186336954401014721e-01,7.468156494604846207e-01,9.999999999999917843e-01,8.300499335458522143e-01,8.640183877865967865e-01,8.386052921062574494e-01,7.941201944434709281e-01,7.416663794089639605e-01,7.173261400105067631e-01,7.085924383212285349e-01,7.443285014811257261e-01,7.841514090216256117e-01,8.381752316124730928e-01,8.643292554907333614e-01,8.680714960592186280e-01,8.400246317894611847e-01,7.905713932510449737e-01,7.471761682001731852e-01,7.104333339601942576e-01,7.161893497534044251e-01,7.367372150156932253e-01,7.905530311514727959e-01,8.300499335458522143e-01,9.999999999999917843e-01
1.000000000000002442e+00,6.864856057211281559e-01,6.774970952494829834e-01,6.283930160385100550e-01,6.647565022135728530e-01,6.700658227742837258e-01,7.339405963660731169e-01,7.615264907723151566e-01,7.846074003882428372e-01,7.843538117639066165e-01,7.375870672266535699e-01,7.164586567371480363e-01,6.490522490607305572e-01,6.589690198193530746e-01,6.362785355926743325e-01,6.936829778071675889e-01,7.175115718798086295e-01,7.691067793280487175e-01,7.862684970594528977e-01,7.681616286499940438e-01,6.864856057211281559e-01,1.000000000000002442e+00,5.958344354071121174e-01,6.202040760155917987e-01,5.856185667252202798e-01,6.559824402586678094e-01,6.687682114610310480e-01,7.284295487064791352e-01,7.416206176921650295e-01,7.281023840372916611e-01,7.164586567438583353e-01,6.417873284499676645e-01,6.411026950181040185e-01,5.776514601233637691e-01,6.277933961725478129e-01,6.200356799367949812e-01,6.949805890832574384e-01,7.145346153251593835e-01,7.417949679471290692e-01,7.409280597404215296e-01,6.774970952494829834e-01,5.958344354071121174e-01,1.000000000000002442e+00,5.308337837041298135e-01,5.909329880142273339e-01,5.760621310606842682e-01,6.589593966704579975e-01,6.724767189602096629e-01,7.032696305791785729e-01,7.024471496230053624e-01,6.490522490367039987e-01,6.411026949837477229e-01,5.552577239200732206e-01,5.870693426337629806e-01,5.411726919208705855e-01,6.208283071396201169e-01,6.255467276966235612e-01,6.912720815832941179e-01,7.009437365975750289e-01,6.880470929961451931e-01,6.283930160385100550e-01,6.202040760155917987e-01,5.308337837041298135e-01,1.000000000000002442e+00,5.163116901914535095e-01,6.008643921650088648e-01,6.033739424299640053e-01,6.725502755350312167e-01,6.797748212252818778e-01,6.680710757029737490e-01,6.589690198557101031e-01,5.776514601523680126e-01,5.870693426918304203e-01,5.110496214427007189e-01,5.749975038388616122e-01,5.535495938913137515e-01,6.407341802490797988e-01,6.507066457450509933e-01,6.839739793747128260e-01,6.819301892725516678e-01,6.647565022135728530e-01,5.856185667252202798e-01,5.909329880142273339e-01,5.163116901914535095e-01,1.000000000000002442e+00,5.578151010910353813e-01,6.462048293062108151e-01,6.571218173639814530e-01,6.915638227587016518e-01,6.878748913128439613e-01,6.362785355394857678e-01,6.277933961020425446e-01,5.411726918881745174e-01,5.749975037499099884e-01,5.260490136371912540e-01,6.094982104828190472e-01,6.100546102542884208e-01,6.799076482277857103e-01,6.859052006566012105e-01,6.758739091648190422e-01,6.700658227742837258e-01,6.559824402586678094e-01,5.760621310606842682e-01,6.008643921650088648e-01,5.578151010910353813e-01,1.000000000000002442e+00,6.394911240197211910e-01,7.096357939555124617e-01,7.167758943863650201e-01,7.087375098749958413e-01,6.936829778619348907e-01,6.200356799924716666e-01,6.208283072238515166e-01,5.535495939148190603e-01,6.094982105963924202e-01,5.945266424957635909e-01,6.773933656156682082e-01,6.891047452701063447e-01,7.233857781465005132e-01,7.176977408151740123e-01,7.339405963660731169e-01,6.687682114610310480e-01,6.589593966704579975e-01,6.033739424299640053e-01,6.462048293062108151e-01,6.394911240197211910e-01,1.000000000000002442e+00,7.301422943128034193e-01,7.669288130773210810e-01,7.595503435827679617e-01,7.175115718113077579e-01,6.949805890010493092e-01,6.255467276531048171e-01,6.407341801426654770e-01,6.100546102471914311e-01,6.773933654823580675e-01,6.903263812265076904e-01,7.527493272198976237e-01,7.605055341322790596e-01,7.545614017129351758e-01,7.615264907723151566e-01,7.284295487064791352e-01,6.724767189602096629e-01,6.725502755350312167e-01,6.571218173639814530e-01,7.096357939555124617e-01,7.301422943128034193e-01,1.000000000000002442e+00,7.951429460650329961e-01,7.961999011170568519e-01,7.691067793853206824e-01,7.145346153779230658e-01,6.912720816688380232e-01,6.507066457687735728e-01,6.799076483491990341e-01,6.891047452631862136e-01,7.527493273612806401e-01,7.768559857936684354e-01,8.067826796847537008e-01,7.969843024112920338e-01,7.846074003882428372e-01,7.416206176921650295e-01,7.032696305791785729e-01,6.797748212252818778e-01,6.915638227587016518e-01,7.167758943863650201e-01,7.669288130773210810e-01,7.951429460650329961e-01,1.000000000000002442e+00,8.096650395192446226e-01,7.862684970257092232e-01,7.417949678948718706e-01,7.009437365836247436e-01,6.839739792928083428e-01,6.859052006792688561e-01,7.233857780341084176e-01,7.605055341652334766e-01,8.067826795868409118e-01,8.210640882605579893e-01,8.188545184661578658e-01,7.843538117639066165e-01,7.281023840372916611e-01,7.024471496230053624e-01,6.680710757029737490e-01,6.878748913128439613e-01,7.087375098749958413e-01,7.595503435827679617e-01,7.961999011170568519e-01,8.096650395192446226e-01,1.000000000000002442e+00,7.681616286689582074e-01,7.409280597505151222e-01,6.880470930449196221e-01,6.819301892598912396e-01,6.758739092495565925e-01,7.176977407800031461e-01,7.545614018122339672e-01,7.969843023720559749e-01,8.188545185225432066e-01,8.060646960457410470e-01,7.375870672266535699e-01,7.164586567438583353e-01,6.490522490367039987e-01,6.589690198557101031e-01,6.362785355394857678e-01,6.936829778619348907e-01,7.175115718113077579e-01,7.691067793853206824e-01,7.862684970257092232e-01,7.681616286689582074e-01,1.000000000000002442e+00,6.864856057176000892e-01,6.774970952741710128e-01,6.283930160033786017e-01,6.647565022689201353e-01,6.700658227153786228e-01,7.339405964244891667e-01,7.615264907195660182e-01,7.846074004286249792e-01,7.843538117545741928e-01,7.164586567371480363e-01,6.417873284499676645e-01,6.411026949837477229e-01,5.776514601523680126e-01,6.277933961020425446e-01,6.200356799924716666e-01,6.949805890010493092e-01,7.145346153779230658e-01,7.417949678948718706e-01,7.409280597505151222e-01,6.864856057176000892e-01,1.000000000000002442e+00,5.958344354315678881e-01,6.202040759776724643e-01,5.856185667854715282e-01,6.559824402017579992e-01,6.687682115347859391e-01,7.284295486569067890e-01,7.416206177231905450e-01,7.281023840138552972e-01,6.490522490607305572e-01,6.411026950181040185e-01,5.552577239200732206e-01,5.870693426918304203e-01,5.411726918881745174e-01,6.208283072238515166e-01,6.255467276531048171e-01,6.912720816688380232e-01,7.009437365836247436e-01,6.880470930449196221e-01,6.774970952741710128e-01,5.958344354315678881e-01,1.000000000000002442e+00,5.308337836981805724e-01,5.909329881044687038e-01,5.760621310288768226e-01,6.589593967635212213e-01,6.724767189337143014e-01,7.032696306407383302e-01,7.024471496396783587e-01,6.589690198193530746e-01,5.776514601233637691e-01,5.870693426337629806e-01,5.110496214427007189e-01,5.749975037499099884e-01,5.535495939148190603e-01,6.407341801426654770e-01,6.507066457687735728e-01,6.839739792928083428e-01,6.819301892598912396e-01,6.283930160033786017e-01,6.202040759776724643e-01,5.308337836981805724e-01,1.000000000000002442e+00,5.163116902237084860e-01,6.008643920673603089e-01,6.033739424750206304e-01,6.725502754536872851e-01,6.797748212272185508e-01,6.680710756607589618e-01,6.362785355926743325e-01,6.277933961725478129e-01,5.411726919208705855e-01,5.749975038388616122e-01,5.260490136371912540e-01,6.094982105963924202e-01,6.100546102471914311e-01,6.799076483491990341e-01,6.859052006792688561e-01,6.758739092495565925e-01,6.647565022689201353e-01,5.856185667854715282e-01,5.909329881044687038e-01,5.163116902237084860e-01,1.000000000000002442e+00,5.578151010941041488e-01,6.462048294449610486e-01,6.571218173696435905e-01,6.915638228549086941e-01,6.878748913657961594e-01,6.936829778071675889e-01,6.200356799367949812e-01,6.208283071396201169e-01,5.535495938913137515e-01,6.094982104828190472e-01,5.945266424957635909e-01,6.773933654823580675e-01,6.891047452631862136e-01,7.233857780341084176e-01,7.176977407800031461e-01,6.700658227153786228e-01,6.559824402017579992e-01,5.760621310288768226e-01,6.008643920673603089e-01,5.578151010941041488e-01,1.000000000000002442e+00,6.394911240354391735e-01,7.096357938371904428e-01,7.167758943687322359e-01,7.087375097987014261e-01,7.175115718798086295e-01,6.949805890832574384e-01,6.255467276966235612e-01,6.407341802490797988e-01,6.100546102542884208e-01,6.773933656156682082e-01,6.903263812265076904e-01,7.527493273612806401e-01,7.605055341652334766e-01,7.545614018122339672e-01,7.339405964244891667e-01,6.687682115347859391e-01,6.589593967635212213e-01,6.033739424750206304e-01,6.462048294449610486e-01,6.394911240354391735e-01,1.000000000000002442e+00,7.301422943337076976e-01,7.669288131923561735e-01,7.595503436432962108e-01,7.691067793280487175e-01,7.145346153251593835e-01,6.912720815832941179e-01,6.507066457450509933e-01,6.799076482277857103e-01,6.891047452701063447e-01,7.527493272198976237e-01,7.768559857936684354e-01,8.067826795868409118e-01,7.969843023720559749e-01,7.615264907195660182e-01,7.284295486569067890e-01,6.724767189337143014e-01,6.725502754536872851e-01,6.571218173696435905e-01,7.096357938371904428e-01,7.301422943337076976e-01,1.000000000000002442e+00,7.951429460463491639e-01,7.961999010465937721e-01,7.862684970594528977e-01,7.417949679471290692e-01,7.009437365975750289e-01,6.839739793747128260e-01,6.859052006566012105e-01,7.233857781465005132e-01,7.605055341322790596e-01,8.067826796847537008e-01,8.210640882605579893e-01,8.188545185225432066e-01,7.846074004286249792e-01,7.416206177231905450e-01,7.032696306407383302e-01,6.797748212272185508e-01,6.915638228549086941e-01,7.167758943687322359e-01,7.669288131923561735e-01,7.951429460463491639e-01,1.000000000000002442e+00,8.096650395473959927e-01,7.681616286499940438e-01,7.409280597404215296e-01,6.880470929961451931e-01,6.819301892725516678e-01,6.758739091648190422e-01,7.176977408151740123e-01,7.545614017129351758e-01,7.969843024112920338e-01,8.188545184661578658e-01,8.060646960457410470e-01,7.843538117545741928e-01,7.281023840138552972e-01,7.024471496396783587e-01,6.680710756607589618e-01,6.878748913657961594e-01,7.087375097987014261e-01,7.595503436432962108e-01,7.961999010465937721e-01,8.096650395473959927e-01,1.000000000000002442e+00
9.999999999999995559e-01,5.206860006758403658e-01,5.748817459548689612e-01,5.200378341579748875e-01,6.157234707034121568e-01,6.120827439403744297e-01,6.823715999924191422e-01,6.885796988719176115e-01,6.677525550999345860e-01,6.640936277611351191e-01,5.706307276391643368e-01,5.929500325595148391e-01,5.077532748362958426e-01,5.862160765468906742e-01,5.592357000005067080e-01,6.533326724646962846e-01,6.604289359184243313e-01,6.890022975911722636e-01,6.880176049499258095e-01,6.154221748457675556e-01,5.206860006758403658e-01,9.999999999999995559e-01,4.573383085890795341e-01,5.514100798477152843e-01,5.147496280865244689e-01,6.191916875879966975e-01,6.189163143258057387e-01,6.511263648129825832e-01,6.514603008027056719e-01,5.815466021762609738e-01,5.929500325725911569e-01,4.820578362930024729e-01,5.453781034740329270e-01,4.745591158548548849e-01,5.830123264403903605e-01,5.687884917660503969e-01,6.464991020232632168e-01,6.490851053981814278e-01,6.277319065089351779e-01,6.270611773902337038e-01,5.748817459548689612e-01,4.573383085890795341e-01,9.999999999999995559e-01,4.495757639122707761e-01,5.656115577306961573e-01,5.493485213158686431e-01,6.305355179913324504e-01,6.310177285433030692e-01,6.101233040429703269e-01,6.123608762937110539e-01,5.077532748232282955e-01,5.453781034558855545e-01,4.422154449272636678e-01,5.395487004471030135e-01,4.946431658695027433e-01,6.039733495481061087e-01,6.000337270198783379e-01,6.343976878242594264e-01,6.341986190137673951e-01,5.631932243243471525e-01,5.200378341579748875e-01,5.514100798477152843e-01,4.495757639122707761e-01,9.999999999999995559e-01,5.003633947878862731e-01,6.120616979001323177e-01,6.106189123610205050e-01,6.454220044884971808e-01,6.437646574857560644e-01,5.750241933472939326e-01,5.862160765754811376e-01,4.745591158740941062e-01,5.395487004813550591e-01,4.663219927541433774e-01,5.776884574069858225e-01,5.603340003077462717e-01,6.410927476354646437e-01,6.410367877550695592e-01,6.216507589298085890e-01,6.214556084704198069e-01,6.157234707034121568e-01,5.147496280865244689e-01,5.656115577306961573e-01,5.003633947878862731e-01,9.999999999999995559e-01,5.903020525236450933e-01,6.730181252857410090e-01,6.751575945331079742e-01,6.581650149481714784e-01,6.522882075767417742e-01,5.592356999593981470e-01,5.830123263985532711e-01,4.946431658425496924e-01,5.776884573480531859e-01,5.451695978779053098e-01,6.452292833508016523e-01,6.465399531899542751e-01,6.801921720545527350e-01,6.761358984472558564e-01,6.131272087157477735e-01,6.120827439403744297e-01,6.191916875879966975e-01,5.493485213158686431e-01,6.120616979001323177e-01,5.903020525236450933e-01,9.999999999999995559e-01,6.850382266921676289e-01,7.251975568853059606e-01,7.183129847795304279e-01,6.638971527572105069e-01,6.533326725175516714e-01,5.687884918129717526e-01,6.039733496102139831e-01,5.603340003278549641e-01,6.452292834396293753e-01,6.486411551271092923e-01,7.163728786448161356e-01,7.203332806126628851e-01,7.063369719142005287e-01,6.919243918501886137e-01,6.823715999924191422e-01,6.189163143258057387e-01,6.305355179913324504e-01,6.106189123610205050e-01,6.730181252857410090e-01,6.850382266921676289e-01,9.999999999999995559e-01,7.483859187478387742e-01,7.486692228875861943e-01,7.236011907137697152e-01,6.604289358747890137e-01,6.464991019673669292e-01,6.000337269921748318e-01,6.410927475545331600e-01,6.465399531907273234e-01,7.163728785361408447e-01,7.372140463879518490e-01,7.639448076374419916e-01,7.535274395076445586e-01,7.095407219372330543e-01,6.885796988719176115e-01,6.511263648129825832e-01,6.310177285433030692e-01,6.454220044884971808e-01,6.751575945331079742e-01,7.251975568853059606e-01,7.483859187478387742e-01,9.999999999999995559e-01,7.561484634864471532e-01,7.344677450162325760e-01,6.890022976350559381e-01,6.490851054253136132e-01,6.343976878832077171e-01,6.410367877615690269e-01,6.801921721476413829e-01,7.203332805946368600e-01,7.639448077408889093e-01,7.770564378071078693e-01,7.697742107328329197e-01,7.334433895512586510e-01,6.677525550999345860e-01,6.514603008027056719e-01,6.101233040429703269e-01,6.437646574857560644e-01,6.581650149481714784e-01,7.183129847795304279e-01,7.486692228875861943e-01,7.561484634864471532e-01,9.999999999999995559e-01,7.053608325449534089e-01,6.880176049388784243e-01,6.277319064796532677e-01,6.341986190125354916e-01,6.216507588762399950e-01,6.761358984725426291e-01,7.063369718334447933e-01,7.535274395391765578e-01,7.697742106718850064e-01,7.529498899763495956e-01,7.316344537608568954e-01,6.640936277611351191e-01,5.815466021762609738e-01,6.123608762937110539e-01,5.750241933472939326e-01,6.522882075767417742e-01,6.638971527572105069e-01,7.236011907137697152e-01,7.344677450162325760e-01,7.053608325449534089e-01,9.999999999999995559e-01,6.154221748575428030e-01,6.270611773906493713e-01,5.631932243537923766e-01,6.214556084605773467e-01,6.131272087755260669e-01,6.919243918148747508e-01,7.095407219944044330e-01,7.334433895216947441e-01,7.316344537809241766e-01,6.741022848062734329e-01,5.706307276391643368e-01,5.929500325725911569e-01,5.077532748232282955e-01,5.862160765754811376e-01,5.592356999593981470e-01,6.533326725175516714e-01,6.604289358747890137e-01,6.890022976350559381e-01,6.880176049388784243e-01,6.154221748575428030e-01,9.999999999999995559e-01,5.206860006768291305e-01,5.748817459756152548e-01,5.200378341359299661e-01,6.157234707453359546e-01,6.120827438953315713e-01,6.823716000378752256e-01,6.885796988430844534e-01,6.677525551256886516e-01,6.640936277738602733e-01,5.929500325595148391e-01,4.820578362930024729e-01,5.453781034558855545e-01,4.745591158740941062e-01,5.830123263985532711e-01,5.687884918129717526e-01,6.464991019673669292e-01,6.490851054253136132e-01,6.277319064796532677e-01,6.270611773906493713e-01,5.206860006768291305e-01,9.999999999999995559e-01,4.573383086064540803e-01,5.514100798204237819e-01,5.147496281319531297e-01,6.191916875451441982e-01,6.189163143724059069e-01,6.511263647782494779e-01,6.514603008061908840e-01,5.815466021688038278e-01,5.077532748362958426e-01,5.453781034740329270e-01,4.422154449272636678e-01,5.395487004813550591e-01,4.946431658425496924e-01,6.039733496102139831e-01,6.000337269921748318e-01,6.343976878832077171e-01,6.341986190125354916e-01,5.631932243537923766e-01,5.748817459756152548e-01,4.573383086064540803e-01,9.999999999999995559e-01,4.495757639047663901e-01,5.656115577932581129e-01,5.493485212796700434e-01,6.305355180586145192e-01,6.310177285321011409e-01,6.101233040753524239e-01,6.123608763175224512e-01,5.862160765468906742e-01,4.745591158548548849e-01,5.395487004471030135e-01,4.663219927541433774e-01,5.776884573480531859e-01,5.603340003278549641e-01,6.410927475545331600e-01,6.410367877615690269e-01,6.216507588762399950e-01,6.214556084605773467e-01,5.200378341359299661e-01,5.514100798204237819e-01,4.495757639047663901e-01,9.999999999999995559e-01,5.003633948120947972e-01,6.120616978194651780e-01,6.106189123940688468e-01,6.454220044294181058e-01,6.437646574743575156e-01,5.750241933189312871e-01,5.592357000005067080e-01,5.830123264403903605e-01,4.946431658695027433e-01,5.776884574069858225e-01,5.451695978779053098e-01,6.452292834396293753e-01,6.465399531907273234e-01,6.801921721476413829e-01,6.761358984725426291e-01,6.131272087755260669e-01,6.157234707453359546e-01,5.147496281319531297e-01,5.656115577932581129e-01,5.003633948120947972e-01,9.999999999999995559e-01,5.903020525185829204e-01,6.730181253951982301e-01,6.751575945415226876e-01,6.581650150104642050e-01,6.522882076204886692e-01,6.533326724646962846e-01,5.687884917660503969e-01,6.039733495481061087e-01,5.603340003077462717e-01,6.452292833508016523e-01,6.486411551271092923e-01,7.163728785361408447e-01,7.203332805946368600e-01,7.063369718334447933e-01,6.919243918148747508e-01,6.120827438953315713e-01,6.191916875451441982e-01,5.493485212796700434e-01,6.120616978194651780e-01,5.903020525185829204e-01,9.999999999999995559e-01,6.850382266967255385e-01,7.251975567881152607e-01,7.183129847467101259e-01,6.638971527039732035e-01,6.604289359184243313e-01,6.464991020232632168e-01,6.000337270198783379e-01,6.410927476354646437e-01,6.465399531899542751e-01,7.163728786448161356e-01,7.372140463879518490e-01,7.639448077408889093e-01,7.535274395391765578e-01,7.095407219944044330e-01,6.823716000378752256e-01,6.189163143724059069e-01,6.305355180586145192e-01,6.106189123940688468e-01,6.730181253951982301e-01,6.850382266967255385e-01,9.999999999999995559e-01,7.483859187680602654e-01,7.486692229649183350e-01,7.236011907669031018e-01,6.890022975911722636e-01,6.490851053981814278e-01,6.343976878242594264e-01,6.410367877550695592e-01,6.801921720545527350e-01,7.203332806126628851e-01,7.639448076374419916e-01,7.770564378071078693e-01,7.697742106718850064e-01,7.334433895216947441e-01,6.885796988430844534e-01,6.511263647782494779e-01,6.310177285321011409e-01,6.454220044294181058e-01,6.751575945415226876e-01,7.251975567881152607e-01,7.483859187680602654e-01,9.999999999999995559e-01,7.561484634627775314e-01,7.344677449767642585e-01,6.880176049499258095e-01,6.277319065089351779e-01,6.341986190137673951e-01,6.216507589298085890e-01,6.761358984472558564e-01,7.063369719142005287e-01,7.535274395076445586e-01,7.697742107328329197e-01,7.529498899763495956e-01,7.316344537809241766e-01,6.677525551256886516e-01,6.514603008061908840e-01,6.101233040753524239e-01,6.437646574743575156e-01,6.581650150104642050e-01,7.183129847467101259e-01,7.486692229649183350e-01,7.561484634627775314e-01,9.999999999999995559e-01,7.053608325640525756e-01,6.154221748457675556e-01,6.270611773902337038e-01,5.631932243243471525e-01,6.214556084704198069e-01,6.131272087157477735e-01,6.919243918501886137e-01,7.095407219372330543e-01,7.334433895512586510e-01,7.316344537608568954e-01,6.741022848062734329e-01,6.640936277738602733e-01,5.815466021688038278e-01,6.123608763175224512e-01,5.750241933189312871e-01,6.522882076204886692e-01,6.638971527039732035e-01,7.236011907669031018e-01,7.344677449767642585e-01,7.053608325640525756e-01,9.999999999999995559e-01
