1.000000000000000000e+00,1.000000000000000000e+00,1.000000000000000000e+00,1.000000000000000000e+00,1.000000000000000000e+00,1.000000000000000000e+00,1.000000000000000000e+00,1.000000000000000000e+00,1.000000000000000000e+00,1.000000000000000000e+00,1.000000000000000000e+00,1.000000000000000000e+00,1.000000000000000000e+00,1.000000000000000000e+00,1.000000000000000000e+00,1.000000000000000000e+00,1.000000000000000000e+00,1.000000000000000000e+00,1.000000000000000000e+00,1.000000000000000000e+00,1.000000000000000000e+00,1.000000000000000000e+00,1.000000000000000000e+00,1.000000000000000000e+00,1.000000000000000000e+00,1.000000000000000000e+00,1.000000000000000000e+00,1.000000000000000000e+00,1.000000000000000000e+00,1.000000000000000000e+00,1.000000000000000000e+00,1.000000000000000000e+00,1.000000000000000000e+00,1.000000000000000000e+00,1.000000000000000000e+00,1.000000000000000000e+00,1.000000000000000000e+00,1.000000000000000000e+00,1.000000000000000000e+00,1.000000000000000000e+00,1.000000000000000000e+00,1.000000000000000000e+00,1.000000000000000000e+00,1.000000000000000000e+00,1.000000000000000000e+00,1.000000000000000000e+00,1.000000000000000000e+00,1.000000000000000000e+00,1.000000000000000000e+00,1.000000000000000000e+00,1.000000000000000000e+00,1.000000000000000000e+00,1.000000000000000000e+00,1.000000000000000000e+00,1.000000000000000000e+00,1.000000000000000000e+00,1.000000000000000000e+00,1.000000000000000000e+00,1.000000000000000000e+00,1.000000000000000000e+00,1.000000000000000000e+00,1.000000000000000000e+00,1.000000000000000000e+00,1.000000000000000000e+00
9.999999999999955591e-01,9.993566816131975727e-01,9.993567446397478848e-01,9.993567584864131437e-01,9.993567596679582277e-01,9.993567584864131437e-01,9.993567446397481069e-01,9.993566816131976838e-01,9.993566816131975727e-01,9.999999999999955591e-01,9.993566816131975727e-01,9.993567446397481069e-01,9.993567584864132547e-01,9.993567596679581166e-01,9.993567584864131437e-01,9.993567446397479959e-01,9.993567446397478848e-01,9.993566816131975727e-01,9.999999999999955591e-01,9.993566816131975727e-01,9.993567446397479959e-01,9.993567584864131437e-01,9.993567596679581166e-01,9.993567584864131437e-01,9.993567584864131437e-01,9.993567446397481069e-01,9.993566816131975727e-01,9.999999999999955591e-01,9.993566816131974617e-01,9.993567446397477738e-01,9.993567584864130326e-01,9.993567596679580056e-01,9.993567596679582277e-01,9.993567584864132547e-01,9.993567446397479959e-01,9.993566816131974617e-01,9.999999999999955591e-01,9.993566816131974617e-01,9.993567446397479959e-01,9.993567584864131437e-01,9.993567584864131437e-01,9.993567596679581166e-01,9.993567584864131437e-01,9.993567446397477738e-01,9.993566816131974617e-01,9.999999999999955591e-01,9.993566816131976838e-01,9.993567446397481069e-01,9.993567446397481069e-01,9.993567584864131437e-01,9.993567596679581166e-01,9.993567584864130326e-01,9.993567446397479959e-01,9.993566816131976838e-01,9.999999999999955591e-01,9.993566816131976838e-01,9.993566816131976838e-01,9.993567446397479959e-01,9.993567584864131437e-01,9.993567596679580056e-01,9.993567584864131437e-01,9.993567446397481069e-01,9.993566816131976838e-01,9.999999999999955591e-01
9.999999999999954481e-01,9.971613139748293220e-01,9.971626889505408320e-01,9.971628489397106332e-01,9.971628655145349240e-01,9.971628489397116324e-01,9.971626889505418312e-01,9.971613139748288779e-01,9.971613139748293220e-01,9.999999999999954481e-01,9.971613139748277677e-01,9.971626889505392777e-01,9.971628489397101891e-01,9.971628655145343689e-01,9.971628489397109663e-01,9.971626889505397218e-01,9.971626889505408320e-01,9.971613139748277677e-01,9.999999999999954481e-01,9.971613139748267685e-01,9.971626889505394997e-01,9.971628489397101891e-01,9.971628655145340359e-01,9.971628489397095230e-01,9.971628489397106332e-01,9.971626889505392777e-01,9.971613139748267685e-01,9.999999999999954481e-01,9.971613139748266574e-01,9.971626889505390556e-01,9.971628489397098560e-01,9.971628655145325926e-01,9.971628655145349240e-01,9.971628489397101891e-01,9.971626889505394997e-01,9.971613139748266574e-01,9.999999999999954481e-01,9.971613139748278787e-01,9.971626889505402769e-01,9.971628489397096340e-01,9.971628489397116324e-01,9.971628655145343689e-01,9.971628489397101891e-01,9.971626889505390556e-01,9.971613139748278787e-01,9.999999999999954481e-01,9.971613139748287669e-01,9.971626889505398328e-01,9.971626889505418312e-01,9.971628489397109663e-01,9.971628655145340359e-01,9.971628489397098560e-01,9.971626889505402769e-01,9.971613139748287669e-01,9.999999999999954481e-01,9.971613139748282117e-01,9.971613139748288779e-01,9.971626889505397218e-01,9.971628489397095230e-01,9.971628655145325926e-01,9.971628489397096340e-01,9.971626889505398328e-01,9.971613139748282117e-01,9.999999999999954481e-01
9.999999999999928946e-01,9.943859424518773915e-01,9.943915343703065846e-01,9.943919352888351826e-01,9.943919867222132947e-01,9.943919352888331842e-01,9.943915343703052523e-01,9.943859424518773915e-01,9.943859424518773915e-01,9.999999999999928946e-01,9.943859424518796120e-01,9.943915343703090270e-01,9.943919352888352936e-01,9.943919867222137388e-01,9.943919352888338503e-01,9.943915343703068066e-01,9.943915343703065846e-01,9.943859424518796120e-01,9.999999999999928946e-01,9.943859424518819434e-01,9.943915343703090270e-01,9.943919352888355156e-01,9.943919867222141828e-01,9.943919352888354046e-01,9.943919352888351826e-01,9.943915343703090270e-01,9.943859424518819434e-01,9.999999999999928946e-01,9.943859424518820544e-01,9.943915343703091381e-01,9.943919352888360708e-01,9.943919867222156261e-01,9.943919867222132947e-01,9.943919352888352936e-01,9.943915343703090270e-01,9.943859424518820544e-01,9.999999999999928946e-01,9.943859424518798340e-01,9.943915343703075838e-01,9.943919352888354046e-01,9.943919352888331842e-01,9.943919867222137388e-01,9.943919352888355156e-01,9.943915343703091381e-01,9.943859424518798340e-01,9.999999999999928946e-01,9.943859424518783907e-01,9.943915343703069176e-01,9.943915343703052523e-01,9.943919352888338503e-01,9.943919867222141828e-01,9.943919352888360708e-01,9.943915343703075838e-01,9.943859424518783907e-01,9.999999999999928946e-01,9.943859424518782797e-01,9.943859424518773915e-01,9.943915343703068066e-01,9.943919352888354046e-01,9.943919867222156261e-01,9.943919352888354046e-01,9.943915343703069176e-01,9.943859424518782797e-01,9.999999999999928946e-01
9.999999999999937828e-01,9.889878937540997894e-01,9.890104122167956424e-01,9.890111103416483473e-01,9.890112124108360048e-01,9.890111103415921701e-01,9.890104122167634459e-01,9.889878937541545234e-01,9.889878937540997894e-01,9.999999999999937828e-01,9.889878937541789483e-01,9.890104122169500744e-01,9.890111103417023042e-01,9.890112124109320391e-01,9.890111103416681093e-01,9.890104122169776080e-01,9.890104122167956424e-01,9.889878937541789483e-01,9.999999999999937828e-01,9.889878937542058157e-01,9.890104122168764667e-01,9.890111103416708849e-01,9.890112124108805247e-01,9.890111103417547067e-01,9.890111103416483473e-01,9.890104122169500744e-01,9.889878937542058157e-01,9.999999999999937828e-01,9.889878937542080362e-01,9.890104122169206535e-01,9.890111103416949767e-01,9.890112124110427283e-01,9.890112124108360048e-01,9.890111103417023042e-01,9.890104122168764667e-01,9.889878937542080362e-01,9.999999999999937828e-01,9.889878937541516368e-01,9.890104122168443812e-01,9.890111103417568161e-01,9.890111103415921701e-01,9.890112124109320391e-01,9.890111103416708849e-01,9.890104122169206535e-01,9.889878937541516368e-01,9.999999999999937828e-01,9.889878937541174420e-01,9.890104122169484091e-01,9.890104122167634459e-01,9.890111103416681093e-01,9.890112124108805247e-01,9.890111103416949767e-01,9.890104122168443812e-01,9.889878937541174420e-01,9.999999999999937828e-01,9.889878937542013748e-01,9.889878937541545234e-01,9.890104122169776080e-01,9.890111103417547067e-01,9.890112124110427283e-01,9.890111103417568161e-01,9.890104122169484091e-01,9.889878937542013748e-01,9.999999999999937828e-01
9.999999999999973355e-01,9.841746538799523991e-01,9.842219081035575856e-01,9.842229348230426833e-01,9.842230439237611428e-01,9.842229348231394948e-01,9.842219081036019945e-01,9.841746538799023281e-01,9.841746538799523991e-01,9.999999999999973355e-01,9.841746538798522570e-01,9.842219081034441208e-01,9.842229348230333574e-01,9.842230439237376061e-01,9.842229348230706609e-01,9.842219081034773165e-01,9.842219081035575856e-01,9.841746538798522570e-01,9.999999999999973355e-01,9.841746538797684352e-01,9.842219081034649930e-01,9.842229348230400188e-01,9.842230439236988593e-01,9.842229348229764030e-01,9.842229348230426833e-01,9.842219081034441208e-01,9.841746538797684352e-01,9.999999999999973355e-01,9.841746538797753185e-01,9.842219081034575545e-01,9.842229348229875052e-01,9.842230439235909456e-01,9.842230439237611428e-01,9.842229348230333574e-01,9.842219081034649930e-01,9.841746538797753185e-01,9.999999999999973355e-01,9.841746538798726851e-01,9.842219081035091799e-01,9.842229348229835084e-01,9.842229348231394948e-01,9.842230439237376061e-01,9.842229348230400188e-01,9.842219081034575545e-01,9.841746538798726851e-01,9.999999999999973355e-01,9.841746538799104327e-01,9.842219081034910833e-01,9.842219081036019945e-01,9.842229348230706609e-01,9.842230439236988593e-01,9.842229348229875052e-01,9.842219081035091799e-01,9.841746538799104327e-01,9.999999999999973355e-01,9.841746538798467059e-01,9.841746538799023281e-01,9.842219081034773165e-01,9.842229348229764030e-01,9.842230439235909456e-01,9.842229348229835084e-01,9.842219081034910833e-01,9.841746538798467059e-01,9.999999999999973355e-01
9.999999999999985567e-01,9.767385173772689111e-01,9.768391924688760719e-01,9.768425395309037196e-01,9.768428298822151579e-01,9.768425395307891446e-01,9.768391924688366590e-01,9.767385173772981100e-01,9.767385173772689111e-01,9.999999999999985567e-01,9.767385173773548424e-01,9.768391924688556438e-01,9.768425395308459880e-01,9.768428298820972522e-01,9.768425395308235615e-01,9.768391924687588324e-01,9.768391924688760719e-01,9.767385173773548424e-01,9.999999999999985567e-01,9.767385173774816298e-01,9.768391924689441286e-01,9.768425395308741876e-01,9.768428298822776634e-01,9.768425395308916181e-01,9.768425395309037196e-01,9.768391924688556438e-01,9.767385173774816298e-01,9.999999999999985567e-01,9.767385173774646434e-01,9.768391924688667460e-01,9.768425395309493497e-01,9.768428298822404710e-01,9.768428298822151579e-01,9.768425395308459880e-01,9.768391924689441286e-01,9.767385173774646434e-01,9.999999999999985567e-01,9.767385173773488471e-01,9.768391924689046046e-01,9.768425395308747428e-01,9.768425395307891446e-01,9.768428298820972522e-01,9.768425395308741876e-01,9.768391924688667460e-01,9.767385173773488471e-01,9.999999999999985567e-01,9.767385173773261986e-01,9.768391924687699346e-01,9.768391924688366590e-01,9.768425395308235615e-01,9.768428298822776634e-01,9.768425395309493497e-01,9.768391924689046046e-01,9.767385173773261986e-01,9.999999999999985567e-01,9.767385173773440732e-01,9.767385173772981100e-01,9.768391924687588324e-01,9.768425395308916181e-01,9.768428298822404710e-01,9.768425395308747428e-01,9.768391924687699346e-01,9.767385173773440732e-01,9.999999999999985567e-01
9.999999999999947820e-01,9.682756791257035589e-01,9.684622341551447633e-01,9.684677519142592672e-01,9.684681697003746370e-01,9.684677519143281010e-01,9.684622341551477609e-01,9.682756791257282059e-01,9.682756791257035589e-01,9.999999999999947820e-01,9.682756791256985629e-01,9.684622341553336122e-01,9.684677519143898294e-01,9.684681697006091161e-01,9.684677519143700675e-01,9.684622341554708358e-01,9.684622341551447633e-01,9.682756791256985629e-01,9.999999999999947820e-01,9.682756791255847650e-01,9.684622341551627489e-01,9.684677519143231050e-01,9.684681697003497680e-01,9.684677519143911617e-01,9.684677519142592672e-01,9.684622341553336122e-01,9.682756791255847650e-01,9.999999999999947820e-01,9.682756791256079687e-01,9.684622341552897584e-01,9.684677519142573798e-01,9.684681697005645962e-01,9.684681697003746370e-01,9.684677519143898294e-01,9.684622341551627489e-01,9.682756791256079687e-01,9.999999999999947820e-01,9.682756791256774687e-01,9.684622341551659686e-01,9.684677519144142543e-01,9.684677519143281010e-01,9.684681697006091161e-01,9.684677519143231050e-01,9.684622341552897584e-01,9.682756791256774687e-01,9.999999999999947820e-01,9.682756791256575957e-01,9.684622341554270930e-01,9.684622341551477609e-01,9.684677519143700675e-01,9.684681697003497680e-01,9.684677519142573798e-01,9.684622341551659686e-01,9.682756791256575957e-01,9.999999999999947820e-01,9.682756791257264295e-01,9.682756791257282059e-01,9.684622341554708358e-01,9.684677519143911617e-01,9.684681697005645962e-01,9.684677519144142543e-01,9.684622341554270930e-01,9.682756791257264295e-01,9.999999999999947820e-01
9.999999999999857891e-01,9.608624217226907627e-01,9.611404154838566471e-01,9.611460403887156501e-01,9.611465181702643079e-01,9.611460403887435167e-01,9.611404154839160441e-01,9.608624217226280351e-01,9.608624217226907627e-01,9.999999999999857891e-01,9.608624217225696373e-01,9.611404154834243263e-01,9.611460403885396797e-01,9.611465181698873872e-01,9.611460403886256110e-01,9.611404154833322888e-01,9.611404154838566471e-01,9.608624217225696373e-01,9.999999999999857891e-01,9.608624217226000574e-01,9.611404154837106528e-01,9.611460403886242787e-01,9.611465181702310012e-01,9.611460403885047077e-01,9.611460403887156501e-01,9.611404154834243263e-01,9.608624217226000574e-01,9.999999999999857891e-01,9.608624217225731901e-01,9.611404154834826130e-01,9.611460403886556980e-01,9.611465181697977922e-01,9.611465181702643079e-01,9.611460403885396797e-01,9.611404154837106528e-01,9.608624217225731901e-01,9.999999999999857891e-01,9.608624217226013897e-01,9.611404154837698277e-01,9.611460403884779513e-01,9.611460403887435167e-01,9.611465181698873872e-01,9.611460403886242787e-01,9.611404154834826130e-01,9.608624217226013897e-01,9.999999999999857891e-01,9.608624217226884312e-01,9.611404154833902425e-01,9.611404154839160441e-01,9.611460403886256110e-01,9.611465181702310012e-01,9.611460403886556980e-01,9.611404154837698277e-01,9.608624217226884312e-01,9.999999999999857891e-01,9.608624217225669728e-01,9.608624217226280351e-01,9.611404154833322888e-01,9.611460403885047077e-01,9.611465181697977922e-01,9.611460403884779513e-01,9.611404154833902425e-01,9.608624217225669728e-01,9.999999999999857891e-01
9.999999999999825695e-01,9.498723027620681325e-01,9.502934136619169969e-01,9.503036105472297823e-01,9.503052923387019790e-01,9.503036105471808215e-01,9.502934136618534922e-01,9.498723027620979975e-01,9.498723027620681325e-01,9.999999999999825695e-01,9.498723027621964743e-01,9.502934136624289208e-01,9.503036105473775530e-01,9.503052923391348550e-01,9.503036105472844053e-01,9.502934136624507921e-01,9.502934136619169969e-01,9.498723027621964743e-01,9.999999999999825695e-01,9.498723027622039128e-01,9.502934136620722061e-01,9.503036105473063877e-01,9.503052923387347306e-01,9.503036105473772199e-01,9.503036105472297823e-01,9.502934136624289208e-01,9.498723027622039128e-01,9.999999999999825695e-01,9.498723027622341109e-01,9.502934136623872874e-01,9.503036105472918438e-01,9.503052923392130147e-01,9.503052923387019790e-01,9.503036105473775530e-01,9.502934136620722061e-01,9.498723027622341109e-01,9.999999999999825695e-01,9.498723027621841508e-01,9.502934136620084793e-01,9.503036105474065298e-01,9.503036105471808215e-01,9.503052923391348550e-01,9.503036105473063877e-01,9.502934136623872874e-01,9.498723027621841508e-01,9.999999999999825695e-01,9.498723027620891157e-01,9.502934136624092698e-01,9.502934136618534922e-01,9.503036105472844053e-01,9.503052923387347306e-01,9.503036105472918438e-01,9.502934136620084793e-01,9.498723027620891157e-01,9.999999999999825695e-01,9.498723027621612802e-01,9.498723027620979975e-01,9.502934136624507921e-01,9.503036105473772199e-01,9.503052923392130147e-01,9.503036105474065298e-01,9.502934136624092698e-01,9.498723027621612802e-01,9.999999999999825695e-01
9.999999999999876765e-01,9.385395510376479677e-01,9.390805751262878420e-01,9.390949810591153746e-01,9.390962435285188370e-01,9.390949810591204816e-01,9.390805751262670809e-01,9.385395510376698391e-01,9.385395510376479677e-01,9.999999999999876765e-01,9.385395510376721706e-01,9.390805751261342982e-01,9.390949810591523450e-01,9.390962435283710663e-01,9.390949810591324720e-01,9.390805751261694923e-01,9.390805751262878420e-01,9.385395510376721706e-01,9.999999999999876765e-01,9.385395510376585149e-01,9.390805751263114898e-01,9.390949810591447955e-01,9.390962435285231669e-01,9.390949810591743274e-01,9.390949810591153746e-01,9.390805751261342982e-01,9.385395510376585149e-01,9.999999999999876765e-01,9.385395510376578487e-01,9.390805751261260825e-01,9.390949810591190383e-01,9.390962435283871645e-01,9.390962435285188370e-01,9.390949810591523450e-01,9.390805751263114898e-01,9.385395510376578487e-01,9.999999999999876765e-01,9.385395510376633998e-01,9.390805751262911727e-01,9.390949810591737723e-01,9.390949810591204816e-01,9.390962435283710663e-01,9.390949810591447955e-01,9.390805751261260825e-01,9.385395510376633998e-01,9.999999999999876765e-01,9.385395510376434158e-01,9.390805751261610546e-01,9.390805751262670809e-01,9.390949810591324720e-01,9.390962435285231669e-01,9.390949810591190383e-01,9.390805751262911727e-01,9.385395510376434158e-01,9.999999999999876765e-01,9.385395510376735029e-01,9.385395510376698391e-01,9.390805751261694923e-01,9.390949810591743274e-01,9.390962435283871645e-01,9.390949810591737723e-01,9.390805751261610546e-01,9.385395510376735029e-01,9.999999999999876765e-01
9.999999999999854561e-01,9.290579224027902816e-01,9.296326807342144560e-01,9.296465041161353637e-01,9.296478137656498664e-01,9.296465041161573462e-01,9.296326807342883969e-01,9.290579224027639693e-01,9.290579224027902816e-01,9.999999999999854561e-01,9.290579224026515037e-01,9.296326807337577103e-01,9.296465041159344134e-01,9.296478137652562923e-01,9.296465041160481002e-01,9.296326807337060849e-01,9.296326807342144560e-01,9.290579224026515037e-01,9.999999999999854561e-01,9.290579224026775940e-01,9.296326807340388187e-01,9.296465041160218989e-01,9.296478137656277729e-01,9.296465041159489573e-01,9.296465041161353637e-01,9.296326807337577103e-01,9.290579224026775940e-01,9.999999999999854561e-01,9.290579224026366267e-01,9.296326807338051168e-01,9.296465041160733023e-01,9.296478137652088858e-01,9.296478137656498664e-01,9.296465041159344134e-01,9.296326807340388187e-01,9.290579224026366267e-01,9.999999999999854561e-01,9.290579224026593863e-01,9.296326807341122045e-01,9.296465041159091003e-01,9.296465041161573462e-01,9.296478137652562923e-01,9.296465041160218989e-01,9.296326807338051168e-01,9.290579224026593863e-01,9.999999999999854561e-01,9.290579224027751826e-01,9.296326807337538245e-01,9.296326807342883969e-01,9.296465041160481002e-01,9.296478137656277729e-01,9.296465041160733023e-01,9.296326807341122045e-01,9.290579224027751826e-01,9.999999999999854561e-01,9.290579224027003535e-01,9.290579224027639693e-01,9.296326807337060849e-01,9.296465041159489573e-01,9.296478137652088858e-01,9.296465041159091003e-01,9.296326807337538245e-01,9.290579224027003535e-01,9.999999999999854561e-01
9.999999999999786837e-01,6.965985809137587026e-01,7.219033881575174227e-01,7.145060214786416175e-01,7.131326647030076238e-01,7.145060214786783659e-01,7.219033881574014044e-01,6.965985809138768303e-01,6.965985809137587026e-01,9.999999999999786837e-01,6.965985809140357032e-01,7.219033881574390410e-01,7.145060214791585373e-01,7.131326647028726207e-01,7.145060214789411557e-01,7.219033881577218148e-01,7.219033881575174227e-01,6.965985809140357032e-01,9.999999999999786837e-01,6.965985809138444118e-01,7.219033881578404976e-01,7.145060214789238362e-01,7.131326647030380439e-01,7.145060214791653097e-01,7.145060214786416175e-01,7.219033881574390410e-01,6.965985809138444118e-01,9.999999999999786837e-01,6.965985809139513263e-01,7.219033881573039269e-01,7.145060214787677388e-01,7.131326647029416765e-01,7.131326647030076238e-01,7.145060214791585373e-01,7.219033881578404976e-01,6.965985809139513263e-01,9.999999999999786837e-01,6.965985809139889628e-01,7.219033881577324729e-01,7.145060214792605668e-01,7.145060214786783659e-01,7.131326647028726207e-01,7.145060214789238362e-01,7.219033881573039269e-01,6.965985809139889628e-01,9.999999999999786837e-01,6.965985809137474893e-01,7.219033881575831479e-01,7.219033881574014044e-01,7.145060214789411557e-01,7.131326647030380439e-01,7.145060214787677388e-01,7.219033881577324729e-01,6.965985809137474893e-01,9.999999999999786837e-01,6.965985809140187168e-01,6.965985809138768303e-01,7.219033881577218148e-01,7.145060214791653097e-01,7.131326647029416765e-01,7.145060214792605668e-01,7.219033881575831479e-01,6.965985809140187168e-01,9.999999999999786837e-01
9.999999999999822364e-01,5.469769024085975317e-01,6.072204367667356495e-01,6.095300924938984455e-01,5.488589194921976722e-01,6.095300924940296738e-01,6.072204367667123348e-01,5.469769024087336451e-01,5.469769024085975317e-01,9.999999999999822364e-01,5.469769024087284270e-01,6.072204367649904899e-01,6.095300924943219956e-01,5.488589194902162571e-01,6.095300924942448351e-01,6.072204367652932477e-01,6.072204367667356495e-01,5.469769024087284270e-01,9.999999999999822364e-01,5.469769024084014664e-01,6.072204367669034042e-01,6.095300924941045029e-01,5.488589194921930092e-01,6.095300924943591880e-01,6.095300924938984455e-01,6.072204367649904899e-01,5.469769024084014664e-01,9.999999999999822364e-01,5.469769024084859543e-01,6.072204367648736945e-01,6.095300924939544007e-01,5.488589194902036006e-01,5.488589194921976722e-01,6.095300924943219956e-01,6.072204367669034042e-01,5.469769024084859543e-01,9.999999999999822364e-01,5.469769024086518217e-01,6.072204367668527780e-01,6.095300924944376808e-01,6.095300924940296738e-01,5.488589194902162571e-01,6.095300924941045029e-01,6.072204367648736945e-01,5.469769024086518217e-01,9.999999999999822364e-01,5.469769024085144871e-01,6.072204367651905521e-01,6.072204367667123348e-01,6.095300924942448351e-01,5.488589194921930092e-01,6.095300924939544007e-01,6.072204367668527780e-01,5.469769024085144871e-01,9.999999999999822364e-01,5.469769024088015907e-01,5.469769024087336451e-01,6.072204367652932477e-01,6.095300924943591880e-01,5.488589194902036006e-01,6.095300924944376808e-01,6.072204367651905521e-01,5.469769024088015907e-01,9.999999999999822364e-01
9.999999999999834577e-01,-1.392760605590903644e-03,2.558905351686503460e-01,3.784973218192667632e-01,9.485242397967580397e-03,3.784973218194010447e-01,2.558905351687356111e-01,-1.392760605645276817e-03,-1.392760605590903644e-03,9.999999999999834577e-01,-1.392760606125566236e-03,2.558905351697521313e-01,3.784973218188996125e-01,9.485242400034340354e-03,3.784973218191061139e-01,2.558905351694706343e-01,2.558905351686503460e-01,-1.392760606125566236e-03,9.999999999999834577e-01,-1.392760605634271731e-03,2.558905351683238294e-01,3.784973218191419742e-01,9.485242398031945577e-03,3.784973218191414190e-01,3.784973218192667632e-01,2.558905351697521313e-01,-1.392760605634271731e-03,9.999999999999834577e-01,-1.392760605914374061e-03,2.558905351699505282e-01,3.784973218191695077e-01,9.485242400194104917e-03,9.485242397967580397e-03,3.784973218188996125e-01,2.558905351683238294e-01,-1.392760605914374061e-03,9.999999999999834577e-01,-1.392760606097769027e-03,2.558905351683635754e-01,3.784973218189510158e-01,3.784973218194010447e-01,9.485242400034340354e-03,3.784973218191419742e-01,2.558905351699505282e-01,-1.392760606097769027e-03,9.999999999999834577e-01,-1.392760605500587001e-03,2.558905351696706965e-01,2.558905351687356111e-01,3.784973218191061139e-01,9.485242398031945577e-03,3.784973218191695077e-01,2.558905351683635754e-01,-1.392760605500587001e-03,9.999999999999834577e-01,-1.392760605894161063e-03,-1.392760605645276817e-03,2.558905351694706343e-01,3.784973218191414190e-01,9.485242400194104917e-03,3.784973218189510158e-01,2.558905351696706965e-01,-1.392760605894161063e-03,9.999999999999834577e-01
9.999999999999813483e-01,-1.018543934144518215e-01,2.721278342912777926e-01,2.580812714135631292e-01,7.561230367339236147e-02,2.580812714136596631e-01,2.721278342911007675e-01,-1.018543934141580010e-01,-1.018543934144518215e-01,9.999999999999813483e-01,-1.018543934140437035e-01,2.721278342906798819e-01,2.580812714140038877e-01,7.561230367150069409e-02,2.580812714139544273e-01,2.721278342909804193e-01,2.721278342912777926e-01,-1.018543934140437035e-01,9.999999999999813483e-01,-1.018543934144582885e-01,2.721278342916206849e-01,2.580812714136985209e-01,7.561230367347032688e-02,2.580812714140076070e-01,2.580812714135631292e-01,2.721278342906798819e-01,-1.018543934144582885e-01,9.999999999999813483e-01,-1.018543934142866481e-01,2.721278342904676628e-01,2.580812714136567765e-01,7.561230367166227317e-02,7.561230367339236147e-02,2.580812714140038877e-01,2.721278342916206849e-01,-1.018543934142866481e-01,9.999999999999813483e-01,-1.018543934142200902e-01,2.721278342916246817e-01,2.580812714141039743e-01,2.580812714136596631e-01,7.561230367150069409e-02,2.580812714136985209e-01,2.721278342904676628e-01,-1.018543934142200902e-01,9.999999999999813483e-01,-1.018543934145257068e-01,2.721278342907306191e-01,2.721278342911007675e-01,2.580812714139544273e-01,7.561230367347032688e-02,2.580812714136567765e-01,2.721278342916246817e-01,-1.018543934145257068e-01,9.999999999999813483e-01,-1.018543934139108931e-01,-1.018543934141580010e-01,2.721278342909804193e-01,2.580812714140076070e-01,7.561230367166227317e-02,2.580812714141039743e-01,2.721278342907306191e-01,-1.018543934139108931e-01,9.999999999999813483e-01
9.999999999999810152e-01,-2.400283638025232369e-01,5.625566774445259766e-01,-2.141247838364436495e-01,6.288599724123853374e-01,-2.141247838364663258e-01,5.625566774444583640e-01,-2.400283638023953947e-01,-2.400283638025232369e-01,9.999999999999810152e-01,-2.400283638026080857e-01,5.625566774434229700e-01,-2.141247838366422407e-01,6.288599724121077816e-01,-2.141247838364909173e-01,5.625566774433903294e-01,5.625566774445259766e-01,-2.400283638026080857e-01,9.999999999999810152e-01,-2.400283638025702548e-01,5.625566774445687201e-01,-2.141247838365062939e-01,6.288599724124087631e-01,-2.141247838364385148e-01,-2.141247838364436495e-01,5.625566774434229700e-01,-2.400283638025702548e-01,9.999999999999810152e-01,-2.400283638026536048e-01,5.625566774434251904e-01,-2.141247838365067380e-01,6.288599724121521906e-01,6.288599724123853374e-01,-2.141247838366422407e-01,5.625566774445687201e-01,-2.400283638026536048e-01,9.999999999999810152e-01,-2.400283638026642630e-01,5.625566774445748264e-01,-2.141247838364848943e-01,-2.141247838364663258e-01,6.288599724121077816e-01,-2.141247838365062939e-01,5.625566774434251904e-01,-2.400283638026642630e-01,9.999999999999810152e-01,-2.400283638025177968e-01,5.625566774433705675e-01,5.625566774444583640e-01,-2.141247838364909173e-01,6.288599724124087631e-01,-2.141247838365067380e-01,5.625566774445748264e-01,-2.400283638025177968e-01,9.999999999999810152e-01,-2.400283638024224286e-01,-2.400283638023953947e-01,5.625566774433903294e-01,-2.141247838364385148e-01,6.288599724121521906e-01,-2.141247838364848943e-01,5.625566774433705675e-01,-2.400283638024224286e-01,9.999999999999810152e-01
9.999999999999780176e-01,-4.856556504791519902e-01,5.996307459873168044e-01,-4.473092549750742886e-01,6.988433871124503094e-01,-4.473092549750141700e-01,5.996307459872552981e-01,-4.856556504790899287e-01,-4.856556504791519902e-01,9.999999999999780176e-01,-4.856556504790997542e-01,5.996307459890110048e-01,-4.473092549749457802e-01,6.988433871137454956e-01,-4.473092549749021485e-01,5.996307459889406166e-01,5.996307459873168044e-01,-4.856556504790997542e-01,9.999999999999780176e-01,-4.856556504792933215e-01,5.996307459874272716e-01,-4.473092549750339320e-01,6.988433871124470897e-01,-4.473092549748732827e-01,-4.473092549750742886e-01,5.996307459890110048e-01,-4.856556504792933215e-01,9.999999999999780176e-01,-4.856556504792360895e-01,5.996307459890155567e-01,-4.473092549750641855e-01,6.988433871137618159e-01,6.988433871124503094e-01,-4.473092549749457802e-01,5.996307459874272716e-01,-4.856556504792360895e-01,9.999999999999780176e-01,-4.856556504791539330e-01,5.996307459873626566e-01,-4.473092549748456936e-01,-4.473092549750141700e-01,6.988433871137454956e-01,-4.473092549750339320e-01,5.996307459890155567e-01,-4.856556504791539330e-01,9.999999999999780176e-01,-4.856556504792178819e-01,5.996307459889598235e-01,5.996307459872552981e-01,-4.473092549749021485e-01,6.988433871124470897e-01,-4.473092549750641855e-01,5.996307459873626566e-01,-4.856556504792178819e-01,9.999999999999780176e-01,-4.856556504790355278e-01,-4.856556504790899287e-01,5.996307459889406166e-01,-4.473092549748732827e-01,6.988433871137618159e-01,-4.473092549748456936e-01,5.996307459889598235e-01,-4.856556504790355278e-01,9.999999999999780176e-01
9.999999999999795719e-01,-3.273154157945767362e-01,1.002849808914512142e-01,3.143248307246240825e-01,-1.768311840696334958e-01,3.143248307247450968e-01,1.002849808913970631e-01,-3.273154157945995513e-01,-3.273154157945767362e-01,9.999999999999795719e-01,-3.273154157946870368e-01,1.002849808924131947e-01,3.143248307245186113e-01,-1.768311840679349101e-01,3.143248307246467865e-01,1.002849808923498703e-01,1.002849808914512142e-01,-3.273154157946870368e-01,9.999999999999795719e-01,-3.273154157947406606e-01,1.002849808915848573e-01,3.143248307246457873e-01,-1.768311840696578652e-01,3.143248307247528683e-01,3.143248307246240825e-01,1.002849808924131947e-01,-3.273154157947406606e-01,9.999999999999795719e-01,-3.273154157947850695e-01,1.002849808924804326e-01,3.143248307245637974e-01,-1.768311840680026892e-01,-1.768311840696334958e-01,3.143248307245186113e-01,1.002849808915848573e-01,-3.273154157947850695e-01,9.999999999999795719e-01,-3.273154157946469023e-01,1.002849808913625629e-01,3.143248307246453987e-01,3.143248307247450968e-01,-1.768311840679349101e-01,3.143248307246457873e-01,1.002849808924804326e-01,-3.273154157946469023e-01,9.999999999999795719e-01,-3.273154157946231435e-01,1.002849808924580061e-01,1.002849808913970631e-01,3.143248307246467865e-01,-1.768311840696578652e-01,3.143248307245637974e-01,1.002849808913625629e-01,-3.273154157946231435e-01,9.999999999999795719e-01,-3.273154157946718268e-01,-3.273154157945995513e-01,1.002849808923498703e-01,3.143248307247528683e-01,-1.768311840680026892e-01,3.143248307246453987e-01,1.002849808924580061e-01,-3.273154157946718268e-01,9.999999999999795719e-01
9.999999999999807931e-01,-4.986277110793183587e-01,5.525269216094081948e-01,-4.724631407934991589e-01,5.857437172356442234e-01,-4.724631407933883032e-01,5.525269216095307634e-01,-4.986277110793412848e-01,-4.986277110793183587e-01,9.999999999999807931e-01,-4.986277110794208323e-01,5.525269216082915325e-01,-4.724631407935557248e-01,5.857437172340922427e-01,-4.724631407934906657e-01,5.525269216080623824e-01,5.525269216094081948e-01,-4.986277110794208323e-01,9.999999999999807931e-01,-4.986277110794963274e-01,5.525269216093698921e-01,-4.724631407935199756e-01,5.857437172356463329e-01,-4.724631407935029892e-01,-4.724631407934991589e-01,5.525269216082915325e-01,-4.986277110794963274e-01,9.999999999999807931e-01,-4.986277110794860579e-01,5.525269216082338009e-01,-4.724631407935360183e-01,5.857437172341011244e-01,5.857437172356442234e-01,-4.724631407935557248e-01,5.525269216093698921e-01,-4.986277110794860579e-01,9.999999999999807931e-01,-4.986277110794280487e-01,5.525269216094622626e-01,-4.724631407935616645e-01,-4.724631407933883032e-01,5.857437172340922427e-01,-4.724631407935199756e-01,5.525269216082338009e-01,-4.986277110794280487e-01,9.999999999999807931e-01,-4.986277110793586598e-01,5.525269216080523904e-01,5.525269216095307634e-01,-4.724631407934906657e-01,5.857437172356463329e-01,-4.724631407935360183e-01,5.525269216094622626e-01,-4.986277110793586598e-01,9.999999999999807931e-01,-4.986277110793824185e-01,-4.986277110793412848e-01,5.525269216080623824e-01,-4.724631407935029892e-01,5.857437172341011244e-01,-4.724631407935616645e-01,5.525269216080523904e-01,-4.986277110793824185e-01,9.999999999999807931e-01
9.999999999999809042e-01,-6.757331155111824528e-02,3.004433194871691248e-01,9.088902008927955689e-02,4.015827645595606565e-01,9.088902008936886046e-02,3.004433194872241364e-01,-6.757331155115897658e-02,-6.757331155111824528e-02,9.999999999999809042e-01,-6.757331155131371392e-02,3.004433194840895882e-01,9.088902008926839915e-02,4.015827645572537796e-01,9.088902008931178111e-02,3.004433194838564969e-01,3.004433194871691248e-01,-6.757331155131371392e-02,9.999999999999809042e-01,-6.757331155126397593e-02,3.004433194869633450e-01,9.088902008930703491e-02,4.015827645595605455e-01,9.088902008932156495e-02,9.088902008927955689e-02,3.004433194840895882e-01,-6.757331155126397593e-02,9.999999999999809042e-01,-6.757331155131145184e-02,3.004433194842373034e-01,9.088902008923280262e-02,4.015827645572422888e-01,4.015827645595606565e-01,9.088902008926839915e-02,3.004433194869633450e-01,-6.757331155131145184e-02,9.999999999999809042e-01,-6.757331155129633893e-02,3.004433194869543522e-01,9.088902008929977683e-02,9.088902008936886046e-02,4.015827645572537796e-01,9.088902008930703491e-02,3.004433194842373034e-01,-6.757331155129633893e-02,9.999999999999809042e-01,-6.757331155110807286e-02,3.004433194840119836e-01,3.004433194872241364e-01,9.088902008931178111e-02,4.015827645595605455e-01,9.088902008923280262e-02,3.004433194869543522e-01,-6.757331155110807286e-02,9.999999999999809042e-01,-6.757331155127099809e-02,-6.757331155115897658e-02,3.004433194838564969e-01,9.088902008932156495e-02,4.015827645572422888e-01,9.088902008929977683e-02,3.004433194840119836e-01,-6.757331155127099809e-02,9.999999999999809042e-01
9.999999999999810152e-01,-3.259705936827184125e-01,2.630097586086340700e-01,5.190105766359224410e-02,1.964621731833304796e-01,5.190105766343017929e-02,2.630097586088175898e-01,-3.259705936829254691e-01,-3.259705936827184125e-01,9.999999999999810152e-01,-3.259705936832126838e-01,2.630097586071583060e-01,5.190105766303729218e-02,1.964621731826736162e-01,5.190105766337761717e-02,2.630097586067030591e-01,2.630097586086340700e-01,-3.259705936832126838e-01,9.999999999999810152e-01,-3.259705936828802830e-01,2.630097586083421923e-01,5.190105766323808295e-02,1.964621731832683904e-01,5.190105766312205771e-02,5.190105766359224410e-02,2.630097586071583060e-01,-3.259705936828802830e-01,9.999999999999810152e-01,-3.259705936830427087e-01,2.630097586073350535e-01,5.190105766348440675e-02,1.964621731825493822e-01,1.964621731833304796e-01,5.190105766303729218e-02,2.630097586083421923e-01,-3.259705936830427087e-01,9.999999999999810152e-01,-3.259705936831275852e-01,2.630097586083371963e-01,5.190105766310630642e-02,5.190105766343017929e-02,1.964621731826736162e-01,5.190105766323808295e-02,2.630097586073350535e-01,-3.259705936831275852e-01,9.999999999999810152e-01,-3.259705936826970407e-01,2.630097586069678472e-01,2.630097586088175898e-01,5.190105766337761717e-02,1.964621731832683904e-01,5.190105766348440675e-02,2.630097586083371963e-01,-3.259705936826970407e-01,9.999999999999810152e-01,-3.259705936831062134e-01,-3.259705936829254691e-01,2.630097586067030591e-01,5.190105766312205771e-02,1.964621731825493822e-01,5.190105766310630642e-02,2.630097586069678472e-01,-3.259705936831062134e-01,9.999999999999810152e-01
9.999999999999832356e-01,-6.626699199036417687e-01,6.205380533868090076e-01,-4.934329025878817498e-01,5.755345033332539550e-01,-4.934329025879593544e-01,6.205380533867881354e-01,-6.626699199035377408e-01,-6.626699199036417687e-01,9.999999999999832356e-01,-6.626699199035948062e-01,6.205380533873650073e-01,-4.934329025878333996e-01,5.755345033334005045e-01,-4.934329025878463892e-01,6.205380533873111615e-01,6.205380533868090076e-01,-6.626699199035948062e-01,9.999999999999832356e-01,-6.626699199035429588e-01,6.205380533866047266e-01,-4.934329025878689823e-01,5.755345033332841531e-01,-4.934329025879409802e-01,-4.934329025878817498e-01,6.205380533873650073e-01,-6.626699199035429588e-01,9.999999999999832356e-01,-6.626699199035741561e-01,6.205380533873945392e-01,-4.934329025879113928e-01,5.755345033334925420e-01,5.755345033332539550e-01,-4.934329025878333996e-01,6.205380533866047266e-01,-6.626699199035741561e-01,9.999999999999832356e-01,-6.626699199036247823e-01,6.205380533867649318e-01,-4.934329025878340103e-01,-4.934329025879593544e-01,5.755345033334005045e-01,-4.934329025878689823e-01,6.205380533873945392e-01,-6.626699199036247823e-01,9.999999999999832356e-01,-6.626699199035916976e-01,6.205380533872911775e-01,6.205380533867881354e-01,-4.934329025878463892e-01,5.755345033332841531e-01,-4.934329025879113928e-01,6.205380533867649318e-01,-6.626699199035916976e-01,9.999999999999832356e-01,-6.626699199035416266e-01,-6.626699199035377408e-01,6.205380533873111615e-01,-4.934329025879409802e-01,5.755345033334925420e-01,-4.934329025878340103e-01,6.205380533872911775e-01,-6.626699199035416266e-01,9.999999999999832356e-01
9.999999999999846789e-01,-1.172549878733892825e-01,2.478084602945636872e-01,9.072658234723039727e-02,1.703142534140559272e-01,9.072658234712729919e-02,2.478084602944965187e-01,-1.172549878734378270e-01,-1.172549878733892825e-01,9.999999999999846789e-01,-1.172549878736954820e-01,2.478084602970362926e-01,9.072658234663041887e-02,1.703142534176227130e-01,9.072658234682237643e-02,2.478084602968239902e-01,2.478084602945636872e-01,-1.172549878736954820e-01,9.999999999999846789e-01,-1.172549878731688061e-01,2.478084602941554027e-01,9.072658234692942969e-02,1.703142534140844322e-01,9.072658234668509736e-02,9.072658234723039727e-02,2.478084602970362926e-01,-1.172549878731688061e-01,9.999999999999846789e-01,-1.172549878734106127e-01,2.478084602972567274e-01,9.072658234712564773e-02,1.703142534177134459e-01,1.703142534140559272e-01,9.072658234663041887e-02,2.478084602941554027e-01,-1.172549878734106127e-01,9.999999999999846789e-01,-1.172549878736210693e-01,2.478084602943216308e-01,9.072658234655617271e-02,9.072658234712729919e-02,1.703142534176227130e-01,9.072658234692942969e-02,2.478084602972567274e-01,-1.172549878736210693e-01,9.999999999999846789e-01,-1.172549878732478124e-01,2.478084602969301276e-01,2.478084602944965187e-01,9.072658234682237643e-02,1.703142534140844322e-01,9.072658234712564773e-02,2.478084602943216308e-01,-1.172549878732478124e-01,9.999999999999846789e-01,-1.172549878735841267e-01,-1.172549878734378270e-01,2.478084602968239902e-01,9.072658234668509736e-02,1.703142534177134459e-01,9.072658234655617271e-02,2.478084602969301276e-01,-1.172549878735841267e-01,9.999999999999846789e-01
