1.000000000000000222e+00,1.000000000000000222e+00,1.000000000000000222e+00,1.000000000000000222e+00,1.000000000000000222e+00,1.000000000000000222e+00,1.000000000000000222e+00,1.000000000000000222e+00,1.000000000000000222e+00,1.000000000000000222e+00,1.000000000000000222e+00,1.000000000000000222e+00,1.000000000000000222e+00,1.000000000000000222e+00,1.000000000000000222e+00,1.000000000000000222e+00,1.000000000000000222e+00,1.000000000000000222e+00,1.000000000000000222e+00,1.000000000000000222e+00,1.000000000000000222e+00,1.000000000000000222e+00,1.000000000000000222e+00,1.000000000000000222e+00,1.000000000000000222e+00,1.000000000000000222e+00,1.000000000000000222e+00,1.000000000000000222e+00,1.000000000000000222e+00,1.000000000000000222e+00,1.000000000000000222e+00,1.000000000000000222e+00,1.000000000000000222e+00,1.000000000000000222e+00,1.000000000000000222e+00,1.000000000000000222e+00,1.000000000000000222e+00,1.000000000000000222e+00,1.000000000000000222e+00,1.000000000000000222e+00,1.000000000000000222e+00,1.000000000000000222e+00,1.000000000000000222e+00,1.000000000000000222e+00,1.000000000000000222e+00,1.000000000000000222e+00,1.000000000000000222e+00,1.000000000000000222e+00,1.000000000000000222e+00,1.000000000000000222e+00,1.000000000000000222e+00,1.000000000000000222e+00,1.000000000000000222e+00,1.000000000000000222e+00,1.000000000000000222e+00,1.000000000000000222e+00,1.000000000000000222e+00,1.000000000000000222e+00,1.000000000000000222e+00,1.000000000000000222e+00,1.000000000000000222e+00,1.000000000000000222e+00,1.000000000000000222e+00,1.000000000000000222e+00
9.999999999999988898e-01,9.993333229831010689e-01,9.993333850742541768e-01,9.993333874766854308e-01,9.993333877096359785e-01,9.993333874766855418e-01,9.993333850742541768e-01,9.993333229831009579e-01,9.993333229831010689e-01,9.999999999999988898e-01,9.993333229831009579e-01,9.993333850742543989e-01,9.993333874766854308e-01,9.993333877096360895e-01,9.993333874766855418e-01,9.993333850742542879e-01,9.993333850742541768e-01,9.993333229831009579e-01,9.999999999999988898e-01,9.993333229831009579e-01,9.993333850742542879e-01,9.993333874766854308e-01,9.993333877096358675e-01,9.993333874766853198e-01,9.993333874766854308e-01,9.993333850742543989e-01,9.993333229831009579e-01,9.999999999999988898e-01,9.993333229831009579e-01,9.993333850742543989e-01,9.993333874766854308e-01,9.993333877096359785e-01,9.993333877096359785e-01,9.993333874766854308e-01,9.993333850742542879e-01,9.993333229831009579e-01,9.999999999999988898e-01,9.993333229831010689e-01,9.993333850742542879e-01,9.993333874766855418e-01,9.993333874766855418e-01,9.993333877096360895e-01,9.993333874766854308e-01,9.993333850742543989e-01,9.993333229831010689e-01,9.999999999999988898e-01,9.993333229831011799e-01,9.993333850742543989e-01,9.993333850742541768e-01,9.993333874766855418e-01,9.993333877096358675e-01,9.993333874766854308e-01,9.993333850742542879e-01,9.993333229831011799e-01,9.999999999999988898e-01,9.993333229831008468e-01,9.993333229831009579e-01,9.993333850742542879e-01,9.993333874766853198e-01,9.993333877096359785e-01,9.993333874766855418e-01,9.993333850742543989e-01,9.993333229831008468e-01,9.999999999999988898e-01
1.000000000000001110e+00,9.973414609671855668e-01,9.973424481961821186e-01,9.973424859219439664e-01,9.973424895907789800e-01,9.973424859219439664e-01,9.973424481961822297e-01,9.973414609671854558e-01,9.973414609671855668e-01,1.000000000000001110e+00,9.973414609671854558e-01,9.973424481961821186e-01,9.973424859219438554e-01,9.973424895907790910e-01,9.973424859219439664e-01,9.973424481961821186e-01,9.973424481961821186e-01,9.973414609671854558e-01,1.000000000000001110e+00,9.973414609671854558e-01,9.973424481961821186e-01,9.973424859219439664e-01,9.973424895907790910e-01,9.973424859219439664e-01,9.973424859219439664e-01,9.973424481961821186e-01,9.973414609671854558e-01,1.000000000000001110e+00,9.973414609671855668e-01,9.973424481961822297e-01,9.973424859219439664e-01,9.973424895907789800e-01,9.973424895907789800e-01,9.973424859219438554e-01,9.973424481961821186e-01,9.973414609671855668e-01,1.000000000000001110e+00,9.973414609671855668e-01,9.973424481961822297e-01,9.973424859219439664e-01,9.973424859219439664e-01,9.973424895907790910e-01,9.973424859219439664e-01,9.973424481961822297e-01,9.973414609671855668e-01,1.000000000000001110e+00,9.973414609671855668e-01,9.973424481961822297e-01,9.973424481961822297e-01,9.973424859219439664e-01,9.973424895907790910e-01,9.973424859219439664e-01,9.973424481961822297e-01,9.973414609671855668e-01,1.000000000000001110e+00,9.973414609671854558e-01,9.973414609671854558e-01,9.973424481961821186e-01,9.973424859219439664e-01,9.973424895907789800e-01,9.973424859219439664e-01,9.973424481961822297e-01,9.973414609671854558e-01,1.000000000000001110e+00
1.000000000000000888e+00,9.940486239112430455e-01,9.940535699027470695e-01,9.940537550003107903e-01,9.940537730960701257e-01,9.940537550003105682e-01,9.940535699027470695e-01,9.940486239112429345e-01,9.940486239112430455e-01,1.000000000000000888e+00,9.940486239112430455e-01,9.940535699027472916e-01,9.940537550003104572e-01,9.940537730960701257e-01,9.940537550003105682e-01,9.940535699027471805e-01,9.940535699027470695e-01,9.940486239112430455e-01,1.000000000000000888e+00,9.940486239112429345e-01,9.940535699027469585e-01,9.940537550003104572e-01,9.940537730960699037e-01,9.940537550003105682e-01,9.940537550003107903e-01,9.940535699027472916e-01,9.940486239112429345e-01,1.000000000000000888e+00,9.940486239112429345e-01,9.940535699027469585e-01,9.940537550003106793e-01,9.940537730960702367e-01,9.940537730960701257e-01,9.940537550003104572e-01,9.940535699027469585e-01,9.940486239112429345e-01,1.000000000000000888e+00,9.940486239112427125e-01,9.940535699027469585e-01,9.940537550003104572e-01,9.940537550003105682e-01,9.940537730960701257e-01,9.940537550003104572e-01,9.940535699027469585e-01,9.940486239112427125e-01,1.000000000000000888e+00,9.940486239112428235e-01,9.940535699027470695e-01,9.940535699027470695e-01,9.940537550003105682e-01,9.940537730960699037e-01,9.940537550003106793e-01,9.940535699027469585e-01,9.940486239112428235e-01,1.000000000000000888e+00,9.940486239112429345e-01,9.940486239112429345e-01,9.940535699027471805e-01,9.940537550003105682e-01,9.940537730960702367e-01,9.940537550003104572e-01,9.940535699027470695e-01,9.940486239112429345e-01,1.000000000000000888e+00
9.999999999999997780e-01,9.894941930066479818e-01,9.895095999123721953e-01,9.895101596779604103e-01,9.895102148500705130e-01,9.895101596779601882e-01,9.895095999123721953e-01,9.894941930066480928e-01,9.894941930066479818e-01,9.999999999999997780e-01,9.894941930066479818e-01,9.895095999123721953e-01,9.895101596779601882e-01,9.895102148500705130e-01,9.895101596779602993e-01,9.895095999123720842e-01,9.895095999123721953e-01,9.894941930066479818e-01,9.999999999999997780e-01,9.894941930066479818e-01,9.895095999123721953e-01,9.895101596779601882e-01,9.895102148500706241e-01,9.895101596779602993e-01,9.895101596779604103e-01,9.895095999123721953e-01,9.894941930066479818e-01,9.999999999999997780e-01,9.894941930066478708e-01,9.895095999123720842e-01,9.895101596779602993e-01,9.895102148500706241e-01,9.895102148500705130e-01,9.895101596779601882e-01,9.895095999123721953e-01,9.894941930066478708e-01,9.999999999999997780e-01,9.894941930066479818e-01,9.895095999123720842e-01,9.895101596779602993e-01,9.895101596779601882e-01,9.895102148500705130e-01,9.895101596779601882e-01,9.895095999123720842e-01,9.894941930066479818e-01,9.999999999999997780e-01,9.894941930066478708e-01,9.895095999123720842e-01,9.895095999123721953e-01,9.895101596779602993e-01,9.895102148500706241e-01,9.895101596779602993e-01,9.895095999123720842e-01,9.894941930066478708e-01,9.999999999999997780e-01,9.894941930066479818e-01,9.894941930066480928e-01,9.895095999123720842e-01,9.895101596779602993e-01,9.895102148500706241e-01,9.895101596779602993e-01,9.895095999123720842e-01,9.894941930066479818e-01,9.999999999999997780e-01
1.000000000000001776e+00,9.837313410222364718e-01,9.837682682024552205e-01,9.837695589085911907e-01,9.837696876403537738e-01,9.837695589085913017e-01,9.837682682024553316e-01,9.837313410222363608e-01,9.837313410222364718e-01,1.000000000000001776e+00,9.837313410222363608e-01,9.837682682024549985e-01,9.837695589085913017e-01,9.837696876403538848e-01,9.837695589085913017e-01,9.837682682024552205e-01,9.837682682024552205e-01,9.837313410222363608e-01,1.000000000000001776e+00,9.837313410222361387e-01,9.837682682024552205e-01,9.837695589085911907e-01,9.837696876403536628e-01,9.837695589085911907e-01,9.837695589085911907e-01,9.837682682024549985e-01,9.837313410222361387e-01,1.000000000000001776e+00,9.837313410222362497e-01,9.837682682024551095e-01,9.837695589085911907e-01,9.837696876403536628e-01,9.837696876403537738e-01,9.837695589085913017e-01,9.837682682024552205e-01,9.837313410222362497e-01,1.000000000000001776e+00,9.837313410222362497e-01,9.837682682024551095e-01,9.837695589085911907e-01,9.837695589085913017e-01,9.837696876403538848e-01,9.837695589085911907e-01,9.837682682024551095e-01,9.837313410222362497e-01,1.000000000000001776e+00,9.837313410222363608e-01,9.837682682024553316e-01,9.837682682024553316e-01,9.837695589085913017e-01,9.837696876403536628e-01,9.837695589085911907e-01,9.837682682024551095e-01,9.837313410222363608e-01,1.000000000000001776e+00,9.837313410222362497e-01,9.837313410222363608e-01,9.837682682024552205e-01,9.837695589085911907e-01,9.837696876403536628e-01,9.837695589085911907e-01,9.837682682024553316e-01,9.837313410222362497e-01,1.000000000000001776e+00
9.999999999999994449e-01,9.768252386178299940e-01,9.769001250923029511e-01,9.769026190260446940e-01,9.769028719298901153e-01,9.769026190108707208e-01,9.769001250886092391e-01,9.768252386349256522e-01,9.768252386178299940e-01,9.999999999999994449e-01,9.768252386335601889e-01,9.769001251260376328e-01,9.769026190268439436e-01,9.769028719440993047e-01,9.769026190189504799e-01,9.769001251236757444e-01,9.769001250923029511e-01,9.768252386335601889e-01,9.999999999999994449e-01,9.768252386529491238e-01,9.769001251120165152e-01,9.769026190264464837e-01,9.769028719375860703e-01,9.769026190394253240e-01,9.769026190260446940e-01,9.769001251260376328e-01,9.768252386529491238e-01,9.999999999999994449e-01,9.768252386572862100e-01,9.769001251299755939e-01,9.769026190381827623e-01,9.769028719763030999e-01,9.769028719298901153e-01,9.769026190268439436e-01,9.769001251120165152e-01,9.768252386572862100e-01,9.999999999999994449e-01,9.768252386418830868e-01,9.769001251084675763e-01,9.769026190437305468e-01,9.769026190108707208e-01,9.769028719440993047e-01,9.769026190264464837e-01,9.769001251299755939e-01,9.768252386418830868e-01,9.999999999999994449e-01,9.768252386340202653e-01,9.769001251277844577e-01,9.769001250886092391e-01,9.769026190189504799e-01,9.769028719375860703e-01,9.769026190381827623e-01,9.769001251084675763e-01,9.768252386340202653e-01,9.999999999999994449e-01,9.768252386471085735e-01,9.768252386349256522e-01,9.769001251236757444e-01,9.769026190394253240e-01,9.769028719763030999e-01,9.769026190437305468e-01,9.769001251277844577e-01,9.768252386471085735e-01,9.999999999999994449e-01
9.999999999999995559e-01,9.688509650886714120e-01,9.689861511936662675e-01,9.689903962824170103e-01,9.689908367562282132e-01,9.689903962372617974e-01,9.689861511823545381e-01,9.688509651381623788e-01,9.688509650886714120e-01,9.999999999999995559e-01,9.688509651359431540e-01,9.689861513003917848e-01,9.689903962925872083e-01,9.689908367992655647e-01,9.689903962630775913e-01,9.689861512935923349e-01,9.689861511936662675e-01,9.688509651359431540e-01,9.999999999999995559e-01,9.688509651919756660e-01,9.689861512583232139e-01,9.689903962840211715e-01,9.689908367737261052e-01,9.689903963228808648e-01,9.689903962824170103e-01,9.689861513003917848e-01,9.688509651919756660e-01,9.999999999999995559e-01,9.688509652106684911e-01,9.689861513103645851e-01,9.689903963187296299e-01,9.689908368935213900e-01,9.689908367562282132e-01,9.689903962925872083e-01,9.689861512583232139e-01,9.688509652106684911e-01,9.999999999999995559e-01,9.688509651648410381e-01,9.689861512474529093e-01,9.689903963414483457e-01,9.689903962372617974e-01,9.689908367992655647e-01,9.689903962840211715e-01,9.689861513103645851e-01,9.688509651648410381e-01,9.999999999999995559e-01,9.688509651353158780e-01,9.689861513041584384e-01,9.689861511823545381e-01,9.689903962630775913e-01,9.689908367737261052e-01,9.689903963187296299e-01,9.689861512474529093e-01,9.688509651353158780e-01,9.999999999999995559e-01,9.688509651745607076e-01,9.688509651381623788e-01,9.689861512935923349e-01,9.689903963228808648e-01,9.689908368935213900e-01,9.689903963414483457e-01,9.689861513041584384e-01,9.688509651745607076e-01,9.999999999999995559e-01
9.999999999999987788e-01,9.598912517005370182e-01,9.601151889514005777e-01,9.601217437742873839e-01,9.601224455437424865e-01,9.601217437742871619e-01,9.601151889514007998e-01,9.598912517005370182e-01,9.598912517005370182e-01,9.999999999999987788e-01,9.598912517005370182e-01,9.601151889514005777e-01,9.601217437742871619e-01,9.601224455437423755e-01,9.601217437742873839e-01,9.601151889514006887e-01,9.601151889514005777e-01,9.598912517005370182e-01,9.999999999999987788e-01,9.598912517005371292e-01,9.601151889514006887e-01,9.601217437742871619e-01,9.601224455437425975e-01,9.601217437742872729e-01,9.601217437742873839e-01,9.601151889514005777e-01,9.598912517005371292e-01,9.999999999999987788e-01,9.598912517005369072e-01,9.601151889514006887e-01,9.601217437742873839e-01,9.601224455437424865e-01,9.601224455437424865e-01,9.601217437742871619e-01,9.601151889514006887e-01,9.598912517005369072e-01,9.999999999999987788e-01,9.598912517005370182e-01,9.601151889514006887e-01,9.601217437742872729e-01,9.601217437742871619e-01,9.601224455437423755e-01,9.601217437742871619e-01,9.601151889514006887e-01,9.598912517005370182e-01,9.999999999999987788e-01,9.598912517005370182e-01,9.601151889514005777e-01,9.601151889514007998e-01,9.601217437742873839e-01,9.601224455437425975e-01,9.601217437742873839e-01,9.601151889514006887e-01,9.598912517005370182e-01,9.999999999999987788e-01,9.598912517005371292e-01,9.598912517005370182e-01,9.601151889514006887e-01,9.601217437742872729e-01,9.601224455437424865e-01,9.601217437742872729e-01,9.601151889514005777e-01,9.598912517005371292e-01,9.999999999999987788e-01
1.000000000000001554e+00,9.500341825155070863e-01,9.503813427040296302e-01,9.503906931386821855e-01,9.503917370879269022e-01,9.503906931386824075e-01,9.503813427040297412e-01,9.500341825155071973e-01,9.500341825155070863e-01,1.000000000000001554e+00,9.500341825155071973e-01,9.503813427040296302e-01,9.503906931386822965e-01,9.503917370879271243e-01,9.503906931386820744e-01,9.503813427040295192e-01,9.503813427040296302e-01,9.500341825155071973e-01,1.000000000000001554e+00,9.500341825155074194e-01,9.503813427040297412e-01,9.503906931386824075e-01,9.503917370879267912e-01,9.503906931386819634e-01,9.503906931386821855e-01,9.503813427040296302e-01,9.500341825155074194e-01,1.000000000000001554e+00,9.500341825155074194e-01,9.503813427040299633e-01,9.503906931386821855e-01,9.503917370879267912e-01,9.503917370879269022e-01,9.503906931386822965e-01,9.503813427040297412e-01,9.500341825155074194e-01,1.000000000000001554e+00,9.500341825155075304e-01,9.503813427040298523e-01,9.503906931386822965e-01,9.503906931386824075e-01,9.503917370879271243e-01,9.503906931386824075e-01,9.503813427040299633e-01,9.500341825155075304e-01,1.000000000000001554e+00,9.500341825155075304e-01,9.503813427040298523e-01,9.503813427040297412e-01,9.503906931386820744e-01,9.503917370879267912e-01,9.503906931386821855e-01,9.503813427040298523e-01,9.500341825155075304e-01,1.000000000000001554e+00,9.500341825155071973e-01,9.500341825155071973e-01,9.503813427040295192e-01,9.503906931386819634e-01,9.503917370879267912e-01,9.503906931386822965e-01,9.503813427040298523e-01,9.500341825155071973e-01,1.000000000000001554e+00
1.000000000000001110e+00,9.393709670842131931e-01,9.398814802630292009e-01,9.398939445985959873e-01,9.398954162168444704e-01,9.398939445985960983e-01,9.398814802630293119e-01,9.393709670842130821e-01,9.393709670842131931e-01,1.000000000000001110e+00,9.393709670842128601e-01,9.398814802630288678e-01,9.398939445985962093e-01,9.398954162168442483e-01,9.398939445985963204e-01,9.398814802630292009e-01,9.398814802630292009e-01,9.393709670842128601e-01,1.000000000000001110e+00,9.393709670842126380e-01,9.398814802630292009e-01,9.398939445985959873e-01,9.398954162168443593e-01,9.398939445985959873e-01,9.398939445985959873e-01,9.398814802630288678e-01,9.393709670842126380e-01,1.000000000000001110e+00,9.393709670842126380e-01,9.398814802630288678e-01,9.398939445985958763e-01,9.398954162168440263e-01,9.398954162168444704e-01,9.398939445985962093e-01,9.398814802630292009e-01,9.393709670842126380e-01,1.000000000000001110e+00,9.393709670842128601e-01,9.398814802630292009e-01,9.398939445985963204e-01,9.398939445985960983e-01,9.398954162168442483e-01,9.398939445985959873e-01,9.398814802630288678e-01,9.393709670842128601e-01,1.000000000000001110e+00,9.393709670842127490e-01,9.398814802630288678e-01,9.398814802630293119e-01,9.398939445985963204e-01,9.398954162168443593e-01,9.398939445985958763e-01,9.398814802630292009e-01,9.393709670842127490e-01,1.000000000000001110e+00,9.393709670842130821e-01,9.393709670842130821e-01,9.398814802630292009e-01,9.398939445985959873e-01,9.398954162168440263e-01,9.398939445985963204e-01,9.398814802630288678e-01,9.393709670842130821e-01,1.000000000000001110e+00
9.999999999999993339e-01,9.159944026153585828e-01,9.169715196512080446e-01,9.169900160936992339e-01,9.169926106265192667e-01,9.169900161075863476e-01,9.169715196533211321e-01,9.159944026042756704e-01,9.159944026153585828e-01,9.999999999999993339e-01,9.159944026193507227e-01,9.169715196656227363e-01,9.169900161189570298e-01,9.169926106520815967e-01,9.169900161192227062e-01,9.169715196760988007e-01,9.169715196512080446e-01,9.159944026193507227e-01,9.999999999999993339e-01,9.159944025983035587e-01,9.169715196593916096e-01,9.169900161111559367e-01,9.169926106292068946e-01,9.169900161073664124e-01,9.169900160936992339e-01,9.169715196656227363e-01,9.159944025983035587e-01,9.999999999999993339e-01,9.159944025993662642e-01,9.169715196584097283e-01,9.169900160971784508e-01,9.169926106275734234e-01,9.169926106265192667e-01,9.169900161189570298e-01,9.169715196593916096e-01,9.159944025993662642e-01,9.999999999999993339e-01,9.159944026125098615e-01,9.169715196596665008e-01,9.169900161084472145e-01,9.169900161075863476e-01,9.169926106520815967e-01,9.169900161111559367e-01,9.169715196584097283e-01,9.159944026125098615e-01,9.999999999999993339e-01,9.159944026110291571e-01,9.169715196680079394e-01,9.169715196533211321e-01,9.169900161192227062e-01,9.169926106292068946e-01,9.169900160971784508e-01,9.169715196596665008e-01,9.159944026110291571e-01,9.999999999999993339e-01,9.159944026078331580e-01,9.159944026042756704e-01,9.169715196760988007e-01,9.169900161073664124e-01,9.169926106275734234e-01,9.169900161084472145e-01,9.169715196680079394e-01,9.159944026078331580e-01,9.999999999999993339e-01
9.999999999999986677e-01,5.556845069215423649e-01,5.993891667217727814e-01,5.949602503818518517e-01,5.956967391806797796e-01,5.949602503483070182e-01,5.993891667198487649e-01,5.556845069233914414e-01,5.556845069215423649e-01,9.999999999999986677e-01,5.556845069243331325e-01,5.993891667103090626e-01,5.949602503856133984e-01,5.956967391726772920e-01,5.949602504073429055e-01,5.993891667073426577e-01,5.993891667217727814e-01,5.556845069243331325e-01,9.999999999999986677e-01,5.556845069140498028e-01,5.993891667281030511e-01,5.949602503944592113e-01,5.956967391437147930e-01,5.949602503985281787e-01,5.949602503818518517e-01,5.993891667103090626e-01,5.556845069140498028e-01,9.999999999999986677e-01,5.556845069194544795e-01,5.993891667222795983e-01,5.949602504161820571e-01,5.956967391546423851e-01,5.956967391806797796e-01,5.949602503856133984e-01,5.993891667281030511e-01,5.556845069194544795e-01,9.999999999999986677e-01,5.556845069199283227e-01,5.993891667023181213e-01,5.949602503918941521e-01,5.949602503483070182e-01,5.956967391726772920e-01,5.949602503944592113e-01,5.993891667222795983e-01,5.556845069199283227e-01,9.999999999999986677e-01,5.556845069207551058e-01,5.993891667637671894e-01,5.993891667198487649e-01,5.949602504073429055e-01,5.956967391437147930e-01,5.949602504161820571e-01,5.993891667023181213e-01,5.556845069207551058e-01,9.999999999999986677e-01,5.556845069200452292e-01,5.556845069233914414e-01,5.993891667073426577e-01,5.949602503985281787e-01,5.956967391546423851e-01,5.949602503918941521e-01,5.993891667637671894e-01,5.556845069200452292e-01,9.999999999999986677e-01
9.999999999999952260e-01,2.436315969203987908e-01,4.021010149552739499e-01,3.584854839293102335e-01,3.754680462103909822e-01,3.584854853841354938e-01,4.021010136712353522e-01,2.436315968410225907e-01,2.436315969203987908e-01,9.999999999999952260e-01,2.436315972156150866e-01,4.021010154013022753e-01,3.584854846230279835e-01,3.754680466342230627e-01,3.584854847012480250e-01,4.021010138979602688e-01,4.021010149552739499e-01,2.436315972156150866e-01,9.999999999999952260e-01,2.436315974054467093e-01,4.021010145872752628e-01,3.584854843792974477e-01,3.754680465950074320e-01,3.584854846857243871e-01,3.584854839293102335e-01,4.021010154013022753e-01,2.436315974054467093e-01,9.999999999999952260e-01,2.436315975576595905e-01,4.021010136692335646e-01,3.584854857556587504e-01,3.754680466162168551e-01,3.754680462103909822e-01,3.584854846230279835e-01,4.021010145872752628e-01,2.436315975576595905e-01,9.999999999999952260e-01,2.436315974026045383e-01,4.021010143195009046e-01,3.584854851950260990e-01,3.584854853841354938e-01,3.754680466342230627e-01,3.584854843792974477e-01,4.021010136692335646e-01,2.436315974026045383e-01,9.999999999999952260e-01,2.436315972163413668e-01,4.021010135803021468e-01,4.021010136712353522e-01,3.584854847012480250e-01,3.754680465950074320e-01,3.584854857556587504e-01,4.021010143195009046e-01,2.436315972163413668e-01,9.999999999999952260e-01,2.436315969824792704e-01,2.436315968410225907e-01,4.021010138979602688e-01,3.584854846857243871e-01,3.754680466162168551e-01,3.584854851950260990e-01,4.021010135803021468e-01,2.436315969824792704e-01,9.999999999999952260e-01
1.000000000000000888e+00,5.991820535768806189e-02,3.391559433075280738e-01,2.226747882587400418e-01,2.888631873017389884e-01,2.226747903290773323e-01,3.391559412658086137e-01,5.991820514467202652e-02,5.991820535768806189e-02,1.000000000000000888e+00,5.991820566329043168e-02,3.391559435006172296e-01,2.226747895060202931e-01,2.888631881789254230e-01,2.226747885880259181e-01,3.391559420099479749e-01,3.391559433075280738e-01,5.991820566329043168e-02,1.000000000000000888e+00,5.991820564619453754e-02,3.391559419426655730e-01,2.226747881783150973e-01,2.888631874673232014e-01,2.226747895391368304e-01,2.226747882587400418e-01,3.391559435006172296e-01,5.991820564619453754e-02,1.000000000000000888e+00,5.991820477808135897e-02,3.391559412144081742e-01,2.226747901314063416e-01,2.888631884618650947e-01,2.888631873017389884e-01,2.226747895060202931e-01,3.391559419426655730e-01,5.991820477808135897e-02,1.000000000000000888e+00,5.991820439277205368e-02,3.391559421891662263e-01,2.226747892575696997e-01,2.226747903290773323e-01,2.888631881789254230e-01,2.226747881783150973e-01,3.391559412144081742e-01,5.991820439277205368e-02,1.000000000000000888e+00,5.991820450267718035e-02,3.391559416590580467e-01,3.391559412658086137e-01,2.226747885880259181e-01,2.888631874673232014e-01,2.226747901314063416e-01,3.391559421891662263e-01,5.991820450267718035e-02,1.000000000000000888e+00,5.991820484694110327e-02,5.991820514467202652e-02,3.391559420099479749e-01,2.226747895391368304e-01,2.888631884618650947e-01,2.226747892575696997e-01,3.391559416590580467e-01,5.991820484694110327e-02,1.000000000000000888e+00
9.999999999999986677e-01,-5.553432181308787935e-02,3.283193581652428250e-01,1.277585388343941419e-01,2.643199821064872723e-01,1.277585418481546053e-01,3.283193568495824666e-01,-5.553432242222980375e-02,-5.553432181308787935e-02,9.999999999999986677e-01,-5.553432269705303737e-02,3.283193571688589607e-01,1.277585420053732879e-01,2.643199802622601124e-01,1.277585411595827947e-01,3.283193582950332812e-01,3.283193581652428250e-01,-5.553432269705303737e-02,9.999999999999986677e-01,-5.553432418610923516e-02,3.283193564351842841e-01,1.277585407919086535e-01,2.643199814166705686e-01,1.277585382170245976e-01,1.277585388343941419e-01,3.283193571688589607e-01,-5.553432418610923516e-02,9.999999999999986677e-01,-5.553432380077751029e-02,3.283193591676102918e-01,1.277585364411035207e-01,2.643199857671235664e-01,2.643199821064872723e-01,1.277585420053732879e-01,3.283193564351842841e-01,-5.553432380077751029e-02,9.999999999999986677e-01,-5.553432159424241676e-02,3.283193599618917657e-01,1.277585372185141566e-01,1.277585418481546053e-01,2.643199802622601124e-01,1.277585407919086535e-01,3.283193591676102918e-01,-5.553432159424241676e-02,9.999999999999986677e-01,-5.553432119029483305e-02,3.283193587353735454e-01,3.283193568495824666e-01,1.277585411595827947e-01,2.643199814166705686e-01,1.277585364411035207e-01,3.283193599618917657e-01,-5.553432119029483305e-02,9.999999999999986677e-01,-5.553432238841615742e-02,-5.553432242222980375e-02,3.283193582950332812e-01,1.277585382170245976e-01,2.643199857671235664e-01,1.277585372185141566e-01,3.283193587353735454e-01,-5.553432238841615742e-02,9.999999999999986677e-01
9.999999999999993339e-01,-1.352669073914058717e-01,3.363363094674365339e-01,5.388907112602776828e-02,2.660375531104282043e-01,5.388907254530155705e-02,3.363363105120360519e-01,-1.352669072641544401e-01,-1.352669073914058717e-01,9.999999999999993339e-01,-1.352669094790975857e-01,3.363363094249653962e-01,5.388907170938538743e-02,2.660375508174684933e-01,5.388907211974583444e-02,3.363363119379115806e-01,3.363363094674365339e-01,-1.352669094790975857e-01,9.999999999999993339e-01,-1.352669112159917142e-01,3.363363104035287376e-01,5.388907180263047964e-02,2.660375528982215632e-01,5.388906882567096046e-02,5.388907112602776828e-02,3.363363094249653962e-01,-1.352669112159917142e-01,9.999999999999993339e-01,-1.352669097494084149e-01,3.363363132745331163e-01,5.388906535491774785e-02,2.660375575929037062e-01,2.660375531104282043e-01,5.388907170938538743e-02,3.363363104035287376e-01,-1.352669097494084149e-01,9.999999999999993339e-01,-1.352669065127930226e-01,3.363363136968232636e-01,5.388906826601538858e-02,5.388907254530155705e-02,2.660375508174684933e-01,5.388907180263047964e-02,3.363363132745331163e-01,-1.352669065127930226e-01,9.999999999999993339e-01,-1.352669058636579158e-01,3.363363114365139350e-01,3.363363105120360519e-01,5.388907211974583444e-02,2.660375528982215632e-01,5.388906535491774785e-02,3.363363136968232636e-01,-1.352669058636579158e-01,9.999999999999993339e-01,-1.352669071554888358e-01,-1.352669072641544401e-01,3.363363119379115806e-01,5.388906882567096046e-02,2.660375575929037062e-01,5.388906826601538858e-02,3.363363114365139350e-01,-1.352669071554888358e-01,9.999999999999993339e-01
1.000000000000000888e+00,-1.939703522047021289e-01,3.507145511436324803e-01,-5.758416725271345293e-03,2.782100375322128505e-01,-5.758416851857383820e-03,3.507145529879905910e-01,-1.939703514117201433e-01,-1.939703522047021289e-01,1.000000000000000888e+00,-1.939703546004902801e-01,3.507145516289670306e-01,-5.758417561055252654e-03,2.782100361081821793e-01,-5.758416516806197372e-03,3.507145538712643229e-01,3.507145511436324803e-01,-1.939703546004902801e-01,1.000000000000000888e+00,-1.939703559347481510e-01,3.507145531935436100e-01,-5.758417250985758268e-03,2.782100375037644402e-01,-5.758419315998741794e-03,-5.758416725271345293e-03,3.507145516289670306e-01,-1.939703559347481510e-01,1.000000000000000888e+00,-1.939703538702391428e-01,3.507145556788058283e-01,-5.758423150742125740e-03,2.782100420699574195e-01,2.782100375322128505e-01,-5.758417561055252654e-03,3.507145531935436100e-01,-1.939703538702391428e-01,1.000000000000000888e+00,-1.939703504156639891e-01,3.507145555100172896e-01,-5.758419814595988617e-03,-5.758416851857383820e-03,2.782100361081821793e-01,-5.758417250985758268e-03,3.507145556788058283e-01,-1.939703504156639891e-01,1.000000000000000888e+00,-1.939703496588569831e-01,3.507145536873326197e-01,3.507145529879905910e-01,-5.758416516806197372e-03,2.782100375037644402e-01,-5.758423150742125740e-03,3.507145555100172896e-01,-1.939703496588569831e-01,1.000000000000000888e+00,-1.939703509064154563e-01,-1.939703514117201433e-01,3.507145538712643229e-01,-5.758419315998741794e-03,2.782100420699574195e-01,-5.758419814595988617e-03,3.507145536873326197e-01,-1.939703509064154563e-01,1.000000000000000888e+00
1.000000000000000222e+00,-2.390176568684091174e-01,3.665044558152050214e-01,-5.461587075834728466e-02,2.938578231863511192e-01,-5.461587117535283975e-02,3.665044570754176778e-01,-2.390176559640273535e-01,-2.390176568684091174e-01,1.000000000000000222e+00,-2.390176591785491689e-01,3.665044559362007348e-01,-5.461587111920956222e-02,2.938578226530133009e-01,-5.461587030922301911e-02,3.665044574361941976e-01,3.665044558152050214e-01,-2.390176591785491689e-01,1.000000000000000222e+00,-2.390176602793301353e-01,3.665044574082176876e-01,-5.461587173071926621e-02,2.938578235938531513e-01,-5.461587289149004432e-02,-5.461587075834728466e-02,3.665044559362007348e-01,-2.390176602793301353e-01,1.000000000000000222e+00,-2.390176578778908656e-01,3.665044596631953921e-01,-5.461587623588033680e-02,2.938578274125041023e-01,2.938578231863511192e-01,-5.461587111920956222e-02,3.665044574082176876e-01,-2.390176578778908656e-01,1.000000000000000222e+00,-2.390176547246055383e-01,3.665044590040698047e-01,-5.461587325910874369e-02,-5.461587117535283975e-02,2.938578226530133009e-01,-5.461587173071926621e-02,3.665044596631953921e-01,-2.390176547246055383e-01,1.000000000000000222e+00,-2.390176540543977324e-01,3.665044578958038257e-01,3.665044570754176778e-01,-5.461587030922301911e-02,2.938578235938531513e-01,-5.461587623588033680e-02,3.665044590040698047e-01,-2.390176540543977324e-01,1.000000000000000222e+00,-2.390176552047418301e-01,-2.390176559640273535e-01,3.665044574361941976e-01,-5.461587289149004432e-02,2.938578274125041023e-01,-5.461587325910874369e-02,3.665044578958038257e-01,-2.390176552047418301e-01,1.000000000000000222e+00
1.000000000000001776e+00,-2.745990481298566377e-01,3.817460631824869943e-01,-9.501001144068579873e-02,3.099379034435232882e-01,-9.501001152878708889e-02,3.817460635058432805e-01,-2.745990473843130664e-01,-2.745990481298566377e-01,1.000000000000001776e+00,-2.745990501905069547e-01,3.817460627229099512e-01,-9.501001075949820629e-02,3.099379036046382985e-01,-9.501001058257538268e-02,3.817460634686293819e-01,3.817460631824869943e-01,-2.745990501905069547e-01,1.000000000000001776e+00,-2.745990512083424928e-01,3.817460638633987102e-01,-9.501001255592173012e-02,3.099379042526279604e-01,-9.501001290756051765e-02,-9.501001144068579873e-02,3.817460627229099512e-01,-2.745990512083424928e-01,1.000000000000001776e+00,-2.745990487910464628e-01,3.817460658906398629e-01,-9.501001556702456941e-02,3.099379071907258920e-01,3.099379034435232882e-01,-9.501001075949820629e-02,3.817460638633987102e-01,-2.745990487910464628e-01,1.000000000000001776e+00,-2.745990460248597387e-01,3.817460650322737070e-01,-9.501001318595717060e-02,-9.501001152878708889e-02,3.099379036046382985e-01,-9.501001255592173012e-02,3.817460658906398629e-01,-2.745990460248597387e-01,1.000000000000001776e+00,-2.745990454979737594e-01,3.817460644470564990e-01,3.817460635058432805e-01,-9.501001058257538268e-02,3.099379042526279604e-01,-9.501001556702456941e-02,3.817460650322737070e-01,-2.745990454979737594e-01,1.000000000000001776e+00,-2.745990465551594317e-01,-2.745990473843130664e-01,3.817460634686293819e-01,-9.501001290756051765e-02,3.099379071907258920e-01,-9.501001318595717060e-02,3.817460644470564990e-01,-2.745990465551594317e-01,1.000000000000001776e+00
9.999999999999994449e-01,-3.033296592045663931e-01,3.957328563108211128e-01,-1.287039353806704034e-01,3.251886095495434281e-01,-1.287039352041533802e-01,3.957328559085747655e-01,-3.033296586124670791e-01,-3.033296592045663931e-01,9.999999999999994449e-01,-3.033296610473535937e-01,3.957328553247805303e-01,-1.287039339322038622e-01,3.251886101460824685e-01,-1.287039342025152189e-01,3.957328555303567530e-01,3.957328563108211128e-01,-3.033296610473535937e-01,9.999999999999994449e-01,-3.033296620518446396e-01,3.957328562641300174e-01,-1.287039365959230519e-01,3.251886105970076546e-01,-1.287039364070699798e-01,-1.287039353806704034e-01,3.957328553247805303e-01,-3.033296620518446396e-01,9.999999999999994449e-01,-3.033296597164139019e-01,3.957328581239928367e-01,-1.287039385658287349e-01,3.251886129131006942e-01,3.251886095495434281e-01,-1.287039339322038622e-01,3.957328562641300174e-01,-3.033296597164139019e-01,9.999999999999994449e-01,-3.033296571780138562e-01,3.957328571092880720e-01,-1.287039365590248730e-01,-1.287039352041533802e-01,3.251886101460824685e-01,-1.287039365959230519e-01,3.957328581239928367e-01,-3.033296571780138562e-01,9.999999999999994449e-01,-3.033296567460142534e-01,3.957328568859745377e-01,3.957328559085747655e-01,-1.287039342025152189e-01,3.251886105970076546e-01,-1.287039385658287349e-01,3.957328571092880720e-01,-3.033296567460142534e-01,9.999999999999994449e-01,-3.033296577568358465e-01,-3.033296586124670791e-01,3.957328555303567530e-01,-1.287039364070699798e-01,3.251886129131006942e-01,-1.287039365590248730e-01,3.957328568859745377e-01,-3.033296577568358465e-01,9.999999999999994449e-01
9.999999999999986677e-01,-3.269475863241932956e-01,4.082907604689959835e-01,-1.570653891770424360e-01,3.391560631268092374e-01,-1.570653889024674621e-01,4.082907595866582251e-01,-3.269475858312845262e-01,-3.269475863241932956e-01,9.999999999999986677e-01,-3.269475879790685324e-01,4.082907590519433971e-01,-1.570653872922884997e-01,3.391560639507218422e-01,-1.570653877757911820e-01,4.082907588977915392e-01,4.082907604689959835e-01,-3.269475879790685324e-01,9.999999999999986677e-01,-3.269475889812044622e-01,4.082907599278136068e-01,-1.570653904819202529e-01,3.391560642943559634e-01,-1.570653899624736560e-01,-1.570653891770424360e-01,4.082907590519433971e-01,-3.269475889812044622e-01,9.999999999999986677e-01,-3.269475867610960318e-01,4.082907616429951592e-01,-1.570653917648690001e-01,3.391560661268069321e-01,3.391560631268092374e-01,-1.570653872922884997e-01,4.082907599278136068e-01,-3.269475867610960318e-01,9.999999999999986677e-01,-3.269475843391949077e-01,4.082907604795392165e-01,-1.570653899694913203e-01,-1.570653889024674621e-01,3.391560639507218422e-01,-1.570653904819202529e-01,4.082907616429951592e-01,-3.269475843391949077e-01,9.999999999999986677e-01,-3.269475839586619692e-01,4.082907605035858145e-01,4.082907595866582251e-01,-1.570653877757911820e-01,3.391560642943559634e-01,-1.570653917648690001e-01,4.082907604795392165e-01,-3.269475839586619692e-01,9.999999999999986677e-01,-3.269475849480361629e-01,-3.269475858312845262e-01,4.082907588977915392e-01,-1.570653899624736560e-01,3.391560661268069321e-01,-1.570653899694913203e-01,4.082907605035858145e-01,-3.269475849480361629e-01,9.999999999999986677e-01
9.999999999999996669e-01,-3.466584230279760592e-01,4.194652545755461204e-01,-1.811569908857502686e-01,3.517473999022204811e-01,-1.811569906137195929e-01,4.194652533775212744e-01,-3.466584226039233219e-01,-3.466584230279760592e-01,9.999999999999996669e-01,-3.466584244817028093e-01,4.194652528480231624e-01,-1.811569887973092097e-01,3.517474008297468702e-01,-1.811569893728092184e-01,4.194652524519827952e-01,4.194652545755461204e-01,-3.466584244817028093e-01,9.999999999999996669e-01,-3.466584254552609878e-01,4.194652536969319945e-01,-1.811569922384455578e-01,3.517474011076918705e-01,-1.811569915078815041e-01,-1.811569908857502686e-01,4.194652528480231624e-01,-3.466584254552609878e-01,9.999999999999996669e-01,-3.466584234144685084e-01,4.194652552417701963e-01,-1.811569930172010068e-01,3.517474025164153417e-01,3.517473999022204811e-01,-1.811569887973092097e-01,4.194652536969319945e-01,-3.466584234144685084e-01,9.999999999999996669e-01,-3.466584210902380336e-01,4.194652539977379302e-01,-1.811569914112403090e-01,-1.811569906137195929e-01,3.517474008297468702e-01,-1.811569922384455578e-01,4.194652552417701963e-01,-3.466584210902380336e-01,9.999999999999996669e-01,-3.466584207431703257e-01,4.194652541722004857e-01,4.194652533775212744e-01,-1.811569893728092184e-01,3.517474011076918705e-01,-1.811569930172010068e-01,4.194652539977379302e-01,-3.466584207431703257e-01,9.999999999999996669e-01,-3.466584217122209433e-01,-3.466584226039233219e-01,4.194652524519827952e-01,-1.811569915078815041e-01,3.517474025164153417e-01,-1.811569914112403090e-01,4.194652541722004857e-01,-3.466584217122209433e-01,9.999999999999996669e-01
1.000000000000001554e+00,-3.968271886307206398e-01,4.505480905010941228e-01,-2.440001405410011925e-01,3.873285818366209998e-01,-2.440001405932311074e-01,4.505480889582027526e-01,-3.968271884016305595e-01,-3.968271886307206398e-01,1.000000000000001554e+00,-3.968271894757362528e-01,4.505480885638357136e-01,-2.440001388579054742e-01,3.873285828209367399e-01,-2.440001391320769930e-01,4.505480878689499535e-01,4.505480905010941228e-01,-3.968271894757362528e-01,1.000000000000001554e+00,-3.968271901790010325e-01,4.505480892076653698e-01,-2.440001415402475171e-01,3.873285827177562202e-01,-2.440001408134614969e-01,-2.440001405410011925e-01,4.505480885638357136e-01,-3.968271901790010325e-01,1.000000000000001554e+00,-3.968271888333098629e-01,4.505480901398408733e-01,-2.440001414623917675e-01,3.873285832874495682e-01,3.873285818366209998e-01,-2.440001388579054742e-01,4.505480892076653698e-01,-3.968271888333098629e-01,1.000000000000001554e+00,-3.968271872617438190e-01,4.505480890605650934e-01,-2.440001406840459353e-01,-2.440001405932311074e-01,3.873285828209367399e-01,-2.440001415402475171e-01,4.505480901398408733e-01,-3.968271872617438190e-01,1.000000000000001554e+00,-3.968271870508763843e-01,4.505480892117980085e-01,4.505480889582027526e-01,-2.440001391320769930e-01,3.873285827177562202e-01,-2.440001414623917675e-01,4.505480890605650934e-01,-3.968271870508763843e-01,1.000000000000001554e+00,-3.968271876819804422e-01,-3.968271884016305595e-01,4.505480878689499535e-01,-2.440001408134614969e-01,3.873285832874495682e-01,-2.440001406840459353e-01,4.505480892117980085e-01,-3.968271876819804422e-01,1.000000000000001554e+00
