9.999999999999993339e-01,-4.146097675544523353e-01,1.547239014892048681e-01,-2.223488467723570006e-01,1.189445889987571503e-01,-1.691733522319097127e-01,1.671251721981154015e-03,-6.882054057120717827e-02,-1.324922889501219114e-01,7.597220772521255661e-02,-1.958704528286656366e-01,1.170139696477622560e-01,-1.894686339921130003e-01,-2.782236991931837447e-02,-5.614750477163404918e-02,-4.146097675544523353e-01,9.999999999999993339e-01,-2.580874828743209837e-04,4.167188686798453112e-01,9.907122183298150420e-02,3.852100705829751837e-01,2.887989649538696968e-01,3.629339919888262544e-01,4.059877055604681484e-01,1.702551526359193379e-01,3.759572401681724463e-01,1.083701474965955563e-01,3.359331944630438715e-01,4.491120064487786889e-01,-2.782236898915860929e-02,1.547239014892048681e-01,-2.580874828743209837e-04,9.999999999999993339e-01,-3.511510594596420343e-01,4.415753030899622344e-01,-1.550152138588485884e-01,2.854491765902589240e-01,1.444258546296310064e-01,-1.439613146391273413e-02,3.898316960293308209e-01,-2.501372800114377570e-01,4.390705323994719134e-01,-2.554538172870017276e-01,3.359331959860999417e-01,-1.894686323599504285e-01,-2.223488467723570006e-01,4.167188686798453112e-01,-3.511510594596420343e-01,9.999999999999993339e-01,-2.888018775484778589e-01,4.148032359763904608e-01,2.114977220628010135e-02,1.903418310653920975e-01,3.251814209978660108e-01,-1.444530068051193550e-01,4.551822272386625845e-01,-2.405016936844931452e-01,4.390705332163824526e-01,1.083701452608508420e-01,1.170139699315242976e-01,1.189445889987571503e-01,9.907122183298150420e-02,4.415753030899622344e-01,-2.888018775484778589e-01,9.999999999999993339e-01,-2.518294861969124776e-01,3.619152837868840344e-01,1.545760898860343846e-01,1.565832909571093778e-02,4.154247629233244754e-01,-2.534069142759222681e-01,4.551822262978924005e-01,-2.501372825949492174e-01,3.759572391406225123e-01,-1.958704497069268802e-01,-1.691733522319097127e-01,3.852100705829751837e-01,-1.550152138588485884e-01,4.148032359763904608e-01,-2.518294861969124776e-01,9.999999999999993339e-01,-1.142862913764038368e-01,2.724443110067466534e-01,2.788505781232404335e-01,-6.527096288221687082e-02,4.154247619007768177e-01,-1.444530038360820057e-01,3.898316971211949200e-01,1.702551530705936345e-01,7.597220761838144321e-02,1.671251721981154015e-03,2.887989649538696968e-01,2.854491765902589240e-01,2.114977220628010135e-02,3.619152837868840344e-01,-1.142862913764038368e-01,9.999999999999993339e-01,-9.687167385886874538e-03,2.478717210130228776e-01,2.788505779480677793e-01,1.565833080827717938e-02,3.251814179945130001e-01,-1.439613121535700258e-02,4.059877027481338385e-01,-1.324922849981166606e-01,-6.882054057120717827e-02,3.629339919888262544e-01,1.444258546296310064e-01,1.903418310653920975e-01,1.545760898860343846e-01,2.724443110067466534e-01,-9.687167385886874538e-03,9.999999999999993339e-01,-9.687166542890118803e-03,2.724443089287108544e-01,1.545760914860590529e-01,1.903418320023985977e-01,1.444258550897191129e-01,3.629339912991083050e-01,-6.882053890928546691e-02,-1.324922889501219114e-01,4.059877055604681484e-01,-1.439613146391273413e-02,3.251814209978660108e-01,1.565832909571093778e-02,2.788505781232404335e-01,2.478717210130228776e-01,-9.687166542890118803e-03,9.999999999999993339e-01,-1.142862919659714815e-01,3.619152843631169847e-01,2.114977154326699166e-02,2.854491778510969691e-01,2.887989641984700095e-01,1.671253080931651286e-03,7.597220772521255661e-02,1.702551526359193379e-01,3.898316960293308209e-01,-1.444530068051193550e-01,4.154247629233244754e-01,-6.527096288221687082e-02,2.788505779480677793e-01,2.724443089287108544e-01,-1.142862919659714815e-01,9.999999999999993339e-01,-2.518294865181988640e-01,4.148032370307465078e-01,-1.550152164557271894e-01,3.852100686835245869e-01,-1.691733490391862382e-01,-1.958704528286656366e-01,3.759572401681724463e-01,-2.501372800114377570e-01,4.551822272386625845e-01,-2.534069142759222681e-01,4.154247619007768177e-01,1.565833080827717938e-02,1.545760914860590529e-01,3.619152843631169847e-01,-2.518294865181988640e-01,9.999999999999993339e-01,-2.888018760406075858e-01,4.415753042979184695e-01,9.907122183289179818e-02,1.189445885895974858e-01,1.170139696477622560e-01,1.083701474965955563e-01,4.390705323994719134e-01,-2.405016936844931452e-01,4.551822262978924005e-01,-1.444530038360820057e-01,3.251814179945130001e-01,1.903418320023985977e-01,2.114977154326699166e-02,4.148032370307465078e-01,-2.888018760406075858e-01,9.999999999999993339e-01,-3.511510592233255124e-01,4.167188676773170286e-01,-2.223488432429903128e-01,-1.894686339921130003e-01,3.359331944630438715e-01,-2.554538172870017276e-01,4.390705332163824526e-01,-2.501372825949492174e-01,3.898316971211949200e-01,-1.439613121535700258e-02,1.444258550897191129e-01,2.854491778510969691e-01,-1.550152164557271894e-01,4.415753042979184695e-01,-3.511510592233255124e-01,9.999999999999993339e-01,-2.580898850340213047e-04,1.547239025843634153e-01,-2.782236991931837447e-02,4.491120064487786889e-01,3.359331959860999417e-01,1.083701452608508420e-01,3.759572391406225123e-01,1.702551530705936345e-01,4.059877027481338385e-01,3.629339912991083050e-01,2.887989641984700095e-01,3.852100686835245869e-01,9.907122183289179818e-02,4.167188676773170286e-01,-2.580898850340213047e-04,9.999999999999993339e-01,-4.146097657209908971e-01,-5.614750477163404918e-02,-2.782236898915860929e-02,-1.894686323599504285e-01,1.170139699315242976e-01,-1.958704497069268802e-01,7.597220761838144321e-02,-1.324922849981166606e-01,-6.882053890928546691e-02,1.671253080931651286e-03,-1.691733490391862382e-01,1.189445885895974858e-01,-2.223488432429903128e-01,1.547239025843634153e-01,-4.146097657209908971e-01,9.999999999999993339e-01
1.000000000000001998e+00,-4.178170995180598979e-01,1.538194167760672804e-01,-2.238803681696094339e-01,1.174466921384865331e-01,-1.706407253724161466e-01,-4.400903011455292724e-04,-7.093673364548122584e-02,-1.344833005453782149e-01,7.427078196210555594e-02,-1.970513166284645068e-01,1.151242903997005546e-01,-1.902029960270933684e-01,-3.172125312961349142e-02,-5.440310853793785262e-02,-4.178170995180598979e-01,1.000000000000001998e+00,-1.293351669072441423e-03,4.167328498847495122e-01,9.864526479932639313e-02,3.845681986782470974e-01,2.886936569084314064e-01,3.626818588579343583e-01,4.057619530086468695e-01,1.698389682377146603e-01,3.752216872948590520e-01,1.087411240401534307e-01,3.344531765364787690e-01,4.514626146250249050e-01,-3.172125167612904750e-02,1.538194167760672804e-01,-1.293351669072441423e-03,1.000000000000001998e+00,-3.541665100159855362e-01,4.422668105253598769e-01,-1.577085553541391905e-01,2.847893584020537716e-01,1.428629945373954824e-01,-1.666558778884184161e-02,3.900099796171497823e-01,-2.529402329828310259e-01,4.394085426775057313e-01,-2.581104043317604679e-01,3.344531788930960037e-01,-1.902029959015971716e-01,-2.238803681696094339e-01,4.167328498847495122e-01,-3.541665100159855362e-01,1.000000000000001998e+00,-2.909829601385668374e-01,4.153404069973898327e-01,1.966096784564733135e-02,1.896039649495254442e-01,3.251580240191447313e-01,-1.465853791987964949e-01,4.559512547765935953e-01,-2.420830350524575958e-01,4.394085426499142466e-01,1.087411186777069716e-01,1.151242930070422998e-01,1.174466921384865331e-01,9.864526479932639313e-02,4.422668105253598769e-01,-2.909829601385668374e-01,1.000000000000001998e+00,-2.548095276593524972e-01,3.621105874201349106e-01,1.531327340707159257e-01,1.361888084018399864e-02,4.160672772826898291e-01,-2.564858640183169669e-01,4.559512535929484689e-01,-2.529402325376037819e-01,3.752216876101700516e-01,-1.970513143927840327e-01,-1.706407253724161466e-01,3.845681986782470974e-01,-1.577085553541391905e-01,4.153404069973898327e-01,-2.548095276593524972e-01,1.000000000000001998e+00,-1.169227479378738555e-01,2.717520923211212969e-01,2.780694037178718103e-01,-6.786640052218578800e-02,4.160672751604121977e-01,-1.465853724419064197e-01,3.900099781009117028e-01,1.698389690374701166e-01,7.427078215823318397e-02,-4.400903011455292724e-04,2.886936569084314064e-01,2.847893584020537716e-01,1.966096784564733135e-02,3.621105874201349106e-01,-1.169227479378738555e-01,1.000000000000001998e+00,-1.210580245384412779e-02,2.469573030176892559e-01,2.780694039007751694e-01,1.361887975286531216e-02,3.251580214315834549e-01,-1.666558798297587685e-02,4.057619492303220499e-01,-1.344832969276244794e-01,-7.093673364548122584e-02,3.626818588579343583e-01,1.428629945373954824e-01,1.896039649495254442e-01,1.531327340707159257e-01,2.717520923211212969e-01,-1.210580245384412779e-02,1.000000000000001998e+00,-1.210580015235283857e-02,2.717520877917128930e-01,1.531327371347925848e-01,1.896039651868735021e-01,1.428629964974797717e-01,3.626818569843177631e-01,-7.093673088116733694e-02,-1.344833005453782149e-01,4.057619530086468695e-01,-1.666558778884184161e-02,3.251580240191447313e-01,1.361888084018399864e-02,2.780694037178718103e-01,2.469573030176892559e-01,-1.210580015235283857e-02,1.000000000000001998e+00,-1.169227478065598125e-01,3.621105866172005250e-01,1.966097024114340369e-02,2.847893587714176999e-01,2.886936571068626778e-01,-4.400888681352459197e-04,7.427078196210555594e-02,1.698389682377146603e-01,3.900099796171497823e-01,-1.465853791987964949e-01,4.160672772826898291e-01,-6.786640052218578800e-02,2.780694039007751694e-01,2.717520877917128930e-01,-1.169227478065598125e-01,1.000000000000001998e+00,-2.548095307043826696e-01,4.153404084856898160e-01,-1.577085583603481944e-01,3.845681964384892737e-01,-1.706407230217122928e-01,-1.970513166284645068e-01,3.752216872948590520e-01,-2.529402329828310259e-01,4.559512547765935953e-01,-2.564858640183169669e-01,4.160672751604121977e-01,1.361887975286531216e-02,1.531327371347925848e-01,3.621105866172005250e-01,-2.548095307043826696e-01,1.000000000000001998e+00,-2.909829583464683678e-01,4.422668112222014614e-01,9.864526195882232507e-02,1.174466939458077563e-01,1.151242903997005546e-01,1.087411240401534307e-01,4.394085426775057313e-01,-2.420830350524575958e-01,4.559512535929484689e-01,-1.465853724419064197e-01,3.251580214315834549e-01,1.896039651868735021e-01,1.966097024114340369e-02,4.153404084856898160e-01,-2.909829583464683678e-01,1.000000000000001998e+00,-3.541665078056753790e-01,4.167328510082852766e-01,-2.238803659974805127e-01,-1.902029960270933684e-01,3.344531765364787690e-01,-2.581104043317604679e-01,4.394085426499142466e-01,-2.529402325376037819e-01,3.900099781009117028e-01,-1.666558798297587685e-02,1.428629964974797717e-01,2.847893587714176999e-01,-1.577085583603481944e-01,4.422668112222014614e-01,-3.541665078056753790e-01,1.000000000000001998e+00,-1.293355170325173609e-03,1.538194189506751908e-01,-3.172125312961349142e-02,4.514626146250249050e-01,3.344531788930960037e-01,1.087411186777069716e-01,3.752216876101700516e-01,1.698389690374701166e-01,4.057619492303220499e-01,3.626818569843177631e-01,2.886936571068626778e-01,3.845681964384892737e-01,9.864526195882232507e-02,4.167328510082852766e-01,-1.293355170325173609e-03,1.000000000000001998e+00,-4.178170979850511779e-01,-5.440310853793785262e-02,-3.172125167612904750e-02,-1.902029959015971716e-01,1.151242930070422998e-01,-1.970513143927840327e-01,7.427078215823318397e-02,-1.344832969276244794e-01,-7.093673088116733694e-02,-4.400888681352459197e-04,-1.706407230217122928e-01,1.174466939458077563e-01,-2.238803659974805127e-01,1.538194189506751908e-01,-4.178170979850511779e-01,1.000000000000001998e+00
1.000000000000003109e+00,-4.210174771981120556e-01,1.529324156745567320e-01,-2.254016375796602523e-01,1.159602324739877205e-01,-1.720900719722188721e-01,-2.539941339344480020e-03,-7.303784174973343424e-02,-1.364595077321861527e-01,7.258178035539097905e-02,-1.982141958937769510e-01,1.132386247378335264e-01,-1.909115524184099855e-01,-3.562414058050275556e-02,-5.262266047154447179e-02,-4.210174771981120556e-01,1.000000000000003109e+00,-2.332931429246183630e-03,4.167461431075547562e-01,9.822052194022323768e-02,3.839221151412348654e-01,2.885895876122546166e-01,3.624270102842496177e-01,4.055344824344508936e-01,1.694237070489519048e-01,3.744811485691921238e-01,1.091186480852515683e-01,3.329612006240010857e-01,4.538131926427452223e-01,-3.562413902129148852e-02,1.529324156745567320e-01,-2.332931429246183630e-03,1.000000000000003109e+00,-3.571777335516568841e-01,4.429632508175552763e-01,-1.603958059370089728e-01,2.841335740071418425e-01,1.413037107356381883e-01,-1.893072797477350633e-02,3.901940226911062570e-01,-2.557362914228609729e-01,4.397458287959777889e-01,-2.607578413306668175e-01,3.329612041540551681e-01,-1.909115536073116570e-01,-2.254016375796602523e-01,4.167461431075547562e-01,-3.571777335516568841e-01,1.000000000000003109e+00,-2.931531520864066875e-01,4.158810065799534161e-01,1.818108912765085960e-02,1.888726042894685042e-01,3.251404448178125128e-01,-1.487083119419772281e-01,4.567233745468991524e-01,-2.436492895368251310e-01,4.397458279215032961e-01,1.091186399725416756e-01,1.132386291119915345e-01,1.159602324739877205e-01,9.822052194022323768e-02,4.429632508175552763e-01,-2.931531520864066875e-01,1.000000000000003109e+00,-2.577839840166838981e-01,3.623132222271557290e-01,1.516939333153188296e-01,1.158400727179228346e-02,4.167190457807445902e-01,-2.595599686759295643e-01,4.567233734220381702e-01,-2.557362889646230819e-01,3.744811503381754170e-01,-1.982141946885267458e-01,-1.720900719722188721e-01,3.839221151412348654e-01,-1.603958059370089728e-01,4.158810065799534161e-01,-2.577839840166838981e-01,1.000000000000003109e+00,-1.195523343470309696e-01,2.710659811640953043e-01,2.772949109633621179e-01,-7.045750701653491488e-02,4.167190425294170497e-01,-1.487083017565951071e-01,3.901940186847143721e-01,1.694237083546791256e-01,7.258178048231518631e-02,-2.539941339344480020e-03,2.885895876122546166e-01,2.841335740071418425e-01,1.818108912765085960e-02,3.623132222271557290e-01,-1.195523343470309696e-01,1.000000000000003109e+00,-1.451937611426401542e-02,2.460490670601388763e-01,2.772949115097743111e-01,1.158400375539204996e-02,3.251404428764392285e-01,-1.893072908219382150e-02,4.055344781578356095e-01,-1.364595048054435822e-01,-7.303784174973343424e-02,3.624270102842496177e-01,1.413037107356381883e-01,1.888726042894685042e-01,1.516939333153188296e-01,2.710659811640953043e-01,-1.451937611426401542e-02,1.000000000000003109e+00,-1.451937250161974835e-02,2.710659744844176045e-01,1.516939375326155082e-01,1.888726040828939134e-01,1.413037136251114323e-01,3.624270074974297318e-01,-7.303783823472950743e-02,-1.364595077321861527e-01,4.055344824344508936e-01,-1.893072797477350633e-02,3.251404448178125128e-01,1.158400727179228346e-02,2.772949109633621179e-01,2.460490670601388763e-01,-1.451937250161974835e-02,1.000000000000003109e+00,-1.195523334662186854e-01,3.623132202159951021e-01,1.818109440853708098e-02,2.841335732981301043e-01,2.885895890339492120e-01,-2.539940257789183309e-03,7.258178035539097905e-02,1.694237070489519048e-01,3.901940226911062570e-01,-1.487083119419772281e-01,4.167190457807445902e-01,-7.045750701653491488e-02,2.772949115097743111e-01,2.710659744844176045e-01,-1.195523334662186854e-01,1.000000000000003109e+00,-2.577839895258501324e-01,4.158810087190792926e-01,-1.603958097318183007e-01,3.839221127237213982e-01,-1.720900704576794338e-01,-1.982141958937769510e-01,3.744811485691921238e-01,-2.557362914228609729e-01,4.567233745468991524e-01,-2.595599686759295643e-01,4.167190425294170497e-01,1.158400375539204996e-02,1.516939375326155082e-01,3.623132202159951021e-01,-2.577839895258501324e-01,1.000000000000003109e+00,-2.931531497140666409e-01,4.429632506211540477e-01,9.822051690082890529e-02,1.159602357882257850e-01,1.132386247378335264e-01,1.091186480852515683e-01,4.397458287959777889e-01,-2.436492895368251310e-01,4.567233734220381702e-01,-1.487083017565951071e-01,3.251404428764392285e-01,1.888726040828939134e-01,1.818109440853708098e-02,4.158810087190792926e-01,-2.931531497140666409e-01,1.000000000000003109e+00,-3.571777299810503514e-01,4.167461465277922383e-01,-2.254016368138281878e-01,-1.909115524184099855e-01,3.329612006240010857e-01,-2.607578413306668175e-01,4.397458279215032961e-01,-2.557362889646230819e-01,3.901940186847143721e-01,-1.893072908219382150e-02,1.413037136251114323e-01,2.841335732981301043e-01,-1.603958097318183007e-01,4.429632506211540477e-01,-3.571777299810503514e-01,1.000000000000003109e+00,-2.332936219809497724e-03,1.529324185896247801e-01,-3.562414058050275556e-02,4.538131926427452223e-01,3.329612041540551681e-01,1.091186399725416756e-01,3.744811503381754170e-01,1.694237083546791256e-01,4.055344781578356095e-01,3.624270074974297318e-01,2.885895890339492120e-01,3.839221127237213982e-01,9.822051690082890529e-02,4.167461465277922383e-01,-2.332936219809497724e-03,1.000000000000003109e+00,-4.210174760644513348e-01,-5.262266047154447179e-02,-3.562413902129148852e-02,-1.909115536073116570e-01,1.132386291119915345e-01,-1.982141946885267458e-01,7.258178048231518631e-02,-1.364595048054435822e-01,-7.303783823472950743e-02,-2.539940257789183309e-03,-1.720900704576794338e-01,1.159602357882257850e-01,-2.254016368138281878e-01,1.529324185896247801e-01,-4.210174760644513348e-01,1.000000000000003109e+00
9.999999999999964473e-01,-4.242106782946255539e-01,1.520629631982989283e-01,-2.269126114999646115e-01,1.144852778551165851e-01,-1.735213485885607754e-01,-4.628194699082134600e-03,-7.512373242712405697e-02,-1.384208318761029344e-01,7.090529196861783401e-02,-1.993590547960201464e-01,1.113570320298157695e-01,-1.915942096002841155e-01,-3.953070966022747407e-02,-5.080646576917953461e-02,-4.242106782946255539e-01,9.999999999999964473e-01,-3.376793413069699434e-03,4.167587235728218986e-01,9.779695876686195222e-02,3.832718354844125708e-01,2.884867157916931601e-01,3.621694124445974383e-01,4.053052867430721462e-01,1.690093281354261012e-01,3.737356442725143779e-01,1.095026310562257077e-01,3.314573486602243046e-01,4.561635406050134067e-01,-3.953070826516027342e-02,1.520629631982989283e-01,-3.376793413069699434e-03,9.999999999999964473e-01,-3.601845923720464193e-01,4.436645248722905222e-01,-1.630767999870902929e-01,2.834818334959534614e-01,1.397481064262094674e-01,-2.119141477127620826e-02,3.903837695601318769e-01,-2.585252773107535873e-01,4.400822698734129235e-01,-2.633958260003486651e-01,3.314573535400693327e-01,-1.915942118516484050e-01,-2.269126114999646115e-01,4.167587235728218986e-01,-3.601845923720464193e-01,9.999999999999964473e-01,-2.953124456955614763e-01,4.164249283919450595e-01,1.671014284478067324e-02,1.881477057948859333e-01,3.251286177172690306e-01,-1.508217796015135781e-01,4.574984626365465878e-01,-2.452004755051711005e-01,4.400822682395761909e-01,1.095026206111430894e-01,1.113570376771350345e-01,1.144852778551165851e-01,9.779695876686195222e-02,4.436645248722905222e-01,-2.953124456955614763e-01,9.999999999999964473e-01,-2.607527762243673775e-01,3.625231062613074040e-01,1.502597374253170082e-01,9.553745368302807295e-03,4.173799866130295522e-01,-2.626291340296136312e-01,4.574984617356068206e-01,-2.585252737306481530e-01,3.737356474143679330e-01,-1.993590545711684259e-01,-1.735213485885607754e-01,3.832718354844125708e-01,-1.630767999870902929e-01,4.164249283919450595e-01,-2.607527762243673775e-01,9.999999999999964473e-01,-1.221749693564725403e-01,2.703859385086551659e-01,2.765271275295848596e-01,-7.304422833023679895e-02,4.173799822881536503e-01,-1.508217664507509603e-01,3.903837633633721049e-01,1.690093300094726025e-01,7.090529178796609044e-02,-4.628194699082134600e-03,2.884867157916931601e-01,2.834818334959534614e-01,1.671014284478067324e-02,3.625231062613074040e-01,-1.221749693564725403e-01,9.999999999999964473e-01,-1.692780632957302522e-02,2.451469727847580271e-01,2.765271284150956355e-01,9.553739902272193052e-03,3.251286164908437915e-01,-2.119141704836191575e-02,4.053052822673480771e-01,-1.384208297566553447e-01,-7.512373242712405697e-02,3.621694124445974383e-01,1.397481064262094674e-01,1.881477057948859333e-01,1.502597374253170082e-01,2.703859385086551659e-01,-1.692780632957302522e-02,9.999999999999964473e-01,-1.692780157626813664e-02,2.703859299872318767e-01,1.502597425404897380e-01,1.881477053287354539e-01,1.397481098114365106e-01,3.621694089651135151e-01,-7.512372840642279892e-02,-1.384208318761029344e-01,4.053052867430721462e-01,-2.119141477127620826e-02,3.251286177172690306e-01,9.553745368302807295e-03,2.765271275295848596e-01,2.451469727847580271e-01,-1.692780157626813664e-02,9.999999999999964473e-01,-1.221749677751881036e-01,3.625231032900922412e-01,1.671015069158029304e-02,2.834818316851918096e-01,2.884867185328126027e-01,-4.628194219231673151e-03,7.090529196861783401e-02,1.690093281354261012e-01,3.903837695601318769e-01,-1.508217796015135781e-01,4.173799866130295522e-01,-7.304422833023679895e-02,2.765271284150956355e-01,2.703859299872318767e-01,-1.221749677751881036e-01,9.999999999999964473e-01,-2.607527838259527941e-01,4.164249312388530466e-01,-1.630768047839462609e-01,3.832718329393258738e-01,-1.735213477488656009e-01,-1.993590547960201464e-01,3.737356442725143779e-01,-2.585252773107535873e-01,4.574984626365465878e-01,-2.626291340296136312e-01,4.173799822881536503e-01,9.553739902272193052e-03,1.502597425404897380e-01,3.625231032900922412e-01,-2.607527838259527941e-01,9.999999999999964473e-01,-2.953124425353726989e-01,4.436645236202379494e-01,9.779695214744317522e-02,1.144852820739273996e-01,1.113570320298157695e-01,1.095026310562257077e-01,4.400822698734129235e-01,-2.452004755051711005e-01,4.574984617356068206e-01,-1.508217664507509603e-01,3.251286164908437915e-01,1.881477053287354539e-01,1.671015069158029304e-02,4.164249312388530466e-01,-2.953124425353726989e-01,9.999999999999964473e-01,-3.601845879649864246e-01,4.167587292137032717e-01,-2.269126120105094124e-01,-1.915942096002841155e-01,3.314573486602243046e-01,-2.633958260003486651e-01,4.400822682395761909e-01,-2.585252737306481530e-01,3.903837633633721049e-01,-2.119141704836191575e-02,1.397481098114365106e-01,2.834818316851918096e-01,-1.630768047839462609e-01,4.436645236202379494e-01,-3.601845879649864246e-01,9.999999999999964473e-01,-3.376799580603544182e-03,1.520629666033661009e-01,-3.953070966022747407e-02,4.561635406050134067e-01,3.314573535400693327e-01,1.095026206111430894e-01,3.737356474143679330e-01,1.690093300094726025e-01,4.053052822673480771e-01,3.621694089651135151e-01,2.884867185328126027e-01,3.832718329393258738e-01,9.779695214744317522e-02,4.167587292137032717e-01,-3.376799580603544182e-03,9.999999999999964473e-01,-4.242106775619289283e-01,-5.080646576917953461e-02,-3.953070826516027342e-02,-1.915942118516484050e-01,1.113570376771350345e-01,-1.993590545711684259e-01,7.090529178796609044e-02,-1.384208297566553447e-01,-7.512372840642279892e-02,-4.628194219231673151e-03,-1.735213477488656009e-01,1.144852820739273996e-01,-2.269126120105094124e-01,1.520629666033661009e-01,-4.242106775619289283e-01,9.999999999999964473e-01
9.999999999999978906e-01,-4.273964837851498277e-01,1.512111186457751888e-01,-2.284132484026283327e-01,1.130218925835565491e-01,-1.749345159908953229e-01,-6.704747396567171946e-03,-7.719427763910671758e-02,-1.403671983102567633e-01,6.924140207214607434e-02,-2.004858617263821641e-01,1.094795706922750966e-01,-1.922508826838719709e-01,-4.344063667620572111e-02,-4.895484103147762500e-02,-4.273964837851498277e-01,9.999999999999978906e-01,-4.424902427337902566e-03,4.167705667856536067e-01,9.737454203493359217e-02,3.826173765376764124e-01,2.883850007520242786e-01,3.619090327746519176e-01,4.050743596095804366e-01,1.685957915611272506e-01,3.729851963949274429e-01,1.098929837279336436e-01,3.299417064023049129e-01,4.585134581675734955e-01,-4.344063559538647451e-02,1.512111186457751888e-01,-4.424902427337902566e-03,9.999999999999978906e-01,-3.631869486837108751e-01,4.443705329114487901e-01,-1.657513721893065783e-01,2.828341461428406367e-01,1.381962844938303681e-01,-2.344751125850852436e-02,3.905791634215702857e-01,-2.613070127255817665e-01,4.404177457428822828e-01,-2.660240577946679230e-01,3.299417127198401856e-01,-1.922508857796491055e-01,-2.284132484026283327e-01,4.167705667856536067e-01,-3.631869486837108751e-01,9.999999999999978906e-01,-2.974608337713515738e-01,4.169720665432464224e-01,1.524813486161427645e-02,1.874292256239086518e-01,3.251224765932066996e-01,-1.529257573242173152e-01,4.582763952976743327e-01,-2.467366131182137101e-01,4.404177434493188326e-01,1.098929712831887701e-01,1.094795772543563361e-01,1.130218925835565491e-01,9.737454203493359217e-02,4.443705329114487901e-01,-2.974608337713515738e-01,9.999999999999978906e-01,-2.637158243671771096e-01,3.627401569210877419e-01,1.488301964888768258e-01,7.528132718629891584e-03,4.180500167745639928e-01,-2.656932644428161572e-01,4.582763946988475112e-01,-2.613070086723369156e-01,3.729852007800396052e-01,-2.004858623583688770e-01,-1.749345159908953229e-01,3.826173765376764124e-01,-1.657513721893065783e-01,4.169720665432464224e-01,-2.637158243671771096e-01,9.999999999999978906e-01,-1.247905720848332400e-01,2.697119249149901865e-01,2.757660805033478324e-01,-7.562650980703693182e-02,4.180500114424113844e-01,-1.529257416249977519e-01,3.905791553436186447e-01,1.685957939958645790e-01,6.924140145985505090e-02,-6.704747396567171946e-03,2.883850007520242786e-01,2.828341461428406367e-01,1.524813486161427645e-02,3.627401569210877419e-01,-1.247905720848332400e-01,9.999999999999978906e-01,-1.933101137081949528e-02,2.442509791895996485e-01,2.757660817167928990e-01,7.528125726441597942e-03,3.251224760741701081e-01,-2.344751481486750944e-02,4.050743551084536320e-01,-1.403671969817919529e-01,-7.719427763910671758e-02,3.619090327746519176e-01,1.381962844938303681e-01,1.874292256239086518e-01,1.488301964888768258e-01,2.697119249149901865e-01,-1.933101137081949528e-02,9.999999999999978906e-01,-1.933100564335780980e-02,2.697119148200794458e-01,1.488302023049337397e-01,1.874292250346512312e-01,1.381962880753854483e-01,3.619090287634785796e-01,-7.719427326666783440e-02,-1.403671983102567633e-01,4.050743596095804366e-01,-2.344751125850852436e-02,3.251224765932066996e-01,7.528132718629891584e-03,2.757660805033478324e-01,2.442509791895996485e-01,-1.933100564335780980e-02,9.999999999999978906e-01,-1.247905698669418972e-01,3.627401532003661222e-01,1.524814495397837366e-02,2.828341432682736079e-01,2.883850047950780038e-01,-6.704747636311493564e-03,6.924140207214607434e-02,1.685957915611272506e-01,3.905791634215702857e-01,-1.529257573242173152e-01,4.180500167745639928e-01,-7.562650980703693182e-02,2.757660817167928990e-01,2.697119148200794458e-01,-1.247905698669418972e-01,9.999999999999978906e-01,-2.637158337146732201e-01,4.169720700921791257e-01,-1.657513780815792481e-01,3.826173738795826673e-01,-1.749345156341426955e-01,-2.004858617263821641e-01,3.729851963949274429e-01,-2.613070127255817665e-01,4.582763952976743327e-01,-2.656932644428161572e-01,4.180500114424113844e-01,7.528125726441597942e-03,1.488302023049337397e-01,3.627401532003661222e-01,-2.637158337146732201e-01,9.999999999999978906e-01,-2.974608297044813998e-01,4.443705305593961818e-01,9.737453429309425590e-02,1.130218972835516367e-01,1.094795706922750966e-01,1.098929837279336436e-01,4.404177457428822828e-01,-2.467366131182137101e-01,4.582763946988475112e-01,-1.529257416249977519e-01,3.251224760741701081e-01,1.874292250346512312e-01,1.524814495397837366e-02,4.169720700921791257e-01,-2.974608297044813998e-01,9.999999999999978906e-01,-3.631869438155526097e-01,4.167705744957645453e-01,-2.284132500139788857e-01,-1.922508826838719709e-01,3.299417064023049129e-01,-2.660240577946679230e-01,4.404177434493188326e-01,-2.613070086723369156e-01,3.905791553436186447e-01,-2.344751481486750944e-02,1.381962880753854483e-01,2.828341432682736079e-01,-1.657513780815792481e-01,4.443705305593961818e-01,-3.631869438155526097e-01,9.999999999999978906e-01,-4.424910015346970871e-03,1.512111223904538670e-01,-4.344063667620572111e-02,4.585134581675734955e-01,3.299417127198401856e-01,1.098929712831887701e-01,3.729852007800396052e-01,1.685957939958645790e-01,4.050743551084536320e-01,3.619090287634785796e-01,2.883850047950780038e-01,3.826173738795826673e-01,9.737453429309425590e-02,4.167705744957645453e-01,-4.424910015346970871e-03,9.999999999999978906e-01,-4.273964834103813892e-01,-4.895484103147762500e-02,-4.344063559538647451e-02,-1.922508857796491055e-01,1.094795772543563361e-01,-2.004858623583688770e-01,6.924140145985505090e-02,-1.403671969817919529e-01,-7.719427326666783440e-02,-6.704747636311493564e-03,-1.749345156341426955e-01,1.130218972835516367e-01,-2.284132500139788857e-01,1.512111223904538670e-01,-4.273964834103813892e-01,9.999999999999978906e-01
1.000000000000000444e+00,-4.305746779588059958e-01,1.503769355958164411e-01,-2.299035087549095024e-01,1.115701374245546690e-01,-1.763295391818676672e-01,-8.769500211966957393e-03,-7.924935376958849864e-02,-1.422985363400419700e-01,6.759019210954059220e-02,-2.015945893141747880e-01,1.076062982425574494e-01,-1.928814955001368903e-01,-4.735359703300902334e-02,-4.706811395602486514e-02,-4.305746779588059958e-01,1.000000000000000444e+00,-5.477221448230616685e-03,4.167816485788210512e-01,9.695323971231628590e-02,3.819587564593863172e-01,2.882844025068280747e-01,3.616458399071399432e-01,4.048416955345837676e-01,1.681830584176906285e-01,3.722298286998474981e-01,1.102896161581425338e-01,3.284143634357286068e-01,4.608627447323596082e-01,-4.735359634603707180e-02,1.503769355958164411e-01,-5.477221448230616685e-03,1.000000000000000444e+00,-3.661846646594977273e-01,4.450811744904356049e-01,-1.684193576537518777e-01,2.821905203629049841e-01,1.366483474438144330e-01,-2.569888087708213642e-02,3.907801463137003939e-01,-2.640813198866746037e-01,4.407521370254193216e-01,-2.686422381324733433e-01,3.284143711983300018e-01,-1.928814992686090357e-01,-2.299035087549095024e-01,4.167816485788210512e-01,-3.661846646594977273e-01,1.000000000000000444e+00,-2.995983096537033763e-01,4.175223156312782846e-01,1.379507021798026534e-02,1.867171193387180406e-01,3.251219548943438675e-01,-1.550202207971914103e-01,4.590570489985305036e-01,-2.482577244370074432e-01,4.407521341677593796e-01,1.102896020109742914e-01,1.076063054524451917e-01,1.115701374245546690e-01,9.695323971231628590e-02,4.450811744904356049e-01,-2.995983096537033763e-01,1.000000000000000444e+00,-2.666730477692665358e-01,3.629642909201786782e-01,1.474053608239532243e-01,5.507207514530723658e-03,4.187290520138625127e-01,-2.687522628894137289e-01,4.590570487366086860e-01,-2.640813158090517532e-01,3.722298341903995667e-01,-2.015945906792086517e-01,-1.763295391818676672e-01,3.819587564593863172e-01,-1.684193576537518777e-01,4.175223156312782846e-01,-2.666730477692665358e-01,1.000000000000000444e+00,-1.273990619568464155e-01,2.690439004539930679e-01,2.750117963688075151e-01,-7.820429618415314366e-02,4.187290457567872659e-01,-1.550202029562226802e-01,3.907801366501500451e-01,1.681830613565353516e-01,6.759019101850990974e-02,-8.769500211966957393e-03,2.882844025068280747e-01,2.821905203629049841e-01,1.379507021798026534e-02,3.629642909201786782e-01,-1.273990619568464155e-01,1.000000000000000444e+00,-2.172890985602471403e-02,2.433610447802946330e-01,2.750117979066905582e-01,5.507199353717157075e-03,3.251219550505005107e-01,-2.569888572151184103e-02,4.048416911283977404e-01,-1.422985357466404477e-01,-7.924935376958849864e-02,3.616458399071399432e-01,1.366483474438144330e-01,1.867171193387180406e-01,1.474053608239532243e-01,2.690439004539930679e-01,-2.172890985602471403e-02,1.000000000000000444e+00,-2.172890332618104825e-02,2.690438890497145463e-01,1.474053671644262598e-01,1.867171187303960367e-01,1.366483510078970176e-01,3.616458354955224275e-01,-7.924934916090645154e-02,-1.422985363400419700e-01,4.048416955345837676e-01,-2.569888087708213642e-02,3.251219548943438675e-01,5.507207514530723658e-03,2.750117963688075151e-01,2.433610447802946330e-01,-2.172890332618104825e-02,1.000000000000000444e+00,-1.273990591681148921e-01,3.629642866193139583e-01,1.379508223829378072e-02,2.821905164909670471e-01,2.882844077647787051e-01,-8.769501211613479202e-03,6.759019210954059220e-02,1.681830584176906285e-01,3.907801463137003939e-01,-1.550202207971914103e-01,4.187290520138625127e-01,-7.820429618415314366e-02,2.750117979066905582e-01,2.690438890497145463e-01,-1.273990591681148921e-01,1.000000000000000444e+00,-2.666730585413198407e-01,4.175223198415684012e-01,-1.684193646344888107e-01,3.819587537089028095e-01,-1.763295391475699914e-01,-2.015945893141747880e-01,3.722298286998474981e-01,-2.640813198866746037e-01,4.590570489985305036e-01,-2.687522628894137289e-01,4.187290457567872659e-01,5.507199353717157075e-03,1.474053671644262598e-01,3.629642866193139583e-01,-2.666730585413198407e-01,1.000000000000000444e+00,-2.995983046448646991e-01,4.450811710573549518e-01,9.695323118849945299e-02,1.115701423141174792e-01,1.076062982425574494e-01,1.102896161581425338e-01,4.407521370254193216e-01,-2.482577244370074432e-01,4.590570487366086860e-01,-1.550202029562226802e-01,3.251219550505005107e-01,1.867171187303960367e-01,1.379508223829378072e-02,4.175223198415684012e-01,-2.995983046448646991e-01,1.000000000000000444e+00,-3.661846595995428277e-01,4.167816581680837684e-01,-2.299035113032661393e-01,-1.928814955001368903e-01,3.284143634357286068e-01,-2.686422381324733433e-01,4.407521341677593796e-01,-2.640813158090517532e-01,3.907801366501500451e-01,-2.569888572151184103e-02,1.366483510078970176e-01,2.821905164909670471e-01,-1.684193646344888107e-01,4.450811710573549518e-01,-3.661846595995428277e-01,1.000000000000000444e+00,-5.477230437568467170e-03,1.503769395843899959e-01,-4.735359703300902334e-02,4.608627447323596082e-01,3.284143711983300018e-01,1.102896020109742914e-01,3.722298341903995667e-01,1.681830613565353516e-01,4.048416911283977404e-01,3.616458354955224275e-01,2.882844077647787051e-01,3.819587537089028095e-01,9.695323118849945299e-02,4.167816581680837684e-01,-5.477230437568467170e-03,1.000000000000000444e+00,-4.305746778930933383e-01,-4.706811395602486514e-02,-4.735359634603707180e-02,-1.928814992686090357e-01,1.076063054524451917e-01,-2.015945906792086517e-01,6.759019101850990974e-02,-1.422985357466404477e-01,-7.924934916090645154e-02,-8.769501211613479202e-03,-1.763295391475699914e-01,1.115701423141174792e-01,-2.299035113032661393e-01,1.503769395843899959e-01,-4.305746778930933383e-01,1.000000000000000444e+00
9.999999999999997780e-01,-4.337450484707777720e-01,1.495604618885078008e-01,-2.313833550547793327e-01,1.101300695862927614e-01,-1.777063874366209828e-01,-1.082235769530851682e-02,-8.128884169050795694e-02,-1.442147792806872664e-01,6.595173967771782164e-02,-2.026852144716611015e-01,1.057372713118845953e-01,-1.934859806228159118e-01,-5.126926539737773625e-02,-4.514662305920603969e-02,-4.337450484707777720e-01,9.999999999999997780e-01,-6.533711575465582511e-03,4.167919451095790651e-01,9.653302102918273619e-02,3.812959947628430935e-01,2.881848817735891966e-01,3.613798037638040750e-01,4.046072898506271054e-01,1.677710908639317433e-01,3.714695667447574512e-01,1.106924377225098483e-01,3.268754131435510080e-01,4.632111995807333127e-01,-5.126926513244114969e-02,1.495604618885078008e-01,-6.533711575465582511e-03,9.999999999999997780e-01,-3.691776025308334264e-01,4.457963485176978935e-01,-1.710805919821068999e-01,2.815509637305867452e-01,1.351043973641818385e-01,-2.794538752426706935e-02,3.909866591359663079e-01,-2.668480212351214131e-01,4.410853252087555409e-01,-2.712500705618226537e-01,3.268754223135739712e-01,-1.934859849326313053e-01,-2.313833550547793327e-01,4.167919451095790651e-01,-3.691776025308334264e-01,9.999999999999997780e-01,-3.017248672458461289e-01,4.180755707569647761e-01,1.235095305821753975e-02,1.860113419296439696e-01,3.251269856720198081e-01,-1.571051463074097931e-01,4.598403004818139017e-01,-2.497638334943844685e-01,4.410853218699668510e-01,1.106924221218181792e-01,1.057372789795873319e-01,1.101300695862927614e-01,9.653302102918273619e-02,4.457963485176978935e-01,-3.017248672458461289e-01,9.999999999999997780e-01,-2.696243650042328688e-01,3.631954243327931153e-01,1.459852809563544351e-01,3.491008503774498117e-03,4.194170068447937161e-01,-2.718060309661212148e-01,4.598403005641031327e-01,-2.668480174233744950e-01,3.714695732111871207e-01,-2.026852164481363350e-01,-1.777063874366209828e-01,3.812959947628430935e-01,-1.710805919821068999e-01,4.180755707569647761e-01,-2.696243650042328688e-01,9.999999999999997780e-01,-1.300003587661942572e-01,2.683818247620785580e-01,2.742643009728644166e-01,-8.077753158976617998e-02,4.194169997445367781e-01,-1.571051267068221402e-01,3.909866481547348838e-01,1.677710942065567812e-01,6.595173811931376306e-02,-1.082235769530851682e-02,2.881848817735891966e-01,2.815509637305867452e-01,1.235095305821753975e-02,3.631954243327931153e-01,-1.300003587661942572e-01,9.999999999999997780e-01,-2.412142075983453315e-02,2.424771275300248718e-01,2.742643028479309630e-01,3.490999469684008538e-03,3.251269864608701265e-01,-2.794539359518584398e-02,4.046072856242237670e-01,-1.442147793386439059e-01,-8.128884169050795694e-02,3.613798037638040750e-01,1.351043973641818385e-01,1.860113419296439696e-01,1.459852809563544351e-01,2.683818247620785580e-01,-2.412142075983453315e-02,9.999999999999997780e-01,-2.412141360935481094e-02,2.683818123108620002e-01,1.459852876573202451e-01,1.860113413919299852e-01,1.351044007552226756e-01,3.613797990606605337e-01,-8.128883693258590060e-02,-1.442147792806872664e-01,4.046072898506271054e-01,-2.794538752426706935e-02,3.251269856720198081e-01,3.491008503774498117e-03,2.742643009728644166e-01,2.424771275300248718e-01,-2.412141360935481094e-02,9.999999999999997780e-01,-1.300003554687333140e-01,3.631954195735050961e-01,1.235096670298846400e-02,2.815509589370721599e-01,2.881848881026040643e-01,-1.082235943538650477e-02,6.595173967771782164e-02,1.677710908639317433e-01,3.909866591359663079e-01,-1.571051463074097931e-01,4.194170068447937161e-01,-8.077753158976617998e-02,2.742643028479309630e-01,2.683818123108620002e-01,-1.300003554687333140e-01,9.999999999999997780e-01,-2.696243769078370267e-01,4.180755755747764812e-01,-1.710805999753491902e-01,3.812959919562873834e-01,-1.777063875938044157e-01,-2.026852144716611015e-01,3.714695667447574512e-01,-2.668480212351214131e-01,4.598403004818139017e-01,-2.718060309661212148e-01,4.194169997445367781e-01,3.490999469684008538e-03,1.459852876573202451e-01,3.631954195735050961e-01,-2.696243769078370267e-01,9.999999999999997780e-01,-3.017248613214622566e-01,4.457963440617375150e-01,9.653301195515349986e-02,1.101300744809846632e-01,1.057372713118845953e-01,1.106924377225098483e-01,4.410853252087555409e-01,-2.497638334943844685e-01,4.598403005641031327e-01,-1.571051267068221402e-01,3.251269864608701265e-01,1.860113413919299852e-01,1.235096670298846400e-02,4.180755755747764812e-01,-3.017248613214622566e-01,9.999999999999997780e-01,-3.691775974625731704e-01,4.167919563788310411e-01,-2.313833583919345238e-01,-1.934859806228159118e-01,3.268754131435510080e-01,-2.712500705618226537e-01,4.410853218699668510e-01,-2.668480174233744950e-01,3.909866481547348838e-01,-2.794539359518584398e-02,1.351044007552226756e-01,2.815509589370721599e-01,-1.710805999753491902e-01,4.457963440617375150e-01,-3.691775974625731704e-01,9.999999999999997780e-01,-6.533721915565823823e-03,1.495604660694899168e-01,-5.126926539737773625e-02,4.632111995807333127e-01,3.268754223135739712e-01,1.106924221218181792e-01,3.714695732111871207e-01,1.677710942065567812e-01,4.046072856242237670e-01,3.613797990606605337e-01,2.881848881026040643e-01,3.812959919562873834e-01,9.653301195515349986e-02,4.167919563788310411e-01,-6.533721915565823823e-03,9.999999999999997780e-01,-4.337450486614299328e-01,-4.514662305920603969e-02,-5.126926513244114969e-02,-1.934859849326313053e-01,1.057372789795873319e-01,-2.026852164481363350e-01,6.595173811931376306e-02,-1.442147793386439059e-01,-8.128883693258590060e-02,-1.082235943538650477e-02,-1.777063875938044157e-01,1.101300744809846632e-01,-2.313833583919345238e-01,1.495604660694899168e-01,-4.337450486614299328e-01,9.999999999999997780e-01
