9.999999999999992228e-01,-3.948319733728530845e-01,4.598027377221676482e-02,-1.991942587475601656e-01,-5.718114801186018753e-02,-1.448659261957502831e-01,-9.007298402044205954e-02,-1.257970884731665906e-01,-1.013174432473071401e-01,-1.198886427327532089e-01,-1.034484494548327804e-01,-1.209888966395301219e-01,-9.896652485244065989e-02,-1.294773930134899831e-01,-8.452645375958725560e-02,-1.514385196857522264e-01,-4.807352090347126461e-02,-2.010521565426520718e-01,5.713509216155177040e-02,-3.948319733728530845e-01,9.999999999999992228e-01,4.412453376982528735e-02,5.884488423049603067e-01,2.670570789837721226e-01,4.719323457604321370e-01,3.398881225192219580e-01,4.290970606923494302e-01,3.650257112619071931e-01,4.168675108533955731e-01,3.673217842833401137e-01,4.239064387378216336e-01,3.495902254430375278e-01,4.549920954008659368e-01,2.980040795398108955e-01,5.327660820280180065e-01,1.693881968112669612e-01,7.075881010497400148e-01,-2.010521634137504288e-01,4.598027377221676482e-02,4.412453376982528735e-02,9.999999999999992228e-01,-1.623876957493002315e-01,2.156416386175159239e-01,3.223798880017704482e-02,1.281240338793958322e-01,7.571199941846115666e-02,1.038056017044934193e-01,9.009011773583090743e-02,9.407263965580650589e-02,9.790588707640074384e-02,8.608196530904640986e-02,1.076348267773759998e-01,7.229685949226158370e-02,1.271512505713816021e-01,4.091082499507027459e-02,1.693882105937595806e-01,-4.807352503612624672e-02,-1.991942587475601656e-01,5.884488423049603067e-01,-1.623876957493002315e-01,9.999999999999992228e-01,-1.010679442615269701e-02,4.545340555633716750e-01,2.009231258516889218e-01,3.538769137323019010e-01,2.564196473952777278e-01,3.246073023567468963e-01,2.698321103990747316e-01,3.230621033933014363e-01,2.606241174514078440e-01,3.439637370487612644e-01,2.233469381899934603e-01,4.015512840048588439e-01,1.271512380426298439e-01,5.327660788309771522e-01,-1.514385252158284012e-01,-5.718114801186018753e-02,2.670570789837721226e-01,2.156416386175159239e-01,-1.010679442615269701e-02,9.999999999999992228e-01,-1.022660848745647610e-01,2.943859076263548591e-01,9.892628411678563993e-02,2.015365420959384091e-01,1.480519912505836588e-01,1.717864664644119799e-01,1.687214274301968020e-01,1.537328551755672013e-01,1.881595562631745711e-01,1.280694704064545553e-01,2.233469422844151508e-01,7.229685373062735843e-02,2.980040811300450621e-01,-8.452645580611192755e-02,-1.448659261957502831e-01,4.719323457604321370e-01,3.223798880017704482e-02,4.545340555633716750e-01,-1.022660848745647610e-01,9.999999999999992228e-01,-4.088354791533493904e-02,4.011621830857100557e-01,1.646591855426777218e-01,3.072155128470209218e-01,2.122897476099342429e-01,2.861206148071582245e-01,2.158992251352829239e-01,2.972703826293335849e-01,1.881595581496030012e-01,3.439637463435634146e-01,1.076348192218814226e-01,4.549921045865811253e-01,-1.294774003787015348e-01,-9.007298402044205954e-02,3.398881225192219580e-01,1.281240338793958322e-01,2.009231258516889218e-01,2.943859076263548591e-01,-4.088354791533493904e-02,9.999999999999992228e-01,-7.824562644099930520e-02,3.265666348216377246e-01,1.273801911617598870e-01,2.282054896774599884e-01,1.833397746728074318e-01,1.896480676178247116e-01,2.158992170146951106e-01,1.537328498506047025e-01,2.606241160355980968e-01,8.608195503218291078e-02,3.495902190993124825e-01,-9.896652672258926531e-02,-1.257970884731665906e-01,4.290970606923494302e-01,7.571199941846115666e-02,3.538769137323019010e-01,9.892628411678563993e-02,4.011621830857100557e-01,-7.824562644099930520e-02,9.999999999999992228e-01,-5.627674575564964310e-02,3.821223664042154300e-01,1.446999915386478486e-01,2.948848017235364272e-01,1.833397854744605038e-01,2.861206177185115496e-01,1.687214330548805763e-01,3.230621143095082082e-01,9.790588277177519894e-02,4.239064515701851388e-01,-1.209889038181833076e-01,-1.013174432473071401e-01,3.650257112619071931e-01,1.038056017044934193e-01,2.564196473952777278e-01,2.015365420959384091e-01,1.646591855426777218e-01,3.265666348216377246e-01,-5.627674575564964310e-02,9.999999999999992228e-01,-6.623074491039762646e-02,3.351577593605484240e-01,1.446999811209178921e-01,2.282054932256875890e-01,2.122897411151263292e-01,1.717864630774019186e-01,2.698321132348898699e-01,9.407262889283050933e-02,3.673217829777730148e-01,-1.034484534160174801e-01,-1.198886427327532089e-01,4.168675108533955731e-01,9.009011773583090743e-02,3.246073023567468963e-01,1.480519912505836588e-01,3.072155128470209218e-01,1.273801911617598870e-01,3.821223664042154300e-01,-6.623074491039762646e-02,9.999999999999992228e-01,-6.623073795779224615e-02,3.821223617678501938e-01,1.273801965473460585e-01,3.072155104868000142e-01,1.480519913842181512e-01,3.246073057070731904e-01,9.009011220684472188e-02,4.168675132465411992e-01,-1.198886462373630196e-01,-1.034484494548327804e-01,3.673217842833401137e-01,9.407263965580650589e-02,2.698321103990747316e-01,1.717864664644119799e-01,2.122897476099342429e-01,2.282054896774599884e-01,1.446999915386478486e-01,3.351577593605484240e-01,-6.623073795779224615e-02,9.999999999999992228e-01,-5.627675051309695420e-02,3.265666438797766857e-01,1.646591865797915055e-01,2.015365445713809822e-01,2.564196581648524043e-01,1.038055944918381823e-01,3.650257215534242206e-01,-1.013174507031437410e-01,-1.209888966395301219e-01,4.239064387378216336e-01,9.790588707640074384e-02,3.230621033933014363e-01,1.687214274301968020e-01,2.861206148071582245e-01,1.833397746728074318e-01,2.948848017235364272e-01,1.446999811209178921e-01,3.821223617678501938e-01,-5.627675051309695420e-02,9.999999999999992228e-01,-7.824562607742402420e-02,4.011621739650135798e-01,9.892628030024085140e-02,3.538769097272534969e-01,7.571199043465101641e-02,4.290970536881122954e-01,-1.257970895982370163e-01,-9.896652485244065989e-02,3.495902254430375278e-01,8.608196530904640986e-02,2.606241174514078440e-01,1.537328551755672013e-01,2.158992251352829239e-01,1.896480676178247116e-01,1.833397854744605038e-01,2.282054932256875890e-01,1.273801965473460585e-01,3.265666438797766857e-01,-7.824562607742402420e-02,9.999999999999992228e-01,-4.088354153379351180e-02,2.943859102578302300e-01,2.009231423995878341e-01,1.281240265541380707e-01,3.398881374343414863e-01,-9.007299306130359118e-02,-1.294773930134899831e-01,4.549920954008659368e-01,1.076348267773759998e-01,3.439637370487612644e-01,1.881595562631745711e-01,2.972703826293335849e-01,2.158992170146951106e-01,2.861206177185115496e-01,2.122897411151263292e-01,3.072155104868000142e-01,1.646591865797915055e-01,4.011621739650135798e-01,-4.088354153379351180e-02,9.999999999999992228e-01,-1.022660904106263424e-01,4.545340540086849623e-01,3.223798109259044808e-02,4.719323435856593862e-01,-1.448659284192457264e-01,-8.452645375958725560e-02,2.980040795398108955e-01,7.229685949226158370e-02,2.233469381899934603e-01,1.280694704064545553e-01,1.881595581496030012e-01,1.537328498506047025e-01,1.687214330548805763e-01,1.717864630774019186e-01,1.480519913842181512e-01,2.015365445713809822e-01,9.892628030024085140e-02,2.943859102578302300e-01,-1.022660904106263424e-01,9.999999999999992228e-01,-1.010678334606257903e-02,2.156416298704000589e-01,2.670570834945953376e-01,-5.718115363062701434e-02,-1.514385196857522264e-01,5.327660820280180065e-01,1.271512505713816021e-01,4.015512840048588439e-01,2.233469422844151508e-01,3.439637463435634146e-01,2.606241160355980968e-01,3.230621143095082082e-01,2.698321132348898699e-01,3.246073057070731904e-01,2.564196581648524043e-01,3.538769097272534969e-01,2.009231423995878341e-01,4.545340540086849623e-01,-1.010678334606257903e-02,9.999999999999992228e-01,-1.623877007998262845e-01,5.884488538106726896e-01,-1.991942649788678299e-01,-4.807352090347126461e-02,1.693881968112669612e-01,4.091082499507027459e-02,1.271512380426298439e-01,7.229685373062735843e-02,1.076348192218814226e-01,8.608195503218291078e-02,9.790588277177519894e-02,9.407262889283050933e-02,9.009011220684472188e-02,1.038055944918381823e-01,7.571199043465101641e-02,1.281240265541380707e-01,3.223798109259044808e-02,2.156416298704000589e-01,-1.623877007998262845e-01,9.999999999999992228e-01,4.412452535584512892e-02,4.598027175367371683e-02,-2.010521565426520718e-01,7.075881010497400148e-01,1.693882105937595806e-01,5.327660788309771522e-01,2.980040811300450621e-01,4.549921045865811253e-01,3.495902190993124825e-01,4.239064515701851388e-01,3.673217829777730148e-01,4.168675132465411992e-01,3.650257215534242206e-01,4.290970536881122954e-01,3.398881374343414863e-01,4.719323435856593862e-01,2.670570834945953376e-01,5.884488538106726896e-01,4.412452535584512892e-02,9.999999999999992228e-01,-3.948319759651615635e-01,5.713509216155177040e-02,-2.010521634137504288e-01,-4.807352503612624672e-02,-1.514385252158284012e-01,-8.452645580611192755e-02,-1.294774003787015348e-01,-9.896652672258926531e-02,-1.209889038181833076e-01,-1.034484534160174801e-01,-1.198886462373630196e-01,-1.013174507031437410e-01,-1.257970895982370163e-01,-9.007299306130359118e-02,-1.448659284192457264e-01,-5.718115363062701434e-02,-1.991942649788678299e-01,4.598027175367371683e-02,-3.948319759651615635e-01,9.999999999999992228e-01
9.999999999999953371e-01,-3.985836663746705755e-01,4.636155014058031959e-02,-2.030874871354758082e-01,-5.769781372927688251e-02,-1.480775195273308364e-01,-9.123394425886563464e-02,-1.285598893078017668e-01,-1.027949408554837130e-01,-1.224791790074968995e-01,-1.049740003185692661e-01,-1.236561030228875285e-01,-1.002800513213098071e-01,-1.324964893738763694e-01,-8.529175442899661341e-02,-1.551664263860275117e-01,-4.777347533790241019e-02,-2.058748527864966982e-01,5.969043384892479265e-02,-3.985836663746705755e-01,9.999999999999953371e-01,4.009359497075937195e-02,5.907347786080677787e-01,2.636294975992499179e-01,4.734449359385679568e-01,3.373966719484750021e-01,4.299061337601040034e-01,3.630522779298092639e-01,4.174044295191662313e-01,3.653930521556797983e-01,4.246281396932815588e-01,3.472345029902744185e-01,4.563458195230326586e-01,2.947545216304475746e-01,5.350404270042676824e-01,1.650016348414077016e-01,7.101794777134838865e-01,-2.058748596323777547e-01,4.636155014058031959e-02,4.009359497075937195e-02,9.999999999999953371e-01,-1.664153575398198415e-01,2.141413587400152752e-01,2.834005510086987090e-02,1.259566515557864197e-01,7.229716851369524799e-02,1.012216739114666086e-01,8.697213735780362498e-02,9.126540210230749128e-02,9.493839718782740023e-02,8.318409698826784160e-02,1.046772057374514286e-01,6.949499684321708282e-02,1.239014000453979719e-01,3.871963229364025483e-02,1.650016488520869018e-01,-4.777347950954309586e-02,-2.030874871354758082e-01,5.907347786080677787e-01,-1.664153575398198415e-01,9.999999999999953371e-01,-1.306158867312495059e-02,4.565758888452803865e-01,1.985034746936780170e-01,3.552079225070775559e-01,2.546762964922082428e-01,3.254924984383206210e-01,2.683216839521661568e-01,3.239422044856028471e-01,2.588955993545460910e-01,3.452544037657966913e-01,2.209804615186158339e-01,4.035292812125114703e-01,1.239013872710142128e-01,5.350404235149694987e-01,-1.551664318295128409e-01,-5.769781372927688251e-02,2.636294975992499179e-01,2.141413587400152752e-01,-1.306158867312495059e-02,9.999999999999953371e-01,-1.061482660695142327e-01,2.930896189515628802e-01,9.532519245102118177e-02,1.995449496668446066e-01,1.450065891536470586e-01,1.692957873873897623e-01,1.660769881555824723e-01,1.508955656193137207e-01,1.857841812841525275e-01,1.250312655849434018e-01,2.209804657441805653e-01,6.949499095223940492e-02,2.947545231594240200e-01,-8.529175639597810776e-02,-1.480775195273308364e-01,4.734449359385679568e-01,2.834005510086987090e-02,4.565758888452803865e-01,-1.061482660695142327e-01,9.999999999999953371e-01,-4.380748410539084259e-02,4.026925207417612063e-01,1.621482289419135525e-01,3.081505570518472403e-01,2.102678263853495766e-01,2.867983674916772530e-01,2.139096234977765909e-01,2.981220121064416806e-01,1.857841831807920951e-01,3.452544132289229184e-01,1.046771980533156565e-01,4.563458287276005998e-01,-1.324964967515799563e-01,-9.123394425886563464e-02,3.373966719484750021e-01,1.259566515557864197e-01,1.985034746936780170e-01,2.930896189515628802e-01,-4.380748410539084259e-02,9.999999999999953371e-01,-8.186777414144114084e-02,3.256483347179585652e-01,1.241655692220250684e-01,2.264823899399536211e-01,1.808166332701904300e-01,1.872780404689883549e-01,2.139096153081034846e-01,1.508955600765408689e-01,2.588955980518277133e-01,8.318408639051508291e-02,3.472344964099354780e-01,-1.002800531082816138e-01,-1.285598893078017668e-01,4.299061337601040034e-01,7.229716851369524799e-02,3.552079225070775559e-01,9.532519245102118177e-02,4.026925207417612063e-01,-8.186777414144114084e-02,9.999999999999953371e-01,-5.940568711672777891e-02,3.833459565333409702e-01,1.418593285384471270e-01,2.956567053774472598e-01,1.808166443326292561e-01,2.867983704750428631e-01,1.660769940322167071e-01,3.239422155759137389e-01,9.493839296779729708e-02,4.246281527164854075e-01,-1.236561102158191816e-01,-1.027949408554837130e-01,3.630522779298092639e-01,1.012216739114666086e-01,2.546762964922082428e-01,1.995449496668446066e-01,1.621482289419135525e-01,3.256483347179585652e-01,-5.940568711672777891e-02,9.999999999999953371e-01,-6.959863154818585196e-02,3.343872040980186422e-01,1.418593178334557336e-01,2.264823936240397684e-01,2.102678198379310803e-01,1.692957838247014513e-01,2.683216870969682422e-01,9.126539090741313254e-02,3.653930508254546461e-01,-1.049740043380152366e-01,-1.224791790074968995e-01,4.174044295191662313e-01,8.697213735780362498e-02,3.254924984383206210e-01,1.450065891536470586e-01,3.081505570518472403e-01,1.241655692220250684e-01,3.833459565333409702e-01,-6.959863154818585196e-02,9.999999999999953371e-01,-6.959862443275652288e-02,3.833459518202213534e-01,1.241655747165898299e-01,3.081505546510152072e-01,1.450065894238792841e-01,3.254925016783725145e-01,8.697213203005713100e-02,4.174044317403409754e-01,-1.224791822999472812e-01,-1.049740003185692661e-01,3.653930521556797983e-01,9.126540210230749128e-02,2.683216839521661568e-01,1.692957873873897623e-01,2.102678263853495766e-01,2.264823899399536211e-01,1.418593285384471270e-01,3.343872040980186422e-01,-6.959862443275652288e-02,9.999999999999953371e-01,-5.940569205122328555e-02,3.256483440039149024e-01,1.621482300950277122e-01,1.995449520397941101e-01,2.546763077760851313e-01,1.012216662510939946e-01,3.630522885058469207e-01,-1.027949485519148026e-01,-1.236561030228875285e-01,4.246281396932815588e-01,9.493839718782740023e-02,3.239422044856028471e-01,1.660769881555824723e-01,2.867983674916772530e-01,1.808166332701904300e-01,2.956567053774472598e-01,1.418593178334557336e-01,3.833459518202213534e-01,-5.940569205122328555e-02,9.999999999999953371e-01,-8.186777377911233500e-02,4.026925113707673365e-01,9.532518871584262643e-02,3.552079181736731983e-01,7.229715967776038921e-02,4.299061262983241427e-01,-1.285598900957429791e-01,-1.002800513213098071e-01,3.472345029902744185e-01,8.318409698826784160e-02,2.588955993545460910e-01,1.508955656193137207e-01,2.139096234977765909e-01,1.872780404689883549e-01,1.808166443326292561e-01,2.264823936240397684e-01,1.241655747165898299e-01,3.256483440039149024e-01,-8.186777377911233500e-02,9.999999999999953371e-01,-4.380747742428937191e-02,2.930896214428823088e-01,1.985034919633605621e-01,1.259566437433821684e-01,3.373966873003825251e-01,-9.123395359945332683e-02,-1.324964893738763694e-01,4.563458195230326586e-01,1.046772057374514286e-01,3.452544037657966913e-01,1.857841812841525275e-01,2.981220121064416806e-01,2.139096153081034846e-01,2.867983704750428631e-01,2.102678198379310803e-01,3.081505546510152072e-01,1.621482300950277122e-01,4.026925113707673365e-01,-4.380747742428937191e-02,9.999999999999953371e-01,-1.061482716269194493e-01,4.565758871583448508e-01,2.834004751051276416e-02,4.734449336034420308e-01,-1.480775215644806464e-01,-8.529175442899661341e-02,2.947545216304475746e-01,6.949499684321708282e-02,2.209804615186158339e-01,1.250312655849434018e-01,1.857841831807920951e-01,1.508955600765408689e-01,1.660769940322167071e-01,1.692957838247014513e-01,1.450065894238792841e-01,1.995449520397941101e-01,9.532518871584262643e-02,2.930896214428823088e-01,-1.061482716269194493e-01,9.999999999999953371e-01,-1.306157718875162500e-02,2.141413496622954771e-01,2.636295021836036478e-01,-5.769781941752289561e-02,-1.551664263860275117e-01,5.350404270042676824e-01,1.239014000453979719e-01,4.035292812125114703e-01,2.209804657441805653e-01,3.452544132289229184e-01,2.588955980518277133e-01,3.239422155759137389e-01,2.683216870969682422e-01,3.254925016783725145e-01,2.546763077760851313e-01,3.552079181736731983e-01,1.985034919633605621e-01,4.565758871583448508e-01,-1.306157718875162500e-02,9.999999999999953371e-01,-1.664153625592652841e-01,5.907347903867710137e-01,-2.030874934343105676e-01,-4.777347533790241019e-02,1.650016348414077016e-01,3.871963229364025483e-02,1.239013872710142128e-01,6.949499095223940492e-02,1.046771980533156565e-01,8.318408639051508291e-02,9.493839296779729708e-02,9.126539090741313254e-02,8.697213203005713100e-02,1.012216662510939946e-01,7.229715967776038921e-02,1.259566437433821684e-01,2.834004751051276416e-02,2.141413496622954771e-01,-1.664153625592652841e-01,9.999999999999953371e-01,4.009358620500681758e-02,4.636154831868427584e-02,-2.058748527864966982e-01,7.101794777134838865e-01,1.650016488520869018e-01,5.350404235149694987e-01,2.947545231594240200e-01,4.563458287276005998e-01,3.472344964099354780e-01,4.246281527164854075e-01,3.653930508254546461e-01,4.174044317403409754e-01,3.630522885058469207e-01,4.299061262983241427e-01,3.373966873003825251e-01,4.734449336034420308e-01,2.636295021836036478e-01,5.907347903867710137e-01,4.009358620500681758e-02,9.999999999999953371e-01,-3.985836689607277217e-01,5.969043384892479265e-02,-2.058748596323777547e-01,-4.777347950954309586e-02,-1.551664318295128409e-01,-8.529175639597810776e-02,-1.324964967515799563e-01,-1.002800531082816138e-01,-1.236561102158191816e-01,-1.049740043380152366e-01,-1.224791822999472812e-01,-1.027949485519148026e-01,-1.285598900957429791e-01,-9.123395359945332683e-02,-1.480775215644806464e-01,-5.769781941752289561e-02,-2.030874934343105676e-01,4.636154831868427584e-02,-3.985836689607277217e-01,9.999999999999953371e-01
9.999999999999962252e-01,-4.023233730944725806e-01,4.679830738742444401e-02,-2.069935205234543496e-01,-5.815178138754970721e-02,-1.513050015070386833e-01,-9.233701915506456470e-02,-1.313340772231801068e-01,-1.042194830453074539e-01,-1.250785360036287541e-01,-1.064468200130325726e-01,-1.263346733148410506e-01,-1.015353698025705936e-01,-1.355338557746428307e-01,-8.598979293631550669e-02,-1.589180255349259829e-01,-4.740139281868448184e-02,-2.107100683279470310e-01,6.229858224603739697e-02,-4.023233730944725806e-01,9.999999999999962252e-01,3.602156366861845177e-02,5.930559788127969245e-01,2.601372868566074747e-01,4.750096389465373603e-01,3.348380008895819326e-01,4.307675079234088988e-01,3.610148582332766698e-01,4.179919503721449825e-01,3.634003701995592306e-01,4.254024990385026905e-01,3.448106425570087175e-01,4.577547918272351635e-01,2.914349048471048809e-01,5.373612586016389692e-01,1.605591248183680930e-01,7.127856570759756316e-01,-2.107100751461004062e-01,4.679830738742444401e-02,3.602156366861845177e-02,9.999999999999962252e-01,-1.704455600416100447e-01,2.126555252518005090e-01,2.442236309359946400e-02,1.238038744228915772e-01,6.886309180346632253e-02,9.864804488768080803e-02,8.383794947262804276e-02,8.846625742848759910e-02,9.195425087723160806e-02,8.029766345061430111e-02,1.016956607464644391e-01,6.671647229735663820e-02,1.206117425132875870e-01,3.657371288072411297e-02,1.605591390098354831e-01,-4.740139701570469238e-02,-2.069935205234543496e-01,5.930559788127969245e-01,-1.704455600416100447e-01,9.999999999999962252e-01,-1.604018375333460950e-02,4.586707379816606367e-01,1.960449349311051970e-01,3.566021708354278341e-01,2.528932286557196152e-01,3.264410043403652151e-01,2.667721802846196866e-01,3.248864848033556352e-01,2.571254045785650311e-01,3.466115419380428331e-01,2.185692991701898291e-01,4.055702256300057762e-01,1.206117295385774890e-01,5.373612548381305754e-01,-1.589180308921951945e-01,-5.815178138754970721e-02,2.601372868566074747e-01,2.126555252518005090e-01,-1.604018375333460950e-02,9.999999999999962252e-01,-1.100402155797502307e-01,2.917853426779656312e-01,9.169872879133783572e-02,1.975462433503108739e-01,1.419354490175162020e-01,1.667948810641801116e-01,1.634083868048456512e-01,1.480479094871488543e-01,1.833803611495333774e-01,1.219918448028496499e-01,2.185693035073263124e-01,6.671646628522395761e-02,2.914349062980707838e-01,-8.598979481977216122e-02,-1.513050015070386833e-01,4.750096389465373603e-01,2.442236309359946400e-02,4.586707379816606367e-01,-1.100402155797502307e-01,9.999999999999962252e-01,-4.674241200758760817e-02,4.042829599495915138e-01,1.596119437950118403e-01,3.091552977363139498e-01,2.082182024086230987e-01,2.875471220093012703e-01,2.118917630071723845e-01,2.990445444612168657e-01,1.833803630590775668e-01,3.466115515253345714e-01,1.016956529684130278e-01,4.577548010143167034e-01,-1.355338631473250177e-01,-9.233701915506456470e-02,3.348380008895819326e-01,1.238038744228915772e-01,1.960449349311051970e-01,2.917853426779656312e-01,-4.674241200758760817e-02,9.999999999999962252e-01,-8.550157434870758744e-02,3.247154262719715856e-01,1.209252104923240478e-01,2.247455593051651546e-01,1.782669862404135386e-01,1.848924035061901283e-01,2.118917547876735252e-01,1.480479037297085243e-01,2.571254034123002241e-01,8.029765254081730474e-02,3.448106357689004753e-01,-1.015353715196504886e-01,-1.313340772231801068e-01,4.307675079234088988e-01,6.886309180346632253e-02,3.566021708354278341e-01,9.169872879133783572e-02,4.042829599495915138e-01,-8.550157434870758744e-02,9.999999999999962252e-01,-6.254285164231992988e-02,3.846307527878079502e-01,1.389949998413120280e-01,2.964997817164313210e-01,1.782669975348861735e-01,2.875471250513216281e-01,1.634083929493168608e-01,3.248864960101511268e-01,9.195424678545369157e-02,4.254025122114488688e-01,-1.263346805016660190e-01,-1.042194830453074539e-01,3.610148582332766698e-01,9.864804488768080803e-02,2.528932286557196152e-01,1.975462433503108739e-01,1.596119437950118403e-01,3.247154262719715856e-01,-6.254285164231992988e-02,9.999999999999962252e-01,-7.297649399644777490e-02,3.336011184889368097e-01,1.389949888725958427e-01,2.247455631140057863e-01,2.082181958396318033e-01,1.667948773163162590e-01,2.667721837579125066e-01,8.846624579675327338e-02,3.634003688623110850e-01,-1.064468241050063463e-01,-1.250785360036287541e-01,4.179919503721449825e-01,8.383794947262804276e-02,3.264410043403652151e-01,1.419354490175162020e-01,3.091552977363139498e-01,1.209252104923240478e-01,3.846307527878079502e-01,-7.297649399644777490e-02,9.999999999999962252e-01,-7.297648673070794567e-02,3.846307480093812958e-01,1.209252160834450862e-01,3.091552952974584989e-01,1.419354494539830924e-01,3.264410074258199956e-01,8.383794440723531249e-02,4.179919524008416376e-01,-1.250785390634551186e-01,-1.064468200130325726e-01,3.634003701995592306e-01,8.846625742848759910e-02,2.667721802846196866e-01,1.667948810641801116e-01,2.082182024086230987e-01,2.247455593051651546e-01,1.389949998413120280e-01,3.336011184889368097e-01,-7.297648673070794567e-02,9.999999999999962252e-01,-6.254285673768053555e-02,3.247154357606352182e-01,1.596119450821743002e-01,1.975462455978562737e-01,2.528932404559512959e-01,9.864803676646896613e-02,3.610148690912531322e-01,-1.042194909945508008e-01,-1.263346733148410506e-01,4.254024990385026905e-01,9.195425087723160806e-02,3.248864848033556352e-01,1.634083868048456512e-01,2.875471220093012703e-01,1.782669862404135386e-01,2.964997817164313210e-01,1.389949888725958427e-01,3.846307480093812958e-01,-6.254285673768053555e-02,9.999999999999962252e-01,-8.550157398870625314e-02,4.042829503460211304e-01,9.169872518340102530e-02,3.566021661497740802e-01,6.886308318128636641e-02,4.307675000084664751e-01,-1.313340776588409753e-01,-1.015353698025705936e-01,3.448106425570087175e-01,8.029766345061430111e-02,2.571254045785650311e-01,1.480479094871488543e-01,2.118917630071723845e-01,1.848924035061901283e-01,1.782669975348861735e-01,2.247455631140057863e-01,1.209252160834450862e-01,3.247154357606352182e-01,-8.550157398870625314e-02,9.999999999999962252e-01,-4.674240502849441592e-02,2.917853449968785817e-01,1.960449529122746393e-01,1.238038661063806806e-01,3.348380166597933472e-01,-9.233702880269242796e-02,-1.355338557746428307e-01,4.577547918272351635e-01,1.016956607464644391e-01,3.466115419380428331e-01,1.833803611495333774e-01,2.990445444612168657e-01,2.118917547876735252e-01,2.875471250513216281e-01,2.082181958396318033e-01,3.091552952974584989e-01,1.596119450821743002e-01,4.042829503460211304e-01,-4.674240502849441592e-02,9.999999999999962252e-01,-1.100402211134253599e-01,4.586707361448457698e-01,2.442235567601486884e-02,4.750096364590832843e-01,-1.513050033498793412e-01,-8.598979293631550669e-02,2.914349048471048809e-01,6.671647229735663820e-02,2.185692991701898291e-01,1.219918448028496499e-01,1.833803630590775668e-01,1.480479037297085243e-01,1.634083929493168608e-01,1.667948773163162590e-01,1.419354494539830924e-01,1.975462455978562737e-01,9.169872518340102530e-02,2.917853449968785817e-01,-1.100402211134253599e-01,9.999999999999962252e-01,-1.604017187937977276e-02,2.126555158644934107e-01,2.601372915264302255e-01,-5.815178715159710632e-02,-1.589180255349259829e-01,5.373612586016389692e-01,1.206117425132875870e-01,4.055702256300057762e-01,2.185693035073263124e-01,3.466115515253345714e-01,2.571254034123002241e-01,3.248864960101511268e-01,2.667721837579125066e-01,3.264410074258199956e-01,2.528932404559512959e-01,3.566021661497740802e-01,1.960449529122746393e-01,4.586707361448457698e-01,-1.604017187937977276e-02,9.999999999999962252e-01,-1.704455650104007847e-01,5.930559908292432070e-01,-2.069935268787737870e-01,-4.740139281868448184e-02,1.605591248183680930e-01,3.657371288072411297e-02,1.206117295385774890e-01,6.671646628522395761e-02,1.016956529684130278e-01,8.029765254081730474e-02,9.195424678545369157e-02,8.846624579675327338e-02,8.383794440723531249e-02,9.864803676646896613e-02,6.886308318128636641e-02,1.238038661063806806e-01,2.442235567601486884e-02,2.126555158644934107e-01,-1.704455650104007847e-01,9.999999999999962252e-01,3.602155458932094351e-02,4.679830575604549542e-02,-2.107100683279470310e-01,7.127856570759756316e-01,1.605591390098354831e-01,5.373612548381305754e-01,2.914349062980707838e-01,4.577548010143167034e-01,3.448106357689004753e-01,4.254025122114488688e-01,3.634003688623110850e-01,4.179919524008416376e-01,3.610148690912531322e-01,4.307675000084664751e-01,3.348380166597933472e-01,4.750096364590832843e-01,2.601372915264302255e-01,5.930559908292432070e-01,3.602155458932094351e-02,9.999999999999962252e-01,-4.023233756804318606e-01,6.229858224603739697e-02,-2.107100751461004062e-01,-4.740139701570469238e-02,-1.589180308921951945e-01,-8.598979481977216122e-02,-1.355338631473250177e-01,-1.015353715196504886e-01,-1.263346805016660190e-01,-1.064468241050063463e-01,-1.250785390634551186e-01,-1.042194909945508008e-01,-1.313340776588409753e-01,-9.233702880269242796e-02,-1.513050033498793412e-01,-5.815178715159710632e-02,-2.069935268787737870e-01,4.679830575604549542e-02,-4.023233756804318606e-01,9.999999999999962252e-01
1.000000000000000444e+00,-4.060509447413108708e-01,4.729109595417514689e-02,-2.109126817328473291e-01,-5.854180386276246900e-02,-1.545492978530894623e-01,-9.338058150667336021e-02,-1.341208782473271022e-01,-1.055892970695000849e-01,-1.276880419781394882e-01,-1.078650942228153026e-01,-1.290259303656740575e-01,-1.027307131025332609e-01,-1.385906341927898855e-01,-8.661907137852710437e-02,-1.626939137987981621e-01,-4.695647663642285585e-02,-2.155575405985188930e-01,6.495917112403216953e-02,-4.060509447413108708e-01,1.000000000000000444e+00,3.190791904861695061e-02,5.954127784042304583e-01,2.565789576084161472e-01,4.766277534858262555e-01,3.322098577917135254e-01,4.316831266856824278e-01,3.589108283726103465e-01,4.186322445435501916e-01,3.613410736665760292e-01,4.262315534061755229e-01,3.423162617486771309e-01,4.592205037141617874e-01,2.880435326826703557e-01,5.397291105744578266e-01,1.560600210545984301e-01,7.154063842375414373e-01,-2.155575473935134323e-01,4.729109595417514689e-02,3.190791904861695061e-02,1.000000000000000444e+00,-1.744781627157292458e-01,2.111847132677588945e-01,2.048464878046467666e-02,1.216665153261226734e-01,6.540925682973323940e-02,9.608564094179578019e-02,8.068689671786727358e-02,8.567625670388662185e-02,8.895261179932195672e-02,7.742393104650230340e-02,9.868912205940411075e-02,6.396279909823024412e-02,1.172811307867982628e-01,3.447457541066352438e-02,1.560600353782815031e-01,-4.695648084564533337e-02,-2.109126817328473291e-01,5.954127784042304583e-01,-1.744781627157292458e-01,1.000000000000000444e+00,-1.904353774286057094e-02,4.608194434083846547e-01,1.935458622632092174e-01,3.580612404538264792e-01,2.510683384224835502e-01,3.274547656880353319e-01,2.651813315920252823e-01,3.258969157826092644e-01,2.553113690293111748e-01,3.480368283298787002e-01,2.161116713412997714e-01,4.076751975182513199e-01,1.172811176592756799e-01,5.397291065612261907e-01,-1.626939190777791922e-01,-5.854180386276246900e-02,2.565789576084161472e-01,2.111847132677588945e-01,-1.904353774286057094e-02,1.000000000000000444e+00,-1.139418487387942741e-01,2.904729300661994529e-01,8.804658077196801658e-02,1.955404660530947747e-01,1.388379464994466961e-01,1.642840206700570405e-01,1.607146801983406481e-01,1.451904979764717663e-01,1.809467298556077242e-01,1.189522953609610939e-01,2.161116757678584466e-01,6.396279297212029147e-02,2.880435340382040410e-01,-8.661907317712586041e-02,-1.545492978530894623e-01,4.766277534858262555e-01,2.048464878046467666e-02,4.608194434083846547e-01,-1.139418487387942741e-01,1.000000000000000444e+00,-4.968904970888940453e-02,4.059348372887989775e-01,1.570491179175769747e-01,3.102316583165929398e-01,2.061393477043898526e-01,2.883690087054973095e-01,2.098440786327933072e-01,3.000399896427530244e-01,1.809467317831524036e-01,3.480368379941451984e-01,9.868911422487605667e-02,4.592205128493518917e-01,-1.385906415471464814e-01,-9.338058150667336021e-02,3.322098577917135254e-01,1.216665153261226734e-01,1.935458622632092174e-01,2.904729300661994529e-01,-4.968904970888940453e-02,1.000000000000000444e+00,-8.914708776969038073e-02,3.237671942431540328e-01,1.176585945113456932e-01,2.229945781018717876e-01,1.756898277787081741e-01,1.824911760303378205e-01,2.098440704242480193e-01,1.451904920071665495e-01,2.553113680241696493e-01,7.742391983192137284e-02,3.423162547857596660e-01,-1.027307147686450928e-01,-1.341208782473271022e-01,4.316831266856824278e-01,6.540925682973323940e-02,3.580612404538264792e-01,8.804658077196801658e-02,4.059348372887989775e-01,-8.914708776969038073e-02,1.000000000000000444e+00,-6.568867061915920069e-02,3.859783805552191027e-01,1.361061930364947936e-01,2.974161027797472268e-01,1.756898392759236871e-01,2.883690117912336426e-01,1.607146866300607213e-01,3.258969270439323607e-01,8.895260788271236452e-02,4.262315666886652421e-01,-1.290259375294653399e-01,-1.055892970695000849e-01,3.589108283726103465e-01,9.608564094179578019e-02,2.510683384224835502e-01,1.955404660530947747e-01,1.570491179175769747e-01,3.237671942431540328e-01,-6.568867061915920069e-02,1.000000000000000444e+00,-7.636456016153000959e-02,3.327985939498105394e-01,1.361061818281626978e-01,2.229945820227876574e-01,2.061393411458457836e-01,1.642840167260438411e-01,2.651813354137179113e-01,8.567624462822688580e-02,3.613410723425201643e-01,-1.078650984066781560e-01,-1.276880419781394882e-01,4.186322445435501916e-01,8.068689671786727358e-02,3.274547656880353319e-01,1.388379464994466961e-01,3.102316583165929398e-01,1.176585945113456932e-01,3.859783805552191027e-01,-7.636456016153000959e-02,1.000000000000000444e+00,-7.636455275726013181e-02,3.859783757222193246e-01,1.176586001872198667e-01,3.102316558410084246e-01,1.388379471354214134e-01,3.274547685710224032e-01,8.068689197929006240e-02,4.186322463610561706e-01,-1.276880447888144587e-01,-1.078650942228153026e-01,3.613410736665760292e-01,8.567625670388662185e-02,2.651813315920252823e-01,1.642840206700570405e-01,2.061393477043898526e-01,2.229945781018717876e-01,1.361061930364947936e-01,3.327985939498105394e-01,-7.636455275726013181e-02,1.000000000000000444e+00,-6.568867585737997450e-02,3.237672039083242526e-01,1.570491193585560885e-01,1.955404681517246557e-01,2.510683507416864302e-01,9.608563234565112299e-02,3.589108395136801910e-01,-1.055893052890142930e-01,-1.290259303656740575e-01,4.262315534061755229e-01,8.895261179932195672e-02,3.258969157826092644e-01,1.607146801983406481e-01,2.883690087054973095e-01,1.756898277787081741e-01,2.974161027797472268e-01,1.361061818281626978e-01,3.859783757222193246e-01,-6.568867585737997450e-02,1.000000000000000444e+00,-8.914708741320601093e-02,4.059348274703304948e-01,8.804657734077100950e-02,3.580612353899441658e-01,6.540924848942765435e-02,4.316831183248461823e-01,-1.341208783202309518e-01,-1.027307131025332609e-01,3.423162617486771309e-01,7.742393104650230340e-02,2.553113690293111748e-01,1.451904979764717663e-01,2.098440786327933072e-01,1.824911760303378205e-01,1.756898392759236871e-01,2.229945820227876574e-01,1.176586001872198667e-01,3.237672039083242526e-01,-8.914708741320601093e-02,1.000000000000000444e+00,-4.968904243416599059e-02,2.904729321795276320e-01,1.935458809445485817e-01,1.216665064879438041e-01,3.322098739638066900e-01,-9.338059147309815677e-02,-1.385906341927898855e-01,4.592205037141617874e-01,9.868912205940411075e-02,3.480368283298787002e-01,1.809467298556077242e-01,3.000399896427530244e-01,2.098440704242480193e-01,2.883690117912336426e-01,2.061393411458457836e-01,3.102316558410084246e-01,1.570491193585560885e-01,4.059348274703304948e-01,-4.968904243416599059e-02,1.000000000000000444e+00,-1.139418541999905471e-01,4.608194414018614848e-01,2.048464159264966333e-02,4.766277508562277165e-01,-1.545492994981187973e-01,-8.661907137852710437e-02,2.880435326826703557e-01,6.396279909823024412e-02,2.161116713412997714e-01,1.189522953609610939e-01,1.809467317831524036e-01,1.451904920071665495e-01,1.607146866300607213e-01,1.642840167260438411e-01,1.388379471354214134e-01,1.955404681517246557e-01,8.804657734077100950e-02,2.904729321795276320e-01,-1.139418541999905471e-01,1.000000000000000444e+00,-1.904352549432878142e-02,2.111847035940200845e-01,2.565789623816193687e-01,-5.854180971488452678e-02,-1.626939137987981621e-01,5.397291105744578266e-01,1.172811307867982628e-01,4.076751975182513199e-01,2.161116757678584466e-01,3.480368379941451984e-01,2.553113680241696493e-01,3.258969270439323607e-01,2.651813354137179113e-01,3.274547685710224032e-01,2.510683507416864302e-01,3.580612353899441658e-01,1.935458809445485817e-01,4.608194414018614848e-01,-1.904352549432878142e-02,1.000000000000000444e+00,-1.744781676154890659e-01,5.954127906212526300e-01,-2.109126881361576000e-01,-4.695647663642285585e-02,1.560600210545984301e-01,3.447457541066352438e-02,1.172811176592756799e-01,6.396279297212029147e-02,9.868911422487605667e-02,7.742391983192137284e-02,8.895260788271236452e-02,8.567624462822688580e-02,8.068689197929006240e-02,9.608563234565112299e-02,6.540924848942765435e-02,1.216665064879438041e-01,2.048464159264966333e-02,2.111847035940200845e-01,-1.744781676154890659e-01,1.000000000000000444e+00,3.190790970157471318e-02,4.729109449983787822e-02,-2.155575405985188930e-01,7.154063842375414373e-01,1.560600353782815031e-01,5.397291065612261907e-01,2.880435340382040410e-01,4.592205128493518917e-01,3.423162547857596660e-01,4.262315666886652421e-01,3.613410723425201643e-01,4.186322463610561706e-01,3.589108395136801910e-01,4.316831183248461823e-01,3.322098739638066900e-01,4.766277508562277165e-01,2.565789623816193687e-01,5.954127906212526300e-01,3.190790970157471318e-02,1.000000000000000444e+00,-4.060509473378779433e-01,6.495917112403216953e-02,-2.155575473935134323e-01,-4.695648084564533337e-02,-1.626939190777791922e-01,-8.661907317712586041e-02,-1.385906415471464814e-01,-1.027307147686450928e-01,-1.290259375294653399e-01,-1.078650984066781560e-01,-1.276880447888144587e-01,-1.055893052890142930e-01,-1.341208783202309518e-01,-9.338059147309815677e-02,-1.545492994981187973e-01,-5.854180971488452678e-02,-2.109126881361576000e-01,4.729109449983787822e-02,-4.060509473378779433e-01,1.000000000000000444e+00
