9.999999999999997780e-01,-4.658679093599105148e-01,7.135343196095894625e-02,-2.910297182698420859e-01,-3.173528736722174698e-02,-2.449134108624985706e-01,-5.004191849403169523e-02,-2.524361991576872244e-01,-1.364575676799551635e-02,-3.072128481919051968e-01,1.221890864502899049e-01,-4.658679093599105148e-01,9.999999999999997780e-01,-6.716648564767441210e-02,6.726222708266136330e-01,1.238946789869974918e-01,5.952393832636910798e-01,1.439461456719381971e-01,6.295643173134235493e-01,4.108753908669768307e-02,7.745668233318996343e-01,-3.072128487274767838e-01,7.135343196095894625e-02,-6.716648564767441210e-02,9.999999999999997780e-01,-2.358828290028028296e-01,1.722559938682055591e-01,-4.551854368740454460e-02,6.661448334921449277e-02,1.116859767743368440e-02,2.332886186208309176e-02,4.108753795305668255e-02,-1.364575613275314375e-02,-2.910297182698420859e-01,6.726222708266136330e-01,-2.358828290028028296e-01,9.999999999999997780e-01,-1.108244278351328133e-01,5.719337263397881177e-01,5.257601219747359833e-02,5.354345666254369807e-01,1.116859840045683616e-02,6.295643171334854848e-01,-2.524361999467087392e-01,-3.173528736722174698e-02,1.238946789869974918e-01,1.722559938682055591e-01,-1.108244278351328133e-01,9.999999999999997780e-01,-1.619965404113239693e-01,2.084136110084595650e-01,5.257601161287497882e-02,6.661448433543902536e-02,1.439461448089751072e-01,-5.004191756737053770e-02,-2.449134108624985706e-01,5.952393832636910798e-01,-4.551854368740454460e-02,5.719337263397881177e-01,-1.619965404113239693e-01,9.999999999999997780e-01,-1.619965401233919300e-01,5.719337271966966618e-01,-4.551854332595668684e-02,5.952393837403664456e-01,-2.449134118349044209e-01,-5.004191849403169523e-02,1.439461456719381971e-01,6.661448334921449277e-02,5.257601219747359833e-02,2.084136110084595650e-01,-1.619965401233919300e-01,9.999999999999997780e-01,-1.108244269194926246e-01,1.722559933566890078e-01,1.238946793244927735e-01,-3.173528777064854589e-02,-2.524361991576872244e-01,6.295643173134235493e-01,1.116859767743368440e-02,5.354345666254369807e-01,5.257601161287497882e-02,5.719337271966966618e-01,-1.108244269194926246e-01,9.999999999999997780e-01,-2.358828271435645108e-01,6.726222709675571121e-01,-2.910297183521967090e-01,-1.364575676799551635e-02,4.108753908669768307e-02,2.332886186208309176e-02,1.116859840045683616e-02,6.661448433543902536e-02,-4.551854332595668684e-02,1.722559933566890078e-01,-2.358828271435645108e-01,9.999999999999997780e-01,-6.716648442216725801e-02,7.135343106777039535e-02,-3.072128481919051968e-01,7.745668233318996343e-01,4.108753795305668255e-02,6.295643171334854848e-01,1.439461448089751072e-01,5.952393837403664456e-01,1.238946793244927735e-01,6.726222709675571121e-01,-6.716648442216725801e-02,9.999999999999997780e-01,-4.658679098782841366e-01,1.221890864502899049e-01,-3.072128487274767838e-01,-1.364575613275314375e-02,-2.524361999467087392e-01,-5.004191756737053770e-02,-2.449134118349044209e-01,-3.173528777064854589e-02,-2.910297183521967090e-01,7.135343106777039535e-02,-4.658679098782841366e-01,9.999999999999997780e-01
1.000000000000000444e+00,-5.939723841042298114e-01,1.972181418986096446e-01,-4.849626237499916614e-01,1.153462523263272671e-01,-4.547150756221635115e-01,1.032754287733531895e-01,-4.640073626807558194e-01,1.427631783474962446e-01,-5.097369380680879525e-01,2.918581447860809086e-01,-5.939723841042298114e-01,1.000000000000000444e+00,-3.134906625572516647e-01,8.302421799591614970e-01,-1.860322298883112790e-01,7.873756153342201802e-01,-1.736373937957993996e-01,8.083809875297800485e-01,-2.469305160888862760e-01,8.906514162998664386e-01,-5.097369374681676168e-01,1.972181418986096446e-01,-3.134906625572516647e-01,1.000000000000000444e+00,-4.027400167942688514e-01,1.829529824494335044e-01,-2.715788115638158584e-01,9.696096759545048960e-02,-2.403901708127189618e-01,8.546130357136003108e-02,-2.469305151483431882e-01,1.427631786091485278e-01,-4.849626237499916614e-01,8.302421799591614970e-01,-4.027400167942688514e-01,1.000000000000000444e+00,-3.197546427846052475e-01,7.696282229694305643e-01,-2.058822298925448990e-01,7.494959096847353397e-01,-2.403901744160799048e-01,8.083809897218218188e-01,-4.640073642217138472e-01,1.153462523263272671e-01,-1.860322298883112790e-01,1.829529824494335044e-01,-3.197546427846052475e-01,1.000000000000000444e+00,-3.482814379393647797e-01,1.911125348334202223e-01,-2.058822289726177091e-01,9.696097389726020255e-02,-1.736373909379232139e-01,1.032754291687465603e-01,-4.547150756221635115e-01,7.873756153342201802e-01,-2.715788115638158584e-01,7.696282229694305643e-01,-3.482814379393647797e-01,1.000000000000000444e+00,-3.482814441212808143e-01,7.696282272112419109e-01,-2.715788196489240525e-01,7.873756181270474830e-01,-4.547150784098714649e-01,1.032754287733531895e-01,-1.736373937957993996e-01,9.696096759545048960e-02,-2.058822298925448990e-01,1.911125348334202223e-01,-3.482814441212808143e-01,1.000000000000000444e+00,-3.197546494526409266e-01,1.829529883327566941e-01,-1.860322373425261078e-01,1.153462576401722006e-01,-4.640073626807558194e-01,8.083809875297800485e-01,-2.403901708127189618e-01,7.494959096847353397e-01,-2.058822289726177091e-01,7.696282272112419109e-01,-3.197546494526409266e-01,1.000000000000000444e+00,-4.027400198506177476e-01,8.302421809313738077e-01,-4.849626244106827189e-01,1.427631783474962446e-01,-2.469305160888862760e-01,8.546130357136003108e-02,-2.403901744160799048e-01,9.696097389726020255e-02,-2.715788196489240525e-01,1.829529883327566941e-01,-4.027400198506177476e-01,1.000000000000000444e+00,-3.134906646339736813e-01,1.972181424495432212e-01,-5.097369380680879525e-01,8.906514162998664386e-01,-2.469305151483431882e-01,8.083809897218218188e-01,-1.736373909379232139e-01,7.873756181270474830e-01,-1.860322373425261078e-01,8.302421809313738077e-01,-3.134906646339736813e-01,1.000000000000000444e+00,-5.939723832900900558e-01,2.918581447860809086e-01,-5.097369374681676168e-01,1.427631786091485278e-01,-4.640073642217138472e-01,1.032754291687465603e-01,-4.547150784098714649e-01,1.153462576401722006e-01,-4.849626244106827189e-01,1.972181424495432212e-01,-5.939723832900900558e-01,1.000000000000000444e+00
9.999999999999965583e-01,-6.922716207171422109e-01,3.631335993697404341e-01,-6.430558667682663154e-01,3.216003476465911226e-01,-6.323474558127240019e-01,3.170092879966768806e-01,-6.364477603361489155e-01,3.386721844286996186e-01,-6.568696162715133013e-01,4.513616924764129457e-01,-6.922716207171422109e-01,9.999999999999965583e-01,-5.240201887063647979e-01,9.326855683445234302e-01,-4.648336334082404653e-01,9.191366670581253562e-01,-4.601656964341785949e-01,9.259246107109276869e-01,-4.925240603095630831e-01,9.559739268303365511e-01,-6.568696188477193276e-01,3.631335993697404341e-01,-5.240201887063647979e-01,9.999999999999965583e-01,-5.548402917087971176e-01,3.008002449983900872e-01,-4.912680819276699085e-01,2.547728608377113346e-01,-4.815650802714137590e-01,2.586706080971749588e-01,-4.925240610398530228e-01,3.386721861869318451e-01,-6.430558667682663154e-01,9.326855683445234302e-01,-5.548402917087971176e-01,9.999999999999965583e-01,-5.202710545423515631e-01,9.077845954336718481e-01,-4.625663798044592490e-01,9.010290438398759205e-01,-4.815650816270516388e-01,9.259246141668548979e-01,-6.364477651088364940e-01,3.216003476465911226e-01,-4.648336334082404653e-01,3.008002449983900872e-01,-5.202710545423515631e-01,9.999999999999965583e-01,-5.287401732270240462e-01,2.956922863793426393e-01,-4.625663834959094500e-01,2.547728655861935532e-01,-4.601657003779915933e-01,3.170092919922177233e-01,-6.323474558127240019e-01,9.191366670581253562e-01,-4.912680819276699085e-01,9.077845954336718481e-01,-5.287401732270240462e-01,9.999999999999965583e-01,-5.287401703694689648e-01,9.077845953895349318e-01,-4.912680840331429821e-01,9.191366689191935446e-01,-6.323474594255904524e-01,3.170092879966768806e-01,-4.601656964341785949e-01,2.547728608377113346e-01,-4.625663798044592490e-01,2.956922863793426393e-01,-5.287401703694689648e-01,9.999999999999965583e-01,-5.202710532178381753e-01,3.008002462469584470e-01,-4.648336305498167453e-01,3.216003459998969527e-01,-6.364477603361489155e-01,9.259246107109276869e-01,-4.815650802714137590e-01,9.010290438398759205e-01,-4.625663834959094500e-01,9.077845953895349318e-01,-5.202710532178381753e-01,9.999999999999965583e-01,-5.548402936173861821e-01,9.326855678008335593e-01,-6.430558682564156969e-01,3.386721844286996186e-01,-4.925240603095630831e-01,2.586706080971749588e-01,-4.815650816270516388e-01,2.547728655861935532e-01,-4.912680840331429821e-01,3.008002462469584470e-01,-5.548402936173861821e-01,9.999999999999965583e-01,-5.240201868504746896e-01,3.631335975546050587e-01,-6.568696162715133013e-01,9.559739268303365511e-01,-4.925240610398530228e-01,9.259246141668548979e-01,-4.601657003779915933e-01,9.191366689191935446e-01,-4.648336305498167453e-01,9.326855678008335593e-01,-5.240201868504746896e-01,9.999999999999965583e-01,-6.922716227401978228e-01,4.513616924764129457e-01,-6.568696188477193276e-01,3.386721861869318451e-01,-6.364477651088364940e-01,3.170092919922177233e-01,-6.323474594255904524e-01,3.216003459998969527e-01,-6.430558682564156969e-01,3.631335975546050587e-01,-6.922716227401978228e-01,9.999999999999965583e-01
