1.000000000000004441e+00,-3.967113436703063600e-01,4.611329281835989391e-02,-2.010151967005175400e-01,-5.764049029985997274e-02,-1.461325135811923637e-01,-9.115678748575739565e-02,-1.263787518325413806e-01,-1.032523984573146814e-01,-1.193277617111291877e-01,-1.070218779019500577e-01,-1.180171105749888427e-01,-1.062153979863857678e-01,-1.210180765536145731e-01,-1.004385086397735771e-01,-1.304392467913040310e-01,-8.523721120214963753e-02,-1.530664775128612320e-01,-4.805023358874699335e-02,-2.033517883569440632e-01,5.835155968869157328e-02,-3.967113436703063600e-01,1.000000000000004441e+00,4.239000586409463756e-02,5.891831867147938606e-01,2.661071129261082246e-01,4.715619488933938674e-01,3.404589667645259166e-01,4.267807999897831328e-01,3.682722998337846776e-01,4.107393942504745654e-01,3.762184624501844765e-01,4.093401533144065962e-01,3.714507891603020528e-01,4.210115178012898696e-01,3.505585240268795921e-01,4.543214420820337329e-01,2.972760935953839279e-01,5.333747427978925426e-01,1.675433293874104002e-01,7.087127700527544594e-01,-2.033517856046939687e-01,4.611329281835989391e-02,4.239000586409463756e-02,1.000000000000004441e+00,-1.645041451053410875e-01,2.151905026499776330e-01,3.010744785137380031e-02,1.275947852379643033e-01,7.347744667959635323e-02,1.036449663855687625e-01,8.714979864389105213e-02,9.513517043032926335e-02,9.303364053694829217e-02,9.021580919362381934e-02,9.811356250423089453e-02,8.383447561448201246e-02,1.068842928728809677e-01,7.066885134369271793e-02,1.259339523601207822e-01,3.975721126924398885e-02,1.675433195224114158e-01,-4.805022843499386076e-02,-2.010151967005175400e-01,5.891831867147938606e-01,-1.645041451053410875e-01,1.000000000000004441e+00,-1.111966990958199175e-02,4.546489187849656055e-01,2.009523292593764499e-01,3.523856082729565076e-01,2.585989514066340811e-01,3.201060691383844636e-01,2.763576845261113135e-01,3.121269574166927740e-01,2.769548073681512568e-01,3.183746179761079431e-01,2.627989824093324156e-01,3.424760321350884817e-01,2.233116061440247324e-01,4.015846953830660149e-01,1.259339598833654206e-01,5.333747476695127610e-01,-1.530664780049272866e-01,-5.764049029985997274e-02,2.661071129261082246e-01,2.151905026499776330e-01,-1.111966990958199175e-02,1.000000000000004441e+00,-1.045711257258909038e-01,2.947557668295858746e-01,9.623751601028039671e-02,2.026207036787322502e-01,1.441514461514849521e-01,1.750046799877514325e-01,1.614718427568073156e-01,1.623161393256528084e-01,1.727944101876685012e-01,1.496069393138959591e-01,1.891906418469506412e-01,1.257282093626454211e-01,2.233116006929718733e-01,7.066885460325643409e-02,2.972760881122263887e-01,-8.523720697860823203e-02,-1.461325135811923637e-01,4.715619488933938674e-01,3.010744785137380031e-02,4.546489187849656055e-01,-1.045711257258909038e-01,1.000000000000004441e+00,-4.146709628956696259e-02,3.999472006492414411e-01,1.657422343801221165e-01,3.032271584923459384e-01,2.171903574347449351e-01,2.764839001670372776e-01,2.292443637932135569e-01,2.750358534650811926e-01,2.212782726651899567e-01,2.930899061182363763e-01,1.891906437388685136e-01,3.424760279390557938e-01,1.068842974518386391e-01,4.543214399552804039e-01,-1.304392449493735062e-01,-9.115678748575739565e-02,3.404589667645259166e-01,1.275947852379643033e-01,2.009523292593764499e-01,2.947557668295858746e-01,-4.146709628956696259e-02,1.000000000000004441e+00,-8.105334955717025114e-02,3.287433278190806663e-01,1.232177552487704886e-01,2.329065765886185191e-01,1.754015231756593796e-01,2.006025228611610089e-01,1.985368434349575328e-01,1.798620600005463310e-01,2.212782756797082861e-01,1.496069431210182987e-01,2.627989831472758997e-01,8.383448049918733325e-02,3.505585276702281039e-01,-1.004385080569784316e-01,-1.263787518325413806e-01,4.267807999897831328e-01,7.347744667959635323e-02,3.523856082729565076e-01,9.623751601028039671e-02,3.999472006492414411e-01,-8.105334955717025114e-02,1.000000000000004441e+00,-5.598262460331909773e-02,3.782908959325271825e-01,1.482120117999637943e-01,2.854967525382833271e-01,1.947398429134887254e-01,2.648360017974478731e-01,1.985368358372625042e-01,2.750358494641520490e-01,1.727944083201895520e-01,3.183746076559811344e-01,9.811356645214516781e-02,4.210115070630348622e-01,-1.210180712576714723e-01,-1.032523984573146814e-01,3.682722998337846776e-01,1.036449663855687625e-01,2.585989514066340811e-01,2.026207036787322502e-01,1.657422343801221165e-01,3.287433278190806663e-01,-5.598262460331909773e-02,1.000000000000004441e+00,-7.039406484939902953e-02,3.411452813967495445e-01,1.368606788771118132e-01,2.409803594059046206e-01,1.947398518188259708e-01,2.006025242797594144e-01,2.292443674412995014e-01,1.623161449411838486e-01,2.769548098763174870e-01,9.021581381250814990e-02,3.714507956857395210e-01,-1.062153988546813699e-01,-1.193277617111291877e-01,4.107393942504745654e-01,8.714979864389105213e-02,3.201060691383844636e-01,1.441514461514849521e-01,3.032271584923459384e-01,1.232177552487704886e-01,3.782908959325271825e-01,-7.039406484939902953e-02,1.000000000000004441e+00,-6.374546818593174180e-02,3.725541055787419120e-01,1.368606704614326042e-01,2.854967545186163358e-01,1.754015166804381298e-01,2.764838984156605672e-01,1.614718412506700729e-01,3.121269497710057461e-01,9.303364440440187177e-02,4.093401457594229020e-01,-1.180171066067645241e-01,-1.070218779019500577e-01,3.762184624501844765e-01,9.513517043032926335e-02,2.763576845261113135e-01,1.750046799877514325e-01,2.171903574347449351e-01,2.329065765886185191e-01,1.482120117999637943e-01,3.411452813967495445e-01,-6.374546818593174180e-02,1.000000000000004441e+00,-6.374546180136313189e-02,3.411452775717637165e-01,1.482120174654688316e-01,2.329065732755035423e-01,2.171903581119357385e-01,1.750046813488976005e-01,2.763576812202308552e-01,9.513517501570298296e-02,3.762184604801240839e-01,-1.070218750741750158e-01,-1.180171105749888427e-01,4.093401533144065962e-01,9.303364053694829217e-02,3.121269574166927740e-01,1.614718427568073156e-01,2.764839001670372776e-01,1.754015231756593796e-01,2.854967525382833271e-01,1.368606788771118132e-01,3.725541055787419120e-01,-6.374546180136313189e-02,1.000000000000004441e+00,-7.039406701854142301e-02,3.782909018391878986e-01,1.232177559931730143e-01,3.032271619371388338e-01,1.441514505518674549e-01,3.201060698820674677e-01,8.714980369158394080e-02,4.107393983356131262e-01,-1.193277616791956208e-01,-1.062153979863857678e-01,3.714507891603020528e-01,9.021580919362381934e-02,2.769548073681512568e-01,1.623161393256528084e-01,2.292443637932135569e-01,2.006025228611610089e-01,1.947398429134887254e-01,2.409803594059046206e-01,1.368606704614326042e-01,3.411452775717637165e-01,-7.039406701854142301e-02,1.000000000000004441e+00,-5.598262347228659397e-02,3.287433215253251495e-01,1.657422293008508907e-01,2.026207026856614579e-01,2.585989421755313655e-01,1.036449699314994505e-01,3.682722903623442678e-01,-1.032523935619953370e-01,-1.210180765536145731e-01,4.210115178012898696e-01,9.811356250423089453e-02,3.183746179761079431e-01,1.727944101876685012e-01,2.750358534650811926e-01,1.985368434349575328e-01,2.648360017974478731e-01,1.947398518188259708e-01,2.854967545186163358e-01,1.482120174654688316e-01,3.782909018391878986e-01,-5.598262347228659397e-02,1.000000000000004441e+00,-8.105334576038564220e-02,3.999472057978680772e-01,9.623752254747387769e-02,3.523856102438047699e-01,7.347745334653170424e-02,4.267808071110460455e-01,-1.263787529777413710e-01,-1.004385086397735771e-01,3.505585240268795921e-01,8.383447561448201246e-02,2.627989824093324156e-01,1.496069393138959591e-01,2.212782726651899567e-01,1.798620600005463310e-01,1.985368358372625042e-01,2.006025242797594144e-01,1.754015166804381298e-01,2.329065732755035423e-01,1.232177559931730143e-01,3.287433215253251495e-01,-8.105334576038564220e-02,1.000000000000004441e+00,-4.146710151202114697e-02,2.947557661399453077e-01,2.009523219047972264e-01,1.275947885812907245e-01,3.404589594341145276e-01,-9.115678301318730359e-02,-1.304392467913040310e-01,4.543214420820337329e-01,1.068842928728809677e-01,3.424760321350884817e-01,1.891906418469506412e-01,2.930899061182363763e-01,2.212782756797082861e-01,2.750358494641520490e-01,2.292443674412995014e-01,2.764838984156605672e-01,2.171903581119357385e-01,3.032271619371388338e-01,1.657422293008508907e-01,3.999472057978680772e-01,-4.146710151202114697e-02,1.000000000000004441e+00,-1.045711212302843085e-01,4.546489156647853247e-01,3.010745349532176901e-02,4.715619477411676641e-01,-1.461325114903597733e-01,-8.523721120214963753e-02,2.972760935953839279e-01,7.066885134369271793e-02,2.233116061440247324e-01,1.257282093626454211e-01,1.891906437388685136e-01,1.496069431210182987e-01,1.727944083201895520e-01,1.623161449411838486e-01,1.614718412506700729e-01,1.750046813488976005e-01,1.441514505518674549e-01,2.026207026856614579e-01,9.623752254747387769e-02,2.947557661399453077e-01,-1.045711212302843085e-01,1.000000000000004441e+00,-1.111967349934312246e-02,2.151905079595134163e-01,2.661071145930531401e-01,-5.764048961749024952e-02,-1.530664775128612320e-01,5.333747427978925426e-01,1.259339523601207822e-01,4.015846953830660149e-01,2.233116006929718733e-01,3.424760279390557938e-01,2.627989831472758997e-01,3.183746076559811344e-01,2.769548098763174870e-01,3.121269497710057461e-01,2.763576812202308552e-01,3.201060698820674677e-01,2.585989421755313655e-01,3.523856102438047699e-01,2.009523219047972264e-01,4.546489156647853247e-01,-1.111967349934312246e-02,1.000000000000004441e+00,-1.645041429691343482e-01,5.891831789720092249e-01,-2.010151925977345932e-01,-4.805023358874699335e-02,1.675433293874104002e-01,3.975721126924398885e-02,1.259339598833654206e-01,7.066885460325643409e-02,1.068842974518386391e-01,8.383448049918733325e-02,9.811356645214516781e-02,9.021581381250814990e-02,9.303364440440187177e-02,9.513517501570298296e-02,8.714980369158394080e-02,1.036449699314994505e-01,7.347745334653170424e-02,1.275947885812907245e-01,3.010745349532176901e-02,2.151905079595134163e-01,-1.645041429691343482e-01,1.000000000000004441e+00,4.239001174663656335e-02,4.611329280138007358e-02,-2.033517883569440632e-01,7.087127700527544594e-01,1.675433195224114158e-01,5.333747476695127610e-01,2.972760881122263887e-01,4.543214399552804039e-01,3.505585276702281039e-01,4.210115070630348622e-01,3.714507956857395210e-01,4.093401457594229020e-01,3.762184604801240839e-01,4.107393983356131262e-01,3.682722903623442678e-01,4.267808071110460455e-01,3.404589594341145276e-01,4.715619477411676641e-01,2.661071145930531401e-01,5.891831789720092249e-01,4.239001174663656335e-02,1.000000000000004441e+00,-3.967113426314690106e-01,5.835155968869157328e-02,-2.033517856046939687e-01,-4.805022843499386076e-02,-1.530664780049272866e-01,-8.523720697860823203e-02,-1.304392449493735062e-01,-1.004385080569784316e-01,-1.210180712576714723e-01,-1.062153988546813699e-01,-1.180171066067645241e-01,-1.070218750741750158e-01,-1.193277616791956208e-01,-1.032523935619953370e-01,-1.263787529777413710e-01,-9.115678301318730359e-02,-1.461325114903597733e-01,-5.764048961749024952e-02,-2.010151925977345932e-01,4.611329280138007358e-02,-3.967113426314690106e-01,1.000000000000004441e+00
1.000000000000003775e+00,-4.041904480045378500e-01,4.697522647955407887e-02,-2.088048186008947815e-01,-5.858545889541788565e-02,-1.525300643409782664e-01,-9.344630293104412566e-02,-1.318051162294072709e-01,-1.062738624521512992e-01,-1.242814798596968001e-01,-1.103102851955252706e-01,-1.228999971412768205e-01,-1.093858667528863349e-01,-1.262150165972317217e-01,-1.030595543593745694e-01,-1.364355329640620229e-01,-8.668470579961090605e-02,-1.605327880032261512e-01,-4.732778438929336612e-02,-2.130048808247383407e-01,6.355779643802712819e-02,-4.041904480045378500e-01,1.000000000000003775e+00,3.428831869871731830e-02,5.937681404922897643e-01,2.592296134572052990e-01,4.745473861341371613e-01,3.355627743988034428e-01,4.282059475181246855e-01,3.646240626577983424e-01,4.113465555728441636e-01,3.730150210096185859e-01,4.098802637027069151e-01,3.679424720454186337e-01,4.222254506741499602e-01,3.459584373534723145e-01,4.569744729579645615e-01,2.907580134735605615e-01,5.379438909245458644e-01,1.587104668648576522e-01,7.139006995397644273e-01,-2.130048777554360562e-01,4.697522647955407887e-02,3.428831869871731830e-02,1.000000000000003775e+00,-1.725746538696381616e-01,2.122517298501400973e-01,2.226567309561035615e-02,1.233327414596122884e-01,6.659611442501095491e-02,9.855300027490900006e-02,8.086241213632892888e-02,8.959212317349153631e-02,8.707009606608095975e-02,8.443645045820950823e-02,9.230249449031913134e-02,7.798660880449434507e-02,1.010078945958202828e-01,6.508488508688527185e-02,1.194120324718676851e-01,3.545484574879221445e-02,1.587104560446417900e-01,-4.732777879814918653e-02,-2.088048186008947815e-01,5.937681404922897643e-01,-1.725746538696381616e-01,1.000000000000003775e+00,-1.701391352452038055e-02,4.587233199883223866e-01,1.961847774489427487e-01,3.549341646815223350e-01,2.553392802000794548e-01,3.215529474999320181e-01,2.738378328580526322e-01,3.132235868215633157e-01,2.744258567568219620e-01,3.198282688670802676e-01,2.595453384686663978e-01,3.449624113117068513e-01,2.186229774919339619e-01,4.055464049752011135e-01,1.194120407837293008e-01,5.379438962512522737e-01,-1.605327884365376490e-01,-5.858545889541788565e-02,2.592296134572052990e-01,2.122517298501400973e-01,-1.701391352452038055e-02,1.000000000000003775e+00,-1.123880287488330798e-01,2.922532593001646029e-01,8.892717374672286235e-02,1.987883719194544763e-01,1.378937482410350635e-01,1.702462372943802371e-01,1.559477630742243659e-01,1.569315376205639989e-01,1.678016376731363279e-01,1.437426001628737404e-01,1.845813346240912090e-01,1.195847093412187867e-01,2.186229714524365597e-01,6.508488846371865422e-02,2.907580073573754476e-01,-8.668470126849295299e-02,-1.525300643409782664e-01,4.745473861341371613e-01,2.226567309561035615e-02,4.587233199883223866e-01,-1.123880287488330798e-01,1.000000000000003775e+00,-4.724045729694156814e-02,4.029156635357408200e-01,1.608900566953924138e-01,3.048393361233686094e-01,2.135314916363796334e-01,2.773032742829887320e-01,2.259924623431867619e-01,2.758350483183164004e-01,2.176749784179887459e-01,2.945454949873855810e-01,1.845813368865272253e-01,3.449624065559004915e-01,1.010078998177871556e-01,4.569744704876574914e-01,-1.364355307264862871e-01,-9.344630293104412566e-02,3.355627743988034428e-01,1.233327414596122884e-01,1.961847774489427487e-01,2.922532593001646029e-01,-4.724045729694156814e-02,1.000000000000003775e+00,-8.839717402355468101e-02,3.271098408454278239e-01,1.165933272901107931e-01,2.297949427357451890e-01,1.700414830539280775e-01,1.963362277534149436e-01,1.941585042643633185e-01,1.746964528188665322e-01,2.176749817901018902e-01,1.437426043669453590e-01,2.595453394523383750e-01,7.798661398745088125e-02,3.459584415595978735e-01,-1.030595539543351508e-01,-1.318051162294072709e-01,4.282059475181246855e-01,6.659611442501095491e-02,3.549341646815223350e-01,8.892717374672286235e-02,4.029156635357408200e-01,-8.839717402355468101e-02,1.000000000000003775e+00,-6.210190168018461798e-02,3.804823079075609349e-01,1.428184109310118854e-01,2.865384453412801458e-01,1.902653078911427931e-01,2.653739125423973944e-01,1.941584958068987565e-01,2.758350437556084112e-01,1.678016357685278015e-01,3.198282572456587758e-01,9.230249894688224988e-02,4.222254385364112572e-01,-1.262150104881209489e-01,-1.062738624521512992e-01,3.646240626577983424e-01,9.855300027490900006e-02,2.553392802000794548e-01,1.987883719194544763e-01,1.608900566953924138e-01,3.271098408454278239e-01,-6.210190168018461798e-02,1.000000000000003775e+00,-7.729632664010036014e-02,3.400132603083245719e-01,1.308718595566265019e-01,2.381485937260179320e-01,1.902653179070800671e-01,1.963362292168185919e-01,2.259924664936031058e-01,1.569315437710981365e-01,2.744258596829903807e-01,8.443645542280350802e-02,3.679424794078142158e-01,-1.093858679065943390e-01,-1.242814798596968001e-01,4.113465555728441636e-01,8.086241213632892888e-02,3.215529474999320181e-01,1.378937482410350635e-01,3.048393361233686094e-01,1.165933272901107931e-01,3.804823079075609349e-01,-7.729632664010036014e-02,1.000000000000003775e+00,-7.025380420882590404e-02,3.744819087353858933e-01,1.308718502483800783e-01,2.865384475170055234e-01,1.700414760135130487e-01,2.773032722406660877e-01,1.559477616841399017e-01,3.132235782731852547e-01,8.707010042481463929e-02,4.098802552778967323e-01,-1.228999926025806100e-01,-1.103102851955252706e-01,3.730150210096185859e-01,8.959212317349153631e-02,2.738378328580526322e-01,1.702462372943802371e-01,2.135314916363796334e-01,2.297949427357451890e-01,1.428184109310118854e-01,3.400132603083245719e-01,-7.025380420882590404e-02,1.000000000000003775e+00,-7.025379711092655244e-02,3.400132560377988611e-01,1.428184174088800718e-01,2.297949388820884620e-01,2.135314925154546128e-01,1.702462387249063513e-01,2.738378293507941486e-01,8.959212809060014548e-02,3.730150189529189975e-01,-1.103102822275338346e-01,-1.228999971412768205e-01,4.098802637027069151e-01,8.707009606608095975e-02,3.132235868215633157e-01,1.559477630742243659e-01,2.773032742829887320e-01,1.700414830539280775e-01,2.865384453412801458e-01,1.308718595566265019e-01,3.744819087353858933e-01,-7.025379711092655244e-02,1.000000000000003775e+00,-7.729632908389014179e-02,3.804823143857594125e-01,1.165933283388815855e-01,3.048393397450408493e-01,1.378937534285304412e-01,3.215529481931014288e-01,8.086241781202488377e-02,4.113465600533710576e-01,-1.242814797721175368e-01,-1.093858667528863349e-01,3.679424720454186337e-01,8.443645045820950823e-02,2.744258567568219620e-01,1.569315376205639989e-01,2.259924623431867619e-01,1.963362277534149436e-01,1.902653078911427931e-01,2.381485937260179320e-01,1.308718502483800783e-01,3.400132560377988611e-01,-7.729632908389014179e-02,1.000000000000003775e+00,-6.210190026152444254e-02,3.271098336144225849e-01,1.608900512945317107e-01,1.987883706505719772e-01,2.553392701606722048e-01,9.855300402438410545e-02,3.646240522372344861e-01,-1.062738570905976815e-01,-1.262150165972317217e-01,4.222254506741499602e-01,9.230249449031913134e-02,3.198282688670802676e-01,1.678016376731363279e-01,2.758350483183164004e-01,1.941585042643633185e-01,2.653739125423973944e-01,1.902653179070800671e-01,2.865384475170055234e-01,1.428184174088800718e-01,3.804823143857594125e-01,-6.210190026152444254e-02,1.000000000000003775e+00,-8.839716962780014287e-02,4.029156691907884724e-01,8.892718131636208334e-02,3.549341668902426528e-01,6.659612192017831667e-02,4.282059555150354857e-01,-1.318051174895651378e-01,-1.030595543593745694e-01,3.459584373534723145e-01,7.798660880449434507e-02,2.595453384686663978e-01,1.437426001628737404e-01,2.176749784179887459e-01,1.746964528188665322e-01,1.941584958068987565e-01,1.963362292168185919e-01,1.700414760135130487e-01,2.297949388820884620e-01,1.165933283388815855e-01,3.271098336144225849e-01,-8.839716962780014287e-02,1.000000000000003775e+00,-4.724046311277443899e-02,2.922532585423514018e-01,1.961847694132962672e-01,1.233327450072237014e-01,3.355627663772188241e-01,-9.344629808870574816e-02,-1.364355329640620229e-01,4.569744729579645615e-01,1.010078945958202828e-01,3.449624113117068513e-01,1.845813346240912090e-01,2.945454949873855810e-01,2.176749817901018902e-01,2.758350437556084112e-01,2.259924664936031058e-01,2.773032722406660877e-01,2.135314925154546128e-01,3.048393397450408493e-01,1.608900512945317107e-01,4.029156691907884724e-01,-4.724046311277443899e-02,1.000000000000003775e+00,-1.123880235115147785e-01,4.587233164068276192e-01,2.226567948347602660e-02,4.745473847883893148e-01,-1.525300619001942193e-01,-8.668470579961090605e-02,2.907580134735605615e-01,6.508488508688527185e-02,2.186229774919339619e-01,1.195847093412187867e-01,1.845813368865272253e-01,1.437426043669453590e-01,1.678016357685278015e-01,1.569315437710981365e-01,1.559477616841399017e-01,1.702462387249063513e-01,1.378937534285304412e-01,1.987883706505719772e-01,8.892718131636208334e-02,2.922532585423514018e-01,-1.123880235115147785e-01,1.000000000000003775e+00,-1.701391725810283070e-02,2.122517356478973161e-01,2.592296155750952180e-01,-5.858545831030995132e-02,-1.605327880032261512e-01,5.379438909245458644e-01,1.194120324718676851e-01,4.055464049752011135e-01,2.186229714524365597e-01,3.449624065559004915e-01,2.595453394523383750e-01,3.198282572456587758e-01,2.744258596829903807e-01,3.132235782731852547e-01,2.738378293507941486e-01,3.215529481931014288e-01,2.553392701606722048e-01,3.549341668902426528e-01,1.961847694132962672e-01,4.587233164068276192e-01,-1.701391725810283070e-02,1.000000000000003775e+00,-1.725746515023067473e-01,5.937681319090145626e-01,-2.088048139521594959e-01,-4.732778438929336612e-02,1.587104668648576522e-01,3.545484574879221445e-02,1.194120407837293008e-01,6.508488846371865422e-02,1.010078998177871556e-01,7.798661398745088125e-02,9.230249894688224988e-02,8.443645542280350802e-02,8.707010042481463929e-02,8.959212809060014548e-02,8.086241781202488377e-02,9.855300402438410545e-02,6.659612192017831667e-02,1.233327450072237014e-01,2.226567948347602660e-02,2.122517356478973161e-01,-1.725746515023067473e-01,1.000000000000003775e+00,3.428832524091667694e-02,4.697522633811226922e-02,-2.130048808247383407e-01,7.139006995397644273e-01,1.587104560446417900e-01,5.379438962512522737e-01,2.907580073573754476e-01,4.569744704876574914e-01,3.459584415595978735e-01,4.222254385364112572e-01,3.679424794078142158e-01,4.098802552778967323e-01,3.730150189529189975e-01,4.113465600533710576e-01,3.646240522372344861e-01,4.282059555150354857e-01,3.355627663772188241e-01,4.745473847883893148e-01,2.592296155750952180e-01,5.937681319090145626e-01,3.428832524091667694e-02,1.000000000000003775e+00,-4.041904468195574029e-01,6.355779643802712819e-02,-2.130048777554360562e-01,-4.732777879814918653e-02,-1.605327884365376490e-01,-8.668470126849295299e-02,-1.364355307264862871e-01,-1.030595539543351508e-01,-1.262150104881209489e-01,-1.093858679065943390e-01,-1.228999926025806100e-01,-1.103102822275338346e-01,-1.242814797721175368e-01,-1.062738570905976815e-01,-1.318051174895651378e-01,-9.344629808870574816e-02,-1.525300619001942193e-01,-5.858545831030995132e-02,-2.088048139521594959e-01,4.697522633811226922e-02,-4.041904468195574029e-01,1.000000000000003775e+00
9.999999999999981126e-01,-4.116206070018048613e-01,4.806018971596406897e-02,-2.166441798625576287e-01,-5.927817199366134521e-02,-1.589886108501680217e-01,-9.550618073341352043e-02,-1.372693560069067065e-01,-1.090928831524043685e-01,-1.292536963685530504e-01,-1.134082090250417008e-01,-1.278000255303599064e-01,-1.123563818671561160e-01,-1.314484515768155892e-01,-1.054505419917532300e-01,-1.425019303883345023e-01,-8.786158608979369178e-02,-1.680923546499698829e-01,-4.631598704080755469e-02,-2.227041649616658681e-01,6.897148410423110942e-02,-4.116206070018048613e-01,9.999999999999981126e-01,2.602482846911595080e-02,5.984891740936066906e-01,2.520979489546057439e-01,4.777331892287520199e-01,3.304077546279163835e-01,4.298244621271372079e-01,3.607406088436601599e-01,4.121286163721208928e-01,3.695890617383906229e-01,4.105944609461384953e-01,3.642002913456460211e-01,4.236331392661528694e-01,3.410965924518813419e-01,4.598399756305387998e-01,2.839641242545096200e-01,5.426935267008632380e-01,1.496569429618292979e-01,7.191433604432584392e-01,-2.227041615032285815e-01,4.806018971596406897e-02,2.602482846911595080e-02,9.999999999999981126e-01,-1.806550625811780553e-01,2.093766879566667238e-01,1.434499085459575024e-02,1.191351289585407258e-01,5.963922314486993365e-02,9.350542056361987875e-02,7.451649803354769286e-02,8.407725132852089667e-02,8.105722566988468603e-02,7.868320354359016611e-02,8.643382384902308091e-02,7.218501216001907417e-02,9.503916340449396205e-02,5.959976549120640787e-02,1.127314756163833170e-01,3.134042044601161037e-02,1.496569310907691075e-01,-4.631598097803563824e-02,-2.166441798625576287e-01,5.984891740936066906e-01,-1.806550625811780553e-01,9.999999999999981126e-01,-2.300149509165060405e-02,4.630020748436589617e-01,1.912678876581635212e-01,3.577220483021663622e-01,2.519349597230183258e-01,3.232300893846307144e-01,2.711864283745033521e-01,3.145451363741920692e-01,2.717620515406669046e-01,3.215186007981976624e-01,2.561361235292551886e-01,3.477032573074053667e-01,2.137591933077929718e-01,4.097530380317832011e-01,1.127314847979973556e-01,5.426935324735761013e-01,-1.680923549568656417e-01,-5.927817199366134521e-02,2.520979489546057439e-01,2.093766879566667238e-01,-2.300149509165060405e-02,9.999999999999981126e-01,-1.202452247311327910e-01,2.897264100987719249e-01,8.151353668172267586e-02,1.949360328815306354e-01,1.315327784297192215e-01,1.654516853168462864e-01,1.503350878242381283e-01,1.514967182875653351e-01,1.627256595305010545e-01,1.378326474248304789e-01,1.798663084758800323e-01,1.134382948793879187e-01,2.137591866721798017e-01,5.959976898696757452e-02,2.839641174862589379e-01,-8.786158124146709048e-02,-1.589886108501680217e-01,4.777331892287520199e-01,1.434499085459575024e-02,4.630020748436589617e-01,-1.202452247311327910e-01,9.999999999999981126e-01,-5.305283829004633911e-02,4.061130081627123412e-01,1.559474123113362420e-01,3.067115816101817494e-01,2.097800527648469859e-01,2.783814718158940105e-01,2.226507043975400890e-01,2.768949733630613474e-01,2.139743360749019885e-01,2.962677343941334529e-01,1.798663111225594635e-01,3.477032519282206580e-01,9.503916935939074606e-02,4.598399727371575985e-01,-1.425019276541859559e-01,-9.550618073341352043e-02,3.304077546279163835e-01,1.191351289585407258e-01,1.912678876581635212e-01,2.897264100987719249e-01,-5.305283829004633911e-02,9.999999999999981126e-01,-9.579086343017584326e-02,3.254288951030435140e-01,1.098627070109684245e-01,2.266393843818475529e-01,1.645777501969390988e-01,1.920082284048718058e-01,1.896904382074335316e-01,1.694591610765256440e-01,2.139743398275994746e-01,1.378326519966546204e-01,2.561361247754203596e-01,7.218501762694623514e-02,3.410965972270793012e-01,-1.054505417769776715e-01,-1.372693560069067065e-01,4.298244621271372079e-01,5.963922314486993365e-02,3.577220483021663622e-01,8.151353668172267586e-02,4.061130081627123412e-01,-9.579086343017584326e-02,9.999999999999981126e-01,-6.824621668998973045e-02,3.829019453964618291e-01,1.373432958968338613e-01,2.878432447702343189e-01,1.856999734007969138e-01,2.661780622477154523e-01,1.896904289076604688e-01,2.768949682272449087e-01,1.627256576416922784e-01,3.215185878174445788e-01,8.643382892118116334e-02,4.236331256621706509e-01,-1.314484445465334272e-01,-1.090928831524043685e-01,3.607406088436601599e-01,9.350542056361987875e-02,2.519349597230183258e-01,1.949360328815306354e-01,1.559474123113362420e-01,3.254288951030435140e-01,-6.824621668998973045e-02,9.999999999999981126e-01,-8.424229115044185034e-02,3.388337050235741832e-01,1.247892314448388468e-01,2.352697001937482102e-01,1.856999845171430630e-01,1.920082298613922656e-01,2.226507090682872392e-01,1.514967249088901013e-01,2.717620548709137607e-01,7.868320883833521129e-02,3.642002995072207705e-01,-1.123563833004335155e-01,-1.292536963685530504e-01,4.121286163721208928e-01,7.451649803354769286e-02,3.232300893846307144e-01,1.315327784297192215e-01,3.067115816101817494e-01,1.098627070109684245e-01,3.829019453964618291e-01,-8.424229115044185034e-02,9.999999999999981126e-01,-7.679390477524132563e-02,3.766349334239619817e-01,1.247892212868700890e-01,2.878432471246669677e-01,1.645777426660678944e-01,2.783814694667137712e-01,1.503350866237572747e-01,3.145451268821184421e-01,8.105723061600374202e-02,4.105944516153190449e-01,-1.278000203385386002e-01,-1.134082090250417008e-01,3.695890617383906229e-01,8.407725132852089667e-02,2.711864283745033521e-01,1.654516853168462864e-01,2.097800527648469859e-01,2.266393843818475529e-01,1.373432958968338613e-01,3.388337050235741832e-01,-7.679390477524132563e-02,9.999999999999981126e-01,-7.679389698262240049e-02,3.388337003194209496e-01,1.373433032179709745e-01,2.266393799374763762e-01,2.097800538999636810e-01,1.654516867627283117e-01,2.711864246784533306e-01,8.407725658363118804e-02,3.695890595877545093e-01,-1.134082059047744478e-01,-1.278000255303599064e-01,4.105944609461384953e-01,8.105722566988468603e-02,3.145451363741920692e-01,1.503350878242381283e-01,2.783814718158940105e-01,1.645777501969390988e-01,2.878432447702343189e-01,1.247892314448388468e-01,3.766349334239619817e-01,-7.679389698262240049e-02,9.999999999999981126e-01,-8.424229384974173118e-02,3.829019523916383227e-01,1.098627084050675107e-01,3.067115853591511065e-01,1.315327844586043071e-01,3.232300899618888446e-01,7.451650440574721090e-02,4.121286211841204139e-01,-1.292536961581439714e-01,-1.123563818671561160e-01,3.642002913456460211e-01,7.868320354359016611e-02,2.717620515406669046e-01,1.514967182875653351e-01,2.226507043975400890e-01,1.920082284048718058e-01,1.856999734007969138e-01,2.352697001937482102e-01,1.247892212868700890e-01,3.388337003194209496e-01,-8.424229384974173118e-02,9.999999999999981126e-01,-6.824621493634910885e-02,3.254288869118155403e-01,1.559474066637125955e-01,1.949360313074324780e-01,2.519349489077981619e-01,9.350542454795893188e-02,3.607405974919924985e-01,-1.090928772995994750e-01,-1.314484515768155892e-01,4.236331392661528694e-01,8.643382384902308091e-02,3.215186007981976624e-01,1.627256595305010545e-01,2.768949733630613474e-01,1.896904382074335316e-01,2.661780622477154523e-01,1.856999845171430630e-01,2.878432471246669677e-01,1.373433032179709745e-01,3.829019523916383227e-01,-6.824621493634910885e-02,9.999999999999981126e-01,-9.579085843090891228e-02,4.061130143122668734e-01,8.151354531716142882e-02,3.577220507193278332e-01,5.963923152109393278e-02,4.298244709670970831e-01,-1.372693573379615006e-01,-1.054505419917532300e-01,3.410965924518813419e-01,7.218501216001907417e-02,2.561361235292551886e-01,1.378326474248304789e-01,2.139743360749019885e-01,1.694591610765256440e-01,1.896904289076604688e-01,1.920082298613922656e-01,1.645777426660678944e-01,2.266393799374763762e-01,1.098627084050675107e-01,3.254288869118155403e-01,-9.579085843090891228e-02,9.999999999999981126e-01,-5.305284468338099940e-02,2.897264092561390170e-01,1.912678789265737644e-01,1.191351327402565552e-01,3.304077458908405984e-01,-9.550617548316228667e-02,-1.425019303883345023e-01,4.598399756305387998e-01,9.503916340449396205e-02,3.477032573074053667e-01,1.798663084758800323e-01,2.962677343941334529e-01,2.139743398275994746e-01,2.768949682272449087e-01,2.226507090682872392e-01,2.783814694667137712e-01,2.097800538999636810e-01,3.067115853591511065e-01,1.559474066637125955e-01,4.061130143122668734e-01,-5.305284468338099940e-02,9.999999999999981126e-01,-1.202452187055312594e-01,4.630020707844783034e-01,1.434499806287123716e-02,4.777331876676946809e-01,-1.589886080026552961e-01,-8.786158608979369178e-02,2.839641242545096200e-01,5.959976549120640787e-02,2.137591933077929718e-01,1.134382948793879187e-01,1.798663111225594635e-01,1.378326519966546204e-01,1.627256576416922784e-01,1.514967249088901013e-01,1.503350866237572747e-01,1.654516867627283117e-01,1.315327844586043071e-01,1.949360313074324780e-01,8.151354531716142882e-02,2.897264092561390170e-01,-1.202452187055312594e-01,9.999999999999981126e-01,-2.300149900247158707e-02,2.093766942778045315e-01,2.520979515130948867e-01,-5.927817148136844960e-02,-1.680923546499698829e-01,5.426935267008632380e-01,1.127314756163833170e-01,4.097530380317832011e-01,2.137591866721798017e-01,3.477032519282206580e-01,2.561361247754203596e-01,3.215185878174445788e-01,2.717620548709137607e-01,3.145451268821184421e-01,2.711864246784533306e-01,3.232300899618888446e-01,2.519349489077981619e-01,3.577220507193278332e-01,1.912678789265737644e-01,4.630020707844783034e-01,-2.300149900247158707e-02,9.999999999999981126e-01,-1.806550599255814793e-01,5.984891645952342687e-01,-2.166441745924157780e-01,-4.631598704080755469e-02,1.496569429618292979e-01,3.134042044601161037e-02,1.127314847979973556e-01,5.959976898696757452e-02,9.503916935939074606e-02,7.218501762694623514e-02,8.643382892118116334e-02,7.868320883833521129e-02,8.105723061600374202e-02,8.407725658363118804e-02,7.451650440574721090e-02,9.350542454795893188e-02,5.963923152109393278e-02,1.191351327402565552e-01,1.434499806287123716e-02,2.093766942778045315e-01,-1.806550599255814793e-01,9.999999999999981126e-01,2.602483571533442674e-02,4.806018946190586394e-02,-2.227041649616658681e-01,7.191433604432584392e-01,1.496569310907691075e-01,5.426935324735761013e-01,2.839641174862589379e-01,4.598399727371575985e-01,3.410965972270793012e-01,4.236331256621706509e-01,3.642002995072207705e-01,4.105944516153190449e-01,3.695890595877545093e-01,4.121286211841204139e-01,3.607405974919924985e-01,4.298244709670970831e-01,3.304077458908405984e-01,4.777331876676946809e-01,2.520979515130948867e-01,5.984891645952342687e-01,2.602483571533442674e-02,9.999999999999981126e-01,-4.116206056338869712e-01,6.897148410423110942e-02,-2.227041615032285815e-01,-4.631598097803563824e-02,-1.680923549568656417e-01,-8.786158124146709048e-02,-1.425019276541859559e-01,-1.054505417769776715e-01,-1.314484445465334272e-01,-1.123563833004335155e-01,-1.278000203385386002e-01,-1.134082059047744478e-01,-1.292536961581439714e-01,-1.090928772995994750e-01,-1.372693573379615006e-01,-9.550617548316228667e-02,-1.589886080026552961e-01,-5.927817148136844960e-02,-2.166441745924157780e-01,4.806018946190586394e-02,-4.116206056338869712e-01,9.999999999999981126e-01
