9.999999999999973355e-01,-3.965270398399134422e-01,5.538037415875713548e-02,-1.956456023148593348e-01,-2.628580358251653148e-02,-1.433636706277571782e-01,-3.256923648052068021e-02,-1.279576424532931078e-01,-2.558602610154353529e-02,-1.243933815724019148e-01,-2.544166996948742099e-02,-1.256222759040755421e-01,-3.466961135546221817e-02,-1.314311371509622461e-01,-4.347391889478308818e-02,-1.474205602610301757e-01,-3.035416769900450840e-02,-1.878806578017461204e-01,5.576785412603786629e-02,-3.965270398399134422e-01,9.999999999999973355e-01,5.666909179765188681e-02,5.396471352901794916e-01,2.432029939580233058e-01,3.960989600160481627e-01,2.610990320559720135e-01,3.369434687187320421e-01,2.469816780559784264e-01,3.199076482253594977e-01,2.468742603211355191e-01,3.344852442209090837e-01,2.635800958830504248e-01,3.831348529246783041e-01,2.631467564607283816e-01,4.839827166369675693e-01,1.723730250165328159e-01,6.805122639308351928e-01,-1.878806556899508817e-01,5.538037415875713548e-02,5.666909179765188681e-02,9.999999999999973355e-01,-1.997240323008577234e-01,2.802846507264424303e-01,-6.314043983339973076e-02,2.402537708616677703e-01,-6.860196800846925236e-02,2.451549279910928414e-01,-7.725299654425360485e-02,2.462487142232129278e-01,-6.202422069222982004e-02,2.318305698208694421e-01,-1.646357793726176133e-02,1.940741339309710323e-01,6.143506704452141032e-02,1.195294293455264611e-01,1.723730239293809474e-01,-3.035416501875208561e-02,-1.956456023148593348e-01,5.396471352901794916e-01,-1.997240323008577234e-01,9.999999999999973355e-01,-7.298121275359481519e-02,4.364180594902878907e-01,3.684596682284882463e-02,3.650718706250869472e-01,2.509874612921900172e-02,3.531694450716292288e-01,2.430101561481984307e-02,3.542567456052686525e-01,5.190885626954334919e-02,3.626749156585489797e-01,8.333177471781341716e-02,3.928725961329642691e-01,6.143506456415671196e-02,4.839827146459022567e-01,-1.474205597734638551e-01,-2.628580358251653148e-02,2.432029939580233058e-01,2.802846507264424303e-01,-7.298121275359481519e-02,9.999999999999973355e-01,-2.119910181295816543e-01,4.074971110500882343e-01,-1.303490800981414177e-01,3.901319464239504931e-01,-1.401726004851336360e-01,3.923876064362321614e-01,-1.175290386077635918e-01,3.719645766611897608e-01,-4.398523874429052100e-02,3.130121879244411320e-01,8.333176829712773959e-02,1.940741339830525936e-01,2.631467414534596760e-01,-4.347390872699837677e-02,-1.433636706277571782e-01,3.960989600160481627e-01,-6.314043983339973076e-02,4.364180594902878907e-01,-2.119910181295816543e-01,9.999999999999973355e-01,-1.982571145889162889e-01,4.391071031111464240e-01,-1.364787215023990918e-01,4.096178032508831501e-01,-1.364795758130739889e-01,4.014141624403680941e-01,-1.009194319356598452e-01,3.821280690041740091e-01,-4.398522566013543522e-02,3.626749155576584061e-01,-1.646357655593819885e-02,3.831348582603641417e-01,-1.314311406236877422e-01,-3.256923648052068021e-02,2.610990320559720135e-01,2.402537708616677703e-01,3.684596682284882463e-02,4.074971110500882343e-01,-1.982571145889162889e-01,9.999999999999973355e-01,-2.682839461569301309e-01,4.740418367611100581e-01,-2.119324175751993167e-01,4.637599490593495855e-01,-1.869753611499754276e-01,4.417769823588027500e-01,-1.009194374494387925e-01,3.719645690984076936e-01,5.190885510405962577e-02,2.318305657640232498e-01,2.635800791496692441e-01,-3.466959948481107556e-02,-1.279576424532931078e-01,3.369434687187320421e-01,-6.860196800846925236e-02,3.650718706250869472e-01,-1.303490800981414177e-01,4.391071031111464240e-01,-2.682839461569301309e-01,9.999999999999973355e-01,-2.815519556296491310e-01,4.606331436708979155e-01,-2.246088969312452777e-01,4.347626818506354907e-01,-1.869753407197664585e-01,4.014141575171676912e-01,-1.175290116761679993e-01,3.542567439763592008e-01,-6.202421143058542419e-02,3.344852585314100346e-01,-1.256222830962916981e-01,-2.558602610154353529e-02,2.469816780559784264e-01,2.451549279910928414e-01,2.509874612921900172e-02,3.901319464239504931e-01,-1.364787215023990918e-01,4.740418367611100581e-01,-2.815519556296491310e-01,9.999999999999973355e-01,-3.033588362047829889e-01,4.953351867267201669e-01,-2.246089087879264423e-01,4.637599478730239921e-01,-1.364795723363826374e-01,3.923875982926284811e-01,2.430102367518928094e-02,2.462487112194344796e-01,2.468742526626685752e-01,-2.544165989640320008e-02,-1.243933815724019148e-01,3.199076482253594977e-01,-7.725299654425360485e-02,3.531694450716292288e-01,-1.401726004851336360e-01,4.096178032508831501e-01,-2.119324175751993167e-01,4.606331436708979155e-01,-3.033588362047829889e-01,9.999999999999973355e-01,-3.033588360442586729e-01,4.606331446985621469e-01,-2.119324123562031648e-01,4.096178010726482244e-01,-1.401725875779654129e-01,3.531694404078689065e-01,-7.725299669749924325e-02,3.199076524395828014e-01,-1.243933889862477715e-01,-2.544166996948742099e-02,2.468742603211355191e-01,2.462487142232129278e-01,2.430101561481984307e-02,3.923876064362321614e-01,-1.364795758130739889e-01,4.637599490593495855e-01,-2.246088969312452777e-01,4.953351867267201669e-01,-3.033588360442586729e-01,9.999999999999973355e-01,-2.815519716457609567e-01,4.740418401230947487e-01,-1.364787235841518065e-01,3.901319417693012159e-01,2.509875069969451714e-02,2.451549278279032962e-01,2.469816694745493313e-01,-2.558601500549276611e-02,-1.256222759040755421e-01,3.344852442209090837e-01,-6.202422069222982004e-02,3.542567456052686525e-01,-1.175290386077635918e-01,4.014141624403680941e-01,-1.869753611499754276e-01,4.347626818506354907e-01,-2.246089087879264423e-01,4.606331446985621469e-01,-2.815519716457609567e-01,9.999999999999973355e-01,-2.682839502415977906e-01,4.391070961399612393e-01,-1.303490785106737881e-01,3.650718606320413895e-01,-6.860197528560696423e-02,3.369434608312147916e-01,-1.279576475160994486e-01,-3.466961135546221817e-02,2.635800958830504248e-01,2.318305698208694421e-01,5.190885626954334919e-02,3.719645766611897608e-01,-1.009194319356598452e-01,4.417769823588027500e-01,-1.869753407197664585e-01,4.637599478730239921e-01,-2.119324123562031648e-01,4.740418401230947487e-01,-2.682839502415977906e-01,9.999999999999973355e-01,-1.982571086478104871e-01,4.074971122345980024e-01,3.684597970676845718e-02,2.402537716687594971e-01,2.610990348617978629e-01,-3.256923016828831841e-02,-1.314311371509622461e-01,3.831348529246783041e-01,-1.646357793726176133e-02,3.626749156585489797e-01,-4.398523874429052100e-02,3.821280690041740091e-01,-1.009194374494387925e-01,4.014141575171676912e-01,-1.364795723363826374e-01,4.096178010726482244e-01,-1.364787235841518065e-01,4.391070961399612393e-01,-1.982571086478104871e-01,9.999999999999973355e-01,-2.119910130975503071e-01,4.364180532958649716e-01,-6.314044151477052336e-02,3.960989586340515345e-01,-1.433636755268135055e-01,-4.347391889478308818e-02,2.631467564607283816e-01,1.940741339309710323e-01,8.333177471781341716e-02,3.130121879244411320e-01,-4.398522566013543522e-02,3.719645690984076936e-01,-1.175290116761679993e-01,3.923875982926284811e-01,-1.401725875779654129e-01,3.901319417693012159e-01,-1.303490785106737881e-01,4.074971122345980024e-01,-2.119910130975503071e-01,9.999999999999973355e-01,-7.298120090210084843e-02,2.802846509849851175e-01,2.432029978460209518e-01,-2.628579969008166400e-02,-1.474205602610301757e-01,4.839827166369675693e-01,6.143506704452141032e-02,3.928725961329642691e-01,8.333176829712773959e-02,3.626749155576584061e-01,5.190885510405962577e-02,3.542567439763592008e-01,2.430102367518928094e-02,3.531694404078689065e-01,2.509875069969451714e-02,3.650718606320413895e-01,3.684597970676845718e-02,4.364180532958649716e-01,-7.298120090210084843e-02,9.999999999999973355e-01,-1.997240328864212655e-01,5.396471381434140291e-01,-1.956456062989434808e-01,-3.035416769900450840e-02,1.723730250165328159e-01,1.195294293455264611e-01,6.143506456415671196e-02,1.940741339830525936e-01,-1.646357655593819885e-02,2.318305657640232498e-01,-6.202421143058542419e-02,2.462487112194344796e-01,-7.725299669749924325e-02,2.451549278279032962e-01,-6.860197528560696423e-02,2.402537716687594971e-01,-6.314044151477052336e-02,2.802846509849851175e-01,-1.997240328864212655e-01,9.999999999999973355e-01,5.666908604896041951e-02,5.538037956802406570e-02,-1.878806578017461204e-01,6.805122639308351928e-01,1.723730239293809474e-01,4.839827146459022567e-01,2.631467414534596760e-01,3.831348582603641417e-01,2.635800791496692441e-01,3.344852585314100346e-01,2.468742526626685752e-01,3.199076524395828014e-01,2.469816694745493313e-01,3.369434608312147916e-01,2.610990348617978629e-01,3.960989586340515345e-01,2.432029978460209518e-01,5.396471381434140291e-01,5.666908604896041951e-02,9.999999999999973355e-01,-3.965270404085972089e-01,5.576785412603786629e-02,-1.878806556899508817e-01,-3.035416501875208561e-02,-1.474205597734638551e-01,-4.347390872699837677e-02,-1.314311406236877422e-01,-3.466959948481107556e-02,-1.256222830962916981e-01,-2.544165989640320008e-02,-1.243933889862477715e-01,-2.558601500549276611e-02,-1.279576475160994486e-01,-3.256923016828831841e-02,-1.433636755268135055e-01,-2.628579969008166400e-02,-1.956456062989434808e-01,5.538037956802406570e-02,-3.965270404085972089e-01,9.999999999999973355e-01
1.000000000000001110e+00,-4.002060821856992523e-01,5.534224838870431540e-02,-1.988198146009885758e-01,-2.741556391127038250e-02,-1.453387295884561448e-01,-3.418614731609333213e-02,-1.292144463613322525e-01,-2.729151287373694779e-02,-1.254108878741563293e-01,-2.715328822199479519e-02,-1.267965128918651374e-01,-3.634801622625613571e-02,-1.331743114666038008e-01,-4.481690768505069283e-02,-1.502391368347618106e-01,-3.063914680902247306e-02,-1.922517833117033947e-01,5.794041460768560581e-02,-4.002060821856992523e-01,1.000000000000001110e+00,5.364031536031386299e-02,5.409624021394119353e-01,2.415503206439363060e-01,3.958798690729460890e-01,2.605763867114526677e-01,3.356758929942422753e-01,2.468715621875211819e-01,3.182955019303970734e-01,2.467712427685706256e-01,3.331373888854191057e-01,2.631164126052189522e-01,3.827038546707418609e-01,2.616637352767143820e-01,4.850697062720820685e-01,1.691828262186307053e-01,6.826799963766695400e-01,-1.922517808633348313e-01,5.534224838870431540e-02,5.364031536031386299e-02,1.000000000000001110e+00,-2.035362312195611867e-01,2.794813547028969780e-01,-6.642706907961409835e-02,2.392611012352207078e-01,-7.140767777143265660e-02,2.442591118865805322e-01,-7.988689817878757982e-02,2.453543821399641889e-01,-6.455518923789936581e-02,2.306482463466483224e-01,-1.884894466609516803e-02,1.924020172651643712e-01,5.906863407215039163e-02,1.176555168413260105e-01,1.691828244667488435e-01,-3.063914336730232113e-02,-1.988198146009885758e-01,5.409624021394119353e-01,-2.035362312195611867e-01,1.000000000000001110e+00,-7.494662468502376329e-02,4.371314360346186811e-01,3.558621608220718935e-02,3.647549867042759741e-01,2.421210118963267044e-02,3.524542939306161138e-01,2.343521932155769733e-02,3.535875913044369545e-01,5.089237975053662044e-02,3.624191101485954025e-01,8.183364657804406694e-02,3.933946100721115169e-01,5.906863145579648033e-02,4.850697044446461437e-01,-1.502391367661224941e-01,-2.741556391127038250e-02,2.415503206439363060e-01,2.794813547028969780e-01,-7.494662468502376329e-02,1.000000000000001110e+00,-2.155382712781546695e-01,4.080068449271962994e-01,-1.336755818560719788e-01,3.907671408791069112e-01,-1.433291042872322785e-01,3.930662802436059033e-01,-1.204316867079525538e-01,3.722489158230115613e-01,-4.628068753989278417e-02,3.123800871163469051e-01,8.183363995976378202e-02,1.924020182346276031e-01,2.616637196946567934e-01,-4.481689630360318616e-02,-1.453387295884561448e-01,3.958798690729460890e-01,-6.642706907961409835e-02,4.371314360346186811e-01,-2.155382712781546695e-01,1.000000000000001110e+00,-2.005946446694137908e-01,4.395552282811068801e-01,-1.387320446757676073e-01,4.095570234261651232e-01,-1.386972752200965608e-01,4.011813212628333458e-01,-1.031544789546262886e-01,3.818352815113779108e-01,-4.628067523684482182e-02,3.624191094993621243e-01,-1.884894440753417597e-02,3.827038591182167493e-01,-1.331743155323900918e-01,-3.418614731609333213e-02,2.605763867114526677e-01,2.392611012352207078e-01,3.558621608220718935e-02,4.080068449271962994e-01,-2.005946446694137908e-01,1.000000000000001110e+00,-2.716243566578613322e-01,4.756479688904267089e-01,-2.153024980795845977e-01,4.654664154455133707e-01,-1.900294026261124536e-01,4.431208760436849969e-01,-1.031544819432241300e-01,3.722489072058408066e-01,5.089237954865177826e-02,2.306482428151920283e-01,2.631163960251016731e-01,-3.634800330719264311e-02,-1.292144463613322525e-01,3.356758929942422753e-01,-7.140767777143265660e-02,3.647549867042759741e-01,-1.336755818560719788e-01,4.395552282811068801e-01,-2.716243566578613322e-01,1.000000000000001110e+00,-2.844358337939328907e-01,4.611442001120610312e-01,-2.277006319397961720e-01,4.348947972948781771e-01,-1.900293827246144762e-01,4.011813158102425225e-01,-1.204316587942879102e-01,3.535875894592340751e-01,-6.455518030177088973e-02,3.331374034356995861e-01,-1.267965209739179977e-01,-2.729151287373694779e-02,2.468715621875211819e-01,2.442591118865805322e-01,2.421210118963267044e-02,3.907671408791069112e-01,-1.387320446757676073e-01,4.756479688904267089e-01,-2.844358337939328907e-01,1.000000000000001110e+00,-3.065534768427774504e-01,4.973271217051313808e-01,-2.277006430108262647e-01,4.654664139615407037e-01,-1.386972688172088408e-01,3.930662706979446419e-01,2.343522853418631563e-02,2.453543794717057414e-01,2.467712352244587348e-01,-2.715327705849421291e-02,-1.254108878741563293e-01,3.182955019303970734e-01,-7.988689817878757982e-02,3.524542939306161138e-01,-1.433291042872322785e-01,4.095570234261651232e-01,-2.153024980795845977e-01,4.611442001120610312e-01,-3.065534768427774504e-01,1.000000000000001110e+00,-3.065534778088709889e-01,4.611442013958528263e-01,-2.153024937113520720e-01,4.095570207275167074e-01,-1.433290904987211678e-01,3.524542891453068538e-01,-7.988689865220505171e-02,3.182955064578139037e-01,-1.254108960980229170e-01,-2.715328822199479519e-02,2.467712427685706256e-01,2.453543821399641889e-01,2.343521932155769733e-02,3.930662802436059033e-01,-1.386972752200965608e-01,4.654664154455133707e-01,-2.277006319397961720e-01,4.973271217051313808e-01,-3.065534778088709889e-01,1.000000000000001110e+00,-2.844358507677990922e-01,4.756479720803654110e-01,-1.387320461770009394e-01,3.907671354611923498e-01,2.421210471438132311e-02,2.442591124112892809e-01,2.468715516113368924e-01,-2.729149988481488834e-02,-1.267965128918651374e-01,3.331373888854191057e-01,-6.455518923789936581e-02,3.535875913044369545e-01,-1.204316867079525538e-01,4.011813212628333458e-01,-1.900294026261124536e-01,4.348947972948781771e-01,-2.277006430108262647e-01,4.611442013958528263e-01,-2.844358507677990922e-01,1.000000000000001110e+00,-2.716243617701162849e-01,4.395552213282760690e-01,-1.336755797972246640e-01,3.647549768506676005e-01,-7.140768540628364414e-02,3.356758855159695520e-01,-1.292144521278658920e-01,-3.634801622625613571e-02,2.631164126052189522e-01,2.306482463466483224e-01,5.089237975053662044e-02,3.722489158230115613e-01,-1.031544789546262886e-01,4.431208760436849969e-01,-1.900293827246144762e-01,4.654664139615407037e-01,-2.153024937113520720e-01,4.756479720803654110e-01,-2.716243617701162849e-01,1.000000000000001110e+00,-2.005946382331674771e-01,4.080068453168614884e-01,3.558622798435918944e-02,2.392611025100966349e-01,2.605763875742384550e-01,-3.418613930540319312e-02,-1.331743114666038008e-01,3.827038546707418609e-01,-1.884894466609516803e-02,3.624191101485954025e-01,-4.628068753989278417e-02,3.818352815113779108e-01,-1.031544819432241300e-01,4.011813158102425225e-01,-1.386972688172088408e-01,4.095570207275167074e-01,-1.387320461770009394e-01,4.395552213282760690e-01,-2.005946382331674771e-01,1.000000000000001110e+00,-2.155382649778651849e-01,4.371314307339433380e-01,-6.642707036116106412e-02,3.958798691768934952e-01,-1.453387352632660168e-01,-4.481690768505069283e-02,2.616637352767143820e-01,1.924020172651643712e-01,8.183364657804406694e-02,3.123800871163469051e-01,-4.628067523684482182e-02,3.722489072058408066e-01,-1.204316587942879102e-01,3.930662706979446419e-01,-1.433290904987211678e-01,3.907671354611923498e-01,-1.336755797972246640e-01,4.080068453168614884e-01,-2.155382649778651849e-01,1.000000000000001110e+00,-7.494661329717451637e-02,2.794813551566303067e-01,2.415503234545200439e-01,-2.741555887286485638e-02,-1.502391368347618106e-01,4.850697062720820685e-01,5.906863407215039163e-02,3.933946100721115169e-01,8.183363995976378202e-02,3.624191094993621243e-01,5.089237954865177826e-02,3.535875894592340751e-01,2.343522853418631563e-02,3.524542891453068538e-01,2.421210471438132311e-02,3.647549768506676005e-01,3.558622798435918944e-02,4.371314307339433380e-01,-7.494661329717451637e-02,1.000000000000001110e+00,-2.035362316325525223e-01,5.409624050240947613e-01,-1.988198188174377101e-01,-3.063914680902247306e-02,1.691828262186307053e-01,1.176555168413260105e-01,5.906863145579648033e-02,1.924020182346276031e-01,-1.884894440753417597e-02,2.306482428151920283e-01,-6.455518030177088973e-02,2.453543794717057414e-01,-7.988689865220505171e-02,2.442591124112892809e-01,-7.140768540628364414e-02,2.392611025100966349e-01,-6.642707036116106412e-02,2.794813551566303067e-01,-2.035362316325525223e-01,1.000000000000001110e+00,5.364030914631390257e-02,5.534225456769283069e-02,-1.922517833117033947e-01,6.826799963766695400e-01,1.691828244667488435e-01,4.850697044446461437e-01,2.616637196946567934e-01,3.827038591182167493e-01,2.631163960251016731e-01,3.331374034356995861e-01,2.467712352244587348e-01,3.182955064578139037e-01,2.468715516113368924e-01,3.356758855159695520e-01,2.605763875742384550e-01,3.958798691768934952e-01,2.415503234545200439e-01,5.409624050240947613e-01,5.364030914631390257e-02,1.000000000000001110e+00,-4.002060827208909766e-01,5.794041460768560581e-02,-1.922517808633348313e-01,-3.063914336730232113e-02,-1.502391367661224941e-01,-4.481689630360318616e-02,-1.331743155323900918e-01,-3.634800330719264311e-02,-1.267965209739179977e-01,-2.715327705849421291e-02,-1.254108960980229170e-01,-2.729149988481488834e-02,-1.292144521278658920e-01,-3.418613930540319312e-02,-1.453387352632660168e-01,-2.741555887286485638e-02,-1.988198188174377101e-01,5.534225456769283069e-02,-4.002060827208909766e-01,1.000000000000001110e+00
9.999999999999973355e-01,-4.038732209154305419e-01,5.534409320290302470e-02,-2.019907177797675701e-01,-2.851694757866438459e-02,-1.472961620919736037e-01,-3.579166371461382778e-02,-1.304376934782523478e-01,-2.899502525646697332e-02,-1.263880074661503650e-01,-2.886354379947616428e-02,-1.279347262762251802e-01,-3.801677214496379520e-02,-1.348967005824858734e-01,-4.613225258458073658e-02,-1.530571382830292759e-01,-3.087567000084957825e-02,-1.966265051158357091e-01,6.015819158407897937e-02,-4.038732209154305419e-01,9.999999999999973355e-01,5.059687768890187148e-02,5.422829916872409228e-01,2.398916620785424836e-01,3.956507990694433929e-01,2.600703394245166278e-01,3.343752576565840462e-01,2.467932161048161099e-01,3.166399441440767570e-01,2.467005793071417596e-01,3.317542698304989934e-01,2.626708176013887730e-01,3.822604638198564553e-01,2.601746919201006203e-01,4.861654608232237607e-01,1.659705837302908882e-01,6.848509968263377656e-01,-1.966265026648380543e-01,5.534409320290302470e-02,5.059687768890187148e-02,9.999999999999973355e-01,-2.073515510133445705e-01,2.786938965253054068e-01,-6.971777010262539265e-02,2.382813749294151462e-01,-7.420726582782465053e-02,2.433736373054681545e-01,-8.250712534367693474e-02,2.444688479731918496e-01,-6.706974618407568478e-02,2.294733391538548717e-01,-2.122175315754416813e-02,1.907406013497072450e-01,5.669988038835191424e-02,1.158075143720886796e-01,1.659705817927775995e-01,-3.087566648127872820e-02,-2.019907177797675701e-01,5.422829916872409228e-01,-2.073515510133445705e-01,9.999999999999973355e-01,-7.690294335461253517e-02,4.378428660963001873e-01,3.434594854336861514e-02,3.644170891931559630e-01,2.335651371493098483e-02,3.517050543131611806e-01,2.260263747031152071e-02,3.528866921846912641e-01,4.990101701218458558e-02,3.621474770639598884e-01,8.034554170642002613e-02,3.939197930481532772e-01,5.669987781640602881e-02,4.861654593881519215e-01,-1.530571384760995857e-01,-2.851694757866438459e-02,2.398916620785424836e-01,2.786938965253054068e-01,-7.690294335461253517e-02,9.999999999999973355e-01,-2.190947407269594749e-01,4.085365547150537902e-01,-1.370113757476653926e-01,3.914286488994803137e-01,-1.464877621221526982e-01,3.937709622483885341e-01,-1.233282124120218121e-01,3.725525528831007405e-01,-4.856322237139706899e-02,3.117582231135830328e-01,8.034553522739661113e-02,1.907406032219539638e-01,2.601746773377053845e-01,-4.613224146548816629e-02,-1.472961620919736037e-01,3.956507990694433929e-01,-6.971777010262539265e-02,4.378428660963001873e-01,-2.190947407269594749e-01,9.999999999999973355e-01,-2.029165468666687677e-01,4.399894977895927872e-01,-1.409671930128245099e-01,4.094696106547882630e-01,-1.408946291263196704e-01,4.009177446195160699e-01,-1.053719111416190346e-01,3.815175854261800281e-01,-4.856321177584861648e-02,3.621474761135667908e-01,-2.122175417031459468e-02,3.822604670702175467e-01,-1.348967045713274637e-01,-3.579166371461382778e-02,2.600703394245166278e-01,2.382813749294151462e-01,3.434594854336861514e-02,4.085365547150537902e-01,-2.029165468666687677e-01,9.999999999999973355e-01,-2.749728181058641585e-01,4.772894424346787456e-01,-2.186793374068239926e-01,4.672150523093331898e-01,-1.930797791771731997e-01,4.444998044833591844e-01,-1.053719117526015492e-01,3.725525439189084076e-01,4.990101721582743122e-02,2.294733365250306301e-01,2.626708025322880835e-01,-3.801675979621547269e-02,-1.304376934782523478e-01,3.343752576565840462e-01,-7.420726582782465053e-02,3.644170891931559630e-01,-1.370113757476653926e-01,4.399894977895927872e-01,-2.749728181058641585e-01,9.999999999999973355e-01,-2.873118700332566444e-01,4.616341047361364747e-01,-2.307882149825015161e-01,4.349988206739014984e-01,-1.930797609612590615e-01,4.009177390534974794e-01,-1.233281856470699184e-01,3.528866904841423402e-01,-6.706973839959826100e-02,3.317542835001854873e-01,-1.279347341678540306e-01,-2.899502525646697332e-02,2.467932161048161099e-01,2.433736373054681545e-01,2.335651371493098483e-02,3.914286488994803137e-01,-1.409671930128245099e-01,4.772894424346787456e-01,-2.873118700332566444e-01,9.999999999999973355e-01,-3.097498903742855192e-01,4.993615453276472049e-01,-2.307882247572451417e-01,4.672150506668100722e-01,-1.408946206362090003e-01,3.937709521512018362e-01,2.260264657814145539e-02,2.444688460455888834e-01,2.467005726924845488e-01,-2.886353312915502373e-02,-1.263880074661503650e-01,3.166399441440767570e-01,-8.250712534367693474e-02,3.517050543131611806e-01,-1.464877621221526982e-01,4.094696106547882630e-01,-2.186793374068239926e-01,4.616341047361364747e-01,-3.097498903742855192e-01,9.999999999999973355e-01,-3.097498921323600385e-01,4.616341061964840398e-01,-2.186793339571653227e-01,4.094696076586017419e-01,-1.464877486120918504e-01,3.517050499332770030e-01,-8.250712632551022996e-02,3.166399484507298467e-01,-1.263880153382415938e-01,-2.886354379947616428e-02,2.467005793071417596e-01,2.444688479731918496e-01,2.260263747031152071e-02,3.937709622483885341e-01,-1.408946291263196704e-01,4.672150523093331898e-01,-2.307882149825015161e-01,4.993615453276472049e-01,-3.097498921323600385e-01,9.999999999999973355e-01,-2.873118866103250846e-01,4.772894452312365088e-01,-1.409671936555242922e-01,3.914286431565033864e-01,2.335651586429627474e-02,2.433736386327801093e-01,2.467932050651774067e-01,-2.899501226066272808e-02,-1.279347262762251802e-01,3.317542698304989934e-01,-6.706974618407568478e-02,3.528866921846912641e-01,-1.233282124120218121e-01,4.009177446195160699e-01,-1.930797791771731997e-01,4.349988206739014984e-01,-2.307882247572451417e-01,4.616341061964840398e-01,-2.873118866103250846e-01,9.999999999999973355e-01,-2.749728236526721714e-01,4.399894911974586154e-01,-1.370113734800621208e-01,3.644170802491915606e-01,-7.420727348240484245e-02,3.343752508153891578e-01,-1.304376989687196509e-01,-3.801677214496379520e-02,2.626708176013887730e-01,2.294733391538548717e-01,4.990101701218458558e-02,3.725525528831007405e-01,-1.053719111416190346e-01,4.444998044833591844e-01,-1.930797609612590615e-01,4.672150506668100722e-01,-2.186793339571653227e-01,4.772894452312365088e-01,-2.749728236526721714e-01,9.999999999999973355e-01,-2.029165401971864680e-01,4.085365543987715675e-01,3.434595861601502653e-02,2.382813767118918125e-01,2.600703390906511370e-01,-3.579165547390763397e-02,-1.348967005824858734e-01,3.822604638198564553e-01,-2.122175315754416813e-02,3.621474770639598884e-01,-4.856322237139706899e-02,3.815175854261800281e-01,-1.053719117526015492e-01,4.009177390534974794e-01,-1.408946206362090003e-01,4.094696076586017419e-01,-1.409671936555242922e-01,4.399894911974586154e-01,-2.029165401971864680e-01,9.999999999999973355e-01,-2.190947338201377770e-01,4.378428621609651294e-01,-6.971777117462726880e-02,3.956508004089188679e-01,-1.472961677315204887e-01,-4.613225258458073658e-02,2.601746919201006203e-01,1.907406013497072450e-01,8.034554170642002613e-02,3.117582231135830328e-01,-4.856321177584861648e-02,3.725525439189084076e-01,-1.233281856470699184e-01,3.937709521512018362e-01,-1.464877486120918504e-01,3.914286431565033864e-01,-1.370113734800621208e-01,4.085365543987715675e-01,-2.190947338201377770e-01,9.999999999999973355e-01,-7.690293342933401943e-02,2.786938971657976216e-01,2.398916639813917506e-01,-2.851694237572426072e-02,-1.530571382830292759e-01,4.861654608232237607e-01,5.669988038835191424e-02,3.939197930481532772e-01,8.034553522739661113e-02,3.621474761135667908e-01,4.990101721582743122e-02,3.528866904841423402e-01,2.260264657814145539e-02,3.517050499332770030e-01,2.335651586429627474e-02,3.644170802491915606e-01,3.434595861601502653e-02,4.378428621609651294e-01,-7.690293342933401943e-02,9.999999999999973355e-01,-2.073515514493372569e-01,5.422829942103535306e-01,-2.019907216702274688e-01,-3.087567000084957825e-02,1.659705837302908882e-01,1.158075143720886796e-01,5.669987781640602881e-02,1.907406032219539638e-01,-2.122175417031459468e-02,2.294733365250306301e-01,-6.706973839959826100e-02,2.444688460455888834e-01,-8.250712632551022996e-02,2.433736386327801093e-01,-7.420727348240484245e-02,2.382813767118918125e-01,-6.971777117462726880e-02,2.786938971657976216e-01,-2.073515514493372569e-01,9.999999999999973355e-01,5.059687172037215241e-02,5.534409928921219662e-02,-1.966265051158357091e-01,6.848509968263377656e-01,1.659705817927775995e-01,4.861654593881519215e-01,2.601746773377053845e-01,3.822604670702175467e-01,2.626708025322880835e-01,3.317542835001854873e-01,2.467005726924845488e-01,3.166399484507298467e-01,2.467932050651774067e-01,3.343752508153891578e-01,2.600703390906511370e-01,3.956508004089188679e-01,2.398916639813917506e-01,5.422829942103535306e-01,5.059687172037215241e-02,9.999999999999973355e-01,-4.038732213597386878e-01,6.015819158407897937e-02,-1.966265026648380543e-01,-3.087566648127872820e-02,-1.530571384760995857e-01,-4.613224146548816629e-02,-1.348967045713274637e-01,-3.801675979621547269e-02,-1.279347341678540306e-01,-2.886353312915502373e-02,-1.263880153382415938e-01,-2.899501226066272808e-02,-1.304376989687196509e-01,-3.579165547390763397e-02,-1.472961677315204887e-01,-2.851694237572426072e-02,-2.019907216702274688e-01,5.534409928921219662e-02,-4.038732213597386878e-01,9.999999999999973355e-01
1.000000000000003331e+00,-4.075282662744883488e-01,5.538585297872994362e-02,-2.051579330795894052e-01,-2.959020251118895523e-02,-1.492353340300899833e-01,-3.738647733068901913e-02,-1.316263190973044894e-01,-3.069761610848695949e-02,-1.273234452551433304e-01,-3.057352331297089054e-02,-1.290357871822449265e-01,-3.967664215795341232e-02,-1.365976175780915236e-01,-4.742024390760769814e-02,-1.558741633831295936e-01,-3.106385215115896326e-02,-2.010042029947347320e-01,6.242052982590261256e-02,-4.075282662744883488e-01,1.000000000000003331e+00,4.753930056896948919e-02,5.436081813030659848e-01,2.382279308555740327e-01,3.954106374311384675e-01,2.595823557067198362e-01,3.330398979938242743e-01,2.467485690540194287e-01,3.149390147961270148e-01,2.466642298301996994e-01,3.303341676058215715e-01,2.622448417159556344e-01,3.818035169784397276e-01,2.586805959332942884e-01,4.872691826066866128e-01,1.627369676592630987e-01,6.870246370274488701e-01,-2.010042010191915585e-01,5.538585297872994362e-02,4.753930056896948919e-02,1.000000000000003331e+00,-2.111697970522277146e-01,2.779226766887625266e-01,-7.301207223656455692e-02,2.373147125867741125e-01,-7.699990792026989439e-02,2.424983580151705009e-01,-8.511254373965773667e-02,2.435918327725931365e-01,-6.956669151755086322e-02,2.283056439811582405e-01,-2.358106497509697419e-02,1.890899860378215946e-01,5.432935527805668463e-02,1.139858090693668946e-01,1.627369662584780552e-01,-3.106384961926812044e-02,-2.051579330795894052e-01,5.436081813030659848e-01,-2.111697970522277146e-01,1.000000000000003331e+00,-7.884968242803649940e-02,4.385512782505784357e-01,3.312622018234670507e-02,3.640565239511177609e-01,2.253348492167439598e-02,3.509196665990544917e-01,2.180491181338564677e-02,3.521520406741101006e-01,4.893617166114404976e-02,3.618584541887919781e-01,7.886841557147113158e-02,3.944470549121845693e-01,5.432935307912307998e-02,4.872691818257962049e-01,-1.558741634929659003e-01,-2.959020251118895523e-02,2.382279308555740327e-01,2.779226766887625266e-01,-7.884968242803649940e-02,1.000000000000003331e+00,-2.226602876707997614e-01,4.090867271878199096e-01,-1.403559785614822697e-01,3.921168349963139454e-01,-1.496477096011205044e-01,3.945018370164863342e-01,-1.262174407340766191e-01,3.728754938234998262e-01,-5.083163547520851838e-02,3.111465753857245442e-01,7.886840962777860731e-02,1.890899884659145436e-01,2.586805843623485313e-01,-4.742023523987008715e-02,-1.492353340300899833e-01,3.954106374311384675e-01,-7.301207223656455692e-02,4.385512782505784357e-01,-2.226602876707997614e-01,1.000000000000003331e+00,-2.052221467962888624e-01,4.404085377889517261e-01,-1.431830389741824416e-01,4.093536365817916911e-01,-1.430702861567270112e-01,4.006213135967767736e-01,-1.075703672570871294e-01,3.811730475572766008e-01,-5.083162735667744181e-02,3.618584534468912706e-01,-2.358106699658973210e-02,3.818035190202263562e-01,-1.365976204720419918e-01,-3.738647733068901913e-02,2.595823557067198362e-01,2.373147125867741125e-01,3.312622018234670507e-02,4.090867271878199096e-01,-2.052221467962888624e-01,1.000000000000003331e+00,-2.783292116329545984e-01,4.789670308418496614e-01,-2.220623775348614659e-01,4.690065340841490515e-01,-1.961254632271692833e-01,4.459141214135544651e-01,-1.075703666219934296e-01,3.728754857549173574e-01,4.893617121194460129e-02,2.283056425246836607e-01,2.622448296974249082e-01,-3.967663269995883035e-02,-1.316263190973044894e-01,3.330398979938242743e-01,-7.699990792026989439e-02,3.640565239511177609e-01,-1.403559785614822697e-01,4.404085377889517261e-01,-2.783292116329545984e-01,1.000000000000003331e+00,-2.901794975967875168e-01,4.621012692478233541e-01,-2.338707943138588485e-01,4.350727376476613562e-01,-1.961254478757576969e-01,4.006213085991864875e-01,-1.262174179893687243e-01,3.521520395979061413e-01,-6.956668571139418278e-02,3.303341789297962183e-01,-1.290357932137022323e-01,-3.069761610848695949e-02,2.467485690540194287e-01,2.424983580151705009e-01,2.253348492167439598e-02,3.921168349963139454e-01,-1.431830389741824416e-01,4.789670308418496614e-01,-2.901794975967875168e-01,1.000000000000003331e+00,-3.129477836677015401e-01,5.014394006293179107e-01,-2.338708024855008505e-01,4.690065325742489577e-01,-1.430702776891883965e-01,3.945018279275668838e-01,2.180491887568538484e-02,2.435918319778246355e-01,2.466642251052594270e-01,-3.057351545155296071e-02,-1.273234452551433304e-01,3.149390147961270148e-01,-8.511254373965773667e-02,3.509196665990544917e-01,-1.496477096011205044e-01,4.093536365817916911e-01,-2.220623775348614659e-01,4.621012692478233541e-01,-3.129477836677015401e-01,1.000000000000003331e+00,-3.129477854188098540e-01,4.621012707565813615e-01,-2.220623747792935809e-01,4.093536337875860465e-01,-1.496476980648082933e-01,3.509196632834402640e-01,-8.511254529343048603e-02,3.149390180776081016e-01,-1.273234510093310123e-01,-3.057352331297089054e-02,2.466642298301996994e-01,2.435918327725931365e-01,2.180491181338564677e-02,3.945018370164863342e-01,-1.430702861567270112e-01,4.690065340841490515e-01,-2.338707943138588485e-01,5.014394006293179107e-01,-3.129477854188098540e-01,1.000000000000003331e+00,-2.901795118176552779e-01,4.789670330135334941e-01,-1.431830386508046171e-01,3.921168297060684815e-01,2.253348567965267335e-02,2.424983600205092293e-01,2.467485601280921814e-01,-3.069760609542798030e-02,-1.290357871822449265e-01,3.303341676058215715e-01,-6.956669151755086322e-02,3.521520406741101006e-01,-1.262174407340766191e-01,4.006213135967767736e-01,-1.961254632271692833e-01,4.350727376476613562e-01,-2.338708024855008505e-01,4.621012707565813615e-01,-2.901795118176552779e-01,1.000000000000003331e+00,-2.783292164782514844e-01,4.404085319366159990e-01,-1.403559764925131348e-01,3.640565167134726110e-01,-7.699991495304764344e-02,3.330398918364855243e-01,-1.316263227651236767e-01,-3.967664215795341232e-02,2.622448417159556344e-01,2.283056439811582405e-01,4.893617166114404976e-02,3.728754938234998262e-01,-1.075703672570871294e-01,4.459141214135544651e-01,-1.961254478757576969e-01,4.690065325742489577e-01,-2.220623747792935809e-01,4.789670330135334941e-01,-2.783292164782514844e-01,1.000000000000003331e+00,-2.052221403828101143e-01,4.090867265728509450e-01,3.312622780447681270e-02,2.373147147529320877e-01,2.595823558486124449e-01,-3.738647129922609280e-02,-1.365976175780915236e-01,3.818035169784397276e-01,-2.358106497509697419e-02,3.618584541887919781e-01,-5.083163547520851838e-02,3.811730475572766008e-01,-1.075703666219934296e-01,4.006213085991864875e-01,-1.430702776891883965e-01,4.093536337875860465e-01,-1.431830386508046171e-01,4.404085319366159990e-01,-2.052221403828101143e-01,1.000000000000003331e+00,-2.226602813669140701e-01,4.385512758351857165e-01,-7.301207338248377754e-02,3.954106390527941106e-01,-1.492353382556497743e-01,-4.742024390760769814e-02,2.586805959332942884e-01,1.890899860378215946e-01,7.886841557147113158e-02,3.111465753857245442e-01,-5.083162735667744181e-02,3.728754857549173574e-01,-1.262174179893687243e-01,3.945018279275668838e-01,-1.496476980648082933e-01,3.921168297060684815e-01,-1.403559764925131348e-01,4.090867265728509450e-01,-2.226602813669140701e-01,1.000000000000003331e+00,-7.884967496185101010e-02,2.779226774617551410e-01,2.382279325356966293e-01,-2.959019878131237055e-02,-1.558741633831295936e-01,4.872691826066866128e-01,5.432935527805668463e-02,3.944470549121845693e-01,7.886840962777860731e-02,3.618584534468912706e-01,4.893617121194460129e-02,3.521520395979061413e-01,2.180491887568538484e-02,3.509196632834402640e-01,2.253348567965267335e-02,3.640565167134726110e-01,3.312622780447681270e-02,4.385512758351857165e-01,-7.884967496185101010e-02,1.000000000000003331e+00,-2.111697977756053779e-01,5.436081828885902523e-01,-2.051579358086429994e-01,-3.106385215115896326e-02,1.627369676592630987e-01,1.139858090693668946e-01,5.432935307912307998e-02,1.890899884659145436e-01,-2.358106699658973210e-02,2.283056425246836607e-01,-6.956668571139418278e-02,2.435918319778246355e-01,-8.511254529343048603e-02,2.424983600205092293e-01,-7.699991495304764344e-02,2.373147147529320877e-01,-7.301207338248377754e-02,2.779226774617551410e-01,-2.111697977756053779e-01,1.000000000000003331e+00,4.753929592418160155e-02,5.538585765777437331e-02,-2.010042029947347320e-01,6.870246370274488701e-01,1.627369662584780552e-01,4.872691818257962049e-01,2.586805843623485313e-01,3.818035190202263562e-01,2.622448296974249082e-01,3.303341789297962183e-01,2.466642251052594270e-01,3.149390180776081016e-01,2.467485601280921814e-01,3.330398918364855243e-01,2.595823558486124449e-01,3.954106390527941106e-01,2.382279325356966293e-01,5.436081828885902523e-01,4.753929592418160155e-02,1.000000000000003331e+00,-4.075282665479841304e-01,6.242052982590261256e-02,-2.010042010191915585e-01,-3.106384961926812044e-02,-1.558741634929659003e-01,-4.742023523987008715e-02,-1.365976204720419918e-01,-3.967663269995883035e-02,-1.290357932137022323e-01,-3.057351545155296071e-02,-1.273234510093310123e-01,-3.069760609542798030e-02,-1.316263227651236767e-01,-3.738647129922609280e-02,-1.492353382556497743e-01,-2.959019878131237055e-02,-2.051579358086429994e-01,5.538585765777437331e-02,-4.075282665479841304e-01,1.000000000000003331e+00
