1.000000000000004441e+00,-3.978968576618039377e-01,5.265548148946847667e-02,-1.979706645995198966e-01,-3.517129376262700252e-02,-1.443312843301023107e-01,-4.728202414487437527e-02,-1.272364948334798185e-01,-4.184351957796662858e-02,-1.221724905796673366e-01,-3.816235464131220723e-02,-1.217656978851992533e-01,-4.195125437341522268e-02,-1.243897406919435011e-01,-5.074551913830773614e-02,-1.316154747097253996e-01,-5.482712770963132920e-02,-1.498121497889435549e-01,-3.531381411184412317e-02,-1.935048283327647223e-01,5.716780428774628081e-02,-3.978968576618039377e-01,1.000000000000004441e+00,5.240868784440382011e-02,5.526027518820588735e-01,2.492744068236691091e-01,4.134704149967308728e-01,2.790566248087688050e-01,3.536532328383734658e-01,2.679117155496285596e-01,3.296741910602451475e-01,2.598663994255460130e-01,3.292541204615127559e-01,2.680807528469371093e-01,3.506391543667303212e-01,2.829789697903786205e-01,3.996221890559857881e-01,2.718489276629211249e-01,4.969493179120627602e-01,1.704352450837309241e-01,6.887317901737494141e-01,-1.935048324940183695e-01,5.265548148946847667e-02,5.240868784440382011e-02,1.000000000000004441e+00,-1.918787323251375243e-01,2.634459440738112779e-01,-4.147384691032760667e-02,2.125738396259623797e-01,-3.891406940957588267e-02,2.133023475349773712e-01,-5.029183586288991925e-02,2.170925126949900807e-01,-4.938964061097265990e-02,2.132169822873054565e-01,-2.928520883307072012e-02,1.972565767352363331e-01,1.202206582546041722e-02,1.631396955544148764e-01,7.716986636728634386e-02,9.840758519308653862e-02,1.704352435478849459e-01,-3.531381552671629398e-02,-1.979706645995198966e-01,5.526027518820588735e-01,-1.918787323251375243e-01,1.000000000000004441e+00,-5.729962506056064664e-02,4.406688387440685917e-01,7.491337874644726780e-02,3.612013071347723869e-01,7.076448264496651430e-02,3.444145996993988601e-01,6.076911273518006973e-02,3.428385423481921102e-01,7.164062601731506497e-02,3.464639775032365421e-01,9.902782718000913142e-02,3.584051186007330969e-01,1.174304157443281510e-01,3.955470379009574655e-01,7.716987082513468432e-02,4.969493216483660269e-01,-1.498121522157234708e-01,-3.517129376262700252e-02,2.492744068236691091e-01,2.634459440738112779e-01,-5.729962506056064664e-02,1.000000000000004441e+00,-1.875472507399812416e-01,3.816887801327045193e-01,-8.364009365393815232e-02,3.510653999427865712e-01,-9.368041889331413241e-02,3.546086438630398630e-01,-9.290240427017240621e-02,3.495895642744800691e-01,-6.025067056202074861e-02,3.246617901510600035e-01,8.629900373380992168e-03,2.692637339492371940e-01,1.174304101877003959e-01,1.631396942092511460e-01,2.718489243419381363e-01,-5.482712894570555828e-02,-1.443312843301023107e-01,4.134704149967308728e-01,-4.147384691032760667e-02,4.406688387440685917e-01,-1.875472507399812416e-01,1.000000000000004441e+00,-1.635657949519038479e-01,4.317875276164622189e-01,-7.933388003837077429e-02,3.924749443456065912e-01,-8.593376252207204913e-02,3.881621014306298467e-01,-7.322065536106242556e-02,3.794108183532872713e-01,-3.440695661452573134e-02,3.643270911282024960e-01,8.629905380676336155e-03,3.584051197225029961e-01,1.202207004388272833e-02,3.996221928244405031e-01,-1.316154770325033141e-01,-4.728202414487437527e-02,2.790566248087688050e-01,2.125738396259623797e-01,7.491337874644726780e-02,3.816887801327045193e-01,-1.635657949519038479e-01,1.000000000000004441e+00,-2.321621580228949711e-01,4.469140260240652696e-01,-1.607732713025305238e-01,4.296388479170681896e-01,-1.571307500537554025e-01,4.237605134770942028e-01,-1.189518882221066998e-01,3.933356920300579707e-01,-3.440696155461717143e-02,3.246617909623089604e-01,9.902782245361792246e-02,1.972565751927251587e-01,2.829789678956521337e-01,-5.074552048809199273e-02,-1.272364948334798185e-01,3.536532328383734658e-01,-3.891406940957588267e-02,3.612013071347723869e-01,-8.364009365393815232e-02,4.317875276164622189e-01,-2.321621580228949711e-01,1.000000000000004441e+00,-2.431753633760143918e-01,4.513850829210425131e-01,-1.785965612876859732e-01,4.266252463481190471e-01,-1.635082571327963752e-01,4.105570940311187300e-01,-1.189518838185756322e-01,3.794108181038213790e-01,-6.025066670237269606e-02,3.464639793245863353e-01,-2.928520612976766302e-02,3.506391585901862396e-01,-1.243897446254148553e-01,-4.184351957796662858e-02,2.679117155496285596e-01,2.133023475349773712e-01,7.076448264496651430e-02,3.510653999427865712e-01,-7.933388003837077429e-02,4.469140260240652696e-01,-2.431753633760143918e-01,1.000000000000004441e+00,-2.739640775839761178e-01,4.774033517542572991e-01,-2.042345487710495733e-01,4.559180988822064129e-01,-1.635082634814052915e-01,4.237605149324379927e-01,-7.322066189307621653e-02,3.495895664832925354e-01,7.164062075918706252e-02,2.132169809044658915e-01,2.680807506965149356e-01,-4.195125551823909726e-02,-1.221724905796673366e-01,3.296741910602451475e-01,-5.029183586288991925e-02,3.444145996993988601e-01,-9.368041889331413241e-02,3.924749443456065912e-01,-1.607732713025305238e-01,4.513850829210425131e-01,-2.739640775839761178e-01,1.000000000000004441e+00,-2.816199399563837913e-01,4.618261999584144517e-01,-2.042345422371424357e-01,4.266252474416803442e-01,-1.571307454131679604e-01,3.881621016271957769e-01,-9.290240027500058784e-02,3.428385426563242411e-01,-4.938963682233941943e-02,3.292541241364563831e-01,-1.217657016053159680e-01,-3.816235464131220723e-02,2.598663994255460130e-01,2.170925126949900807e-01,6.076911273518006973e-02,3.546086438630398630e-01,-8.593376252207204913e-02,4.296388479170681896e-01,-1.785965612876859732e-01,4.774033517542572991e-01,-2.816199399563837913e-01,1.000000000000004441e+00,-2.816199432409773884e-01,4.774033500163225030e-01,-1.785965633959628318e-01,4.296388465221616104e-01,-8.593376489578097299e-02,3.546086456292009137e-01,6.076911157171455136e-02,2.170925120609860648e-01,2.598664012101012388e-01,-3.816235677426423056e-02,-1.217656978851992533e-01,3.292541204615127559e-01,-4.938964061097265990e-02,3.428385423481921102e-01,-9.290240427017240621e-02,3.881621014306298467e-01,-1.571307500537554025e-01,4.266252463481190471e-01,-2.042345487710495733e-01,4.618261999584144517e-01,-2.816199432409773884e-01,1.000000000000004441e+00,-2.739640763753456998e-01,4.513850842989850509e-01,-1.607732719602422700e-01,3.924749445783457524e-01,-9.368041897001648521e-02,3.444145951698384667e-01,-5.029183273619142192e-02,3.296741883081308333e-01,-1.221724917419484968e-01,-4.195125437341522268e-02,2.680807528469371093e-01,2.132169822873054565e-01,7.164062601731506497e-02,3.495895642744800691e-01,-7.322065536106242556e-02,4.237605134770942028e-01,-1.635082571327963752e-01,4.559180988822064129e-01,-2.042345422371424357e-01,4.774033500163225030e-01,-2.739640763753456998e-01,1.000000000000004441e+00,-2.431753624523755597e-01,4.469140264717344491e-01,-7.933387892579749079e-02,3.510654024412094287e-01,7.076448543437979799e-02,2.133023476203953217e-01,2.679117214624621712e-01,-4.184352309188241192e-02,-1.243897406919435011e-01,3.506391543667303212e-01,-2.928520883307072012e-02,3.464639775032365421e-01,-6.025067056202074861e-02,3.794108183532872713e-01,-1.189518882221066998e-01,4.105570940311187300e-01,-1.635082634814052915e-01,4.266252474416803442e-01,-1.785965633959628318e-01,4.513850842989850509e-01,-2.431753624523755597e-01,1.000000000000004441e+00,-2.321621570994000239e-01,4.317875245714113963e-01,-8.364009124907056947e-02,3.612013002223821712e-01,-3.891406483998638421e-02,3.536532293894786294e-01,-1.272364954548682592e-01,-5.074551913830773614e-02,2.829789697903786205e-01,1.972565767352363331e-01,9.902782718000913142e-02,3.246617901510600035e-01,-3.440695661452573134e-02,3.933356920300579707e-01,-1.189518838185756322e-01,4.237605149324379927e-01,-1.571307454131679604e-01,4.296388465221616104e-01,-1.607732719602422700e-01,4.469140264717344491e-01,-2.321621570994000239e-01,1.000000000000004441e+00,-1.635657953127267195e-01,3.816887836981432969e-01,7.491338085054607965e-02,2.125738401806925026e-01,2.790566308156205433e-01,-4.728202806104653266e-02,-1.316154747097253996e-01,3.996221890559857881e-01,1.202206582546041722e-02,3.584051186007330969e-01,8.629900373380992168e-03,3.643270911282024960e-01,-3.440696155461717143e-02,3.794108181038213790e-01,-7.322066189307621653e-02,3.881621016271957769e-01,-8.593376489578097299e-02,3.924749445783457524e-01,-7.933387892579749079e-02,4.317875245714113963e-01,-1.635657953127267195e-01,1.000000000000004441e+00,-1.875472488315076125e-01,4.406688322576853833e-01,-4.147384420429083007e-02,4.134704112358311145e-01,-1.443312854199421680e-01,-5.482712770963132920e-02,2.718489276629211249e-01,1.631396955544148764e-01,1.174304157443281510e-01,2.692637339492371940e-01,8.629905380676336155e-03,3.246617909623089604e-01,-6.025066670237269606e-02,3.495895664832925354e-01,-9.290240027500058784e-02,3.546086456292009137e-01,-9.368041897001648521e-02,3.510654024412094287e-01,-8.364009124907056947e-02,3.816887836981432969e-01,-1.875472488315076125e-01,1.000000000000004441e+00,-5.729962313201095170e-02,2.634459465205786222e-01,2.492744146518446891e-01,-3.517129831261790046e-02,-1.498121497889435549e-01,4.969493179120627602e-01,7.716986636728634386e-02,3.955470379009574655e-01,1.174304101877003959e-01,3.584051197225029961e-01,9.902782245361792246e-02,3.464639793245863353e-01,7.164062075918706252e-02,3.428385426563242411e-01,6.076911157171455136e-02,3.444145951698384667e-01,7.076448543437979799e-02,3.612013002223821712e-01,7.491338085054607965e-02,4.406688322576853833e-01,-5.729962313201095170e-02,1.000000000000004441e+00,-1.918787331045332667e-01,5.526027484811146806e-01,-1.979706660626802395e-01,-3.531381411184412317e-02,1.704352450837309241e-01,9.840758519308653862e-02,7.716987082513468432e-02,1.631396942092511460e-01,1.202207004388272833e-02,1.972565751927251587e-01,-2.928520612976766302e-02,2.132169809044658915e-01,-4.938963682233941943e-02,2.170925120609860648e-01,-5.029183273619142192e-02,2.133023476203953217e-01,-3.891406483998638421e-02,2.125738401806925026e-01,-4.147384420429083007e-02,2.634459465205786222e-01,-1.918787331045332667e-01,1.000000000000004441e+00,5.240869477115967651e-02,5.265547673210009549e-02,-1.935048283327647223e-01,6.887317901737494141e-01,1.704352435478849459e-01,4.969493216483660269e-01,2.718489243419381363e-01,3.996221928244405031e-01,2.829789678956521337e-01,3.506391585901862396e-01,2.680807506965149356e-01,3.292541241364563831e-01,2.598664012101012388e-01,3.296741883081308333e-01,2.679117214624621712e-01,3.536532293894786294e-01,2.790566308156205433e-01,4.134704112358311145e-01,2.492744146518446891e-01,5.526027484811146806e-01,5.240869477115967651e-02,1.000000000000004441e+00,-3.978968606634566973e-01,5.716780428774628081e-02,-1.935048324940183695e-01,-3.531381552671629398e-02,-1.498121522157234708e-01,-5.482712894570555828e-02,-1.316154770325033141e-01,-5.074552048809199273e-02,-1.243897446254148553e-01,-4.195125551823909726e-02,-1.217657016053159680e-01,-3.816235677426423056e-02,-1.221724917419484968e-01,-4.184352309188241192e-02,-1.272364954548682592e-01,-4.728202806104653266e-02,-1.443312854199421680e-01,-3.517129831261790046e-02,-1.979706660626802395e-01,5.265547673210009549e-02,-3.978968606634566973e-01,1.000000000000004441e+00
1.000000000000001110e+00,-4.052691885896482216e-01,5.286530690865583887e-02,-2.046734783566500071e-01,-3.710449670258782195e-02,-1.488254805989626672e-01,-5.032279662398932846e-02,-1.302977482213394100e-01,-4.516176840088796662e-02,-1.245923330986929145e-01,-4.149136718815936431e-02,-1.241438829577779929e-01,-4.529410347260107161e-02,-1.272702776358803911e-01,-5.394421408212038416e-02,-1.356632496348789685e-01,-5.720063870917976856e-02,-1.559096446865281815e-01,-3.549552204870644323e-02,-2.024907452264344543e-01,6.180409112286278095e-02,-4.052691885896482216e-01,1.000000000000001110e+00,4.582371194222353838e-02,5.557348976798744955e-01,2.451511579339039071e-01,4.138351005544448347e-01,2.772558055328081528e-01,3.519207051747285098e-01,2.671192839471731029e-01,3.270023173319745458e-01,2.593034987774571754e-01,3.265411295244324830e-01,2.673141775550599286e-01,3.487330808810368277e-01,2.813246650045840291e-01,3.995874236736555729e-01,2.680647004315178661e-01,4.997440375750265007e-01,1.634137803973717551e-01,6.932952484156016393e-01,-2.024907488770516517e-01,5.286530690865583887e-02,4.582371194222353838e-02,1.000000000000001110e+00,-1.996052792372881857e-01,2.614951862796472959e-01,-4.830122088296587290e-02,2.100183069973887706e-01,-4.472934215949270209e-02,2.108141276256189633e-01,-5.571954926021691762e-02,2.147481267744066891e-01,-5.468779805291962282e-02,2.106801047027482277e-01,-3.444886489587542511e-02,1.941063183637388168e-01,7.040082200184621941e-03,1.592340626278839766e-01,7.201547515483071316e-02,9.452912170885896526e-02,1.634137781576272541e-01,-3.549552311393125437e-02,-2.046734783566500071e-01,5.557348976798744955e-01,-1.996052792372881857e-01,1.000000000000001110e+00,-6.161490687371597164e-02,4.426909558132604561e-01,7.206425175519778903e-02,3.611911373934759695e-01,6.888197011958492599e-02,3.434429642465985921e-01,5.907380257079064556e-02,3.416916822833838130e-01,6.985767027740058532e-02,3.456646910251055527e-01,9.683725141159214844e-02,3.585681287895804981e-01,1.141087131559257867e-01,3.973102110147334054e-01,7.201548005364065419e-02,4.997440414775226047e-01,-1.559096468549525938e-01,-3.710449670258782195e-02,2.451511579339039071e-01,2.614951862796472959e-01,-6.161490687371597164e-02,1.000000000000001110e+00,-1.947738559388965118e-01,3.818815769413950734e-01,-9.037019878498575576e-02,3.512694699635030005e-01,-1.000436059230134789e-01,3.550101500920603836e-01,-9.907816326913362892e-02,3.497778872342318657e-01,-6.588140166747259718e-02,3.238918477539121099e-01,4.097472266286471612e-03,2.668549440416592144e-01,1.141087071561562860e-01,1.592340614494230921e-01,2.680646965462536446e-01,-5.720063961973612804e-02,-1.488254805989626672e-01,4.138351005544448347e-01,-4.830122088296587290e-02,4.426909558132604561e-01,-1.947738559388965118e-01,1.000000000000001110e+00,-1.683222210756221415e-01,4.330833923704944244e-01,-8.370128169207344260e-02,3.926912814502409033e-01,-9.008699298338997130e-02,3.880277395922568373e-01,-7.739898238428721822e-02,3.791793313899723961e-01,-3.864259425599633063e-02,3.641716065797511170e-01,4.097477655271842406e-03,3.585681298200127931e-01,7.040086768771014816e-03,3.995874274343050314e-01,-1.356632516206987271e-01,-5.032279662398932846e-02,2.772558055328081528e-01,2.100183069973887706e-01,7.206425175519778903e-02,3.818815769413950734e-01,-1.683222210756221415e-01,1.000000000000001110e+00,-2.389400212199697671e-01,4.491896514964326403e-01,-1.675843224694934519e-01,4.321053645711723790e-01,-1.636955517348572808e-01,4.260774861936564850e-01,-1.247874414840371982e-01,3.946190003821351544e-01,-3.864259926350041563e-02,3.238918485563586636e-01,9.683724656536778219e-02,1.941063170375161018e-01,2.813246629246514141e-01,-5.394421526059094835e-02,-1.302977482213394100e-01,3.519207051747285098e-01,-4.472934215949270209e-02,3.611911373934759695e-01,-9.037019878498575576e-02,4.330833923704944244e-01,-2.389400212199697671e-01,1.000000000000001110e+00,-2.488548163122992207e-01,4.526925171922207003e-01,-1.845602779791011838e-01,4.273305536335800792e-01,-1.694528633797317552e-01,4.108418684960577494e-01,-1.247874371620043277e-01,3.791793311897905250e-01,-6.588139753495073081e-02,3.456646926556301014e-01,-3.444886187388720988e-02,3.487330848670805450e-01,-1.272702810659573913e-01,-4.516176840088796662e-02,2.671192839471731029e-01,2.108141276256189633e-01,6.888197011958492599e-02,3.512694699635030005e-01,-8.370128169207344260e-02,4.491896514964326403e-01,-2.488548163122992207e-01,1.000000000000001110e+00,-2.805307695207963081e-01,4.807712763650402454e-01,-2.109759368470469076e-01,4.591955876985096552e-01,-1.694528698854955162e-01,4.260774878826044665e-01,-7.739898915364698539e-02,3.497778896174259522e-01,6.985766482847007020e-02,2.106801036910687652e-01,2.673141752599120791e-01,-4.529410442056323871e-02,-1.245923330986929145e-01,3.270023173319745458e-01,-5.571954926021691762e-02,3.434429642465985921e-01,-1.000436059230134789e-01,3.926912814502409033e-01,-1.675843224694934519e-01,4.526925171922207003e-01,-2.805307695207963081e-01,1.000000000000001110e+00,-2.879197384236276136e-01,4.632508225718141026e-01,-2.109759307593613853e-01,4.273305548725908620e-01,-1.636955477525710023e-01,3.880277398826942892e-01,-9.907815944629742855e-02,3.416916823398817860e-01,-5.468779423854843585e-02,3.265411326436212791e-01,-1.241438861288472889e-01,-4.149136718815936431e-02,2.593034987774571754e-01,2.147481267744066891e-01,5.907380257079064556e-02,3.550101500920603836e-01,-9.008699298338997130e-02,4.321053645711723790e-01,-1.845602779791011838e-01,4.807712763650402454e-01,-2.879197384236276136e-01,1.000000000000001110e+00,-2.879197412891691954e-01,4.807712747150680310e-01,-1.845602802372641460e-01,4.321053634312185254e-01,-9.008699557499444399e-02,3.550101519235939751e-01,5.907380124178882030e-02,2.147481263258354811e-01,2.593035004084566775e-01,-4.149136921277131462e-02,-1.241438829577779929e-01,3.265411295244324830e-01,-5.468779805291962282e-02,3.416916822833838130e-01,-9.907816326913362892e-02,3.880277395922568373e-01,-1.636955517348572808e-01,4.273305536335800792e-01,-2.109759368470469076e-01,4.632508225718141026e-01,-2.879197412891691954e-01,1.000000000000001110e+00,-2.805307679484960737e-01,4.526925185989891243e-01,-1.675843228481904978e-01,3.926912816657978644e-01,-1.000436053785835749e-01,3.434429597653307908e-01,-5.571954567758138910e-02,3.270023147274147002e-01,-1.245923338743624709e-01,-4.529410347260107161e-02,2.673141775550599286e-01,2.106801047027482277e-01,6.985767027740058532e-02,3.497778872342318657e-01,-7.739898238428721822e-02,4.260774861936564850e-01,-1.694528633797317552e-01,4.591955876985096552e-01,-2.109759307593613853e-01,4.807712747150680310e-01,-2.805307679484960737e-01,1.000000000000001110e+00,-2.488548155011552354e-01,4.491896519490471418e-01,-8.370128068808375954e-02,3.512694723274820130e-01,6.888197281236123348e-02,2.108141276931334573e-01,2.671192896999289301e-01,-4.516177188029768530e-02,-1.272702776358803911e-01,3.487330808810368277e-01,-3.444886489587542511e-02,3.456646910251055527e-01,-6.588140166747259718e-02,3.791793313899723961e-01,-1.247874414840371982e-01,4.108418684960577494e-01,-1.694528698854955162e-01,4.273305548725908620e-01,-1.845602802372641460e-01,4.526925185989891243e-01,-2.488548155011552354e-01,1.000000000000001110e+00,-2.389400203106021858e-01,4.330833892204571933e-01,-9.037019607261273513e-02,3.611911303391814876e-01,-4.472933729651301649e-02,3.519207015101715741e-01,-1.302977483862410024e-01,-5.394421408212038416e-02,2.813246650045840291e-01,1.941063183637388168e-01,9.683725141159214844e-02,3.238918477539121099e-01,-3.864259425599633063e-02,3.946190003821351544e-01,-1.247874371620043277e-01,4.260774878826044665e-01,-1.636955477525710023e-01,4.321053634312185254e-01,-1.675843228481904978e-01,4.491896519490471418e-01,-2.389400203106021858e-01,1.000000000000001110e+00,-1.683222216249556369e-01,3.818815805514071404e-01,7.206425371336881713e-02,2.100183076895787981e-01,2.772558114147165576e-01,-5.032280044759684934e-02,-1.356632496348789685e-01,3.995874236736555729e-01,7.040082200184621941e-03,3.585681287895804981e-01,4.097472266286471612e-03,3.641716065797511170e-01,-3.864259926350041563e-02,3.791793311897905250e-01,-7.739898915364698539e-02,3.880277398826942892e-01,-9.008699557499444399e-02,3.926912816657978644e-01,-8.370128068808375954e-02,4.330833892204571933e-01,-1.683222216249556369e-01,1.000000000000001110e+00,-1.947738538121425167e-01,4.426909490748934806e-01,-4.830121787576110992e-02,4.138350963889227963e-01,-1.488254811581122550e-01,-5.720063870917976856e-02,2.680647004315178661e-01,1.592340626278839766e-01,1.141087131559257867e-01,2.668549440416592144e-01,4.097477655271842406e-03,3.238918485563586636e-01,-6.588139753495073081e-02,3.497778896174259522e-01,-9.907815944629742855e-02,3.550101519235939751e-01,-1.000436053785835749e-01,3.512694723274820130e-01,-9.037019607261273513e-02,3.818815805514071404e-01,-1.947738538121425167e-01,1.000000000000001110e+00,-6.161490492205119740e-02,2.614951889829051357e-01,2.451511659509378049e-01,-3.710450121489064501e-02,-1.559096446865281815e-01,4.997440375750265007e-01,7.201547515483071316e-02,3.973102110147334054e-01,1.141087071561562860e-01,3.585681298200127931e-01,9.683724656536778219e-02,3.456646926556301014e-01,6.985766482847007020e-02,3.416916823398817860e-01,5.907380124178882030e-02,3.434429597653307908e-01,6.888197281236123348e-02,3.611911303391814876e-01,7.206425371336881713e-02,4.426909490748934806e-01,-6.161490492205119740e-02,1.000000000000001110e+00,-1.996052797837838400e-01,5.557348937379470444e-01,-2.046734792882878295e-01,-3.549552204870644323e-02,1.634137803973717551e-01,9.452912170885896526e-02,7.201548005364065419e-02,1.592340614494230921e-01,7.040086768771014816e-03,1.941063170375161018e-01,-3.444886187388720988e-02,2.106801036910687652e-01,-5.468779423854843585e-02,2.147481263258354811e-01,-5.571954567758138910e-02,2.108141276931334573e-01,-4.472933729651301649e-02,2.100183076895787981e-01,-4.830121787576110992e-02,2.614951889829051357e-01,-1.996052797837838400e-01,1.000000000000001110e+00,4.582371907426670277e-02,5.286530231050973194e-02,-2.024907452264344543e-01,6.932952484156016393e-01,1.634137781576272541e-01,4.997440414775226047e-01,2.680646965462536446e-01,3.995874274343050314e-01,2.813246629246514141e-01,3.487330848670805450e-01,2.673141752599120791e-01,3.265411326436212791e-01,2.593035004084566775e-01,3.270023147274147002e-01,2.671192896999289301e-01,3.519207015101715741e-01,2.772558114147165576e-01,4.138350963889227963e-01,2.451511659509378049e-01,5.557348937379470444e-01,4.582371907426670277e-02,1.000000000000001110e+00,-4.052691913327397533e-01,6.180409112286278095e-02,-2.024907488770516517e-01,-3.549552311393125437e-02,-1.559096468549525938e-01,-5.720063961973612804e-02,-1.356632516206987271e-01,-5.394421526059094835e-02,-1.272702810659573913e-01,-4.529410442056323871e-02,-1.241438861288472889e-01,-4.149136921277131462e-02,-1.245923338743624709e-01,-4.516177188029768530e-02,-1.302977483862410024e-01,-5.032280044759684934e-02,-1.488254811581122550e-01,-3.710450121489064501e-02,-2.046734792882878295e-01,5.286530231050973194e-02,-4.052691913327397533e-01,1.000000000000001110e+00
1.000000000000001332e+00,-4.125927519399361088e-01,5.325018081221047361e-02,-2.113764990408947553e-01,-3.889414325827121599e-02,-1.532760277504562618e-01,-5.328430405318394097e-02,-1.332541891322210903e-01,-4.844404423079677613e-02,-1.268710000371864877e-01,-4.479877376377985887e-02,-1.263773899976520787e-01,-4.860407869958388583e-02,-1.300363499901763253e-01,-5.706929396370288843e-02,-1.396591135870876577e-01,-5.942867812596371035e-02,-1.620259207758615871e-01,-3.546053673571421261e-02,-2.114957360109427087e-01,6.662489969009932622e-02,-4.125927519399361088e-01,1.000000000000001332e+00,3.915838578441487028e-02,5.589111924954361932e-01,2.409577431228415445e-01,4.142057686708885966e-01,2.754647006329007386e-01,3.501074394992130800e-01,2.664046926393426329e-01,3.241916502087409668e-01,2.588431682287579694e-01,3.236861077781240104e-01,2.666283289521286237e-01,3.467378213348119020e-01,2.796844513406512300e-01,3.995532989279158009e-01,2.642053720018553431e-01,5.026035314152028644e-01,1.562758714438322316e-01,6.978784708789431690e-01,-2.114957398681811540e-01,5.325018081221047361e-02,3.915838578441487028e-02,1.000000000000001332e+00,-2.073436440074372944e-01,2.596094479263089116e-01,-5.515843806632267365e-02,2.075164580474638809e-01,-5.054045991961597650e-02,2.083669995905038097e-01,-6.111435566235807332e-02,2.124401543168939754e-01,-5.993926378667070731e-02,2.081756857594144472e-01,-3.956625050591863757e-02,1.909882196336668003e-01,2.080096195904419885e-03,1.553844842449628727e-01,6.681880924263859656e-02,9.077676712348861643e-02,1.562758716299103012e-01,-3.546053853337843842e-02,-2.113764990408947553e-01,5.589111924954361932e-01,-2.073436440074372944e-01,1.000000000000001332e+00,-6.591885690200341430e-02,4.447453047623988187e-01,6.925523031961669518e-02,3.611504639729845034e-01,6.708855533560914575e-02,3.423808547280889902e-01,5.749002127029193693e-02,3.404390531863460967e-01,6.817481346643657070e-02,3.447928841556855972e-01,9.470440876271023212e-02,3.587273308016115658e-01,1.107842980909502090e-01,3.991338369356669524e-01,6.681881172131262647e-02,5.026035334944367605e-01,-1.620259226728817392e-01,-3.889414325827121599e-02,2.409577431228415445e-01,2.596094479263089116e-01,-6.591885690200341430e-02,1.000000000000001332e+00,-2.020398139701175544e-01,3.821337114725604223e-01,-9.715385034306039946e-02,3.515568593699161526e-01,-1.064418818883546697e-01,3.555014712374090502e-01,-1.052673091473697586e-01,3.500463454305660083e-01,-7.150229668183047393e-02,3.231754235527842245e-01,-4.108058923673477483e-04,2.644774226697236275e-01,1.107842951262312525e-01,1.553844825716308164e-01,2.642053708100720599e-01,-5.942868002587250315e-02,-1.532760277504562618e-01,4.142057686708885966e-01,-5.515843806632267365e-02,4.447453047623988187e-01,-2.020398139701175544e-01,1.000000000000001332e+00,-1.730289781660280246e-01,4.343703917506022694e-01,-8.801268445458232392e-02,3.928522111490399538e-01,-9.416997202210969364e-02,3.878115512919367291e-01,-8.151065493772326198e-02,3.788750768720023920e-01,-4.283131301436802346e-02,3.639781543149826493e-01,-4.108029051253011404e-04,3.587273317013273122e-01,2.080098959185977883e-03,3.995533012761930403e-01,-1.396591152418618087e-01,-5.328430405318394097e-02,2.754647006329007386e-01,2.075164580474638809e-01,6.925523031961669518e-02,3.821337114725604223e-01,-1.730289781660280246e-01,1.000000000000001332e+00,-2.457591417532091205e-01,4.515772814938469049e-01,-1.744497921640286164e-01,4.347199349600065488e-01,-1.702945593545112379e-01,4.285382894116962493e-01,-1.306191515091165434e-01,3.960086256392522652e-01,-4.283131611049315057e-02,3.231754237429799170e-01,9.470440623554582382e-02,1.909882174023804224e-01,2.796844507322659434e-01,-5.706929587284409466e-02,-1.332541891322210903e-01,3.501074394992130800e-01,-5.054045991961597650e-02,3.611504639729845034e-01,-9.715385034306039946e-02,4.343703917506022694e-01,-2.457591417532091205e-01,1.000000000000001332e+00,-2.545032525200572326e-01,4.539573363247192406e-01,-1.905106230534128753e-01,4.279695118061217496e-01,-1.753884104092401086e-01,4.110499326182864843e-01,-1.306191484496877497e-01,3.788750768942972247e-01,-7.150229417796530318e-02,3.447928859277375468e-01,-3.956624857107296500e-02,3.467378247230872290e-01,-1.300363530511336463e-01,-4.844404423079677613e-02,2.664046926393426329e-01,2.083669995905038097e-01,6.708855533560914575e-02,3.515568593699161526e-01,-8.801268445458232392e-02,4.515772814938469049e-01,-2.545032525200572326e-01,1.000000000000001332e+00,-2.871242648797321384e-01,4.842924412752954710e-01,-2.177483216743053007e-01,4.626501791670420971e-01,-1.753884161879779302e-01,4.285382910784419908e-01,-8.151066036461251940e-02,3.500463471355594325e-01,6.817480968707073652e-02,2.081756838288137679e-01,2.666283273327227921e-01,-4.860408011428713621e-02,-1.268710000371864877e-01,3.241916502087409668e-01,-6.111435566235807332e-02,3.423808547280889902e-01,-1.064418818883546697e-01,3.928522111490399538e-01,-1.744497921640286164e-01,4.539573363247192406e-01,-2.871242648797321384e-01,1.000000000000001332e+00,-2.942210627139117962e-01,4.646214865809517591e-01,-2.177483162685955875e-01,4.279695129249002639e-01,-1.702945565680305251e-01,3.878115517025551018e-01,-1.052673068060574479e-01,3.404390534559109671e-01,-5.993926094856899534e-02,3.236861104659042310e-01,-1.263773927950525566e-01,-4.479877376377985887e-02,2.588431682287579694e-01,2.124401543168939754e-01,5.749002127029193693e-02,3.555014712374090502e-01,-9.416997202210969364e-02,4.347199349600065488e-01,-1.905106230534128753e-01,4.842924412752954710e-01,-2.942210627139117962e-01,1.000000000000001332e+00,-2.942210651065286786e-01,4.842924398012052878e-01,-1.905106248403497238e-01,4.347199340087068431e-01,-9.416997352926344267e-02,3.555014723778112673e-01,5.749002135569483002e-02,2.124401527923164279e-01,2.588431702594869432e-01,-4.479877624665538904e-02,-1.263773899976520787e-01,3.236861077781240104e-01,-5.993926378667070731e-02,3.404390531863460967e-01,-1.052673091473697586e-01,3.878115512919367291e-01,-1.702945593545112379e-01,4.279695118061217496e-01,-2.177483216743053007e-01,4.646214865809517591e-01,-2.942210651065286786e-01,1.000000000000001332e+00,-2.871242631826036451e-01,4.539573375329680194e-01,-1.744497927935926840e-01,3.928522113907100266e-01,-1.064418820230859652e-01,3.423808508986332377e-01,-6.111435268494713746e-02,3.241916480003119161e-01,-1.268710006758970443e-01,-4.860407869958388583e-02,2.666283289521286237e-01,2.081756857594144472e-01,6.817481346643657070e-02,3.500463454305660083e-01,-8.151065493772326198e-02,4.285382894116962493e-01,-1.753884104092401086e-01,4.626501791670420971e-01,-2.177483162685955875e-01,4.842924398012052878e-01,-2.871242631826036451e-01,1.000000000000001332e+00,-2.545032513409788422e-01,4.515772817453146404e-01,-8.801268246223142855e-02,3.515568607341638119e-01,6.708855926678412851e-02,2.083669983348041821e-01,2.664046985144568058e-01,-4.844404814188177366e-02,-1.300363499901763253e-01,3.467378213348119020e-01,-3.956625050591863757e-02,3.447928841556855972e-01,-7.150229668183047393e-02,3.788750768720023920e-01,-1.306191515091165434e-01,4.110499326182864843e-01,-1.753884161879779302e-01,4.279695129249002639e-01,-1.905106248403497238e-01,4.539573375329680194e-01,-2.545032513409788422e-01,1.000000000000001332e+00,-2.457591414073881375e-01,4.343703892063176530e-01,-9.715384856419026494e-02,3.611504580492391758e-01,-5.054045583926345536e-02,3.501074365313715520e-01,-1.332541893223632978e-01,-5.706929396370288843e-02,2.796844513406512300e-01,1.909882196336668003e-01,9.470440876271023212e-02,3.231754235527842245e-01,-4.283131301436802346e-02,3.960086256392522652e-01,-1.306191484496877497e-01,4.285382910784419908e-01,-1.702945565680305251e-01,4.347199340087068431e-01,-1.744497927935926840e-01,4.515772817453146404e-01,-2.457591414073881375e-01,1.000000000000001332e+00,-1.730289779381282145e-01,3.821337135814774633e-01,6.925523297959527980e-02,2.075164571967065275e-01,2.754647058202550070e-01,-5.328430800260046396e-02,-1.396591135870876577e-01,3.995532989279158009e-01,2.080096195904419885e-03,3.587273308016115658e-01,-4.108058923673477483e-04,3.639781543149826493e-01,-4.283131611049315057e-02,3.788750768942972247e-01,-8.151066036461251940e-02,3.878115517025551018e-01,-9.416997352926344267e-02,3.928522113907100266e-01,-8.801268246223142855e-02,4.343703892063176530e-01,-1.730289779381282145e-01,1.000000000000001332e+00,-2.020398126758307100e-01,4.447453001343216750e-01,-5.515843571515420540e-02,4.142057663681325552e-01,-1.532760287260830634e-01,-5.942867812596371035e-02,2.642053720018553431e-01,1.553844842449628727e-01,1.107842980909502090e-01,2.644774226697236275e-01,-4.108029051253011404e-04,3.231754237429799170e-01,-7.150229417796530318e-02,3.500463471355594325e-01,-1.052673068060574479e-01,3.555014723778112673e-01,-1.064418820230859652e-01,3.515568607341638119e-01,-9.715384856419026494e-02,3.821337135814774633e-01,-2.020398126758307100e-01,1.000000000000001332e+00,-6.591885503159429505e-02,2.596094486489011754e-01,2.409577490804019062e-01,-3.889414746055431388e-02,-1.620259207758615871e-01,5.026035314152028644e-01,6.681880924263859656e-02,3.991338369356669524e-01,1.107842951262312525e-01,3.587273317013273122e-01,9.470440623554582382e-02,3.447928859277375468e-01,6.817480968707073652e-02,3.404390534559109671e-01,5.749002135569483002e-02,3.423808508986332377e-01,6.708855926678412851e-02,3.611504580492391758e-01,6.925523297959527980e-02,4.447453001343216750e-01,-6.591885503159429505e-02,1.000000000000001332e+00,-2.073436445664101624e-01,5.589111909891040231e-01,-2.113765005747109404e-01,-3.546053673571421261e-02,1.562758714438322316e-01,9.077676712348861643e-02,6.681881172131262647e-02,1.553844825716308164e-01,2.080098959185977883e-03,1.909882174023804224e-01,-3.956624857107296500e-02,2.081756838288137679e-01,-5.993926094856899534e-02,2.124401527923164279e-01,-6.111435268494713746e-02,2.083669983348041821e-01,-5.054045583926345536e-02,2.075164571967065275e-01,-5.515843571515420540e-02,2.596094486489011754e-01,-2.073436445664101624e-01,1.000000000000001332e+00,3.915839073959631600e-02,5.325017666771997282e-02,-2.114957360109427087e-01,6.978784708789431690e-01,1.562758716299103012e-01,5.026035334944367605e-01,2.642053708100720599e-01,3.995533012761930403e-01,2.796844507322659434e-01,3.467378247230872290e-01,2.666283273327227921e-01,3.236861104659042310e-01,2.588431702594869432e-01,3.241916480003119161e-01,2.664046985144568058e-01,3.501074365313715520e-01,2.754647058202550070e-01,4.142057663681325552e-01,2.409577490804019062e-01,5.589111909891040231e-01,3.915839073959631600e-02,1.000000000000001332e+00,-4.125927544980090289e-01,6.662489969009932622e-02,-2.114957398681811540e-01,-3.546053853337843842e-02,-1.620259226728817392e-01,-5.942868002587250315e-02,-1.396591152418618087e-01,-5.706929587284409466e-02,-1.300363530511336463e-01,-4.860408011428713621e-02,-1.263773927950525566e-01,-4.479877624665538904e-02,-1.268710006758970443e-01,-4.844404814188177366e-02,-1.332541893223632978e-01,-5.328430800260046396e-02,-1.532760287260830634e-01,-3.889414746055431388e-02,-2.113765005747109404e-01,5.325017666771997282e-02,-4.125927544980090289e-01,1.000000000000001332e+00
