1.000000000000000666e+00,-4.004262221625007334e-01,6.722417336522401587e-02,-1.952478206620920087e-01,5.970594870204938565e-03,-1.455262362557853129e-01,1.317877603702057726e-02,-1.342527558061503146e-01,1.341463770928811444e-02,-1.350609456257050311e-01,-3.974634148383405716e-03,-1.452163055273253400e-01,-1.080046157382197509e-02,-1.765840138324275554e-01,5.591579152290673121e-02,-4.004262221625007334e-01,1.000000000000000666e+00,6.359166984949325696e-02,4.937936016943387796e-01,2.149961685751511087e-01,3.365477219712916246e-01,2.070608812353940398e-01,2.923764766861902675e-01,2.070244577147354326e-01,3.253552182332647424e-01,2.271331413632441121e-01,4.367802470540934068e-01,1.704052002321704840e-01,6.530696463573830712e-01,-1.765840164003821267e-01,6.722417336522401587e-02,6.359166984949325696e-02,1.000000000000000666e+00,-2.398721916675757571e-01,3.419147005909666803e-01,-1.467352033339766604e-01,3.350052223158367370e-01,-1.573936639043451990e-01,3.388431667022951954e-01,-1.172289975667175355e-01,2.996407952264388275e-01,-3.375814059275367152e-03,1.949244888616205040e-01,1.704052006867700642e-01,-1.080047035491108962e-02,-1.952478206620920087e-01,4.937936016943387796e-01,-2.398721916675757571e-01,1.000000000000000666e+00,-1.376900275783608518e-01,4.221439108559573716e-01,-8.874931532428470549e-02,3.731604807070673102e-01,-9.034024513784393029e-02,3.700798979264016131e-01,-3.940295227369786796e-02,3.808961024560994502e-01,-3.375808715882569477e-03,4.367802581332116407e-01,-1.452163041130666854e-01,5.970594870204938565e-03,2.149961685751511087e-01,3.419147005909666803e-01,-1.376900275783608518e-01,1.000000000000000666e+00,-3.031705887111859621e-01,4.941075535094117677e-01,-2.645622027978358770e-01,4.994679391217353714e-01,-2.113692802108948776e-01,4.514922684290231247e-01,-3.940296451976768588e-02,2.996408054106033947e-01,2.271331496682378326e-01,-3.974649617215429177e-03,-1.455262362557853129e-01,3.365477219712916246e-01,-1.467352033339766604e-01,4.221439108559573716e-01,-3.031705887111859621e-01,1.000000000000000666e+00,-3.098545608288001962e-01,4.495843178845838617e-01,-2.753263904962875985e-01,4.199431873056592157e-01,-2.113692865429753209e-01,3.700799002668455073e-01,-1.172290067023396831e-01,3.253552137343806994e-01,-1.350609353189370365e-01,1.317877603702057726e-02,2.070608812353940398e-01,3.350052223158367370e-01,-8.874931532428470549e-02,4.941075535094117677e-01,-3.098545608288001962e-01,1.000000000000000666e+00,-3.623876261954526168e-01,5.430266113475520351e-01,-2.753263974506590661e-01,4.994679449261783533e-01,-9.034027323249449459e-02,3.388431827356087611e-01,2.070244572727729659e-01,1.341462400005082045e-02,-1.342527558061503146e-01,2.923764766861902675e-01,-1.573936639043451990e-01,3.731604807070673102e-01,-2.645622027978358770e-01,4.495843178845838617e-01,-3.623876261954526168e-01,1.000000000000000666e+00,-3.623876156917531510e-01,4.495843190557705094e-01,-2.645622059397266246e-01,3.731604890001005703e-01,-1.573936743189955911e-01,2.923764732233914421e-01,-1.342527434202746006e-01,1.341463770928811444e-02,2.070244577147354326e-01,3.388431667022951954e-01,-9.034024513784393029e-02,4.994679391217353714e-01,-2.753263904962875985e-01,5.430266113475520351e-01,-3.623876156917531510e-01,1.000000000000000666e+00,-3.098545472609510743e-01,4.941075547502286058e-01,-8.874932072129843030e-02,3.350052319486650498e-01,2.070609018862414885e-01,1.317875359768454560e-02,-1.350609456257050311e-01,3.253552182332647424e-01,-1.172289975667175355e-01,3.700798979264016131e-01,-2.113692802108948776e-01,4.199431873056592157e-01,-2.753263974506590661e-01,4.495843190557705094e-01,-3.098545472609510743e-01,1.000000000000000666e+00,-3.031705854683084955e-01,4.221439153498064423e-01,-1.467352065130984873e-01,3.365477189444846529e-01,-1.455262232222168661e-01,-3.974634148383405716e-03,2.271331413632441121e-01,2.996407952264388275e-01,-3.940295227369786796e-02,4.514922684290231247e-01,-2.113692865429753209e-01,4.994679449261783533e-01,-2.645622059397266246e-01,4.941075547502286058e-01,-3.031705854683084955e-01,1.000000000000000666e+00,-1.376900399776586625e-01,3.419147083462386050e-01,2.149961787365986254e-01,5.970578413416355659e-03,-1.452163055273253400e-01,4.367802470540934068e-01,-3.375814059275367152e-03,3.808961024560994502e-01,-3.940296451976768588e-02,3.700799002668455073e-01,-9.034027323249449459e-02,3.731604890001005703e-01,-8.874932072129843030e-02,4.221439153498064423e-01,-1.376900399776586625e-01,1.000000000000000666e+00,-2.398721978995055348e-01,4.937935871707102575e-01,-1.952478091186719833e-01,-1.080046157382197509e-02,1.704052002321704840e-01,1.949244888616205040e-01,-3.375808715882569477e-03,2.996408054106033947e-01,-1.172290067023396831e-01,3.388431827356087611e-01,-1.573936743189955911e-01,3.350052319486650498e-01,-1.467352065130984873e-01,3.419147083462386050e-01,-2.398721978995055348e-01,1.000000000000000666e+00,6.359168336543072342e-02,6.722416087411911545e-02,-1.765840138324275554e-01,6.530696463573830712e-01,1.704052006867700642e-01,4.367802581332116407e-01,2.271331496682378326e-01,3.253552137343806994e-01,2.070244572727729659e-01,2.923764732233914421e-01,2.070609018862414885e-01,3.365477189444846529e-01,2.149961787365986254e-01,4.937935871707102575e-01,6.359168336543072342e-02,1.000000000000000666e+00,-4.004262214901627703e-01,5.591579152290673121e-02,-1.765840164003821267e-01,-1.080047035491108962e-02,-1.452163041130666854e-01,-3.974649617215429177e-03,-1.350609353189370365e-01,1.341462400005082045e-02,-1.342527434202746006e-01,1.317875359768454560e-02,-1.455262232222168661e-01,5.970578413416355659e-03,-1.952478091186719833e-01,6.722416087411911545e-02,-4.004262214901627703e-01,1.000000000000000666e+00
9.999999999999962252e-01,-4.076081167735604027e-01,6.649010867718088691e-02,-2.002487229850573036e-01,2.893427062298451619e-03,-1.474617627791461605e-01,9.388961455439659431e-03,-1.349616426445728878e-01,9.553246857442333762e-03,-1.364603543152856646e-01,-7.466314049742642234e-03,-1.491302795106129175e-01,-1.233382543992908587e-02,-1.844114186529662025e-01,5.956628112102924089e-02,-4.076081167735604027e-01,9.999999999999962252e-01,5.932810819837712468e-02,4.946164654782927439e-01,2.143898606270614182e-01,3.332804897388880194e-01,2.085050369852392838e-01,2.873812971758427093e-01,2.085448205599542970e-01,3.215787133338966486e-01,2.268937032536097187e-01,4.367335397952700760e-01,1.661765823617604165e-01,6.565585462641585490e-01,-1.844114221930777398e-01,6.649010867718088691e-02,5.932810819837712468e-02,9.999999999999962252e-01,-2.471770177927399559e-01,3.418048577688326262e-01,-1.525202160714568267e-01,3.350910158916800552e-01,-1.621175987290871534e-01,3.388632672546110225e-01,-1.211984205510186902e-01,2.983709184808326920e-01,-6.652591552957793503e-03,1.919780254292448030e-01,1.661765831975087759e-01,-1.233383498149927607e-02,-2.002487229850573036e-01,4.946164654782927439e-01,-2.471770177927399559e-01,9.999999999999962252e-01,-1.404054813137468050e-01,4.215598079511452823e-01,-9.028802553115794494e-02,3.704107243444678677e-01,-9.163819340247751632e-02,3.672333276670326496e-01,-4.126242598425387126e-02,3.794076942582825240e-01,-6.652586730003427762e-03,4.367335518078839240e-01,-1.491302789242225091e-01,2.893427062298451619e-03,2.143898606270614182e-01,3.418048577688326262e-01,-1.404054813137468050e-01,9.999999999999962252e-01,-3.099233500607342373e-01,4.980288399750671946e-01,-2.706606924747997356e-01,5.036614496740460245e-01,-2.159313994836039030e-01,4.539068945671533850e-01,-4.126243872215356462e-02,2.983709292487512488e-01,2.268937115833358775e-01,-7.466330760910674068e-03,-1.474617627791461605e-01,3.332804897388880194e-01,-1.525202160714568267e-01,4.215598079511452823e-01,-3.099233500607342373e-01,9.999999999999962252e-01,-3.143939496038984371e-01,4.489226741683041144e-01,-2.800760982499992946e-01,4.179008399231754489e-01,-2.159314042255171540e-01,3.672333295709797607e-01,-1.211984294458978151e-01,3.215787094919009270e-01,-1.364603436523652014e-01,9.388961455439659431e-03,2.085050369852392838e-01,3.350910158916800552e-01,-9.028802553115794494e-02,4.980288399750671946e-01,-3.143939496038984371e-01,9.999999999999962252e-01,-3.684438992459820317e-01,5.486754308601802244e-01,-2.800761066551987755e-01,5.036614557342021792e-01,-9.163822220213352354e-02,3.388632843649346804e-01,2.085448204345531076e-01,9.553231787796753749e-03,-1.349616426445728878e-01,2.873812971758427093e-01,-1.621175987290871534e-01,3.704107243444678677e-01,-2.706606924747997356e-01,4.489226741683041144e-01,-3.684438992459820317e-01,9.999999999999962252e-01,-3.684438880777872738e-01,4.489226755233761690e-01,-2.706606952951739475e-01,3.704107332473879910e-01,-1.621176105537084355e-01,2.873812937619972807e-01,-1.349616298959631089e-01,9.553246857442333762e-03,2.085448205599542970e-01,3.388632672546110225e-01,-9.163819340247751632e-02,5.036614496740460245e-01,-2.800760982499992946e-01,5.486754308601802244e-01,-3.684438880777872738e-01,9.999999999999962252e-01,-3.143939365189986068e-01,4.980288412763225203e-01,-9.028803068347990290e-02,3.350910262128753980e-01,2.085050592015855742e-01,9.388937019706727546e-03,-1.364603543152856646e-01,3.215787133338966486e-01,-1.211984205510186902e-01,3.672333276670326496e-01,-2.159313994836039030e-01,4.179008399231754489e-01,-2.800761066551987755e-01,4.489226755233761690e-01,-3.143939365189986068e-01,9.999999999999962252e-01,-3.099233469936754082e-01,4.215598122245619583e-01,-1.525202204435326392e-01,3.332804855317615944e-01,-1.474617488817051014e-01,-7.466314049742642234e-03,2.268937032536097187e-01,2.983709184808326920e-01,-4.126242598425387126e-02,4.539068945671533850e-01,-2.159314042255171540e-01,5.036614557342021792e-01,-2.706606952951739475e-01,4.980288412763225203e-01,-3.099233469936754082e-01,9.999999999999962252e-01,-1.404054930940996093e-01,3.418048662866327581e-01,2.143898727191963505e-01,2.893408615277507853e-03,-1.491302795106129175e-01,4.367335397952700760e-01,-6.652591552957793503e-03,3.794076942582825240e-01,-4.126243872215356462e-02,3.672333295709797607e-01,-9.163822220213352354e-02,3.704107332473879910e-01,-9.028803068347990290e-02,4.215598122245619583e-01,-1.404054930940996093e-01,9.999999999999962252e-01,-2.471770243260435762e-01,4.946164501550734949e-01,-2.002487106569627584e-01,-1.233382543992908587e-02,1.661765823617604165e-01,1.919780254292448030e-01,-6.652586730003427762e-03,2.983709292487512488e-01,-1.211984294458978151e-01,3.388632843649346804e-01,-1.621176105537084355e-01,3.350910262128753980e-01,-1.525202204435326392e-01,3.418048662866327581e-01,-2.471770243260435762e-01,9.999999999999962252e-01,5.932812296754040593e-02,6.649009451891023381e-02,-1.844114186529662025e-01,6.565585462641585490e-01,1.661765831975087759e-01,4.367335518078839240e-01,2.268937115833358775e-01,3.215787094919009270e-01,2.085448204345531076e-01,2.873812937619972807e-01,2.085050592015855742e-01,3.332804855317615944e-01,2.143898727191963505e-01,4.946164501550734949e-01,5.932812296754040593e-02,9.999999999999962252e-01,-4.076081165472565937e-01,5.956628112102924089e-02,-1.844114221930777398e-01,-1.233383498149927607e-02,-1.491302789242225091e-01,-7.466330760910674068e-03,-1.364603436523652014e-01,9.553231787796753749e-03,-1.349616298959631089e-01,9.388937019706727546e-03,-1.474617488817051014e-01,2.893408615277507853e-03,-2.002487106569627584e-01,6.649009451891023381e-02,-4.076081165472565937e-01,9.999999999999962252e-01
9.999999999999960032e-01,-4.147413253307017378e-01,6.586011390476750882e-02,-2.051808221617350547e-01,-1.744073593381162413e-04,-1.492283287637526379e-01,5.531286645895625020e-03,-1.354435194933681363e-01,5.615838478567034692e-03,-1.376690286702463017e-01,-1.096664087276777444e-02,-1.529623197738559093e-01,-1.375683456357001955e-02,-1.922227829030526691e-01,6.336703698921446193e-02,-4.147413253307017378e-01,9.999999999999960032e-01,5.508976932810875915e-02,4.953724537001503725e-01,2.139210790437646725e-01,3.298216779746122596e-01,2.101946129483950321e-01,2.821181031552597585e-01,2.103180843914924103e-01,3.175921494028771108e-01,2.268066389798663596e-01,4.366113838603888908e-01,1.619696274821809945e-01,6.600250500340569815e-01,-1.922227865325384921e-01,6.586011390476750882e-02,5.508976932810875915e-02,9.999999999999960032e-01,-2.544863772148839298e-01,3.417571594080203168e-01,-1.582549014806037269e-01,3.352144564937750149e-01,-1.667180407385056295e-01,3.388976199804539791e-01,-1.250147568012338617e-01,2.971015572732128573e-01,-9.817987422948645099e-03,1.890658712340205772e-01,1.619696278052068228e-01,-1.375684378164362953e-02,-2.051808221617350547e-01,4.953724537001503725e-01,-2.544863772148839298e-01,9.999999999999960032e-01,-1.430006104883606854e-01,4.208300531841665526e-01,-9.162723831165706101e-02,3.674136415042046355e-01,-9.270818805465122492e-02,3.641408107855378939e-01,-4.293599631413679701e-02,3.777647649423187537e-01,-9.817982585583931443e-03,4.366113961304418090e-01,-1.529623196397783824e-01,-1.744073593381162413e-04,2.139210790437646725e-01,3.417571594080203168e-01,-1.430006104883606854e-01,9.999999999999960032e-01,-3.166856112868755013e-01,5.020855371384831400e-01,-2.766998448947816658e-01,5.079839919013487970e-01,-2.203507525722803451e-01,4.563862219285379496e-01,-4.293600902836237909e-02,2.971015680908010714e-01,2.268066469503043359e-01,-1.096665753942720201e-02,-1.492283287637526379e-01,3.298216779746122596e-01,-1.582549014806037269e-01,4.208300531841665526e-01,-3.166856112868755013e-01,9.999999999999960032e-01,-3.188315777020701569e-01,4.480630231009101738e-01,-2.846948706775893068e-01,4.156018464056095985e-01,-2.203507563062077623e-01,3.641408123495167293e-01,-1.250147649189490562e-01,3.175921459150868320e-01,-1.376690179967352545e-01,5.531286645895625020e-03,2.101946129483950321e-01,3.352144564937750149e-01,-9.162723831165706101e-02,5.020855371384831400e-01,-3.188315777020701569e-01,9.999999999999960032e-01,-3.744667752524364346e-01,5.545099832338906687e-01,-2.846948794128070226e-01,5.079839979362388291e-01,-9.270821635399589811e-02,3.388976372784064939e-01,2.103180845101016994e-01,5.615823274315562275e-03,-1.354435194933681363e-01,2.821181031552597585e-01,-1.667180407385056295e-01,3.674136415042046355e-01,-2.766998448947816658e-01,4.480630231009101738e-01,-3.744667752524364346e-01,9.999999999999960032e-01,-3.744667642837775090e-01,4.480630245300206704e-01,-2.766998475054318618e-01,3.674136505407974429e-01,-1.667180526740834889e-01,2.821180997279907343e-01,-1.354435067392186776e-01,5.615838478567034692e-03,2.103180843914924103e-01,3.388976199804539791e-01,-9.270818805465122492e-02,5.079839919013487970e-01,-2.846948706775893068e-01,5.545099832338906687e-01,-3.744667642837775090e-01,9.999999999999960032e-01,-3.188315654679438338e-01,5.020855384514681941e-01,-9.162724362109664344e-02,3.352144669886861772e-01,2.101946350052661394e-01,5.531262081226786045e-03,-1.376690286702463017e-01,3.175921494028771108e-01,-1.250147568012338617e-01,3.641408107855378939e-01,-2.203507525722803451e-01,4.156018464056095985e-01,-2.846948794128070226e-01,4.480630245300206704e-01,-3.188315654679438338e-01,9.999999999999960032e-01,-3.166856084393047110e-01,4.208300573748411932e-01,-1.582549061225867193e-01,3.298216731943052205e-01,-1.492283146792974247e-01,-1.096664087276777444e-02,2.268066389798663596e-01,2.971015572732128573e-01,-4.293599631413679701e-02,4.563862219285379496e-01,-2.203507563062077623e-01,5.079839979362388291e-01,-2.766998475054318618e-01,5.020855384514681941e-01,-3.166856084393047110e-01,9.999999999999960032e-01,-1.430006218540383622e-01,3.417571681060907474e-01,2.139210916477000679e-01,-1.744261942538301302e-04,-1.529623197738559093e-01,4.366113838603888908e-01,-9.817987422948645099e-03,3.777647649423187537e-01,-4.293600902836237909e-02,3.641408123495167293e-01,-9.270821635399589811e-02,3.674136505407974429e-01,-9.162724362109664344e-02,4.208300573748411932e-01,-1.430006218540383622e-01,9.999999999999960032e-01,-2.544863833669733788e-01,4.953724381215477424e-01,-2.051808094835922414e-01,-1.375683456357001955e-02,1.619696274821809945e-01,1.890658712340205772e-01,-9.817982585583931443e-03,2.971015680908010714e-01,-1.250147649189490562e-01,3.388976372784064939e-01,-1.667180526740834889e-01,3.352144669886861772e-01,-1.582549061225867193e-01,3.417571681060907474e-01,-2.544863833669733788e-01,9.999999999999960032e-01,5.508978458202143380e-02,6.586009934079133099e-02,-1.922227829030526691e-01,6.600250500340569815e-01,1.619696278052068228e-01,4.366113961304418090e-01,2.268066469503043359e-01,3.175921459150868320e-01,2.103180845101016994e-01,2.821180997279907343e-01,2.101946350052661394e-01,3.298216731943052205e-01,2.139210916477000679e-01,4.953724381215477424e-01,5.508978458202143380e-02,9.999999999999960032e-01,-4.147413251934312095e-01,6.336703698921446193e-02,-1.922227865325384921e-01,-1.375684378164362953e-02,-1.529623196397783824e-01,-1.096665753942720201e-02,-1.376690179967352545e-01,5.615823274315562275e-03,-1.354435067392186776e-01,5.531262081226786045e-03,-1.492283146792974247e-01,-1.744261942538301302e-04,-2.051808094835922414e-01,6.586009934079133099e-02,-4.147413251934312095e-01,9.999999999999960032e-01
1.000000000000000444e+00,-4.218241483304464579e-01,6.533042552368480138e-02,-2.100384591492086006e-01,-3.241586257834164903e-03,-1.508160191116506565e-01,1.592509505444691942e-03,-1.356858194063025325e-01,1.588601027891692677e-03,-1.386763833630438869e-01,-1.448551657953348580e-02,-1.567058700800571802e-01,-1.507493128659571219e-02,-2.000123514094543919e-01,6.731167569618068391e-02,-4.218241483304464579e-01,1.000000000000000444e+00,5.088427408319046857e-02,4.960535645297660112e-01,2.136041961170775383e-01,3.261579793560633878e-01,2.121490904396436394e-01,2.765706918221667032e-01,2.123642263842652755e-01,3.133816589969149469e-01,2.268874917825178528e-01,4.364046512448526149e-01,1.577941074325228121e-01,6.634638620040621548e-01,-2.000123548830529119e-01,6.533042552368480138e-02,5.088427408319046857e-02,1.000000000000000444e+00,-2.617976545304225855e-01,3.417710833334962617e-01,-1.639309818806101715e-01,3.353700106404899350e-01,-1.711820258446924425e-01,3.389379039077400901e-01,-1.286640491177242496e-01,2.958252216350067410e-01,-1.286106013265447129e-02,1.861838924980423193e-01,1.577941072664265365e-01,-1.507493988307729085e-02,-2.100384591492086006e-01,4.960535645297660112e-01,-2.617976545304225855e-01,1.000000000000000444e+00,-1.454671845489537430e-01,4.199425713755494116e-01,-9.275193121218144876e-02,3.641520110069763616e-01,-9.353247079396363739e-02,3.607849967848557049e-01,-4.440770019823546411e-02,3.759539178403785153e-01,-1.286105530697633989e-02,4.364046633357685501e-01,-1.567058702483345167e-01,-3.241586257834164903e-03,2.136041961170775383e-01,3.417710833334962617e-01,-1.454671845489537430e-01,1.000000000000000444e+00,-3.234538828040085523e-01,5.062784434040541459e-01,-2.826691653309097996e-01,5.124318933462338466e-01,-2.246120098020541467e-01,4.589233563286346795e-01,-4.440771240141552084e-02,2.958252321727706802e-01,2.268874996095932850e-01,-1.448553282893523877e-02,-1.508160191116506565e-01,3.261579793560633878e-01,-1.639309818806101715e-01,4.199425713755494116e-01,-3.234538828040085523e-01,1.000000000000000444e+00,-3.231594699305412322e-01,4.469911967836081024e-01,-2.891694614515528672e-01,4.130280848216759115e-01,-2.246120132331935471e-01,3.607849981147961960e-01,-1.286640565662181823e-01,3.133816555606005472e-01,-1.386763728614314184e-01,1.592509505444691942e-03,2.121490904396436394e-01,3.353700106404899350e-01,-9.275193121218144876e-02,5.062784434040541459e-01,-3.231594699305412322e-01,1.000000000000000444e+00,-3.804508381881535062e-01,5.605322258136310465e-01,-2.891694697520091895e-01,5.124318992277646645e-01,-9.353249798030946471e-02,3.389379208758456219e-01,2.123642268664908406e-01,1.588586085685295135e-03,-1.356858194063025325e-01,2.765706918221667032e-01,-1.711820258446924425e-01,3.641520110069763616e-01,-2.826691653309097996e-01,4.469911967836081024e-01,-3.804508381881535062e-01,1.000000000000000444e+00,-3.804508278265027466e-01,4.469911981620015018e-01,-2.826691679039767813e-01,3.641520198823910981e-01,-1.711820373268304329e-01,2.765706883102999614e-01,-1.356858067762508613e-01,1.588601027891692677e-03,2.123642263842652755e-01,3.389379039077400901e-01,-9.353247079396363739e-02,5.124318933462338466e-01,-2.891694614515528672e-01,5.605322258136310465e-01,-3.804508278265027466e-01,1.000000000000000444e+00,-3.231594584306503037e-01,5.062784446900875368e-01,-9.275193676567920764e-02,3.353700209678880384e-01,2.121491116875072747e-01,1.592485524272537964e-03,-1.386763833630438869e-01,3.133816589969149469e-01,-1.286640491177242496e-01,3.607849967848557049e-01,-2.246120098020541467e-01,4.130280848216759115e-01,-2.891694697520091895e-01,4.469911981620015018e-01,-3.231594584306503037e-01,1.000000000000000444e+00,-3.234538802240547462e-01,4.199425756955246225e-01,-1.639309864134335382e-01,3.261579745362311877e-01,-1.508160052523973005e-01,-1.448551657953348580e-02,2.268874917825178528e-01,2.958252216350067410e-01,-4.440770019823546411e-02,4.589233563286346795e-01,-2.246120132331935471e-01,5.124318992277646645e-01,-2.826691679039767813e-01,5.062784446900875368e-01,-3.234538802240547462e-01,1.000000000000000444e+00,-1.454671956789215237e-01,3.417710917265955328e-01,2.136042084299136501e-01,-3.241604786855303497e-03,-1.567058700800571802e-01,4.364046512448526149e-01,-1.286106013265447129e-02,3.759539178403785153e-01,-4.440771240141552084e-02,3.607849981147961960e-01,-9.353249798030946471e-02,3.641520198823910981e-01,-9.275193676567920764e-02,4.199425756955246225e-01,-1.454671956789215237e-01,1.000000000000000444e+00,-2.617976601627424182e-01,4.960535492264304125e-01,-2.100384464966962017e-01,-1.507493128659571219e-02,1.577941074325228121e-01,1.861838924980423193e-01,-1.286105530697633989e-02,2.958252321727706802e-01,-1.286640565662181823e-01,3.389379208758456219e-01,-1.711820373268304329e-01,3.353700209678880384e-01,-1.639309864134335382e-01,3.417710917265955328e-01,-2.617976601627424182e-01,1.000000000000000444e+00,5.088428926426288856e-02,6.533041109635590038e-02,-2.000123514094543919e-01,6.634638620040621548e-01,1.577941072664265365e-01,4.364046633357685501e-01,2.268874996095932850e-01,3.133816555606005472e-01,2.123642268664908406e-01,2.765706883102999614e-01,2.121491116875072747e-01,3.261579745362311877e-01,2.136042084299136501e-01,4.960535492264304125e-01,5.088428926426288856e-02,1.000000000000000444e+00,-4.218241481575773499e-01,6.731167569618068391e-02,-2.000123548830529119e-01,-1.507493988307729085e-02,-1.567058702483345167e-01,-1.448553282893523877e-02,-1.386763728614314184e-01,1.588586085685295135e-03,-1.356858067762508613e-01,1.592485524272537964e-03,-1.508160052523973005e-01,-3.241604786855303497e-03,-2.100384464966962017e-01,6.533041109635590038e-02,-4.218241481575773499e-01,1.000000000000000444e+00
1.000000000000010214e+00,-4.288549147843191411e-01,6.489678036370406800e-02,-2.148157365527013085e-01,-6.317587758273556300e-03,-1.522145033848184836e-01,-2.441602394370093188e-03,-1.356754971566331291e-01,-2.543284747712440397e-03,-1.394714229546784867e-01,-1.803370108885210196e-02,-1.603540797374466975e-01,-1.629419343410496573e-02,-2.077742848615102000e-01,7.139352800847849345e-02,-4.288549147843191411e-01,1.000000000000010214e+00,4.671963073640195141e-02,4.966516301816641943e-01,2.134543012541962326e-01,3.222757905008848400e-01,2.143888372411946186e-01,2.707225442810727856e-01,2.147041234933388387e-01,3.089330843568360851e-01,2.271525711761196165e-01,4.361040048461586327e-01,1.536602837828168755e-01,6.668696890910812414e-01,-2.077742881006952591e-01,6.489678036370406800e-02,4.671963073640195141e-02,1.000000000000010214e+00,-2.691080742858438235e-01,3.418455836915806345e-01,-1.695396307607306974e-01,3.355511740143698463e-01,-1.754958148636877047e-01,3.389746276965296956e-01,-1.321315902774260476e-01,2.945333651123546725e-01,-1.577026851411399491e-02,1.833271543396123027e-01,1.536602833495952225e-01,-1.629420122629455028e-02,-2.148157365527013085e-01,4.966516301816641943e-01,-2.691080742858438235e-01,1.000000000000010214e+00,-1.477965325044557354e-01,4.188850237234786889e-01,-9.364624372590835133e-02,3.606082143481655344e-01,-9.409228086548707126e-02,3.571481277043552227e-01,-4.566066759887267568e-02,3.739614275338432603e-01,-1.577026395360929187e-02,4.361040162878200288e-01,-1.603540801658704940e-01,-6.317587758273556300e-03,2.134543012541962326e-01,3.418455836915806345e-01,-1.477965325044557354e-01,1.000000000000010214e+00,-3.302243143790588031e-01,5.106076837174897687e-01,-2.885573392663273173e-01,5.170003215743057545e-01,-2.286988551479220144e-01,4.615101471112730280e-01,-4.566067871725285054e-02,2.945333749849516347e-01,2.271525789805334816e-01,-1.803371657610254933e-02,-1.522145033848184836e-01,3.222757905008848400e-01,-1.695396307607306974e-01,4.188850237234786889e-01,-3.302243143790588031e-01,1.000000000000010214e+00,-3.273691749483099711e-01,4.456927723872427527e-01,-2.934857302680132785e-01,4.101610179822208213e-01,-2.286988586628332376e-01,3.571481288329094728e-01,-1.321315971003979017e-01,3.089330808608026779e-01,-1.394714129076367326e-01,-2.441602394370093188e-03,2.143888372411946186e-01,3.355511740143698463e-01,-9.364624372590835133e-02,5.106076837174897687e-01,-3.273691749483099711e-01,1.000000000000010214e+00,-3.863902006436603642e-01,5.667433573264163416e-01,-2.934857375856108619e-01,5.170003271188735594e-01,-9.409230611635027719e-02,3.389746437175353844e-01,2.147041244310590735e-01,-2.543299069955970437e-03,-1.356754971566331291e-01,2.707225442810727856e-01,-1.754958148636877047e-01,3.606082143481655344e-01,-2.885573392663273173e-01,4.456927723872427527e-01,-3.863902006436603642e-01,1.000000000000010214e+00,-3.863901912306378361e-01,4.456927735937475377e-01,-2.885573418682874647e-01,3.606082227293607168e-01,-1.754958254594438383e-01,2.707225407022992303e-01,-1.356754849196635249e-01,-2.543284747712440397e-03,2.147041234933388387e-01,3.389746276965296956e-01,-9.409228086548707126e-02,5.170003215743057545e-01,-2.934857302680132785e-01,5.667433573264163416e-01,-3.863901912306378361e-01,1.000000000000010214e+00,-3.273691642262241963e-01,5.106076849282465968e-01,-9.364624935191610822e-02,3.355511837786221419e-01,2.143888571004863852e-01,-2.441625124451906464e-03,-1.394714229546784867e-01,3.089330843568360851e-01,-1.321315902774260476e-01,3.571481277043552227e-01,-2.286988551479220144e-01,4.101610179822208213e-01,-2.934857375856108619e-01,4.456927735937475377e-01,-3.273691642262241963e-01,1.000000000000010214e+00,-3.302243121817398652e-01,4.188850282283693716e-01,-1.695396349818096837e-01,3.222757860439184330e-01,-1.522144902219207396e-01,-1.803370108885210196e-02,2.271525711761196165e-01,2.945333651123546725e-01,-4.566066759887267568e-02,4.615101471112730280e-01,-2.286988586628332376e-01,5.170003271188735594e-01,-2.885573418682874647e-01,5.106076849282465968e-01,-3.302243121817398652e-01,1.000000000000010214e+00,-1.477965432698621906e-01,3.418455913222383513e-01,2.134543126445083705e-01,-6.317605370570865235e-03,-1.603540797374466975e-01,4.361040048461586327e-01,-1.577026851411399491e-02,3.739614275338432603e-01,-4.566067871725285054e-02,3.571481288329094728e-01,-9.409230611635027719e-02,3.606082227293607168e-01,-9.364624935191610822e-02,4.188850282283693716e-01,-1.477965432698621906e-01,1.000000000000010214e+00,-2.691080793037291530e-01,4.966516158136978221e-01,-2.148157244146155498e-01,-1.629419343410496573e-02,1.536602837828168755e-01,1.833271543396123027e-01,-1.577026395360929187e-02,2.945333749849516347e-01,-1.321315971003979017e-01,3.389746437175353844e-01,-1.754958254594438383e-01,3.355511837786221419e-01,-1.695396349818096837e-01,3.418455913222383513e-01,-2.691080793037291530e-01,1.000000000000010214e+00,4.671964522370798678e-02,6.489676654896046892e-02,-2.077742848615102000e-01,6.668696890910812414e-01,1.536602833495952225e-01,4.361040162878200288e-01,2.271525789805334816e-01,3.089330808608026779e-01,2.147041244310590735e-01,2.707225407022992303e-01,2.143888571004863852e-01,3.222757860439184330e-01,2.134543126445083705e-01,4.966516158136978221e-01,4.671964522370798678e-02,1.000000000000010214e+00,-4.288549145573139487e-01,7.139352800847849345e-02,-2.077742881006952591e-01,-1.629420122629455028e-02,-1.603540801658704940e-01,-1.803371657610254933e-02,-1.394714129076367326e-01,-2.543299069955970437e-03,-1.356754849196635249e-01,-2.441625124451906464e-03,-1.522144902219207396e-01,-6.317605370570865235e-03,-2.148157244146155498e-01,6.489676654896046892e-02,-4.288549145573139487e-01,1.000000000000010214e+00
9.999999999999982236e-01,-4.358319851681400348e-01,6.455441744656870151e-02,-2.195065437467987324e-01,-9.412685091619439962e-03,-1.534130775182872275e-01,-6.586259805861804928e-03,-1.353990822586323417e-01,-6.795631054880837615e-03,-1.400427906970760639e-01,-2.162280024157826191e-02,-1.638998414161275397e-01,-1.742132109867917597e-02,-2.155026941548287556e-01,7.560566684734223997e-02,-4.358319851681400348e-01,9.999999999999982236e-01,4.260419195831958300e-02,4.971583820627294426e-01,2.134871304377608525e-01,3.181613166398211123e-01,2.169350174041015933e-01,2.645569495899328105e-01,2.173594597520084881e-01,3.042320890124372013e-01,2.276188750754917778e-01,4.356999775939303099e-01,1.495788519815424988e-01,6.702372824781801519e-01,-2.155026970604229097e-01,6.455441744656870151e-02,4.260419195831958300e-02,9.999999999999982236e-01,-2.764146935150210149e-01,3.419790233466380447e-01,-1.750714704568875346e-01,3.357503870736446294e-01,-1.796448995153143713e-01,3.389970454065924232e-01,-1.354019420357323034e-01,2.932163166231298579e-01,-1.853350354833983860e-02,1.804898803748765101e-01,1.495788515128873009e-01,-1.742132782419719347e-02,-2.195065437467987324e-01,4.971583820627294426e-01,-2.764146935150210149e-01,9.999999999999982236e-01,-1.499795652882663366e-01,4.176448967786043354e-01,-9.429350935317187821e-02,3.567643514845101893e-01,-9.436789143664947588e-02,3.532121564590565699e-01,-4.667715805873885737e-02,3.717733408511751936e-01,-1.853349963785794891e-02,4.356999877460393522e-01,-1.638998420569059422e-01,-9.412685091619439962e-03,2.134871304377608525e-01,3.419790233466380447e-01,-1.499795652882663366e-01,9.999999999999982236e-01,-3.369926787505407861e-01,5.150725949473382581e-01,-2.943522193513374852e-01,5.216831502878528370e-01,-2.325939924760012656e-01,4.641370725977618239e-01,-4.667716740065622205e-02,2.932163252998252756e-01,2.276188825996863785e-01,-2.162281430660719164e-02,-1.534130775182872275e-01,3.181613166398211123e-01,-1.750714704568875346e-01,4.176448967786043354e-01,-3.369926787505407861e-01,9.999999999999982236e-01,-3.314517691763158580e-01,4.441531753964214624e-01,-2.976286427133902346e-01,4.069818128453932538e-01,-2.325939960060829925e-01,3.532121573155943550e-01,-1.354019480158737410e-01,3.042320856087192826e-01,-1.400427815893791339e-01,-6.586259805861804928e-03,2.169350174041015933e-01,3.357503870736446294e-01,-9.429350935317187821e-02,5.150725949473382581e-01,-3.314517691763158580e-01,9.999999999999982236e-01,-3.922784903931489375e-01,5.731436828486993207e-01,-2.976286487010297854e-01,5.216831552035490205e-01,-9.436791348112233413e-02,3.389970596090030597e-01,2.173594610613578393e-01,-6.795644111052046021e-03,-1.353990822586323417e-01,2.645569495899328105e-01,-1.796448995153143713e-01,3.567643514845101893e-01,-2.943522193513374852e-01,4.441531753964214624e-01,-3.922784903931489375e-01,9.999999999999982236e-01,-3.922784823038963364e-01,4.441531763221164830e-01,-2.943522218830823545e-01,3.567643589163474460e-01,-1.796449087626079411e-01,2.645569461384794652e-01,-1.353990710126488084e-01,-6.795631054880837615e-03,2.173594597520084881e-01,3.389970454065924232e-01,-9.436789143664947588e-02,5.216831502878528370e-01,-2.976286427133902346e-01,5.731436828486993207e-01,-3.922784823038963364e-01,9.999999999999982236e-01,-3.314517596183694792e-01,5.150725960194142417e-01,-9.429351459022240756e-02,3.357503957337761857e-01,2.169350350163936625e-01,-6.586280248470204393e-03,-1.400427906970760639e-01,3.042320890124372013e-01,-1.354019420357323034e-01,3.532121564590565699e-01,-2.325939924760012656e-01,4.069818128453932538e-01,-2.976286487010297854e-01,4.441531763221164830e-01,-3.314517596183694792e-01,9.999999999999982236e-01,-3.369926770919780545e-01,4.176449012433511854e-01,-1.750714742136046664e-01,3.181613128190664552e-01,-1.534130657080406412e-01,-2.162280024157826191e-02,2.276188750754917778e-01,2.932163166231298579e-01,-4.667715805873885737e-02,4.641370725977618239e-01,-2.325939960060829925e-01,5.216831552035490205e-01,-2.943522218830823545e-01,5.150725960194142417e-01,-3.369926770919780545e-01,9.999999999999982236e-01,-1.499795751263242605e-01,3.419790297886187158e-01,2.134871402864891299e-01,-9.412700928070612955e-03,-1.638998414161275397e-01,4.356999775939303099e-01,-1.853350354833983860e-02,3.717733408511751936e-01,-4.667716740065622205e-02,3.532121573155943550e-01,-9.436791348112233413e-02,3.567643589163474460e-01,-9.429351459022240756e-02,4.176449012433511854e-01,-1.499795751263242605e-01,9.999999999999982236e-01,-2.764146977458048493e-01,4.971583694727192415e-01,-2.195065327990264326e-01,-1.742132109867917597e-02,1.495788519815424988e-01,1.804898803748765101e-01,-1.853349963785794891e-02,2.932163252998252756e-01,-1.354019480158737410e-01,3.389970596090030597e-01,-1.796449087626079411e-01,3.357503957337761857e-01,-1.750714742136046664e-01,3.419790297886187158e-01,-2.764146977458048493e-01,9.999999999999982236e-01,4.260420490760224999e-02,6.455440493292517734e-02,-2.155026941548287556e-01,6.702372824781801519e-01,1.495788515128873009e-01,4.356999877460393522e-01,2.276188825996863785e-01,3.042320856087192826e-01,2.173594610613578393e-01,2.645569461384794652e-01,2.169350350163936625e-01,3.181613128190664552e-01,2.134871402864891299e-01,4.971583694727192415e-01,4.260420490760224999e-02,9.999999999999982236e-01,-4.358319849174731031e-01,7.560566684734223997e-02,-2.155026970604229097e-01,-1.742132782419719347e-02,-1.638998420569059422e-01,-2.162281430660719164e-02,-1.400427815893791339e-01,-6.795644111052046021e-03,-1.353990710126488084e-01,-6.586280248470204393e-03,-1.534130657080406412e-01,-9.412700928070612955e-03,-2.195065327990264326e-01,6.455440493292517734e-02,-4.358319849174731031e-01,9.999999999999982236e-01
