1.000000000000003553e+00,-5.056103439068406757e-01,2.965609287876334599e-01,-2.735166596724252219e-01,1.069541389826569877e-01,-5.384402416007307013e-02,-2.016341197433858812e-01,2.599415289919716487e-01,-3.182916268306687502e-01,1.199469283462126085e-01,-1.857360553521668067e-01,-5.056103439068406757e-01,1.000000000000003553e+00,-1.607380254024077526e-01,3.762244871354877840e-01,1.486932595770094068e-01,3.080829889330887750e-01,4.107166509625735928e-01,-8.386467552703943951e-02,3.922894475276378357e-01,1.791684037838584820e-01,1.199469274977199851e-01,2.965609287876334599e-01,-1.607380254024077526e-01,1.000000000000003553e+00,-4.474847395066100519e-01,3.961417820101327814e-01,1.282546153775236120e-01,-1.521881657284249734e-01,5.237751930764151798e-01,-4.648242061249800994e-01,3.922894501737427819e-01,-3.182916262240178540e-01,-2.735166596724252219e-01,3.762244871354877840e-01,-4.474847395066100519e-01,1.000000000000003553e+00,-2.266126631708395012e-01,1.977756320183939320e-01,3.511341036468373367e-01,-3.461197858545075889e-01,5.237751934987808777e-01,-8.386467976513127531e-02,2.599415284138442694e-01,1.069541389826569877e-01,1.486932595770094068e-01,3.961417820101327814e-01,-2.266126631708395012e-01,1.000000000000003553e+00,-1.447395456669528513e-02,1.353443914002671333e-01,3.511341056934602078e-01,-1.521881695271961321e-01,4.107166588760924331e-01,-2.016341251827439840e-01,-5.384402416007307013e-02,3.080829889330887750e-01,1.282546153775236120e-01,1.977756320183939320e-01,-1.447395456669528513e-02,1.000000000000003553e+00,-1.447395799858422483e-02,1.977756362169360294e-01,1.282546139006447983e-01,3.080829858613448602e-01,-5.384402232098578489e-02,-2.016341197433858812e-01,4.107166509625735928e-01,-1.521881657284249734e-01,3.511341036468373367e-01,1.353443914002671333e-01,-1.447395799858422483e-02,1.000000000000003553e+00,-2.266126616614260181e-01,3.961417777616589309e-01,1.486932614145506371e-01,1.069541353259636784e-01,2.599415289919716487e-01,-8.386467552703943951e-02,5.237751930764151798e-01,-3.461197858545075889e-01,3.511341056934602078e-01,1.977756362169360294e-01,-2.266126616614260181e-01,1.000000000000003553e+00,-4.474847379845638962e-01,3.762244869605621544e-01,-2.735166563314210264e-01,-3.182916268306687502e-01,3.922894475276378357e-01,-4.648242061249800994e-01,5.237751934987808777e-01,-1.521881695271961321e-01,1.282546139006447983e-01,3.961417777616589309e-01,-4.474847379845638962e-01,1.000000000000003553e+00,-1.607380272645591024e-01,2.965609273406064617e-01,1.199469283462126085e-01,1.791684037838584820e-01,3.922894501737427819e-01,-8.386467976513127531e-02,4.107166588760924331e-01,3.080829858613448602e-01,1.486932614145506371e-01,3.762244869605621544e-01,-1.607380272645591024e-01,1.000000000000003553e+00,-5.056103440998261922e-01,-1.857360553521668067e-01,1.199469274977199851e-01,-3.182916262240178540e-01,2.599415284138442694e-01,-2.016341251827439840e-01,-5.384402232098578489e-02,1.069541353259636784e-01,-2.735166563314210264e-01,2.965609273406064617e-01,-5.056103440998261922e-01,1.000000000000003553e+00
1.000000000000001776e+00,-5.988766024578510150e-01,2.673092576642417395e-01,-2.982678091924638175e-01,4.078237595131206650e-02,-1.178946174105113959e-01,-2.592125516219249692e-01,2.205419229341977205e-01,-3.311978782388865783e-01,-8.014002154591873262e-03,-1.020898846209954552e-01,-5.988766024578510150e-01,1.000000000000001776e+00,-1.682062815016287516e-01,3.600312927547673625e-01,1.574082670552151841e-01,3.070661607499429180e-01,4.139393318623733053e-01,-9.040129642434099888e-02,3.660662735818806524e-01,2.717907239742255454e-01,-8.014002669802094969e-03,2.673092576642417395e-01,-1.682062815016287516e-01,1.000000000000001776e+00,-5.514422229164417377e-01,4.188932733864766944e-01,8.942780749756508440e-02,-2.343484381456181209e-01,5.835209095386189038e-01,-5.707163812055253693e-01,3.660662810938428713e-01,-3.311978798526361567e-01,-2.982678091924638175e-01,3.600312927547673625e-01,-5.514422229164417377e-01,1.000000000000001776e+00,-3.047224781430436513e-01,1.690995325357176615e-01,3.628390336340382993e-01,-4.514402992552878913e-01,5.835209135079080234e-01,-9.040131363881601101e-02,2.205419298157686447e-01,4.078237595131206650e-02,1.574082670552151841e-01,4.188932733864766944e-01,-3.047224781430436513e-01,1.000000000000001776e+00,-8.450144760972137792e-02,8.436156851523782252e-02,3.628390379261346999e-01,-2.343484424559577894e-01,4.139393544675478154e-01,-2.592125653287933873e-01,-1.178946174105113959e-01,3.070661607499429180e-01,8.942780749756508440e-02,1.690995325357176615e-01,-8.450144760972137792e-02,1.000000000000001776e+00,-8.450146139024930503e-02,1.690995498966319788e-01,8.942780551556579749e-02,3.070661525377110235e-01,-1.178946094647415760e-01,-2.592125516219249692e-01,4.139393318623733053e-01,-2.343484381456181209e-01,3.628390336340382993e-01,8.436156851523782252e-02,-8.450146139024930503e-02,1.000000000000001776e+00,-3.047224758963447133e-01,4.188932612031113223e-01,1.574082680777576793e-01,4.078236988943276242e-02,2.205419229341977205e-01,-9.040129642434099888e-02,5.835209095386189038e-01,-4.514402992552878913e-01,3.628390379261346999e-01,1.690995498966319788e-01,-3.047224758963447133e-01,1.000000000000001776e+00,-5.514422105170514454e-01,3.600312905256821683e-01,-2.982677970242909593e-01,-3.311978782388865783e-01,3.660662735818806524e-01,-5.707163812055253693e-01,5.835209135079080234e-01,-2.343484424559577894e-01,8.942780551556579749e-02,4.188932612031113223e-01,-5.514422105170514454e-01,1.000000000000001776e+00,-1.682062858972316888e-01,2.673092571855587574e-01,-8.014002154591873262e-03,2.717907239742255454e-01,3.660662810938428713e-01,-9.040131363881601101e-02,4.139393544675478154e-01,3.070661525377110235e-01,1.574082680777576793e-01,3.600312905256821683e-01,-1.682062858972316888e-01,1.000000000000001776e+00,-5.988766012208752709e-01,-1.020898846209954552e-01,-8.014002669802094969e-03,-3.311978798526361567e-01,2.205419298157686447e-01,-2.592125653287933873e-01,-1.178946094647415760e-01,4.078236988943276242e-02,-2.982677970242909593e-01,2.673092571855587574e-01,-5.988766012208752709e-01,1.000000000000001776e+00
1.000000000000003775e+00,-6.778173173386814465e-01,2.407357349750866016e-01,-3.033332767804076124e-01,-1.699905768244433513e-02,-1.637317897206908290e-01,-2.992737080165354668e-01,1.854650415138988095e-01,-3.222037273395489398e-01,-1.336773011211558615e-01,5.756320389097529036e-03,-6.778173173386814465e-01,1.000000000000003775e+00,-1.681151663681056396e-01,3.383577960434094312e-01,1.707715602669985788e-01,3.031526495558415357e-01,4.140287794626162921e-01,-8.867712032680000189e-02,3.329792509945977974e-01,3.603087026474475763e-01,-1.336773001826322138e-01,2.407357349750866016e-01,-1.681151663681056396e-01,1.000000000000003775e+00,-6.352184079137268569e-01,4.420767423121537698e-01,6.013841705025932405e-02,-3.010131293507763983e-01,6.403841327821249152e-01,-6.553175105790947086e-01,3.329792435248230542e-01,-3.222037206558856504e-01,-3.033332767804076124e-01,3.383577960434094312e-01,-6.352184079137268569e-01,1.000000000000003775e+00,-3.651746844848527962e-01,1.467162543644584538e-01,3.798065277931299555e-01,-5.365841821716418325e-01,6.403841286714805348e-01,-8.867710798539861494e-02,1.854650328969460193e-01,-1.699905768244433513e-02,1.707715602669985788e-01,4.420767423121537698e-01,-3.651746844848527962e-01,1.000000000000003775e+00,-1.427773520720826694e-01,4.157635135028184270e-02,3.798065223866690099e-01,-3.010131214769692365e-01,4.140287613782628329e-01,-2.992736913119702358e-01,-1.637317897206908290e-01,3.031526495558415357e-01,6.013841705025932405e-02,1.467162543644584538e-01,-1.427773520720826694e-01,1.000000000000003775e+00,-1.427773416654029570e-01,1.467162437998180691e-01,6.013842114889535878e-02,3.031526560096971523e-01,-1.637317954246839957e-01,-2.992737080165354668e-01,4.140287794626162921e-01,-3.010131293507763983e-01,3.798065277931299555e-01,4.157635135028184270e-02,-1.427773416654029570e-01,1.000000000000003775e+00,-3.651746873204631538e-01,4.420767513750277766e-01,1.707715590218796264e-01,-1.699905507037938190e-02,1.854650415138988095e-01,-8.867712032680000189e-02,6.403841327821249152e-01,-5.365841821716418325e-01,3.798065223866690099e-01,1.467162437998180691e-01,-3.651746873204631538e-01,1.000000000000003775e+00,-6.352184142913078757e-01,3.383577961048759852e-01,-3.033332805560700063e-01,-3.222037273395489398e-01,3.329792509945977974e-01,-6.553175105790947086e-01,6.403841286714805348e-01,-3.010131214769692365e-01,6.013842114889535878e-02,4.420767513750277766e-01,-6.352184142913078757e-01,1.000000000000003775e+00,-1.681151619910664918e-01,2.407357301479889355e-01,-1.336773011211558615e-01,3.603087026474475763e-01,3.329792435248230542e-01,-8.867710798539861494e-02,4.140287613782628329e-01,3.031526560096971523e-01,1.707715590218796264e-01,3.383577961048759852e-01,-1.681151619910664918e-01,1.000000000000003775e+00,-6.778173174300419213e-01,5.756320389097529036e-03,-1.336773001826322138e-01,-3.222037206558856504e-01,1.854650328969460193e-01,-2.992736913119702358e-01,-1.637317954246839957e-01,-1.699905507037938190e-02,-3.033332805560700063e-01,2.407357301479889355e-01,-6.778173174300419213e-01,1.000000000000003775e+00
