9.999999999999990008e-01,3.634370226549222815e-01,4.568500058235426264e-01,4.328846174743529174e-01,4.787361439176659461e-01,4.118248303494872475e-01,4.172597189000368800e-01,3.400114352286381370e-01,3.634370226549222815e-01,9.999999999999990008e-01,4.352844269040556657e-01,4.972945955997082890e-01,4.568229841035161831e-01,4.814418813335367142e-01,3.879793607362145291e-01,4.172597188665475576e-01,4.568500058235426264e-01,4.352844269040556657e-01,9.999999999999990008e-01,5.037333727360255864e-01,5.410610274156715249e-01,4.834287751479654505e-01,4.814418813468642755e-01,4.118248303609910455e-01,4.328846174743529174e-01,4.972945955997082890e-01,5.037333727360255864e-01,9.999999999999990008e-01,5.245322672752398274e-01,5.410610274418521382e-01,4.568229841611049502e-01,4.787361437761640248e-01,4.787361439176659461e-01,4.568229841035161831e-01,5.410610274156715249e-01,5.245322672752398274e-01,9.999999999999990008e-01,5.037333726874456685e-01,4.972945955866865941e-01,4.328846174559349835e-01,4.118248303494872475e-01,4.814418813335367142e-01,4.834287751479654505e-01,5.410610274418521382e-01,5.037333726874456685e-01,9.999999999999990008e-01,4.352844269209984462e-01,4.568500058157009547e-01,4.172597189000368800e-01,3.879793607362145291e-01,4.814418813468642755e-01,4.568229841611049502e-01,4.972945955866865941e-01,4.352844269209984462e-01,9.999999999999990008e-01,3.634370226840255014e-01,3.400114352286381370e-01,4.172597188665475576e-01,4.118248303609910455e-01,4.787361437761640248e-01,4.328846174559349835e-01,4.568500058157009547e-01,3.634370226840255014e-01,9.999999999999990008e-01
9.999999999999978906e-01,3.607289964838675811e-01,4.560904607774296515e-01,4.302377311543563732e-01,4.779974009290597348e-01,4.092208068887279726e-01,4.168230548886571185e-01,3.373778094766457514e-01,3.607289964838675811e-01,9.999999999999978906e-01,4.326222655639344605e-01,4.962629739810359708e-01,4.541553602015615532e-01,4.806902595887165841e-01,3.852954557238011946e-01,4.168230548233615718e-01,4.560904607774296515e-01,4.326222655639344605e-01,9.999999999999978906e-01,5.010636509137944561e-01,5.399214247596728633e-01,4.808583162237228814e-01,4.806902596087328505e-01,4.092208068989658942e-01,4.302377311543563732e-01,4.962629739810359708e-01,5.010636509137944561e-01,9.999999999999978906e-01,5.218043871632892516e-01,5.399214247861665594e-01,4.541553603045488385e-01,4.779974007033742089e-01,4.779974009290597348e-01,4.541553602015615532e-01,5.399214247596728633e-01,5.218043871632892516e-01,9.999999999999978906e-01,5.010636508338766060e-01,4.962629739603441892e-01,4.302377311127094650e-01,4.092208068887279726e-01,4.806902595887165841e-01,4.808583162237228814e-01,5.399214247861665594e-01,5.010636508338766060e-01,9.999999999999978906e-01,4.326222655924542027e-01,4.560904607613552320e-01,4.168230548886571185e-01,3.852954557238011946e-01,4.806902596087328505e-01,4.541553603045488385e-01,4.962629739603441892e-01,4.326222655924542027e-01,9.999999999999978906e-01,3.607289965314288693e-01,3.373778094766457514e-01,4.168230548233615718e-01,4.092208068989658942e-01,4.779974007033742089e-01,4.302377311127094650e-01,4.560904607613552320e-01,3.607289965314288693e-01,9.999999999999978906e-01
1.000000000000000444e+00,3.579074422480911788e-01,4.553046824589240815e-01,4.274390278750582750e-01,4.772220523326645147e-01,4.064810281387127300e-01,4.164066562223590617e-01,3.346518494347150430e-01,3.579074422480911788e-01,1.000000000000000444e+00,4.298059708231105613e-01,4.951627548811639024e-01,4.513210291982529543e-01,4.798979964974930401e-01,3.824875268002568829e-01,4.164066561797380439e-01,4.553046824589240815e-01,4.298059708231105613e-01,1.000000000000000444e+00,4.981954808521634193e-01,5.386793152332258749e-01,4.781105504147813434e-01,4.798979965287353266e-01,4.064810281439102946e-01,4.274390278750582750e-01,4.951627548811639024e-01,4.981954808521634193e-01,1.000000000000000444e+00,5.188609383808360231e-01,5.386793152864063350e-01,4.513210292913797383e-01,4.772220521249354031e-01,4.772220523326645147e-01,4.513210291982529543e-01,5.386793152332258749e-01,5.188609383808360231e-01,1.000000000000000444e+00,4.981954807804254703e-01,4.951627548614015994e-01,4.274390278418735978e-01,4.064810281387127300e-01,4.798979964974930401e-01,4.781105504147813434e-01,5.386793152864063350e-01,4.981954807804254703e-01,1.000000000000000444e+00,4.298059708573680471e-01,4.553046824489731526e-01,4.164066562223590617e-01,3.824875268002568829e-01,4.798979965287353266e-01,4.513210292913797383e-01,4.951627548614015994e-01,4.298059708573680471e-01,1.000000000000000444e+00,3.579074422914289011e-01,3.346518494347150430e-01,4.164066561797380439e-01,4.064810281439102946e-01,4.772220521249354031e-01,4.274390278418735978e-01,4.553046824489731526e-01,3.579074422914289011e-01,1.000000000000000444e+00
1.000000000000002220e+00,3.549658835641076315e-01,4.544916594738788174e-01,4.244773968973883371e-01,4.764079043687156623e-01,4.035961774639377775e-01,4.160136027497026712e-01,3.318292402247136619e-01,3.549658835641076315e-01,1.000000000000002220e+00,4.268245262686409802e-01,4.939892379949367140e-01,4.483075492603725842e-01,4.790625760323746762e-01,3.795483221079067881e-01,4.160136026867525816e-01,4.544916594738788174e-01,4.268245262686409802e-01,1.000000000000002220e+00,4.951125588370116626e-01,5.373265527855173307e-01,4.751714837855556262e-01,4.790625760820080847e-01,4.035961774657709222e-01,4.244773968973883371e-01,4.939892379949367140e-01,4.951125588370116626e-01,1.000000000000002220e+00,5.156837476996477543e-01,5.373265528399576718e-01,4.483075493775137699e-01,4.764079041057110997e-01,4.764079043687156623e-01,4.483075492603725842e-01,5.373265527855173307e-01,5.156837476996477543e-01,1.000000000000002220e+00,4.951125587452258059e-01,4.939892379730648209e-01,4.244773968558530064e-01,4.035961774639377775e-01,4.790625760323746762e-01,4.751714837855556262e-01,5.373265528399576718e-01,4.951125587452258059e-01,1.000000000000002220e+00,4.268245263112444565e-01,4.544916594540682753e-01,4.160136027497026712e-01,3.795483221079067881e-01,4.790625760820080847e-01,4.483075493775137699e-01,4.939892379730648209e-01,4.268245263112444565e-01,1.000000000000002220e+00,3.549658836184673705e-01,3.318292402247136619e-01,4.160136026867525816e-01,4.035961774657709222e-01,4.764079041057110997e-01,4.244773968558530064e-01,4.544916594540682753e-01,3.549658836184673705e-01,1.000000000000002220e+00
9.999999999999967804e-01,3.518973829416008892e-01,4.536503554265720606e-01,4.213407673660142239e-01,4.755526217575422598e-01,4.005561720625032684e-01,4.156472505532906592e-01,3.289053939754604805e-01,3.518973829416008892e-01,9.999999999999967804e-01,4.236660395346460994e-01,4.927374418585531712e-01,4.451014506349206812e-01,4.781813425155564401e-01,3.764701496274289738e-01,4.156472505104103488e-01,4.536503554265720606e-01,4.236660395346460994e-01,9.999999999999967804e-01,4.917971184059552470e-01,5.358544010463748286e-01,4.720259089387537910e-01,4.781813425689506181e-01,4.005561720566701567e-01,4.213407673660142239e-01,4.927374418585531712e-01,4.917971184059552470e-01,9.999999999999967804e-01,5.122529809817848445e-01,5.358544011188329792e-01,4.451014507248508001e-01,4.755526215547984381e-01,4.755526217575422598e-01,4.451014506349206812e-01,5.358544010463748286e-01,5.122529809817848445e-01,9.999999999999967804e-01,4.917971183386665723e-01,4.927374418470666373e-01,4.213407673345400672e-01,4.005561720625032684e-01,4.781813425155564401e-01,4.720259089387537910e-01,5.358544011188329792e-01,4.917971183386665723e-01,9.999999999999967804e-01,4.236660395765082798e-01,4.536503554086903645e-01,4.156472505532906592e-01,3.764701496274289738e-01,4.781813425689506181e-01,4.451014507248508001e-01,4.927374418470666373e-01,4.236660395765082798e-01,9.999999999999967804e-01,3.518973829788666352e-01,3.289053939754604805e-01,4.156472505104103488e-01,4.005561720566701567e-01,4.755526215547984381e-01,4.213407673345400672e-01,4.536503554086903645e-01,3.518973829788666352e-01,9.999999999999967804e-01
1.000000000000003109e+00,3.486945002897564594e-01,4.527797105229596220e-01,4.180160163372095283e-01,4.746537198073028097e-01,3.973500924251230915e-01,4.153112422854297048e-01,3.258754191116938759e-01,3.486945002897564594e-01,1.000000000000003109e+00,4.203176749656307165e-01,4.914021028726750506e-01,4.416881513251381675e-01,4.772515008907304845e-01,3.732448610237573128e-01,4.153112422312414953e-01,4.527797105229596220e-01,4.203176749656307165e-01,1.000000000000003109e+00,4.882297977509605369e-01,5.342535110071570115e-01,4.686572994599442765e-01,4.772515009691725707e-01,3.973500924158052672e-01,4.180160163372095283e-01,4.914021028726750506e-01,4.882297977509605369e-01,1.000000000000003109e+00,5.085469890288738526e-01,5.342535110769421891e-01,4.416881514181221213e-01,4.746537195856820324e-01,4.746537198073028097e-01,4.416881513251381675e-01,5.342535110071570115e-01,5.085469890288738526e-01,1.000000000000003109e+00,4.882297976817607799e-01,4.914021028714289363e-01,4.180160163138713081e-01,3.973500924251230915e-01,4.772515008907304845e-01,4.686572994599442765e-01,5.342535110769421891e-01,4.882297976817607799e-01,1.000000000000003109e+00,4.203176750109284265e-01,4.527797104844289988e-01,4.153112422854297048e-01,3.732448610237573128e-01,4.772515009691725707e-01,4.416881514181221213e-01,4.914021028714289363e-01,4.203176750109284265e-01,1.000000000000003109e+00,3.486945003309289692e-01,3.258754191116938759e-01,4.153112422312414953e-01,3.973500924158052672e-01,4.746537195856820324e-01,4.180160163138713081e-01,4.527797104844289988e-01,3.486945003309289692e-01,1.000000000000003109e+00
9.999999999999977796e-01,3.453492481411543080e-01,4.518786435929607048e-01,4.144888686353185303e-01,4.737085555090450040e-01,3.939661056036505293e-01,4.150095134670387931e-01,3.227340853711944679e-01,3.453492481411543080e-01,9.999999999999977796e-01,4.167655835375749795e-01,4.899776793513263007e-01,4.380518688553871609e-01,4.762701197451956747e-01,3.698638398378565340e-01,4.150095134314569778e-01,4.518786435929607048e-01,4.167655835375749795e-01,9.999999999999977796e-01,4.843894962299619689e-01,5.325139040631671206e-01,4.650476960612734412e-01,4.762701198408192949e-01,3.939661055859864924e-01,4.144888686353185303e-01,4.899776793513263007e-01,4.843894962299619689e-01,9.999999999999977796e-01,5.045421408734949154e-01,5.325139040885481512e-01,4.380518689330697990e-01,4.737085553247869507e-01,4.737085555090450040e-01,4.380518688553871609e-01,5.325139040631671206e-01,5.045421408734949154e-01,9.999999999999977796e-01,4.843894961829706691e-01,4.899776793546437026e-01,4.144888685982929255e-01,3.939661056036505293e-01,4.762701197451956747e-01,4.650476960612734412e-01,5.325139040885481512e-01,4.843894961829706691e-01,9.999999999999977796e-01,4.167655835797163810e-01,4.518786435610535612e-01,4.150095134670387931e-01,3.698638398378565340e-01,4.762701198408192949e-01,4.380518689330697990e-01,4.899776793546437026e-01,4.167655835797163810e-01,9.999999999999977796e-01,3.453492481624625965e-01,3.227340853711944679e-01,4.150095134314569778e-01,3.939661055859864924e-01,4.737085553247869507e-01,4.144888685982929255e-01,4.518786435610535612e-01,3.453492481624625965e-01,9.999999999999977796e-01
1.000000000000001110e+00,3.418530399592046298e-01,4.509460538817259834e-01,4.107437866044073571e-01,4.727143189187974492e-01,3.903913809689185110e-01,4.147462932488973353e-01,3.194757801739647185e-01,3.418530399592046298e-01,1.000000000000001110e+00,4.129948302107186442e-01,4.884583622723187024e-01,4.341755270797014732e-01,4.752341376445927690e-01,3.663179932260269833e-01,4.147462931663774000e-01,4.509460538817259834e-01,4.129948302107186442e-01,1.000000000000001110e+00,4.802532214125562193e-01,5.306249629789889788e-01,4.611775859988701542e-01,4.752341377250814958e-01,3.903913809618977382e-01,4.107437866044073571e-01,4.884583622723187024e-01,4.802532214125562193e-01,1.000000000000001110e+00,5.002126448955004356e-01,5.306249629102455234e-01,4.341755270911462627e-01,4.727143188305110710e-01,4.727143189187974492e-01,4.341755270797014732e-01,5.306249629789889788e-01,5.002126448955004356e-01,1.000000000000001110e+00,4.802532214079736628e-01,4.884583623490184046e-01,4.107437865911173214e-01,3.903913809689185110e-01,4.752341376445927690e-01,4.611775859988701542e-01,5.306249629102455234e-01,4.802532214079736628e-01,1.000000000000001110e+00,4.129948302180018183e-01,4.509460538036215160e-01,4.147462932488973353e-01,3.663179932260269833e-01,4.752341377250814958e-01,4.341755270911462627e-01,4.884583623490184046e-01,4.129948302180018183e-01,1.000000000000001110e+00,3.418530399581415358e-01,3.194757801739647185e-01,4.147462931663774000e-01,3.903913809618977382e-01,4.727143188305110710e-01,4.107437865911173214e-01,4.509460538036215160e-01,3.418530399581415358e-01,1.000000000000001110e+00
1.000000000000000888e+00,3.381966325854410815e-01,4.499808226498034358e-01,4.067638501827502973e-01,4.716680243881045120e-01,3.866119983569349383e-01,4.145260972711753977e-01,3.160944563915947247e-01,3.381966325854410815e-01,1.000000000000000888e+00,4.089893198916116357e-01,4.868380943074274714e-01,4.300406598095167787e-01,4.741403735434335243e-01,3.625977505808218870e-01,4.145260971593266452e-01,4.499808226498034358e-01,4.089893198916116357e-01,1.000000000000000888e+00,4.757959258714419271e-01,5.285754338631533100e-01,4.570257748648539065e-01,4.741403736545223846e-01,3.866119983491683731e-01,4.067638501827502973e-01,4.868380943074274714e-01,4.757959258714419271e-01,1.000000000000000888e+00,4.955303576013029287e-01,5.285754337708487016e-01,4.300406598297229488e-01,4.716680242547225399e-01,4.716680243881045120e-01,4.300406598095167787e-01,5.285754338631533100e-01,4.955303576013029287e-01,1.000000000000000888e+00,4.757959258618729148e-01,4.868380944129351295e-01,4.067638501578251797e-01,3.866119983569349383e-01,4.741403735434335243e-01,4.570257748648539065e-01,5.285754337708487016e-01,4.757959258618729148e-01,1.000000000000000888e+00,4.089893199028731274e-01,4.499808225481612967e-01,4.145260972711753977e-01,3.625977505808218870e-01,4.741403736545223846e-01,4.300406598297229488e-01,4.868380944129351295e-01,4.089893199028731274e-01,1.000000000000000888e+00,3.381966325839850240e-01,3.160944563915947247e-01,4.145260971593266452e-01,3.866119983491683731e-01,4.716680242547225399e-01,4.067638501578251797e-01,4.499808225481612967e-01,3.381966325839850240e-01,1.000000000000000888e+00
1.000000000000001110e+00,3.343700612365364533e-01,4.489818144712779402e-01,4.025306265134586114e-01,4.705665008278688277e-01,3.826128484711028843e-01,4.143537103652590314e-01,3.125835695978216311e-01,3.343700612365364533e-01,1.000000000000001110e+00,4.047317233401935832e-01,4.851105998786382489e-01,4.256273121910544299e-01,4.729855430878321387e-01,3.586930702774301372e-01,4.143537102006603634e-01,4.489818144712779402e-01,4.047317233401935832e-01,1.000000000000001110e+00,4.709903346321309137e-01,5.263534425151957796e-01,4.525692520313162603e-01,4.729855432454899145e-01,3.826128484555622045e-01,4.025306265134586114e-01,4.851105998786382489e-01,4.709903346321309137e-01,1.000000000000001110e+00,4.904645805404620473e-01,5.263534423771911719e-01,4.256273122069002546e-01,4.705665006626369995e-01,4.705665008278688277e-01,4.256273121910544299e-01,5.263534425151957796e-01,4.904645805404620473e-01,1.000000000000001110e+00,4.709903346251236300e-01,4.851106000285470010e-01,4.025306264921434396e-01,3.826128484711028843e-01,4.729855430878321387e-01,4.525692520313162603e-01,5.263534423771911719e-01,4.709903346251236300e-01,1.000000000000001110e+00,4.047317233515492774e-01,4.489818143115813509e-01,4.143537103652590314e-01,3.586930702774301372e-01,4.729855432454899145e-01,4.256273122069002546e-01,4.851106000285470010e-01,4.047317233515492774e-01,1.000000000000001110e+00,3.343700612309771225e-01,3.125835695978216311e-01,4.143537102006603634e-01,3.826128484555622045e-01,4.705665006626369995e-01,4.025306264921434396e-01,4.489818143115813509e-01,3.343700612309771225e-01,1.000000000000001110e+00
9.999999999999976685e-01,3.303625643030584369e-01,4.479478771172124008e-01,3.980240280621492044e-01,4.694063827017281310e-01,3.783775239442069838e-01,4.142341550226398272e-01,3.089359995300982042e-01,3.303625643030584369e-01,9.999999999999976685e-01,4.002034043338977276e-01,4.832694285508267185e-01,4.209139409784028452e-01,4.717662812080853918e-01,3.545934570496112048e-01,4.142341547955744607e-01,4.479478771172124008e-01,4.002034043338977276e-01,9.999999999999976685e-01,4.658067649533425003e-01,5.239465299349054250e-01,4.477830506364098295e-01,4.717662814393730475e-01,3.783775239178112648e-01,3.980240280621492044e-01,4.832694285508267185e-01,4.658067649533425003e-01,9.999999999999976685e-01,4.849818470012075555e-01,5.239465297583421055e-01,4.209139410228857070e-01,4.694063824329421930e-01,4.694063827017281310e-01,4.209139409784028452e-01,5.239465299349054250e-01,4.849818470012075555e-01,9.999999999999976685e-01,4.658067649270480337e-01,4.832694287548453538e-01,3.980240280189312196e-01,3.783775239442069838e-01,4.717662812080853918e-01,4.477830506364098295e-01,5.239465297583421055e-01,4.658067649270480337e-01,9.999999999999976685e-01,4.002034043598348134e-01,4.479478768977671610e-01,4.142341550226398272e-01,3.545934570496112048e-01,4.717662814393730475e-01,4.209139410228857070e-01,4.832694287548453538e-01,4.002034043598348134e-01,9.999999999999976685e-01,3.303625643014946878e-01,3.089359995300982042e-01,4.142341547955744607e-01,3.783775239178112648e-01,4.694063824329421930e-01,3.980240280189312196e-01,4.479478768977671610e-01,3.303625643014946878e-01,9.999999999999976685e-01
9.999999999999993339e-01,3.261624979230772770e-01,4.468778400741322820e-01,3.932221599704938120e-01,4.681841000815710752e-01,3.738882019038135551e-01,4.141726419370141965e-01,3.051439551490681135e-01,3.261624979230772770e-01,9.999999999999993339e-01,3.953843507931310564e-01,4.813080152914731569e-01,4.158773167462220810e-01,4.704791732363610701e-01,3.502879937466485405e-01,4.141726416186418680e-01,4.468778400741322820e-01,3.953843507931310564e-01,9.999999999999993339e-01,4.602129394439667953e-01,5.213417127148054497e-01,4.426401032582741868e-01,4.704791735600047931e-01,3.738882018666063178e-01,3.932221599704938120e-01,4.813080152914731569e-01,4.602129394439667953e-01,9.999999999999993339e-01,4.790456998978711578e-01,5.213417124635353339e-01,4.158773168065325043e-01,4.681840997111040847e-01,4.681841000815710752e-01,4.158773167462220810e-01,5.213417127148054497e-01,4.790456998978711578e-01,9.999999999999993339e-01,4.602129394094364723e-01,4.813080155799627224e-01,3.932221599091115793e-01,3.738882019038135551e-01,4.704791732363610701e-01,4.426401032582741868e-01,5.213417124635353339e-01,4.602129394094364723e-01,9.999999999999993339e-01,3.953843508280704411e-01,4.468778397663112356e-01,4.141726419370141965e-01,3.502879937466485405e-01,4.704791735600047931e-01,4.158773168065325043e-01,4.813080155799627224e-01,3.953843508280704411e-01,9.999999999999993339e-01,3.261624979192604967e-01,3.051439551490681135e-01,4.141726416186418680e-01,3.738882018666063178e-01,4.681840997111040847e-01,3.932221599091115793e-01,4.468778397663112356e-01,3.261624979192604967e-01,9.999999999999993339e-01
9.999999999999990008e-01,3.217572365295414683e-01,4.457705101728473007e-01,3.881011561323393089e-01,4.668958687362503301e-01,3.691255168555621635e-01,4.141744968471735566e-01,3.011988567954398399e-01,3.217572365295414683e-01,9.999999999999990008e-01,3.902531125354785635e-01,4.792197613385484889e-01,4.104924304816179870e-01,4.691207960818553069e-01,3.457653907723836628e-01,4.141744964007162411e-01,4.457705101728473007e-01,3.902531125354785635e-01,9.999999999999990008e-01,4.541737959083607667e-01,5.185255751479663777e-01,4.371110957256160168e-01,4.691207965362866328e-01,3.691255168009985876e-01,3.881011561323393089e-01,4.792197613385484889e-01,4.541737959083607667e-01,9.999999999999990008e-01,4.726164641833026092e-01,5.185255747909183199e-01,4.104924305638186777e-01,4.668958682225179957e-01,4.668958687362503301e-01,4.104924304816179870e-01,5.185255751479663777e-01,4.726164641833026092e-01,9.999999999999990008e-01,4.541737958621004934e-01,4.792197617461608772e-01,3.881011560448329178e-01,3.691255168555621635e-01,4.691207960818553069e-01,4.371110957256160168e-01,5.185255747909183199e-01,4.541737958621004934e-01,9.999999999999990008e-01,3.902531125828069825e-01,4.457705097367657410e-01,4.141744968471735566e-01,3.457653907723836628e-01,4.691207965362866328e-01,4.104924305638186777e-01,4.792197617461608772e-01,3.902531125828069825e-01,9.999999999999990008e-01,3.217572365213421381e-01,3.011988567954398399e-01,4.141744964007162411e-01,3.691255168009985876e-01,4.668958682225179957e-01,3.881011560448329178e-01,4.457705097367657410e-01,3.217572365213421381e-01,9.999999999999990008e-01
1.000000000000001332e+00,3.171330575610946667e-01,4.446246630818774803e-01,3.826350051444493694e-01,4.655376790795557884e-01,3.640684243336547166e-01,4.142450570476778893e-01,2.970911917055099050e-01,3.171330575610946667e-01,1.000000000000001332e+00,3.847867496483885486e-01,4.769981404386237633e-01,4.047324092006671092e-01,4.676877719962931890e-01,3.410140584113278139e-01,4.142450570617790540e-01,4.446246630818774803e-01,3.847867496483885486e-01,1.000000000000001332e+00,4.476512972009996649e-01,5.154844013658168578e-01,4.311643214948457925e-01,4.676877720057800447e-01,3.640684243265535636e-01,3.826350051444493694e-01,4.769981404386237633e-01,4.476512972009996649e-01,1.000000000000001332e+00,4.656510178601467320e-01,5.154844013957859961e-01,4.047324092278153929e-01,4.655376790385422625e-01,4.655376790795557884e-01,4.047324092006671092e-01,5.154844013658168578e-01,4.656510178601467320e-01,1.000000000000001332e+00,4.476512971819348596e-01,4.769981404280408399e-01,3.826350051213423531e-01,3.640684243336547166e-01,4.676877719962931890e-01,4.311643214948457925e-01,5.154844013957859961e-01,4.476512971819348596e-01,1.000000000000001332e+00,3.847867496628822881e-01,4.446246630929676646e-01,4.142450570476778893e-01,3.410140584113278139e-01,4.676877720057800447e-01,4.047324092278153929e-01,4.769981404280408399e-01,3.847867496628822881e-01,1.000000000000001332e+00,3.171330575631241544e-01,2.970911917055099050e-01,4.142450570617790540e-01,3.640684243265535636e-01,4.655376790385422625e-01,3.826350051213423531e-01,4.446246630929676646e-01,3.171330575631241544e-01,1.000000000000001332e+00
1.000000000000000888e+00,3.122750059649575527e-01,4.434390304498459501e-01,3.767953670857397963e-01,4.641052861016344844e-01,3.586940551534569810e-01,4.143895312524114027e-01,2.928103349420874135e-01,3.122750059649575527e-01,1.000000000000000888e+00,3.789607961078116372e-01,4.746368339526075841e-01,3.985684453528718363e-01,4.661768354862653729e-01,3.360222073690364297e-01,4.143895312720031754e-01,4.434390304498459501e-01,3.789607961078116372e-01,1.000000000000000888e+00,4.406042467597044432e-01,5.122043591760850889e-01,4.247655406202786588e-01,4.661768355042117395e-01,3.586940551376150976e-01,3.767953670857397963e-01,4.746368339526075841e-01,4.406042467597044432e-01,1.000000000000000888e+00,4.581025677445325073e-01,5.122043592192528916e-01,3.985684453942185956e-01,4.641052860432198779e-01,4.641052861016344844e-01,3.985684453528718363e-01,5.122043591760850889e-01,4.581025677445325073e-01,1.000000000000000888e+00,4.406042467295478993e-01,4.746368339368794431e-01,3.767953670518857656e-01,3.586940551534569810e-01,4.661768354862653729e-01,4.247655406202786588e-01,5.122043592192528916e-01,4.406042467295478993e-01,1.000000000000000888e+00,3.789607961293208760e-01,4.434390304580031472e-01,4.143895312524114027e-01,3.360222073690364297e-01,4.661768355042117395e-01,3.985684453942185956e-01,4.746368339368794431e-01,3.789607961293208760e-01,1.000000000000000888e+00,3.122750059678817136e-01,2.928103349420874135e-01,4.143895312720031754e-01,3.586940551376150976e-01,4.641052860432198779e-01,3.767953670518857656e-01,4.434390304580031472e-01,3.122750059678817136e-01,1.000000000000000888e+00
9.999999999999982236e-01,3.071667348768455374e-01,4.422122764518008342e-01,3.705513837587678383e-01,4.625941950873330155e-01,3.529775608839059164e-01,4.146128090091329987e-01,2.883443298081375117e-01,3.071667348768455374e-01,9.999999999999982236e-01,3.727492449424181231e-01,4.721299043169554510e-01,3.919697478052863726e-01,4.645849201398479789e-01,3.307779846726197626e-01,4.146128090430587498e-01,4.422122764518008342e-01,3.727492449424181231e-01,9.999999999999982236e-01,4.329881161706967685e-01,5.086717441570286491e-01,4.178778476867632818e-01,4.645849201728780020e-01,3.529775608572106038e-01,3.705513837587678383e-01,4.721299043169554510e-01,4.329881161706967685e-01,9.999999999999982236e-01,4.499204380080271126e-01,5.086717442308046344e-01,3.919697478855428407e-01,4.625941949806542386e-01,4.625941950873330155e-01,3.919697478052863726e-01,5.086717441570286491e-01,4.499204380080271126e-01,9.999999999999982236e-01,4.329881161108170007e-01,4.721299042888255082e-01,3.705513836994014376e-01,3.529775608839059164e-01,4.645849201398479789e-01,4.178778476867632818e-01,5.086717442308046344e-01,4.329881161108170007e-01,9.999999999999982236e-01,3.727492449785207995e-01,4.422122764700763264e-01,4.146128090091329987e-01,3.307779846726197626e-01,4.645849201728780020e-01,3.919697478855428407e-01,4.721299042888255082e-01,3.727492449785207995e-01,9.999999999999982236e-01,3.071667348866070069e-01,2.883443298081375117e-01,4.146128090430587498e-01,3.529775608572106038e-01,4.625941949806542386e-01,3.705513836994014376e-01,4.422122764700763264e-01,3.071667348866070069e-01,9.999999999999982236e-01
1.000000000000000444e+00,3.017903163401085553e-01,4.409429657483761034e-01,3.638694858526833054e-01,4.609996484363044766e-01,3.468919515305653456e-01,4.149192135440146201e-01,2.836796167550332814e-01,3.017903163401085553e-01,1.000000000000000444e+00,3.661245620359522279e-01,4.694720082927526517e-01,3.849035223165386266e-01,4.629092629769309686e-01,3.252696526190600457e-01,4.149192135908711387e-01,4.409429657483761034e-01,3.661245620359522279e-01,1.000000000000000444e+00,4.247548944085271505e-01,5.048733028500961284e-01,4.104615551095855963e-01,4.629092630260865371e-01,3.468919514931724235e-01,3.638694858526833054e-01,4.694720082927526517e-01,4.247548944085271505e-01,1.000000000000000444e+00,4.410498825220469654e-01,5.048733029479215428e-01,3.849035224366025298e-01,4.609996482827721787e-01,4.609996484363044766e-01,3.849035223165386266e-01,5.048733028500961284e-01,4.410498825220469654e-01,1.000000000000000444e+00,4.247548943187953174e-01,4.694720082559428187e-01,3.638694857650116576e-01,3.468919515305653456e-01,4.629092629769309686e-01,4.104615551095855963e-01,5.048733029479215428e-01,4.247548943187953174e-01,1.000000000000000444e+00,3.661245620838146642e-01,4.409429657757020782e-01,4.149192135440146201e-01,3.252696526190600457e-01,4.629092630260865371e-01,3.849035224366025298e-01,4.694720082559428187e-01,3.661245620838146642e-01,1.000000000000000444e+00,3.017903163567886571e-01,2.836796167550332814e-01,4.149192135908711387e-01,3.468919514931724235e-01,4.609996482827721787e-01,3.638694857650116576e-01,4.409429657757020782e-01,3.017903163567886571e-01,1.000000000000000444e+00
1.000000000000000000e+00,2.961260157796736237e-01,4.396295153572854497e-01,3.567132025243960891e-01,4.593166088148109005e-01,3.404079269414644893e-01,4.153121808610077403e-01,2.788007011323560547e-01,2.961260157796736237e-01,1.000000000000000000e+00,3.590577377877182119e-01,4.666586599280764802e-01,3.773349932077028068e-01,4.611475328862645329e-01,3.194858202547787851e-01,4.153121809088968774e-01,4.396295153572854497e-01,3.590577377877182119e-01,1.000000000000000000e+00,4.158529700479931535e-01,5.007966483240293698e-01,4.024740990105730720e-01,4.611475329443511795e-01,3.404079268980101936e-01,3.567132025243960891e-01,4.666586599280764802e-01,4.158529700479931535e-01,1.000000000000000000e+00,4.314319352113898942e-01,5.007966484243726590e-01,3.773349933404961387e-01,4.593166086479542054e-01,4.593166088148109005e-01,3.773349932077028068e-01,5.007966483240293698e-01,4.314319352113898942e-01,1.000000000000000000e+00,4.158529699491007037e-01,4.666586598944140740e-01,3.567132024240314281e-01,3.404079269414644893e-01,4.611475328862645329e-01,4.024740990105730720e-01,5.007966484243726590e-01,4.158529699491007037e-01,1.000000000000000000e+00,3.590577378390887309e-01,4.396295153786377585e-01,4.153121808610077403e-01,3.194858202547787851e-01,4.611475329443511795e-01,3.773349933404961387e-01,4.666586598944140740e-01,3.590577378390887309e-01,1.000000000000000000e+00,2.961260157959696993e-01,2.788007011323560547e-01,4.153121809088968774e-01,3.404079268980101936e-01,4.593166086479542054e-01,3.567132024240314281e-01,4.396295153786377585e-01,2.961260157959696993e-01,1.000000000000000000e+00
9.999999999999995559e-01,2.901520221616527007e-01,4.382701269646046560e-01,3.490429813208070220e-01,4.575397391731151897e-01,3.334937045510352194e-01,4.157938513121176571e-01,2.736897474572559941e-01,2.901520221616527007e-01,9.999999999999995559e-01,3.515183873313787455e-01,4.636865484007989258e-01,3.692274798821991166e-01,4.592979845096027969e-01,3.134157379802243182e-01,4.157938513384404899e-01,4.382701269646046560e-01,3.515183873313787455e-01,9.999999999999995559e-01,4.062270612272192993e-01,4.964307881691658597e-01,3.938699767729836321e-01,4.592979845699311503e-01,3.334937045076262208e-01,3.490429813208070220e-01,4.636865484007989258e-01,4.062270612272192993e-01,9.999999999999995559e-01,4.210033168095882461e-01,4.964307882433663943e-01,3.692274799900555071e-01,4.575397390358653671e-01,4.575397391731151897e-01,3.692274798821991166e-01,4.964307881691658597e-01,4.210033168095882461e-01,9.999999999999995559e-01,4.062270611477021842e-01,4.636865483866441928e-01,3.490429812311232061e-01,3.334937045510352194e-01,4.592979845096027969e-01,3.938699767729836321e-01,4.964307882433663943e-01,4.062270611477021842e-01,9.999999999999995559e-01,3.515183873781778656e-01,4.382701269554993839e-01,4.157938513121176571e-01,3.134157379802243182e-01,4.592979845699311503e-01,3.692274799900555071e-01,4.636865483866441928e-01,3.515183873781778656e-01,9.999999999999995559e-01,2.901520221673822286e-01,2.736897474572559941e-01,4.157938513384404899e-01,3.334937045076262208e-01,4.575397390358653671e-01,3.490429812311232061e-01,4.382701269554993839e-01,2.901520221673822286e-01,9.999999999999995559e-01
1.000000000000001110e+00,2.838441242242031315e-01,4.368626934408551543e-01,3.408160293526664164e-01,4.556633783273934535e-01,3.261148469959525009e-01,4.163645564078287675e-01,2.683260868177231306e-01,2.838441242242031315e-01,1.000000000000001110e+00,3.434749119781176363e-01,4.605539168304958464e-01,3.605425451685622118e-01,4.573596401807987766e-01,3.070496671753171758e-01,4.163645564396859511e-01,4.368626934408551543e-01,3.434749119781176363e-01,1.000000000000001110e+00,3.958182116240780424e-01,4.917667855375428276e-01,3.846007270007413270e-01,4.573596402696626928e-01,3.261148469371724090e-01,3.408160293526664164e-01,4.605539168304958464e-01,3.958182116240780424e-01,1.000000000000001110e+00,4.096964213700025059e-01,4.917667856219613554e-01,3.605425453069410202e-01,4.556633781411265072e-01,4.556633783273934535e-01,3.605425451685622118e-01,4.917667855375428276e-01,4.096964213700025059e-01,1.000000000000001110e+00,3.958182115153646707e-01,4.605539168241017389e-01,3.408160292338803243e-01,3.261148469959525009e-01,4.573596401807987766e-01,3.846007270007413270e-01,4.917667856219613554e-01,3.958182115153646707e-01,1.000000000000001110e+00,3.434749120397102562e-01,4.368626934222293867e-01,4.163645564078287675e-01,3.070496671753171758e-01,4.573596402696626928e-01,3.605425453069410202e-01,4.605539168241017389e-01,3.434749120397102562e-01,1.000000000000001110e+00,2.838441242254738928e-01,2.683260868177231306e-01,4.163645564396859511e-01,3.261148469371724090e-01,4.556633781411265072e-01,3.408160292338803243e-01,4.368626934222293867e-01,2.838441242254738928e-01,1.000000000000001110e+00
1.000000000000002220e+00,2.771753221696021674e-01,4.354046725504767124e-01,3.319861913001072029e-01,4.536815103565542406e-01,3.182340950689250825e-01,4.170221828660898855e-01,2.626856248346416400e-01,2.771753221696021674e-01,1.000000000000002220e+00,3.348947363949881240e-01,4.572610064683773068e-01,3.512402362968661818e-01,4.553325015960206779e-01,3.003793378326638508e-01,4.170221829264398328e-01,4.354046725504767124e-01,3.348947363949881240e-01,1.000000000000002220e+00,3.845638743956822370e-01,4.867985756361773997e-01,3.746149641014322462e-01,4.553325017305142053e-01,3.182340949732520574e-01,3.319861913001072029e-01,4.572610064683773068e-01,3.845638743956822370e-01,1.000000000000002220e+00,3.974394116777301145e-01,4.867985757634110122e-01,3.512402365280912209e-01,4.536815100676862555e-01,4.536815103565542406e-01,3.512402362968661818e-01,4.867985756361773997e-01,3.974394116777301145e-01,1.000000000000002220e+00,3.845638742127348020e-01,4.572610064600443613e-01,3.319861911002097710e-01,3.182340950689250825e-01,4.553325015960206779e-01,3.746149641014322462e-01,4.867985757634110122e-01,3.845638742127348020e-01,1.000000000000002220e+00,3.348947364881455502e-01,4.354046725327207490e-01,4.170221828660898855e-01,3.003793378326638508e-01,4.553325017305142053e-01,3.512402365280912209e-01,4.572610064600443613e-01,3.348947364881455502e-01,1.000000000000002220e+00,2.771753221726370731e-01,2.626856248346416400e-01,4.170221829264398328e-01,3.182340949732520574e-01,4.536815100676862555e-01,3.319861911002097710e-01,4.354046725327207490e-01,2.771753221726370731e-01,1.000000000000002220e+00
1.000000000000001776e+00,2.701153617633219595e-01,4.338929195029189168e-01,3.225038839349395614e-01,4.515877270346870809e-01,3.098112126477348127e-01,4.177613954397763063e-01,2.567401362085866001e-01,2.701153617633219595e-01,1.000000000000001776e+00,3.257446378421847144e-01,4.538105681692145010e-01,3.412794425813389099e-01,4.532177914846682310e-01,2.933985075499834227e-01,4.177613954930998741e-01,4.338929195029189168e-01,3.257446378421847144e-01,1.000000000000001776e+00,3.723981109191520367e-01,4.815239604589124367e-01,3.638584816372511521e-01,4.532177915891872910e-01,3.098112125315663490e-01,3.225038839349395614e-01,4.538105681692145010e-01,3.723981109191520367e-01,1.000000000000001776e+00,3.841564594455505466e-01,4.815239605306105841e-01,3.412794427793374163e-01,4.515877267591809074e-01,4.515877270346870809e-01,3.412794425813389099e-01,4.815239604589124367e-01,3.841564594455505466e-01,1.000000000000001776e+00,3.723981107848914895e-01,4.538105682477059366e-01,3.225038837393468527e-01,3.098112126477348127e-01,4.532177914846682310e-01,3.638584816372511521e-01,4.815239605306105841e-01,3.723981107848914895e-01,1.000000000000001776e+00,3.257446379302555428e-01,4.338929193859776823e-01,4.177613954397763063e-01,2.933985075499834227e-01,4.532177915891872910e-01,3.412794427793374163e-01,4.538105682477059366e-01,3.257446379302555428e-01,1.000000000000001776e+00,2.701153617474439939e-01,2.567401362085866001e-01,4.177613954930998741e-01,3.098112125315663490e-01,4.515877267591809074e-01,3.225038837393468527e-01,4.338929193859776823e-01,2.701153617474439939e-01,1.000000000000001776e+00
1.000000000000000000e+00,2.626301770821812820e-01,4.323234691635401417e-01,3.123161135069342231e-01,4.493751824409437101e-01,3.008028527712167666e-01,4.185727016591627714e-01,2.504564351134782041e-01,2.626301770821812820e-01,1.000000000000000000e+00,3.159911853607245136e-01,4.502084388385654279e-01,3.306183980023208457e-01,4.510182234233972576e-01,2.861036354657417458e-01,4.185727017343709999e-01,4.323234691635401417e-01,3.159911853607245136e-01,1.000000000000000000e+00,3.592519355790897984e-01,4.759458035141250765e-01,3.522744397036852160e-01,4.510182234970359083e-01,3.008028526329692420e-01,3.123161135069342231e-01,4.502084388385654279e-01,3.592519355790897984e-01,1.000000000000000000e+00,3.697681733550696181e-01,4.759458034933811699e-01,3.306183981892204526e-01,4.493751820897582405e-01,4.493751824409437101e-01,3.306183980023208457e-01,4.759458035141250765e-01,3.697681733550696181e-01,1.000000000000000000e+00,3.592519354715764113e-01,4.502084390803021696e-01,3.123161133005716850e-01,3.008028527712167666e-01,4.510182234233972576e-01,3.522744397036852160e-01,4.759458034933811699e-01,3.592519354715764113e-01,1.000000000000000000e+00,3.159911854532713171e-01,4.323234689348808280e-01,4.185727016591627714e-01,2.861036354657417458e-01,4.510182234970359083e-01,3.306183981892204526e-01,4.502084390803021696e-01,3.159911854532713171e-01,1.000000000000000000e+00,2.626301770484230635e-01,2.504564351134782041e-01,4.185727017343709999e-01,3.008028526329692420e-01,4.493751820897582405e-01,3.123161133005716850e-01,4.323234689348808280e-01,2.626301770484230635e-01,1.000000000000000000e+00
1.000000000000000000e+00,2.546812305658459064e-01,4.306912598048303065e-01,3.013666117648596821e-01,4.470365379673717499e-01,2.911624586994598363e-01,4.194413462585565577e-01,2.437954218974549558e-01,2.546812305658459064e-01,1.000000000000000000e+00,3.056013071202419162e-01,4.464641741381946138e-01,3.192153618198673160e-01,4.487382957100848890e-01,2.784946833514112541e-01,4.194413463133543907e-01,4.306912598048303065e-01,3.056013071202419162e-01,1.000000000000000000e+00,3.450538404631066092e-01,4.700734427484423161e-01,3.398036510931057297e-01,4.487382958396804455e-01,2.911624585303321244e-01,3.013666117648596821e-01,4.464641741381946138e-01,3.450538404631066092e-01,1.000000000000000000e+00,3.541922655063393099e-01,4.700734426211495287e-01,3.192153620380273615e-01,4.470365374759057708e-01,4.470365379673717499e-01,3.192153618198673160e-01,4.700734427484423161e-01,3.541922655063393099e-01,1.000000000000000000e+00,3.450538403441186786e-01,4.464641745373476578e-01,3.013666115170076099e-01,2.911624586994598363e-01,4.487382957100848890e-01,3.398036510931057297e-01,4.700734426211495287e-01,3.450538403441186786e-01,1.000000000000000000e+00,3.056013072298723876e-01,4.306912594546049577e-01,4.194413462585565577e-01,2.784946833514112541e-01,4.487382958396804455e-01,3.192153620380273615e-01,4.464641745373476578e-01,3.056013072298723876e-01,1.000000000000000000e+00,2.546812305199238069e-01,2.437954218974549558e-01,4.194413463133543907e-01,2.911624585303321244e-01,4.470365374759057708e-01,3.013666115170076099e-01,4.306912594546049577e-01,2.546812305199238069e-01,1.000000000000000000e+00
1.000000000000000888e+00,2.462247375905713132e-01,4.289897901380410605e-01,2.895961328690583869e-01,4.445638999906752487e-01,2.808402154642416493e-01,4.203460299103153885e-01,2.367110116894842187e-01,2.462247375905713132e-01,1.000000000000000888e+00,2.945430040132495098e-01,4.425917199780318168e-01,3.070295115343089076e-01,4.463846006264640676e-01,2.705760528243618124e-01,4.203460293933406478e-01,4.289897901380410605e-01,2.945430040132495098e-01,1.000000000000000888e+00,3.297305390592470964e-01,4.639243323891091286e-01,3.263849816252642477e-01,4.463846011288515880e-01,2.808402154232438885e-01,2.895961328690583869e-01,4.425917199780318168e-01,3.297305390592470964e-01,1.000000000000000888e+00,3.373445142564440724e-01,4.639243319196990623e-01,3.070295115572365674e-01,4.445638994899027141e-01,4.445638999906752487e-01,3.070295115343089076e-01,4.639243323891091286e-01,3.373445142564440724e-01,1.000000000000000888e+00,3.297305390475762099e-01,4.425917204597857868e-01,2.895961328184644690e-01,2.808402154642416493e-01,4.463846006264640676e-01,3.263849816252642477e-01,4.639243319196990623e-01,3.297305390475762099e-01,1.000000000000000888e+00,2.945430040294175211e-01,4.289897896311612446e-01,4.203460299103153885e-01,2.705760528243618124e-01,4.463846011288515880e-01,3.070295115572365674e-01,4.425917204597857868e-01,2.945430040294175211e-01,1.000000000000000888e+00,2.462247375680481354e-01,2.367110116894842187e-01,4.203460293933406478e-01,2.808402154232438885e-01,4.445638994899027141e-01,2.895961328184644690e-01,4.289897896311612446e-01,2.462247375680481354e-01,1.000000000000000888e+00
