9.999999999999985567e-01,1.011481667834059350e-01,3.566197248107991213e-01,4.393908217192497023e-01,4.393988696661146331e-01,3.603560205584284692e-01,1.016381456010889694e-01,5.586957912863810272e-02,1.011481667834059350e-01,9.999999999999985567e-01,4.455262651311142630e-01,5.856600722250731028e-01,5.871820821636533072e-01,4.480145573001526604e-01,3.044105957995736911e-01,1.016381455896765984e-01,3.566197248107991213e-01,4.455262651311142630e-01,9.999999999999985567e-01,7.683525475274584071e-01,7.718068004774595314e-01,6.769518048506788510e-01,4.480145573523922065e-01,3.603560205988564635e-01,4.393908217192497023e-01,5.856600722250731028e-01,7.683525475274584071e-01,9.999999999999985567e-01,8.857922419127920444e-01,7.718068002151496909e-01,5.871820821093203246e-01,4.393988694425988717e-01,4.393988696661146331e-01,5.871820821636533072e-01,7.718068004774595314e-01,8.857922419127920444e-01,9.999999999999985567e-01,7.683525476801360554e-01,5.856600723235416694e-01,4.393908218506797358e-01,3.603560205584284692e-01,4.480145573001526604e-01,6.769518048506788510e-01,7.718068002151496909e-01,7.683525476801360554e-01,9.999999999999985567e-01,4.455262650875218555e-01,3.566197248498657602e-01,1.016381456010889694e-01,3.044105957995736911e-01,4.480145573523922065e-01,5.871820821093203246e-01,5.856600723235416694e-01,4.455262650875218555e-01,9.999999999999985567e-01,1.011481667912358384e-01,5.586957912863810272e-02,1.016381455896765984e-01,3.603560205988564635e-01,4.393988694425988717e-01,4.393908218506797358e-01,3.566197248498657602e-01,1.011481667912358384e-01,9.999999999999985567e-01
9.999999999999976685e-01,9.892713060978858275e-02,3.563161423203413114e-01,4.374768447651475878e-01,4.374816590554092555e-01,3.602451174468649375e-01,9.943439903226100607e-02,5.797597083134362062e-02,9.892713060978858275e-02,9.999999999999976685e-01,4.428142832904176096e-01,5.836882054230183581e-01,5.852883795211504259e-01,4.454280987408008041e-01,3.044695928360593440e-01,9.943439900584799540e-02,3.563161423203413114e-01,4.428142832904176096e-01,9.999999999999976685e-01,7.653018617223916742e-01,7.689489550724641909e-01,6.752230387216630048e-01,4.454280988161346544e-01,3.602451175195166000e-01,4.374768447651475878e-01,5.836882054230183581e-01,7.653018617223916742e-01,9.999999999999976685e-01,8.825260362086388977e-01,7.689489546665888575e-01,5.852883794406800178e-01,4.374816586741493429e-01,4.374816590554092555e-01,5.852883795211504259e-01,7.689489550724641909e-01,8.825260362086388977e-01,9.999999999999976685e-01,7.653018619730866945e-01,5.836882055651758661e-01,4.374768449563531947e-01,3.602451174468649375e-01,4.454280987408008041e-01,6.752230387216630048e-01,7.689489546665888575e-01,7.653018619730866945e-01,9.999999999999976685e-01,4.428142832201071855e-01,3.563161423984043674e-01,9.943439903226100607e-02,3.044695928360593440e-01,4.454280988161346544e-01,5.852883794406800178e-01,5.836882055651758661e-01,4.428142832201071855e-01,9.999999999999976685e-01,9.892713060711133544e-02,5.797597083134362062e-02,9.943439900584799540e-02,3.602451175195166000e-01,4.374816586741493429e-01,4.374768449563531947e-01,3.563161423984043674e-01,9.892713060711133544e-02,9.999999999999976685e-01
9.999999999999993339e-01,9.658608743514945916e-02,3.559988732884905582e-01,4.354611245500675243e-01,4.354620908128788992e-01,3.601325313933233518e-01,9.711134988154712655e-02,6.023107632712132453e-02,9.658608743514945916e-02,9.999999999999993339e-01,4.399386358827945820e-01,5.816074314222332564e-01,5.832905480639291040e-01,4.426867084202142921e-01,3.045352395026487136e-01,9.711134987182329370e-02,3.559988732884905582e-01,4.399386358827945820e-01,9.999999999999993339e-01,7.620676790397979961e-01,7.659231681929115076e-01,6.733849995097334062e-01,4.426867085129776447e-01,3.601325314527016319e-01,4.354611245500675243e-01,5.816074314222332564e-01,7.620676790397979961e-01,9.999999999999993339e-01,8.790717069636148073e-01,7.659231677959590368e-01,5.832905480008185872e-01,4.354620904796275838e-01,4.354620908128788992e-01,5.832905480639291040e-01,7.659231681929115076e-01,8.790717069636148073e-01,9.999999999999993339e-01,7.620676792499688768e-01,5.816074315582258070e-01,4.354611247687052433e-01,3.601325313933233518e-01,4.426867084202142921e-01,6.733849995097334062e-01,7.659231677959590368e-01,7.620676792499688768e-01,9.999999999999993339e-01,4.399386358110285999e-01,3.559988733495192403e-01,9.711134988154712655e-02,3.045352395026487136e-01,4.426867085129776447e-01,5.832905480008185872e-01,5.816074315582258070e-01,4.399386358110285999e-01,9.999999999999993339e-01,9.658608746089553110e-02,6.023107632712132453e-02,9.711134987182329370e-02,3.601325314527016319e-01,4.354620904796275838e-01,4.354611247687052433e-01,3.559988733495192403e-01,9.658608746089553110e-02,9.999999999999993339e-01
1.000000000000003331e+00,9.411659698129226648e-02,3.556674466677039459e-01,4.333366840074418525e-01,4.333330896761987683e-01,3.600185884700213279e-01,9.466059106680865809e-02,6.264709306242702280e-02,9.411659698129226648e-02,1.000000000000003331e+00,4.368872609905611326e-01,5.794105862141767371e-01,5.811817178511740067e-01,4.397790787289397318e-01,3.046081691281499193e-01,9.466059106744043050e-02,3.556674466677039459e-01,4.368872609905611326e-01,1.000000000000003331e+00,7.586366245042509560e-01,7.627176662204798729e-01,6.714299762048665521e-01,4.397790787312581551e-01,3.600185884695725758e-01,4.333366840074418525e-01,5.794105862141767371e-01,7.586366245042509560e-01,1.000000000000003331e+00,8.754159550081791474e-01,7.627176662151348152e-01,5.811817178487541646e-01,4.333330896764167606e-01,4.333330896761987683e-01,5.811817178511740067e-01,7.627176662204798729e-01,8.754159550081791474e-01,1.000000000000003331e+00,7.586366245060944813e-01,5.794105862179584898e-01,4.333366840083334726e-01,3.600185884700213279e-01,4.397790787289397318e-01,6.714299762048665521e-01,7.627176662151348152e-01,7.586366245060944813e-01,1.000000000000003331e+00,4.368872609891109038e-01,3.556674466687859137e-01,9.466059106680865809e-02,3.046081691281499193e-01,4.397790787312581551e-01,5.811817178487541646e-01,5.794105862179584898e-01,4.368872609891109038e-01,1.000000000000003331e+00,9.411659698282648367e-02,6.264709306242702280e-02,9.466059106744043050e-02,3.600185884695725758e-01,4.333330896764167606e-01,4.333366840083334726e-01,3.556674466687859137e-01,9.411659698282648367e-02,1.000000000000003331e+00
9.999999999999967804e-01,9.150952137676082732e-02,3.553214289711789098e-01,4.310959855734372570e-01,4.310870053386436362e-01,3.599036968602619124e-01,9.207302275906362188e-02,6.523732777747401346e-02,9.150952137676082732e-02,9.999999999999967804e-01,4.336470970174460815e-01,5.770900227146302797e-01,5.789545459509594094e-01,4.366929770022149881e-01,3.046890790752415645e-01,9.207302276770362726e-02,3.553214289711789098e-01,4.336470970174460815e-01,9.999999999999967804e-01,7.549942332403989376e-01,7.593197809462985948e-01,6.693497028860320164e-01,4.366929771034649965e-01,3.599036969093633020e-01,4.310959855734372570e-01,5.770900227146302797e-01,7.549942332403989376e-01,9.999999999999967804e-01,8.715444337608733161e-01,7.593197805584545046e-01,5.789545458970447589e-01,4.310870050444519652e-01,4.310870053386436362e-01,5.789545459509594094e-01,7.593197809462985948e-01,8.715444337608733161e-01,9.999999999999967804e-01,7.549942334171944047e-01,5.770900228505380092e-01,4.310959858191473204e-01,3.599036968602619124e-01,4.366929770022149881e-01,6.693497028860320164e-01,7.593197805584545046e-01,7.549942334171944047e-01,9.999999999999967804e-01,4.336470969390112118e-01,3.553214290085416893e-01,9.207302275906362188e-02,3.046890790752415645e-01,4.366929771034649965e-01,5.789545458970447589e-01,5.770900228505380092e-01,4.336470969390112118e-01,9.999999999999967804e-01,9.150952142532131628e-02,6.523732777747401346e-02,9.207302276770362726e-02,3.599036969093633020e-01,4.310870050444519652e-01,4.310959858191473204e-01,3.553214290085416893e-01,9.150952142532131628e-02,9.999999999999967804e-01
1.000000000000002887e+00,8.875496375659153170e-02,3.549604401905622764e-01,4.287308834582342909e-01,4.287155594110030332e-01,3.597883630576829694e-01,8.933879253485246807e-02,6.801630028046315446e-02,8.875496375659153170e-02,1.000000000000002887e+00,4.302039994883971596e-01,5.746375875392644161e-01,5.766011912572979181e-01,4.334151710117622458e-01,3.047787370194572909e-01,8.933879255013804643e-02,3.549604401905622764e-01,4.302039994883971596e-01,1.000000000000002887e+00,7.511248612703993466e-01,7.557158840867264082e-01,6.671353298926732123e-01,4.334151711397619122e-01,3.597883630960989620e-01,4.287308834582342909e-01,5.746375875392644161e-01,7.511248612703993466e-01,1.000000000000002887e+00,8.674416647388503154e-01,7.557158836853703487e-01,5.766011911964917802e-01,4.287155591425849677e-01,4.287155594110030332e-01,5.766011912572979181e-01,7.557158840867264082e-01,8.674416647388503154e-01,1.000000000000002887e+00,7.511248614388701395e-01,5.746375876853361264e-01,4.287308836917436139e-01,3.597883630576829694e-01,4.334151710117622458e-01,6.671353298926732123e-01,7.557158836853703487e-01,7.511248614388701395e-01,1.000000000000002887e+00,4.302039994004359658e-01,3.549604402510967427e-01,8.933879253485246807e-02,3.047787370194572909e-01,4.334151711397619122e-01,5.766011911964917802e-01,5.746375876853361264e-01,4.302039994004359658e-01,1.000000000000002887e+00,8.875496382073611024e-02,6.801630028046315446e-02,8.933879255013804643e-02,3.597883630960989620e-01,4.287155591425849677e-01,4.287308836917436139e-01,3.549604402510967427e-01,8.875496382073611024e-02,1.000000000000002887e+00
1.000000000000000000e+00,8.584220066756276246e-02,3.545841740139542564e-01,4.262325704235007118e-01,4.262097922232810365e-01,3.596732103942953396e-01,8.644723057145825562e-02,7.099985348532333873e-02,8.584220066756276246e-02,1.000000000000000000e+00,4.265426507902719266e-01,5.720446012476627651e-01,5.741132912770572361e-01,4.299313468185808618e-01,3.048779882444022649e-01,8.644723061016038046e-02,3.545841740139542564e-01,4.265426507902719266e-01,1.000000000000000000e+00,7.470115902491532012e-01,7.518913246124712124e-01,6.647773932921985374e-01,4.299313469340095839e-01,3.596732104073988023e-01,4.262325704235007118e-01,5.720446012476627651e-01,7.470115902491532012e-01,1.000000000000000000e+00,8.630909547231199186e-01,7.518913243406342151e-01,5.741132912041493341e-01,4.262097921480836327e-01,4.262097922232810365e-01,5.741132912770572361e-01,7.518913246124712124e-01,8.630909547231199186e-01,1.000000000000000000e+00,7.470115903187263262e-01,5.720446013401133678e-01,4.262325706275369441e-01,3.596732103942953396e-01,4.299313468185808618e-01,6.647773932921985374e-01,7.518913243406342151e-01,7.470115903187263262e-01,1.000000000000000000e+00,4.265426507149343016e-01,3.545841740384970686e-01,8.644723057145825562e-02,3.048779882444022649e-01,4.299313469340095839e-01,5.741132912041493341e-01,5.720446013401133678e-01,4.265426507149343016e-01,1.000000000000000000e+00,8.584220076174248204e-02,7.099985348532333873e-02,8.644723061016038046e-02,3.596732104073988023e-01,4.262097921480836327e-01,4.262325706275369441e-01,3.545841740384970686e-01,8.584220076174248204e-02,1.000000000000000000e+00
1.000000000000000888e+00,8.275960983585212150e-02,3.541924223215955903e-01,4.235915215158063685e-01,4.235600019703753549e-01,3.595590016041223524e-01,8.338678072368457816e-02,7.420527262612322539e-02,8.275960983585212150e-02,1.000000000000000888e+00,4.226464654526194686e-01,5.693018411882140306e-01,5.714819406629954024e-01,4.262260240552973034e-01,3.049877629950232816e-01,8.338678072554636667e-02,3.541924223215955903e-01,4.226464654526194686e-01,1.000000000000000888e+00,7.426361270354933097e-01,7.478303615712744712e-01,6.622657891438572531e-01,4.262260240620912022e-01,3.595590016028497038e-01,4.235915215158063685e-01,5.693018411882140306e-01,7.426361270354933097e-01,1.000000000000000888e+00,8.584743049770309220e-01,7.478303615564626528e-01,5.714819406573776739e-01,4.235600019722622900e-01,4.235600019703753549e-01,5.714819406629954024e-01,7.478303615712744712e-01,8.584743049770309220e-01,1.000000000000000888e+00,7.426361270385051228e-01,5.693018411977179838e-01,4.235915215187001093e-01,3.595590016041223524e-01,4.262260240552973034e-01,6.622657891438572531e-01,7.478303615564626528e-01,7.426361270385051228e-01,1.000000000000000888e+00,4.226464654474780813e-01,3.541924223233482438e-01,8.338678072368457816e-02,3.049877629950232816e-01,4.262260240620912022e-01,5.714819406573776739e-01,5.693018411977179838e-01,4.226464654474780813e-01,1.000000000000000888e+00,8.275960984039182344e-02,7.420527262612322539e-02,8.338678072554636667e-02,3.595590016028497038e-01,4.235600019722622900e-01,4.235915215187001093e-01,3.541924223233482438e-01,8.275960984039182344e-02,1.000000000000000888e+00
1.000000000000001776e+00,7.949459187384094738e-02,3.537851052682636221e-01,4.207974328526605801e-01,4.207556796312706959e-01,3.594466658021731043e-01,8.014492718028423668e-02,7.765141120448074141e-02,7.949459187384094738e-02,1.000000000000001776e+00,4.184974900422934185e-01,5.663995292029998518e-01,5.686976734174098436e-01,4.222824661478092323e-01,3.051090847045301313e-01,8.014492718393861903e-02,3.537851052682636221e-01,4.184974900422934185e-01,1.000000000000001776e+00,7.379786981083517050e-01,7.435160978982540136e-01,6.595897510759581861e-01,4.222824661620260267e-01,3.594466658008835802e-01,4.207974328526605801e-01,5.663995292029998518e-01,7.379786981083517050e-01,1.000000000000001776e+00,8.535723184906893746e-01,7.435160978633390538e-01,5.686976734005679823e-01,4.207556796361027751e-01,4.207556796312706959e-01,5.686976734174098436e-01,7.435160978982540136e-01,8.535723184906893746e-01,1.000000000000001776e+00,7.379786981183626970e-01,5.663995292296516437e-01,4.207974328560296629e-01,3.594466658021731043e-01,4.222824661478092323e-01,6.595897510759581861e-01,7.435160978633390538e-01,7.379786981183626970e-01,1.000000000000001776e+00,4.184974900319538005e-01,3.537851052722673639e-01,8.014492718028423668e-02,3.051090847045301313e-01,4.222824661620260267e-01,5.686976734005679823e-01,5.663995292296516437e-01,4.184974900319538005e-01,1.000000000000001776e+00,7.949459188406859944e-02,7.765141120448074141e-02,8.014492718393861903e-02,3.594466658008835802e-01,4.207556796361027751e-01,4.207974328560296629e-01,3.537851052722673639e-01,7.949459188406859944e-02,1.000000000000001776e+00
1.000000000000002220e+00,7.603348692385203389e-02,3.533623080612120493e-01,4.178391562439461859e-01,4.177854388737040625e-01,3.593373302083187060e-01,7.670811741089120228e-02,8.135882486144671577e-02,7.603348692385203389e-02,1.000000000000002220e+00,4.140762988417212576e-01,5.633273261282898403e-01,5.657504495492879926e-01,4.180825880353757906e-01,3.052430780101546004e-01,7.670811741636116010e-02,3.533623080612120493e-01,4.140762988417212576e-01,1.000000000000002220e+00,7.330179395805384024e-01,7.389304145038287919e-01,6.567378339562301992e-01,4.180825880435466990e-01,3.593373302075067999e-01,4.178391562439461859e-01,5.633273261282898403e-01,7.330179395805384024e-01,1.000000000000002220e+00,8.483641041759411028e-01,7.389304144851589484e-01,5.657504495512113429e-01,4.177854388698825083e-01,4.177854388737040625e-01,5.657504495492879926e-01,7.389304145038287919e-01,8.483641041759411028e-01,1.000000000000002220e+00,7.330179395815344945e-01,5.633273261343798577e-01,4.178391562633899659e-01,3.593373302083187060e-01,4.180825880353757906e-01,6.567378339562301992e-01,7.389304144851589484e-01,7.330179395815344945e-01,1.000000000000002220e+00,4.140762988353304808e-01,3.533623080585910348e-01,7.670811741089120228e-02,3.052430780101546004e-01,4.180825880435466990e-01,5.657504495512113429e-01,5.633273261343798577e-01,4.140762988353304808e-01,1.000000000000002220e+00,7.603348693282685478e-02,8.135882486144671577e-02,7.670811741636116010e-02,3.593373302075067999e-01,4.177854388698825083e-01,4.178391562633899659e-01,3.533623080585910348e-01,7.603348693282685478e-02,1.000000000000002220e+00
1.000000000000000000e+00,7.236148504368444812e-02,3.529243256433145515e-01,4.147046289661308061e-01,4.146369409216495994e-01,3.592323583115548669e-01,7.306168157925937989e-02,8.534990999490396635e-02,7.236148504368444812e-02,1.000000000000000000e+00,4.093618855860875483e-01,5.600743351227657207e-01,5.626296487459799822e-01,4.136068601567782776e-01,3.053909773187898913e-01,7.306168158999554185e-02,3.529243256433145515e-01,4.093618855860875483e-01,1.000000000000000000e+00,7.277307837951317859e-01,7.340539084489818844e-01,6.536979048552176152e-01,4.136068601957445523e-01,3.592323583189296343e-01,4.147046289661308061e-01,5.600743351227657207e-01,7.277307837951317859e-01,1.000000000000000000e+00,8.428271815849471826e-01,7.340539083412671584e-01,5.626296487410671343e-01,4.146369408649178134e-01,4.146369409216495994e-01,5.626296487459799822e-01,7.340539084489818844e-01,8.428271815849471826e-01,1.000000000000000000e+00,7.277307838262809803e-01,5.600743351573542750e-01,4.147046290429072801e-01,3.592323583115548669e-01,4.136068601567782776e-01,6.536979048552176152e-01,7.340539083412671584e-01,7.277307838262809803e-01,1.000000000000000000e+00,4.093618855563449510e-01,3.529243256532587636e-01,7.306168157925937989e-02,3.053909773187898913e-01,4.136068601957445523e-01,5.626296487410671343e-01,5.600743351573542750e-01,4.093618855563449510e-01,1.000000000000000000e+00,7.236148507172901478e-02,8.534990999490396635e-02,7.306168158999554185e-02,3.592323583189296343e-01,4.146369408649178134e-01,4.147046290429072801e-01,3.529243256532587636e-01,7.236148507172901478e-02,1.000000000000000000e+00
9.999999999999978906e-01,6.846253160476051258e-02,3.524717167532287476e-01,4.113807990951472426e-01,4.112968135424763250e-01,3.591333953539446178e-01,6.918974987390849596e-02,8.964904712673768539e-02,6.846253160476051258e-02,9.999999999999978906e-01,4.043315534540491418e-01,5.566291165296574084e-01,5.593240724934782637e-01,4.088342123255436222e-01,3.055541349266395756e-01,6.918974989092818717e-02,3.524717167532287476e-01,4.043315534540491418e-01,9.999999999999978906e-01,7.220923439967584789e-01,7.288658349708185824e-01,6.504571455029406479e-01,4.088342123770974945e-01,3.591333953608397689e-01,4.113807990951472426e-01,5.566291165296574084e-01,7.220923439967584789e-01,9.999999999999978906e-01,8.369373850813365268e-01,7.288658348368597384e-01,5.593240724893722149e-01,4.112968134809861231e-01,4.112968135424763250e-01,5.593240724934782637e-01,7.288658349708185824e-01,8.369373850813365268e-01,9.999999999999978906e-01,7.220923440294252371e-01,5.566291165732457635e-01,4.113807991938758235e-01,3.591333953539446178e-01,4.088342123255436222e-01,6.504571455029406479e-01,7.288658348368597384e-01,7.220923440294252371e-01,9.999999999999978906e-01,4.043315534145419110e-01,3.524717167634704440e-01,6.918974987390849596e-02,3.055541349266395756e-01,4.088342123770974945e-01,5.593240724893722149e-01,5.566291165732457635e-01,4.043315534145419110e-01,9.999999999999978906e-01,6.846253164473770081e-02,8.964904712673768539e-02,6.918974989092818717e-02,3.591333953608397689e-01,4.112968134809861231e-01,4.113807991938758235e-01,3.524717167634704440e-01,6.846253164473770081e-02,9.999999999999978906e-01
9.999999999999968914e-01,6.431922742283840977e-02,3.520053691727593748e-01,4.078535464128386634e-01,4.077505651744243176e-01,3.590424225816479797e-01,6.507516894752740644e-02,9.428274517250634368e-02,6.431922742283840977e-02,9.999999999999968914e-01,3.989608045423970184e-01,5.529797177700666033e-01,5.558219578279665063e-01,4.037419377875735016e-01,3.057340285688787129e-01,6.507516897598325523e-02,3.520053691727593748e-01,3.989608045423970184e-01,9.999999999999968914e-01,7.160757989264479040e-01,7.233440580682997112e-01,6.470020682714094917e-01,4.037419378578595563e-01,3.590424225864332075e-01,4.078535464128386634e-01,5.529797177700666033e-01,7.160757989264479040e-01,9.999999999999968914e-01,8.306687723562552472e-01,7.233440578954106748e-01,5.558219578292573626e-01,4.077505651047108048e-01,4.077505651744243176e-01,5.558219578279665063e-01,7.233440580682997112e-01,8.306687723562552472e-01,9.999999999999968914e-01,7.160757989606946206e-01,5.529797178245756673e-01,4.078535465518458025e-01,3.590424225816479797e-01,4.037419377875735016e-01,6.470020682714094917e-01,7.233440578954106748e-01,7.160757989606946206e-01,9.999999999999968914e-01,3.989608044879690563e-01,3.520053691815706043e-01,6.507516894752740644e-02,3.057340285688787129e-01,4.037419378578595563e-01,5.558219578292573626e-01,5.529797178245756673e-01,3.989608044879690563e-01,9.999999999999968914e-01,6.431922748252411060e-02,9.428274517250634368e-02,6.507516897598325523e-02,3.590424225864332075e-01,4.077505651047108048e-01,4.078535465518458025e-01,3.520053691815706043e-01,6.431922748252411060e-02,9.999999999999968914e-01
1.000000000000001332e+00,5.991272475766185046e-02,3.515265780467785039e-01,4.041075993471974215e-01,4.039824934798021960e-01,3.589618221273076504e-01,6.069941979230966678e-02,9.927978368116371910e-02,5.991272475766185046e-02,1.000000000000001332e+00,3.932232318817478478e-01,5.491137220316668621e-01,5.521110056494571428e-01,3.983056010996346430e-01,3.059322675167167604e-01,6.069941981806850628e-02,3.515265780467785039e-01,3.932232318817478478e-01,1.000000000000001332e+00,7.096522800163523881e-01,7.174650116360093977e-01,6.433185509009146097e-01,3.983056011390011530e-01,3.589618221249514241e-01,4.041075993471974215e-01,5.491137220316668621e-01,7.096522800163523881e-01,1.000000000000001332e+00,8.239935385186791805e-01,7.174650115428448105e-01,5.521110056539795252e-01,4.039824934641005338e-01,4.039824934798021960e-01,5.521110056494571428e-01,7.174650116360093977e-01,8.239935385186791805e-01,1.000000000000001332e+00,7.096522800226336969e-01,5.491137220653995454e-01,4.041075994364051738e-01,3.589618221273076504e-01,3.983056010996346430e-01,6.433185509009146097e-01,7.174650115428448105e-01,7.096522800226336969e-01,1.000000000000001332e+00,3.932232318490604950e-01,3.515265780343073132e-01,6.069941979230966678e-02,3.059322675167167604e-01,3.983056011390011530e-01,5.521110056539795252e-01,5.491137220653995454e-01,3.932232318490604950e-01,1.000000000000001332e+00,5.991272480078047025e-02,9.927978368116371910e-02,6.069941981806850628e-02,3.589618221249514241e-01,4.039824934641005338e-01,4.041075994364051738e-01,3.515265780343073132e-01,5.991272480078047025e-02,1.000000000000001332e+00
1.000000000000000666e+00,5.522261983568954591e-02,3.510371394941306233e-01,4.001264481172532306e-01,3.999755894356495367e-01,3.588944544184886620e-01,5.604253981535992080e-02,1.046713470517045275e-01,5.522261983568954591e-02,1.000000000000000666e+00,3.870904169996522981e-01,5.450183209659956729e-01,5.481784275626211400e-01,3.924989521753659005e-01,3.061505965073883506e-01,5.604253985383067516e-02,3.510371394941306233e-01,3.870904169996522981e-01,1.000000000000000666e+00,7.027907644299724588e-01,7.112036764878351125e-01,6.393918939138721891e-01,3.924989522360879945e-01,3.588944544175760587e-01,4.001264481172532306e-01,5.450183209659956729e-01,7.027907644299724588e-01,1.000000000000000666e+00,8.168819413008601149e-01,7.112036763378731807e-01,5.481784275775796189e-01,3.999755893872848911e-01,3.999755894356495367e-01,5.481784275626211400e-01,7.112036764878351125e-01,8.168819413008601149e-01,1.000000000000000666e+00,7.027907644457334069e-01,5.450183210063863637e-01,4.001264482710281678e-01,3.588944544184886620e-01,3.924989521753659005e-01,6.393918939138721891e-01,7.112036763378731807e-01,7.027907644457334069e-01,1.000000000000000666e+00,3.870904169470499312e-01,3.510371394779394638e-01,5.604253981535992080e-02,3.061505965073883506e-01,3.924989522360879945e-01,5.481784275775796189e-01,5.450183210063863637e-01,3.870904169470499312e-01,1.000000000000000666e+00,5.522261989856064313e-02,1.046713470517045275e-01,5.604253985383067516e-02,3.588944544175760587e-01,3.999755893872848911e-01,4.001264482710281678e-01,3.510371394779394638e-01,5.522261989856064313e-02,1.000000000000000666e+00
9.999999999999991118e-01,5.022684394660981155e-02,3.505394620980565312e-01,3.958922555256179088e-01,3.957114368689709227e-01,3.588437508057189529e-01,5.108305348012281977e-02,1.104911448772266103e-01,5.022684394660981155e-02,9.999999999999991118e-01,3.805318378351524866e-01,5.406804164144920488e-01,5.440110156141558795e-01,3.862938519296342799e-01,3.063908956724124000e-01,5.108305354113232277e-02,3.505394620980565312e-01,3.805318378351524866e-01,9.999999999999991118e-01,6.954579783731816844e-01,7.045335770130023434e-01,6.352069079686168962e-01,3.862938520417802946e-01,3.588437508115572827e-01,3.958922555256179088e-01,5.406804164144920488e-01,6.954579783731816844e-01,9.999999999999991118e-01,8.093022405063189373e-01,7.045335767300613394e-01,5.440110156371203987e-01,3.957114367529468435e-01,3.957114368689709227e-01,5.440110156141558795e-01,7.045335770130023434e-01,8.093022405063189373e-01,9.999999999999991118e-01,6.954579784152562505e-01,5.406804164853213912e-01,3.958922558000644298e-01,3.588437508057189529e-01,3.862938519296342799e-01,6.352069079686168962e-01,7.045335767300613394e-01,6.954579784152562505e-01,9.999999999999991118e-01,3.805318377370422445e-01,3.505394620835866615e-01,5.108305348012281977e-02,3.063908956724124000e-01,3.862938520417802946e-01,5.440110156371203987e-01,5.406804164853213912e-01,3.805318377370422445e-01,9.999999999999991118e-01,5.022684405131033758e-02,1.104911448772266103e-01,5.108305354113232277e-02,3.588437508115572827e-01,3.957114367529468435e-01,3.958922558000644298e-01,3.505394620835866615e-01,5.022684405131033758e-02,9.999999999999991118e-01
9.999999999999984457e-01,4.490155473330859071e-02,3.500366987254781015e-01,3.913857658852976096e-01,3.911701090243666634e-01,3.588138240236212750e-01,4.579791670453947638e-02,1.167755079983968103e-01,4.490155473330859071e-02,9.999999999999984457e-01,3.735147922130067077e-01,5.360867584723396639e-01,5.395952402218699984e-01,3.796602137965116031e-01,3.066551750074623661e-01,4.579791679125017057e-02,3.500366987254781015e-01,3.735147922130067077e-01,9.999999999999984457e-01,6.876183158565672970e-01,6.974268045981075748e-01,6.307480369173802393e-01,3.796602139618420191e-01,3.588138240325278172e-01,3.913857658852976096e-01,5.360867584723396639e-01,6.876183158565672970e-01,9.999999999999984457e-01,8.012206595136945886e-01,6.974268041921831696e-01,5.395952402545918236e-01,3.911701088534077497e-01,3.911701090243666634e-01,5.395952402218699984e-01,6.974268045981075748e-01,8.012206595136945886e-01,9.999999999999984457e-01,6.876183159172102322e-01,5.360867585706359240e-01,3.913857662735124587e-01,3.588138240236212750e-01,3.796602137965116031e-01,6.307480369173802393e-01,6.974268041921831696e-01,6.876183159172102322e-01,9.999999999999984457e-01,3.735147920681795020e-01,3.500366987138749941e-01,4.579791670453947638e-02,3.066551750074623661e-01,3.796602139618420191e-01,5.395952402545918236e-01,5.360867585706359240e-01,3.735147920681795020e-01,9.999999999999984457e-01,4.490155488265634709e-02,1.167755079983968103e-01,4.579791679125017057e-02,3.588138240325278172e-01,3.911701088534077497e-01,3.913857662735124587e-01,3.500366987138749941e-01,4.490155488265634709e-02,9.999999999999984457e-01
1.000000000000000222e+00,3.922103078382238595e-02,3.495329016845704628e-01,3.865862141431273269e-01,3.863300631855269840e-01,3.588096000370351590e-01,4.016248247157971907e-02,1.235634488347990834e-01,3.922103078382238595e-02,1.000000000000000222e+00,3.660043440628370504e-01,5.312241269965037871e-01,5.349173821467881895e-01,3.725659684975345387e-01,3.069455603714956737e-01,4.016248258158169882e-02,3.495329016845704628e-01,3.660043440628370504e-01,1.000000000000000222e+00,6.792337796533650662e-01,6.898540741269765242e-01,6.259995255580910190e-01,3.725659686827944572e-01,3.588096000357816062e-01,3.865862141431273269e-01,5.312241269965037871e-01,6.792337796533650662e-01,1.000000000000000222e+00,7.926013753161327280e-01,6.898540736890037550e-01,5.349173821912666105e-01,3.863300630273569514e-01,3.863300631855269840e-01,5.349173821467881895e-01,6.898540741269765242e-01,7.926013753161327280e-01,1.000000000000000222e+00,6.792337797010792322e-01,5.312241271010851307e-01,3.865862145822709373e-01,3.588096000370351590e-01,3.725659684975345387e-01,6.259995255580910190e-01,6.898540736890037550e-01,6.792337797010792322e-01,1.000000000000000222e+00,3.660043438978287100e-01,3.495329016594256322e-01,4.016248247157971907e-02,3.069455603714956737e-01,3.725659686827944572e-01,5.349173821912666105e-01,5.312241271010851307e-01,3.660043438978287100e-01,1.000000000000000222e+00,3.922103096264545341e-02,1.235634488347990834e-01,4.016248258158169882e-02,3.588096000357816062e-01,3.863300630273569514e-01,3.865862145822709373e-01,3.495329016594256322e-01,3.922103096264545341e-02,1.000000000000000222e+00
1.000000000000000888e+00,3.315757323506868248e-02,3.490332039324787194e-01,3.814712372916730376e-01,3.811680352746220080e-01,3.588369750832284821e-01,3.415049723690519179e-02,1.308966701685637390e-01,3.315757323506868248e-02,1.000000000000000888e+00,3.579633009779569219e-01,5.260795653010859052e-01,5.299637050768166713e-01,3.649770602640968198e-01,3.072642673824406145e-01,3.415049735232703054e-02,3.490332039324787194e-01,3.579633009779569219e-01,1.000000000000000888e+00,6.702639524127902426e-01,6.817848216184569932e-01,6.209456414210785535e-01,3.649770604180029299e-01,3.588369750648701118e-01,3.814712372916730376e-01,5.260795653010859052e-01,6.702639524127902426e-01,1.000000000000000888e+00,7.834065462179857775e-01,6.817848212672296127e-01,5.299637051299448398e-01,3.811680351950422763e-01,3.811680352746220080e-01,5.299637050768166713e-01,6.817848216184569932e-01,7.834065462179857775e-01,1.000000000000000888e+00,6.702639524226898793e-01,5.260795653868544086e-01,3.814712376854378362e-01,3.588369750832284821e-01,3.649770602640968198e-01,6.209456414210785535e-01,6.817848212672296127e-01,6.702639524226898793e-01,1.000000000000000888e+00,3.579633008360637025e-01,3.490332038796157832e-01,3.415049723690519179e-02,3.072642673824406145e-01,3.649770604180029299e-01,5.299637051299448398e-01,5.260795653868544086e-01,3.579633008360637025e-01,1.000000000000000888e+00,3.315757340745356663e-02,1.308966701685637390e-01,3.415049735232703054e-02,3.588369750648701118e-01,3.811680351950422763e-01,3.814712376854378362e-01,3.490332038796157832e-01,3.315757340745356663e-02,1.000000000000000888e+00
9.999999999999995559e-01,2.668141924926759057e-02,3.485440289551495763e-01,3.760167910797973523e-01,3.756589368421233699e-01,3.589030023350913146e-01,2.773414068996557513e-02,1.388195024626333318e-01,2.668141924926759057e-02,9.999999999999995559e-01,3.493522336303148679e-01,5.206406754201019504e-01,5.247206759906042350e-01,3.568574848228048824e-01,3.076135581384532025e-01,2.773414069624996481e-02,3.485440289551495763e-01,3.493522336303148679e-01,9.999999999999995559e-01,6.606660075508927754e-01,6.731873518016361357e-01,6.155709615808652169e-01,3.568574848317104253e-01,3.589030023309554007e-01,3.760167910797973523e-01,5.206406754201019504e-01,6.606660075508927754e-01,9.999999999999995559e-01,7.735963876162372799e-01,6.731873517898183668e-01,5.247206759891311911e-01,3.756589368545023566e-01,3.756589368421233699e-01,5.247206759906042350e-01,6.731873518016361357e-01,7.735963876162372799e-01,9.999999999999995559e-01,6.606660075477639449e-01,5.206406754289337746e-01,3.760167910886007547e-01,3.589030023350913146e-01,3.568574848228048824e-01,6.155709615808652169e-01,6.731873517898183668e-01,6.606660075477639449e-01,9.999999999999995559e-01,3.493522336238773507e-01,3.485440289549677217e-01,2.773414068996557513e-02,3.076135581384532025e-01,3.568574848317104253e-01,5.247206759891311911e-01,5.206406754289337746e-01,3.493522336238773507e-01,9.999999999999995559e-01,2.668141926030098698e-02,1.388195024626333318e-01,2.773414069624996481e-02,3.589030023309554007e-01,3.756589368545023566e-01,3.760167910886007547e-01,3.485440289549677217e-01,2.668141926030098698e-02,9.999999999999995559e-01
1.000000000000003775e+00,1.976067319282970303e-02,3.480733318244039198e-01,3.701970754988777035e-01,3.697757579126240701e-01,3.590161135466283238e-01,2.088412489802862759e-02,1.473787442986534690e-01,1.976067319282970303e-02,1.000000000000003775e+00,3.401295494973178846e-01,5.148959850215137912e-01,5.191752403966206630e-01,3.481693807869054025e-01,3.079956738109025371e-01,2.088412490918992170e-02,3.480733318244039198e-01,3.401295494973178846e-01,1.000000000000003775e+00,6.503947712351597632e-01,6.640290458575284216e-01,6.098607363068974108e-01,3.481693808023335057e-01,3.590161135394064340e-01,3.701970754988777035e-01,5.148959850215137912e-01,6.503947712351597632e-01,1.000000000000003775e+00,7.631293085912252971e-01,6.640290458373716564e-01,5.191752403937346383e-01,3.697757579357512925e-01,3.697757579126240701e-01,5.191752403966206630e-01,6.640290458575284216e-01,7.631293085912252971e-01,1.000000000000003775e+00,6.503947712294548822e-01,5.148959850371375158e-01,3.701970755142409142e-01,3.590161135466283238e-01,3.481693807869054025e-01,6.098607363068974108e-01,6.640290458373716564e-01,6.503947712294548822e-01,1.000000000000003775e+00,3.401295494860957502e-01,3.480733318239227492e-01,2.088412489802862759e-02,3.079956738109025371e-01,3.481693808023335057e-01,5.191752403937346383e-01,5.148959850371375158e-01,3.401295494860957502e-01,1.000000000000003775e+00,1.976067321269570076e-02,1.473787442986534690e-01,2.088412490918992170e-02,3.590161135394064340e-01,3.697757579357512925e-01,3.701970755142409142e-01,3.480733318239227492e-01,1.976067321269570076e-02,1.000000000000003775e+00
1.000000000000000444e+00,1.236126406797194432e-02,3.476308718443221757e-01,3.639844751327867001e-01,3.634894793818386205e-01,3.591863798696230958e-01,1.356987423841460316e-02,1.566233753977089860e-01,1.236126406797194432e-02,1.000000000000000444e+00,3.302516359885182551e-01,5.088353965173231241e-01,5.133151605317436417e-01,3.388731908844502261e-01,3.084127338773654525e-01,1.356987424911307305e-02,3.476308718443221757e-01,3.302516359885182551e-01,1.000000000000000444e+00,6.394028483747968838e-01,6.542766378663509297e-01,6.038013440093389361e-01,3.388731908975324836e-01,3.591863798665417273e-01,3.639844751327867001e-01,5.088353965173231241e-01,6.394028483747968838e-01,1.000000000000000444e+00,7.519621219649923471e-01,6.542766378519715431e-01,5.133151605261718764e-01,3.634894794077186964e-01,3.634894793818386205e-01,5.133151605317436417e-01,6.542766378663509297e-01,7.519621219649923471e-01,1.000000000000000444e+00,6.394028483667375529e-01,5.088353965263018308e-01,3.639844751504804909e-01,3.591863798696230958e-01,3.388731908844502261e-01,6.038013440093389361e-01,6.542766378519715431e-01,6.394028483667375529e-01,1.000000000000000444e+00,3.302516359790285128e-01,3.476308718432453704e-01,1.356987423841460316e-02,3.084127338773654525e-01,3.388731908975324836e-01,5.133151605261718764e-01,5.088353965263018308e-01,3.302516359790285128e-01,1.000000000000000444e+00,1.236126408788273956e-02,1.566233753977089860e-01,1.356987424911307305e-02,3.591863798665417273e-01,3.634894794077186964e-01,3.639844751504804909e-01,3.476308718432453704e-01,1.236126408788273956e-02,1.000000000000000444e+00
1.000000000000001332e+00,4.446937118758376162e-03,3.472285180371504909e-01,3.573495190574369484e-01,3.567690012423735402e-01,3.594258187740065336e-01,5.759811563446765037e-03,1.666041017031479610e-01,4.446937118758376162e-03,1.000000000000001332e+00,3.196730893468079371e-01,5.024507289244426467e-01,5.071294220602612368e-01,3.289279072551012928e-01,3.088665895956829166e-01,5.759811574889583952e-03,3.472285180371504909e-01,3.196730893468079371e-01,1.000000000000001332e+00,6.276408275901137479e-01,6.438965729579407826e-01,5.973808498632244834e-01,3.289279072667501413e-01,3.594258187791541381e-01,3.573495190574369484e-01,5.024507289244426467e-01,6.276408275901137479e-01,1.000000000000001332e+00,7.400503463515694103e-01,6.438965729480983224e-01,5.071294220457870372e-01,3.567690012742965600e-01,3.567690012423735402e-01,5.071294220602612368e-01,6.438965729579407826e-01,7.400503463515694103e-01,1.000000000000001332e+00,6.276408275782091595e-01,5.024507289229424023e-01,3.573495190835243029e-01,3.594258187740065336e-01,3.289279072551012928e-01,5.973808498632244834e-01,6.438965729480983224e-01,6.276408275782091595e-01,1.000000000000001332e+00,3.196730893376258376e-01,3.472285180353386069e-01,5.759811563446765037e-03,3.088665895956829166e-01,3.289279072667501413e-01,5.071294220457870372e-01,5.024507289229424023e-01,3.196730893376258376e-01,1.000000000000001332e+00,4.446937141273310523e-03,1.666041017031479610e-01,5.759811574889583952e-03,3.594258187791541381e-01,3.567690012742965600e-01,3.573495190835243029e-01,3.472285180353386069e-01,4.446937141273310523e-03,1.000000000000001332e+00
1.000000000000000000e+00,-4.020707777660281756e-03,3.468805839844941730e-01,3.502608696716598136e-01,3.495810925290742111e-01,3.597487510614244544e-01,-2.578215255062160649e-03,1.773726866823366610e-01,-4.020707777660281756e-03,1.000000000000000000e+00,3.083470491653941825e-01,4.957363617071002260e-01,5.006087150475089231e-01,3.182914232957925194e-01,3.093586152083614982e-01,-2.578215240274239761e-03,3.468805839844941730e-01,3.083470491653941825e-01,1.000000000000000000e+00,6.150575813695966509e-01,6.328554542915597603e-01,5.905896847158028651e-01,3.182914233090556877e-01,3.597487510712631398e-01,3.502608696716598136e-01,4.957363617071002260e-01,6.150575813695966509e-01,1.000000000000000000e+00,7.273486151942277766e-01,6.328554542826921869e-01,5.006087150276128384e-01,3.495810925710058914e-01,3.495810925290742111e-01,5.006087150475089231e-01,6.328554542915597603e-01,7.273486151942277766e-01,1.000000000000000000e+00,6.150575813521521606e-01,4.957363616999700406e-01,3.502608697082957301e-01,3.597487510614244544e-01,3.182914232957925194e-01,5.905896847158028651e-01,6.328554542826921869e-01,6.150575813521521606e-01,1.000000000000000000e+00,3.083470491543801595e-01,3.468805839806768931e-01,-2.578215255062160649e-03,3.093586152083614982e-01,3.182914233090556877e-01,5.006087150276128384e-01,4.957363616999700406e-01,3.083470491543801595e-01,1.000000000000000000e+00,-4.020707748321583619e-03,1.773726866823366610e-01,-2.578215240274239761e-03,3.597487510712631398e-01,3.495810925710058914e-01,3.502608697082957301e-01,3.468805839806768931e-01,-4.020707748321583619e-03,1.000000000000000000e+00
