9.999999999999995559e-01,1.499023716662862549e-01,3.723348077042984983e-01,4.473157259278048858e-01,4.991086391843094217e-01,4.732554972301014073e-01,3.253666916649929908e-01,2.235359674091016713e-01,4.144349031464242272e-02,1.499023716662862549e-01,9.999999999999995559e-01,4.307757949240308415e-01,5.732097744411681628e-01,6.029452891644632162e-01,5.529724056433122925e-01,4.759007711001931318e-01,2.587731682454600390e-01,2.235359674102052607e-01,3.723348077042984983e-01,4.307757949240308415e-01,9.999999999999995559e-01,7.178838509116804989e-01,7.666672400931409115e-01,7.358649541857714693e-01,6.034283947138670001e-01,4.759007711012762654e-01,3.253666916617180549e-01,4.473157259278048858e-01,5.732097744411681628e-01,7.178838509116804989e-01,9.999999999999995559e-01,8.737582641702748010e-01,8.341284751607960235e-01,7.358649541858832688e-01,5.529724056439420110e-01,4.732554972339373389e-01,4.991086391843094217e-01,6.029452891644632162e-01,7.666672400931409115e-01,8.737582641702748010e-01,9.999999999999995559e-01,8.737582641689016771e-01,7.666672400949273714e-01,6.029452891666879921e-01,4.991086391802389555e-01,4.732554972301014073e-01,5.529724056433122925e-01,7.358649541857714693e-01,8.341284751607960235e-01,8.737582641689016771e-01,9.999999999999995559e-01,7.178838509117229094e-01,5.732097744402291362e-01,4.473157259277389386e-01,3.253666916649929908e-01,4.759007711001931318e-01,6.034283947138670001e-01,7.358649541858832688e-01,7.666672400949273714e-01,7.178838509117229094e-01,9.999999999999995559e-01,4.307757949263753550e-01,3.723348077039294601e-01,2.235359674091016713e-01,2.587731682454600390e-01,4.759007711012762654e-01,5.529724056439420110e-01,6.029452891666879921e-01,5.732097744402291362e-01,4.307757949263753550e-01,9.999999999999995559e-01,1.499023716662254424e-01,4.144349031464242272e-02,2.235359674102052607e-01,3.253666916617180549e-01,4.732554972339373389e-01,4.991086391802389555e-01,4.473157259277389386e-01,3.723348077039294601e-01,1.499023716662254424e-01,9.999999999999995559e-01
9.999999999999984457e-01,1.475889064857434929e-01,3.719802672464908033e-01,4.451116596279763304e-01,4.972811059437732273e-01,4.721264131897414673e-01,3.230971990422754625e-01,2.242914111485803108e-01,3.944783606364279938e-02,1.475889064857434929e-01,9.999999999999984457e-01,4.280745965042611068e-01,5.714221604629705631e-01,6.006483169022009960e-01,5.503708251477203994e-01,4.750719626924301831e-01,2.561806648986134638e-01,2.242914111506613961e-01,3.719802672464908033e-01,4.280745965042611068e-01,9.999999999999984457e-01,7.148521495928272795e-01,7.639330817477908431e-01,7.336191981951082353e-01,6.006853338256286090e-01,4.750719626935655526e-01,3.230971990351501066e-01,4.451116596279763304e-01,5.714221604629705631e-01,7.148521495928272795e-01,9.999999999999984457e-01,8.704189610604039506e-01,8.309789211830558298e-01,7.336191981926114547e-01,5.503708251500379900e-01,4.721264131961774857e-01,4.972811059437732273e-01,6.006483169022009960e-01,7.639330817477908431e-01,8.704189610604039506e-01,9.999999999999984457e-01,8.704189610580278513e-01,7.639330817536177376e-01,6.006483169046057391e-01,4.972811059391110122e-01,4.721264131897414673e-01,5.503708251477203994e-01,7.336191981951082353e-01,8.309789211830558298e-01,8.704189610580278513e-01,9.999999999999984457e-01,7.148521495931626779e-01,5.714221604614180272e-01,4.451116596266091463e-01,3.230971990422754625e-01,4.750719626924301831e-01,6.006853338256286090e-01,7.336191981926114547e-01,7.639330817536177376e-01,7.148521495931626779e-01,9.999999999999984457e-01,4.280745965082028981e-01,3.719802672451975600e-01,2.242914111485803108e-01,2.561806648986134638e-01,4.750719626935655526e-01,5.503708251500379900e-01,6.006483169046057391e-01,5.714221604614180272e-01,4.280745965082028981e-01,9.999999999999984457e-01,1.475889064845154475e-01,3.944783606364279938e-02,2.242914111506613961e-01,3.230971990351501066e-01,4.721264131961774857e-01,4.972811059391110122e-01,4.451116596266091463e-01,3.719802672451975600e-01,1.475889064845154475e-01,9.999999999999984457e-01
1.000000000000000666e+00,1.451568331896314346e-01,3.716112939887859512e-01,4.427897632366727398e-01,4.953644991164053990e-01,4.709447635586093694e-01,3.206981446795508228e-01,2.251102871148450701e-01,3.736357326739747631e-02,1.451568331896314346e-01,1.000000000000000666e+00,4.252091106535852427e-01,5.695347853924688231e-01,5.982273427556373813e-01,5.476202670406620232e-01,4.741912518625931994e-01,2.534437105165676662e-01,2.251102871165594488e-01,3.716112939887859512e-01,4.252091106535852427e-01,1.000000000000000666e+00,7.116308663982956473e-01,7.610376562832490421e-01,7.312355365085638770e-01,5.977649476423200214e-01,4.741912518636423601e-01,3.206981446718923379e-01,4.427897632366727398e-01,5.695347853924688231e-01,7.116308663982956473e-01,1.000000000000000666e+00,8.668852834412628106e-01,8.276452509259399903e-01,7.312355365075745572e-01,5.476202670421832508e-01,4.709447635641197949e-01,4.953644991164053990e-01,5.982273427556373813e-01,7.610376562832490421e-01,8.668852834412628106e-01,1.000000000000000666e+00,8.668852834382303474e-01,7.610376562884685336e-01,5.982273427564718249e-01,4.953644991098602457e-01,4.709447635586093694e-01,5.476202670406620232e-01,7.312355365085638770e-01,8.276452509259399903e-01,8.668852834382303474e-01,1.000000000000000666e+00,7.116308663979924454e-01,5.695347853895672552e-01,4.427897632343670842e-01,3.206981446795508228e-01,4.741912518625931994e-01,5.977649476423200214e-01,7.312355365075745572e-01,7.610376562884685336e-01,7.116308663979924454e-01,1.000000000000000666e+00,4.252091106564146461e-01,3.716112939863148723e-01,2.251102871148450701e-01,2.534437105165676662e-01,4.741912518636423601e-01,5.476202670421832508e-01,5.982273427564718249e-01,5.695347853895672552e-01,4.252091106564146461e-01,1.000000000000000666e+00,1.451568331863227201e-01,3.736357326739747631e-02,2.251102871165594488e-01,3.206981446718923379e-01,4.709447635641197949e-01,4.953644991098602457e-01,4.427897632343670842e-01,3.716112939863148723e-01,1.451568331863227201e-01,1.000000000000000666e+00
9.999999999999991118e-01,1.425981045380282364e-01,3.712274498814710499e-01,4.403418532001033281e-01,4.933531702822782083e-01,4.697075112195375768e-01,3.181600567003444180e-01,2.259980167746092339e-01,3.518527116794628595e-02,1.425981045380282364e-01,9.999999999999991118e-01,4.221671772246848309e-01,5.675411616286962779e-01,5.956742144037330267e-01,5.447102643232275554e-01,4.732550881157687739e-01,2.505521689959159248e-01,2.259980167774137405e-01,3.712274498814710499e-01,4.221671772246848309e-01,9.999999999999991118e-01,7.082058296288864518e-01,7.579697705601866620e-01,7.287043049508311610e-01,5.946538228777327184e-01,4.732550881188958281e-01,3.181600566828055587e-01,4.403418532001033281e-01,5.675411616286962779e-01,7.082058296288864518e-01,9.999999999999991118e-01,8.631434180974506543e-01,8.241146206348829439e-01,7.287043049563175501e-01,5.447102643249552845e-01,4.697075112352729898e-01,4.933531702822782083e-01,5.956742144037330267e-01,7.579697705601866620e-01,8.631434180974506543e-01,9.999999999999991118e-01,8.631434180893916563e-01,7.579697705704216970e-01,5.956742144046108800e-01,4.933531702590839840e-01,4.697075112195375768e-01,5.447102643232275554e-01,7.287043049508311610e-01,8.241146206348829439e-01,8.631434180893916563e-01,9.999999999999991118e-01,7.082058296287472299e-01,5.675411616217922450e-01,4.403418531987758344e-01,3.181600567003444180e-01,4.732550881157687739e-01,5.946538228777327184e-01,7.287043049563175501e-01,7.579697705704216970e-01,7.082058296287472299e-01,9.999999999999991118e-01,4.221671772325998884e-01,3.712274498768659559e-01,2.259980167746092339e-01,2.505521689959159248e-01,4.732550881188958281e-01,5.447102643249552845e-01,5.956742144046108800e-01,5.675411616217922450e-01,4.221671772325998884e-01,9.999999999999991118e-01,1.425981045308074846e-01,3.518527116794628595e-02,2.259980167774137405e-01,3.181600566828055587e-01,4.697075112352729898e-01,4.933531702590839840e-01,4.403418531987758344e-01,3.712274498768659559e-01,1.425981045308074846e-01,9.999999999999991118e-01
1.000000000000000000e+00,1.399040256290451922e-01,3.708283404799633809e-01,4.377590718159568572e-01,4.912410553892492260e-01,4.684114370300118679e-01,3.154726467786415078e-01,2.269605086841521291e-01,3.290708073334608352e-02,1.399040256290451922e-01,1.000000000000000000e+00,4.189356259181908904e-01,5.654343857375083715e-01,5.929802100291063915e-01,5.416295327660111125e-01,4.722596898520229347e-01,2.474951051842542715e-01,2.269605086876987088e-01,3.708283404799633809e-01,4.189356259181908904e-01,1.000000000000000000e+00,7.045616832852101830e-01,7.547174065148968269e-01,7.260151374961306692e-01,5.913374202575356620e-01,4.722596898544766386e-01,3.154726467590173167e-01,4.377590718159568572e-01,5.654343857375083715e-01,7.045616832852101830e-01,1.000000000000000000e+00,8.591784598287593999e-01,8.203732153210874234e-01,7.260151375043335520e-01,5.416295327665727743e-01,4.684114370465699562e-01,4.912410553892492260e-01,5.929802100291063915e-01,7.547174065148968269e-01,8.591784598287593999e-01,1.000000000000000000e+00,8.591784598192601097e-01,7.547174065258278608e-01,5.929802100308512181e-01,4.912410553625098375e-01,4.684114370300118679e-01,5.416295327660111125e-01,7.260151374961306692e-01,8.203732153210874234e-01,8.591784598192601097e-01,1.000000000000000000e+00,7.045616832852574785e-01,5.654343857271224572e-01,4.377590718139851012e-01,3.154726467786415078e-01,4.722596898520229347e-01,5.913374202575356620e-01,7.260151375043335520e-01,7.547174065258278608e-01,7.045616832852574785e-01,1.000000000000000000e+00,4.189356259267243976e-01,3.708283404753383583e-01,2.269605086841521291e-01,2.474951051842542715e-01,4.722596898544766386e-01,5.416295327665727743e-01,5.929802100308512181e-01,5.654343857271224572e-01,4.189356259267243976e-01,1.000000000000000000e+00,1.399040256197972010e-01,3.290708073334608352e-02,2.269605086876987088e-01,3.154726467590173167e-01,4.684114370465699562e-01,4.912410553625098375e-01,4.377590718139851012e-01,3.708283404753383583e-01,1.399040256197972010e-01,1.000000000000000000e+00
9.999999999999964473e-01,1.370651974120533911e-01,3.704136314732695556e-01,4.350318257984316928e-01,4.890216429292726374e-01,4.670531327186006054e-01,3.126247328704030992e-01,2.280042005143137485e-01,3.052269606784072109e-02,1.370651974120533911e-01,9.999999999999964473e-01,4.155001913032606020e-01,5.632071241969776043e-01,5.901360059495195376e-01,5.383659087481655892e-01,4.712010374970973525e-01,2.442607236534513060e-01,2.280042005184638176e-01,3.704136314732695556e-01,4.155001913032606020e-01,9.999999999999964473e-01,7.006817860393781405e-01,7.512676685880674832e-01,7.231569249811194977e-01,5.877999780946060460e-01,4.712010375025571518e-01,3.126247328514839552e-01,4.350318257984316928e-01,5.632071241969776043e-01,7.006817860393781405e-01,9.999999999999964473e-01,8.549743265524061275e-01,8.164061807895346412e-01,7.231569249890894557e-01,5.383659087527973286e-01,4.670531327269854538e-01,4.890216429292726374e-01,5.901360059495195376e-01,7.512676685880674832e-01,8.549743265524061275e-01,9.999999999999964473e-01,8.549743265419320615e-01,7.512676685954775557e-01,5.901360059501044031e-01,4.890216429048120927e-01,4.670531327186006054e-01,5.383659087481655892e-01,7.231569249811194977e-01,8.164061807895346412e-01,8.549743265419320615e-01,9.999999999999964473e-01,7.006817860406857612e-01,5.632071241884559765e-01,4.350318257933946109e-01,3.126247328704030992e-01,4.712010374970973525e-01,5.877999780946060460e-01,7.231569249890894557e-01,7.512676685954775557e-01,7.006817860406857612e-01,9.999999999999964473e-01,4.155001913135035752e-01,3.704136314722669132e-01,2.280042005143137485e-01,2.442607236534513060e-01,4.712010375025571518e-01,5.383659087527973286e-01,5.901360059501044031e-01,5.632071241884559765e-01,4.155001913135035752e-01,9.999999999999964473e-01,1.370651974023168185e-01,3.052269606784072109e-02,2.280042005184638176e-01,3.126247328514839552e-01,4.670531327269854538e-01,4.890216429048120927e-01,4.350318257933946109e-01,3.704136314722669132e-01,1.370651974023168185e-01,9.999999999999964473e-01
9.999999999999986677e-01,1.340714554446910955e-01,3.699830689543375795e-01,4.321497190950774892e-01,4.866879398828373171e-01,4.656289947088990688e-01,3.096041545701277986e-01,2.291361035402565416e-01,2.802531157324639199e-02,1.340714554446910955e-01,9.999999999999986677e-01,4.118454222712168988e-01,5.608516025562602092e-01,5.871316450264204567e-01,5.349062841389615741e-01,4.700748690435321842e-01,2.408363047275268731e-01,2.291361035494677845e-01,3.699830689543375795e-01,4.118454222712168988e-01,9.999999999999986677e-01,6.965481030847999744e-01,7.476067309973888353e-01,7.201177748254180555e-01,5.840244089376005476e-01,4.700748690468431468e-01,3.096041545324964561e-01,4.321497190950774892e-01,5.608516025562602092e-01,6.965481030847999744e-01,9.999999999999986677e-01,8.505136698327853129e-01,8.121975536303036591e-01,7.201177748449137939e-01,5.349062841436053040e-01,4.656289947327274525e-01,4.866879398828373171e-01,5.871316450264204567e-01,7.476067309973888353e-01,8.505136698327853129e-01,9.999999999999986677e-01,8.505136698116698701e-01,7.476067310207336059e-01,5.871316450278384336e-01,4.866879398404216350e-01,4.656289947088990688e-01,5.349062841389615741e-01,7.201177748254180555e-01,8.121975536303036591e-01,8.505136698116698701e-01,9.999999999999986677e-01,6.965481030874047796e-01,5.608516025348808665e-01,4.321497190836188218e-01,3.096041545701277986e-01,4.700748690435321842e-01,5.840244089376005476e-01,7.201177748449137939e-01,7.476067310207336059e-01,6.965481030874047796e-01,9.999999999999986677e-01,4.118454222900040929e-01,3.699830689524039595e-01,2.291361035402565416e-01,2.408363047275268731e-01,4.700748690468431468e-01,5.349062841436053040e-01,5.871316450278384336e-01,5.608516025348808665e-01,4.118454222900040929e-01,9.999999999999986677e-01,1.340714554262588121e-01,2.802531157324639199e-02,2.291361035494677845e-01,3.096041545324964561e-01,4.656289947327274525e-01,4.866879398404216350e-01,4.321497190836188218e-01,3.699830689524039595e-01,1.340714554262588121e-01,9.999999999999986677e-01
1.000000000000001332e+00,1.309118036746245162e-01,3.695365041389397365e-01,4.291014794827099910e-01,4.842324354968644551e-01,4.641352192996741066e-01,3.063976805683498172e-01,2.303638493088419892e-01,2.540757438363400178e-02,1.309118036746245162e-01,1.000000000000001332e+00,4.079545860540878532e-01,5.583595992888048531e-01,5.839565068327108310e-01,5.312365385918268457e-01,4.688766788529189489e-01,2.372081383366297369e-01,2.303638493229502038e-01,3.695365041389397365e-01,4.079545860540878532e-01,1.000000000000001332e+00,6.921410908363170300e-01,7.437197858969251119e-01,7.168849728698193369e-01,5.799921891828250242e-01,4.688766788529925011e-01,3.063976805173942997e-01,4.291014794827099910e-01,5.583595992888048531e-01,6.921410908363170300e-01,1.000000000000001332e+00,8.457777812987217203e-01,8.077301899693092313e-01,7.168849729024707740e-01,5.312365385960324815e-01,4.641352193343266097e-01,4.842324354968644551e-01,5.839565068327108310e-01,7.437197858969251119e-01,8.457777812987217203e-01,1.000000000000001332e+00,8.457777812686162466e-01,7.437197859318490645e-01,5.839565068304454210e-01,4.842324354393215957e-01,4.641352192996741066e-01,5.312365385918268457e-01,7.168849728698193369e-01,8.077301899693092313e-01,8.457777812686162466e-01,1.000000000000001332e+00,6.921410908394785011e-01,5.583595992558146870e-01,4.291014794674025690e-01,3.063976805683498172e-01,4.688766788529189489e-01,5.799921891828250242e-01,7.168849729024707740e-01,7.437197859318490645e-01,6.921410908394785011e-01,1.000000000000001332e+00,4.079545860782410882e-01,3.695365041359899294e-01,2.303638493088419892e-01,2.372081383366297369e-01,4.688766788529925011e-01,5.312365385960324815e-01,5.839565068304454210e-01,5.583595992558146870e-01,4.079545860782410882e-01,1.000000000000001332e+00,1.309118036479595959e-01,2.540757438363400178e-02,2.303638493229502038e-01,3.063976805173942997e-01,4.641352193343266097e-01,4.842324354393215957e-01,4.291014794674025690e-01,3.695365041359899294e-01,1.309118036479595959e-01,1.000000000000001332e+00
9.999999999999987788e-01,1.275743431639496939e-01,3.690739234398570101e-01,4.258748785721202523e-01,4.816470630826238386e-01,4.625677995503195694e-01,3.029909078418023816e-01,2.316957380172183500e-01,2.266153161492265311e-02,1.275743431639496939e-01,9.999999999999987788e-01,4.038095671373532758e-01,5.557224460752013817e-01,5.805992807555807600e-01,5.273414698764288255e-01,4.676017209035194799e-01,2.333614565525030105e-01,2.316957380395860688e-01,3.690739234398570101e-01,4.038095671373532758e-01,9.999999999999987788e-01,6.874395745826116233e-01,7.395909937654613353e-01,7.134449486984199007e-01,5.756832416516228790e-01,4.676017209015673193e-01,3.029909077662386041e-01,4.258748785721202523e-01,5.557224460752013817e-01,6.874395745826116233e-01,9.999999999999987788e-01,8.407464957397722261e-01,8.029856939064605736e-01,7.134449487547940283e-01,5.273414698816064616e-01,4.625677996088850552e-01,4.816470630826238386e-01,5.805992807555807600e-01,7.395909937654613353e-01,8.407464957397722261e-01,9.999999999999987788e-01,8.407464956924894928e-01,7.395909938191629340e-01,5.805992807466716643e-01,4.816470629922841029e-01,4.625677995503195694e-01,5.273414698764288255e-01,7.134449486984199007e-01,8.029856939064605736e-01,8.407464956924894928e-01,9.999999999999987788e-01,6.874395745889502196e-01,5.557224460240912656e-01,4.258748785562141426e-01,3.029909078418023816e-01,4.676017209035194799e-01,5.756832416516228790e-01,7.134449487547940283e-01,7.395909938191629340e-01,6.874395745889502196e-01,9.999999999999987788e-01,4.038095671751915638e-01,3.690739234380266964e-01,2.316957380172183500e-01,2.333614565525030105e-01,4.676017209015673193e-01,5.273414698816064616e-01,5.805992807466716643e-01,5.557224460240912656e-01,4.038095671751915638e-01,9.999999999999987788e-01,1.275743431242731818e-01,2.266153161492265311e-02,2.316957380395860688e-01,3.029909077662386041e-01,4.625677996088850552e-01,4.816470629922841029e-01,4.258748785562141426e-01,3.690739234380266964e-01,1.275743431242731818e-01,9.999999999999987788e-01
1.000000000000000000e+00,1.240461956040771752e-01,3.685954848237640857e-01,4.224566448479719627e-01,4.789231597326648604e-01,4.609225245206741706e-01,2.993681521119234135e-01,2.331407879139219541e-01,1.977857169889513100e-02,1.240461956040771752e-01,1.000000000000000000e+00,3.993907617319243375e-01,5.529310364989757920e-01,5.770479436607008905e-01,5.232047230149140526e-01,4.662450178663808398e-01,2.292803659480298073e-01,2.331407880984753267e-01,3.685954848237640857e-01,3.993907617319243375e-01,1.000000000000000000e+00,6.824206195099302708e-01,7.352034377832132872e-01,7.097832463269577730e-01,5.710758114569862709e-01,4.662450177997679024e-01,2.993681516425260591e-01,4.224566448479719627e-01,5.529310364989757920e-01,6.824206195099302708e-01,1.000000000000000000e+00,8.353980919015414619e-01,7.979443469705513881e-01,7.097832465357021281e-01,5.232047231600942538e-01,4.609225247971175943e-01,4.789231597326648604e-01,5.770479436607008905e-01,7.352034377832132872e-01,8.353980919015414619e-01,1.000000000000000000e+00,8.353980915963894471e-01,7.352034382057022199e-01,5.770479434454917067e-01,4.789231594986043117e-01,4.609225245206741706e-01,5.232047230149140526e-01,7.097832463269577730e-01,7.979443469705513881e-01,8.353980915963894471e-01,1.000000000000000000e+00,6.824206195544644249e-01,5.529310362401940182e-01,4.224566444646929431e-01,2.993681521119234135e-01,4.662450178663808398e-01,5.710758114569862709e-01,7.097832465357021281e-01,7.352034382057022199e-01,6.824206195544644249e-01,1.000000000000000000e+00,3.993907619669698761e-01,3.685954849162473290e-01,2.331407879139219541e-01,2.292803659480298073e-01,4.662450177997679024e-01,5.232047231600942538e-01,5.770479434454917067e-01,5.529310362401940182e-01,3.993907619669698761e-01,1.000000000000000000e+00,1.240461953628382852e-01,1.977857169889513100e-02,2.331407880984753267e-01,2.993681516425260591e-01,4.609225247971175943e-01,4.789231594986043117e-01,4.224566444646929431e-01,3.685954849162473290e-01,1.240461953628382852e-01,1.000000000000000000e+00
1.000000000000000222e+00,1.203134205231474463e-01,3.681015620334078808e-01,4.188323677079448526e-01,4.760514231799548024e-01,4.591949821320331915e-01,2.955123276904601526e-01,2.347087853133704716e-01,1.674935825489576313e-02,1.203134205231474463e-01,1.000000000000000222e+00,3.946769694590882005e-01,5.499758452331628966e-01,5.732897424973583123e-01,5.188087204319422607e-01,4.648013773079776034e-01,2.249477813341456134e-01,2.347087853581397987e-01,3.681015620334078808e-01,3.946769694590882005e-01,1.000000000000000222e+00,6.770593966768887473e-01,7.305390844758825608e-01,7.058845035810960011e-01,5.661463360127924060e-01,4.648013772919460385e-01,2.955123275556118534e-01,4.188323677079448526e-01,5.499758452331628966e-01,6.770593966768887473e-01,1.000000000000000222e+00,8.297091910211266130e-01,7.925850416933060139e-01,7.058845037029823910e-01,5.188087204275548814e-01,4.591949822703923489e-01,4.760514231799548024e-01,5.732897424973583123e-01,7.305390844758825608e-01,8.297091910211266130e-01,1.000000000000000222e+00,8.297091909296350210e-01,7.305390845733689131e-01,5.732897424944656262e-01,4.760514229903178296e-01,4.591949821320331915e-01,5.188087204319422607e-01,7.058845035810960011e-01,7.925850416933060139e-01,8.297091909296350210e-01,1.000000000000000222e+00,6.770593966886477855e-01,5.499758451187711783e-01,4.188323677054875960e-01,2.955123276904601526e-01,4.648013773079776034e-01,5.661463360127924060e-01,7.058845037029823910e-01,7.305390845733689131e-01,6.770593966886477855e-01,1.000000000000000222e+00,3.946769695289240598e-01,3.681015620310537084e-01,2.347087853133704716e-01,2.249477813341456134e-01,4.648013772919460385e-01,5.188087204275548814e-01,5.732897424944656262e-01,5.499758451187711783e-01,3.946769695289240598e-01,1.000000000000000222e+00,1.203134204537216895e-01,1.674935825489576313e-02,2.347087853581397987e-01,2.955123275556118534e-01,4.591949822703923489e-01,4.760514229903178296e-01,4.188323677054875960e-01,3.681015620310537084e-01,1.203134204537216895e-01,1.000000000000000222e+00
1.000000000000000444e+00,1.163609296215505629e-01,3.675927967897819615e-01,4.149863970618946629e-01,4.730218690931074499e-01,4.573805646750069842e-01,2.914048212903092572e-01,2.364103322673994367e-01,1.356375839314385989e-02,1.163609296215505629e-01,1.000000000000000444e+00,3.896452815401330039e-01,5.468469620342071291e-01,5.693111887419970429e-01,5.141345915976516245e-01,4.632654183794364666e-01,2.203453632415774410e-01,2.364103322737687585e-01,3.675927967897819615e-01,3.896452815401330039e-01,1.000000000000000444e+00,6.713290422348127118e-01,7.255787531797857071e-01,7.017324398721471734e-01,5.608693087430227653e-01,4.632654183767229705e-01,2.914048212737324617e-01,4.149863970618946629e-01,5.468469620342071291e-01,6.713290422348127118e-01,1.000000000000000444e+00,8.236546592400384448e-01,7.868852174607580130e-01,7.017324398848703293e-01,5.141345916026228702e-01,4.573805646859157026e-01,4.730218690931074499e-01,5.693111887419970429e-01,7.255787531797857071e-01,8.236546592400384448e-01,1.000000000000000444e+00,8.236546592281156487e-01,7.255787531943811430e-01,5.693111887329160847e-01,4.730218690809239179e-01,4.573805646750069842e-01,5.141345915976516245e-01,7.017324398721471734e-01,7.868852174607580130e-01,8.236546592281156487e-01,1.000000000000000444e+00,6.713290422361194443e-01,5.468469620240826723e-01,4.149863970511277200e-01,2.914048212903092572e-01,4.632654183794364666e-01,5.608693087430227653e-01,7.017324398848703293e-01,7.255787531943811430e-01,6.713290422361194443e-01,1.000000000000000444e+00,3.896452815484839904e-01,3.675927967924101925e-01,2.364103322673994367e-01,2.203453632415774410e-01,4.632654183767229705e-01,5.141345916026228702e-01,5.693111887329160847e-01,5.468469620240826723e-01,3.896452815484839904e-01,1.000000000000000444e+00,1.163609296121735914e-01,1.356375839314385989e-02,2.364103322737687585e-01,2.914048212737324617e-01,4.573805646859157026e-01,4.730218690809239179e-01,4.149863970511277200e-01,3.675927967924101925e-01,1.163609296121735914e-01,1.000000000000000444e+00
1.000000000000001332e+00,1.121723929314209778e-01,3.670701625781008781e-01,4.109017297736858865e-01,4.698237842392767316e-01,4.554744807450127331e-01,2.870253519183542101e-01,2.382568928162294986e-01,1.021075997796236368e-02,1.121723929314209778e-01,1.000000000000001332e+00,3.842709710657226108e-01,5.435341421871044965e-01,5.650980598466387450e-01,5.091621094549489968e-01,4.616316094564086869e-01,2.154534616389872370e-01,2.382568928230425209e-01,3.670701625781008781e-01,3.842709710657226108e-01,1.000000000000001332e+00,6.652005160936793615e-01,7.203020981587848759e-01,6.973098609773602519e-01,5.552171398013268089e-01,4.616316094532021408e-01,2.870253519004851706e-01,4.109017297736858865e-01,5.435341421871044965e-01,6.652005160936793615e-01,1.000000000000001332e+00,8.172075094031613363e-01,7.808208081521310628e-01,6.973098609927603775e-01,5.091621094606153530e-01,4.554744807584769628e-01,4.698237842392767316e-01,5.650980598466387450e-01,7.203020981587848759e-01,8.172075094031613363e-01,1.000000000000001332e+00,8.172075093895805331e-01,7.203020981752320528e-01,5.650980598362301821e-01,4.698237842252240837e-01,4.554744807450127331e-01,5.091621094549489968e-01,6.973098609773602519e-01,7.808208081521310628e-01,8.172075093895805331e-01,1.000000000000001332e+00,6.652005160953053942e-01,5.435341421761340497e-01,4.109017297633006383e-01,2.870253519183542101e-01,4.616316094564086869e-01,5.552171398013268089e-01,6.973098609927603775e-01,7.203020981752320528e-01,6.652005160953053942e-01,1.000000000000001332e+00,3.842709710755648489e-01,3.670701625812157198e-01,2.382568928162294986e-01,2.154534616389872370e-01,4.616316094532021408e-01,5.091621094606153530e-01,5.650980598362301821e-01,5.435341421761340497e-01,3.842709710755648489e-01,1.000000000000001332e+00,1.121723929218458315e-01,1.021075997796236368e-02,2.382568928230425209e-01,2.870253519004851706e-01,4.554744807584769628e-01,4.698237842252240837e-01,4.109017297633006383e-01,3.670701625812157198e-01,1.121723929218458315e-01,1.000000000000001332e+00
1.000000000000003553e+00,1.077301422367866746e-01,3.665350397126152515e-01,4.065598910258726439e-01,4.664456794324148836e-01,4.534717728135534975e-01,2.823518241361328562e-01,2.402608330458418928e-01,6.678381061995947165e-03,1.077301422367866746e-01,1.000000000000003553e+00,3.785273848305101829e-01,5.400268792436309084e-01,5.606354185143480606e-01,5.038696312349244533e-01,4.598943216848490056e-01,2.102510698665288613e-01,2.402608330535681846e-01,3.665350397126152515e-01,3.785273848305101829e-01,1.000000000000003553e+00,6.586424579883554120e-01,7.146876071722113588e-01,6.925986809919831844e-01,5.491600133764704683e-01,4.598943216808478174e-01,2.823518241140667850e-01,4.065598910258726439e-01,5.400268792436309084e-01,6.586424579883554120e-01,1.000000000000003553e+00,8.103388117065176699e-01,7.743661990041412757e-01,6.925986810125306370e-01,5.038696312421687695e-01,4.534717728321424612e-01,4.664456794324148836e-01,5.606354185143480606e-01,7.146876071722113588e-01,8.103388117065176699e-01,1.000000000000003553e+00,8.103388116890992698e-01,7.146876071930696739e-01,5.606354185010078428e-01,4.664456794134885786e-01,4.534717728135534975e-01,5.038696312349244533e-01,6.925986809919831844e-01,7.743661990041412757e-01,8.103388116890992698e-01,1.000000000000003553e+00,6.586424579904613941e-01,5.400268792302798104e-01,4.065598910146794864e-01,2.823518241361328562e-01,4.598943216848490056e-01,5.491600133764704683e-01,6.925986810125306370e-01,7.146876071930696739e-01,6.586424579904613941e-01,1.000000000000003553e+00,3.785273848434432820e-01,3.665350397161982743e-01,2.402608330458418928e-01,2.102510698665288613e-01,4.598943216808478174e-01,5.038696312421687695e-01,5.606354185010078428e-01,5.400268792302798104e-01,3.785273848434432820e-01,1.000000000000003553e+00,1.077301422254388630e-01,6.678381061995947165e-03,2.402608330535681846e-01,2.823518241140667850e-01,4.534717728321424612e-01,4.664456794134885786e-01,4.065598910146794864e-01,3.665350397161982743e-01,1.077301422254388630e-01,1.000000000000003553e+00
9.999999999999965583e-01,1.030150699305021345e-01,3.659893047726813231e-01,4.019408055496006549e-01,4.628752419716661293e-01,4.513673422360972576e-01,2.773601719401525001e-01,2.424354531256026901e-01,2.953568153753721726e-03,1.030150699305021345e-01,9.999999999999965583e-01,3.723858419331613767e-01,5.363145047508709462e-01,5.559076498176616088e-01,4.982340499434225189e-01,4.580479010592052869e-01,2.047157934051284101e-01,2.424354531312729599e-01,3.659893047726813231e-01,3.723858419331613767e-01,9.999999999999965583e-01,6.516210460078584177e-01,7.087126218303891889e-01,6.875799682098658883e-01,5.426657449935576860e-01,4.580479010555679187e-01,2.773601719179532576e-01,4.019408055496006549e-01,5.363145047508709462e-01,6.516210460078584177e-01,9.999999999999965583e-01,8.030176141263447587e-01,7.674942000327326097e-01,6.875799682316685590e-01,4.982340499511760390e-01,4.513673422562124449e-01,4.628752419716661293e-01,5.559076498176616088e-01,7.087126218303891889e-01,8.030176141263447587e-01,9.999999999999965583e-01,8.030176141082798758e-01,7.087126218510408915e-01,5.559076498035433467e-01,4.628752419497981774e-01,4.513673422360972576e-01,4.982340499434225189e-01,6.875799682098658883e-01,7.674942000327326097e-01,8.030176141082798758e-01,9.999999999999965583e-01,6.516210460092327628e-01,5.363145047379512809e-01,4.019408055393431933e-01,2.773601719401525001e-01,4.580479010592052869e-01,5.426657449935576860e-01,6.875799682316685590e-01,7.087126218510408915e-01,6.516210460092327628e-01,9.999999999999965583e-01,3.723858419461856806e-01,3.659893047740617744e-01,2.424354531256026901e-01,2.047157934051284101e-01,4.580479010555679187e-01,4.982340499511760390e-01,5.559076498035433467e-01,5.363145047379512809e-01,3.723858419461856806e-01,9.999999999999965583e-01,1.030150699187900032e-01,2.953568153753721726e-03,2.424354531312729599e-01,2.773601719179532576e-01,4.513673422562124449e-01,4.628752419497981774e-01,4.019408055393431933e-01,3.659893047740617744e-01,1.030150699187900032e-01,9.999999999999965583e-01
9.999999999999993339e-01,9.800652467331719131e-02,3.654354361235296889e-01,3.970226604478672705e-01,4.590992872872868280e-01,4.491559838021506601e-01,2.720241948721300873e-01,2.447950072143382783e-01,-9.779174293254311312e-04,9.800652467331719131e-02,9.999999999999993339e-01,3.658155435703999148e-01,5.323863206765129252e-01,5.508985221760427375e-01,4.922307599087881735e-01,4.560867635232461748e-01,1.988238394616970162e-01,2.447950072306633029e-01,3.654354361235296889e-01,3.658155435703999148e-01,9.999999999999993339e-01,6.440998610304701222e-01,7.023533857243045020e-01,6.822340213903708150e-01,5.356996413583594574e-01,4.560867635113697860e-01,2.720241948475539129e-01,3.970226604478672705e-01,5.323863206765129252e-01,6.440998610304701222e-01,9.999999999999993339e-01,7.952108781219529021e-01,7.601760406293989192e-01,6.822340214240252276e-01,4.922307599155860136e-01,4.491559838379436953e-01,4.590992872872868280e-01,5.508985221760427375e-01,7.023533857243045020e-01,7.952108781219529021e-01,9.999999999999993339e-01,7.952108780965893020e-01,7.023533857533283964e-01,5.508985221530101617e-01,4.590992872633881117e-01,4.491559838021506601e-01,4.922307599087881735e-01,6.822340213903708150e-01,7.601760406293989192e-01,7.952108780965893020e-01,9.999999999999993339e-01,6.440998610340895603e-01,5.323863206539662940e-01,3.970226604422915084e-01,2.720241948721300873e-01,4.560867635232461748e-01,5.356996413583594574e-01,6.822340214240252276e-01,7.023533857533283964e-01,6.440998610340895603e-01,9.999999999999993339e-01,3.658155435855047766e-01,3.654354361338502111e-01,2.447950072143382783e-01,1.988238394616970162e-01,4.560867635113697860e-01,4.922307599155860136e-01,5.508985221530101617e-01,5.323863206539662940e-01,3.658155435855047766e-01,9.999999999999993339e-01,9.800652466046375078e-02,-9.779174293254311312e-04,2.447950072306633029e-01,2.720241948475539129e-01,4.491559838379436953e-01,4.590992872633881117e-01,3.970226604422915084e-01,3.654354361338502111e-01,9.800652466046375078e-02,9.999999999999993339e-01
9.999999999999998890e-01,9.268220531035822884e-02,3.648766377947392781e-01,3.917817598619880437e-01,4.551037109984407136e-01,4.468324314345153980e-01,2.663153883967649405e-01,2.473547062841451594e-01,-5.131626318493537342e-03,9.268220531035822884e-02,9.999999999999998890e-01,3.587834999381895873e-01,5.282317715088180599e-01,5.455912778384788275e-01,4.858336417015050035e-01,4.540055180314720995e-01,1.925500349081867846e-01,2.473547063032258686e-01,3.648766377947392781e-01,3.587834999381895873e-01,9.999999999999998890e-01,6.360397619153091986e-01,6.955851275158143610e-01,6.765404834743580231e-01,5.282243664318634346e-01,4.540055180166965298e-01,2.663153883713554881e-01,3.917817598619880437e-01,5.282317715088180599e-01,6.360397619153091986e-01,9.999999999999998890e-01,7.868834358750473879e-01,7.523813913949403132e-01,6.765404835139956496e-01,4.858336417081635661e-01,4.468324314794601682e-01,4.551037109984407136e-01,5.455912778384788275e-01,6.955851275158143610e-01,7.868834358750473879e-01,9.999999999999998890e-01,7.868834358457732492e-01,6.955851275482732854e-01,5.455912778105370675e-01,4.551037109709025752e-01,4.468324314345153980e-01,4.858336417015050035e-01,6.765404834743580231e-01,7.523813913949403132e-01,7.868834358457732492e-01,9.999999999999998890e-01,6.360397619189787077e-01,5.282317714822402088e-01,3.917817598596652906e-01,2.663153883967649405e-01,4.540055180314720995e-01,5.282243664318634346e-01,6.765404835139956496e-01,6.955851275482732854e-01,6.360397619189787077e-01,9.999999999999998890e-01,3.587834999535516323e-01,3.648766378072499927e-01,2.473547062841451594e-01,1.925500349081867846e-01,4.540055180166965298e-01,4.858336417081635661e-01,5.455912778105370675e-01,5.282317714822402088e-01,3.587834999535516323e-01,9.999999999999998890e-01,9.268220529654211393e-02,-5.131626318493537342e-03,2.473547063032258686e-01,2.663153883713554881e-01,4.468324314794601682e-01,4.551037109709025752e-01,3.917817598596652906e-01,3.648766378072499927e-01,9.268220529654211393e-02,9.999999999999998890e-01
9.999999999999985567e-01,8.701805482912391976e-02,3.643169838573575015e-01,3.861923723305294986e-01,4.508734420573473622e-01,4.443914170731451119e-01,2.602027713141048526e-01,2.501306975998156545e-01,-9.524562224560273460e-03,8.701805482912391976e-02,9.999999999999985567e-01,3.512544817706648725e-01,5.238406637442973857e-01,5.399687595958188036e-01,4.790150727615481441e-01,4.517991233072926605e-01,1.858678818803181365e-01,2.501306976243918845e-01,3.643169838573575015e-01,3.512544817706648725e-01,9.999999999999985567e-01,6.273987775876038731e-01,6.883821872762273530e-01,6.704785012664997712e-01,5.201998183370496465e-01,4.517991232867175633e-01,2.602027712875785159e-01,3.861923723305294986e-01,5.238406637442973857e-01,6.273987775876038731e-01,9.999999999999985567e-01,7.779979765552654802e-01,7.440784203537651464e-01,6.704785013164163976e-01,4.790150727679564069e-01,4.443914171340095365e-01,4.508734420573473622e-01,5.399687595958188036e-01,6.883821872762273530e-01,7.779979765552654802e-01,9.999999999999985567e-01,7.779979765200536468e-01,6.883821873149228443e-01,5.399687595604142354e-01,4.508734420249580488e-01,4.443914170731451119e-01,4.790150727615481441e-01,6.704785012664997712e-01,7.440784203537651464e-01,7.779979765200536468e-01,9.999999999999985567e-01,6.273987775926843646e-01,5.238406637118614428e-01,3.861923723348922310e-01,2.602027713141048526e-01,4.517991233072926605e-01,5.201998183370496465e-01,6.704785013164163976e-01,6.883821873149228443e-01,6.273987775926843646e-01,9.999999999999985567e-01,3.512544817881350645e-01,3.643169838749055756e-01,2.501306975998156545e-01,1.858678818803181365e-01,4.517991232867175633e-01,4.790150727679564069e-01,5.399687595604142354e-01,5.238406637118614428e-01,3.512544817881350645e-01,9.999999999999985567e-01,8.701805481565300093e-02,-9.524562224560273460e-03,2.501306976243918845e-01,2.602027712875785159e-01,4.443914171340095365e-01,4.508734420249580488e-01,3.861923723348922310e-01,3.643169838749055756e-01,8.701805481565300093e-02,9.999999999999985567e-01
9.999999999999938938e-01,8.098815673637105306e-02,3.637615855186470681e-01,3.802265724175885042e-01,4.463923978579852347e-01,4.418277451253411758e-01,2.536527142118495393e-01,2.531400133073662406e-01,-1.417533852201485756e-02,8.098815673637105306e-02,9.999999999999938938e-01,3.431910058594267454e-01,5.192034411651311743e-01,5.340135811991432169e-01,4.717459713881764216e-01,4.494630845810367314e-01,1.787496624421316405e-01,2.531400133363713723e-01,3.637615855186470681e-01,3.431910058594267454e-01,9.999999999999938938e-01,6.181320236782363864e-01,6.807181955946853824e-01,6.640269409691127445e-01,5.115830226779797263e-01,4.494630845550511844e-01,2.536527141837060517e-01,3.802265724175885042e-01,5.192034411651311743e-01,6.181320236782363864e-01,9.999999999999938938e-01,7.685150704821889223e-01,7.352338918265366452e-01,6.640269410340693401e-01,4.717459713942991906e-01,4.418277452071521783e-01,4.463923978579852347e-01,5.340135811991432169e-01,6.807181955946853824e-01,7.685150704821889223e-01,9.999999999999938938e-01,7.685150704383049147e-01,6.807181956412681201e-01,5.340135811536744770e-01,4.463923978173897078e-01,4.418277451253411758e-01,4.717459713881764216e-01,6.640269409691127445e-01,7.352338918265366452e-01,7.685150704383049147e-01,9.999999999999938938e-01,6.181320236844660698e-01,5.192034411249927262e-01,3.802265724302065775e-01,2.536527142118495393e-01,4.494630845810367314e-01,5.115830226779797263e-01,6.640269410340693401e-01,6.807181956412681201e-01,6.181320236844660698e-01,9.999999999999938938e-01,3.431910058781345585e-01,3.637615855418349642e-01,2.531400133073662406e-01,1.787496624421316405e-01,4.494630845550511844e-01,4.717459713942991906e-01,5.340135811536744770e-01,5.192034411249927262e-01,3.431910058781345585e-01,9.999999999999938938e-01,8.098815672198861337e-02,-1.417533852201485756e-02,2.531400133363713723e-01,2.536527141837060517e-01,4.418277452071521783e-01,4.463923978173897078e-01,3.802265724302065775e-01,3.637615855418349642e-01,8.098815672198861337e-02,9.999999999999938938e-01
