1.000000000000000000e+00,1.000000000000000000e+00,1.000000000000000000e+00,1.000000000000000000e+00,1.000000000000000000e+00,1.000000000000000000e+00,1.000000000000000000e+00,1.000000000000000000e+00,1.000000000000000000e+00,1.000000000000000000e+00,1.000000000000000000e+00,1.000000000000000000e+00,1.000000000000000000e+00,1.000000000000000000e+00,1.000000000000000000e+00,1.000000000000000000e+00
9.999999999999997780e-01,7.841890619388927064e-01,7.852659895552535074e-01,7.850605884294132863e-01,7.841890619388927064e-01,9.999999999999997780e-01,7.843685529106010357e-01,7.852659895552536184e-01,7.852659895552535074e-01,7.843685529106010357e-01,9.999999999999997780e-01,7.841890619388927064e-01,7.850605884294132863e-01,7.852659895552536184e-01,7.841890619388927064e-01,9.999999999999997780e-01
1.000000000000000000e+00,2.959850628906312009e-01,3.463654029681361157e-01,3.372235685120719140e-01,2.959850628906312009e-01,1.000000000000000000e+00,3.016361918992370716e-01,3.463654029681360602e-01,3.463654029681361157e-01,3.016361918992370716e-01,1.000000000000000000e+00,2.959850628906313674e-01,3.372235685120719140e-01,3.463654029681360602e-01,2.959850628906313674e-01,1.000000000000000000e+00
1.000000000000000444e+00,-2.171470472621752634e-01,1.128412589156508328e-01,3.993838731230406336e-02,-2.171470472621752634e-01,1.000000000000000444e+00,-1.798085048432946920e-01,1.128412589156507495e-01,1.128412589156508328e-01,-1.798085048432946920e-01,1.000000000000000444e+00,-2.171470472621751524e-01,3.993838731230406336e-02,1.128412589156507495e-01,-2.171470472621751524e-01,1.000000000000000444e+00
1.000000000000000444e+00,-6.229671874261446529e-01,2.264309338228181478e-01,-7.161532519251606610e-02,-6.229671874261446529e-01,1.000000000000000444e+00,-4.650444096166763686e-01,2.264309338228182311e-01,2.264309338228181478e-01,-4.650444096166763686e-01,1.000000000000000444e+00,-6.229671874261447639e-01,-7.161532519251606610e-02,2.264309338228182311e-01,-6.229671874261447639e-01,1.000000000000000444e+00
1.000000000000000444e+00,-7.981277730602363008e-01,4.099018786152187066e-01,-3.108762196399821320e-01,-7.981277730602363008e-01,1.000000000000000444e+00,-4.408867040770010348e-01,4.099018786152185956e-01,4.099018786152187066e-01,-4.408867040770010348e-01,1.000000000000000444e+00,-7.981277730602363008e-01,-3.108762196399821320e-01,4.099018786152185956e-01,-7.981277730602363008e-01,1.000000000000000444e+00
1.000000000000000444e+00,-6.481169006988921621e-01,4.100573913318794617e-01,-6.812292965058390770e-01,-6.481169006988921621e-01,1.000000000000000444e+00,-1.654261858452528988e-01,4.100573913318792396e-01,4.100573913318794617e-01,-1.654261858452528988e-01,1.000000000000000444e+00,-6.481169006988924952e-01,-6.812292965058390770e-01,4.100573913318792396e-01,-6.481169006988924952e-01,1.000000000000000444e+00
1.000000000000000222e+00,-2.650546750129330609e-01,2.845055586081640664e-01,-8.167304623391192786e-01,-2.650546750129330609e-01,1.000000000000000222e+00,2.181245852263749840e-01,2.845055586081634003e-01,2.845055586081640664e-01,2.181245852263749840e-01,1.000000000000000222e+00,-2.650546750129335605e-01,-8.167304623391192786e-01,2.845055586081634003e-01,-2.650546750129335605e-01,1.000000000000000222e+00
1.000000000000000222e+00,1.088459201296517187e-01,2.742268199305223919e-01,-4.573593511327304628e-01,1.088459201296517187e-01,1.000000000000000222e+00,5.842200543299906901e-01,2.742268199305216148e-01,2.742268199305223919e-01,5.842200543299906901e-01,1.000000000000000222e+00,1.088459201296511775e-01,-4.573593511327304628e-01,2.742268199305216148e-01,1.088459201296511775e-01,1.000000000000000222e+00
1.000000000000000444e+00,3.573948600582272928e-01,4.359015566885892090e-01,2.425190448039203361e-01,3.573948600582272928e-01,1.000000000000000444e+00,8.042121486116637907e-01,4.359015566885884874e-01,4.359015566885892090e-01,8.042121486116637907e-01,1.000000000000000444e+00,3.573948600582267376e-01,2.425190448039203361e-01,4.359015566885884874e-01,3.573948600582267376e-01,1.000000000000000444e+00
1.000000000000000444e+00,4.226369369242636287e-01,5.183813012623683658e-01,7.624948343415983709e-01,4.226369369242636287e-01,1.000000000000000444e+00,7.164637086259556531e-01,5.183813012623682548e-01,5.183813012623683658e-01,7.164637086259556531e-01,1.000000000000000444e+00,4.226369369242632956e-01,7.624948343415983709e-01,5.183813012623682548e-01,4.226369369242632956e-01,1.000000000000000444e+00
1.000000000000000666e+00,2.315229768957986212e-01,3.753553951779475262e-01,7.367336172533354155e-01,2.315229768957986212e-01,1.000000000000000666e+00,4.123757782107301817e-01,3.753553951779481368e-01,3.753553951779475262e-01,4.123757782107301817e-01,1.000000000000000666e+00,2.315229768957985934e-01,7.367336172533354155e-01,3.753553951779481368e-01,2.315229768957985934e-01,1.000000000000000666e+00
1.000000000000000444e+00,-1.048940983326646093e-01,2.246345171478019154e-01,2.692019770977750470e-01,-1.048940983326646093e-01,1.000000000000000444e+00,7.325338217207061353e-02,2.246345171478029146e-01,2.246345171478019154e-01,7.325338217207061353e-02,1.000000000000000444e+00,-1.048940983326645815e-01,2.692019770977750470e-01,2.246345171478029146e-01,-1.048940983326645815e-01,1.000000000000000444e+00
1.000000000000000444e+00,-3.561594362121356383e-01,3.227469588058966554e-01,-2.390997069974734046e-01,-3.561594362121356383e-01,1.000000000000000444e+00,-2.804077297893763920e-01,3.227469588058974881e-01,3.227469588058966554e-01,-2.804077297893763920e-01,1.000000000000000444e+00,-3.561594362121355273e-01,-2.390997069974734046e-01,3.227469588058974881e-01,-3.561594362121355273e-01,1.000000000000000444e+00
1.000000000000000444e+00,-4.623333062460251441e-01,6.294679140182855015e-01,-4.410344412237892642e-01,-4.623333062460251441e-01,1.000000000000000444e+00,-5.279457901654894814e-01,6.294679140182858346e-01,6.294679140182855015e-01,-5.279457901654894814e-01,1.000000000000000444e+00,-4.623333062460250886e-01,-4.410344412237892642e-01,6.294679140182858346e-01,-4.623333062460250886e-01,1.000000000000000444e+00
1.000000000000000444e+00,-5.156674052526245555e-01,8.176670702702431015e-01,-4.472488449080299633e-01,-5.156674052526245555e-01,1.000000000000000444e+00,-5.398639515740485395e-01,8.176670702702428795e-01,8.176670702702431015e-01,-5.398639515740485395e-01,1.000000000000000444e+00,-5.156674052526245555e-01,-4.472488449080299633e-01,8.176670702702428795e-01,-5.156674052526245555e-01,1.000000000000000444e+00
1.000000000000000222e+00,-4.818407090456197084e-01,6.607180799978016328e-01,-5.326464552305529843e-01,-4.818407090456197084e-01,1.000000000000000222e+00,-4.094674008220280381e-01,6.607180799978016328e-01,6.607180799978016328e-01,-4.094674008220280381e-01,1.000000000000000222e+00,-4.818407090456199304e-01,-5.326464552305529843e-01,6.607180799978016328e-01,-4.818407090456199304e-01,1.000000000000000222e+00
1.000000000000000000e+00,-3.451498567493796465e-01,3.593191360089462716e-01,-5.358885516776665803e-01,-3.451498567493796465e-01,1.000000000000000000e+00,-2.607323688224780778e-01,3.593191360089465491e-01,3.593191360089462716e-01,-2.607323688224780778e-01,1.000000000000000000e+00,-3.451498567493797576e-01,-5.358885516776665803e-01,3.593191360089465491e-01,-3.451498567493797576e-01,1.000000000000000000e+00
1.000000000000000000e+00,-1.821245241854829722e-01,2.359518822118892301e-01,-1.969831043265861670e-01,-1.821245241854829722e-01,1.000000000000000000e+00,-1.970635489335711976e-02,2.359518822118895909e-01,2.359518822118892301e-01,-1.970635489335711976e-02,1.000000000000000000e+00,-1.821245241854832497e-01,-1.969831043265861670e-01,2.359518822118895909e-01,-1.821245241854832497e-01,1.000000000000000000e+00
9.999999999999998890e-01,-1.529244867582307821e-02,3.611512067382716684e-01,3.014419146218186296e-01,-1.529244867582307821e-02,9.999999999999998890e-01,2.575444062267479017e-01,3.611512067382717794e-01,3.611512067382716684e-01,2.575444062267479017e-01,9.999999999999998890e-01,-1.529244867582343903e-02,3.014419146218186296e-01,3.611512067382717794e-01,-1.529244867582343903e-02,9.999999999999998890e-01
1.000000000000000222e+00,1.241328254726276059e-01,5.450028339670107691e-01,5.077650899242209803e-01,1.241328254726276059e-01,1.000000000000000222e+00,3.717114830062027142e-01,5.450028339670107691e-01,5.450028339670107691e-01,3.717114830062027142e-01,1.000000000000000222e+00,1.241328254726274116e-01,5.077650899242209803e-01,5.450028339670107691e-01,1.241328254726274116e-01,1.000000000000000222e+00
9.999999999999998890e-01,1.464288294790775102e-01,5.342545355987708966e-01,2.363186398240839370e-01,1.464288294790775102e-01,9.999999999999998890e-01,3.718585785571046909e-01,5.342545355987710076e-01,5.342545355987708966e-01,3.718585785571046909e-01,9.999999999999998890e-01,1.464288294790773159e-01,2.363186398240839370e-01,5.342545355987710076e-01,1.464288294790773159e-01,9.999999999999998890e-01
9.999999999999998890e-01,5.734980182850341057e-02,3.969941955847312021e-01,-1.496723941807837910e-01,5.734980182850341057e-02,9.999999999999998890e-01,3.549000135253652655e-01,3.969941955847317017e-01,3.969941955847312021e-01,3.549000135253652655e-01,9.999999999999998890e-01,5.734980182850350078e-02,-1.496723941807837910e-01,3.969941955847317017e-01,5.734980182850350078e-02,9.999999999999998890e-01
1.000000000000000000e+00,-1.307471958366890341e-02,3.821117973398734380e-01,-2.106062495273443858e-01,-1.307471958366890341e-02,1.000000000000000000e+00,2.745631150478085591e-01,3.821117973398743262e-01,3.821117973398734380e-01,2.745631150478085591e-01,1.000000000000000000e+00,-1.307471958366870912e-02,-2.106062495273443858e-01,3.821117973398743262e-01,-1.307471958366870912e-02,1.000000000000000000e+00
9.999999999999997780e-01,-4.717108253243329496e-02,4.799235075189429711e-01,3.257740111988552401e-02,-4.717108253243329496e-02,9.999999999999997780e-01,2.005774306539318541e-01,4.799235075189438593e-01,4.799235075189429711e-01,2.005774306539318541e-01,9.999999999999997780e-01,-4.717108253243279536e-02,3.257740111988552401e-02,4.799235075189438593e-01,-4.717108253243279536e-02,9.999999999999997780e-01
9.999999999999997780e-01,-1.107566726169771643e-01,5.024530562697571145e-01,2.593606996703867185e-01,-1.107566726169771643e-01,9.999999999999997780e-01,1.814293812534368555e-01,5.024530562697572256e-01,5.024530562697571145e-01,1.814293812534368555e-01,9.999999999999997780e-01,-1.107566726169767757e-01,2.593606996703867185e-01,5.024530562697572256e-01,-1.107566726169767757e-01,9.999999999999997780e-01
1.000000000000000000e+00,-1.311845964482650784e-01,3.463056707402552559e-01,1.949751578863706536e-01,-1.311845964482650784e-01,1.000000000000000000e+00,1.613155368669235701e-01,3.463056707402544787e-01,3.463056707402552559e-01,1.613155368669235701e-01,1.000000000000000000e+00,-1.311845964482651061e-01,1.949751578863706536e-01,3.463056707402544787e-01,-1.311845964482651061e-01,1.000000000000000000e+00
9.999999999999997780e-01,-7.503210527480189129e-02,1.524991607516040237e-01,-8.296686304281639113e-02,-7.503210527480189129e-02,9.999999999999997780e-01,1.517853145817941174e-01,1.524991607516028580e-01,1.524991607516040237e-01,1.517853145817941174e-01,9.999999999999997780e-01,-7.503210527480219660e-02,-8.296686304281639113e-02,1.524991607516028580e-01,-7.503210527480219660e-02,9.999999999999997780e-01
9.999999999999997780e-01,-2.877050769668759722e-02,1.936228689212760867e-01,-1.842836554088819745e-01,-2.877050769668759722e-02,9.999999999999997780e-01,2.464668627224594899e-01,1.936228689212751708e-01,1.936228689212760867e-01,2.464668627224594899e-01,9.999999999999997780e-01,-2.877050769668784008e-02,-1.842836554088819745e-01,1.936228689212751708e-01,-2.877050769668784008e-02,9.999999999999997780e-01
1.000000000000000000e+00,-6.594456057563147233e-03,4.795289079018105194e-01,1.735078306491943945e-02,-6.594456057563147233e-03,1.000000000000000000e+00,3.096967973131231622e-01,4.795289079018099088e-01,4.795289079018105194e-01,3.096967973131231622e-01,1.000000000000000000e+00,-6.594456057563258256e-03,1.735078306491943945e-02,4.795289079018099088e-01,-6.594456057563258256e-03,1.000000000000000000e+00
9.999999999999997780e-01,4.730756853788242733e-02,6.869937890442691097e-01,2.637834023251556803e-01,4.730756853788242733e-02,9.999999999999997780e-01,2.277784044545649034e-01,6.869937890442687767e-01,6.869937890442691097e-01,2.277784044545649034e-01,9.999999999999997780e-01,4.730756853788245508e-02,2.637834023251556803e-01,6.869937890442687767e-01,4.730756853788245508e-02,9.999999999999997780e-01
9.999999999999997780e-01,8.510141939885035312e-02,5.756967173883251743e-01,3.014719337596330484e-01,8.510141939885035312e-02,9.999999999999997780e-01,1.444237456362418848e-01,5.756967173883251743e-01,5.756967173883251743e-01,1.444237456362418848e-01,9.999999999999997780e-01,8.510141939885040863e-02,3.014719337596330484e-01,5.756967173883251743e-01,8.510141939885040863e-02,9.999999999999997780e-01
9.999999999999998890e-01,5.578008417214216919e-02,3.168401291405996689e-01,1.613482320408477777e-01,5.578008417214216919e-02,9.999999999999998890e-01,1.190898215036624574e-01,3.168401291405998910e-01,3.168401291405996689e-01,1.190898215036624574e-01,9.999999999999998890e-01,5.578008417214214143e-02,1.613482320408477777e-01,3.168401291405998910e-01,5.578008417214214143e-02,9.999999999999998890e-01
1.000000000000000222e+00,7.218219934210151623e-02,2.745299352413921312e-01,1.758810807447392932e-01,7.218219934210151623e-02,1.000000000000000222e+00,1.319213445484841707e-01,2.745299352413920202e-01,2.745299352413921312e-01,1.319213445484841707e-01,1.000000000000000222e+00,7.218219934210136357e-02,1.758810807447392932e-01,2.745299352413920202e-01,7.218219934210136357e-02,1.000000000000000222e+00
1.000000000000000000e+00,1.656289455666662969e-01,4.760702105200784739e-01,4.402760222196399065e-01,1.656289455666662969e-01,1.000000000000000000e+00,2.062380225407894341e-01,4.760702105200782519e-01,4.760702105200784739e-01,2.062380225407894341e-01,1.000000000000000000e+00,1.656289455666665744e-01,4.402760222196399065e-01,4.760702105200782519e-01,1.656289455666665744e-01,1.000000000000000000e+00
1.000000000000000000e+00,2.002203111006541636e-01,6.040842343793334512e-01,5.397568383134372372e-01,2.002203111006541636e-01,1.000000000000000000e+00,3.444056506937692719e-01,6.040842343793331182e-01,6.040842343793334512e-01,3.444056506937692719e-01,1.000000000000000000e+00,2.002203111006542746e-01,5.397568383134372372e-01,6.040842343793331182e-01,2.002203111006542746e-01,1.000000000000000000e+00
1.000000000000000000e+00,9.743377658774732275e-02,4.894053498060438878e-01,1.917803449124905191e-01,9.743377658774732275e-02,1.000000000000000000e+00,4.115342345820435788e-01,4.894053498060433327e-01,4.894053498060438878e-01,4.115342345820435788e-01,1.000000000000000000e+00,9.743377658774733663e-02,1.917803449124905191e-01,4.894053498060433327e-01,9.743377658774733663e-02,1.000000000000000000e+00
9.999999999999997780e-01,-5.663913022366967587e-02,2.569811180261467043e-01,-3.370390273797060354e-01,-5.663913022366967587e-02,9.999999999999997780e-01,3.308155494667764929e-01,2.569811180261462047e-01,2.569811180261467043e-01,3.308155494667764929e-01,9.999999999999997780e-01,-5.663913022366960648e-02,-3.370390273797060354e-01,2.569811180261462047e-01,-5.663913022366960648e-02,9.999999999999997780e-01
1.000000000000000000e+00,-2.002471914856450153e-01,1.837372725248644922e-01,-5.833208168072293587e-01,-2.002471914856450153e-01,1.000000000000000000e+00,1.058070334308362781e-01,1.837372725248639649e-01,1.837372725248644922e-01,1.058070334308362781e-01,1.000000000000000000e+00,-2.002471914856450153e-01,-5.833208168072293587e-01,1.837372725248639649e-01,-2.002471914856450153e-01,1.000000000000000000e+00
9.999999999999998890e-01,-3.785722933148040759e-01,3.864459839542347397e-01,-4.548995283955530322e-01,-3.785722933148040759e-01,9.999999999999998890e-01,-1.795506505114234375e-01,3.864459839542342401e-01,3.864459839542347397e-01,-1.795506505114234375e-01,9.999999999999998890e-01,-3.785722933148042979e-01,-4.548995283955530322e-01,3.864459839542342401e-01,-3.785722933148042979e-01,9.999999999999998890e-01
1.000000000000000000e+00,-5.344057782043694083e-01,5.635538542147623398e-01,-2.999105761317103491e-01,-5.344057782043694083e-01,1.000000000000000000e+00,-3.425153761042857292e-01,5.635538542147621177e-01,5.635538542147623398e-01,-3.425153761042857292e-01,1.000000000000000000e+00,-5.344057782043697413e-01,-2.999105761317103491e-01,5.635538542147621177e-01,-5.344057782043697413e-01,1.000000000000000000e+00
1.000000000000000000e+00,-5.407703342426720683e-01,4.641130545268550289e-01,-2.941285526942791773e-01,-5.407703342426720683e-01,1.000000000000000000e+00,-3.341658994180546904e-01,4.641130545268553620e-01,4.641130545268550289e-01,-3.341658994180546904e-01,1.000000000000000000e+00,-5.407703342426720683e-01,-2.941285526942791773e-01,4.641130545268553620e-01,-5.407703342426720683e-01,1.000000000000000000e+00
1.000000000000000000e+00,-3.719864344439655079e-01,2.727561567661739850e-01,-2.407583819613696163e-01,-3.719864344439655079e-01,1.000000000000000000e+00,-2.314180983643425726e-01,2.727561567661749287e-01,2.727561567661739850e-01,-2.314180983643425726e-01,1.000000000000000000e+00,-3.719864344439650639e-01,-2.407583819613696163e-01,2.727561567661749287e-01,-3.719864344439650639e-01,1.000000000000000000e+00
1.000000000000000000e+00,-9.111916227513841560e-02,2.750766156386884598e-01,2.203022472326054970e-02,-9.111916227513841560e-02,1.000000000000000000e+00,6.635002142794159397e-03,2.750766156386894035e-01,2.750766156386884598e-01,6.635002142794159397e-03,1.000000000000000000e+00,-9.111916227513780497e-02,2.203022472326054970e-02,2.750766156386894035e-01,-9.111916227513780497e-02,1.000000000000000000e+00
9.999999999999997780e-01,2.013170425852772172e-01,4.845063295811006254e-01,4.486299462102918412e-01,2.013170425852772172e-01,9.999999999999997780e-01,3.581980451449187086e-01,4.845063295811008475e-01,4.845063295811006254e-01,3.581980451449187086e-01,9.999999999999997780e-01,2.013170425852776613e-01,4.486299462102918412e-01,4.845063295811008475e-01,2.013170425852776613e-01,9.999999999999997780e-01
9.999999999999998890e-01,3.909227442805390806e-01,6.360463464320782467e-01,7.240937268329531440e-01,3.909227442805390806e-01,9.999999999999998890e-01,6.389622671338389681e-01,6.360463464320779137e-01,6.360463464320782467e-01,6.389622671338389681e-01,9.999999999999998890e-01,3.909227442805393027e-01,7.240937268329531440e-01,6.360463464320779137e-01,3.909227442805393027e-01,9.999999999999998890e-01
1.000000000000000444e+00,3.427956484057218534e-01,5.397887875845287509e-01,4.962983352936697345e-01,3.427956484057218534e-01,1.000000000000000444e+00,6.871336120454356600e-01,5.397887875845285288e-01,5.397887875845287509e-01,6.871336120454356600e-01,1.000000000000000444e+00,3.427956484057219089e-01,4.962983352936697345e-01,5.397887875845285288e-01,3.427956484057219089e-01,1.000000000000000444e+00
1.000000000000000222e+00,6.559946290829715698e-02,3.447929429148276492e-01,-1.045547067414918513e-01,6.559946290829715698e-02,1.000000000000000222e+00,4.950786450072698353e-01,3.447929429148277602e-01,3.447929429148276492e-01,4.950786450072698353e-01,1.000000000000000222e+00,6.559946290829696269e-02,-1.045547067414918513e-01,3.447929429148277602e-01,6.559946290829696269e-02,1.000000000000000222e+00
1.000000000000000222e+00,-2.988159614032776523e-01,3.057827238169222861e-01,-5.974163486208760032e-01,-2.988159614032776523e-01,1.000000000000000222e+00,9.441393944553859441e-02,3.057827238169229522e-01,3.057827238169222861e-01,9.441393944553859441e-02,1.000000000000000222e+00,-2.988159614032775968e-01,-5.974163486208760032e-01,3.057827238169229522e-01,-2.988159614032775968e-01,1.000000000000000222e+00
1.000000000000000000e+00,-6.187563679604106692e-01,4.586472435090906408e-01,-6.892037293965200817e-01,-6.187563679604106692e-01,1.000000000000000000e+00,-3.539503812872989985e-01,4.586472435090908628e-01,4.586472435090906408e-01,-3.539503812872989985e-01,1.000000000000000000e+00,-6.187563679604106692e-01,-6.892037293965200817e-01,4.586472435090908628e-01,-6.187563679604106692e-01,1.000000000000000000e+00
1.000000000000000444e+00,-7.797169820247833449e-01,5.910348001767973258e-01,-5.224954882524477373e-01,-7.797169820247833449e-01,1.000000000000000444e+00,-6.014563817469392726e-01,5.910348001767971038e-01,5.910348001767973258e-01,-6.014563817469392726e-01,1.000000000000000444e+00,-7.797169820247833449e-01,-5.224954882524477373e-01,5.910348001767971038e-01,-7.797169820247833449e-01,1.000000000000000444e+00
1.000000000000000444e+00,-6.817144935440784259e-01,5.011993003727344131e-01,-4.101611008288761351e-01,-6.817144935440784259e-01,1.000000000000000444e+00,-6.314791938155550621e-01,5.011993003727345242e-01,5.011993003727344131e-01,-6.314791938155550621e-01,1.000000000000000444e+00,-6.817144935440784259e-01,-4.101611008288761351e-01,5.011993003727345242e-01,-6.817144935440784259e-01,1.000000000000000444e+00
1.000000000000000444e+00,-3.251298543802387808e-01,3.121005292103412043e-01,-2.856576546572381914e-01,-3.251298543802387808e-01,1.000000000000000444e+00,-4.110706991511333674e-01,3.121005292103417039e-01,3.121005292103412043e-01,-4.110706991511333674e-01,1.000000000000000444e+00,-3.251298543802385588e-01,-2.856576546572381914e-01,3.121005292103417039e-01,-3.251298543802385588e-01,1.000000000000000444e+00
1.000000000000000444e+00,1.405192929903853472e-01,3.376679309681868135e-01,1.151624991964929623e-01,1.405192929903853472e-01,1.000000000000000444e+00,9.576798090440370725e-02,3.376679309681880348e-01,3.376679309681868135e-01,9.576798090440370725e-02,1.000000000000000444e+00,1.405192929903853194e-01,1.151624991964929623e-01,3.376679309681880348e-01,1.405192929903853194e-01,1.000000000000000444e+00
1.000000000000000444e+00,5.711724685024814896e-01,6.041980738764973768e-01,6.689288171586064147e-01,5.711724685024814896e-01,1.000000000000000444e+00,6.625666137079796458e-01,6.041980738764984871e-01,6.041980738764973768e-01,6.625666137079796458e-01,1.000000000000000444e+00,5.711724685024814896e-01,6.689288171586064147e-01,6.041980738764984871e-01,5.711724685024814896e-01,1.000000000000000444e+00
1.000000000000000666e+00,8.096555565435687996e-01,8.160367052758011885e-01,9.740051395658501088e-01,8.096555565435687996e-01,1.000000000000000666e+00,9.443345995703948947e-01,8.160367052758012996e-01,8.160367052758011885e-01,9.443345995703948947e-01,1.000000000000000666e+00,8.096555565435687996e-01,9.740051395658501088e-01,8.160367052758012996e-01,8.096555565435687996e-01,1.000000000000000666e+00
1.000000000000000666e+00,7.082384711967929514e-01,7.221568402400836417e-01,7.862460581208300381e-01,7.082384711967929514e-01,1.000000000000000666e+00,8.669513161732317341e-01,7.221568402400827535e-01,7.221568402400836417e-01,8.669513161732317341e-01,1.000000000000000666e+00,7.082384711967926183e-01,7.862460581208300381e-01,7.221568402400827535e-01,7.082384711967926183e-01,1.000000000000000666e+00
1.000000000000000666e+00,3.177292142986301582e-01,3.998549020311211177e-01,3.004117642005526001e-01,3.177292142986301582e-01,1.000000000000000666e+00,5.270112153618917716e-01,3.998549020311195634e-01,3.998549020311211177e-01,5.270112153618917716e-01,1.000000000000000666e+00,3.177292142986294365e-01,3.004117642005526001e-01,3.998549020311195634e-01,3.177292142986294365e-01,1.000000000000000666e+00
1.000000000000000666e+00,-1.620343975402060710e-01,1.818615085712547708e-01,-4.341269301851874429e-02,-1.620343975402060710e-01,1.000000000000000666e+00,3.686062438766091187e-02,1.818615085712539103e-01,1.818615085712547708e-01,3.686062438766091187e-02,1.000000000000000666e+00,-1.620343975402067371e-01,-4.341269301851874429e-02,1.818615085712539103e-01,-1.620343975402067371e-01,1.000000000000000666e+00
1.000000000000001110e+00,-5.718002031221588455e-01,2.061580737795328522e-01,-1.522830974860690800e-01,-5.718002031221588455e-01,1.000000000000001110e+00,-3.172225746665731649e-01,2.061580737795330187e-01,2.061580737795328522e-01,-3.172225746665731649e-01,1.000000000000001110e+00,-5.718002031221596226e-01,-1.522830974860690800e-01,2.061580737795330187e-01,-5.718002031221596226e-01,1.000000000000001110e+00
1.000000000000000888e+00,-7.921589069659766835e-01,3.200170973292622012e-01,-2.516891517618167762e-01,-7.921589069659766835e-01,1.000000000000000888e+00,-3.524934605762252149e-01,3.200170973292627563e-01,3.200170973292622012e-01,-3.524934605762252149e-01,1.000000000000000888e+00,-7.921589069659774607e-01,-2.516891517618167762e-01,3.200170973292627563e-01,-7.921589069659774607e-01,1.000000000000000888e+00
1.000000000000000888e+00,-6.972328743015586694e-01,3.239049330142105831e-01,-4.465748273982111938e-01,-6.972328743015586694e-01,1.000000000000000888e+00,-1.978189284114915958e-01,3.239049330142100835e-01,3.239049330142105831e-01,-1.978189284114915958e-01,1.000000000000000888e+00,-6.972328743015595576e-01,-4.465748273982111938e-01,3.239049330142100835e-01,-6.972328743015595576e-01,1.000000000000000888e+00
1.000000000000001110e+00,-3.108237413033770324e-01,2.092404351627311088e-01,-6.208079591232400496e-01,-3.108237413033770324e-01,1.000000000000001110e+00,7.491253058126760844e-02,2.092404351627296100e-01,2.092404351627311088e-01,7.491253058126760844e-02,1.000000000000001110e+00,-3.108237413033777541e-01,-6.208079591232400496e-01,2.092404351627296100e-01,-3.108237413033777541e-01,1.000000000000001110e+00
1.000000000000001332e+00,1.142123429373136378e-01,2.128021999081377014e-01,-4.822087569325358425e-01,1.142123429373136378e-01,1.000000000000001332e+00,4.638352005125977451e-01,2.128021999081358973e-01,2.128021999081377014e-01,4.638352005125977451e-01,1.000000000000001332e+00,1.142123429373127497e-01,-4.822087569325358425e-01,2.128021999081358973e-01,1.142123429373127497e-01,1.000000000000001332e+00
1.000000000000001332e+00,4.034377073201430575e-01,4.106745757782821471e-01,8.480501989375757721e-02,4.034377073201430575e-01,1.000000000000001332e+00,7.954820804486014696e-01,4.106745757782804818e-01,4.106745757782821471e-01,7.954820804486014696e-01,1.000000000000001332e+00,4.034377073201418362e-01,8.480501989375757721e-02,4.106745757782804818e-01,4.034377073201418362e-01,1.000000000000001332e+00
1.000000000000001110e+00,5.136483495655801423e-01,5.393437886139287318e-01,7.002543605531740267e-01,5.136483495655801423e-01,1.000000000000001110e+00,8.366115869894253931e-01,5.393437886139286208e-01,5.393437886139287318e-01,8.366115869894253931e-01,1.000000000000001110e+00,5.136483495655794762e-01,7.002543605531740267e-01,5.393437886139286208e-01,5.136483495655794762e-01,1.000000000000001110e+00
1.000000000000001554e+00,4.172375203921487863e-01,4.449028970660238169e-01,8.703188311794973764e-01,4.172375203921487863e-01,1.000000000000001554e+00,5.768450345320921269e-01,4.449028970660240945e-01,4.449028970660238169e-01,5.768450345320921269e-01,1.000000000000001554e+00,4.172375203921483422e-01,8.703188311794973764e-01,4.449028970660240945e-01,4.172375203921483422e-01,1.000000000000001554e+00
1.000000000000001776e+00,1.514500990937790448e-01,2.853211827646534027e-01,5.112626913462251510e-01,1.514500990937790448e-01,1.000000000000001776e+00,1.338709450972336290e-01,2.853211827646537913e-01,2.853211827646534027e-01,1.338709450972336290e-01,1.000000000000001776e+00,1.514500990937784064e-01,5.112626913462251510e-01,2.853211827646537913e-01,1.514500990937784064e-01,1.000000000000001776e+00
1.000000000000001776e+00,-1.371125015812799941e-01,2.934296561052216479e-01,3.054826697870149932e-02,-1.371125015812799941e-01,1.000000000000001776e+00,-2.963321382962208483e-01,2.934296561052212593e-01,2.934296561052216479e-01,-2.963321382962208483e-01,1.000000000000001776e+00,-1.371125015812803549e-01,3.054826697870149932e-02,2.934296561052212593e-01,-1.371125015812803549e-01,1.000000000000001776e+00
1.000000000000001554e+00,-3.255538698551279087e-01,5.421704158018126884e-01,-1.999135982461601735e-01,-3.255538698551279087e-01,1.000000000000001554e+00,-4.955333522892306775e-01,5.421704158018116892e-01,5.421704158018126884e-01,-4.955333522892306775e-01,1.000000000000001554e+00,-3.255538698551277976e-01,-1.999135982461601735e-01,5.421704158018116892e-01,-3.255538698551277976e-01,1.000000000000001554e+00
1.000000000000001110e+00,-4.334707972672500187e-01,8.015536540951708755e-01,-3.246164148189226717e-01,-4.334707972672500187e-01,1.000000000000001110e+00,-4.918858521410844897e-01,8.015536540951702094e-01,8.015536540951708755e-01,-4.918858521410844897e-01,1.000000000000001110e+00,-4.334707972672496856e-01,-3.246164148189226717e-01,8.015536540951702094e-01,-4.334707972672496856e-01,1.000000000000001110e+00
1.000000000000001554e+00,-4.637371698975813472e-01,7.660395242653097458e-01,-5.196793102716381618e-01,-4.637371698975813472e-01,1.000000000000001554e+00,-3.780437641747450006e-01,7.660395242653099679e-01,7.660395242653097458e-01,-3.780437641747450006e-01,1.000000000000001554e+00,-4.637371698975814027e-01,-5.196793102716381618e-01,7.660395242653099679e-01,-4.637371698975814027e-01,1.000000000000001554e+00
1.000000000000001776e+00,-3.872278101062548994e-01,4.441110560027610177e-01,-5.651274860917067100e-01,-3.872278101062548994e-01,1.000000000000001776e+00,-1.569056771533072492e-01,4.441110560027619614e-01,4.441110560027610177e-01,-1.569056771533072492e-01,1.000000000000001776e+00,-3.872278101062545108e-01,-5.651274860917067100e-01,4.441110560027619614e-01,-3.872278101062545108e-01,1.000000000000001776e+00
1.000000000000001332e+00,-2.105730233858912059e-01,1.531216271891480962e-01,-2.506963070841866648e-01,-2.105730233858912059e-01,1.000000000000001332e+00,1.330091366084720783e-01,1.531216271891487624e-01,1.531216271891480962e-01,1.330091366084720783e-01,1.000000000000001332e+00,-2.105730233858906231e-01,-2.506963070841866648e-01,1.531216271891487624e-01,-2.105730233858906231e-01,1.000000000000001332e+00
1.000000000000001110e+00,-2.442393825902511306e-02,1.660978669135484420e-01,2.880170283280919508e-01,-2.442393825902511306e-02,1.000000000000001110e+00,3.592512417218907128e-01,1.660978669135483310e-01,1.660978669135484420e-01,3.592512417218907128e-01,1.000000000000001110e+00,-2.442393825902455795e-02,2.880170283280919508e-01,1.660978669135483310e-01,-2.442393825902455795e-02,1.000000000000001110e+00
1.000000000000001332e+00,9.988364075143707499e-02,3.631899477675135657e-01,6.167042707761793974e-01,9.988364075143707499e-02,1.000000000000001332e+00,4.827417582380834626e-01,3.631899477675132326e-01,3.631899477675135657e-01,4.827417582380834626e-01,1.000000000000001332e+00,9.988364075143746357e-02,6.167042707761793974e-01,3.631899477675132326e-01,9.988364075143746357e-02,1.000000000000001332e+00
1.000000000000000888e+00,1.605861874736702055e-01,4.397296164951446373e-01,4.110165176144877641e-01,1.605861874736702055e-01,1.000000000000000888e+00,5.321679863994500659e-01,4.397296164951447484e-01,4.397296164951446373e-01,5.321679863994500659e-01,1.000000000000000888e+00,1.605861874736705663e-01,4.110165176144877641e-01,4.397296164951447484e-01,1.605861874736705663e-01,1.000000000000000888e+00
1.000000000000001110e+00,1.167138815614796599e-01,4.124729043761933278e-01,-1.131504407810581397e-01,1.167138815614796599e-01,1.000000000000001110e+00,4.743687198927653559e-01,4.124729043761942160e-01,4.124729043761933278e-01,4.743687198927653559e-01,1.000000000000001110e+00,1.167138815614796876e-01,-1.131504407810581397e-01,4.124729043761942160e-01,1.167138815614796876e-01,1.000000000000001110e+00
1.000000000000001332e+00,-3.382828348765021254e-02,4.513798919891453543e-01,-4.615480924533540419e-01,-3.382828348765021254e-02,1.000000000000001332e+00,3.392196830767122973e-01,4.513798919891462424e-01,4.513798919891453543e-01,3.392196830767122973e-01,1.000000000000001332e+00,-3.382828348765049009e-02,-4.615480924533540419e-01,4.513798919891462424e-01,-3.382828348765049009e-02,1.000000000000001332e+00
1.000000000000001110e+00,-1.791829324500641973e-01,5.680929158248290145e-01,-3.638581188165533886e-01,-1.791829324500641973e-01,1.000000000000001110e+00,1.590113727506236307e-01,5.680929158248296806e-01,5.680929158248290145e-01,1.590113727506236307e-01,1.000000000000001110e+00,-1.791829324500639475e-01,-3.638581188165533886e-01,5.680929158248296806e-01,-1.791829324500639475e-01,1.000000000000001110e+00
1.000000000000001110e+00,-2.490729641938056182e-01,6.197072787194279897e-01,3.373220456926145916e-03,-2.490729641938056182e-01,1.000000000000001110e+00,-6.265408822373969011e-02,6.197072787194275456e-01,6.197072787194279897e-01,-6.265408822373969011e-02,1.000000000000001110e+00,-2.490729641938048133e-01,3.373220456926145916e-03,6.197072787194275456e-01,-2.490729641938048133e-01,1.000000000000001110e+00
1.000000000000001332e+00,-2.820740283284995931e-01,4.540088915004382719e-01,1.776144730219550438e-01,-2.820740283284995931e-01,1.000000000000001332e+00,-1.627778485799062369e-01,4.540088915004373282e-01,4.540088915004382719e-01,-1.627778485799062369e-01,1.000000000000001332e+00,-2.820740283284986494e-01,1.776144730219550438e-01,4.540088915004373282e-01,-2.820740283284986494e-01,1.000000000000001332e+00
1.000000000000001110e+00,-2.853025713186350121e-01,2.159169399095609565e-01,2.170684814784376582e-02,-2.853025713186350121e-01,1.000000000000001110e+00,-9.519669790888116157e-02,2.159169399095605957e-01,2.159169399095609565e-01,-9.519669790888116157e-02,1.000000000000001110e+00,-2.853025713186340684e-01,2.170684814784376582e-02,2.159169399095605957e-01,-2.853025713186340684e-01,1.000000000000001110e+00
1.000000000000001554e+00,-1.788979408504389745e-01,2.410377123555164647e-01,-1.424224536511721206e-01,-1.788979408504389745e-01,1.000000000000001554e+00,-1.281674155895175249e-03,2.410377123555166867e-01,2.410377123555164647e-01,-1.281674155895175249e-03,1.000000000000001554e+00,-1.788979408504383639e-01,-1.424224536511721206e-01,2.410377123555166867e-01,-1.788979408504383639e-01,1.000000000000001554e+00
1.000000000000001554e+00,-6.993786081077424388e-03,5.772911922304497789e-01,-8.218016274812137145e-02,-6.993786081077424388e-03,1.000000000000001554e+00,4.271584282951390588e-02,5.772911922304504451e-01,5.772911922304497789e-01,4.271584282951390588e-02,1.000000000000001554e+00,-6.993786081077146832e-03,-8.218016274812137145e-02,5.772911922304504451e-01,-6.993786081077146832e-03,1.000000000000001554e+00
1.000000000000001332e+00,1.049213671465755171e-01,8.814296111532089473e-01,9.502425001143030570e-02,1.049213671465755171e-01,1.000000000000001332e+00,8.448140436291798339e-02,8.814296111532091693e-01,8.814296111532089473e-01,8.448140436291798339e-02,1.000000000000001332e+00,1.049213671465757114e-01,9.502425001143030570e-02,8.814296111532091693e-01,1.049213671465757114e-01,1.000000000000001332e+00
1.000000000000000888e+00,1.379887986955608548e-01,8.201042983244540840e-01,1.268327357373869868e-01,1.379887986955608548e-01,1.000000000000000888e+00,5.460775013301094605e-02,8.201042983244537510e-01,8.201042983244540840e-01,5.460775013301094605e-02,1.000000000000000888e+00,1.379887986955610768e-01,1.268327357373869868e-01,8.201042983244537510e-01,1.379887986955610768e-01,1.000000000000000888e+00
1.000000000000001332e+00,9.662020045014330094e-02,4.745853923899363003e-01,3.089276848556754551e-02,9.662020045014330094e-02,1.000000000000001332e+00,-5.877844822379536815e-02,4.745853923899363558e-01,4.745853923899363003e-01,-5.877844822379536815e-02,1.000000000000001332e+00,9.662020045014299563e-02,3.089276848556754551e-02,4.745853923899363558e-01,9.662020045014299563e-02,1.000000000000001332e+00
1.000000000000001110e+00,-4.877468824785791135e-03,2.141127272360306977e-01,1.565333775793747995e-01,-4.877468824785791135e-03,1.000000000000001110e+00,-2.039436520209293724e-02,2.141127272360310585e-01,2.141127272360306977e-01,-2.039436520209293724e-02,1.000000000000001110e+00,-4.877468824786804213e-03,1.565333775793747995e-01,2.141127272360310585e-01,-4.877468824786804213e-03,1.000000000000001110e+00
1.000000000000000888e+00,-7.397496900556066457e-02,2.157061986947652332e-01,4.999088697800774250e-01,-7.397496900556066457e-02,1.000000000000000888e+00,1.847022011213010628e-01,2.157061986947660381e-01,2.157061986947652332e-01,1.847022011213010628e-01,1.000000000000000888e+00,-7.397496900556152499e-02,4.999088697800774250e-01,2.157061986947660381e-01,-7.397496900556152499e-02,1.000000000000000888e+00
1.000000000000001332e+00,-2.863878778923645285e-02,3.426719084298687212e-01,6.063652935178522885e-01,-2.863878778923645285e-02,1.000000000000001332e+00,3.945293681755227544e-01,3.426719084298693319e-01,3.426719084298687212e-01,3.945293681755227544e-01,1.000000000000001332e+00,-2.863878778923706347e-02,6.063652935178522885e-01,3.426719084298693319e-01,-2.863878778923706347e-02,1.000000000000001332e+00
1.000000000000001110e+00,2.998672718619793676e-02,3.762958316749154819e-01,2.357696828653612631e-01,2.998672718619793676e-02,1.000000000000001110e+00,5.453877022712019240e-01,3.762958316749155929e-01,3.762958316749154819e-01,5.453877022712019240e-01,1.000000000000001110e+00,2.998672718619738164e-02,2.357696828653612631e-01,3.762958316749155929e-01,2.998672718619738164e-02,1.000000000000001110e+00
1.000000000000000888e+00,7.818706413839915381e-03,2.523557894904434606e-01,-3.690173800958185257e-01,7.818706413839915381e-03,1.000000000000000888e+00,5.916627518712268552e-01,2.523557894904429055e-01,2.523557894904434606e-01,5.916627518712268552e-01,1.000000000000000888e+00,7.818706413839526803e-03,-3.690173800958185257e-01,2.523557894904429055e-01,7.818706413839526803e-03,1.000000000000000888e+00
1.000000000000000888e+00,-8.038201519660620464e-02,1.826209278876591013e-01,-7.306917470181413243e-01,-8.038201519660620464e-02,1.000000000000000888e+00,4.422828526929863391e-01,1.826209278876586295e-01,1.826209278876591013e-01,4.422828526929863391e-01,1.000000000000000888e+00,-8.038201519660609362e-02,-7.306917470181413243e-01,1.826209278876586295e-01,-8.038201519660609362e-02,1.000000000000000888e+00
1.000000000000000888e+00,-2.450061245906094698e-01,3.206305717896254515e-01,-6.213494519752068568e-01,-2.450061245906094698e-01,1.000000000000000888e+00,1.864157071892834361e-01,3.206305717896251739e-01,3.206305717896254515e-01,1.864157071892834361e-01,1.000000000000000888e+00,-2.450061245906098861e-01,-6.213494519752068568e-01,3.206305717896251739e-01,-2.450061245906098861e-01,1.000000000000000888e+00
1.000000000000000888e+00,-4.250964409472388073e-01,4.574068888995570514e-01,-2.559136708237672031e-01,-4.250964409472388073e-01,1.000000000000000888e+00,-5.062954824887146849e-02,4.574068888995574955e-01,4.574068888995570514e-01,-5.062954824887146849e-02,1.000000000000000888e+00,-4.250964409472398620e-01,-2.559136708237672031e-01,4.574068888995574955e-01,-4.250964409472398620e-01,1.000000000000000888e+00
1.000000000000000888e+00,-4.575722723301047790e-01,3.853394230319947544e-01,3.966837922943097783e-02,-4.575722723301047790e-01,1.000000000000000888e+00,-2.726117501380333485e-01,3.853394230319961977e-01,3.853394230319947544e-01,-2.726117501380333485e-01,1.000000000000000888e+00,-4.575722723301055561e-01,3.966837922943097783e-02,3.853394230319961977e-01,-4.575722723301055561e-01,1.000000000000000888e+00
1.000000000000000888e+00,-2.750574623696116494e-01,1.996499375264655651e-01,1.153683533090268665e-01,-2.750574623696116494e-01,1.000000000000000888e+00,-3.501969468512931560e-01,1.996499375264665921e-01,1.996499375264655651e-01,-3.501969468512931560e-01,1.000000000000000888e+00,-2.750574623696124266e-01,1.153683533090268665e-01,1.996499375264665921e-01,-2.750574623696124266e-01,1.000000000000000888e+00
