1.000000000000000000e+00,1.000000000000000000e+00,1.000000000000000000e+00,1.000000000000000000e+00,1.000000000000000000e+00,1.000000000000000000e+00,1.000000000000000000e+00,1.000000000000000000e+00,1.000000000000000000e+00
9.999999999999998890e-01,7.841894105581210805e-01,7.850629421482534509e-01,7.841894105581210805e-01,9.999999999999998890e-01,7.841894105581209695e-01,7.850629421482534509e-01,7.841894105581209695e-01,9.999999999999998890e-01
1.000000000000000000e+00,2.960997188367637811e-01,3.392952545433883804e-01,2.960997188367637811e-01,1.000000000000000000e+00,2.960997188367636701e-01,3.392952545433883804e-01,2.960997188367636701e-01,1.000000000000000000e+00
1.000000000000000000e+00,-2.151021177402339668e-01,9.923699397202734307e-02,-2.151021177402339668e-01,1.000000000000000000e+00,-2.151021177402339668e-01,9.923699397202734307e-02,-2.151021177402339668e-01,1.000000000000000000e+00
9.999999999999997780e-01,-6.114017895522123602e-01,3.280729470822284499e-01,-6.114017895522123602e-01,9.999999999999997780e-01,-6.114017895522124713e-01,3.280729470822284499e-01,-6.114017895522124713e-01,9.999999999999997780e-01
9.999999999999996669e-01,-7.785286662838930560e-01,8.076131644980097946e-01,-7.785286662838930560e-01,9.999999999999996669e-01,-7.785286662838930560e-01,8.076131644980097946e-01,-7.785286662838930560e-01,9.999999999999996669e-01
9.999999999999996669e-01,-6.732347156154878665e-01,9.810770342541051958e-01,-6.732347156154878665e-01,9.999999999999996669e-01,-6.732347156154878665e-01,9.810770342541051958e-01,-6.732347156154878665e-01,9.999999999999996669e-01
9.999999999999997780e-01,-4.200940396338990745e-01,5.559552736449937527e-01,-4.200940396338990745e-01,9.999999999999997780e-01,-4.200940396338991856e-01,5.559552736449937527e-01,-4.200940396338991856e-01,9.999999999999997780e-01
1.000000000000000000e+00,-2.102394203468391232e-01,-1.884873626690590775e-01,-2.102394203468391232e-01,1.000000000000000000e+00,-2.102394203468388456e-01,-1.884873626690590775e-01,-2.102394203468388456e-01,1.000000000000000000e+00
1.000000000000000000e+00,-9.778861484485257272e-02,-6.572000284471924969e-01,-9.778861484485257272e-02,1.000000000000000000e+00,-9.778861484485235067e-02,-6.572000284471924969e-01,-9.778861484485235067e-02,1.000000000000000000e+00
1.000000000000000000e+00,-1.213704765809276998e-01,-4.836301541512408875e-01,-1.213704765809276998e-01,1.000000000000000000e+00,-1.213704765809274777e-01,-4.836301541512408875e-01,-1.213704765809274777e-01,1.000000000000000000e+00
1.000000000000000222e+00,-2.874747792109400568e-01,1.469323022098507348e-01,-2.874747792109400568e-01,1.000000000000000222e+00,-2.874747792109399458e-01,1.469323022098507348e-01,-2.874747792109399458e-01,1.000000000000000222e+00
1.000000000000000222e+00,-5.005473345085900139e-01,7.191393787978916929e-01,-5.005473345085900139e-01,1.000000000000000222e+00,-5.005473345085899028e-01,7.191393787978916929e-01,-5.005473345085899028e-01,1.000000000000000222e+00
9.999999999999998890e-01,-6.690108401094203572e-01,8.633975254455783510e-01,-6.690108401094203572e-01,9.999999999999998890e-01,-6.690108401094202462e-01,8.633975254455783510e-01,-6.690108401094202462e-01,9.999999999999998890e-01
9.999999999999997780e-01,-7.548012998265501983e-01,6.301164616641703464e-01,-7.548012998265501983e-01,9.999999999999997780e-01,-7.548012998265504203e-01,6.301164616641703464e-01,-7.548012998265504203e-01,9.999999999999997780e-01
9.999999999999998890e-01,-6.106171123571907389e-01,3.406410958312076076e-01,-6.106171123571907389e-01,9.999999999999998890e-01,-6.106171123571908499e-01,3.406410958312076076e-01,-6.106171123571908499e-01,9.999999999999998890e-01
1.000000000000000000e+00,-1.613318091976334301e-01,2.945559768544918633e-01,-1.613318091976334301e-01,1.000000000000000000e+00,-1.613318091976332913e-01,2.945559768544918633e-01,-1.613318091976332913e-01,1.000000000000000000e+00
9.999999999999996669e-01,3.969077278954421528e-01,5.607465415314286661e-01,3.969077278954421528e-01,9.999999999999996669e-01,3.969077278954422638e-01,5.607465415314286661e-01,3.969077278954422638e-01,9.999999999999996669e-01
9.999999999999998890e-01,7.696672896134975073e-01,8.660124202012458028e-01,7.696672896134975073e-01,9.999999999999998890e-01,7.696672896134976183e-01,8.660124202012458028e-01,7.696672896134976183e-01,9.999999999999998890e-01
1.000000000000000000e+00,8.425714263808650184e-01,8.577500162063216305e-01,8.425714263808650184e-01,1.000000000000000000e+00,8.425714263808651294e-01,8.577500162063216305e-01,8.425714263808651294e-01,1.000000000000000000e+00
9.999999999999997780e-01,6.193574326364692517e-01,4.893536136635519007e-01,6.193574326364692517e-01,9.999999999999997780e-01,6.193574326364691407e-01,4.893536136635519007e-01,6.193574326364691407e-01,9.999999999999997780e-01
1.000000000000000000e+00,1.607304401325592713e-01,1.084133050414862742e-01,1.607304401325592713e-01,1.000000000000000000e+00,1.607304401325589938e-01,1.084133050414862742e-01,1.607304401325589938e-01,1.000000000000000000e+00
9.999999999999998890e-01,-3.006094787439406724e-01,9.420389328013255292e-02,-3.006094787439406724e-01,9.999999999999998890e-01,-3.006094787439407279e-01,9.420389328013255292e-02,-3.006094787439407279e-01,9.999999999999998890e-01
9.999999999999996669e-01,-5.487962023077600504e-01,4.574025026978479347e-01,-5.487962023077600504e-01,9.999999999999996669e-01,-5.487962023077597173e-01,4.574025026978479347e-01,-5.487962023077597173e-01,9.999999999999996669e-01
9.999999999999996669e-01,-5.763977413110811243e-01,8.369394310798449199e-01,-5.763977413110811243e-01,9.999999999999996669e-01,-5.763977413110810133e-01,8.369394310798449199e-01,-5.763977413110810133e-01,9.999999999999996669e-01
9.999999999999994449e-01,-4.760766084770306494e-01,8.438430420154552358e-01,-4.760766084770306494e-01,9.999999999999994449e-01,-4.760766084770308160e-01,8.438430420154552358e-01,-4.760766084770308160e-01,9.999999999999994449e-01
9.999999999999992228e-01,-3.194393334506260285e-01,3.895888006990802510e-01,-3.194393334506260285e-01,9.999999999999992228e-01,-3.194393334506260840e-01,3.895888006990802510e-01,-3.194393334506260840e-01,9.999999999999992228e-01
9.999999999999991118e-01,-1.857821354836241556e-01,-2.023492928428108351e-01,-1.857821354836241556e-01,9.999999999999991118e-01,-1.857821354836242667e-01,-2.023492928428108351e-01,-1.857821354836242667e-01,9.999999999999991118e-01
9.999999999999988898e-01,-1.439905801103162353e-01,-4.665811101603785094e-01,-1.439905801103162353e-01,9.999999999999988898e-01,-1.439905801103165128e-01,-4.665811101603785094e-01,-1.439905801103165128e-01,9.999999999999988898e-01
9.999999999999991118e-01,-1.659767097374539868e-01,-1.858334087927042133e-01,-1.659767097374539868e-01,9.999999999999991118e-01,-1.659767097374540701e-01,-1.858334087927042133e-01,-1.659767097374540701e-01,9.999999999999991118e-01
9.999999999999991118e-01,-2.762526991158523182e-01,4.369515328648196917e-01,-2.762526991158523182e-01,9.999999999999991118e-01,-2.762526991158525402e-01,4.369515328648196917e-01,-2.762526991158525402e-01,9.999999999999991118e-01
9.999999999999993339e-01,-5.094092014559737924e-01,9.003296892782126637e-01,-5.094092014559737924e-01,9.999999999999993339e-01,-5.094092014559739034e-01,9.003296892782126637e-01,-5.094092014559739034e-01,9.999999999999993339e-01
9.999999999999993339e-01,-7.056009678605146274e-01,8.375539997056653529e-01,-7.056009678605146274e-01,9.999999999999993339e-01,-7.056009678605144053e-01,8.375539997056653529e-01,-7.056009678605144053e-01,9.999999999999993339e-01
9.999999999999993339e-01,-6.718400766625927112e-01,3.780974056588761734e-01,-6.718400766625927112e-01,9.999999999999993339e-01,-6.718400766625922671e-01,3.780974056588761734e-01,-6.718400766625922671e-01,9.999999999999993339e-01
9.999999999999995559e-01,-4.293992335994216702e-01,6.568568131776117425e-02,-4.293992335994216702e-01,9.999999999999995559e-01,-4.293992335994213372e-01,6.568568131776117425e-02,-4.293992335994213372e-01,9.999999999999995559e-01
9.999999999999995559e-01,-7.878952508048575609e-02,2.546761097387941764e-01,-7.878952508048575609e-02,9.999999999999995559e-01,-7.878952508048590875e-02,2.546761097387941764e-01,-7.878952508048590875e-02,9.999999999999995559e-01
9.999999999999995559e-01,3.065877535708201318e-01,7.258042424618234012e-01,3.065877535708201318e-01,9.999999999999995559e-01,3.065877535708200763e-01,7.258042424618234012e-01,3.065877535708200763e-01,9.999999999999995559e-01
9.999999999999998890e-01,5.676700486340539031e-01,9.757844919891630608e-01,5.676700486340539031e-01,9.999999999999998890e-01,5.676700486340539031e-01,9.757844919891630608e-01,5.676700486340539031e-01,9.999999999999998890e-01
1.000000000000000000e+00,5.438665439396489498e-01,7.304369832701578247e-01,5.438665439396489498e-01,1.000000000000000000e+00,5.438665439396488388e-01,7.304369832701578247e-01,5.438665439396488388e-01,1.000000000000000000e+00
1.000000000000000000e+00,2.834756133197924854e-01,2.024612293647655992e-01,2.834756133197924854e-01,1.000000000000000000e+00,2.834756133197925410e-01,2.024612293647655992e-01,2.834756133197925410e-01,1.000000000000000000e+00
9.999999999999998890e-01,-2.047100255240547062e-02,-1.273056406295787479e-01,-2.047100255240547062e-02,9.999999999999998890e-01,-2.047100255240560940e-02,-1.273056406295787479e-01,-2.047100255240560940e-02,9.999999999999998890e-01
1.000000000000000000e+00,-2.595864747701765451e-01,4.520047744577196380e-02,-2.595864747701765451e-01,1.000000000000000000e+00,-2.595864747701771558e-01,4.520047744577196380e-02,-2.595864747701771558e-01,1.000000000000000000e+00
1.000000000000000000e+00,-3.466467153766479847e-01,5.744849399605796991e-01,-3.466467153766479847e-01,1.000000000000000000e+00,-3.466467153766485954e-01,5.744849399605796991e-01,-3.466467153766485954e-01,1.000000000000000000e+00
9.999999999999998890e-01,-2.829758157757629178e-01,9.706650068709838930e-01,-2.829758157757629178e-01,9.999999999999998890e-01,-2.829758157757629733e-01,9.706650068709838930e-01,-2.829758157757629733e-01,9.999999999999998890e-01
1.000000000000000444e+00,-1.833373246025074010e-01,8.504827233231400108e-01,-1.833373246025074010e-01,1.000000000000000444e+00,-1.833373246025072900e-01,8.504827233231400108e-01,-1.833373246025072900e-01,1.000000000000000444e+00
1.000000000000000444e+00,-1.433621529225298508e-01,2.973343904845054952e-01,-1.433621529225298508e-01,1.000000000000000444e+00,-1.433621529225296287e-01,2.973343904845054952e-01,-1.433621529225296287e-01,1.000000000000000444e+00
1.000000000000000888e+00,-1.424718044308933562e-01,-2.022417983990531520e-01,-1.424718044308933562e-01,1.000000000000000888e+00,-1.424718044308926901e-01,-2.022417983990531520e-01,-1.424718044308926901e-01,1.000000000000000888e+00
1.000000000000000888e+00,-1.863436174411477464e-01,-1.882666595294061607e-01,-1.863436174411477464e-01,1.000000000000000888e+00,-1.863436174411474133e-01,-1.882666595294061607e-01,-1.863436174411474133e-01,1.000000000000000888e+00
1.000000000000000666e+00,-3.172540960298345092e-01,3.149208478596974836e-01,-3.172540960298345092e-01,1.000000000000000666e+00,-3.172540960298346757e-01,3.149208478596974836e-01,-3.172540960298346757e-01,1.000000000000000666e+00
1.000000000000000666e+00,-4.510703195785223940e-01,7.982763630436673363e-01,-4.510703195785223940e-01,1.000000000000000666e+00,-4.510703195785225050e-01,7.982763630436673363e-01,-4.510703195785225050e-01,1.000000000000000666e+00
1.000000000000000444e+00,-5.094005250780014871e-01,8.247292098046345998e-01,-5.094005250780014871e-01,1.000000000000000444e+00,-5.094005250780014871e-01,8.247292098046345998e-01,-5.094005250780014871e-01,1.000000000000000444e+00
1.000000000000000888e+00,-5.465426948026594900e-01,4.383872665493951937e-01,-5.465426948026594900e-01,1.000000000000000888e+00,-5.465426948026597120e-01,4.383872665493951937e-01,-5.465426948026597120e-01,1.000000000000000888e+00
1.000000000000000666e+00,-5.224705177409647572e-01,5.437778998755263271e-02,-5.224705177409647572e-01,1.000000000000000666e+00,-5.224705177409647572e-01,5.437778998755263271e-02,-5.224705177409647572e-01,1.000000000000000666e+00
1.000000000000000888e+00,-3.227390709118453938e-01,1.668200747046322263e-03,-3.227390709118453938e-01,1.000000000000000888e+00,-3.227390709118449497e-01,1.668200747046322263e-03,-3.227390709118449497e-01,1.000000000000000888e+00
1.000000000000001332e+00,-8.512127833133709132e-03,3.059455739459618351e-01,-8.512127833133709132e-03,1.000000000000001332e+00,-8.512127833133167898e-03,3.059455739459618351e-01,-8.512127833133167898e-03,1.000000000000001332e+00
1.000000000000001554e+00,2.172880123653672391e-01,6.912136401420635456e-01,2.172880123653672391e-01,1.000000000000001554e+00,2.172880123653674056e-01,6.912136401420635456e-01,2.172880123653674056e-01,1.000000000000001554e+00
1.000000000000001776e+00,2.624857903111483259e-01,8.010657371355410783e-01,2.624857903111483259e-01,1.000000000000001776e+00,2.624857903111484370e-01,8.010657371355410783e-01,2.624857903111484370e-01,1.000000000000001776e+00
1.000000000000001776e+00,1.421954384535152882e-01,5.279229141294984329e-01,1.421954384535152882e-01,1.000000000000001776e+00,1.421954384535151217e-01,5.279229141294984329e-01,1.421954384535151217e-01,1.000000000000001776e+00
1.000000000000001554e+00,-5.857315534888002384e-02,1.167397243182755062e-01,-5.857315534888002384e-02,1.000000000000001554e+00,-5.857315534888073855e-02,1.167397243182755062e-01,-5.857315534888073855e-02,1.000000000000001554e+00
1.000000000000001554e+00,-1.877829845116807950e-01,-3.332016923952489662e-02,-1.877829845116807950e-01,1.000000000000001554e+00,-1.877829845116811835e-01,-3.332016923952489662e-02,-1.877829845116811835e-01,1.000000000000001554e+00
1.000000000000001332e+00,-1.366366531299871845e-01,2.545548418844900684e-01,-1.366366531299871845e-01,1.000000000000001332e+00,-1.366366531299871012e-01,2.545548418844900684e-01,-1.366366531299871012e-01,1.000000000000001332e+00
1.000000000000001110e+00,-1.060601728531590515e-02,7.306790339878012075e-01,-1.060601728531590515e-02,1.000000000000001110e+00,-1.060601728531573862e-02,7.306790339878012075e-01,-1.060601728531573862e-02,1.000000000000001110e+00
1.000000000000001110e+00,8.800234377920779227e-02,9.479902632761894044e-01,8.800234377920779227e-02,1.000000000000001110e+00,8.800234377920773676e-02,9.479902632761894044e-01,8.800234377920773676e-02,1.000000000000001110e+00
1.000000000000000888e+00,1.149453879578218318e-01,6.918756547464459672e-01,1.149453879578218318e-01,1.000000000000000888e+00,1.149453879578222204e-01,6.918756547464459672e-01,1.149453879578222204e-01,1.000000000000000888e+00
1.000000000000001110e+00,2.437984996063796705e-02,2.184265175211680399e-01,2.437984996063796705e-02,1.000000000000001110e+00,2.437984996063806420e-02,2.184265175211680399e-01,2.437984996063806420e-02,1.000000000000001110e+00
1.000000000000001110e+00,-1.846009983139692556e-01,-1.571074678813551284e-02,-1.846009983139692556e-01,1.000000000000001110e+00,-1.846009983139695887e-01,-1.571074678813551284e-02,-1.846009983139695887e-01,1.000000000000001110e+00
1.000000000000000888e+00,-3.751954640308626798e-01,1.884445750409955433e-01,-3.751954640308626798e-01,1.000000000000000888e+00,-3.751954640308625133e-01,1.884445750409955433e-01,-3.751954640308625133e-01,1.000000000000000888e+00
1.000000000000000888e+00,-4.672704876742214131e-01,6.286345230186300981e-01,-4.672704876742214131e-01,1.000000000000000888e+00,-4.672704876742210800e-01,6.286345230186300981e-01,-4.672704876742210800e-01,1.000000000000000888e+00
1.000000000000000888e+00,-5.474739182260099923e-01,9.013096172465722145e-01,-5.474739182260099923e-01,1.000000000000000888e+00,-5.474739182260099923e-01,9.013096172465722145e-01,-5.474739182260099923e-01,1.000000000000000888e+00
1.000000000000001110e+00,-6.032598386634154819e-01,7.028826837720495435e-01,-6.032598386634154819e-01,1.000000000000001110e+00,-6.032598386634155929e-01,7.028826837720495435e-01,-6.032598386634155929e-01,1.000000000000001110e+00
1.000000000000001110e+00,-5.114689555771758656e-01,1.304017848154550296e-01,-5.114689555771758656e-01,1.000000000000001110e+00,-5.114689555771755325e-01,1.304017848154550296e-01,-5.114689555771755325e-01,1.000000000000001110e+00
1.000000000000001332e+00,-2.983165765178713014e-01,-3.399542877595727042e-01,-2.983165765178713014e-01,1.000000000000001332e+00,-2.983165765178716344e-01,-3.399542877595727042e-01,-2.983165765178716344e-01,1.000000000000001332e+00
1.000000000000001332e+00,-7.919266834239641062e-02,-2.565461567883343674e-01,-7.919266834239641062e-02,1.000000000000001332e+00,-7.919266834239724329e-02,-2.565461567883343674e-01,-7.919266834239724329e-02,1.000000000000001332e+00
1.000000000000001332e+00,7.367910046664133406e-02,3.102281564153065441e-01,7.367910046664133406e-02,1.000000000000001332e+00,7.367910046664070955e-02,3.102281564153065441e-01,7.367910046664070955e-02,1.000000000000001332e+00
1.000000000000001110e+00,9.561989737761628083e-02,8.387356196728619206e-01,9.561989737761628083e-02,1.000000000000001110e+00,9.561989737761614205e-02,8.387356196728619206e-01,9.561989737761614205e-02,1.000000000000001110e+00
1.000000000000001332e+00,-4.340859764910312557e-02,8.648322466172313483e-01,-4.340859764910312557e-02,1.000000000000001332e+00,-4.340859764910323659e-02,8.648322466172313483e-01,-4.340859764910323659e-02,1.000000000000001332e+00
1.000000000000001110e+00,-2.238359634311339885e-01,4.263267069985791080e-01,-2.238359634311339885e-01,1.000000000000001110e+00,-2.238359634311332669e-01,4.263267069985791080e-01,-2.238359634311332669e-01,1.000000000000001110e+00
1.000000000000001110e+00,-3.024084086098848823e-01,2.906213549518898986e-02,-3.024084086098848823e-01,1.000000000000001110e+00,-3.024084086098840496e-01,2.906213549518898986e-02,-3.024084086098840496e-01,1.000000000000001110e+00
1.000000000000001332e+00,-2.359352389675654360e-01,9.456116981421541778e-02,-2.359352389675654360e-01,1.000000000000001332e+00,-2.359352389675655748e-01,9.456116981421541778e-02,-2.359352389675655748e-01,1.000000000000001332e+00
1.000000000000000888e+00,-2.401669100891279385e-02,5.509351325745071026e-01,-2.401669100891279385e-02,1.000000000000000888e+00,-2.401669100891312691e-02,5.509351325745071026e-01,-2.401669100891312691e-02,1.000000000000000888e+00
1.000000000000000888e+00,2.789106532806236438e-01,9.461868554808687826e-01,2.789106532806236438e-01,1.000000000000000888e+00,2.789106532806236993e-01,9.461868554808687826e-01,2.789106532806236993e-01,1.000000000000000888e+00
1.000000000000000888e+00,4.470051484957637267e-01,9.106702038638243568e-01,4.470051484957637267e-01,1.000000000000000888e+00,4.470051484957635601e-01,9.106702038638243568e-01,4.470051484957635601e-01,1.000000000000000888e+00
1.000000000000001554e+00,3.415486795414992560e-01,4.856485858709922443e-01,3.415486795414992560e-01,1.000000000000001554e+00,3.415486795414988119e-01,4.856485858709922443e-01,3.415486795414988119e-01,1.000000000000001554e+00
1.000000000000001332e+00,5.979623904568182047e-02,5.160083504282756556e-02,5.979623904568182047e-02,1.000000000000001332e+00,5.979623904568193843e-02,5.160083504282756556e-02,5.979623904568193843e-02,1.000000000000001332e+00
1.000000000000001332e+00,-2.574327414598550634e-01,1.671522128094223708e-02,-2.574327414598550634e-01,1.000000000000001332e+00,-2.574327414598547858e-01,1.671522128094223708e-02,-2.574327414598547858e-01,1.000000000000001332e+00
1.000000000000001554e+00,-5.579866909313854206e-01,4.411384920673205867e-01,-5.579866909313854206e-01,1.000000000000001554e+00,-5.579866909313858647e-01,4.411384920673205867e-01,-5.579866909313858647e-01,1.000000000000001554e+00
1.000000000000001332e+00,-7.536483862859217897e-01,9.054425987514371776e-01,-7.536483862859217897e-01,1.000000000000001332e+00,-7.536483862859220118e-01,9.054425987514371776e-01,-7.536483862859220118e-01,1.000000000000001332e+00
1.000000000000001332e+00,-7.349397535324178055e-01,9.013167078309112235e-01,-7.349397535324178055e-01,1.000000000000001332e+00,-7.349397535324175834e-01,9.013167078309112235e-01,-7.349397535324175834e-01,1.000000000000001332e+00
1.000000000000001110e+00,-5.738500948159450665e-01,3.669857217320982579e-01,-5.738500948159450665e-01,1.000000000000001110e+00,-5.738500948159448445e-01,3.669857217320982579e-01,-5.738500948159448445e-01,1.000000000000001110e+00
1.000000000000000888e+00,-3.570134426639367531e-01,-2.532317408022969341e-01,-3.570134426639367531e-01,1.000000000000000888e+00,-3.570134426639361425e-01,-2.532317408022969341e-01,-3.570134426639361425e-01,1.000000000000000888e+00
1.000000000000001110e+00,-9.820452332889456626e-02,-4.497685771216410888e-01,-9.820452332889456626e-02,1.000000000000001110e+00,-9.820452332889328950e-02,-4.497685771216410888e-01,-9.820452332889328950e-02,1.000000000000001110e+00
1.000000000000000666e+00,1.212873906537275670e-01,-1.090518232159091438e-01,1.212873906537275670e-01,1.000000000000000666e+00,1.212873906537290658e-01,-1.090518232159091438e-01,1.212873906537290658e-01,1.000000000000000666e+00
1.000000000000001110e+00,1.764795168438799966e-01,4.502638762878876100e-01,1.764795168438799966e-01,1.000000000000001110e+00,1.764795168438808015e-01,4.502638762878876100e-01,1.764795168438808015e-01,1.000000000000001110e+00
1.000000000000000666e+00,4.907788656278780359e-02,7.850396861595694276e-01,4.907788656278780359e-02,1.000000000000000666e+00,4.907788656278821993e-02,7.850396861595694276e-01,4.907788656278821993e-02,1.000000000000000666e+00
1.000000000000000888e+00,-2.068394691969155375e-01,7.261395193811988058e-01,-2.068394691969155375e-01,1.000000000000000888e+00,-2.068394691969158428e-01,7.261395193811988058e-01,-2.068394691969158428e-01,1.000000000000000888e+00
1.000000000000000888e+00,-4.701046523914441666e-01,4.618872110324770963e-01,-4.701046523914441666e-01,1.000000000000000888e+00,-4.701046523914457209e-01,4.618872110324770963e-01,-4.701046523914457209e-01,1.000000000000000888e+00
1.000000000000000666e+00,-5.212020242943629089e-01,2.953159952046213732e-01,-5.212020242943629089e-01,1.000000000000000666e+00,-5.212020242943641302e-01,2.953159952046213732e-01,-5.212020242943641302e-01,1.000000000000000666e+00
1.000000000000000666e+00,-2.439870108500260260e-01,4.234902914917909600e-01,-2.439870108500260260e-01,1.000000000000000666e+00,-2.439870108500261370e-01,4.234902914917909600e-01,-2.439870108500261370e-01,1.000000000000000666e+00
1.000000000000001332e+00,1.713225964676655666e-01,7.402212901002916956e-01,1.713225964676655666e-01,1.000000000000001332e+00,1.713225964676658442e-01,7.402212901002916956e-01,1.713225964676658442e-01,1.000000000000001332e+00
1.000000000000001332e+00,4.689813849836733661e-01,9.064456794502985248e-01,4.689813849836733661e-01,1.000000000000001332e+00,4.689813849836735327e-01,9.064456794502985248e-01,4.689813849836735327e-01,1.000000000000001332e+00
1.000000000000001332e+00,5.606705529235996854e-01,6.632106436609976896e-01,5.606705529235996854e-01,1.000000000000001332e+00,5.606705529236006846e-01,6.632106436609976896e-01,5.606705529236006846e-01,1.000000000000001332e+00
1.000000000000001332e+00,4.052502941505082834e-01,1.651191653723785291e-01,4.052502941505082834e-01,1.000000000000001332e+00,4.052502941505092271e-01,1.651191653723785291e-01,4.052502941505092271e-01,1.000000000000001332e+00
1.000000000000000888e+00,1.370881954495112298e-02,-1.184082033503492670e-01,1.370881954495112298e-02,1.000000000000000888e+00,1.370881954495159483e-02,-1.184082033503492670e-01,1.370881954495159483e-02,1.000000000000000888e+00
1.000000000000000888e+00,-4.341150373984841160e-01,9.784588514859016151e-02,-4.341150373984841160e-01,1.000000000000000888e+00,-4.341150373984832278e-01,9.784588514859016151e-02,-4.341150373984832278e-01,1.000000000000000888e+00
1.000000000000001110e+00,-7.423560300422050728e-01,6.143807455358888392e-01,-7.423560300422050728e-01,1.000000000000001110e+00,-7.423560300422038516e-01,6.143807455358888392e-01,-7.423560300422038516e-01,1.000000000000001110e+00
1.000000000000000888e+00,-8.670973259625052165e-01,9.551241432005783683e-01,-8.670973259625052165e-01,1.000000000000000888e+00,-8.670973259625051055e-01,9.551241432005783683e-01,-8.670973259625051055e-01,1.000000000000000888e+00
1.000000000000001110e+00,-8.285349930248853134e-01,7.788641888851554063e-01,-8.285349930248853134e-01,1.000000000000001110e+00,-8.285349930248857575e-01,7.788641888851554063e-01,-8.285349930248857575e-01,1.000000000000001110e+00
1.000000000000001332e+00,-5.814892725045951449e-01,1.789912105142408560e-01,-5.814892725045951449e-01,1.000000000000001332e+00,-5.814892725045954780e-01,1.789912105142408560e-01,-5.814892725045954780e-01,1.000000000000001332e+00
1.000000000000001110e+00,-2.128105340342271723e-01,-3.789978705949761384e-01,-2.128105340342271723e-01,1.000000000000001110e+00,-2.128105340342283935e-01,-3.789978705949761384e-01,-2.128105340342283935e-01,1.000000000000001110e+00
1.000000000000001110e+00,1.367220828198120741e-01,-4.385073030434400998e-01,1.367220828198120741e-01,1.000000000000001110e+00,1.367220828198097704e-01,-4.385073030434400998e-01,1.367220828198097704e-01,1.000000000000001110e+00
1.000000000000001332e+00,3.517943218835469787e-01,5.285893590387610863e-02,3.517943218835469787e-01,1.000000000000001332e+00,3.517943218835452024e-01,5.285893590387610863e-02,3.517943218835452024e-01,1.000000000000001332e+00
1.000000000000001554e+00,3.164064703293497649e-01,6.937652513158509837e-01,3.164064703293497649e-01,1.000000000000001554e+00,3.164064703293488212e-01,6.937652513158509837e-01,3.164064703293488212e-01,1.000000000000001554e+00
1.000000000000001332e+00,4.728766252933502834e-03,9.794381227000172885e-01,4.728766252933502834e-03,1.000000000000001332e+00,4.728766252933183645e-03,9.794381227000172885e-01,4.728766252933183645e-03,1.000000000000001332e+00
1.000000000000001332e+00,-3.669529872162383688e-01,7.432556077152950857e-01,-3.669529872162383688e-01,1.000000000000001332e+00,-3.669529872162372586e-01,7.432556077152950857e-01,-3.669529872162372586e-01,1.000000000000001332e+00
1.000000000000001554e+00,-5.560081236250342673e-01,3.400109078671378349e-01,-5.560081236250342673e-01,1.000000000000001554e+00,-5.560081236250326020e-01,3.400109078671378349e-01,-5.560081236250326020e-01,1.000000000000001554e+00
1.000000000000001554e+00,-5.058881343304716394e-01,2.832484239259143721e-01,-5.058881343304716394e-01,1.000000000000001554e+00,-5.058881343304711953e-01,2.832484239259143721e-01,-5.058881343304711953e-01,1.000000000000001554e+00
1.000000000000001332e+00,-2.462920571114237678e-01,6.336287915021279193e-01,-2.462920571114237678e-01,1.000000000000001332e+00,-2.462920571114242119e-01,6.336287915021279193e-01,-2.462920571114242119e-01,1.000000000000001332e+00
1.000000000000001110e+00,1.712559163420162567e-01,9.677977315396645297e-01,1.712559163420162567e-01,1.000000000000001110e+00,1.712559163420160346e-01,9.677977315396645297e-01,1.712559163420160346e-01,1.000000000000001110e+00
1.000000000000001332e+00,5.184297529004812111e-01,8.482439794829587099e-01,5.184297529004812111e-01,1.000000000000001332e+00,5.184297529004805449e-01,8.482439794829587099e-01,5.184297529004805449e-01,1.000000000000001332e+00
1.000000000000001554e+00,5.509564852699713189e-01,3.071968293423236185e-01,5.509564852699713189e-01,1.000000000000001554e+00,5.509564852699699866e-01,3.071968293423236185e-01,5.509564852699699866e-01,1.000000000000001554e+00
1.000000000000001554e+00,2.794641507653676249e-01,-2.183752591354737316e-01,2.794641507653676249e-01,1.000000000000001554e+00,2.794641507653667367e-01,-2.183752591354737316e-01,2.794641507653667367e-01,1.000000000000001554e+00
1.000000000000001554e+00,-1.346497999229567255e-01,-2.916522077291969772e-01,-1.346497999229567255e-01,1.000000000000001554e+00,-1.346497999229574749e-01,-2.916522077291969772e-01,-1.346497999229574749e-01,1.000000000000001554e+00
1.000000000000001554e+00,-5.573603098407188261e-01,1.594010071631027925e-01,-5.573603098407188261e-01,1.000000000000001554e+00,-5.573603098407203804e-01,1.594010071631027925e-01,-5.573603098407203804e-01,1.000000000000001554e+00
1.000000000000001776e+00,-8.510783769810317256e-01,7.576478291389535658e-01,-8.510783769810317256e-01,1.000000000000001776e+00,-8.510783769810327248e-01,7.576478291389535658e-01,-8.510783769810327248e-01,1.000000000000001776e+00
1.000000000000001776e+00,-9.118502070115437341e-01,9.826094659091670902e-01,-9.118502070115437341e-01,1.000000000000001776e+00,-9.118502070115437341e-01,9.826094659091670902e-01,-9.118502070115437341e-01,1.000000000000001776e+00
1.000000000000001776e+00,-7.537203695659082658e-01,6.399330028492474787e-01,-7.537203695659082658e-01,1.000000000000001776e+00,-7.537203695659079328e-01,6.399330028492474787e-01,-7.537203695659079328e-01,1.000000000000001776e+00
1.000000000000001332e+00,-4.558428688788450645e-01,3.144569240718461667e-02,-4.558428688788450645e-01,1.000000000000001332e+00,-4.558428688788442873e-01,3.144569240718461667e-02,-4.558428688788442873e-01,1.000000000000001332e+00
1.000000000000000888e+00,-4.839812292688661088e-02,-3.072337849109076924e-01,-4.839812292688661088e-02,1.000000000000000888e+00,-4.839812292688484840e-02,-3.072337849109076924e-01,-4.839812292688484840e-02,1.000000000000000888e+00
1.000000000000001332e+00,3.055096312377797996e-01,-8.922347136857569638e-02,3.055096312377797996e-01,1.000000000000001332e+00,3.055096312377812984e-01,-8.922347136857569638e-02,3.055096312377812984e-01,1.000000000000001332e+00
1.000000000000001110e+00,4.304538241038020630e-01,4.625610248019180748e-01,4.304538241038020630e-01,1.000000000000001110e+00,4.304538241038027846e-01,4.625610248019180748e-01,4.304538241038027846e-01,1.000000000000001110e+00
1.000000000000001110e+00,3.153449104013872351e-01,8.488547975709258564e-01,3.153449104013872351e-01,1.000000000000001110e+00,3.153449104013876791e-01,8.488547975709258564e-01,3.153449104013876791e-01,1.000000000000001110e+00
1.000000000000001110e+00,2.765660749953596093e-02,8.065609518872324246e-01,2.765660749953596093e-02,1.000000000000001110e+00,2.765660749953613440e-02,8.065609518872324246e-01,2.765660749953613440e-02,1.000000000000001110e+00
1.000000000000001332e+00,-3.504925283738998809e-01,5.324405453223435281e-01,-3.504925283738998809e-01,1.000000000000001332e+00,-3.504925283739011577e-01,5.324405453223435281e-01,-3.504925283739011577e-01,1.000000000000001332e+00
1.000000000000001110e+00,-5.992903287302775439e-01,3.704466968681474626e-01,-5.992903287302775439e-01,1.000000000000001110e+00,-5.992903287302786541e-01,3.704466968681474626e-01,-5.992903287302786541e-01,1.000000000000001110e+00
1.000000000000001110e+00,-5.003510028744295735e-01,4.712450456726353654e-01,-5.003510028744295735e-01,1.000000000000001110e+00,-5.003510028744290183e-01,4.712450456726353654e-01,-5.003510028744290183e-01,1.000000000000001110e+00
1.000000000000001332e+00,-1.410317891678835034e-01,7.209498783543363265e-01,-1.410317891678835034e-01,1.000000000000001332e+00,-1.410317891678826707e-01,7.209498783543363265e-01,-1.410317891678826707e-01,1.000000000000001332e+00
1.000000000000001554e+00,2.035588246029442494e-01,8.223838329794018742e-01,2.035588246029442494e-01,1.000000000000001554e+00,2.035588246029444437e-01,8.223838329794018742e-01,2.035588246029444437e-01,1.000000000000001554e+00
1.000000000000001554e+00,3.748305929898979594e-01,5.632546358604407777e-01,3.748305929898979594e-01,1.000000000000001554e+00,3.748305929898984590e-01,5.632546358604407777e-01,3.748305929898984590e-01,1.000000000000001554e+00
1.000000000000000888e+00,3.231130691639145791e-01,3.092898955552952911e-02,3.231130691639145791e-01,1.000000000000000888e+00,3.231130691639149677e-01,3.092898955552952911e-02,3.231130691639149677e-01,1.000000000000000888e+00
1.000000000000000888e+00,5.377085822815719229e-02,-3.683382302761365468e-01,5.377085822815719229e-02,1.000000000000000888e+00,5.377085822815702576e-02,-3.683382302761365468e-01,5.377085822815702576e-02,1.000000000000000888e+00
1.000000000000000888e+00,-2.979058986572473700e-01,-2.611666758192768278e-01,-2.979058986572473700e-01,1.000000000000000888e+00,-2.979058986572469259e-01,-2.611666758192768278e-01,-2.979058986572469259e-01,1.000000000000000888e+00
1.000000000000000888e+00,-5.887839521911337748e-01,3.022155201636703703e-01,-5.887839521911337748e-01,1.000000000000000888e+00,-5.887839521911324425e-01,3.022155201636703703e-01,-5.887839521911324425e-01,1.000000000000000888e+00
1.000000000000000888e+00,-7.675262897392711725e-01,8.626521012370744756e-01,-7.675262897392711725e-01,1.000000000000000888e+00,-7.675262897392703954e-01,8.626521012370744756e-01,-7.675262897392703954e-01,1.000000000000000888e+00
1.000000000000000666e+00,-7.928454189593051593e-01,9.434579260576689830e-01,-7.928454189593051593e-01,1.000000000000000666e+00,-7.928454189593050483e-01,9.434579260576689830e-01,-7.928454189593050483e-01,1.000000000000000666e+00
1.000000000000000888e+00,-6.102370338813317696e-01,5.083375033417759647e-01,-6.102370338813317696e-01,1.000000000000000888e+00,-6.102370338813314365e-01,5.083375033417759647e-01,-6.102370338813314365e-01,1.000000000000000888e+00
1.000000000000000444e+00,-2.849231214531721124e-01,-2.730799652081866702e-03,-2.849231214531721124e-01,1.000000000000000444e+00,-2.849231214531724454e-01,-2.730799652081866702e-03,-2.849231214531724454e-01,1.000000000000000444e+00
1.000000000000000888e+00,4.166821079839805320e-02,-1.112574113949593435e-01,4.166821079839805320e-02,1.000000000000000888e+00,4.166821079839665848e-02,-1.112574113949593435e-01,4.166821079839665848e-02,1.000000000000000888e+00
1.000000000000001332e+00,3.163013193127587330e-01,2.557215394380497608e-01,3.163013193127587330e-01,1.000000000000001332e+00,3.163013193127576228e-01,2.557215394380497608e-01,3.163013193127576228e-01,1.000000000000001332e+00
1.000000000000001554e+00,4.233805834493806763e-01,7.600754506606637317e-01,4.233805834493806763e-01,1.000000000000001554e+00,4.233805834493803988e-01,7.600754506606637317e-01,4.233805834493803988e-01,1.000000000000001554e+00
1.000000000000001332e+00,2.394709387011565160e-01,9.728022514335984416e-01,2.394709387011565160e-01,1.000000000000001332e+00,2.394709387011562107e-01,9.728022514335984416e-01,2.394709387011562107e-01,1.000000000000001332e+00
1.000000000000001110e+00,-1.076590328886263548e-01,7.243363566470432113e-01,-1.076590328886263548e-01,1.000000000000001110e+00,-1.076590328886255915e-01,7.243363566470432113e-01,-1.076590328886255915e-01,1.000000000000001110e+00
1.000000000000001332e+00,-3.608470350633652957e-01,2.609106639808184136e-01,-3.608470350633652957e-01,1.000000000000001332e+00,-3.608470350633631862e-01,2.609106639808184136e-01,-3.608470350633631862e-01,1.000000000000001332e+00
1.000000000000001332e+00,-4.144282012943266702e-01,7.522907035946357901e-02,-4.144282012943266702e-01,1.000000000000001332e+00,-4.144282012943259486e-01,7.522907035946357901e-02,-4.144282012943259486e-01,1.000000000000001332e+00
1.000000000000001332e+00,-3.064788644898960301e-01,3.721893730094830710e-01,-3.064788644898960301e-01,1.000000000000001332e+00,-3.064788644898969738e-01,3.721893730094830710e-01,-3.064788644898969738e-01,1.000000000000001332e+00
1.000000000000001332e+00,-7.056740189638877059e-02,8.163575157507403368e-01,-7.056740189638877059e-02,1.000000000000001332e+00,-7.056740189638932570e-02,8.163575157507403368e-01,-7.056740189638932570e-02,1.000000000000001332e+00
1.000000000000001332e+00,1.564141703179751930e-01,8.830732821116047404e-01,1.564141703179751930e-01,1.000000000000001332e+00,1.564141703179748599e-01,8.830732821116047404e-01,1.564141703179748599e-01,1.000000000000001332e+00
1.000000000000001332e+00,2.092701182088683165e-01,4.071253087230798373e-01,2.092701182088683165e-01,1.000000000000001332e+00,2.092701182088674561e-01,4.071253087230798373e-01,2.092701182088674561e-01,1.000000000000001332e+00
1.000000000000001110e+00,6.890229614554377324e-02,-2.125037123747977041e-01,6.890229614554377324e-02,1.000000000000001110e+00,6.890229614554377324e-02,-2.125037123747977041e-01,6.890229614554377324e-02,1.000000000000001110e+00
1.000000000000001110e+00,-1.719407465011400515e-01,-4.192676887696675236e-01,-1.719407465011400515e-01,1.000000000000001110e+00,-1.719407465011398295e-01,-4.192676887696675236e-01,-1.719407465011398295e-01,1.000000000000001110e+00
1.000000000000001332e+00,-4.353463750606211269e-01,-3.308315594633120388e-02,-4.353463750606211269e-01,1.000000000000001332e+00,-4.353463750606221816e-01,-3.308315594633120388e-02,-4.353463750606221816e-01,1.000000000000001332e+00
1.000000000000001332e+00,-5.963757466521726336e-01,5.987280416483646839e-01,-5.963757466521726336e-01,1.000000000000001332e+00,-5.963757466521739659e-01,5.987280416483646839e-01,-5.963757466521739659e-01,1.000000000000001332e+00
1.000000000000000888e+00,-5.955365911904528797e-01,9.402918225158093390e-01,-5.955365911904528797e-01,1.000000000000000888e+00,-5.955365911904529908e-01,9.402918225158093390e-01,-5.955365911904529908e-01,1.000000000000000888e+00
1.000000000000001110e+00,-5.042491449127555203e-01,7.730014797184225905e-01,-5.042491449127555203e-01,1.000000000000001110e+00,-5.042491449127555203e-01,7.730014797184225905e-01,-5.042491449127555203e-01,1.000000000000001110e+00
1.000000000000001332e+00,-3.872486826841888830e-01,3.118616260216923730e-01,-3.872486826841888830e-01,1.000000000000001332e+00,-3.872486826841889940e-01,3.118616260216923730e-01,-3.872486826841889940e-01,1.000000000000001332e+00
1.000000000000000888e+00,-1.881558850604390654e-01,-2.885484258801446211e-03,-1.881558850604390654e-01,1.000000000000000888e+00,-1.881558850604374833e-01,-2.885484258801446211e-03,-1.881558850604374833e-01,1.000000000000000888e+00
1.000000000000000888e+00,5.415804585632255641e-02,1.260563033224360585e-01,5.415804585632255641e-02,1.000000000000000888e+00,5.415804585632469359e-02,1.260563033224360585e-01,5.415804585632469359e-02,1.000000000000000888e+00
1.000000000000000888e+00,1.703259327020379965e-01,5.918419757290001026e-01,1.703259327020379965e-01,1.000000000000000888e+00,1.703259327020388292e-01,5.918419757290001026e-01,1.703259327020388292e-01,1.000000000000000888e+00
1.000000000000001332e+00,1.347813477765377743e-01,9.368524694689128740e-01,1.347813477765377743e-01,1.000000000000001332e+00,1.347813477765382184e-01,9.368524694689128740e-01,1.347813477765382184e-01,1.000000000000001332e+00
1.000000000000001332e+00,1.941569007647558909e-02,8.134564774275885313e-01,1.941569007647558909e-02,1.000000000000001332e+00,1.941569007647581113e-02,8.134564774275885313e-01,1.941569007647581113e-02,1.000000000000001332e+00
1.000000000000000888e+00,-1.525272980849107229e-01,3.569829544217122952e-01,-1.525272980849107229e-01,1.000000000000000888e+00,-1.525272980849124438e-01,3.569829544217122952e-01,-1.525272980849124438e-01,1.000000000000000888e+00
1.000000000000000666e+00,-2.814755347309441103e-01,2.513369179579197366e-02,-2.814755347309441103e-01,1.000000000000000666e+00,-2.814755347309462752e-01,2.513369179579197366e-02,-2.814755347309462752e-01,1.000000000000000666e+00
1.000000000000000888e+00,-2.312316882136682961e-01,9.838139899506434527e-02,-2.312316882136682961e-01,1.000000000000000888e+00,-2.312316882136684071e-01,9.838139899506434527e-02,-2.312316882136684071e-01,1.000000000000000888e+00
1.000000000000000888e+00,-2.311017457747135961e-02,4.675432709400402231e-01,-2.311017457747135961e-02,1.000000000000000888e+00,-2.311017457747030490e-02,4.675432709400402231e-01,-2.311017457747030490e-02,1.000000000000000888e+00
1.000000000000000888e+00,1.511490428019834631e-01,7.565297803972613755e-01,1.511490428019834631e-01,1.000000000000000888e+00,1.511490428019841847e-01,7.565297803972613755e-01,1.511490428019841847e-01,1.000000000000000888e+00
1.000000000000001110e+00,1.826215811399795053e-01,6.809670502156579541e-01,1.826215811399795053e-01,1.000000000000001110e+00,1.826215811399806155e-01,6.809670502156579541e-01,1.826215811399806155e-01,1.000000000000001110e+00
