1.000000000000000000e+00,1.000000000000000000e+00,1.000000000000000000e+00,1.000000000000000000e+00,1.000000000000000000e+00,1.000000000000000000e+00,1.000000000000000000e+00,1.000000000000000000e+00,1.000000000000000000e+00,1.000000000000000000e+00,1.000000000000000000e+00,1.000000000000000000e+00,1.000000000000000000e+00,1.000000000000000000e+00,1.000000000000000000e+00,1.000000000000000000e+00,1.000000000000000000e+00,1.000000000000000000e+00,1.000000000000000000e+00,1.000000000000000000e+00,1.000000000000000000e+00,1.000000000000000000e+00,1.000000000000000000e+00,1.000000000000000000e+00,1.000000000000000000e+00
1.000000000000000000e+00,7.841890399121077548e-01,7.852660998271935311e-01,7.852639553707525533e-01,7.850606506447039834e-01,7.841890399121077548e-01,1.000000000000000000e+00,7.843682198779017289e-01,7.854691174659576003e-01,7.852639553707526643e-01,7.852660998271935311e-01,7.843682198779017289e-01,1.000000000000000000e+00,7.843682198779018400e-01,7.852660998271937531e-01,7.852639553707525533e-01,7.854691174659576003e-01,7.843682198779018400e-01,1.000000000000000000e+00,7.841890399121077548e-01,7.850606506447039834e-01,7.852639553707526643e-01,7.852660998271937531e-01,7.841890399121077548e-01,1.000000000000000000e+00
1.000000000000000222e+00,2.959810888370314474e-01,3.463041840798501969e-01,3.442798733965960478e-01,3.372709100743649380e-01,2.959810888370314474e-01,1.000000000000000222e+00,3.015227768719267454e-01,3.535924625233962670e-01,3.442798733965960478e-01,3.463041840798501969e-01,3.015227768719267454e-01,1.000000000000000222e+00,3.015227768719267454e-01,3.463041840798500304e-01,3.442798733965960478e-01,3.535924625233962670e-01,3.015227768719267454e-01,1.000000000000000222e+00,2.959810888370313364e-01,3.372709100743649380e-01,3.442798733965960478e-01,3.463041840798500304e-01,2.959810888370313364e-01,1.000000000000000222e+00
1.000000000000000444e+00,-2.171670163985142121e-01,1.125103785121515515e-01,5.909468213062696318e-02,4.524910581886225358e-02,-2.171670163985142121e-01,1.000000000000000444e+00,-1.822394233313464063e-01,1.346610067811347400e-01,5.909468213062707420e-02,1.125103785121515515e-01,-1.822394233313464063e-01,1.000000000000000444e+00,-1.822394233313462397e-01,1.125103785121515654e-01,5.909468213062696318e-02,1.346610067811347400e-01,-1.822394233313462397e-01,1.000000000000000444e+00,-2.171670163985141566e-01,4.524910581886225358e-02,5.909468213062707420e-02,1.125103785121515654e-01,-2.171670163985141566e-01,1.000000000000000444e+00
1.000000000000000666e+00,-6.227598095584812032e-01,2.401154407928591805e-01,-6.089184063851919848e-02,1.269312018489416813e-02,-6.227598095584812032e-01,1.000000000000000666e+00,-4.842688474293461720e-01,2.072565260201616466e-01,-6.089184063851914297e-02,2.401154407928591805e-01,-4.842688474293461720e-01,1.000000000000000666e+00,-4.842688474293460610e-01,2.401154407928590973e-01,-6.089184063851919848e-02,2.072565260201616466e-01,-4.842688474293460610e-01,1.000000000000000666e+00,-6.227598095584812032e-01,1.269312018489416813e-02,-6.089184063851914297e-02,2.401154407928590973e-01,-6.227598095584812032e-01,1.000000000000000666e+00
1.000000000000000888e+00,-7.974635028596830377e-01,4.912235240234821276e-01,-2.062634504069519592e-01,1.062788475020794848e-01,-7.974635028596830377e-01,1.000000000000000888e+00,-5.097859737903025490e-01,3.146445562549324837e-01,-2.062634504069519870e-01,4.912235240234821276e-01,-5.097859737903025490e-01,1.000000000000000888e+00,-5.097859737903023269e-01,4.912235240234819611e-01,-2.062634504069519592e-01,3.146445562549324837e-01,-5.097859737903023269e-01,1.000000000000000888e+00,-7.974635028596830377e-01,1.062788475020794848e-01,-2.062634504069519870e-01,4.912235240234819611e-01,-7.974635028596830377e-01,1.000000000000000888e+00
1.000000000000000444e+00,-6.520578463441369932e-01,5.738046209814666732e-01,-3.017108180162124675e-01,2.959365846066618344e-01,-6.520578463441369932e-01,1.000000000000000444e+00,-3.149729071684589377e-01,3.586715929598391916e-01,-3.017108180162126341e-01,5.738046209814666732e-01,-3.149729071684589377e-01,1.000000000000000444e+00,-3.149729071684588266e-01,5.738046209814666732e-01,-3.017108180162124675e-01,3.586715929598391916e-01,-3.149729071684588266e-01,1.000000000000000444e+00,-6.520578463441369932e-01,2.959365846066618344e-01,-3.017108180162126341e-01,5.738046209814666732e-01,-6.520578463441369932e-01,1.000000000000000444e+00
1.000000000000000444e+00,-2.960477517274316961e-01,3.859693845933805934e-01,-2.192552129870153910e-01,5.202824739542335486e-01,-2.960477517274316961e-01,1.000000000000000444e+00,-4.406337998807571821e-02,4.454670826692138097e-01,-2.192552129870154465e-01,3.859693845933805934e-01,-4.406337998807571821e-02,1.000000000000000444e+00,-4.406337998807556555e-02,3.859693845933804823e-01,-2.192552129870153910e-01,4.454670826692138097e-01,-4.406337998807556555e-02,1.000000000000000444e+00,-2.960477517274315851e-01,5.202824739542335486e-01,-2.192552129870154465e-01,3.859693845933804823e-01,-2.960477517274315851e-01,1.000000000000000444e+00
1.000000000000000666e+00,2.374604350745618264e-02,5.886896831390250884e-02,1.960979977663901419e-02,6.159505733960446427e-01,2.374604350745618264e-02,1.000000000000000666e+00,1.598798816788611354e-01,6.367447006853329539e-01,1.960979977663895868e-02,5.886896831390250884e-02,1.598798816788611354e-01,1.000000000000000666e+00,1.598798816788613020e-01,5.886896831390275864e-02,1.960979977663901419e-02,6.367447006853329539e-01,1.598798816788613020e-01,1.000000000000000666e+00,2.374604350745646020e-02,6.159505733960446427e-01,1.960979977663895868e-02,5.886896831390275864e-02,2.374604350745646020e-02,1.000000000000000666e+00
1.000000000000001110e+00,2.129455133452202165e-01,-1.700896196190646859e-01,2.367097606977662805e-01,4.643689116766265279e-01,2.129455133452202165e-01,1.000000000000001110e+00,2.289844089445602360e-01,7.014532482738410346e-01,2.367097606977662805e-01,-1.700896196190646859e-01,2.289844089445602360e-01,1.000000000000001110e+00,2.289844089445604025e-01,-1.700896196190641585e-01,2.367097606977662805e-01,7.014532482738410346e-01,2.289844089445604025e-01,1.000000000000001110e+00,2.129455133452206606e-01,4.643689116766265279e-01,2.367097606977662805e-01,-1.700896196190641585e-01,2.129455133452206606e-01,1.000000000000001110e+00
1.000000000000001332e+00,2.374282590702474494e-01,-1.524914553155798103e-01,2.734252855448291442e-01,1.365770173960863254e-01,2.374282590702474494e-01,1.000000000000001332e+00,8.280115824455455686e-02,5.726549813346591966e-01,2.734252855448290331e-01,-1.524914553155798103e-01,8.280115824455455686e-02,1.000000000000001332e+00,8.280115824455480666e-02,-1.524914553155795049e-01,2.734252855448291442e-01,5.726549813346591966e-01,8.280115824455480666e-02,1.000000000000001332e+00,2.374282590702479490e-01,1.365770173960863254e-01,2.734252855448290331e-01,-1.524914553155795049e-01,2.374282590702479490e-01,1.000000000000001332e+00
1.000000000000000888e+00,6.252614173795068009e-02,6.595783664501034260e-02,1.829529876178325187e-01,-1.423965549410073361e-01,6.252614173795068009e-02,1.000000000000000888e+00,-2.320053208133392164e-01,4.691622782082100485e-01,1.829529876178322689e-01,6.595783664501034260e-02,-2.320053208133392164e-01,1.000000000000000888e+00,-2.320053208133389944e-01,6.595783664501046750e-02,1.829529876178325187e-01,4.691622782082100485e-01,-2.320053208133389944e-01,1.000000000000000888e+00,6.252614173795090213e-02,-1.423965549410073361e-01,1.829529876178322689e-01,6.595783664501046750e-02,6.252614173795090213e-02,1.000000000000000888e+00
1.000000000000001332e+00,-2.112250969305161097e-01,3.118918901038087999e-01,-3.289363211519116814e-02,-1.804910067249039518e-01,-2.112250969305161097e-01,1.000000000000001332e+00,-5.471226138532727656e-01,4.755211741934671776e-01,-3.289363211519150121e-02,3.118918901038087999e-01,-5.471226138532727656e-01,1.000000000000001332e+00,-5.471226138532726546e-01,3.118918901038087999e-01,-3.289363211519116814e-02,4.755211741934671776e-01,-5.471226138532726546e-01,1.000000000000001332e+00,-2.112250969305159987e-01,-1.804910067249039518e-01,-3.289363211519150121e-02,3.118918901038087999e-01,-2.112250969305159987e-01,1.000000000000001332e+00
1.000000000000001776e+00,-4.395178684412737180e-01,4.699789574425101701e-01,-3.302968109179146294e-01,1.211489560579199348e-01,-4.395178684412737180e-01,1.000000000000001776e+00,-7.352091224400216785e-01,6.176329256189447836e-01,-3.302968109179145739e-01,4.699789574425101701e-01,-7.352091224400216785e-01,1.000000000000001776e+00,-7.352091224400215674e-01,4.699789574425100591e-01,-3.302968109179146294e-01,6.176329256189447836e-01,-7.352091224400215674e-01,1.000000000000001776e+00,-4.395178684412734960e-01,1.211489560579199348e-01,-3.302968109179145739e-01,4.699789574425100591e-01,-4.395178684412734960e-01,1.000000000000001776e+00
1.000000000000001776e+00,-5.997221341467675604e-01,5.335136407067342379e-01,-5.697724950323767024e-01,6.161301226930514519e-01,-5.997221341467675604e-01,1.000000000000001776e+00,-7.520856453107319650e-01,8.578683952159380510e-01,-5.697724950323765913e-01,5.335136407067342379e-01,-7.520856453107319650e-01,1.000000000000001776e+00,-7.520856453107320760e-01,5.335136407067341269e-01,-5.697724950323767024e-01,8.578683952159380510e-01,-7.520856453107320760e-01,1.000000000000001776e+00,-5.997221341467675604e-01,6.161301226930514519e-01,-5.697724950323765913e-01,5.335136407067341269e-01,-5.997221341467675604e-01,1.000000000000001776e+00
1.000000000000001998e+00,-6.681706635287731899e-01,4.728893562400566797e-01,-6.640624226631525184e-01,9.190636667987658326e-01,-6.681706635287731899e-01,1.000000000000001998e+00,-5.587129616078813088e-01,9.454697932090078139e-01,-6.640624226631525184e-01,4.728893562400566797e-01,-5.587129616078813088e-01,1.000000000000001998e+00,-5.587129616078814198e-01,4.728893562400566797e-01,-6.640624226631525184e-01,9.454697932090078139e-01,-5.587129616078814198e-01,1.000000000000001998e+00,-6.681706635287734120e-01,9.190636667987658326e-01,-6.640624226631525184e-01,4.728893562400566797e-01,-6.681706635287734120e-01,1.000000000000001998e+00
1.000000000000001998e+00,-5.812534228661452307e-01,3.332106357660752360e-01,-5.572414493326229845e-01,7.454289840953505220e-01,-5.812534228661452307e-01,1.000000000000001998e+00,-2.396350993763522452e-01,7.570198297646244523e-01,-5.572414493326232066e-01,3.332106357660752360e-01,-2.396350993763522452e-01,1.000000000000001998e+00,-2.396350993763523562e-01,3.332106357660752360e-01,-5.572414493326229845e-01,7.570198297646244523e-01,-2.396350993763523562e-01,1.000000000000001998e+00,-5.812534228661452307e-01,7.454289840953505220e-01,-5.572414493326232066e-01,3.332106357660752360e-01,-5.812534228661452307e-01,1.000000000000001998e+00
1.000000000000001776e+00,-3.811353421384332529e-01,2.262335639075100380e-01,-3.023593728605641351e-01,2.098612974101822237e-01,-3.811353421384332529e-01,1.000000000000001776e+00,6.021810201847913047e-02,4.418772691174375211e-01,-3.023593728605641351e-01,2.262335639075100380e-01,6.021810201847913047e-02,1.000000000000001776e+00,6.021810201847921373e-02,2.262335639075098992e-01,-3.023593728605641351e-01,4.418772691174375211e-01,6.021810201847921373e-02,1.000000000000001776e+00,-3.811353421384331974e-01,2.098612974101822237e-01,-3.023593728605641351e-01,2.262335639075098992e-01,-3.811353421384331974e-01,1.000000000000001776e+00
1.000000000000001776e+00,-2.216808122285365001e-01,2.146560576878929760e-01,5.226645354778000629e-02,-1.918984609808075115e-01,-2.216808122285365001e-01,1.000000000000001776e+00,2.735886806502914048e-01,3.121286386186356565e-01,5.226645354778011732e-02,2.146560576878929760e-01,2.735886806502914048e-01,1.000000000000001776e+00,2.735886806502914048e-01,2.146560576878928095e-01,5.226645354778000629e-02,3.121286386186356565e-01,2.735886806502914048e-01,1.000000000000001776e+00,-2.216808122285363891e-01,-1.918984609808075115e-01,5.226645354778011732e-02,2.146560576878928095e-01,-2.216808122285363891e-01,1.000000000000001776e+00
1.000000000000001776e+00,-1.411338854912560503e-01,2.914403434812760096e-01,3.819901741584889043e-01,-1.756730538616831094e-01,-1.411338854912560503e-01,1.000000000000001776e+00,3.283848531518582803e-01,3.657742449954779485e-01,3.819901741584892374e-01,2.914403434812760096e-01,3.283848531518582803e-01,1.000000000000001776e+00,3.283848531518584468e-01,2.914403434812755656e-01,3.819901741584889043e-01,3.657742449954779485e-01,3.283848531518584468e-01,1.000000000000001776e+00,-1.411338854912558560e-01,-1.756730538616831094e-01,3.819901741584892374e-01,2.914403434812755656e-01,-1.411338854912558560e-01,1.000000000000001776e+00
1.000000000000001776e+00,-1.056079242643147009e-01,3.609913022831657270e-01,4.359667799395596233e-01,1.048966668083506221e-01,-1.056079242643147009e-01,1.000000000000001776e+00,1.869002376575907842e-01,3.603269728707134134e-01,4.359667799395601229e-01,3.609913022831657270e-01,1.869002376575907842e-01,1.000000000000001776e+00,1.869002376575912006e-01,3.609913022831650053e-01,4.359667799395596233e-01,3.603269728707134134e-01,1.869002376575912006e-01,1.000000000000001776e+00,-1.056079242643142846e-01,1.048966668083506221e-01,4.359667799395601229e-01,3.609913022831650053e-01,-1.056079242643142846e-01,1.000000000000001776e+00
1.000000000000001998e+00,-1.521880399705523579e-01,3.975960512229860799e-01,1.765396553452458217e-01,4.225459535940213618e-01,-1.521880399705523579e-01,1.000000000000001998e+00,-5.235703454854195860e-02,3.191832838261863814e-01,1.765396553452462380e-01,3.975960512229860799e-01,-5.235703454854195860e-02,1.000000000000001998e+00,-5.235703454854155614e-02,3.975960512229853583e-01,1.765396553452458217e-01,3.191832838261863814e-01,-5.235703454854155614e-02,1.000000000000001998e+00,-1.521880399705518583e-01,4.225459535940213618e-01,1.765396553452462380e-01,3.975960512229853583e-01,-1.521880399705518583e-01,1.000000000000001998e+00
1.000000000000001998e+00,-2.658387518482102085e-01,4.745941961500822481e-01,-1.782721166515827127e-01,6.051305022667303746e-01,-2.658387518482102085e-01,1.000000000000001998e+00,-2.466494314791312648e-01,4.077889310080112795e-01,-1.782721166515828237e-01,4.745941961500822481e-01,-2.466494314791312648e-01,1.000000000000001998e+00,-2.466494314791309872e-01,4.745941961500816930e-01,-1.782721166515827127e-01,4.077889310080112795e-01,-2.466494314791309872e-01,1.000000000000001998e+00,-2.658387518482098200e-01,6.051305022667303746e-01,-1.782721166515828237e-01,4.745941961500816930e-01,-2.658387518482098200e-01,1.000000000000001998e+00
1.000000000000002220e+00,-3.296962041602340410e-01,5.844169947119068897e-01,-3.282891032886297022e-01,6.074147104131466524e-01,-3.296962041602340410e-01,1.000000000000002220e+00,-3.553499171731977491e-01,6.412275833490093113e-01,-3.282891032886301463e-01,5.844169947119068897e-01,-3.553499171731977491e-01,1.000000000000002220e+00,-3.553499171731977491e-01,5.844169947119066677e-01,-3.282891032886297022e-01,6.412275833490093113e-01,-3.553499171731977491e-01,1.000000000000002220e+00,-3.296962041602340410e-01,6.074147104131466524e-01,-3.282891032886301463e-01,5.844169947119066677e-01,-3.296962041602340410e-01,1.000000000000002220e+00
1.000000000000002220e+00,-3.139975103040732463e-01,6.238998439165324150e-01,-2.750776325978877557e-01,4.652578420326435316e-01,-3.139975103040732463e-01,1.000000000000002220e+00,-3.797073738560449163e-01,8.060917403610994292e-01,-2.750776325978883108e-01,6.238998439165324150e-01,-3.797073738560449163e-01,1.000000000000002220e+00,-3.797073738560450273e-01,6.238998439165321930e-01,-2.750776325978877557e-01,8.060917403610994292e-01,-3.797073738560450273e-01,1.000000000000002220e+00,-3.139975103040736348e-01,4.652578420326435316e-01,-2.750776325978883108e-01,6.238998439165321930e-01,-3.139975103040736348e-01,1.000000000000002220e+00
1.000000000000002665e+00,-2.984729284642436697e-01,4.930538521349759895e-01,-2.628533664986730800e-01,2.685933177220611867e-01,-2.984729284642436697e-01,1.000000000000002665e+00,-2.761802880459914844e-01,7.587045539825634233e-01,-2.628533664986739127e-01,4.930538521349759895e-01,-2.761802880459914844e-01,1.000000000000002665e+00,-2.761802880459919285e-01,4.930538521349755454e-01,-2.628533664986730800e-01,7.587045539825634233e-01,-2.761802880459919285e-01,1.000000000000002665e+00,-2.984729284642446134e-01,2.685933177220611867e-01,-2.628533664986739127e-01,4.930538521349755454e-01,-2.984729284642446134e-01,1.000000000000002665e+00
1.000000000000002887e+00,-2.518086244959659159e-01,2.926003112194344724e-01,-2.341572838343981555e-01,2.241307240094546072e-01,-2.518086244959659159e-01,1.000000000000002887e+00,-1.110712674238719666e-01,6.148987642893091188e-01,-2.341572838343988772e-01,2.926003112194344724e-01,-1.110712674238719666e-01,1.000000000000002887e+00,-1.110712674238722997e-01,2.926003112194339173e-01,-2.341572838343981555e-01,6.148987642893091188e-01,-1.110712674238722997e-01,1.000000000000002887e+00,-2.518086244959670261e-01,2.241307240094546072e-01,-2.341572838343988772e-01,2.926003112194339173e-01,-2.518086244959670261e-01,1.000000000000002887e+00
1.000000000000003109e+00,-1.291685375575516714e-01,2.288073198272974618e-01,-4.913732027296041638e-02,3.808044667561919505e-01,-1.291685375575516714e-01,1.000000000000003109e+00,8.414604428628666422e-03,5.188798049095272313e-01,-4.913732027296084659e-02,2.288073198272974618e-01,8.414604428628666422e-03,1.000000000000003109e+00,8.414604428628773974e-03,2.288073198272967956e-01,-4.913732027296041638e-02,5.188798049095272313e-01,8.414604428628773974e-03,1.000000000000003109e+00,-1.291685375575527261e-01,3.808044667561919505e-01,-4.913732027296084659e-02,2.288073198272967956e-01,-1.291685375575527261e-01,1.000000000000003109e+00
1.000000000000003109e+00,-2.211425491454194203e-02,3.547741196890656368e-01,1.265237184261642223e-01,5.336226045430161324e-01,-2.211425491454194203e-02,1.000000000000003109e+00,9.542475396366201235e-02,4.759636600278652763e-01,1.265237184261641668e-01,3.547741196890656368e-01,9.542475396366201235e-02,1.000000000000003109e+00,9.542475396366226215e-02,3.547741196890653592e-01,1.265237184261642223e-01,4.759636600278652763e-01,9.542475396366226215e-02,1.000000000000003109e+00,-2.211425491454230285e-02,5.336226045430161324e-01,1.265237184261641668e-01,3.547741196890653592e-01,-2.211425491454230285e-02,1.000000000000003109e+00
1.000000000000003553e+00,-1.786088597723300975e-02,5.167440251926777028e-01,6.918679004096028873e-02,4.954870519854188693e-01,-1.786088597723300975e-02,1.000000000000003553e+00,1.368255776497815379e-01,3.747000547836307760e-01,6.918679004096037199e-02,5.167440251926777028e-01,1.368255776497815379e-01,1.000000000000003553e+00,1.368255776497818432e-01,5.167440251926781469e-01,6.918679004096028873e-02,3.747000547836307760e-01,1.368255776497818432e-01,1.000000000000003553e+00,-1.786088597723256566e-02,4.954870519854188693e-01,6.918679004096037199e-02,5.167440251926781469e-01,-1.786088597723256566e-02,1.000000000000003553e+00
1.000000000000003553e+00,-8.393678187819500480e-02,5.399611058066219327e-01,-1.339103100010945457e-01,3.246402142350894304e-01,-8.393678187819500480e-02,1.000000000000003553e+00,4.431633635827257611e-02,1.986727572097715666e-01,-1.339103100010945457e-01,5.399611058066219327e-01,4.431633635827257611e-02,1.000000000000003553e+00,4.431633635827300632e-02,5.399611058066225988e-01,-1.339103100010945457e-01,1.986727572097715666e-01,4.431633635827300632e-02,1.000000000000003553e+00,-8.393678187819390846e-02,3.246402142350894304e-01,-1.339103100010945457e-01,5.399611058066225988e-01,-8.393678187819390846e-02,1.000000000000003553e+00
1.000000000000003775e+00,-2.303390352720021128e-01,4.042313646859439502e-01,-1.984041732374714484e-01,2.308581652833980868e-01,-2.303390352720021128e-01,1.000000000000003775e+00,-1.528680088494036582e-01,1.762987209276397071e-01,-1.984041732374715594e-01,4.042313646859439502e-01,-1.528680088494036582e-01,1.000000000000003775e+00,-1.528680088494033251e-01,4.042313646859444498e-01,-1.984041732374714484e-01,1.762987209276397071e-01,-1.528680088494033251e-01,1.000000000000003775e+00,-2.303390352720010026e-01,2.308581652833980868e-01,-1.984041732374715594e-01,4.042313646859444498e-01,-2.303390352720010026e-01,1.000000000000003775e+00
1.000000000000004219e+00,-4.161116638471890061e-01,1.949672272341088919e-01,-1.249534174221208771e-01,2.394381718005656190e-01,-4.161116638471890061e-01,1.000000000000004219e+00,-3.082100183268306481e-01,3.456840555134021997e-01,-1.249534174221208355e-01,1.949672272341088919e-01,-3.082100183268306481e-01,1.000000000000004219e+00,-3.082100183268303706e-01,1.949672272341089752e-01,-1.249534174221208771e-01,3.456840555134021997e-01,-3.082100183268303706e-01,1.000000000000004219e+00,-4.161116638471878404e-01,2.394381718005656190e-01,-1.249534174221208355e-01,1.949672272341089752e-01,-4.161116638471878404e-01,1.000000000000004219e+00
1.000000000000004441e+00,-4.572140548058092890e-01,4.214326653172126291e-02,-7.249292047691213714e-02,2.805338585447977873e-01,-4.572140548058092890e-01,1.000000000000004441e+00,-3.934944593392660783e-01,5.532138314793858536e-01,-7.249292047691183183e-02,4.214326653172126291e-02,-3.934944593392660783e-01,1.000000000000004441e+00,-3.934944593392659118e-01,4.214326653172117965e-02,-7.249292047691213714e-02,5.532138314793858536e-01,-3.934944593392659118e-01,1.000000000000004441e+00,-4.572140548058086784e-01,2.805338585447977873e-01,-7.249292047691183183e-02,4.214326653172117965e-02,-4.572140548058086784e-01,1.000000000000004441e+00
1.000000000000004663e+00,-2.737276738148237687e-01,1.026966832424729414e-01,-1.673785977475328313e-02,3.427515033492019580e-01,-2.737276738148237687e-01,1.000000000000004663e+00,-3.745549431753263936e-01,6.240505076578756194e-01,-1.673785977475264475e-02,1.026966832424729414e-01,-3.745549431753263936e-01,1.000000000000004663e+00,-3.745549431753266711e-01,1.026966832424729831e-01,-1.673785977475328313e-02,6.240505076578756194e-01,-3.745549431753266711e-01,1.000000000000004663e+00,-2.737276738148238797e-01,3.427515033492019580e-01,-1.673785977475264475e-02,1.026966832424729831e-01,-2.737276738148238797e-01,1.000000000000004663e+00
1.000000000000004885e+00,-4.825852921785728222e-02,4.060997532474885929e-01,8.824908610058482261e-02,4.302065256470007371e-01,-4.825852921785728222e-02,1.000000000000004885e+00,-2.188267491822934452e-01,5.368522767956724895e-01,8.824908610058528058e-02,4.060997532474885929e-01,-2.188267491822934452e-01,1.000000000000004885e+00,-2.188267491822942223e-01,4.060997532474890370e-01,8.824908610058482261e-02,5.368522767956724895e-01,-2.188267491822942223e-01,1.000000000000004885e+00,-4.825852921785801775e-02,4.302065256470007371e-01,8.824908610058528058e-02,4.060997532474890370e-01,-4.825852921785801775e-02,1.000000000000004885e+00
1.000000000000004663e+00,1.067751530058992371e-01,6.900641272529869363e-01,2.177979846954233856e-01,5.186883915062022732e-01,1.067751530058992371e-01,1.000000000000004663e+00,5.402009939581620124e-03,5.137431363232272119e-01,2.177979846954233023e-01,6.900641272529869363e-01,5.402009939581620124e-03,1.000000000000004663e+00,5.402009939581009501e-03,6.900641272529877135e-01,2.177979846954233856e-01,5.137431363232272119e-01,5.402009939581009501e-03,1.000000000000004663e+00,1.067751530058982518e-01,5.186883915062022732e-01,2.177979846954233023e-01,6.900641272529877135e-01,1.067751530058982518e-01,1.000000000000004663e+00
1.000000000000004885e+00,2.175194424670067461e-01,6.763451964667996918e-01,2.621319806788123818e-01,4.731905122683137122e-01,2.175194424670067461e-01,1.000000000000004885e+00,1.231029747329066004e-01,6.436665699578798527e-01,2.621319806788120488e-01,6.763451964667996918e-01,1.231029747329066004e-01,1.000000000000004885e+00,1.231029747329064061e-01,6.763451964668003580e-01,2.621319806788123818e-01,6.436665699578798527e-01,1.231029747329064061e-01,1.000000000000004885e+00,2.175194424670059135e-01,4.731905122683137122e-01,2.621319806788120488e-01,6.763451964668003580e-01,2.175194424670059135e-01,1.000000000000004885e+00
1.000000000000004885e+00,2.164579690382414379e-01,3.821092174093055904e-01,2.013996501128886285e-01,2.921984085530656694e-01,2.164579690382414379e-01,1.000000000000004885e+00,1.272265563368387697e-01,7.920487698110487695e-01,2.013996501128884342e-01,3.821092174093055904e-01,1.272265563368387697e-01,1.000000000000004885e+00,1.272265563368386032e-01,3.821092174093065341e-01,2.013996501128886285e-01,7.920487698110487695e-01,1.272265563368386032e-01,1.000000000000004885e+00,2.164579690382409383e-01,2.921984085530656694e-01,2.013996501128884342e-01,3.821092174093065341e-01,2.164579690382409383e-01,1.000000000000004885e+00
1.000000000000005107e+00,2.658690566487975637e-02,9.104595558032103908e-02,8.570907533185434524e-02,1.572137451095133032e-01,2.658690566487975637e-02,1.000000000000005107e+00,7.083551507756292998e-02,8.394458399473898602e-01,8.570907533185426197e-02,9.104595558032103908e-02,7.083551507756292998e-02,1.000000000000005107e+00,7.083551507756322141e-02,9.104595558032163582e-02,8.570907533185434524e-02,8.394458399473898602e-01,7.083551507756322141e-02,1.000000000000005107e+00,2.658690566487952045e-02,1.572137451095133032e-01,8.570907533185426197e-02,9.104595558032163582e-02,2.658690566487952045e-02,1.000000000000005107e+00
1.000000000000005329e+00,-2.068878665442881737e-01,7.490471689800265453e-02,-7.733391559512825530e-02,1.616522049409346296e-01,-2.068878665442881737e-01,1.000000000000005329e+00,-6.603019191584641456e-02,7.338438910615051602e-01,-7.733391559512867164e-02,7.490471689800265453e-02,-6.603019191584641456e-02,1.000000000000005329e+00,-6.603019191584580394e-02,7.490471689800298760e-02,-7.733391559512825530e-02,7.338438910615051602e-01,-6.603019191584580394e-02,1.000000000000005329e+00,-2.068878665442882014e-01,1.616522049409346296e-01,-7.733391559512867164e-02,7.490471689800298760e-02,-2.068878665442882014e-01,1.000000000000005329e+00
1.000000000000005329e+00,-3.403134876001060460e-01,3.086925174756743329e-01,-1.884389268526883709e-01,2.849589485947549017e-01,-3.403134876001060460e-01,1.000000000000005329e+00,-1.986012779855189647e-01,5.710229223796055020e-01,-1.884389268526891759e-01,3.086925174756743329e-01,-1.986012779855189647e-01,1.000000000000005329e+00,-1.986012779855185761e-01,3.086925174756741663e-01,-1.884389268526883709e-01,5.710229223796055020e-01,-1.986012779855185761e-01,1.000000000000005329e+00,-3.403134876001057130e-01,2.849589485947549017e-01,-1.884389268526891759e-01,3.086925174756741663e-01,-3.403134876001057130e-01,1.000000000000005329e+00
1.000000000000005773e+00,-4.299124130212429451e-01,5.668038230043754844e-01,-1.603684201307867818e-01,4.059197608961259141e-01,-4.299124130212429451e-01,1.000000000000005773e+00,-2.409225063250856613e-01,4.699292368280275078e-01,-1.603684201307877255e-01,5.668038230043754844e-01,-2.409225063250856613e-01,1.000000000000005773e+00,-2.409225063250855503e-01,5.668038230043755954e-01,-1.603684201307867818e-01,4.699292368280275078e-01,-2.409225063250855503e-01,1.000000000000005773e+00,-4.299124130212428341e-01,4.059197608961259141e-01,-1.603684201307877255e-01,5.668038230043755954e-01,-4.299124130212428341e-01,1.000000000000005773e+00
1.000000000000006217e+00,-4.642469477022396762e-01,6.147594463803018883e-01,-3.811161439484644919e-02,4.132930838182273803e-01,-4.642469477022396762e-01,1.000000000000006217e+00,-2.069335480116171189e-01,4.395868245336161384e-01,-3.811161439484700431e-02,6.147594463803018883e-01,-2.069335480116171189e-01,1.000000000000006217e+00,-2.069335480116170078e-01,6.147594463803019993e-01,-3.811161439484644919e-02,4.395868245336161384e-01,-2.069335480116170078e-01,1.000000000000006217e+00,-4.642469477022398427e-01,4.132930838182273803e-01,-3.811161439484700431e-02,6.147594463803019993e-01,-4.642469477022398427e-01,1.000000000000006217e+00
1.000000000000006217e+00,-3.551293151665278480e-01,3.451316545697168392e-01,6.047821488110421972e-02,2.843356351585055175e-01,-3.551293151665278480e-01,1.000000000000006217e+00,-1.366781986835314266e-01,4.468286459325658266e-01,6.047821488110391441e-02,3.451316545697168392e-01,-1.366781986835314266e-01,1.000000000000006217e+00,-1.366781986835314266e-01,3.451316545697174498e-01,6.047821488110421972e-02,4.468286459325658266e-01,-1.366781986835314266e-01,1.000000000000006217e+00,-3.551293151665280701e-01,2.843356351585055175e-01,6.047821488110391441e-02,3.451316545697174498e-01,-3.551293151665280701e-01,1.000000000000006217e+00
1.000000000000006439e+00,-1.663934609439610135e-01,-6.683993516183189820e-02,8.421199736681084236e-02,4.262951908112805333e-02,-1.663934609439610135e-01,1.000000000000006439e+00,-1.056699767274577040e-02,4.553940273140066886e-01,8.421199736681095338e-02,-6.683993516183189820e-02,-1.056699767274577040e-02,1.000000000000006439e+00,-1.056699767274642959e-02,-6.683993516183106554e-02,8.421199736681084236e-02,4.553940273140066886e-01,-1.056699767274642959e-02,1.000000000000006439e+00,-1.663934609439613743e-01,4.262951908112805333e-02,8.421199736681095338e-02,-6.683993516183106554e-02,-1.663934609439613743e-01,1.000000000000006439e+00
1.000000000000006661e+00,-4.418078308358386330e-03,-2.488259964905342181e-01,2.205449326373943031e-01,-1.275353755091748198e-01,-4.418078308358386330e-03,1.000000000000006661e+00,1.396659105983066307e-01,5.105449566628570413e-01,2.205449326373946639e-01,-2.488259964905342181e-01,1.396659105983066307e-01,1.000000000000006661e+00,1.396659105983056592e-01,-2.488259964905334687e-01,2.205449326373943031e-01,5.105449566628570413e-01,1.396659105983056592e-01,1.000000000000006661e+00,-4.418078308359024708e-03,-1.275353755091748198e-01,2.205449326373946639e-01,-2.488259964905334687e-01,-4.418078308359024708e-03,1.000000000000006661e+00
1.000000000000006883e+00,1.272726881812071831e-01,-3.791093857091579200e-02,4.839216200417079117e-01,-4.177292108808747240e-02,1.272726881812071831e-01,1.000000000000006883e+00,2.207569489264080698e-01,5.439211334203817305e-01,4.839216200417082447e-01,-3.791093857091579200e-02,2.207569489264080698e-01,1.000000000000006883e+00,2.207569489264072926e-01,-3.791093857091556996e-02,4.839216200417079117e-01,5.439211334203817305e-01,2.207569489264072926e-01,1.000000000000006883e+00,1.272726881812067112e-01,-4.177292108808747240e-02,4.839216200417082447e-01,-3.791093857091556996e-02,1.272726881812067112e-01,1.000000000000006883e+00
1.000000000000006883e+00,1.983519374863233764e-01,3.565386402591767534e-01,6.073986412376157773e-01,2.394196599557167071e-01,1.983519374863233764e-01,1.000000000000006883e+00,2.192970100633444552e-01,3.767983232689365858e-01,6.073986412376159993e-01,3.565386402591767534e-01,2.192970100633444552e-01,1.000000000000006883e+00,2.192970100633440667e-01,3.565386402591764758e-01,6.073986412376157773e-01,3.767983232689365858e-01,2.192970100633440667e-01,1.000000000000006883e+00,1.983519374863232931e-01,2.394196599557167071e-01,6.073986412376159993e-01,3.565386402591764758e-01,1.983519374863232931e-01,1.000000000000006883e+00
1.000000000000006883e+00,1.149834986855467200e-01,6.177930848334077796e-01,4.008603006484836584e-01,4.789125858476390718e-01,1.149834986855467200e-01,1.000000000000006883e+00,1.435361023692930116e-01,1.093419122661891119e-01,4.008603006484837694e-01,6.177930848334077796e-01,1.435361023692930116e-01,1.000000000000006883e+00,1.435361023692932891e-01,6.177930848334074465e-01,4.008603006484836584e-01,1.093419122661891119e-01,1.435361023692932891e-01,1.000000000000006883e+00,1.149834986855472890e-01,4.789125858476390718e-01,4.008603006484837694e-01,6.177930848334074465e-01,1.149834986855472890e-01,1.000000000000006883e+00
1.000000000000007105e+00,-6.303511991063939779e-02,6.438257013798300843e-01,3.421980714194061690e-02,5.535067433843684492e-01,-6.303511991063939779e-02,1.000000000000007105e+00,2.298241352763907841e-03,3.669696878641841298e-02,3.421980714194107487e-02,6.438257013798300843e-01,2.298241352763907841e-03,1.000000000000007105e+00,2.298241352764407441e-03,6.438257013798298622e-01,3.421980714194061690e-02,3.669696878641841298e-02,2.298241352764407441e-03,1.000000000000007105e+00,-6.303511991063845410e-02,5.535067433843684492e-01,3.421980714194107487e-02,6.438257013798298622e-01,-6.303511991063845410e-02,1.000000000000007105e+00
1.000000000000007105e+00,-2.077204487626039264e-01,5.401600093778593514e-01,-1.607877264743068357e-01,5.910362770166533997e-01,-2.077204487626039264e-01,1.000000000000007105e+00,-1.260524719456485587e-01,3.183844884517490481e-01,-1.607877264743065027e-01,5.401600093778593514e-01,-1.260524719456485587e-01,1.000000000000007105e+00,-1.260524719456481979e-01,5.401600093778592404e-01,-1.607877264743068357e-01,3.183844884517490481e-01,-1.260524719456481979e-01,1.000000000000007105e+00,-2.077204487626030105e-01,5.910362770166533997e-01,-1.607877264743065027e-01,5.401600093778592404e-01,-2.077204487626030105e-01,1.000000000000007105e+00
1.000000000000007105e+00,-3.326114671433648695e-01,4.283350274094397392e-01,-2.296831922416571192e-01,5.880642287720643235e-01,-3.326114671433648695e-01,1.000000000000007105e+00,-1.574712906515456923e-01,6.956725305777029522e-01,-2.296831922416573690e-01,4.283350274094397392e-01,-1.574712906515456923e-01,1.000000000000007105e+00,-1.574712906515453592e-01,4.283350274094394061e-01,-2.296831922416571192e-01,6.956725305777029522e-01,-1.574712906515453592e-01,1.000000000000007105e+00,-3.326114671433643144e-01,5.880642287720643235e-01,-2.296831922416573690e-01,4.283350274094394061e-01,-3.326114671433643144e-01,1.000000000000007105e+00
1.000000000000007550e+00,-4.142458037860593523e-01,4.195115597955969555e-01,-3.338396650658910225e-01,4.260231264054619160e-01,-4.142458037860593523e-01,1.000000000000007550e+00,-1.160017476196465724e-01,7.602244025518248849e-01,-3.338396650658914666e-01,4.195115597955969555e-01,-1.160017476196465724e-01,1.000000000000007550e+00,-1.160017476196463504e-01,4.195115597955962339e-01,-3.338396650658910225e-01,7.602244025518248849e-01,-1.160017476196463504e-01,1.000000000000007550e+00,-4.142458037860594078e-01,4.260231264054619160e-01,-3.338396650658914666e-01,4.195115597955962339e-01,-4.142458037860594078e-01,1.000000000000007550e+00
1.000000000000007327e+00,-3.329422180618429317e-01,4.877026662461494966e-01,-3.156830713524504395e-01,2.404986429650790292e-01,-3.329422180618429317e-01,1.000000000000007327e+00,-3.141346808757003450e-02,5.064889435978995325e-01,-3.156830713524504395e-01,4.877026662461494966e-01,-3.141346808757003450e-02,1.000000000000007327e+00,-3.141346808757045084e-02,4.877026662461485529e-01,-3.156830713524504395e-01,5.064889435978995325e-01,-3.141346808757045084e-02,1.000000000000007327e+00,-3.329422180618435423e-01,2.404986429650790292e-01,-3.156830713524504395e-01,4.877026662461485529e-01,-3.329422180618435423e-01,1.000000000000007327e+00
1.000000000000007772e+00,-1.154214582148998247e-01,5.551556756136525328e-01,-5.126765971108959707e-02,2.391419483490541675e-01,-1.154214582148998247e-01,1.000000000000007772e+00,4.128622797680494422e-02,2.698059960150112624e-01,-5.126765971108886155e-02,5.551556756136525328e-01,4.128622797680494422e-02,1.000000000000007772e+00,4.128622797680451401e-02,5.551556756136515336e-01,-5.126765971108959707e-02,2.698059960150112624e-01,4.128622797680451401e-02,1.000000000000007772e+00,-1.154214582149004908e-01,2.391419483490541675e-01,-5.126765971108886155e-02,5.551556756136515336e-01,-1.154214582149004908e-01,1.000000000000007772e+00
1.000000000000007772e+00,5.099868520725711618e-02,5.389856445562347664e-01,3.001740209183560437e-01,3.971765588898824584e-01,5.099868520725711618e-02,1.000000000000007772e+00,4.339394862434339112e-02,3.036355571049786928e-01,3.001740209183570984e-01,5.389856445562347664e-01,4.339394862434339112e-02,1.000000000000007772e+00,4.339394862434318989e-02,5.389856445562338783e-01,3.001740209183560437e-01,3.036355571049786928e-01,4.339394862434318989e-02,1.000000000000007772e+00,5.099868520725649168e-02,3.971765588898824584e-01,3.001740209183570984e-01,5.389856445562338783e-01,5.099868520725649168e-02,1.000000000000007772e+00
1.000000000000007772e+00,7.728795105595026582e-02,3.541075781039887960e-01,4.414778486843465299e-01,4.448104608833159945e-01,7.728795105595026582e-02,1.000000000000007772e+00,-1.932273815482823259e-02,4.446882324602308145e-01,4.414778486843471961e-01,3.541075781039887960e-01,-1.932273815482823259e-02,1.000000000000007772e+00,-1.932273815482812851e-02,3.541075781039880743e-01,4.414778486843465299e-01,4.446882324602308145e-01,-1.932273815482812851e-02,1.000000000000007772e+00,7.728795105595046011e-02,4.448104608833159945e-01,4.414778486843471961e-01,3.541075781039880743e-01,7.728795105595046011e-02,1.000000000000007772e+00
1.000000000000007994e+00,2.994800940569145031e-02,9.261823147808706524e-02,3.096874576725793249e-01,2.476250241041382805e-01,2.994800940569145031e-02,1.000000000000007994e+00,-1.135511864963578421e-01,4.607351998305435625e-01,3.096874576725792694e-01,9.261823147808706524e-02,-1.135511864963578421e-01,1.000000000000007994e+00,-1.135511864963576478e-01,9.261823147808687096e-02,3.096874576725793249e-01,4.607351998305435625e-01,-1.135511864963576478e-01,1.000000000000007994e+00,2.994800940569178338e-02,2.476250241041382805e-01,3.096874576725792694e-01,9.261823147808687096e-02,2.994800940569178338e-02,1.000000000000007994e+00
1.000000000000008216e+00,-6.875665789845486486e-02,-7.859610976288206041e-03,6.864840809643441011e-02,4.152019827560324283e-02,-6.875665789845486486e-02,1.000000000000008216e+00,-2.371222708651692657e-01,5.191491072915910276e-01,6.864840809643327213e-02,-7.859610976288206041e-03,-2.371222708651692657e-01,1.000000000000008216e+00,-2.371222708651684885e-01,-7.859610976287775830e-03,6.864840809643441011e-02,5.191491072915910276e-01,-2.371222708651684885e-01,1.000000000000008216e+00,-6.875665789845469833e-02,4.152019827560324283e-02,6.864840809643327213e-02,-7.859610976287775830e-03,-6.875665789845469833e-02,1.000000000000008216e+00
1.000000000000008660e+00,-2.197426360041284388e-01,1.633200298257693750e-01,-1.857305110740639642e-01,4.966890300548054693e-02,-2.197426360041284388e-01,1.000000000000008660e+00,-3.630294494040647857e-01,6.757547887139399023e-01,-1.857305110740653242e-01,1.633200298257693750e-01,-3.630294494040647857e-01,1.000000000000008660e+00,-3.630294494040638975e-01,1.633200298257698191e-01,-1.857305110740639642e-01,6.757547887139399023e-01,-3.630294494040638975e-01,1.000000000000008660e+00,-2.197426360041283000e-01,4.966890300548054693e-02,-1.857305110740653242e-01,1.633200298257698191e-01,-2.197426360041283000e-01,1.000000000000008660e+00
1.000000000000008438e+00,-3.808441786320946321e-01,4.648848842213161303e-01,-3.664718808421792984e-01,2.454788698092689458e-01,-3.808441786320946321e-01,1.000000000000008438e+00,-4.330809260395257487e-01,7.739803510757121696e-01,-3.664718808421802976e-01,4.648848842213161303e-01,-4.330809260395257487e-01,1.000000000000008438e+00,-4.330809260395254157e-01,4.648848842213160193e-01,-3.664718808421792984e-01,7.739803510757121696e-01,-4.330809260395254157e-01,1.000000000000008438e+00,-3.808441786320944655e-01,2.454788698092689458e-01,-3.664718808421802976e-01,4.648848842213160193e-01,-3.808441786320944655e-01,1.000000000000008438e+00
1.000000000000008438e+00,-5.153440862242022469e-01,6.231302663914001227e-01,-4.509839037811932405e-01,4.408315174617791210e-01,-5.153440862242022469e-01,1.000000000000008438e+00,-4.497904957339997623e-01,7.810641771954626167e-01,-4.509839037811937956e-01,6.231302663914001227e-01,-4.497904957339997623e-01,1.000000000000008438e+00,-4.497904957339999288e-01,6.231302663913994566e-01,-4.509839037811932405e-01,7.810641771954626167e-01,-4.497904957339999288e-01,1.000000000000008438e+00,-5.153440862242024689e-01,4.408315174617791210e-01,-4.509839037811937956e-01,6.231302663913994566e-01,-5.153440862242024689e-01,1.000000000000008438e+00
