1.000000000000000000e+00,1.000000000000000000e+00,1.000000000000000000e+00,1.000000000000000000e+00,1.000000000000000000e+00,1.000000000000000000e+00,1.000000000000000000e+00,1.000000000000000000e+00,1.000000000000000000e+00,1.000000000000000000e+00,1.000000000000000000e+00,1.000000000000000000e+00,1.000000000000000000e+00,1.000000000000000000e+00,1.000000000000000000e+00,1.000000000000000000e+00,1.000000000000000000e+00,1.000000000000000000e+00,1.000000000000000000e+00,1.000000000000000000e+00,1.000000000000000000e+00,1.000000000000000000e+00,1.000000000000000000e+00,1.000000000000000000e+00,1.000000000000000000e+00,1.000000000000000000e+00,1.000000000000000000e+00,1.000000000000000000e+00,1.000000000000000000e+00,1.000000000000000000e+00,1.000000000000000000e+00,1.000000000000000000e+00,1.000000000000000000e+00,1.000000000000000000e+00,1.000000000000000000e+00,1.000000000000000000e+00,1.000000000000000000e+00,1.000000000000000000e+00,1.000000000000000000e+00,1.000000000000000000e+00,1.000000000000000000e+00,1.000000000000000000e+00,1.000000000000000000e+00,1.000000000000000000e+00,1.000000000000000000e+00,1.000000000000000000e+00,1.000000000000000000e+00,1.000000000000000000e+00,1.000000000000000000e+00,1.000000000000000000e+00,1.000000000000000000e+00,1.000000000000000000e+00,1.000000000000000000e+00,1.000000000000000000e+00,1.000000000000000000e+00,1.000000000000000000e+00,1.000000000000000000e+00,1.000000000000000000e+00,1.000000000000000000e+00,1.000000000000000000e+00,1.000000000000000000e+00,1.000000000000000000e+00,1.000000000000000000e+00,1.000000000000000000e+00,1.000000000000000000e+00,1.000000000000000000e+00,1.000000000000000000e+00,1.000000000000000000e+00,1.000000000000000000e+00,1.000000000000000000e+00,1.000000000000000000e+00,1.000000000000000000e+00,1.000000000000000000e+00,1.000000000000000000e+00,1.000000000000000000e+00,1.000000000000000000e+00,1.000000000000000000e+00,1.000000000000000000e+00,1.000000000000000000e+00,1.000000000000000000e+00,1.000000000000000000e+00,1.000000000000000000e+00,1.000000000000000000e+00,1.000000000000000000e+00,1.000000000000000000e+00,1.000000000000000000e+00,1.000000000000000000e+00,1.000000000000000000e+00,1.000000000000000000e+00,1.000000000000000000e+00,1.000000000000000000e+00,1.000000000000000000e+00,1.000000000000000000e+00,1.000000000000000000e+00,1.000000000000000000e+00,1.000000000000000000e+00,1.000000000000000000e+00,1.000000000000000000e+00,1.000000000000000000e+00,1.000000000000000000e+00,1.000000000000000000e+00,1.000000000000000000e+00,1.000000000000000000e+00,1.000000000000000000e+00,1.000000000000000000e+00,1.000000000000000000e+00,1.000000000000000000e+00,1.000000000000000000e+00,1.000000000000000000e+00,1.000000000000000000e+00,1.000000000000000000e+00,1.000000000000000000e+00,1.000000000000000000e+00,1.000000000000000000e+00,1.000000000000000000e+00,1.000000000000000000e+00,1.000000000000000000e+00,1.000000000000000000e+00,1.000000000000000000e+00,1.000000000000000000e+00,1.000000000000000000e+00,1.000000000000000000e+00,1.000000000000000000e+00,1.000000000000000000e+00,1.000000000000000000e+00,1.000000000000000000e+00,1.000000000000000000e+00,1.000000000000000000e+00,1.000000000000000000e+00,1.000000000000000000e+00,1.000000000000000000e+00,1.000000000000000000e+00,1.000000000000000000e+00,1.000000000000000000e+00,1.000000000000000000e+00,1.000000000000000000e+00,1.000000000000000000e+00,1.000000000000000000e+00,1.000000000000000000e+00,1.000000000000000000e+00,1.000000000000000000e+00,1.000000000000000000e+00,1.000000000000000000e+00,1.000000000000000000e+00,1.000000000000000000e+00,1.000000000000000000e+00,1.000000000000000000e+00,1.000000000000000000e+00,1.000000000000000000e+00,1.000000000000000000e+00,1.000000000000000000e+00,1.000000000000000000e+00,1.000000000000000000e+00,1.000000000000000000e+00,1.000000000000000000e+00,1.000000000000000000e+00,1.000000000000000000e+00,1.000000000000000000e+00,1.000000000000000000e+00,1.000000000000000000e+00,1.000000000000000000e+00,1.000000000000000000e+00,1.000000000000000000e+00,1.000000000000000000e+00,1.000000000000000000e+00,1.000000000000000000e+00,1.000000000000000000e+00,1.000000000000000000e+00,1.000000000000000000e+00,1.000000000000000000e+00,1.000000000000000000e+00,1.000000000000000000e+00,1.000000000000000000e+00,1.000000000000000000e+00,1.000000000000000000e+00,1.000000000000000000e+00,1.000000000000000000e+00,1.000000000000000000e+00,1.000000000000000000e+00,1.000000000000000000e+00,1.000000000000000000e+00,1.000000000000000000e+00,1.000000000000000000e+00,1.000000000000000000e+00,1.000000000000000000e+00,1.000000000000000000e+00,1.000000000000000000e+00,1.000000000000000000e+00,1.000000000000000000e+00,1.000000000000000000e+00,1.000000000000000000e+00,1.000000000000000000e+00,1.000000000000000000e+00,1.000000000000000000e+00,1.000000000000000000e+00,1.000000000000000000e+00,1.000000000000000000e+00,1.000000000000000000e+00,1.000000000000000000e+00,1.000000000000000000e+00,1.000000000000000000e+00,1.000000000000000000e+00,1.000000000000000000e+00,1.000000000000000000e+00,1.000000000000000000e+00,1.000000000000000000e+00,1.000000000000000000e+00,1.000000000000000000e+00,1.000000000000000000e+00,1.000000000000000000e+00,1.000000000000000000e+00,1.000000000000000000e+00,1.000000000000000000e+00,1.000000000000000000e+00,1.000000000000000000e+00,1.000000000000000000e+00,1.000000000000000000e+00,1.000000000000000000e+00,1.000000000000000000e+00,1.000000000000000000e+00,1.000000000000000000e+00,1.000000000000000000e+00,1.000000000000000000e+00,1.000000000000000000e+00,1.000000000000000000e+00
1.000000000000003775e+00,9.443324368628904786e-01,9.449929845377453841e-01,9.450307023776125526e-01,9.450338316048684240e-01,9.450343929315080382e-01,9.450345352414910582e-01,9.450345783879219308e-01,9.450345889136271271e-01,9.450345787109211138e-01,9.450345295635945719e-01,9.450343328020267553e-01,9.450332481196226375e-01,9.450212574577649960e-01,9.447441683102376642e-01,9.443324368628904786e-01,1.000000000000003775e+00,9.446290458491917175e-01,9.452715562371541980e-01,9.453081072061219059e-01,9.453110648956614126e-01,9.453115856906819658e-01,9.453117144141419681e-01,9.453117493562590568e-01,9.453117474063023051e-01,9.453117014222875980e-01,9.453115059572849699e-01,9.453104215833199042e-01,9.452984277147160608e-01,9.450212574577648850e-01,9.449929845377453841e-01,9.446290458491917175e-01,1.000000000000003775e+00,9.446424695787886128e-01,9.452837587615821047e-01,9.453201548079849248e-01,9.453230760482205230e-01,9.453235843907250580e-01,9.453237052912633054e-01,9.453237279072889132e-01,9.453236902447391676e-01,9.453234979864638676e-01,9.453224149690594436e-01,9.453104215833201263e-01,9.450332481196226375e-01,9.450307023776125526e-01,9.452715562371541980e-01,9.446424695787886128e-01,1.000000000000003775e+00,9.446437871598822866e-01,9.452848972839701380e-01,9.453212568350023437e-01,9.453241656959210371e-01,9.453246662395801136e-01,9.453247748228003067e-01,9.453247617299321837e-01,9.453245777951405637e-01,9.453234979864637566e-01,9.453115059572849699e-01,9.450343328020264222e-01,9.450338316048684240e-01,9.453081072061219059e-01,9.452837587615821047e-01,9.446437871598822866e-01,1.000000000000003775e+00,9.446440438042811305e-01,9.452851118416131238e-01,9.453214589308462923e-01,9.453243599928581320e-01,9.453248482200846681e-01,9.453249210948478920e-01,9.453247617299322947e-01,9.453236902447391676e-01,9.453117014222877090e-01,9.450345295635945719e-01,9.450343929315080382e-01,9.453110648956614126e-01,9.453201548079849248e-01,9.452848972839701380e-01,9.446440438042811305e-01,1.000000000000003775e+00,9.446441137078581685e-01,9.452851676928061275e-01,9.453215069565569229e-01,9.453243957012970045e-01,9.453248482200846681e-01,9.453247748228005287e-01,9.453237279072889132e-01,9.453117474063025272e-01,9.450345787109212248e-01,9.450345352414910582e-01,9.453115856906819658e-01,9.453230760482205230e-01,9.453212568350023437e-01,9.452851118416131238e-01,9.446441137078581685e-01,1.000000000000003775e+00,9.446441343342369956e-01,9.452851800163383222e-01,9.453215069565572559e-01,9.453243599928585761e-01,9.453246662395805577e-01,9.453237052912635274e-01,9.453117493562595008e-01,9.450345889136274602e-01,9.450345783879219308e-01,9.453117144141419681e-01,9.453235843907250580e-01,9.453241656959210371e-01,9.453214589308462923e-01,9.452851676928061275e-01,9.446441343342369956e-01,1.000000000000003775e+00,9.446441343342368846e-01,9.452851676928064606e-01,9.453214589308466254e-01,9.453241656959212591e-01,9.453235843907252800e-01,9.453117144141423012e-01,9.450345783879222639e-01,9.450345889136271271e-01,9.453117493562590568e-01,9.453237052912633054e-01,9.453246662395801136e-01,9.453243599928581320e-01,9.453215069565569229e-01,9.452851800163383222e-01,9.446441343342368846e-01,1.000000000000003775e+00,9.446441137078583905e-01,9.452851118416133458e-01,9.453212568350024547e-01,9.453230760482206341e-01,9.453115856906822989e-01,9.450345352414912803e-01,9.450345787109211138e-01,9.453117474063023051e-01,9.453237279072889132e-01,9.453247748228003067e-01,9.453248482200846681e-01,9.453243957012970045e-01,9.453215069565572559e-01,9.452851676928064606e-01,9.446441137078583905e-01,1.000000000000003775e+00,9.446440438042812415e-01,9.452848972839703601e-01,9.453201548079851468e-01,9.453110648956615236e-01,9.450343929315083713e-01,9.450345295635945719e-01,9.453117014222875980e-01,9.453236902447391676e-01,9.453247617299321837e-01,9.453249210948478920e-01,9.453248482200846681e-01,9.453243599928585761e-01,9.453214589308466254e-01,9.452851118416133458e-01,9.446440438042812415e-01,1.000000000000003775e+00,9.446437871598826197e-01,9.452837587615824377e-01,9.453081072061222390e-01,9.450338316048687570e-01,9.450343328020267553e-01,9.453115059572849699e-01,9.453234979864638676e-01,9.453245777951405637e-01,9.453247617299322947e-01,9.453247748228005287e-01,9.453246662395805577e-01,9.453241656959212591e-01,9.453212568350024547e-01,9.452848972839703601e-01,9.446437871598826197e-01,1.000000000000003775e+00,9.446424695787890569e-01,9.452715562371546421e-01,9.450307023776129967e-01,9.450332481196226375e-01,9.453104215833199042e-01,9.453224149690594436e-01,9.453234979864637566e-01,9.453236902447391676e-01,9.453237279072889132e-01,9.453237052912635274e-01,9.453235843907252800e-01,9.453230760482206341e-01,9.453201548079851468e-01,9.452837587615824377e-01,9.446424695787890569e-01,1.000000000000003775e+00,9.446290458491920505e-01,9.449929845377459392e-01,9.450212574577649960e-01,9.452984277147160608e-01,9.453104215833201263e-01,9.453115059572849699e-01,9.453117014222877090e-01,9.453117474063025272e-01,9.453117493562595008e-01,9.453117144141423012e-01,9.453115856906822989e-01,9.453110648956615236e-01,9.453081072061222390e-01,9.452715562371546421e-01,9.446290458491920505e-01,1.000000000000003775e+00,9.443324368628908116e-01,9.447441683102376642e-01,9.450212574577648850e-01,9.450332481196226375e-01,9.450343328020264222e-01,9.450345295635945719e-01,9.450345787109212248e-01,9.450345889136274602e-01,9.450345783879222639e-01,9.450345352414912803e-01,9.450343929315083713e-01,9.450338316048687570e-01,9.450307023776129967e-01,9.449929845377459392e-01,9.443324368628908116e-01,1.000000000000003775e+00
1.000000000000002887e+00,9.974621867618849169e-01,9.974689660613247355e-01,9.974666776370084698e-01,9.974666310956007420e-01,9.974666326548000672e-01,9.974666347944241007e-01,9.974666348079725964e-01,9.974666318613238936e-01,9.974666227232673599e-01,9.974665954491083175e-01,9.974665002005621561e-01,9.974660600686390266e-01,9.974613436525293642e-01,9.973206375592674755e-01,9.974621867618849169e-01,1.000000000000002887e+00,9.976076462419245505e-01,9.976099709562407103e-01,9.976074847428400005e-01,9.976073819833268796e-01,9.976073673270389186e-01,9.976073633419909603e-01,9.976073592237828525e-01,9.976073496842414734e-01,9.976073222518861972e-01,9.976072269243048130e-01,9.976067867001144895e-01,9.976020696038437885e-01,9.974613436525293642e-01,9.974689660613247355e-01,9.976076462419245505e-01,1.000000000000002887e+00,9.976128044260891281e-01,9.976147751856619950e-01,9.976122282203896408e-01,9.976121077320304620e-01,9.976120865224317180e-01,9.976120782631794359e-01,9.976120674980906156e-01,9.976120396422001324e-01,9.976119441489733619e-01,9.976115038516571998e-01,9.976067867001144895e-01,9.974660600686391376e-01,9.974666776370084698e-01,9.976099709562407103e-01,9.976128044260891281e-01,1.000000000000002887e+00,9.976133398962918619e-01,9.976152417631928282e-01,9.976126771179230079e-01,9.976125500254481304e-01,9.976125245252213114e-01,9.976125096133815484e-01,9.976124805297446052e-01,9.976123846121093264e-01,9.976119441489732509e-01,9.976072269243048130e-01,9.974665002005621561e-01,9.974666310956007420e-01,9.976074847428400005e-01,9.976147751856619950e-01,9.976133398962918619e-01,1.000000000000002887e+00,9.976134622310240951e-01,9.976153456094493110e-01,9.976127744406045883e-01,9.976126430590470662e-01,9.976126109058399694e-01,9.976125776752204910e-01,9.976124805297447162e-01,9.976120396422002434e-01,9.976073222518864192e-01,9.974665954491084285e-01,9.974666326548000672e-01,9.976073819833268796e-01,9.976122282203896408e-01,9.976152417631928282e-01,9.976134622310240951e-01,1.000000000000002887e+00,9.976134981659144918e-01,9.976153748434349877e-01,9.976127994114076802e-01,9.976126613778111274e-01,9.976126109058398583e-01,9.976125096133817705e-01,9.976120674980906156e-01,9.976073496842415844e-01,9.974666227232675819e-01,9.974666347944241007e-01,9.976073673270389186e-01,9.976121077320304620e-01,9.976126771179230079e-01,9.976153456094493110e-01,9.976134981659144918e-01,1.000000000000002887e+00,9.976135091218877315e-01,9.976153814893374827e-01,9.976127994114075692e-01,9.976126430590468441e-01,9.976125245252214224e-01,9.976120782631794359e-01,9.976073592237830745e-01,9.974666318613240046e-01,9.974666348079725964e-01,9.976073633419909603e-01,9.976120865224317180e-01,9.976125500254481304e-01,9.976127744406045883e-01,9.976153748434349877e-01,9.976135091218877315e-01,1.000000000000002887e+00,9.976135091218876205e-01,9.976153748434347657e-01,9.976127744406043663e-01,9.976125500254481304e-01,9.976120865224317180e-01,9.976073633419910713e-01,9.974666348079727074e-01,9.974666318613238936e-01,9.976073592237828525e-01,9.976120782631794359e-01,9.976125245252213114e-01,9.976126430590470662e-01,9.976127994114076802e-01,9.976153814893374827e-01,9.976135091218876205e-01,1.000000000000002887e+00,9.976134981659143808e-01,9.976153456094490890e-01,9.976126771179230079e-01,9.976121077320303510e-01,9.976073673270389186e-01,9.974666347944242117e-01,9.974666227232673599e-01,9.976073496842414734e-01,9.976120674980906156e-01,9.976125096133815484e-01,9.976126109058399694e-01,9.976126613778111274e-01,9.976127994114075692e-01,9.976153748434347657e-01,9.976134981659143808e-01,1.000000000000002887e+00,9.976134622310238731e-01,9.976152417631927172e-01,9.976122282203896408e-01,9.976073819833268796e-01,9.974666326548000672e-01,9.974665954491083175e-01,9.976073222518861972e-01,9.976120396422001324e-01,9.976124805297446052e-01,9.976125776752204910e-01,9.976126109058398583e-01,9.976126430590468441e-01,9.976127744406043663e-01,9.976153456094490890e-01,9.976134622310238731e-01,1.000000000000002887e+00,9.976133398962919729e-01,9.976147751856618839e-01,9.976074847428401116e-01,9.974666310956008530e-01,9.974665002005621561e-01,9.976072269243048130e-01,9.976119441489733619e-01,9.976123846121093264e-01,9.976124805297447162e-01,9.976125096133817705e-01,9.976125245252214224e-01,9.976125500254481304e-01,9.976126771179230079e-01,9.976152417631927172e-01,9.976133398962919729e-01,1.000000000000002887e+00,9.976128044260891281e-01,9.976099709562408213e-01,9.974666776370085808e-01,9.974660600686390266e-01,9.976067867001144895e-01,9.976115038516571998e-01,9.976119441489732509e-01,9.976120396422002434e-01,9.976120674980906156e-01,9.976120782631794359e-01,9.976120865224317180e-01,9.976121077320303510e-01,9.976122282203896408e-01,9.976147751856618839e-01,9.976128044260891281e-01,1.000000000000002887e+00,9.976076462419246615e-01,9.974689660613248465e-01,9.974613436525293642e-01,9.976020696038437885e-01,9.976067867001144895e-01,9.976072269243048130e-01,9.976073222518864192e-01,9.976073496842415844e-01,9.976073592237830745e-01,9.976073633419910713e-01,9.976073673270389186e-01,9.976073819833268796e-01,9.976074847428401116e-01,9.976099709562408213e-01,9.976076462419246615e-01,1.000000000000002887e+00,9.974621867618849169e-01,9.973206375592674755e-01,9.974613436525293642e-01,9.974660600686391376e-01,9.974665002005621561e-01,9.974665954491084285e-01,9.974666227232675819e-01,9.974666318613240046e-01,9.974666348079727074e-01,9.974666347944242117e-01,9.974666326548000672e-01,9.974666310956008530e-01,9.974666776370085808e-01,9.974689660613248465e-01,9.974621867618849169e-01,1.000000000000002887e+00
1.000000000000002442e+00,9.370134426351457435e-01,9.379204440743620363e-01,9.379003570034997184e-01,9.379001441978114251e-01,9.378999701561060443e-01,9.378999024662705297e-01,9.378998800830082860e-01,9.378998805228188074e-01,9.378999048762696189e-01,9.378999821117360858e-01,9.379002147814413659e-01,9.379007677750947902e-01,9.379081236793366250e-01,9.382948914456444856e-01,9.370134426351457435e-01,1.000000000000002442e+00,9.366069627257874730e-01,9.375321431364375124e-01,9.375134091372211431e-01,9.375134378264537993e-01,9.375133315755334040e-01,9.375132883641360548e-01,9.375132808947924667e-01,9.375133021916522980e-01,9.375133781388834686e-01,9.375136101560380686e-01,9.375141626585674626e-01,9.375215153996657724e-01,9.379081236793366250e-01,9.379204440743620363e-01,9.366069627257874730e-01,1.000000000000002442e+00,9.365988074435913635e-01,9.375244855725262116e-01,9.375059716579799973e-01,9.375060564244195316e-01,9.375059714209159623e-01,9.375059420221983908e-01,9.375059549825817129e-01,9.375060276959232830e-01,9.375062583657735038e-01,9.375068102618080434e-01,9.375141626585674626e-01,9.379007677750946792e-01,9.379003570034997184e-01,9.375321431364375124e-01,9.365988074435913635e-01,1.000000000000002442e+00,9.365979967235906756e-01,9.375238476379242902e-01,9.375053908584564111e-01,9.375054963976973132e-01,9.375054250596954741e-01,9.375054160374752810e-01,9.375054803930145120e-01,9.375057078199128258e-01,9.375062583657736148e-01,9.375136101560380686e-01,9.379002147814411439e-01,9.379001441978114251e-01,9.375134091372211431e-01,9.375244855725262116e-01,9.365979967235906756e-01,1.000000000000002442e+00,9.365976753214804162e-01,9.375235860905115626e-01,9.375051507116115568e-01,9.375052699208769047e-01,9.375052189546605463e-01,9.375052613250094424e-01,9.375054803930142899e-01,9.375060276959232830e-01,9.375133781388831355e-01,9.378999821117357527e-01,9.378999701561060443e-01,9.375134378264537993e-01,9.375059716579799973e-01,9.375238476379242902e-01,9.365976753214804162e-01,1.000000000000002442e+00,9.365975663696251008e-01,9.375235004616174761e-01,9.375050789404306695e-01,9.375052185282413131e-01,9.375052189546599912e-01,9.375054160374747259e-01,9.375059549825812688e-01,9.375133021916516318e-01,9.378999048762690638e-01,9.378999024662705297e-01,9.375133315755334040e-01,9.375060564244195316e-01,9.375053908584564111e-01,9.375235860905115626e-01,9.365975663696251008e-01,1.000000000000002442e+00,9.365975313759081766e-01,9.375234800397962420e-01,9.375050789404311136e-01,9.375052699208767937e-01,9.375054250596953631e-01,9.375059420221983908e-01,9.375132808947923557e-01,9.378998805228186963e-01,9.378998800830082860e-01,9.375132883641360548e-01,9.375059714209159623e-01,9.375054963976973132e-01,9.375051507116115568e-01,9.375235004616174761e-01,9.365975313759081766e-01,1.000000000000002442e+00,9.365975313759080656e-01,9.375235004616178092e-01,9.375051507116114458e-01,9.375054963976970912e-01,9.375059714209158512e-01,9.375132883641358328e-01,9.378998800830080640e-01,9.378998805228188074e-01,9.375132808947924667e-01,9.375059420221983908e-01,9.375054250596954741e-01,9.375052699208769047e-01,9.375050789404306695e-01,9.375234800397962420e-01,9.365975313759080656e-01,1.000000000000002442e+00,9.365975663696254339e-01,9.375235860905114516e-01,9.375053908584561890e-01,9.375060564244193095e-01,9.375133315755330710e-01,9.378999024662701967e-01,9.378999048762696189e-01,9.375133021916522980e-01,9.375059549825817129e-01,9.375054160374752810e-01,9.375052189546605463e-01,9.375052185282413131e-01,9.375050789404311136e-01,9.375235004616178092e-01,9.365975663696254339e-01,1.000000000000002442e+00,9.365976753214806383e-01,9.375238476379244013e-01,9.375059716579801083e-01,9.375134378264539103e-01,9.378999701561062663e-01,9.378999821117360858e-01,9.375133781388834686e-01,9.375060276959232830e-01,9.375054803930145120e-01,9.375052613250094424e-01,9.375052189546599912e-01,9.375052699208767937e-01,9.375051507116114458e-01,9.375235860905114516e-01,9.365976753214806383e-01,1.000000000000002442e+00,9.365979967235903425e-01,9.375244855725259896e-01,9.375134091372209211e-01,9.379001441978112030e-01,9.379002147814413659e-01,9.375136101560380686e-01,9.375062583657735038e-01,9.375057078199128258e-01,9.375054803930142899e-01,9.375054160374747259e-01,9.375054250596953631e-01,9.375054963976970912e-01,9.375053908584561890e-01,9.375238476379244013e-01,9.365979967235903425e-01,1.000000000000002442e+00,9.365988074435911415e-01,9.375321431364370683e-01,9.379003570034991633e-01,9.379007677750947902e-01,9.375141626585674626e-01,9.375068102618080434e-01,9.375062583657736148e-01,9.375060276959232830e-01,9.375059549825812688e-01,9.375059420221983908e-01,9.375059714209158512e-01,9.375060564244193095e-01,9.375059716579801083e-01,9.375244855725259896e-01,9.365988074435911415e-01,1.000000000000002442e+00,9.366069627257870289e-01,9.379204440743614812e-01,9.379081236793366250e-01,9.375215153996657724e-01,9.375141626585674626e-01,9.375136101560380686e-01,9.375133781388831355e-01,9.375133021916516318e-01,9.375132808947923557e-01,9.375132883641358328e-01,9.375133315755330710e-01,9.375134378264539103e-01,9.375134091372209211e-01,9.375321431364370683e-01,9.366069627257870289e-01,1.000000000000002442e+00,9.370134426351454104e-01,9.382948914456444856e-01,9.379081236793366250e-01,9.379007677750946792e-01,9.379002147814411439e-01,9.378999821117357527e-01,9.378999048762690638e-01,9.378998805228186963e-01,9.378998800830080640e-01,9.378999024662701967e-01,9.378999701561062663e-01,9.379001441978112030e-01,9.379003570034991633e-01,9.379204440743614812e-01,9.370134426351454104e-01,1.000000000000002442e+00
1.000000000000003109e+00,9.335340592735191789e-01,9.345254949172885350e-01,9.346777506881681630e-01,9.346879217694331610e-01,9.346899335688918509e-01,9.346905345496788753e-01,9.346907218813469420e-01,9.346907367548438206e-01,9.346905891677029787e-01,9.346900546467286075e-01,9.346880014455590802e-01,9.346763699829094829e-01,9.345412176231200352e-01,9.324229834159092345e-01,9.335340592735191789e-01,1.000000000000003109e+00,9.358629727638430040e-01,9.366677458724397276e-01,9.368037547593111025e-01,9.368119781521191403e-01,9.368135304757062576e-01,9.368139770077341666e-01,9.368140734246536150e-01,9.368139544510608596e-01,9.368134301530710584e-01,9.368113772303833242e-01,9.367997216458064935e-01,9.366642633894824987e-01,9.345412176231202572e-01,9.345254949172885350e-01,9.358629727638430040e-01,1.000000000000003109e+00,9.360146997955725023e-01,9.368058367259622932e-01,9.369398286865837644e-01,9.369476421247995290e-01,9.369490574244194736e-01,9.369494193378961056e-01,9.369493845388915387e-01,9.369488902973583944e-01,9.369468490815716644e-01,9.369351970434562915e-01,9.367997216458067156e-01,9.346763699829097050e-01,9.346777506881681630e-01,9.366677458724397276e-01,9.360146997955725023e-01,1.000000000000003109e+00,9.360288534944448680e-01,9.368180945624257072e-01,9.369516673518887284e-01,9.369593471004928897e-01,9.369606789830937643e-01,9.369609101228586479e-01,9.369605002511077751e-01,9.369584892237319274e-01,9.369468490815712203e-01,9.368113772303831022e-01,9.346880014455588581e-01,9.346879217694331610e-01,9.368037547593111025e-01,9.368058367259622932e-01,9.360288534944448680e-01,1.000000000000003109e+00,9.360315455108606519e-01,9.368203386564724067e-01,9.369537732657741147e-01,9.369613696388127133e-01,9.369625708048543444e-01,9.369624268968909098e-01,9.369605002511078862e-01,9.369488902973581723e-01,9.368134301530710584e-01,9.346900546467286075e-01,9.346899335688918509e-01,9.368119781521191403e-01,9.369398286865837644e-01,9.368180945624257072e-01,9.360315455108606519e-01,1.000000000000003109e+00,9.360322869793827882e-01,9.368209292486803230e-01,9.369542790609430849e-01,9.369617446842898323e-01,9.369625708048543444e-01,9.369609101228592030e-01,9.369493845388913167e-01,9.368139544510609706e-01,9.346905891677033118e-01,9.346905345496788753e-01,9.368135304757062576e-01,9.369476421247995290e-01,9.369516673518887284e-01,9.368203386564724067e-01,9.360322869793827882e-01,1.000000000000003109e+00,9.360325071045959566e-01,9.368210603280545667e-01,9.369542790609429739e-01,9.369613696388128243e-01,9.369606789830940974e-01,9.369494193378957725e-01,9.368140734246537260e-01,9.346907367548439316e-01,9.346907218813469420e-01,9.368139770077341666e-01,9.369490574244194736e-01,9.369593471004928897e-01,9.369537732657741147e-01,9.368209292486803230e-01,9.360325071045959566e-01,1.000000000000003109e+00,9.360325071045959566e-01,9.368209292486801010e-01,9.369537732657741147e-01,9.369593471004931118e-01,9.369490574244192516e-01,9.368139770077341666e-01,9.346907218813470530e-01,9.346907367548438206e-01,9.368140734246536150e-01,9.369494193378961056e-01,9.369606789830937643e-01,9.369613696388127133e-01,9.369542790609430849e-01,9.368210603280545667e-01,9.360325071045959566e-01,1.000000000000003109e+00,9.360322869793825662e-01,9.368203386564722956e-01,9.369516673518888394e-01,9.369476421247991960e-01,9.368135304757062576e-01,9.346905345496788753e-01,9.346905891677029787e-01,9.368139544510608596e-01,9.369493845388915387e-01,9.369609101228586479e-01,9.369625708048543444e-01,9.369617446842898323e-01,9.369542790609429739e-01,9.368209292486801010e-01,9.360322869793825662e-01,1.000000000000003109e+00,9.360315455108603189e-01,9.368180945624254852e-01,9.369398286865829872e-01,9.368119781521190292e-01,9.346899335688918509e-01,9.346900546467286075e-01,9.368134301530710584e-01,9.369488902973583944e-01,9.369605002511077751e-01,9.369624268968909098e-01,9.369625708048543444e-01,9.369613696388128243e-01,9.369537732657741147e-01,9.368203386564722956e-01,9.360315455108603189e-01,1.000000000000003109e+00,9.360288534944449790e-01,9.368058367259619601e-01,9.368037547593111025e-01,9.346879217694332720e-01,9.346880014455590802e-01,9.368113772303833242e-01,9.369468490815716644e-01,9.369584892237319274e-01,9.369605002511078862e-01,9.369609101228592030e-01,9.369606789830940974e-01,9.369593471004931118e-01,9.369516673518888394e-01,9.368180945624254852e-01,9.360288534944449790e-01,1.000000000000003109e+00,9.360146997955725023e-01,9.366677458724400607e-01,9.346777506881684960e-01,9.346763699829094829e-01,9.367997216458064935e-01,9.369351970434562915e-01,9.369468490815712203e-01,9.369488902973581723e-01,9.369493845388913167e-01,9.369494193378957725e-01,9.369490574244192516e-01,9.369476421247991960e-01,9.369398286865829872e-01,9.368058367259619601e-01,9.360146997955725023e-01,1.000000000000003109e+00,9.358629727638425599e-01,9.345254949172885350e-01,9.345412176231200352e-01,9.366642633894824987e-01,9.367997216458067156e-01,9.368113772303831022e-01,9.368134301530710584e-01,9.368139544510609706e-01,9.368140734246537260e-01,9.368139770077341666e-01,9.368135304757062576e-01,9.368119781521190292e-01,9.368037547593111025e-01,9.366677458724400607e-01,9.358629727638425599e-01,1.000000000000003109e+00,9.335340592735191789e-01,9.324229834159092345e-01,9.345412176231202572e-01,9.346763699829097050e-01,9.346880014455588581e-01,9.346900546467286075e-01,9.346905891677033118e-01,9.346907367548439316e-01,9.346907218813470530e-01,9.346905345496788753e-01,9.346899335688918509e-01,9.346879217694332720e-01,9.346777506881684960e-01,9.345254949172885350e-01,9.335340592735191789e-01,1.000000000000003109e+00
1.000000000000001998e+00,9.869387320214140225e-01,9.869494976972803535e-01,9.869353959087056039e-01,9.869359291703011516e-01,9.869359766316728733e-01,9.869359760272656823e-01,9.869359729776048251e-01,9.869359675898080608e-01,9.869359580640734153e-01,9.869359523055949435e-01,9.869361051309522015e-01,9.869387707054935177e-01,9.869613459532720068e-01,9.863493286055889930e-01,9.869387320214140225e-01,1.000000000000001998e+00,9.875311532590518304e-01,9.875549357789081828e-01,9.875473185146202981e-01,9.875482541465768760e-01,9.875483460994286533e-01,9.875483524022915516e-01,9.875483484195426431e-01,9.875483391937913691e-01,9.875483335255891282e-01,9.875484864866928003e-01,9.875511537382677396e-01,9.875737430106614756e-01,9.869613459532720068e-01,9.869494976972803535e-01,9.875311532590518304e-01,1.000000000000001998e+00,9.875057805218490081e-01,9.875319441850600732e-01,9.875247133340431249e-01,9.875256697718742815e-01,9.875257588534863684e-01,9.875257605478834355e-01,9.875257512471022903e-01,9.875257452302991235e-01,9.875258979692397299e-01,9.875285650414885597e-01,9.875511537382677396e-01,9.869387707054936287e-01,9.869353959087056039e-01,9.875549357789081828e-01,9.875057805218490081e-01,1.000000000000001998e+00,9.875029472124574603e-01,9.875292616729918205e-01,9.875220524221998142e-01,9.875230047840009018e-01,9.875230887557974180e-01,9.875230849463638716e-01,9.875230787802059540e-01,9.875232311376278549e-01,9.875258979692396188e-01,9.875484864866928003e-01,9.869361051309522015e-01,9.869359291703011516e-01,9.875473185146202981e-01,9.875319441850600732e-01,9.875029472124574603e-01,1.000000000000001998e+00,9.875027983374627949e-01,9.875291126225049787e-01,9.875219015130267675e-01,9.875228488058486187e-01,9.875229272573579076e-01,9.875229265750665730e-01,9.875230787802059540e-01,9.875257452302990124e-01,9.875483335255890172e-01,9.869359523055948324e-01,9.869359766316728733e-01,9.875482541465768760e-01,9.875247133340431249e-01,9.875292616729918205e-01,9.875027983374627949e-01,1.000000000000001998e+00,9.875028117028078478e-01,9.875291192829893649e-01,9.875219038810953975e-01,9.875228456792102261e-01,9.875229272573580186e-01,9.875230849463638716e-01,9.875257512471024013e-01,9.875483391937912581e-01,9.869359580640734153e-01,9.869359760272656823e-01,9.875483460994286533e-01,9.875256697718742815e-01,9.875220524221998142e-01,9.875291126225049787e-01,9.875028117028078478e-01,1.000000000000001998e+00,9.875028226290206712e-01,9.875291245914498139e-01,9.875219038810951755e-01,9.875228488058485077e-01,9.875230887557974180e-01,9.875257605478832135e-01,9.875483484195424211e-01,9.869359675898079498e-01,9.869359729776048251e-01,9.875483524022915516e-01,9.875257588534863684e-01,9.875230047840009018e-01,9.875219015130267675e-01,9.875291192829893649e-01,9.875028226290206712e-01,1.000000000000001998e+00,9.875028226290207822e-01,9.875291192829892539e-01,9.875219015130267675e-01,9.875230047840010128e-01,9.875257588534862574e-01,9.875483524022915516e-01,9.869359729776047141e-01,9.869359675898080608e-01,9.875483484195426431e-01,9.875257605478834355e-01,9.875230887557974180e-01,9.875228488058486187e-01,9.875219038810953975e-01,9.875291245914498139e-01,9.875028226290207822e-01,1.000000000000001998e+00,9.875028117028080699e-01,9.875291126225050897e-01,9.875220524222000362e-01,9.875256697718742815e-01,9.875483460994286533e-01,9.869359760272655713e-01,9.869359580640734153e-01,9.875483391937913691e-01,9.875257512471022903e-01,9.875230849463638716e-01,9.875229272573579076e-01,9.875228456792102261e-01,9.875219038810951755e-01,9.875291192829892539e-01,9.875028117028080699e-01,1.000000000000001998e+00,9.875027983374629059e-01,9.875292616729919315e-01,9.875247133340432359e-01,9.875482541465767650e-01,9.869359766316728733e-01,9.869359523055949435e-01,9.875483335255891282e-01,9.875257452302991235e-01,9.875230787802059540e-01,9.875229265750665730e-01,9.875229272573580186e-01,9.875228488058485077e-01,9.875219015130267675e-01,9.875291126225050897e-01,9.875027983374629059e-01,1.000000000000001998e+00,9.875029472124575713e-01,9.875319441850601843e-01,9.875473185146204091e-01,9.869359291703011516e-01,9.869361051309522015e-01,9.875484864866928003e-01,9.875258979692397299e-01,9.875232311376278549e-01,9.875230787802059540e-01,9.875230849463638716e-01,9.875230887557974180e-01,9.875230047840010128e-01,9.875220524222000362e-01,9.875292616729919315e-01,9.875029472124575713e-01,1.000000000000001998e+00,9.875057805218488971e-01,9.875549357789080718e-01,9.869353959087056039e-01,9.869387707054935177e-01,9.875511537382677396e-01,9.875285650414885597e-01,9.875258979692396188e-01,9.875257452302990124e-01,9.875257512471024013e-01,9.875257605478832135e-01,9.875257588534862574e-01,9.875256697718742815e-01,9.875247133340432359e-01,9.875319441850601843e-01,9.875057805218488971e-01,1.000000000000001998e+00,9.875311532590518304e-01,9.869494976972803535e-01,9.869613459532720068e-01,9.875737430106614756e-01,9.875511537382677396e-01,9.875484864866928003e-01,9.875483335255890172e-01,9.875483391937912581e-01,9.875483484195424211e-01,9.875483524022915516e-01,9.875483460994286533e-01,9.875482541465767650e-01,9.875473185146204091e-01,9.875549357789080718e-01,9.875311532590518304e-01,1.000000000000001998e+00,9.869387320214140225e-01,9.863493286055889930e-01,9.869613459532720068e-01,9.869387707054936287e-01,9.869361051309522015e-01,9.869359523055948324e-01,9.869359580640734153e-01,9.869359675898079498e-01,9.869359729776047141e-01,9.869359760272655713e-01,9.869359766316728733e-01,9.869359291703011516e-01,9.869353959087056039e-01,9.869494976972803535e-01,9.869387320214140225e-01,1.000000000000001998e+00
1.000000000000004663e+00,9.285522000072045090e-01,9.296864302116260026e-01,9.296317931499356035e-01,9.296235828898462561e-01,9.296223193767577664e-01,9.296219862084496022e-01,9.296218885964144807e-01,9.296219148897908457e-01,9.296220891509905382e-01,9.296226035689076905e-01,9.296240478726632839e-01,9.296279070063839800e-01,9.297186019440819571e-01,9.324596569389619338e-01,9.285522000072045090e-01,1.000000000000004663e+00,9.256252814932114381e-01,9.269562619823314975e-01,9.268979026646381181e-01,9.268904165354769908e-01,9.268894518957796480e-01,9.268892388510616698e-01,9.268892262021203310e-01,9.268893857248891033e-01,9.268898929528442965e-01,9.268913305358092991e-01,9.268951771593405553e-01,9.269856049051755642e-01,9.297186019440819571e-01,9.296864302116260026e-01,9.256252814932114381e-01,1.000000000000004663e+00,9.255274832567205179e-01,9.268644236484777643e-01,9.268069652184550700e-01,9.267998139359203691e-01,9.267989864305119507e-01,9.267988650257104055e-01,9.267989885321082921e-01,9.267994827613516007e-01,9.268009151401926937e-01,9.268047592291078773e-01,9.268951771593402222e-01,9.296279070063838690e-01,9.296317931499356035e-01,9.269562619823314975e-01,9.255274832567205179e-01,1.000000000000004663e+00,9.255219948564598065e-01,9.268600598243912358e-01,9.268029343704871081e-01,9.267959196909902886e-01,9.267951837700261208e-01,9.267951984967531809e-01,9.267956567133002199e-01,9.267970761321591144e-01,9.268009151401931378e-01,9.268913305358094101e-01,9.296240478726636169e-01,9.296235828898462561e-01,9.268979026646381181e-01,9.268644236484777643e-01,9.255219948564598065e-01,1.000000000000004663e+00,9.255199645918261719e-01,9.268584393262065957e-01,9.268014469130599897e-01,9.267945237071346654e-01,9.267939238910452016e-01,9.267942733135077216e-01,9.267956567132999979e-01,9.267994827613517117e-01,9.268898929528441855e-01,9.296226035689076905e-01,9.296223193767577664e-01,9.268904165354769908e-01,9.268069652184550700e-01,9.268600598243912358e-01,9.255199645918261719e-01,1.000000000000004663e+00,9.255192406213176293e-01,9.268578781880281170e-01,9.268009761116151601e-01,9.267941890101553115e-01,9.267939238910445354e-01,9.267951984967524037e-01,9.267989885321078480e-01,9.268893857248883261e-01,9.296220891509898721e-01,9.296219862084496022e-01,9.268894518957796480e-01,9.267998139359203691e-01,9.268029343704871081e-01,9.268584393262065957e-01,9.255192406213176293e-01,1.000000000000004663e+00,9.255190047381900431e-01,9.268577423568910012e-01,9.268009761116162704e-01,9.267945237071351094e-01,9.267951837700261208e-01,9.267988650257109606e-01,9.268892262021206641e-01,9.296219148897911788e-01,9.296218885964144807e-01,9.268892388510616698e-01,9.267989864305119507e-01,9.267959196909902886e-01,9.268014469130599897e-01,9.268578781880281170e-01,9.255190047381900431e-01,1.000000000000004663e+00,9.255190047381898211e-01,9.268578781880290052e-01,9.268014469130601007e-01,9.267959196909899555e-01,9.267989864305121728e-01,9.268892388510617808e-01,9.296218885964144807e-01,9.296219148897908457e-01,9.268892262021203310e-01,9.267988650257104055e-01,9.267951837700261208e-01,9.267945237071346654e-01,9.268009761116151601e-01,9.268577423568910012e-01,9.255190047381898211e-01,1.000000000000004663e+00,9.255192406213182954e-01,9.268584393262065957e-01,9.268029343704866641e-01,9.267998139359203691e-01,9.268894518957795370e-01,9.296219862084496022e-01,9.296220891509905382e-01,9.268893857248891033e-01,9.267989885321082921e-01,9.267951984967531809e-01,9.267939238910452016e-01,9.267941890101553115e-01,9.268009761116162704e-01,9.268578781880290052e-01,9.255192406213182954e-01,1.000000000000004663e+00,9.255199645918269491e-01,9.268600598243916799e-01,9.268069652184562912e-01,9.268904165354777680e-01,9.296223193767585435e-01,9.296226035689076905e-01,9.268898929528442965e-01,9.267994827613516007e-01,9.267956567133002199e-01,9.267942733135077216e-01,9.267939238910445354e-01,9.267945237071351094e-01,9.268014469130601007e-01,9.268584393262065957e-01,9.255199645918269491e-01,1.000000000000004663e+00,9.255219948564596955e-01,9.268644236484783194e-01,9.268979026646382291e-01,9.296235828898464781e-01,9.296240478726632839e-01,9.268913305358092991e-01,9.268009151401926937e-01,9.267970761321591144e-01,9.267956567132999979e-01,9.267951984967524037e-01,9.267951837700261208e-01,9.267959196909899555e-01,9.268029343704866641e-01,9.268600598243916799e-01,9.255219948564596955e-01,1.000000000000004663e+00,9.255274832567207399e-01,9.269562619823317196e-01,9.296317931499354925e-01,9.296279070063839800e-01,9.268951771593405553e-01,9.268047592291078773e-01,9.268009151401931378e-01,9.267994827613517117e-01,9.267989885321078480e-01,9.267988650257109606e-01,9.267989864305121728e-01,9.267998139359203691e-01,9.268069652184562912e-01,9.268644236484783194e-01,9.255274832567207399e-01,1.000000000000004663e+00,9.256252814932117712e-01,9.296864302116263357e-01,9.297186019440819571e-01,9.269856049051755642e-01,9.268951771593402222e-01,9.268913305358094101e-01,9.268898929528441855e-01,9.268893857248883261e-01,9.268892262021206641e-01,9.268892388510617808e-01,9.268894518957795370e-01,9.268904165354777680e-01,9.268979026646382291e-01,9.269562619823317196e-01,9.256252814932117712e-01,1.000000000000004663e+00,9.285522000072045090e-01,9.324596569389619338e-01,9.297186019440819571e-01,9.296279070063838690e-01,9.296240478726636169e-01,9.296226035689076905e-01,9.296220891509898721e-01,9.296219148897911788e-01,9.296218885964144807e-01,9.296219862084496022e-01,9.296223193767585435e-01,9.296235828898464781e-01,9.296317931499354925e-01,9.296864302116263357e-01,9.285522000072045090e-01,1.000000000000004663e+00
