1.000000000000000000e+00,1.000000000000000000e+00,1.000000000000000000e+00,1.000000000000000000e+00,1.000000000000000000e+00,1.000000000000000000e+00,1.000000000000000000e+00,1.000000000000000000e+00,1.000000000000000000e+00,1.000000000000000000e+00,1.000000000000000000e+00,1.000000000000000000e+00,1.000000000000000000e+00,1.000000000000000000e+00,1.000000000000000000e+00,1.000000000000000000e+00,1.000000000000000000e+00,1.000000000000000000e+00,1.000000000000000000e+00,1.000000000000000000e+00,1.000000000000000000e+00,1.000000000000000000e+00,1.000000000000000000e+00,1.000000000000000000e+00,1.000000000000000000e+00,1.000000000000000000e+00,1.000000000000000000e+00,1.000000000000000000e+00,1.000000000000000000e+00,1.000000000000000000e+00,1.000000000000000000e+00,1.000000000000000000e+00,1.000000000000000000e+00,1.000000000000000000e+00,1.000000000000000000e+00,1.000000000000000000e+00,1.000000000000000000e+00,1.000000000000000000e+00,1.000000000000000000e+00,1.000000000000000000e+00,1.000000000000000000e+00,1.000000000000000000e+00,1.000000000000000000e+00,1.000000000000000000e+00,1.000000000000000000e+00,1.000000000000000000e+00,1.000000000000000000e+00,1.000000000000000000e+00,1.000000000000000000e+00,1.000000000000000000e+00,1.000000000000000000e+00,1.000000000000000000e+00,1.000000000000000000e+00,1.000000000000000000e+00,1.000000000000000000e+00,1.000000000000000000e+00,1.000000000000000000e+00,1.000000000000000000e+00,1.000000000000000000e+00,1.000000000000000000e+00,1.000000000000000000e+00,1.000000000000000000e+00,1.000000000000000000e+00,1.000000000000000000e+00,1.000000000000000000e+00,1.000000000000000000e+00,1.000000000000000000e+00,1.000000000000000000e+00,1.000000000000000000e+00,1.000000000000000000e+00,1.000000000000000000e+00,1.000000000000000000e+00,1.000000000000000000e+00,1.000000000000000000e+00,1.000000000000000000e+00,1.000000000000000000e+00,1.000000000000000000e+00,1.000000000000000000e+00,1.000000000000000000e+00,1.000000000000000000e+00,1.000000000000000000e+00,1.000000000000000000e+00,1.000000000000000000e+00,1.000000000000000000e+00,1.000000000000000000e+00,1.000000000000000000e+00,1.000000000000000000e+00,1.000000000000000000e+00,1.000000000000000000e+00,1.000000000000000000e+00,1.000000000000000000e+00,1.000000000000000000e+00,1.000000000000000000e+00,1.000000000000000000e+00,1.000000000000000000e+00,1.000000000000000000e+00,1.000000000000000000e+00,1.000000000000000000e+00,1.000000000000000000e+00,1.000000000000000000e+00,1.000000000000000000e+00,1.000000000000000000e+00,1.000000000000000000e+00,1.000000000000000000e+00,1.000000000000000000e+00,1.000000000000000000e+00,1.000000000000000000e+00,1.000000000000000000e+00,1.000000000000000000e+00,1.000000000000000000e+00,1.000000000000000000e+00,1.000000000000000000e+00,1.000000000000000000e+00,1.000000000000000000e+00,1.000000000000000000e+00,1.000000000000000000e+00,1.000000000000000000e+00,1.000000000000000000e+00,1.000000000000000000e+00,1.000000000000000000e+00,1.000000000000000000e+00,1.000000000000000000e+00,1.000000000000000000e+00,1.000000000000000000e+00,1.000000000000000000e+00,1.000000000000000000e+00,1.000000000000000000e+00,1.000000000000000000e+00,1.000000000000000000e+00,1.000000000000000000e+00,1.000000000000000000e+00,1.000000000000000000e+00,1.000000000000000000e+00,1.000000000000000000e+00,1.000000000000000000e+00,1.000000000000000000e+00,1.000000000000000000e+00,1.000000000000000000e+00,1.000000000000000000e+00,1.000000000000000000e+00,1.000000000000000000e+00,1.000000000000000000e+00,1.000000000000000000e+00,1.000000000000000000e+00,1.000000000000000000e+00,1.000000000000000000e+00,1.000000000000000000e+00,1.000000000000000000e+00,1.000000000000000000e+00,1.000000000000000000e+00,1.000000000000000000e+00,1.000000000000000000e+00,1.000000000000000000e+00,1.000000000000000000e+00,1.000000000000000000e+00,1.000000000000000000e+00,1.000000000000000000e+00,1.000000000000000000e+00,1.000000000000000000e+00,1.000000000000000000e+00,1.000000000000000000e+00,1.000000000000000000e+00,1.000000000000000000e+00,1.000000000000000000e+00,1.000000000000000000e+00,1.000000000000000000e+00,1.000000000000000000e+00,1.000000000000000000e+00,1.000000000000000000e+00,1.000000000000000000e+00,1.000000000000000000e+00,1.000000000000000000e+00,1.000000000000000000e+00,1.000000000000000000e+00,1.000000000000000000e+00,1.000000000000000000e+00,1.000000000000000000e+00,1.000000000000000000e+00,1.000000000000000000e+00,1.000000000000000000e+00,1.000000000000000000e+00,1.000000000000000000e+00,1.000000000000000000e+00,1.000000000000000000e+00,1.000000000000000000e+00,1.000000000000000000e+00,1.000000000000000000e+00,1.000000000000000000e+00,1.000000000000000000e+00,1.000000000000000000e+00,1.000000000000000000e+00,1.000000000000000000e+00,1.000000000000000000e+00,1.000000000000000000e+00,1.000000000000000000e+00,1.000000000000000000e+00,1.000000000000000000e+00,1.000000000000000000e+00,1.000000000000000000e+00,1.000000000000000000e+00,1.000000000000000000e+00,1.000000000000000000e+00,1.000000000000000000e+00,1.000000000000000000e+00,1.000000000000000000e+00,1.000000000000000000e+00,1.000000000000000000e+00,1.000000000000000000e+00,1.000000000000000000e+00,1.000000000000000000e+00,1.000000000000000000e+00,1.000000000000000000e+00,1.000000000000000000e+00,1.000000000000000000e+00,1.000000000000000000e+00,1.000000000000000000e+00,1.000000000000000000e+00,1.000000000000000000e+00,1.000000000000000000e+00,1.000000000000000000e+00,1.000000000000000000e+00,1.000000000000000000e+00,1.000000000000000000e+00,1.000000000000000000e+00,1.000000000000000000e+00,1.000000000000000000e+00,1.000000000000000000e+00,1.000000000000000000e+00,1.000000000000000000e+00,1.000000000000000000e+00,1.000000000000000000e+00,1.000000000000000000e+00,1.000000000000000000e+00,1.000000000000000000e+00,1.000000000000000000e+00,1.000000000000000000e+00,1.000000000000000000e+00,1.000000000000000000e+00,1.000000000000000000e+00,1.000000000000000000e+00,1.000000000000000000e+00,1.000000000000000000e+00,1.000000000000000000e+00,1.000000000000000000e+00,1.000000000000000000e+00,1.000000000000000000e+00,1.000000000000000000e+00,1.000000000000000000e+00,1.000000000000000000e+00,1.000000000000000000e+00,1.000000000000000000e+00,1.000000000000000000e+00,1.000000000000000000e+00,1.000000000000000000e+00,1.000000000000000000e+00,1.000000000000000000e+00,1.000000000000000000e+00,1.000000000000000000e+00,1.000000000000000000e+00,1.000000000000000000e+00,1.000000000000000000e+00,1.000000000000000000e+00,1.000000000000000000e+00,1.000000000000000000e+00,1.000000000000000000e+00,1.000000000000000000e+00,1.000000000000000000e+00,1.000000000000000000e+00,1.000000000000000000e+00,1.000000000000000000e+00,1.000000000000000000e+00,1.000000000000000000e+00,1.000000000000000000e+00,1.000000000000000000e+00,1.000000000000000000e+00,1.000000000000000000e+00,1.000000000000000000e+00,1.000000000000000000e+00,1.000000000000000000e+00,1.000000000000000000e+00,1.000000000000000000e+00,1.000000000000000000e+00,1.000000000000000000e+00,1.000000000000000000e+00,1.000000000000000000e+00,1.000000000000000000e+00,1.000000000000000000e+00,1.000000000000000000e+00,1.000000000000000000e+00
9.999999999999996669e-01,9.443324371806692819e-01,9.449929849475714461e-01,9.450307029563179695e-01,9.450338324823737146e-01,9.450343943647950828e-01,9.450345377742500608e-01,9.450345832663908929e-01,9.450345992944942930e-01,9.450346036845921338e-01,9.450346001990425071e-01,9.450345842618319558e-01,9.450345325279373432e-01,9.450343345048228816e-01,9.450332491663023804e-01,9.450212581445095461e-01,9.447441687942217392e-01,9.443324371806692819e-01,9.999999999999996669e-01,9.446290463313196106e-01,9.452715568766081322e-01,9.453081081441251365e-01,9.453110663895796240e-01,9.453115882843868834e-01,9.453117193542420749e-01,9.453117598003701882e-01,9.453117724474975336e-01,9.453117721386531391e-01,9.453117575510469051e-01,9.453117064285665450e-01,9.453115086575720749e-01,9.453104231632467602e-01,9.452984287138432862e-01,9.450212581445098792e-01,9.449929849475714461e-01,9.446290463313196106e-01,9.999999999999996669e-01,9.446424703371000264e-01,9.452837598002229447e-01,9.453201564019778624e-01,9.453230787419588665e-01,9.453235894308738008e-01,9.453237158354884651e-01,9.453237530487823559e-01,9.453237610619840137e-01,9.453237496834070441e-01,9.453236999306265931e-01,9.453235027924131728e-01,9.453224175994605627e-01,9.453104231632464272e-01,9.450332491663022694e-01,9.450307029563179695e-01,9.452715568766081322e-01,9.446424703371000264e-01,9.999999999999996669e-01,9.446437883985046025e-01,9.452848990482854985e-01,9.453212596980795634e-01,9.453241709053096242e-01,9.453246769530255778e-01,9.453248001335233797e-01,9.453248327164602838e-01,9.453248296615868185e-01,9.453247831187743255e-01,9.453245873511029185e-01,9.453235027924131728e-01,9.453115086575718529e-01,9.450343345048226595e-01,9.450338324823737146e-01,9.453081081441251365e-01,9.452837598002229447e-01,9.446437883985046025e-01,9.999999999999996669e-01,9.446440459200896589e-01,9.452851150056887919e-01,9.453214644394581923e-01,9.453243710053345072e-01,9.453248738297937992e-01,9.453249923803638266e-01,9.453250138954253368e-01,9.453249756764172673e-01,9.453247831187741035e-01,9.453236999306264821e-01,9.453117064285661009e-01,9.450345325279372322e-01,9.450343943647950828e-01,9.453110663895796240e-01,9.453201564019778624e-01,9.452848990482854985e-01,9.446440459200896589e-01,9.999999999999996669e-01,9.446441175226587550e-01,9.452851737614226257e-01,9.453215185256511610e-01,9.453244218672408605e-01,9.453249200617528381e-01,9.453250275444800010e-01,9.453250138954255588e-01,9.453248296615867075e-01,9.453237496834071552e-01,9.453117575510466830e-01,9.450345842618317338e-01,9.450345377742500608e-01,9.453115882843868834e-01,9.453230787419588665e-01,9.453212596980795634e-01,9.452851150056887919e-01,9.446441175226587550e-01,9.999999999999996669e-01,9.446441416852479067e-01,9.452851926937647642e-01,9.453215342238792118e-01,9.453244329351064845e-01,9.453249200617528381e-01,9.453249923803642707e-01,9.453248327164603948e-01,9.453237610619842357e-01,9.453117721386530281e-01,9.450346001990426181e-01,9.450345832663908929e-01,9.453117193542420749e-01,9.453235894308738008e-01,9.453241709053096242e-01,9.453214644394581923e-01,9.452851737614226257e-01,9.446441416852479067e-01,9.999999999999996669e-01,9.446441497407481735e-01,9.452851973266054308e-01,9.453215342238793228e-01,9.453244218672410826e-01,9.453248738297943543e-01,9.453248001335234907e-01,9.453237530487826890e-01,9.453117724474975336e-01,9.450346036845923559e-01,9.450345992944942930e-01,9.453117598003701882e-01,9.453237158354884651e-01,9.453246769530255778e-01,9.453243710053345072e-01,9.453215185256511610e-01,9.452851926937647642e-01,9.446441497407481735e-01,9.999999999999996669e-01,9.446441497407479515e-01,9.452851926937646532e-01,9.453215185256510500e-01,9.453243710053348403e-01,9.453246769530254667e-01,9.453237158354885761e-01,9.453117598003700772e-01,9.450345992944942930e-01,9.450346036845921338e-01,9.453117724474975336e-01,9.453237530487823559e-01,9.453248001335233797e-01,9.453248738297937992e-01,9.453244218672408605e-01,9.453215342238792118e-01,9.452851973266054308e-01,9.446441497407479515e-01,9.999999999999996669e-01,9.446441416852476847e-01,9.452851737614224037e-01,9.453214644394583033e-01,9.453241709053092912e-01,9.453235894308738008e-01,9.453117193542417418e-01,9.450345832663907819e-01,9.450346001990425071e-01,9.453117721386531391e-01,9.453237610619840137e-01,9.453248327164602838e-01,9.453249923803638266e-01,9.453249200617528381e-01,9.453244329351064845e-01,9.453215342238793228e-01,9.452851926937646532e-01,9.446441416852476847e-01,9.999999999999996669e-01,9.446441175226587550e-01,9.452851150056890139e-01,9.453212596980794524e-01,9.453230787419588665e-01,9.453115882843867723e-01,9.450345377742499497e-01,9.450345842618319558e-01,9.453117575510469051e-01,9.453237496834070441e-01,9.453248296615868185e-01,9.453250138954253368e-01,9.453250275444800010e-01,9.453249200617528381e-01,9.453244218672410826e-01,9.453215185256510500e-01,9.452851737614224037e-01,9.446441175226587550e-01,9.999999999999996669e-01,9.446440459200898809e-01,9.452848990482859426e-01,9.453201564019780845e-01,9.453110663895796240e-01,9.450343943647949718e-01,9.450345325279373432e-01,9.453117064285665450e-01,9.453236999306265931e-01,9.453247831187743255e-01,9.453249756764172673e-01,9.453250138954255588e-01,9.453249923803642707e-01,9.453248738297943543e-01,9.453243710053348403e-01,9.453214644394583033e-01,9.452851150056890139e-01,9.446440459200898809e-01,9.999999999999996669e-01,9.446437883985050465e-01,9.452837598002234998e-01,9.453081081441252476e-01,9.450338324823740477e-01,9.450343345048228816e-01,9.453115086575720749e-01,9.453235027924131728e-01,9.453245873511029185e-01,9.453247831187741035e-01,9.453248296615867075e-01,9.453248327164603948e-01,9.453248001335234907e-01,9.453246769530254667e-01,9.453241709053092912e-01,9.453212596980794524e-01,9.452848990482859426e-01,9.446437883985050465e-01,9.999999999999996669e-01,9.446424703371001375e-01,9.452715568766079102e-01,9.450307029563181915e-01,9.450332491663023804e-01,9.453104231632467602e-01,9.453224175994605627e-01,9.453235027924131728e-01,9.453236999306264821e-01,9.453237496834071552e-01,9.453237610619842357e-01,9.453237530487826890e-01,9.453237158354885761e-01,9.453235894308738008e-01,9.453230787419588665e-01,9.453201564019780845e-01,9.452837598002234998e-01,9.446424703371001375e-01,9.999999999999996669e-01,9.446290463313194996e-01,9.449929849475715571e-01,9.450212581445095461e-01,9.452984287138432862e-01,9.453104231632464272e-01,9.453115086575718529e-01,9.453117064285661009e-01,9.453117575510466830e-01,9.453117721386530281e-01,9.453117724474975336e-01,9.453117598003700772e-01,9.453117193542417418e-01,9.453115882843867723e-01,9.453110663895796240e-01,9.453081081441252476e-01,9.452715568766079102e-01,9.446290463313194996e-01,9.999999999999996669e-01,9.443324371806690598e-01,9.447441687942217392e-01,9.450212581445098792e-01,9.450332491663022694e-01,9.450343345048226595e-01,9.450345325279372322e-01,9.450345842618317338e-01,9.450346001990426181e-01,9.450346036845923559e-01,9.450345992944942930e-01,9.450345832663907819e-01,9.450345377742499497e-01,9.450343943647949718e-01,9.450338324823740477e-01,9.450307029563181915e-01,9.449929849475715571e-01,9.443324371806690598e-01,9.999999999999996669e-01
9.999999999999995559e-01,9.966629521636588551e-01,9.966722311771117893e-01,9.966694905633101120e-01,9.966694247572067678e-01,9.966694256647476990e-01,9.966694287925614848e-01,9.966694303628960139e-01,9.966694304572076835e-01,9.966694288821109637e-01,9.966694243116833718e-01,9.966694123305596120e-01,9.966693776219612833e-01,9.966692565368011625e-01,9.966686901437510349e-01,9.966625021802820728e-01,9.964882362083619105e-01,9.966629521636588551e-01,9.999999999999995559e-01,9.968435281630614320e-01,9.968469268323498778e-01,9.968438934739586310e-01,9.968437539476764364e-01,9.968437343358644842e-01,9.968437305155102290e-01,9.968437290323939326e-01,9.968437269178046511e-01,9.968437221383820157e-01,9.968437100665333839e-01,9.968436753110070381e-01,9.968435541845497294e-01,9.968429876819754343e-01,9.968367986306664319e-01,9.966625021802820728e-01,9.966722311771117893e-01,9.968435281630614320e-01,9.999999999999995559e-01,9.968502877554132890e-01,9.968532288261343632e-01,9.968501164456732289e-01,9.968499547625258028e-01,9.968499277438251926e-01,9.968499207176273469e-01,9.968499169675961724e-01,9.968499116241846814e-01,9.968498993325027868e-01,9.968498644823128307e-01,9.968497433111335182e-01,9.968491767831714201e-01,9.968429876819752122e-01,9.966686901437509238e-01,9.966694905633101120e-01,9.968469268323498778e-01,9.968502877554132890e-01,9.999999999999995559e-01,9.968509757493205781e-01,9.968538292599721240e-01,9.968506947419513153e-01,9.968505255983025615e-01,9.968504953567250970e-01,9.968504860576878901e-01,9.968504790765320145e-01,9.968504662198830468e-01,9.968504311494428283e-01,9.968503098835089782e-01,9.968497433111335182e-01,9.968435541845496184e-01,9.966692565368009404e-01,9.966694247572067678e-01,9.968438934739586310e-01,9.968532288261343632e-01,9.968509757493205781e-01,9.999999999999995559e-01,9.968511315829352570e-01,9.968539620733103401e-01,9.968508201754806564e-01,9.968506478107658220e-01,9.968506152959969446e-01,9.968506027656033330e-01,9.968505882711011790e-01,9.968505526356448154e-01,9.968504311494429393e-01,9.968498644823128307e-01,9.968436753110071491e-01,9.966693776219610612e-01,9.966694256647476990e-01,9.968437539476764364e-01,9.968501164456732289e-01,9.968538292599721240e-01,9.968511315829352570e-01,9.999999999999995559e-01,9.968511781550800643e-01,9.968540010621844694e-01,9.968508559709358119e-01,9.968506813342387085e-01,9.968506455881759321e-01,9.968506255444208319e-01,9.968505882711011790e-01,9.968504662198830468e-01,9.968498993325026758e-01,9.968437100665333839e-01,9.966694123305593900e-01,9.966694287925614848e-01,9.968437343358644842e-01,9.968499547625258028e-01,9.968506947419513153e-01,9.968539620733103401e-01,9.968511781550800643e-01,9.999999999999995559e-01,9.968511944167391947e-01,9.968540140685732132e-01,9.968508667151178004e-01,9.968506888475738847e-01,9.968506455881760431e-01,9.968506027656034441e-01,9.968504790765320145e-01,9.968499116241845703e-01,9.968437221383820157e-01,9.966694243116834828e-01,9.966694303628960139e-01,9.968437305155102290e-01,9.968499277438251926e-01,9.968505255983025615e-01,9.968508201754806564e-01,9.968540010621844694e-01,9.968511944167391947e-01,9.999999999999995559e-01,9.968511999267570811e-01,9.968540172969352353e-01,9.968508667151179115e-01,9.968506813342390416e-01,9.968506152959970557e-01,9.968504860576880011e-01,9.968499169675961724e-01,9.968437269178047622e-01,9.966694288821110748e-01,9.966694304572076835e-01,9.968437290323939326e-01,9.968499207176273469e-01,9.968504953567250970e-01,9.968506478107658220e-01,9.968508559709358119e-01,9.968540140685732132e-01,9.968511999267570811e-01,9.999999999999995559e-01,9.968511999267570811e-01,9.968540140685732132e-01,9.968508559709358119e-01,9.968506478107658220e-01,9.968504953567250970e-01,9.968499207176271248e-01,9.968437290323939326e-01,9.966694304572077945e-01,9.966694288821109637e-01,9.968437269178046511e-01,9.968499169675961724e-01,9.968504860576878901e-01,9.968506152959969446e-01,9.968506813342387085e-01,9.968508667151178004e-01,9.968540172969352353e-01,9.968511999267570811e-01,9.999999999999995559e-01,9.968511944167390837e-01,9.968540010621845804e-01,9.968508201754805453e-01,9.968505255983024504e-01,9.968499277438249706e-01,9.968437305155101180e-01,9.966694303628957918e-01,9.966694243116833718e-01,9.968437221383820157e-01,9.968499116241846814e-01,9.968504790765320145e-01,9.968506027656033330e-01,9.968506455881759321e-01,9.968506888475738847e-01,9.968508667151179115e-01,9.968540140685732132e-01,9.968511944167390837e-01,9.999999999999995559e-01,9.968511781550801754e-01,9.968539620733104512e-01,9.968506947419513153e-01,9.968499547625255808e-01,9.968437343358643732e-01,9.966694287925613738e-01,9.966694123305596120e-01,9.968437100665333839e-01,9.968498993325027868e-01,9.968504662198830468e-01,9.968505882711011790e-01,9.968506255444208319e-01,9.968506455881760431e-01,9.968506813342390416e-01,9.968508559709358119e-01,9.968540010621845804e-01,9.968511781550801754e-01,9.999999999999995559e-01,9.968511315829354791e-01,9.968538292599723460e-01,9.968501164456734509e-01,9.968437539476764364e-01,9.966694256647476990e-01,9.966693776219612833e-01,9.968436753110070381e-01,9.968498644823128307e-01,9.968504311494428283e-01,9.968505526356448154e-01,9.968505882711011790e-01,9.968506027656034441e-01,9.968506152959970557e-01,9.968506478107658220e-01,9.968508201754805453e-01,9.968539620733104512e-01,9.968511315829354791e-01,9.999999999999995559e-01,9.968509757493205781e-01,9.968532288261345853e-01,9.968438934739585200e-01,9.966694247572068788e-01,9.966692565368011625e-01,9.968435541845497294e-01,9.968497433111335182e-01,9.968503098835089782e-01,9.968504311494429393e-01,9.968504662198830468e-01,9.968504790765320145e-01,9.968504860576880011e-01,9.968504953567250970e-01,9.968505255983024504e-01,9.968506947419513153e-01,9.968538292599723460e-01,9.968509757493205781e-01,9.999999999999995559e-01,9.968502877554134001e-01,9.968469268323498778e-01,9.966694905633105561e-01,9.966686901437510349e-01,9.968429876819754343e-01,9.968491767831714201e-01,9.968497433111335182e-01,9.968498644823128307e-01,9.968498993325026758e-01,9.968499116241845703e-01,9.968499169675961724e-01,9.968499207176271248e-01,9.968499277438249706e-01,9.968499547625255808e-01,9.968501164456734509e-01,9.968532288261345853e-01,9.968502877554134001e-01,9.999999999999995559e-01,9.968435281630614320e-01,9.966722311771117893e-01,9.966625021802820728e-01,9.968367986306664319e-01,9.968429876819752122e-01,9.968435541845496184e-01,9.968436753110071491e-01,9.968437100665333839e-01,9.968437221383820157e-01,9.968437269178047622e-01,9.968437290323939326e-01,9.968437305155101180e-01,9.968437343358643732e-01,9.968437539476764364e-01,9.968438934739585200e-01,9.968469268323498778e-01,9.968435281630614320e-01,9.999999999999995559e-01,9.966629521636589661e-01,9.964882362083619105e-01,9.966625021802820728e-01,9.966686901437509238e-01,9.966692565368009404e-01,9.966693776219610612e-01,9.966694123305593900e-01,9.966694243116834828e-01,9.966694288821110748e-01,9.966694304572077945e-01,9.966694303628957918e-01,9.966694287925613738e-01,9.966694256647476990e-01,9.966694247572068788e-01,9.966694905633105561e-01,9.966722311771117893e-01,9.966629521636589661e-01,9.999999999999995559e-01
9.999999999999987788e-01,9.380970314532836030e-01,9.389725399975245024e-01,9.389491066820088161e-01,9.389483931940785233e-01,9.389481405720030427e-01,9.389480525162148261e-01,9.389480201512416802e-01,9.389480091271483753e-01,9.389480094375393104e-01,9.389480214338206121e-01,9.389480565918201238e-01,9.389481559897336904e-01,9.389484650521361386e-01,9.389494313973553163e-01,9.389616442207409097e-01,9.394298318709778384e-01,9.380970314532836030e-01,9.999999999999987788e-01,9.376019686278005416e-01,9.385027641948299193e-01,9.384807614219625727e-01,9.384803277427461454e-01,9.384801521044029426e-01,9.384800896712800489e-01,9.384800683018471590e-01,9.384800647786886163e-01,9.384800752187002493e-01,9.384801096793595754e-01,9.384802087078988331e-01,9.384805174564212482e-01,9.384814832359055226e-01,9.384936899266583810e-01,9.389616442207409097e-01,9.389725399975245024e-01,9.376019686278005416e-01,9.999999999999987788e-01,9.375883903177985035e-01,9.384901915677994477e-01,9.384684500768100124e-01,9.384680841600441248e-01,9.384679316556128192e-01,9.384678793712608602e-01,9.384678651726521270e-01,9.384678716372488738e-01,9.384679044794047575e-01,9.384680027920707657e-01,9.384683111978264769e-01,9.384692767941231750e-01,9.384814832359059666e-01,9.389494313973557604e-01,9.389491066820088161e-01,9.385027641948299193e-01,9.375883903177985035e-01,9.999999999999987788e-01,9.375870763390765639e-01,9.384891209030772341e-01,9.384674477426092620e-01,9.384671045657645427e-01,9.384669620895335074e-01,9.384669169322431559e-01,9.384669127037523761e-01,9.384669415627310274e-01,9.384670382534204824e-01,9.384673459422973041e-01,9.384683111978262549e-01,9.384805174564213592e-01,9.389484650521365827e-01,9.389483931940785233e-01,9.384807614219625727e-01,9.384901915677994477e-01,9.375870763390765639e-01,9.999999999999987788e-01,9.375866550467086835e-01,9.384887749843289217e-01,9.384671250018565836e-01,9.384667918572592304e-01,9.384666565042109054e-01,9.384666213148341596e-01,9.384666394797066546e-01,9.384667321867408152e-01,9.384670382534210376e-01,9.384680027920710987e-01,9.384802087078993882e-01,9.389481559897343566e-01,9.389481405720030427e-01,9.384803277427461454e-01,9.384684500768100124e-01,9.384891209030772341e-01,9.375866550467086835e-01,9.999999999999987788e-01,9.375865152611913000e-01,9.384886614741858590e-01,9.384670216621447958e-01,9.384666956477997202e-01,9.384665702630101691e-01,9.384665574668603627e-01,9.384666394797064326e-01,9.384669415627313604e-01,9.384679044794048686e-01,9.384801096793600195e-01,9.389480565918206789e-01,9.389480525162148261e-01,9.384801521044029426e-01,9.384680841600441248e-01,9.384674477426092620e-01,9.384887749843289217e-01,9.375865152611913000e-01,9.999999999999987788e-01,9.375864643290050537e-01,9.384886219327668311e-01,9.384669892977263173e-01,9.384666732544005852e-01,9.384665702630097250e-01,9.384666213148334935e-01,9.384669127037522651e-01,9.384678716372485408e-01,9.384800752187002493e-01,9.389480214338207231e-01,9.389480201512416802e-01,9.384800896712800489e-01,9.384679316556128192e-01,9.384671045657645427e-01,9.384671250018565836e-01,9.384886614741858590e-01,9.375864643290050537e-01,9.999999999999987788e-01,9.375864467347212461e-01,9.384886119501127943e-01,9.384669892977259842e-01,9.384666956477989430e-01,9.384666565042100173e-01,9.384669169322427118e-01,9.384678651726515719e-01,9.384800647786881722e-01,9.389480094375390884e-01,9.389480091271483753e-01,9.384800683018471590e-01,9.384678793712608602e-01,9.384669620895335074e-01,9.384667918572592304e-01,9.384670216621447958e-01,9.384886219327668311e-01,9.375864467347212461e-01,9.999999999999987788e-01,9.375864467347216902e-01,9.384886219327669421e-01,9.384670216621444627e-01,9.384667918572586753e-01,9.384669620895335074e-01,9.384678793712606382e-01,9.384800683018471590e-01,9.389480091271484863e-01,9.389480094375393104e-01,9.384800647786886163e-01,9.384678651726521270e-01,9.384669169322431559e-01,9.384666565042109054e-01,9.384666956477997202e-01,9.384669892977263173e-01,9.384886119501127943e-01,9.375864467347216902e-01,9.999999999999987788e-01,9.375864643290056089e-01,9.384886614741859701e-01,9.384671250018565836e-01,9.384671045657649868e-01,9.384679316556130413e-01,9.384800896712806040e-01,9.389480201512422353e-01,9.389480214338206121e-01,9.384800752187002493e-01,9.384678716372488738e-01,9.384669127037523761e-01,9.384666213148341596e-01,9.384665702630101691e-01,9.384666732544005852e-01,9.384669892977259842e-01,9.384886219327669421e-01,9.375864643290056089e-01,9.999999999999987788e-01,9.375865152611910780e-01,9.384887749843284777e-01,9.384674477426093731e-01,9.384680841600441248e-01,9.384801521044030537e-01,9.389480525162150482e-01,9.389480565918201238e-01,9.384801096793595754e-01,9.384679044794047575e-01,9.384669415627310274e-01,9.384666394797066546e-01,9.384665574668603627e-01,9.384665702630097250e-01,9.384666956477989430e-01,9.384670216621444627e-01,9.384886614741859701e-01,9.375865152611910780e-01,9.999999999999987788e-01,9.375866550467077953e-01,9.384891209030767900e-01,9.384684500768096793e-01,9.384803277427459234e-01,9.389481405720027096e-01,9.389481559897336904e-01,9.384802087078988331e-01,9.384680027920707657e-01,9.384670382534204824e-01,9.384667321867408152e-01,9.384666394797064326e-01,9.384666213148334935e-01,9.384666565042100173e-01,9.384667918572586753e-01,9.384671250018565836e-01,9.384887749843284777e-01,9.375866550467077953e-01,9.999999999999987788e-01,9.375870763390756757e-01,9.384901915677986706e-01,9.384807614219621286e-01,9.389483931940780792e-01,9.389484650521361386e-01,9.384805174564212482e-01,9.384683111978264769e-01,9.384673459422973041e-01,9.384670382534210376e-01,9.384669415627313604e-01,9.384669127037522651e-01,9.384669169322427118e-01,9.384669620895335074e-01,9.384671045657649868e-01,9.384674477426093731e-01,9.384891209030767900e-01,9.375870763390756757e-01,9.999999999999987788e-01,9.375883903177980594e-01,9.385027641948298083e-01,9.389491066820088161e-01,9.389494313973553163e-01,9.384814832359055226e-01,9.384692767941231750e-01,9.384683111978262549e-01,9.384680027920710987e-01,9.384679044794048686e-01,9.384678716372485408e-01,9.384678651726515719e-01,9.384678793712606382e-01,9.384679316556130413e-01,9.384680841600441248e-01,9.384684500768096793e-01,9.384901915677986706e-01,9.375883903177980594e-01,9.999999999999987788e-01,9.376019686278002085e-01,9.389725399975242803e-01,9.389616442207409097e-01,9.384936899266583810e-01,9.384814832359059666e-01,9.384805174564213592e-01,9.384802087078993882e-01,9.384801096793600195e-01,9.384800752187002493e-01,9.384800647786881722e-01,9.384800683018471590e-01,9.384800896712806040e-01,9.384801521044030537e-01,9.384803277427459234e-01,9.384807614219621286e-01,9.385027641948298083e-01,9.376019686278002085e-01,9.999999999999987788e-01,9.380970314532837140e-01,9.394298318709778384e-01,9.389616442207409097e-01,9.389494313973557604e-01,9.389484650521365827e-01,9.389481559897343566e-01,9.389480565918206789e-01,9.389480214338207231e-01,9.389480094375390884e-01,9.389480091271484863e-01,9.389480201512422353e-01,9.389480525162150482e-01,9.389481405720027096e-01,9.389483931940780792e-01,9.389491066820088161e-01,9.389725399975242803e-01,9.380970314532837140e-01,9.999999999999987788e-01
1.000000000000001110e+00,9.213640438832066959e-01,9.227443262836065863e-01,9.229287232388087014e-01,9.229416910621355274e-01,9.229442019084151960e-01,9.229449402333135266e-01,9.229451928548967343e-01,9.229452808384730478e-01,9.229452928401283840e-01,9.229452374815826365e-01,9.229450523784344940e-01,9.229444754940731022e-01,9.229422871455107424e-01,9.229297127019471247e-01,9.227847280409355868e-01,9.205973248824195210e-01,9.213640438832066959e-01,1.000000000000001110e+00,9.237894307018731377e-01,9.249568313039071565e-01,9.251244707751520302e-01,9.251353815592902041e-01,9.251374154026552610e-01,9.251380063504668350e-01,9.251381993379437230e-01,9.251382483364878340e-01,9.251382074003238198e-01,9.251380281361946123e-01,9.251374528041675926e-01,9.251352607064554645e-01,9.251226571447814795e-01,9.249773284046967081e-01,9.227847280409352537e-01,9.227443262836065863e-01,9.237894307018731377e-01,1.000000000000001110e+00,9.239533108048805232e-01,9.251049244854612219e-01,9.252704547231793697e-01,9.252809390020320102e-01,9.252828429119542841e-01,9.252833805048944482e-01,9.252835370424974393e-01,9.252835342750518333e-01,9.252833701144214107e-01,9.252828012669649382e-01,9.252806119085539294e-01,9.252680079083122067e-01,9.251226571447814795e-01,9.229297127019466807e-01,9.229287232388087014e-01,9.249568313039071565e-01,9.239533108048805232e-01,1.000000000000001110e+00,9.239686689302841760e-01,9.251181620429471675e-01,9.252832591088887559e-01,9.252936170132223248e-01,9.252954688106038716e-01,9.252959704051197942e-01,9.252960753620546042e-01,9.252959494601239454e-01,9.252953957779340710e-01,9.252932129858878474e-01,9.252806119085535963e-01,9.251352607064551314e-01,9.229422871455098543e-01,9.229416910621355274e-01,9.251244707751520302e-01,9.251049244854612219e-01,9.239686689302841760e-01,1.000000000000001110e+00,9.239715507913975889e-01,9.251205586100731404e-01,9.252855252411045228e-01,9.252958310847770873e-01,9.252976469429653461e-01,9.252980969826442026e-01,9.252980788167798343e-01,9.252975633996737281e-01,9.252953957779331828e-01,9.252828012669637170e-01,9.251374528041664824e-01,9.229444754940717699e-01,9.229442019084151960e-01,9.251353815592902041e-01,9.252704547231793697e-01,9.251181620429471675e-01,9.239715507913975889e-01,1.000000000000001110e+00,9.239723543395149674e-01,9.251212122238736679e-01,9.252861254114207457e-01,9.252963952739350351e-01,9.252981595781072377e-01,9.252984864968427647e-01,9.252980788167810555e-01,9.252959494601243895e-01,9.252833701144215217e-01,9.251380281361947233e-01,9.229450523784342719e-01,9.229449402333135266e-01,9.251374154026552610e-01,9.252809390020320102e-01,9.252832591088887559e-01,9.251205586100731404e-01,9.239723543395149674e-01,1.000000000000001110e+00,9.239726261315082123e-01,9.251214233718650926e-01,9.252863001045903424e-01,9.252965183955977890e-01,9.252981595781074597e-01,9.252980969826455349e-01,9.252960753620553813e-01,9.252835342750522774e-01,9.251382074003241529e-01,9.229452374815829696e-01,9.229451928548967343e-01,9.251380063504668350e-01,9.252828429119542841e-01,9.252936170132223248e-01,9.252855252411045228e-01,9.251212122238736679e-01,9.239726261315082123e-01,1.000000000000001110e+00,9.239727167652359574e-01,9.251214750615893712e-01,9.252863001045904534e-01,9.252963952739355902e-01,9.252976469429669004e-01,9.252959704051206824e-01,9.252835370424981054e-01,9.251382483364883891e-01,9.229452928401288281e-01,9.229452808384730478e-01,9.251381993379437230e-01,9.252833805048944482e-01,9.252954688106038716e-01,9.252958310847770873e-01,9.252861254114207457e-01,9.251214233718650926e-01,9.239727167652359574e-01,1.000000000000001110e+00,9.239727167652355133e-01,9.251214233718647595e-01,9.252861254114207457e-01,9.252958310847783086e-01,9.252954688106043157e-01,9.252833805048945592e-01,9.251381993379436119e-01,9.229452808384729368e-01,9.229452928401283840e-01,9.251382483364878340e-01,9.252835370424974393e-01,9.252959704051197942e-01,9.252976469429653461e-01,9.252963952739350351e-01,9.252863001045903424e-01,9.251214750615893712e-01,9.239727167652355133e-01,1.000000000000001110e+00,9.239726261315074352e-01,9.251212122238733349e-01,9.252855252411051890e-01,9.252936170132224358e-01,9.252828429119539511e-01,9.251380063504663909e-01,9.229451928548962902e-01,9.229452374815826365e-01,9.251382074003238198e-01,9.252835342750518333e-01,9.252960753620546042e-01,9.252980969826442026e-01,9.252981595781072377e-01,9.252965183955977890e-01,9.252863001045904534e-01,9.251214233718647595e-01,9.239726261315074352e-01,1.000000000000001110e+00,9.239723543395146343e-01,9.251205586100741396e-01,9.252832591088889780e-01,9.252809390020318991e-01,9.251374154026549279e-01,9.229449402333133046e-01,9.229450523784344940e-01,9.251380281361946123e-01,9.252833701144214107e-01,9.252959494601239454e-01,9.252980788167798343e-01,9.252984864968427647e-01,9.252981595781074597e-01,9.252963952739355902e-01,9.252861254114207457e-01,9.251212122238733349e-01,9.239723543395146343e-01,1.000000000000001110e+00,9.239715507913988102e-01,9.251181620429476116e-01,9.252704547231793697e-01,9.251353815592902041e-01,9.229442019084150850e-01,9.229444754940731022e-01,9.251374528041675926e-01,9.252828012669649382e-01,9.252953957779340710e-01,9.252975633996737281e-01,9.252980788167810555e-01,9.252980969826455349e-01,9.252976469429669004e-01,9.252958310847783086e-01,9.252855252411051890e-01,9.251205586100741396e-01,9.239715507913988102e-01,1.000000000000001110e+00,9.239686689302859524e-01,9.251049244854625542e-01,9.251244707751534735e-01,9.229416910621367487e-01,9.229422871455107424e-01,9.251352607064554645e-01,9.252806119085539294e-01,9.252932129858878474e-01,9.252953957779331828e-01,9.252959494601243895e-01,9.252960753620553813e-01,9.252959704051206824e-01,9.252954688106043157e-01,9.252936170132224358e-01,9.252832591088889780e-01,9.251181620429476116e-01,9.239686689302859524e-01,1.000000000000001110e+00,9.239533108048813004e-01,9.249568313039079337e-01,9.229287232388092566e-01,9.229297127019471247e-01,9.251226571447814795e-01,9.252680079083122067e-01,9.252806119085535963e-01,9.252828012669637170e-01,9.252833701144215217e-01,9.252835342750522774e-01,9.252835370424981054e-01,9.252833805048945592e-01,9.252828429119539511e-01,9.252809390020318991e-01,9.252704547231793697e-01,9.251049244854625542e-01,9.239533108048813004e-01,1.000000000000001110e+00,9.237894307018734708e-01,9.227443262836068083e-01,9.227847280409355868e-01,9.249773284046967081e-01,9.251226571447814795e-01,9.251352607064551314e-01,9.251374528041664824e-01,9.251380281361947233e-01,9.251382074003241529e-01,9.251382483364883891e-01,9.251381993379436119e-01,9.251380063504663909e-01,9.251374154026549279e-01,9.251353815592902041e-01,9.251244707751534735e-01,9.249568313039079337e-01,9.237894307018734708e-01,1.000000000000001110e+00,9.213640438832065849e-01,9.205973248824195210e-01,9.227847280409352537e-01,9.229297127019466807e-01,9.229422871455098543e-01,9.229444754940717699e-01,9.229450523784342719e-01,9.229452374815829696e-01,9.229452928401288281e-01,9.229452808384729368e-01,9.229451928548962902e-01,9.229449402333133046e-01,9.229442019084150850e-01,9.229416910621367487e-01,9.229287232388092566e-01,9.227443262836068083e-01,9.213640438832065849e-01,1.000000000000001110e+00
