1.000000000000000000e+00,1.000000000000000000e+00,1.000000000000000000e+00,1.000000000000000000e+00,1.000000000000000000e+00,1.000000000000000000e+00,1.000000000000000000e+00,1.000000000000000000e+00,1.000000000000000000e+00,1.000000000000000000e+00,1.000000000000000000e+00,1.000000000000000000e+00,1.000000000000000000e+00,1.000000000000000000e+00,1.000000000000000000e+00,1.000000000000000000e+00,1.000000000000000000e+00,1.000000000000000000e+00,1.000000000000000000e+00,1.000000000000000000e+00,1.000000000000000000e+00,1.000000000000000000e+00,1.000000000000000000e+00,1.000000000000000000e+00,1.000000000000000000e+00,1.000000000000000000e+00,1.000000000000000000e+00,1.000000000000000000e+00,1.000000000000000000e+00,1.000000000000000000e+00,1.000000000000000000e+00,1.000000000000000000e+00,1.000000000000000000e+00,1.000000000000000000e+00,1.000000000000000000e+00,1.000000000000000000e+00,1.000000000000000000e+00,1.000000000000000000e+00,1.000000000000000000e+00,1.000000000000000000e+00,1.000000000000000000e+00,1.000000000000000000e+00,1.000000000000000000e+00,1.000000000000000000e+00,1.000000000000000000e+00,1.000000000000000000e+00,1.000000000000000000e+00,1.000000000000000000e+00,1.000000000000000000e+00,1.000000000000000000e+00,1.000000000000000000e+00,1.000000000000000000e+00,1.000000000000000000e+00,1.000000000000000000e+00,1.000000000000000000e+00,1.000000000000000000e+00,1.000000000000000000e+00,1.000000000000000000e+00,1.000000000000000000e+00,1.000000000000000000e+00,1.000000000000000000e+00,1.000000000000000000e+00,1.000000000000000000e+00,1.000000000000000000e+00,1.000000000000000000e+00,1.000000000000000000e+00,1.000000000000000000e+00,1.000000000000000000e+00,1.000000000000000000e+00,1.000000000000000000e+00,1.000000000000000000e+00,1.000000000000000000e+00,1.000000000000000000e+00,1.000000000000000000e+00,1.000000000000000000e+00,1.000000000000000000e+00,1.000000000000000000e+00,1.000000000000000000e+00,1.000000000000000000e+00,1.000000000000000000e+00,1.000000000000000000e+00,1.000000000000000000e+00,1.000000000000000000e+00,1.000000000000000000e+00,1.000000000000000000e+00,1.000000000000000000e+00,1.000000000000000000e+00,1.000000000000000000e+00,1.000000000000000000e+00,1.000000000000000000e+00,1.000000000000000000e+00,1.000000000000000000e+00,1.000000000000000000e+00,1.000000000000000000e+00,1.000000000000000000e+00,1.000000000000000000e+00,1.000000000000000000e+00,1.000000000000000000e+00,1.000000000000000000e+00,1.000000000000000000e+00,1.000000000000000000e+00,1.000000000000000000e+00,1.000000000000000000e+00,1.000000000000000000e+00,1.000000000000000000e+00,1.000000000000000000e+00,1.000000000000000000e+00,1.000000000000000000e+00,1.000000000000000000e+00,1.000000000000000000e+00,1.000000000000000000e+00,1.000000000000000000e+00,1.000000000000000000e+00,1.000000000000000000e+00,1.000000000000000000e+00,1.000000000000000000e+00,1.000000000000000000e+00,1.000000000000000000e+00,1.000000000000000000e+00,1.000000000000000000e+00,1.000000000000000000e+00,1.000000000000000000e+00,1.000000000000000000e+00,1.000000000000000000e+00,1.000000000000000000e+00,1.000000000000000000e+00,1.000000000000000000e+00,1.000000000000000000e+00,1.000000000000000000e+00,1.000000000000000000e+00,1.000000000000000000e+00,1.000000000000000000e+00,1.000000000000000000e+00,1.000000000000000000e+00,1.000000000000000000e+00,1.000000000000000000e+00,1.000000000000000000e+00,1.000000000000000000e+00,1.000000000000000000e+00,1.000000000000000000e+00,1.000000000000000000e+00,1.000000000000000000e+00,1.000000000000000000e+00,1.000000000000000000e+00,1.000000000000000000e+00,1.000000000000000000e+00,1.000000000000000000e+00,1.000000000000000000e+00,1.000000000000000000e+00,1.000000000000000000e+00,1.000000000000000000e+00,1.000000000000000000e+00,1.000000000000000000e+00,1.000000000000000000e+00,1.000000000000000000e+00,1.000000000000000000e+00,1.000000000000000000e+00,1.000000000000000000e+00,1.000000000000000000e+00,1.000000000000000000e+00,1.000000000000000000e+00,1.000000000000000000e+00,1.000000000000000000e+00,1.000000000000000000e+00,1.000000000000000000e+00,1.000000000000000000e+00,1.000000000000000000e+00,1.000000000000000000e+00,1.000000000000000000e+00,1.000000000000000000e+00,1.000000000000000000e+00,1.000000000000000000e+00,1.000000000000000000e+00,1.000000000000000000e+00,1.000000000000000000e+00,1.000000000000000000e+00,1.000000000000000000e+00,1.000000000000000000e+00,1.000000000000000000e+00,1.000000000000000000e+00,1.000000000000000000e+00,1.000000000000000000e+00,1.000000000000000000e+00,1.000000000000000000e+00,1.000000000000000000e+00,1.000000000000000000e+00,1.000000000000000000e+00,1.000000000000000000e+00,1.000000000000000000e+00,1.000000000000000000e+00,1.000000000000000000e+00,1.000000000000000000e+00,1.000000000000000000e+00,1.000000000000000000e+00,1.000000000000000000e+00,1.000000000000000000e+00,1.000000000000000000e+00,1.000000000000000000e+00,1.000000000000000000e+00,1.000000000000000000e+00,1.000000000000000000e+00,1.000000000000000000e+00,1.000000000000000000e+00,1.000000000000000000e+00,1.000000000000000000e+00,1.000000000000000000e+00,1.000000000000000000e+00,1.000000000000000000e+00,1.000000000000000000e+00,1.000000000000000000e+00,1.000000000000000000e+00,1.000000000000000000e+00,1.000000000000000000e+00,1.000000000000000000e+00,1.000000000000000000e+00,1.000000000000000000e+00,1.000000000000000000e+00,1.000000000000000000e+00,1.000000000000000000e+00,1.000000000000000000e+00,1.000000000000000000e+00,1.000000000000000000e+00,1.000000000000000000e+00,1.000000000000000000e+00,1.000000000000000000e+00
1.000000000000003775e+00,9.443324368628904786e-01,9.449929845377453841e-01,9.450307023776125526e-01,9.450338316048684240e-01,9.450343929315080382e-01,9.450345352414910582e-01,9.450345783879219308e-01,9.450345889136271271e-01,9.450345787109211138e-01,9.450345295635945719e-01,9.450343328020267553e-01,9.450332481196226375e-01,9.450212574577649960e-01,9.447441683102376642e-01,9.443324368628904786e-01,1.000000000000003775e+00,9.446290458491917175e-01,9.452715562371541980e-01,9.453081072061219059e-01,9.453110648956614126e-01,9.453115856906819658e-01,9.453117144141419681e-01,9.453117493562590568e-01,9.453117474063023051e-01,9.453117014222875980e-01,9.453115059572849699e-01,9.453104215833199042e-01,9.452984277147160608e-01,9.450212574577648850e-01,9.449929845377453841e-01,9.446290458491917175e-01,1.000000000000003775e+00,9.446424695787886128e-01,9.452837587615821047e-01,9.453201548079849248e-01,9.453230760482205230e-01,9.453235843907250580e-01,9.453237052912633054e-01,9.453237279072889132e-01,9.453236902447391676e-01,9.453234979864638676e-01,9.453224149690594436e-01,9.453104215833201263e-01,9.450332481196226375e-01,9.450307023776125526e-01,9.452715562371541980e-01,9.446424695787886128e-01,1.000000000000003775e+00,9.446437871598822866e-01,9.452848972839701380e-01,9.453212568350023437e-01,9.453241656959210371e-01,9.453246662395801136e-01,9.453247748228003067e-01,9.453247617299321837e-01,9.453245777951405637e-01,9.453234979864637566e-01,9.453115059572849699e-01,9.450343328020264222e-01,9.450338316048684240e-01,9.453081072061219059e-01,9.452837587615821047e-01,9.446437871598822866e-01,1.000000000000003775e+00,9.446440438042811305e-01,9.452851118416131238e-01,9.453214589308462923e-01,9.453243599928581320e-01,9.453248482200846681e-01,9.453249210948478920e-01,9.453247617299322947e-01,9.453236902447391676e-01,9.453117014222877090e-01,9.450345295635945719e-01,9.450343929315080382e-01,9.453110648956614126e-01,9.453201548079849248e-01,9.452848972839701380e-01,9.446440438042811305e-01,1.000000000000003775e+00,9.446441137078581685e-01,9.452851676928061275e-01,9.453215069565569229e-01,9.453243957012970045e-01,9.453248482200846681e-01,9.453247748228005287e-01,9.453237279072889132e-01,9.453117474063025272e-01,9.450345787109212248e-01,9.450345352414910582e-01,9.453115856906819658e-01,9.453230760482205230e-01,9.453212568350023437e-01,9.452851118416131238e-01,9.446441137078581685e-01,1.000000000000003775e+00,9.446441343342369956e-01,9.452851800163383222e-01,9.453215069565572559e-01,9.453243599928585761e-01,9.453246662395805577e-01,9.453237052912635274e-01,9.453117493562595008e-01,9.450345889136274602e-01,9.450345783879219308e-01,9.453117144141419681e-01,9.453235843907250580e-01,9.453241656959210371e-01,9.453214589308462923e-01,9.452851676928061275e-01,9.446441343342369956e-01,1.000000000000003775e+00,9.446441343342368846e-01,9.452851676928064606e-01,9.453214589308466254e-01,9.453241656959212591e-01,9.453235843907252800e-01,9.453117144141423012e-01,9.450345783879222639e-01,9.450345889136271271e-01,9.453117493562590568e-01,9.453237052912633054e-01,9.453246662395801136e-01,9.453243599928581320e-01,9.453215069565569229e-01,9.452851800163383222e-01,9.446441343342368846e-01,1.000000000000003775e+00,9.446441137078583905e-01,9.452851118416133458e-01,9.453212568350024547e-01,9.453230760482206341e-01,9.453115856906822989e-01,9.450345352414912803e-01,9.450345787109211138e-01,9.453117474063023051e-01,9.453237279072889132e-01,9.453247748228003067e-01,9.453248482200846681e-01,9.453243957012970045e-01,9.453215069565572559e-01,9.452851676928064606e-01,9.446441137078583905e-01,1.000000000000003775e+00,9.446440438042812415e-01,9.452848972839703601e-01,9.453201548079851468e-01,9.453110648956615236e-01,9.450343929315083713e-01,9.450345295635945719e-01,9.453117014222875980e-01,9.453236902447391676e-01,9.453247617299321837e-01,9.453249210948478920e-01,9.453248482200846681e-01,9.453243599928585761e-01,9.453214589308466254e-01,9.452851118416133458e-01,9.446440438042812415e-01,1.000000000000003775e+00,9.446437871598826197e-01,9.452837587615824377e-01,9.453081072061222390e-01,9.450338316048687570e-01,9.450343328020267553e-01,9.453115059572849699e-01,9.453234979864638676e-01,9.453245777951405637e-01,9.453247617299322947e-01,9.453247748228005287e-01,9.453246662395805577e-01,9.453241656959212591e-01,9.453212568350024547e-01,9.452848972839703601e-01,9.446437871598826197e-01,1.000000000000003775e+00,9.446424695787890569e-01,9.452715562371546421e-01,9.450307023776129967e-01,9.450332481196226375e-01,9.453104215833199042e-01,9.453224149690594436e-01,9.453234979864637566e-01,9.453236902447391676e-01,9.453237279072889132e-01,9.453237052912635274e-01,9.453235843907252800e-01,9.453230760482206341e-01,9.453201548079851468e-01,9.452837587615824377e-01,9.446424695787890569e-01,1.000000000000003775e+00,9.446290458491920505e-01,9.449929845377459392e-01,9.450212574577649960e-01,9.452984277147160608e-01,9.453104215833201263e-01,9.453115059572849699e-01,9.453117014222877090e-01,9.453117474063025272e-01,9.453117493562595008e-01,9.453117144141423012e-01,9.453115856906822989e-01,9.453110648956615236e-01,9.453081072061222390e-01,9.452715562371546421e-01,9.446290458491920505e-01,1.000000000000003775e+00,9.443324368628908116e-01,9.447441683102376642e-01,9.450212574577648850e-01,9.450332481196226375e-01,9.450343328020264222e-01,9.450345295635945719e-01,9.450345787109212248e-01,9.450345889136274602e-01,9.450345783879222639e-01,9.450345352414912803e-01,9.450343929315083713e-01,9.450338316048687570e-01,9.450307023776129967e-01,9.449929845377459392e-01,9.443324368628908116e-01,1.000000000000003775e+00
1.000000000000004219e+00,9.975247217239812114e-01,9.975313080650629605e-01,9.975290565673404775e-01,9.975290115515302869e-01,9.975290131816557659e-01,9.975290153007283500e-01,9.975290153220158773e-01,9.975290124421013482e-01,9.975290035041097791e-01,9.975289768306710991e-01,9.975288837308448064e-01,9.975284541505430314e-01,9.975238607321679218e-01,9.973859508620288583e-01,9.975247217239812114e-01,1.000000000000004219e+00,9.976672564006110466e-01,9.976695061371431139e-01,9.976670645928497061e-01,9.976669648243314814e-01,9.976669506286972577e-01,9.976669467645763456e-01,9.976669427461833939e-01,9.976669334180776616e-01,9.976669065909865575e-01,9.976668134145645350e-01,9.976663837455613804e-01,9.976617896777285610e-01,9.975238607321681439e-01,9.975313080650629605e-01,9.976672564006110466e-01,1.000000000000004219e+00,9.976722808057546521e-01,9.976741852128213628e-01,9.976716844487937275e-01,9.976715673533763651e-01,9.976715467489511990e-01,9.976715387036914073e-01,9.976715281834760418e-01,9.976715009443311022e-01,9.976714076067427772e-01,9.976709778666286166e-01,9.976663837455612693e-01,9.975284541505431424e-01,9.975290565673404775e-01,9.976695061371431139e-01,9.976722808057546521e-01,1.000000000000004219e+00,9.976728035553009688e-01,9.976746406413929957e-01,9.976721226015475841e-01,9.976719990468455590e-01,9.976719742449325912e-01,9.976719596921692634e-01,9.976719312587239985e-01,9.976718375082084256e-01,9.976714076067428882e-01,9.976668134145644240e-01,9.975288837308448064e-01,9.975290115515302869e-01,9.976670645928497061e-01,9.976741852128213628e-01,9.976728035553009688e-01,1.000000000000004219e+00,9.976729231412286847e-01,9.976747421489999823e-01,9.976722177303276595e-01,9.976720899796683861e-01,9.976720586698580862e-01,9.976720262036335996e-01,9.976719312587241095e-01,9.976715009443314353e-01,9.976669065909867795e-01,9.975289768306714322e-01,9.975290131816557659e-01,9.976669648243314814e-01,9.976716844487937275e-01,9.976746406413929957e-01,9.976729231412286847e-01,1.000000000000004219e+00,9.976729582861448842e-01,9.976747707395166032e-01,9.976722421507359106e-01,9.976721078931144460e-01,9.976720586698579751e-01,9.976719596921691524e-01,9.976715281834761528e-01,9.976669334180778836e-01,9.975290035041100012e-01,9.975290153007283500e-01,9.976669506286972577e-01,9.976715673533763651e-01,9.976721226015475841e-01,9.976747421489999823e-01,9.976729582861448842e-01,1.000000000000004219e+00,9.976729690034524811e-01,9.976747772403566916e-01,9.976722421507360217e-01,9.976720899796682751e-01,9.976719742449327022e-01,9.976715387036914073e-01,9.976669427461836159e-01,9.975290124421014593e-01,9.975290153220158773e-01,9.976669467645763456e-01,9.976715467489511990e-01,9.976719990468455590e-01,9.976722177303276595e-01,9.976747707395166032e-01,9.976729690034524811e-01,1.000000000000004219e+00,9.976729690034524811e-01,9.976747707395166032e-01,9.976722177303273265e-01,9.976719990468456700e-01,9.976715467489513101e-01,9.976669467645765677e-01,9.975290153220160994e-01,9.975290124421013482e-01,9.976669427461833939e-01,9.976715387036914073e-01,9.976719742449325912e-01,9.976720899796683861e-01,9.976722421507359106e-01,9.976747772403566916e-01,9.976729690034524811e-01,1.000000000000004219e+00,9.976729582861448842e-01,9.976747421489998713e-01,9.976721226015476951e-01,9.976715673533765871e-01,9.976669506286974798e-01,9.975290153007285721e-01,9.975290035041097791e-01,9.976669334180776616e-01,9.976715281834760418e-01,9.976719596921692634e-01,9.976720586698580862e-01,9.976721078931144460e-01,9.976722421507360217e-01,9.976747707395166032e-01,9.976729582861448842e-01,1.000000000000004219e+00,9.976729231412285737e-01,9.976746406413932178e-01,9.976716844487937275e-01,9.976669648243317035e-01,9.975290131816556549e-01,9.975289768306710991e-01,9.976669065909865575e-01,9.976715009443311022e-01,9.976719312587239985e-01,9.976720262036335996e-01,9.976720586698579751e-01,9.976720899796682751e-01,9.976722177303273265e-01,9.976747421489998713e-01,9.976729231412285737e-01,1.000000000000004219e+00,9.976728035553009688e-01,9.976741852128215848e-01,9.976670645928498171e-01,9.975290115515301759e-01,9.975288837308448064e-01,9.976668134145645350e-01,9.976714076067427772e-01,9.976718375082084256e-01,9.976719312587241095e-01,9.976719596921691524e-01,9.976719742449327022e-01,9.976719990468456700e-01,9.976721226015476951e-01,9.976746406413932178e-01,9.976728035553009688e-01,1.000000000000004219e+00,9.976722808057545411e-01,9.976695061371432249e-01,9.975290565673406995e-01,9.975284541505430314e-01,9.976663837455613804e-01,9.976709778666286166e-01,9.976714076067428882e-01,9.976715009443314353e-01,9.976715281834761528e-01,9.976715387036914073e-01,9.976715467489513101e-01,9.976715673533765871e-01,9.976716844487937275e-01,9.976741852128215848e-01,9.976722808057545411e-01,1.000000000000004219e+00,9.976672564006112687e-01,9.975313080650631825e-01,9.975238607321679218e-01,9.976617896777285610e-01,9.976663837455612693e-01,9.976668134145644240e-01,9.976669065909867795e-01,9.976669334180778836e-01,9.976669427461836159e-01,9.976669467645765677e-01,9.976669506286974798e-01,9.976669648243317035e-01,9.976670645928498171e-01,9.976695061371432249e-01,9.976672564006112687e-01,1.000000000000004219e+00,9.975247217239813224e-01,9.973859508620288583e-01,9.975238607321681439e-01,9.975284541505431424e-01,9.975288837308448064e-01,9.975289768306714322e-01,9.975290035041100012e-01,9.975290124421014593e-01,9.975290153220160994e-01,9.975290153007285721e-01,9.975290131816556549e-01,9.975290115515301759e-01,9.975290565673406995e-01,9.975313080650631825e-01,9.975247217239813224e-01,1.000000000000004219e+00
1.000000000000000444e+00,9.369615933789813278e-01,9.378699822139413556e-01,9.378503193974869756e-01,9.378501571819488625e-01,9.378499913719972048e-01,9.378499256560645092e-01,9.378499038205719840e-01,9.378499042593931856e-01,9.378499280757007783e-01,9.378500034502728067e-01,9.378502290651969941e-01,9.378507439255040490e-01,9.378576529094690972e-01,9.382367073201317575e-01,9.369615933789813278e-01,1.000000000000000444e+00,9.365635081178286248e-01,9.374894041386913068e-01,9.374710837999822299e-01,9.374711591446173164e-01,9.374710600824380791e-01,9.374710184623969988e-01,9.374710112770575643e-01,9.374710321309825956e-01,9.374711062542080420e-01,9.374713312363350814e-01,9.374718456323722915e-01,9.374787516974733004e-01,9.378576529094694303e-01,9.378699822139413556e-01,9.365635081178286248e-01,1.000000000000000444e+00,9.365558524752340963e-01,9.374821991904879193e-01,9.374640948080480429e-01,9.374642249964988405e-01,9.374641467419240204e-01,9.374641186510188628e-01,9.374641314455399721e-01,9.374642024252543004e-01,9.374644260940959706e-01,9.374649398983397885e-01,9.374718456323720694e-01,9.378507439255041600e-01,9.378503193974869756e-01,9.374894041386913068e-01,9.365558524752340963e-01,1.000000000000000444e+00,9.365550883197596432e-01,9.374816011542782546e-01,9.374635527155573689e-01,9.374637032310249030e-01,9.374636383563959008e-01,9.374636301913993330e-01,9.374636930900818177e-01,9.374639136061851952e-01,9.374644260940960816e-01,9.374713312363350814e-01,9.378502290651971052e-01,9.378501571819488625e-01,9.374710837999822299e-01,9.374821991904879193e-01,9.365550883197596432e-01,1.000000000000000444e+00,9.365547761340586863e-01,9.374813472409875281e-01,9.374633197730085632e-01,9.374634836730429965e-01,9.374634387195611707e-01,9.374634806561122913e-01,9.374636930900814846e-01,9.374642024252540784e-01,9.374711062542075979e-01,9.378500034502725846e-01,9.378499913719972048e-01,9.374711591446173164e-01,9.374640948080480429e-01,9.374816011542782546e-01,9.365547761340586863e-01,1.000000000000000444e+00,9.365546697353849259e-01,9.374812636344510564e-01,9.374632497434176592e-01,9.374634335714302491e-01,9.374634387195606156e-01,9.374636301913986669e-01,9.374641314455394170e-01,9.374710321309820404e-01,9.378499280757002232e-01,9.378499256560645092e-01,9.374710600824380791e-01,9.374642249964988405e-01,9.374635527155573689e-01,9.374813472409875281e-01,9.365546697353849259e-01,1.000000000000000444e+00,9.365546355009358725e-01,9.374812436621091649e-01,9.374632497434179923e-01,9.374634836730429965e-01,9.374636383563954567e-01,9.374641186510185298e-01,9.374710112770572312e-01,9.378499042593928525e-01,9.378499038205719840e-01,9.374710184623969988e-01,9.374641467419240204e-01,9.374637032310249030e-01,9.374633197730085632e-01,9.374812636344510564e-01,9.365546355009358725e-01,1.000000000000000444e+00,9.365546355009359836e-01,9.374812636344515004e-01,9.374633197730084522e-01,9.374637032310243479e-01,9.374641467419236873e-01,9.374710184623966658e-01,9.378499038205717619e-01,9.378499042593931856e-01,9.374710112770575643e-01,9.374641186510188628e-01,9.374636383563959008e-01,9.374634836730429965e-01,9.374632497434176592e-01,9.374812436621091649e-01,9.365546355009359836e-01,1.000000000000000444e+00,9.365546697353855921e-01,9.374813472409875281e-01,9.374635527155570358e-01,9.374642249964985075e-01,9.374710600824377460e-01,9.378499256560643982e-01,9.378499280757007783e-01,9.374710321309825956e-01,9.374641314455399721e-01,9.374636301913993330e-01,9.374634387195611707e-01,9.374634335714302491e-01,9.374632497434179923e-01,9.374812636344515004e-01,9.365546697353855921e-01,1.000000000000000444e+00,9.365547761340590194e-01,9.374816011542781435e-01,9.374640948080478209e-01,9.374711591446173164e-01,9.378499913719973158e-01,9.378500034502728067e-01,9.374711062542080420e-01,9.374642024252543004e-01,9.374636930900818177e-01,9.374634806561122913e-01,9.374634387195606156e-01,9.374634836730429965e-01,9.374633197730084522e-01,9.374813472409875281e-01,9.365547761340590194e-01,1.000000000000000444e+00,9.365550883197591991e-01,9.374821991904875862e-01,9.374710837999818969e-01,9.378501571819484184e-01,9.378502290651969941e-01,9.374713312363350814e-01,9.374644260940959706e-01,9.374639136061851952e-01,9.374636930900814846e-01,9.374636301913986669e-01,9.374636383563954567e-01,9.374637032310243479e-01,9.374635527155570358e-01,9.374816011542781435e-01,9.365550883197591991e-01,1.000000000000000444e+00,9.365558524752336522e-01,9.374894041386908627e-01,9.378503193974865315e-01,9.378507439255040490e-01,9.374718456323722915e-01,9.374649398983397885e-01,9.374644260940960816e-01,9.374642024252540784e-01,9.374641314455394170e-01,9.374641186510185298e-01,9.374641467419236873e-01,9.374642249964985075e-01,9.374640948080478209e-01,9.374821991904875862e-01,9.365558524752336522e-01,1.000000000000000444e+00,9.365635081178279586e-01,9.378699822139408004e-01,9.378576529094690972e-01,9.374787516974733004e-01,9.374718456323720694e-01,9.374713312363350814e-01,9.374711062542075979e-01,9.374710321309820404e-01,9.374710112770572312e-01,9.374710184623966658e-01,9.374710600824377460e-01,9.374711591446173164e-01,9.374710837999818969e-01,9.374894041386908627e-01,9.365635081178279586e-01,1.000000000000000444e+00,9.369615933789806617e-01,9.382367073201317575e-01,9.378576529094694303e-01,9.378507439255041600e-01,9.378502290651971052e-01,9.378500034502725846e-01,9.378499280757002232e-01,9.378499042593928525e-01,9.378499038205717619e-01,9.378499256560643982e-01,9.378499913719973158e-01,9.378501571819484184e-01,9.378503193974865315e-01,9.378699822139408004e-01,9.369615933789806617e-01,1.000000000000000444e+00
1.000000000000001554e+00,9.348254316858590762e-01,9.357798683153161212e-01,9.359283627992640575e-01,9.359382411738536023e-01,9.359402002733661075e-01,9.359407872914814464e-01,9.359409702009280352e-01,9.359409838244290292e-01,9.359408368529894551e-01,9.359403062675045737e-01,9.359382705459247109e-01,9.359267565026603286e-01,9.357928968627773347e-01,9.336872750392981590e-01,9.348254316858590762e-01,1.000000000000001554e+00,9.371384659097224956e-01,9.379092941066868860e-01,9.380416623623998307e-01,9.380496104255986456e-01,9.380511138897329459e-01,9.380515476399091668e-01,9.380516403008219983e-01,9.380515210778331836e-01,9.380510003938733465e-01,9.380489648785134138e-01,9.380374271032790867e-01,9.379032666900056769e-01,9.357928968627774458e-01,9.357798683153161212e-01,9.371384659097224956e-01,1.000000000000001554e+00,9.372886360370084047e-01,9.380460655022707650e-01,9.381764331658338785e-01,9.381839746543393366e-01,9.381853421467688525e-01,9.381856918970041814e-01,9.381856543220904454e-01,9.381851628166144597e-01,9.381831386697297992e-01,9.381716043279126893e-01,9.380374271032794198e-01,9.359267565026607727e-01,9.359283627992640575e-01,9.379092941066868860e-01,9.372886360370084047e-01,1.000000000000001554e+00,9.373026408010545207e-01,9.380582008038292896e-01,9.381881525164756930e-01,9.381955613248207371e-01,9.381968460070989613e-01,9.381970659593877881e-01,9.381966562951660205e-01,9.381946614570194631e-01,9.381831386697294661e-01,9.380489648785134138e-01,9.359382705459245999e-01,9.359382411738536023e-01,9.380416623623998307e-01,9.380460655022707650e-01,9.373026408010545207e-01,1.000000000000001554e+00,9.373053084613069963e-01,9.380604258802085482e-01,9.381902404136250873e-01,9.381975664518270586e-01,9.381987213927059921e-01,9.381985692804062360e-01,9.381966562951659094e-01,9.381851628166141266e-01,9.380510003938733465e-01,9.359403062675045737e-01,9.359402002733661075e-01,9.380496104255986456e-01,9.381764331658338785e-01,9.380582008038292896e-01,9.373053084613069963e-01,1.000000000000001554e+00,9.373060437575078119e-01,9.380610119084173970e-01,9.381907422502214766e-01,9.381979385141655525e-01,9.381987213927065472e-01,9.381970659593883433e-01,9.381856543220907785e-01,9.380515210778336277e-01,9.359408368529901212e-01,9.359407872914814464e-01,9.380511138897329459e-01,9.381839746543393366e-01,9.381881525164756930e-01,9.380604258802085482e-01,9.373060437575078119e-01,1.000000000000001554e+00,9.373062621203311906e-01,9.380611420122759725e-01,9.381907422502209215e-01,9.381975664518269475e-01,9.381968460070988503e-01,9.381856918970038484e-01,9.380516403008219983e-01,9.359409838244290292e-01,9.359409702009280352e-01,9.380515476399091668e-01,9.381853421467688525e-01,9.381955613248207371e-01,9.381902404136250873e-01,9.380610119084173970e-01,9.373062621203311906e-01,1.000000000000001554e+00,9.373062621203313016e-01,9.380610119084168419e-01,9.381902404136250873e-01,9.381955613248207371e-01,9.381853421467686305e-01,9.380515476399092778e-01,9.359409702009281462e-01,9.359409838244290292e-01,9.380516403008219983e-01,9.381856918970041814e-01,9.381968460070989613e-01,9.381975664518270586e-01,9.381907422502214766e-01,9.380611420122759725e-01,9.373062621203313016e-01,1.000000000000001554e+00,9.373060437575072568e-01,9.380604258802085482e-01,9.381881525164758040e-01,9.381839746543392256e-01,9.380511138897331680e-01,9.359407872914814464e-01,9.359408368529894551e-01,9.380515210778331836e-01,9.381856543220904454e-01,9.381970659593877881e-01,9.381987213927059921e-01,9.381979385141655525e-01,9.381907422502209215e-01,9.380610119084168419e-01,9.373060437575072568e-01,1.000000000000001554e+00,9.373053084613066632e-01,9.380582008038288455e-01,9.381764331658329903e-01,9.380496104255982015e-01,9.359402002733657744e-01,9.359403062675045737e-01,9.380510003938733465e-01,9.381851628166144597e-01,9.381966562951660205e-01,9.381985692804062360e-01,9.381987213927065472e-01,9.381975664518269475e-01,9.381902404136250873e-01,9.380604258802085482e-01,9.373053084613066632e-01,1.000000000000001554e+00,9.373026408010547428e-01,9.380460655022706540e-01,9.380416623624000527e-01,9.359382411738537133e-01,9.359382705459247109e-01,9.380489648785134138e-01,9.381831386697297992e-01,9.381946614570194631e-01,9.381966562951659094e-01,9.381970659593883433e-01,9.381968460070988503e-01,9.381955613248207371e-01,9.381881525164758040e-01,9.380582008038288455e-01,9.373026408010547428e-01,1.000000000000001554e+00,9.372886360370082937e-01,9.379092941066871081e-01,9.359283627992643906e-01,9.359267565026603286e-01,9.380374271032790867e-01,9.381716043279126893e-01,9.381831386697294661e-01,9.381851628166141266e-01,9.381856543220907785e-01,9.381856918970038484e-01,9.381853421467686305e-01,9.381839746543392256e-01,9.381764331658329903e-01,9.380460655022706540e-01,9.372886360370082937e-01,1.000000000000001554e+00,9.371384659097222736e-01,9.357798683153160102e-01,9.357928968627773347e-01,9.379032666900056769e-01,9.380374271032794198e-01,9.380489648785134138e-01,9.380510003938733465e-01,9.380515210778336277e-01,9.380516403008219983e-01,9.380515476399092778e-01,9.380511138897331680e-01,9.380496104255982015e-01,9.380416623624000527e-01,9.379092941066871081e-01,9.371384659097222736e-01,1.000000000000001554e+00,9.348254316858591872e-01,9.336872750392981590e-01,9.357928968627774458e-01,9.359267565026607727e-01,9.359382705459245999e-01,9.359403062675045737e-01,9.359408368529901212e-01,9.359409838244290292e-01,9.359409702009281462e-01,9.359407872914814464e-01,9.359402002733657744e-01,9.359382411738537133e-01,9.359283627992643906e-01,9.357798683153160102e-01,9.348254316858591872e-01,1.000000000000001554e+00
1.000000000000000888e+00,9.874560935382256099e-01,9.874575328235382088e-01,9.874458561921827249e-01,9.874464707853792822e-01,9.874465218624036700e-01,9.874465220326311687e-01,9.874465200297229961e-01,9.874465174002368117e-01,9.874465151458866607e-01,9.874465298688105408e-01,9.874467481665106794e-01,9.874496864132796814e-01,9.874763836582201026e-01,9.869663412248159684e-01,9.874560935382256099e-01,1.000000000000000888e+00,9.879416765225662589e-01,9.879606904473587914e-01,9.879556415819374937e-01,9.879566876057801483e-01,9.879567944051644846e-01,9.879568061822266989e-01,9.879568064862844778e-01,9.879568051003225770e-01,9.879568201520807502e-01,9.879570387031386680e-01,9.879599785382872090e-01,9.879866896200568682e-01,9.874763836582203247e-01,9.874575328235382088e-01,9.879416765225662589e-01,1.000000000000000888e+00,9.879118922653219448e-01,9.879335162308482410e-01,9.879288958333257709e-01,9.879299750843860695e-01,9.879300839903395470e-01,9.879300945000252243e-01,9.879300946042329779e-01,9.879301098868202846e-01,9.879303284481830705e-01,9.879332681888802759e-01,9.879599785382872090e-01,9.874496864132796814e-01,9.874458561921827249e-01,9.879606904473587914e-01,9.879118922653219448e-01,1.000000000000000888e+00,9.879087199017944076e-01,9.879305411871988074e-01,9.879259557436997907e-01,9.879270359672869262e-01,9.879271431220143507e-01,9.879271532525741861e-01,9.879271699536326112e-01,9.879273887142917543e-01,9.879303284481832925e-01,9.879570387031386680e-01,9.874467481665106794e-01,9.874464707853792822e-01,9.879556415819374937e-01,9.879335162308482410e-01,9.879087199017944076e-01,1.000000000000000888e+00,9.879084849702773896e-01,9.879303200066775759e-01,9.879257377901605741e-01,9.879268162982689505e-01,9.879269230572208516e-01,9.879269497773203179e-01,9.879271699536326112e-01,9.879301098868203956e-01,9.879568201520810833e-01,9.874465298688108739e-01,9.874465218624036700e-01,9.879566876057801483e-01,9.879288958333257709e-01,9.879305411871988074e-01,9.879084849702773896e-01,1.000000000000000888e+00,9.879084711128220953e-01,9.879303047282462780e-01,9.879257215736957365e-01,9.879267997093730269e-01,9.879269230572209626e-01,9.879271532525742971e-01,9.879300946042331999e-01,9.879568051003226881e-01,9.874465151458869938e-01,9.874465220326311687e-01,9.879567944051644846e-01,9.879299750843860695e-01,9.879259557436997907e-01,9.879303200066775759e-01,9.879084711128220953e-01,1.000000000000000888e+00,9.879084734991401273e-01,9.879303049148600024e-01,9.879257215736956255e-01,9.879268162982688395e-01,9.879271431220142397e-01,9.879300945000253353e-01,9.879568064862845889e-01,9.874465174002369228e-01,9.874465200297229961e-01,9.879568061822266989e-01,9.879300839903395470e-01,9.879270359672869262e-01,9.879257377901605741e-01,9.879303047282462780e-01,9.879084734991401273e-01,1.000000000000000888e+00,9.879084734991401273e-01,9.879303047282461669e-01,9.879257377901605741e-01,9.879270359672869262e-01,9.879300839903396581e-01,9.879568061822269209e-01,9.874465200297231071e-01,9.874465174002368117e-01,9.879568064862844778e-01,9.879300945000252243e-01,9.879271431220143507e-01,9.879268162982689505e-01,9.879257215736957365e-01,9.879303049148600024e-01,9.879084734991401273e-01,1.000000000000000888e+00,9.879084711128218732e-01,9.879303200066775759e-01,9.879259557436997907e-01,9.879299750843861805e-01,9.879567944051648176e-01,9.874465220326313908e-01,9.874465151458866607e-01,9.879568051003225770e-01,9.879300946042329779e-01,9.879271532525741861e-01,9.879269230572208516e-01,9.879267997093730269e-01,9.879257215736956255e-01,9.879303047282461669e-01,9.879084711128218732e-01,1.000000000000000888e+00,9.879084849702775006e-01,9.879305411871984743e-01,9.879288958333257709e-01,9.879566876057801483e-01,9.874465218624036700e-01,9.874465298688105408e-01,9.879568201520807502e-01,9.879301098868202846e-01,9.879271699536326112e-01,9.879269497773203179e-01,9.879269230572209626e-01,9.879268162982688395e-01,9.879257377901605741e-01,9.879303200066775759e-01,9.879084849702775006e-01,1.000000000000000888e+00,9.879087199017941856e-01,9.879335162308484630e-01,9.879556415819377158e-01,9.874464707853795042e-01,9.874467481665106794e-01,9.879570387031386680e-01,9.879303284481830705e-01,9.879273887142917543e-01,9.879271699536326112e-01,9.879271532525742971e-01,9.879271431220142397e-01,9.879270359672869262e-01,9.879259557436997907e-01,9.879305411871984743e-01,9.879087199017941856e-01,1.000000000000000888e+00,9.879118922653219448e-01,9.879606904473587914e-01,9.874458561921828359e-01,9.874496864132796814e-01,9.879599785382872090e-01,9.879332681888802759e-01,9.879303284481832925e-01,9.879301098868203956e-01,9.879300946042331999e-01,9.879300945000253353e-01,9.879300839903396581e-01,9.879299750843861805e-01,9.879288958333257709e-01,9.879335162308484630e-01,9.879118922653219448e-01,1.000000000000000888e+00,9.879416765225665920e-01,9.874575328235384308e-01,9.874763836582201026e-01,9.879866896200568682e-01,9.879599785382872090e-01,9.879570387031386680e-01,9.879568201520810833e-01,9.879568051003226881e-01,9.879568064862845889e-01,9.879568061822269209e-01,9.879567944051648176e-01,9.879566876057801483e-01,9.879556415819377158e-01,9.879606904473587914e-01,9.879416765225665920e-01,1.000000000000000888e+00,9.874560935382258320e-01,9.869663412248159684e-01,9.874763836582203247e-01,9.874496864132796814e-01,9.874467481665106794e-01,9.874465298688108739e-01,9.874465151458869938e-01,9.874465174002369228e-01,9.874465200297231071e-01,9.874465220326313908e-01,9.874465218624036700e-01,9.874464707853795042e-01,9.874458561921828359e-01,9.874575328235384308e-01,9.874560935382258320e-01,1.000000000000000888e+00
9.999999999999990008e-01,9.272119905644471416e-01,9.284064491474844916e-01,9.283453230040832338e-01,9.283374340590311302e-01,9.283362021358341210e-01,9.283358657491779242e-01,9.283357647885115416e-01,9.283357874292230694e-01,9.283359543130504932e-01,9.283364470328262508e-01,9.283378027601231208e-01,9.283409970004224965e-01,9.284235183901112798e-01,9.311254190768842864e-01,9.272119905644471416e-01,9.999999999999990008e-01,9.243319574371980929e-01,9.257150249290860833e-01,9.256503355933466404e-01,9.256431792262356240e-01,9.256422437146240023e-01,9.256420255361970106e-01,9.256420075031676076e-01,9.256421588859480298e-01,9.256426441473363242e-01,9.256439933036160195e-01,9.256471770308277724e-01,9.257294583389826803e-01,9.284235183901111688e-01,9.284064491474844916e-01,9.243319574371980929e-01,9.999999999999990008e-01,9.242432343810847994e-01,9.256313780441646211e-01,9.255675601378651196e-01,9.255607268803420773e-01,9.255599242147118932e-01,9.255597948228748706e-01,9.255599081340168954e-01,9.255603794768716419e-01,9.255617230345917212e-01,9.255649041252014264e-01,9.256471770308274394e-01,9.283409970004221634e-01,9.283453230040832338e-01,9.257150249290860833e-01,9.242432343810847994e-01,9.999999999999990008e-01,9.242385215751723893e-01,9.256276944074859347e-01,9.255641979168262035e-01,9.255574966535295989e-01,9.255567826217612204e-01,9.255567845133776395e-01,9.255572177716048232e-01,9.255585474377620026e-01,9.255617230345919433e-01,9.256439933036159085e-01,9.283378027601231208e-01,9.283374340590311302e-01,9.256503355933466404e-01,9.256313780441646211e-01,9.242385215751723893e-01,9.999999999999990008e-01,9.242366032559904410e-01,9.256261675403711919e-01,9.255627998772347764e-01,9.255561871508947158e-01,9.255556043742952932e-01,9.255559261971932905e-01,9.255572177716046012e-01,9.255603794768717529e-01,9.256426441473358802e-01,9.283364470328258067e-01,9.283362021358341210e-01,9.256431792262356240e-01,9.255675601378651196e-01,9.256276944074859347e-01,9.242366032559904410e-01,9.999999999999990008e-01,9.242359073337336195e-01,9.256256288289266276e-01,9.255623486827001534e-01,9.255558672181818380e-01,9.255556043742948491e-01,9.255567845133768623e-01,9.255599081340164513e-01,9.256421588859472527e-01,9.283359543130497160e-01,9.283358657491779242e-01,9.256422437146240023e-01,9.255607268803420773e-01,9.255641979168262035e-01,9.256261675403711919e-01,9.242359073337336195e-01,9.999999999999990008e-01,9.242356794471017212e-01,9.256254978132097966e-01,9.255623486827009305e-01,9.255561871508949379e-01,9.255567826217612204e-01,9.255597948228750926e-01,9.256420075031673855e-01,9.283357874292230694e-01,9.283357647885115416e-01,9.256420255361970106e-01,9.255599242147118932e-01,9.255574966535295989e-01,9.255627998772347764e-01,9.256256288289266276e-01,9.242356794471017212e-01,9.999999999999990008e-01,9.242356794471014991e-01,9.256256288289270717e-01,9.255627998772347764e-01,9.255574966535293768e-01,9.255599242147118932e-01,9.256420255361966776e-01,9.283357647885113195e-01,9.283357874292230694e-01,9.256420075031676076e-01,9.255597948228748706e-01,9.255567826217612204e-01,9.255561871508947158e-01,9.255623486827001534e-01,9.256254978132097966e-01,9.242356794471014991e-01,9.999999999999990008e-01,9.242359073337339526e-01,9.256261675403710809e-01,9.255641979168258704e-01,9.255607268803419663e-01,9.256422437146234472e-01,9.283358657491775912e-01,9.283359543130504932e-01,9.256421588859480298e-01,9.255599081340168954e-01,9.255567845133776395e-01,9.255556043742952932e-01,9.255558672181818380e-01,9.255623486827009305e-01,9.256256288289270717e-01,9.242359073337339526e-01,9.999999999999990008e-01,9.242366032559911071e-01,9.256276944074863788e-01,9.255675601378657857e-01,9.256431792262360680e-01,9.283362021358345650e-01,9.283364470328262508e-01,9.256426441473363242e-01,9.255603794768716419e-01,9.255572177716048232e-01,9.255559261971932905e-01,9.255556043742948491e-01,9.255561871508949379e-01,9.255627998772347764e-01,9.256261675403710809e-01,9.242366032559911071e-01,9.999999999999990008e-01,9.242385215751719452e-01,9.256313780441649541e-01,9.256503355933465294e-01,9.283374340590309082e-01,9.283378027601231208e-01,9.256439933036160195e-01,9.255617230345917212e-01,9.255585474377620026e-01,9.255572177716046012e-01,9.255567845133768623e-01,9.255567826217612204e-01,9.255574966535293768e-01,9.255641979168258704e-01,9.256276944074863788e-01,9.242385215751719452e-01,9.999999999999990008e-01,9.242432343810847994e-01,9.257150249290858612e-01,9.283453230040826787e-01,9.283409970004224965e-01,9.256471770308277724e-01,9.255649041252014264e-01,9.255617230345919433e-01,9.255603794768717529e-01,9.255599081340164513e-01,9.255597948228750926e-01,9.255599242147118932e-01,9.255607268803419663e-01,9.255675601378657857e-01,9.256313780441649541e-01,9.242432343810847994e-01,9.999999999999990008e-01,9.243319574371979819e-01,9.284064491474844916e-01,9.284235183901112798e-01,9.257294583389826803e-01,9.256471770308274394e-01,9.256439933036159085e-01,9.256426441473358802e-01,9.256421588859472527e-01,9.256420075031673855e-01,9.256420255361966776e-01,9.256422437146234472e-01,9.256431792262360680e-01,9.256503355933465294e-01,9.257150249290858612e-01,9.243319574371979819e-01,9.999999999999990008e-01,9.272119905644468085e-01,9.311254190768842864e-01,9.284235183901111688e-01,9.283409970004221634e-01,9.283378027601231208e-01,9.283364470328258067e-01,9.283359543130497160e-01,9.283357874292230694e-01,9.283357647885113195e-01,9.283358657491775912e-01,9.283362021358345650e-01,9.283374340590309082e-01,9.283453230040826787e-01,9.284064491474844916e-01,9.272119905644468085e-01,9.999999999999990008e-01
