1.000000000000000000e+00,1.000000000000000000e+00,1.000000000000000000e+00,1.000000000000000000e+00,1.000000000000000000e+00,1.000000000000000000e+00,1.000000000000000000e+00,1.000000000000000000e+00,1.000000000000000000e+00,1.000000000000000000e+00,1.000000000000000000e+00,1.000000000000000000e+00,1.000000000000000000e+00,1.000000000000000000e+00,1.000000000000000000e+00,1.000000000000000000e+00,1.000000000000000000e+00,1.000000000000000000e+00,1.000000000000000000e+00,1.000000000000000000e+00,1.000000000000000000e+00,1.000000000000000000e+00,1.000000000000000000e+00,1.000000000000000000e+00,1.000000000000000000e+00,1.000000000000000000e+00,1.000000000000000000e+00,1.000000000000000000e+00,1.000000000000000000e+00,1.000000000000000000e+00,1.000000000000000000e+00,1.000000000000000000e+00,1.000000000000000000e+00,1.000000000000000000e+00,1.000000000000000000e+00,1.000000000000000000e+00,1.000000000000000000e+00,1.000000000000000000e+00,1.000000000000000000e+00,1.000000000000000000e+00,1.000000000000000000e+00,1.000000000000000000e+00,1.000000000000000000e+00,1.000000000000000000e+00,1.000000000000000000e+00,1.000000000000000000e+00,1.000000000000000000e+00,1.000000000000000000e+00,1.000000000000000000e+00,1.000000000000000000e+00,1.000000000000000000e+00,1.000000000000000000e+00,1.000000000000000000e+00,1.000000000000000000e+00,1.000000000000000000e+00,1.000000000000000000e+00,1.000000000000000000e+00,1.000000000000000000e+00,1.000000000000000000e+00,1.000000000000000000e+00,1.000000000000000000e+00,1.000000000000000000e+00,1.000000000000000000e+00,1.000000000000000000e+00,1.000000000000000000e+00,1.000000000000000000e+00,1.000000000000000000e+00,1.000000000000000000e+00,1.000000000000000000e+00,1.000000000000000000e+00,1.000000000000000000e+00,1.000000000000000000e+00,1.000000000000000000e+00,1.000000000000000000e+00,1.000000000000000000e+00,1.000000000000000000e+00,1.000000000000000000e+00,1.000000000000000000e+00,1.000000000000000000e+00,1.000000000000000000e+00,1.000000000000000000e+00,1.000000000000000000e+00,1.000000000000000000e+00,1.000000000000000000e+00,1.000000000000000000e+00,1.000000000000000000e+00,1.000000000000000000e+00,1.000000000000000000e+00,1.000000000000000000e+00,1.000000000000000000e+00,1.000000000000000000e+00,1.000000000000000000e+00,1.000000000000000000e+00,1.000000000000000000e+00,1.000000000000000000e+00,1.000000000000000000e+00,1.000000000000000000e+00,1.000000000000000000e+00,1.000000000000000000e+00,1.000000000000000000e+00,1.000000000000000000e+00,1.000000000000000000e+00,1.000000000000000000e+00,1.000000000000000000e+00,1.000000000000000000e+00,1.000000000000000000e+00,1.000000000000000000e+00,1.000000000000000000e+00,1.000000000000000000e+00,1.000000000000000000e+00,1.000000000000000000e+00,1.000000000000000000e+00,1.000000000000000000e+00,1.000000000000000000e+00,1.000000000000000000e+00,1.000000000000000000e+00,1.000000000000000000e+00,1.000000000000000000e+00,1.000000000000000000e+00,1.000000000000000000e+00,1.000000000000000000e+00,1.000000000000000000e+00,1.000000000000000000e+00,1.000000000000000000e+00,1.000000000000000000e+00,1.000000000000000000e+00,1.000000000000000000e+00,1.000000000000000000e+00,1.000000000000000000e+00,1.000000000000000000e+00,1.000000000000000000e+00,1.000000000000000000e+00,1.000000000000000000e+00,1.000000000000000000e+00,1.000000000000000000e+00,1.000000000000000000e+00,1.000000000000000000e+00,1.000000000000000000e+00,1.000000000000000000e+00,1.000000000000000000e+00,1.000000000000000000e+00,1.000000000000000000e+00,1.000000000000000000e+00,1.000000000000000000e+00,1.000000000000000000e+00,1.000000000000000000e+00,1.000000000000000000e+00,1.000000000000000000e+00,1.000000000000000000e+00,1.000000000000000000e+00,1.000000000000000000e+00,1.000000000000000000e+00,1.000000000000000000e+00,1.000000000000000000e+00,1.000000000000000000e+00,1.000000000000000000e+00,1.000000000000000000e+00,1.000000000000000000e+00,1.000000000000000000e+00,1.000000000000000000e+00,1.000000000000000000e+00,1.000000000000000000e+00,1.000000000000000000e+00,1.000000000000000000e+00,1.000000000000000000e+00,1.000000000000000000e+00,1.000000000000000000e+00,1.000000000000000000e+00,1.000000000000000000e+00,1.000000000000000000e+00,1.000000000000000000e+00,1.000000000000000000e+00,1.000000000000000000e+00,1.000000000000000000e+00,1.000000000000000000e+00,1.000000000000000000e+00,1.000000000000000000e+00,1.000000000000000000e+00,1.000000000000000000e+00,1.000000000000000000e+00,1.000000000000000000e+00,1.000000000000000000e+00,1.000000000000000000e+00,1.000000000000000000e+00,1.000000000000000000e+00,1.000000000000000000e+00,1.000000000000000000e+00,1.000000000000000000e+00,1.000000000000000000e+00,1.000000000000000000e+00,1.000000000000000000e+00,1.000000000000000000e+00,1.000000000000000000e+00,1.000000000000000000e+00,1.000000000000000000e+00,1.000000000000000000e+00,1.000000000000000000e+00,1.000000000000000000e+00,1.000000000000000000e+00,1.000000000000000000e+00,1.000000000000000000e+00,1.000000000000000000e+00,1.000000000000000000e+00,1.000000000000000000e+00,1.000000000000000000e+00,1.000000000000000000e+00,1.000000000000000000e+00,1.000000000000000000e+00,1.000000000000000000e+00,1.000000000000000000e+00,1.000000000000000000e+00,1.000000000000000000e+00,1.000000000000000000e+00,1.000000000000000000e+00,1.000000000000000000e+00,1.000000000000000000e+00,1.000000000000000000e+00,1.000000000000000000e+00,1.000000000000000000e+00,1.000000000000000000e+00,1.000000000000000000e+00,1.000000000000000000e+00,1.000000000000000000e+00,1.000000000000000000e+00,1.000000000000000000e+00
9.999999999999978906e-01,9.529786689354393658e-01,9.534489677164755816e-01,9.534769509910460128e-01,9.534792656720206816e-01,9.534796749718715825e-01,9.534797780247212806e-01,9.534798091718076352e-01,9.534798167812247316e-01,9.534798095015546426e-01,9.534797742917917596e-01,9.534796330239800888e-01,9.534788509596657802e-01,9.534701744480112984e-01,9.532727913822999222e-01,9.529786689354393658e-01,9.999999999999978906e-01,9.531892377036239594e-01,9.536473725972015592e-01,9.536745392980462421e-01,9.536767331380360257e-01,9.536771138841205753e-01,9.536772073459388599e-01,9.536772326676803413e-01,9.536772313633371523e-01,9.536771984441615446e-01,9.536770581257648649e-01,9.536762763521562380e-01,9.536675982679274632e-01,9.534701744480111874e-01,9.534489677164755816e-01,9.531892377036239594e-01,9.999999999999978906e-01,9.531989078717552077e-01,9.536561997844915650e-01,9.536832557774506114e-01,9.536854235474240271e-01,9.536857953903526974e-01,9.536858832575703104e-01,9.536858997557643436e-01,9.536858728529575835e-01,9.536857348500641374e-01,9.536849540576366469e-01,9.536762763521562380e-01,9.534788509596658912e-01,9.534769509910460128e-01,9.536473725972015592e-01,9.531989078717552077e-01,9.999999999999978906e-01,9.531998532981708072e-01,9.536570202966803134e-01,9.536840501840957440e-01,9.536862090965585459e-01,9.536865753599940154e-01,9.536866544091576747e-01,9.536866453111872977e-01,9.536865133258775051e-01,9.536857348500640263e-01,9.536770581257648649e-01,9.534796330239800888e-01,9.534792656720206816e-01,9.536745392980462421e-01,9.536561997844915650e-01,9.531998532981708072e-01,9.999999999999978906e-01,9.532000367253811168e-01,9.536571742835272536e-01,9.536841952595199734e-01,9.536863485923421369e-01,9.536867060382717698e-01,9.536867594915416912e-01,9.536866453111872977e-01,9.536858728529575835e-01,9.536771984441615446e-01,9.534797742917918706e-01,9.534796749718715825e-01,9.536767331380360257e-01,9.536832557774506114e-01,9.536570202966803134e-01,9.532000367253811168e-01,9.999999999999978906e-01,9.532000865984338045e-01,9.536572142944091945e-01,9.536842296734633351e-01,9.536863741882261047e-01,9.536867060382721029e-01,9.536866544091578968e-01,9.536858997557644546e-01,9.536772313633373743e-01,9.534798095015550867e-01,9.534797780247212806e-01,9.536771138841205753e-01,9.536854235474240271e-01,9.536840501840957440e-01,9.536571742835272536e-01,9.532000865984338045e-01,9.999999999999978906e-01,9.532001013030151348e-01,9.536572231165376667e-01,9.536842296734633351e-01,9.536863485923422479e-01,9.536865753599942375e-01,9.536858832575704215e-01,9.536772326676802303e-01,9.534798167812249536e-01,9.534798091718076352e-01,9.536772073459388599e-01,9.536857953903526974e-01,9.536862090965585459e-01,9.536841952595199734e-01,9.536572142944091945e-01,9.532001013030151348e-01,9.999999999999978906e-01,9.532001013030151348e-01,9.536572142944090835e-01,9.536841952595200844e-01,9.536862090965586569e-01,9.536857953903526974e-01,9.536772073459387489e-01,9.534798091718077462e-01,9.534798167812247316e-01,9.536772326676803413e-01,9.536858832575703104e-01,9.536865753599940154e-01,9.536863485923421369e-01,9.536842296734633351e-01,9.536572231165376667e-01,9.532001013030151348e-01,9.999999999999978906e-01,9.532000865984334714e-01,9.536571742835273646e-01,9.536840501840957440e-01,9.536854235474240271e-01,9.536771138841203532e-01,9.534797780247213916e-01,9.534798095015546426e-01,9.536772313633371523e-01,9.536858997557643436e-01,9.536866544091576747e-01,9.536867060382717698e-01,9.536863741882261047e-01,9.536842296734633351e-01,9.536572142944090835e-01,9.532000865984334714e-01,9.999999999999978906e-01,9.532000367253808948e-01,9.536570202966802023e-01,9.536832557774503893e-01,9.536767331380358037e-01,9.534796749718713604e-01,9.534797742917917596e-01,9.536771984441615446e-01,9.536858728529575835e-01,9.536866453111872977e-01,9.536867594915416912e-01,9.536867060382721029e-01,9.536863485923422479e-01,9.536841952595200844e-01,9.536571742835273646e-01,9.532000367253808948e-01,9.999999999999978906e-01,9.531998532981710293e-01,9.536561997844915650e-01,9.536745392980461311e-01,9.534792656720206816e-01,9.534796330239800888e-01,9.536770581257648649e-01,9.536857348500641374e-01,9.536865133258775051e-01,9.536866453111872977e-01,9.536866544091578968e-01,9.536865753599942375e-01,9.536862090965586569e-01,9.536840501840957440e-01,9.536570202966802023e-01,9.531998532981710293e-01,9.999999999999978906e-01,9.531989078717553188e-01,9.536473725972017812e-01,9.534769509910460128e-01,9.534788509596657802e-01,9.536762763521562380e-01,9.536849540576366469e-01,9.536857348500640263e-01,9.536858728529575835e-01,9.536858997557644546e-01,9.536858832575704215e-01,9.536857953903526974e-01,9.536854235474240271e-01,9.536832557774503893e-01,9.536561997844915650e-01,9.531989078717553188e-01,9.999999999999978906e-01,9.531892377036239594e-01,9.534489677164756927e-01,9.534701744480112984e-01,9.536675982679274632e-01,9.536762763521562380e-01,9.536770581257648649e-01,9.536771984441615446e-01,9.536772313633373743e-01,9.536772326676802303e-01,9.536772073459387489e-01,9.536771138841203532e-01,9.536767331380358037e-01,9.536745392980461311e-01,9.536473725972017812e-01,9.531892377036239594e-01,9.999999999999978906e-01,9.529786689354395879e-01,9.532727913822999222e-01,9.534701744480111874e-01,9.534788509596658912e-01,9.534796330239800888e-01,9.534797742917918706e-01,9.534798095015550867e-01,9.534798167812249536e-01,9.534798091718077462e-01,9.534797780247213916e-01,9.534796749718713604e-01,9.534792656720206816e-01,9.534769509910460128e-01,9.534489677164756927e-01,9.529786689354395879e-01,9.999999999999978906e-01
9.999999999999982236e-01,9.977532336860220896e-01,9.977589977167929947e-01,9.977572107172643090e-01,9.977571711469823690e-01,9.977571723977832763e-01,9.977571741708357589e-01,9.977571742158956036e-01,9.977571718908324616e-01,9.977571646111328407e-01,9.977571426708257141e-01,9.977570644937863165e-01,9.977566856930529804e-01,9.977526515886889769e-01,9.976462343598165861e-01,9.977532336860220896e-01,9.999999999999982236e-01,9.978637130498632102e-01,9.978657055196232806e-01,9.978637088369136654e-01,9.978636202604631578e-01,9.978636079884374288e-01,9.978636047654934060e-01,9.978636014935011733e-01,9.978635938911190051e-01,9.978635718245353337e-01,9.978634935864805211e-01,9.978631147210816899e-01,9.978590801745098604e-01,9.977526515886890879e-01,9.977589977167929947e-01,9.978637130498632102e-01,9.999999999999982236e-01,9.978681272635661070e-01,9.978698130283337742e-01,9.978677647358745739e-01,9.978676617311096342e-01,9.978676442087797138e-01,9.978676375846785573e-01,9.978676290035739527e-01,9.978676066013476564e-01,9.978675282326683327e-01,9.978671493098636436e-01,9.978631147210818009e-01,9.977566856930529804e-01,9.977572107172643090e-01,9.978657055196232806e-01,9.978681272635661070e-01,9.999999999999982236e-01,9.978685843127892419e-01,9.978702132132071245e-01,9.978681505303722554e-01,9.978680422436856379e-01,9.978680213100592500e-01,9.978680093733365286e-01,9.978679859910400962e-01,9.978679072861886823e-01,9.978675282326683327e-01,9.978634935864806321e-01,9.977570644937866495e-01,9.977571711469823690e-01,9.978637088369136654e-01,9.978698130283337742e-01,9.978685843127892419e-01,9.999999999999982236e-01,9.978686842859583184e-01,9.978702982713552050e-01,9.978682303576177359e-01,9.978681186605770081e-01,9.978680924140802544e-01,9.978680656760203771e-01,9.978679859910402072e-01,9.978676066013477675e-01,9.978635718245355557e-01,9.977571426708260471e-01,9.977571723977832763e-01,9.978636202604631578e-01,9.978677647358745739e-01,9.978702132132071245e-01,9.978686842859583184e-01,9.999999999999982236e-01,9.978687131384194053e-01,9.978703217790018121e-01,9.978682504712250712e-01,9.978681334619037280e-01,9.978680924140802544e-01,9.978680093733365286e-01,9.978676290035739527e-01,9.978635938911193382e-01,9.977571646111331738e-01,9.977571741708357589e-01,9.978636079884374288e-01,9.978676617311096342e-01,9.978681505303722554e-01,9.978702982713552050e-01,9.978687131384194053e-01,9.999999999999982236e-01,9.978687218709023643e-01,9.978703270874259568e-01,9.978682504712249601e-01,9.978681186605768971e-01,9.978680213100593610e-01,9.978676375846784463e-01,9.978636014935012843e-01,9.977571718908325726e-01,9.977571742158956036e-01,9.978636047654934060e-01,9.978676442087797138e-01,9.978680422436856379e-01,9.978682303576177359e-01,9.978703217790018121e-01,9.978687218709023643e-01,9.999999999999982236e-01,9.978687218709023643e-01,9.978703217790015900e-01,9.978682303576176249e-01,9.978680422436857489e-01,9.978676442087797138e-01,9.978636047654935171e-01,9.977571742158958257e-01,9.977571718908324616e-01,9.978636014935011733e-01,9.978676375846785573e-01,9.978680213100592500e-01,9.978681186605770081e-01,9.978682504712250712e-01,9.978703270874259568e-01,9.978687218709023643e-01,9.999999999999982236e-01,9.978687131384191833e-01,9.978702982713549829e-01,9.978681505303722554e-01,9.978676617311096342e-01,9.978636079884375398e-01,9.977571741708359809e-01,9.977571646111328407e-01,9.978635938911190051e-01,9.978676290035739527e-01,9.978680093733365286e-01,9.978680924140802544e-01,9.978681334619037280e-01,9.978682504712249601e-01,9.978703217790015900e-01,9.978687131384191833e-01,9.999999999999982236e-01,9.978686842859579853e-01,9.978702132132071245e-01,9.978677647358745739e-01,9.978636202604631578e-01,9.977571723977831653e-01,9.977571426708257141e-01,9.978635718245353337e-01,9.978676066013476564e-01,9.978679859910400962e-01,9.978680656760203771e-01,9.978680924140802544e-01,9.978681186605768971e-01,9.978682303576176249e-01,9.978702982713549829e-01,9.978686842859579853e-01,9.999999999999982236e-01,9.978685843127893529e-01,9.978698130283336631e-01,9.978637088369137764e-01,9.977571711469823690e-01,9.977570644937863165e-01,9.978634935864805211e-01,9.978675282326683327e-01,9.978679072861886823e-01,9.978679859910402072e-01,9.978680093733365286e-01,9.978680213100593610e-01,9.978680422436857489e-01,9.978681505303722554e-01,9.978702132132071245e-01,9.978685843127893529e-01,9.999999999999982236e-01,9.978681272635661070e-01,9.978657055196232806e-01,9.977572107172641980e-01,9.977566856930529804e-01,9.978631147210816899e-01,9.978671493098636436e-01,9.978675282326683327e-01,9.978676066013477675e-01,9.978676290035739527e-01,9.978676375846784463e-01,9.978676442087797138e-01,9.978676617311096342e-01,9.978677647358745739e-01,9.978698130283336631e-01,9.978681272635661070e-01,9.999999999999982236e-01,9.978637130498633212e-01,9.977589977167929947e-01,9.977526515886889769e-01,9.978590801745098604e-01,9.978631147210818009e-01,9.978634935864806321e-01,9.978635718245355557e-01,9.978635938911193382e-01,9.978636014935012843e-01,9.978636047654935171e-01,9.978636079884375398e-01,9.978636202604631578e-01,9.978637088369137764e-01,9.978657055196232806e-01,9.978637130498633212e-01,9.999999999999982236e-01,9.977532336860223117e-01,9.976462343598165861e-01,9.977526515886890879e-01,9.977566856930529804e-01,9.977570644937866495e-01,9.977571426708260471e-01,9.977571646111331738e-01,9.977571718908325726e-01,9.977571742158958257e-01,9.977571741708359809e-01,9.977571723977831653e-01,9.977571711469823690e-01,9.977572107172641980e-01,9.977589977167929947e-01,9.977532336860223117e-01,9.999999999999982236e-01
1.000000000000000222e+00,9.473588854476564514e-01,9.479903486078878894e-01,9.479745800220407137e-01,9.479740962732535747e-01,9.479739257414083742e-01,9.479738677011598780e-01,9.479738492343486866e-01,9.479738493726477255e-01,9.479738686264107539e-01,9.479739312738124646e-01,9.479741328799501376e-01,9.479748059193086052e-01,9.479831738064350422e-01,9.482691474841320467e-01,9.473588854476564514e-01,1.000000000000000222e+00,9.470568805250330069e-01,9.477031126828161511e-01,9.476884290673055489e-01,9.476881346614858259e-01,9.476880158279735733e-01,9.476879763497658704e-01,9.476879693157910234e-01,9.476879859159801356e-01,9.476880474755472461e-01,9.476882485527320377e-01,9.476889211691417181e-01,9.476972864233670357e-01,9.479831738064351532e-01,9.479903486078878894e-01,9.470568805250330069e-01,1.000000000000000222e+00,9.470476078296702349e-01,9.476945015068134470e-01,9.476799962449378167e-01,9.476797469636685234e-01,9.476796448438382647e-01,9.476796161658463946e-01,9.476796253476456044e-01,9.476796841512261649e-01,9.476798841062682444e-01,9.476805562222908597e-01,9.476889211691416071e-01,9.479748059193082721e-01,9.479745800220407137e-01,9.477031126828161511e-01,9.470476078296702349e-01,1.000000000000000222e+00,9.470467101485298134e-01,9.476937608703999150e-01,9.476793013021379553e-01,9.476790684503102469e-01,9.476789770417366476e-01,9.476789645475102164e-01,9.476790159199459662e-01,9.476792131137016240e-01,9.476798841062683554e-01,9.476882485527319266e-01,9.479741328799500266e-01,9.479740962732535747e-01,9.476884290673055489e-01,9.476945015068134470e-01,9.470467101485298134e-01,1.000000000000000222e+00,9.470464375723610662e-01,9.476935365884314733e-01,9.476790938286494548e-01,9.476788716908455257e-01,9.476787964631306904e-01,9.476788261579822681e-01,9.476790159199460772e-01,9.476796841512261649e-01,9.476880474755471351e-01,9.479739312738123536e-01,9.479739257414083742e-01,9.476881346614858259e-01,9.476799962449378167e-01,9.476937608703999150e-01,9.470464375723610662e-01,1.000000000000000222e+00,9.470463501944196283e-01,9.476934673852982494e-01,9.476790354545814310e-01,9.476788295017330999e-01,9.476787964631302463e-01,9.476789645475097723e-01,9.476796253476450493e-01,9.476879859159795805e-01,9.479738686264101988e-01,9.479738677011598780e-01,9.476880158279735733e-01,9.476797469636685234e-01,9.476793013021379553e-01,9.476935365884314733e-01,9.470463501944196283e-01,1.000000000000000222e+00,9.470463226695751136e-01,9.476934511737357125e-01,9.476790354545816530e-01,9.476788716908453036e-01,9.476789770417366476e-01,9.476796161658463946e-01,9.476879693157906903e-01,9.479738493726473925e-01,9.479738492343486866e-01,9.476879763497658704e-01,9.476796448438382647e-01,9.476790684503102469e-01,9.476790938286494548e-01,9.476934673852982494e-01,9.470463226695751136e-01,1.000000000000000222e+00,9.470463226695750025e-01,9.476934673852984714e-01,9.476790938286492327e-01,9.476790684503101359e-01,9.476796448438381537e-01,9.476879763497655373e-01,9.479738492343483536e-01,9.479738493726477255e-01,9.476879693157910234e-01,9.476796161658463946e-01,9.476789770417366476e-01,9.476788716908455257e-01,9.476790354545814310e-01,9.476934511737357125e-01,9.470463226695750025e-01,1.000000000000000222e+00,9.470463501944199614e-01,9.476935365884311402e-01,9.476793013021378442e-01,9.476797469636683013e-01,9.476880158279733513e-01,9.479738677011595449e-01,9.479738686264107539e-01,9.476879859159801356e-01,9.476796253476456044e-01,9.476789645475102164e-01,9.476787964631306904e-01,9.476788295017330999e-01,9.476790354545816530e-01,9.476934673852984714e-01,9.470463501944199614e-01,1.000000000000000222e+00,9.470464375723610662e-01,9.476937608704001370e-01,9.476799962449381498e-01,9.476881346614859369e-01,9.479739257414084852e-01,9.479739312738124646e-01,9.476880474755472461e-01,9.476796841512261649e-01,9.476790159199459662e-01,9.476788261579822681e-01,9.476787964631302463e-01,9.476788716908453036e-01,9.476790938286492327e-01,9.476935365884311402e-01,9.470464375723610662e-01,1.000000000000000222e+00,9.470467101485292583e-01,9.476945015068130029e-01,9.476884290673052158e-01,9.479740962732532417e-01,9.479741328799501376e-01,9.476882485527320377e-01,9.476798841062682444e-01,9.476792131137016240e-01,9.476790159199460772e-01,9.476789645475097723e-01,9.476789770417366476e-01,9.476790684503101359e-01,9.476793013021378442e-01,9.476937608704001370e-01,9.470467101485292583e-01,1.000000000000000222e+00,9.470476078296699018e-01,9.477031126828157070e-01,9.479745800220402696e-01,9.479748059193086052e-01,9.476889211691417181e-01,9.476805562222908597e-01,9.476798841062683554e-01,9.476796841512261649e-01,9.476796253476450493e-01,9.476796161658463946e-01,9.476796448438381537e-01,9.476797469636683013e-01,9.476799962449381498e-01,9.476945015068130029e-01,9.470476078296699018e-01,1.000000000000000222e+00,9.470568805250325628e-01,9.479903486078875563e-01,9.479831738064350422e-01,9.476972864233670357e-01,9.476889211691416071e-01,9.476882485527319266e-01,9.476880474755471351e-01,9.476879859159795805e-01,9.476879693157906903e-01,9.476879763497655373e-01,9.476880158279733513e-01,9.476881346614859369e-01,9.476884290673052158e-01,9.477031126828157070e-01,9.470568805250325628e-01,1.000000000000000222e+00,9.473588854476560073e-01,9.482691474841320467e-01,9.479831738064351532e-01,9.479748059193082721e-01,9.479741328799500266e-01,9.479739312738123536e-01,9.479738686264101988e-01,9.479738493726473925e-01,9.479738492343483536e-01,9.479738677011595449e-01,9.479739257414084852e-01,9.479740962732532417e-01,9.479745800220402696e-01,9.479903486078875563e-01,9.473588854476560073e-01,1.000000000000000222e+00
9.999999999999972244e-01,9.423769364415639505e-01,9.431132583977195338e-01,9.432333199031746052e-01,9.432418307364942578e-01,9.432434560625969633e-01,9.432439239241524609e-01,9.432440681339114841e-01,9.432440817036130687e-01,9.432439756549209076e-01,9.432435865340930148e-01,9.432420777138909029e-01,9.432335174141798229e-01,9.431356684893872355e-01,9.416176500905512059e-01,9.423769364415639505e-01,9.999999999999972244e-01,9.440392872648444289e-01,9.446471531421612999e-01,9.447558461790003248e-01,9.447629494026147379e-01,9.447642459362743939e-01,9.447646038704355931e-01,9.447646830327429690e-01,9.447645998356323238e-01,9.447642191292813241e-01,9.447627117719478163e-01,9.447541394833384176e-01,9.446561337072725273e-01,9.431356684893871245e-01,9.431132583977195338e-01,9.440392872648444289e-01,9.999999999999972244e-01,9.441487714030566414e-01,9.447470365805670234e-01,9.448542922594458382e-01,9.448610992017448806e-01,9.448622968780570064e-01,9.448625937200377800e-01,9.448625777468961928e-01,9.448622207540571249e-01,9.448607226308666229e-01,9.448521535258991300e-01,9.447541394833386397e-01,9.432335174141801559e-01,9.432333199031746052e-01,9.446471531421612999e-01,9.441487714030566414e-01,9.999999999999972244e-01,9.441591377902693871e-01,9.447560434174860911e-01,9.448629968938129231e-01,9.448697070751419513e-01,9.448708444050581967e-01,9.448710463843789098e-01,9.448707567340465241e-01,9.448692824002963286e-01,9.448607226308661788e-01,9.447627117719475942e-01,9.432420777138907919e-01,9.432418307364942578e-01,9.447558461790003248e-01,9.447470365805670234e-01,9.441591377902693871e-01,9.999999999999972244e-01,9.441611036852434191e-01,9.447576892756598399e-01,9.448645430460861361e-01,9.448711928989487197e-01,9.448722354007434987e-01,9.448721637182047051e-01,9.448707567340468572e-01,9.448622207540570139e-01,9.447642191292815461e-01,9.432435865340929038e-01,9.432434560625969633e-01,9.447629494026147379e-01,9.448542922594458382e-01,9.447560434174860911e-01,9.441611036852434191e-01,9.999999999999972244e-01,9.441616410013715655e-01,9.447581190406471041e-01,9.448649115577326674e-01,9.448714665595687734e-01,9.448722354007440538e-01,9.448710463843797980e-01,9.448625777468965259e-01,9.447645998356328789e-01,9.432439756549214627e-01,9.432439239241524609e-01,9.447642459362743939e-01,9.448610992017448806e-01,9.448629968938129231e-01,9.447576892756598399e-01,9.441616410013715655e-01,9.999999999999972244e-01,9.441617999485419910e-01,9.447582141061074967e-01,9.448649115577322233e-01,9.448711928989488307e-01,9.448708444050585298e-01,9.448625937200377800e-01,9.447646830327431910e-01,9.432440817036131797e-01,9.432440681339114841e-01,9.447646038704355931e-01,9.448622968780570064e-01,9.448697070751419513e-01,9.448645430460861361e-01,9.447581190406471041e-01,9.441617999485419910e-01,9.999999999999972244e-01,9.441617999485418800e-01,9.447581190406465490e-01,9.448645430460863581e-01,9.448697070751422844e-01,9.448622968780570064e-01,9.447646038704358151e-01,9.432440681339115951e-01,9.432440817036130687e-01,9.447646830327429690e-01,9.448625937200377800e-01,9.448708444050581967e-01,9.448711928989487197e-01,9.448649115577326674e-01,9.447582141061074967e-01,9.441617999485418800e-01,9.999999999999972244e-01,9.441616410013711214e-01,9.447576892756598399e-01,9.448629968938132562e-01,9.448610992017448806e-01,9.447642459362745049e-01,9.432439239241525719e-01,9.432439756549209076e-01,9.447645998356323238e-01,9.448625777468961928e-01,9.448710463843789098e-01,9.448722354007434987e-01,9.448714665595687734e-01,9.448649115577322233e-01,9.447581190406465490e-01,9.441616410013711214e-01,9.999999999999972244e-01,9.441611036852428640e-01,9.447560434174860911e-01,9.448542922594451721e-01,9.447629494026142938e-01,9.432434560625968523e-01,9.432435865340930148e-01,9.447642191292813241e-01,9.448622207540571249e-01,9.448707567340465241e-01,9.448721637182047051e-01,9.448722354007440538e-01,9.448711928989488307e-01,9.448645430460863581e-01,9.447576892756598399e-01,9.441611036852428640e-01,9.999999999999972244e-01,9.441591377902694981e-01,9.447470365805668013e-01,9.447558461790004358e-01,9.432418307364947019e-01,9.432420777138909029e-01,9.447627117719478163e-01,9.448607226308666229e-01,9.448692824002963286e-01,9.448707567340468572e-01,9.448710463843797980e-01,9.448708444050585298e-01,9.448697070751422844e-01,9.448629968938132562e-01,9.447560434174860911e-01,9.441591377902694981e-01,9.999999999999972244e-01,9.441487714030567524e-01,9.446471531421617440e-01,9.432333199031750492e-01,9.432335174141798229e-01,9.447541394833384176e-01,9.448521535258991300e-01,9.448607226308661788e-01,9.448622207540570139e-01,9.448625777468965259e-01,9.448625937200377800e-01,9.448622968780570064e-01,9.448610992017448806e-01,9.448542922594451721e-01,9.447470365805668013e-01,9.441487714030567524e-01,9.999999999999972244e-01,9.440392872648442069e-01,9.431132583977192008e-01,9.431356684893872355e-01,9.446561337072725273e-01,9.447541394833386397e-01,9.447627117719475942e-01,9.447642191292815461e-01,9.447645998356328789e-01,9.447646830327431910e-01,9.447646038704358151e-01,9.447642459362745049e-01,9.447629494026142938e-01,9.447558461790004358e-01,9.446471531421617440e-01,9.440392872648442069e-01,9.999999999999972244e-01,9.423769364415640615e-01,9.416176500905512059e-01,9.431356684893871245e-01,9.432335174141801559e-01,9.432420777138907919e-01,9.432435865340929038e-01,9.432439756549214627e-01,9.432440817036131797e-01,9.432440681339115951e-01,9.432439239241525719e-01,9.432434560625968523e-01,9.432418307364947019e-01,9.432333199031750492e-01,9.431132583977192008e-01,9.423769364415640615e-01,9.999999999999972244e-01
9.999999999999937828e-01,9.885731963904066388e-01,9.885974629195325436e-01,9.885847273504297927e-01,9.885848600944634468e-01,9.885848744678972233e-01,9.885848723558642304e-01,9.885848687931315659e-01,9.885848607262932575e-01,9.885848419278630006e-01,9.885848005502653191e-01,9.885847616534976234e-01,9.885856947772452274e-01,9.885909492722219083e-01,9.880589175931842050e-01,9.885731963904066388e-01,9.999999999999937828e-01,9.891023439894740532e-01,9.891260761781304200e-01,9.891168615989511803e-01,9.891171727833139027e-01,9.891171934317204428e-01,9.891171869767475533e-01,9.891171770013935660e-01,9.891171573807249207e-01,9.891171156396407760e-01,9.891170765734235149e-01,9.891180101323310270e-01,9.891232674264617275e-01,9.885909492722216863e-01,9.885974629195325436e-01,9.891023439894740532e-01,9.999999999999937828e-01,9.890961268933169404e-01,9.891206918573762774e-01,9.891116302539906258e-01,9.891119299930708486e-01,9.891119398803903673e-01,9.891119246841841850e-01,9.891119022330207011e-01,9.891118592749340577e-01,9.891118196754679071e-01,9.891127529833703136e-01,9.891180101323309160e-01,9.885856947772452274e-01,9.885847273504297927e-01,9.891260761781304200e-01,9.890961268933169404e-01,9.999999999999937828e-01,9.890952281187351813e-01,9.891197849646643503e-01,9.891107124615193813e-01,9.891110005674651484e-01,9.891110013795826328e-01,9.891109735860373897e-01,9.891109277491392238e-01,9.891108869114599855e-01,9.891118196754677960e-01,9.891170765734236259e-01,9.885847616534976234e-01,9.885848600944634468e-01,9.891168615989511803e-01,9.891206918573762774e-01,9.890952281187351813e-01,9.999999999999937828e-01,9.890953076023621948e-01,9.891198380472835394e-01,9.891107553873615954e-01,9.891110344473951210e-01,9.891110226519296278e-01,9.891109714676471487e-01,9.891109277491392238e-01,9.891118592749339467e-01,9.891171156396407760e-01,9.885848005502650970e-01,9.885848744678972233e-01,9.891171727833139027e-01,9.891116302539906258e-01,9.891197849646643503e-01,9.890953076023621948e-01,9.999999999999937828e-01,9.890953657214215378e-01,9.891198825689104801e-01,9.891107913676356889e-01,9.891110578382441565e-01,9.891110226519297388e-01,9.891109735860375007e-01,9.891119022330204791e-01,9.891171573807250317e-01,9.885848419278627786e-01,9.885848723558642304e-01,9.891171934317204428e-01,9.891119299930708486e-01,9.891107124615193813e-01,9.891198380472835394e-01,9.890953657214215378e-01,9.999999999999937828e-01,9.890953876676576995e-01,9.891198950378190524e-01,9.891107913676357999e-01,9.891110344473951210e-01,9.891110013795828548e-01,9.891119246841842960e-01,9.891171770013935660e-01,9.885848607262931464e-01,9.885848687931315659e-01,9.891171869767475533e-01,9.891119398803903673e-01,9.891110005674651484e-01,9.891107553873615954e-01,9.891198825689104801e-01,9.890953876676576995e-01,9.999999999999937828e-01,9.890953876676578105e-01,9.891198825689105911e-01,9.891107553873619285e-01,9.891110005674653705e-01,9.891119398803905893e-01,9.891171869767476643e-01,9.885848687931315659e-01,9.885848607262932575e-01,9.891171770013935660e-01,9.891119246841841850e-01,9.891110013795826328e-01,9.891110344473951210e-01,9.891107913676356889e-01,9.891198950378190524e-01,9.890953876676578105e-01,9.999999999999937828e-01,9.890953657214218708e-01,9.891198380472838725e-01,9.891107124615196033e-01,9.891119299930710707e-01,9.891171934317206649e-01,9.885848723558644524e-01,9.885848419278630006e-01,9.891171573807249207e-01,9.891119022330207011e-01,9.891109735860373897e-01,9.891110226519296278e-01,9.891110578382441565e-01,9.891107913676357999e-01,9.891198825689105911e-01,9.890953657214218708e-01,9.999999999999937828e-01,9.890953076023623058e-01,9.891197849646645723e-01,9.891116302539908478e-01,9.891171727833140137e-01,9.885848744678975564e-01,9.885848005502653191e-01,9.891171156396407760e-01,9.891118592749340577e-01,9.891109277491392238e-01,9.891109714676471487e-01,9.891110226519297388e-01,9.891110344473951210e-01,9.891107553873619285e-01,9.891198380472838725e-01,9.890953076023623058e-01,9.999999999999937828e-01,9.890952281187351813e-01,9.891206918573763884e-01,9.891168615989512913e-01,9.885848600944637798e-01,9.885847616534976234e-01,9.891170765734235149e-01,9.891118196754679071e-01,9.891108869114599855e-01,9.891109277491392238e-01,9.891109735860375007e-01,9.891110013795828548e-01,9.891110005674653705e-01,9.891107124615196033e-01,9.891197849646645723e-01,9.890952281187351813e-01,9.999999999999937828e-01,9.890961268933170514e-01,9.891260761781306421e-01,9.885847273504300148e-01,9.885856947772452274e-01,9.891180101323310270e-01,9.891127529833703136e-01,9.891118196754677960e-01,9.891118592749339467e-01,9.891119022330204791e-01,9.891119246841842960e-01,9.891119398803905893e-01,9.891119299930710707e-01,9.891116302539908478e-01,9.891206918573763884e-01,9.890961268933170514e-01,9.999999999999937828e-01,9.891023439894741642e-01,9.885974629195328767e-01,9.885909492722219083e-01,9.891232674264617275e-01,9.891180101323309160e-01,9.891170765734236259e-01,9.891171156396407760e-01,9.891171573807250317e-01,9.891171770013935660e-01,9.891171869767476643e-01,9.891171934317206649e-01,9.891171727833140137e-01,9.891168615989512913e-01,9.891260761781306421e-01,9.891023439894741642e-01,9.999999999999937828e-01,9.885731963904065278e-01,9.880589175931842050e-01,9.885909492722216863e-01,9.885856947772452274e-01,9.885847616534976234e-01,9.885848005502650970e-01,9.885848419278627786e-01,9.885848607262931464e-01,9.885848687931315659e-01,9.885848723558644524e-01,9.885848744678975564e-01,9.885848600944637798e-01,9.885847273504300148e-01,9.885974629195328767e-01,9.885731963904065278e-01,9.999999999999937828e-01
9.999999999999927836e-01,9.420474578835145163e-01,9.427700452365719297e-01,9.427307014049177702e-01,9.427247816633058664e-01,9.427237710259368519e-01,9.427235168524367159e-01,9.427234470843112168e-01,9.427234704315213820e-01,9.427236088136438097e-01,9.427240273062236220e-01,9.427253298865112541e-01,9.427302833252223513e-01,9.428128972482573422e-01,9.447858505564923348e-01,9.420474578835145163e-01,9.999999999999927836e-01,9.399360738492358314e-01,9.408011194892424989e-01,9.407610450451148187e-01,9.407557779369251083e-01,9.407550035659653087e-01,9.407548434034842533e-01,9.407548397729968981e-01,9.407549685111915583e-01,9.407553824930292574e-01,9.407566807922302932e-01,9.407616231585324007e-01,9.408440641977641183e-01,9.428128972482571202e-01,9.427700452365719297e-01,9.399360738492358314e-01,9.999999999999927836e-01,9.398460992010900794e-01,9.407174710061857459e-01,9.406781968411741524e-01,9.406732017102811261e-01,9.406725344085854479e-01,9.406724451728215586e-01,9.406725489491138958e-01,9.406729544102105933e-01,9.406742493740065658e-01,9.406791899584741046e-01,9.407616231585320676e-01,9.427302833252220182e-01,9.427307014049177702e-01,9.408011194892424989e-01,9.398460992010900794e-01,9.999999999999927836e-01,9.398396696406817741e-01,9.407121146186443461e-01,9.406731108023386190e-01,9.406682229881216939e-01,9.406676267815968773e-01,9.406676450142952284e-01,9.406680255477231078e-01,9.406693120313256440e-01,9.406742493740071209e-01,9.407566807922305152e-01,9.427253298865113651e-01,9.427247816633058664e-01,9.407610450451148187e-01,9.407174710061857459e-01,9.398396696406817741e-01,9.999999999999927836e-01,9.398378984530286750e-01,9.407106735973002065e-01,9.406717745572186207e-01,9.406669577567660090e-01,9.406664690083608171e-01,9.406667639934920278e-01,9.406680255477226638e-01,9.406729544102107043e-01,9.407553824930288133e-01,9.427240273062233999e-01,9.427237710259368519e-01,9.407557779369251083e-01,9.406781968411741524e-01,9.407121146186443461e-01,9.398378984530286750e-01,9.999999999999927836e-01,9.398373191430081652e-01,9.407102191898902843e-01,9.406713903566505941e-01,9.406666810039759907e-01,9.406664690083603730e-01,9.406676450142943402e-01,9.406725489491134518e-01,9.407549685111908921e-01,9.427236088136430325e-01,9.427235168524367159e-01,9.407550035659653087e-01,9.406732017102811261e-01,9.406731108023386190e-01,9.407106735973002065e-01,9.398373191430081652e-01,9.999999999999927836e-01,9.398371353455337029e-01,9.407101119356734431e-01,9.406713903566513713e-01,9.406669577567663421e-01,9.406676267815967663e-01,9.406724451728220027e-01,9.407548397729971201e-01,9.427234704315214930e-01,9.427234470843112168e-01,9.407548434034842533e-01,9.406725344085854479e-01,9.406682229881216939e-01,9.406717745572186207e-01,9.407102191898902843e-01,9.398371353455337029e-01,9.999999999999927836e-01,9.398371353455334809e-01,9.407102191898908394e-01,9.406717745572187317e-01,9.406682229881215829e-01,9.406725344085857810e-01,9.407548434034842533e-01,9.427234470843111058e-01,9.427234704315213820e-01,9.407548397729968981e-01,9.406724451728215586e-01,9.406676267815968773e-01,9.406669577567660090e-01,9.406713903566505941e-01,9.407101119356734431e-01,9.398371353455334809e-01,9.999999999999927836e-01,9.398373191430084983e-01,9.407106735973003175e-01,9.406731108023382859e-01,9.406732017102813481e-01,9.407550035659650867e-01,9.427235168524364939e-01,9.427236088136438097e-01,9.407549685111915583e-01,9.406725489491138958e-01,9.406676450142952284e-01,9.406664690083608171e-01,9.406666810039759907e-01,9.406713903566513713e-01,9.407102191898908394e-01,9.398373191430084983e-01,9.999999999999927836e-01,9.398378984530294522e-01,9.407121146186449012e-01,9.406781968411749295e-01,9.407557779369257744e-01,9.427237710259374071e-01,9.427240273062236220e-01,9.407553824930292574e-01,9.406729544102105933e-01,9.406680255477231078e-01,9.406667639934920278e-01,9.406664690083603730e-01,9.406669577567663421e-01,9.406717745572187317e-01,9.407106735973003175e-01,9.398378984530294522e-01,9.999999999999927836e-01,9.398396696406815520e-01,9.407174710061860790e-01,9.407610450451152628e-01,9.427247816633060884e-01,9.427253298865112541e-01,9.407566807922302932e-01,9.406742493740065658e-01,9.406693120313256440e-01,9.406680255477226638e-01,9.406676450142943402e-01,9.406676267815967663e-01,9.406682229881215829e-01,9.406731108023382859e-01,9.407121146186449012e-01,9.398396696406815520e-01,9.999999999999927836e-01,9.398460992010903015e-01,9.408011194892422768e-01,9.427307014049174372e-01,9.427302833252223513e-01,9.407616231585324007e-01,9.406791899584741046e-01,9.406742493740071209e-01,9.406729544102107043e-01,9.406725489491134518e-01,9.406724451728220027e-01,9.406725344085857810e-01,9.406732017102813481e-01,9.406781968411749295e-01,9.407174710061860790e-01,9.398460992010903015e-01,9.999999999999927836e-01,9.399360738492361644e-01,9.427700452365721517e-01,9.428128972482573422e-01,9.408440641977641183e-01,9.407616231585320676e-01,9.407566807922305152e-01,9.407553824930288133e-01,9.407549685111908921e-01,9.407548397729971201e-01,9.407548434034842533e-01,9.407550035659650867e-01,9.407557779369257744e-01,9.407610450451152628e-01,9.408011194892422768e-01,9.399360738492361644e-01,9.999999999999927836e-01,9.420474578835145163e-01,9.447858505564923348e-01,9.428128972482571202e-01,9.427302833252220182e-01,9.427253298865113651e-01,9.427240273062233999e-01,9.427236088136430325e-01,9.427234704315214930e-01,9.427234470843111058e-01,9.427235168524364939e-01,9.427237710259374071e-01,9.427247816633060884e-01,9.427307014049174372e-01,9.427700452365721517e-01,9.420474578835145163e-01,9.999999999999927836e-01
