1.000000000000000000e+00,1.000000000000000000e+00,1.000000000000000000e+00,1.000000000000000000e+00,1.000000000000000000e+00,1.000000000000000000e+00,1.000000000000000000e+00,1.000000000000000000e+00,1.000000000000000000e+00,1.000000000000000000e+00,1.000000000000000000e+00,1.000000000000000000e+00,1.000000000000000000e+00,1.000000000000000000e+00,1.000000000000000000e+00,1.000000000000000000e+00,1.000000000000000000e+00,1.000000000000000000e+00,1.000000000000000000e+00,1.000000000000000000e+00,1.000000000000000000e+00,1.000000000000000000e+00,1.000000000000000000e+00,1.000000000000000000e+00,1.000000000000000000e+00,1.000000000000000000e+00,1.000000000000000000e+00,1.000000000000000000e+00,1.000000000000000000e+00,1.000000000000000000e+00,1.000000000000000000e+00,1.000000000000000000e+00,1.000000000000000000e+00,1.000000000000000000e+00,1.000000000000000000e+00,1.000000000000000000e+00,1.000000000000000000e+00,1.000000000000000000e+00,1.000000000000000000e+00,1.000000000000000000e+00,1.000000000000000000e+00,1.000000000000000000e+00,1.000000000000000000e+00,1.000000000000000000e+00,1.000000000000000000e+00,1.000000000000000000e+00,1.000000000000000000e+00,1.000000000000000000e+00,1.000000000000000000e+00,1.000000000000000000e+00,1.000000000000000000e+00,1.000000000000000000e+00,1.000000000000000000e+00,1.000000000000000000e+00,1.000000000000000000e+00,1.000000000000000000e+00,1.000000000000000000e+00,1.000000000000000000e+00,1.000000000000000000e+00,1.000000000000000000e+00,1.000000000000000000e+00,1.000000000000000000e+00,1.000000000000000000e+00,1.000000000000000000e+00,1.000000000000000000e+00,1.000000000000000000e+00,1.000000000000000000e+00,1.000000000000000000e+00,1.000000000000000000e+00,1.000000000000000000e+00,1.000000000000000000e+00,1.000000000000000000e+00,1.000000000000000000e+00,1.000000000000000000e+00,1.000000000000000000e+00,1.000000000000000000e+00,1.000000000000000000e+00,1.000000000000000000e+00,1.000000000000000000e+00,1.000000000000000000e+00,1.000000000000000000e+00,1.000000000000000000e+00,1.000000000000000000e+00,1.000000000000000000e+00,1.000000000000000000e+00,1.000000000000000000e+00,1.000000000000000000e+00,1.000000000000000000e+00,1.000000000000000000e+00,1.000000000000000000e+00,1.000000000000000000e+00,1.000000000000000000e+00,1.000000000000000000e+00,1.000000000000000000e+00,1.000000000000000000e+00,1.000000000000000000e+00,1.000000000000000000e+00,1.000000000000000000e+00,1.000000000000000000e+00,1.000000000000000000e+00,1.000000000000000000e+00,1.000000000000000000e+00,1.000000000000000000e+00,1.000000000000000000e+00,1.000000000000000000e+00,1.000000000000000000e+00,1.000000000000000000e+00,1.000000000000000000e+00,1.000000000000000000e+00,1.000000000000000000e+00,1.000000000000000000e+00,1.000000000000000000e+00,1.000000000000000000e+00,1.000000000000000000e+00,1.000000000000000000e+00,1.000000000000000000e+00,1.000000000000000000e+00,1.000000000000000000e+00,1.000000000000000000e+00,1.000000000000000000e+00,1.000000000000000000e+00,1.000000000000000000e+00,1.000000000000000000e+00,1.000000000000000000e+00,1.000000000000000000e+00,1.000000000000000000e+00,1.000000000000000000e+00,1.000000000000000000e+00,1.000000000000000000e+00,1.000000000000000000e+00,1.000000000000000000e+00,1.000000000000000000e+00,1.000000000000000000e+00,1.000000000000000000e+00,1.000000000000000000e+00,1.000000000000000000e+00,1.000000000000000000e+00,1.000000000000000000e+00,1.000000000000000000e+00,1.000000000000000000e+00,1.000000000000000000e+00,1.000000000000000000e+00,1.000000000000000000e+00,1.000000000000000000e+00,1.000000000000000000e+00,1.000000000000000000e+00,1.000000000000000000e+00,1.000000000000000000e+00,1.000000000000000000e+00,1.000000000000000000e+00,1.000000000000000000e+00,1.000000000000000000e+00,1.000000000000000000e+00,1.000000000000000000e+00,1.000000000000000000e+00,1.000000000000000000e+00,1.000000000000000000e+00,1.000000000000000000e+00,1.000000000000000000e+00,1.000000000000000000e+00,1.000000000000000000e+00,1.000000000000000000e+00,1.000000000000000000e+00,1.000000000000000000e+00,1.000000000000000000e+00,1.000000000000000000e+00,1.000000000000000000e+00,1.000000000000000000e+00,1.000000000000000000e+00,1.000000000000000000e+00,1.000000000000000000e+00,1.000000000000000000e+00,1.000000000000000000e+00,1.000000000000000000e+00,1.000000000000000000e+00,1.000000000000000000e+00,1.000000000000000000e+00,1.000000000000000000e+00,1.000000000000000000e+00,1.000000000000000000e+00,1.000000000000000000e+00,1.000000000000000000e+00,1.000000000000000000e+00,1.000000000000000000e+00,1.000000000000000000e+00,1.000000000000000000e+00,1.000000000000000000e+00,1.000000000000000000e+00,1.000000000000000000e+00,1.000000000000000000e+00,1.000000000000000000e+00,1.000000000000000000e+00,1.000000000000000000e+00,1.000000000000000000e+00,1.000000000000000000e+00,1.000000000000000000e+00,1.000000000000000000e+00,1.000000000000000000e+00,1.000000000000000000e+00,1.000000000000000000e+00,1.000000000000000000e+00,1.000000000000000000e+00,1.000000000000000000e+00,1.000000000000000000e+00,1.000000000000000000e+00,1.000000000000000000e+00,1.000000000000000000e+00,1.000000000000000000e+00,1.000000000000000000e+00,1.000000000000000000e+00,1.000000000000000000e+00,1.000000000000000000e+00,1.000000000000000000e+00,1.000000000000000000e+00,1.000000000000000000e+00,1.000000000000000000e+00,1.000000000000000000e+00,1.000000000000000000e+00,1.000000000000000000e+00,1.000000000000000000e+00,1.000000000000000000e+00,1.000000000000000000e+00,1.000000000000000000e+00,1.000000000000000000e+00,1.000000000000000000e+00,1.000000000000000000e+00,1.000000000000000000e+00,1.000000000000000000e+00,1.000000000000000000e+00,1.000000000000000000e+00,1.000000000000000000e+00,1.000000000000000000e+00,1.000000000000000000e+00,1.000000000000000000e+00,1.000000000000000000e+00,1.000000000000000000e+00,1.000000000000000000e+00,1.000000000000000000e+00,1.000000000000000000e+00,1.000000000000000000e+00,1.000000000000000000e+00,1.000000000000000000e+00,1.000000000000000000e+00,1.000000000000000000e+00,1.000000000000000000e+00,1.000000000000000000e+00,1.000000000000000000e+00,1.000000000000000000e+00,1.000000000000000000e+00,1.000000000000000000e+00,1.000000000000000000e+00,1.000000000000000000e+00,1.000000000000000000e+00,1.000000000000000000e+00,1.000000000000000000e+00,1.000000000000000000e+00,1.000000000000000000e+00,1.000000000000000000e+00,1.000000000000000000e+00,1.000000000000000000e+00,1.000000000000000000e+00,1.000000000000000000e+00,1.000000000000000000e+00,1.000000000000000000e+00,1.000000000000000000e+00,1.000000000000000000e+00,1.000000000000000000e+00,1.000000000000000000e+00,1.000000000000000000e+00,1.000000000000000000e+00,1.000000000000000000e+00,1.000000000000000000e+00,1.000000000000000000e+00,1.000000000000000000e+00,1.000000000000000000e+00,1.000000000000000000e+00,1.000000000000000000e+00,1.000000000000000000e+00,1.000000000000000000e+00,1.000000000000000000e+00,1.000000000000000000e+00,1.000000000000000000e+00,1.000000000000000000e+00,1.000000000000000000e+00,1.000000000000000000e+00,1.000000000000000000e+00,1.000000000000000000e+00,1.000000000000000000e+00,1.000000000000000000e+00,1.000000000000000000e+00,1.000000000000000000e+00,1.000000000000000000e+00,1.000000000000000000e+00,1.000000000000000000e+00,1.000000000000000000e+00,1.000000000000000000e+00,1.000000000000000000e+00,1.000000000000000000e+00,1.000000000000000000e+00,1.000000000000000000e+00,1.000000000000000000e+00,1.000000000000000000e+00,1.000000000000000000e+00,1.000000000000000000e+00,1.000000000000000000e+00,1.000000000000000000e+00,1.000000000000000000e+00,1.000000000000000000e+00,1.000000000000000000e+00,1.000000000000000000e+00,1.000000000000000000e+00,1.000000000000000000e+00,1.000000000000000000e+00,1.000000000000000000e+00,1.000000000000000000e+00,1.000000000000000000e+00,1.000000000000000000e+00,1.000000000000000000e+00,1.000000000000000000e+00,1.000000000000000000e+00,1.000000000000000000e+00,1.000000000000000000e+00,1.000000000000000000e+00,1.000000000000000000e+00,1.000000000000000000e+00,1.000000000000000000e+00,1.000000000000000000e+00,1.000000000000000000e+00,1.000000000000000000e+00,1.000000000000000000e+00,1.000000000000000000e+00,1.000000000000000000e+00,1.000000000000000000e+00,1.000000000000000000e+00,1.000000000000000000e+00,1.000000000000000000e+00,1.000000000000000000e+00,1.000000000000000000e+00,1.000000000000000000e+00,1.000000000000000000e+00,1.000000000000000000e+00,1.000000000000000000e+00,1.000000000000000000e+00,1.000000000000000000e+00,1.000000000000000000e+00,1.000000000000000000e+00,1.000000000000000000e+00,1.000000000000000000e+00,1.000000000000000000e+00,1.000000000000000000e+00,1.000000000000000000e+00,1.000000000000000000e+00,1.000000000000000000e+00,1.000000000000000000e+00,1.000000000000000000e+00,1.000000000000000000e+00,1.000000000000000000e+00,1.000000000000000000e+00,1.000000000000000000e+00,1.000000000000000000e+00,1.000000000000000000e+00
9.999999999999993339e-01,9.443324373294356144e-01,9.449929851312238727e-01,9.450307032011318054e-01,9.450338328271307153e-01,9.450343948786699144e-01,9.450345385869464154e-01,9.450345846348752188e-01,9.450346017624532413e-01,9.450346084982614858e-01,9.450346105151106180e-01,9.450346091707034768e-01,9.450346030985845580e-01,9.450345858998243642e-01,9.450345335098048194e-01,9.450343351266063951e-01,9.450332495812675537e-01,9.450212584362712720e-01,9.447441690111242352e-01,9.443324373294356144e-01,9.999999999999993339e-01,9.446290465453655028e-01,9.452715571467442679e-01,9.453081085140583317e-01,9.453110669286632906e-01,9.453115891223757838e-01,9.453117207481808171e-01,9.453117622941057396e-01,9.453117772876313829e-01,9.453117824827995674e-01,9.453117824922767642e-01,9.453117770449650514e-01,9.453117601513612023e-01,9.453117079085019414e-01,9.453115095564743608e-01,9.453104237439549085e-01,9.452984291124071348e-01,9.450212584362708279e-01,9.449929851312238727e-01,9.446290465453655028e-01,9.999999999999993339e-01,9.446424706536280524e-01,9.452837602090039537e-01,9.453201569796544357e-01,9.453230796185191354e-01,9.453235908633854656e-01,9.453237183678090405e-01,9.453237579275304281e-01,9.453237714448142759e-01,9.453237746635062555e-01,9.453237705864745433e-01,9.453237543279492394e-01,9.453237023995828547e-01,9.453235042105067043e-01,9.453224184753745707e-01,9.453104237439547974e-01,9.450332495812669986e-01,9.450307032011318054e-01,9.452715571467442679e-01,9.446424706536280524e-01,9.999999999999993339e-01,9.446437888805506722e-01,9.452848996877287746e-01,9.453212606360155146e-01,9.453241723991578915e-01,9.453246795466749841e-01,9.453248050736002828e-01,9.453248431606248170e-01,9.453248547030370652e-01,9.453248538360270459e-01,9.453248389482551417e-01,9.453247876553549922e-01,9.453245897813411514e-01,9.453235042105064823e-01,9.453115095564743608e-01,9.450343351266057290e-01,9.450338328271307153e-01,9.453081085140583317e-01,9.452837602090039537e-01,9.446437888805506722e-01,9.999999999999993339e-01,9.446440466783212475e-01,9.452851160443278555e-01,9.453214660333884023e-01,9.453243736990014634e-01,9.453248788698734861e-01,9.453250029245277020e-01,9.453250390368768130e-01,9.453250464936824304e-01,9.453250348159837335e-01,9.453249848938712896e-01,9.453247876553547702e-01,9.453237023995824106e-01,9.453117079085013863e-01,9.450345335098042643e-01,9.450343948786699144e-01,9.453110669286632906e-01,9.453201569796544357e-01,9.452848996877287746e-01,9.446440466783212475e-01,9.999999999999993339e-01,9.446441187611942514e-01,9.452851755257278832e-01,9.453215213886569934e-01,9.453244270765480683e-01,9.453249307751178110e-01,9.453250528551265797e-01,9.453250848818892660e-01,9.453250815280171970e-01,9.453250348159835115e-01,9.453248389482549197e-01,9.453237543279486843e-01,9.453117601513605361e-01,9.450345858998236981e-01,9.450345385869464154e-01,9.453115891223757838e-01,9.453230796185191354e-01,9.453212606360155146e-01,9.452851160443278555e-01,9.446441187611942514e-01,9.999999999999993339e-01,9.446441438009696157e-01,9.452851958578303293e-01,9.453215397324196134e-01,9.453244439475014804e-01,9.453249456713812560e-01,9.453250636658027117e-01,9.453250848818900431e-01,9.453250464936828745e-01,9.453248538360271569e-01,9.453237705864745433e-01,9.453117770449647184e-01,9.450346030985840029e-01,9.450345846348752188e-01,9.453117207481808171e-01,9.453235908633854656e-01,9.453241723991578915e-01,9.453214660333884023e-01,9.452851755257278832e-01,9.446441438009696157e-01,9.999999999999993339e-01,9.446441535554618296e-01,9.452852033952112709e-01,9.453215457929019516e-01,9.453244480331031152e-01,9.453249456713812560e-01,9.453250528551272458e-01,9.453250390368772571e-01,9.453248547030372873e-01,9.453237746635061445e-01,9.453117824922765422e-01,9.450346091707029217e-01,9.450346017624532413e-01,9.453117622941057396e-01,9.453237183678090405e-01,9.453246795466749841e-01,9.453243736990014634e-01,9.453215213886569934e-01,9.452851958578303293e-01,9.446441535554618296e-01,9.999999999999993339e-01,9.446441570916724872e-01,9.452852053711815472e-01,9.453215457929020626e-01,9.453244439475015914e-01,9.453249307751185881e-01,9.453250029245280350e-01,9.453248431606251501e-01,9.453237714448141649e-01,9.453117824827992344e-01,9.450346105151099518e-01,9.450346084982614858e-01,9.453117772876313829e-01,9.453237579275304281e-01,9.453248050736002828e-01,9.453248788698734861e-01,9.453244270765480683e-01,9.453215397324196134e-01,9.452852033952112709e-01,9.446441570916724872e-01,9.999999999999993339e-01,9.446441570916724872e-01,9.452852033952113819e-01,9.453215397324197244e-01,9.453244270765488455e-01,9.453248788698738192e-01,9.453248050736005048e-01,9.453237579275303171e-01,9.453117772876312719e-01,9.450346084982610417e-01,9.450346105151106180e-01,9.453117824827995674e-01,9.453237714448142759e-01,9.453248431606248170e-01,9.453250029245277020e-01,9.453249307751178110e-01,9.453244439475014804e-01,9.453215457929019516e-01,9.452852053711815472e-01,9.446441570916724872e-01,9.999999999999993339e-01,9.446441535554621627e-01,9.452851958578305513e-01,9.453215213886579926e-01,9.453243736990019075e-01,9.453246795466754282e-01,9.453237183678090405e-01,9.453117622941058507e-01,9.450346017624527972e-01,9.450346091707034768e-01,9.453117824922767642e-01,9.453237746635062555e-01,9.453248547030370652e-01,9.453250390368768130e-01,9.453250528551265797e-01,9.453249456713812560e-01,9.453244480331031152e-01,9.453215457929020626e-01,9.452852033952113819e-01,9.446441535554621627e-01,9.999999999999993339e-01,9.446441438009698377e-01,9.452851755257287714e-01,9.453214660333890684e-01,9.453241723991584466e-01,9.453235908633854656e-01,9.453117207481809281e-01,9.450345846348747747e-01,9.450346030985845580e-01,9.453117770449650514e-01,9.453237705864745433e-01,9.453248538360270459e-01,9.453250464936824304e-01,9.453250848818892660e-01,9.453250636658027117e-01,9.453249456713812560e-01,9.453244439475015914e-01,9.453215397324197244e-01,9.452851958578305513e-01,9.446441438009698377e-01,9.999999999999993339e-01,9.446441187611949175e-01,9.452851160443282996e-01,9.453212606360158476e-01,9.453230796185190243e-01,9.453115891223757838e-01,9.450345385869460824e-01,9.450345858998243642e-01,9.453117601513612023e-01,9.453237543279492394e-01,9.453248389482551417e-01,9.453250348159837335e-01,9.453250815280171970e-01,9.453250848818900431e-01,9.453250528551272458e-01,9.453249307751185881e-01,9.453244270765488455e-01,9.453215213886579926e-01,9.452851755257287714e-01,9.446441187611949175e-01,9.999999999999993339e-01,9.446440466783223577e-01,9.452848996877293297e-01,9.453201569796548798e-01,9.453110669286636236e-01,9.450343948786698034e-01,9.450345335098048194e-01,9.453117079085019414e-01,9.453237023995828547e-01,9.453247876553549922e-01,9.453249848938712896e-01,9.453250348159835115e-01,9.453250464936828745e-01,9.453250390368772571e-01,9.453250029245280350e-01,9.453248788698738192e-01,9.453243736990019075e-01,9.453214660333890684e-01,9.452851160443282996e-01,9.446440466783223577e-01,9.999999999999993339e-01,9.446437888805512273e-01,9.452837602090043978e-01,9.453081085140585538e-01,9.450338328271306043e-01,9.450343351266063951e-01,9.453115095564743608e-01,9.453235042105067043e-01,9.453245897813411514e-01,9.453247876553547702e-01,9.453248389482549197e-01,9.453248538360271569e-01,9.453248547030372873e-01,9.453248431606251501e-01,9.453248050736005048e-01,9.453246795466754282e-01,9.453241723991584466e-01,9.453212606360158476e-01,9.452848996877293297e-01,9.446437888805512273e-01,9.999999999999993339e-01,9.446424706536282745e-01,9.452715571467444899e-01,9.450307032011315833e-01,9.450332495812675537e-01,9.453104237439549085e-01,9.453224184753745707e-01,9.453235042105064823e-01,9.453237023995824106e-01,9.453237543279486843e-01,9.453237705864745433e-01,9.453237746635061445e-01,9.453237714448141649e-01,9.453237579275303171e-01,9.453237183678090405e-01,9.453235908633854656e-01,9.453230796185190243e-01,9.453201569796548798e-01,9.452837602090043978e-01,9.446424706536282745e-01,9.999999999999993339e-01,9.446290465453651697e-01,9.449929851312235396e-01,9.450212584362712720e-01,9.452984291124071348e-01,9.453104237439547974e-01,9.453115095564743608e-01,9.453117079085013863e-01,9.453117601513605361e-01,9.453117770449647184e-01,9.453117824922765422e-01,9.453117824827992344e-01,9.453117772876312719e-01,9.453117622941058507e-01,9.453117207481809281e-01,9.453115891223757838e-01,9.453110669286636236e-01,9.453081085140585538e-01,9.452715571467444899e-01,9.446290465453651697e-01,9.999999999999993339e-01,9.443324373294349483e-01,9.447441690111242352e-01,9.450212584362708279e-01,9.450332495812669986e-01,9.450343351266057290e-01,9.450345335098042643e-01,9.450345858998236981e-01,9.450346030985840029e-01,9.450346091707029217e-01,9.450346105151099518e-01,9.450346084982610417e-01,9.450346017624527972e-01,9.450345846348747747e-01,9.450345385869460824e-01,9.450343948786698034e-01,9.450338328271306043e-01,9.450307032011315833e-01,9.449929851312235396e-01,9.443324373294349483e-01,9.999999999999993339e-01
9.999999999999911182e-01,9.974621870466753304e-01,9.974689664250565579e-01,9.974666781344985189e-01,9.974666318233151863e-01,9.974666337990022447e-01,9.974666367367219788e-01,9.974666383907304645e-01,9.974666391233475427e-01,9.974666392059422515e-01,9.974666386335474533e-01,9.974666370264919646e-01,9.974666331959104459e-01,9.974666235720314189e-01,9.974665960227454553e-01,9.974665006129644906e-01,9.974660603834281103e-01,9.974613439073205523e-01,9.973206377906616016e-01,9.974621870466753304e-01,9.999999999999911182e-01,9.976076466393525299e-01,9.976099714863144730e-01,9.976074855037183609e-01,9.976073831608047726e-01,9.976073693027361911e-01,9.976073669583832570e-01,9.976073665199611806e-01,9.976073662023721145e-01,9.976073654755477360e-01,9.976073638026657919e-01,9.976073599413625148e-01,9.976073503012955479e-01,9.976073227404209653e-01,9.976072273129862333e-01,9.976067870189634368e-01,9.976020698760510452e-01,9.974613439073203303e-01,9.974689664250565579e-01,9.976076466393525299e-01,9.999999999999911182e-01,9.976128050364202471e-01,9.976147760250204666e-01,9.976122294772150623e-01,9.976121097871650800e-01,9.976120902182880057e-01,9.976120856388447367e-01,9.976120840957533042e-01,9.976120829455193961e-01,9.976120811074306038e-01,9.976120771750488503e-01,9.976120675018341766e-01,9.976120399243548764e-01,9.976119444877999953e-01,9.976115041869134670e-01,9.976067870189632147e-01,9.974660603834276662e-01,9.974666781344985189e-01,9.976099714863144730e-01,9.976128050364202471e-01,9.999999999999911182e-01,9.976133408703118377e-01,9.976152431517871788e-01,9.976126793062495279e-01,9.976125538546433136e-01,9.976125320342599245e-01,9.976125263444309832e-01,9.976125239664630495e-01,9.976125217039996107e-01,9.976125176059603694e-01,9.976125078614495045e-01,9.976124802507311262e-01,9.976123847975894021e-01,9.976119444878003284e-01,9.976072273129861223e-01,9.974665006129647127e-01,9.974666318233151863e-01,9.976074855037183609e-01,9.976147760250204666e-01,9.976133408703118377e-01,9.999999999999911182e-01,9.976134638519261744e-01,9.976153480251513939e-01,9.976127784996282610e-01,9.976126507981762925e-01,9.976126278670398584e-01,9.976126213421052658e-01,9.976126178517998877e-01,9.976126133293349296e-01,9.976126034191414860e-01,9.976125757371151481e-01,9.976124802507310152e-01,9.976120399243552095e-01,9.976073227404209653e-01,9.974665960227455663e-01,9.974666337990022447e-01,9.976073831608047726e-01,9.976122294772150623e-01,9.976152431517871788e-01,9.976134638519261744e-01,9.999999999999911182e-01,9.976135010017992411e-01,9.976153793137236825e-01,9.976128075662893391e-01,9.976126787552607178e-01,9.976126549890822481e-01,9.976126473517974436e-01,9.976126416014787779e-01,9.976126312668534002e-01,9.976126034191413749e-01,9.976125078614493935e-01,9.976120675018345096e-01,9.976073503012954369e-01,9.974666235720315299e-01,9.974666367367219788e-01,9.976073693027361911e-01,9.976121097871650800e-01,9.976126793062495279e-01,9.976153480251513939e-01,9.976135010017992411e-01,9.999999999999911182e-01,9.976135143971508468e-01,9.976153904318321164e-01,9.976128175852997382e-01,9.976126879397387848e-01,9.976126630612546231e-01,9.976126531639588624e-01,9.976126416014786669e-01,9.976126133293349296e-01,9.976125176059602584e-01,9.976120771750492944e-01,9.976073599413625148e-01,9.974666331959105570e-01,9.974666383907304645e-01,9.976073669583832570e-01,9.976120902182880057e-01,9.976125538546433136e-01,9.976127784996282610e-01,9.976153793137236825e-01,9.976135143971508468e-01,9.999999999999911182e-01,9.976135197186853931e-01,9.976153946344078483e-01,9.976128209574138817e-01,9.976126901997361962e-01,9.976126630612546231e-01,9.976126473517973325e-01,9.976126178517998877e-01,9.976125217039994997e-01,9.976120811074310479e-01,9.976073638026656809e-01,9.974666370264921866e-01,9.974666391233475427e-01,9.976073665199611806e-01,9.976120856388447367e-01,9.976125320342599245e-01,9.976126507981762925e-01,9.976128075662893391e-01,9.976153904318321164e-01,9.976135197186853931e-01,9.999999999999911182e-01,9.976135216670491968e-01,9.976153957454354515e-01,9.976128209574138817e-01,9.976126879397388958e-01,9.976126549890821371e-01,9.976126213421052658e-01,9.976125239664627165e-01,9.976120829455199512e-01,9.976073654755478470e-01,9.974666386335475643e-01,9.974666392059422515e-01,9.976073662023721145e-01,9.976120840957533042e-01,9.976125263444309832e-01,9.976126278670398584e-01,9.976126787552607178e-01,9.976128175852997382e-01,9.976153946344078483e-01,9.976135216670491968e-01,9.999999999999911182e-01,9.976135216670490857e-01,9.976153946344078483e-01,9.976128175852997382e-01,9.976126787552606068e-01,9.976126278670398584e-01,9.976125263444308722e-01,9.976120840957539704e-01,9.976073662023722255e-01,9.974666392059423625e-01,9.974666386335474533e-01,9.976073654755477360e-01,9.976120829455193961e-01,9.976125239664630495e-01,9.976126213421052658e-01,9.976126549890822481e-01,9.976126879397387848e-01,9.976128209574138817e-01,9.976153957454354515e-01,9.976135216670490857e-01,9.999999999999911182e-01,9.976135197186853931e-01,9.976153904318322274e-01,9.976128075662892281e-01,9.976126507981762925e-01,9.976125320342598135e-01,9.976120856388454028e-01,9.976073665199612917e-01,9.974666391233476537e-01,9.974666370264919646e-01,9.976073638026657919e-01,9.976120811074306038e-01,9.976125217039996107e-01,9.976126178517998877e-01,9.976126473517974436e-01,9.976126630612546231e-01,9.976126901997361962e-01,9.976128209574138817e-01,9.976153946344078483e-01,9.976135197186853931e-01,9.999999999999911182e-01,9.976135143971509578e-01,9.976153793137236825e-01,9.976127784996283721e-01,9.976125538546433136e-01,9.976120902182886718e-01,9.976073669583835901e-01,9.974666383907306866e-01,9.974666331959104459e-01,9.976073599413625148e-01,9.976120771750488503e-01,9.976125176059603694e-01,9.976126133293349296e-01,9.976126416014787779e-01,9.976126531639588624e-01,9.976126630612546231e-01,9.976126879397388958e-01,9.976128175852997382e-01,9.976153904318322274e-01,9.976135143971509578e-01,9.999999999999911182e-01,9.976135010017993521e-01,9.976153480251515049e-01,9.976126793062495279e-01,9.976121097871658572e-01,9.976073693027365241e-01,9.974666367367223119e-01,9.974666235720314189e-01,9.976073503012955479e-01,9.976120675018341766e-01,9.976125078614495045e-01,9.976126034191414860e-01,9.976126312668534002e-01,9.976126416014786669e-01,9.976126473517973325e-01,9.976126549890821371e-01,9.976126787552606068e-01,9.976128075662892281e-01,9.976153793137236825e-01,9.976135010017993521e-01,9.999999999999911182e-01,9.976134638519265074e-01,9.976152431517871788e-01,9.976122294772157284e-01,9.976073831608046616e-01,9.974666337990022447e-01,9.974665960227454553e-01,9.976073227404209653e-01,9.976120399243548764e-01,9.976124802507311262e-01,9.976125757371151481e-01,9.976126034191413749e-01,9.976126133293349296e-01,9.976126178517998877e-01,9.976126213421052658e-01,9.976126278670398584e-01,9.976126507981762925e-01,9.976127784996283721e-01,9.976153480251515049e-01,9.976134638519265074e-01,9.999999999999911182e-01,9.976133408703120597e-01,9.976147760250210217e-01,9.976074855037185829e-01,9.974666318233154083e-01,9.974665006129644906e-01,9.976072273129862333e-01,9.976119444877999953e-01,9.976123847975894021e-01,9.976124802507310152e-01,9.976125078614493935e-01,9.976125176059602584e-01,9.976125217039994997e-01,9.976125239664627165e-01,9.976125263444308722e-01,9.976125320342598135e-01,9.976125538546433136e-01,9.976126793062495279e-01,9.976152431517871788e-01,9.976133408703120597e-01,9.999999999999911182e-01,9.976128050364208022e-01,9.976099714863144730e-01,9.974666781344987410e-01,9.974660603834281103e-01,9.976067870189634368e-01,9.976115041869134670e-01,9.976119444878003284e-01,9.976120399243552095e-01,9.976120675018345096e-01,9.976120771750492944e-01,9.976120811074310479e-01,9.976120829455199512e-01,9.976120840957539704e-01,9.976120856388454028e-01,9.976120902182886718e-01,9.976121097871658572e-01,9.976122294772157284e-01,9.976147760250210217e-01,9.976128050364208022e-01,9.999999999999911182e-01,9.976076466393526410e-01,9.974689664250570020e-01,9.974613439073205523e-01,9.976020698760510452e-01,9.976067870189632147e-01,9.976072273129861223e-01,9.976073227404209653e-01,9.976073503012954369e-01,9.976073599413625148e-01,9.976073638026656809e-01,9.976073654755478470e-01,9.976073662023722255e-01,9.976073665199612917e-01,9.976073669583835901e-01,9.976073693027365241e-01,9.976073831608046616e-01,9.976074855037185829e-01,9.976099714863144730e-01,9.976076466393526410e-01,9.999999999999911182e-01,9.974621870466755524e-01,9.973206377906616016e-01,9.974613439073203303e-01,9.974660603834276662e-01,9.974665006129647127e-01,9.974665960227455663e-01,9.974666235720315299e-01,9.974666331959105570e-01,9.974666370264921866e-01,9.974666386335475643e-01,9.974666392059423625e-01,9.974666391233476537e-01,9.974666383907306866e-01,9.974666367367223119e-01,9.974666337990022447e-01,9.974666318233154083e-01,9.974666781344987410e-01,9.974689664250570020e-01,9.974621870466755524e-01,9.999999999999911182e-01
9.999999999999846789e-01,9.370134416730566684e-01,9.379204428647609504e-01,9.379003553436531249e-01,9.379001417614818426e-01,9.378999663240026319e-01,9.378998959843499739e-01,9.378998682280652588e-01,9.378998568680849690e-01,9.378998526807315050e-01,9.378998527175005373e-01,9.378998570376780863e-01,9.378998688412989448e-01,9.378998984479138823e-01,9.378999782966404020e-01,9.379002123502107047e-01,9.379007661164026066e-01,9.379081224696510510e-01,9.382948904755016306e-01,9.370134416730566684e-01,9.999999999999846789e-01,9.366069613274592420e-01,9.375321413228712153e-01,9.375134065510200010e-01,9.375134338454731431e-01,9.375133249459189910e-01,9.375132763637397115e-01,9.375132570994776371e-01,9.375132498672983372e-01,9.375132486476469573e-01,9.375132524093758857e-01,9.375132639448482408e-01,9.375132934073791002e-01,9.375133731537439452e-01,9.375136070726374227e-01,9.375141605887481466e-01,9.375215138969203998e-01,9.379081224696508290e-01,9.379204428647609504e-01,9.366069613274592420e-01,9.999999999999846789e-01,9.365988052973572842e-01,9.375244827067461539e-01,9.375059674029989631e-01,9.375060495215048473e-01,9.375059591474115273e-01,9.375059179539103615e-01,9.375059023854894757e-01,9.375058979325461284e-01,9.375059003487201670e-01,9.375059112817620832e-01,9.375059404559559217e-01,9.375060200556427636e-01,9.375062538948190083e-01,9.375068073632002452e-01,9.375141605887484797e-01,9.379007661164027176e-01,9.379003553436531249e-01,9.375321413228712153e-01,9.365988052973572842e-01,9.999999999999846789e-01,9.365979933105841315e-01,9.375238429196488532e-01,9.375053835014329762e-01,9.375054836712415351e-01,9.375054005387242206e-01,9.375053629877858619e-01,9.375053501770876929e-01,9.375053493503742175e-01,9.375053589332318360e-01,9.375053875026498895e-01,9.375054668128544044e-01,9.375057005050780878e-01,9.375062538948187862e-01,9.375136070726375337e-01,9.379002123502105936e-01,9.379001417614818426e-01,9.375134065510200010e-01,9.375244827067461539e-01,9.365979933105841315e-01,9.999999999999846789e-01,9.365976696698865567e-01,9.375235779380407530e-01,9.375051372056568688e-01,9.375052446224709790e-01,9.375051651280176257e-01,9.375051303322432528e-01,9.375051211465826873e-01,9.375051274859813599e-01,9.375051547049263467e-01,9.375052334102009777e-01,9.375054668128546265e-01,9.375060200556428747e-01,9.375133731537443893e-01,9.378999782966406240e-01,9.378999663240026319e-01,9.375134338454731431e-01,9.375059674029989631e-01,9.375238429196488532e-01,9.365976696698865567e-01,9.999999999999846789e-01,9.365975565495119337e-01,9.375234855247956967e-01,9.375050522406299658e-01,9.375051633041071586e-01,9.375050865652782006e-01,9.375050553943896636e-01,9.375050533747278925e-01,9.375050773501527601e-01,9.375051547049264578e-01,9.375053875026503336e-01,9.375059404559562548e-01,9.375132934073797664e-01,9.378998984479143264e-01,9.378998959843499739e-01,9.375133249459189910e-01,9.375060495215048473e-01,9.375053835014329762e-01,9.375235779380407530e-01,9.365975565495119337e-01,9.999999999999846789e-01,9.365975132893017419e-01,9.375234506186326255e-01,9.375050210537905215e-01,9.375051348768282944e-01,9.375050617632508798e-01,9.375050377583740158e-01,9.375050533747276704e-01,9.375051274859812489e-01,9.375053589332320580e-01,9.375059112817620832e-01,9.375132639448486849e-01,9.378998688412990559e-01,9.378998682280652588e-01,9.375132763637397115e-01,9.375059591474115273e-01,9.375054836712415351e-01,9.375051372056568688e-01,9.375234855247956967e-01,9.365975132893017419e-01,9.999999999999846789e-01,9.365974955949339931e-01,9.375234370386124061e-01,9.375050102609399083e-01,9.375051277107054881e-01,9.375050617632503247e-01,9.375050553943891085e-01,9.375051211465822432e-01,9.375053493503741064e-01,9.375059003487197229e-01,9.375132524093758857e-01,9.378998570376777533e-01,9.378998568680849690e-01,9.375132570994776371e-01,9.375059179539103615e-01,9.375054005387242206e-01,9.375052446224709790e-01,9.375050522406299658e-01,9.375234506186326255e-01,9.365974955949339931e-01,9.999999999999846789e-01,9.365974890226966831e-01,9.375234334045742246e-01,9.375050102609401304e-01,9.375051348768278503e-01,9.375050865652778675e-01,9.375051303322426977e-01,9.375053501770875819e-01,9.375058979325457953e-01,9.375132486476470683e-01,9.378998527175004263e-01,9.378998526807315050e-01,9.375132498672983372e-01,9.375059023854894757e-01,9.375053629877858619e-01,9.375051651280176257e-01,9.375051633041071586e-01,9.375050210537905215e-01,9.375234370386124061e-01,9.365974890226966831e-01,9.999999999999846789e-01,9.365974890226964611e-01,9.375234370386125171e-01,9.375050210537900774e-01,9.375051633041064925e-01,9.375051651280169596e-01,9.375053629877856398e-01,9.375059023854890317e-01,9.375132498672984482e-01,9.378998526807312830e-01,9.378998527175005373e-01,9.375132486476469573e-01,9.375058979325461284e-01,9.375053501770876929e-01,9.375051303322432528e-01,9.375050865652782006e-01,9.375051348768282944e-01,9.375050102609399083e-01,9.375234334045742246e-01,9.365974890226964611e-01,9.999999999999846789e-01,9.365974955949338820e-01,9.375234506186319594e-01,9.375050522406294107e-01,9.375052446224702019e-01,9.375054005387238876e-01,9.375059179539098064e-01,9.375132570994775261e-01,9.378998568680846359e-01,9.378998570376780863e-01,9.375132524093758857e-01,9.375059003487201670e-01,9.375053493503742175e-01,9.375051211465826873e-01,9.375050553943896636e-01,9.375050617632508798e-01,9.375051277107054881e-01,9.375050102609401304e-01,9.375234370386125171e-01,9.365974955949338820e-01,9.999999999999846789e-01,9.365975132893010757e-01,9.375234855247951415e-01,9.375051372056562027e-01,9.375054836712410911e-01,9.375059591474110832e-01,9.375132763637398225e-01,9.378998682280650367e-01,9.378998688412989448e-01,9.375132639448482408e-01,9.375059112817620832e-01,9.375053589332318360e-01,9.375051274859813599e-01,9.375050533747278925e-01,9.375050377583740158e-01,9.375050617632503247e-01,9.375051348768278503e-01,9.375050210537900774e-01,9.375234506186319594e-01,9.365975132893010757e-01,9.999999999999846789e-01,9.365975565495109345e-01,9.375235779380397538e-01,9.375053835014321990e-01,9.375060495215039591e-01,9.375133249459184359e-01,9.378998959843495298e-01,9.378998984479138823e-01,9.375132934073791002e-01,9.375059404559559217e-01,9.375053875026498895e-01,9.375051547049263467e-01,9.375050773501527601e-01,9.375050533747276704e-01,9.375050553943891085e-01,9.375050865652778675e-01,9.375051633041064925e-01,9.375050522406294107e-01,9.375234855247951415e-01,9.365975565495109345e-01,9.999999999999846789e-01,9.365976696698854465e-01,9.375238429196480761e-01,9.375059674029977419e-01,9.375134338454725880e-01,9.378999663240018547e-01,9.378999782966404020e-01,9.375133731537439452e-01,9.375060200556427636e-01,9.375054668128544044e-01,9.375052334102009777e-01,9.375051547049264578e-01,9.375051274859812489e-01,9.375051211465822432e-01,9.375051303322426977e-01,9.375051651280169596e-01,9.375052446224702019e-01,9.375051372056562027e-01,9.375235779380397538e-01,9.365976696698854465e-01,9.999999999999846789e-01,9.365979933105832433e-01,9.375244827067451547e-01,9.375134065510196679e-01,9.379001417614811764e-01,9.379002123502107047e-01,9.375136070726374227e-01,9.375062538948190083e-01,9.375057005050780878e-01,9.375054668128546265e-01,9.375053875026503336e-01,9.375053589332320580e-01,9.375053493503741064e-01,9.375053501770875819e-01,9.375053629877856398e-01,9.375054005387238876e-01,9.375054836712410911e-01,9.375053835014321990e-01,9.375238429196480761e-01,9.365979933105832433e-01,9.999999999999846789e-01,9.365988052973568401e-01,9.375321413228711043e-01,9.379003553436526808e-01,9.379007661164026066e-01,9.375141605887481466e-01,9.375068073632002452e-01,9.375062538948187862e-01,9.375060200556428747e-01,9.375059404559562548e-01,9.375059112817620832e-01,9.375059003487197229e-01,9.375058979325457953e-01,9.375059023854890317e-01,9.375059179539098064e-01,9.375059591474110832e-01,9.375060495215039591e-01,9.375059674029977419e-01,9.375244827067451547e-01,9.365988052973568401e-01,9.999999999999846789e-01,9.366069613274589090e-01,9.379204428647602843e-01,9.379081224696510510e-01,9.375215138969203998e-01,9.375141605887484797e-01,9.375136070726375337e-01,9.375133731537443893e-01,9.375132934073797664e-01,9.375132639448486849e-01,9.375132524093758857e-01,9.375132486476470683e-01,9.375132498672984482e-01,9.375132570994775261e-01,9.375132763637398225e-01,9.375133249459184359e-01,9.375134338454725880e-01,9.375134065510196679e-01,9.375321413228711043e-01,9.366069613274589090e-01,9.999999999999846789e-01,9.370134416730561133e-01,9.382948904755016306e-01,9.379081224696508290e-01,9.379007661164027176e-01,9.379002123502105936e-01,9.378999782966406240e-01,9.378998984479143264e-01,9.378998688412990559e-01,9.378998570376777533e-01,9.378998527175004263e-01,9.378998526807312830e-01,9.378998568680846359e-01,9.378998682280650367e-01,9.378998959843495298e-01,9.378999663240018547e-01,9.379001417614811764e-01,9.379003553436526808e-01,9.379204428647602843e-01,9.370134416730561133e-01,9.999999999999846789e-01
