1.000000000000000000e+00,1.000000000000000000e+00,1.000000000000000000e+00,1.000000000000000000e+00,1.000000000000000000e+00,1.000000000000000000e+00,1.000000000000000000e+00,1.000000000000000000e+00,1.000000000000000000e+00,1.000000000000000000e+00,1.000000000000000000e+00,1.000000000000000000e+00,1.000000000000000000e+00,1.000000000000000000e+00,1.000000000000000000e+00,1.000000000000000000e+00,1.000000000000000000e+00,1.000000000000000000e+00,1.000000000000000000e+00,1.000000000000000000e+00,1.000000000000000000e+00,1.000000000000000000e+00,1.000000000000000000e+00,1.000000000000000000e+00,1.000000000000000000e+00
1.000000000000003331e+00,9.815504890562243290e-01,9.816595862379240423e-01,9.816192687632359082e-01,9.836165251571925561e-01,9.815504890562243290e-01,1.000000000000003331e+00,9.794678156568499272e-01,9.797356967490676860e-01,9.816192687632359082e-01,9.816595862379240423e-01,9.794678156568499272e-01,1.000000000000003331e+00,9.794678156568498162e-01,9.816595862379239312e-01,9.816192687632359082e-01,9.797356967490676860e-01,9.794678156568498162e-01,1.000000000000003331e+00,9.815504890562239959e-01,9.836165251571925561e-01,9.816192687632359082e-01,9.816595862379239312e-01,9.815504890562239959e-01,1.000000000000003331e+00
9.999999999999881206e-01,8.867265550181290257e-01,8.943492078631731790e-01,8.892076651108020702e-01,8.352642796541915882e-01,8.867265550181290257e-01,9.999999999999881206e-01,9.510197989736619562e-01,9.458096676691367666e-01,8.892076651108021812e-01,8.943492078631731790e-01,9.510197989736619562e-01,9.999999999999881206e-01,9.510197989736636215e-01,8.943492078631745112e-01,8.892076651108020702e-01,9.458096676691367666e-01,9.510197989736636215e-01,9.999999999999881206e-01,8.867265550181320233e-01,8.352642796541915882e-01,8.892076651108021812e-01,8.943492078631745112e-01,8.867265550181320233e-01,9.999999999999881206e-01
9.999999999999933387e-01,8.502228128125488560e-01,8.288100883963682719e-01,8.567321199167992063e-01,8.194080215094747821e-01,8.502228128125488560e-01,9.999999999999933387e-01,8.352401854969420114e-01,8.967677488426706311e-01,8.567321199168016488e-01,8.288100883963682719e-01,8.352401854969420114e-01,9.999999999999933387e-01,8.352401854969386807e-01,8.288100883963683829e-01,8.567321199167992063e-01,8.967677488426706311e-01,8.352401854969386807e-01,9.999999999999933387e-01,8.502228128125451923e-01,8.194080215094747821e-01,8.567321199168016488e-01,8.288100883963683829e-01,8.502228128125451923e-01,9.999999999999933387e-01
9.999999999999857891e-01,4.809789904948059691e-01,5.454502602833914970e-01,5.591846785207758019e-01,4.074256122930000057e-01,4.809789904948059691e-01,9.999999999999857891e-01,7.335634352795586954e-01,9.067882878300291827e-01,5.591846785207766901e-01,5.454502602833914970e-01,7.335634352795586954e-01,9.999999999999857891e-01,7.335634352795575852e-01,5.454502602833941616e-01,5.591846785207758019e-01,9.067882878300291827e-01,7.335634352795575852e-01,9.999999999999857891e-01,4.809789904948047479e-01,4.074256122930000057e-01,5.591846785207766901e-01,5.454502602833941616e-01,4.809789904948047479e-01,9.999999999999857891e-01
9.999999999999913403e-01,1.801280286027520661e-01,4.296392289228110339e-01,3.646794384330400707e-01,2.030497761220516062e-01,1.801280286027520661e-01,9.999999999999913403e-01,5.633103426662504631e-01,7.475443656858389296e-01,3.646794384330386274e-01,4.296392289228110339e-01,5.633103426662504631e-01,9.999999999999913403e-01,5.633103426662526836e-01,4.296392289228118111e-01,3.646794384330400707e-01,7.475443656858389296e-01,5.633103426662526836e-01,9.999999999999913403e-01,1.801280286027565347e-01,2.030497761220516062e-01,3.646794384330386274e-01,4.296392289228118111e-01,1.801280286027565347e-01,9.999999999999913403e-01
9.999999999999915623e-01,4.799262107564833402e-02,2.675341673713842461e-01,1.346986121888028576e-01,4.168770182695875071e-01,4.799262107564833402e-02,9.999999999999915623e-01,-9.034203182433215434e-03,7.317131622926532630e-01,1.346986121888130716e-01,2.675341673713842461e-01,-9.034203182433215434e-03,9.999999999999915623e-01,-9.034203182433094004e-03,2.675341673713855783e-01,1.346986121888028576e-01,7.317131622926532630e-01,-9.034203182433094004e-03,9.999999999999915623e-01,4.799262107565804847e-02,4.168770182695875071e-01,1.346986121888130716e-01,2.675341673713855783e-01,4.799262107565804847e-02,9.999999999999915623e-01
9.999999999999866773e-01,-5.281114135425464262e-01,1.575297139823465808e-01,-4.508754214322135967e-01,6.044504248616058284e-01,-5.281114135425464262e-01,9.999999999999866773e-01,5.753851587081372509e-02,9.099683940596465792e-01,-4.508754214322134302e-01,1.575297139823465808e-01,5.753851587081372509e-02,9.999999999999866773e-01,5.753851587081341978e-02,1.575297139823452763e-01,-4.508754214322135967e-01,9.099683940596465792e-01,5.753851587081341978e-02,9.999999999999866773e-01,-5.281114135425458711e-01,6.044504248616058284e-01,-4.508754214322134302e-01,1.575297139823452763e-01,-5.281114135425458711e-01,9.999999999999866773e-01
9.999999999999864553e-01,-6.129198322204010285e-01,2.438127037248803974e-01,-3.292497421966504301e-01,3.271892096245514470e-01,-6.129198322204010285e-01,9.999999999999864553e-01,-1.671072648064577115e-01,5.139118641445725721e-01,-3.292497421966491533e-01,2.438127037248803974e-01,-1.671072648064577115e-01,9.999999999999864553e-01,-1.671072648064589883e-01,2.438127037248826179e-01,-3.292497421966504301e-01,5.139118641445725721e-01,-1.671072648064589883e-01,9.999999999999864553e-01,-6.129198322204096883e-01,3.271892096245514470e-01,-3.292497421966491533e-01,2.438127037248826179e-01,-6.129198322204096883e-01,9.999999999999864553e-01
9.999999999999866773e-01,-4.829717378039546372e-01,1.266532982112906769e-01,1.320272563899006490e-01,-1.421975818882837694e-01,-4.829717378039546372e-01,9.999999999999866773e-01,-1.607312465908059540e-01,1.944342413030882011e-01,1.320272563898948481e-01,1.266532982112906769e-01,-1.607312465908059540e-01,9.999999999999866773e-01,-1.607312465908055099e-01,1.266532982112900940e-01,1.320272563899006490e-01,1.944342413030882011e-01,-1.607312465908055099e-01,9.999999999999866773e-01,-4.829717378039643516e-01,-1.421975818882837694e-01,1.320272563898948481e-01,1.266532982112900940e-01,-4.829717378039643516e-01,9.999999999999866773e-01
9.999999999999860112e-01,-4.470995127224358656e-01,2.498651938456139532e-01,1.027415019859678758e-01,-7.676392334803860962e-02,-4.470995127224358656e-01,9.999999999999860112e-01,-5.346740551135122088e-02,3.504897066922962878e-01,1.027415019859717338e-01,2.498651938456139532e-01,-5.346740551135122088e-02,9.999999999999860112e-01,-5.346740551134751551e-02,2.498651938456131205e-01,1.027415019859678758e-01,3.504897066922962878e-01,-5.346740551134751551e-02,9.999999999999860112e-01,-4.470995127224312027e-01,-7.676392334803860962e-02,1.027415019859717338e-01,2.498651938456131205e-01,-4.470995127224312027e-01,9.999999999999860112e-01
9.999999999999816813e-01,-4.337932951983541896e-01,4.607104954434969590e-01,-2.085111267341521746e-01,3.500379603139859297e-01,-4.337932951983541896e-01,9.999999999999816813e-01,-5.565184681407399081e-01,5.780538235878269759e-01,-2.085111267341464014e-01,4.607104954434969590e-01,-5.565184681407399081e-01,9.999999999999816813e-01,-5.565184681407335798e-01,4.607104954434864119e-01,-2.085111267341521746e-01,5.780538235878269759e-01,-5.565184681407335798e-01,9.999999999999816813e-01,-4.337932951983450303e-01,3.500379603139859297e-01,-2.085111267341464014e-01,4.607104954434864119e-01,-4.337932951983450303e-01,9.999999999999816813e-01
9.999999999999839018e-01,-6.206425141403409951e-01,5.848347420792203710e-01,-4.726981282580524635e-01,7.081494149868300392e-01,-6.206425141403409951e-01,9.999999999999839018e-01,-5.192735151139127314e-01,5.642216898627921973e-01,-4.726981282580502985e-01,5.848347420792203710e-01,-5.192735151139127314e-01,9.999999999999839018e-01,-5.192735151139136196e-01,5.848347420792164852e-01,-4.726981282580524635e-01,5.642216898627921973e-01,-5.192735151139136196e-01,9.999999999999839018e-01,-6.206425141403379975e-01,7.081494149868300392e-01,-4.726981282580502985e-01,5.848347420792164852e-01,-6.206425141403379975e-01,9.999999999999839018e-01
9.999999999999827915e-01,-4.676836862850554111e-01,2.550831400293950280e-01,-4.254114632526506679e-02,2.410798272827548994e-01,-4.676836862850554111e-01,9.999999999999827915e-01,-3.379776813965987836e-01,4.969592488619399839e-01,-4.254114632527211670e-02,2.550831400293950280e-01,-3.379776813965987836e-01,9.999999999999827915e-01,-3.379776813965967852e-01,2.550831400293935847e-01,-4.254114632526506679e-02,4.969592488619399839e-01,-3.379776813965967852e-01,9.999999999999827915e-01,-4.676836862850604626e-01,2.410798272827548994e-01,-4.254114632527211670e-02,2.550831400293935847e-01,-4.676836862850604626e-01,9.999999999999827915e-01
9.999999999999855671e-01,-3.698940296242824166e-01,1.079625802984932603e-01,1.448911163761850973e-01,-1.693516955911188449e-01,-3.698940296242824166e-01,9.999999999999855671e-01,-4.232608689373004163e-01,4.109990828817240982e-01,1.448911163761768817e-01,1.079625802984932603e-01,-4.232608689373004163e-01,9.999999999999855671e-01,-4.232608689373081878e-01,1.079625802985061528e-01,1.448911163761850973e-01,4.109990828817240982e-01,-4.232608689373081878e-01,9.999999999999855671e-01,-3.698940296242887449e-01,-1.693516955911188449e-01,1.448911163761768817e-01,1.079625802985061528e-01,-3.698940296242887449e-01,9.999999999999855671e-01
9.999999999999824585e-01,-6.979290343154413989e-01,2.262402193610624224e-03,-2.715787292697274813e-01,1.976996889480863717e-01,-6.979290343154413989e-01,9.999999999999824585e-01,-8.959702120878398901e-02,4.144756848018683604e-01,-2.715787292697329214e-01,2.262402193610624224e-03,-8.959702120878398901e-02,9.999999999999824585e-01,-8.959702120878716702e-02,2.262402193618284763e-03,-2.715787292697274813e-01,4.144756848018683604e-01,-8.959702120878716702e-02,9.999999999999824585e-01,-6.979290343154469500e-01,1.976996889480863717e-01,-2.715787292697329214e-01,2.262402193618284763e-03,-6.979290343154469500e-01,9.999999999999824585e-01
9.999999999999814593e-01,-7.322549443885055798e-01,1.390195974097346854e-02,-5.123602009554156789e-01,6.883854948753375114e-01,-7.322549443885055798e-01,9.999999999999814593e-01,-3.217545566234653043e-02,6.813112177587659080e-01,-5.123602009554137915e-01,1.390195974097346854e-02,-3.217545566234653043e-02,9.999999999999814593e-01,-3.217545566234769616e-02,1.390195974097374609e-02,-5.123602009554156789e-01,6.813112177587659080e-01,-3.217545566234769616e-02,9.999999999999814593e-01,-7.322549443885031373e-01,6.883854948753375114e-01,-5.123602009554137915e-01,1.390195974097374609e-02,-7.322549443885031373e-01,9.999999999999814593e-01
9.999999999999747979e-01,-2.970323250172022811e-01,1.846217827015680657e-01,-1.742169321509463020e-01,3.969337835535807213e-01,-2.970323250172022811e-01,9.999999999999747979e-01,-3.735878220892081547e-01,8.135061821408884342e-01,-1.742169321509441371e-01,1.846217827015680657e-01,-3.735878220892081547e-01,9.999999999999747979e-01,-3.735878220892114854e-01,1.846217827015693980e-01,-1.742169321509463020e-01,8.135061821408884342e-01,-3.735878220892114854e-01,9.999999999999747979e-01,-2.970323250171996166e-01,3.969337835535807213e-01,-1.742169321509441371e-01,1.846217827015693980e-01,-2.970323250171996166e-01,9.999999999999747979e-01
9.999999999999752420e-01,-2.802103264618993617e-03,-4.879871187483703771e-02,4.404298942235485015e-03,1.769480289737474510e-01,-2.802103264618993617e-03,9.999999999999752420e-01,-2.171458032155541840e-01,9.511723583350492062e-01,4.404298942241771653e-03,-4.879871187483703771e-02,-2.171458032155541840e-01,9.999999999999752420e-01,-2.171458032155537121e-01,-4.879871187483636463e-02,4.404298942235485015e-03,9.511723583350492062e-01,-2.171458032155537121e-01,9.999999999999752420e-01,-2.802103264611742472e-03,1.769480289737474510e-01,4.404298942241771653e-03,-4.879871187483636463e-02,-2.802103264611742472e-03,9.999999999999752420e-01
9.999999999999803491e-01,-1.603070070658272894e-01,-1.849206219806679430e-01,-1.561603164226116336e-01,2.945647241836533634e-02,-1.603070070658272894e-01,9.999999999999803491e-01,-5.827256352888465774e-02,8.975294142650906970e-01,-1.561603164226204044e-01,-1.849206219806679430e-01,-5.827256352888465774e-02,9.999999999999803491e-01,-5.827256352888515734e-02,-1.849206219806615037e-01,-1.561603164226116336e-01,8.975294142650906970e-01,-5.827256352888515734e-02,9.999999999999803491e-01,-1.603070070658367818e-01,2.945647241836533634e-02,-1.561603164226204044e-01,-1.849206219806615037e-01,-1.603070070658367818e-01,9.999999999999803491e-01
9.999999999999750200e-01,-4.882335861573142699e-01,2.131543492891708469e-01,-3.646728124267606397e-01,2.215880581244606962e-01,-4.882335861573142699e-01,9.999999999999750200e-01,-3.871035339833700517e-01,7.160598249772779367e-01,-3.646728124267637483e-01,2.131543492891708469e-01,-3.871035339833700517e-01,9.999999999999750200e-01,-3.871035339833697742e-01,2.131543492891726510e-01,-3.646728124267606397e-01,7.160598249772779367e-01,-3.871035339833697742e-01,9.999999999999750200e-01,-4.882335861573233737e-01,2.215880581244606962e-01,-3.646728124267637483e-01,2.131543492891726510e-01,-4.882335861573233737e-01,9.999999999999750200e-01
9.999999999999777955e-01,-7.701284163723867149e-01,4.076958118793898578e-01,-5.304182575885942885e-01,5.126889044231387471e-01,-7.701284163723867149e-01,9.999999999999777955e-01,-4.227782278810855998e-01,6.205299026859181222e-01,-5.304182575885993955e-01,4.076958118793898578e-01,-4.227782278810855998e-01,9.999999999999777955e-01,-4.227782278810826577e-01,4.076958118793924113e-01,-5.304182575885942885e-01,6.205299026859181222e-01,-4.227782278810826577e-01,9.999999999999777955e-01,-7.701284163723938203e-01,5.126889044231387471e-01,-5.304182575885993955e-01,4.076958118793924113e-01,-7.701284163723938203e-01,9.999999999999777955e-01
9.999999999999849010e-01,-7.913665781777448061e-01,2.532898887068325000e-01,-3.523315150889738123e-01,3.452466371307524873e-01,-7.913665781777448061e-01,9.999999999999849010e-01,-1.165821603502080195e-01,4.776689201032673360e-01,-3.523315150889730907e-01,2.532898887068325000e-01,-1.165821603502080195e-01,9.999999999999849010e-01,-1.165821603502079640e-01,2.532898887068292804e-01,-3.523315150889738123e-01,4.776689201032673360e-01,-1.165821603502079640e-01,9.999999999999849010e-01,-7.913665781777461383e-01,3.452466371307524873e-01,-3.523315150889730907e-01,2.532898887068292804e-01,-7.913665781777461383e-01,9.999999999999849010e-01
9.999999999999809042e-01,-4.612516659635506056e-01,1.160973346595675915e-01,-3.339785798132943739e-02,-4.044671113996169826e-03,-4.612516659635506056e-01,9.999999999999809042e-01,-2.319220678589196394e-01,4.868989659736308040e-01,-3.339785798131805067e-02,1.160973346595675915e-01,-2.319220678589196394e-01,9.999999999999809042e-01,-2.319220678589178908e-01,1.160973346595565447e-01,-3.339785798132943739e-02,4.868989659736308040e-01,-2.319220678589178908e-01,9.999999999999809042e-01,-4.612516659635408911e-01,-4.044671113996169826e-03,-3.339785798131805067e-02,1.160973346595565447e-01,-4.612516659635408911e-01,9.999999999999809042e-01
9.999999999999727995e-01,-2.269600613399317679e-01,1.909502660831275123e-01,1.573844395348034109e-02,7.652351570381041301e-02,-2.269600613399317679e-01,9.999999999999727995e-01,-6.166023389264614352e-01,6.486452699143185896e-01,1.573844395349283803e-02,1.909502660831275123e-01,-6.166023389264614352e-01,9.999999999999727995e-01,-6.166023389264587706e-01,1.909502660831108589e-01,1.573844395348034109e-02,6.486452699143185896e-01,-6.166023389264587706e-01,9.999999999999727995e-01,-2.269600613399220812e-01,7.652351570381041301e-02,1.573844395349283803e-02,1.909502660831108589e-01,-2.269600613399220812e-01,9.999999999999727995e-01
9.999999999999784617e-01,-3.087431341254469608e-01,1.473915145479150202e-01,-1.643207640046419060e-01,3.017407236850935814e-01,-3.087431341254469608e-01,9.999999999999784617e-01,-5.624454947038287633e-01,7.908573627552306640e-01,-1.643207640046267515e-01,1.473915145479150202e-01,-5.624454947038287633e-01,9.999999999999784617e-01,-5.624454947038292074e-01,1.473915145479018363e-01,-1.643207640046419060e-01,7.908573627552306640e-01,-5.624454947038292074e-01,9.999999999999784617e-01,-3.087431341254326389e-01,3.017407236850935814e-01,-1.643207640046267515e-01,1.473915145479018363e-01,-3.087431341254326389e-01,9.999999999999784617e-01
9.999999999999699130e-01,-5.947491160220816919e-01,2.856646838950168688e-01,-5.237395909087965151e-01,7.096999819129887754e-01,-5.947491160220816919e-01,9.999999999999699130e-01,-4.449904236418281700e-01,7.839962362344964353e-01,-5.237395909087878554e-01,2.856646838950168688e-01,-4.449904236418281700e-01,9.999999999999699130e-01,-4.449904236418272818e-01,2.856646838950107070e-01,-5.237395909087965151e-01,7.839962362344964353e-01,-4.449904236418272818e-01,9.999999999999699130e-01,-5.947491160220728101e-01,7.096999819129887754e-01,-5.237395909087878554e-01,2.856646838950107070e-01,-5.947491160220728101e-01,9.999999999999699130e-01
9.999999999999668043e-01,-6.834106991529411701e-01,4.183078295477706265e-01,-5.846374406481215091e-01,8.050675823145794219e-01,-6.834106991529411701e-01,9.999999999999668043e-01,-4.239430866576682777e-01,7.080615745588059173e-01,-5.846374406481193997e-01,4.183078295477706265e-01,-4.239430866576682777e-01,9.999999999999668043e-01,-4.239430866576743839e-01,4.183078295477758446e-01,-5.846374406481215091e-01,7.080615745588059173e-01,-4.239430866576743839e-01,9.999999999999668043e-01,-6.834106991529415032e-01,8.050675823145794219e-01,-5.846374406481193997e-01,4.183078295477758446e-01,-6.834106991529415032e-01,9.999999999999668043e-01
9.999999999999694689e-01,-7.131285889477220197e-01,5.152563982792814912e-01,-4.918198393434847215e-01,5.945014372044766793e-01,-7.131285889477220197e-01,9.999999999999694689e-01,-5.475958056869766333e-01,6.350436387246133352e-01,-4.918198393434855542e-01,5.152563982792814912e-01,-5.475958056869766333e-01,9.999999999999694689e-01,-5.475958056869820734e-01,5.152563982792877084e-01,-4.918198393434847215e-01,6.350436387246133352e-01,-5.475958056869820734e-01,9.999999999999694689e-01,-7.131285889477254614e-01,5.945014372044766793e-01,-4.918198393434855542e-01,5.152563982792877084e-01,-7.131285889477254614e-01,9.999999999999694689e-01
9.999999999999669154e-01,-7.932437770971800806e-01,6.194460553162512984e-01,-5.824065974669072610e-01,5.854993979462318476e-01,-7.932437770971800806e-01,9.999999999999669154e-01,-6.981172688113299607e-01,7.022453927696320486e-01,-5.824065974669091483e-01,6.194460553162512984e-01,-6.981172688113299607e-01,9.999999999999669154e-01,-6.981172688113324032e-01,6.194460553162585148e-01,-5.824065974669072610e-01,7.022453927696320486e-01,-6.981172688113324032e-01,9.999999999999669154e-01,-7.932437770971825231e-01,5.854993979462318476e-01,-5.824065974669091483e-01,6.194460553162585148e-01,-7.932437770971825231e-01,9.999999999999669154e-01
9.999999999999632516e-01,-7.755859202376580441e-01,6.015781305022845915e-01,-6.242346685551287688e-01,6.829146506270576955e-01,-7.755859202376580441e-01,9.999999999999632516e-01,-6.543011852160320885e-01,7.881760852100458958e-01,-6.242346685551246610e-01,6.015781305022845915e-01,-6.543011852160320885e-01,9.999999999999632516e-01,-6.543011852160353081e-01,6.015781305022860348e-01,-6.242346685551287688e-01,7.881760852100458958e-01,-6.543011852160353081e-01,9.999999999999632516e-01,-7.755859202376531591e-01,6.829146506270576955e-01,-6.242346685551246610e-01,6.015781305022860348e-01,-7.755859202376531591e-01,9.999999999999632516e-01
9.999999999999596989e-01,-8.399431906358590938e-01,7.490986484146779922e-01,-5.329288145421524625e-01,5.969136685635169082e-01,-8.399431906358590938e-01,9.999999999999596989e-01,-6.724018311040176332e-01,5.496397609114036520e-01,-5.329288145421540168e-01,7.490986484146779922e-01,-6.724018311040176332e-01,9.999999999999596989e-01,-6.724018311040211859e-01,7.490986484146839874e-01,-5.329288145421524625e-01,5.496397609114036520e-01,-6.724018311040211859e-01,9.999999999999596989e-01,-8.399431906358585387e-01,5.969136685635169082e-01,-5.329288145421540168e-01,7.490986484146839874e-01,-8.399431906358585387e-01,9.999999999999596989e-01
