1.000000000000000000e+00,1.000000000000000000e+00,1.000000000000000000e+00,1.000000000000000000e+00,1.000000000000000000e+00,1.000000000000000000e+00,1.000000000000000000e+00,1.000000000000000000e+00,1.000000000000000000e+00,1.000000000000000000e+00,1.000000000000000000e+00,1.000000000000000000e+00,1.000000000000000000e+00,1.000000000000000000e+00,1.000000000000000000e+00,1.000000000000000000e+00,1.000000000000000000e+00,1.000000000000000000e+00,1.000000000000000000e+00,1.000000000000000000e+00,1.000000000000000000e+00,1.000000000000000000e+00,1.000000000000000000e+00,1.000000000000000000e+00,1.000000000000000000e+00,1.000000000000000000e+00,1.000000000000000000e+00,1.000000000000000000e+00,1.000000000000000000e+00,1.000000000000000000e+00,1.000000000000000000e+00,1.000000000000000000e+00,1.000000000000000000e+00,1.000000000000000000e+00,1.000000000000000000e+00,1.000000000000000000e+00,1.000000000000000000e+00,1.000000000000000000e+00,1.000000000000000000e+00,1.000000000000000000e+00,1.000000000000000000e+00,1.000000000000000000e+00,1.000000000000000000e+00,1.000000000000000000e+00,1.000000000000000000e+00,1.000000000000000000e+00,1.000000000000000000e+00,1.000000000000000000e+00,1.000000000000000000e+00,1.000000000000000000e+00,1.000000000000000000e+00,1.000000000000000000e+00,1.000000000000000000e+00,1.000000000000000000e+00,1.000000000000000000e+00,1.000000000000000000e+00,1.000000000000000000e+00,1.000000000000000000e+00,1.000000000000000000e+00,1.000000000000000000e+00,1.000000000000000000e+00,1.000000000000000000e+00,1.000000000000000000e+00,1.000000000000000000e+00,1.000000000000000000e+00,1.000000000000000000e+00,1.000000000000000000e+00,1.000000000000000000e+00,1.000000000000000000e+00,1.000000000000000000e+00,1.000000000000000000e+00,1.000000000000000000e+00,1.000000000000000000e+00,1.000000000000000000e+00,1.000000000000000000e+00,1.000000000000000000e+00,1.000000000000000000e+00,1.000000000000000000e+00,1.000000000000000000e+00,1.000000000000000000e+00,1.000000000000000000e+00,1.000000000000000000e+00,1.000000000000000000e+00,1.000000000000000000e+00,1.000000000000000000e+00,1.000000000000000000e+00,1.000000000000000000e+00,1.000000000000000000e+00,1.000000000000000000e+00,1.000000000000000000e+00,1.000000000000000000e+00,1.000000000000000000e+00,1.000000000000000000e+00,1.000000000000000000e+00,1.000000000000000000e+00,1.000000000000000000e+00,1.000000000000000000e+00,1.000000000000000000e+00,1.000000000000000000e+00,1.000000000000000000e+00,1.000000000000000000e+00,1.000000000000000000e+00,1.000000000000000000e+00,1.000000000000000000e+00,1.000000000000000000e+00,1.000000000000000000e+00,1.000000000000000000e+00,1.000000000000000000e+00,1.000000000000000000e+00,1.000000000000000000e+00,1.000000000000000000e+00,1.000000000000000000e+00,1.000000000000000000e+00,1.000000000000000000e+00,1.000000000000000000e+00,1.000000000000000000e+00,1.000000000000000000e+00,1.000000000000000000e+00,1.000000000000000000e+00,1.000000000000000000e+00,1.000000000000000000e+00,1.000000000000000000e+00,1.000000000000000000e+00,1.000000000000000000e+00,1.000000000000000000e+00,1.000000000000000000e+00,1.000000000000000000e+00,1.000000000000000000e+00,1.000000000000000000e+00,1.000000000000000000e+00,1.000000000000000000e+00,1.000000000000000000e+00,1.000000000000000000e+00,1.000000000000000000e+00,1.000000000000000000e+00,1.000000000000000000e+00,1.000000000000000000e+00,1.000000000000000000e+00,1.000000000000000000e+00,1.000000000000000000e+00,1.000000000000000000e+00,1.000000000000000000e+00,1.000000000000000000e+00,1.000000000000000000e+00,1.000000000000000000e+00,1.000000000000000000e+00,1.000000000000000000e+00,1.000000000000000000e+00,1.000000000000000000e+00,1.000000000000000000e+00,1.000000000000000000e+00,1.000000000000000000e+00,1.000000000000000000e+00,1.000000000000000000e+00,1.000000000000000000e+00,1.000000000000000000e+00,1.000000000000000000e+00,1.000000000000000000e+00,1.000000000000000000e+00,1.000000000000000000e+00,1.000000000000000000e+00,1.000000000000000000e+00,1.000000000000000000e+00,1.000000000000000000e+00,1.000000000000000000e+00,1.000000000000000000e+00,1.000000000000000000e+00,1.000000000000000000e+00,1.000000000000000000e+00,1.000000000000000000e+00,1.000000000000000000e+00,1.000000000000000000e+00,1.000000000000000000e+00,1.000000000000000000e+00,1.000000000000000000e+00,1.000000000000000000e+00,1.000000000000000000e+00,1.000000000000000000e+00,1.000000000000000000e+00,1.000000000000000000e+00,1.000000000000000000e+00,1.000000000000000000e+00,1.000000000000000000e+00,1.000000000000000000e+00,1.000000000000000000e+00,1.000000000000000000e+00,1.000000000000000000e+00,1.000000000000000000e+00,1.000000000000000000e+00,1.000000000000000000e+00,1.000000000000000000e+00,1.000000000000000000e+00,1.000000000000000000e+00,1.000000000000000000e+00,1.000000000000000000e+00,1.000000000000000000e+00,1.000000000000000000e+00,1.000000000000000000e+00,1.000000000000000000e+00,1.000000000000000000e+00,1.000000000000000000e+00,1.000000000000000000e+00,1.000000000000000000e+00,1.000000000000000000e+00,1.000000000000000000e+00,1.000000000000000000e+00,1.000000000000000000e+00,1.000000000000000000e+00,1.000000000000000000e+00,1.000000000000000000e+00,1.000000000000000000e+00,1.000000000000000000e+00,1.000000000000000000e+00,1.000000000000000000e+00,1.000000000000000000e+00,1.000000000000000000e+00,1.000000000000000000e+00,1.000000000000000000e+00,1.000000000000000000e+00,1.000000000000000000e+00,1.000000000000000000e+00,1.000000000000000000e+00,1.000000000000000000e+00,1.000000000000000000e+00,1.000000000000000000e+00
1.000000000000003553e+00,9.443324368628902565e-01,9.449929845377453841e-01,9.450307023776123305e-01,9.450338316048682019e-01,9.450343929315078162e-01,9.450345352414908362e-01,9.450345783879219308e-01,9.450345889136270161e-01,9.450345787109208917e-01,9.450345295635943499e-01,9.450343328020265332e-01,9.450332481196225265e-01,9.450212574577648850e-01,9.447441683102375531e-01,9.443324368628902565e-01,1.000000000000003553e+00,9.446290458491916064e-01,9.452715562371540869e-01,9.453081072061217949e-01,9.453110648956613016e-01,9.453115856906818548e-01,9.453117144141418571e-01,9.453117493562589457e-01,9.453117474063021941e-01,9.453117014222873760e-01,9.453115059572848589e-01,9.453104215833199042e-01,9.452984277147159498e-01,9.450212574577647739e-01,9.449929845377453841e-01,9.446290458491916064e-01,1.000000000000003553e+00,9.446424695787885017e-01,9.452837587615819936e-01,9.453201548079848138e-01,9.453230760482203010e-01,9.453235843907250580e-01,9.453237052912630833e-01,9.453237279072888022e-01,9.453236902447389456e-01,9.453234979864637566e-01,9.453224149690594436e-01,9.453104215833199042e-01,9.450332481196225265e-01,9.450307023776123305e-01,9.452715562371540869e-01,9.446424695787885017e-01,1.000000000000003553e+00,9.446437871598821756e-01,9.452848972839701380e-01,9.453212568350020106e-01,9.453241656959208150e-01,9.453246662395798916e-01,9.453247748228000846e-01,9.453247617299318506e-01,9.453245777951403417e-01,9.453234979864636456e-01,9.453115059572848589e-01,9.450343328020263112e-01,9.450338316048682019e-01,9.453081072061217949e-01,9.452837587615819936e-01,9.446437871598821756e-01,1.000000000000003553e+00,9.446440438042810195e-01,9.452851118416130127e-01,9.453214589308461813e-01,9.453243599928579100e-01,9.453248482200844460e-01,9.453249210948476700e-01,9.453247617299321837e-01,9.453236902447390566e-01,9.453117014222875980e-01,9.450345295635945719e-01,9.450343929315078162e-01,9.453110648956613016e-01,9.453201548079848138e-01,9.452848972839701380e-01,9.446440438042810195e-01,1.000000000000003553e+00,9.446441137078580574e-01,9.452851676928062385e-01,9.453215069565569229e-01,9.453243957012970045e-01,9.453248482200846681e-01,9.453247748228001957e-01,9.453237279072890242e-01,9.453117474063023051e-01,9.450345787109211138e-01,9.450345352414908362e-01,9.453115856906818548e-01,9.453230760482203010e-01,9.453212568350020106e-01,9.452851118416130127e-01,9.446441137078580574e-01,1.000000000000003553e+00,9.446441343342367736e-01,9.452851800163379892e-01,9.453215069565570339e-01,9.453243599928582430e-01,9.453246662395803357e-01,9.453237052912634164e-01,9.453117493562592788e-01,9.450345889136273492e-01,9.450345783879219308e-01,9.453117144141418571e-01,9.453235843907250580e-01,9.453241656959208150e-01,9.453214589308461813e-01,9.452851676928062385e-01,9.446441343342367736e-01,1.000000000000003553e+00,9.446441343342366626e-01,9.452851676928062385e-01,9.453214589308464033e-01,9.453241656959211481e-01,9.453235843907252800e-01,9.453117144141421901e-01,9.450345783879221528e-01,9.450345889136270161e-01,9.453117493562589457e-01,9.453237052912630833e-01,9.453246662395798916e-01,9.453243599928579100e-01,9.453215069565569229e-01,9.452851800163379892e-01,9.446441343342366626e-01,1.000000000000003553e+00,9.446441137078580574e-01,9.452851118416131238e-01,9.453212568350023437e-01,9.453230760482205230e-01,9.453115856906821879e-01,9.450345352414910582e-01,9.450345787109208917e-01,9.453117474063021941e-01,9.453237279072888022e-01,9.453247748228000846e-01,9.453248482200844460e-01,9.453243957012970045e-01,9.453215069565570339e-01,9.452851676928062385e-01,9.446441137078580574e-01,1.000000000000003553e+00,9.446440438042809085e-01,9.452848972839700270e-01,9.453201548079850358e-01,9.453110648956613016e-01,9.450343929315082603e-01,9.450345295635943499e-01,9.453117014222873760e-01,9.453236902447389456e-01,9.453247617299318506e-01,9.453249210948476700e-01,9.453248482200846681e-01,9.453243599928582430e-01,9.453214589308464033e-01,9.452851118416131238e-01,9.446440438042809085e-01,1.000000000000003553e+00,9.446437871598823977e-01,9.452837587615822157e-01,9.453081072061221279e-01,9.450338316048686460e-01,9.450343328020265332e-01,9.453115059572848589e-01,9.453234979864637566e-01,9.453245777951403417e-01,9.453247617299321837e-01,9.453247748228001957e-01,9.453246662395803357e-01,9.453241656959211481e-01,9.453212568350023437e-01,9.452848972839700270e-01,9.446437871598823977e-01,1.000000000000003553e+00,9.446424695787890569e-01,9.452715562371545310e-01,9.450307023776127746e-01,9.450332481196225265e-01,9.453104215833199042e-01,9.453224149690594436e-01,9.453234979864636456e-01,9.453236902447390566e-01,9.453237279072890242e-01,9.453237052912634164e-01,9.453235843907252800e-01,9.453230760482205230e-01,9.453201548079850358e-01,9.452837587615822157e-01,9.446424695787890569e-01,1.000000000000003553e+00,9.446290458491918285e-01,9.449929845377458282e-01,9.450212574577648850e-01,9.452984277147159498e-01,9.453104215833199042e-01,9.453115059572848589e-01,9.453117014222875980e-01,9.453117474063023051e-01,9.453117493562592788e-01,9.453117144141421901e-01,9.453115856906821879e-01,9.453110648956613016e-01,9.453081072061221279e-01,9.452715562371545310e-01,9.446290458491918285e-01,1.000000000000003553e+00,9.443324368628905896e-01,9.447441683102375531e-01,9.450212574577647739e-01,9.450332481196225265e-01,9.450343328020263112e-01,9.450345295635945719e-01,9.450345787109211138e-01,9.450345889136273492e-01,9.450345783879221528e-01,9.450345352414910582e-01,9.450343929315082603e-01,9.450338316048686460e-01,9.450307023776127746e-01,9.449929845377458282e-01,9.443324368628905896e-01,1.000000000000003553e+00
9.999999999999970024e-01,9.982572662736632907e-01,9.982615834361344698e-01,9.982597807964922465e-01,9.982597532010906161e-01,9.982597553928092005e-01,9.982597571724804997e-01,9.982597572684402953e-01,9.982597552284095954e-01,9.982597488304323363e-01,9.982597297923166968e-01,9.982596640061940363e-01,9.982593685354200774e-01,9.982563374826078917e-01,9.981538166329737560e-01,9.982572662736632907e-01,9.999999999999970024e-01,9.983627971733163298e-01,9.983642622228321439e-01,9.983623651862624238e-01,9.983623012825558751e-01,9.983622925689673577e-01,9.983622901552414719e-01,9.983622873792821206e-01,9.983622807295539081e-01,9.983622615928924304e-01,9.983621957591093388e-01,9.983619002392566388e-01,9.983588688660322008e-01,9.982563374826077807e-01,9.982615834361344698e-01,9.983627971733163298e-01,9.999999999999970024e-01,9.983661229897445866e-01,9.983673517551658882e-01,9.983654148218833457e-01,9.983653386910461558e-01,9.983653254041118252e-01,9.983653199919294563e-01,9.983653125581084531e-01,9.983652931496350691e-01,9.983652272094041269e-01,9.983649316429017428e-01,9.983619002392566388e-01,9.982593685354201885e-01,9.982597807964922465e-01,9.983642622228321439e-01,9.983661229897445866e-01,9.999999999999970024e-01,9.983664841343825591e-01,9.983676655003589362e-01,9.983657164156449770e-01,9.983656356658907605e-01,9.983656193654228961e-01,9.983656092901314061e-01,9.983655890955269729e-01,9.983655228826385786e-01,9.983652272094043489e-01,9.983621957591095608e-01,9.982596640061942583e-01,9.982597532010906161e-01,9.983623651862624238e-01,9.983673517551658882e-01,9.983664841343825591e-01,9.999999999999970024e-01,9.983665687940488365e-01,9.983677372829536933e-01,9.983657836568622379e-01,9.983656998949050898e-01,9.983656789309317547e-01,9.983656560946362335e-01,9.983655890955267509e-01,9.983652931496350691e-01,9.983622615928924304e-01,9.982597297923166968e-01,9.982597553928092005e-01,9.983623012825558751e-01,9.983654148218833457e-01,9.983676655003589362e-01,9.983665687940488365e-01,9.999999999999970024e-01,9.983665939009119805e-01,9.983677576941877296e-01,9.983658010805228633e-01,9.983657126559004613e-01,9.983656789309318658e-01,9.983656092901312951e-01,9.983653125581086751e-01,9.983622807295542412e-01,9.982597488304324473e-01,9.982597571724804997e-01,9.983622925689673577e-01,9.983653386910461558e-01,9.983657164156449770e-01,9.983677372829536933e-01,9.983665939009119805e-01,9.999999999999970024e-01,9.983666015854321119e-01,9.983677623510407440e-01,9.983658010805227523e-01,9.983656998949052008e-01,9.983656193654226740e-01,9.983653199919295673e-01,9.983622873792821206e-01,9.982597552284095954e-01,9.982597572684402953e-01,9.983622901552414719e-01,9.983653254041118252e-01,9.983656356658907605e-01,9.983657836568622379e-01,9.983677576941877296e-01,9.983666015854321119e-01,9.999999999999970024e-01,9.983666015854321119e-01,9.983677576941876186e-01,9.983657836568622379e-01,9.983656356658905384e-01,9.983653254041118252e-01,9.983622901552414719e-01,9.982597572684401843e-01,9.982597552284095954e-01,9.983622873792821206e-01,9.983653199919294563e-01,9.983656193654228961e-01,9.983656998949050898e-01,9.983658010805228633e-01,9.983677623510407440e-01,9.983666015854321119e-01,9.999999999999970024e-01,9.983665939009117585e-01,9.983677372829535823e-01,9.983657164156448660e-01,9.983653386910460448e-01,9.983622925689673577e-01,9.982597571724803887e-01,9.982597488304323363e-01,9.983622807295539081e-01,9.983653125581084531e-01,9.983656092901314061e-01,9.983656789309317547e-01,9.983657126559004613e-01,9.983658010805227523e-01,9.983677576941876186e-01,9.983665939009117585e-01,9.999999999999970024e-01,9.983665687940485034e-01,9.983676655003589362e-01,9.983654148218832347e-01,9.983623012825556531e-01,9.982597553928090894e-01,9.982597297923166968e-01,9.983622615928924304e-01,9.983652931496350691e-01,9.983655890955269729e-01,9.983656560946362335e-01,9.983656789309318658e-01,9.983656998949052008e-01,9.983657836568622379e-01,9.983677372829535823e-01,9.983665687940485034e-01,9.999999999999970024e-01,9.983664841343824481e-01,9.983673517551656662e-01,9.983623651862623127e-01,9.982597532010908381e-01,9.982596640061940363e-01,9.983621957591093388e-01,9.983652272094041269e-01,9.983655228826385786e-01,9.983655890955267509e-01,9.983656092901312951e-01,9.983656193654226740e-01,9.983656356658905384e-01,9.983657164156448660e-01,9.983676655003589362e-01,9.983664841343824481e-01,9.999999999999970024e-01,9.983661229897444755e-01,9.983642622228319219e-01,9.982597807964920245e-01,9.982593685354200774e-01,9.983619002392566388e-01,9.983649316429017428e-01,9.983652272094043489e-01,9.983652931496350691e-01,9.983653125581086751e-01,9.983653199919295673e-01,9.983653254041118252e-01,9.983653386910460448e-01,9.983654148218832347e-01,9.983673517551656662e-01,9.983661229897444755e-01,9.999999999999970024e-01,9.983627971733163298e-01,9.982615834361343587e-01,9.982563374826078917e-01,9.983588688660322008e-01,9.983619002392566388e-01,9.983621957591095608e-01,9.983622615928924304e-01,9.983622807295542412e-01,9.983622873792821206e-01,9.983622901552414719e-01,9.983622925689673577e-01,9.983623012825556531e-01,9.983623651862623127e-01,9.983642622228319219e-01,9.983627971733163298e-01,9.999999999999970024e-01,9.982572662736635127e-01,9.981538166329737560e-01,9.982563374826077807e-01,9.982593685354201885e-01,9.982596640061942583e-01,9.982597297923166968e-01,9.982597488304324473e-01,9.982597552284095954e-01,9.982597572684401843e-01,9.982597571724803887e-01,9.982597553928090894e-01,9.982597532010908381e-01,9.982597807964920245e-01,9.982615834361343587e-01,9.982572662736635127e-01,9.999999999999970024e-01
9.999999999999994449e-01,9.360227316085129035e-01,9.369561463458825346e-01,9.369429949729518592e-01,9.369435326866004665e-01,9.369434840385926222e-01,9.369434470167596896e-01,9.369434333507943302e-01,9.369434342559418427e-01,9.369434515006264119e-01,9.369435035195671224e-01,9.369436404681694697e-01,9.369436785487872399e-01,9.369450119428385237e-01,9.372250070312073689e-01,9.360227316085129035e-01,9.999999999999994449e-01,9.357322864408317287e-01,9.366747944207606258e-01,9.366628188122159138e-01,9.366635419175647348e-01,9.366635463275462259e-01,9.366635284274946738e-01,9.366635260331180879e-01,9.366635417592947821e-01,9.366635930904940732e-01,9.366637296892401654e-01,9.366637676097476772e-01,9.366651005312500722e-01,9.369450119428384127e-01,9.369561463458825346e-01,9.357322864408317287e-01,9.999999999999994449e-01,9.357308671008242040e-01,9.366732392292251852e-01,9.366614260108846457e-01,9.366621883020704864e-01,9.366622079483031271e-01,9.366621999924809039e-01,9.366622119011724923e-01,9.366622614925395052e-01,9.366623973109602375e-01,9.366624348673626699e-01,9.366637676097476772e-01,9.369436785487872399e-01,9.369429949729518592e-01,9.366747944207606258e-01,9.357308671008242040e-01,9.999999999999994449e-01,9.357306858571666774e-01,9.366731404693359186e-01,9.366613680325683866e-01,9.366621450171547236e-01,9.366621744372435332e-01,9.366621807229594809e-01,9.366622264720645408e-01,9.366623605397297325e-01,9.366623973109600154e-01,9.366637296892398323e-01,9.369436404681691366e-01,9.369435326866004665e-01,9.366628188122159138e-01,9.366732392292251852e-01,9.357306858571666774e-01,9.999999999999994449e-01,9.357304896317549803e-01,9.366729826214721388e-01,9.366612257039361733e-01,9.366620124682480952e-01,9.366620561246281618e-01,9.366620962478766632e-01,9.366622264720647628e-01,9.366622614925396162e-01,9.366635930904941842e-01,9.369435035195672334e-01,9.369434840385926222e-01,9.366635419175647348e-01,9.366614260108846457e-01,9.366731404693359186e-01,9.357304896317549803e-01,9.999999999999994449e-01,9.357304154164416410e-01,9.366729245145749561e-01,9.366611776224638142e-01,9.366619786306654705e-01,9.366620561246277177e-01,9.366621807229593699e-01,9.366622119011721592e-01,9.366635417592944490e-01,9.369434515006259678e-01,9.369434470167596896e-01,9.366635463275462259e-01,9.366621883020704864e-01,9.366613680325683866e-01,9.366729826214721388e-01,9.357304154164416410e-01,9.999999999999994449e-01,9.357303907604324067e-01,9.366729102139544905e-01,9.366611776224639252e-01,9.366620124682478732e-01,9.366621744372436442e-01,9.366621999924807929e-01,9.366635260331178658e-01,9.369434342559416207e-01,9.369434333507943302e-01,9.366635284274946738e-01,9.366622079483031271e-01,9.366621450171547236e-01,9.366612257039361733e-01,9.366729245145749561e-01,9.357303907604324067e-01,9.999999999999994449e-01,9.357303907604324067e-01,9.366729245145750671e-01,9.366612257039359513e-01,9.366621450171548346e-01,9.366622079483031271e-01,9.366635284274944517e-01,9.369434333507941082e-01,9.369434342559418427e-01,9.366635260331180879e-01,9.366621999924809039e-01,9.366621744372435332e-01,9.366620124682480952e-01,9.366611776224638142e-01,9.366729102139544905e-01,9.357303907604324067e-01,9.999999999999994449e-01,9.357304154164418630e-01,9.366729826214719168e-01,9.366613680325683866e-01,9.366621883020704864e-01,9.366635463275460038e-01,9.369434470167595785e-01,9.369434515006264119e-01,9.366635417592947821e-01,9.366622119011724923e-01,9.366621807229594809e-01,9.366620561246281618e-01,9.366619786306654705e-01,9.366611776224639252e-01,9.366729245145750671e-01,9.357304154164418630e-01,9.999999999999994449e-01,9.357304896317549803e-01,9.366731404693362517e-01,9.366614260108848677e-01,9.366635419175648458e-01,9.369434840385926222e-01,9.369435035195671224e-01,9.366635930904940732e-01,9.366622614925395052e-01,9.366622264720645408e-01,9.366620962478766632e-01,9.366620561246277177e-01,9.366620124682478732e-01,9.366612257039359513e-01,9.366729826214719168e-01,9.357304896317549803e-01,9.999999999999994449e-01,9.357306858571665664e-01,9.366732392292248521e-01,9.366628188122154697e-01,9.369435326865998004e-01,9.369436404681694697e-01,9.366637296892401654e-01,9.366623973109602375e-01,9.366623605397297325e-01,9.366622264720647628e-01,9.366621807229593699e-01,9.366621744372436442e-01,9.366621450171548346e-01,9.366613680325683866e-01,9.366731404693362517e-01,9.357306858571665664e-01,9.999999999999994449e-01,9.357308671008242040e-01,9.366747944207605148e-01,9.369429949729516371e-01,9.369436785487872399e-01,9.366637676097476772e-01,9.366624348673626699e-01,9.366623973109600154e-01,9.366622614925396162e-01,9.366622119011721592e-01,9.366621999924807929e-01,9.366622079483031271e-01,9.366621883020704864e-01,9.366614260108848677e-01,9.366732392292248521e-01,9.357308671008242040e-01,9.999999999999994449e-01,9.357322864408316176e-01,9.369561463458822015e-01,9.369450119428385237e-01,9.366651005312500722e-01,9.366637676097476772e-01,9.366637296892398323e-01,9.366635930904941842e-01,9.366635417592944490e-01,9.366635260331178658e-01,9.366635284274944517e-01,9.366635463275460038e-01,9.366635419175648458e-01,9.366628188122154697e-01,9.366747944207605148e-01,9.357322864408316176e-01,9.999999999999994449e-01,9.360227316085126814e-01,9.372250070312073689e-01,9.369450119428384127e-01,9.369436785487872399e-01,9.369436404681691366e-01,9.369435035195672334e-01,9.369434515006259678e-01,9.369434342559416207e-01,9.369434333507941082e-01,9.369434470167595785e-01,9.369434840385926222e-01,9.369435326865998004e-01,9.369429949729516371e-01,9.369561463458822015e-01,9.360227316085126814e-01,9.999999999999994449e-01
9.999999999999946709e-01,9.482487589408196138e-01,9.488662414885433716e-01,9.489740829725322735e-01,9.489809186853194189e-01,9.489823312255947219e-01,9.489827714906516887e-01,9.489829078033300558e-01,9.489829086409754533e-01,9.489827694750404552e-01,9.489822844830049231e-01,9.489804483831847381e-01,9.489702590140490779e-01,9.488511439501838840e-01,9.468931208322719506e-01,9.482487589408196138e-01,9.999999999999946709e-01,9.503796710511286383e-01,9.508454239039733080e-01,9.509387483818717568e-01,9.509438627722948123e-01,9.509448654959112845e-01,9.509451666129663527e-01,9.509452205513969636e-01,9.509451001606255005e-01,9.509446217392656386e-01,9.509427851245925156e-01,9.509325762151534800e-01,9.508132155942252695e-01,9.488511439501839950e-01,9.488662414885433716e-01,9.503796710511286383e-01,9.999999999999946709e-01,9.505123322310635725e-01,9.509671333888832789e-01,9.510586583897668866e-01,9.510634056455503638e-01,9.510642846370898074e-01,9.510645089457890888e-01,9.510644439790256754e-01,9.510639855944623688e-01,9.510621568181176766e-01,9.510519501620380289e-01,9.509325762151538131e-01,9.489702590140494110e-01,9.489740829725322735e-01,9.508454239039733080e-01,9.505123322310635725e-01,9.999999999999946709e-01,9.505246753714019503e-01,9.509778842746273719e-01,9.510690316210501649e-01,9.510736579046941142e-01,9.510744611216764843e-01,9.510745669058064955e-01,9.510741641124819123e-01,9.510723554830485815e-01,9.510621568181180097e-01,9.509427851245930707e-01,9.489804483831854043e-01,9.489809186853194189e-01,9.509387483818717568e-01,9.509671333888832789e-01,9.505246753714019503e-01,9.999999999999946709e-01,9.505270685133104802e-01,9.509798918896312792e-01,9.510709138845833133e-01,9.510754644207689568e-01,9.510761491622535813e-01,9.510759171408987855e-01,9.510741641124823564e-01,9.510639855944630350e-01,9.509446217392665268e-01,9.489822844830055892e-01,9.489823312255947219e-01,9.509438627722948123e-01,9.510586583897668866e-01,9.509778842746273719e-01,9.505270685133104802e-01,9.999999999999946709e-01,9.505277337688087247e-01,9.509804253031196586e-01,9.510713701918930285e-01,9.510758022240485277e-01,9.510761491622534702e-01,9.510745669058068286e-01,9.510644439790263416e-01,9.509451001606262777e-01,9.489827694750413434e-01,9.489827714906516887e-01,9.509448654959112845e-01,9.510634056455503638e-01,9.510690316210501649e-01,9.509798918896312792e-01,9.505277337688087247e-01,9.999999999999946709e-01,9.505279320660788844e-01,9.509805441214106425e-01,9.510713701918931395e-01,9.510754644207690678e-01,9.510744611216769284e-01,9.510645089457898660e-01,9.509452205513979628e-01,9.489829086409764525e-01,9.489829078033300558e-01,9.509451666129663527e-01,9.510642846370898074e-01,9.510736579046941142e-01,9.510709138845833133e-01,9.509804253031196586e-01,9.505279320660788844e-01,9.999999999999946709e-01,9.505279320660784403e-01,9.509804253031194365e-01,9.510709138845829802e-01,9.510736579046941142e-01,9.510642846370902515e-01,9.509451666129669078e-01,9.489829078033306109e-01,9.489829086409754533e-01,9.509452205513969636e-01,9.510645089457890888e-01,9.510744611216764843e-01,9.510754644207689568e-01,9.510713701918930285e-01,9.509805441214106425e-01,9.505279320660784403e-01,9.999999999999946709e-01,9.505277337688081696e-01,9.509798918896306130e-01,9.510690316210499429e-01,9.510634056455504748e-01,9.509448654959115066e-01,9.489827714906519107e-01,9.489827694750404552e-01,9.509451001606255005e-01,9.510644439790256754e-01,9.510745669058064955e-01,9.510761491622535813e-01,9.510758022240485277e-01,9.510713701918931395e-01,9.509804253031194365e-01,9.505277337688081696e-01,9.999999999999946709e-01,9.505270685133098141e-01,9.509778842746268168e-01,9.510586583897669977e-01,9.509438627722951454e-01,9.489823312255950549e-01,9.489822844830049231e-01,9.509446217392656386e-01,9.510639855944623688e-01,9.510741641124819123e-01,9.510759171408987855e-01,9.510761491622534702e-01,9.510754644207690678e-01,9.510709138845829802e-01,9.509798918896306130e-01,9.505270685133098141e-01,9.999999999999946709e-01,9.505246753714016172e-01,9.509671333888833900e-01,9.509387483818722009e-01,9.489809186853198630e-01,9.489804483831847381e-01,9.509427851245925156e-01,9.510621568181176766e-01,9.510723554830485815e-01,9.510741641124823564e-01,9.510745669058068286e-01,9.510744611216769284e-01,9.510736579046941142e-01,9.510690316210499429e-01,9.509778842746268168e-01,9.505246753714016172e-01,9.999999999999946709e-01,9.505123322310640166e-01,9.508454239039740852e-01,9.489740829725327176e-01,9.489702590140490779e-01,9.509325762151534800e-01,9.510519501620380289e-01,9.510621568181180097e-01,9.510639855944630350e-01,9.510644439790263416e-01,9.510645089457898660e-01,9.510642846370902515e-01,9.510634056455504748e-01,9.510586583897669977e-01,9.509671333888833900e-01,9.505123322310640166e-01,9.999999999999946709e-01,9.503796710511296375e-01,9.488662414885443708e-01,9.488511439501838840e-01,9.508132155942252695e-01,9.509325762151538131e-01,9.509427851245930707e-01,9.509446217392665268e-01,9.509451001606262777e-01,9.509452205513979628e-01,9.509451666129669078e-01,9.509448654959115066e-01,9.509438627722951454e-01,9.509387483818722009e-01,9.508454239039740852e-01,9.503796710511296375e-01,9.999999999999946709e-01,9.482487589408209461e-01,9.468931208322719506e-01,9.488511439501839950e-01,9.489702590140494110e-01,9.489804483831854043e-01,9.489822844830055892e-01,9.489827694750413434e-01,9.489829086409764525e-01,9.489829078033306109e-01,9.489827714906519107e-01,9.489823312255950549e-01,9.489809186853198630e-01,9.489740829725327176e-01,9.488662414885443708e-01,9.482487589408209461e-01,9.999999999999946709e-01
9.999999999999980016e-01,9.889233457357194945e-01,9.888643804700822937e-01,9.888732715775352400e-01,9.888739947367036764e-01,9.888740058613018080e-01,9.888740025189785010e-01,9.888740071322131842e-01,9.888740280207808375e-01,9.888740895005709852e-01,9.888742836506122513e-01,9.888750689868032184e-01,9.888802504155712603e-01,9.889409003977296386e-01,9.893624127601010620e-01,9.889233457357194945e-01,9.999999999999980016e-01,9.884389457378880417e-01,9.884359582155805013e-01,9.884511550204496677e-01,9.884524856403477111e-01,9.884526363032518637e-01,9.884526815474554695e-01,9.884527155302175183e-01,9.884527817261732352e-01,9.884529776993311589e-01,9.884537635395328481e-01,9.884589431591039865e-01,9.885195675038888075e-01,9.889409003977296386e-01,9.888643804700822937e-01,9.884389457378880417e-01,9.999999999999980016e-01,9.883728401687921217e-01,9.883744244960244174e-01,9.883903374173216294e-01,9.883918062953233052e-01,9.883920021907396380e-01,9.883920754069523973e-01,9.883921541044459191e-01,9.883923545344709405e-01,9.883931420987136507e-01,9.883983221701524435e-01,9.884589431591037645e-01,9.888802504155711492e-01,9.888732715775352400e-01,9.884359582155805013e-01,9.883728401687921217e-01,9.999999999999980016e-01,9.883668496650689361e-01,9.883690415339559943e-01,9.883850998952428135e-01,9.883866138247746624e-01,9.883868375052664579e-01,9.883869553661438490e-01,9.883871682716259821e-01,9.883879602878975490e-01,9.883931420987137617e-01,9.884537635395329591e-01,9.888750689868034405e-01,9.888739947367036764e-01,9.884511550204496677e-01,9.883744244960244174e-01,9.883668496650689361e-01,9.999999999999980016e-01,9.883658680314221234e-01,9.883681966800318408e-01,9.883843017046338719e-01,9.883858434049958008e-01,9.883861117161985010e-01,9.883863637809962022e-01,9.883871682716256490e-01,9.883923545344706074e-01,9.884529776993308259e-01,9.888742836506118072e-01,9.888740058613018080e-01,9.884524856403477111e-01,9.883903374173216294e-01,9.883690415339559943e-01,9.883658680314221234e-01,9.999999999999980016e-01,9.883656156417583993e-01,9.883679895876871235e-01,9.883841228716757632e-01,9.883857092026591129e-01,9.883861117161987231e-01,9.883869553661434049e-01,9.883921541044456971e-01,9.884527817261730132e-01,9.888740895005705411e-01,9.888740025189785010e-01,9.884526363032518637e-01,9.883918062953233052e-01,9.883850998952428135e-01,9.883681966800318408e-01,9.883656156417583993e-01,9.999999999999980016e-01,9.883655429437773199e-01,9.883679448443423166e-01,9.883841228716756522e-01,9.883858434049960229e-01,9.883868375052661248e-01,9.883920754069522863e-01,9.884527155302171852e-01,9.888740280207805045e-01,9.888740071322131842e-01,9.884526815474554695e-01,9.883920021907396380e-01,9.883866138247746624e-01,9.883843017046338719e-01,9.883679895876871235e-01,9.883655429437773199e-01,9.999999999999980016e-01,9.883655429437774309e-01,9.883679895876871235e-01,9.883843017046343160e-01,9.883866138247744404e-01,9.883920021907395270e-01,9.884526815474553585e-01,9.888740071322131842e-01,9.888740280207808375e-01,9.884527155302175183e-01,9.883920754069523973e-01,9.883868375052664579e-01,9.883858434049958008e-01,9.883841228716757632e-01,9.883679448443423166e-01,9.883655429437774309e-01,9.999999999999980016e-01,9.883656156417586214e-01,9.883681966800322849e-01,9.883850998952428135e-01,9.883918062953234163e-01,9.884526363032519747e-01,9.888740025189786120e-01,9.888740895005709852e-01,9.884527817261732352e-01,9.883921541044459191e-01,9.883869553661438490e-01,9.883861117161985010e-01,9.883857092026591129e-01,9.883841228716756522e-01,9.883679895876871235e-01,9.883656156417586214e-01,9.999999999999980016e-01,9.883658680314224565e-01,9.883690415339561053e-01,9.883903374173218515e-01,9.884524856403476001e-01,9.888740058613020301e-01,9.888742836506122513e-01,9.884529776993311589e-01,9.883923545344709405e-01,9.883871682716259821e-01,9.883863637809962022e-01,9.883861117161987231e-01,9.883858434049960229e-01,9.883843017046343160e-01,9.883681966800322849e-01,9.883658680314224565e-01,9.999999999999980016e-01,9.883668496650687141e-01,9.883744244960246395e-01,9.884511550204498898e-01,9.888739947367037875e-01,9.888750689868032184e-01,9.884537635395328481e-01,9.883931420987136507e-01,9.883879602878975490e-01,9.883871682716256490e-01,9.883869553661434049e-01,9.883868375052661248e-01,9.883866138247744404e-01,9.883850998952428135e-01,9.883690415339561053e-01,9.883668496650687141e-01,9.999999999999980016e-01,9.883728401687918996e-01,9.884359582155801682e-01,9.888732715775350179e-01,9.888802504155712603e-01,9.884589431591039865e-01,9.883983221701524435e-01,9.883931420987137617e-01,9.883923545344706074e-01,9.883921541044456971e-01,9.883920754069522863e-01,9.883920021907395270e-01,9.883918062953234163e-01,9.883903374173218515e-01,9.883744244960246395e-01,9.883728401687918996e-01,9.999999999999980016e-01,9.884389457378875976e-01,9.888643804700820716e-01,9.889409003977296386e-01,9.885195675038888075e-01,9.884589431591037645e-01,9.884537635395329591e-01,9.884529776993308259e-01,9.884527817261730132e-01,9.884527155302171852e-01,9.884526815474553585e-01,9.884526363032519747e-01,9.884524856403476001e-01,9.884511550204498898e-01,9.884359582155801682e-01,9.884389457378875976e-01,9.999999999999980016e-01,9.889233457357190504e-01,9.893624127601010620e-01,9.889409003977296386e-01,9.888802504155711492e-01,9.888750689868034405e-01,9.888742836506118072e-01,9.888740895005705411e-01,9.888740280207805045e-01,9.888740071322131842e-01,9.888740025189786120e-01,9.888740058613020301e-01,9.888739947367037875e-01,9.888732715775350179e-01,9.888643804700820716e-01,9.889233457357190504e-01,9.999999999999980016e-01
1.000000000000001110e+00,9.132579287017917880e-01,9.150801562012071955e-01,9.149958226860372967e-01,9.149949408216222491e-01,9.149945629386048163e-01,9.149943391102712820e-01,9.149942529287387050e-01,9.149942519427256560e-01,9.149943363497945459e-01,9.149945707141103890e-01,9.149949227002474039e-01,9.149914029588008813e-01,9.149891884133716236e-01,9.169638236064702186e-01,9.132579287017917880e-01,1.000000000000001110e+00,9.112019580897067206e-01,9.131085812356652953e-01,9.130243629261000082e-01,9.130241742368376823e-01,9.130240432862000155e-01,9.130239105025409474e-01,9.130238804595510738e-01,9.130239522015057840e-01,9.130241806819188177e-01,9.130245294669080414e-01,9.130210161313325745e-01,9.130188057670862722e-01,9.149891884133714015e-01,9.150801562012071955e-01,9.112019580897067206e-01,1.000000000000001110e+00,9.112078908353051787e-01,9.131099632228554253e-01,9.130262955331440722e-01,9.130262779994779976e-01,9.130262243489478680e-01,9.130261437036258920e-01,9.130261850405876345e-01,9.130264004871732064e-01,9.130267436420795857e-01,9.130232277308958366e-01,9.130210161313327966e-01,9.149914029588006592e-01,9.149958226860372967e-01,9.131085812356652953e-01,9.112078908353051787e-01,1.000000000000001110e+00,9.112111884775644377e-01,9.131131918288416527e-01,9.130297065117639610e-01,9.130297625658794214e-01,9.130297599802263964e-01,9.130297503094313427e-01,9.130299351851048906e-01,9.130302652318648127e-01,9.130267436420790306e-01,9.130245294669075973e-01,9.149949227002466268e-01,9.149949408216222491e-01,9.130243629261000082e-01,9.131099632228554253e-01,9.112111884775644377e-01,1.000000000000001110e+00,9.112105688971772199e-01,9.131127353131087698e-01,9.130293263918732860e-01,9.130294335319798504e-01,9.130295018795968609e-01,9.130296357214076064e-01,9.130299351851053347e-01,9.130264004871732064e-01,9.130241806819188177e-01,9.149945707141102780e-01,9.149945629386048163e-01,9.130241742368376823e-01,9.130262955331440722e-01,9.131131918288416527e-01,9.112105688971772199e-01,1.000000000000001110e+00,9.112102184508300562e-01,9.131124690225661533e-01,9.130291118843973930e-01,9.130292900172183312e-01,9.130295018795961948e-01,9.130297503094310096e-01,9.130261850405869684e-01,9.130239522015052289e-01,9.149943363497935467e-01,9.149943391102712820e-01,9.130240432862000155e-01,9.130262779994779976e-01,9.130297065117639610e-01,9.131127353131087698e-01,9.112102184508300562e-01,1.000000000000001110e+00,9.112100917605449046e-01,9.131123978784302375e-01,9.130291118843975040e-01,9.130294335319791843e-01,9.130297599802261743e-01,9.130261437036252259e-01,9.130238804595505187e-01,9.149942519427247678e-01,9.149942529287387050e-01,9.130239105025409474e-01,9.130262243489478680e-01,9.130297625658794214e-01,9.130293263918732860e-01,9.131124690225661533e-01,9.112100917605449046e-01,1.000000000000001110e+00,9.112100917605452377e-01,9.131124690225664864e-01,9.130293263918729529e-01,9.130297625658794214e-01,9.130262243489474239e-01,9.130239105025406143e-01,9.149942529287382609e-01,9.149942519427256560e-01,9.130238804595510738e-01,9.130261437036258920e-01,9.130297599802263964e-01,9.130294335319798504e-01,9.130291118843973930e-01,9.131123978784302375e-01,9.112100917605452377e-01,1.000000000000001110e+00,9.112102184508306113e-01,9.131127353131087698e-01,9.130297065117644051e-01,9.130262779994777755e-01,9.130240432861999045e-01,9.149943391102710599e-01,9.149943363497945459e-01,9.130239522015057840e-01,9.130261850405876345e-01,9.130297503094313427e-01,9.130295018795968609e-01,9.130292900172183312e-01,9.130291118843975040e-01,9.131124690225664864e-01,9.112102184508306113e-01,1.000000000000001110e+00,9.112105688971772199e-01,9.131131918288422078e-01,9.130262955331439612e-01,9.130241742368376823e-01,9.149945629386044832e-01,9.149945707141103890e-01,9.130241806819188177e-01,9.130264004871732064e-01,9.130299351851048906e-01,9.130296357214076064e-01,9.130295018795961948e-01,9.130294335319791843e-01,9.130293263918729529e-01,9.131127353131087698e-01,9.112105688971772199e-01,1.000000000000001110e+00,9.112111884775644377e-01,9.131099632228549812e-01,9.130243629260994531e-01,9.149949408216212499e-01,9.149949227002474039e-01,9.130245294669080414e-01,9.130267436420795857e-01,9.130302652318648127e-01,9.130299351851053347e-01,9.130297503094310096e-01,9.130297599802261743e-01,9.130297625658794214e-01,9.130297065117644051e-01,9.131131918288422078e-01,9.112111884775644377e-01,1.000000000000001110e+00,9.112078908353051787e-01,9.131085812356649623e-01,9.149958226860367416e-01,9.149914029588008813e-01,9.130210161313325745e-01,9.130232277308958366e-01,9.130267436420790306e-01,9.130264004871732064e-01,9.130261850405869684e-01,9.130261437036252259e-01,9.130262243489474239e-01,9.130262779994777755e-01,9.130262955331439612e-01,9.131099632228549812e-01,9.112078908353051787e-01,1.000000000000001110e+00,9.112019580897061655e-01,9.150801562012060852e-01,9.149891884133716236e-01,9.130188057670862722e-01,9.130210161313327966e-01,9.130245294669075973e-01,9.130241806819188177e-01,9.130239522015052289e-01,9.130238804595505187e-01,9.130239105025406143e-01,9.130240432861999045e-01,9.130241742368376823e-01,9.130243629260994531e-01,9.131085812356649623e-01,9.112019580897061655e-01,1.000000000000001110e+00,9.132579287017910108e-01,9.169638236064702186e-01,9.149891884133714015e-01,9.149914029588006592e-01,9.149949227002466268e-01,9.149945707141102780e-01,9.149943363497935467e-01,9.149942519427247678e-01,9.149942529287382609e-01,9.149943391102710599e-01,9.149945629386044832e-01,9.149949408216212499e-01,9.149958226860367416e-01,9.150801562012060852e-01,9.132579287017910108e-01,1.000000000000001110e+00
