1.000000000000000000e+00,1.000000000000000000e+00,1.000000000000000000e+00,1.000000000000000000e+00,1.000000000000000000e+00,1.000000000000000000e+00,1.000000000000000000e+00,1.000000000000000000e+00,1.000000000000000000e+00,1.000000000000000000e+00,1.000000000000000000e+00,1.000000000000000000e+00,1.000000000000000000e+00,1.000000000000000000e+00,1.000000000000000000e+00,1.000000000000000000e+00,1.000000000000000000e+00,1.000000000000000000e+00,1.000000000000000000e+00,1.000000000000000000e+00,1.000000000000000000e+00,1.000000000000000000e+00,1.000000000000000000e+00,1.000000000000000000e+00,1.000000000000000000e+00,1.000000000000000000e+00,1.000000000000000000e+00,1.000000000000000000e+00,1.000000000000000000e+00,1.000000000000000000e+00,1.000000000000000000e+00,1.000000000000000000e+00,1.000000000000000000e+00,1.000000000000000000e+00,1.000000000000000000e+00,1.000000000000000000e+00,1.000000000000000000e+00,1.000000000000000000e+00,1.000000000000000000e+00,1.000000000000000000e+00,1.000000000000000000e+00,1.000000000000000000e+00,1.000000000000000000e+00,1.000000000000000000e+00,1.000000000000000000e+00,1.000000000000000000e+00,1.000000000000000000e+00,1.000000000000000000e+00,1.000000000000000000e+00,1.000000000000000000e+00,1.000000000000000000e+00,1.000000000000000000e+00,1.000000000000000000e+00,1.000000000000000000e+00,1.000000000000000000e+00,1.000000000000000000e+00,1.000000000000000000e+00,1.000000000000000000e+00,1.000000000000000000e+00,1.000000000000000000e+00,1.000000000000000000e+00,1.000000000000000000e+00,1.000000000000000000e+00,1.000000000000000000e+00,1.000000000000000000e+00,1.000000000000000000e+00,1.000000000000000000e+00,1.000000000000000000e+00,1.000000000000000000e+00,1.000000000000000000e+00,1.000000000000000000e+00,1.000000000000000000e+00,1.000000000000000000e+00,1.000000000000000000e+00,1.000000000000000000e+00,1.000000000000000000e+00,1.000000000000000000e+00,1.000000000000000000e+00,1.000000000000000000e+00,1.000000000000000000e+00,1.000000000000000000e+00,1.000000000000000000e+00,1.000000000000000000e+00,1.000000000000000000e+00,1.000000000000000000e+00,1.000000000000000000e+00,1.000000000000000000e+00,1.000000000000000000e+00,1.000000000000000000e+00,1.000000000000000000e+00,1.000000000000000000e+00,1.000000000000000000e+00,1.000000000000000000e+00,1.000000000000000000e+00,1.000000000000000000e+00,1.000000000000000000e+00,1.000000000000000000e+00,1.000000000000000000e+00,1.000000000000000000e+00,1.000000000000000000e+00,1.000000000000000000e+00,1.000000000000000000e+00,1.000000000000000000e+00,1.000000000000000000e+00,1.000000000000000000e+00,1.000000000000000000e+00,1.000000000000000000e+00,1.000000000000000000e+00,1.000000000000000000e+00,1.000000000000000000e+00,1.000000000000000000e+00,1.000000000000000000e+00,1.000000000000000000e+00,1.000000000000000000e+00,1.000000000000000000e+00,1.000000000000000000e+00,1.000000000000000000e+00,1.000000000000000000e+00,1.000000000000000000e+00,1.000000000000000000e+00,1.000000000000000000e+00,1.000000000000000000e+00,1.000000000000000000e+00,1.000000000000000000e+00,1.000000000000000000e+00,1.000000000000000000e+00,1.000000000000000000e+00,1.000000000000000000e+00,1.000000000000000000e+00,1.000000000000000000e+00,1.000000000000000000e+00,1.000000000000000000e+00,1.000000000000000000e+00,1.000000000000000000e+00,1.000000000000000000e+00,1.000000000000000000e+00,1.000000000000000000e+00,1.000000000000000000e+00,1.000000000000000000e+00,1.000000000000000000e+00,1.000000000000000000e+00,1.000000000000000000e+00,1.000000000000000000e+00,1.000000000000000000e+00,1.000000000000000000e+00,1.000000000000000000e+00,1.000000000000000000e+00,1.000000000000000000e+00,1.000000000000000000e+00,1.000000000000000000e+00,1.000000000000000000e+00,1.000000000000000000e+00,1.000000000000000000e+00,1.000000000000000000e+00,1.000000000000000000e+00,1.000000000000000000e+00,1.000000000000000000e+00,1.000000000000000000e+00,1.000000000000000000e+00,1.000000000000000000e+00,1.000000000000000000e+00,1.000000000000000000e+00,1.000000000000000000e+00,1.000000000000000000e+00,1.000000000000000000e+00,1.000000000000000000e+00,1.000000000000000000e+00,1.000000000000000000e+00,1.000000000000000000e+00,1.000000000000000000e+00,1.000000000000000000e+00,1.000000000000000000e+00,1.000000000000000000e+00,1.000000000000000000e+00,1.000000000000000000e+00,1.000000000000000000e+00,1.000000000000000000e+00,1.000000000000000000e+00,1.000000000000000000e+00,1.000000000000000000e+00,1.000000000000000000e+00,1.000000000000000000e+00,1.000000000000000000e+00,1.000000000000000000e+00,1.000000000000000000e+00,1.000000000000000000e+00,1.000000000000000000e+00,1.000000000000000000e+00,1.000000000000000000e+00,1.000000000000000000e+00,1.000000000000000000e+00,1.000000000000000000e+00,1.000000000000000000e+00,1.000000000000000000e+00,1.000000000000000000e+00,1.000000000000000000e+00,1.000000000000000000e+00,1.000000000000000000e+00,1.000000000000000000e+00,1.000000000000000000e+00,1.000000000000000000e+00,1.000000000000000000e+00,1.000000000000000000e+00,1.000000000000000000e+00,1.000000000000000000e+00,1.000000000000000000e+00,1.000000000000000000e+00,1.000000000000000000e+00,1.000000000000000000e+00,1.000000000000000000e+00,1.000000000000000000e+00,1.000000000000000000e+00,1.000000000000000000e+00,1.000000000000000000e+00,1.000000000000000000e+00,1.000000000000000000e+00,1.000000000000000000e+00,1.000000000000000000e+00,1.000000000000000000e+00,1.000000000000000000e+00,1.000000000000000000e+00,1.000000000000000000e+00,1.000000000000000000e+00,1.000000000000000000e+00,1.000000000000000000e+00,1.000000000000000000e+00,1.000000000000000000e+00,1.000000000000000000e+00,1.000000000000000000e+00,1.000000000000000000e+00,1.000000000000000000e+00,1.000000000000000000e+00,1.000000000000000000e+00,1.000000000000000000e+00,1.000000000000000000e+00,1.000000000000000000e+00,1.000000000000000000e+00,1.000000000000000000e+00,1.000000000000000000e+00,1.000000000000000000e+00,1.000000000000000000e+00,1.000000000000000000e+00,1.000000000000000000e+00,1.000000000000000000e+00,1.000000000000000000e+00,1.000000000000000000e+00,1.000000000000000000e+00,1.000000000000000000e+00,1.000000000000000000e+00,1.000000000000000000e+00,1.000000000000000000e+00,1.000000000000000000e+00,1.000000000000000000e+00,1.000000000000000000e+00,1.000000000000000000e+00,1.000000000000000000e+00,1.000000000000000000e+00,1.000000000000000000e+00,1.000000000000000000e+00,1.000000000000000000e+00,1.000000000000000000e+00,1.000000000000000000e+00,1.000000000000000000e+00,1.000000000000000000e+00,1.000000000000000000e+00,1.000000000000000000e+00,1.000000000000000000e+00,1.000000000000000000e+00,1.000000000000000000e+00,1.000000000000000000e+00,1.000000000000000000e+00,1.000000000000000000e+00,1.000000000000000000e+00,1.000000000000000000e+00,1.000000000000000000e+00,1.000000000000000000e+00,1.000000000000000000e+00,1.000000000000000000e+00,1.000000000000000000e+00,1.000000000000000000e+00,1.000000000000000000e+00,1.000000000000000000e+00,1.000000000000000000e+00,1.000000000000000000e+00,1.000000000000000000e+00,1.000000000000000000e+00,1.000000000000000000e+00,1.000000000000000000e+00,1.000000000000000000e+00,1.000000000000000000e+00,1.000000000000000000e+00,1.000000000000000000e+00,1.000000000000000000e+00,1.000000000000000000e+00,1.000000000000000000e+00,1.000000000000000000e+00,1.000000000000000000e+00,1.000000000000000000e+00,1.000000000000000000e+00,1.000000000000000000e+00,1.000000000000000000e+00,1.000000000000000000e+00,1.000000000000000000e+00,1.000000000000000000e+00,1.000000000000000000e+00,1.000000000000000000e+00,1.000000000000000000e+00,1.000000000000000000e+00,1.000000000000000000e+00,1.000000000000000000e+00,1.000000000000000000e+00,1.000000000000000000e+00,1.000000000000000000e+00,1.000000000000000000e+00,1.000000000000000000e+00,1.000000000000000000e+00,1.000000000000000000e+00,1.000000000000000000e+00,1.000000000000000000e+00,1.000000000000000000e+00,1.000000000000000000e+00,1.000000000000000000e+00,1.000000000000000000e+00,1.000000000000000000e+00,1.000000000000000000e+00,1.000000000000000000e+00,1.000000000000000000e+00,1.000000000000000000e+00,1.000000000000000000e+00,1.000000000000000000e+00,1.000000000000000000e+00,1.000000000000000000e+00,1.000000000000000000e+00,1.000000000000000000e+00,1.000000000000000000e+00,1.000000000000000000e+00,1.000000000000000000e+00,1.000000000000000000e+00,1.000000000000000000e+00,1.000000000000000000e+00,1.000000000000000000e+00,1.000000000000000000e+00,1.000000000000000000e+00,1.000000000000000000e+00,1.000000000000000000e+00,1.000000000000000000e+00,1.000000000000000000e+00,1.000000000000000000e+00,1.000000000000000000e+00,1.000000000000000000e+00,1.000000000000000000e+00,1.000000000000000000e+00,1.000000000000000000e+00,1.000000000000000000e+00,1.000000000000000000e+00,1.000000000000000000e+00,1.000000000000000000e+00,1.000000000000000000e+00,1.000000000000000000e+00,1.000000000000000000e+00,1.000000000000000000e+00
9.999999999999996669e-01,9.443324373294358365e-01,9.449929851312242057e-01,9.450307032011320274e-01,9.450338328271310484e-01,9.450343948786700254e-01,9.450345385869464154e-01,9.450345846348754408e-01,9.450346017624534634e-01,9.450346084982617079e-01,9.450346105151108400e-01,9.450346091707039209e-01,9.450346030985848911e-01,9.450345858998246973e-01,9.450345335098051525e-01,9.450343351266067282e-01,9.450332495812679978e-01,9.450212584362714940e-01,9.447441690111245682e-01,9.443324373294358365e-01,9.999999999999996669e-01,9.446290465453658358e-01,9.452715571467446010e-01,9.453081085140585538e-01,9.453110669286636236e-01,9.453115891223760059e-01,9.453117207481812612e-01,9.453117622941061837e-01,9.453117772876318270e-01,9.453117824827999005e-01,9.453117824922772083e-01,9.453117770449652735e-01,9.453117601513616464e-01,9.453117079085022745e-01,9.453115095564746939e-01,9.453104237439553525e-01,9.452984291124072458e-01,9.450212584362711610e-01,9.449929851312242057e-01,9.446290465453658358e-01,9.999999999999996669e-01,9.446424706536282745e-01,9.452837602090042868e-01,9.453201569796547687e-01,9.453230796185192464e-01,9.453235908633857987e-01,9.453237183678092626e-01,9.453237579275306501e-01,9.453237714448146090e-01,9.453237746635065886e-01,9.453237705864749874e-01,9.453237543279494615e-01,9.453237023995831878e-01,9.453235042105070374e-01,9.453224184753749038e-01,9.453104237439550195e-01,9.450332495812673317e-01,9.450307032011320274e-01,9.452715571467446010e-01,9.446424706536282745e-01,9.999999999999996669e-01,9.446437888805508942e-01,9.452848996877291077e-01,9.453212606360155146e-01,9.453241723991581136e-01,9.453246795466752062e-01,9.453248050736005048e-01,9.453248431606251501e-01,9.453248547030375093e-01,9.453248538360273789e-01,9.453248389482555858e-01,9.453247876553552143e-01,9.453245897813413734e-01,9.453235042105068153e-01,9.453115095564743608e-01,9.450343351266060621e-01,9.450338328271310484e-01,9.453081085140585538e-01,9.452837602090042868e-01,9.446437888805508942e-01,9.999999999999996669e-01,9.446440466783215806e-01,9.452851160443278555e-01,9.453214660333886243e-01,9.453243736990015744e-01,9.453248788698737082e-01,9.453250029245279240e-01,9.453250390368772571e-01,9.453250464936827635e-01,9.453250348159840666e-01,9.453249848938716227e-01,9.453247876553551032e-01,9.453237023995827437e-01,9.453117079085013863e-01,9.450345335098044863e-01,9.450343948786700254e-01,9.453110669286636236e-01,9.453201569796547687e-01,9.452848996877291077e-01,9.446440466783215806e-01,9.999999999999996669e-01,9.446441187611943624e-01,9.452851755257283273e-01,9.453215213886573265e-01,9.453244270765484014e-01,9.453249307751181441e-01,9.453250528551269127e-01,9.453250848818894880e-01,9.453250815280174191e-01,9.453250348159839556e-01,9.453248389482551417e-01,9.453237543279490174e-01,9.453117601513607582e-01,9.450345858998240312e-01,9.450345385869464154e-01,9.453115891223760059e-01,9.453230796185192464e-01,9.453212606360155146e-01,9.452851160443278555e-01,9.446441187611943624e-01,9.999999999999996669e-01,9.446441438009697267e-01,9.452851958578304403e-01,9.453215397324197244e-01,9.453244439475017025e-01,9.453249456713813670e-01,9.453250636658027117e-01,9.453250848818899321e-01,9.453250464936829855e-01,9.453248538360272679e-01,9.453237705864746543e-01,9.453117770449647184e-01,9.450346030985840029e-01,9.450345846348754408e-01,9.453117207481812612e-01,9.453235908633857987e-01,9.453241723991581136e-01,9.453214660333886243e-01,9.452851755257283273e-01,9.446441438009697267e-01,9.999999999999996669e-01,9.446441535554621627e-01,9.452852033952116040e-01,9.453215457929022847e-01,9.453244480331034483e-01,9.453249456713814780e-01,9.453250528551273568e-01,9.453250390368775902e-01,9.453248547030376203e-01,9.453237746635064775e-01,9.453117824922767642e-01,9.450346091707031437e-01,9.450346017624534634e-01,9.453117622941061837e-01,9.453237183678092626e-01,9.453246795466752062e-01,9.453243736990015744e-01,9.453215213886573265e-01,9.452851958578304403e-01,9.446441535554621627e-01,9.999999999999996669e-01,9.446441570916728203e-01,9.452852053711818803e-01,9.453215457929023957e-01,9.453244439475018135e-01,9.453249307751185881e-01,9.453250029245282571e-01,9.453248431606253721e-01,9.453237714448144979e-01,9.453117824827994564e-01,9.450346105151100629e-01,9.450346084982617079e-01,9.453117772876318270e-01,9.453237579275306501e-01,9.453248050736005048e-01,9.453248788698737082e-01,9.453244270765484014e-01,9.453215397324197244e-01,9.452852033952116040e-01,9.446441570916728203e-01,9.999999999999996669e-01,9.446441570916728203e-01,9.452852033952117150e-01,9.453215397324199465e-01,9.453244270765490676e-01,9.453248788698741523e-01,9.453248050736009489e-01,9.453237579275305391e-01,9.453117772876313829e-01,9.450346084982612638e-01,9.450346105151108400e-01,9.453117824827999005e-01,9.453237714448146090e-01,9.453248431606251501e-01,9.453250029245279240e-01,9.453249307751181441e-01,9.453244439475017025e-01,9.453215457929022847e-01,9.452852053711818803e-01,9.446441570916728203e-01,9.999999999999996669e-01,9.446441535554623847e-01,9.452851958578307734e-01,9.453215213886581036e-01,9.453243736990022406e-01,9.453246795466757613e-01,9.453237183678093736e-01,9.453117622941059617e-01,9.450346017624529082e-01,9.450346091707039209e-01,9.453117824922772083e-01,9.453237746635065886e-01,9.453248547030375093e-01,9.453250390368772571e-01,9.453250528551269127e-01,9.453249456713813670e-01,9.453244480331034483e-01,9.453215457929023957e-01,9.452852033952117150e-01,9.446441535554623847e-01,9.999999999999996669e-01,9.446441438009702818e-01,9.452851755257291044e-01,9.453214660333892905e-01,9.453241723991587797e-01,9.453235908633860207e-01,9.453117207481811501e-01,9.450345846348752188e-01,9.450346030985848911e-01,9.453117770449652735e-01,9.453237705864749874e-01,9.453248538360273789e-01,9.453250464936827635e-01,9.453250848818894880e-01,9.453250636658027117e-01,9.453249456713814780e-01,9.453244439475018135e-01,9.453215397324199465e-01,9.452851958578307734e-01,9.446441438009702818e-01,9.999999999999996669e-01,9.446441187611951396e-01,9.452851160443285217e-01,9.453212606360162917e-01,9.453230796185195794e-01,9.453115891223760059e-01,9.450345385869463044e-01,9.450345858998246973e-01,9.453117601513616464e-01,9.453237543279494615e-01,9.453248389482555858e-01,9.453250348159840666e-01,9.453250815280174191e-01,9.453250848818899321e-01,9.453250528551273568e-01,9.453249307751185881e-01,9.453244270765490676e-01,9.453215213886581036e-01,9.452851755257291044e-01,9.446441187611951396e-01,9.999999999999996669e-01,9.446440466783226908e-01,9.452848996877296628e-01,9.453201569796552128e-01,9.453110669286638457e-01,9.450343948786701365e-01,9.450345335098051525e-01,9.453117079085022745e-01,9.453237023995831878e-01,9.453247876553552143e-01,9.453249848938716227e-01,9.453250348159839556e-01,9.453250464936829855e-01,9.453250390368775902e-01,9.453250029245282571e-01,9.453248788698741523e-01,9.453243736990022406e-01,9.453214660333892905e-01,9.452851160443285217e-01,9.446440466783226908e-01,9.999999999999996669e-01,9.446437888805515604e-01,9.452837602090047309e-01,9.453081085140586648e-01,9.450338328271308264e-01,9.450343351266067282e-01,9.453115095564746939e-01,9.453235042105070374e-01,9.453245897813413734e-01,9.453247876553551032e-01,9.453248389482551417e-01,9.453248538360272679e-01,9.453248547030376203e-01,9.453248431606253721e-01,9.453248050736009489e-01,9.453246795466757613e-01,9.453241723991587797e-01,9.453212606360162917e-01,9.452848996877296628e-01,9.446437888805515604e-01,9.999999999999996669e-01,9.446424706536287186e-01,9.452715571467446010e-01,9.450307032011319164e-01,9.450332495812679978e-01,9.453104237439553525e-01,9.453224184753749038e-01,9.453235042105068153e-01,9.453237023995827437e-01,9.453237543279490174e-01,9.453237705864746543e-01,9.453237746635064775e-01,9.453237714448144979e-01,9.453237579275305391e-01,9.453237183678093736e-01,9.453235908633860207e-01,9.453230796185195794e-01,9.453201569796552128e-01,9.452837602090047309e-01,9.446424706536287186e-01,9.999999999999996669e-01,9.446290465453653917e-01,9.449929851312236506e-01,9.450212584362714940e-01,9.452984291124072458e-01,9.453104237439550195e-01,9.453115095564743608e-01,9.453117079085013863e-01,9.453117601513607582e-01,9.453117770449647184e-01,9.453117824922767642e-01,9.453117824827994564e-01,9.453117772876313829e-01,9.453117622941059617e-01,9.453117207481811501e-01,9.453115891223760059e-01,9.453110669286638457e-01,9.453081085140586648e-01,9.452715571467446010e-01,9.446290465453653917e-01,9.999999999999996669e-01,9.443324373294352814e-01,9.447441690111245682e-01,9.450212584362711610e-01,9.450332495812673317e-01,9.450343351266060621e-01,9.450345335098044863e-01,9.450345858998240312e-01,9.450346030985840029e-01,9.450346091707031437e-01,9.450346105151100629e-01,9.450346084982612638e-01,9.450346017624529082e-01,9.450345846348752188e-01,9.450345385869463044e-01,9.450343948786701365e-01,9.450338328271308264e-01,9.450307032011319164e-01,9.449929851312236506e-01,9.443324373294352814e-01,9.999999999999996669e-01
9.999999999999958922e-01,9.957493599230254899e-01,9.957616340201080884e-01,9.957584205167672176e-01,9.957583333002991699e-01,9.957583331309700636e-01,9.957583368494450360e-01,9.957583391335180778e-01,9.957583401629667152e-01,9.957583402535500339e-01,9.957583393670548233e-01,9.957583369135789564e-01,9.957583310731548121e-01,9.957583163763846779e-01,9.957582741393283809e-01,9.957581265755521827e-01,9.957574305123020331e-01,9.957497297334101383e-01,9.955407697260464372e-01,9.957493599230254899e-01,9.999999999999958922e-01,9.959662685078404243e-01,9.959711658508164644e-01,9.959675572642621155e-01,9.959673779411036820e-01,9.959673525696157714e-01,9.959673479864283863e-01,9.959673470085135261e-01,9.959673464128254716e-01,9.959673452609911770e-01,9.959673426940054419e-01,9.959673368001941141e-01,9.959673220746105837e-01,9.959672798152698903e-01,9.959671322131816718e-01,9.959664359996500682e-01,9.959587336019398718e-01,9.957497297334102493e-01,9.957616340201080884e-01,9.959662685078404243e-01,9.999999999999958922e-01,9.959746759375457392e-01,9.959790078820384140e-01,9.959753011591822025e-01,9.959750949121228825e-01,9.959750607619789475e-01,9.959750527584975144e-01,9.959750500951514152e-01,9.959750482314061459e-01,9.959750453872837639e-01,9.959750393744122299e-01,9.959750245933334245e-01,9.959749823061233576e-01,9.959748346884079728e-01,9.959741384615028448e-01,9.959664359996499572e-01,9.957574305123018110e-01,9.957584205167672176e-01,9.959711658508164644e-01,9.959746759375457392e-01,9.999999999999958922e-01,9.959755206318527954e-01,9.959797456273191685e-01,9.959760119630607367e-01,9.959757968824928254e-01,9.959757592949353144e-01,9.959757496000691823e-01,9.959757456663500541e-01,9.959757421093207164e-01,9.959757358188544574e-01,9.959757209185103877e-01,9.959756785757601927e-01,9.959755309303262027e-01,9.959748346884080838e-01,9.959671322131815607e-01,9.957581265755521827e-01,9.957583333002991699e-01,9.959675572642621155e-01,9.959790078820384140e-01,9.959755206318527954e-01,9.999999999999958922e-01,9.959757106375087821e-01,9.959799077286141111e-01,9.959761653079513000e-01,9.959759467919701015e-01,9.959759075127192496e-01,9.959758965472560455e-01,9.959758909201450461e-01,9.959758839167209832e-01,9.959758687387582077e-01,9.959758262767334225e-01,9.959756785757601927e-01,9.959749823061232465e-01,9.959672798152696682e-01,9.957582741393280479e-01,9.957583331309700636e-01,9.959673779411036820e-01,9.959753011591822025e-01,9.959797456273191685e-01,9.959757106375087821e-01,9.999999999999958922e-01,9.959757675839734370e-01,9.959799556867231507e-01,9.959762098578375245e-01,9.959759896514791544e-01,9.959759491017143862e-01,9.959759364428479866e-01,9.959759273693313819e-01,9.959759114784043632e-01,9.959758687387582077e-01,9.959757209185103877e-01,9.959750245933333135e-01,9.959673220746102507e-01,9.957583163763845668e-01,9.957583368494450360e-01,9.959673525696157714e-01,9.959750949121228825e-01,9.959760119630607367e-01,9.959799077286141111e-01,9.959757675839734370e-01,9.999999999999958922e-01,9.959757880434827459e-01,9.959799726639891881e-01,9.959762251550433598e-01,9.959760036787372872e-01,9.959759614356212820e-01,9.959759453303520527e-01,9.959759273693313819e-01,9.959758839167209832e-01,9.959757358188546794e-01,9.959750393744122299e-01,9.959673368001940030e-01,9.957583310731543680e-01,9.957583391335180778e-01,9.959673479864283863e-01,9.959750607619789475e-01,9.959757968824928254e-01,9.959761653079513000e-01,9.959799556867231507e-01,9.959757880434827459e-01,9.999999999999958922e-01,9.959757961563246997e-01,9.959799790694350285e-01,9.959762302945726065e-01,9.959760071251247959e-01,9.959759614356212820e-01,9.959759364428482087e-01,9.959758909201450461e-01,9.959757421093208274e-01,9.959750453872838749e-01,9.959673426940053309e-01,9.957583369135789564e-01,9.957583401629667152e-01,9.959673470085135261e-01,9.959750527584975144e-01,9.959757592949353144e-01,9.959759467919701015e-01,9.959762098578375245e-01,9.959799726639891881e-01,9.959757961563246997e-01,9.999999999999958922e-01,9.959757991239192032e-01,9.959799807614952982e-01,9.959762302945723844e-01,9.959760036787372872e-01,9.959759491017143862e-01,9.959758965472560455e-01,9.959757456663501651e-01,9.959750482314062570e-01,9.959673452609910660e-01,9.957583393670546013e-01,9.957583402535500339e-01,9.959673464128254716e-01,9.959750500951514152e-01,9.959757496000691823e-01,9.959759075127192496e-01,9.959759896514791544e-01,9.959762251550433598e-01,9.959799790694350285e-01,9.959757991239192032e-01,9.999999999999958922e-01,9.959757991239192032e-01,9.959799790694349175e-01,9.959762251550434708e-01,9.959759896514791544e-01,9.959759075127193606e-01,9.959757496000694044e-01,9.959750500951516372e-01,9.959673464128254716e-01,9.957583402535497008e-01,9.957583393670548233e-01,9.959673452609911770e-01,9.959750482314061459e-01,9.959757456663500541e-01,9.959758965472560455e-01,9.959759491017143862e-01,9.959760036787372872e-01,9.959762302945726065e-01,9.959799807614952982e-01,9.959757991239192032e-01,9.999999999999958922e-01,9.959757961563245887e-01,9.959799726639891881e-01,9.959762098578376355e-01,9.959759467919702125e-01,9.959757592949356475e-01,9.959750527584977364e-01,9.959673470085136371e-01,9.957583401629666042e-01,9.957583369135789564e-01,9.959673426940054419e-01,9.959750453872837639e-01,9.959757421093207164e-01,9.959758909201450461e-01,9.959759364428479866e-01,9.959759614356212820e-01,9.959760071251247959e-01,9.959762302945723844e-01,9.959799790694349175e-01,9.959757961563245887e-01,9.999999999999958922e-01,9.959757880434826349e-01,9.959799556867232617e-01,9.959761653079513000e-01,9.959757968824930474e-01,9.959750607619790586e-01,9.959673479864283863e-01,9.957583391335178558e-01,9.957583310731548121e-01,9.959673368001941141e-01,9.959750393744122299e-01,9.959757358188544574e-01,9.959758839167209832e-01,9.959759273693313819e-01,9.959759453303520527e-01,9.959759614356212820e-01,9.959760036787372872e-01,9.959762251550434708e-01,9.959799726639891881e-01,9.959757880434826349e-01,9.999999999999958922e-01,9.959757675839734370e-01,9.959799077286143332e-01,9.959760119630610697e-01,9.959750949121229935e-01,9.959673525696157714e-01,9.957583368494449250e-01,9.957583163763846779e-01,9.959673220746105837e-01,9.959750245933334245e-01,9.959757209185103877e-01,9.959758687387582077e-01,9.959759114784043632e-01,9.959759273693313819e-01,9.959759364428482087e-01,9.959759491017143862e-01,9.959759896514791544e-01,9.959762098578376355e-01,9.959799556867232617e-01,9.959757675839734370e-01,9.999999999999958922e-01,9.959757106375087821e-01,9.959797456273192795e-01,9.959753011591824245e-01,9.959673779411039041e-01,9.957583331309699526e-01,9.957582741393283809e-01,9.959672798152698903e-01,9.959749823061233576e-01,9.959756785757601927e-01,9.959758262767334225e-01,9.959758687387582077e-01,9.959758839167209832e-01,9.959758909201450461e-01,9.959758965472560455e-01,9.959759075127193606e-01,9.959759467919702125e-01,9.959761653079513000e-01,9.959799077286143332e-01,9.959757106375087821e-01,9.999999999999958922e-01,9.959755206318529064e-01,9.959790078820386361e-01,9.959675572642620045e-01,9.957583333002990589e-01,9.957581265755521827e-01,9.959671322131816718e-01,9.959748346884079728e-01,9.959755309303262027e-01,9.959756785757601927e-01,9.959757209185103877e-01,9.959757358188546794e-01,9.959757421093208274e-01,9.959757456663501651e-01,9.959757496000694044e-01,9.959757592949356475e-01,9.959757968824930474e-01,9.959760119630610697e-01,9.959797456273192795e-01,9.959755206318529064e-01,9.999999999999958922e-01,9.959746759375459613e-01,9.959711658508162424e-01,9.957584205167671065e-01,9.957574305123020331e-01,9.959664359996500682e-01,9.959741384615028448e-01,9.959748346884080838e-01,9.959749823061232465e-01,9.959750245933333135e-01,9.959750393744122299e-01,9.959750453872838749e-01,9.959750482314062570e-01,9.959750500951516372e-01,9.959750527584977364e-01,9.959750607619790586e-01,9.959750949121229935e-01,9.959753011591824245e-01,9.959790078820386361e-01,9.959746759375459613e-01,9.999999999999958922e-01,9.959662685078405353e-01,9.957616340201080884e-01,9.957497297334101383e-01,9.959587336019398718e-01,9.959664359996499572e-01,9.959671322131815607e-01,9.959672798152696682e-01,9.959673220746102507e-01,9.959673368001940030e-01,9.959673426940053309e-01,9.959673452609910660e-01,9.959673464128254716e-01,9.959673470085136371e-01,9.959673479864283863e-01,9.959673525696157714e-01,9.959673779411039041e-01,9.959675572642620045e-01,9.959711658508162424e-01,9.959662685078405353e-01,9.999999999999958922e-01,9.957493599230253789e-01,9.955407697260464372e-01,9.957497297334102493e-01,9.957574305123018110e-01,9.957581265755521827e-01,9.957582741393280479e-01,9.957583163763845668e-01,9.957583310731543680e-01,9.957583369135789564e-01,9.957583393670546013e-01,9.957583402535497008e-01,9.957583401629666042e-01,9.957583391335178558e-01,9.957583368494449250e-01,9.957583331309699526e-01,9.957583333002990589e-01,9.957584205167671065e-01,9.957616340201080884e-01,9.957493599230253789e-01,9.999999999999958922e-01
9.999999999999944489e-01,9.393226265695274746e-01,9.401609128762905554e-01,9.401364308578907814e-01,9.401353494587554316e-01,9.401350462014071985e-01,9.401349466289689039e-01,9.401349096227816782e-01,9.401348949004427746e-01,9.401348896583356929e-01,9.401348900213518656e-01,9.401348962399792564e-01,9.401349130021060541e-01,9.401349555355907883e-01,9.401350739353889763e-01,9.401354523409194419e-01,9.401368056202445977e-01,9.401535992090539473e-01,9.406932956774584076e-01,9.393226265695274746e-01,9.999999999999944489e-01,9.387496056403711320e-01,9.396196361840521982e-01,9.395966124770263050e-01,9.395958421856419607e-01,9.395956239749665428e-01,9.395955521720024128e-01,9.395955260265984599e-01,9.395955166416816162e-01,9.395955153461966747e-01,9.395955208383777180e-01,9.395955372518042248e-01,9.395955795916015596e-01,9.395956978343326105e-01,9.395960759736244894e-01,9.395974284483628036e-01,9.396142123856686679e-01,9.401535992090538363e-01,9.401609128762905554e-01,9.387496056403711320e-01,9.999999999999944489e-01,9.387309226214867186e-01,9.396024334691834845e-01,9.395797065547228932e-01,9.395790150055421952e-01,9.395788229371492273e-01,9.395787614447983493e-01,9.395787404224978934e-01,9.395787348912233439e-01,9.395787386819770548e-01,9.395787543501038508e-01,9.395787963379894636e-01,9.395789144024049300e-01,9.395792924416711545e-01,9.395806448405641387e-01,9.395974284483631367e-01,9.401368056202448198e-01,9.401364308578907814e-01,9.396196361840521982e-01,9.387309226214867186e-01,9.999999999999944489e-01,9.387291400237161021e-01,9.396009590401852574e-01,9.395783109485558171e-01,9.395776452413219237e-01,9.395774633935769504e-01,9.395774069915431292e-01,9.395773898096341226e-01,9.395773893587043846e-01,9.395774033226219624e-01,9.395774445639494266e-01,9.395775622762168044e-01,9.395779401382621243e-01,9.395792924416710434e-01,9.395960759736250445e-01,9.401354523409197750e-01,9.401353494587554316e-01,9.395966124770263050e-01,9.396024334691834845e-01,9.387291400237161021e-01,9.999999999999944489e-01,9.387286285149276654e-01,9.396005374667356635e-01,9.395779154518034693e-01,9.395772599682181703e-01,9.395770832077434687e-01,9.395770306443417264e-01,9.395770185419634046e-01,9.395770282638103987e-01,9.395770678007379084e-01,9.395771847663559884e-01,9.395775622762172485e-01,9.395789144024052630e-01,9.395956978343334987e-01,9.401350739353894204e-01,9.401350462014071985e-01,9.395958421856419607e-01,9.395797065547228932e-01,9.396009590401852574e-01,9.387286285149276654e-01,9.999999999999944489e-01,9.387284625141916194e-01,9.396004016855763474e-01,9.395777899701690528e-01,9.395771395798153680e-01,9.395769666583357882e-01,9.395769191743791326e-01,9.395769172447117068e-01,9.395769525395345489e-01,9.395770678007379084e-01,9.395774445639497596e-01,9.395787963379895746e-01,9.395955795916020037e-01,9.401349555355913434e-01,9.401349466289689039e-01,9.395956239749665428e-01,9.395790150055421952e-01,9.395783109485558171e-01,9.396005374667356635e-01,9.387284625141916194e-01,9.999999999999944489e-01,9.387284008218442777e-01,9.396003518983150338e-01,9.395777453030813575e-01,9.395770987544285191e-01,9.395769309126439373e-01,9.395768936014083916e-01,9.395769172447113737e-01,9.395770282638099546e-01,9.395774033226220734e-01,9.395787543501039618e-01,9.395955372518047799e-01,9.401349130021067202e-01,9.401349096227816782e-01,9.395955521720024128e-01,9.395788229371492273e-01,9.395776452413219237e-01,9.395779154518034693e-01,9.396004016855763474e-01,9.387284008218442777e-01,9.999999999999944489e-01,9.387283759369082770e-01,9.396003327930306792e-01,9.395777300495812279e-01,9.395770885816339124e-01,9.395769309126438262e-01,9.395769191743785775e-01,9.395770185419629605e-01,9.395773893587043846e-01,9.395787386819770548e-01,9.395955208383782731e-01,9.401348962399795894e-01,9.401348949004427746e-01,9.395955260265984599e-01,9.395787614447983493e-01,9.395774633935769504e-01,9.395772599682181703e-01,9.395777899701690528e-01,9.396003518983150338e-01,9.387283759369082770e-01,9.999999999999944489e-01,9.387283667564260137e-01,9.396003277096769413e-01,9.395777300495816720e-01,9.395770987544288522e-01,9.395769666583356772e-01,9.395770306443416153e-01,9.395773898096344556e-01,9.395787348912236769e-01,9.395955153461975629e-01,9.401348900213526427e-01,9.401348896583356929e-01,9.395955166416816162e-01,9.395787404224978934e-01,9.395774069915431292e-01,9.395770832077434687e-01,9.395771395798153680e-01,9.395777453030813575e-01,9.396003327930306792e-01,9.387283667564260137e-01,9.999999999999944489e-01,9.387283667564255696e-01,9.396003327930306792e-01,9.395777453030813575e-01,9.395771395798150349e-01,9.395770832077430246e-01,9.395774069915431292e-01,9.395787404224980044e-01,9.395955166416820603e-01,9.401348896583362480e-01,9.401348900213518656e-01,9.395955153461966747e-01,9.395787348912233439e-01,9.395773898096341226e-01,9.395770306443417264e-01,9.395769666583357882e-01,9.395770987544285191e-01,9.395777300495812279e-01,9.396003277096769413e-01,9.387283667564255696e-01,9.999999999999944489e-01,9.387283759369079439e-01,9.396003518983145897e-01,9.395777899701681646e-01,9.395772599682172821e-01,9.395774633935765063e-01,9.395787614447980163e-01,9.395955260265985709e-01,9.401348949004428857e-01,9.401348962399792564e-01,9.395955208383777180e-01,9.395787386819770548e-01,9.395773893587043846e-01,9.395770185419634046e-01,9.395769191743791326e-01,9.395769309126439373e-01,9.395770885816339124e-01,9.395777300495816720e-01,9.396003327930306792e-01,9.387283759369079439e-01,9.999999999999944489e-01,9.387284008218439446e-01,9.396004016855756813e-01,9.395779154518029141e-01,9.395776452413218127e-01,9.395788229371492273e-01,9.395955521720028569e-01,9.401349096227820112e-01,9.401349130021060541e-01,9.395955372518042248e-01,9.395787543501038508e-01,9.395774033226219624e-01,9.395770282638103987e-01,9.395769172447117068e-01,9.395768936014083916e-01,9.395769309126438262e-01,9.395770987544288522e-01,9.395777453030813575e-01,9.396003518983145897e-01,9.387284008218439446e-01,9.999999999999944489e-01,9.387284625141908423e-01,9.396005374667349974e-01,9.395783109485555951e-01,9.395790150055420842e-01,9.395956239749669869e-01,9.401349466289691259e-01,9.401349555355907883e-01,9.395955795916015596e-01,9.395787963379894636e-01,9.395774445639494266e-01,9.395770678007379084e-01,9.395769525395345489e-01,9.395769172447113737e-01,9.395769191743785775e-01,9.395769666583356772e-01,9.395771395798150349e-01,9.395777899701681646e-01,9.396004016855756813e-01,9.387284625141908423e-01,9.999999999999944489e-01,9.387286285149268883e-01,9.396009590401847023e-01,9.395797065547228932e-01,9.395958421856421827e-01,9.401350462014071985e-01,9.401350739353889763e-01,9.395956978343326105e-01,9.395789144024049300e-01,9.395775622762168044e-01,9.395771847663559884e-01,9.395770678007379084e-01,9.395770282638099546e-01,9.395770185419629605e-01,9.395770306443416153e-01,9.395770832077430246e-01,9.395772599682172821e-01,9.395779154518029141e-01,9.396005374667349974e-01,9.387286285149268883e-01,9.999999999999944489e-01,9.387291400237155470e-01,9.396024334691830404e-01,9.395966124770264161e-01,9.401353494587549875e-01,9.401354523409194419e-01,9.395960759736244894e-01,9.395792924416711545e-01,9.395779401382621243e-01,9.395775622762172485e-01,9.395774445639497596e-01,9.395774033226220734e-01,9.395773893587043846e-01,9.395773898096344556e-01,9.395774069915431292e-01,9.395774633935765063e-01,9.395776452413218127e-01,9.395783109485555951e-01,9.396009590401847023e-01,9.387291400237155470e-01,9.999999999999944489e-01,9.387309226214867186e-01,9.396196361840526423e-01,9.401364308578907814e-01,9.401368056202445977e-01,9.395974284483628036e-01,9.395806448405641387e-01,9.395792924416710434e-01,9.395789144024052630e-01,9.395787963379895746e-01,9.395787543501039618e-01,9.395787386819770548e-01,9.395787348912236769e-01,9.395787404224980044e-01,9.395787614447980163e-01,9.395788229371492273e-01,9.395790150055420842e-01,9.395797065547228932e-01,9.396024334691830404e-01,9.387309226214867186e-01,9.999999999999944489e-01,9.387496056403717981e-01,9.401609128762907774e-01,9.401535992090539473e-01,9.396142123856686679e-01,9.395974284483631367e-01,9.395960759736250445e-01,9.395956978343334987e-01,9.395955795916020037e-01,9.395955372518047799e-01,9.395955208383782731e-01,9.395955153461975629e-01,9.395955166416820603e-01,9.395955260265985709e-01,9.395955521720028569e-01,9.395956239749669869e-01,9.395958421856421827e-01,9.395966124770264161e-01,9.396196361840526423e-01,9.387496056403717981e-01,9.999999999999944489e-01,9.393226265695281407e-01,9.406932956774584076e-01,9.401535992090538363e-01,9.401368056202448198e-01,9.401354523409197750e-01,9.401350739353894204e-01,9.401349555355913434e-01,9.401349130021067202e-01,9.401348962399795894e-01,9.401348900213526427e-01,9.401348896583362480e-01,9.401348949004428857e-01,9.401349096227820112e-01,9.401349466289691259e-01,9.401350462014071985e-01,9.401353494587549875e-01,9.401364308578907814e-01,9.401609128762907774e-01,9.393226265695281407e-01,9.999999999999944489e-01
