1.000000000000000000e+00,1.000000000000000000e+00,1.000000000000000000e+00,1.000000000000000000e+00,1.000000000000000000e+00,1.000000000000000000e+00,1.000000000000000000e+00,1.000000000000000000e+00,1.000000000000000000e+00,1.000000000000000000e+00,1.000000000000000000e+00,1.000000000000000000e+00,1.000000000000000000e+00,1.000000000000000000e+00,1.000000000000000000e+00,1.000000000000000000e+00,1.000000000000000000e+00,1.000000000000000000e+00,1.000000000000000000e+00,1.000000000000000000e+00,1.000000000000000000e+00,1.000000000000000000e+00,1.000000000000000000e+00,1.000000000000000000e+00,1.000000000000000000e+00,1.000000000000000000e+00,1.000000000000000000e+00,1.000000000000000000e+00,1.000000000000000000e+00,1.000000000000000000e+00,1.000000000000000000e+00,1.000000000000000000e+00,1.000000000000000000e+00,1.000000000000000000e+00,1.000000000000000000e+00,1.000000000000000000e+00,1.000000000000000000e+00,1.000000000000000000e+00,1.000000000000000000e+00,1.000000000000000000e+00,1.000000000000000000e+00,1.000000000000000000e+00,1.000000000000000000e+00,1.000000000000000000e+00,1.000000000000000000e+00,1.000000000000000000e+00,1.000000000000000000e+00,1.000000000000000000e+00,1.000000000000000000e+00,1.000000000000000000e+00,1.000000000000000000e+00,1.000000000000000000e+00,1.000000000000000000e+00,1.000000000000000000e+00,1.000000000000000000e+00,1.000000000000000000e+00,1.000000000000000000e+00,1.000000000000000000e+00,1.000000000000000000e+00,1.000000000000000000e+00,1.000000000000000000e+00,1.000000000000000000e+00,1.000000000000000000e+00,1.000000000000000000e+00,1.000000000000000000e+00,1.000000000000000000e+00,1.000000000000000000e+00,1.000000000000000000e+00,1.000000000000000000e+00,1.000000000000000000e+00,1.000000000000000000e+00,1.000000000000000000e+00,1.000000000000000000e+00,1.000000000000000000e+00,1.000000000000000000e+00,1.000000000000000000e+00,1.000000000000000000e+00,1.000000000000000000e+00,1.000000000000000000e+00,1.000000000000000000e+00,1.000000000000000000e+00
1.000000000000000444e+00,8.186096974087014866e-01,8.207715993464816950e-01,8.186096974087012645e-01,8.215179322351096047e-01,8.212492590861115715e-01,8.207715993464816950e-01,8.212492590861114605e-01,8.207859964879546943e-01,8.186096974087014866e-01,1.000000000000000444e+00,8.186096974087013756e-01,8.214762399280927108e-01,8.196056702488687673e-01,8.214762399280925997e-01,8.212492590861115715e-01,8.217200035154795801e-01,8.212492590861115715e-01,8.207715993464816950e-01,8.186096974087013756e-01,1.000000000000000444e+00,8.212492590861114605e-01,8.215179322351096047e-01,8.186096974087011535e-01,8.207859964879546943e-01,8.212492590861114605e-01,8.207715993464815840e-01,8.186096974087012645e-01,8.214762399280927108e-01,8.212492590861114605e-01,1.000000000000000444e+00,8.196056702488685453e-01,8.217200035154795801e-01,8.186096974087013756e-01,8.214762399280927108e-01,8.212492590861115715e-01,8.215179322351096047e-01,8.196056702488687673e-01,8.215179322351096047e-01,8.196056702488685453e-01,1.000000000000000444e+00,8.196056702488685453e-01,8.215179322351096047e-01,8.196056702488685453e-01,8.215179322351097158e-01,8.212492590861115715e-01,8.214762399280925997e-01,8.186096974087011535e-01,8.217200035154795801e-01,8.196056702488685453e-01,1.000000000000000444e+00,8.212492590861114605e-01,8.214762399280927108e-01,8.186096974087013756e-01,8.207715993464816950e-01,8.212492590861115715e-01,8.207859964879546943e-01,8.186096974087013756e-01,8.215179322351096047e-01,8.212492590861114605e-01,1.000000000000000444e+00,8.186096974087013756e-01,8.207715993464818061e-01,8.212492590861114605e-01,8.217200035154795801e-01,8.212492590861114605e-01,8.214762399280927108e-01,8.196056702488685453e-01,8.214762399280927108e-01,8.186096974087013756e-01,1.000000000000000444e+00,8.186096974087012645e-01,8.207859964879546943e-01,8.212492590861115715e-01,8.207715993464815840e-01,8.212492590861115715e-01,8.215179322351097158e-01,8.186096974087013756e-01,8.207715993464818061e-01,8.186096974087012645e-01,1.000000000000000444e+00
9.999999999999994449e-01,5.488733152856365427e-01,5.826710281523936885e-01,5.488733152856364317e-01,5.974936531306292986e-01,5.902912402226889732e-01,5.826710281523939106e-01,5.902912402226888622e-01,5.810104798047552865e-01,5.488733152856365427e-01,9.999999999999994449e-01,5.488733152856366537e-01,5.970682857516056430e-01,5.717113760535370570e-01,5.970682857516058650e-01,5.902912402226888622e-01,6.008494984597607669e-01,5.902912402226887512e-01,5.826710281523936885e-01,5.488733152856366537e-01,9.999999999999994449e-01,5.902912402226887512e-01,5.974936531306292986e-01,5.488733152856365427e-01,5.810104798047552865e-01,5.902912402226887512e-01,5.826710281523939106e-01,5.488733152856364317e-01,5.970682857516056430e-01,5.902912402226887512e-01,9.999999999999994449e-01,5.717113760535369460e-01,6.008494984597607669e-01,5.488733152856365427e-01,5.970682857516057540e-01,5.902912402226887512e-01,5.974936531306292986e-01,5.717113760535370570e-01,5.974936531306292986e-01,5.717113760535369460e-01,9.999999999999994449e-01,5.717113760535370570e-01,5.974936531306294096e-01,5.717113760535369460e-01,5.974936531306292986e-01,5.902912402226889732e-01,5.970682857516058650e-01,5.488733152856365427e-01,6.008494984597607669e-01,5.717113760535370570e-01,9.999999999999994449e-01,5.902912402226888622e-01,5.970682857516058650e-01,5.488733152856364317e-01,5.826710281523939106e-01,5.902912402226888622e-01,5.810104798047552865e-01,5.488733152856365427e-01,5.974936531306294096e-01,5.902912402226888622e-01,9.999999999999994449e-01,5.488733152856365427e-01,5.826710281523939106e-01,5.902912402226888622e-01,6.008494984597607669e-01,5.902912402226887512e-01,5.970682857516057540e-01,5.717113760535369460e-01,5.970682857516058650e-01,5.488733152856365427e-01,9.999999999999994449e-01,5.488733152856364317e-01,5.810104798047552865e-01,5.902912402226887512e-01,5.826710281523939106e-01,5.902912402226887512e-01,5.974936531306292986e-01,5.488733152856364317e-01,5.826710281523939106e-01,5.488733152856364317e-01,9.999999999999994449e-01
9.999999999999997780e-01,5.318090907275674351e-01,5.588599702749335041e-01,5.318090907275668799e-01,6.011506055385484881e-01,5.790207797828754721e-01,5.588599702749338372e-01,5.790207797828753611e-01,5.521900453731299896e-01,5.318090907275674351e-01,9.999999999999997780e-01,5.318090907275676571e-01,6.021057304765120577e-01,5.982366248453551139e-01,6.021057304765118356e-01,5.790207797828759162e-01,6.093434597659103114e-01,5.790207797828756942e-01,5.588599702749335041e-01,5.318090907275676571e-01,9.999999999999997780e-01,5.790207797828755831e-01,6.011506055385485991e-01,5.318090907275669910e-01,5.521900453731304337e-01,5.790207797828755831e-01,5.588599702749337261e-01,5.318090907275668799e-01,6.021057304765120577e-01,5.790207797828755831e-01,9.999999999999997780e-01,5.982366248453545587e-01,6.093434597659100893e-01,5.318090907275669910e-01,6.021057304765113916e-01,5.790207797828752501e-01,6.011506055385484881e-01,5.982366248453551139e-01,6.011506055385485991e-01,5.982366248453545587e-01,9.999999999999997780e-01,5.982366248453545587e-01,6.011506055385487102e-01,5.982366248453545587e-01,6.011506055385484881e-01,5.790207797828754721e-01,6.021057304765118356e-01,5.318090907275669910e-01,6.093434597659100893e-01,5.982366248453545587e-01,9.999999999999997780e-01,5.790207797828754721e-01,6.021057304765113916e-01,5.318090907275666579e-01,5.588599702749338372e-01,5.790207797828759162e-01,5.521900453731304337e-01,5.318090907275669910e-01,6.011506055385487102e-01,5.790207797828754721e-01,9.999999999999997780e-01,5.318090907275669910e-01,5.588599702749338372e-01,5.790207797828753611e-01,6.093434597659103114e-01,5.790207797828755831e-01,6.021057304765113916e-01,5.982366248453545587e-01,6.021057304765113916e-01,5.318090907275669910e-01,9.999999999999997780e-01,5.318090907275667689e-01,5.521900453731299896e-01,5.790207797828756942e-01,5.588599702749337261e-01,5.790207797828752501e-01,6.011506055385484881e-01,5.318090907275666579e-01,5.588599702749338372e-01,5.318090907275667689e-01,9.999999999999997780e-01
1.000000000000000000e+00,7.378314076128029697e-01,7.089825324147919217e-01,7.378314076128025256e-01,7.789735982754115717e-01,7.446110487959762825e-01,7.089825324147920327e-01,7.446110487959760604e-01,7.039852103209722767e-01,7.378314076128029697e-01,1.000000000000000000e+00,7.378314076128030807e-01,7.859092244510936798e-01,8.236102526307764737e-01,7.859092244510932357e-01,7.446110487959773927e-01,7.888507240521809294e-01,7.446110487959770596e-01,7.089825324147919217e-01,7.378314076128030807e-01,1.000000000000000000e+00,7.446110487959768376e-01,7.789735982754120158e-01,7.378314076128025256e-01,7.039852103209728318e-01,7.446110487959763935e-01,7.089825324147921437e-01,7.378314076128025256e-01,7.859092244510936798e-01,7.446110487959768376e-01,1.000000000000000000e+00,8.236102526307761407e-01,7.888507240521803743e-01,7.378314076128028587e-01,7.859092244510929026e-01,7.446110487959767266e-01,7.789735982754115717e-01,8.236102526307764737e-01,7.789735982754120158e-01,8.236102526307761407e-01,1.000000000000000000e+00,8.236102526307758076e-01,7.789735982754119048e-01,8.236102526307756966e-01,7.789735982754116828e-01,7.446110487959762825e-01,7.859092244510932357e-01,7.378314076128025256e-01,7.888507240521803743e-01,8.236102526307758076e-01,1.000000000000000000e+00,7.446110487959765045e-01,7.859092244510923475e-01,7.378314076128020815e-01,7.089825324147920327e-01,7.446110487959773927e-01,7.039852103209728318e-01,7.378314076128028587e-01,7.789735982754119048e-01,7.446110487959765045e-01,1.000000000000000000e+00,7.378314076128024146e-01,7.089825324147921437e-01,7.446110487959760604e-01,7.888507240521809294e-01,7.446110487959763935e-01,7.859092244510929026e-01,8.236102526307756966e-01,7.859092244510923475e-01,7.378314076128024146e-01,1.000000000000000000e+00,7.378314076128019705e-01,7.039852103209722767e-01,7.446110487959770596e-01,7.089825324147921437e-01,7.446110487959767266e-01,7.789735982754116828e-01,7.378314076128020815e-01,7.089825324147921437e-01,7.378314076128019705e-01,1.000000000000000000e+00
1.000000000000000000e+00,9.021852014625972860e-01,8.702760461062564179e-01,9.021852014625971750e-01,9.180396664300196630e-01,9.035262827154550980e-01,8.702760461062564179e-01,9.035262827154549869e-01,8.714525386228235693e-01,9.021852014625972860e-01,1.000000000000000000e+00,9.021852014625970639e-01,9.375723689139041639e-01,9.522765089174147768e-01,9.375723689139038308e-01,9.035262827154553200e-01,9.370458900737467234e-01,9.035262827154552090e-01,8.702760461062564179e-01,9.021852014625970639e-01,1.000000000000000000e+00,9.035262827154552090e-01,9.180396664300195519e-01,9.021852014625968419e-01,8.714525386228235693e-01,9.035262827154549869e-01,8.702760461062563069e-01,9.021852014625971750e-01,9.375723689139041639e-01,9.035262827154552090e-01,1.000000000000000000e+00,9.522765089174147768e-01,9.370458900737466124e-01,9.021852014625971750e-01,9.375723689139038308e-01,9.035262827154553200e-01,9.180396664300196630e-01,9.522765089174147768e-01,9.180396664300195519e-01,9.522765089174147768e-01,1.000000000000000000e+00,9.522765089174144437e-01,9.180396664300196630e-01,9.522765089174145547e-01,9.180396664300194409e-01,9.035262827154550980e-01,9.375723689139038308e-01,9.021852014625968419e-01,9.370458900737466124e-01,9.522765089174144437e-01,1.000000000000000000e+00,9.035262827154550980e-01,9.375723689139037198e-01,9.021852014625969529e-01,8.702760461062564179e-01,9.035262827154553200e-01,8.714525386228235693e-01,9.021852014625971750e-01,9.180396664300196630e-01,9.035262827154550980e-01,1.000000000000000000e+00,9.021852014625968419e-01,8.702760461062563069e-01,9.035262827154549869e-01,9.370458900737467234e-01,9.035262827154549869e-01,9.375723689139038308e-01,9.522765089174145547e-01,9.375723689139037198e-01,9.021852014625968419e-01,1.000000000000000000e+00,9.021852014625967309e-01,8.714525386228235693e-01,9.035262827154552090e-01,8.702760461062563069e-01,9.035262827154553200e-01,9.180396664300194409e-01,9.021852014625969529e-01,8.702760461062563069e-01,9.021852014625967309e-01,1.000000000000000000e+00
1.000000000000000444e+00,8.423136745738112330e-01,8.487351932059777893e-01,8.423136745738120101e-01,8.110011877293104021e-01,8.444189439480525028e-01,8.487351932059776782e-01,8.444189439480526138e-01,8.481348401486710209e-01,8.423136745738112330e-01,1.000000000000000444e+00,8.423136745738110109e-01,8.392147097407147704e-01,8.037747654695636124e-01,8.392147097407148815e-01,8.444189439480512815e-01,8.417518808435581201e-01,8.444189439480516146e-01,8.487351932059777893e-01,8.423136745738110109e-01,1.000000000000000444e+00,8.444189439480520587e-01,8.110011877293101801e-01,8.423136745738115660e-01,8.481348401486706878e-01,8.444189439480523918e-01,8.487351932059775672e-01,8.423136745738120101e-01,8.392147097407147704e-01,8.444189439480520587e-01,1.000000000000000444e+00,8.037747654695643895e-01,8.417518808435586752e-01,8.423136745738113440e-01,8.392147097407155476e-01,8.444189439480521697e-01,8.110011877293104021e-01,8.037747654695636124e-01,8.110011877293101801e-01,8.037747654695643895e-01,1.000000000000000444e+00,8.037747654695643895e-01,8.110011877293100691e-01,8.037747654695646116e-01,8.110011877293101801e-01,8.444189439480525028e-01,8.392147097407148815e-01,8.423136745738115660e-01,8.417518808435586752e-01,8.037747654695643895e-01,1.000000000000000444e+00,8.444189439480520587e-01,8.392147097407155476e-01,8.423136745738116771e-01,8.487351932059776782e-01,8.444189439480512815e-01,8.481348401486706878e-01,8.423136745738113440e-01,8.110011877293100691e-01,8.444189439480520587e-01,1.000000000000000444e+00,8.423136745738116771e-01,8.487351932059774562e-01,8.444189439480526138e-01,8.417518808435581201e-01,8.444189439480523918e-01,8.392147097407155476e-01,8.037747654695646116e-01,8.392147097407155476e-01,8.423136745738116771e-01,1.000000000000000444e+00,8.423136745738118991e-01,8.481348401486710209e-01,8.444189439480516146e-01,8.487351932059775672e-01,8.444189439480521697e-01,8.110011877293101801e-01,8.423136745738116771e-01,8.487351932059774562e-01,8.423136745738118991e-01,1.000000000000000444e+00
1.000000000000000444e+00,5.603994419511528768e-01,6.359954804702897535e-01,5.603994419511539871e-01,5.388282401275219513e-01,5.959388107217326036e-01,6.359954804702895315e-01,5.959388107217327146e-01,6.281274013934923239e-01,5.603994419511528768e-01,1.000000000000000444e+00,5.603994419511526548e-01,5.635074390311849424e-01,4.574554739635514622e-01,5.635074390311851644e-01,5.959388107217308272e-01,5.696017481133658356e-01,5.959388107217310493e-01,6.359954804702897535e-01,5.603994419511526548e-01,1.000000000000000444e+00,5.959388107217322705e-01,5.388282401275217293e-01,5.603994419511539871e-01,6.281274013934917688e-01,5.959388107217324926e-01,6.359954804702896425e-01,5.603994419511539871e-01,5.635074390311849424e-01,5.959388107217322705e-01,1.000000000000000444e+00,4.574554739635524614e-01,5.696017481133663907e-01,5.603994419511533209e-01,5.635074390311860526e-01,5.959388107217318264e-01,5.388282401275219513e-01,4.574554739635514622e-01,5.388282401275217293e-01,4.574554739635524614e-01,1.000000000000000444e+00,4.574554739635527945e-01,5.388282401275213962e-01,4.574554739635530165e-01,5.388282401275217293e-01,5.959388107217326036e-01,5.635074390311851644e-01,5.603994419511539871e-01,5.696017481133663907e-01,4.574554739635527945e-01,1.000000000000000444e+00,5.959388107217320485e-01,5.635074390311863857e-01,5.603994419511539871e-01,6.359954804702895315e-01,5.959388107217308272e-01,6.281274013934917688e-01,5.603994419511533209e-01,5.388282401275213962e-01,5.959388107217320485e-01,1.000000000000000444e+00,5.603994419511538760e-01,6.359954804702891984e-01,5.959388107217327146e-01,5.696017481133658356e-01,5.959388107217324926e-01,5.635074390311860526e-01,4.574554739635530165e-01,5.635074390311863857e-01,5.603994419511538760e-01,1.000000000000000444e+00,5.603994419511540981e-01,6.281274013934923239e-01,5.959388107217310493e-01,6.359954804702896425e-01,5.959388107217318264e-01,5.388282401275217293e-01,5.603994419511539871e-01,6.359954804702891984e-01,5.603994419511540981e-01,1.000000000000000444e+00
1.000000000000000444e+00,2.150673629386620767e-01,3.807881319583875102e-01,2.150673629386631036e-01,3.257361094092627307e-01,3.369655700493184303e-01,3.807881319583871216e-01,3.369655700493187078e-01,3.616662775610250957e-01,2.150673629386620767e-01,1.000000000000000444e+00,2.150673629386619934e-01,3.312920992987213875e-01,1.348641758636182075e-01,3.312920992987218316e-01,3.369655700493169870e-01,3.358437263701702924e-01,3.369655700493170980e-01,3.807881319583875102e-01,2.150673629386619934e-01,1.000000000000000444e+00,3.369655700493184858e-01,3.257361094092629528e-01,2.150673629386636032e-01,3.616662775610250402e-01,3.369655700493185968e-01,3.807881319583872326e-01,2.150673629386631036e-01,3.312920992987213875e-01,3.369655700493184858e-01,1.000000000000000444e+00,1.348641758636193733e-01,3.358437263701706810e-01,2.150673629386625485e-01,3.312920992987226643e-01,3.369655700493178752e-01,3.257361094092627307e-01,1.348641758636182075e-01,3.257361094092629528e-01,1.348641758636193733e-01,1.000000000000000444e+00,1.348641758636198174e-01,3.257361094092624532e-01,1.348641758636202892e-01,3.257361094092624532e-01,3.369655700493184303e-01,3.312920992987218316e-01,2.150673629386636032e-01,3.358437263701706810e-01,1.348641758636198174e-01,1.000000000000000444e+00,3.369655700493180972e-01,3.312920992987229418e-01,2.150673629386631314e-01,3.807881319583871216e-01,3.369655700493169870e-01,3.616662775610250402e-01,2.150673629386625485e-01,3.257361094092624532e-01,3.369655700493180972e-01,1.000000000000000444e+00,2.150673629386631869e-01,3.807881319583867330e-01,3.369655700493187078e-01,3.358437263701702924e-01,3.369655700493185968e-01,3.312920992987226643e-01,1.348641758636202892e-01,3.312920992987229418e-01,2.150673629386631869e-01,1.000000000000000444e+00,2.150673629386634644e-01,3.616662775610250957e-01,3.369655700493170980e-01,3.807881319583872326e-01,3.369655700493178752e-01,3.257361094092624532e-01,2.150673629386631314e-01,3.807881319583867330e-01,2.150673629386634644e-01,1.000000000000000444e+00
1.000000000000000666e+00,-5.162507876018334468e-02,2.394654089425788945e-01,-5.162507876018249120e-02,2.931053479698401132e-01,1.829636018562873501e-01,2.394654089425787280e-01,1.829636018562876276e-01,1.837856725885652076e-01,-5.162507876018334468e-02,1.000000000000000666e+00,-5.162507876018344877e-02,2.890032699461736465e-01,6.753749456161861620e-03,2.890032699461743126e-01,1.829636018562866284e-01,2.696193216532216663e-01,1.829636018562865729e-01,2.394654089425788945e-01,-5.162507876018344877e-02,1.000000000000000666e+00,1.829636018562878497e-01,2.931053479698403907e-01,-5.162507876018199854e-02,1.837856725885652631e-01,1.829636018562874888e-01,2.394654089425785060e-01,-5.162507876018249120e-02,2.890032699461736465e-01,1.829636018562878497e-01,1.000000000000000666e+00,6.753749456163027354e-03,2.696193216532216108e-01,-5.162507876018312958e-02,2.890032699461749233e-01,1.829636018562870170e-01,2.931053479698401132e-01,6.753749456161861620e-03,2.931053479698403907e-01,6.753749456163027354e-03,1.000000000000000666e+00,6.753749456163388176e-03,2.931053479698397801e-01,6.753749456163832265e-03,2.931053479698394471e-01,1.829636018562873501e-01,2.890032699461743126e-01,-5.162507876018199854e-02,2.696193216532216108e-01,6.753749456163388176e-03,1.000000000000000666e+00,1.829636018562870170e-01,2.890032699461750343e-01,-5.162507876018285202e-02,2.394654089425787280e-01,1.829636018562866284e-01,1.837856725885652631e-01,-5.162507876018312958e-02,2.931053479698397801e-01,1.829636018562870170e-01,1.000000000000000666e+00,-5.162507876018229691e-02,2.394654089425783394e-01,1.829636018562876276e-01,2.696193216532216663e-01,1.829636018562874888e-01,2.890032699461749233e-01,6.753749456163832265e-03,2.890032699461750343e-01,-5.162507876018229691e-02,1.000000000000000666e+00,-5.162507876018240793e-02,1.837856725885652076e-01,1.829636018562865729e-01,2.394654089425785060e-01,1.829636018562870170e-01,2.931053479698394471e-01,-5.162507876018285202e-02,2.394654089425783394e-01,-5.162507876018240793e-02,1.000000000000000666e+00
1.000000000000000444e+00,-1.974343624282546839e-01,2.229926632717478263e-01,-1.974343624282538512e-01,3.304183508514640377e-01,7.864423402164305577e-02,2.229926632717474932e-01,7.864423402164326393e-02,1.027288756518870971e-01,-1.974343624282546839e-01,1.000000000000000444e+00,-1.974343624282548504e-01,3.666630776546359050e-01,8.489206145301775308e-02,3.666630776546367931e-01,7.864423402164265331e-02,2.938276303120869737e-01,7.864423402164219534e-02,2.229926632717478263e-01,-1.974343624282548504e-01,1.000000000000000444e+00,7.864423402164354149e-02,3.304183508514639822e-01,-1.974343624282538234e-01,1.027288756518869584e-01,7.864423402164316679e-02,2.229926632717471324e-01,-1.974343624282538512e-01,3.666630776546359050e-01,7.864423402164354149e-02,1.000000000000000444e+00,8.489206145301869677e-02,2.938276303120869182e-01,-1.974343624282545728e-01,3.666630776546371262e-01,7.864423402164275045e-02,3.304183508514640377e-01,8.489206145301775308e-02,3.304183508514639822e-01,8.489206145301869677e-02,1.000000000000000444e+00,8.489206145301882167e-02,3.304183508514633716e-01,8.489206145301936290e-02,3.304183508514628720e-01,7.864423402164305577e-02,3.666630776546367931e-01,-1.974343624282538234e-01,2.938276303120869182e-01,8.489206145301882167e-02,1.000000000000000444e+00,7.864423402164275045e-02,3.666630776546372372e-01,-1.974343624282547394e-01,2.229926632717474932e-01,7.864423402164265331e-02,1.027288756518869584e-01,-1.974343624282545728e-01,3.304183508514633716e-01,7.864423402164275045e-02,1.000000000000000444e+00,-1.974343624282538512e-01,2.229926632717468826e-01,7.864423402164326393e-02,2.938276303120869737e-01,7.864423402164316679e-02,3.666630776546371262e-01,8.489206145301936290e-02,3.666630776546372372e-01,-1.974343624282538512e-01,1.000000000000000444e+00,-1.974343624282542953e-01,1.027288756518870971e-01,7.864423402164219534e-02,2.229926632717471324e-01,7.864423402164275045e-02,3.304183508514628720e-01,-1.974343624282547394e-01,2.229926632717468826e-01,-1.974343624282542953e-01,1.000000000000000444e+00
9.999999999999998890e-01,-2.552412782382429413e-01,2.620307913814898804e-01,-2.552412782382423306e-01,2.891172971961065707e-01,-3.313581222332023790e-02,2.620307913814891587e-01,-3.313581222331998810e-02,1.076802154693298763e-01,-2.552412782382429413e-01,9.999999999999998890e-01,-2.552412782382433853e-01,4.379687689190993050e-01,2.628655880029137637e-01,4.379687689190998046e-01,-3.313581222332037668e-02,3.255039769704799468e-01,-3.313581222332100812e-02,2.620307913814898804e-01,-2.552412782382433853e-01,9.999999999999998890e-01,-3.313581222332014770e-02,2.891172971961060156e-01,-2.552412782382427747e-01,1.076802154693297237e-01,-3.313581222332014076e-02,2.620307913814889367e-01,-2.552412782382423306e-01,4.379687689190993050e-01,-3.313581222332014770e-02,9.999999999999998890e-01,2.628655880029143743e-01,3.255039769704799468e-01,-2.552412782382430523e-01,4.379687689190999711e-01,-3.313581222332058485e-02,2.891172971961065707e-01,2.628655880029137637e-01,2.891172971961060156e-01,2.628655880029143743e-01,9.999999999999998890e-01,2.628655880029143743e-01,2.891172971961055715e-01,2.628655880029148184e-01,2.891172971961049609e-01,-3.313581222332023790e-02,4.379687689190998046e-01,-2.552412782382427747e-01,3.255039769704799468e-01,2.628655880029143743e-01,9.999999999999998890e-01,-3.313581222332032117e-02,4.379687689191001376e-01,-2.552412782382434964e-01,2.620307913814891587e-01,-3.313581222332037668e-02,1.076802154693297237e-01,-2.552412782382430523e-01,2.891172971961055715e-01,-3.313581222332032117e-02,9.999999999999998890e-01,-2.552412782382426082e-01,2.620307913814886591e-01,-3.313581222331998810e-02,3.255039769704799468e-01,-3.313581222332014076e-02,4.379687689190999711e-01,2.628655880029148184e-01,4.379687689191001376e-01,-2.552412782382426082e-01,9.999999999999998890e-01,-2.552412782382431633e-01,1.076802154693298763e-01,-3.313581222332100812e-02,2.620307913814889367e-01,-3.313581222332058485e-02,2.891172971961049609e-01,-2.552412782382434964e-01,2.620307913814886591e-01,-2.552412782382431633e-01,9.999999999999998890e-01
1.000000000000000000e+00,-2.979841282954572845e-01,3.182601746650490782e-01,-2.979841282954570070e-01,1.283781894065506579e-01,-1.450483678969164691e-01,3.182601746650479124e-01,-1.450483678969159973e-01,2.073335813567155350e-01,-2.979841282954572845e-01,1.000000000000000000e+00,-2.979841282954580617e-01,4.735735599551206265e-01,4.253509261809975683e-01,4.735735599551205710e-01,-1.450483678969163304e-01,3.787052309212539658e-01,-1.450483678969170243e-01,3.182601746650490782e-01,-2.979841282954580617e-01,1.000000000000000000e+00,-1.450483678969169410e-01,1.283781894065498252e-01,-2.979841282954576731e-01,2.073335813567153130e-01,-1.450483678969163304e-01,3.182601746650481345e-01,-2.979841282954570070e-01,4.735735599551206265e-01,-1.450483678969169410e-01,1.000000000000000000e+00,4.253509261809979014e-01,3.787052309212541878e-01,-2.979841282954575066e-01,4.735735599551208486e-01,-1.450483678969168300e-01,1.283781894065506579e-01,4.253509261809975683e-01,1.283781894065498252e-01,4.253509261809979014e-01,1.000000000000000000e+00,4.253509261809980124e-01,1.283781894065497142e-01,4.253509261809981790e-01,1.283781894065491314e-01,-1.450483678969164691e-01,4.735735599551205710e-01,-2.979841282954576731e-01,3.787052309212541878e-01,4.253509261809980124e-01,1.000000000000000000e+00,-1.450483678969162749e-01,4.735735599551211816e-01,-2.979841282954581727e-01,3.182601746650479124e-01,-1.450483678969163304e-01,2.073335813567153130e-01,-2.979841282954575066e-01,1.283781894065497142e-01,-1.450483678969162749e-01,1.000000000000000000e+00,-2.979841282954572290e-01,3.182601746650475794e-01,-1.450483678969159973e-01,3.787052309212539658e-01,-1.450483678969163304e-01,4.735735599551208486e-01,4.253509261809981790e-01,4.735735599551211816e-01,-2.979841282954572290e-01,1.000000000000000000e+00,-2.979841282954578952e-01,2.073335813567155350e-01,-1.450483678969170243e-01,3.182601746650481345e-01,-1.450483678969168300e-01,1.283781894065491314e-01,-2.979841282954581727e-01,3.182601746650475794e-01,-2.979841282954578952e-01,1.000000000000000000e+00
1.000000000000000222e+00,-3.952670659750397442e-01,3.858941432746173517e-01,-3.952670659750398552e-01,-9.102582136754050479e-02,-2.576264852467091693e-01,3.858941432746160749e-01,-2.576264852467086142e-01,3.542346317870357919e-01,-3.952670659750397442e-01,1.000000000000000222e+00,-3.952670659750405768e-01,5.004080162535979870e-01,4.984028169369204564e-01,5.004080162535975429e-01,-2.576264852467088917e-01,4.739751012796523666e-01,-2.576264852467093358e-01,3.858941432746173517e-01,-3.952670659750405768e-01,1.000000000000000222e+00,-2.576264852467100019e-01,-9.102582136754122644e-02,-3.952670659750404103e-01,3.542346317870357364e-01,-2.576264852467092803e-01,3.858941432746165745e-01,-3.952670659750398552e-01,5.004080162535979870e-01,-2.576264852467100019e-01,1.000000000000000222e+00,4.984028169369205674e-01,4.739751012796526997e-01,-3.952670659750399662e-01,5.004080162535977649e-01,-2.576264852467094468e-01,-9.102582136754050479e-02,4.984028169369204564e-01,-9.102582136754122644e-02,4.984028169369205674e-01,1.000000000000000222e+00,4.984028169369206229e-01,-9.102582136754094888e-02,4.984028169369207895e-01,-9.102582136754128195e-02,-2.576264852467091693e-01,5.004080162535975429e-01,-3.952670659750404103e-01,4.739751012796526997e-01,4.984028169369206229e-01,1.000000000000000222e+00,-2.576264852467088917e-01,5.004080162535980980e-01,-3.952670659750405768e-01,3.858941432746160749e-01,-2.576264852467088917e-01,3.542346317870357364e-01,-3.952670659750399662e-01,-9.102582136754094888e-02,-2.576264852467088917e-01,1.000000000000000222e+00,-3.952670659750397997e-01,3.858941432746160194e-01,-2.576264852467086142e-01,4.739751012796523666e-01,-2.576264852467092803e-01,5.004080162535977649e-01,4.984028169369207895e-01,5.004080162535980980e-01,-3.952670659750397997e-01,1.000000000000000222e+00,-3.952670659750404658e-01,3.542346317870357919e-01,-2.576264852467093358e-01,3.858941432746165745e-01,-2.576264852467094468e-01,-9.102582136754128195e-02,-3.952670659750405768e-01,3.858941432746160194e-01,-3.952670659750404658e-01,1.000000000000000222e+00
9.999999999999998890e-01,-5.505500703057752965e-01,4.796629383394762636e-01,-5.505500703057750744e-01,-2.263910302598301783e-01,-3.948952762686993023e-01,4.796629383394753199e-01,-3.948952762686989137e-01,4.714735498022549209e-01,-5.505500703057752965e-01,9.999999999999998890e-01,-5.505500703057757406e-01,5.360106943709485039e-01,4.327815327021460323e-01,5.360106943709482819e-01,-3.948952762686990803e-01,5.710319083710717614e-01,-3.948952762686993023e-01,4.796629383394762636e-01,-5.505500703057757406e-01,9.999999999999998890e-01,-3.948952762687000240e-01,-2.263910302598304836e-01,-5.505500703057754075e-01,4.714735498022551430e-01,-3.948952762686994689e-01,4.796629383394758750e-01,-5.505500703057750744e-01,5.360106943709485039e-01,-3.948952762687000240e-01,9.999999999999998890e-01,4.327815327021459213e-01,5.710319083710719834e-01,-5.505500703057750744e-01,5.360106943709481708e-01,-3.948952762686994133e-01,-2.263910302598301783e-01,4.327815327021460323e-01,-2.263910302598304836e-01,4.327815327021459213e-01,9.999999999999998890e-01,4.327815327021462544e-01,-2.263910302598302338e-01,4.327815327021462544e-01,-2.263910302598304003e-01,-3.948952762686993023e-01,5.360106943709482819e-01,-5.505500703057754075e-01,5.710319083710719834e-01,4.327815327021462544e-01,9.999999999999998890e-01,-3.948952762686989137e-01,5.360106943709483929e-01,-5.505500703057755185e-01,4.796629383394753199e-01,-3.948952762686990803e-01,4.714735498022551430e-01,-5.505500703057750744e-01,-2.263910302598302338e-01,-3.948952762686989137e-01,9.999999999999998890e-01,-5.505500703057750744e-01,4.796629383394755419e-01,-3.948952762686989137e-01,5.710319083710717614e-01,-3.948952762686994689e-01,5.360106943709481708e-01,4.327815327021462544e-01,5.360106943709483929e-01,-5.505500703057750744e-01,9.999999999999998890e-01,-5.505500703057755185e-01,4.714735498022549209e-01,-3.948952762686993023e-01,4.796629383394758750e-01,-3.948952762686994133e-01,-2.263910302598304003e-01,-5.505500703057755185e-01,4.796629383394755419e-01,-5.505500703057755185e-01,9.999999999999998890e-01
1.000000000000000666e+00,-7.030541837448239795e-01,6.110440275035602387e-01,-7.030541837448236464e-01,-1.469363867012997149e-01,-5.385300310263271273e-01,6.110440275035594615e-01,-5.385300310263266832e-01,5.632208190705787487e-01,-7.030541837448239795e-01,1.000000000000000666e+00,-7.030541837448238685e-01,5.992649911226179960e-01,2.290670171281253831e-01,5.992649911226181070e-01,-5.385300310263270163e-01,6.169113622108812756e-01,-5.385300310263269052e-01,6.110440275035602387e-01,-7.030541837448238685e-01,1.000000000000000666e+00,-5.385300310263273493e-01,-1.469363867012997427e-01,-7.030541837448237574e-01,5.632208190705789708e-01,-5.385300310263270163e-01,6.110440275035597946e-01,-7.030541837448236464e-01,5.992649911226179960e-01,-5.385300310263273493e-01,1.000000000000000666e+00,2.290670171281252443e-01,6.169113622108818307e-01,-7.030541837448235354e-01,5.992649911226177739e-01,-5.385300310263271273e-01,-1.469363867012997149e-01,2.290670171281253831e-01,-1.469363867012997427e-01,2.290670171281252443e-01,1.000000000000000666e+00,2.290670171281257161e-01,-1.469363867012997982e-01,2.290670171281256329e-01,-1.469363867012999925e-01,-5.385300310263271273e-01,5.992649911226181070e-01,-7.030541837448237574e-01,6.169113622108818307e-01,2.290670171281257161e-01,1.000000000000000666e+00,-5.385300310263269052e-01,5.992649911226176629e-01,-7.030541837448237574e-01,6.110440275035594615e-01,-5.385300310263270163e-01,5.632208190705789708e-01,-7.030541837448235354e-01,-1.469363867012997982e-01,-5.385300310263269052e-01,1.000000000000000666e+00,-7.030541837448232023e-01,6.110440275035596835e-01,-5.385300310263266832e-01,6.169113622108812756e-01,-5.385300310263270163e-01,5.992649911226177739e-01,2.290670171281256329e-01,5.992649911226176629e-01,-7.030541837448232023e-01,1.000000000000000666e+00,-7.030541837448237574e-01,5.632208190705787487e-01,-5.385300310263269052e-01,6.110440275035597946e-01,-5.385300310263271273e-01,-1.469363867012999925e-01,-7.030541837448237574e-01,6.110440275035596835e-01,-7.030541837448237574e-01,1.000000000000000666e+00
1.000000000000001110e+00,-7.906726463233000324e-01,7.024574530768150638e-01,-7.906726463232996993e-01,1.062024451502140143e-01,-6.261513958576006011e-01,7.024574530768146197e-01,-6.261513958576003791e-01,6.218114945671223692e-01,-7.906726463233000324e-01,1.000000000000001110e+00,-7.906726463233000324e-01,6.895607269988490717e-01,-5.247858804841056685e-02,6.895607269988491828e-01,-6.261513958576006011e-01,6.314294184110577079e-01,-6.261513958576004901e-01,7.024574530768150638e-01,-7.906726463233000324e-01,1.000000000000001110e+00,-6.261513958576007122e-01,1.062024451502139588e-01,-7.906726463232996993e-01,6.218114945671223692e-01,-6.261513958576003791e-01,7.024574530768147307e-01,-7.906726463232996993e-01,6.895607269988490717e-01,-6.261513958576007122e-01,1.000000000000001110e+00,-5.247858804841051134e-02,6.314294184110580410e-01,-7.906726463232996993e-01,6.895607269988491828e-01,-6.261513958576007122e-01,1.062024451502140143e-01,-5.247858804841056685e-02,1.062024451502139588e-01,-5.247858804841051134e-02,1.000000000000001110e+00,-5.247858804841015745e-02,1.062024451502138478e-01,-5.247858804841024766e-02,1.062024451502137645e-01,-6.261513958576006011e-01,6.895607269988491828e-01,-7.906726463232996993e-01,6.314294184110580410e-01,-5.247858804841015745e-02,1.000000000000001110e+00,-6.261513958576006011e-01,6.895607269988488497e-01,-7.906726463232996993e-01,7.024574530768146197e-01,-6.261513958576006011e-01,6.218114945671223692e-01,-7.906726463232996993e-01,1.062024451502138478e-01,-6.261513958576006011e-01,1.000000000000001110e+00,-7.906726463232995883e-01,7.024574530768148417e-01,-6.261513958576003791e-01,6.314294184110577079e-01,-6.261513958576003791e-01,6.895607269988491828e-01,-5.247858804841024766e-02,6.895607269988488497e-01,-7.906726463232995883e-01,1.000000000000001110e+00,-7.906726463232995883e-01,6.218114945671223692e-01,-6.261513958576004901e-01,7.024574530768147307e-01,-6.261513958576007122e-01,1.062024451502137645e-01,-7.906726463232996993e-01,7.024574530768148417e-01,-7.906726463232995883e-01,1.000000000000001110e+00
1.000000000000001776e+00,-7.896498882289344490e-01,6.616559965509192232e-01,-7.896498882289340049e-01,3.167124995506059859e-01,-6.174158865620473780e-01,6.616559965509190011e-01,-6.174158865620472669e-01,5.392348083154496763e-01,-7.896498882289344490e-01,1.000000000000001776e+00,-7.896498882289342269e-01,7.440125622602342670e-01,-3.203094790796772173e-01,7.440125622602343780e-01,-6.174158865620474890e-01,6.450224435595837136e-01,-6.174158865620476000e-01,6.616559965509192232e-01,-7.896498882289342269e-01,1.000000000000001776e+00,-6.174158865620472669e-01,3.167124995506058194e-01,-7.896498882289342269e-01,5.392348083154494542e-01,-6.174158865620471559e-01,6.616559965509191121e-01,-7.896498882289340049e-01,7.440125622602342670e-01,-6.174158865620472669e-01,1.000000000000001776e+00,-3.203094790796771618e-01,6.450224435595837136e-01,-7.896498882289342269e-01,7.440125622602344890e-01,-6.174158865620476000e-01,3.167124995506059859e-01,-3.203094790796772173e-01,3.167124995506058194e-01,-3.203094790796771618e-01,1.000000000000001776e+00,-3.203094790796768843e-01,3.167124995506058749e-01,-3.203094790796769953e-01,3.167124995506058194e-01,-6.174158865620473780e-01,7.440125622602343780e-01,-7.896498882289342269e-01,6.450224435595837136e-01,-3.203094790796768843e-01,1.000000000000001776e+00,-6.174158865620474890e-01,7.440125622602342670e-01,-7.896498882289342269e-01,6.616559965509190011e-01,-6.174158865620474890e-01,5.392348083154494542e-01,-7.896498882289342269e-01,3.167124995506058749e-01,-6.174158865620474890e-01,1.000000000000001776e+00,-7.896498882289342269e-01,6.616559965509194452e-01,-6.174158865620472669e-01,6.450224435595837136e-01,-6.174158865620471559e-01,7.440125622602344890e-01,-3.203094790796769953e-01,7.440125622602342670e-01,-7.896498882289342269e-01,1.000000000000001776e+00,-7.896498882289342269e-01,5.392348083154496763e-01,-6.174158865620476000e-01,6.616559965509191121e-01,-6.174158865620476000e-01,3.167124995506058194e-01,-7.896498882289342269e-01,6.616559965509194452e-01,-7.896498882289342269e-01,1.000000000000001776e+00
1.000000000000002220e+00,-7.165641762700981632e-01,5.457871964002420917e-01,-7.165641762700979411e-01,3.466657176278405417e-01,-5.463113650024878920e-01,5.457871964002415366e-01,-5.463113650024877810e-01,3.970950778993825869e-01,-7.165641762700981632e-01,1.000000000000002220e+00,-7.165641762700981632e-01,7.358882365348724530e-01,-4.524494883529439626e-01,7.358882365348723420e-01,-5.463113650024877810e-01,6.471051962232217125e-01,-5.463113650024882251e-01,5.457871964002420917e-01,-7.165641762700981632e-01,1.000000000000002220e+00,-5.463113650024880030e-01,3.466657176278405972e-01,-7.165641762700981632e-01,3.970950778993821428e-01,-5.463113650024878920e-01,5.457871964002419807e-01,-7.165641762700979411e-01,7.358882365348724530e-01,-5.463113650024880030e-01,1.000000000000002220e+00,-4.524494883529438516e-01,6.471051962232216015e-01,-7.165641762700978301e-01,7.358882365348724530e-01,-5.463113650024882251e-01,3.466657176278405417e-01,-4.524494883529439626e-01,3.466657176278405972e-01,-4.524494883529438516e-01,1.000000000000002220e+00,-4.524494883529438516e-01,3.466657176278404862e-01,-4.524494883529439626e-01,3.466657176278405417e-01,-5.463113650024878920e-01,7.358882365348723420e-01,-7.165641762700981632e-01,6.471051962232216015e-01,-4.524494883529438516e-01,1.000000000000002220e+00,-5.463113650024878920e-01,7.358882365348724530e-01,-7.165641762700982742e-01,5.457871964002415366e-01,-5.463113650024877810e-01,3.970950778993821428e-01,-7.165641762700978301e-01,3.466657176278404862e-01,-5.463113650024878920e-01,1.000000000000002220e+00,-7.165641762700981632e-01,5.457871964002420917e-01,-5.463113650024877810e-01,6.471051962232217125e-01,-5.463113650024878920e-01,7.358882365348724530e-01,-4.524494883529439626e-01,7.358882365348724530e-01,-7.165641762700981632e-01,1.000000000000002220e+00,-7.165641762700984962e-01,3.970950778993825869e-01,-5.463113650024882251e-01,5.457871964002419807e-01,-5.463113650024882251e-01,3.466657176278405417e-01,-7.165641762700982742e-01,5.457871964002420917e-01,-7.165641762700984962e-01,1.000000000000002220e+00
