1.000000000000000000e+00,1.000000000000000000e+00,1.000000000000000000e+00,1.000000000000000000e+00,1.000000000000000000e+00,1.000000000000000000e+00,1.000000000000000000e+00,1.000000000000000000e+00,1.000000000000000000e+00,1.000000000000000000e+00,1.000000000000000000e+00,1.000000000000000000e+00,1.000000000000000000e+00,1.000000000000000000e+00,1.000000000000000000e+00,1.000000000000000000e+00,1.000000000000000000e+00,1.000000000000000000e+00,1.000000000000000000e+00,1.000000000000000000e+00,1.000000000000000000e+00,1.000000000000000000e+00,1.000000000000000000e+00,1.000000000000000000e+00,1.000000000000000000e+00,1.000000000000000000e+00,1.000000000000000000e+00,1.000000000000000000e+00,1.000000000000000000e+00,1.000000000000000000e+00,1.000000000000000000e+00,1.000000000000000000e+00,1.000000000000000000e+00,1.000000000000000000e+00,1.000000000000000000e+00,1.000000000000000000e+00,1.000000000000000000e+00,1.000000000000000000e+00,1.000000000000000000e+00,1.000000000000000000e+00,1.000000000000000000e+00,1.000000000000000000e+00,1.000000000000000000e+00,1.000000000000000000e+00,1.000000000000000000e+00,1.000000000000000000e+00,1.000000000000000000e+00,1.000000000000000000e+00,1.000000000000000000e+00,1.000000000000000000e+00,1.000000000000000000e+00,1.000000000000000000e+00,1.000000000000000000e+00,1.000000000000000000e+00,1.000000000000000000e+00,1.000000000000000000e+00,1.000000000000000000e+00,1.000000000000000000e+00,1.000000000000000000e+00,1.000000000000000000e+00,1.000000000000000000e+00,1.000000000000000000e+00,1.000000000000000000e+00,1.000000000000000000e+00,1.000000000000000000e+00,1.000000000000000000e+00,1.000000000000000000e+00,1.000000000000000000e+00,1.000000000000000000e+00,1.000000000000000000e+00,1.000000000000000000e+00,1.000000000000000000e+00,1.000000000000000000e+00,1.000000000000000000e+00,1.000000000000000000e+00,1.000000000000000000e+00,1.000000000000000000e+00,1.000000000000000000e+00,1.000000000000000000e+00,1.000000000000000000e+00,1.000000000000000000e+00
9.999999999999993339e-01,8.192567787394197110e-01,8.214228816959907586e-01,8.192567787394195999e-01,8.221717929245557777e-01,8.219025640580752690e-01,8.214228816959906476e-01,8.219025640580751579e-01,8.214373857742417462e-01,8.192567787394197110e-01,9.999999999999993339e-01,8.192567787394195999e-01,8.221298312723330781e-01,8.202576656089546336e-01,8.221298312723331891e-01,8.219025640580753800e-01,8.223752590627452230e-01,8.219025640580752690e-01,8.214228816959907586e-01,8.192567787394195999e-01,9.999999999999993339e-01,8.219025640580752690e-01,8.221717929245557777e-01,8.192567787394195999e-01,8.214373857742419682e-01,8.219025640580753800e-01,8.214228816959908697e-01,8.192567787394195999e-01,8.221298312723330781e-01,8.219025640580752690e-01,9.999999999999993339e-01,8.202576656089546336e-01,8.223752590627448900e-01,8.192567787394195999e-01,8.221298312723331891e-01,8.219025640580752690e-01,8.221717929245557777e-01,8.202576656089546336e-01,8.221717929245557777e-01,8.202576656089546336e-01,9.999999999999993339e-01,8.202576656089546336e-01,8.221717929245556666e-01,8.202576656089546336e-01,8.221717929245557777e-01,8.219025640580752690e-01,8.221298312723331891e-01,8.192567787394195999e-01,8.223752590627448900e-01,8.202576656089546336e-01,9.999999999999993339e-01,8.219025640580752690e-01,8.221298312723331891e-01,8.192567787394195999e-01,8.214228816959906476e-01,8.219025640580753800e-01,8.214373857742419682e-01,8.192567787394195999e-01,8.221717929245556666e-01,8.219025640580752690e-01,9.999999999999993339e-01,8.192567787394194889e-01,8.214228816959906476e-01,8.219025640580751579e-01,8.223752590627452230e-01,8.219025640580753800e-01,8.221298312723331891e-01,8.202576656089546336e-01,8.221298312723331891e-01,8.192567787394194889e-01,9.999999999999993339e-01,8.192567787394194889e-01,8.214373857742417462e-01,8.219025640580752690e-01,8.214228816959908697e-01,8.219025640580752690e-01,8.221717929245557777e-01,8.192567787394195999e-01,8.214228816959906476e-01,8.192567787394194889e-01,9.999999999999993339e-01
9.999999999999988898e-01,5.619208998375755382e-01,5.938501080115314856e-01,5.619208998375753161e-01,6.084581132182441676e-01,6.014337845105351965e-01,5.938501080115314856e-01,6.014337845105351965e-01,5.922851986652435397e-01,5.619208998375755382e-01,9.999999999999988898e-01,5.619208998375756492e-01,6.080238288877047870e-01,5.843711329994691894e-01,6.080238288877048980e-01,6.014337845105354186e-01,6.117733842949147904e-01,6.014337845105353075e-01,5.938501080115314856e-01,5.619208998375756492e-01,9.999999999999988898e-01,6.014337845105351965e-01,6.084581132182440566e-01,5.619208998375754271e-01,5.922851986652436507e-01,6.014337845105350855e-01,5.938501080115314856e-01,5.619208998375753161e-01,6.080238288877047870e-01,6.014337845105351965e-01,9.999999999999988898e-01,5.843711329994691894e-01,6.117733842949145684e-01,5.619208998375755382e-01,6.080238288877046759e-01,6.014337845105350855e-01,6.084581132182441676e-01,5.843711329994691894e-01,6.084581132182440566e-01,5.843711329994691894e-01,9.999999999999988898e-01,5.843711329994690784e-01,6.084581132182441676e-01,5.843711329994690784e-01,6.084581132182441676e-01,6.014337845105351965e-01,6.080238288877048980e-01,5.619208998375754271e-01,6.117733842949145684e-01,5.843711329994690784e-01,9.999999999999988898e-01,6.014337845105354186e-01,6.080238288877047870e-01,5.619208998375755382e-01,5.938501080115314856e-01,6.014337845105354186e-01,5.922851986652436507e-01,5.619208998375755382e-01,6.084581132182441676e-01,6.014337845105354186e-01,9.999999999999988898e-01,5.619208998375755382e-01,5.938501080115315967e-01,6.014337845105351965e-01,6.117733842949147904e-01,6.014337845105350855e-01,6.080238288877046759e-01,5.843711329994690784e-01,6.080238288877047870e-01,5.619208998375755382e-01,9.999999999999988898e-01,5.619208998375755382e-01,5.922851986652435397e-01,6.014337845105353075e-01,5.938501080115314856e-01,6.014337845105350855e-01,6.084581132182441676e-01,5.619208998375755382e-01,5.938501080115315967e-01,5.619208998375755382e-01,9.999999999999988898e-01
1.000000000000000000e+00,5.835057020611582601e-01,6.000745652062136060e-01,5.835057020611579270e-01,6.400118490657853432e-01,6.197840427677867581e-01,6.000745652062140501e-01,6.197840427677866471e-01,5.948422863674270866e-01,5.835057020611582601e-01,1.000000000000000000e+00,5.835057020611585932e-01,6.406640822033552451e-01,6.436621375368694054e-01,6.406640822033549121e-01,6.197840427677876463e-01,6.473680230061346075e-01,6.197840427677872022e-01,6.000745652062136060e-01,5.835057020611585932e-01,1.000000000000000000e+00,6.197840427677872022e-01,6.400118490657855652e-01,5.835057020611579270e-01,5.948422863674277528e-01,6.197840427677870911e-01,6.000745652062142721e-01,5.835057020611579270e-01,6.406640822033552451e-01,6.197840427677872022e-01,1.000000000000000000e+00,6.436621375368689613e-01,6.473680230061343854e-01,5.835057020611584822e-01,6.406640822033546900e-01,6.197840427677869801e-01,6.400118490657853432e-01,6.436621375368694054e-01,6.400118490657855652e-01,6.436621375368689613e-01,1.000000000000000000e+00,6.436621375368687392e-01,6.400118490657858983e-01,6.436621375368688502e-01,6.400118490657856762e-01,6.197840427677867581e-01,6.406640822033549121e-01,5.835057020611579270e-01,6.473680230061343854e-01,6.436621375368687392e-01,1.000000000000000000e+00,6.197840427677872022e-01,6.406640822033544680e-01,5.835057020611578160e-01,6.000745652062140501e-01,6.197840427677876463e-01,5.948422863674277528e-01,5.835057020611584822e-01,6.400118490657858983e-01,6.197840427677872022e-01,1.000000000000000000e+00,5.835057020611581491e-01,6.000745652062143831e-01,6.197840427677866471e-01,6.473680230061346075e-01,6.197840427677870911e-01,6.406640822033546900e-01,6.436621375368688502e-01,6.406640822033544680e-01,5.835057020611581491e-01,1.000000000000000000e+00,5.835057020611579270e-01,5.948422863674270866e-01,6.197840427677872022e-01,6.000745652062142721e-01,6.197840427677869801e-01,6.400118490657856762e-01,5.835057020611578160e-01,6.000745652062143831e-01,5.835057020611579270e-01,1.000000000000000000e+00
9.999999999999998890e-01,8.201574303190506399e-01,7.915575834355433882e-01,8.201574303190500848e-01,8.479160114548145444e-01,8.212311249708317273e-01,7.915575834355439433e-01,8.212311249708316163e-01,7.889794731851791365e-01,8.201574303190506399e-01,9.999999999999998890e-01,8.201574303190508619e-01,8.536615682033330543e-01,8.844987030396943561e-01,8.536615682033328323e-01,8.212311249708328376e-01,8.554384741694502914e-01,8.212311249708326155e-01,7.915575834355433882e-01,8.201574303190508619e-01,9.999999999999998890e-01,8.212311249708323935e-01,8.479160114548148774e-01,8.201574303190500848e-01,7.889794731851798026e-01,8.212311249708319494e-01,7.915575834355437213e-01,8.201574303190500848e-01,8.536615682033330543e-01,8.212311249708323935e-01,9.999999999999998890e-01,8.844987030396940231e-01,8.554384741694501804e-01,8.201574303190506399e-01,8.536615682033323882e-01,8.212311249708320604e-01,8.479160114548145444e-01,8.844987030396943561e-01,8.479160114548148774e-01,8.844987030396940231e-01,9.999999999999998890e-01,8.844987030396936900e-01,8.479160114548152105e-01,8.844987030396936900e-01,8.479160114548148774e-01,8.212311249708317273e-01,8.536615682033328323e-01,8.201574303190500848e-01,8.554384741694501804e-01,8.844987030396936900e-01,9.999999999999998890e-01,8.212311249708322825e-01,8.536615682033321661e-01,8.201574303190499737e-01,7.915575834355439433e-01,8.212311249708328376e-01,7.889794731851798026e-01,8.201574303190506399e-01,8.479160114548152105e-01,8.212311249708322825e-01,9.999999999999998890e-01,8.201574303190504178e-01,7.915575834355441653e-01,8.212311249708316163e-01,8.554384741694502914e-01,8.212311249708319494e-01,8.536615682033323882e-01,8.844987030396936900e-01,8.536615682033321661e-01,8.201574303190504178e-01,9.999999999999998890e-01,8.201574303190499737e-01,7.889794731851791365e-01,8.212311249708326155e-01,7.915575834355437213e-01,8.212311249708320604e-01,8.479160114548148774e-01,8.201574303190499737e-01,7.915575834355441653e-01,8.201574303190499737e-01,9.999999999999998890e-01
1.000000000000000222e+00,9.622099255746573432e-01,9.506662603557034519e-01,9.622099255746573432e-01,9.586833331307444972e-01,9.621470638832010369e-01,9.506662603557034519e-01,9.621470638832010369e-01,9.511571553188324923e-01,9.622099255746573432e-01,1.000000000000000222e+00,9.622099255746572322e-01,9.734301765021734498e-01,9.708396039873042893e-01,9.734301765021735608e-01,9.621470638832010369e-01,9.735178499160618282e-01,9.621470638832010369e-01,9.506662603557034519e-01,9.622099255746572322e-01,1.000000000000000222e+00,9.621470638832010369e-01,9.586833331307444972e-01,9.622099255746575652e-01,9.511571553188324923e-01,9.621470638832009259e-01,9.506662603557032298e-01,9.622099255746573432e-01,9.734301765021734498e-01,9.621470638832010369e-01,1.000000000000000222e+00,9.708396039873042893e-01,9.735178499160620502e-01,9.622099255746574542e-01,9.734301765021733388e-01,9.621470638832009259e-01,9.586833331307444972e-01,9.708396039873042893e-01,9.586833331307444972e-01,9.708396039873042893e-01,1.000000000000000222e+00,9.708396039873044003e-01,9.586833331307444972e-01,9.708396039873041783e-01,9.586833331307442752e-01,9.621470638832010369e-01,9.734301765021735608e-01,9.622099255746575652e-01,9.735178499160620502e-01,9.708396039873044003e-01,1.000000000000000222e+00,9.621470638832010369e-01,9.734301765021733388e-01,9.622099255746574542e-01,9.506662603557034519e-01,9.621470638832010369e-01,9.511571553188324923e-01,9.622099255746574542e-01,9.586833331307444972e-01,9.621470638832010369e-01,1.000000000000000222e+00,9.622099255746574542e-01,9.506662603557033409e-01,9.621470638832010369e-01,9.735178499160618282e-01,9.621470638832009259e-01,9.734301765021733388e-01,9.708396039873041783e-01,9.734301765021733388e-01,9.622099255746574542e-01,1.000000000000000222e+00,9.622099255746572322e-01,9.511571553188324923e-01,9.621470638832010369e-01,9.506662603557032298e-01,9.621470638832009259e-01,9.586833331307442752e-01,9.622099255746574542e-01,9.506662603557033409e-01,9.622099255746572322e-01,1.000000000000000222e+00
9.999999999999993339e-01,8.362054871824516900e-01,8.707536094794434689e-01,8.362054871824521340e-01,7.949913167293741756e-01,8.401139718288376246e-01,8.707536094794432469e-01,8.401139718288377356e-01,8.687469786898800450e-01,8.362054871824516900e-01,9.999999999999993339e-01,8.362054871824512459e-01,8.113048884337954458e-01,7.601488130165419133e-01,8.113048884337958899e-01,8.401139718288364033e-01,8.130986816115985949e-01,8.401139718288367364e-01,8.707536094794434689e-01,8.362054871824512459e-01,9.999999999999993339e-01,8.401139718288368474e-01,7.949913167293738425e-01,8.362054871824519120e-01,8.687469786898792679e-01,8.401139718288372915e-01,8.707536094794431358e-01,8.362054871824521340e-01,8.113048884337954458e-01,8.401139718288368474e-01,9.999999999999993339e-01,7.601488130165423573e-01,8.130986816115988169e-01,8.362054871824512459e-01,8.113048884337962230e-01,8.401139718288369584e-01,7.949913167293741756e-01,7.601488130165419133e-01,7.949913167293738425e-01,7.601488130165423573e-01,9.999999999999993339e-01,7.601488130165425794e-01,7.949913167293736205e-01,7.601488130165426904e-01,7.949913167293739535e-01,8.401139718288376246e-01,8.113048884337958899e-01,8.362054871824519120e-01,8.130986816115988169e-01,7.601488130165425794e-01,9.999999999999993339e-01,8.401139718288370695e-01,8.113048884337965561e-01,8.362054871824521340e-01,8.707536094794432469e-01,8.401139718288364033e-01,8.687469786898792679e-01,8.362054871824512459e-01,7.949913167293736205e-01,8.401139718288370695e-01,9.999999999999993339e-01,8.362054871824518010e-01,8.707536094794430248e-01,8.401139718288377356e-01,8.130986816115985949e-01,8.401139718288372915e-01,8.113048884337962230e-01,7.601488130165426904e-01,8.113048884337965561e-01,8.362054871824518010e-01,9.999999999999993339e-01,8.362054871824522451e-01,8.687469786898800450e-01,8.401139718288367364e-01,8.707536094794431358e-01,8.401139718288369584e-01,7.949913167293739535e-01,8.362054871824521340e-01,8.707536094794430248e-01,8.362054871824522451e-01,9.999999999999993339e-01
9.999999999999993339e-01,5.357373215038385705e-01,6.169901743859580456e-01,5.357373215038395697e-01,5.295184441039204604e-01,5.726484157120623752e-01,6.169901743859578236e-01,5.726484157120623752e-01,6.159026151752382550e-01,5.357373215038385705e-01,9.999999999999993339e-01,5.357373215038381264e-01,5.335967436109358975e-01,4.320589732013329076e-01,5.335967436109365636e-01,5.726484157120603768e-01,5.342803812175761502e-01,5.726484157120608209e-01,6.169901743859580456e-01,5.357373215038381264e-01,9.999999999999993339e-01,5.726484157120613760e-01,5.295184441039200163e-01,5.357373215038396808e-01,6.159026151752371447e-01,5.726484157120619312e-01,6.169901743859577126e-01,5.357373215038395697e-01,5.335967436109358975e-01,5.726484157120613760e-01,9.999999999999993339e-01,4.320589732013336293e-01,5.342803812175767053e-01,5.357373215038384595e-01,5.335967436109371187e-01,5.726484157120613760e-01,5.295184441039204604e-01,4.320589732013329076e-01,5.295184441039200163e-01,4.320589732013336293e-01,9.999999999999993339e-01,4.320589732013342399e-01,5.295184441039195722e-01,4.320589732013343509e-01,5.295184441039197942e-01,5.726484157120623752e-01,5.335967436109365636e-01,5.357373215038396808e-01,5.342803812175767053e-01,4.320589732013342399e-01,9.999999999999993339e-01,5.726484157120614871e-01,5.335967436109376738e-01,5.357373215038397918e-01,6.169901743859578236e-01,5.726484157120603768e-01,6.159026151752371447e-01,5.357373215038384595e-01,5.295184441039195722e-01,5.726484157120614871e-01,9.999999999999993339e-01,5.357373215038392367e-01,6.169901743859573795e-01,5.726484157120623752e-01,5.342803812175761502e-01,5.726484157120619312e-01,5.335967436109371187e-01,4.320589732013343509e-01,5.335967436109376738e-01,5.357373215038392367e-01,9.999999999999993339e-01,5.357373215038396808e-01,6.159026151752382550e-01,5.726484157120608209e-01,6.169901743859577126e-01,5.726484157120613760e-01,5.295184441039197942e-01,5.357373215038397918e-01,6.169901743859573795e-01,5.357373215038396808e-01,9.999999999999993339e-01
9.999999999999991118e-01,2.835386145874436159e-01,4.107914680836315391e-01,2.835386145874447261e-01,4.040840906612057637e-01,3.902972281157224277e-01,4.107914680836308174e-01,3.902972281157226497e-01,4.054750766444488730e-01,2.835386145874436159e-01,9.999999999999991118e-01,2.835386145874432828e-01,3.879526176657552838e-01,2.591209043824549418e-01,3.879526176657559500e-01,3.902972281157211509e-01,3.902960276753426605e-01,3.902972281157213175e-01,4.107914680836315391e-01,2.835386145874432828e-01,9.999999999999991118e-01,3.902972281157222056e-01,4.040840906612056527e-01,2.835386145874444486e-01,4.054750766444482624e-01,3.902972281157224277e-01,4.107914680836308174e-01,2.835386145874447261e-01,3.879526176657552838e-01,3.902972281157222056e-01,9.999999999999991118e-01,2.591209043824561076e-01,3.902960276753430491e-01,2.835386145874437269e-01,3.879526176657568937e-01,3.902972281157222056e-01,4.040840906612057637e-01,2.591209043824549418e-01,4.040840906612056527e-01,2.591209043824561076e-01,9.999999999999991118e-01,2.591209043824563296e-01,4.040840906612052086e-01,2.591209043824567182e-01,4.040840906612053196e-01,3.902972281157224277e-01,3.879526176657559500e-01,2.835386145874444486e-01,3.902960276753430491e-01,2.591209043824563296e-01,9.999999999999991118e-01,3.902972281157218726e-01,3.879526176657570602e-01,2.835386145874444486e-01,4.107914680836308174e-01,3.902972281157211509e-01,4.054750766444482624e-01,2.835386145874437269e-01,4.040840906612052086e-01,3.902972281157218726e-01,9.999999999999991118e-01,2.835386145874443931e-01,4.107914680836304289e-01,3.902972281157226497e-01,3.902960276753426605e-01,3.902972281157224277e-01,3.879526176657568937e-01,2.591209043824567182e-01,3.879526176657570602e-01,2.835386145874443931e-01,9.999999999999991118e-01,2.835386145874448927e-01,4.054750766444488730e-01,3.902972281157213175e-01,4.107914680836308174e-01,3.902972281157222056e-01,4.040840906612053196e-01,2.835386145874444486e-01,4.107914680836304289e-01,2.835386145874448927e-01,9.999999999999991118e-01
9.999999999999988898e-01,2.052383949834856169e-01,3.454126029829216460e-01,2.052383949834869770e-01,4.315168750695891342e-01,3.468905315447931570e-01,3.454126029829207578e-01,3.468905315447935456e-01,3.143494681734558260e-01,2.052383949834856169e-01,9.999999999999988898e-01,2.052383949834857835e-01,4.173410167476448440e-01,3.477439008787946984e-01,4.173410167476450661e-01,3.468905315447926574e-01,4.166311556281548367e-01,3.468905315447926574e-01,3.454126029829216460e-01,2.052383949834857835e-01,9.999999999999988898e-01,3.468905315447941007e-01,4.315168750695893563e-01,2.052383949834866994e-01,3.143494681734558815e-01,3.468905315447936566e-01,3.454126029829208688e-01,2.052383949834869770e-01,4.173410167476448440e-01,3.468905315447941007e-01,9.999999999999988898e-01,3.477439008787961972e-01,4.166311556281553918e-01,2.052383949834864774e-01,4.173410167476465649e-01,3.468905315447934901e-01,4.315168750695891342e-01,3.477439008787946984e-01,4.315168750695893563e-01,3.477439008787961972e-01,9.999999999999988898e-01,3.477439008787956976e-01,4.315168750695891342e-01,3.477439008787961416e-01,4.315168750695890787e-01,3.468905315447931570e-01,4.173410167476450661e-01,2.052383949834866994e-01,4.166311556281553918e-01,3.477439008787956976e-01,9.999999999999988898e-01,3.468905315447929905e-01,4.173410167476461763e-01,2.052383949834863386e-01,3.454126029829207578e-01,3.468905315447926574e-01,3.143494681734558815e-01,2.052383949834864774e-01,4.315168750695891342e-01,3.468905315447929905e-01,9.999999999999988898e-01,2.052383949834866161e-01,3.454126029829204247e-01,3.468905315447935456e-01,4.166311556281548367e-01,3.468905315447936566e-01,4.173410167476465649e-01,3.477439008787961416e-01,4.173410167476461763e-01,2.052383949834866161e-01,9.999999999999988898e-01,2.052383949834866717e-01,3.143494681734558260e-01,3.468905315447926574e-01,3.454126029829208688e-01,3.468905315447934901e-01,4.315168750695890787e-01,2.052383949834863386e-01,3.454126029829204247e-01,2.052383949834866717e-01,9.999999999999988898e-01
9.999999999999987788e-01,2.841278426302029092e-01,3.492743118911791900e-01,2.841278426302044080e-01,4.974997926584531216e-01,3.740283822333589359e-01,3.492743118911788014e-01,3.740283822333594355e-01,2.960168517095166374e-01,2.841278426302029092e-01,9.999999999999987788e-01,2.841278426302036864e-01,5.259472969009708621e-01,5.864949105460802725e-01,5.259472969009706400e-01,3.740283822333589914e-01,5.194966563348760724e-01,3.740283822333585473e-01,3.492743118911791900e-01,2.841278426302036864e-01,9.999999999999987788e-01,3.740283822333607677e-01,4.974997926584541208e-01,2.841278426302045190e-01,2.960168517095172480e-01,3.740283822333600461e-01,3.492743118911789679e-01,2.841278426302044080e-01,5.259472969009708621e-01,3.740283822333607677e-01,9.999999999999987788e-01,5.864949105460818268e-01,5.194966563348768496e-01,2.841278426302046300e-01,5.259472969009724164e-01,3.740283822333594910e-01,4.974997926584531216e-01,5.864949105460802725e-01,4.974997926584541208e-01,5.864949105460818268e-01,9.999999999999987788e-01,5.864949105460808276e-01,4.974997926584537322e-01,5.864949105460812717e-01,4.974997926584533436e-01,3.740283822333589359e-01,5.259472969009706400e-01,2.841278426302045190e-01,5.194966563348768496e-01,5.864949105460808276e-01,9.999999999999987788e-01,3.740283822333591024e-01,5.259472969009716392e-01,2.841278426302034088e-01,3.492743118911788014e-01,3.740283822333589914e-01,2.960168517095172480e-01,2.841278426302046300e-01,4.974997926584537322e-01,3.740283822333591024e-01,9.999999999999987788e-01,2.841278426302041860e-01,3.492743118911785793e-01,3.740283822333594355e-01,5.194966563348760724e-01,3.740283822333600461e-01,5.259472969009724164e-01,5.864949105460812717e-01,5.259472969009716392e-01,2.841278426302041860e-01,9.999999999999987788e-01,2.841278426302039084e-01,2.960168517095166374e-01,3.740283822333585473e-01,3.492743118911789679e-01,3.740283822333594910e-01,4.974997926584533436e-01,2.841278426302034088e-01,3.492743118911785793e-01,2.841278426302039084e-01,9.999999999999987788e-01
9.999999999999988898e-01,3.923248137331328822e-01,3.503332923324096737e-01,3.923248137331343810e-01,5.406942943944818003e-01,4.281115170704679063e-01,3.503332923324095627e-01,4.281115170704680728e-01,3.124894821484123231e-01,3.923248137331328822e-01,9.999999999999988898e-01,3.923248137331346030e-01,6.595294777332352254e-01,7.870120620051335170e-01,6.595294777332343372e-01,4.281115170704680728e-01,6.519098241174843267e-01,4.281115170704675177e-01,3.503332923324096737e-01,3.923248137331346030e-01,9.999999999999988898e-01,4.281115170704703488e-01,5.406942943944834656e-01,3.923248137331348806e-01,3.124894821484133223e-01,4.281115170704694606e-01,3.503332923324101178e-01,3.923248137331343810e-01,6.595294777332352254e-01,4.281115170704703488e-01,9.999999999999988898e-01,7.870120620051352933e-01,6.519098241174854369e-01,3.923248137331348806e-01,6.595294777332358915e-01,4.281115170704684614e-01,5.406942943944818003e-01,7.870120620051335170e-01,5.406942943944834656e-01,7.870120620051352933e-01,9.999999999999988898e-01,7.870120620051339611e-01,5.406942943944825775e-01,7.870120620051344051e-01,5.406942943944819113e-01,4.281115170704679063e-01,6.595294777332343372e-01,3.923248137331348806e-01,6.519098241174854369e-01,7.870120620051339611e-01,9.999999999999988898e-01,4.281115170704684614e-01,6.595294777332350034e-01,3.923248137331331042e-01,3.503332923324095627e-01,4.281115170704680728e-01,3.124894821484133223e-01,3.923248137331348806e-01,5.406942943944825775e-01,4.281115170704684614e-01,9.999999999999988898e-01,3.923248137331341034e-01,3.503332923324095072e-01,4.281115170704680728e-01,6.519098241174843267e-01,4.281115170704694606e-01,6.595294777332358915e-01,7.870120620051344051e-01,6.595294777332350034e-01,3.923248137331341034e-01,9.999999999999988898e-01,3.923248137331333263e-01,3.124894821484123231e-01,4.281115170704675177e-01,3.503332923324101178e-01,4.281115170704684614e-01,5.406942943944819113e-01,3.923248137331331042e-01,3.503332923324095072e-01,3.923248137331333263e-01,9.999999999999988898e-01
9.999999999999987788e-01,4.004242823115380934e-01,2.893817235039373159e-01,4.004242823115389815e-01,4.827015253714508347e-01,4.410800636541812869e-01,2.893817235039369828e-01,4.410800636541811204e-01,3.007357330830780495e-01,4.004242823115380934e-01,9.999999999999987788e-01,4.004242823115402028e-01,7.245763929026582950e-01,7.908152564418373665e-01,7.245763929026572958e-01,4.410800636541816755e-01,7.251489432796835999e-01,4.410800636541810649e-01,2.893817235039373159e-01,4.004242823115402028e-01,9.999999999999987788e-01,4.410800636541833963e-01,4.827015253714528331e-01,4.004242823115400918e-01,3.007357330830792708e-01,4.410800636541830633e-01,2.893817235039379265e-01,4.004242823115389815e-01,7.245763929026582950e-01,4.410800636541833963e-01,9.999999999999987788e-01,7.908152564418384767e-01,7.251489432796844881e-01,4.004242823115399252e-01,7.245763929026580730e-01,4.410800636541817310e-01,4.827015253714508347e-01,7.908152564418373665e-01,4.827015253714528331e-01,7.908152564418384767e-01,9.999999999999987788e-01,7.908152564418373665e-01,4.827015253714516119e-01,7.908152564418375885e-01,4.827015253714507237e-01,4.410800636541812869e-01,7.245763929026572958e-01,4.004242823115400918e-01,7.251489432796844881e-01,7.908152564418373665e-01,9.999999999999987788e-01,4.410800636541817310e-01,7.245763929026572958e-01,4.004242823115382599e-01,2.893817235039369828e-01,4.410800636541816755e-01,3.007357330830792708e-01,4.004242823115399252e-01,4.827015253714516119e-01,4.410800636541817310e-01,9.999999999999987788e-01,4.004242823115390371e-01,2.893817235039373159e-01,4.410800636541811204e-01,7.251489432796835999e-01,4.410800636541830633e-01,7.245763929026580730e-01,7.908152564418375885e-01,7.245763929026572958e-01,4.004242823115390371e-01,9.999999999999987788e-01,4.004242823115382599e-01,3.007357330830780495e-01,4.410800636541810649e-01,2.893817235039379265e-01,4.410800636541817310e-01,4.827015253714507237e-01,4.004242823115382599e-01,2.893817235039373159e-01,4.004242823115382599e-01,9.999999999999987788e-01
1.000000000000000000e+00,2.632631073275867317e-01,1.558063456374212674e-01,2.632631073275868427e-01,3.104446767762307213e-01,3.482039838519251918e-01,1.558063456374207678e-01,3.482039838519251918e-01,1.998507767447428585e-01,2.632631073275867317e-01,1.000000000000000000e+00,2.632631073275881750e-01,6.525848522707808907e-01,5.495226890045707968e-01,6.525848522707804467e-01,3.482039838519258024e-01,6.565584512589004440e-01,3.482039838519253028e-01,1.558063456374212674e-01,2.632631073275881750e-01,1.000000000000000000e+00,3.482039838519265240e-01,3.104446767762322756e-01,2.632631073275881750e-01,1.998507767447438854e-01,3.482039838519266906e-01,1.558063456374214895e-01,2.632631073275868427e-01,6.525848522707808907e-01,3.482039838519265240e-01,1.000000000000000000e+00,5.495226890045710189e-01,6.565584512589004440e-01,2.632631073275875089e-01,6.525848522707806687e-01,3.482039838519254693e-01,3.104446767762307213e-01,5.495226890045707968e-01,3.104446767762322756e-01,5.495226890045710189e-01,1.000000000000000000e+00,5.495226890045705748e-01,3.104446767762314985e-01,5.495226890045705748e-01,3.104446767762306658e-01,3.482039838519251918e-01,6.525848522707804467e-01,2.632631073275881750e-01,6.565584512589004440e-01,5.495226890045705748e-01,1.000000000000000000e+00,3.482039838519257469e-01,6.525848522707802246e-01,2.632631073275865652e-01,1.558063456374207678e-01,3.482039838519258024e-01,1.998507767447438854e-01,2.632631073275875089e-01,3.104446767762314985e-01,3.482039838519257469e-01,1.000000000000000000e+00,2.632631073275872868e-01,1.558063456374211286e-01,3.482039838519251918e-01,6.565584512589004440e-01,3.482039838519266906e-01,6.525848522707806687e-01,5.495226890045705748e-01,6.525848522707802246e-01,2.632631073275872868e-01,1.000000000000000000e+00,2.632631073275866207e-01,1.998507767447428585e-01,3.482039838519253028e-01,1.558063456374214895e-01,3.482039838519254693e-01,3.104446767762306658e-01,2.632631073275865652e-01,1.558063456374211286e-01,2.632631073275866207e-01,1.000000000000000000e+00
1.000000000000000222e+00,1.679931273445690182e-02,4.121749538700941740e-02,1.679931273445650630e-02,1.471487469034338247e-01,1.865951249215737073e-01,4.121749538700864024e-02,1.865951249215737906e-01,5.003823852682848933e-02,1.679931273445690182e-02,1.000000000000000222e+00,1.679931273445756795e-02,5.296695440154628454e-01,1.850090574311653302e-01,5.296695440154630674e-01,1.865951249215740959e-01,5.126247870338656032e-01,1.865951249215737628e-01,4.121749538700941740e-02,1.679931273445756795e-02,1.000000000000000222e+00,1.865951249215740959e-01,1.471487469034346851e-01,1.679931273445742917e-02,5.003823852682906526e-02,1.865951249215743180e-01,4.121749538700870963e-02,1.679931273445650630e-02,5.296695440154628454e-01,1.865951249215740959e-01,1.000000000000000222e+00,1.850090574311649139e-01,5.126247870338652701e-01,1.679931273445656181e-02,5.296695440154629564e-01,1.865951249215737073e-01,1.471487469034338247e-01,1.850090574311653302e-01,1.471487469034346851e-01,1.850090574311649139e-01,1.000000000000000222e+00,1.850090574311651082e-01,1.471487469034348239e-01,1.850090574311649694e-01,1.471487469034342133e-01,1.865951249215737073e-01,5.296695440154630674e-01,1.679931273445742917e-02,5.126247870338652701e-01,1.850090574311651082e-01,1.000000000000000222e+00,1.865951249215739849e-01,5.296695440154631784e-01,1.679931273445647161e-02,4.121749538700864024e-02,1.865951249215740959e-01,5.003823852682906526e-02,1.679931273445656181e-02,1.471487469034348239e-01,1.865951249215739849e-01,1.000000000000000222e+00,1.679931273445672835e-02,4.121749538700870963e-02,1.865951249215737906e-01,5.126247870338656032e-01,1.865951249215743180e-01,5.296695440154629564e-01,1.850090574311649694e-01,5.296695440154631784e-01,1.679931273445672835e-02,1.000000000000000222e+00,1.679931273445638140e-02,5.003823852682848933e-02,1.865951249215737628e-01,4.121749538700870963e-02,1.865951249215737073e-01,1.471487469034342133e-01,1.679931273445647161e-02,4.121749538700870963e-02,1.679931273445638140e-02,1.000000000000000222e+00
1.000000000000000444e+00,-2.480061272028963870e-01,5.757137106731741172e-02,-2.480061272028968589e-01,1.299456234015451683e-01,2.283673865902031974e-02,5.757137106731655130e-02,2.283673865902061811e-02,-4.523149219121493786e-02,-2.480061272028963870e-01,1.000000000000000444e+00,-2.480061272028965536e-01,4.826729216605132322e-01,-1.141838739123954005e-01,4.826729216605138983e-01,2.283673865902072220e-02,4.168733114773683912e-01,2.283673865902047240e-02,5.757137106731741172e-02,-2.480061272028965536e-01,1.000000000000000444e+00,2.283673865902025035e-02,1.299456234015453626e-01,-2.480061272028967756e-01,-4.523149219121458398e-02,2.283673865902019831e-02,5.757137106731617660e-02,-2.480061272028968589e-01,4.826729216605132322e-01,2.283673865902025035e-02,1.000000000000000444e+00,-1.141838739123962887e-01,4.168733114773681137e-01,-2.480061272028972752e-01,4.826729216605136208e-01,2.283673865902025035e-02,1.299456234015451683e-01,-1.141838739123954005e-01,1.299456234015453626e-01,-1.141838739123962887e-01,1.000000000000000444e+00,-1.141838739123956087e-01,1.299456234015460288e-01,-1.141838739123957752e-01,1.299456234015457512e-01,2.283673865902031974e-02,4.826729216605138983e-01,-2.480061272028967756e-01,4.168733114773681137e-01,-1.141838739123956087e-01,1.000000000000000444e+00,2.283673865902044464e-02,4.826729216605140649e-01,-2.480061272028968311e-01,5.757137106731655130e-02,2.283673865902072220e-02,-4.523149219121458398e-02,-2.480061272028972752e-01,1.299456234015460288e-01,2.283673865902044464e-02,1.000000000000000444e+00,-2.480061272028967201e-01,5.757137106731621823e-02,2.283673865902061811e-02,4.168733114773683912e-01,2.283673865902019831e-02,4.826729216605136208e-01,-1.141838739123957752e-01,4.826729216605140649e-01,-2.480061272028967201e-01,1.000000000000000444e+00,-2.480061272028969699e-01,-4.523149219121493786e-02,2.283673865902047240e-02,5.757137106731617660e-02,2.283673865902025035e-02,1.299456234015457512e-01,-2.480061272028968311e-01,5.757137106731621823e-02,-2.480061272028969699e-01,1.000000000000000444e+00
1.000000000000000222e+00,-4.484695786253358185e-01,2.117363095772096526e-01,-4.484695786253362626e-01,2.617047685437650095e-01,-1.417202393973215901e-01,2.117363095772090420e-01,-1.417202393973212016e-01,-9.530963765947503274e-03,-4.484695786253358185e-01,1.000000000000000222e+00,-4.484695786253370953e-01,5.398309396851159736e-01,-2.547263724756604342e-01,5.398309396851164177e-01,-1.417202393973214236e-01,4.205784497342039963e-01,-1.417202393973217289e-01,2.117363095772096526e-01,-4.484695786253370953e-01,1.000000000000000222e+00,-1.417202393973223118e-01,2.617047685437646765e-01,-4.484695786253369842e-01,-9.530963765947156330e-03,-1.417202393973224783e-01,2.117363095772089032e-01,-4.484695786253362626e-01,5.398309396851159736e-01,-1.417202393973223118e-01,1.000000000000000222e+00,-2.547263724756613779e-01,4.205784497342038852e-01,-4.484695786253367622e-01,5.398309396851160846e-01,-1.417202393973218677e-01,2.617047685437650095e-01,-2.547263724756604342e-01,2.617047685437646765e-01,-2.547263724756613779e-01,1.000000000000000222e+00,-2.547263724756604897e-01,2.617047685437653426e-01,-2.547263724756607672e-01,2.617047685437650650e-01,-1.417202393973215901e-01,5.398309396851164177e-01,-4.484695786253369842e-01,4.205784497342038852e-01,-2.547263724756604897e-01,1.000000000000000222e+00,-1.417202393973217289e-01,5.398309396851165287e-01,-4.484695786253362071e-01,2.117363095772090420e-01,-1.417202393973214236e-01,-9.530963765947156330e-03,-4.484695786253367622e-01,2.617047685437653426e-01,-1.417202393973217289e-01,1.000000000000000222e+00,-4.484695786253360961e-01,2.117363095772085702e-01,-1.417202393973212016e-01,4.205784497342039963e-01,-1.417202393973224783e-01,5.398309396851160846e-01,-2.547263724756607672e-01,5.398309396851165287e-01,-4.484695786253360961e-01,1.000000000000000222e+00,-4.484695786253363181e-01,-9.530963765947503274e-03,-1.417202393973217289e-01,2.117363095772089032e-01,-1.417202393973218677e-01,2.617047685437650650e-01,-4.484695786253362071e-01,2.117363095772085702e-01,-4.484695786253363181e-01,1.000000000000000222e+00
9.999999999999998890e-01,-5.714266215822760842e-01,4.058232257016417543e-01,-5.714266215822765282e-01,3.856942186627053126e-01,-3.252180308525069452e-01,4.058232257016415878e-01,-3.252180308525069452e-01,1.774183185772530980e-01,-5.714266215822760842e-01,9.999999999999998890e-01,-5.714266215822783046e-01,6.210434265027403589e-01,-2.493368981032703102e-01,6.210434265027409140e-01,-3.252180308525071672e-01,4.945457946868673793e-01,-3.252180308525075558e-01,4.058232257016417543e-01,-5.714266215822783046e-01,9.999999999999998890e-01,-3.252180308525084440e-01,3.856942186627043689e-01,-5.714266215822777495e-01,1.774183185772535420e-01,-3.252180308525083330e-01,4.058232257016418099e-01,-5.714266215822765282e-01,6.210434265027403589e-01,-3.252180308525084440e-01,9.999999999999998890e-01,-2.493368981032708653e-01,4.945457946868675458e-01,-5.714266215822768613e-01,6.210434265027403589e-01,-3.252180308525075003e-01,3.856942186627053126e-01,-2.493368981032703102e-01,3.856942186627043689e-01,-2.493368981032708653e-01,9.999999999999998890e-01,-2.493368981032700327e-01,3.856942186627050351e-01,-2.493368981032704212e-01,3.856942186627044800e-01,-3.252180308525069452e-01,6.210434265027409140e-01,-5.714266215822777495e-01,4.945457946868675458e-01,-2.493368981032700327e-01,9.999999999999998890e-01,-3.252180308525073338e-01,6.210434265027406919e-01,-5.714266215822765282e-01,4.058232257016415878e-01,-3.252180308525071672e-01,1.774183185772535420e-01,-5.714266215822768613e-01,3.856942186627050351e-01,-3.252180308525073338e-01,9.999999999999998890e-01,-5.714266215822764172e-01,4.058232257016414213e-01,-3.252180308525069452e-01,4.945457946868673793e-01,-3.252180308525083330e-01,6.210434265027403589e-01,-2.493368981032704212e-01,6.210434265027406919e-01,-5.714266215822764172e-01,9.999999999999998890e-01,-5.714266215822768613e-01,1.774183185772530980e-01,-3.252180308525075558e-01,4.058232257016418099e-01,-3.252180308525075003e-01,3.856942186627044800e-01,-5.714266215822765282e-01,4.058232257016414213e-01,-5.714266215822768613e-01,9.999999999999998890e-01
1.000000000000000000e+00,-6.429607374553656385e-01,5.534925225215063804e-01,-6.429607374553657495e-01,3.593492989267665361e-01,-4.833065277034641616e-01,5.534925225215064915e-01,-4.833065277034643836e-01,4.472061206269015154e-01,-6.429607374553656385e-01,1.000000000000000000e+00,-6.429607374553676369e-01,6.566797378940887331e-01,-1.639404430899004117e-01,6.566797378940895102e-01,-4.833065277034644946e-01,5.887727180584927389e-01,-4.833065277034651053e-01,5.534925225215063804e-01,-6.429607374553676369e-01,1.000000000000000000e+00,-4.833065277034656604e-01,3.593492989267653148e-01,-6.429607374553670818e-01,4.472061206269018485e-01,-4.833065277034653828e-01,5.534925225215068245e-01,-6.429607374553657495e-01,6.566797378940887331e-01,-4.833065277034656604e-01,1.000000000000000000e+00,-1.639404430899006060e-01,5.887727180584929609e-01,-6.429607374553661936e-01,6.566797378940888441e-01,-4.833065277034648832e-01,3.593492989267665361e-01,-1.639404430899004117e-01,3.593492989267653148e-01,-1.639404430899006060e-01,1.000000000000000000e+00,-1.639404430898997456e-01,3.593492989267658144e-01,-1.639404430899001341e-01,3.593492989267652038e-01,-4.833065277034641616e-01,6.566797378940895102e-01,-6.429607374553670818e-01,5.887727180584929609e-01,-1.639404430898997456e-01,1.000000000000000000e+00,-4.833065277034642726e-01,6.566797378940889551e-01,-6.429607374553658605e-01,5.534925225215064915e-01,-4.833065277034644946e-01,4.472061206269018485e-01,-6.429607374553661936e-01,3.593492989267658144e-01,-4.833065277034642726e-01,1.000000000000000000e+00,-6.429607374553657495e-01,5.534925225215063804e-01,-4.833065277034643836e-01,5.887727180584927389e-01,-4.833065277034653828e-01,6.566797378940888441e-01,-1.639404430899001341e-01,6.566797378940889551e-01,-6.429607374553657495e-01,1.000000000000000000e+00,-6.429607374553661936e-01,4.472061206269015154e-01,-4.833065277034651053e-01,5.534925225215068245e-01,-4.833065277034648832e-01,3.593492989267652038e-01,-6.429607374553658605e-01,5.534925225215063804e-01,-6.429607374553661936e-01,1.000000000000000000e+00
