1.000000000000000000e+00,1.000000000000000000e+00,1.000000000000000000e+00,1.000000000000000000e+00,1.000000000000000000e+00,1.000000000000000000e+00,1.000000000000000000e+00,1.000000000000000000e+00,1.000000000000000000e+00,1.000000000000000000e+00,1.000000000000000000e+00,1.000000000000000000e+00,1.000000000000000000e+00,1.000000000000000000e+00,1.000000000000000000e+00,1.000000000000000000e+00,1.000000000000000000e+00,1.000000000000000000e+00,1.000000000000000000e+00,1.000000000000000000e+00,1.000000000000000000e+00,1.000000000000000000e+00,1.000000000000000000e+00,1.000000000000000000e+00,1.000000000000000000e+00,1.000000000000000000e+00,1.000000000000000000e+00,1.000000000000000000e+00,1.000000000000000000e+00,1.000000000000000000e+00,1.000000000000000000e+00,1.000000000000000000e+00,1.000000000000000000e+00,1.000000000000000000e+00,1.000000000000000000e+00,1.000000000000000000e+00,1.000000000000000000e+00,1.000000000000000000e+00,1.000000000000000000e+00,1.000000000000000000e+00,1.000000000000000000e+00,1.000000000000000000e+00,1.000000000000000000e+00,1.000000000000000000e+00,1.000000000000000000e+00,1.000000000000000000e+00,1.000000000000000000e+00,1.000000000000000000e+00,1.000000000000000000e+00,1.000000000000000000e+00,1.000000000000000000e+00,1.000000000000000000e+00,1.000000000000000000e+00,1.000000000000000000e+00,1.000000000000000000e+00,1.000000000000000000e+00,1.000000000000000000e+00,1.000000000000000000e+00,1.000000000000000000e+00,1.000000000000000000e+00,1.000000000000000000e+00,1.000000000000000000e+00,1.000000000000000000e+00,1.000000000000000000e+00,1.000000000000000000e+00,1.000000000000000000e+00,1.000000000000000000e+00,1.000000000000000000e+00,1.000000000000000000e+00,1.000000000000000000e+00,1.000000000000000000e+00,1.000000000000000000e+00,1.000000000000000000e+00,1.000000000000000000e+00,1.000000000000000000e+00,1.000000000000000000e+00,1.000000000000000000e+00,1.000000000000000000e+00,1.000000000000000000e+00,1.000000000000000000e+00,1.000000000000000000e+00
1.000000000000000444e+00,8.173410906989293512e-01,8.194930099496537945e-01,8.173410906989292402e-01,8.202339015576265435e-01,8.199663972118822475e-01,8.194930099496540166e-01,8.199663972118821365e-01,8.195071822691563090e-01,8.173410906989293512e-01,1.000000000000000444e+00,8.173410906989292402e-01,8.201927664957839870e-01,8.183267363980255560e-01,8.201927664957842090e-01,8.199663972118822475e-01,8.204330174049792035e-01,8.199663972118821365e-01,8.194930099496537945e-01,8.173410906989292402e-01,1.000000000000000444e+00,8.199663972118820254e-01,8.202339015576265435e-01,8.173410906989292402e-01,8.195071822691561980e-01,8.199663972118819144e-01,8.194930099496539055e-01,8.173410906989292402e-01,8.201927664957839870e-01,8.199663972118820254e-01,1.000000000000000444e+00,8.183267363980254450e-01,8.204330174049789814e-01,8.173410906989291291e-01,8.201927664957838759e-01,8.199663972118819144e-01,8.202339015576265435e-01,8.183267363980255560e-01,8.202339015576265435e-01,8.183267363980254450e-01,1.000000000000000444e+00,8.183267363980256670e-01,8.202339015576264325e-01,8.183267363980254450e-01,8.202339015576263215e-01,8.199663972118822475e-01,8.201927664957842090e-01,8.173410906989292402e-01,8.204330174049789814e-01,8.183267363980256670e-01,1.000000000000000444e+00,8.199663972118821365e-01,8.201927664957842090e-01,8.173410906989293512e-01,8.194930099496540166e-01,8.199663972118822475e-01,8.195071822691561980e-01,8.173410906989291291e-01,8.202339015576264325e-01,8.199663972118821365e-01,1.000000000000000444e+00,8.173410906989293512e-01,8.194930099496539055e-01,8.199663972118821365e-01,8.204330174049792035e-01,8.199663972118819144e-01,8.201927664957838759e-01,8.183267363980254450e-01,8.201927664957842090e-01,8.173410906989293512e-01,1.000000000000000444e+00,8.173410906989292402e-01,8.195071822691563090e-01,8.199663972118821365e-01,8.194930099496539055e-01,8.199663972118819144e-01,8.202339015576263215e-01,8.173410906989293512e-01,8.194930099496539055e-01,8.173410906989292402e-01,1.000000000000000444e+00
1.000000000000001110e+00,5.234669305919814608e-01,5.609185839748651592e-01,5.234669305919811277e-01,5.761202635946072181e-01,5.685703774287120815e-01,5.609185839748651592e-01,5.685703774287119705e-01,5.590711035995594713e-01,5.234669305919814608e-01,1.000000000000001110e+00,5.234669305919814608e-01,5.757139565866642439e-01,5.469542564853513422e-01,5.757139565866642439e-01,5.685703774287123036e-01,5.795229014350241625e-01,5.685703774287123036e-01,5.609185839748651592e-01,5.234669305919814608e-01,1.000000000000001110e+00,5.685703774287119705e-01,5.761202635946072181e-01,5.234669305919811277e-01,5.590711035995594713e-01,5.685703774287119705e-01,5.609185839748652702e-01,5.234669305919811277e-01,5.757139565866642439e-01,5.685703774287119705e-01,1.000000000000001110e+00,5.469542564853511202e-01,5.795229014350239405e-01,5.234669305919811277e-01,5.757139565866639108e-01,5.685703774287119705e-01,5.761202635946072181e-01,5.469542564853513422e-01,5.761202635946072181e-01,5.469542564853511202e-01,1.000000000000001110e+00,5.469542564853511202e-01,5.761202635946072181e-01,5.469542564853508981e-01,5.761202635946072181e-01,5.685703774287120815e-01,5.757139565866642439e-01,5.234669305919811277e-01,5.795229014350239405e-01,5.469542564853511202e-01,1.000000000000001110e+00,5.685703774287120815e-01,5.757139565866640218e-01,5.234669305919811277e-01,5.609185839748651592e-01,5.685703774287123036e-01,5.590711035995594713e-01,5.234669305919811277e-01,5.761202635946072181e-01,5.685703774287120815e-01,1.000000000000001110e+00,5.234669305919810167e-01,5.609185839748652702e-01,5.685703774287119705e-01,5.795229014350241625e-01,5.685703774287119705e-01,5.757139565866639108e-01,5.469542564853508981e-01,5.757139565866640218e-01,5.234669305919810167e-01,1.000000000000001110e+00,5.234669305919810167e-01,5.590711035995594713e-01,5.685703774287123036e-01,5.609185839748652702e-01,5.685703774287119705e-01,5.761202635946072181e-01,5.234669305919811277e-01,5.609185839748652702e-01,5.234669305919810167e-01,1.000000000000001110e+00
1.000000000000000888e+00,4.251082862746564661e-01,4.788358839503686903e-01,4.251082862746556890e-01,5.250361919125631216e-01,4.985746305346364649e-01,4.788358839503686903e-01,4.985746305346361873e-01,4.685644549066990128e-01,4.251082862746564661e-01,1.000000000000000888e+00,4.251082862746566882e-01,5.267670492599928478e-01,5.038090468683223966e-01,5.267670492599925147e-01,4.985746305346370755e-01,5.344472351316540415e-01,4.985746305346370755e-01,4.788358839503686903e-01,4.251082862746566882e-01,1.000000000000000888e+00,4.985746305346367424e-01,5.250361919125634547e-01,4.251082862746557445e-01,4.685644549066992348e-01,4.985746305346363538e-01,4.788358839503690234e-01,4.251082862746556890e-01,5.267670492599928478e-01,4.985746305346367424e-01,1.000000000000000888e+00,5.038090468683217305e-01,5.344472351316538195e-01,4.251082862746559110e-01,5.267670492599918486e-01,4.985746305346365759e-01,5.250361919125631216e-01,5.038090468683223966e-01,5.250361919125634547e-01,5.038090468683217305e-01,1.000000000000000888e+00,5.038090468683213974e-01,5.250361919125632326e-01,5.038090468683211753e-01,5.250361919125634547e-01,4.985746305346364649e-01,5.267670492599925147e-01,4.251082862746557445e-01,5.344472351316538195e-01,5.038090468683213974e-01,1.000000000000000888e+00,4.985746305346364649e-01,5.267670492599917376e-01,4.251082862746556335e-01,4.788358839503686903e-01,4.985746305346370755e-01,4.685644549066992348e-01,4.251082862746559110e-01,5.250361919125632326e-01,4.985746305346364649e-01,1.000000000000000888e+00,4.251082862746554114e-01,4.788358839503689679e-01,4.985746305346361873e-01,5.344472351316540415e-01,4.985746305346363538e-01,5.267670492599918486e-01,5.038090468683211753e-01,5.267670492599917376e-01,4.251082862746554114e-01,1.000000000000000888e+00,4.251082862746554669e-01,4.685644549066990128e-01,4.985746305346370755e-01,4.788358839503690234e-01,4.985746305346365759e-01,5.250361919125634547e-01,4.251082862746556335e-01,4.788358839503689679e-01,4.251082862746554669e-01,1.000000000000000888e+00
1.000000000000000222e+00,5.341582093787922147e-01,5.295557814028685195e-01,5.341582093787915486e-01,6.190249170345769603e-01,5.697375872631899041e-01,5.295557814028685195e-01,5.697375872631897931e-01,5.150271995326645147e-01,5.341582093787922147e-01,1.000000000000000222e+00,5.341582093787926588e-01,6.298468289928054187e-01,6.669399574885335191e-01,6.298468289928046415e-01,5.697375872631910143e-01,6.347879422478894806e-01,5.697375872631909033e-01,5.295557814028685195e-01,5.341582093787926588e-01,1.000000000000000222e+00,5.697375872631906812e-01,6.190249170345776264e-01,5.341582093787913266e-01,5.150271995326649588e-01,5.697375872631899041e-01,5.295557814028688526e-01,5.341582093787915486e-01,6.298468289928054187e-01,5.697375872631906812e-01,1.000000000000000222e+00,6.669399574885328530e-01,6.347879422478890366e-01,5.341582093787918817e-01,6.298468289928043085e-01,5.697375872631904592e-01,6.190249170345769603e-01,6.669399574885335191e-01,6.190249170345776264e-01,6.669399574885328530e-01,1.000000000000000222e+00,6.669399574885324089e-01,6.190249170345774044e-01,6.669399574885322979e-01,6.190249170345775154e-01,5.697375872631899041e-01,6.298468289928046415e-01,5.341582093787913266e-01,6.347879422478890366e-01,6.669399574885324089e-01,1.000000000000000222e+00,5.697375872631900151e-01,6.298468289928038644e-01,5.341582093787913266e-01,5.295557814028685195e-01,5.697375872631910143e-01,5.150271995326649588e-01,5.341582093787918817e-01,6.190249170345774044e-01,5.697375872631900151e-01,1.000000000000000222e+00,5.341582093787913266e-01,5.295557814028687416e-01,5.697375872631897931e-01,6.347879422478894806e-01,5.697375872631899041e-01,6.298468289928043085e-01,6.669399574885322979e-01,6.298468289928038644e-01,5.341582093787913266e-01,1.000000000000000222e+00,5.341582093787911045e-01,5.150271995326645147e-01,5.697375872631909033e-01,5.295557814028688526e-01,5.697375872631904592e-01,6.190249170345775154e-01,5.341582093787913266e-01,5.295557814028687416e-01,5.341582093787911045e-01,1.000000000000000222e+00
9.999999999999997780e-01,6.545757397366616104e-01,6.015011903629510215e-01,6.545757397366611663e-01,7.287472517372838299e-01,6.717495288810250154e-01,6.015011903629510215e-01,6.717495288810251264e-01,5.956444299149522559e-01,6.545757397366616104e-01,9.999999999999997780e-01,6.545757397366623875e-01,7.627922269378879516e-01,8.192244787528437655e-01,7.627922269378876186e-01,6.717495288810265697e-01,7.618459799852395076e-01,6.717495288810265697e-01,6.015011903629510215e-01,6.545757397366623875e-01,9.999999999999997780e-01,6.717495288810264586e-01,7.287472517372846070e-01,6.545757397366616104e-01,5.956444299149530330e-01,6.717495288810259035e-01,6.015011903629515766e-01,6.545757397366611663e-01,7.627922269378879516e-01,6.717495288810264586e-01,9.999999999999997780e-01,8.192244787528433214e-01,7.618459799852392855e-01,6.545757397366620545e-01,7.627922269378873965e-01,6.717495288810262366e-01,7.287472517372838299e-01,8.192244787528437655e-01,7.287472517372846070e-01,8.192244787528433214e-01,9.999999999999997780e-01,8.192244787528427663e-01,7.287472517372847181e-01,8.192244787528428773e-01,7.287472517372846070e-01,6.717495288810250154e-01,7.627922269378876186e-01,6.545757397366616104e-01,7.618459799852392855e-01,8.192244787528427663e-01,9.999999999999997780e-01,6.717495288810259035e-01,7.627922269378868414e-01,6.545757397366614994e-01,6.015011903629510215e-01,6.717495288810265697e-01,5.956444299149530330e-01,6.545757397366620545e-01,7.287472517372847181e-01,6.717495288810259035e-01,9.999999999999997780e-01,6.545757397366617214e-01,6.015011903629515766e-01,6.717495288810251264e-01,7.618459799852395076e-01,6.717495288810259035e-01,7.627922269378873965e-01,8.192244787528428773e-01,7.627922269378868414e-01,6.545757397366617214e-01,9.999999999999997780e-01,6.545757397366616104e-01,5.956444299149522559e-01,6.717495288810265697e-01,6.015011903629515766e-01,6.717495288810262366e-01,7.287472517372846070e-01,6.545757397366614994e-01,6.015011903629515766e-01,6.545757397366616104e-01,9.999999999999997780e-01
1.000000000000000000e+00,6.119503520292894905e-01,5.428759390026690612e-01,6.119503520292899346e-01,6.604883109264254593e-01,6.321205453892928539e-01,5.428759390026690612e-01,6.321205453892931869e-01,5.514699991969077564e-01,6.119503520292894905e-01,1.000000000000000000e+00,6.119503520292906007e-01,7.269881059754748076e-01,7.615778519231476418e-01,7.269881059754745856e-01,6.321205453892940751e-01,7.269312787387989250e-01,6.321205453892940751e-01,5.428759390026690612e-01,6.119503520292906007e-01,1.000000000000000000e+00,6.321205453892942971e-01,6.604883109264263474e-01,6.119503520292908227e-01,5.514699991969085335e-01,6.321205453892941861e-01,5.428759390026698384e-01,6.119503520292899346e-01,7.269881059754748076e-01,6.321205453892942971e-01,1.000000000000000000e+00,7.615778519231483079e-01,7.269312787387989250e-01,6.119503520292911558e-01,7.269881059754750297e-01,6.321205453892942971e-01,6.604883109264254593e-01,7.615778519231476418e-01,6.604883109264263474e-01,7.615778519231483079e-01,1.000000000000000000e+00,7.615778519231479748e-01,6.604883109264266805e-01,7.615778519231480859e-01,6.604883109264265695e-01,6.321205453892928539e-01,7.269881059754745856e-01,6.119503520292908227e-01,7.269312787387989250e-01,7.615778519231479748e-01,1.000000000000000000e+00,6.321205453892942971e-01,7.269881059754749186e-01,6.119503520292908227e-01,5.428759390026690612e-01,6.321205453892940751e-01,5.514699991969085335e-01,6.119503520292911558e-01,6.604883109264266805e-01,6.321205453892942971e-01,1.000000000000000000e+00,6.119503520292910448e-01,5.428759390026699494e-01,6.321205453892931869e-01,7.269312787387989250e-01,6.321205453892941861e-01,7.269881059754750297e-01,7.615778519231480859e-01,7.269881059754749186e-01,6.119503520292910448e-01,1.000000000000000000e+00,6.119503520292910448e-01,5.514699991969077564e-01,6.321205453892940751e-01,5.428759390026698384e-01,6.321205453892942971e-01,6.604883109264265695e-01,6.119503520292908227e-01,5.428759390026699494e-01,6.119503520292910448e-01,1.000000000000000000e+00
1.000000000000000000e+00,3.450899245772547363e-01,3.292867492382009487e-01,3.450899245772554025e-01,4.129699536131244963e-01,4.182456029238953987e-01,3.292867492382010042e-01,4.182456029238955653e-01,3.389865882930744867e-01,3.450899245772547363e-01,1.000000000000000000e+00,3.450899245772557911e-01,5.070276593464393411e-01,4.652944971451380418e-01,5.070276593464392301e-01,4.182456029238956208e-01,5.118387225335807589e-01,4.182456029238955653e-01,3.292867492382009487e-01,3.450899245772557911e-01,1.000000000000000000e+00,4.182456029238958983e-01,4.129699536131253290e-01,3.450899245772566792e-01,3.389865882930749308e-01,4.182456029238964534e-01,3.292867492382016148e-01,3.450899245772554025e-01,5.070276593464393411e-01,4.182456029238958983e-01,1.000000000000000000e+00,4.652944971451388190e-01,5.118387225335810919e-01,3.450899245772566237e-01,5.070276593464400072e-01,4.182456029238961204e-01,4.129699536131244963e-01,4.652944971451380418e-01,4.129699536131253290e-01,4.652944971451388190e-01,1.000000000000000000e+00,4.652944971451389855e-01,4.129699536131252180e-01,4.652944971451393186e-01,4.129699536131252735e-01,4.182456029238953987e-01,5.070276593464392301e-01,3.450899245772566792e-01,5.118387225335810919e-01,4.652944971451389855e-01,1.000000000000000000e+00,4.182456029238963424e-01,5.070276593464402293e-01,3.450899245772567903e-01,3.292867492382010042e-01,4.182456029238956208e-01,3.389865882930749308e-01,3.450899245772566237e-01,4.129699536131252180e-01,4.182456029238963424e-01,1.000000000000000000e+00,3.450899245772571788e-01,3.292867492382016703e-01,4.182456029238955653e-01,5.118387225335807589e-01,4.182456029238964534e-01,5.070276593464400072e-01,4.652944971451393186e-01,5.070276593464402293e-01,3.450899245772571788e-01,1.000000000000000000e+00,3.450899245772570678e-01,3.389865882930744867e-01,4.182456029238955653e-01,3.292867492382016148e-01,4.182456029238961204e-01,4.129699536131252735e-01,3.450899245772567903e-01,3.292867492382016703e-01,3.450899245772570678e-01,1.000000000000000000e+00
9.999999999999995559e-01,-5.440668047432041521e-02,1.324511384860004581e-01,-5.440668047431941601e-02,1.959989698429357441e-01,1.724763338983183458e-01,1.324511384860001806e-01,1.724763338983182903e-01,9.995672572234677589e-02,-5.440668047432041521e-02,9.999999999999995559e-01,-5.440668047431956172e-02,3.030162257098969469e-01,8.744655991028504882e-02,3.030162257098965028e-01,1.724763338983181238e-01,2.924939303987851846e-01,1.724763338983180128e-01,1.324511384860004581e-01,-5.440668047431956172e-02,9.999999999999995559e-01,1.724763338983180405e-01,1.959989698429365490e-01,-5.440668047431834048e-02,9.995672572234694242e-02,1.724763338983187344e-01,1.324511384860002638e-01,-5.440668047431941601e-02,3.030162257098969469e-01,1.724763338983180405e-01,9.999999999999995559e-01,8.744655991028603415e-02,2.924939303987856842e-01,-5.440668047431851395e-02,3.030162257098971690e-01,1.724763338983184291e-01,1.959989698429357441e-01,8.744655991028504882e-02,1.959989698429365490e-01,8.744655991028603415e-02,9.999999999999995559e-01,8.744655991028633946e-02,1.959989698429357441e-01,8.744655991028671416e-02,1.959989698429360216e-01,1.724763338983183458e-01,3.030162257098965028e-01,-5.440668047431834048e-02,2.924939303987856842e-01,8.744655991028633946e-02,9.999999999999995559e-01,1.724763338983187899e-01,3.030162257098975020e-01,-5.440668047431821558e-02,1.324511384860001806e-01,1.724763338983181238e-01,9.995672572234694242e-02,-5.440668047431851395e-02,1.959989698429357441e-01,1.724763338983187899e-01,9.999999999999995559e-01,-5.440668047431784782e-02,1.324511384860002361e-01,1.724763338983182903e-01,2.924939303987851846e-01,1.724763338983187344e-01,3.030162257098971690e-01,8.744655991028671416e-02,3.030162257098975020e-01,-5.440668047431784782e-02,9.999999999999995559e-01,-5.440668047431798660e-02,9.995672572234677589e-02,1.724763338983180128e-01,1.324511384860002638e-01,1.724763338983184291e-01,1.959989698429360216e-01,-5.440668047431821558e-02,1.324511384860002361e-01,-5.440668047431798660e-02,9.999999999999995559e-01
1.000000000000000222e+00,-4.008991255564549605e-01,1.385361937036618252e-01,-4.008991255564540168e-01,1.949656937869910234e-01,-8.651460718381655951e-03,1.385361937036609925e-01,-8.651460718381617787e-03,-2.263787381335695403e-03,-4.008991255564549605e-01,1.000000000000000222e+00,-4.008991255564544609e-01,2.970693731591295128e-01,-1.846124176203949585e-01,2.970693731591287912e-01,-8.651460718381714932e-03,2.073683413228243899e-01,-8.651460718381742687e-03,1.385361937036618252e-01,-4.008991255564544609e-01,1.000000000000000222e+00,-8.651460718382204124e-03,1.949656937869916340e-01,-4.008991255564533507e-01,-2.263787381335570503e-03,-8.651460718381572684e-03,1.385361937036607705e-01,-4.008991255564540168e-01,2.970693731591295128e-01,-8.651460718382204124e-03,1.000000000000000222e+00,-1.846124176203940426e-01,2.073683413228246952e-01,-4.008991255564535727e-01,2.970693731591290132e-01,-8.651460718381655951e-03,1.949656937869910234e-01,-1.846124176203949585e-01,1.949656937869916340e-01,-1.846124176203940426e-01,1.000000000000000222e+00,-1.846124176203937650e-01,1.949656937869902462e-01,-1.846124176203933764e-01,1.949656937869904128e-01,-8.651460718381655951e-03,2.970693731591287912e-01,-4.008991255564533507e-01,2.073683413228246952e-01,-1.846124176203937650e-01,1.000000000000000222e+00,-8.651460718381298598e-03,2.970693731591291242e-01,-4.008991255564535172e-01,1.385361937036609925e-01,-8.651460718381714932e-03,-2.263787381335570503e-03,-4.008991255564535727e-01,1.949656937869902462e-01,-8.651460718381298598e-03,1.000000000000000222e+00,-4.008991255564529621e-01,1.385361937036604374e-01,-8.651460718381617787e-03,2.073683413228243899e-01,-8.651460718381572684e-03,2.970693731591290132e-01,-1.846124176203933764e-01,2.970693731591291242e-01,-4.008991255564529621e-01,1.000000000000000222e+00,-4.008991255564532952e-01,-2.263787381335695403e-03,-8.651460718381742687e-03,1.385361937036607705e-01,-8.651460718381655951e-03,1.949656937869904128e-01,-4.008991255564535172e-01,1.385361937036604374e-01,-4.008991255564532952e-01,1.000000000000000222e+00
1.000000000000000444e+00,-5.784741560613188005e-01,2.974741427145194406e-01,-5.784741560613180233e-01,3.264826635881769024e-01,-1.698743553258223737e-01,2.974741427145183859e-01,-1.698743553258221517e-01,6.204069036342132332e-02,-5.784741560613188005e-01,1.000000000000000444e+00,-5.784741560613185785e-01,4.224466947832758446e-01,-2.928978462191234589e-01,4.224466947832752339e-01,-1.698743553258222350e-01,2.349227013279983622e-01,-1.698743553258220407e-01,2.974741427145194406e-01,-5.784741560613185785e-01,1.000000000000000444e+00,-1.698743553258227346e-01,3.264826635881769024e-01,-5.784741560613178013e-01,6.204069036342139271e-02,-1.698743553258221795e-01,2.974741427145181638e-01,-5.784741560613180233e-01,4.224466947832758446e-01,-1.698743553258227346e-01,1.000000000000000444e+00,-2.928978462191227927e-01,2.349227013279984178e-01,-5.784741560613179123e-01,4.224466947832752894e-01,-1.698743553258220129e-01,3.264826635881769024e-01,-2.928978462191234589e-01,3.264826635881769024e-01,-2.928978462191227927e-01,1.000000000000000444e+00,-2.928978462191226262e-01,3.264826635881755146e-01,-2.928978462191222376e-01,3.264826635881755701e-01,-1.698743553258223737e-01,4.224466947832752339e-01,-5.784741560613178013e-01,2.349227013279984178e-01,-2.928978462191226262e-01,1.000000000000000444e+00,-1.698743553258218186e-01,4.224466947832751229e-01,-5.784741560613180233e-01,2.974741427145183859e-01,-1.698743553258222350e-01,6.204069036342139271e-02,-5.784741560613179123e-01,3.264826635881755146e-01,-1.698743553258218186e-01,1.000000000000000444e+00,-5.784741560613178013e-01,2.974741427145179973e-01,-1.698743553258221517e-01,2.349227013279983622e-01,-1.698743553258221795e-01,4.224466947832752894e-01,-2.928978462191222376e-01,4.224466947832751229e-01,-5.784741560613178013e-01,1.000000000000000444e+00,-5.784741560613179123e-01,6.204069036342132332e-02,-1.698743553258220407e-01,2.974741427145181638e-01,-1.698743553258220129e-01,3.264826635881755701e-01,-5.784741560613180233e-01,2.974741427145179973e-01,-5.784741560613179123e-01,1.000000000000000444e+00
1.000000000000000222e+00,-5.832726717439296049e-01,3.781332292526103922e-01,-5.832726717439293829e-01,3.738524532698178082e-01,-2.657865532155230248e-01,3.781332292526095040e-01,-2.657865532155226918e-01,1.724822471919971734e-01,-5.832726717439296049e-01,1.000000000000000222e+00,-5.832726717439296049e-01,4.756964298398110857e-01,-2.909189546463022968e-01,4.756964298398109192e-01,-2.657865532155225807e-01,3.028093970975262450e-01,-2.657865532155223587e-01,3.781332292526103922e-01,-5.832726717439296049e-01,1.000000000000000222e+00,-2.657865532155228583e-01,3.738524532698171976e-01,-5.832726717439291608e-01,1.724822471919970346e-01,-2.657865532155225252e-01,3.781332292526091154e-01,-5.832726717439293829e-01,4.756964298398110857e-01,-2.657865532155228583e-01,1.000000000000000222e+00,-2.909189546463020193e-01,3.028093970975263560e-01,-5.832726717439292718e-01,4.756964298398111413e-01,-2.657865532155224697e-01,3.738524532698178082e-01,-2.909189546463022968e-01,3.738524532698171976e-01,-2.909189546463020193e-01,1.000000000000000222e+00,-2.909189546463019083e-01,3.738524532698162539e-01,-2.909189546463015752e-01,3.738524532698160319e-01,-2.657865532155230248e-01,4.756964298398109192e-01,-5.832726717439291608e-01,3.028093970975263560e-01,-2.909189546463019083e-01,1.000000000000000222e+00,-2.657865532155224697e-01,4.756964298398109192e-01,-5.832726717439290498e-01,3.781332292526095040e-01,-2.657865532155225807e-01,1.724822471919970346e-01,-5.832726717439292718e-01,3.738524532698162539e-01,-2.657865532155224697e-01,1.000000000000000222e+00,-5.832726717439292718e-01,3.781332292526090599e-01,-2.657865532155226918e-01,3.028093970975262450e-01,-2.657865532155225252e-01,4.756964298398111413e-01,-2.909189546463015752e-01,4.756964298398109192e-01,-5.832726717439292718e-01,1.000000000000000222e+00,-5.832726717439291608e-01,1.724822471919971734e-01,-2.657865532155223587e-01,3.781332292526091154e-01,-2.657865532155224697e-01,3.738524532698160319e-01,-5.832726717439290498e-01,3.781332292526090599e-01,-5.832726717439291608e-01,1.000000000000000222e+00
1.000000000000000888e+00,-4.786184796762488203e-01,2.720253764308540601e-01,-4.786184796762486537e-01,2.869153571533814007e-01,-2.359807070917634142e-01,2.720253764308535604e-01,-2.359807070917632199e-01,1.602368823933498498e-01,-4.786184796762488203e-01,1.000000000000000888e+00,-4.786184796762484872e-01,4.459918392078163207e-01,-2.677048317116010323e-01,4.459918392078164873e-01,-2.359807070917626648e-01,3.845333768143287534e-01,-2.359807070917625815e-01,2.720253764308540601e-01,-4.786184796762484872e-01,1.000000000000000888e+00,-2.359807070917629424e-01,2.869153571533805125e-01,-4.786184796762482652e-01,1.602368823933496000e-01,-2.359807070917628036e-01,2.720253764308531164e-01,-4.786184796762486537e-01,4.459918392078163207e-01,-2.359807070917629424e-01,1.000000000000000888e+00,-2.677048317116008658e-01,3.845333768143288644e-01,-4.786184796762482652e-01,4.459918392078165983e-01,-2.359807070917628036e-01,2.869153571533814007e-01,-2.677048317116010323e-01,2.869153571533805125e-01,-2.677048317116008658e-01,1.000000000000000888e+00,-2.677048317116009213e-01,2.869153571533800129e-01,-2.677048317116005327e-01,2.869153571533797908e-01,-2.359807070917634142e-01,4.459918392078164873e-01,-4.786184796762482652e-01,3.845333768143288644e-01,-2.677048317116009213e-01,1.000000000000000888e+00,-2.359807070917629979e-01,4.459918392078166538e-01,-4.786184796762478766e-01,2.720253764308535604e-01,-2.359807070917626648e-01,1.602368823933496000e-01,-4.786184796762482652e-01,2.869153571533800129e-01,-2.359807070917629979e-01,1.000000000000000888e+00,-4.786184796762482097e-01,2.720253764308530608e-01,-2.359807070917632199e-01,3.845333768143287534e-01,-2.359807070917628036e-01,4.459918392078165983e-01,-2.677048317116005327e-01,4.459918392078166538e-01,-4.786184796762482097e-01,1.000000000000000888e+00,-4.786184796762480986e-01,1.602368823933498498e-01,-2.359807070917625815e-01,2.720253764308531164e-01,-2.359807070917628036e-01,2.869153571533797908e-01,-4.786184796762478766e-01,2.720253764308530608e-01,-4.786184796762480986e-01,1.000000000000000888e+00
1.000000000000000666e+00,-4.158962622826476441e-01,1.578598505119493123e-01,-4.158962622826474775e-01,1.809775068941099352e-01,-2.073667980015885537e-01,1.578598505119490625e-01,-2.073667980015885537e-01,1.797069768291294223e-01,-4.158962622826476441e-01,1.000000000000000666e+00,-4.158962622826473110e-01,4.385682000256569402e-01,-2.941198488241418274e-01,4.385682000256571067e-01,-2.073667980015876933e-01,4.512148656647927414e-01,-2.073667980015879153e-01,1.578598505119493123e-01,-4.158962622826473110e-01,1.000000000000000666e+00,-2.073667980015880818e-01,1.809775068941087972e-01,-4.158962622826471445e-01,1.797069768291290615e-01,-2.073667980015880818e-01,1.578598505119490625e-01,-4.158962622826474775e-01,4.385682000256569402e-01,-2.073667980015880818e-01,1.000000000000000666e+00,-2.941198488241417719e-01,4.512148656647928524e-01,-4.158962622826470890e-01,4.385682000256572177e-01,-2.073667980015881929e-01,1.809775068941099352e-01,-2.941198488241418274e-01,1.809775068941087972e-01,-2.941198488241417719e-01,1.000000000000000666e+00,-2.941198488241417719e-01,1.809775068941084919e-01,-2.941198488241415498e-01,1.809775068941084086e-01,-2.073667980015885537e-01,4.385682000256571067e-01,-4.158962622826471445e-01,4.512148656647928524e-01,-2.941198488241417719e-01,1.000000000000000666e+00,-2.073667980015881651e-01,4.385682000256571067e-01,-4.158962622826468114e-01,1.578598505119490625e-01,-2.073667980015876933e-01,1.797069768291290615e-01,-4.158962622826470890e-01,1.809775068941084919e-01,-2.073667980015881651e-01,1.000000000000000666e+00,-4.158962622826466449e-01,1.578598505119489792e-01,-2.073667980015885537e-01,4.512148656647927414e-01,-2.073667980015880818e-01,4.385682000256572177e-01,-2.941198488241415498e-01,4.385682000256571067e-01,-4.158962622826466449e-01,1.000000000000000666e+00,-4.158962622826469779e-01,1.797069768291294223e-01,-2.073667980015879153e-01,1.578598505119490625e-01,-2.073667980015881929e-01,1.809775068941084086e-01,-4.158962622826468114e-01,1.578598505119489792e-01,-4.158962622826469779e-01,1.000000000000000666e+00
1.000000000000000444e+00,-4.626959369794176880e-01,1.688808135278437872e-01,-4.626959369794174659e-01,1.411734877410996680e-01,-2.724209594715225613e-01,1.688808135278437872e-01,-2.724209594715227833e-01,2.472250422195530761e-01,-4.626959369794176880e-01,1.000000000000000444e+00,-4.626959369794175214e-01,4.358769154901021570e-01,-3.445845901319827820e-01,4.358769154901020459e-01,-2.724209594715222282e-01,4.396697347641901343e-01,-2.724209594715225613e-01,1.688808135278437872e-01,-4.626959369794175214e-01,1.000000000000000444e+00,-2.724209594715224503e-01,1.411734877410991129e-01,-4.626959369794175214e-01,2.472250422195525765e-01,-2.724209594715224503e-01,1.688808135278439537e-01,-4.626959369794174659e-01,4.358769154901021570e-01,-2.724209594715224503e-01,1.000000000000000444e+00,-3.445845901319825044e-01,4.396697347641901898e-01,-4.626959369794176880e-01,4.358769154901022125e-01,-2.724209594715226723e-01,1.411734877410996680e-01,-3.445845901319827820e-01,1.411734877410991129e-01,-3.445845901319825044e-01,1.000000000000000444e+00,-3.445845901319824489e-01,1.411734877410988909e-01,-3.445845901319823379e-01,1.411734877410989464e-01,-2.724209594715225613e-01,4.358769154901020459e-01,-4.626959369794175214e-01,4.396697347641901898e-01,-3.445845901319824489e-01,1.000000000000000444e+00,-2.724209594715224503e-01,4.358769154901021015e-01,-4.626959369794175214e-01,1.688808135278437872e-01,-2.724209594715222282e-01,2.472250422195525765e-01,-4.626959369794176880e-01,1.411734877410988909e-01,-2.724209594715224503e-01,1.000000000000000444e+00,-4.626959369794171884e-01,1.688808135278438982e-01,-2.724209594715227833e-01,4.396697347641901343e-01,-2.724209594715224503e-01,4.358769154901022125e-01,-3.445845901319823379e-01,4.358769154901021015e-01,-4.626959369794171884e-01,1.000000000000000444e+00,-4.626959369794176880e-01,2.472250422195530761e-01,-2.724209594715225613e-01,1.688808135278439537e-01,-2.724209594715226723e-01,1.411734877410989464e-01,-4.626959369794175214e-01,1.688808135278438982e-01,-4.626959369794176880e-01,1.000000000000000444e+00
1.000000000000000666e+00,-5.230102264372312737e-01,3.158015057300448403e-01,-5.230102264372309406e-01,2.080822814076418170e-01,-3.450967934445466345e-01,3.158015057300446737e-01,-3.450967934445469676e-01,3.286608958010684978e-01,-5.230102264372312737e-01,1.000000000000000666e+00,-5.230102264372311627e-01,4.962216087357561589e-01,-3.548233852228945828e-01,4.962216087357561589e-01,-3.450967934445466900e-01,4.532029345978775825e-01,-3.450967934445469121e-01,3.158015057300448403e-01,-5.230102264372311627e-01,1.000000000000000666e+00,-3.450967934445466345e-01,2.080822814076416782e-01,-5.230102264372312737e-01,3.286608958010682757e-01,-3.450967934445469121e-01,3.158015057300448403e-01,-5.230102264372309406e-01,4.962216087357561589e-01,-3.450967934445466345e-01,1.000000000000000666e+00,-3.548233852228941942e-01,4.532029345978773049e-01,-5.230102264372313847e-01,4.962216087357563810e-01,-3.450967934445469676e-01,2.080822814076418170e-01,-3.548233852228945828e-01,2.080822814076416782e-01,-3.548233852228941942e-01,1.000000000000000666e+00,-3.548233852228940832e-01,2.080822814076415117e-01,-3.548233852228940832e-01,2.080822814076416782e-01,-3.450967934445466345e-01,4.962216087357561589e-01,-5.230102264372312737e-01,4.532029345978773049e-01,-3.548233852228940832e-01,1.000000000000000666e+00,-3.450967934445466900e-01,4.962216087357562699e-01,-5.230102264372311627e-01,3.158015057300446737e-01,-3.450967934445466900e-01,3.286608958010682757e-01,-5.230102264372313847e-01,2.080822814076415117e-01,-3.450967934445466900e-01,1.000000000000000666e+00,-5.230102264372311627e-01,3.158015057300447292e-01,-3.450967934445469676e-01,4.532029345978775825e-01,-3.450967934445469121e-01,4.962216087357563810e-01,-3.548233852228940832e-01,4.962216087357562699e-01,-5.230102264372311627e-01,1.000000000000000666e+00,-5.230102264372313847e-01,3.286608958010684978e-01,-3.450967934445469121e-01,3.158015057300448403e-01,-3.450967934445469676e-01,2.080822814076416782e-01,-5.230102264372311627e-01,3.158015057300447292e-01,-5.230102264372313847e-01,1.000000000000000666e+00
1.000000000000000444e+00,-5.364958766297873716e-01,3.465843993903955922e-01,-5.364958766297869275e-01,2.805035754295924222e-01,-3.929238636811875907e-01,3.465843993903951481e-01,-3.929238636811878682e-01,3.539395727826674110e-01,-5.364958766297873716e-01,1.000000000000000444e+00,-5.364958766297871495e-01,6.022565309358582919e-01,-4.798693181776150229e-01,6.022565309358586250e-01,-3.929238636811871466e-01,5.179678240286303970e-01,-3.929238636811872021e-01,3.465843993903955922e-01,-5.364958766297871495e-01,1.000000000000000444e+00,-3.929238636811872576e-01,2.805035754295922001e-01,-5.364958766297871495e-01,3.539395727826670779e-01,-3.929238636811875907e-01,3.465843993903949816e-01,-5.364958766297869275e-01,6.022565309358582919e-01,-3.929238636811872576e-01,1.000000000000000444e+00,-4.798693181776144123e-01,5.179678240286297308e-01,-5.364958766297870385e-01,6.022565309358585139e-01,-3.929238636811870911e-01,2.805035754295924222e-01,-4.798693181776150229e-01,2.805035754295922001e-01,-4.798693181776144123e-01,1.000000000000000444e+00,-4.798693181776146344e-01,2.805035754295918116e-01,-4.798693181776146899e-01,2.805035754295919781e-01,-3.929238636811875907e-01,6.022565309358586250e-01,-5.364958766297871495e-01,5.179678240286297308e-01,-4.798693181776146344e-01,1.000000000000000444e+00,-3.929238636811871466e-01,6.022565309358587360e-01,-5.364958766297868165e-01,3.465843993903951481e-01,-3.929238636811871466e-01,3.539395727826670779e-01,-5.364958766297870385e-01,2.805035754295918116e-01,-3.929238636811871466e-01,1.000000000000000444e+00,-5.364958766297868165e-01,3.465843993903946485e-01,-3.929238636811878682e-01,5.179678240286303970e-01,-3.929238636811875907e-01,6.022565309358585139e-01,-4.798693181776146899e-01,6.022565309358587360e-01,-5.364958766297868165e-01,1.000000000000000444e+00,-5.364958766297868165e-01,3.539395727826674110e-01,-3.929238636811872021e-01,3.465843993903949816e-01,-3.929238636811870911e-01,2.805035754295919781e-01,-5.364958766297868165e-01,3.465843993903946485e-01,-5.364958766297868165e-01,1.000000000000000444e+00
9.999999999999991118e-01,-4.324039322146998043e-01,2.830462295343790791e-01,-4.324039322146995268e-01,3.001641701247778071e-01,-3.329417461849789039e-01,2.830462295343784684e-01,-3.329417461849790705e-01,2.804898201829717497e-01,-4.324039322146998043e-01,9.999999999999991118e-01,-4.324039322146997488e-01,5.182257840807575899e-01,-5.446754687511279336e-01,5.182257840807580340e-01,-3.329417461849783488e-01,4.727971612161370740e-01,-3.329417461849782933e-01,2.830462295343790791e-01,-4.324039322146997488e-01,9.999999999999991118e-01,-3.329417461849784599e-01,3.001641701247775851e-01,-4.324039322146996378e-01,2.804898201829716387e-01,-3.329417461849789595e-01,2.830462295343784129e-01,-4.324039322146995268e-01,5.182257840807575899e-01,-3.329417461849784599e-01,9.999999999999991118e-01,-5.446754687511274895e-01,4.727971612161364634e-01,-4.324039322146993602e-01,5.182257840807578120e-01,-3.329417461849781823e-01,3.001641701247778071e-01,-5.446754687511279336e-01,3.001641701247775851e-01,-5.446754687511274895e-01,9.999999999999991118e-01,-5.446754687511274895e-01,3.001641701247771965e-01,-5.446754687511274895e-01,3.001641701247770855e-01,-3.329417461849789039e-01,5.182257840807580340e-01,-4.324039322146996378e-01,4.727971612161364634e-01,-5.446754687511274895e-01,9.999999999999991118e-01,-3.329417461849783488e-01,5.182257840807577010e-01,-4.324039322146990827e-01,2.830462295343784684e-01,-3.329417461849783488e-01,2.804898201829716387e-01,-4.324039322146993602e-01,3.001641701247771965e-01,-3.329417461849783488e-01,9.999999999999991118e-01,-4.324039322146990827e-01,2.830462295343780244e-01,-3.329417461849790705e-01,4.727971612161370740e-01,-3.329417461849789595e-01,5.182257840807578120e-01,-5.446754687511274895e-01,5.182257840807577010e-01,-4.324039322146990827e-01,9.999999999999991118e-01,-4.324039322146989162e-01,2.804898201829717497e-01,-3.329417461849782933e-01,2.830462295343784129e-01,-3.329417461849781823e-01,3.001641701247770855e-01,-4.324039322146990827e-01,2.830462295343780244e-01,-4.324039322146989162e-01,9.999999999999991118e-01
1.000000000000001554e+00,-3.371120843405228662e-01,4.335381789644224826e-01,-3.371120843405226442e-01,2.448615533579467374e-01,-2.649304613740133818e-01,4.335381789644219275e-01,-2.649304613740133818e-01,3.607061016971681577e-01,-3.371120843405228662e-01,1.000000000000001554e+00,-3.371120843405225331e-01,3.100694284364271525e-01,-4.222373365782839394e-01,3.100694284364274855e-01,-2.649304613740129377e-01,3.547110184806740452e-01,-2.649304613740126602e-01,4.335381789644224826e-01,-3.371120843405225331e-01,1.000000000000001554e+00,-2.649304613740127712e-01,2.448615533579463488e-01,-3.371120843405225331e-01,3.607061016971681022e-01,-2.649304613740131042e-01,4.335381789644221495e-01,-3.371120843405226442e-01,3.100694284364271525e-01,-2.649304613740127712e-01,1.000000000000001554e+00,-4.222373365782837729e-01,3.547110184806737676e-01,-3.371120843405224221e-01,3.100694284364273745e-01,-2.649304613740126602e-01,2.448615533579467374e-01,-4.222373365782839394e-01,2.448615533579463488e-01,-4.222373365782837729e-01,1.000000000000001554e+00,-4.222373365782838839e-01,2.448615533579461823e-01,-4.222373365782838284e-01,2.448615533579457382e-01,-2.649304613740133818e-01,3.100694284364274855e-01,-3.371120843405225331e-01,3.547110184806737676e-01,-4.222373365782838839e-01,1.000000000000001554e+00,-2.649304613740132153e-01,3.100694284364273745e-01,-3.371120843405220890e-01,4.335381789644219275e-01,-2.649304613740129377e-01,3.607061016971681022e-01,-3.371120843405224221e-01,2.448615533579461823e-01,-2.649304613740132153e-01,1.000000000000001554e+00,-3.371120843405222556e-01,4.335381789644219275e-01,-2.649304613740133818e-01,3.547110184806740452e-01,-2.649304613740131042e-01,3.100694284364273745e-01,-4.222373365782838284e-01,3.100694284364273745e-01,-3.371120843405222556e-01,1.000000000000001554e+00,-3.371120843405218670e-01,3.607061016971681577e-01,-2.649304613740126602e-01,4.335381789644221495e-01,-2.649304613740126602e-01,2.448615533579457382e-01,-3.371120843405220890e-01,4.335381789644219275e-01,-3.371120843405218670e-01,1.000000000000001554e+00
