1.000000000000000000e+00,1.000000000000000000e+00,1.000000000000000000e+00,1.000000000000000000e+00,1.000000000000000000e+00,1.000000000000000000e+00,1.000000000000000000e+00,1.000000000000000000e+00,1.000000000000000000e+00,1.000000000000000000e+00,1.000000000000000000e+00,1.000000000000000000e+00,1.000000000000000000e+00,1.000000000000000000e+00,1.000000000000000000e+00,1.000000000000000000e+00,1.000000000000000000e+00,1.000000000000000000e+00,1.000000000000000000e+00,1.000000000000000000e+00,1.000000000000000000e+00,1.000000000000000000e+00,1.000000000000000000e+00,1.000000000000000000e+00,1.000000000000000000e+00,1.000000000000000000e+00,1.000000000000000000e+00,1.000000000000000000e+00,1.000000000000000000e+00,1.000000000000000000e+00,1.000000000000000000e+00,1.000000000000000000e+00,1.000000000000000000e+00,1.000000000000000000e+00,1.000000000000000000e+00,1.000000000000000000e+00,1.000000000000000000e+00,1.000000000000000000e+00,1.000000000000000000e+00,1.000000000000000000e+00,1.000000000000000000e+00,1.000000000000000000e+00,1.000000000000000000e+00,1.000000000000000000e+00,1.000000000000000000e+00,1.000000000000000000e+00,1.000000000000000000e+00,1.000000000000000000e+00,1.000000000000000000e+00,1.000000000000000000e+00,1.000000000000000000e+00,1.000000000000000000e+00,1.000000000000000000e+00,1.000000000000000000e+00,1.000000000000000000e+00,1.000000000000000000e+00,1.000000000000000000e+00,1.000000000000000000e+00,1.000000000000000000e+00,1.000000000000000000e+00,1.000000000000000000e+00,1.000000000000000000e+00,1.000000000000000000e+00,1.000000000000000000e+00,1.000000000000000000e+00,1.000000000000000000e+00,1.000000000000000000e+00,1.000000000000000000e+00,1.000000000000000000e+00,1.000000000000000000e+00,1.000000000000000000e+00,1.000000000000000000e+00,1.000000000000000000e+00,1.000000000000000000e+00,1.000000000000000000e+00,1.000000000000000000e+00,1.000000000000000000e+00,1.000000000000000000e+00,1.000000000000000000e+00,1.000000000000000000e+00,1.000000000000000000e+00,1.000000000000000000e+00,1.000000000000000000e+00,1.000000000000000000e+00,1.000000000000000000e+00,1.000000000000000000e+00,1.000000000000000000e+00,1.000000000000000000e+00,1.000000000000000000e+00,1.000000000000000000e+00,1.000000000000000000e+00,1.000000000000000000e+00,1.000000000000000000e+00,1.000000000000000000e+00,1.000000000000000000e+00,1.000000000000000000e+00,1.000000000000000000e+00,1.000000000000000000e+00,1.000000000000000000e+00,1.000000000000000000e+00,1.000000000000000000e+00,1.000000000000000000e+00,1.000000000000000000e+00,1.000000000000000000e+00,1.000000000000000000e+00,1.000000000000000000e+00,1.000000000000000000e+00,1.000000000000000000e+00,1.000000000000000000e+00,1.000000000000000000e+00,1.000000000000000000e+00,1.000000000000000000e+00,1.000000000000000000e+00,1.000000000000000000e+00,1.000000000000000000e+00,1.000000000000000000e+00,1.000000000000000000e+00,1.000000000000000000e+00,1.000000000000000000e+00,1.000000000000000000e+00,1.000000000000000000e+00,1.000000000000000000e+00,1.000000000000000000e+00,1.000000000000000000e+00,1.000000000000000000e+00,1.000000000000000000e+00,1.000000000000000000e+00,1.000000000000000000e+00,1.000000000000000000e+00,1.000000000000000000e+00,1.000000000000000000e+00,1.000000000000000000e+00,1.000000000000000000e+00,1.000000000000000000e+00,1.000000000000000000e+00,1.000000000000000000e+00,1.000000000000000000e+00,1.000000000000000000e+00,1.000000000000000000e+00,1.000000000000000000e+00,1.000000000000000000e+00,1.000000000000000000e+00,1.000000000000000000e+00,1.000000000000000000e+00,1.000000000000000000e+00,1.000000000000000000e+00,1.000000000000000000e+00,1.000000000000000000e+00,1.000000000000000000e+00,1.000000000000000000e+00,1.000000000000000000e+00,1.000000000000000000e+00,1.000000000000000000e+00,1.000000000000000000e+00,1.000000000000000000e+00,1.000000000000000000e+00,1.000000000000000000e+00,1.000000000000000000e+00,1.000000000000000000e+00,1.000000000000000000e+00,1.000000000000000000e+00,1.000000000000000000e+00,1.000000000000000000e+00,1.000000000000000000e+00,1.000000000000000000e+00,1.000000000000000000e+00,1.000000000000000000e+00,1.000000000000000000e+00,1.000000000000000000e+00,1.000000000000000000e+00,1.000000000000000000e+00,1.000000000000000000e+00,1.000000000000000000e+00,1.000000000000000000e+00,1.000000000000000000e+00,1.000000000000000000e+00,1.000000000000000000e+00,1.000000000000000000e+00,1.000000000000000000e+00,1.000000000000000000e+00,1.000000000000000000e+00,1.000000000000000000e+00,1.000000000000000000e+00,1.000000000000000000e+00,1.000000000000000000e+00,1.000000000000000000e+00,1.000000000000000000e+00,1.000000000000000000e+00,1.000000000000000000e+00,1.000000000000000000e+00,1.000000000000000000e+00,1.000000000000000000e+00,1.000000000000000000e+00,1.000000000000000000e+00,1.000000000000000000e+00,1.000000000000000000e+00,1.000000000000000000e+00,1.000000000000000000e+00,1.000000000000000000e+00,1.000000000000000000e+00,1.000000000000000000e+00,1.000000000000000000e+00,1.000000000000000000e+00,1.000000000000000000e+00,1.000000000000000000e+00,1.000000000000000000e+00,1.000000000000000000e+00,1.000000000000000000e+00,1.000000000000000000e+00,1.000000000000000000e+00,1.000000000000000000e+00,1.000000000000000000e+00,1.000000000000000000e+00,1.000000000000000000e+00,1.000000000000000000e+00,1.000000000000000000e+00,1.000000000000000000e+00,1.000000000000000000e+00,1.000000000000000000e+00,1.000000000000000000e+00,1.000000000000000000e+00,1.000000000000000000e+00,1.000000000000000000e+00,1.000000000000000000e+00,1.000000000000000000e+00,1.000000000000000000e+00,1.000000000000000000e+00,1.000000000000000000e+00,1.000000000000000000e+00,1.000000000000000000e+00,1.000000000000000000e+00,1.000000000000000000e+00,1.000000000000000000e+00,1.000000000000000000e+00,1.000000000000000000e+00,1.000000000000000000e+00,1.000000000000000000e+00,1.000000000000000000e+00,1.000000000000000000e+00,1.000000000000000000e+00,1.000000000000000000e+00,1.000000000000000000e+00,1.000000000000000000e+00,1.000000000000000000e+00,1.000000000000000000e+00,1.000000000000000000e+00,1.000000000000000000e+00,1.000000000000000000e+00,1.000000000000000000e+00,1.000000000000000000e+00,1.000000000000000000e+00,1.000000000000000000e+00,1.000000000000000000e+00,1.000000000000000000e+00,1.000000000000000000e+00,1.000000000000000000e+00,1.000000000000000000e+00,1.000000000000000000e+00,1.000000000000000000e+00,1.000000000000000000e+00,1.000000000000000000e+00,1.000000000000000000e+00,1.000000000000000000e+00,1.000000000000000000e+00,1.000000000000000000e+00,1.000000000000000000e+00,1.000000000000000000e+00,1.000000000000000000e+00,1.000000000000000000e+00,1.000000000000000000e+00,1.000000000000000000e+00,1.000000000000000000e+00,1.000000000000000000e+00,1.000000000000000000e+00,1.000000000000000000e+00,1.000000000000000000e+00,1.000000000000000000e+00,1.000000000000000000e+00,1.000000000000000000e+00,1.000000000000000000e+00,1.000000000000000000e+00,1.000000000000000000e+00,1.000000000000000000e+00,1.000000000000000000e+00,1.000000000000000000e+00,1.000000000000000000e+00,1.000000000000000000e+00,1.000000000000000000e+00,1.000000000000000000e+00,1.000000000000000000e+00,1.000000000000000000e+00,1.000000000000000000e+00,1.000000000000000000e+00,1.000000000000000000e+00,1.000000000000000000e+00,1.000000000000000000e+00,1.000000000000000000e+00,1.000000000000000000e+00,1.000000000000000000e+00,1.000000000000000000e+00,1.000000000000000000e+00,1.000000000000000000e+00,1.000000000000000000e+00,1.000000000000000000e+00,1.000000000000000000e+00,1.000000000000000000e+00,1.000000000000000000e+00,1.000000000000000000e+00,1.000000000000000000e+00,1.000000000000000000e+00,1.000000000000000000e+00,1.000000000000000000e+00,1.000000000000000000e+00,1.000000000000000000e+00,1.000000000000000000e+00,1.000000000000000000e+00,1.000000000000000000e+00,1.000000000000000000e+00,1.000000000000000000e+00,1.000000000000000000e+00,1.000000000000000000e+00,1.000000000000000000e+00,1.000000000000000000e+00,1.000000000000000000e+00,1.000000000000000000e+00,1.000000000000000000e+00,1.000000000000000000e+00,1.000000000000000000e+00,1.000000000000000000e+00,1.000000000000000000e+00,1.000000000000000000e+00,1.000000000000000000e+00,1.000000000000000000e+00,1.000000000000000000e+00,1.000000000000000000e+00,1.000000000000000000e+00,1.000000000000000000e+00,1.000000000000000000e+00,1.000000000000000000e+00,1.000000000000000000e+00,1.000000000000000000e+00,1.000000000000000000e+00,1.000000000000000000e+00,1.000000000000000000e+00,1.000000000000000000e+00,1.000000000000000000e+00,1.000000000000000000e+00,1.000000000000000000e+00,1.000000000000000000e+00,1.000000000000000000e+00,1.000000000000000000e+00,1.000000000000000000e+00,1.000000000000000000e+00,1.000000000000000000e+00,1.000000000000000000e+00,1.000000000000000000e+00,1.000000000000000000e+00,1.000000000000000000e+00,1.000000000000000000e+00,1.000000000000000000e+00,1.000000000000000000e+00,1.000000000000000000e+00,1.000000000000000000e+00,1.000000000000000000e+00,1.000000000000000000e+00,1.000000000000000000e+00,1.000000000000000000e+00,1.000000000000000000e+00,1.000000000000000000e+00,1.000000000000000000e+00,1.000000000000000000e+00,1.000000000000000000e+00,1.000000000000000000e+00,1.000000000000000000e+00,1.000000000000000000e+00,1.000000000000000000e+00,1.000000000000000000e+00,1.000000000000000000e+00,1.000000000000000000e+00,1.000000000000000000e+00,1.000000000000000000e+00,1.000000000000000000e+00,1.000000000000000000e+00,1.000000000000000000e+00,1.000000000000000000e+00,1.000000000000000000e+00,1.000000000000000000e+00,1.000000000000000000e+00,1.000000000000000000e+00,1.000000000000000000e+00,1.000000000000000000e+00,1.000000000000000000e+00,1.000000000000000000e+00,1.000000000000000000e+00,1.000000000000000000e+00,1.000000000000000000e+00,1.000000000000000000e+00,1.000000000000000000e+00,1.000000000000000000e+00,1.000000000000000000e+00
9.999999999999984457e-01,9.998804404481826946e-01,9.998804436813922836e-01,9.998804437575514736e-01,9.998804437641403142e-01,9.998804437653296961e-01,9.998804437656542143e-01,9.998804437657690114e-01,9.998804437658164179e-01,9.998804437658364019e-01,9.998804437658421751e-01,9.998804437658365130e-01,9.998804437658164179e-01,9.998804437657690114e-01,9.998804437656543254e-01,9.998804437653298072e-01,9.998804437641400922e-01,9.998804437575513626e-01,9.998804436813920615e-01,9.998804404481823616e-01,9.998804404481826946e-01,9.999999999999984457e-01,9.998804404481825836e-01,9.998804436813923946e-01,9.998804437575512516e-01,9.998804437641402032e-01,9.998804437653299182e-01,9.998804437656544364e-01,9.998804437657692334e-01,9.998804437658166400e-01,9.998804437658366240e-01,9.998804437658422861e-01,9.998804437658367350e-01,9.998804437658165289e-01,9.998804437657692334e-01,9.998804437656544364e-01,9.998804437653295851e-01,9.998804437641399812e-01,9.998804437575514736e-01,9.998804436813919505e-01,9.998804436813922836e-01,9.998804404481825836e-01,9.999999999999984457e-01,9.998804404481825836e-01,9.998804436813922836e-01,9.998804437575514736e-01,9.998804437641402032e-01,9.998804437653296961e-01,9.998804437656543254e-01,9.998804437657690114e-01,9.998804437658164179e-01,9.998804437658365130e-01,9.998804437658421751e-01,9.998804437658364019e-01,9.998804437658164179e-01,9.998804437657691224e-01,9.998804437656541033e-01,9.998804437653293631e-01,9.998804437641402032e-01,9.998804437575513626e-01,9.998804437575514736e-01,9.998804436813923946e-01,9.998804404481825836e-01,9.999999999999984457e-01,9.998804404481825836e-01,9.998804436813921726e-01,9.998804437575514736e-01,9.998804437641402032e-01,9.998804437653296961e-01,9.998804437656542143e-01,9.998804437657690114e-01,9.998804437658163069e-01,9.998804437658364019e-01,9.998804437658420641e-01,9.998804437658365130e-01,9.998804437658164179e-01,9.998804437657690114e-01,9.998804437656541033e-01,9.998804437653295851e-01,9.998804437641400922e-01,9.998804437641403142e-01,9.998804437575512516e-01,9.998804436813922836e-01,9.998804404481825836e-01,9.999999999999984457e-01,9.998804404481825836e-01,9.998804436813921726e-01,9.998804437575513626e-01,9.998804437641402032e-01,9.998804437653295851e-01,9.998804437656542143e-01,9.998804437657689004e-01,9.998804437658163069e-01,9.998804437658362909e-01,9.998804437658419531e-01,9.998804437658364019e-01,9.998804437658163069e-01,9.998804437657689004e-01,9.998804437656541033e-01,9.998804437653294741e-01,9.998804437653296961e-01,9.998804437641402032e-01,9.998804437575514736e-01,9.998804436813921726e-01,9.998804404481825836e-01,9.999999999999984457e-01,9.998804404481824726e-01,9.998804436813920615e-01,9.998804437575513626e-01,9.998804437641400922e-01,9.998804437653295851e-01,9.998804437656539923e-01,9.998804437657690114e-01,9.998804437658163069e-01,9.998804437658364019e-01,9.998804437658418420e-01,9.998804437658361799e-01,9.998804437658163069e-01,9.998804437657687894e-01,9.998804437656543254e-01,9.998804437656542143e-01,9.998804437653299182e-01,9.998804437641402032e-01,9.998804437575514736e-01,9.998804436813921726e-01,9.998804404481824726e-01,9.999999999999984457e-01,9.998804404481824726e-01,9.998804436813921726e-01,9.998804437575513626e-01,9.998804437641400922e-01,9.998804437653295851e-01,9.998804437656542143e-01,9.998804437657690114e-01,9.998804437658164179e-01,9.998804437658364019e-01,9.998804437658420641e-01,9.998804437658361799e-01,9.998804437658163069e-01,9.998804437657690114e-01,9.998804437657690114e-01,9.998804437656544364e-01,9.998804437653296961e-01,9.998804437641402032e-01,9.998804437575513626e-01,9.998804436813920615e-01,9.998804404481824726e-01,9.999999999999984457e-01,9.998804404481825836e-01,9.998804436813921726e-01,9.998804437575513626e-01,9.998804437641400922e-01,9.998804437653296961e-01,9.998804437656542143e-01,9.998804437657690114e-01,9.998804437658163069e-01,9.998804437658364019e-01,9.998804437658418420e-01,9.998804437658364019e-01,9.998804437658164179e-01,9.998804437658164179e-01,9.998804437657692334e-01,9.998804437656543254e-01,9.998804437653296961e-01,9.998804437641402032e-01,9.998804437575513626e-01,9.998804436813921726e-01,9.998804404481825836e-01,9.999999999999984457e-01,9.998804404481825836e-01,9.998804436813921726e-01,9.998804437575514736e-01,9.998804437641402032e-01,9.998804437653296961e-01,9.998804437656542143e-01,9.998804437657690114e-01,9.998804437658163069e-01,9.998804437658361799e-01,9.998804437658419531e-01,9.998804437658364019e-01,9.998804437658364019e-01,9.998804437658166400e-01,9.998804437657690114e-01,9.998804437656542143e-01,9.998804437653295851e-01,9.998804437641400922e-01,9.998804437575513626e-01,9.998804436813921726e-01,9.998804404481825836e-01,9.999999999999984457e-01,9.998804404481825836e-01,9.998804436813922836e-01,9.998804437575514736e-01,9.998804437641403142e-01,9.998804437653296961e-01,9.998804437656542143e-01,9.998804437657690114e-01,9.998804437658161959e-01,9.998804437658364019e-01,9.998804437658420641e-01,9.998804437658421751e-01,9.998804437658366240e-01,9.998804437658164179e-01,9.998804437657690114e-01,9.998804437656542143e-01,9.998804437653295851e-01,9.998804437641400922e-01,9.998804437575513626e-01,9.998804436813921726e-01,9.998804404481825836e-01,9.999999999999984457e-01,9.998804404481825836e-01,9.998804436813922836e-01,9.998804437575514736e-01,9.998804437641403142e-01,9.998804437653296961e-01,9.998804437656541033e-01,9.998804437657686783e-01,9.998804437658163069e-01,9.998804437658364019e-01,9.998804437658365130e-01,9.998804437658422861e-01,9.998804437658365130e-01,9.998804437658163069e-01,9.998804437657689004e-01,9.998804437656539923e-01,9.998804437653295851e-01,9.998804437641400922e-01,9.998804437575514736e-01,9.998804436813922836e-01,9.998804404481825836e-01,9.999999999999984457e-01,9.998804404481826946e-01,9.998804436813923946e-01,9.998804437575514736e-01,9.998804437641402032e-01,9.998804437653295851e-01,9.998804437656538813e-01,9.998804437657689004e-01,9.998804437658163069e-01,9.998804437658164179e-01,9.998804437658367350e-01,9.998804437658421751e-01,9.998804437658364019e-01,9.998804437658163069e-01,9.998804437657690114e-01,9.998804437656542143e-01,9.998804437653296961e-01,9.998804437641402032e-01,9.998804437575514736e-01,9.998804436813922836e-01,9.998804404481826946e-01,9.999999999999984457e-01,9.998804404481826946e-01,9.998804436813922836e-01,9.998804437575514736e-01,9.998804437641403142e-01,9.998804437653294741e-01,9.998804437656541033e-01,9.998804437657690114e-01,9.998804437657690114e-01,9.998804437658165289e-01,9.998804437658364019e-01,9.998804437658420641e-01,9.998804437658362909e-01,9.998804437658163069e-01,9.998804437657690114e-01,9.998804437656542143e-01,9.998804437653296961e-01,9.998804437641403142e-01,9.998804437575514736e-01,9.998804436813923946e-01,9.998804404481826946e-01,9.999999999999984457e-01,9.998804404481826946e-01,9.998804436813921726e-01,9.998804437575514736e-01,9.998804437641399812e-01,9.998804437653296961e-01,9.998804437656542143e-01,9.998804437656543254e-01,9.998804437657692334e-01,9.998804437658164179e-01,9.998804437658365130e-01,9.998804437658419531e-01,9.998804437658364019e-01,9.998804437658164179e-01,9.998804437657690114e-01,9.998804437656542143e-01,9.998804437653296961e-01,9.998804437641403142e-01,9.998804437575514736e-01,9.998804436813922836e-01,9.998804404481826946e-01,9.999999999999984457e-01,9.998804404481825836e-01,9.998804436813922836e-01,9.998804437575512516e-01,9.998804437641402032e-01,9.998804437653295851e-01,9.998804437653298072e-01,9.998804437656544364e-01,9.998804437657691224e-01,9.998804437658164179e-01,9.998804437658364019e-01,9.998804437658418420e-01,9.998804437658364019e-01,9.998804437658163069e-01,9.998804437657690114e-01,9.998804437656542143e-01,9.998804437653296961e-01,9.998804437641402032e-01,9.998804437575514736e-01,9.998804436813921726e-01,9.998804404481825836e-01,9.999999999999984457e-01,9.998804404481825836e-01,9.998804436813921726e-01,9.998804437575512516e-01,9.998804437641402032e-01,9.998804437641400922e-01,9.998804437653295851e-01,9.998804437656541033e-01,9.998804437657690114e-01,9.998804437658163069e-01,9.998804437658361799e-01,9.998804437658420641e-01,9.998804437658364019e-01,9.998804437658163069e-01,9.998804437657690114e-01,9.998804437656541033e-01,9.998804437653295851e-01,9.998804437641403142e-01,9.998804437575514736e-01,9.998804436813922836e-01,9.998804404481825836e-01,9.999999999999984457e-01,9.998804404481825836e-01,9.998804436813922836e-01,9.998804437575513626e-01,9.998804437575513626e-01,9.998804437641399812e-01,9.998804437653293631e-01,9.998804437656541033e-01,9.998804437657689004e-01,9.998804437658163069e-01,9.998804437658361799e-01,9.998804437658418420e-01,9.998804437658361799e-01,9.998804437658161959e-01,9.998804437657686783e-01,9.998804437656538813e-01,9.998804437653294741e-01,9.998804437641399812e-01,9.998804437575512516e-01,9.998804436813921726e-01,9.998804404481825836e-01,9.999999999999984457e-01,9.998804404481826946e-01,9.998804436813920615e-01,9.998804436813920615e-01,9.998804437575514736e-01,9.998804437641402032e-01,9.998804437653295851e-01,9.998804437656541033e-01,9.998804437657687894e-01,9.998804437658163069e-01,9.998804437658364019e-01,9.998804437658419531e-01,9.998804437658364019e-01,9.998804437658163069e-01,9.998804437657689004e-01,9.998804437656541033e-01,9.998804437653296961e-01,9.998804437641402032e-01,9.998804437575512516e-01,9.998804436813922836e-01,9.998804404481826946e-01,9.999999999999984457e-01,9.998804404481824726e-01,9.998804404481823616e-01,9.998804436813919505e-01,9.998804437575513626e-01,9.998804437641400922e-01,9.998804437653294741e-01,9.998804437656543254e-01,9.998804437657690114e-01,9.998804437658164179e-01,9.998804437658364019e-01,9.998804437658420641e-01,9.998804437658364019e-01,9.998804437658163069e-01,9.998804437657690114e-01,9.998804437656542143e-01,9.998804437653295851e-01,9.998804437641402032e-01,9.998804437575513626e-01,9.998804436813920615e-01,9.998804404481824726e-01,9.999999999999984457e-01
1.000000000000000666e+00,9.988500498872888711e-01,9.988503410018291229e-01,9.988503548677566402e-01,9.988503560980568352e-01,9.988503563209860658e-01,9.988503563818789122e-01,9.988503564034262316e-01,9.988503564123220047e-01,9.988503564160907677e-01,9.988503564171514748e-01,9.988503564160907677e-01,9.988503564123218936e-01,9.988503564034261206e-01,9.988503563818789122e-01,9.988503563209858438e-01,9.988503560980569462e-01,9.988503548677566402e-01,9.988503410018293449e-01,9.988500498872889821e-01,9.988500498872888711e-01,1.000000000000000666e+00,9.988500498872888711e-01,9.988503410018292339e-01,9.988503548677566402e-01,9.988503560980570573e-01,9.988503563209858438e-01,9.988503563818786901e-01,9.988503564034261206e-01,9.988503564123217826e-01,9.988503564160906567e-01,9.988503564171512528e-01,9.988503564160906567e-01,9.988503564123218936e-01,9.988503564034260096e-01,9.988503563818786901e-01,9.988503563209859548e-01,9.988503560980570573e-01,9.988503548677566402e-01,9.988503410018293449e-01,9.988503410018291229e-01,9.988500498872888711e-01,1.000000000000000666e+00,9.988500498872888711e-01,9.988503410018293449e-01,9.988503548677567512e-01,9.988503560980569462e-01,9.988503563209859548e-01,9.988503563818789122e-01,9.988503564034262316e-01,9.988503564123218936e-01,9.988503564160908788e-01,9.988503564171514748e-01,9.988503564160906567e-01,9.988503564123218936e-01,9.988503564034261206e-01,9.988503563818789122e-01,9.988503563209859548e-01,9.988503560980570573e-01,9.988503548677568622e-01,9.988503548677566402e-01,9.988503410018292339e-01,9.988500498872888711e-01,1.000000000000000666e+00,9.988500498872888711e-01,9.988503410018293449e-01,9.988503548677565291e-01,9.988503560980568352e-01,9.988503563209859548e-01,9.988503563818788011e-01,9.988503564034261206e-01,9.988503564123217826e-01,9.988503564160907677e-01,9.988503564171513638e-01,9.988503564160906567e-01,9.988503564123217826e-01,9.988503564034263427e-01,9.988503563818788011e-01,9.988503563209858438e-01,9.988503560980570573e-01,9.988503560980568352e-01,9.988503548677566402e-01,9.988503410018293449e-01,9.988500498872888711e-01,1.000000000000000666e+00,9.988500498872890931e-01,9.988503410018291229e-01,9.988503548677565291e-01,9.988503560980568352e-01,9.988503563209858438e-01,9.988503563818786901e-01,9.988503564034260096e-01,9.988503564123216716e-01,9.988503564160905457e-01,9.988503564171513638e-01,9.988503564160906567e-01,9.988503564123222267e-01,9.988503564034261206e-01,9.988503563818788011e-01,9.988503563209859548e-01,9.988503563209860658e-01,9.988503560980570573e-01,9.988503548677567512e-01,9.988503410018293449e-01,9.988500498872890931e-01,1.000000000000000666e+00,9.988500498872889821e-01,9.988503410018293449e-01,9.988503548677566402e-01,9.988503560980569462e-01,9.988503563209860658e-01,9.988503563818789122e-01,9.988503564034262316e-01,9.988503564123220047e-01,9.988503564160906567e-01,9.988503564171514748e-01,9.988503564160909898e-01,9.988503564123217826e-01,9.988503564034261206e-01,9.988503563818788011e-01,9.988503563818789122e-01,9.988503563209858438e-01,9.988503560980569462e-01,9.988503548677565291e-01,9.988503410018291229e-01,9.988500498872889821e-01,1.000000000000000666e+00,9.988500498872888711e-01,9.988503410018292339e-01,9.988503548677566402e-01,9.988503560980568352e-01,9.988503563209859548e-01,9.988503563818788011e-01,9.988503564034262316e-01,9.988503564123220047e-01,9.988503564160906567e-01,9.988503564171513638e-01,9.988503564160908788e-01,9.988503564123220047e-01,9.988503564034263427e-01,9.988503564034262316e-01,9.988503563818786901e-01,9.988503563209859548e-01,9.988503560980568352e-01,9.988503548677565291e-01,9.988503410018293449e-01,9.988500498872888711e-01,1.000000000000000666e+00,9.988500498872888711e-01,9.988503410018292339e-01,9.988503548677565291e-01,9.988503560980569462e-01,9.988503563209859548e-01,9.988503563818789122e-01,9.988503564034262316e-01,9.988503564123218936e-01,9.988503564160906567e-01,9.988503564171515858e-01,9.988503564160907677e-01,9.988503564123221157e-01,9.988503564123220047e-01,9.988503564034261206e-01,9.988503563818789122e-01,9.988503563209859548e-01,9.988503560980568352e-01,9.988503548677566402e-01,9.988503410018292339e-01,9.988500498872888711e-01,1.000000000000000666e+00,9.988500498872888711e-01,9.988503410018292339e-01,9.988503548677567512e-01,9.988503560980569462e-01,9.988503563209859548e-01,9.988503563818789122e-01,9.988503564034262316e-01,9.988503564123218936e-01,9.988503564160908788e-01,9.988503564171515858e-01,9.988503564160907677e-01,9.988503564160907677e-01,9.988503564123217826e-01,9.988503564034262316e-01,9.988503563818788011e-01,9.988503563209858438e-01,9.988503560980569462e-01,9.988503548677566402e-01,9.988503410018292339e-01,9.988500498872888711e-01,1.000000000000000666e+00,9.988500498872888711e-01,9.988503410018292339e-01,9.988503548677566402e-01,9.988503560980570573e-01,9.988503563209860658e-01,9.988503563818789122e-01,9.988503564034261206e-01,9.988503564123220047e-01,9.988503564160908788e-01,9.988503564171515858e-01,9.988503564171514748e-01,9.988503564160906567e-01,9.988503564123218936e-01,9.988503564034261206e-01,9.988503563818786901e-01,9.988503563209860658e-01,9.988503560980568352e-01,9.988503548677565291e-01,9.988503410018292339e-01,9.988500498872888711e-01,1.000000000000000666e+00,9.988500498872889821e-01,9.988503410018293449e-01,9.988503548677567512e-01,9.988503560980569462e-01,9.988503563209859548e-01,9.988503563818788011e-01,9.988503564034263427e-01,9.988503564123220047e-01,9.988503564160908788e-01,9.988503564160907677e-01,9.988503564171512528e-01,9.988503564160908788e-01,9.988503564123217826e-01,9.988503564034260096e-01,9.988503563818789122e-01,9.988503563209859548e-01,9.988503560980569462e-01,9.988503548677567512e-01,9.988503410018292339e-01,9.988500498872889821e-01,1.000000000000000666e+00,9.988500498872889821e-01,9.988503410018293449e-01,9.988503548677567512e-01,9.988503560980570573e-01,9.988503563209859548e-01,9.988503563818790232e-01,9.988503564034262316e-01,9.988503564123218936e-01,9.988503564123218936e-01,9.988503564160906567e-01,9.988503564171514748e-01,9.988503564160907677e-01,9.988503564123216716e-01,9.988503564034262316e-01,9.988503563818788011e-01,9.988503563209859548e-01,9.988503560980569462e-01,9.988503548677566402e-01,9.988503410018293449e-01,9.988500498872889821e-01,1.000000000000000666e+00,9.988500498872889821e-01,9.988503410018293449e-01,9.988503548677567512e-01,9.988503560980570573e-01,9.988503563209860658e-01,9.988503563818789122e-01,9.988503564034262316e-01,9.988503564034261206e-01,9.988503564123218936e-01,9.988503564160906567e-01,9.988503564171513638e-01,9.988503564160905457e-01,9.988503564123220047e-01,9.988503564034262316e-01,9.988503563818789122e-01,9.988503563209859548e-01,9.988503560980570573e-01,9.988503548677567512e-01,9.988503410018293449e-01,9.988500498872889821e-01,1.000000000000000666e+00,9.988500498872888711e-01,9.988503410018293449e-01,9.988503548677566402e-01,9.988503560980570573e-01,9.988503563209859548e-01,9.988503563818790232e-01,9.988503563818789122e-01,9.988503564034260096e-01,9.988503564123218936e-01,9.988503564160906567e-01,9.988503564171513638e-01,9.988503564160906567e-01,9.988503564123220047e-01,9.988503564034262316e-01,9.988503563818789122e-01,9.988503563209860658e-01,9.988503560980569462e-01,9.988503548677567512e-01,9.988503410018293449e-01,9.988500498872888711e-01,1.000000000000000666e+00,9.988500498872889821e-01,9.988503410018293449e-01,9.988503548677567512e-01,9.988503560980570573e-01,9.988503563209860658e-01,9.988503563209858438e-01,9.988503563818786901e-01,9.988503564034261206e-01,9.988503564123217826e-01,9.988503564160906567e-01,9.988503564171514748e-01,9.988503564160906567e-01,9.988503564123218936e-01,9.988503564034262316e-01,9.988503563818789122e-01,9.988503563209859548e-01,9.988503560980570573e-01,9.988503548677567512e-01,9.988503410018293449e-01,9.988500498872889821e-01,1.000000000000000666e+00,9.988500498872889821e-01,9.988503410018294559e-01,9.988503548677567512e-01,9.988503560980570573e-01,9.988503560980569462e-01,9.988503563209859548e-01,9.988503563818789122e-01,9.988503564034263427e-01,9.988503564123222267e-01,9.988503564160909898e-01,9.988503564171513638e-01,9.988503564160906567e-01,9.988503564123218936e-01,9.988503564034261206e-01,9.988503563818788011e-01,9.988503563209859548e-01,9.988503560980570573e-01,9.988503548677566402e-01,9.988503410018293449e-01,9.988500498872889821e-01,1.000000000000000666e+00,9.988500498872887601e-01,9.988503410018293449e-01,9.988503548677567512e-01,9.988503548677566402e-01,9.988503560980570573e-01,9.988503563209859548e-01,9.988503563818788011e-01,9.988503564034261206e-01,9.988503564123217826e-01,9.988503564160908788e-01,9.988503564171515858e-01,9.988503564160908788e-01,9.988503564123220047e-01,9.988503564034263427e-01,9.988503563818790232e-01,9.988503563209860658e-01,9.988503560980570573e-01,9.988503548677567512e-01,9.988503410018294559e-01,9.988500498872887601e-01,1.000000000000000666e+00,9.988500498872889821e-01,9.988503410018293449e-01,9.988503410018293449e-01,9.988503548677566402e-01,9.988503560980570573e-01,9.988503563209858438e-01,9.988503563818788011e-01,9.988503564034261206e-01,9.988503564123220047e-01,9.988503564160907677e-01,9.988503564171515858e-01,9.988503564160908788e-01,9.988503564123220047e-01,9.988503564034262316e-01,9.988503563818789122e-01,9.988503563209859548e-01,9.988503560980570573e-01,9.988503548677567512e-01,9.988503410018293449e-01,9.988500498872889821e-01,1.000000000000000666e+00,9.988500498872890931e-01,9.988500498872889821e-01,9.988503410018293449e-01,9.988503548677568622e-01,9.988503560980570573e-01,9.988503563209859548e-01,9.988503563818788011e-01,9.988503564034263427e-01,9.988503564123221157e-01,9.988503564160907677e-01,9.988503564171515858e-01,9.988503564160908788e-01,9.988503564123218936e-01,9.988503564034262316e-01,9.988503563818790232e-01,9.988503563209860658e-01,9.988503560980570573e-01,9.988503548677567512e-01,9.988503410018293449e-01,9.988500498872890931e-01,1.000000000000000666e+00
1.000000000000001110e+00,9.972797795810058874e-01,9.972813084405539596e-01,9.972814217923379188e-01,9.972814321429984696e-01,9.972814340302986746e-01,9.972814345475415898e-01,9.972814347308716076e-01,9.972814348066224577e-01,9.972814348387292194e-01,9.972814348477673230e-01,9.972814348387292194e-01,9.972814348066225687e-01,9.972814347308717187e-01,9.972814345475417008e-01,9.972814340302988967e-01,9.972814321429988027e-01,9.972814217923379188e-01,9.972813084405539596e-01,9.972797795810058874e-01,9.972797795810058874e-01,1.000000000000001110e+00,9.972797795810057764e-01,9.972813084405538486e-01,9.972814217923379188e-01,9.972814321429985807e-01,9.972814340302986746e-01,9.972814345475414788e-01,9.972814347308713856e-01,9.972814348066223467e-01,9.972814348387291083e-01,9.972814348477672119e-01,9.972814348387292194e-01,9.972814348066224577e-01,9.972814347308716076e-01,9.972814345475414788e-01,9.972814340302987857e-01,9.972814321429984696e-01,9.972814217923379188e-01,9.972813084405538486e-01,9.972813084405539596e-01,9.972797795810057764e-01,1.000000000000001110e+00,9.972797795810056654e-01,9.972813084405538486e-01,9.972814217923379188e-01,9.972814321429986917e-01,9.972814340302987857e-01,9.972814345475415898e-01,9.972814347308717187e-01,9.972814348066225687e-01,9.972814348387294414e-01,9.972814348477672119e-01,9.972814348387293304e-01,9.972814348066225687e-01,9.972814347308717187e-01,9.972814345475413678e-01,9.972814340302987857e-01,9.972814321429984696e-01,9.972814217923380298e-01,9.972814217923379188e-01,9.972813084405538486e-01,9.972797795810056654e-01,1.000000000000001110e+00,9.972797795810057764e-01,9.972813084405540707e-01,9.972814217923379188e-01,9.972814321429985807e-01,9.972814340302986746e-01,9.972814345475414788e-01,9.972814347308716076e-01,9.972814348066224577e-01,9.972814348387292194e-01,9.972814348477672119e-01,9.972814348387293304e-01,9.972814348066223467e-01,9.972814347308717187e-01,9.972814345475414788e-01,9.972814340302986746e-01,9.972814321429984696e-01,9.972814321429984696e-01,9.972814217923379188e-01,9.972813084405538486e-01,9.972797795810057764e-01,1.000000000000001110e+00,9.972797795810057764e-01,9.972813084405536266e-01,9.972814217923378077e-01,9.972814321429984696e-01,9.972814340302986746e-01,9.972814345475414788e-01,9.972814347308716076e-01,9.972814348066224577e-01,9.972814348387291083e-01,9.972814348477671009e-01,9.972814348387291083e-01,9.972814348066224577e-01,9.972814347308714966e-01,9.972814345475414788e-01,9.972814340302987857e-01,9.972814340302986746e-01,9.972814321429985807e-01,9.972814217923379188e-01,9.972813084405540707e-01,9.972797795810057764e-01,1.000000000000001110e+00,9.972797795810057764e-01,9.972813084405537376e-01,9.972814217923379188e-01,9.972814321429985807e-01,9.972814340302986746e-01,9.972814345475415898e-01,9.972814347308714966e-01,9.972814348066224577e-01,9.972814348387292194e-01,9.972814348477669899e-01,9.972814348387291083e-01,9.972814348066225687e-01,9.972814347308717187e-01,9.972814345475415898e-01,9.972814345475415898e-01,9.972814340302986746e-01,9.972814321429986917e-01,9.972814217923379188e-01,9.972813084405536266e-01,9.972797795810057764e-01,1.000000000000001110e+00,9.972797795810058874e-01,9.972813084405539596e-01,9.972814217923380298e-01,9.972814321429986917e-01,9.972814340302988967e-01,9.972814345475417008e-01,9.972814347308718297e-01,9.972814348066225687e-01,9.972814348387293304e-01,9.972814348477672119e-01,9.972814348387291083e-01,9.972814348066224577e-01,9.972814347308717187e-01,9.972814347308716076e-01,9.972814345475414788e-01,9.972814340302987857e-01,9.972814321429985807e-01,9.972814217923378077e-01,9.972813084405537376e-01,9.972797795810058874e-01,1.000000000000001110e+00,9.972797795810058874e-01,9.972813084405538486e-01,9.972814217923380298e-01,9.972814321429988027e-01,9.972814340302988967e-01,9.972814345475417008e-01,9.972814347308717187e-01,9.972814348066225687e-01,9.972814348387292194e-01,9.972814348477671009e-01,9.972814348387292194e-01,9.972814348066225687e-01,9.972814348066224577e-01,9.972814347308713856e-01,9.972814345475415898e-01,9.972814340302986746e-01,9.972814321429984696e-01,9.972814217923379188e-01,9.972813084405539596e-01,9.972797795810058874e-01,1.000000000000001110e+00,9.972797795810058874e-01,9.972813084405539596e-01,9.972814217923381408e-01,9.972814321429986917e-01,9.972814340302988967e-01,9.972814345475417008e-01,9.972814347308718297e-01,9.972814348066225687e-01,9.972814348387292194e-01,9.972814348477672119e-01,9.972814348387293304e-01,9.972814348387292194e-01,9.972814348066223467e-01,9.972814347308717187e-01,9.972814345475414788e-01,9.972814340302986746e-01,9.972814321429985807e-01,9.972814217923380298e-01,9.972813084405538486e-01,9.972797795810058874e-01,1.000000000000001110e+00,9.972797795810059984e-01,9.972813084405540707e-01,9.972814217923381408e-01,9.972814321429988027e-01,9.972814340302988967e-01,9.972814345475418119e-01,9.972814347308716076e-01,9.972814348066224577e-01,9.972814348387293304e-01,9.972814348477673230e-01,9.972814348477673230e-01,9.972814348387291083e-01,9.972814348066225687e-01,9.972814347308716076e-01,9.972814345475414788e-01,9.972814340302986746e-01,9.972814321429986917e-01,9.972814217923380298e-01,9.972813084405539596e-01,9.972797795810059984e-01,1.000000000000001110e+00,9.972797795810059984e-01,9.972813084405539596e-01,9.972814217923381408e-01,9.972814321429988027e-01,9.972814340302990077e-01,9.972814345475415898e-01,9.972814347308716076e-01,9.972814348066225687e-01,9.972814348387293304e-01,9.972814348387292194e-01,9.972814348477672119e-01,9.972814348387294414e-01,9.972814348066224577e-01,9.972814347308716076e-01,9.972814345475415898e-01,9.972814340302988967e-01,9.972814321429988027e-01,9.972814217923381408e-01,9.972813084405540707e-01,9.972797795810059984e-01,1.000000000000001110e+00,9.972797795810059984e-01,9.972813084405539596e-01,9.972814217923381408e-01,9.972814321429988027e-01,9.972814340302988967e-01,9.972814345475414788e-01,9.972814347308718297e-01,9.972814348066225687e-01,9.972814348066225687e-01,9.972814348387292194e-01,9.972814348477672119e-01,9.972814348387292194e-01,9.972814348066224577e-01,9.972814347308714966e-01,9.972814345475417008e-01,9.972814340302988967e-01,9.972814321429986917e-01,9.972814217923381408e-01,9.972813084405539596e-01,9.972797795810059984e-01,1.000000000000001110e+00,9.972797795810058874e-01,9.972813084405540707e-01,9.972814217923382518e-01,9.972814321429986917e-01,9.972814340302986746e-01,9.972814345475415898e-01,9.972814347308716076e-01,9.972814347308717187e-01,9.972814348066224577e-01,9.972814348387293304e-01,9.972814348477672119e-01,9.972814348387291083e-01,9.972814348066224577e-01,9.972814347308718297e-01,9.972814345475417008e-01,9.972814340302988967e-01,9.972814321429988027e-01,9.972814217923381408e-01,9.972813084405539596e-01,9.972797795810058874e-01,1.000000000000001110e+00,9.972797795810059984e-01,9.972813084405539596e-01,9.972814217923380298e-01,9.972814321429984696e-01,9.972814340302988967e-01,9.972814345475417008e-01,9.972814345475417008e-01,9.972814347308716076e-01,9.972814348066225687e-01,9.972814348387293304e-01,9.972814348477671009e-01,9.972814348387292194e-01,9.972814348066225687e-01,9.972814347308717187e-01,9.972814345475417008e-01,9.972814340302988967e-01,9.972814321429988027e-01,9.972814217923381408e-01,9.972813084405540707e-01,9.972797795810059984e-01,1.000000000000001110e+00,9.972797795810058874e-01,9.972813084405539596e-01,9.972814217923379188e-01,9.972814321429988027e-01,9.972814340302988967e-01,9.972814340302988967e-01,9.972814345475414788e-01,9.972814347308717187e-01,9.972814348066223467e-01,9.972814348387291083e-01,9.972814348477669899e-01,9.972814348387293304e-01,9.972814348066225687e-01,9.972814347308718297e-01,9.972814345475418119e-01,9.972814340302990077e-01,9.972814321429988027e-01,9.972814217923382518e-01,9.972813084405539596e-01,9.972797795810058874e-01,1.000000000000001110e+00,9.972797795810058874e-01,9.972813084405537376e-01,9.972814217923380298e-01,9.972814321429986917e-01,9.972814321429988027e-01,9.972814340302987857e-01,9.972814345475413678e-01,9.972814347308717187e-01,9.972814348066224577e-01,9.972814348387291083e-01,9.972814348477672119e-01,9.972814348387292194e-01,9.972814348066225687e-01,9.972814347308716076e-01,9.972814345475415898e-01,9.972814340302988967e-01,9.972814321429986917e-01,9.972814217923380298e-01,9.972813084405539596e-01,9.972797795810058874e-01,1.000000000000001110e+00,9.972797795810059984e-01,9.972813084405537376e-01,9.972814217923380298e-01,9.972814217923379188e-01,9.972814321429984696e-01,9.972814340302987857e-01,9.972814345475414788e-01,9.972814347308714966e-01,9.972814348066225687e-01,9.972814348387291083e-01,9.972814348477671009e-01,9.972814348387292194e-01,9.972814348066224577e-01,9.972814347308716076e-01,9.972814345475414788e-01,9.972814340302986746e-01,9.972814321429984696e-01,9.972814217923379188e-01,9.972813084405537376e-01,9.972797795810059984e-01,1.000000000000001110e+00,9.972797795810058874e-01,9.972813084405538486e-01,9.972813084405539596e-01,9.972814217923379188e-01,9.972814321429984696e-01,9.972814340302986746e-01,9.972814345475414788e-01,9.972814347308717187e-01,9.972814348066224577e-01,9.972814348387292194e-01,9.972814348477672119e-01,9.972814348387293304e-01,9.972814348066225687e-01,9.972814347308718297e-01,9.972814345475415898e-01,9.972814340302988967e-01,9.972814321429988027e-01,9.972814217923380298e-01,9.972813084405537376e-01,9.972797795810058874e-01,1.000000000000001110e+00,9.972797795810059984e-01,9.972797795810058874e-01,9.972813084405538486e-01,9.972814217923380298e-01,9.972814321429984696e-01,9.972814340302987857e-01,9.972814345475415898e-01,9.972814347308717187e-01,9.972814348066225687e-01,9.972814348387293304e-01,9.972814348477673230e-01,9.972814348387293304e-01,9.972814348066225687e-01,9.972814347308716076e-01,9.972814345475417008e-01,9.972814340302988967e-01,9.972814321429986917e-01,9.972814217923380298e-01,9.972813084405538486e-01,9.972797795810059984e-01,1.000000000000001110e+00
