9.999999999999980016e-01,9.999999999999980016e-01,9.999999999999980016e-01,9.999999999999980016e-01,9.999999999999980016e-01,9.999999999999980016e-01,9.999999999999980016e-01,9.999999999999980016e-01,9.999999999999980016e-01,9.999999999999980016e-01,9.999999999999980016e-01,9.999999999999980016e-01,9.999999999999980016e-01,9.999999999999980016e-01,9.999999999999980016e-01,9.999999999999980016e-01,9.999999999999980016e-01,9.999999999999980016e-01,9.999999999999980016e-01,9.999999999999980016e-01,9.999999999999980016e-01,9.999999999999980016e-01,9.999999999999980016e-01,9.999999999999980016e-01,9.999999999999980016e-01,9.999999999999980016e-01,9.999999999999980016e-01,9.999999999999980016e-01,9.999999999999980016e-01,9.999999999999980016e-01,9.999999999999980016e-01,9.999999999999980016e-01,9.999999999999980016e-01,9.999999999999980016e-01,9.999999999999980016e-01,9.999999999999980016e-01,9.999999999999980016e-01,9.999999999999980016e-01,9.999999999999980016e-01,9.999999999999980016e-01,9.999999999999980016e-01,9.999999999999980016e-01,9.999999999999980016e-01,9.999999999999980016e-01,9.999999999999980016e-01,9.999999999999980016e-01,9.999999999999980016e-01,9.999999999999980016e-01,9.999999999999980016e-01,9.999999999999980016e-01,9.999999999999980016e-01,9.999999999999980016e-01,9.999999999999980016e-01,9.999999999999980016e-01,9.999999999999980016e-01,9.999999999999980016e-01,9.999999999999980016e-01,9.999999999999980016e-01,9.999999999999980016e-01,9.999999999999980016e-01,9.999999999999980016e-01,9.999999999999980016e-01,9.999999999999980016e-01,9.999999999999980016e-01,9.999999999999980016e-01,9.999999999999980016e-01,9.999999999999980016e-01,9.999999999999980016e-01,9.999999999999980016e-01,9.999999999999980016e-01,9.999999999999980016e-01,9.999999999999980016e-01,9.999999999999980016e-01,9.999999999999980016e-01,9.999999999999980016e-01,9.999999999999980016e-01,9.999999999999980016e-01,9.999999999999980016e-01,9.999999999999980016e-01,9.999999999999980016e-01,9.999999999999980016e-01,9.999999999999980016e-01,9.999999999999980016e-01,9.999999999999980016e-01,9.999999999999980016e-01,9.999999999999980016e-01,9.999999999999980016e-01,9.999999999999980016e-01,9.999999999999980016e-01,9.999999999999980016e-01,9.999999999999980016e-01,9.999999999999980016e-01,9.999999999999980016e-01,9.999999999999980016e-01,9.999999999999980016e-01,9.999999999999980016e-01,9.999999999999980016e-01,9.999999999999980016e-01,9.999999999999980016e-01,9.999999999999980016e-01,9.999999999999980016e-01,9.999999999999980016e-01,9.999999999999980016e-01,9.999999999999980016e-01,9.999999999999980016e-01,9.999999999999980016e-01,9.999999999999980016e-01,9.999999999999980016e-01,9.999999999999980016e-01,9.999999999999980016e-01,9.999999999999980016e-01,9.999999999999980016e-01,9.999999999999980016e-01,9.999999999999980016e-01,9.999999999999980016e-01,9.999999999999980016e-01,9.999999999999980016e-01,9.999999999999980016e-01,9.999999999999980016e-01,9.999999999999980016e-01,9.999999999999980016e-01,9.999999999999980016e-01,9.999999999999980016e-01,9.999999999999980016e-01,9.999999999999980016e-01,9.999999999999980016e-01,9.999999999999980016e-01,9.999999999999980016e-01,9.999999999999980016e-01,9.999999999999980016e-01,9.999999999999980016e-01,9.999999999999980016e-01,9.999999999999980016e-01,9.999999999999980016e-01,9.999999999999980016e-01,9.999999999999980016e-01,9.999999999999980016e-01,9.999999999999980016e-01,9.999999999999980016e-01,9.999999999999980016e-01,9.999999999999980016e-01,9.999999999999980016e-01,9.999999999999980016e-01,9.999999999999980016e-01,9.999999999999980016e-01,9.999999999999980016e-01,9.999999999999980016e-01,9.999999999999980016e-01,9.999999999999980016e-01,9.999999999999980016e-01,9.999999999999980016e-01,9.999999999999980016e-01,9.999999999999980016e-01,9.999999999999980016e-01,9.999999999999980016e-01,9.999999999999980016e-01,9.999999999999980016e-01,9.999999999999980016e-01,9.999999999999980016e-01,9.999999999999980016e-01,9.999999999999980016e-01,9.999999999999980016e-01,9.999999999999980016e-01,9.999999999999980016e-01,9.999999999999980016e-01,9.999999999999980016e-01,9.999999999999980016e-01,9.999999999999980016e-01,9.999999999999980016e-01,9.999999999999980016e-01,9.999999999999980016e-01,9.999999999999980016e-01,9.999999999999980016e-01,9.999999999999980016e-01,9.999999999999980016e-01,9.999999999999980016e-01,9.999999999999980016e-01,9.999999999999980016e-01,9.999999999999980016e-01,9.999999999999980016e-01,9.999999999999980016e-01,9.999999999999980016e-01,9.999999999999980016e-01,9.999999999999980016e-01,9.999999999999980016e-01,9.999999999999980016e-01,9.999999999999980016e-01,9.999999999999980016e-01,9.999999999999980016e-01,9.999999999999980016e-01,9.999999999999980016e-01,9.999999999999980016e-01,9.999999999999980016e-01,9.999999999999980016e-01,9.999999999999980016e-01,9.999999999999980016e-01,9.999999999999980016e-01,9.999999999999980016e-01,9.999999999999980016e-01,9.999999999999980016e-01,9.999999999999980016e-01,9.999999999999980016e-01,9.999999999999980016e-01,9.999999999999980016e-01,9.999999999999980016e-01,9.999999999999980016e-01,9.999999999999980016e-01,9.999999999999980016e-01,9.999999999999980016e-01,9.999999999999980016e-01,9.999999999999980016e-01,9.999999999999980016e-01,9.999999999999980016e-01,9.999999999999980016e-01,9.999999999999980016e-01,9.999999999999980016e-01,9.999999999999980016e-01,9.999999999999980016e-01,9.999999999999980016e-01,9.999999999999980016e-01,9.999999999999980016e-01,9.999999999999980016e-01,9.999999999999980016e-01,9.999999999999980016e-01,9.999999999999980016e-01,9.999999999999980016e-01,9.999999999999980016e-01,9.999999999999980016e-01,9.999999999999980016e-01,9.999999999999980016e-01,9.999999999999980016e-01,9.999999999999980016e-01,9.999999999999980016e-01,9.999999999999980016e-01,9.999999999999980016e-01,9.999999999999980016e-01,9.999999999999980016e-01,9.999999999999980016e-01,9.999999999999980016e-01,9.999999999999980016e-01,9.999999999999980016e-01,9.999999999999980016e-01,9.999999999999980016e-01,9.999999999999980016e-01,9.999999999999980016e-01,9.999999999999980016e-01,9.999999999999980016e-01,9.999999999999980016e-01,9.999999999999980016e-01,9.999999999999980016e-01,9.999999999999980016e-01,9.999999999999980016e-01,9.999999999999980016e-01,9.999999999999980016e-01,9.999999999999980016e-01,9.999999999999980016e-01,9.999999999999980016e-01,9.999999999999980016e-01,9.999999999999980016e-01,9.999999999999980016e-01,9.999999999999980016e-01,9.999999999999980016e-01,9.999999999999980016e-01,9.999999999999980016e-01,9.999999999999980016e-01,9.999999999999980016e-01,9.999999999999980016e-01,9.999999999999980016e-01,9.999999999999980016e-01,9.999999999999980016e-01,9.999999999999980016e-01,9.999999999999980016e-01,9.999999999999980016e-01,9.999999999999980016e-01,9.999999999999980016e-01,9.999999999999980016e-01,9.999999999999980016e-01,9.999999999999980016e-01,9.999999999999980016e-01,9.999999999999980016e-01,9.999999999999980016e-01,9.999999999999980016e-01,9.999999999999980016e-01,9.999999999999980016e-01,9.999999999999980016e-01,9.999999999999980016e-01,9.999999999999980016e-01,9.999999999999980016e-01,9.999999999999980016e-01,9.999999999999980016e-01,9.999999999999980016e-01,9.999999999999980016e-01,9.999999999999980016e-01,9.999999999999980016e-01,9.999999999999980016e-01,9.999999999999980016e-01,9.999999999999980016e-01,9.999999999999980016e-01,9.999999999999980016e-01,9.999999999999980016e-01,9.999999999999980016e-01,9.999999999999980016e-01,9.999999999999980016e-01,9.999999999999980016e-01,9.999999999999980016e-01,9.999999999999980016e-01,9.999999999999980016e-01,9.999999999999980016e-01,9.999999999999980016e-01,9.999999999999980016e-01,9.999999999999980016e-01,9.999999999999980016e-01,9.999999999999980016e-01,9.999999999999980016e-01,9.999999999999980016e-01,9.999999999999980016e-01,9.999999999999980016e-01,9.999999999999980016e-01,9.999999999999980016e-01,9.999999999999980016e-01,9.999999999999980016e-01,9.999999999999980016e-01,9.999999999999980016e-01,9.999999999999980016e-01,9.999999999999980016e-01,9.999999999999980016e-01,9.999999999999980016e-01,9.999999999999980016e-01,9.999999999999980016e-01,9.999999999999980016e-01,9.999999999999980016e-01,9.999999999999980016e-01,9.999999999999980016e-01,9.999999999999980016e-01,9.999999999999980016e-01,9.999999999999980016e-01,9.999999999999980016e-01,9.999999999999980016e-01,9.999999999999980016e-01,9.999999999999980016e-01,9.999999999999980016e-01,9.999999999999980016e-01,9.999999999999980016e-01,9.999999999999980016e-01,9.999999999999980016e-01,9.999999999999980016e-01,9.999999999999980016e-01,9.999999999999980016e-01,9.999999999999980016e-01,9.999999999999980016e-01,9.999999999999980016e-01,9.999999999999980016e-01,9.999999999999980016e-01,9.999999999999980016e-01,9.999999999999980016e-01,9.999999999999980016e-01,9.999999999999980016e-01,9.999999999999980016e-01,9.999999999999980016e-01,9.999999999999980016e-01,9.999999999999980016e-01,9.999999999999980016e-01,9.999999999999980016e-01,9.999999999999980016e-01,9.999999999999980016e-01,9.999999999999980016e-01,9.999999999999980016e-01,9.999999999999980016e-01,9.999999999999980016e-01,9.999999999999980016e-01,9.999999999999980016e-01,9.999999999999980016e-01,9.999999999999980016e-01,9.999999999999980016e-01,9.999999999999980016e-01,9.999999999999980016e-01,9.999999999999980016e-01,9.999999999999980016e-01,9.999999999999980016e-01,9.999999999999980016e-01,9.999999999999980016e-01,9.999999999999980016e-01,9.999999999999980016e-01,9.999999999999980016e-01,9.999999999999980016e-01,9.999999999999980016e-01,9.999999999999980016e-01,9.999999999999980016e-01,9.999999999999980016e-01,9.999999999999980016e-01,9.999999999999980016e-01,9.999999999999980016e-01,9.999999999999980016e-01,9.999999999999980016e-01,9.999999999999980016e-01,9.999999999999980016e-01,9.999999999999980016e-01,9.999999999999980016e-01,9.999999999999980016e-01,9.999999999999980016e-01
1.000000000000001776e+00,9.997750944053322986e-01,9.997751044130740450e-01,9.997751049640994925e-01,9.997751050138006246e-01,9.997751050228134151e-01,9.997751050252750016e-01,9.997751050261458605e-01,9.997751050265052397e-01,9.997751050266575623e-01,9.997751050267006390e-01,9.997751050266580064e-01,9.997751050265052397e-01,9.997751050261458605e-01,9.997751050252746685e-01,9.997751050228136371e-01,9.997751050138009576e-01,9.997751049640997145e-01,9.997751044130742670e-01,9.997750944053318545e-01,9.997750944053322986e-01,1.000000000000001776e+00,9.997750944053326316e-01,9.997751044130747111e-01,9.997751049640996035e-01,9.997751050138016238e-01,9.997751050228139702e-01,9.997751050252753346e-01,9.997751050261460826e-01,9.997751050265055728e-01,9.997751050266581174e-01,9.997751050267013051e-01,9.997751050266577844e-01,9.997751050265057948e-01,9.997751050261457495e-01,9.997751050252753346e-01,9.997751050228136371e-01,9.997751050138015128e-01,9.997751049641002696e-01,9.997751044130741560e-01,9.997751044130740450e-01,9.997750944053326316e-01,1.000000000000001776e+00,9.997750944053326316e-01,9.997751044130739340e-01,9.997751049640999366e-01,9.997751050138014017e-01,9.997751050228137482e-01,9.997751050252750016e-01,9.997751050261458605e-01,9.997751050265055728e-01,9.997751050266581174e-01,9.997751050267006390e-01,9.997751050266578954e-01,9.997751050265052397e-01,9.997751050261461936e-01,9.997751050252748906e-01,9.997751050228138592e-01,9.997751050138015128e-01,9.997751049640992704e-01,9.997751049640994925e-01,9.997751044130747111e-01,9.997750944053326316e-01,1.000000000000001776e+00,9.997750944053324096e-01,9.997751044130747111e-01,9.997751049640998255e-01,9.997751050138012907e-01,9.997751050228136371e-01,9.997751050252750016e-01,9.997751050261460826e-01,9.997751050265059058e-01,9.997751050266576733e-01,9.997751050267006390e-01,9.997751050266574513e-01,9.997751050265056838e-01,9.997751050261460826e-01,9.997751050252754457e-01,9.997751050228141922e-01,9.997751050138011797e-01,9.997751050138006246e-01,9.997751049640996035e-01,9.997751044130739340e-01,9.997750944053324096e-01,1.000000000000001776e+00,9.997750944053322986e-01,9.997751044130741560e-01,9.997751049640994925e-01,9.997751050138008466e-01,9.997751050228130820e-01,9.997751050252746685e-01,9.997751050261459715e-01,9.997751050265050177e-01,9.997751050266573403e-01,9.997751050266999728e-01,9.997751050266576733e-01,9.997751050265052397e-01,9.997751050261458605e-01,9.997751050252750016e-01,9.997751050228129710e-01,9.997751050228134151e-01,9.997751050138016238e-01,9.997751049640999366e-01,9.997751044130747111e-01,9.997750944053322986e-01,1.000000000000001776e+00,9.997750944053326316e-01,9.997751044130744891e-01,9.997751049640997145e-01,9.997751050138011797e-01,9.997751050228137482e-01,9.997751050252755567e-01,9.997751050261459715e-01,9.997751050265056838e-01,9.997751050266575623e-01,9.997751050267009720e-01,9.997751050266580064e-01,9.997751050265061279e-01,9.997751050261464156e-01,9.997751050252751126e-01,9.997751050252750016e-01,9.997751050228139702e-01,9.997751050138014017e-01,9.997751049640998255e-01,9.997751044130741560e-01,9.997750944053326316e-01,1.000000000000001776e+00,9.997750944053327427e-01,9.997751044130746001e-01,9.997751049640998255e-01,9.997751050138016238e-01,9.997751050228141922e-01,9.997751050252751126e-01,9.997751050261461936e-01,9.997751050265052397e-01,9.997751050266581174e-01,9.997751050267006390e-01,9.997751050266580064e-01,9.997751050265057948e-01,9.997751050261456385e-01,9.997751050261458605e-01,9.997751050252753346e-01,9.997751050228137482e-01,9.997751050138012907e-01,9.997751049640994925e-01,9.997751044130744891e-01,9.997750944053327427e-01,1.000000000000001776e+00,9.997750944053326316e-01,9.997751044130744891e-01,9.997751049641000476e-01,9.997751050138017348e-01,9.997751050228136371e-01,9.997751050252753346e-01,9.997751050261457495e-01,9.997751050265057948e-01,9.997751050266577844e-01,9.997751050267008610e-01,9.997751050266581174e-01,9.997751050265051287e-01,9.997751050265052397e-01,9.997751050261460826e-01,9.997751050252750016e-01,9.997751050228136371e-01,9.997751050138008466e-01,9.997751049640997145e-01,9.997751044130746001e-01,9.997750944053326316e-01,1.000000000000001776e+00,9.997750944053324096e-01,9.997751044130744891e-01,9.997751049641000476e-01,9.997751050138011797e-01,9.997751050228137482e-01,9.997751050252747795e-01,9.997751050261460826e-01,9.997751050265053507e-01,9.997751050266578954e-01,9.997751050267008610e-01,9.997751050266574513e-01,9.997751050266575623e-01,9.997751050265055728e-01,9.997751050261458605e-01,9.997751050252750016e-01,9.997751050228130820e-01,9.997751050138011797e-01,9.997751049640998255e-01,9.997751044130744891e-01,9.997750944053324096e-01,1.000000000000001776e+00,9.997750944053325206e-01,9.997751044130747111e-01,9.997751049640996035e-01,9.997751050138012907e-01,9.997751050228131930e-01,9.997751050252751126e-01,9.997751050261456385e-01,9.997751050265055728e-01,9.997751050266578954e-01,9.997751050267001949e-01,9.997751050267006390e-01,9.997751050266581174e-01,9.997751050265055728e-01,9.997751050261460826e-01,9.997751050252746685e-01,9.997751050228137482e-01,9.997751050138016238e-01,9.997751049641000476e-01,9.997751044130744891e-01,9.997750944053325206e-01,1.000000000000001776e+00,9.997750944053329647e-01,9.997751044130743781e-01,9.997751049640999366e-01,9.997751050138010687e-01,9.997751050228139702e-01,9.997751050252750016e-01,9.997751050261461936e-01,9.997751050265057948e-01,9.997751050266575623e-01,9.997751050266580064e-01,9.997751050267013051e-01,9.997751050266581174e-01,9.997751050265059058e-01,9.997751050261459715e-01,9.997751050252755567e-01,9.997751050228141922e-01,9.997751050138017348e-01,9.997751049641000476e-01,9.997751044130747111e-01,9.997750944053329647e-01,1.000000000000001776e+00,9.997750944053328537e-01,9.997751044130749332e-01,9.997751049640998255e-01,9.997751050138018458e-01,9.997751050228138592e-01,9.997751050252756677e-01,9.997751050261465267e-01,9.997751050265054618e-01,9.997751050265052397e-01,9.997751050266577844e-01,9.997751050267006390e-01,9.997751050266576733e-01,9.997751050265050177e-01,9.997751050261459715e-01,9.997751050252751126e-01,9.997751050228136371e-01,9.997751050138011797e-01,9.997751049640996035e-01,9.997751044130743781e-01,9.997750944053328537e-01,1.000000000000001776e+00,9.997750944053325206e-01,9.997751044130740450e-01,9.997751049640998255e-01,9.997751050138010687e-01,9.997751050228137482e-01,9.997751050252752236e-01,9.997751050261455275e-01,9.997751050261458605e-01,9.997751050265057948e-01,9.997751050266578954e-01,9.997751050267006390e-01,9.997751050266573403e-01,9.997751050265056838e-01,9.997751050261461936e-01,9.997751050252753346e-01,9.997751050228137482e-01,9.997751050138012907e-01,9.997751049640999366e-01,9.997751044130749332e-01,9.997750944053325206e-01,1.000000000000001776e+00,9.997750944053321875e-01,9.997751044130746001e-01,9.997751049640997145e-01,9.997751050138016238e-01,9.997751050228139702e-01,9.997751050252747795e-01,9.997751050252746685e-01,9.997751050261457495e-01,9.997751050265052397e-01,9.997751050266574513e-01,9.997751050266999728e-01,9.997751050266575623e-01,9.997751050265052397e-01,9.997751050261457495e-01,9.997751050252747795e-01,9.997751050228131930e-01,9.997751050138010687e-01,9.997751049640998255e-01,9.997751044130740450e-01,9.997750944053321875e-01,1.000000000000001776e+00,9.997750944053322986e-01,9.997751044130740450e-01,9.997751049640997145e-01,9.997751050138011797e-01,9.997751050228130820e-01,9.997751050228136371e-01,9.997751050252753346e-01,9.997751050261461936e-01,9.997751050265056838e-01,9.997751050266576733e-01,9.997751050267009720e-01,9.997751050266581174e-01,9.997751050265057948e-01,9.997751050261460826e-01,9.997751050252751126e-01,9.997751050228139702e-01,9.997751050138018458e-01,9.997751049640998255e-01,9.997751044130746001e-01,9.997750944053322986e-01,1.000000000000001776e+00,9.997750944053324096e-01,9.997751044130747111e-01,9.997751049641001586e-01,9.997751050138011797e-01,9.997751050138009576e-01,9.997751050228136371e-01,9.997751050252748906e-01,9.997751050261460826e-01,9.997751050265052397e-01,9.997751050266580064e-01,9.997751050267006390e-01,9.997751050266577844e-01,9.997751050265053507e-01,9.997751050261456385e-01,9.997751050252750016e-01,9.997751050228138592e-01,9.997751050138010687e-01,9.997751049640997145e-01,9.997751044130740450e-01,9.997750944053324096e-01,1.000000000000001776e+00,9.997750944053326316e-01,9.997751044130747111e-01,9.997751049640994925e-01,9.997751049640997145e-01,9.997751050138015128e-01,9.997751050228138592e-01,9.997751050252754457e-01,9.997751050261458605e-01,9.997751050265061279e-01,9.997751050266580064e-01,9.997751050267008610e-01,9.997751050266578954e-01,9.997751050265055728e-01,9.997751050261461936e-01,9.997751050252756677e-01,9.997751050228137482e-01,9.997751050138016238e-01,9.997751049640997145e-01,9.997751044130747111e-01,9.997750944053326316e-01,1.000000000000001776e+00,9.997750944053328537e-01,9.997751044130744891e-01,9.997751044130742670e-01,9.997751049641002696e-01,9.997751050138015128e-01,9.997751050228141922e-01,9.997751050252750016e-01,9.997751050261464156e-01,9.997751050265057948e-01,9.997751050266581174e-01,9.997751050267008610e-01,9.997751050266578954e-01,9.997751050265057948e-01,9.997751050261465267e-01,9.997751050252752236e-01,9.997751050228139702e-01,9.997751050138011797e-01,9.997751049641001586e-01,9.997751044130747111e-01,9.997750944053328537e-01,1.000000000000001776e+00,9.997750944053324096e-01,9.997750944053318545e-01,9.997751044130741560e-01,9.997751049640992704e-01,9.997751050138011797e-01,9.997751050228129710e-01,9.997751050252751126e-01,9.997751050261456385e-01,9.997751050265051287e-01,9.997751050266574513e-01,9.997751050267001949e-01,9.997751050266575623e-01,9.997751050265054618e-01,9.997751050261455275e-01,9.997751050252747795e-01,9.997751050228130820e-01,9.997751050138011797e-01,9.997751049640994925e-01,9.997751044130744891e-01,9.997750944053324096e-01,1.000000000000001776e+00
9.999999999999983347e-01,9.991015081939695897e-01,9.991016679406040657e-01,9.991016766954560202e-01,9.991016774844161397e-01,9.991016776276843148e-01,9.991016776668495414e-01,9.991016776807135624e-01,9.991016776864382054e-01,9.991016776888638207e-01,9.991016776895464968e-01,9.991016776888639317e-01,9.991016776864380944e-01,9.991016776807136734e-01,9.991016776668495414e-01,9.991016776276843148e-01,9.991016774844161397e-01,9.991016766954556871e-01,9.991016679406040657e-01,9.991015081939699227e-01,9.991015081939695897e-01,9.999999999999983347e-01,9.991015081939698117e-01,9.991016679406045098e-01,9.991016766954557982e-01,9.991016774844162507e-01,9.991016776276842037e-01,9.991016776668496524e-01,9.991016776807135624e-01,9.991016776864383164e-01,9.991016776888637096e-01,9.991016776895464968e-01,9.991016776888635986e-01,9.991016776864383164e-01,9.991016776807134514e-01,9.991016776668496524e-01,9.991016776276840927e-01,9.991016774844162507e-01,9.991016766954556871e-01,9.991016679406042877e-01,9.991016679406040657e-01,9.991015081939698117e-01,9.999999999999983347e-01,9.991015081939698117e-01,9.991016679406041767e-01,9.991016766954559092e-01,9.991016774844161397e-01,9.991016776276843148e-01,9.991016776668496524e-01,9.991016776807135624e-01,9.991016776864382054e-01,9.991016776888637096e-01,9.991016776895462748e-01,9.991016776888638207e-01,9.991016776864380944e-01,9.991016776807136734e-01,9.991016776668493193e-01,9.991016776276840927e-01,9.991016774844160286e-01,9.991016766954559092e-01,9.991016766954560202e-01,9.991016679406045098e-01,9.991015081939698117e-01,9.999999999999983347e-01,9.991015081939697007e-01,9.991016679406043988e-01,9.991016766954557982e-01,9.991016774844162507e-01,9.991016776276844258e-01,9.991016776668496524e-01,9.991016776807135624e-01,9.991016776864384275e-01,9.991016776888639317e-01,9.991016776895468299e-01,9.991016776888639317e-01,9.991016776864384275e-01,9.991016776807134514e-01,9.991016776668495414e-01,9.991016776276842037e-01,9.991016774844162507e-01,9.991016774844161397e-01,9.991016766954557982e-01,9.991016679406041767e-01,9.991015081939697007e-01,9.999999999999983347e-01,9.991015081939695897e-01,9.991016679406041767e-01,9.991016766954557982e-01,9.991016774844162507e-01,9.991016776276843148e-01,9.991016776668496524e-01,9.991016776807136734e-01,9.991016776864383164e-01,9.991016776888640427e-01,9.991016776895464968e-01,9.991016776888639317e-01,9.991016776864382054e-01,9.991016776807133404e-01,9.991016776668495414e-01,9.991016776276842037e-01,9.991016776276843148e-01,9.991016774844162507e-01,9.991016766954559092e-01,9.991016679406043988e-01,9.991015081939695897e-01,9.999999999999983347e-01,9.991015081939697007e-01,9.991016679406041767e-01,9.991016766954557982e-01,9.991016774844162507e-01,9.991016776276843148e-01,9.991016776668495414e-01,9.991016776807133404e-01,9.991016776864384275e-01,9.991016776888637096e-01,9.991016776895464968e-01,9.991016776888639317e-01,9.991016776864383164e-01,9.991016776807134514e-01,9.991016776668497634e-01,9.991016776668495414e-01,9.991016776276842037e-01,9.991016774844161397e-01,9.991016766954557982e-01,9.991016679406041767e-01,9.991015081939697007e-01,9.999999999999983347e-01,9.991015081939695897e-01,9.991016679406040657e-01,9.991016766954556871e-01,9.991016774844160286e-01,9.991016776276842037e-01,9.991016776668494304e-01,9.991016776807135624e-01,9.991016776864380944e-01,9.991016776888638207e-01,9.991016776895462748e-01,9.991016776888635986e-01,9.991016776864379834e-01,9.991016776807135624e-01,9.991016776807135624e-01,9.991016776668496524e-01,9.991016776276843148e-01,9.991016774844162507e-01,9.991016766954557982e-01,9.991016679406041767e-01,9.991015081939695897e-01,9.999999999999983347e-01,9.991015081939697007e-01,9.991016679406040657e-01,9.991016766954556871e-01,9.991016774844162507e-01,9.991016776276842037e-01,9.991016776668497634e-01,9.991016776807134514e-01,9.991016776864383164e-01,9.991016776888637096e-01,9.991016776895463858e-01,9.991016776888637096e-01,9.991016776864382054e-01,9.991016776864382054e-01,9.991016776807135624e-01,9.991016776668496524e-01,9.991016776276844258e-01,9.991016774844162507e-01,9.991016766954557982e-01,9.991016679406040657e-01,9.991015081939697007e-01,9.999999999999983347e-01,9.991015081939697007e-01,9.991016679406040657e-01,9.991016766954557982e-01,9.991016774844161397e-01,9.991016776276843148e-01,9.991016776668495414e-01,9.991016776807136734e-01,9.991016776864382054e-01,9.991016776888637096e-01,9.991016776895463858e-01,9.991016776888639317e-01,9.991016776888638207e-01,9.991016776864383164e-01,9.991016776807135624e-01,9.991016776668496524e-01,9.991016776276843148e-01,9.991016774844162507e-01,9.991016766954556871e-01,9.991016679406040657e-01,9.991015081939697007e-01,9.999999999999983347e-01,9.991015081939695897e-01,9.991016679406042877e-01,9.991016766954556871e-01,9.991016774844162507e-01,9.991016776276842037e-01,9.991016776668497634e-01,9.991016776807134514e-01,9.991016776864380944e-01,9.991016776888637096e-01,9.991016776895466078e-01,9.991016776895464968e-01,9.991016776888637096e-01,9.991016776864382054e-01,9.991016776807135624e-01,9.991016776668496524e-01,9.991016776276843148e-01,9.991016774844160286e-01,9.991016766954556871e-01,9.991016679406040657e-01,9.991015081939695897e-01,9.999999999999983347e-01,9.991015081939697007e-01,9.991016679406040657e-01,9.991016766954557982e-01,9.991016774844160286e-01,9.991016776276843148e-01,9.991016776668494304e-01,9.991016776807133404e-01,9.991016776864380944e-01,9.991016776888639317e-01,9.991016776888639317e-01,9.991016776895464968e-01,9.991016776888637096e-01,9.991016776864384275e-01,9.991016776807136734e-01,9.991016776668495414e-01,9.991016776276842037e-01,9.991016774844162507e-01,9.991016766954557982e-01,9.991016679406042877e-01,9.991015081939697007e-01,9.999999999999983347e-01,9.991015081939695897e-01,9.991016679406042877e-01,9.991016766954556871e-01,9.991016774844162507e-01,9.991016776276842037e-01,9.991016776668495414e-01,9.991016776807134514e-01,9.991016776864383164e-01,9.991016776864380944e-01,9.991016776888635986e-01,9.991016776895462748e-01,9.991016776888639317e-01,9.991016776864383164e-01,9.991016776807133404e-01,9.991016776668494304e-01,9.991016776276842037e-01,9.991016774844161397e-01,9.991016766954556871e-01,9.991016679406040657e-01,9.991015081939695897e-01,9.999999999999983347e-01,9.991015081939698117e-01,9.991016679406039547e-01,9.991016766954559092e-01,9.991016774844159176e-01,9.991016776276839817e-01,9.991016776668495414e-01,9.991016776807134514e-01,9.991016776807136734e-01,9.991016776864383164e-01,9.991016776888638207e-01,9.991016776895468299e-01,9.991016776888640427e-01,9.991016776864384275e-01,9.991016776807135624e-01,9.991016776668497634e-01,9.991016776276843148e-01,9.991016774844162507e-01,9.991016766954557982e-01,9.991016679406042877e-01,9.991015081939698117e-01,9.999999999999983347e-01,9.991015081939697007e-01,9.991016679406043988e-01,9.991016766954556871e-01,9.991016774844160286e-01,9.991016776276844258e-01,9.991016776668498744e-01,9.991016776668495414e-01,9.991016776807134514e-01,9.991016776864380944e-01,9.991016776888639317e-01,9.991016776895464968e-01,9.991016776888637096e-01,9.991016776864380944e-01,9.991016776807134514e-01,9.991016776668495414e-01,9.991016776276842037e-01,9.991016774844160286e-01,9.991016766954556871e-01,9.991016679406039547e-01,9.991015081939697007e-01,9.999999999999983347e-01,9.991015081939695897e-01,9.991016679406040657e-01,9.991016766954555761e-01,9.991016774844161397e-01,9.991016776276843148e-01,9.991016776276843148e-01,9.991016776668496524e-01,9.991016776807136734e-01,9.991016776864384275e-01,9.991016776888639317e-01,9.991016776895464968e-01,9.991016776888638207e-01,9.991016776864383164e-01,9.991016776807136734e-01,9.991016776668497634e-01,9.991016776276843148e-01,9.991016774844162507e-01,9.991016766954559092e-01,9.991016679406043988e-01,9.991015081939695897e-01,9.999999999999983347e-01,9.991015081939697007e-01,9.991016679406041767e-01,9.991016766954557982e-01,9.991016774844163617e-01,9.991016774844161397e-01,9.991016776276840927e-01,9.991016776668493193e-01,9.991016776807134514e-01,9.991016776864382054e-01,9.991016776888639317e-01,9.991016776895462748e-01,9.991016776888637096e-01,9.991016776864382054e-01,9.991016776807134514e-01,9.991016776668494304e-01,9.991016776276842037e-01,9.991016774844159176e-01,9.991016766954556871e-01,9.991016679406040657e-01,9.991015081939697007e-01,9.999999999999983347e-01,9.991015081939694786e-01,9.991016679406040657e-01,9.991016766954559092e-01,9.991016766954556871e-01,9.991016774844162507e-01,9.991016776276840927e-01,9.991016776668495414e-01,9.991016776807133404e-01,9.991016776864383164e-01,9.991016776888635986e-01,9.991016776895463858e-01,9.991016776888637096e-01,9.991016776864380944e-01,9.991016776807133404e-01,9.991016776668495414e-01,9.991016776276839817e-01,9.991016774844160286e-01,9.991016766954555761e-01,9.991016679406041767e-01,9.991015081939694786e-01,9.999999999999983347e-01,9.991015081939698117e-01,9.991016679406041767e-01,9.991016679406040657e-01,9.991016766954556871e-01,9.991016774844160286e-01,9.991016776276842037e-01,9.991016776668495414e-01,9.991016776807134514e-01,9.991016776864379834e-01,9.991016776888637096e-01,9.991016776895463858e-01,9.991016776888637096e-01,9.991016776864380944e-01,9.991016776807134514e-01,9.991016776668495414e-01,9.991016776276844258e-01,9.991016774844161397e-01,9.991016766954557982e-01,9.991016679406040657e-01,9.991015081939698117e-01,9.999999999999983347e-01,9.991015081939698117e-01,9.991015081939699227e-01,9.991016679406042877e-01,9.991016766954559092e-01,9.991016774844162507e-01,9.991016776276842037e-01,9.991016776668497634e-01,9.991016776807135624e-01,9.991016776864382054e-01,9.991016776888639317e-01,9.991016776895466078e-01,9.991016776888639317e-01,9.991016776864383164e-01,9.991016776807134514e-01,9.991016776668498744e-01,9.991016776276843148e-01,9.991016774844163617e-01,9.991016766954559092e-01,9.991016679406041767e-01,9.991015081939698117e-01,9.999999999999983347e-01
1.000000000000004441e+00,9.979826159837748012e-01,9.979834215350615878e-01,9.979834653413168777e-01,9.979834692832527665e-01,9.979834700008067827e-01,9.979834701972647437e-01,9.979834702668637370e-01,9.979834702956146275e-01,9.979834703077988811e-01,9.979834703112270278e-01,9.979834703077982150e-01,9.979834702956131842e-01,9.979834702668646251e-01,9.979834701972661870e-01,9.979834700008076709e-01,9.979834692832525445e-01,9.979834653413158785e-01,9.979834215350613658e-01,9.979826159837746902e-01,9.979826159837748012e-01,1.000000000000004441e+00,9.979826159837744681e-01,9.979834215350626980e-01,9.979834653413162115e-01,9.979834692832546539e-01,9.979834700008062276e-01,9.979834701972666311e-01,9.979834702668651802e-01,9.979834702956154047e-01,9.979834703077983260e-01,9.979834703112285821e-01,9.979834703077979929e-01,9.979834702956158488e-01,9.979834702668648472e-01,9.979834701972678523e-01,9.979834700008060056e-01,9.979834692832536547e-01,9.979834653413168777e-01,9.979834215350632531e-01,9.979834215350615878e-01,9.979826159837744681e-01,1.000000000000004441e+00,9.979826159837735799e-01,9.979834215350601445e-01,9.979834653413163226e-01,9.979834692832521004e-01,9.979834700008058945e-01,9.979834701972660760e-01,9.979834702668640700e-01,9.979834702956128512e-01,9.979834703077977709e-01,9.979834703112263616e-01,9.979834703077987701e-01,9.979834702956140724e-01,9.979834702668647362e-01,9.979834701972640776e-01,9.979834700008054504e-01,9.979834692832527665e-01,9.979834653413167667e-01,9.979834653413168777e-01,9.979834215350626980e-01,9.979826159837735799e-01,1.000000000000004441e+00,9.979826159837725807e-01,9.979834215350616988e-01,9.979834653413152123e-01,9.979834692832535437e-01,9.979834700008071158e-01,9.979834701972665201e-01,9.979834702668631818e-01,9.979834702956140724e-01,9.979834703077973268e-01,9.979834703112286931e-01,9.979834703077985480e-01,9.979834702956152936e-01,9.979834702668627378e-01,9.979834701972651878e-01,9.979834700008060056e-01,9.979834692832542098e-01,9.979834692832527665e-01,9.979834653413162115e-01,9.979834215350601445e-01,9.979826159837725807e-01,1.000000000000004441e+00,9.979826159837725807e-01,9.979834215350591453e-01,9.979834653413149903e-01,9.979834692832528775e-01,9.979834700008057835e-01,9.979834701972638555e-01,9.979834702668625157e-01,9.979834702956118520e-01,9.979834703077977709e-01,9.979834703112268057e-01,9.979834703077981040e-01,9.979834702956116299e-01,9.979834702668618496e-01,9.979834701972640776e-01,9.979834700008062276e-01,9.979834700008067827e-01,9.979834692832546539e-01,9.979834653413163226e-01,9.979834215350616988e-01,9.979826159837725807e-01,1.000000000000004441e+00,9.979826159837724697e-01,9.979834215350612547e-01,9.979834653413167667e-01,9.979834692832540988e-01,9.979834700008056725e-01,9.979834701972657429e-01,9.979834702668626267e-01,9.979834702956149606e-01,9.979834703077983260e-01,9.979834703112289152e-01,9.979834703077969937e-01,9.979834702956134063e-01,9.979834702668634039e-01,9.979834701972667421e-01,9.979834701972647437e-01,9.979834700008062276e-01,9.979834692832521004e-01,9.979834653413152123e-01,9.979834215350591453e-01,9.979826159837724697e-01,1.000000000000004441e+00,9.979826159837721367e-01,9.979834215350605886e-01,9.979834653413154344e-01,9.979834692832513232e-01,9.979834700008051174e-01,9.979834701972633004e-01,9.979834702668631818e-01,9.979834702956128512e-01,9.979834703077979929e-01,9.979834703112250294e-01,9.979834703077962166e-01,9.979834702956122960e-01,9.979834702668632929e-01,9.979834702668637370e-01,9.979834701972666311e-01,9.979834700008058945e-01,9.979834692832535437e-01,9.979834653413149903e-01,9.979834215350612547e-01,9.979826159837721367e-01,1.000000000000004441e+00,9.979826159837738020e-01,9.979834215350615878e-01,9.979834653413151013e-01,9.979834692832530996e-01,9.979834700008050064e-01,9.979834701972661870e-01,9.979834702668637370e-01,9.979834702956148496e-01,9.979834703077964386e-01,9.979834703112268057e-01,9.979834703077974378e-01,9.979834702956145165e-01,9.979834702956146275e-01,9.979834702668651802e-01,9.979834701972660760e-01,9.979834700008071158e-01,9.979834692832528775e-01,9.979834653413167667e-01,9.979834215350605886e-01,9.979826159837738020e-01,1.000000000000004441e+00,9.979826159837745791e-01,9.979834215350610327e-01,9.979834653413166556e-01,9.979834692832526555e-01,9.979834700008075599e-01,9.979834701972662980e-01,9.979834702668652913e-01,9.979834702956129622e-01,9.979834703077978819e-01,9.979834703112276939e-01,9.979834703077993252e-01,9.979834703077988811e-01,9.979834702956154047e-01,9.979834702668640700e-01,9.979834701972665201e-01,9.979834700008057835e-01,9.979834692832540988e-01,9.979834653413154344e-01,9.979834215350615878e-01,9.979826159837745791e-01,1.000000000000004441e+00,9.979826159837732469e-01,9.979834215350618098e-01,9.979834653413155454e-01,9.979834692832546539e-01,9.979834700008070048e-01,9.979834701972672972e-01,9.979834702668628488e-01,9.979834702956137393e-01,9.979834703077981040e-01,9.979834703112289152e-01,9.979834703112270278e-01,9.979834703077983260e-01,9.979834702956128512e-01,9.979834702668631818e-01,9.979834701972638555e-01,9.979834700008056725e-01,9.979834692832513232e-01,9.979834653413151013e-01,9.979834215350610327e-01,9.979826159837732469e-01,1.000000000000004441e+00,9.979826159837725807e-01,9.979834215350593674e-01,9.979834653413159895e-01,9.979834692832527665e-01,9.979834700008065607e-01,9.979834701972634114e-01,9.979834702668622937e-01,9.979834702956125181e-01,9.979834703077981040e-01,9.979834703077982150e-01,9.979834703112285821e-01,9.979834703077977709e-01,9.979834702956140724e-01,9.979834702668625157e-01,9.979834701972657429e-01,9.979834700008051174e-01,9.979834692832530996e-01,9.979834653413166556e-01,9.979834215350618098e-01,9.979826159837725807e-01,1.000000000000004441e+00,9.979826159837722477e-01,9.979834215350620319e-01,9.979834653413162115e-01,9.979834692832543208e-01,9.979834700008048953e-01,9.979834701972648547e-01,9.979834702668630708e-01,9.979834702956146275e-01,9.979834702956131842e-01,9.979834703077979929e-01,9.979834703112263616e-01,9.979834703077973268e-01,9.979834702956118520e-01,9.979834702668626267e-01,9.979834701972633004e-01,9.979834700008050064e-01,9.979834692832526555e-01,9.979834653413155454e-01,9.979834215350593674e-01,9.979826159837722477e-01,1.000000000000004441e+00,9.979826159837731359e-01,9.979834215350603666e-01,9.979834653413161005e-01,9.979834692832509901e-01,9.979834700008045623e-01,9.979834701972639666e-01,9.979834702668634039e-01,9.979834702668646251e-01,9.979834702956158488e-01,9.979834703077987701e-01,9.979834703112286931e-01,9.979834703077977709e-01,9.979834702956149606e-01,9.979834702668631818e-01,9.979834701972661870e-01,9.979834700008075599e-01,9.979834692832546539e-01,9.979834653413159895e-01,9.979834215350620319e-01,9.979826159837731359e-01,1.000000000000004441e+00,9.979826159837744681e-01,9.979834215350632531e-01,9.979834653413156564e-01,9.979834692832535437e-01,9.979834700008065607e-01,9.979834701972674083e-01,9.979834701972661870e-01,9.979834702668648472e-01,9.979834702956140724e-01,9.979834703077985480e-01,9.979834703112268057e-01,9.979834703077983260e-01,9.979834702956128512e-01,9.979834702668637370e-01,9.979834701972662980e-01,9.979834700008070048e-01,9.979834692832527665e-01,9.979834653413162115e-01,9.979834215350603666e-01,9.979826159837744681e-01,1.000000000000004441e+00,9.979826159837748012e-01,9.979834215350602555e-01,9.979834653413156564e-01,9.979834692832532106e-01,9.979834700008073378e-01,9.979834700008076709e-01,9.979834701972678523e-01,9.979834702668647362e-01,9.979834702956152936e-01,9.979834703077981040e-01,9.979834703112289152e-01,9.979834703077979929e-01,9.979834702956148496e-01,9.979834702668652913e-01,9.979834701972672972e-01,9.979834700008065607e-01,9.979834692832543208e-01,9.979834653413161005e-01,9.979834215350632531e-01,9.979826159837748012e-01,1.000000000000004441e+00,9.979826159837732469e-01,9.979834215350618098e-01,9.979834653413167667e-01,9.979834692832554310e-01,9.979834692832525445e-01,9.979834700008060056e-01,9.979834701972640776e-01,9.979834702668627378e-01,9.979834702956116299e-01,9.979834703077969937e-01,9.979834703112250294e-01,9.979834703077964386e-01,9.979834702956129622e-01,9.979834702668628488e-01,9.979834701972634114e-01,9.979834700008048953e-01,9.979834692832509901e-01,9.979834653413156564e-01,9.979834215350602555e-01,9.979826159837732469e-01,1.000000000000004441e+00,9.979826159837716926e-01,9.979834215350594784e-01,9.979834653413154344e-01,9.979834653413158785e-01,9.979834692832536547e-01,9.979834700008054504e-01,9.979834701972651878e-01,9.979834702668618496e-01,9.979834702956134063e-01,9.979834703077962166e-01,9.979834703112268057e-01,9.979834703077978819e-01,9.979834702956137393e-01,9.979834702668622937e-01,9.979834701972648547e-01,9.979834700008045623e-01,9.979834692832535437e-01,9.979834653413156564e-01,9.979834215350618098e-01,9.979826159837716926e-01,1.000000000000004441e+00,9.979826159837725807e-01,9.979834215350614768e-01,9.979834215350613658e-01,9.979834653413168777e-01,9.979834692832527665e-01,9.979834700008060056e-01,9.979834701972640776e-01,9.979834702668634039e-01,9.979834702956122960e-01,9.979834703077974378e-01,9.979834703112276939e-01,9.979834703077981040e-01,9.979834702956125181e-01,9.979834702668630708e-01,9.979834701972639666e-01,9.979834700008065607e-01,9.979834692832532106e-01,9.979834653413167667e-01,9.979834215350594784e-01,9.979826159837725807e-01,1.000000000000004441e+00,9.979826159837739130e-01,9.979826159837746902e-01,9.979834215350632531e-01,9.979834653413167667e-01,9.979834692832542098e-01,9.979834700008062276e-01,9.979834701972667421e-01,9.979834702668632929e-01,9.979834702956145165e-01,9.979834703077993252e-01,9.979834703112289152e-01,9.979834703077981040e-01,9.979834702956146275e-01,9.979834702668634039e-01,9.979834701972674083e-01,9.979834700008073378e-01,9.979834692832554310e-01,9.979834653413154344e-01,9.979834215350614768e-01,9.979826159837739130e-01,1.000000000000004441e+00
