1.000000000000006661e+00,2.244010591340992455e-01,4.122653923181479607e-01,3.522187017799353614e-01,3.737063457016162049e-01,3.657987526346779816e-01,3.688428898616417095e-01,3.676145863390145041e-01,3.682476192690933847e-01,3.676145858581939541e-01,3.688428892184268948e-01,3.657987529465677179e-01,3.737063449222326472e-01,3.522187024735446981e-01,4.122653921904495533e-01,2.244010592754636102e-01,2.244010591340992455e-01,1.000000000000006661e+00,2.244010588638046255e-01,4.122653923994048508e-01,3.522187021215872349e-01,3.737063453808426861e-01,3.657987525362475512e-01,3.688428901520106051e-01,3.676145863275600001e-01,3.682476182959399935e-01,3.676145858383247367e-01,3.688428893611327419e-01,3.657987529649076586e-01,3.737063452344338010e-01,3.522187023199004896e-01,4.122653921556003742e-01,4.122653923181479607e-01,2.244010588638046255e-01,1.000000000000006661e+00,2.244010587010629165e-01,4.122653921899783747e-01,3.522187021174304489e-01,3.737063451508351175e-01,3.657987526943724532e-01,3.688428896388306066e-01,3.676145858227254370e-01,3.682476183783015000e-01,3.676145861040172047e-01,3.688428894513975376e-01,3.657987525458344935e-01,3.737063452625937199e-01,3.522187020617449926e-01,3.522187017799353614e-01,4.122653923994048508e-01,2.244010587010629165e-01,1.000000000000006661e+00,2.244010590840418984e-01,4.122653920199716437e-01,3.522187023984343912e-01,3.737063454798927320e-01,3.657987528038602054e-01,3.688428891440313495e-01,3.676145854030241633e-01,3.682476188847342291e-01,3.676145863302026084e-01,3.688428895417966702e-01,3.657987525498064829e-01,3.737063455667929412e-01,3.737063457016162049e-01,3.522187021215872349e-01,4.122653921899783747e-01,2.244010590840418984e-01,1.000000000000006661e+00,2.244010593133469733e-01,4.122653921286046907e-01,3.522187027398090420e-01,3.737063452596245394e-01,3.657987523994487566e-01,3.688428893430716338e-01,3.676145861905865120e-01,3.682476190008892036e-01,3.676145862303710210e-01,3.688428901239049207e-01,3.657987525835808551e-01,3.657987526346779816e-01,3.737063453808426861e-01,3.522187021174304489e-01,4.122653920199716437e-01,2.244010593133469733e-01,1.000000000000006661e+00,2.244010592400200177e-01,4.122653922793201864e-01,3.522187027416281979e-01,3.737063445982884979e-01,3.657987523244723427e-01,3.688428899053456389e-01,3.676145861574913187e-01,3.682476192859754915e-01,3.676145859855350917e-01,3.688428900695020496e-01,3.688428898616417095e-01,3.657987525362475512e-01,3.737063451508351175e-01,3.522187023984343912e-01,4.122653921286046907e-01,2.244010592400200177e-01,1.000000000000006661e+00,2.244010596118797274e-01,4.122653917263648937e-01,3.522187023957352170e-01,3.737063446019334712e-01,3.657987526990379989e-01,3.688428898269489054e-01,3.676145860302408863e-01,3.682476193750931492e-01,3.676145860479429484e-01,3.676145863390145041e-01,3.688428901520106051e-01,3.657987526943724532e-01,3.737063454798927320e-01,3.522187027398090420e-01,4.122653922793201864e-01,2.244010596118797274e-01,1.000000000000006661e+00,2.244010597158823950e-01,4.122653916428706267e-01,3.522187022353833186e-01,3.737063452599504454e-01,3.657987532153555987e-01,3.688428900249075548e-01,3.676145865122568135e-01,3.682476197476005075e-01,3.682476192690933847e-01,3.676145863275600001e-01,3.688428896388306066e-01,3.657987528038602054e-01,3.737063452596245394e-01,3.522187027416281979e-01,4.122653917263648937e-01,2.244010597158823950e-01,1.000000000000006661e+00,2.244010585384951240e-01,4.122653920019729301e-01,3.522187021400026707e-01,3.737063454163123133e-01,3.657987527601631039e-01,3.688428897793147865e-01,3.676145861785629076e-01,3.676145858581939541e-01,3.682476182959399935e-01,3.676145858227254370e-01,3.688428891440313495e-01,3.657987523994487566e-01,3.737063445982884979e-01,3.522187023957352170e-01,4.122653916428706267e-01,2.244010585384951240e-01,1.000000000000006661e+00,2.244010575958453324e-01,4.122653919685027590e-01,3.522187018658944901e-01,3.737063447267188199e-01,3.657987526831312231e-01,3.688428892933654502e-01,3.688428892184268948e-01,3.676145858383247367e-01,3.682476183783015000e-01,3.676145854030241633e-01,3.688428893430716338e-01,3.657987523244723427e-01,3.737063446019334712e-01,3.522187022353833186e-01,4.122653920019729301e-01,2.244010575958453324e-01,1.000000000000006661e+00,2.244010582080885885e-01,4.122653918266008244e-01,3.522187019872959346e-01,3.737063446080982621e-01,3.657987524076016239e-01,3.657987529465677179e-01,3.688428893611327419e-01,3.676145861040172047e-01,3.682476188847342291e-01,3.676145861905865120e-01,3.688428899053456389e-01,3.657987526990379989e-01,3.737063452599504454e-01,3.522187021400026707e-01,4.122653919685027590e-01,2.244010582080885885e-01,1.000000000000006661e+00,2.244010590428318075e-01,4.122653919657614519e-01,3.522187025308876063e-01,3.737063452352809567e-01,3.737063449222326472e-01,3.657987529649076586e-01,3.688428894513975376e-01,3.676145863302026084e-01,3.682476190008892036e-01,3.676145861574913187e-01,3.688428898269489054e-01,3.657987532153555987e-01,3.737063454163123133e-01,3.522187018658944901e-01,4.122653918266008244e-01,2.244010590428318075e-01,1.000000000000006661e+00,2.244010591507435703e-01,4.122653920931141913e-01,3.522187026564872481e-01,3.522187024735446981e-01,3.737063452344338010e-01,3.657987525458344935e-01,3.688428895417966702e-01,3.676145862303710210e-01,3.682476192859754915e-01,3.676145860302408863e-01,3.688428900249075548e-01,3.657987527601631039e-01,3.737063447267188199e-01,3.522187019872959346e-01,4.122653919657614519e-01,2.244010591507435703e-01,1.000000000000006661e+00,2.244010592761894463e-01,4.122653920774155267e-01,4.122653921904495533e-01,3.522187023199004896e-01,3.737063452625937199e-01,3.657987525498064829e-01,3.688428901239049207e-01,3.676145859855350917e-01,3.682476193750931492e-01,3.676145865122568135e-01,3.688428897793147865e-01,3.657987526831312231e-01,3.737063446080982621e-01,3.522187025308876063e-01,4.122653920931141913e-01,2.244010592761894463e-01,1.000000000000006661e+00,2.244010593897323713e-01,2.244010592754636102e-01,4.122653921556003742e-01,3.522187020617449926e-01,3.737063455667929412e-01,3.657987525835808551e-01,3.688428900695020496e-01,3.676145860479429484e-01,3.682476197476005075e-01,3.676145861785629076e-01,3.688428892933654502e-01,3.657987524076016239e-01,3.737063452352809567e-01,3.522187026564872481e-01,4.122653920774155267e-01,2.244010593897323713e-01,1.000000000000006661e+00
9.999999999999987788e-01,2.169077755903293658e-01,4.092990090785054713e-01,3.467981541716609328e-01,3.694875996524034090e-01,3.610089394871875967e-01,3.643216697571806106e-01,3.629620890021345581e-01,3.636739446703484147e-01,3.629620883176142287e-01,3.643216691394555729e-01,3.610089399183635805e-01,3.694875989460686405e-01,3.467981545706985136e-01,4.092990088950401173e-01,2.169077755256030027e-01,2.169077755903293658e-01,9.999999999999987788e-01,2.169077755712429390e-01,4.092990091564439603e-01,3.467981547021178890e-01,3.694875995122640644e-01,3.610089395412712232e-01,3.643216702666059459e-01,3.629620891984951525e-01,3.636739436215514765e-01,3.629620885578709322e-01,3.643216696080653350e-01,3.610089399902609575e-01,3.694875991791196079e-01,3.467981547908153273e-01,4.092990090083288290e-01,4.092990090785054713e-01,2.169077755712429390e-01,9.999999999999987788e-01,2.169077752174612128e-01,4.092990090091520039e-01,3.467981545918741304e-01,3.694875991924753689e-01,3.610089398910234504e-01,3.643216696696661705e-01,3.629620884869614872e-01,3.636739438675695713e-01,3.629620889831757236e-01,3.643216695013571371e-01,3.610089394477807301e-01,3.694875994182014178e-01,3.467981545197417192e-01,3.467981541716609328e-01,4.092990091564439603e-01,2.169077752174612128e-01,9.999999999999987788e-01,2.169077754587467599e-01,4.092990087442474056e-01,3.467981547058062719e-01,3.694875994708226585e-01,3.610089398842624697e-01,3.643216688482099341e-01,3.629620880362669499e-01,3.636739444422378287e-01,3.629620889067797229e-01,3.643216693669911743e-01,3.610089394372673066e-01,3.694875996272625196e-01,3.694875996524034090e-01,3.467981547021178890e-01,4.092990090091520039e-01,2.169077754587467599e-01,9.999999999999987788e-01,2.169077756829919656e-01,4.092990087804644350e-01,3.467981552543407675e-01,3.694875993196613528e-01,3.610089392768481287e-01,3.643216693011641638e-01,3.629620890150525581e-01,3.636739444137297994e-01,3.629620887274642715e-01,3.643216701485359477e-01,3.610089394934890006e-01,3.610089394871875967e-01,3.694875995122640644e-01,3.467981545918741304e-01,4.092990087442474056e-01,2.169077756829919656e-01,9.999999999999987788e-01,2.169077754432108263e-01,4.092990090576528184e-01,3.467981551692606024e-01,3.694875984159449733e-01,3.610089392091138660e-01,3.643216700412197362e-01,3.629620887207221092e-01,3.636739445345629207e-01,3.629620885472639724e-01,3.643216701107380717e-01,3.643216697571806106e-01,3.610089395412712232e-01,3.694875991924753689e-01,3.467981547058062719e-01,4.092990087804644350e-01,2.169077754432108263e-01,9.999999999999987788e-01,2.169077759307481701e-01,4.092990084231055703e-01,3.467981544724287879e-01,3.694875985774001559e-01,3.610089396709917353e-01,3.643216697285231453e-01,3.629620883976669155e-01,3.636739448238567318e-01,3.629620885628350724e-01,3.629620890021345581e-01,3.643216702666059459e-01,3.610089398910234504e-01,3.694875994708226585e-01,3.467981552543407675e-01,4.092990090576528184e-01,2.169077759307481701e-01,9.999999999999987788e-01,2.169077762168712398e-01,4.092990083576049654e-01,3.467981545378712172e-01,3.694875995290416992e-01,3.610089401564981482e-01,3.643216698603297110e-01,3.629620891753254641e-01,3.636739452398909944e-01,3.636739446703484147e-01,3.629620891984951525e-01,3.643216696696661705e-01,3.610089398842624697e-01,3.694875993196613528e-01,3.467981551692606024e-01,4.092990084231055703e-01,2.169077762168712398e-01,9.999999999999987788e-01,2.169077746722792854e-01,4.092990088528480896e-01,3.467981546935153259e-01,3.694875994286529464e-01,3.610089396003391404e-01,3.643216698194142733e-01,3.629620888388805922e-01,3.629620883176142287e-01,3.636739436215514765e-01,3.629620884869614872e-01,3.643216688482099341e-01,3.610089392768481287e-01,3.694875984159449733e-01,3.467981544724287879e-01,4.092990083576049654e-01,2.169077746722792854e-01,9.999999999999987788e-01,2.169077735958992170e-01,4.092990086423919927e-01,3.467981540553501940e-01,3.694875984090379983e-01,3.610089394401992391e-01,3.643216691274361319e-01,3.643216691394555729e-01,3.629620885578709322e-01,3.636739438675695713e-01,3.629620880362669499e-01,3.643216693011641638e-01,3.610089392091138660e-01,3.694875985774001559e-01,3.467981545378712172e-01,4.092990088528480896e-01,2.169077735958992170e-01,9.999999999999987788e-01,2.169077747067245654e-01,4.092990084368614001e-01,3.467981541129332435e-01,3.694875985951949215e-01,3.610089392509423512e-01,3.610089399183635805e-01,3.643216696080653350e-01,3.629620889831757236e-01,3.636739444422378287e-01,3.629620890150525581e-01,3.643216700412197362e-01,3.610089396709917353e-01,3.694875995290416992e-01,3.467981546935153259e-01,4.092990086423919927e-01,2.169077747067245654e-01,9.999999999999987788e-01,2.169077755298725596e-01,4.092990087273665756e-01,3.467981549743676117e-01,3.694875994871999469e-01,3.694875989460686405e-01,3.610089399902609575e-01,3.643216695013571371e-01,3.629620889067797229e-01,3.636739444137297994e-01,3.629620887207221092e-01,3.643216697285231453e-01,3.610089401564981482e-01,3.694875994286529464e-01,3.467981540553501940e-01,4.092990084368614001e-01,2.169077755298725596e-01,9.999999999999987788e-01,2.169077751257334208e-01,4.092990088582970643e-01,3.467981549011478482e-01,3.467981545706985136e-01,3.694875991791196079e-01,3.610089394477807301e-01,3.643216693669911743e-01,3.629620887274642715e-01,3.636739445345629207e-01,3.629620883976669155e-01,3.643216698603297110e-01,3.610089396003391404e-01,3.694875984090379983e-01,3.467981541129332435e-01,4.092990087273665756e-01,2.169077751257334208e-01,9.999999999999987788e-01,2.169077753209782411e-01,4.092990087182842851e-01,4.092990088950401173e-01,3.467981547908153273e-01,3.694875994182014178e-01,3.610089394372673066e-01,3.643216701485359477e-01,3.629620885472639724e-01,3.636739448238567318e-01,3.629620891753254641e-01,3.643216698194142733e-01,3.610089394401992391e-01,3.694875985951949215e-01,3.467981549743676117e-01,4.092990088582970643e-01,2.169077753209782411e-01,9.999999999999987788e-01,2.169077756898988851e-01,2.169077755256030027e-01,4.092990090083288290e-01,3.467981545197417192e-01,3.694875996272625196e-01,3.610089394934890006e-01,3.643216701107380717e-01,3.629620885628350724e-01,3.636739452398909944e-01,3.629620888388805922e-01,3.643216691274361319e-01,3.610089392509423512e-01,3.694875994871999469e-01,3.467981549011478482e-01,4.092990087182842851e-01,2.169077756898988851e-01,9.999999999999987788e-01
1.000000000000000888e+00,2.093743453527505682e-01,4.063904054743399663e-01,3.413442704554877083e-01,3.652981777266604002e-01,3.562096302001438453e-01,3.598136608193397423e-01,3.583092787161653581e-01,3.591094193858631045e-01,3.583092779546178663e-01,3.598136602459514610e-01,3.562096306979887217e-01,3.652981771976163694e-01,3.413442705630136409e-01,4.063904052340400752e-01,2.093743451875961503e-01,2.093743453527505682e-01,1.000000000000000888e+00,2.093743454510227919e-01,4.063904055208200639e-01,3.413442709531845365e-01,3.652981776689787630e-01,3.562096303835486366e-01,3.598136613408592921e-01,3.583092789580208937e-01,3.591094183441695398e-01,3.583092783022447381e-01,3.598136608094363864e-01,3.562096307927006822e-01,3.652981772704517183e-01,3.413442709305798406e-01,4.063904054193613891e-01,4.063904054743399663e-01,2.093743454510227919e-01,1.000000000000000888e+00,2.093743450877250667e-01,4.063904053775143632e-01,3.413442707719573921e-01,3.652981773889756312e-01,3.562096308516037313e-01,3.598136607013786015e-01,3.583092782311129154e-01,3.591094187107930491e-01,3.583092787806914092e-01,3.598136606396507009e-01,3.562096302154172944e-01,3.652981776115638013e-01,3.413442707393930520e-01,3.413442704554877083e-01,4.063904055208200639e-01,2.093743450877250667e-01,1.000000000000000888e+00,2.093743451656681631e-01,4.063904051264868311e-01,3.413442708715525020e-01,3.652981776233230060e-01,3.562096307633212389e-01,3.598136598144967557e-01,3.583092778174558068e-01,3.591094193031563186e-01,3.583092785648848144e-01,3.598136603888215657e-01,3.562096301760921957e-01,3.652981778270548152e-01,3.652981777266604002e-01,3.413442709531845365e-01,4.063904053775143632e-01,2.093743451656681631e-01,1.000000000000000888e+00,2.093743452409664862e-01,4.063904051099898607e-01,3.413442714354818497e-01,3.652981774328494247e-01,3.562096300233490442e-01,3.598136603702973835e-01,3.583092787318373218e-01,3.591094191700433536e-01,3.583092782695628808e-01,3.598136611382639072e-01,3.562096302257296010e-01,3.562096302001438453e-01,3.652981776689787630e-01,3.413442707719573921e-01,4.063904051264868311e-01,2.093743452409664862e-01,1.000000000000000888e+00,2.093743450037609533e-01,4.063904054020652246e-01,3.413442712404836099e-01,3.652981764850011803e-01,3.562096299289152501e-01,3.598136611367752091e-01,3.583092782869827242e-01,3.591094191354515797e-01,3.583092780693506452e-01,3.598136611543736318e-01,3.598136608193397423e-01,3.562096303835486366e-01,3.652981773889756312e-01,3.413442708715525020e-01,4.063904051099898607e-01,2.093743450037609533e-01,1.000000000000000888e+00,2.093743456136916148e-01,4.063904048011135473e-01,3.413442704587488219e-01,3.652981768328990575e-01,3.562096304521638057e-01,3.598136608089074207e-01,3.583092779258151284e-01,3.591094195768621544e-01,3.583092781776108238e-01,3.583092787161653581e-01,3.598136613408592921e-01,3.562096308516037313e-01,3.652981776233230060e-01,3.413442714354818497e-01,4.063904054020652246e-01,2.093743456136916148e-01,1.000000000000000888e+00,2.093743458990099671e-01,4.063904047984682188e-01,3.413442706443682861e-01,3.652981778432745075e-01,3.562096308953003887e-01,3.598136608261881531e-01,3.583092787760647768e-01,3.591094199969394607e-01,3.591094193858631045e-01,3.583092789580208937e-01,3.598136607013786015e-01,3.562096307633212389e-01,3.652981774328494247e-01,3.413442712404836099e-01,4.063904048011135473e-01,2.093743458990099671e-01,1.000000000000000888e+00,2.093743442315069148e-01,4.063904052980722437e-01,3.413442709034966716e-01,3.652981775619474347e-01,3.562096302749253041e-01,3.598136608426913408e-01,3.583092784747430315e-01,3.583092779546178663e-01,3.591094183441695398e-01,3.583092782311129154e-01,3.598136598144967557e-01,3.562096300233490442e-01,3.652981764850011803e-01,3.413442704587488219e-01,4.063904047984682188e-01,2.093743442315069148e-01,1.000000000000000888e+00,2.093743432211752908e-01,4.063904049763260584e-01,3.413442701603823792e-01,3.652981764248502961e-01,3.562096300659046699e-01,3.598136601561615078e-01,3.598136602459514610e-01,3.583092783022447381e-01,3.591094187107930491e-01,3.583092778174558068e-01,3.598136603702973835e-01,3.562096299289152501e-01,3.652981768328990575e-01,3.413442706443682861e-01,4.063904052980722437e-01,2.093743432211752908e-01,1.000000000000000888e+00,2.093743445344855014e-01,4.063904047808843401e-01,3.413442701450022376e-01,3.652981767574621230e-01,3.562096299937105304e-01,3.562096306979887217e-01,3.598136608094363864e-01,3.583092787806914092e-01,3.591094193031563186e-01,3.583092787318373218e-01,3.598136611367752091e-01,3.562096304521638057e-01,3.652981778432745075e-01,3.413442709034966716e-01,4.063904049763260584e-01,2.093743445344855014e-01,1.000000000000000888e+00,2.093743452913799097e-01,4.063904051144340279e-01,3.413442710691159676e-01,3.652981777880106584e-01,3.652981771976163694e-01,3.562096307927006822e-01,3.598136606396507009e-01,3.583092785648848144e-01,3.591094191700433536e-01,3.583092782869827242e-01,3.598136608089074207e-01,3.562096308953003887e-01,3.652981775619474347e-01,3.413442701603823792e-01,4.063904047808843401e-01,2.093743452913799097e-01,1.000000000000000888e+00,2.093743446026591903e-01,4.063904052259147415e-01,3.413442709475309478e-01,3.413442705630136409e-01,3.652981772704517183e-01,3.562096302154172944e-01,3.598136603888215657e-01,3.583092782695628808e-01,3.591094191354515797e-01,3.583092779258151284e-01,3.598136608261881531e-01,3.562096302749253041e-01,3.652981764248502961e-01,3.413442701450022376e-01,4.063904051144340279e-01,2.093743446026591903e-01,1.000000000000000888e+00,2.093743447290532522e-01,4.063904050651819810e-01,4.063904052340400752e-01,3.413442709305798406e-01,3.652981776115638013e-01,3.562096301760921957e-01,3.598136611382639072e-01,3.583092780693506452e-01,3.591094195768621544e-01,3.583092787760647768e-01,3.598136608426913408e-01,3.562096300659046699e-01,3.652981767574621230e-01,3.413442710691159676e-01,4.063904052259147415e-01,2.093743447290532522e-01,1.000000000000000888e+00,2.093743452419128681e-01,2.093743451875961503e-01,4.063904054193613891e-01,3.413442707393930520e-01,3.652981778270548152e-01,3.562096302257296010e-01,3.598136611543736318e-01,3.583092781776108238e-01,3.591094199969394607e-01,3.583092784747430315e-01,3.598136601561615078e-01,3.562096299937105304e-01,3.652981777880106584e-01,3.413442709475309478e-01,4.063904050651819810e-01,2.093743452419128681e-01,1.000000000000000888e+00
1.000000000000001998e+00,2.018010932906872112e-01,4.035416380078744591e-01,3.358561641114874985e-01,3.611401627902973144e-01,3.514004455852520192e-01,3.553203122796600999e-01,3.536562634752794532e-01,3.545552378337353261e-01,3.536562627183413854e-01,3.553203117639920361e-01,3.514004461205565422e-01,3.611401624601729976e-01,3.358561639857438053e-01,4.035416377291806689e-01,2.018010930925131785e-01,2.018010932906872112e-01,1.000000000000001998e+00,2.018010934294178771e-01,4.035416380143637127e-01,3.358561644891593367e-01,3.611401627665336567e-01,3.514004458597600467e-01,3.553203127279231932e-01,3.536562636922776504e-01,3.545552368428116496e-01,3.536562630915707772e-01,3.553203123062627644e-01,3.514004462124941108e-01,3.611401623703706654e-01,3.358561643844443778e-01,4.035416379384488272e-01,4.035416380078744591e-01,2.018010934294178771e-01,1.000000000000001998e+00,2.018010931273519493e-01,4.035416378551747174e-01,3.358561642651810564e-01,3.611401625721945008e-01,3.514004463909471410e-01,3.553203120835807804e-01,3.536562630396720697e-01,3.545552372824759546e-01,3.536562635626021578e-01,3.553203121400897446e-01,3.514004456467011428e-01,3.611401627453020291e-01,3.358561642976497508e-01,3.358561641114874985e-01,4.035416380143637127e-01,2.018010931273519493e-01,1.000000000000001998e+00,2.018010930548299608e-01,4.035416376655122650e-01,3.358561644038727811e-01,3.611401627758839550e-01,3.514004462508636406e-01,3.553203112590808121e-01,3.536562626808704146e-01,3.545552378602313537e-01,3.536562632860921207e-01,3.553203118348366996e-01,3.514004455807797633e-01,3.611401629973314820e-01,3.611401627902973144e-01,3.358561644891593367e-01,4.035416378551747174e-01,2.018010930548299608e-01,1.000000000000001998e+00,2.018010929535762332e-01,4.035416376151700346e-01,3.358561648989406567e-01,3.611401625158713324e-01,3.514004454368681585e-01,3.553203118327245558e-01,3.536562634255119297e-01,3.545552376632732372e-01,3.536562628836639188e-01,3.553203124608631525e-01,3.514004456130126464e-01,3.514004455852520192e-01,3.611401627665336567e-01,3.358561642651810564e-01,4.035416376655122650e-01,2.018010929535762332e-01,1.000000000000001998e+00,2.018010927938920784e-01,4.035416378727677000e-01,3.358561646193416461e-01,3.611401616292330141e-01,3.514004453110054493e-01,3.553203125522200190e-01,3.536562629035275851e-01,3.545552375038641402e-01,3.536562626432757650e-01,3.553203125333876389e-01,3.553203122796600999e-01,3.514004458597600467e-01,3.611401625721945008e-01,3.358561644038727811e-01,4.035416376151700346e-01,2.018010927938920784e-01,1.000000000000001998e+00,2.018010935044466936e-01,4.035416373536058199e-01,3.358561638889834278e-01,3.611401621294993425e-01,3.514004458709185652e-01,3.553203122990518104e-01,3.536562625811311422e-01,3.545552380428567130e-01,3.536562628807202735e-01,3.536562634752794532e-01,3.553203127279231932e-01,3.514004463909471410e-01,3.611401627758839550e-01,3.358561648989406567e-01,4.035416378727677000e-01,2.018010935044466936e-01,1.000000000000001998e+00,2.018010937264100302e-01,4.035416374190242683e-01,3.358561641342089343e-01,3.611401630801831519e-01,3.514004462695726194e-01,3.553203122040935469e-01,3.536562633998517891e-01,3.545552384499976450e-01,3.545552378337353261e-01,3.536562636922776504e-01,3.553203120835807804e-01,3.514004462508636406e-01,3.611401625158713324e-01,3.358561646193416461e-01,4.035416373536058199e-01,2.018010937264100302e-01,1.000000000000001998e+00,2.018010920879500514e-01,4.035416378644399171e-01,3.358561644211650044e-01,3.611401626868396275e-01,3.514004456244923524e-01,3.553203122132165825e-01,3.536562631493847531e-01,3.536562627183413854e-01,3.545552368428116496e-01,3.536562630396720697e-01,3.553203112590808121e-01,3.514004454368681585e-01,3.611401616292330141e-01,3.358561638889834278e-01,4.035416374190242683e-01,2.018010920879500514e-01,1.000000000000001998e+00,2.018010912242048649e-01,4.035416374870764988e-01,3.358561637021740265e-01,3.611401615536344867e-01,3.514004453974032272e-01,3.553203116251025806e-01,3.553203117639920361e-01,3.536562630915707772e-01,3.545552372824759546e-01,3.536562626808704146e-01,3.553203118327245558e-01,3.514004453110054493e-01,3.611401621294993425e-01,3.358561641342089343e-01,4.035416378644399171e-01,2.018010912242048649e-01,1.000000000000001998e+00,2.018010925654490917e-01,4.035416373249935962e-01,3.358561636212555324e-01,3.611401619388333595e-01,3.514004454341097539e-01,3.514004461205565422e-01,3.553203123062627644e-01,3.536562635626021578e-01,3.545552378602313537e-01,3.536562634255119297e-01,3.553203125522200190e-01,3.514004458709185652e-01,3.611401630801831519e-01,3.358561644211650044e-01,4.035416374870764988e-01,2.018010925654490917e-01,1.000000000000001998e+00,2.018010932305817628e-01,4.035416376457209298e-01,3.358561644864717088e-01,3.611401630166983789e-01,3.611401624601729976e-01,3.514004462124941108e-01,3.553203121400897446e-01,3.536562632860921207e-01,3.545552376632732372e-01,3.536562629035275851e-01,3.553203122990518104e-01,3.514004462695726194e-01,3.611401626868396275e-01,3.358561637021740265e-01,4.035416373249935962e-01,2.018010932305817628e-01,1.000000000000001998e+00,2.018010924000294692e-01,4.035416377313224001e-01,3.358561643794636398e-01,3.358561639857438053e-01,3.611401623703706654e-01,3.514004456467011428e-01,3.553203118348366996e-01,3.536562628836639188e-01,3.545552375038641402e-01,3.536562625811311422e-01,3.553203122040935469e-01,3.514004456244923524e-01,3.611401615536344867e-01,3.358561636212555324e-01,4.035416376457209298e-01,2.018010924000294692e-01,1.000000000000001998e+00,2.018010924141508955e-01,4.035416375980780956e-01,4.035416377291806689e-01,3.358561643844443778e-01,3.611401627453020291e-01,3.514004455807797633e-01,3.553203124608631525e-01,3.536562626432757650e-01,3.545552380428567130e-01,3.536562633998517891e-01,3.553203122132165825e-01,3.514004453974032272e-01,3.611401619388333595e-01,3.358561644864717088e-01,4.035416377313224001e-01,2.018010924141508955e-01,1.000000000000001998e+00,2.018010929977586410e-01,2.018010930925131785e-01,4.035416379384488272e-01,3.358561642976497508e-01,3.611401629973314820e-01,3.514004456130126464e-01,3.553203125333876389e-01,3.536562628807202735e-01,3.545552384499976450e-01,3.536562631493847531e-01,3.553203116251025806e-01,3.514004454341097539e-01,3.611401630166983789e-01,3.358561643794636398e-01,4.035416375980780956e-01,2.018010929977586410e-01,1.000000000000001998e+00
1.000000000000000888e+00,1.941883332707291521e-01,4.007547805072597669e-01,3.303328855820765186e-01,3.570157011973321692e-01,3.465809240961299498e-01,3.508431317895898127e-01,3.490030818448012218e-01,3.500126432824005596e-01,3.490030811350846029e-01,3.508431313396950246e-01,3.465809246587452930e-01,3.570157010472072567e-01,3.303328852867685184e-01,4.007547802111121604e-01,1.941883330717764922e-01,1.941883332707291521e-01,1.000000000000000888e+00,1.941883334156378482e-01,4.007547804759514776e-01,3.303328858298591464e-01,3.570157011920484513e-01,3.465809244269593692e-01,3.508431321540519399e-01,3.490030820229100827e-01,3.500126423586723545e-01,3.490030815034402822e-01,3.508431318215656236e-01,3.465809247305830509e-01,3.570157008255613329e-01,3.303328856768084076e-01,4.007547804208131392e-01,4.007547805072597669e-01,1.941883334156378482e-01,1.000000000000000888e+00,1.941883331806224244e-01,4.007547803016748844e-01,3.303328855767868610e-01,3.570157010830643518e-01,3.465809249877541687e-01,3.508431315286760777e-01,3.490030814683995342e-01,3.500126428341494011e-01,3.490030819398736162e-01,3.508431316786507770e-01,3.465809241929215800e-01,3.570157012001787811e-01,3.303328856831964089e-01,3.303328855820765186e-01,4.007547804759514776e-01,1.941883331806224244e-01,1.000000000000000888e+00,1.941883329818622217e-01,4.007547801829614009e-01,3.303328857540862029e-01,3.570157012705003630e-01,3.465809248166999423e-01,3.508431308064665632e-01,3.490030811585120851e-01,3.500126433802155379e-01,3.490030816260177304e-01,3.508431313475846025e-01,3.465809241098483096e-01,3.570157014829535846e-01,3.570157011973321692e-01,3.303328858298591464e-01,4.007547803016748844e-01,1.941883329818622217e-01,1.000000000000000888e+00,1.941883327286745842e-01,4.007547801122334219e-01,3.303328861632256475e-01,3.570157009498408085e-01,3.465809239677615228e-01,3.508431313624039705e-01,3.490030817176845712e-01,3.500126431472472266e-01,3.490030811419809198e-01,3.508431318401059595e-01,3.465809241231857518e-01,3.465809240961299498e-01,3.570157011920484513e-01,3.303328855767868610e-01,4.007547801829614009e-01,1.941883327286745842e-01,1.000000000000000888e+00,1.941883326603666970e-01,4.007547803247089035e-01,3.303328858361731513e-01,3.570157001600041680e-01,3.465809238196437825e-01,3.508431320094090866e-01,3.490030811555072110e-01,3.500126428939742684e-01,3.490030808721123479e-01,3.508431319557267503e-01,3.508431317895898127e-01,3.465809244269593692e-01,3.570157010830643518e-01,3.303328857540862029e-01,4.007547801122334219e-01,1.941883326603666970e-01,1.000000000000000888e+00,1.941883334460588473e-01,4.007547798930037874e-01,3.303328852067339283e-01,3.570157007612348443e-01,3.465809243988687283e-01,3.508431318415177191e-01,3.490030808960034592e-01,3.500126434889338500e-01,3.490030812234554691e-01,3.490030818448012218e-01,3.508431321540519399e-01,3.465809249877541687e-01,3.570157012705003630e-01,3.303328861632256475e-01,4.007547803247089035e-01,1.941883334460588473e-01,1.000000000000000888e+00,1.941883336098977619e-01,4.007547800143538286e-01,3.303328854888739063e-01,3.570157016119449023e-01,3.465809247569625606e-01,3.508431316587105608e-01,3.490030816570243166e-01,3.500126438815013286e-01,3.500126432824005596e-01,3.490030820229100827e-01,3.508431315286760777e-01,3.465809248166999423e-01,3.570157009498408085e-01,3.303328858361731513e-01,4.007547798930037874e-01,1.941883336098977619e-01,1.000000000000000888e+00,1.941883320740809271e-01,4.007547803921861496e-01,3.303328857767150462e-01,3.570157011523554802e-01,3.465809241175191180e-01,3.508431316471331551e-01,3.490030814585890484e-01,3.490030811350846029e-01,3.500126423586723545e-01,3.490030814683995342e-01,3.508431308064665632e-01,3.465809239677615228e-01,3.570157001600041680e-01,3.303328852067339283e-01,4.007547800143538286e-01,1.941883320740809271e-01,1.000000000000000888e+00,1.941883313686530166e-01,4.007547799939995548e-01,3.303328851223714668e-01,3.570157000774506484e-01,3.465809238927293201e-01,3.508431311789533824e-01,3.508431313396950246e-01,3.490030815034402822e-01,3.500126428341494011e-01,3.490030811585120851e-01,3.508431313624039705e-01,3.465809238196437825e-01,3.570157007612348443e-01,3.303328854888739063e-01,4.007547803921861496e-01,1.941883313686530166e-01,1.000000000000000888e+00,1.941883326591835046e-01,4.007547798629966795e-01,3.303328849885927010e-01,3.570157004740027173e-01,3.465809240161908944e-01,3.465809246587452930e-01,3.508431318215656236e-01,3.490030819398736162e-01,3.500126433802155379e-01,3.490030817176845712e-01,3.508431320094090866e-01,3.465809243988687283e-01,3.570157016119449023e-01,3.303328857767150462e-01,4.007547799939995548e-01,1.941883326591835046e-01,1.000000000000000888e+00,1.941883332221482350e-01,4.007547801524835585e-01,3.303328857589459266e-01,3.570157015472232298e-01,3.570157010472072567e-01,3.465809247305830509e-01,3.508431316786507770e-01,3.490030816260177304e-01,3.500126431472472266e-01,3.490030811555072110e-01,3.508431318415177191e-01,3.465809247569625606e-01,3.570157011523554802e-01,3.303328851223714668e-01,4.007547798629966795e-01,1.941883332221482350e-01,1.000000000000000888e+00,1.941883323193054345e-01,4.007547802137712001e-01,3.303328856754782494e-01,3.303328852867685184e-01,3.570157008255613329e-01,3.465809241929215800e-01,3.508431313475846025e-01,3.490030811419809198e-01,3.500126428939742684e-01,3.490030808960034592e-01,3.508431316587105608e-01,3.465809241175191180e-01,3.570157000774506484e-01,3.303328849885927010e-01,4.007547801524835585e-01,1.941883323193054345e-01,1.000000000000000888e+00,1.941883322307735305e-01,4.007547801220640027e-01,4.007547802111121604e-01,3.303328856768084076e-01,3.570157012001787811e-01,3.465809241098483096e-01,3.508431318401059595e-01,3.490030808721123479e-01,3.500126434889338500e-01,3.490030816570243166e-01,3.508431316471331551e-01,3.465809238927293201e-01,3.570157004740027173e-01,3.303328857589459266e-01,4.007547802137712001e-01,1.941883322307735305e-01,1.000000000000000888e+00,1.941883328477754800e-01,1.941883330717764922e-01,4.007547804208131392e-01,3.303328856831964089e-01,3.570157014829535846e-01,3.465809241231857518e-01,3.508431319557267503e-01,3.490030812234554691e-01,3.500126438815013286e-01,3.490030814585890484e-01,3.508431311789533824e-01,3.465809240161908944e-01,3.570157015472232298e-01,3.303328856754782494e-01,4.007547801220640027e-01,1.941883328477754800e-01,1.000000000000000888e+00
1.000000000000004885e+00,1.865363667244346602e-01,3.980319241468203706e-01,3.247734197791641853e-01,3.529270056951459011e-01,3.417505162554835829e-01,3.463836904329879451e-01,3.443496962538892814e-01,3.454829332616341508e-01,3.443496956160609357e-01,3.463836900534056351e-01,3.417505168429956774e-01,3.529270056953143220e-01,3.247734193662612512e-01,3.980319238495390044e-01,1.865363665385469660e-01,1.865363667244346602e-01,1.000000000000004885e+00,1.865363668608250869e-01,3.980319240829430227e-01,3.247734199127990662e-01,3.529270057067368516e-01,3.417505166143428030e-01,3.463836907299214785e-01,3.443496964003147642e-01,3.454829324110445521e-01,3.443496959701313198e-01,3.463836904659756688e-01,3.417505168842168706e-01,3.529270053775404037e-01,3.247734197399475553e-01,3.980319240489658128e-01,3.980319241468203706e-01,1.865363668608250869e-01,1.000000000000004885e+00,1.865363666770555318e-01,3.980319239008997534e-01,3.247734196341722224e-01,3.529270056683601609e-01,3.417505171835054645e-01,3.463836901373354982e-01,3.443496959429648285e-01,3.454829328946887879e-01,3.443496963593952742e-01,3.463836903468155426e-01,3.417505163795742096e-01,3.529270057351702183e-01,3.247734198183027665e-01,3.247734197791641853e-01,3.980319240829430227e-01,1.865363666770555318e-01,1.000000000000004885e+00,1.865363663756806900e-01,3.980319238487117772e-01,3.247734198328673383e-01,3.529270058516531527e-01,3.417505169972788748e-01,3.463836895226158896e-01,3.443496956700887734e-01,3.454829333981906947e-01,3.443496960112801819e-01,3.463836900043001377e-01,3.417505162897136461e-01,3.529270060340632953e-01,3.529270056951459011e-01,3.247734199127990662e-01,3.980319239008997534e-01,1.865363663756806900e-01,1.000000000000004885e+00,1.865363660051675421e-01,3.980319237658744846e-01,3.247734201630492201e-01,3.529270054900854880e-01,3.417505161409165604e-01,3.463836900461224610e-01,3.443496960596989509e-01,3.454829331457752173e-01,3.443496954723224146e-01,3.463836903804524692e-01,3.417505162847984668e-01,3.417505162554835829e-01,3.529270057067368516e-01,3.247734196341722224e-01,3.980319238487117772e-01,1.865363660051675421e-01,1.000000000000004885e+00,1.865363660172629223e-01,3.980319239371078455e-01,3.247734198221443602e-01,3.529270048007839833e-01,3.417505159827227690e-01,3.463836906116635195e-01,3.443496954762123030e-01,3.454829328240994757e-01,3.443496951905844483e-01,3.463836905235100350e-01,3.463836904329879451e-01,3.417505166143428030e-01,3.529270056683601609e-01,3.247734198328673383e-01,3.980319237658744846e-01,1.865363660172629223e-01,1.000000000000004885e+00,1.865363668552059151e-01,3.980319235822219470e-01,3.247734193087136179e-01,3.529270054534042189e-01,3.417505165687294566e-01,3.463836905100892705e-01,3.443496952824687818e-01,3.454829334461173573e-01,3.443496956263619180e-01,3.443496962538892814e-01,3.463836907299214785e-01,3.417505171835054645e-01,3.529270058516531527e-01,3.247734201630492201e-01,3.980319239371078455e-01,1.865363668552059151e-01,1.000000000000004885e+00,1.865363669875627073e-01,3.980319237437875968e-01,3.247734196223374670e-01,3.529270061937483383e-01,3.417505168931424531e-01,3.463836902669868434e-01,3.443496959892065057e-01,3.454829338281333317e-01,3.454829332616341508e-01,3.443496964003147642e-01,3.463836901373354982e-01,3.417505169972788748e-01,3.529270054900854880e-01,3.247734198221443602e-01,3.980319235822219470e-01,1.865363669875627073e-01,1.000000000000004885e+00,1.865363655915516783e-01,3.980319240563863770e-01,3.247734199047060955e-01,3.529270056973278225e-01,3.417505162819698405e-01,3.463836902419922259e-01,3.443496958384995588e-01,3.443496956160609357e-01,3.454829324110445521e-01,3.443496959429648285e-01,3.463836895226158896e-01,3.417505161409165604e-01,3.529270048007839833e-01,3.247734193087136179e-01,3.980319237437875968e-01,1.865363655915516783e-01,1.000000000000004885e+00,1.865363650329818768e-01,3.980319236572744113e-01,3.247734193203155595e-01,3.529270047070769412e-01,3.417505160719358503e-01,3.463836898913246198e-01,3.463836900534056351e-01,3.443496959701313198e-01,3.454829328946887879e-01,3.443496956700887734e-01,3.463836900461224610e-01,3.417505159827227690e-01,3.529270054534042189e-01,3.247734196223374670e-01,3.980319240563863770e-01,1.865363650329818768e-01,1.000000000000004885e+00,1.865363662364571684e-01,3.980319235494534924e-01,3.247734191447159136e-01,3.529270050988441154e-01,3.417505162580300460e-01,3.417505168429956774e-01,3.463836904659756688e-01,3.443496963593952742e-01,3.454829333981906947e-01,3.443496960596989509e-01,3.463836906116635195e-01,3.417505165687294566e-01,3.529270061937483383e-01,3.247734199047060955e-01,3.980319236572744113e-01,1.865363662364571684e-01,1.000000000000004885e+00,1.865363666912515928e-01,3.980319238052354991e-01,3.247734198163547692e-01,3.529270061383527057e-01,3.529270056953143220e-01,3.417505168842168706e-01,3.463836903468155426e-01,3.443496960112801819e-01,3.454829331457752173e-01,3.443496954762123030e-01,3.463836905100892705e-01,3.417505168931424531e-01,3.529270056973278225e-01,3.247734193203155595e-01,3.980319235494534924e-01,1.865363666912515928e-01,1.000000000000004885e+00,1.865363657511277251e-01,3.980319238459517628e-01,3.247734197468348794e-01,3.247734193662612512e-01,3.529270053775404037e-01,3.417505163795742096e-01,3.463836900043001377e-01,3.443496954723224146e-01,3.454829328240994757e-01,3.443496952824687818e-01,3.463836902669868434e-01,3.417505162819698405e-01,3.529270047070769412e-01,3.247734191447159136e-01,3.980319238052354991e-01,1.865363657511277251e-01,1.000000000000004885e+00,1.865363655871309922e-01,3.980319237976003288e-01,3.980319238495390044e-01,3.247734197399475553e-01,3.529270057351702183e-01,3.417505162897136461e-01,3.463836903804524692e-01,3.443496951905844483e-01,3.454829334461173573e-01,3.443496959892065057e-01,3.463836902419922259e-01,3.417505160719358503e-01,3.529270050988441154e-01,3.247734198163547692e-01,3.980319238459517628e-01,1.865363655871309922e-01,1.000000000000004885e+00,1.865363662190772653e-01,1.865363665385469660e-01,3.980319240489658128e-01,3.247734198183027665e-01,3.529270060340632953e-01,3.417505162847984668e-01,3.463836905235100350e-01,3.443496956263619180e-01,3.454829338281333317e-01,3.443496958384995588e-01,3.463836898913246198e-01,3.417505162580300460e-01,3.529270061383527057e-01,3.247734197468348794e-01,3.980319237976003288e-01,1.865363662190772653e-01,1.000000000000004885e+00
