1.000000000000001998e+00,7.996686432733733640e-02,3.733219228961524028e-01,3.294175276027329069e-01,1.766475013811001082e-01,3.955519387657725483e-01,2.766760776131285682e-02,4.021543060735534025e-01,8.344434843079905073e-02,3.893530540934013739e-01,2.677686899427462741e-01,2.719632020824599983e-01,3.812539416360490874e-01,8.371834971003999648e-02,4.109109845719191023e-01,-3.070258241239240404e-02,7.996686432733733640e-02,1.000000000000001998e+00,1.875622477341897520e-01,3.584903203280360717e-01,3.675749771163113744e-01,1.794891756823863982e-01,3.729255007717934833e-01,1.290741197794670336e-01,3.893530544178054331e-01,2.446325468462817176e-01,3.769073831451044687e-01,3.625059173317413674e-01,2.527696861955294194e-01,3.784122657467554607e-01,1.287005804094743522e-01,3.950352712627946405e-01,3.733219228961524028e-01,1.875622477341897520e-01,1.000000000000001998e+00,2.290556519655402301e-01,3.592286183247367926e-01,3.225927459042244871e-01,2.405940742639685048e-01,3.217333701421742354e-01,2.677686892909380556e-01,3.769073828926723380e-01,3.547343596448045977e-01,3.721077973400485628e-01,3.577900228736196619e-01,2.753961242059888570e-01,3.173073676799802456e-01,2.304725127870846935e-01,3.294175276027329069e-01,3.584903203280360717e-01,2.290556519655402301e-01,1.000000000000001998e+00,1.801408026052510603e-01,3.751043311435170446e-01,2.208208139386886870e-01,3.241677771143230413e-01,2.719632018355782055e-01,3.625059175296468927e-01,3.721077973803045835e-01,3.492536342696815899e-01,3.777658293454402294e-01,2.563835100607688711e-01,3.265882545626593858e-01,2.337336647320411576e-01,1.766475013811001082e-01,3.675749771163113744e-01,3.592286183247367926e-01,1.801408026052510603e-01,1.000000000000001998e+00,6.947135607387230904e-02,3.968176798358228896e-01,1.218757995035665842e-01,3.812539409016894032e-01,2.527696860138906043e-01,3.577900227544584810e-01,3.777658293820675972e-01,2.314009087086672523e-01,3.905670809071708494e-01,1.176889409293178923e-01,3.763584227833727258e-01,3.955519387657725483e-01,1.794891756823863982e-01,3.225927459042244871e-01,3.751043311435170446e-01,6.947135607387230904e-02,1.000000000000001998e+00,-3.812402781102905425e-02,4.116492823857503813e-01,8.371834951574834427e-02,3.784122664362462585e-01,2.753961241840883201e-01,2.563835102193823268e-01,3.905670808394497984e-01,7.021270893436511173e-02,4.030127521383166100e-01,2.295171205956039046e-02,2.766760776131285682e-02,3.729255007717934833e-01,2.405940742639685048e-01,2.208208139386886870e-01,3.968176798358228896e-01,-3.812402781102905425e-02,1.000000000000001998e+00,-7.961743174257301936e-02,4.109109838139666238e-01,1.287005805520080592e-01,3.173073674451256099e-01,3.265882549249070621e-01,1.176889409682609355e-01,4.030127523893354269e-01,-3.988910289303293499e-02,4.078123380135127429e-01,4.021543060735534025e-01,1.290741197794670336e-01,3.217333701421742354e-01,3.241677771143230413e-01,1.218757995035665842e-01,4.116492823857503813e-01,-7.961743174257301936e-02,1.000000000000001998e+00,-3.070258226757835440e-02,3.950352717342601738e-01,2.304725130673326849e-01,2.337336648802504080e-01,3.763584230325422442e-01,2.295171215441216273e-02,4.078123382610294723e-01,-3.440837841546529052e-02,8.344434843079905073e-02,3.893530544178054331e-01,2.677686892909380556e-01,2.719632018355782055e-01,3.812539409016894032e-01,8.371834951574834427e-02,4.109109838139666238e-01,-3.070258226757835440e-02,1.000000000000001998e+00,7.996686377195787176e-02,3.733219229247546345e-01,3.294175273699965212e-01,1.766475013383284609e-01,3.955519384928569693e-01,2.766760759258691388e-02,4.021543059953996413e-01,3.893530540934013739e-01,2.446325468462817176e-01,3.769073828926723380e-01,3.625059175296468927e-01,2.527696860138906043e-01,3.784122664362462585e-01,1.287005805520080592e-01,3.950352717342601738e-01,7.996686377195787176e-02,1.000000000000001998e+00,1.875622478751047262e-01,3.584903199753173286e-01,3.675749770924585103e-01,1.794891754540362538e-01,3.729255005501929121e-01,1.290741191548620825e-01,2.677686899427462741e-01,3.769073831451044687e-01,3.547343596448045977e-01,3.721077973803045835e-01,3.577900227544584810e-01,2.753961241840883201e-01,3.173073674451256099e-01,2.304725130673326849e-01,3.733219229247546345e-01,1.875622478751047262e-01,1.000000000000001998e+00,2.290556521756180186e-01,3.592286186921098690e-01,3.225927462495183917e-01,2.405940748972669185e-01,3.217333704507671088e-01,2.719632020824599983e-01,3.625059173317413674e-01,3.721077973400485628e-01,3.492536342696815899e-01,3.777658293820675972e-01,2.563835102193823268e-01,3.265882549249070621e-01,2.337336648802504080e-01,3.294175273699965212e-01,3.584903199753173286e-01,2.290556521756180186e-01,1.000000000000001998e+00,1.801408026400163898e-01,3.751043305427552710e-01,2.208208136496599139e-01,3.241677761843473338e-01,3.812539416360490874e-01,2.527696861955294194e-01,3.577900228736196619e-01,3.777658293454402294e-01,2.314009087086672523e-01,3.905670808394497984e-01,1.176889409682609355e-01,3.763584230325422442e-01,1.766475013383284609e-01,3.675749770924585103e-01,3.592286186921098690e-01,1.801408026400163898e-01,1.000000000000001998e+00,6.947135610063601141e-02,3.968176804437095750e-01,1.218757993136232176e-01,8.371834971003999648e-02,3.784122657467554607e-01,2.753961242059888570e-01,2.563835100607688711e-01,3.905670809071708494e-01,7.021270893436511173e-02,4.030127523893354269e-01,2.295171215441216273e-02,3.955519384928569693e-01,1.794891754540362538e-01,3.225927462495183917e-01,3.751043305427552710e-01,6.947135610063601141e-02,1.000000000000001998e+00,-3.812402788188032354e-02,4.116492816116923414e-01,4.109109845719191023e-01,1.287005804094743522e-01,3.173073676799802456e-01,3.265882545626593858e-01,1.176889409293178923e-01,4.030127521383166100e-01,-3.988910289303293499e-02,4.078123382610294723e-01,2.766760759258691388e-02,3.729255005501929121e-01,2.405940748972669185e-01,2.208208136496599139e-01,3.968176804437095750e-01,-3.812402788188032354e-02,1.000000000000001998e+00,-7.961743218018602075e-02,-3.070258241239240404e-02,3.950352712627946405e-01,2.304725127870846935e-01,2.337336647320411576e-01,3.763584227833727258e-01,2.295171205956039046e-02,4.078123380135127429e-01,-3.440837841546529052e-02,4.021543059953996413e-01,1.290741191548620825e-01,3.217333704507671088e-01,3.241677761843473338e-01,1.218757993136232176e-01,4.116492816116923414e-01,-7.961743218018602075e-02,1.000000000000001998e+00
1.000000000000000888e+00,7.385764302214163635e-02,3.710487633614106828e-01,3.253526947192666996e-01,1.724307105998728884e-01,3.939642852694437702e-01,2.352478696313503592e-02,4.015458086867742526e-01,7.924645693540677271e-02,3.872056743029288484e-01,2.636155492392369681e-01,2.679582286529144652e-01,3.786841325861717289e-01,7.933224330210843223e-02,4.107109790577818664e-01,-3.605783052205233097e-02,7.385764302214163635e-02,1.000000000000000888e+00,1.804488054509832962e-01,3.554683477110994749e-01,3.632044660456298368e-01,1.755497009146243514e-01,3.707665126372220454e-01,1.251004414711326673e-01,3.872056748158625439e-01,2.399322332807091451e-01,3.732992475248402275e-01,3.579298366475244242e-01,2.485714152993875048e-01,3.755651418245895545e-01,1.246247199470653932e-01,3.939310099251358555e-01,3.710487633614106828e-01,1.804488054509832962e-01,1.000000000000000888e+00,2.212759983695328780e-01,3.563165615122287910e-01,3.179119885969973192e-01,2.372518587263272583e-01,3.185730950346183921e-01,2.636155495931378212e-01,3.732992473646550291e-01,3.493424281211109372e-01,3.679727238022819091e-01,3.527952749124850795e-01,2.717691887398106521e-01,3.138629844743725528e-01,2.265297290731814739e-01,3.253526947192666996e-01,3.554683477110994749e-01,2.212759983695328780e-01,1.000000000000000888e+00,1.724232058607107487e-01,3.730965301356564678e-01,2.160069808337023167e-01,3.213928943555993678e-01,2.679582283708472623e-01,3.579298359982270306e-01,3.679727234127780910e-01,3.433860293985507850e-01,3.743463078355754314e-01,2.512196198592600016e-01,3.239626052510298226e-01,2.297219481248428674e-01,1.724307105998728884e-01,3.632044660456298368e-01,3.563165615122287910e-01,1.724232058607107487e-01,1.000000000000000888e+00,6.250773196198645965e-02,3.959787776302469142e-01,1.171840145600396843e-01,3.786841333100136042e-01,2.485714153052412390e-01,3.527952753108224426e-01,3.743463083172271499e-01,2.255522175584629141e-01,3.886864423027101556e-01,1.127045123576277119e-01,3.745774725593088439e-01,3.939642852694437702e-01,1.755497009146243514e-01,3.179119885969973192e-01,3.730965301356564678e-01,6.250773196198645965e-02,1.000000000000000888e+00,-4.408343025495764511e-02,4.115591921601866598e-01,7.933224303916061593e-02,3.755651413891858970e-01,2.717691882791855029e-01,2.512196197158512168e-01,3.886864419128054360e-01,6.486644034805696957e-02,4.025928690027302803e-01,1.839022483016396897e-02,2.352478696313503592e-02,3.707665126372220454e-01,2.372518587263272583e-01,2.160069808337023167e-01,3.959787776302469142e-01,-4.408343025495764511e-02,1.000000000000000888e+00,-8.491062312950081736e-02,4.107109795628255955e-01,1.246247205009126668e-01,3.138629849895356871e-01,3.239626061271950741e-01,1.127045126071770098e-01,4.025928696444712740e-01,-4.454375365614440807e-02,4.079193936131728093e-01,4.015458086867742526e-01,1.251004414711326673e-01,3.185730950346183921e-01,3.213928943555993678e-01,1.171840145600396843e-01,4.115591921601866598e-01,-8.491062312950081736e-02,1.000000000000000888e+00,-3.605783068027151872e-02,3.939310095280603163e-01,2.265297286686500378e-01,2.297219479933368114e-01,3.745774722837388326e-01,1.839022497058215300e-02,4.079193933811808281e-01,-3.858735534490087549e-02,7.924645693540677271e-02,3.872056748158625439e-01,2.636155495931378212e-01,2.679582283708472623e-01,3.786841333100136042e-01,7.933224303916061593e-02,4.107109795628255955e-01,-3.605783068027151872e-02,1.000000000000000888e+00,7.385764289858565146e-02,3.710487637259268778e-01,3.253526949884785191e-01,1.724307103518992745e-01,3.939642853958590374e-01,2.352478633214395015e-02,4.015458089452263457e-01,3.872056743029288484e-01,2.399322332807091451e-01,3.732992473646550291e-01,3.579298359982270306e-01,2.485714153052412390e-01,3.755651413891858970e-01,1.246247205009126668e-01,3.939310095280603163e-01,7.385764289858565146e-02,1.000000000000000888e+00,1.804488051029825013e-01,3.554683477543704173e-01,3.632044657532457199e-01,1.755497014880058049e-01,3.707665120598842567e-01,1.251004417315458028e-01,2.636155492392369681e-01,3.732992475248402275e-01,3.493424281211109372e-01,3.679727234127780910e-01,3.527952753108224426e-01,2.717691882791855029e-01,3.138629849895356871e-01,2.265297286686500378e-01,3.710487637259268778e-01,1.804488051029825013e-01,1.000000000000000888e+00,2.212759988135692413e-01,3.563165608733552814e-01,3.179119890516167168e-01,2.372518579951088946e-01,3.185730954455745501e-01,2.679582286529144652e-01,3.579298366475244242e-01,3.679727238022819091e-01,3.433860293985507850e-01,3.743463083172271499e-01,2.512196197158512168e-01,3.239626061271950741e-01,2.297219479933368114e-01,3.253526949884785191e-01,3.554683477543704173e-01,2.212759988135692413e-01,1.000000000000000888e+00,1.724232058809568313e-01,3.730965308864260255e-01,2.160069804303782481e-01,3.213928950503076587e-01,3.786841325861717289e-01,2.485714152993875048e-01,3.527952749124850795e-01,3.743463078355754314e-01,2.255522175584629141e-01,3.886864419128054360e-01,1.127045126071770098e-01,3.745774722837388326e-01,1.724307103518992745e-01,3.632044657532457199e-01,3.563165608733552814e-01,1.724232058809568313e-01,1.000000000000000888e+00,6.250773203499404573e-02,3.959787767391020896e-01,1.171840144899609915e-01,7.933224330210843223e-02,3.755651418245895545e-01,2.717691887398106521e-01,2.512196198592600016e-01,3.886864423027101556e-01,6.486644034805696957e-02,4.025928696444712740e-01,1.839022497058215300e-02,3.939642853958590374e-01,1.755497014880058049e-01,3.179119890516167168e-01,3.730965308864260255e-01,6.250773203499404573e-02,1.000000000000000888e+00,-4.408343046742511928e-02,4.115591928992226034e-01,4.107109790577818664e-01,1.246247199470653932e-01,3.138629844743725528e-01,3.239626052510298226e-01,1.127045123576277119e-01,4.025928690027302803e-01,-4.454375365614440807e-02,4.079193933811808281e-01,2.352478633214395015e-02,3.707665120598842567e-01,2.372518579951088946e-01,2.160069804303782481e-01,3.959787767391020896e-01,-4.408343046742511928e-02,1.000000000000000888e+00,-8.491062359970433238e-02,-3.605783052205233097e-02,3.939310099251358555e-01,2.265297290731814739e-01,2.297219481248428674e-01,3.745774725593088439e-01,1.839022483016396897e-02,4.079193936131728093e-01,-3.858735534490087549e-02,4.015458089452263457e-01,1.251004417315458028e-01,3.185730954455745501e-01,3.213928950503076587e-01,1.171840144899609915e-01,4.115591928992226034e-01,-8.491062359970433238e-02,1.000000000000000888e+00
9.999999999999996669e-01,5.550869869701750836e-02,3.951809563485382260e-01,1.124968638740530547e-01,3.761055652215959944e-01,2.444109078507204491e-01,3.477534256319509964e-01,3.709743929590202938e-01,2.196590322459967548e-01,3.868467731646640928e-01,1.077120958828171604e-01,3.728041833456044452e-01,1.682470579422828960e-01,3.587852661818717315e-01,3.534715380228296566e-01,1.646496579061128562e-01,5.550869869701750836e-02,9.999999999999996669e-01,-5.005228252792100208e-02,4.114901492608701861e-01,7.497278789409177191e-02,3.726965462566748655e-01,2.681841592011048325e-01,2.460189043550147225e-01,3.868467733780202589e-01,5.950759128122398711e-02,4.021985206275643931e-01,1.385125288378828354e-02,3.923659612468706759e-01,1.716560787738452554e-01,3.131825920485109549e-01,3.711488607541880702e-01,3.951809563485382260e-01,-5.005228252792100208e-02,9.999999999999996669e-01,-9.019710113582209143e-02,4.105227400767090806e-01,1.205754620479433381e-01,3.104041337673965062e-01,3.213663992645454659e-01,1.077120958194717898e-01,4.021985203525046959e-01,-4.917793544511567250e-02,4.080367871330033425e-01,1.941879115334978548e-02,3.685927073060182857e-01,2.339484905791064384e-01,2.111665985548310531e-01,1.124968638740530547e-01,4.114901492608701861e-01,-9.019710113582209143e-02,9.999999999999996669e-01,-4.140946470907838628e-02,3.928454179367092403e-01,2.225914559417320471e-01,2.257183827779001284e-01,3.728041835747162303e-01,1.385125278340014303e-02,4.080367874361948144e-01,-4.273104841811032478e-02,4.009415957688962084e-01,1.211533131544127728e-01,3.154104716223722349e-01,3.186342402983814992e-01,3.761055652215959944e-01,7.497278789409177191e-02,4.105227400767090806e-01,-4.140946470907838628e-02,9.999999999999996669e-01,6.773149275858000862e-02,3.688133229716190065e-01,3.212611908351518109e-01,1.682470578989982979e-01,3.923659608915527341e-01,1.941879131583852669e-02,4.009415955038261314e-01,7.507176348800663479e-02,3.850692123361982855e-01,2.594601229058367542e-01,2.639726894610512353e-01,2.444109078507204491e-01,3.726965462566748655e-01,1.205754620479433381e-01,3.928454179367092403e-01,6.773149275858000862e-02,9.999999999999996669e-01,1.732924731121380235e-01,3.525041300558273694e-01,3.587852664503184408e-01,1.716560786709075970e-01,3.685927075890073068e-01,1.211533129732301206e-01,3.850692124358675583e-01,2.352232030100837590e-01,3.697174637874300895e-01,3.533209657276237259e-01,3.477534256319509964e-01,2.681841592011048325e-01,3.104041337673965062e-01,2.225914559417320471e-01,3.688133229716190065e-01,1.732924731121380235e-01,9.999999999999996669e-01,2.134372934146644418e-01,3.534715379289947723e-01,3.131825916845552005e-01,2.339484906764489613e-01,3.154104713383824032e-01,2.594601229266713105e-01,3.697174635950353783e-01,3.439087304290685543e-01,3.638791995748603680e-01,3.709743929590202938e-01,2.460189043550147225e-01,3.213663992645454659e-01,2.257183827779001284e-01,3.212611908351518109e-01,3.525041300558273694e-01,2.134372934146644418e-01,9.999999999999996669e-01,1.646496580917948260e-01,3.711488606023919945e-01,2.111665987399572175e-01,3.186342401205131125e-01,2.639726895051213162e-01,3.533209654867869309e-01,3.638791997422247126e-01,3.374618450082498278e-01,2.196590322459967548e-01,3.868467733780202589e-01,1.077120958194717898e-01,3.728041835747162303e-01,1.682470578989982979e-01,3.587852664503184408e-01,3.534715379289947723e-01,1.646496580917948260e-01,9.999999999999996669e-01,5.550869856068505609e-02,3.951809564423202081e-01,1.124968637911672592e-01,3.761055653942744215e-01,2.444109078897188092e-01,3.477534258971443637e-01,3.709743928817992864e-01,3.868467731646640928e-01,5.950759128122398711e-02,4.021985203525046959e-01,1.385125278340014303e-02,3.923659608915527341e-01,1.716560786709075970e-01,3.131825916845552005e-01,3.711488606023919945e-01,5.550869856068505609e-02,9.999999999999996669e-01,-5.005228253431991126e-02,4.114901489944153834e-01,7.497278771870760639e-02,3.726965460034333266e-01,2.681841591413631765e-01,2.460189041256403975e-01,1.077120958828171604e-01,4.021985206275643931e-01,-4.917793544511567250e-02,4.080367874361948144e-01,1.941879131583852669e-02,3.685927075890073068e-01,2.339484906764489613e-01,2.111665987399572175e-01,3.951809564423202081e-01,-5.005228253431991126e-02,9.999999999999996669e-01,-9.019710110601127095e-02,4.105227402083125865e-01,1.205754622136772231e-01,3.104041340395744530e-01,3.213663995238568716e-01,3.728041833456044452e-01,1.385125288378828354e-02,4.080367871330033425e-01,-4.273104841811032478e-02,4.009415955038261314e-01,1.211533129732301206e-01,3.154104713383824032e-01,3.186342401205131125e-01,1.124968637911672592e-01,4.114901489944153834e-01,-9.019710110601127095e-02,9.999999999999996669e-01,-4.140946476575875501e-02,3.928454176808049980e-01,2.225914557945785077e-01,2.257183826858595033e-01,1.682470579422828960e-01,3.923659612468706759e-01,1.941879115334978548e-02,4.009415957688962084e-01,7.507176348800663479e-02,3.850692124358675583e-01,2.594601229266713105e-01,2.639726895051213162e-01,3.761055653942744215e-01,7.497278771870760639e-02,4.105227402083125865e-01,-4.140946476575875501e-02,9.999999999999996669e-01,6.773149278725767997e-02,3.688133231942458123e-01,3.212611910378256330e-01,3.587852661818717315e-01,1.716560787738452554e-01,3.685927073060182857e-01,1.211533131544127728e-01,3.850692123361982855e-01,2.352232030100837590e-01,3.697174635950353783e-01,3.533209654867869309e-01,2.444109078897188092e-01,3.726965460034333266e-01,1.205754622136772231e-01,3.928454176808049980e-01,6.773149278725767997e-02,9.999999999999996669e-01,1.732924730097308297e-01,3.525041298980384763e-01,3.534715380228296566e-01,3.131825920485109549e-01,2.339484905791064384e-01,3.154104716223722349e-01,2.594601229058367542e-01,3.697174637874300895e-01,3.439087304290685543e-01,3.638791997422247126e-01,3.477534258971443637e-01,2.681841591413631765e-01,3.104041340395744530e-01,2.225914557945785077e-01,3.688133231942458123e-01,1.732924730097308297e-01,9.999999999999996669e-01,2.134372936052373326e-01,1.646496579061128562e-01,3.711488607541880702e-01,2.111665985548310531e-01,3.186342402983814992e-01,2.639726894610512353e-01,3.533209657276237259e-01,3.638791995748603680e-01,3.374618450082498278e-01,3.709743928817992864e-01,2.460189041256403975e-01,3.213663995238568716e-01,2.257183826858595033e-01,3.212611910378256330e-01,3.525041298980384763e-01,2.134372936052373326e-01,9.999999999999996669e-01
9.999999999999995559e-01,6.158982836006458850e-02,3.666168010760179063e-01,3.171424808449291310e-01,1.640993280113222652e-01,3.907553847670978131e-01,1.535297447631206458e-02,4.003404376308892232e-01,7.092284494984678334e-02,3.829438171611208030e-01,2.553030881801708341e-01,2.600083946048907246e-01,3.735172969585700553e-01,7.064264731282057785e-02,4.103451507054279856e-01,-4.675543809333011780e-02,6.158982836006458850e-02,9.999999999999995559e-01,1.660937822617145065e-01,3.496001951537673347e-01,3.543156904644342853e-01,1.678117166164289631e-01,3.664026404040321427e-01,1.172352893810589547e-01,3.829438166103000807e-01,2.305061243525310111e-01,3.661639823566407159e-01,3.486781272852251812e-01,2.402912003517243267e-01,3.698049080234556141e-01,1.165553494781925159e-01,3.917781845835257015e-01,3.666168010760179063e-01,1.660937822617145065e-01,9.999999999999995559e-01,2.055394263181584136e-01,3.506964652744895550e-01,3.084029883291301566e-01,2.306865416054703910e-01,3.122454635488510766e-01,2.553030878841224816e-01,3.661639824946193444e-01,3.384320492546307180e-01,3.598303325053332502e-01,3.426625741769812050e-01,2.646439434002678115e-01,3.069300829208617687e-01,2.186589221198160793e-01,3.171424808449291310e-01,3.496001951537673347e-01,2.055394263181584136e-01,9.999999999999995559e-01,1.568200374467676461e-01,3.692634312716758238e-01,2.062994153870432723e-01,3.158925830667377865e-01,2.600083942390294389e-01,3.486781266619771724e-01,3.598303336016273057e-01,3.314790769974340079e-01,3.676530360279997023e-01,2.407802600403665672e-01,3.188011213505610453e-01,2.217240410423721164e-01,1.640993280113222652e-01,3.543156904644342853e-01,3.506964652744895550e-01,1.568200374467676461e-01,9.999999999999995559e-01,4.847477101655885134e-02,3.944248157389911302e-01,1.078158573945060261e-01,3.735172975425605779e-01,2.402911998978046193e-01,3.426625751923786378e-01,3.676530346313987563e-01,2.137201647309729946e-01,3.850496552286769569e-01,1.027124615621311521e-01,3.710381897945800311e-01,3.907553847670978131e-01,1.678117166164289631e-01,3.084029883291301566e-01,3.692634312716758238e-01,4.847477101655885134e-02,9.999999999999995559e-01,-5.602918342685339614e-02,4.114414206156367659e-01,7.064264721789656476e-02,3.698049073044010759e-01,2.646439446336932844e-01,2.407802595531455259e-01,3.850496558600601249e-01,5.413688450295045529e-02,4.018294902117283129e-01,9.337421078844963807e-03,1.535297447631206458e-02,3.664026404040321427e-01,2.306865416054703910e-01,2.062994153870432723e-01,3.944248157389911302e-01,-5.602918342685339614e-02,9.999999999999995559e-01,-9.547482707732801721e-02,4.103451513780155824e-01,1.165553487569290780e-01,3.069300830918895162e-01,3.188011206824770682e-01,1.027124612456568054e-01,4.018294904018535618e-01,-5.378903920094005309e-02,4.081631394294062964e-01,4.003404376308892232e-01,1.172352893810589547e-01,3.122454635488510766e-01,3.158925830667377865e-01,1.078158573945060261e-01,4.114414206156367659e-01,-9.547482707732801721e-02,9.999999999999995559e-01,-4.675543775779883449e-02,3.917781847008102725e-01,2.186589234358713718e-01,2.217240415686775323e-01,3.710381901001111871e-01,9.337421651241656351e-03,4.081631395866626155e-01,-4.683606793070610452e-02,7.092284494984678334e-02,3.829438166103000807e-01,2.553030878841224816e-01,2.600083942390294389e-01,3.735172975425605779e-01,7.064264721789656476e-02,4.103451513780155824e-01,-4.675543775779883449e-02,9.999999999999995559e-01,6.158982775953948663e-02,3.666168004513163936e-01,3.171424806686637954e-01,1.640993273170146260e-01,3.907553850119319661e-01,1.535297431579239757e-02,4.003404372748356477e-01,3.829438171611208030e-01,2.305061243525310111e-01,3.661639824946193444e-01,3.486781266619771724e-01,2.402911998978046193e-01,3.698049073044010759e-01,1.165553487569290780e-01,3.917781847008102725e-01,6.158982775953948663e-02,9.999999999999995559e-01,1.660937827065456229e-01,3.496001951976924760e-01,3.543156897354500234e-01,1.678117166577133279e-01,3.664026404296223949e-01,1.172352887018004164e-01,2.553030881801708341e-01,3.661639823566407159e-01,3.384320492546307180e-01,3.598303336016273057e-01,3.426625751923786378e-01,2.646439446336932844e-01,3.069300830918895162e-01,2.186589234358713718e-01,3.666168004513163936e-01,1.660937827065456229e-01,9.999999999999995559e-01,2.055394267474393855e-01,3.506964657776016625e-01,3.084029892189620314e-01,2.306865421786309378e-01,3.122454634914731963e-01,2.600083946048907246e-01,3.486781272852251812e-01,3.598303325053332502e-01,3.314790769974340079e-01,3.676530346313987563e-01,2.407802595531455259e-01,3.188011206824770682e-01,2.217240415686775323e-01,3.171424806686637954e-01,3.496001951976924760e-01,2.055394267474393855e-01,9.999999999999995559e-01,1.568200367860231315e-01,3.692634308551981381e-01,2.062994152767946843e-01,3.158925827069533065e-01,3.735172969585700553e-01,2.402912003517243267e-01,3.426625741769812050e-01,3.676530360279997023e-01,2.137201647309729946e-01,3.850496558600601249e-01,1.027124612456568054e-01,3.710381901001111871e-01,1.640993273170146260e-01,3.543156897354500234e-01,3.506964657776016625e-01,1.568200367860231315e-01,9.999999999999995559e-01,4.847477126931241248e-02,3.944248152933246265e-01,1.078158567279114133e-01,7.064264731282057785e-02,3.698049080234556141e-01,2.646439434002678115e-01,2.407802600403665672e-01,3.850496552286769569e-01,5.413688450295045529e-02,4.018294904018535618e-01,9.337421651241656351e-03,3.907553850119319661e-01,1.678117166577133279e-01,3.084029892189620314e-01,3.692634308551981381e-01,4.847477126931241248e-02,9.999999999999995559e-01,-5.602918312772584009e-02,4.114414214463590902e-01,4.103451507054279856e-01,1.165553494781925159e-01,3.069300829208617687e-01,3.188011213505610453e-01,1.027124615621311521e-01,4.018294902117283129e-01,-5.378903920094005309e-02,4.081631395866626155e-01,1.535297431579239757e-02,3.664026404296223949e-01,2.306865421786309378e-01,2.062994152767946843e-01,3.944248152933246265e-01,-5.602918312772584009e-02,9.999999999999995559e-01,-9.547482758736247632e-02,-4.675543809333011780e-02,3.917781845835257015e-01,2.186589221198160793e-01,2.217240410423721164e-01,3.710381897945800311e-01,9.337421078844963807e-03,4.081631394294062964e-01,-4.683606793070610452e-02,4.003404372748356477e-01,1.172352887018004164e-01,3.122454634914731963e-01,3.158925827069533065e-01,1.078158567279114133e-01,4.114414214463590902e-01,-9.547482758736247632e-02,9.999999999999995559e-01
9.999999999999976685e-01,5.543409994764940396e-02,3.644603778687814377e-01,3.129959957048219499e-01,1.599904047460600498e-01,3.891308494613590074e-01,1.133084067909975734e-02,3.997409850751195703e-01,6.680237411869051345e-02,3.808295907690857351e-01,2.511451048821160548e-01,2.560672240907657660e-01,3.709182799365635663e-01,6.634458882051498529e-02,4.101770056407052500e-01,-5.209364716680033730e-02,5.543409994764940396e-02,9.999999999999976685e-01,1.588532483389730743e-01,3.467591152638602736e-01,3.497939646432997041e-01,1.640201435870283220e-01,3.641947491501107415e-01,1.133490057996647538e-01,3.808295898597977569e-01,2.257816532084990779e-01,3.626407935173087682e-01,3.440000522068290545e-01,2.362154379479824429e-01,3.668885402929492612e-01,1.125670210201792920e-01,3.907289266269436956e-01,3.644603778687814377e-01,1.588532483389730743e-01,9.999999999999976685e-01,1.975822660377961892e-01,3.479943002711947120e-01,3.035715327822496312e-01,2.274686600712130524e-01,3.090779907424553441e-01,2.511451042014657409e-01,3.626407938354914151e-01,3.329110470110941966e-01,3.558293440328380575e-01,3.375206786265142478e-01,2.611515362987085753e-01,3.034400236561282105e-01,2.147333768657841979e-01,3.129959957048219499e-01,3.467591152638602736e-01,1.975822660377961892e-01,9.999999999999976685e-01,1.489342193056207853e-01,3.674423790913532439e-01,2.014051762818801772e-01,3.131686749607897058e-01,2.560672236180833727e-01,3.440000518045726596e-01,3.558293454251609811e-01,3.254356099957538828e-01,3.643852996691290258e-01,2.355025142817245842e-01,3.162682964820597853e-01,2.177400085822494280e-01,1.599904047460600498e-01,3.497939646432997041e-01,3.479943002711947120e-01,1.489342193056207853e-01,9.999999999999976685e-01,4.140647248979524575e-02,3.937109285494605482e-01,1.031425586400986638e-01,3.709182799613850445e-01,2.362154373362464754e-01,3.375206795378362101e-01,3.643852976673785937e-01,2.077343522470991855e-01,3.832966921191721665e-01,9.770641580319440467e-02,3.692790621711899979e-01,3.891308494613590074e-01,1.640201435870283220e-01,3.035715327822496312e-01,3.674423790913532439e-01,4.140647248979524575e-02,9.999999999999976685e-01,-6.201267678334809741e-02,4.114121906759373171e-01,6.634458878938652437e-02,3.668885399513751033e-01,2.611515379944990833e-01,2.355025138744429314e-01,3.832966933216437333e-01,4.875507207383417835e-02,4.014854897413738799e-01,4.851466500203842347e-03,1.133084067909975734e-02,3.641947491501107415e-01,2.274686600712130524e-01,2.014051762818801772e-01,3.937109285494605482e-01,-6.201267678334809741e-02,9.999999999999976685e-01,-1.007416938607926804e-01,4.101770057864532193e-01,1.125670200507357110e-01,3.034400235599929996e-01,3.162682953291836574e-01,9.770641539175020651e-02,4.014854896267975315e-01,-5.837432029496317232e-02,4.082969382220924537e-01,3.997409850751195703e-01,1.133490057996647538e-01,3.090779907424553441e-01,3.131686749607897058e-01,1.031425586400986638e-01,4.114121906759373171e-01,-1.007416938607926804e-01,9.999999999999976685e-01,-5.209364668032634427e-02,3.907289271774758710e-01,2.147333786210413320e-01,2.177400093439338935e-01,3.692790628285662624e-01,4.851467110550872208e-03,4.082969385973357346e-01,-5.089888451465596209e-02,6.680237411869051345e-02,3.808295898597977569e-01,2.511451042014657409e-01,2.560672236180833727e-01,3.709182799613850445e-01,6.634458878938652437e-02,4.101770057864532193e-01,-5.209364668032634427e-02,9.999999999999976685e-01,5.543409907588156549e-02,3.644603769877949873e-01,3.129959951663361384e-01,1.599904040399212080e-01,3.891308494995949774e-01,1.133084067470238598e-02,3.997409844287664882e-01,3.808295907690857351e-01,2.257816532084990779e-01,3.626407938354914151e-01,3.440000518045726596e-01,2.362154373362464754e-01,3.668885399513751033e-01,1.125670200507357110e-01,3.907289271774758710e-01,5.543409907588156549e-02,9.999999999999976685e-01,1.588532490833676203e-01,3.467591152062087234e-01,3.497939641014661261e-01,1.640201432744049503e-01,3.641947493686890081e-01,1.133490047433588499e-01,2.511451048821160548e-01,3.626407935173087682e-01,3.329110470110941966e-01,3.558293454251609811e-01,3.375206795378362101e-01,2.611515379944990833e-01,3.034400235599929996e-01,2.147333786210413320e-01,3.644603769877949873e-01,1.588532490833676203e-01,9.999999999999976685e-01,1.975822662913381267e-01,3.479943012633345267e-01,3.035715336331484826e-01,2.274686612548572351e-01,3.090779905066632915e-01,2.560672240907657660e-01,3.440000522068290545e-01,3.558293440328380575e-01,3.254356099957538828e-01,3.643852976673785937e-01,2.355025138744429314e-01,3.162682953291836574e-01,2.177400093439338935e-01,3.129959951663361384e-01,3.467591152062087234e-01,1.975822662913381267e-01,9.999999999999976685e-01,1.489342186991484407e-01,3.674423779229921694e-01,2.014051761984522737e-01,3.131686739006247500e-01,3.709182799365635663e-01,2.362154379479824429e-01,3.375206786265142478e-01,3.643852996691290258e-01,2.077343522470991855e-01,3.832966933216437333e-01,9.770641539175020651e-02,3.692790628285662624e-01,1.599904040399212080e-01,3.497939641014661261e-01,3.479943012633345267e-01,1.489342186991484407e-01,9.999999999999976685e-01,4.140647272963014075e-02,3.937109288706016064e-01,1.031425578700350676e-01,6.634458882051498529e-02,3.668885402929492612e-01,2.611515362987085753e-01,2.355025142817245842e-01,3.832966921191721665e-01,4.875507207383417835e-02,4.014854896267975315e-01,4.851467110550872208e-03,3.891308494995949774e-01,1.640201432744049503e-01,3.035715336331484826e-01,3.674423779229921694e-01,4.140647272963014075e-02,9.999999999999976685e-01,-6.201267649572261148e-02,4.114121908505505298e-01,4.101770056407052500e-01,1.125670210201792920e-01,3.034400236561282105e-01,3.162682964820597853e-01,9.770641580319440467e-02,4.014854897413738799e-01,-5.837432029496317232e-02,4.082969385973357346e-01,1.133084067470238598e-02,3.641947493686890081e-01,2.274686612548572351e-01,2.014051761984522737e-01,3.937109288706016064e-01,-6.201267649572261148e-02,9.999999999999976685e-01,-1.007416943957661487e-01,-5.209364716680033730e-02,3.907289266269436956e-01,2.147333768657841979e-01,2.177400085822494280e-01,3.692790621711899979e-01,4.851466500203842347e-03,4.082969382220924537e-01,-5.089888451465596209e-02,3.997409844287664882e-01,1.133490047433588499e-01,3.090779905066632915e-01,3.131686739006247500e-01,1.031425578700350676e-01,4.114121908505505298e-01,-1.007416943957661487e-01,9.999999999999976685e-01
9.999999999999988898e-01,3.430435234924667648e-02,3.930398351594966977e-01,9.847860479622570773e-02,3.683073627261690408e-01,2.321868883961055730e-01,3.323255775220487207e-01,3.611743470865335648e-01,2.017002663475233049e-01,3.815895215997813228e-01,9.269479619715786933e-02,3.675262985956443962e-01,1.559232777916741419e-01,3.452182302639036915e-01,3.453680589589773753e-01,1.409920657276158840e-01,3.430435234924667648e-02,9.999999999999988898e-01,-6.800126059323499672e-02,4.114015616592434088e-01,6.208148449607278629e-02,3.639456194813938672e-01,2.577100483187280133e-01,2.301844174916934382e-01,3.815895165484840534e-01,4.336294662834893482e-02,4.011661549543525385e-01,3.962500127671414116e-04,3.874905183918476714e-01,1.602850148573938260e-01,2.986865074460620106e-01,3.656878597970132372e-01,3.930398351594966977e-01,-6.800126059323499672e-02,9.999999999999988898e-01,-1.059955248060909100e-01,4.100169923991890952e-01,1.086132034248101785e-01,2.999330698489618974e-01,3.137694675462203708e-01,9.269479007008446514e-02,4.011661586117399869e-01,-6.293091338838635584e-02,4.084365315725878576e-01,7.356035810441245715e-03,3.619673559034564669e-01,2.242975647186359334e-01,1.964836082879757029e-01,9.847860479622570773e-02,4.114015616592434088e-01,-1.059955248060909100e-01,9.999999999999988898e-01,-5.742192747362364486e-02,3.896971917165913957e-01,2.108161091879608151e-01,2.137673951331055811e-01,3.675263001116830797e-01,3.962582934071666452e-04,4.084365301778448143e-01,-5.491581303163606265e-02,3.991417541410942627e-01,1.094971938968199304e-01,3.059079366377057685e-01,3.104632467050009170e-01,3.683073627261690408e-01,6.208148449607278629e-02,4.100169923991890952e-01,-5.742192747362364486e-02,9.999999999999988898e-01,4.926577653737870127e-02,3.623452211186896643e-01,3.088211133979227863e-01,1.559232723795773712e-01,3.874905176271974394e-01,7.356035252181258866e-03,3.991417561900527655e-01,6.271311034291859876e-02,3.787265853300834650e-01,2.469868116355397603e-01,2.521511066372212340e-01,2.321868883961055730e-01,3.639456194813938672e-01,1.086132034248101785e-01,3.896971917165913957e-01,4.926577653737870127e-02,9.999999999999988898e-01,1.515713883134811590e-01,3.439834903292499080e-01,3.452182262888618403e-01,1.602850155329823278e-01,3.619673559980446376e-01,1.094971857290315542e-01,3.787265802405704873e-01,2.210504271525483566e-01,3.591499411031079392e-01,3.392853530667226392e-01,3.323255775220487207e-01,2.577100483187280133e-01,2.999330698489618974e-01,2.108161091879608151e-01,3.623452211186896643e-01,1.515713883134811590e-01,9.999999999999988898e-01,1.895656611875403130e-01,3.453680593879324690e-01,2.986865115490005551e-01,2.242975689284407714e-01,3.059079356664788918e-01,2.469868182386510957e-01,3.591499477813838159e-01,3.273442867812708656e-01,3.518795725247706452e-01,3.611743470865335648e-01,2.301844174916934382e-01,3.137694675462203708e-01,2.137673951331055811e-01,3.088211133979227863e-01,3.439834903292499080e-01,1.895656611875403130e-01,9.999999999999988898e-01,1.409920589564124249e-01,3.656878627153323791e-01,1.964836114272686673e-01,3.104632427269879980e-01,2.521511078960770869e-01,3.392853555346164174e-01,3.518795679292732737e-01,3.193291889711242781e-01,2.017002663475233049e-01,3.815895165484840534e-01,9.269479007008446514e-02,3.675263001116830797e-01,1.559232723795773712e-01,3.452182262888618403e-01,3.453680593879324690e-01,1.409920589564124249e-01,9.999999999999988898e-01,3.430435183742178845e-02,3.930398324401043197e-01,9.847859616592904985e-02,3.683073620560847194e-01,2.321868877952554533e-01,3.323255696090116618e-01,3.611743458084247793e-01,3.815895215997813228e-01,4.336294662834893482e-02,4.011661586117399869e-01,3.962582934071666452e-04,3.874905176271974394e-01,1.602850155329823278e-01,2.986865115490005551e-01,3.656878627153323791e-01,3.430435183742178845e-02,9.999999999999988898e-01,-6.800125396871024852e-02,4.114015611405151818e-01,6.208148972817839617e-02,3.639456223613098951e-01,2.577100476255876904e-01,2.301844203526671462e-01,9.269479619715786933e-02,4.011661549543525385e-01,-6.293091338838635584e-02,4.084365301778448143e-01,7.356035252181258866e-03,3.619673559980446376e-01,2.242975689284407714e-01,1.964836114272686673e-01,3.930398324401043197e-01,-6.800125396871024852e-02,9.999999999999988898e-01,-1.059955289658219418e-01,4.100169951120654077e-01,1.086132072011813665e-01,2.999330695569547012e-01,3.137694688379717989e-01,3.675262985956443962e-01,3.962500127671414116e-04,4.084365315725878576e-01,-5.491581303163606265e-02,3.991417561900527655e-01,1.094971857290315542e-01,3.059079356664788918e-01,3.104632427269879980e-01,9.847859616592904985e-02,4.114015611405151818e-01,-1.059955289658219418e-01,9.999999999999988898e-01,-5.742193119937025886e-02,3.896971910800097749e-01,2.108161011324530265e-01,2.137673906918942102e-01,1.559232777916741419e-01,3.874905183918476714e-01,7.356035810441245715e-03,3.991417541410942627e-01,6.271311034291859876e-02,3.787265802405704873e-01,2.469868182386510957e-01,2.521511078960770869e-01,3.683073620560847194e-01,6.208148972817839617e-02,4.100169951120654077e-01,-5.742193119937025886e-02,9.999999999999988898e-01,4.926578360198690526e-02,3.623452180875070816e-01,3.088211169156270808e-01,3.452182302639036915e-01,1.602850148573938260e-01,3.619673559034564669e-01,1.094971938968199304e-01,3.787265853300834650e-01,2.210504271525483566e-01,3.591499477813838159e-01,3.392853555346164174e-01,2.321868877952554533e-01,3.639456223613098951e-01,1.086132072011813665e-01,3.896971910800097749e-01,4.926578360198690526e-02,9.999999999999988898e-01,1.515713868891543359e-01,3.439834942610107693e-01,3.453680589589773753e-01,2.986865074460620106e-01,2.242975647186359334e-01,3.059079366377057685e-01,2.469868116355397603e-01,3.591499411031079392e-01,3.273442867812708656e-01,3.518795679292732737e-01,3.323255696090116618e-01,2.577100476255876904e-01,2.999330695569547012e-01,2.108161011324530265e-01,3.623452180875070816e-01,1.515713868891543359e-01,9.999999999999988898e-01,1.895656549210401609e-01,1.409920657276158840e-01,3.656878597970132372e-01,1.964836082879757029e-01,3.104632467050009170e-01,2.521511066372212340e-01,3.392853530667226392e-01,3.518795725247706452e-01,3.193291889711242781e-01,3.611743458084247793e-01,2.301844203526671462e-01,3.137694688379717989e-01,2.137673906918942102e-01,3.088211169156270808e-01,3.439834942610107693e-01,1.895656549210401609e-01,9.999999999999988898e-01
