1.000000000000000000e+00,1.000000000000000000e+00,1.000000000000000000e+00,1.000000000000000000e+00,1.000000000000000000e+00,1.000000000000000000e+00,1.000000000000000000e+00,1.000000000000000000e+00,1.000000000000000000e+00,1.000000000000000000e+00,1.000000000000000000e+00,1.000000000000000000e+00,1.000000000000000000e+00,1.000000000000000000e+00,1.000000000000000000e+00,1.000000000000000000e+00,1.000000000000000000e+00,1.000000000000000000e+00,1.000000000000000000e+00,1.000000000000000000e+00,1.000000000000000000e+00,1.000000000000000000e+00,1.000000000000000000e+00,1.000000000000000000e+00,1.000000000000000000e+00,1.000000000000000000e+00,1.000000000000000000e+00,1.000000000000000000e+00,1.000000000000000000e+00,1.000000000000000000e+00,1.000000000000000000e+00,1.000000000000000000e+00,1.000000000000000000e+00,1.000000000000000000e+00,1.000000000000000000e+00,1.000000000000000000e+00,1.000000000000000000e+00,1.000000000000000000e+00,1.000000000000000000e+00,1.000000000000000000e+00,1.000000000000000000e+00,1.000000000000000000e+00,1.000000000000000000e+00,1.000000000000000000e+00,1.000000000000000000e+00,1.000000000000000000e+00,1.000000000000000000e+00,1.000000000000000000e+00,1.000000000000000000e+00,1.000000000000000000e+00,1.000000000000000000e+00,1.000000000000000000e+00,1.000000000000000000e+00,1.000000000000000000e+00,1.000000000000000000e+00,1.000000000000000000e+00,1.000000000000000000e+00,1.000000000000000000e+00,1.000000000000000000e+00,1.000000000000000000e+00,1.000000000000000000e+00,1.000000000000000000e+00,1.000000000000000000e+00,1.000000000000000000e+00,1.000000000000000000e+00,1.000000000000000000e+00,1.000000000000000000e+00,1.000000000000000000e+00,1.000000000000000000e+00,1.000000000000000000e+00,1.000000000000000000e+00,1.000000000000000000e+00,1.000000000000000000e+00,1.000000000000000000e+00,1.000000000000000000e+00,1.000000000000000000e+00,1.000000000000000000e+00,1.000000000000000000e+00,1.000000000000000000e+00,1.000000000000000000e+00,1.000000000000000000e+00,1.000000000000000000e+00,1.000000000000000000e+00,1.000000000000000000e+00,1.000000000000000000e+00,1.000000000000000000e+00,1.000000000000000000e+00,1.000000000000000000e+00,1.000000000000000000e+00,1.000000000000000000e+00,1.000000000000000000e+00,1.000000000000000000e+00,1.000000000000000000e+00,1.000000000000000000e+00,1.000000000000000000e+00,1.000000000000000000e+00,1.000000000000000000e+00,1.000000000000000000e+00,1.000000000000000000e+00,1.000000000000000000e+00,1.000000000000000000e+00,1.000000000000000000e+00,1.000000000000000000e+00,1.000000000000000000e+00,1.000000000000000000e+00,1.000000000000000000e+00,1.000000000000000000e+00,1.000000000000000000e+00,1.000000000000000000e+00,1.000000000000000000e+00,1.000000000000000000e+00,1.000000000000000000e+00,1.000000000000000000e+00,1.000000000000000000e+00,1.000000000000000000e+00,1.000000000000000000e+00,1.000000000000000000e+00,1.000000000000000000e+00,1.000000000000000000e+00,1.000000000000000000e+00,1.000000000000000000e+00,1.000000000000000000e+00,1.000000000000000000e+00,1.000000000000000000e+00,1.000000000000000000e+00,1.000000000000000000e+00,1.000000000000000000e+00,1.000000000000000000e+00,1.000000000000000000e+00,1.000000000000000000e+00,1.000000000000000000e+00,1.000000000000000000e+00,1.000000000000000000e+00,1.000000000000000000e+00,1.000000000000000000e+00,1.000000000000000000e+00,1.000000000000000000e+00,1.000000000000000000e+00,1.000000000000000000e+00,1.000000000000000000e+00,1.000000000000000000e+00,1.000000000000000000e+00,1.000000000000000000e+00,1.000000000000000000e+00,1.000000000000000000e+00,1.000000000000000000e+00,1.000000000000000000e+00,1.000000000000000000e+00,1.000000000000000000e+00,1.000000000000000000e+00,1.000000000000000000e+00,1.000000000000000000e+00,1.000000000000000000e+00,1.000000000000000000e+00,1.000000000000000000e+00,1.000000000000000000e+00,1.000000000000000000e+00,1.000000000000000000e+00,1.000000000000000000e+00,1.000000000000000000e+00,1.000000000000000000e+00,1.000000000000000000e+00,1.000000000000000000e+00,1.000000000000000000e+00,1.000000000000000000e+00,1.000000000000000000e+00,1.000000000000000000e+00,1.000000000000000000e+00,1.000000000000000000e+00,1.000000000000000000e+00,1.000000000000000000e+00,1.000000000000000000e+00,1.000000000000000000e+00,1.000000000000000000e+00,1.000000000000000000e+00,1.000000000000000000e+00,1.000000000000000000e+00,1.000000000000000000e+00,1.000000000000000000e+00,1.000000000000000000e+00,1.000000000000000000e+00,1.000000000000000000e+00,1.000000000000000000e+00,1.000000000000000000e+00,1.000000000000000000e+00,1.000000000000000000e+00,1.000000000000000000e+00,1.000000000000000000e+00,1.000000000000000000e+00,1.000000000000000000e+00,1.000000000000000000e+00,1.000000000000000000e+00,1.000000000000000000e+00,1.000000000000000000e+00,1.000000000000000000e+00,1.000000000000000000e+00,1.000000000000000000e+00,1.000000000000000000e+00,1.000000000000000000e+00,1.000000000000000000e+00,1.000000000000000000e+00,1.000000000000000000e+00,1.000000000000000000e+00,1.000000000000000000e+00,1.000000000000000000e+00,1.000000000000000000e+00,1.000000000000000000e+00,1.000000000000000000e+00,1.000000000000000000e+00,1.000000000000000000e+00,1.000000000000000000e+00,1.000000000000000000e+00,1.000000000000000000e+00,1.000000000000000000e+00,1.000000000000000000e+00,1.000000000000000000e+00,1.000000000000000000e+00,1.000000000000000000e+00,1.000000000000000000e+00,1.000000000000000000e+00,1.000000000000000000e+00,1.000000000000000000e+00,1.000000000000000000e+00,1.000000000000000000e+00,1.000000000000000000e+00,1.000000000000000000e+00,1.000000000000000000e+00,1.000000000000000000e+00,1.000000000000000000e+00,1.000000000000000000e+00,1.000000000000000000e+00,1.000000000000000000e+00,1.000000000000000000e+00,1.000000000000000000e+00,1.000000000000000000e+00,1.000000000000000000e+00,1.000000000000000000e+00,1.000000000000000000e+00,1.000000000000000000e+00,1.000000000000000000e+00,1.000000000000000000e+00,1.000000000000000000e+00,1.000000000000000000e+00,1.000000000000000000e+00,1.000000000000000000e+00,1.000000000000000000e+00,1.000000000000000000e+00,1.000000000000000000e+00,1.000000000000000000e+00,1.000000000000000000e+00,1.000000000000000000e+00,1.000000000000000000e+00,1.000000000000000000e+00,1.000000000000000000e+00,1.000000000000000000e+00,1.000000000000000000e+00
1.000000000000000222e+00,9.996537801445121163e-01,9.996538034649860016e-01,9.996538038901413570e-01,9.996538039288986877e-01,9.996538039363100925e-01,9.996538039384231800e-01,9.996538039391452690e-01,9.996538039393292330e-01,9.996538039391452690e-01,9.996538039384231800e-01,9.996538039363097594e-01,9.996538039288985766e-01,9.996538038901413570e-01,9.996538034649857796e-01,9.996537801445121163e-01,9.996537801445121163e-01,1.000000000000000222e+00,9.996537801445121163e-01,9.996538034649857796e-01,9.996538038901414680e-01,9.996538039288986877e-01,9.996538039363098704e-01,9.996538039384232910e-01,9.996538039391454911e-01,9.996538039393294550e-01,9.996538039391454911e-01,9.996538039384231800e-01,9.996538039363098704e-01,9.996538039288985766e-01,9.996538038901414680e-01,9.996538034649858906e-01,9.996538034649860016e-01,9.996537801445121163e-01,1.000000000000000222e+00,9.996537801445122273e-01,9.996538034649858906e-01,9.996538038901415790e-01,9.996538039288985766e-01,9.996538039363097594e-01,9.996538039384231800e-01,9.996538039391453800e-01,9.996538039393293440e-01,9.996538039391452690e-01,9.996538039384231800e-01,9.996538039363096484e-01,9.996538039288985766e-01,9.996538038901414680e-01,9.996538038901413570e-01,9.996538034649857796e-01,9.996537801445122273e-01,1.000000000000000222e+00,9.996537801445121163e-01,9.996538034649858906e-01,9.996538038901414680e-01,9.996538039288985766e-01,9.996538039363098704e-01,9.996538039384232910e-01,9.996538039391454911e-01,9.996538039393294550e-01,9.996538039391454911e-01,9.996538039384234020e-01,9.996538039363098704e-01,9.996538039288987987e-01,9.996538039288986877e-01,9.996538038901414680e-01,9.996538034649858906e-01,9.996537801445121163e-01,1.000000000000000222e+00,9.996537801445122273e-01,9.996538034649858906e-01,9.996538038901414680e-01,9.996538039288986877e-01,9.996538039363097594e-01,9.996538039384232910e-01,9.996538039391454911e-01,9.996538039393294550e-01,9.996538039391453800e-01,9.996538039384232910e-01,9.996538039363098704e-01,9.996538039363100925e-01,9.996538039288986877e-01,9.996538038901415790e-01,9.996538034649858906e-01,9.996537801445122273e-01,1.000000000000000222e+00,9.996537801445122273e-01,9.996538034649858906e-01,9.996538038901414680e-01,9.996538039288986877e-01,9.996538039363098704e-01,9.996538039384232910e-01,9.996538039391454911e-01,9.996538039393293440e-01,9.996538039391454911e-01,9.996538039384231800e-01,9.996538039384231800e-01,9.996538039363098704e-01,9.996538039288985766e-01,9.996538038901414680e-01,9.996538034649858906e-01,9.996537801445122273e-01,1.000000000000000222e+00,9.996537801445121163e-01,9.996538034649858906e-01,9.996538038901413570e-01,9.996538039288985766e-01,9.996538039363097594e-01,9.996538039384231800e-01,9.996538039391452690e-01,9.996538039393293440e-01,9.996538039391453800e-01,9.996538039391452690e-01,9.996538039384232910e-01,9.996538039363097594e-01,9.996538039288985766e-01,9.996538038901414680e-01,9.996538034649858906e-01,9.996537801445121163e-01,1.000000000000000222e+00,9.996537801445122273e-01,9.996538034649857796e-01,9.996538038901414680e-01,9.996538039288985766e-01,9.996538039363097594e-01,9.996538039384231800e-01,9.996538039391453800e-01,9.996538039393293440e-01,9.996538039393292330e-01,9.996538039391454911e-01,9.996538039384231800e-01,9.996538039363098704e-01,9.996538039288986877e-01,9.996538038901414680e-01,9.996538034649858906e-01,9.996537801445122273e-01,1.000000000000000222e+00,9.996537801445122273e-01,9.996538034649857796e-01,9.996538038901415790e-01,9.996538039288985766e-01,9.996538039363097594e-01,9.996538039384231800e-01,9.996538039391453800e-01,9.996538039391452690e-01,9.996538039393294550e-01,9.996538039391453800e-01,9.996538039384232910e-01,9.996538039363097594e-01,9.996538039288986877e-01,9.996538038901413570e-01,9.996538034649857796e-01,9.996537801445122273e-01,1.000000000000000222e+00,9.996537801445121163e-01,9.996538034649858906e-01,9.996538038901413570e-01,9.996538039288985766e-01,9.996538039363097594e-01,9.996538039384231800e-01,9.996538039384231800e-01,9.996538039391454911e-01,9.996538039393293440e-01,9.996538039391454911e-01,9.996538039384232910e-01,9.996538039363098704e-01,9.996538039288985766e-01,9.996538038901414680e-01,9.996538034649857796e-01,9.996537801445121163e-01,1.000000000000000222e+00,9.996537801445122273e-01,9.996538034649858906e-01,9.996538038901413570e-01,9.996538039288985766e-01,9.996538039363097594e-01,9.996538039363097594e-01,9.996538039384231800e-01,9.996538039391452690e-01,9.996538039393294550e-01,9.996538039391454911e-01,9.996538039384232910e-01,9.996538039363097594e-01,9.996538039288985766e-01,9.996538038901415790e-01,9.996538034649858906e-01,9.996537801445122273e-01,1.000000000000000222e+00,9.996537801445121163e-01,9.996538034649858906e-01,9.996538038901413570e-01,9.996538039288985766e-01,9.996538039288985766e-01,9.996538039363098704e-01,9.996538039384231800e-01,9.996538039391454911e-01,9.996538039393294550e-01,9.996538039391454911e-01,9.996538039384231800e-01,9.996538039363097594e-01,9.996538039288985766e-01,9.996538038901413570e-01,9.996538034649858906e-01,9.996537801445121163e-01,1.000000000000000222e+00,9.996537801445121163e-01,9.996538034649858906e-01,9.996538038901414680e-01,9.996538038901413570e-01,9.996538039288985766e-01,9.996538039363096484e-01,9.996538039384234020e-01,9.996538039391453800e-01,9.996538039393293440e-01,9.996538039391452690e-01,9.996538039384231800e-01,9.996538039363097594e-01,9.996538039288985766e-01,9.996538038901413570e-01,9.996538034649858906e-01,9.996537801445121163e-01,1.000000000000000222e+00,9.996537801445121163e-01,9.996538034649858906e-01,9.996538034649857796e-01,9.996538038901414680e-01,9.996538039288985766e-01,9.996538039363098704e-01,9.996538039384232910e-01,9.996538039391454911e-01,9.996538039393293440e-01,9.996538039391453800e-01,9.996538039384231800e-01,9.996538039363097594e-01,9.996538039288985766e-01,9.996538038901413570e-01,9.996538034649858906e-01,9.996537801445121163e-01,1.000000000000000222e+00,9.996537801445122273e-01,9.996537801445121163e-01,9.996538034649858906e-01,9.996538038901414680e-01,9.996538039288987987e-01,9.996538039363098704e-01,9.996538039384231800e-01,9.996538039391453800e-01,9.996538039393293440e-01,9.996538039391453800e-01,9.996538039384231800e-01,9.996538039363097594e-01,9.996538039288985766e-01,9.996538038901414680e-01,9.996538034649858906e-01,9.996537801445122273e-01,1.000000000000000222e+00
1.000000000000000444e+00,9.966209643731446244e-01,9.966233881119062055e-01,9.966234685634999257e-01,9.966234760477205024e-01,9.966234774866588042e-01,9.966234778978146913e-01,9.966234780384243264e-01,9.966234780742558863e-01,9.966234780384242153e-01,9.966234778978146913e-01,9.966234774866586932e-01,9.966234760477206134e-01,9.966234685635000368e-01,9.966233881119059834e-01,9.966209643731447354e-01,9.966209643731446244e-01,1.000000000000000444e+00,9.966209643731446244e-01,9.966233881119057614e-01,9.966234685634998147e-01,9.966234760477205024e-01,9.966234774866585822e-01,9.966234778978145803e-01,9.966234780384242153e-01,9.966234780742557753e-01,9.966234780384242153e-01,9.966234778978145803e-01,9.966234774866584711e-01,9.966234760477205024e-01,9.966234685634999257e-01,9.966233881119058724e-01,9.966233881119062055e-01,9.966209643731446244e-01,1.000000000000000444e+00,9.966209643731445134e-01,9.966233881119058724e-01,9.966234685634999257e-01,9.966234760477206134e-01,9.966234774866586932e-01,9.966234778978146913e-01,9.966234780384243264e-01,9.966234780742558863e-01,9.966234780384242153e-01,9.966234778978146913e-01,9.966234774866585822e-01,9.966234760477205024e-01,9.966234685635000368e-01,9.966234685634999257e-01,9.966233881119057614e-01,9.966209643731445134e-01,1.000000000000000444e+00,9.966209643731446244e-01,9.966233881119060944e-01,9.966234685634999257e-01,9.966234760477205024e-01,9.966234774866585822e-01,9.966234778978145803e-01,9.966234780384241043e-01,9.966234780742557753e-01,9.966234780384241043e-01,9.966234778978145803e-01,9.966234774866585822e-01,9.966234760477203913e-01,9.966234760477205024e-01,9.966234685634998147e-01,9.966233881119058724e-01,9.966209643731446244e-01,1.000000000000000444e+00,9.966209643731446244e-01,9.966233881119058724e-01,9.966234685634998147e-01,9.966234760477203913e-01,9.966234774866584711e-01,9.966234778978144693e-01,9.966234780384241043e-01,9.966234780742555532e-01,9.966234780384239933e-01,9.966234778978144693e-01,9.966234774866584711e-01,9.966234774866588042e-01,9.966234760477205024e-01,9.966234685634999257e-01,9.966233881119060944e-01,9.966209643731446244e-01,1.000000000000000444e+00,9.966209643731446244e-01,9.966233881119059834e-01,9.966234685635000368e-01,9.966234760477205024e-01,9.966234774866585822e-01,9.966234778978146913e-01,9.966234780384243264e-01,9.966234780742557753e-01,9.966234780384242153e-01,9.966234778978145803e-01,9.966234778978146913e-01,9.966234774866585822e-01,9.966234760477206134e-01,9.966234685634999257e-01,9.966233881119058724e-01,9.966209643731446244e-01,1.000000000000000444e+00,9.966209643731446244e-01,9.966233881119059834e-01,9.966234685634999257e-01,9.966234760477205024e-01,9.966234774866585822e-01,9.966234778978145803e-01,9.966234780384242153e-01,9.966234780742556643e-01,9.966234780384241043e-01,9.966234780384243264e-01,9.966234778978145803e-01,9.966234774866586932e-01,9.966234760477205024e-01,9.966234685634998147e-01,9.966233881119059834e-01,9.966209643731446244e-01,1.000000000000000444e+00,9.966209643731446244e-01,9.966233881119059834e-01,9.966234685634999257e-01,9.966234760477205024e-01,9.966234774866585822e-01,9.966234778978145803e-01,9.966234780384241043e-01,9.966234780742557753e-01,9.966234780742558863e-01,9.966234780384242153e-01,9.966234778978146913e-01,9.966234774866585822e-01,9.966234760477203913e-01,9.966234685635000368e-01,9.966233881119059834e-01,9.966209643731446244e-01,1.000000000000000444e+00,9.966209643731446244e-01,9.966233881119059834e-01,9.966234685634999257e-01,9.966234760477205024e-01,9.966234774866584711e-01,9.966234778978145803e-01,9.966234780384241043e-01,9.966234780384242153e-01,9.966234780742557753e-01,9.966234780384243264e-01,9.966234778978145803e-01,9.966234774866584711e-01,9.966234760477205024e-01,9.966234685634999257e-01,9.966233881119059834e-01,9.966209643731446244e-01,1.000000000000000444e+00,9.966209643731446244e-01,9.966233881119059834e-01,9.966234685634998147e-01,9.966234760477205024e-01,9.966234774866586932e-01,9.966234778978145803e-01,9.966234778978146913e-01,9.966234780384242153e-01,9.966234780742558863e-01,9.966234780384241043e-01,9.966234778978144693e-01,9.966234774866585822e-01,9.966234760477205024e-01,9.966234685634999257e-01,9.966233881119059834e-01,9.966209643731446244e-01,1.000000000000000444e+00,9.966209643731445134e-01,9.966233881119059834e-01,9.966234685634998147e-01,9.966234760477205024e-01,9.966234774866584711e-01,9.966234774866586932e-01,9.966234778978145803e-01,9.966234780384242153e-01,9.966234780742557753e-01,9.966234780384241043e-01,9.966234778978146913e-01,9.966234774866585822e-01,9.966234760477205024e-01,9.966234685634999257e-01,9.966233881119059834e-01,9.966209643731445134e-01,1.000000000000000444e+00,9.966209643731445134e-01,9.966233881119059834e-01,9.966234685634999257e-01,9.966234760477205024e-01,9.966234760477206134e-01,9.966234774866584711e-01,9.966234778978146913e-01,9.966234780384241043e-01,9.966234780742555532e-01,9.966234780384243264e-01,9.966234778978145803e-01,9.966234774866585822e-01,9.966234760477205024e-01,9.966234685634998147e-01,9.966233881119059834e-01,9.966209643731445134e-01,1.000000000000000444e+00,9.966209643731446244e-01,9.966233881119058724e-01,9.966234685634999257e-01,9.966234685635000368e-01,9.966234760477205024e-01,9.966234774866585822e-01,9.966234778978145803e-01,9.966234780384239933e-01,9.966234780742557753e-01,9.966234780384242153e-01,9.966234778978145803e-01,9.966234774866584711e-01,9.966234760477205024e-01,9.966234685634998147e-01,9.966233881119059834e-01,9.966209643731446244e-01,1.000000000000000444e+00,9.966209643731446244e-01,9.966233881119059834e-01,9.966233881119059834e-01,9.966234685634999257e-01,9.966234760477205024e-01,9.966234774866585822e-01,9.966234778978144693e-01,9.966234780384242153e-01,9.966234780742556643e-01,9.966234780384241043e-01,9.966234778978145803e-01,9.966234774866586932e-01,9.966234760477205024e-01,9.966234685634999257e-01,9.966233881119058724e-01,9.966209643731446244e-01,1.000000000000000444e+00,9.966209643731446244e-01,9.966209643731447354e-01,9.966233881119058724e-01,9.966234685635000368e-01,9.966234760477203913e-01,9.966234774866584711e-01,9.966234778978145803e-01,9.966234780384241043e-01,9.966234780742557753e-01,9.966234780384241043e-01,9.966234778978145803e-01,9.966234774866584711e-01,9.966234760477205024e-01,9.966234685634999257e-01,9.966233881119059834e-01,9.966209643731446244e-01,1.000000000000000444e+00
1.000000000000000000e+00,9.918684167144671271e-01,9.918825035570738580e-01,9.918831935948212442e-01,9.918832588350938728e-01,9.918832715440956127e-01,9.918832752005843911e-01,9.918832764549657677e-01,9.918832767750147550e-01,9.918832764549657677e-01,9.918832752005843911e-01,9.918832715440956127e-01,9.918832588350937618e-01,9.918831935948211331e-01,9.918825035570737469e-01,9.918684167144670161e-01,9.918684167144671271e-01,1.000000000000000000e+00,9.918684167144670161e-01,9.918825035570738580e-01,9.918831935948212442e-01,9.918832588350937618e-01,9.918832715440953907e-01,9.918832752005843911e-01,9.918832764549657677e-01,9.918832767750146440e-01,9.918832764549656567e-01,9.918832752005845022e-01,9.918832715440956127e-01,9.918832588350937618e-01,9.918831935948212442e-01,9.918825035570737469e-01,9.918825035570738580e-01,9.918684167144670161e-01,1.000000000000000000e+00,9.918684167144669050e-01,9.918825035570737469e-01,9.918831935948211331e-01,9.918832588350938728e-01,9.918832715440957237e-01,9.918832752005846132e-01,9.918832764549658787e-01,9.918832767750148660e-01,9.918832764549657677e-01,9.918832752005845022e-01,9.918832715440958347e-01,9.918832588350937618e-01,9.918831935948213552e-01,9.918831935948212442e-01,9.918825035570738580e-01,9.918684167144669050e-01,1.000000000000000000e+00,9.918684167144670161e-01,9.918825035570739690e-01,9.918831935948212442e-01,9.918832588350937618e-01,9.918832715440957237e-01,9.918832752005846132e-01,9.918832764549658787e-01,9.918832767750147550e-01,9.918832764549656567e-01,9.918832752005843911e-01,9.918832715440957237e-01,9.918832588350937618e-01,9.918832588350938728e-01,9.918831935948212442e-01,9.918825035570737469e-01,9.918684167144670161e-01,1.000000000000000000e+00,9.918684167144671271e-01,9.918825035570738580e-01,9.918831935948212442e-01,9.918832588350937618e-01,9.918832715440957237e-01,9.918832752005846132e-01,9.918832764549658787e-01,9.918832767750148660e-01,9.918832764549658787e-01,9.918832752005845022e-01,9.918832715440957237e-01,9.918832715440956127e-01,9.918832588350937618e-01,9.918831935948211331e-01,9.918825035570739690e-01,9.918684167144671271e-01,1.000000000000000000e+00,9.918684167144671271e-01,9.918825035570738580e-01,9.918831935948212442e-01,9.918832588350937618e-01,9.918832715440957237e-01,9.918832752005845022e-01,9.918832764549659897e-01,9.918832767750148660e-01,9.918832764549658787e-01,9.918832752005846132e-01,9.918832752005843911e-01,9.918832715440953907e-01,9.918832588350938728e-01,9.918831935948212442e-01,9.918825035570738580e-01,9.918684167144671271e-01,1.000000000000000000e+00,9.918684167144670161e-01,9.918825035570737469e-01,9.918831935948211331e-01,9.918832588350936508e-01,9.918832715440955017e-01,9.918832752005843911e-01,9.918832764549657677e-01,9.918832767750145329e-01,9.918832764549657677e-01,9.918832764549657677e-01,9.918832752005843911e-01,9.918832715440957237e-01,9.918832588350937618e-01,9.918831935948212442e-01,9.918825035570738580e-01,9.918684167144670161e-01,1.000000000000000000e+00,9.918684167144670161e-01,9.918825035570737469e-01,9.918831935948211331e-01,9.918832588350936508e-01,9.918832715440956127e-01,9.918832752005843911e-01,9.918832764549656567e-01,9.918832767750147550e-01,9.918832767750147550e-01,9.918832764549657677e-01,9.918832752005846132e-01,9.918832715440957237e-01,9.918832588350937618e-01,9.918831935948212442e-01,9.918825035570737469e-01,9.918684167144670161e-01,1.000000000000000000e+00,9.918684167144670161e-01,9.918825035570737469e-01,9.918831935948212442e-01,9.918832588350936508e-01,9.918832715440956127e-01,9.918832752005843911e-01,9.918832764549657677e-01,9.918832764549657677e-01,9.918832767750146440e-01,9.918832764549658787e-01,9.918832752005846132e-01,9.918832715440957237e-01,9.918832588350937618e-01,9.918831935948211331e-01,9.918825035570737469e-01,9.918684167144670161e-01,1.000000000000000000e+00,9.918684167144670161e-01,9.918825035570737469e-01,9.918831935948212442e-01,9.918832588350937618e-01,9.918832715440955017e-01,9.918832752005843911e-01,9.918832752005843911e-01,9.918832764549656567e-01,9.918832767750148660e-01,9.918832764549658787e-01,9.918832752005846132e-01,9.918832715440957237e-01,9.918832588350936508e-01,9.918831935948211331e-01,9.918825035570737469e-01,9.918684167144670161e-01,1.000000000000000000e+00,9.918684167144670161e-01,9.918825035570738580e-01,9.918831935948211331e-01,9.918832588350936508e-01,9.918832715440956127e-01,9.918832715440956127e-01,9.918832752005845022e-01,9.918832764549657677e-01,9.918832767750147550e-01,9.918832764549658787e-01,9.918832752005845022e-01,9.918832715440955017e-01,9.918832588350936508e-01,9.918831935948212442e-01,9.918825035570737469e-01,9.918684167144670161e-01,1.000000000000000000e+00,9.918684167144670161e-01,9.918825035570737469e-01,9.918831935948212442e-01,9.918832588350936508e-01,9.918832588350937618e-01,9.918832715440956127e-01,9.918832752005845022e-01,9.918832764549656567e-01,9.918832767750148660e-01,9.918832764549659897e-01,9.918832752005843911e-01,9.918832715440956127e-01,9.918832588350936508e-01,9.918831935948212442e-01,9.918825035570738580e-01,9.918684167144670161e-01,1.000000000000000000e+00,9.918684167144670161e-01,9.918825035570737469e-01,9.918831935948212442e-01,9.918831935948211331e-01,9.918832588350937618e-01,9.918832715440958347e-01,9.918832752005843911e-01,9.918832764549658787e-01,9.918832767750148660e-01,9.918832764549657677e-01,9.918832752005843911e-01,9.918832715440956127e-01,9.918832588350937618e-01,9.918831935948211331e-01,9.918825035570737469e-01,9.918684167144670161e-01,1.000000000000000000e+00,9.918684167144670161e-01,9.918825035570737469e-01,9.918825035570737469e-01,9.918831935948212442e-01,9.918832588350937618e-01,9.918832715440957237e-01,9.918832752005845022e-01,9.918832764549658787e-01,9.918832767750145329e-01,9.918832764549656567e-01,9.918832752005843911e-01,9.918832715440955017e-01,9.918832588350936508e-01,9.918831935948212442e-01,9.918825035570737469e-01,9.918684167144670161e-01,1.000000000000000000e+00,9.918684167144670161e-01,9.918684167144670161e-01,9.918825035570737469e-01,9.918831935948213552e-01,9.918832588350937618e-01,9.918832715440957237e-01,9.918832752005846132e-01,9.918832764549657677e-01,9.918832767750147550e-01,9.918832764549657677e-01,9.918832752005843911e-01,9.918832715440956127e-01,9.918832588350936508e-01,9.918831935948212442e-01,9.918825035570737469e-01,9.918684167144670161e-01,1.000000000000000000e+00
1.000000000000003109e+00,9.899311539144368677e-01,9.899532998767971437e-01,9.899539145012747898e-01,9.899539726098994796e-01,9.899539841154982867e-01,9.899539874540433937e-01,9.899539886039117054e-01,9.899539888977672009e-01,9.899539886039115943e-01,9.899539874540433937e-01,9.899539841154983977e-01,9.899539726098995907e-01,9.899539145012749009e-01,9.899532998767972547e-01,9.899311539144370897e-01,9.899311539144368677e-01,1.000000000000003109e+00,9.899311539144368677e-01,9.899532998767970327e-01,9.899539145012746788e-01,9.899539726098995907e-01,9.899539841154981756e-01,9.899539874540431716e-01,9.899539886039114833e-01,9.899539888977670898e-01,9.899539886039113723e-01,9.899539874540432827e-01,9.899539841154981756e-01,9.899539726098995907e-01,9.899539145012749009e-01,9.899532998767970327e-01,9.899532998767971437e-01,9.899311539144368677e-01,1.000000000000003109e+00,9.899311539144367567e-01,9.899532998767968106e-01,9.899539145012747898e-01,9.899539726098995907e-01,9.899539841154983977e-01,9.899539874540433937e-01,9.899539886039117054e-01,9.899539888977673119e-01,9.899539886039114833e-01,9.899539874540433937e-01,9.899539841154985087e-01,9.899539726098997017e-01,9.899539145012750119e-01,9.899539145012747898e-01,9.899532998767970327e-01,9.899311539144367567e-01,1.000000000000003109e+00,9.899311539144367567e-01,9.899532998767970327e-01,9.899539145012746788e-01,9.899539726098993686e-01,9.899539841154980646e-01,9.899539874540430606e-01,9.899539886039112613e-01,9.899539888977669788e-01,9.899539886039112613e-01,9.899539874540431716e-01,9.899539841154981756e-01,9.899539726098994796e-01,9.899539726098994796e-01,9.899539145012746788e-01,9.899532998767968106e-01,9.899311539144367567e-01,1.000000000000003109e+00,9.899311539144367567e-01,9.899532998767970327e-01,9.899539145012749009e-01,9.899539726098995907e-01,9.899539841154982867e-01,9.899539874540433937e-01,9.899539886039114833e-01,9.899539888977670898e-01,9.899539886039114833e-01,9.899539874540432827e-01,9.899539841154982867e-01,9.899539841154982867e-01,9.899539726098995907e-01,9.899539145012747898e-01,9.899532998767970327e-01,9.899311539144367567e-01,1.000000000000003109e+00,9.899311539144369787e-01,9.899532998767972547e-01,9.899539145012750119e-01,9.899539726098997017e-01,9.899539841154983977e-01,9.899539874540433937e-01,9.899539886039114833e-01,9.899539888977672009e-01,9.899539886039117054e-01,9.899539874540433937e-01,9.899539874540433937e-01,9.899539841154981756e-01,9.899539726098995907e-01,9.899539145012746788e-01,9.899532998767970327e-01,9.899311539144369787e-01,1.000000000000003109e+00,9.899311539144370897e-01,9.899532998767971437e-01,9.899539145012749009e-01,9.899539726098995907e-01,9.899539841154983977e-01,9.899539874540433937e-01,9.899539886039117054e-01,9.899539888977672009e-01,9.899539886039115943e-01,9.899539886039117054e-01,9.899539874540431716e-01,9.899539841154983977e-01,9.899539726098993686e-01,9.899539145012749009e-01,9.899532998767972547e-01,9.899311539144370897e-01,1.000000000000003109e+00,9.899311539144370897e-01,9.899532998767972547e-01,9.899539145012750119e-01,9.899539726098997017e-01,9.899539841154985087e-01,9.899539874540435047e-01,9.899539886039117054e-01,9.899539888977673119e-01,9.899539888977672009e-01,9.899539886039114833e-01,9.899539874540433937e-01,9.899539841154980646e-01,9.899539726098995907e-01,9.899539145012750119e-01,9.899532998767971437e-01,9.899311539144370897e-01,1.000000000000003109e+00,9.899311539144370897e-01,9.899532998767972547e-01,9.899539145012750119e-01,9.899539726098997017e-01,9.899539841154985087e-01,9.899539874540433937e-01,9.899539886039117054e-01,9.899539886039115943e-01,9.899539888977670898e-01,9.899539886039117054e-01,9.899539874540430606e-01,9.899539841154982867e-01,9.899539726098997017e-01,9.899539145012749009e-01,9.899532998767972547e-01,9.899311539144370897e-01,1.000000000000003109e+00,9.899311539144370897e-01,9.899532998767971437e-01,9.899539145012749009e-01,9.899539726098998127e-01,9.899539841154985087e-01,9.899539874540435047e-01,9.899539874540433937e-01,9.899539886039113723e-01,9.899539888977673119e-01,9.899539886039112613e-01,9.899539874540433937e-01,9.899539841154983977e-01,9.899539726098995907e-01,9.899539145012750119e-01,9.899532998767972547e-01,9.899311539144370897e-01,1.000000000000003109e+00,9.899311539144369787e-01,9.899532998767972547e-01,9.899539145012751229e-01,9.899539726098997017e-01,9.899539841154985087e-01,9.899539841154983977e-01,9.899539874540432827e-01,9.899539886039114833e-01,9.899539888977669788e-01,9.899539886039114833e-01,9.899539874540433937e-01,9.899539841154983977e-01,9.899539726098997017e-01,9.899539145012750119e-01,9.899532998767971437e-01,9.899311539144369787e-01,1.000000000000003109e+00,9.899311539144370897e-01,9.899532998767971437e-01,9.899539145012750119e-01,9.899539726098998127e-01,9.899539726098995907e-01,9.899539841154981756e-01,9.899539874540433937e-01,9.899539886039112613e-01,9.899539888977670898e-01,9.899539886039114833e-01,9.899539874540433937e-01,9.899539841154985087e-01,9.899539726098997017e-01,9.899539145012749009e-01,9.899532998767972547e-01,9.899311539144370897e-01,1.000000000000003109e+00,9.899311539144369787e-01,9.899532998767971437e-01,9.899539145012750119e-01,9.899539145012749009e-01,9.899539726098995907e-01,9.899539841154985087e-01,9.899539874540431716e-01,9.899539886039114833e-01,9.899539888977672009e-01,9.899539886039117054e-01,9.899539874540435047e-01,9.899539841154985087e-01,9.899539726098998127e-01,9.899539145012751229e-01,9.899532998767971437e-01,9.899311539144369787e-01,1.000000000000003109e+00,9.899311539144370897e-01,9.899532998767972547e-01,9.899532998767972547e-01,9.899539145012749009e-01,9.899539726098997017e-01,9.899539841154981756e-01,9.899539874540432827e-01,9.899539886039117054e-01,9.899539888977672009e-01,9.899539886039117054e-01,9.899539874540433937e-01,9.899539841154985087e-01,9.899539726098997017e-01,9.899539145012750119e-01,9.899532998767971437e-01,9.899311539144370897e-01,1.000000000000003109e+00,9.899311539144372007e-01,9.899311539144370897e-01,9.899532998767970327e-01,9.899539145012750119e-01,9.899539726098994796e-01,9.899539841154982867e-01,9.899539874540433937e-01,9.899539886039115943e-01,9.899539888977673119e-01,9.899539886039117054e-01,9.899539874540435047e-01,9.899539841154985087e-01,9.899539726098998127e-01,9.899539145012750119e-01,9.899532998767972547e-01,9.899311539144372007e-01,1.000000000000003109e+00
1.000000000000003553e+00,9.864401518143897096e-01,9.864799608474225101e-01,9.864811876913526234e-01,9.864813048156060304e-01,9.864813276573788370e-01,9.864813342210242419e-01,9.864813364711115806e-01,9.864813370450254970e-01,9.864813364711115806e-01,9.864813342210242419e-01,9.864813276573789480e-01,9.864813048156060304e-01,9.864811876913528454e-01,9.864799608474228432e-01,9.864401518143895986e-01,9.864401518143897096e-01,1.000000000000003553e+00,9.864401518143894876e-01,9.864799608474226211e-01,9.864811876913527344e-01,9.864813048156059194e-01,9.864813276573789480e-01,9.864813342210242419e-01,9.864813364711116916e-01,9.864813370450256080e-01,9.864813364711115806e-01,9.864813342210242419e-01,9.864813276573790590e-01,9.864813048156061415e-01,9.864811876913528454e-01,9.864799608474227322e-01,9.864799608474225101e-01,9.864401518143894876e-01,1.000000000000003553e+00,9.864401518143894876e-01,9.864799608474223991e-01,9.864811876913526234e-01,9.864813048156059194e-01,9.864813276573787260e-01,9.864813342210240199e-01,9.864813364711113586e-01,9.864813370450252750e-01,9.864813364711114696e-01,9.864813342210241309e-01,9.864813276573789480e-01,9.864813048156060304e-01,9.864811876913527344e-01,9.864811876913526234e-01,9.864799608474226211e-01,9.864401518143894876e-01,1.000000000000003553e+00,9.864401518143893766e-01,9.864799608474223991e-01,9.864811876913527344e-01,9.864813048156060304e-01,9.864813276573788370e-01,9.864813342210241309e-01,9.864813364711115806e-01,9.864813370450253860e-01,9.864813364711114696e-01,9.864813342210241309e-01,9.864813276573788370e-01,9.864813048156060304e-01,9.864813048156060304e-01,9.864811876913527344e-01,9.864799608474223991e-01,9.864401518143893766e-01,1.000000000000003553e+00,9.864401518143895986e-01,9.864799608474226211e-01,9.864811876913526234e-01,9.864813048156059194e-01,9.864813276573788370e-01,9.864813342210240199e-01,9.864813364711112476e-01,9.864813370450253860e-01,9.864813364711114696e-01,9.864813342210240199e-01,9.864813276573787260e-01,9.864813276573788370e-01,9.864813048156059194e-01,9.864811876913526234e-01,9.864799608474223991e-01,9.864401518143895986e-01,1.000000000000003553e+00,9.864401518143895986e-01,9.864799608474227322e-01,9.864811876913527344e-01,9.864813048156061415e-01,9.864813276573788370e-01,9.864813342210241309e-01,9.864813364711115806e-01,9.864813370450253860e-01,9.864813364711115806e-01,9.864813342210241309e-01,9.864813342210242419e-01,9.864813276573789480e-01,9.864813048156059194e-01,9.864811876913527344e-01,9.864799608474226211e-01,9.864401518143895986e-01,1.000000000000003553e+00,9.864401518143894876e-01,9.864799608474226211e-01,9.864811876913526234e-01,9.864813048156059194e-01,9.864813276573788370e-01,9.864813342210241309e-01,9.864813364711115806e-01,9.864813370450253860e-01,9.864813364711113586e-01,9.864813364711115806e-01,9.864813342210242419e-01,9.864813276573787260e-01,9.864813048156060304e-01,9.864811876913526234e-01,9.864799608474227322e-01,9.864401518143894876e-01,1.000000000000003553e+00,9.864401518143894876e-01,9.864799608474226211e-01,9.864811876913526234e-01,9.864813048156060304e-01,9.864813276573788370e-01,9.864813342210242419e-01,9.864813364711114696e-01,9.864813370450252750e-01,9.864813370450254970e-01,9.864813364711116916e-01,9.864813342210240199e-01,9.864813276573788370e-01,9.864813048156059194e-01,9.864811876913527344e-01,9.864799608474226211e-01,9.864401518143894876e-01,1.000000000000003553e+00,9.864401518143894876e-01,9.864799608474226211e-01,9.864811876913527344e-01,9.864813048156060304e-01,9.864813276573788370e-01,9.864813342210242419e-01,9.864813364711114696e-01,9.864813364711115806e-01,9.864813370450256080e-01,9.864813364711113586e-01,9.864813342210241309e-01,9.864813276573788370e-01,9.864813048156061415e-01,9.864811876913526234e-01,9.864799608474226211e-01,9.864401518143894876e-01,1.000000000000003553e+00,9.864401518143895986e-01,9.864799608474226211e-01,9.864811876913527344e-01,9.864813048156061415e-01,9.864813276573789480e-01,9.864813342210241309e-01,9.864813342210242419e-01,9.864813364711115806e-01,9.864813370450252750e-01,9.864813364711115806e-01,9.864813342210240199e-01,9.864813276573788370e-01,9.864813048156059194e-01,9.864811876913526234e-01,9.864799608474226211e-01,9.864401518143895986e-01,1.000000000000003553e+00,9.864401518143895986e-01,9.864799608474226211e-01,9.864811876913527344e-01,9.864813048156061415e-01,9.864813276573787260e-01,9.864813276573789480e-01,9.864813342210242419e-01,9.864813364711114696e-01,9.864813370450253860e-01,9.864813364711112476e-01,9.864813342210241309e-01,9.864813276573788370e-01,9.864813048156060304e-01,9.864811876913527344e-01,9.864799608474226211e-01,9.864401518143895986e-01,1.000000000000003553e+00,9.864401518143895986e-01,9.864799608474226211e-01,9.864811876913527344e-01,9.864813048156060304e-01,9.864813048156060304e-01,9.864813276573790590e-01,9.864813342210241309e-01,9.864813364711114696e-01,9.864813370450253860e-01,9.864813364711115806e-01,9.864813342210241309e-01,9.864813276573788370e-01,9.864813048156060304e-01,9.864811876913527344e-01,9.864799608474226211e-01,9.864401518143895986e-01,1.000000000000003553e+00,9.864401518143895986e-01,9.864799608474226211e-01,9.864811876913527344e-01,9.864811876913528454e-01,9.864813048156061415e-01,9.864813276573789480e-01,9.864813342210241309e-01,9.864813364711114696e-01,9.864813370450253860e-01,9.864813364711115806e-01,9.864813342210242419e-01,9.864813276573788370e-01,9.864813048156061415e-01,9.864811876913527344e-01,9.864799608474226211e-01,9.864401518143895986e-01,1.000000000000003553e+00,9.864401518143895986e-01,9.864799608474227322e-01,9.864799608474228432e-01,9.864811876913528454e-01,9.864813048156060304e-01,9.864813276573788370e-01,9.864813342210240199e-01,9.864813364711115806e-01,9.864813370450253860e-01,9.864813364711114696e-01,9.864813342210242419e-01,9.864813276573789480e-01,9.864813048156061415e-01,9.864811876913527344e-01,9.864799608474226211e-01,9.864401518143895986e-01,1.000000000000003553e+00,9.864401518143897096e-01,9.864401518143895986e-01,9.864799608474227322e-01,9.864811876913527344e-01,9.864813048156060304e-01,9.864813276573787260e-01,9.864813342210241309e-01,9.864813364711113586e-01,9.864813370450252750e-01,9.864813364711114696e-01,9.864813342210241309e-01,9.864813276573787260e-01,9.864813048156060304e-01,9.864811876913527344e-01,9.864799608474227322e-01,9.864401518143897096e-01,1.000000000000003553e+00
