1.000000000000000000e+00,1.000000000000000000e+00,1.000000000000000000e+00,1.000000000000000000e+00,1.000000000000000000e+00,1.000000000000000000e+00,1.000000000000000000e+00,1.000000000000000000e+00,1.000000000000000000e+00,1.000000000000000000e+00,1.000000000000000000e+00,1.000000000000000000e+00,1.000000000000000000e+00,1.000000000000000000e+00,1.000000000000000000e+00,1.000000000000000000e+00,1.000000000000000000e+00,1.000000000000000000e+00,1.000000000000000000e+00,1.000000000000000000e+00,1.000000000000000000e+00,1.000000000000000000e+00,1.000000000000000000e+00,1.000000000000000000e+00,1.000000000000000000e+00,1.000000000000000000e+00,1.000000000000000000e+00,1.000000000000000000e+00,1.000000000000000000e+00,1.000000000000000000e+00,1.000000000000000000e+00,1.000000000000000000e+00,1.000000000000000000e+00,1.000000000000000000e+00,1.000000000000000000e+00,1.000000000000000000e+00,1.000000000000000000e+00,1.000000000000000000e+00,1.000000000000000000e+00,1.000000000000000000e+00,1.000000000000000000e+00,1.000000000000000000e+00,1.000000000000000000e+00,1.000000000000000000e+00,1.000000000000000000e+00,1.000000000000000000e+00,1.000000000000000000e+00,1.000000000000000000e+00,1.000000000000000000e+00,1.000000000000000000e+00,1.000000000000000000e+00,1.000000000000000000e+00,1.000000000000000000e+00,1.000000000000000000e+00,1.000000000000000000e+00,1.000000000000000000e+00,1.000000000000000000e+00,1.000000000000000000e+00,1.000000000000000000e+00,1.000000000000000000e+00,1.000000000000000000e+00,1.000000000000000000e+00,1.000000000000000000e+00,1.000000000000000000e+00,1.000000000000000000e+00,1.000000000000000000e+00,1.000000000000000000e+00,1.000000000000000000e+00,1.000000000000000000e+00,1.000000000000000000e+00,1.000000000000000000e+00,1.000000000000000000e+00,1.000000000000000000e+00,1.000000000000000000e+00,1.000000000000000000e+00,1.000000000000000000e+00,1.000000000000000000e+00,1.000000000000000000e+00,1.000000000000000000e+00,1.000000000000000000e+00,1.000000000000000000e+00,1.000000000000000000e+00,1.000000000000000000e+00,1.000000000000000000e+00,1.000000000000000000e+00,1.000000000000000000e+00,1.000000000000000000e+00,1.000000000000000000e+00,1.000000000000000000e+00,1.000000000000000000e+00,1.000000000000000000e+00,1.000000000000000000e+00,1.000000000000000000e+00,1.000000000000000000e+00,1.000000000000000000e+00,1.000000000000000000e+00,1.000000000000000000e+00,1.000000000000000000e+00,1.000000000000000000e+00,1.000000000000000000e+00,1.000000000000000000e+00,1.000000000000000000e+00,1.000000000000000000e+00,1.000000000000000000e+00,1.000000000000000000e+00,1.000000000000000000e+00,1.000000000000000000e+00,1.000000000000000000e+00,1.000000000000000000e+00,1.000000000000000000e+00,1.000000000000000000e+00,1.000000000000000000e+00,1.000000000000000000e+00,1.000000000000000000e+00,1.000000000000000000e+00,1.000000000000000000e+00,1.000000000000000000e+00,1.000000000000000000e+00,1.000000000000000000e+00,1.000000000000000000e+00,1.000000000000000000e+00,1.000000000000000000e+00,1.000000000000000000e+00,1.000000000000000000e+00,1.000000000000000000e+00,1.000000000000000000e+00,1.000000000000000000e+00,1.000000000000000000e+00,1.000000000000000000e+00,1.000000000000000000e+00,1.000000000000000000e+00,1.000000000000000000e+00,1.000000000000000000e+00,1.000000000000000000e+00,1.000000000000000000e+00,1.000000000000000000e+00,1.000000000000000000e+00,1.000000000000000000e+00,1.000000000000000000e+00,1.000000000000000000e+00,1.000000000000000000e+00,1.000000000000000000e+00,1.000000000000000000e+00,1.000000000000000000e+00
1.000000000000001110e+00,9.996537801935023726e-01,9.996538034680351181e-01,9.996538039247910845e-01,9.996538039705444856e-01,9.996538039798004149e-01,9.996538039816791343e-01,9.996538039798004149e-01,9.996538039705444856e-01,9.996538039247909735e-01,9.996538034680353402e-01,9.996537801935024836e-01,9.996537801935023726e-01,1.000000000000001110e+00,9.996537801935024836e-01,9.996538034680354512e-01,9.996538039247909735e-01,9.996538039705443746e-01,9.996538039798004149e-01,9.996538039816791343e-01,9.996538039798003039e-01,9.996538039705444856e-01,9.996538039247909735e-01,9.996538034680351181e-01,9.996538034680351181e-01,9.996537801935024836e-01,1.000000000000001110e+00,9.996537801935024836e-01,9.996538034680352292e-01,9.996538039247908625e-01,9.996538039705443746e-01,9.996538039798004149e-01,9.996538039816791343e-01,9.996538039798003039e-01,9.996538039705444856e-01,9.996538039247909735e-01,9.996538039247910845e-01,9.996538034680354512e-01,9.996537801935024836e-01,1.000000000000001110e+00,9.996537801935023726e-01,9.996538034680351181e-01,9.996538039247908625e-01,9.996538039705443746e-01,9.996538039798003039e-01,9.996538039816791343e-01,9.996538039798003039e-01,9.996538039705444856e-01,9.996538039705444856e-01,9.996538039247909735e-01,9.996538034680352292e-01,9.996537801935023726e-01,1.000000000000001110e+00,9.996537801935024836e-01,9.996538034680352292e-01,9.996538039247909735e-01,9.996538039705444856e-01,9.996538039798004149e-01,9.996538039816791343e-01,9.996538039798004149e-01,9.996538039798004149e-01,9.996538039705443746e-01,9.996538039247908625e-01,9.996538034680351181e-01,9.996537801935024836e-01,1.000000000000001110e+00,9.996537801935024836e-01,9.996538034680352292e-01,9.996538039247909735e-01,9.996538039705443746e-01,9.996538039798003039e-01,9.996538039816791343e-01,9.996538039816791343e-01,9.996538039798004149e-01,9.996538039705443746e-01,9.996538039247908625e-01,9.996538034680352292e-01,9.996537801935024836e-01,1.000000000000001110e+00,9.996537801935024836e-01,9.996538034680352292e-01,9.996538039247909735e-01,9.996538039705444856e-01,9.996538039798004149e-01,9.996538039798004149e-01,9.996538039816791343e-01,9.996538039798004149e-01,9.996538039705443746e-01,9.996538039247909735e-01,9.996538034680352292e-01,9.996537801935024836e-01,1.000000000000001110e+00,9.996537801935024836e-01,9.996538034680352292e-01,9.996538039247909735e-01,9.996538039705443746e-01,9.996538039705444856e-01,9.996538039798003039e-01,9.996538039816791343e-01,9.996538039798003039e-01,9.996538039705444856e-01,9.996538039247909735e-01,9.996538034680352292e-01,9.996537801935024836e-01,1.000000000000001110e+00,9.996537801935024836e-01,9.996538034680352292e-01,9.996538039247909735e-01,9.996538039247909735e-01,9.996538039705444856e-01,9.996538039798003039e-01,9.996538039816791343e-01,9.996538039798004149e-01,9.996538039705443746e-01,9.996538039247909735e-01,9.996538034680352292e-01,9.996537801935024836e-01,1.000000000000001110e+00,9.996537801935024836e-01,9.996538034680352292e-01,9.996538034680353402e-01,9.996538039247909735e-01,9.996538039705444856e-01,9.996538039798003039e-01,9.996538039816791343e-01,9.996538039798003039e-01,9.996538039705444856e-01,9.996538039247909735e-01,9.996538034680352292e-01,9.996537801935024836e-01,1.000000000000001110e+00,9.996537801935023726e-01,9.996537801935024836e-01,9.996538034680351181e-01,9.996538039247909735e-01,9.996538039705444856e-01,9.996538039798004149e-01,9.996538039816791343e-01,9.996538039798004149e-01,9.996538039705443746e-01,9.996538039247909735e-01,9.996538034680352292e-01,9.996537801935023726e-01,1.000000000000001110e+00
1.000000000000001998e+00,9.966209766654559044e-01,9.966233917411133625e-01,9.966234780584505293e-01,9.966234868938770308e-01,9.966234886908230672e-01,9.966234890561340709e-01,9.966234886908230672e-01,9.966234868938771418e-01,9.966234780584504183e-01,9.966233917411134735e-01,9.966209766654557933e-01,9.966209766654559044e-01,1.000000000000001998e+00,9.966209766654557933e-01,9.966233917411134735e-01,9.966234780584504183e-01,9.966234868938771418e-01,9.966234886908232893e-01,9.966234890561342930e-01,9.966234886908232893e-01,9.966234868938771418e-01,9.966234780584505293e-01,9.966233917411135845e-01,9.966233917411133625e-01,9.966209766654557933e-01,1.000000000000001998e+00,9.966209766654560154e-01,9.966233917411134735e-01,9.966234780584504183e-01,9.966234868938770308e-01,9.966234886908230672e-01,9.966234890561339599e-01,9.966234886908230672e-01,9.966234868938770308e-01,9.966234780584504183e-01,9.966234780584505293e-01,9.966233917411134735e-01,9.966209766654560154e-01,1.000000000000001998e+00,9.966209766654556823e-01,9.966233917411135845e-01,9.966234780584505293e-01,9.966234868938772529e-01,9.966234886908232893e-01,9.966234890561341819e-01,9.966234886908232893e-01,9.966234868938772529e-01,9.966234868938770308e-01,9.966234780584504183e-01,9.966233917411134735e-01,9.966209766654556823e-01,1.000000000000001998e+00,9.966209766654557933e-01,9.966233917411132515e-01,9.966234780584501962e-01,9.966234868938769198e-01,9.966234886908230672e-01,9.966234890561339599e-01,9.966234886908230672e-01,9.966234886908230672e-01,9.966234868938771418e-01,9.966234780584504183e-01,9.966233917411135845e-01,9.966209766654557933e-01,1.000000000000001998e+00,9.966209766654557933e-01,9.966233917411134735e-01,9.966234780584505293e-01,9.966234868938771418e-01,9.966234886908231783e-01,9.966234890561340709e-01,9.966234890561340709e-01,9.966234886908232893e-01,9.966234868938770308e-01,9.966234780584505293e-01,9.966233917411132515e-01,9.966209766654557933e-01,1.000000000000001998e+00,9.966209766654557933e-01,9.966233917411134735e-01,9.966234780584503072e-01,9.966234868938771418e-01,9.966234886908231783e-01,9.966234886908230672e-01,9.966234890561342930e-01,9.966234886908230672e-01,9.966234868938772529e-01,9.966234780584501962e-01,9.966233917411134735e-01,9.966209766654557933e-01,1.000000000000001998e+00,9.966209766654557933e-01,9.966233917411133625e-01,9.966234780584504183e-01,9.966234868938771418e-01,9.966234868938771418e-01,9.966234886908232893e-01,9.966234890561339599e-01,9.966234886908232893e-01,9.966234868938769198e-01,9.966234780584505293e-01,9.966233917411134735e-01,9.966209766654557933e-01,1.000000000000001998e+00,9.966209766654557933e-01,9.966233917411134735e-01,9.966234780584504183e-01,9.966234780584504183e-01,9.966234868938771418e-01,9.966234886908230672e-01,9.966234890561341819e-01,9.966234886908230672e-01,9.966234868938771418e-01,9.966234780584503072e-01,9.966233917411133625e-01,9.966209766654557933e-01,1.000000000000001998e+00,9.966209766654557933e-01,9.966233917411135845e-01,9.966233917411134735e-01,9.966234780584505293e-01,9.966234868938770308e-01,9.966234886908232893e-01,9.966234890561339599e-01,9.966234886908231783e-01,9.966234868938771418e-01,9.966234780584504183e-01,9.966233917411134735e-01,9.966209766654557933e-01,1.000000000000001998e+00,9.966209766654559044e-01,9.966209766654557933e-01,9.966233917411135845e-01,9.966234780584504183e-01,9.966234868938772529e-01,9.966234886908230672e-01,9.966234890561340709e-01,9.966234886908231783e-01,9.966234868938771418e-01,9.966234780584504183e-01,9.966233917411135845e-01,9.966209766654559044e-01,1.000000000000001998e+00
1.000000000000003553e+00,9.918686298144118174e-01,9.918826416237844779e-01,9.918833812259046923e-01,9.918834583945547179e-01,9.918834742804238935e-01,9.918834775260775283e-01,9.918834742804238935e-01,9.918834583945546068e-01,9.918833812259045812e-01,9.918826416237843668e-01,9.918686298144117064e-01,9.918686298144118174e-01,1.000000000000003553e+00,9.918686298144120395e-01,9.918826416237844779e-01,9.918833812259048033e-01,9.918834583945546068e-01,9.918834742804241156e-01,9.918834775260777503e-01,9.918834742804241156e-01,9.918834583945547179e-01,9.918833812259046923e-01,9.918826416237844779e-01,9.918826416237844779e-01,9.918686298144120395e-01,1.000000000000003553e+00,9.918686298144121505e-01,9.918826416237845889e-01,9.918833812259045812e-01,9.918834583945546068e-01,9.918834742804240046e-01,9.918834775260777503e-01,9.918834742804238935e-01,9.918834583945547179e-01,9.918833812259046923e-01,9.918833812259046923e-01,9.918826416237844779e-01,9.918686298144121505e-01,1.000000000000003553e+00,9.918686298144118174e-01,9.918826416237843668e-01,9.918833812259046923e-01,9.918834583945547179e-01,9.918834742804240046e-01,9.918834775260777503e-01,9.918834742804240046e-01,9.918834583945547179e-01,9.918834583945547179e-01,9.918833812259048033e-01,9.918826416237845889e-01,9.918686298144118174e-01,1.000000000000003553e+00,9.918686298144118174e-01,9.918826416237844779e-01,9.918833812259046923e-01,9.918834583945546068e-01,9.918834742804240046e-01,9.918834775260777503e-01,9.918834742804240046e-01,9.918834742804238935e-01,9.918834583945546068e-01,9.918833812259045812e-01,9.918826416237843668e-01,9.918686298144118174e-01,1.000000000000003553e+00,9.918686298144117064e-01,9.918826416237843668e-01,9.918833812259045812e-01,9.918834583945544958e-01,9.918834742804238935e-01,9.918834775260776393e-01,9.918834775260775283e-01,9.918834742804241156e-01,9.918834583945546068e-01,9.918833812259046923e-01,9.918826416237844779e-01,9.918686298144117064e-01,1.000000000000003553e+00,9.918686298144118174e-01,9.918826416237844779e-01,9.918833812259046923e-01,9.918834583945547179e-01,9.918834742804238935e-01,9.918834742804238935e-01,9.918834775260777503e-01,9.918834742804240046e-01,9.918834583945547179e-01,9.918833812259046923e-01,9.918826416237843668e-01,9.918686298144118174e-01,1.000000000000003553e+00,9.918686298144119284e-01,9.918826416237844779e-01,9.918833812259046923e-01,9.918834583945544958e-01,9.918834583945546068e-01,9.918834742804241156e-01,9.918834775260777503e-01,9.918834742804240046e-01,9.918834583945546068e-01,9.918833812259045812e-01,9.918826416237844779e-01,9.918686298144119284e-01,1.000000000000003553e+00,9.918686298144118174e-01,9.918826416237844779e-01,9.918833812259045812e-01,9.918833812259045812e-01,9.918834583945547179e-01,9.918834742804238935e-01,9.918834775260777503e-01,9.918834742804240046e-01,9.918834583945544958e-01,9.918833812259046923e-01,9.918826416237844779e-01,9.918686298144118174e-01,1.000000000000003553e+00,9.918686298144118174e-01,9.918826416237843668e-01,9.918826416237843668e-01,9.918833812259046923e-01,9.918834583945547179e-01,9.918834742804240046e-01,9.918834775260777503e-01,9.918834742804238935e-01,9.918834583945547179e-01,9.918833812259046923e-01,9.918826416237844779e-01,9.918686298144118174e-01,1.000000000000003553e+00,9.918686298144118174e-01,9.918686298144117064e-01,9.918826416237844779e-01,9.918833812259046923e-01,9.918834583945547179e-01,9.918834742804240046e-01,9.918834775260776393e-01,9.918834742804238935e-01,9.918834583945544958e-01,9.918833812259045812e-01,9.918826416237843668e-01,9.918686298144118174e-01,1.000000000000003553e+00
1.000000000000003331e+00,9.899319290629345902e-01,9.899540021288784075e-01,9.899546635278825280e-01,9.899547325571127487e-01,9.899547469672387301e-01,9.899547499286667218e-01,9.899547469672389521e-01,9.899547325571129708e-01,9.899546635278824169e-01,9.899540021288785185e-01,9.899319290629347012e-01,9.899319290629345902e-01,1.000000000000003331e+00,9.899319290629345902e-01,9.899540021288786296e-01,9.899546635278823059e-01,9.899547325571129708e-01,9.899547469672387301e-01,9.899547499286666108e-01,9.899547469672389521e-01,9.899547325571128598e-01,9.899546635278824169e-01,9.899540021288785185e-01,9.899540021288784075e-01,9.899319290629345902e-01,1.000000000000003331e+00,9.899319290629345902e-01,9.899540021288784075e-01,9.899546635278825280e-01,9.899547325571128598e-01,9.899547469672388411e-01,9.899547499286666108e-01,9.899547469672388411e-01,9.899547325571128598e-01,9.899546635278825280e-01,9.899546635278825280e-01,9.899540021288786296e-01,9.899319290629345902e-01,1.000000000000003331e+00,9.899319290629345902e-01,9.899540021288785185e-01,9.899546635278825280e-01,9.899547325571129708e-01,9.899547469672388411e-01,9.899547499286666108e-01,9.899547469672388411e-01,9.899547325571128598e-01,9.899547325571127487e-01,9.899546635278823059e-01,9.899540021288784075e-01,9.899319290629345902e-01,1.000000000000003331e+00,9.899319290629343682e-01,9.899540021288785185e-01,9.899546635278824169e-01,9.899547325571128598e-01,9.899547469672388411e-01,9.899547499286666108e-01,9.899547469672388411e-01,9.899547469672387301e-01,9.899547325571129708e-01,9.899546635278825280e-01,9.899540021288785185e-01,9.899319290629343682e-01,1.000000000000003331e+00,9.899319290629347012e-01,9.899540021288786296e-01,9.899546635278825280e-01,9.899547325571128598e-01,9.899547469672389521e-01,9.899547499286666108e-01,9.899547499286667218e-01,9.899547469672387301e-01,9.899547325571128598e-01,9.899546635278825280e-01,9.899540021288785185e-01,9.899319290629347012e-01,1.000000000000003331e+00,9.899319290629345902e-01,9.899540021288785185e-01,9.899546635278824169e-01,9.899547325571128598e-01,9.899547469672389521e-01,9.899547469672389521e-01,9.899547499286666108e-01,9.899547469672388411e-01,9.899547325571129708e-01,9.899546635278824169e-01,9.899540021288786296e-01,9.899319290629345902e-01,1.000000000000003331e+00,9.899319290629345902e-01,9.899540021288785185e-01,9.899546635278824169e-01,9.899547325571129708e-01,9.899547325571129708e-01,9.899547469672389521e-01,9.899547499286666108e-01,9.899547469672388411e-01,9.899547325571128598e-01,9.899546635278825280e-01,9.899540021288785185e-01,9.899319290629345902e-01,1.000000000000003331e+00,9.899319290629345902e-01,9.899540021288786296e-01,9.899546635278826390e-01,9.899546635278824169e-01,9.899547325571128598e-01,9.899547469672388411e-01,9.899547499286666108e-01,9.899547469672388411e-01,9.899547325571128598e-01,9.899546635278824169e-01,9.899540021288785185e-01,9.899319290629345902e-01,1.000000000000003331e+00,9.899319290629345902e-01,9.899540021288786296e-01,9.899540021288785185e-01,9.899546635278824169e-01,9.899547325571128598e-01,9.899547469672388411e-01,9.899547499286666108e-01,9.899547469672389521e-01,9.899547325571128598e-01,9.899546635278824169e-01,9.899540021288786296e-01,9.899319290629345902e-01,1.000000000000003331e+00,9.899319290629345902e-01,9.899319290629347012e-01,9.899540021288785185e-01,9.899546635278825280e-01,9.899547325571128598e-01,9.899547469672388411e-01,9.899547499286666108e-01,9.899547469672389521e-01,9.899547325571129708e-01,9.899546635278826390e-01,9.899540021288786296e-01,9.899319290629345902e-01,1.000000000000003331e+00
1.000000000000003331e+00,9.864410541529827769e-01,9.864807184740326251e-01,9.864820398720042238e-01,9.864821784820242412e-01,9.864822070387433417e-01,9.864822128679654467e-01,9.864822070387433417e-01,9.864821784820243522e-01,9.864820398720042238e-01,9.864807184740326251e-01,9.864410541529828880e-01,9.864410541529827769e-01,1.000000000000003331e+00,9.864410541529828880e-01,9.864807184740327362e-01,9.864820398720041128e-01,9.864821784820244632e-01,9.864822070387431197e-01,9.864822128679652247e-01,9.864822070387431197e-01,9.864821784820242412e-01,9.864820398720041128e-01,9.864807184740326251e-01,9.864807184740326251e-01,9.864410541529828880e-01,1.000000000000003331e+00,9.864410541529829990e-01,9.864807184740325141e-01,9.864820398720042238e-01,9.864821784820243522e-01,9.864822070387433417e-01,9.864822128679655577e-01,9.864822070387434527e-01,9.864821784820244632e-01,9.864820398720043348e-01,9.864820398720042238e-01,9.864807184740327362e-01,9.864410541529829990e-01,1.000000000000003331e+00,9.864410541529827769e-01,9.864807184740325141e-01,9.864820398720043348e-01,9.864821784820244632e-01,9.864822070387435637e-01,9.864822128679655577e-01,9.864822070387434527e-01,9.864821784820244632e-01,9.864821784820242412e-01,9.864820398720041128e-01,9.864807184740325141e-01,9.864410541529827769e-01,1.000000000000003331e+00,9.864410541529828880e-01,9.864807184740327362e-01,9.864820398720042238e-01,9.864821784820243522e-01,9.864822070387433417e-01,9.864822128679653357e-01,9.864822070387433417e-01,9.864822070387433417e-01,9.864821784820244632e-01,9.864820398720042238e-01,9.864807184740325141e-01,9.864410541529828880e-01,1.000000000000003331e+00,9.864410541529829990e-01,9.864807184740327362e-01,9.864820398720042238e-01,9.864821784820243522e-01,9.864822070387433417e-01,9.864822128679655577e-01,9.864822128679654467e-01,9.864822070387431197e-01,9.864821784820243522e-01,9.864820398720043348e-01,9.864807184740327362e-01,9.864410541529829990e-01,1.000000000000003331e+00,9.864410541529829990e-01,9.864807184740326251e-01,9.864820398720042238e-01,9.864821784820242412e-01,9.864822070387432307e-01,9.864822070387433417e-01,9.864822128679652247e-01,9.864822070387433417e-01,9.864821784820244632e-01,9.864820398720042238e-01,9.864807184740327362e-01,9.864410541529829990e-01,1.000000000000003331e+00,9.864410541529828880e-01,9.864807184740327362e-01,9.864820398720041128e-01,9.864821784820242412e-01,9.864821784820243522e-01,9.864822070387431197e-01,9.864822128679655577e-01,9.864822070387435637e-01,9.864821784820243522e-01,9.864820398720042238e-01,9.864807184740326251e-01,9.864410541529828880e-01,1.000000000000003331e+00,9.864410541529828880e-01,9.864807184740326251e-01,9.864820398720041128e-01,9.864820398720042238e-01,9.864821784820242412e-01,9.864822070387434527e-01,9.864822128679655577e-01,9.864822070387433417e-01,9.864821784820243522e-01,9.864820398720042238e-01,9.864807184740327362e-01,9.864410541529828880e-01,1.000000000000003331e+00,9.864410541529828880e-01,9.864807184740325141e-01,9.864807184740326251e-01,9.864820398720041128e-01,9.864821784820244632e-01,9.864822070387434527e-01,9.864822128679653357e-01,9.864822070387433417e-01,9.864821784820242412e-01,9.864820398720041128e-01,9.864807184740326251e-01,9.864410541529828880e-01,1.000000000000003331e+00,9.864410541529828880e-01,9.864410541529828880e-01,9.864807184740326251e-01,9.864820398720043348e-01,9.864821784820244632e-01,9.864822070387433417e-01,9.864822128679655577e-01,9.864822070387432307e-01,9.864821784820242412e-01,9.864820398720041128e-01,9.864807184740325141e-01,9.864410541529828880e-01,1.000000000000003331e+00
1.000000000000003109e+00,9.751336670446792976e-01,9.752659927581738275e-01,9.752700037112075337e-01,9.752704292727162327e-01,9.752705200312098421e-01,9.752705388006295273e-01,9.752705200312097311e-01,9.752704292727163438e-01,9.752700037112074227e-01,9.752659927581738275e-01,9.751336670446794086e-01,9.751336670446792976e-01,1.000000000000003109e+00,9.751336670446795196e-01,9.752659927581739385e-01,9.752700037112074227e-01,9.752704292727165658e-01,9.752705200312098421e-01,9.752705388006296383e-01,9.752705200312097311e-01,9.752704292727164548e-01,9.752700037112075337e-01,9.752659927581739385e-01,9.752659927581738275e-01,9.751336670446795196e-01,1.000000000000003109e+00,9.751336670446795196e-01,9.752659927581739385e-01,9.752700037112075337e-01,9.752704292727163438e-01,9.752705200312097311e-01,9.752705388006296383e-01,9.752705200312098421e-01,9.752704292727163438e-01,9.752700037112075337e-01,9.752700037112075337e-01,9.752659927581739385e-01,9.751336670446795196e-01,1.000000000000003109e+00,9.751336670446794086e-01,9.752659927581739385e-01,9.752700037112075337e-01,9.752704292727163438e-01,9.752705200312098421e-01,9.752705388006295273e-01,9.752705200312098421e-01,9.752704292727163438e-01,9.752704292727162327e-01,9.752700037112074227e-01,9.752659927581739385e-01,9.751336670446794086e-01,1.000000000000003109e+00,9.751336670446794086e-01,9.752659927581738275e-01,9.752700037112075337e-01,9.752704292727163438e-01,9.752705200312097311e-01,9.752705388006295273e-01,9.752705200312096201e-01,9.752705200312098421e-01,9.752704292727165658e-01,9.752700037112075337e-01,9.752659927581739385e-01,9.751336670446794086e-01,1.000000000000003109e+00,9.751336670446795196e-01,9.752659927581739385e-01,9.752700037112075337e-01,9.752704292727163438e-01,9.752705200312098421e-01,9.752705388006296383e-01,9.752705388006295273e-01,9.752705200312098421e-01,9.752704292727163438e-01,9.752700037112075337e-01,9.752659927581738275e-01,9.751336670446795196e-01,1.000000000000003109e+00,9.751336670446794086e-01,9.752659927581739385e-01,9.752700037112075337e-01,9.752704292727163438e-01,9.752705200312097311e-01,9.752705200312097311e-01,9.752705388006296383e-01,9.752705200312097311e-01,9.752704292727163438e-01,9.752700037112075337e-01,9.752659927581739385e-01,9.751336670446794086e-01,1.000000000000003109e+00,9.751336670446795196e-01,9.752659927581738275e-01,9.752700037112075337e-01,9.752704292727163438e-01,9.752704292727163438e-01,9.752705200312097311e-01,9.752705388006296383e-01,9.752705200312098421e-01,9.752704292727163438e-01,9.752700037112075337e-01,9.752659927581739385e-01,9.751336670446795196e-01,1.000000000000003109e+00,9.751336670446795196e-01,9.752659927581739385e-01,9.752700037112076448e-01,9.752700037112074227e-01,9.752704292727164548e-01,9.752705200312098421e-01,9.752705388006295273e-01,9.752705200312097311e-01,9.752704292727163438e-01,9.752700037112075337e-01,9.752659927581738275e-01,9.751336670446795196e-01,1.000000000000003109e+00,9.751336670446794086e-01,9.752659927581739385e-01,9.752659927581738275e-01,9.752700037112075337e-01,9.752704292727163438e-01,9.752705200312098421e-01,9.752705388006295273e-01,9.752705200312098421e-01,9.752704292727163438e-01,9.752700037112075337e-01,9.752659927581739385e-01,9.751336670446794086e-01,1.000000000000003109e+00,9.751336670446794086e-01,9.751336670446794086e-01,9.752659927581739385e-01,9.752700037112075337e-01,9.752704292727163438e-01,9.752705200312096201e-01,9.752705388006296383e-01,9.752705200312097311e-01,9.752704292727163438e-01,9.752700037112076448e-01,9.752659927581739385e-01,9.751336670446794086e-01,1.000000000000003109e+00
1.000000000000001998e+00,9.647990431785891108e-01,9.650639661726994056e-01,9.650733512619265042e-01,9.650743566214450286e-01,9.650745758705585597e-01,9.650746215691632379e-01,9.650745758705585597e-01,9.650743566214452507e-01,9.650733512619265042e-01,9.650639661726994056e-01,9.647990431785889998e-01,9.647990431785891108e-01,1.000000000000001998e+00,9.647990431785892218e-01,9.650639661726996277e-01,9.650733512619266152e-01,9.650743566214454727e-01,9.650745758705587818e-01,9.650746215691635710e-01,9.650745758705588928e-01,9.650743566214454727e-01,9.650733512619268373e-01,9.650639661726997387e-01,9.650639661726994056e-01,9.647990431785892218e-01,1.000000000000001998e+00,9.647990431785892218e-01,9.650639661726996277e-01,9.650733512619268373e-01,9.650743566214454727e-01,9.650745758705587818e-01,9.650746215691635710e-01,9.650745758705587818e-01,9.650743566214454727e-01,9.650733512619267263e-01,9.650733512619265042e-01,9.650639661726996277e-01,9.647990431785892218e-01,1.000000000000001998e+00,9.647990431785891108e-01,9.650639661726997387e-01,9.650733512619267263e-01,9.650743566214454727e-01,9.650745758705587818e-01,9.650746215691633489e-01,9.650745758705586708e-01,9.650743566214454727e-01,9.650743566214450286e-01,9.650733512619266152e-01,9.650639661726996277e-01,9.647990431785891108e-01,1.000000000000001998e+00,9.647990431785892218e-01,9.650639661726995167e-01,9.650733512619266152e-01,9.650743566214453617e-01,9.650745758705583377e-01,9.650746215691631269e-01,9.650745758705586708e-01,9.650745758705585597e-01,9.650743566214454727e-01,9.650733512619268373e-01,9.650639661726997387e-01,9.647990431785892218e-01,1.000000000000001998e+00,9.647990431785893328e-01,9.650639661726996277e-01,9.650733512619268373e-01,9.650743566214453617e-01,9.650745758705585597e-01,9.650746215691634600e-01,9.650746215691632379e-01,9.650745758705587818e-01,9.650743566214454727e-01,9.650733512619267263e-01,9.650639661726995167e-01,9.647990431785893328e-01,1.000000000000001998e+00,9.647990431785894438e-01,9.650639661726998497e-01,9.650733512619267263e-01,9.650743566214454727e-01,9.650745758705588928e-01,9.650745758705585597e-01,9.650746215691635710e-01,9.650745758705587818e-01,9.650743566214454727e-01,9.650733512619266152e-01,9.650639661726996277e-01,9.647990431785894438e-01,1.000000000000001998e+00,9.647990431785895549e-01,9.650639661726997387e-01,9.650733512619268373e-01,9.650743566214456948e-01,9.650743566214452507e-01,9.650745758705588928e-01,9.650746215691635710e-01,9.650745758705587818e-01,9.650743566214453617e-01,9.650733512619268373e-01,9.650639661726998497e-01,9.647990431785895549e-01,1.000000000000001998e+00,9.647990431785895549e-01,9.650639661726998497e-01,9.650733512619269483e-01,9.650733512619265042e-01,9.650743566214454727e-01,9.650745758705587818e-01,9.650746215691633489e-01,9.650745758705583377e-01,9.650743566214453617e-01,9.650733512619267263e-01,9.650639661726997387e-01,9.647990431785895549e-01,1.000000000000001998e+00,9.647990431785894438e-01,9.650639661726998497e-01,9.650639661726994056e-01,9.650733512619268373e-01,9.650743566214454727e-01,9.650745758705586708e-01,9.650746215691631269e-01,9.650745758705585597e-01,9.650743566214454727e-01,9.650733512619268373e-01,9.650639661726998497e-01,9.647990431785894438e-01,1.000000000000001998e+00,9.647990431785894438e-01,9.647990431785889998e-01,9.650639661726997387e-01,9.650733512619267263e-01,9.650743566214454727e-01,9.650745758705586708e-01,9.650746215691634600e-01,9.650745758705588928e-01,9.650743566214456948e-01,9.650733512619269483e-01,9.650639661726998497e-01,9.647990431785894438e-01,1.000000000000001998e+00
1.000000000000003331e+00,9.624653461602094007e-01,9.627684312580085946e-01,9.627754742207400573e-01,9.627762663314942682e-01,9.627764394760200961e-01,9.627764754526039193e-01,9.627764394760200961e-01,9.627762663314943792e-01,9.627754742207400573e-01,9.627684312580087056e-01,9.624653461602094007e-01,9.624653461602094007e-01,1.000000000000003331e+00,9.624653461602097337e-01,9.627684312580091497e-01,9.627754742207405014e-01,9.627762663314946012e-01,9.627764394760203182e-01,9.627764754526041413e-01,9.627764394760204292e-01,9.627762663314943792e-01,9.627754742207401684e-01,9.627684312580089276e-01,9.627684312580085946e-01,9.624653461602097337e-01,1.000000000000003331e+00,9.624653461602098448e-01,9.627684312580090387e-01,9.627754742207403904e-01,9.627762663314944902e-01,9.627764394760203182e-01,9.627764754526042523e-01,9.627764394760202071e-01,9.627762663314944902e-01,9.627754742207405014e-01,9.627754742207400573e-01,9.627684312580091497e-01,9.624653461602098448e-01,1.000000000000003331e+00,9.624653461602097337e-01,9.627684312580091497e-01,9.627754742207403904e-01,9.627762663314947122e-01,9.627764394760205402e-01,9.627764754526042523e-01,9.627764394760204292e-01,9.627762663314947122e-01,9.627762663314942682e-01,9.627754742207405014e-01,9.627684312580090387e-01,9.624653461602097337e-01,1.000000000000003331e+00,9.624653461602097337e-01,9.627684312580090387e-01,9.627754742207403904e-01,9.627762663314947122e-01,9.627764394760203182e-01,9.627764754526041413e-01,9.627764394760203182e-01,9.627764394760200961e-01,9.627762663314946012e-01,9.627754742207403904e-01,9.627684312580091497e-01,9.624653461602097337e-01,1.000000000000003331e+00,9.624653461602098448e-01,9.627684312580091497e-01,9.627754742207406125e-01,9.627762663314946012e-01,9.627764394760204292e-01,9.627764754526043633e-01,9.627764754526039193e-01,9.627764394760203182e-01,9.627762663314944902e-01,9.627754742207403904e-01,9.627684312580090387e-01,9.624653461602098448e-01,1.000000000000003331e+00,9.624653461602096227e-01,9.627684312580090387e-01,9.627754742207401684e-01,9.627762663314943792e-01,9.627764394760203182e-01,9.627764394760200961e-01,9.627764754526041413e-01,9.627764394760203182e-01,9.627762663314947122e-01,9.627754742207403904e-01,9.627684312580091497e-01,9.624653461602096227e-01,1.000000000000003331e+00,9.624653461602098448e-01,9.627684312580088166e-01,9.627754742207402794e-01,9.627762663314946012e-01,9.627762663314943792e-01,9.627764394760204292e-01,9.627764754526042523e-01,9.627764394760205402e-01,9.627762663314947122e-01,9.627754742207406125e-01,9.627684312580090387e-01,9.624653461602098448e-01,1.000000000000003331e+00,9.624653461602097337e-01,9.627684312580089276e-01,9.627754742207403904e-01,9.627754742207400573e-01,9.627762663314943792e-01,9.627764394760202071e-01,9.627764754526042523e-01,9.627764394760203182e-01,9.627762663314946012e-01,9.627754742207401684e-01,9.627684312580088166e-01,9.624653461602097337e-01,1.000000000000003331e+00,9.624653461602095117e-01,9.627684312580089276e-01,9.627684312580087056e-01,9.627754742207401684e-01,9.627762663314944902e-01,9.627764394760204292e-01,9.627764754526041413e-01,9.627764394760204292e-01,9.627762663314943792e-01,9.627754742207402794e-01,9.627684312580089276e-01,9.624653461602095117e-01,1.000000000000003331e+00,9.624653461602097337e-01,9.624653461602094007e-01,9.627684312580089276e-01,9.627754742207405014e-01,9.627762663314947122e-01,9.627764394760203182e-01,9.627764754526043633e-01,9.627764394760203182e-01,9.627762663314946012e-01,9.627754742207403904e-01,9.627684312580089276e-01,9.624653461602097337e-01,1.000000000000003331e+00
1.000000000000004885e+00,9.542802395745948463e-01,9.547147968508798987e-01,9.547268445537607784e-01,9.547281903296247485e-01,9.547284858663876994e-01,9.547285478829020677e-01,9.547284858663875884e-01,9.547281903296249705e-01,9.547268445537607784e-01,9.547147968508797877e-01,9.542802395745950683e-01,9.542802395745948463e-01,1.000000000000004885e+00,9.542802395745952904e-01,9.547147968508800098e-01,9.547268445537608894e-01,9.547281903296250816e-01,9.547284858663878104e-01,9.547285478829022898e-01,9.547284858663878104e-01,9.547281903296249705e-01,9.547268445537610004e-01,9.547147968508798987e-01,9.547147968508798987e-01,9.542802395745952904e-01,1.000000000000004885e+00,9.542802395745950683e-01,9.547147968508796767e-01,9.547268445537608894e-01,9.547281903296249705e-01,9.547284858663876994e-01,9.547285478829021788e-01,9.547284858663876994e-01,9.547281903296248595e-01,9.547268445537610004e-01,9.547268445537607784e-01,9.547147968508800098e-01,9.542802395745950683e-01,1.000000000000004885e+00,9.542802395745950683e-01,9.547147968508800098e-01,9.547268445537607784e-01,9.547281903296248595e-01,9.547284858663875884e-01,9.547285478829019567e-01,9.547284858663875884e-01,9.547281903296248595e-01,9.547281903296247485e-01,9.547268445537608894e-01,9.547147968508796767e-01,9.542802395745950683e-01,1.000000000000004885e+00,9.542802395745951793e-01,9.547147968508798987e-01,9.547268445537608894e-01,9.547281903296249705e-01,9.547284858663875884e-01,9.547285478829020677e-01,9.547284858663875884e-01,9.547284858663876994e-01,9.547281903296250816e-01,9.547268445537608894e-01,9.547147968508800098e-01,9.542802395745951793e-01,1.000000000000004885e+00,9.542802395745951793e-01,9.547147968508800098e-01,9.547268445537610004e-01,9.547281903296249705e-01,9.547284858663876994e-01,9.547285478829022898e-01,9.547285478829020677e-01,9.547284858663878104e-01,9.547281903296249705e-01,9.547268445537607784e-01,9.547147968508798987e-01,9.542802395745951793e-01,1.000000000000004885e+00,9.542802395745951793e-01,9.547147968508801208e-01,9.547268445537610004e-01,9.547281903296250816e-01,9.547284858663878104e-01,9.547284858663875884e-01,9.547285478829022898e-01,9.547284858663876994e-01,9.547281903296248595e-01,9.547268445537608894e-01,9.547147968508800098e-01,9.542802395745951793e-01,1.000000000000004885e+00,9.542802395745951793e-01,9.547147968508800098e-01,9.547268445537610004e-01,9.547281903296250816e-01,9.547281903296249705e-01,9.547284858663878104e-01,9.547285478829021788e-01,9.547284858663875884e-01,9.547281903296249705e-01,9.547268445537610004e-01,9.547147968508801208e-01,9.542802395745951793e-01,1.000000000000004885e+00,9.542802395745950683e-01,9.547147968508800098e-01,9.547268445537610004e-01,9.547268445537607784e-01,9.547281903296249705e-01,9.547284858663876994e-01,9.547285478829019567e-01,9.547284858663875884e-01,9.547281903296249705e-01,9.547268445537610004e-01,9.547147968508800098e-01,9.542802395745950683e-01,1.000000000000004885e+00,9.542802395745951793e-01,9.547147968508798987e-01,9.547147968508797877e-01,9.547268445537610004e-01,9.547281903296248595e-01,9.547284858663875884e-01,9.547285478829020677e-01,9.547284858663876994e-01,9.547281903296250816e-01,9.547268445537610004e-01,9.547147968508800098e-01,9.542802395745951793e-01,1.000000000000004885e+00,9.542802395745949573e-01,9.542802395745950683e-01,9.547147968508798987e-01,9.547268445537610004e-01,9.547281903296248595e-01,9.547284858663875884e-01,9.547285478829022898e-01,9.547284858663878104e-01,9.547281903296250816e-01,9.547268445537610004e-01,9.547147968508798987e-01,9.542802395745949573e-01,1.000000000000004885e+00
1.000000000000002665e+00,9.351792624493042716e-01,9.360508978841020067e-01,9.360698873492770966e-01,9.360723096852290315e-01,9.360728658943481273e-01,9.360729824211084793e-01,9.360728658943481273e-01,9.360723096852290315e-01,9.360698873492770966e-01,9.360508978841021177e-01,9.351792624493042716e-01,9.351792624493042716e-01,1.000000000000002665e+00,9.351792624493044936e-01,9.360508978841022287e-01,9.360698873492773187e-01,9.360723096852292535e-01,9.360728658943483493e-01,9.360729824211087013e-01,9.360728658943484604e-01,9.360723096852292535e-01,9.360698873492773187e-01,9.360508978841023398e-01,9.360508978841020067e-01,9.351792624493044936e-01,1.000000000000002665e+00,9.351792624493042716e-01,9.360508978841024508e-01,9.360698873492773187e-01,9.360723096852291425e-01,9.360728658943482383e-01,9.360729824211085903e-01,9.360728658943481273e-01,9.360723096852291425e-01,9.360698873492773187e-01,9.360698873492770966e-01,9.360508978841022287e-01,9.351792624493042716e-01,1.000000000000002665e+00,9.351792624493042716e-01,9.360508978841023398e-01,9.360698873492774297e-01,9.360723096852293645e-01,9.360728658943483493e-01,9.360729824211085903e-01,9.360728658943482383e-01,9.360723096852292535e-01,9.360723096852290315e-01,9.360698873492773187e-01,9.360508978841024508e-01,9.351792624493042716e-01,1.000000000000002665e+00,9.351792624493040496e-01,9.360508978841022287e-01,9.360698873492773187e-01,9.360723096852292535e-01,9.360728658943481273e-01,9.360729824211084793e-01,9.360728658943482383e-01,9.360728658943481273e-01,9.360723096852292535e-01,9.360698873492773187e-01,9.360508978841023398e-01,9.351792624493040496e-01,1.000000000000002665e+00,9.351792624493042716e-01,9.360508978841022287e-01,9.360698873492773187e-01,9.360723096852291425e-01,9.360728658943481273e-01,9.360729824211085903e-01,9.360729824211084793e-01,9.360728658943483493e-01,9.360723096852291425e-01,9.360698873492774297e-01,9.360508978841022287e-01,9.351792624493042716e-01,1.000000000000002665e+00,9.351792624493042716e-01,9.360508978841023398e-01,9.360698873492773187e-01,9.360723096852291425e-01,9.360728658943483493e-01,9.360728658943481273e-01,9.360729824211087013e-01,9.360728658943482383e-01,9.360723096852293645e-01,9.360698873492773187e-01,9.360508978841022287e-01,9.351792624493042716e-01,1.000000000000002665e+00,9.351792624493043826e-01,9.360508978841022287e-01,9.360698873492772076e-01,9.360723096852292535e-01,9.360723096852290315e-01,9.360728658943484604e-01,9.360729824211085903e-01,9.360728658943483493e-01,9.360723096852292535e-01,9.360698873492773187e-01,9.360508978841023398e-01,9.351792624493043826e-01,1.000000000000002665e+00,9.351792624493042716e-01,9.360508978841022287e-01,9.360698873492774297e-01,9.360698873492770966e-01,9.360723096852292535e-01,9.360728658943481273e-01,9.360729824211085903e-01,9.360728658943481273e-01,9.360723096852291425e-01,9.360698873492773187e-01,9.360508978841022287e-01,9.351792624493042716e-01,1.000000000000002665e+00,9.351792624493042716e-01,9.360508978841022287e-01,9.360508978841021177e-01,9.360698873492773187e-01,9.360723096852291425e-01,9.360728658943482383e-01,9.360729824211084793e-01,9.360728658943481273e-01,9.360723096852291425e-01,9.360698873492772076e-01,9.360508978841022287e-01,9.351792624493042716e-01,1.000000000000002665e+00,9.351792624493043826e-01,9.351792624493042716e-01,9.360508978841023398e-01,9.360698873492773187e-01,9.360723096852292535e-01,9.360728658943482383e-01,9.360729824211085903e-01,9.360728658943483493e-01,9.360723096852292535e-01,9.360698873492774297e-01,9.360508978841022287e-01,9.351792624493043826e-01,1.000000000000002665e+00
