1.000000000000001554e+00,1.000000000000001554e+00,1.000000000000001554e+00,1.000000000000001554e+00,1.000000000000001554e+00,1.000000000000001554e+00,1.000000000000001554e+00,1.000000000000001554e+00,1.000000000000001554e+00,1.000000000000001554e+00,1.000000000000001554e+00,1.000000000000001554e+00,1.000000000000001554e+00,1.000000000000001554e+00,1.000000000000001554e+00,1.000000000000001554e+00,1.000000000000001554e+00,1.000000000000001554e+00,1.000000000000001554e+00,1.000000000000001554e+00,1.000000000000001554e+00,1.000000000000001554e+00,1.000000000000001554e+00,1.000000000000001554e+00,1.000000000000001554e+00,1.000000000000001554e+00,1.000000000000001554e+00,1.000000000000001554e+00,1.000000000000001554e+00,1.000000000000001554e+00,1.000000000000001554e+00,1.000000000000001554e+00,1.000000000000001554e+00,1.000000000000001554e+00,1.000000000000001554e+00,1.000000000000001554e+00,1.000000000000001554e+00,1.000000000000001554e+00,1.000000000000001554e+00,1.000000000000001554e+00,1.000000000000001554e+00,1.000000000000001554e+00,1.000000000000001554e+00,1.000000000000001554e+00,1.000000000000001554e+00,1.000000000000001554e+00,1.000000000000001554e+00,1.000000000000001554e+00,1.000000000000001554e+00,1.000000000000001554e+00,1.000000000000001554e+00,1.000000000000001554e+00,1.000000000000001554e+00,1.000000000000001554e+00,1.000000000000001554e+00,1.000000000000001554e+00,1.000000000000001554e+00,1.000000000000001554e+00,1.000000000000001554e+00,1.000000000000001554e+00,1.000000000000001554e+00,1.000000000000001554e+00,1.000000000000001554e+00,1.000000000000001554e+00,1.000000000000001554e+00,1.000000000000001554e+00,1.000000000000001554e+00,1.000000000000001554e+00,1.000000000000001554e+00,1.000000000000001554e+00,1.000000000000001554e+00,1.000000000000001554e+00,1.000000000000001554e+00,1.000000000000001554e+00,1.000000000000001554e+00,1.000000000000001554e+00,1.000000000000001554e+00,1.000000000000001554e+00,1.000000000000001554e+00,1.000000000000001554e+00,1.000000000000001554e+00,1.000000000000001554e+00,1.000000000000001554e+00,1.000000000000001554e+00,1.000000000000001554e+00,1.000000000000001554e+00,1.000000000000001554e+00,1.000000000000001554e+00,1.000000000000001554e+00,1.000000000000001554e+00,1.000000000000001554e+00,1.000000000000001554e+00,1.000000000000001554e+00,1.000000000000001554e+00,1.000000000000001554e+00,1.000000000000001554e+00,1.000000000000001554e+00,1.000000000000001554e+00,1.000000000000001554e+00,1.000000000000001554e+00,1.000000000000001554e+00,1.000000000000001554e+00,1.000000000000001554e+00,1.000000000000001554e+00,1.000000000000001554e+00,1.000000000000001554e+00,1.000000000000001554e+00,1.000000000000001554e+00,1.000000000000001554e+00,1.000000000000001554e+00,1.000000000000001554e+00,1.000000000000001554e+00,1.000000000000001554e+00,1.000000000000001554e+00,1.000000000000001554e+00,1.000000000000001554e+00,1.000000000000001554e+00,1.000000000000001554e+00,1.000000000000001554e+00,1.000000000000001554e+00,1.000000000000001554e+00,1.000000000000001554e+00,1.000000000000001554e+00,1.000000000000001554e+00,1.000000000000001554e+00,1.000000000000001554e+00,1.000000000000001554e+00,1.000000000000001554e+00,1.000000000000001554e+00,1.000000000000001554e+00,1.000000000000001554e+00,1.000000000000001554e+00,1.000000000000001554e+00,1.000000000000001554e+00,1.000000000000001554e+00,1.000000000000001554e+00,1.000000000000001554e+00,1.000000000000001554e+00,1.000000000000001554e+00,1.000000000000001554e+00,1.000000000000001554e+00,1.000000000000001554e+00,1.000000000000001554e+00,1.000000000000001554e+00,1.000000000000001554e+00,1.000000000000001554e+00,1.000000000000001554e+00,1.000000000000001554e+00,1.000000000000001554e+00,1.000000000000001554e+00,1.000000000000001554e+00,1.000000000000001554e+00,1.000000000000001554e+00,1.000000000000001554e+00,1.000000000000001554e+00,1.000000000000001554e+00,1.000000000000001554e+00,1.000000000000001554e+00,1.000000000000001554e+00,1.000000000000001554e+00,1.000000000000001554e+00,1.000000000000001554e+00,1.000000000000001554e+00,1.000000000000001554e+00,1.000000000000001554e+00,1.000000000000001554e+00,1.000000000000001554e+00,1.000000000000001554e+00,1.000000000000001554e+00,1.000000000000001554e+00,1.000000000000001554e+00,1.000000000000001554e+00,1.000000000000001554e+00,1.000000000000001554e+00,1.000000000000001554e+00,1.000000000000001554e+00,1.000000000000001554e+00,1.000000000000001554e+00,1.000000000000001554e+00,1.000000000000001554e+00,1.000000000000001554e+00,1.000000000000001554e+00,1.000000000000001554e+00,1.000000000000001554e+00,1.000000000000001554e+00,1.000000000000001554e+00,1.000000000000001554e+00,1.000000000000001554e+00,1.000000000000001554e+00,1.000000000000001554e+00,1.000000000000001554e+00,1.000000000000001554e+00,1.000000000000001554e+00,1.000000000000001554e+00,1.000000000000001554e+00,1.000000000000001554e+00,1.000000000000001554e+00,1.000000000000001554e+00,1.000000000000001554e+00,1.000000000000001554e+00,1.000000000000001554e+00,1.000000000000001554e+00,1.000000000000001554e+00,1.000000000000001554e+00,1.000000000000001554e+00,1.000000000000001554e+00,1.000000000000001554e+00,1.000000000000001554e+00,1.000000000000001554e+00,1.000000000000001554e+00,1.000000000000001554e+00,1.000000000000001554e+00,1.000000000000001554e+00,1.000000000000001554e+00,1.000000000000001554e+00,1.000000000000001554e+00,1.000000000000001554e+00,1.000000000000001554e+00,1.000000000000001554e+00,1.000000000000001554e+00,1.000000000000001554e+00,1.000000000000001554e+00,1.000000000000001554e+00,1.000000000000001554e+00,1.000000000000001554e+00,1.000000000000001554e+00,1.000000000000001554e+00,1.000000000000001554e+00,1.000000000000001554e+00,1.000000000000001554e+00,1.000000000000001554e+00,1.000000000000001554e+00,1.000000000000001554e+00,1.000000000000001554e+00,1.000000000000001554e+00,1.000000000000001554e+00,1.000000000000001554e+00,1.000000000000001554e+00,1.000000000000001554e+00,1.000000000000001554e+00,1.000000000000001554e+00,1.000000000000001554e+00,1.000000000000001554e+00,1.000000000000001554e+00,1.000000000000001554e+00,1.000000000000001554e+00,1.000000000000001554e+00,1.000000000000001554e+00,1.000000000000001554e+00,1.000000000000001554e+00,1.000000000000001554e+00,1.000000000000001554e+00,1.000000000000001554e+00,1.000000000000001554e+00,1.000000000000001554e+00,1.000000000000001554e+00
1.000000000000000444e+00,9.993334070513906209e-01,9.993334865719247784e-01,9.993334899394891169e-01,9.993334902554622534e-01,9.993334903161313898e-01,9.993334903334544217e-01,9.993334903393761293e-01,9.993334903408849224e-01,9.993334903393763513e-01,9.993334903334543107e-01,9.993334903161311678e-01,9.993334902554630306e-01,9.993334899394890058e-01,9.993334865719242233e-01,9.993334070513903988e-01,9.993334070513906209e-01,1.000000000000000444e+00,9.993334070513909539e-01,9.993334865719242233e-01,9.993334899394882287e-01,9.993334902554619203e-01,9.993334903161318339e-01,9.993334903334540886e-01,9.993334903393756852e-01,9.993334903408849224e-01,9.993334903393757962e-01,9.993334903334535335e-01,9.993334903161319449e-01,9.993334902554624755e-01,9.993334899394885618e-01,9.993334865719235571e-01,9.993334865719247784e-01,9.993334070513909539e-01,1.000000000000000444e+00,9.993334070513916201e-01,9.993334865719245563e-01,9.993334899394891169e-01,9.993334902554634747e-01,9.993334903161327221e-01,9.993334903334547548e-01,9.993334903393770174e-01,9.993334903408855885e-01,9.993334903393762403e-01,9.993334903334553099e-01,9.993334903161328331e-01,9.993334902554632526e-01,9.993334899394891169e-01,9.993334899394891169e-01,9.993334865719242233e-01,9.993334070513916201e-01,1.000000000000000444e+00,9.993334070513907319e-01,9.993334865719240012e-01,9.993334899394892279e-01,9.993334902554630306e-01,9.993334903161321670e-01,9.993334903334547548e-01,9.993334903393764623e-01,9.993334903408845893e-01,9.993334903393766844e-01,9.993334903334547548e-01,9.993334903161322780e-01,9.993334902554624755e-01,9.993334902554622534e-01,9.993334899394882287e-01,9.993334865719245563e-01,9.993334070513907319e-01,1.000000000000000444e+00,9.993334070513900658e-01,9.993334865719240012e-01,9.993334899394886728e-01,9.993334902554622534e-01,9.993334903161319449e-01,9.993334903334539776e-01,9.993334903393751301e-01,9.993334903408850334e-01,9.993334903393760182e-01,9.993334903334538666e-01,9.993334903161312788e-01,9.993334903161313898e-01,9.993334902554619203e-01,9.993334899394891169e-01,9.993334865719240012e-01,9.993334070513900658e-01,1.000000000000000444e+00,9.993334070513906209e-01,9.993334865719238902e-01,9.993334899394884507e-01,9.993334902554624755e-01,9.993334903161316118e-01,9.993334903334534225e-01,9.993334903393761293e-01,9.993334903408848113e-01,9.993334903393759072e-01,9.993334903334535335e-01,9.993334903334544217e-01,9.993334903161318339e-01,9.993334902554634747e-01,9.993334899394892279e-01,9.993334865719240012e-01,9.993334070513906209e-01,1.000000000000000444e+00,9.993334070513911760e-01,9.993334865719243343e-01,9.993334899394893389e-01,9.993334902554629195e-01,9.993334903161317229e-01,9.993334903334549768e-01,9.993334903393766844e-01,9.993334903408853664e-01,9.993334903393760182e-01,9.993334903393761293e-01,9.993334903334540886e-01,9.993334903161327221e-01,9.993334902554630306e-01,9.993334899394886728e-01,9.993334865719238902e-01,9.993334070513911760e-01,1.000000000000000444e+00,9.993334070513909539e-01,9.993334865719245563e-01,9.993334899394891169e-01,9.993334902554622534e-01,9.993334903161326110e-01,9.993334903334547548e-01,9.993334903393764623e-01,9.993334903408848113e-01,9.993334903408849224e-01,9.993334903393756852e-01,9.993334903334547548e-01,9.993334903161321670e-01,9.993334902554622534e-01,9.993334899394884507e-01,9.993334865719243343e-01,9.993334070513909539e-01,1.000000000000000444e+00,9.993334070513910650e-01,9.993334865719241122e-01,9.993334899394883397e-01,9.993334902554630306e-01,9.993334903161322780e-01,9.993334903334544217e-01,9.993334903393756852e-01,9.993334903393763513e-01,9.993334903408849224e-01,9.993334903393770174e-01,9.993334903334547548e-01,9.993334903161319449e-01,9.993334902554624755e-01,9.993334899394893389e-01,9.993334865719245563e-01,9.993334070513910650e-01,1.000000000000000444e+00,9.993334070513911760e-01,9.993334865719238902e-01,9.993334899394895610e-01,9.993334902554632526e-01,9.993334903161323890e-01,9.993334903334543107e-01,9.993334903334543107e-01,9.993334903393757962e-01,9.993334903408855885e-01,9.993334903393764623e-01,9.993334903334539776e-01,9.993334903161316118e-01,9.993334902554629195e-01,9.993334899394891169e-01,9.993334865719241122e-01,9.993334070513911760e-01,1.000000000000000444e+00,9.993334070513903988e-01,9.993334865719246674e-01,9.993334899394892279e-01,9.993334902554628085e-01,9.993334903161317229e-01,9.993334903161311678e-01,9.993334903334535335e-01,9.993334903393762403e-01,9.993334903408845893e-01,9.993334903393751301e-01,9.993334903334534225e-01,9.993334903161317229e-01,9.993334902554622534e-01,9.993334899394883397e-01,9.993334865719238902e-01,9.993334070513903988e-01,1.000000000000000444e+00,9.993334070513906209e-01,9.993334865719238902e-01,9.993334899394883397e-01,9.993334902554618093e-01,9.993334902554630306e-01,9.993334903161319449e-01,9.993334903334553099e-01,9.993334903393766844e-01,9.993334903408850334e-01,9.993334903393761293e-01,9.993334903334549768e-01,9.993334903161326110e-01,9.993334902554630306e-01,9.993334899394895610e-01,9.993334865719246674e-01,9.993334070513906209e-01,1.000000000000000444e+00,9.993334070513913980e-01,9.993334865719246674e-01,9.993334899394888948e-01,9.993334899394890058e-01,9.993334902554624755e-01,9.993334903161328331e-01,9.993334903334547548e-01,9.993334903393760182e-01,9.993334903408848113e-01,9.993334903393766844e-01,9.993334903334547548e-01,9.993334903161322780e-01,9.993334902554632526e-01,9.993334899394892279e-01,9.993334865719238902e-01,9.993334070513913980e-01,1.000000000000000444e+00,9.993334070513910650e-01,9.993334865719240012e-01,9.993334865719242233e-01,9.993334899394885618e-01,9.993334902554632526e-01,9.993334903161322780e-01,9.993334903334538666e-01,9.993334903393759072e-01,9.993334903408853664e-01,9.993334903393764623e-01,9.993334903334544217e-01,9.993334903161323890e-01,9.993334902554628085e-01,9.993334899394883397e-01,9.993334865719246674e-01,9.993334070513910650e-01,1.000000000000000444e+00,9.993334070513906209e-01,9.993334070513903988e-01,9.993334865719235571e-01,9.993334899394891169e-01,9.993334902554624755e-01,9.993334903161312788e-01,9.993334903334535335e-01,9.993334903393760182e-01,9.993334903408848113e-01,9.993334903393756852e-01,9.993334903334543107e-01,9.993334903161317229e-01,9.993334902554618093e-01,9.993334899394888948e-01,9.993334865719240012e-01,9.993334070513906209e-01,1.000000000000000444e+00
1.000000000000003109e+00,9.973427952480771186e-01,9.973440590934352645e-01,9.973441118100884184e-01,9.973441167612657754e-01,9.973441177160180526e-01,9.973441179892058583e-01,9.973441180826885244e-01,9.973441181065104688e-01,9.973441180826885244e-01,9.973441179892078567e-01,9.973441177160106141e-01,9.973441167612644431e-01,9.973441118100903058e-01,9.973440590934354866e-01,9.973427952480856673e-01,9.973427952480771186e-01,1.000000000000003109e+00,9.973427952480703462e-01,9.973440590934264938e-01,9.973441118100889735e-01,9.973441167612592251e-01,9.973441177160093929e-01,9.973441179891964214e-01,9.973441180826748687e-01,9.973441181065102468e-01,9.973441180826855268e-01,9.973441179891930908e-01,9.973441177160087268e-01,9.973441167612527858e-01,9.973441118100828673e-01,9.973440590934363748e-01,9.973440590934352645e-01,9.973427952480703462e-01,1.000000000000003109e+00,9.973427952480691250e-01,9.973440590934349315e-01,9.973441118100899727e-01,9.973441167612580038e-01,9.973441177160075055e-01,9.973441179891902042e-01,9.973441180826818631e-01,9.973441181065146877e-01,9.973441180826783103e-01,9.973441179891987529e-01,9.973441177160047300e-01,9.973441167612528968e-01,9.973441118100915270e-01,9.973441118100884184e-01,9.973440590934264938e-01,9.973427952480691250e-01,1.000000000000003109e+00,9.973427952480753422e-01,9.973440590934340433e-01,9.973441118100870861e-01,9.973441167612544511e-01,9.973441177159994009e-01,9.973441179891956443e-01,9.973441180826846386e-01,9.973441181065053618e-01,9.973441180826823071e-01,9.973441179891926467e-01,9.973441177160030646e-01,9.973441167612594471e-01,9.973441167612657754e-01,9.973441118100889735e-01,9.973440590934349315e-01,9.973427952480753422e-01,1.000000000000003109e+00,9.973427952480841130e-01,9.973440590934402605e-01,9.973441118100926372e-01,9.973441167612555613e-01,9.973441177160139448e-01,9.973441179892074127e-01,9.973441180826846386e-01,9.973441181065185734e-01,9.973441180826856378e-01,9.973441179892000852e-01,9.973441177160190518e-01,9.973441177160180526e-01,9.973441167612592251e-01,9.973441118100899727e-01,9.973440590934340433e-01,9.973427952480841130e-01,1.000000000000003109e+00,9.973427952480828917e-01,9.973440590934383732e-01,9.973441118100863090e-01,9.973441167612626668e-01,9.973441177160183857e-01,9.973441179892000852e-01,9.973441180826906338e-01,9.973441181065144656e-01,9.973441180826857488e-01,9.973441179892089670e-01,9.973441179892058583e-01,9.973441177160093929e-01,9.973441167612580038e-01,9.973441118100870861e-01,9.973440590934402605e-01,9.973427952480828917e-01,1.000000000000003109e+00,9.973427952480790060e-01,9.973440590934302685e-01,9.973441118100916380e-01,9.973441167612653313e-01,9.973441177160091708e-01,9.973441179892037489e-01,9.973441180826845276e-01,9.973441181065126893e-01,9.973441180826921881e-01,9.973441180826885244e-01,9.973441179891964214e-01,9.973441177160075055e-01,9.973441167612544511e-01,9.973441118100926372e-01,9.973440590934383732e-01,9.973427952480790060e-01,1.000000000000003109e+00,9.973427952480701242e-01,9.973440590934348204e-01,9.973441118100935254e-01,9.973441167612552283e-01,9.973441177160122795e-01,9.973441179891970876e-01,9.973441180826818631e-01,9.973441181065185734e-01,9.973441181065104688e-01,9.973441180826748687e-01,9.973441179891902042e-01,9.973441177159994009e-01,9.973441167612555613e-01,9.973441118100863090e-01,9.973440590934302685e-01,9.973427952480701242e-01,1.000000000000003109e+00,9.973427952480703462e-01,9.973440590934321559e-01,9.973441118100790925e-01,9.973441167612537850e-01,9.973441177160010662e-01,9.973441179891903152e-01,9.973441180826833063e-01,9.973441180826885244e-01,9.973441181065102468e-01,9.973441180826818631e-01,9.973441179891956443e-01,9.973441177160139448e-01,9.973441167612626668e-01,9.973441118100916380e-01,9.973440590934348204e-01,9.973427952480703462e-01,1.000000000000003109e+00,9.973427952480811154e-01,9.973440590934312677e-01,9.973441118100909719e-01,9.973441167612561165e-01,9.973441177160075055e-01,9.973441179892051922e-01,9.973441179892078567e-01,9.973441180826855268e-01,9.973441181065146877e-01,9.973441180826846386e-01,9.973441179892074127e-01,9.973441177160183857e-01,9.973441167612653313e-01,9.973441118100935254e-01,9.973440590934321559e-01,9.973427952480811154e-01,1.000000000000003109e+00,9.973427952480774517e-01,9.973440590934404826e-01,9.973441118100906388e-01,9.973441167612600022e-01,9.973441177160197180e-01,9.973441177160106141e-01,9.973441179891930908e-01,9.973441180826783103e-01,9.973441181065053618e-01,9.973441180826846386e-01,9.973441179892000852e-01,9.973441177160091708e-01,9.973441167612552283e-01,9.973441118100790925e-01,9.973440590934312677e-01,9.973427952480774517e-01,1.000000000000003109e+00,9.973427952480751202e-01,9.973440590934283811e-01,9.973441118100827563e-01,9.973441167612605573e-01,9.973441167612644431e-01,9.973441177160087268e-01,9.973441179891987529e-01,9.973441180826823071e-01,9.973441181065185734e-01,9.973441180826906338e-01,9.973441179892037489e-01,9.973441177160122795e-01,9.973441167612537850e-01,9.973441118100909719e-01,9.973440590934404826e-01,9.973427952480751202e-01,1.000000000000003109e+00,9.973427952480758973e-01,9.973440590934334882e-01,9.973441118100961900e-01,9.973441118100903058e-01,9.973441167612527858e-01,9.973441177160047300e-01,9.973441179891926467e-01,9.973441180826856378e-01,9.973441181065144656e-01,9.973441180826845276e-01,9.973441179891970876e-01,9.973441177160010662e-01,9.973441167612561165e-01,9.973441118100906388e-01,9.973440590934283811e-01,9.973427952480758973e-01,1.000000000000003109e+00,9.973427952480711234e-01,9.973440590934370409e-01,9.973440590934354866e-01,9.973441118100828673e-01,9.973441167612528968e-01,9.973441177160030646e-01,9.973441179892000852e-01,9.973441180826857488e-01,9.973441181065126893e-01,9.973441180826818631e-01,9.973441179891903152e-01,9.973441177160075055e-01,9.973441167612600022e-01,9.973441118100827563e-01,9.973440590934334882e-01,9.973427952480711234e-01,1.000000000000003109e+00,9.973427952480790060e-01,9.973427952480856673e-01,9.973440590934363748e-01,9.973441118100915270e-01,9.973441167612594471e-01,9.973441177160190518e-01,9.973441179892089670e-01,9.973441180826921881e-01,9.973441181065185734e-01,9.973441180826833063e-01,9.973441179892051922e-01,9.973441177160197180e-01,9.973441167612605573e-01,9.973441118100961900e-01,9.973440590934370409e-01,9.973427952480790060e-01,1.000000000000003109e+00
9.999999999999994449e-01,9.940552890303927525e-01,9.940616167208918830e-01,9.940618740004395493e-01,9.940618982170130735e-01,9.940619029203880963e-01,9.940619042708710440e-01,9.940619047337083680e-01,9.940619048516212697e-01,9.940619047337122538e-01,9.940619042709104569e-01,9.940619029202470980e-01,9.940618982169746598e-01,9.940618740004899534e-01,9.940616167209070930e-01,9.940552890305420775e-01,9.940552890303927525e-01,9.999999999999994449e-01,9.940552890302478684e-01,9.940616167207534382e-01,9.940618740004624199e-01,9.940618982169170392e-01,9.940619029202282242e-01,9.940619042707068420e-01,9.940619047334399161e-01,9.940619048516493583e-01,9.940619047336668457e-01,9.940619042706465569e-01,9.940619029202014678e-01,9.940618982167963580e-01,9.940618740003490661e-01,9.940616167209415099e-01,9.940616167208918830e-01,9.940552890302478684e-01,9.999999999999994449e-01,9.940552890302087885e-01,9.940616167208762288e-01,9.940618740004657505e-01,9.940618982168556439e-01,9.940619029201631651e-01,9.940619042705381991e-01,9.940619047335679248e-01,9.940619048517032041e-01,9.940619047335023106e-01,9.940619042707006248e-01,9.940619029201236412e-01,9.940618982167547246e-01,9.940618740004830700e-01,9.940618740004395493e-01,9.940616167207534382e-01,9.940552890302087885e-01,9.999999999999994449e-01,9.940552890303375744e-01,9.940616167208851106e-01,9.940618740004111276e-01,9.940618982167972462e-01,9.940619029200010726e-01,9.940619042706732023e-01,9.940619047336279879e-01,9.940619048515448863e-01,9.940619047335633729e-01,9.940619042706276831e-01,9.940619029200877810e-01,9.940618982168943907e-01,9.940618982170130735e-01,9.940618740004624199e-01,9.940616167208762288e-01,9.940552890303375744e-01,9.999999999999994449e-01,9.940552890305087708e-01,9.940616167209920251e-01,9.940618740005136011e-01,9.940618982167962470e-01,9.940619029202969470e-01,9.940619042708941366e-01,9.940619047336313185e-01,9.940619048517660428e-01,9.940619047336525238e-01,9.940619042707534714e-01,9.940619029203898727e-01,9.940619029203880963e-01,9.940618982169170392e-01,9.940618740004657505e-01,9.940616167208851106e-01,9.940552890305087708e-01,9.999999999999994449e-01,9.940552890304963363e-01,9.940616167209754828e-01,9.940618740003935860e-01,9.940618982169729945e-01,9.940619029203984214e-01,9.940619042707770081e-01,9.940619047337343472e-01,9.940619048517355116e-01,9.940619047336589631e-01,9.940619042709357700e-01,9.940619042708710440e-01,9.940619029202282242e-01,9.940618982168556439e-01,9.940618740004111276e-01,9.940616167209920251e-01,9.940552890304963363e-01,9.999999999999994449e-01,9.940552890304156231e-01,9.940616167207914078e-01,9.940618740005062737e-01,9.940618982170102980e-01,9.940619029202186763e-01,9.940619042708161990e-01,9.940619047336403113e-01,9.940619048516785572e-01,9.940619047337767578e-01,9.940619047337083680e-01,9.940619042707068420e-01,9.940619029201631651e-01,9.940618982167972462e-01,9.940618740005136011e-01,9.940616167209754828e-01,9.940552890304156231e-01,9.999999999999994449e-01,9.940552890302269962e-01,9.940616167208998766e-01,9.940618740005404685e-01,9.940618982168265561e-01,9.940619029202535373e-01,9.940619042707178332e-01,9.940619047335778058e-01,9.940619048517936873e-01,9.940619048516212697e-01,9.940619047334399161e-01,9.940619042705381991e-01,9.940619029200010726e-01,9.940618982167962470e-01,9.940618740003935860e-01,9.940616167207914078e-01,9.940552890302269962e-01,9.999999999999994449e-01,9.940552890302318811e-01,9.940616167208301546e-01,9.940618740002525877e-01,9.940618982167572781e-01,9.940619029200510326e-01,9.940619042705531871e-01,9.940619047335887970e-01,9.940619047337122538e-01,9.940619048516493583e-01,9.940619047335679248e-01,9.940619042706732023e-01,9.940619029202969470e-01,9.940618982169729945e-01,9.940618740005062737e-01,9.940616167208998766e-01,9.940552890302318811e-01,9.999999999999994449e-01,9.940552890304594769e-01,9.940616167208392584e-01,9.940618740004801834e-01,9.940618982168524242e-01,9.940619029201822610e-01,9.940619042708609410e-01,9.940619042709104569e-01,9.940619047336668457e-01,9.940619048517032041e-01,9.940619047336279879e-01,9.940619042708941366e-01,9.940619029203984214e-01,9.940618982170102980e-01,9.940618740005404685e-01,9.940616167208301546e-01,9.940552890304594769e-01,9.999999999999994449e-01,9.940552890303937517e-01,9.940616167209923582e-01,9.940618740005005005e-01,9.940618982169093787e-01,9.940619029204151857e-01,9.940619029202470980e-01,9.940619042706465569e-01,9.940619047335023106e-01,9.940619048515448863e-01,9.940619047336313185e-01,9.940619042707770081e-01,9.940619029202186763e-01,9.940618982168265561e-01,9.940618740002525877e-01,9.940616167208392584e-01,9.940552890303937517e-01,9.999999999999994449e-01,9.940552890303284705e-01,9.940616167207944054e-01,9.940618740003395182e-01,9.940618982169249218e-01,9.940618982169746598e-01,9.940619029202014678e-01,9.940619042707006248e-01,9.940619047335633729e-01,9.940619048517660428e-01,9.940619047337343472e-01,9.940619042708161990e-01,9.940619029202535373e-01,9.940618982167572781e-01,9.940618740004801834e-01,9.940616167209923582e-01,9.940552890303284705e-01,9.999999999999994449e-01,9.940552890303494538e-01,9.940616167208523590e-01,9.940618740005726650e-01,9.940618740004899534e-01,9.940618982167963580e-01,9.940619029201236412e-01,9.940619042706276831e-01,9.940619047336525238e-01,9.940619048517355116e-01,9.940619047336403113e-01,9.940619042707178332e-01,9.940619029200510326e-01,9.940618982168524242e-01,9.940618740005005005e-01,9.940616167207944054e-01,9.940552890303494538e-01,9.999999999999994449e-01,9.940552890302741806e-01,9.940616167209527232e-01,9.940616167209070930e-01,9.940618740003490661e-01,9.940618982167547246e-01,9.940619029200877810e-01,9.940619042707534714e-01,9.940619047336589631e-01,9.940619048516785572e-01,9.940619047335778058e-01,9.940619042705531871e-01,9.940619029201822610e-01,9.940618982169093787e-01,9.940618740003395182e-01,9.940616167208523590e-01,9.940552890302741806e-01,9.999999999999994449e-01,9.940552890304119593e-01,9.940552890305420775e-01,9.940616167209415099e-01,9.940618740004830700e-01,9.940618982168943907e-01,9.940619029203898727e-01,9.940619042709357700e-01,9.940619047337767578e-01,9.940619048517936873e-01,9.940619047335887970e-01,9.940619042708609410e-01,9.940619029204151857e-01,9.940618982169249218e-01,9.940618740005726650e-01,9.940616167209527232e-01,9.940552890304119593e-01,9.999999999999994449e-01
1.000000000000003775e+00,9.895148712399194357e-01,9.895345645967696946e-01,9.895353367063079997e-01,9.895354096902971852e-01,9.895354240085342257e-01,9.895354281389354689e-01,9.895354295574723125e-01,9.895354299186670533e-01,9.895354295574859682e-01,9.895354281391466333e-01,9.895354240077270935e-01,9.895354096900370600e-01,9.895353367066996864e-01,9.895345645969322312e-01,9.895148712406435232e-01,9.895148712399194357e-01,1.000000000000003775e+00,9.895148712390184897e-01,9.895345645961755032e-01,9.895353367064931849e-01,9.895354096899581231e-01,9.895354240076936758e-01,9.895354281381271155e-01,9.895354295559154467e-01,9.895354299190657343e-01,9.895354295573196568e-01,9.895354281377986005e-01,9.895354240074407670e-01,9.895354096893320683e-01,9.895353367058932204e-01,9.895345645972158932e-01,9.895345645967696946e-01,9.895148712390184897e-01,1.000000000000003775e+00,9.895148712386967471e-01,9.895345645966360237e-01,9.895353367064284589e-01,9.895354096893913542e-01,9.895354240071587704e-01,9.895354281368459182e-01,9.895354295565897962e-01,9.895354299191733149e-01,9.895354295562455160e-01,9.895354281377878314e-01,9.895354240070124430e-01,9.895354096888000495e-01,9.895353367064512184e-01,9.895353367063079997e-01,9.895345645961755032e-01,9.895148712386967471e-01,1.000000000000003775e+00,9.895148712394676860e-01,9.895345645968739445e-01,9.895353367061663352e-01,9.895354096891609830e-01,9.895354240061816631e-01,9.895354281378240247e-01,9.895354295570006897e-01,9.895354299184033753e-01,9.895354295565395031e-01,9.895354281376602668e-01,9.895354240067829599e-01,9.895354096896613605e-01,9.895354096902971852e-01,9.895353367064931849e-01,9.895345645966360237e-01,9.895148712394676860e-01,1.000000000000003775e+00,9.895148712404876479e-01,9.895345645973907533e-01,9.895353367067134531e-01,9.895354096889613649e-01,9.895354240079382580e-01,9.895354281390136286e-01,9.895354295570094605e-01,9.895354299194739633e-01,9.895354295571915371e-01,9.895354281382110484e-01,9.895354240084242026e-01,9.895354240085342257e-01,9.895354096899581231e-01,9.895353367064284589e-01,9.895345645968739445e-01,9.895148712404876479e-01,1.000000000000003775e+00,9.895148712404785440e-01,9.895345645974134019e-01,9.895353367059891436e-01,9.895354096901933794e-01,9.895354240086020603e-01,9.895354281384954875e-01,9.895354295575561343e-01,9.895354299196004177e-01,9.895354295572162950e-01,9.895354281393256013e-01,9.895354281389354689e-01,9.895354240076936758e-01,9.895354096893913542e-01,9.895353367061663352e-01,9.895345645973907533e-01,9.895148712404785440e-01,1.000000000000003775e+00,9.895148712399998159e-01,9.895345645961880487e-01,9.895353367067208916e-01,9.895354096903559160e-01,9.895354240075850960e-01,9.895354281385421169e-01,9.895354295571834324e-01,9.895354299191249092e-01,9.895354295578305814e-01,9.895354295574723125e-01,9.895354281381271155e-01,9.895354240071587704e-01,9.895354096891609830e-01,9.895353367067134531e-01,9.895345645974134019e-01,9.895148712399998159e-01,1.000000000000003775e+00,9.895148712388019963e-01,9.895345645969508830e-01,9.895353367069162909e-01,9.895354096893708151e-01,9.895354240076621455e-01,9.895354281381997241e-01,9.895354295567372338e-01,9.895354299197723913e-01,9.895354299186670533e-01,9.895354295559154467e-01,9.895354281368459182e-01,9.895354240061816631e-01,9.895354096889613649e-01,9.895353367059891436e-01,9.895345645961880487e-01,9.895148712388019963e-01,1.000000000000003775e+00,9.895148712388138756e-01,9.895345645963987691e-01,9.895353367051828997e-01,9.895354096887006845e-01,9.895354240065729057e-01,9.895354281370084548e-01,9.895354295566373137e-01,9.895354295574859682e-01,9.895354299190657343e-01,9.895354295565897962e-01,9.895354281378240247e-01,9.895354240079382580e-01,9.895354096901933794e-01,9.895353367067208916e-01,9.895345645969508830e-01,9.895148712388138756e-01,1.000000000000003775e+00,9.895148712402265234e-01,9.895345645966215908e-01,9.895353367064687600e-01,9.895354096895677687e-01,9.895354240073364060e-01,9.895354281388638595e-01,9.895354281391466333e-01,9.895354295573196568e-01,9.895354299191733149e-01,9.895354295570006897e-01,9.895354281390136286e-01,9.895354240086020603e-01,9.895354096903559160e-01,9.895353367069162909e-01,9.895345645963987691e-01,9.895148712402265234e-01,1.000000000000003775e+00,9.895148712398802449e-01,9.895345645973405713e-01,9.895353367067685202e-01,9.895354096897645002e-01,9.895354240086242648e-01,9.895354240077270935e-01,9.895354281377986005e-01,9.895354295562455160e-01,9.895354299184033753e-01,9.895354295570094605e-01,9.895354281384954875e-01,9.895354240075850960e-01,9.895354096893708151e-01,9.895353367051828997e-01,9.895345645966215908e-01,9.895148712398802449e-01,1.000000000000003775e+00,9.895148712394163937e-01,9.895345645964584991e-01,9.895353367057843075e-01,9.895354096898726359e-01,9.895354096900370600e-01,9.895354240074407670e-01,9.895354281377878314e-01,9.895354295565395031e-01,9.895354299194739633e-01,9.895354295575561343e-01,9.895354281385421169e-01,9.895354240076621455e-01,9.895354096887006845e-01,9.895353367064687600e-01,9.895345645973405713e-01,9.895148712394163937e-01,1.000000000000003775e+00,9.895148712395985813e-01,9.895345645965381021e-01,9.895353367069537054e-01,9.895353367066996864e-01,9.895354096893320683e-01,9.895354240070124430e-01,9.895354281376602668e-01,9.895354295571915371e-01,9.895354299196004177e-01,9.895354295571834324e-01,9.895354281381997241e-01,9.895354240065729057e-01,9.895354096895677687e-01,9.895353367067685202e-01,9.895345645964584991e-01,9.895148712395985813e-01,1.000000000000003775e+00,9.895148712392558554e-01,9.895345645972887239e-01,9.895345645969322312e-01,9.895353367058932204e-01,9.895354096888000495e-01,9.895354240067829599e-01,9.895354281382110484e-01,9.895354295572162950e-01,9.895354299191249092e-01,9.895354295567372338e-01,9.895354281370084548e-01,9.895354240073364060e-01,9.895354096897645002e-01,9.895353367057843075e-01,9.895345645965381021e-01,9.895148712392558554e-01,1.000000000000003775e+00,9.895148712399084445e-01,9.895148712406435232e-01,9.895345645972158932e-01,9.895353367064512184e-01,9.895354096896613605e-01,9.895354240084242026e-01,9.895354281393256013e-01,9.895354295578305814e-01,9.895354299197723913e-01,9.895354295566373137e-01,9.895354281388638595e-01,9.895354240086242648e-01,9.895354096898726359e-01,9.895353367069537054e-01,9.895345645972887239e-01,9.895148712399084445e-01,1.000000000000003775e+00
9.999999999999984457e-01,9.837806507535383771e-01,9.838277994050003139e-01,9.838295614614676055e-01,9.838297292896083235e-01,9.838297626403466056e-01,9.838297723165613240e-01,9.838297756485461232e-01,9.838297764988118699e-01,9.838297756485412382e-01,9.838297723167440667e-01,9.838297626394862938e-01,9.838297292892996815e-01,9.838295614620353735e-01,9.838277994052472275e-01,9.837806507541261292e-01,9.837806507535383771e-01,9.999999999999984457e-01,9.837806507525278521e-01,9.838277994046122910e-01,9.838295614617529328e-01,9.838297292895263890e-01,9.838297626395717810e-01,9.838297723158913044e-01,9.838297756468868949e-01,9.838297764995417305e-01,9.838297756484913892e-01,9.838297723155335905e-01,9.838297626392091821e-01,9.838297292889581769e-01,9.838295614611761719e-01,9.838277994056582321e-01,9.838277994050003139e-01,9.837806507525278521e-01,9.999999999999984457e-01,9.837806507520584498e-01,9.838277994048260089e-01,9.838295614616138218e-01,9.838297292886946099e-01,9.838297626388454731e-01,9.838297723141504747e-01,9.838297756475405942e-01,9.838297764994358152e-01,9.838297756472178524e-01,9.838297723151765428e-01,9.838297626387760841e-01,9.838297292880352485e-01,9.838295614615245599e-01,9.838295614614676055e-01,9.838277994046122910e-01,9.837806507520584498e-01,9.999999999999984457e-01,9.837806507529118782e-01,9.838277994052959663e-01,9.838295614613635776e-01,9.838297292885515022e-01,9.838297626377051630e-01,9.838297723153954788e-01,9.838297756480350875e-01,9.838297764987576910e-01,9.838297756474472244e-01,9.838297723153804908e-01,9.838297626384634453e-01,9.838297292889857104e-01,9.838297292896083235e-01,9.838295614617529328e-01,9.838277994048260089e-01,9.837806507529118782e-01,9.999999999999984457e-01,9.837806507540529655e-01,9.838277994057263998e-01,9.838295614619224638e-01,9.838297292880986422e-01,9.838297626396348416e-01,9.838297723165685404e-01,9.838297756480263168e-01,9.838297764996929429e-01,9.838297756483112000e-01,9.838297723157322094e-01,9.838297626400702711e-01,9.838297626403466056e-01,9.838297292895263890e-01,9.838295614616138218e-01,9.838277994052959663e-01,9.837806507540529655e-01,9.999999999999984457e-01,9.837806507541305701e-01,9.838277994059144715e-01,9.838295614611115569e-01,9.838297292896656110e-01,9.838297626404565177e-01,9.838297723162365838e-01,9.838297756485853141e-01,9.838297765002099737e-01,9.838297756483116441e-01,9.838297723170018605e-01,9.838297723165613240e-01,9.838297626395717810e-01,9.838297292886946099e-01,9.838295614613635776e-01,9.838277994057263998e-01,9.837806507541305701e-01,9.999999999999984457e-01,9.837806507536120959e-01,9.838277994043950203e-01,9.838295614619655405e-01,9.838297292897907331e-01,9.838297626393870399e-01,9.838297723160871477e-01,9.838297756483788126e-01,9.838297764994993200e-01,9.838297756488776358e-01,9.838297756485461232e-01,9.838297723158913044e-01,9.838297626388454731e-01,9.838297292885515022e-01,9.838295614619224638e-01,9.838277994059144715e-01,9.837806507536120959e-01,9.999999999999984457e-01,9.837806507521996702e-01,9.838277994053720166e-01,9.838295614621814789e-01,9.838297292888334988e-01,9.838297626393534001e-01,9.838297723160009944e-01,9.838297756478113776e-01,9.838297765001479123e-01,9.838297764988118699e-01,9.838297756468868949e-01,9.838297723141504747e-01,9.838297626377051630e-01,9.838297292880986422e-01,9.838295614611115569e-01,9.838277994043950203e-01,9.837806507521996702e-01,9.999999999999984457e-01,9.837806507521572597e-01,9.838277994045933061e-01,9.838295614602322603e-01,9.838297292877992151e-01,9.838297626382715988e-01,9.838297723143965001e-01,9.838297756474673195e-01,9.838297756485412382e-01,9.838297764995417305e-01,9.838297756475405942e-01,9.838297723153954788e-01,9.838297626396348416e-01,9.838297292896656110e-01,9.838295614619655405e-01,9.838277994053720166e-01,9.837806507521572597e-01,9.999999999999984457e-01,9.837806507537858458e-01,9.838277994050256270e-01,9.838295614615885087e-01,9.838297292890902934e-01,9.838297626390786199e-01,9.838297723164447506e-01,9.838297723167440667e-01,9.838297756484913892e-01,9.838297764994358152e-01,9.838297756480350875e-01,9.838297723165685404e-01,9.838297626404565177e-01,9.838297292897907331e-01,9.838295614621814789e-01,9.838277994045933061e-01,9.837806507537858458e-01,9.999999999999984457e-01,9.837806507534576639e-01,9.838277994056230380e-01,9.838295614621299645e-01,9.838297292891289292e-01,9.838297626403723628e-01,9.838297626394862938e-01,9.838297723155335905e-01,9.838297756472178524e-01,9.838297764987576910e-01,9.838297756480263168e-01,9.838297723162365838e-01,9.838297626393870399e-01,9.838297292888334988e-01,9.838295614602322603e-01,9.838277994050256270e-01,9.837806507534576639e-01,9.999999999999984457e-01,9.837806507528852329e-01,9.838277994049960951e-01,9.838295614609967599e-01,9.838297292892457246e-01,9.838297292892996815e-01,9.838297626392091821e-01,9.838297723151765428e-01,9.838297756474472244e-01,9.838297764996929429e-01,9.838297756485853141e-01,9.838297723160871477e-01,9.838297626393534001e-01,9.838297292877992151e-01,9.838295614615885087e-01,9.838277994056230380e-01,9.837806507528852329e-01,9.999999999999984457e-01,9.837806507531718925e-01,9.838277994047721631e-01,9.838295614620466978e-01,9.838295614620353735e-01,9.838297292889581769e-01,9.838297626387760841e-01,9.838297723153804908e-01,9.838297756483112000e-01,9.838297765002099737e-01,9.838297756483788126e-01,9.838297723160009944e-01,9.838297626382715988e-01,9.838297292890902934e-01,9.838295614621299645e-01,9.838277994049960951e-01,9.837806507531718925e-01,9.999999999999984457e-01,9.837806507528907840e-01,9.838277994057672560e-01,9.838277994052472275e-01,9.838295614611761719e-01,9.838297292880352485e-01,9.838297626384634453e-01,9.838297723157322094e-01,9.838297756483116441e-01,9.838297764994993200e-01,9.838297756478113776e-01,9.838297723143965001e-01,9.838297626390786199e-01,9.838297292891289292e-01,9.838295614609967599e-01,9.838277994047721631e-01,9.837806507528907840e-01,9.999999999999984457e-01,9.837806507533888301e-01,9.837806507541261292e-01,9.838277994056582321e-01,9.838295614615245599e-01,9.838297292889857104e-01,9.838297626400702711e-01,9.838297723170018605e-01,9.838297756488776358e-01,9.838297765001479123e-01,9.838297756474673195e-01,9.838297723164447506e-01,9.838297626403723628e-01,9.838297292892457246e-01,9.838295614620466978e-01,9.838277994057672560e-01,9.837806507533888301e-01,9.999999999999984457e-01
