1.000000000000000000e+00,1.000000000000000000e+00,1.000000000000000000e+00,1.000000000000000000e+00,1.000000000000000000e+00,1.000000000000000000e+00,1.000000000000000000e+00,1.000000000000000000e+00,1.000000000000000000e+00,1.000000000000000000e+00,1.000000000000000000e+00,1.000000000000000000e+00,1.000000000000000000e+00,1.000000000000000000e+00,1.000000000000000000e+00,1.000000000000000000e+00,1.000000000000000000e+00,1.000000000000000000e+00,1.000000000000000000e+00,1.000000000000000000e+00,1.000000000000000000e+00,1.000000000000000000e+00,1.000000000000000000e+00,1.000000000000000000e+00,1.000000000000000000e+00,1.000000000000000000e+00,1.000000000000000000e+00,1.000000000000000000e+00,1.000000000000000000e+00,1.000000000000000000e+00,1.000000000000000000e+00,1.000000000000000000e+00,1.000000000000000000e+00,1.000000000000000000e+00,1.000000000000000000e+00,1.000000000000000000e+00,1.000000000000000000e+00,1.000000000000000000e+00,1.000000000000000000e+00,1.000000000000000000e+00,1.000000000000000000e+00,1.000000000000000000e+00,1.000000000000000000e+00,1.000000000000000000e+00,1.000000000000000000e+00,1.000000000000000000e+00,1.000000000000000000e+00,1.000000000000000000e+00,1.000000000000000000e+00,1.000000000000000000e+00,1.000000000000000000e+00,1.000000000000000000e+00,1.000000000000000000e+00,1.000000000000000000e+00,1.000000000000000000e+00,1.000000000000000000e+00,1.000000000000000000e+00,1.000000000000000000e+00,1.000000000000000000e+00,1.000000000000000000e+00,1.000000000000000000e+00,1.000000000000000000e+00,1.000000000000000000e+00,1.000000000000000000e+00,1.000000000000000000e+00,1.000000000000000000e+00,1.000000000000000000e+00,1.000000000000000000e+00,1.000000000000000000e+00,1.000000000000000000e+00,1.000000000000000000e+00,1.000000000000000000e+00,1.000000000000000000e+00,1.000000000000000000e+00,1.000000000000000000e+00,1.000000000000000000e+00,1.000000000000000000e+00,1.000000000000000000e+00,1.000000000000000000e+00,1.000000000000000000e+00,1.000000000000000000e+00,1.000000000000000000e+00,1.000000000000000000e+00,1.000000000000000000e+00,1.000000000000000000e+00,1.000000000000000000e+00,1.000000000000000000e+00,1.000000000000000000e+00,1.000000000000000000e+00,1.000000000000000000e+00,1.000000000000000000e+00,1.000000000000000000e+00,1.000000000000000000e+00,1.000000000000000000e+00,1.000000000000000000e+00,1.000000000000000000e+00,1.000000000000000000e+00,1.000000000000000000e+00,1.000000000000000000e+00,1.000000000000000000e+00,1.000000000000000000e+00,1.000000000000000000e+00,1.000000000000000000e+00,1.000000000000000000e+00,1.000000000000000000e+00,1.000000000000000000e+00,1.000000000000000000e+00,1.000000000000000000e+00,1.000000000000000000e+00,1.000000000000000000e+00,1.000000000000000000e+00,1.000000000000000000e+00,1.000000000000000000e+00,1.000000000000000000e+00,1.000000000000000000e+00,1.000000000000000000e+00,1.000000000000000000e+00,1.000000000000000000e+00,1.000000000000000000e+00,1.000000000000000000e+00,1.000000000000000000e+00,1.000000000000000000e+00,1.000000000000000000e+00,1.000000000000000000e+00,1.000000000000000000e+00,1.000000000000000000e+00,1.000000000000000000e+00,1.000000000000000000e+00,1.000000000000000000e+00,1.000000000000000000e+00,1.000000000000000000e+00,1.000000000000000000e+00,1.000000000000000000e+00,1.000000000000000000e+00,1.000000000000000000e+00,1.000000000000000000e+00,1.000000000000000000e+00,1.000000000000000000e+00,1.000000000000000000e+00,1.000000000000000000e+00,1.000000000000000000e+00,1.000000000000000000e+00,1.000000000000000000e+00,1.000000000000000000e+00,1.000000000000000000e+00,1.000000000000000000e+00,1.000000000000000000e+00,1.000000000000000000e+00,1.000000000000000000e+00,1.000000000000000000e+00,1.000000000000000000e+00,1.000000000000000000e+00,1.000000000000000000e+00,1.000000000000000000e+00,1.000000000000000000e+00,1.000000000000000000e+00,1.000000000000000000e+00,1.000000000000000000e+00,1.000000000000000000e+00,1.000000000000000000e+00,1.000000000000000000e+00,1.000000000000000000e+00,1.000000000000000000e+00,1.000000000000000000e+00,1.000000000000000000e+00,1.000000000000000000e+00,1.000000000000000000e+00,1.000000000000000000e+00,1.000000000000000000e+00,1.000000000000000000e+00,1.000000000000000000e+00,1.000000000000000000e+00,1.000000000000000000e+00,1.000000000000000000e+00,1.000000000000000000e+00,1.000000000000000000e+00,1.000000000000000000e+00,1.000000000000000000e+00,1.000000000000000000e+00,1.000000000000000000e+00,1.000000000000000000e+00,1.000000000000000000e+00,1.000000000000000000e+00,1.000000000000000000e+00,1.000000000000000000e+00,1.000000000000000000e+00,1.000000000000000000e+00,1.000000000000000000e+00,1.000000000000000000e+00,1.000000000000000000e+00,1.000000000000000000e+00,1.000000000000000000e+00,1.000000000000000000e+00,1.000000000000000000e+00,1.000000000000000000e+00,1.000000000000000000e+00,1.000000000000000000e+00,1.000000000000000000e+00,1.000000000000000000e+00,1.000000000000000000e+00,1.000000000000000000e+00,1.000000000000000000e+00,1.000000000000000000e+00,1.000000000000000000e+00,1.000000000000000000e+00,1.000000000000000000e+00,1.000000000000000000e+00,1.000000000000000000e+00,1.000000000000000000e+00,1.000000000000000000e+00,1.000000000000000000e+00,1.000000000000000000e+00,1.000000000000000000e+00,1.000000000000000000e+00,1.000000000000000000e+00,1.000000000000000000e+00,1.000000000000000000e+00,1.000000000000000000e+00,1.000000000000000000e+00,1.000000000000000000e+00,1.000000000000000000e+00,1.000000000000000000e+00,1.000000000000000000e+00,1.000000000000000000e+00,1.000000000000000000e+00
1.000000000000001776e+00,8.600028548846007093e-01,8.636431949449655532e-01,8.600287191368712891e-01,8.648028946498582670e-01,8.646566996743199063e-01,8.646613588197462619e-01,8.658180148834718759e-01,8.646962846695815941e-01,8.646749951513319488e-01,8.658106293291589761e-01,8.646797312778256028e-01,8.636846940111362336e-01,8.646569749540928829e-01,8.636854522768315778e-01,8.600028548846007093e-01,1.000000000000001776e+00,8.600028548846010423e-01,8.646430287428596984e-01,8.622845278191771934e-01,8.646430287428599204e-01,8.656523079853197800e-01,8.667794768392725890e-01,8.656523079853198910e-01,8.656501334219510735e-01,8.667835684037540345e-01,8.656501334219509625e-01,8.646569749540934380e-01,8.656298507694907274e-01,8.646569749540934380e-01,8.636431949449655532e-01,8.600028548846010423e-01,1.000000000000001776e+00,8.646566996743201283e-01,8.648028946498588221e-01,8.600287191368718442e-01,8.646962846695822602e-01,8.658180148834725420e-01,8.646613588197470390e-01,8.646797312778262690e-01,8.658106293291597533e-01,8.646749951513323929e-01,8.636854522768321329e-01,8.646569749540936600e-01,8.636846940111365667e-01,8.600287191368712891e-01,8.646430287428596984e-01,8.646566996743201283e-01,1.000000000000001776e+00,8.623103764752442224e-01,8.656415161618702392e-01,8.611184600828267754e-01,8.658376237163589728e-01,8.656766133269255814e-01,8.656361330347841498e-01,8.667890364183437057e-01,8.656713186260848181e-01,8.646749951513321708e-01,8.656501334219505184e-01,8.646797312778257139e-01,8.648028946498582670e-01,8.622845278191771934e-01,8.648028946498588221e-01,8.623103764752442224e-01,1.000000000000001776e+00,8.623103764752443334e-01,8.658323916020398414e-01,8.635531283096811173e-01,8.658323916020398414e-01,8.667890364183439278e-01,8.679118664368813407e-01,8.667890364183437057e-01,8.658106293291596423e-01,8.667835684037539234e-01,8.658106293291596423e-01,8.646566996743199063e-01,8.646430287428599204e-01,8.600287191368718442e-01,8.656415161618702392e-01,8.623103764752443334e-01,1.000000000000001776e+00,8.656766133269256924e-01,8.658376237163590838e-01,8.611184600828269975e-01,8.656713186260850401e-01,8.667890364183437057e-01,8.656361330347841498e-01,8.646797312778258249e-01,8.656501334219507404e-01,8.646749951513321708e-01,8.646613588197462619e-01,8.656523079853197800e-01,8.646962846695822602e-01,8.611184600828267754e-01,8.658323916020398414e-01,8.656766133269256924e-01,1.000000000000001776e+00,8.623640000357332136e-01,8.656860870492555371e-01,8.611184600828268865e-01,8.658323916020396194e-01,8.656766133269255814e-01,8.646613588197463729e-01,8.656523079853193359e-01,8.646962846695817051e-01,8.658180148834718759e-01,8.667794768392725890e-01,8.658180148834725420e-01,8.658376237163589728e-01,8.635531283096811173e-01,8.658376237163590838e-01,8.623640000357332136e-01,1.000000000000001776e+00,8.623640000357332136e-01,8.658376237163589728e-01,8.635531283096807842e-01,8.658376237163589728e-01,8.658180148834719869e-01,8.667794768392721450e-01,8.658180148834719869e-01,8.646962846695815941e-01,8.656523079853198910e-01,8.646613588197470390e-01,8.656766133269255814e-01,8.658323916020398414e-01,8.611184600828269975e-01,8.656860870492555371e-01,8.623640000357332136e-01,1.000000000000001776e+00,8.656766133269255814e-01,8.658323916020396194e-01,8.611184600828267754e-01,8.646962846695818161e-01,8.656523079853194469e-01,8.646613588197464839e-01,8.646749951513319488e-01,8.656501334219510735e-01,8.646797312778262690e-01,8.656361330347841498e-01,8.667890364183439278e-01,8.656713186260850401e-01,8.611184600828268865e-01,8.658376237163589728e-01,8.656766133269255814e-01,1.000000000000001776e+00,8.623103764752441114e-01,8.656415161618701282e-01,8.600287191368714002e-01,8.646430287428593653e-01,8.646566996743199063e-01,8.658106293291589761e-01,8.667835684037540345e-01,8.658106293291597533e-01,8.667890364183437057e-01,8.679118664368813407e-01,8.667890364183437057e-01,8.658323916020396194e-01,8.635531283096807842e-01,8.658323916020396194e-01,8.623103764752441114e-01,1.000000000000001776e+00,8.623103764752440004e-01,8.648028946498582670e-01,8.622845278191767493e-01,8.648028946498582670e-01,8.646797312778256028e-01,8.656501334219509625e-01,8.646749951513323929e-01,8.656713186260848181e-01,8.667890364183437057e-01,8.656361330347841498e-01,8.656766133269255814e-01,8.658376237163589728e-01,8.611184600828267754e-01,8.656415161618701282e-01,8.623103764752440004e-01,1.000000000000001776e+00,8.646566996743199063e-01,8.646430287428593653e-01,8.600287191368714002e-01,8.636846940111362336e-01,8.646569749540934380e-01,8.636854522768321329e-01,8.646749951513321708e-01,8.658106293291596423e-01,8.646797312778258249e-01,8.646613588197463729e-01,8.658180148834719869e-01,8.646962846695818161e-01,8.600287191368714002e-01,8.648028946498582670e-01,8.646566996743199063e-01,1.000000000000001776e+00,8.600028548846005982e-01,8.636431949449654422e-01,8.646569749540928829e-01,8.656298507694907274e-01,8.646569749540936600e-01,8.656501334219505184e-01,8.667835684037539234e-01,8.656501334219507404e-01,8.656523079853193359e-01,8.667794768392721450e-01,8.656523079853194469e-01,8.646430287428593653e-01,8.622845278191767493e-01,8.646430287428593653e-01,8.600028548846005982e-01,1.000000000000001776e+00,8.600028548846007093e-01,8.636854522768315778e-01,8.646569749540934380e-01,8.636846940111365667e-01,8.646797312778257139e-01,8.658106293291596423e-01,8.646749951513321708e-01,8.646962846695817051e-01,8.658180148834719869e-01,8.646613588197464839e-01,8.646566996743199063e-01,8.648028946498582670e-01,8.600287191368714002e-01,8.636431949449654422e-01,8.600028548846007093e-01,1.000000000000001776e+00
1.000000000000001110e+00,6.678432741114493920e-01,6.837084477142556516e-01,6.684689150764657750e-01,6.936221246235401150e-01,6.963350293300092364e-01,6.957603985277416303e-01,7.105301450721754897e-01,6.964111567290915961e-01,6.954886057932855303e-01,7.092816949124874926e-01,6.954797049310001977e-01,6.838605157182565675e-01,6.949645106319054522e-01,6.838677077751106337e-01,6.678432741114493920e-01,1.000000000000001110e+00,6.678432741114529447e-01,6.907684539762394271e-01,6.984691497983107622e-01,6.907684539762402043e-01,7.080325502859963205e-01,7.217043300351000390e-01,7.080325502859965425e-01,7.068019308167463599e-01,7.207960741319500153e-01,7.068019308167459158e-01,6.949645106319074506e-01,7.062434569275165552e-01,6.949645106319076726e-01,6.837084477142556516e-01,6.678432741114529447e-01,1.000000000000001110e+00,6.963350293300115679e-01,6.936221246235433346e-01,6.684689150764701049e-01,6.964111567290939275e-01,7.105301450721787093e-01,6.957603985277451830e-01,6.954797049310033064e-01,7.092816949124906012e-01,6.954886057932880838e-01,6.838677077751134092e-01,6.949645106319085608e-01,6.838605157182596761e-01,6.684689150764657750e-01,6.907684539762394271e-01,6.963350293300115679e-01,1.000000000000001110e+00,6.990926220588009610e-01,7.077634041380880259e-01,6.830506349419502854e-01,7.072462499173060024e-01,7.085538016125656480e-01,7.070594104616210185e-01,7.219721535034375748e-01,7.077153194365706224e-01,6.954886057932856414e-01,7.068019308167445836e-01,6.954797049310008639e-01,6.936221246235401150e-01,6.984691497983107622e-01,6.936221246235433346e-01,6.990926220588009610e-01,1.000000000000001110e+00,6.990926220588018491e-01,7.071951252126345011e-01,7.163376003233142830e-01,7.071951252126349452e-01,7.219721535034394622e-01,7.358883480863138704e-01,7.219721535034391291e-01,7.092816949124897130e-01,7.207960741319501263e-01,7.092816949124900461e-01,6.963350293300092364e-01,6.907684539762402043e-01,6.684689150764701049e-01,7.077634041380880259e-01,6.990926220588018491e-01,1.000000000000001110e+00,7.085538016125658700e-01,7.072462499173068906e-01,6.830506349419515066e-01,7.077153194365718436e-01,7.219721535034382409e-01,7.070594104616214626e-01,6.954797049310013080e-01,7.068019308167453607e-01,6.954886057932866406e-01,6.957603985277416303e-01,7.080325502859963205e-01,6.964111567290939275e-01,6.830506349419502854e-01,7.071951252126345011e-01,7.085538016125658700e-01,1.000000000000001110e+00,7.003207717392980758e-01,7.087038013363392563e-01,6.830506349419507295e-01,7.071951252126327248e-01,7.085538016125652039e-01,6.957603985277426295e-01,7.080325502859946551e-01,6.964111567290919291e-01,7.105301450721754897e-01,7.217043300351000390e-01,7.105301450721787093e-01,7.072462499173060024e-01,7.163376003233142830e-01,7.072462499173068906e-01,7.003207717392980758e-01,1.000000000000001110e+00,7.003207717392982978e-01,7.072462499173061135e-01,7.163376003233123956e-01,7.072462499173057804e-01,7.105301450721759338e-01,7.217043300350985957e-01,7.105301450721759338e-01,6.964111567290915961e-01,7.080325502859965425e-01,6.957603985277451830e-01,7.085538016125656480e-01,7.071951252126349452e-01,6.830506349419515066e-01,7.087038013363392563e-01,7.003207717392982978e-01,1.000000000000001110e+00,7.085538016125657590e-01,7.071951252126330578e-01,6.830506349419506185e-01,6.964111567290921512e-01,7.080325502859949882e-01,6.957603985277430736e-01,6.954886057932855303e-01,7.068019308167463599e-01,6.954797049310033064e-01,7.070594104616210185e-01,7.219721535034394622e-01,7.077153194365718436e-01,6.830506349419507295e-01,7.072462499173061135e-01,7.085538016125657590e-01,1.000000000000001110e+00,6.990926220587996287e-01,7.077634041380882479e-01,6.684689150764668852e-01,6.907684539762382059e-01,6.963350293300092364e-01,7.092816949124874926e-01,7.207960741319500153e-01,7.092816949124906012e-01,7.219721535034375748e-01,7.358883480863138704e-01,7.219721535034382409e-01,7.071951252126327248e-01,7.163376003233123956e-01,7.071951252126330578e-01,6.990926220587996287e-01,1.000000000000001110e+00,6.990926220587991846e-01,6.936221246235390048e-01,6.984691497983073205e-01,6.936221246235392268e-01,6.954797049310001977e-01,7.068019308167459158e-01,6.954886057932880838e-01,7.077153194365706224e-01,7.219721535034391291e-01,7.070594104616214626e-01,7.085538016125652039e-01,7.072462499173057804e-01,6.830506349419506185e-01,7.077634041380882479e-01,6.990926220587991846e-01,1.000000000000001110e+00,6.963350293300086813e-01,6.907684539762377618e-01,6.684689150764664411e-01,6.838605157182565675e-01,6.949645106319074506e-01,6.838677077751134092e-01,6.954886057932856414e-01,7.092816949124897130e-01,6.954797049310013080e-01,6.957603985277426295e-01,7.105301450721759338e-01,6.964111567290921512e-01,6.684689150764668852e-01,6.936221246235390048e-01,6.963350293300086813e-01,1.000000000000001110e+00,6.678432741114483928e-01,6.837084477142540972e-01,6.949645106319054522e-01,7.062434569275165552e-01,6.949645106319085608e-01,7.068019308167445836e-01,7.207960741319501263e-01,7.068019308167453607e-01,7.080325502859946551e-01,7.217043300350985957e-01,7.080325502859949882e-01,6.907684539762382059e-01,6.984691497983073205e-01,6.907684539762377618e-01,6.678432741114483928e-01,1.000000000000001110e+00,6.678432741114487259e-01,6.838677077751106337e-01,6.949645106319076726e-01,6.838605157182596761e-01,6.954797049310008639e-01,7.092816949124900461e-01,6.954886057932866406e-01,6.964111567290919291e-01,7.105301450721759338e-01,6.957603985277430736e-01,6.963350293300092364e-01,6.936221246235392268e-01,6.684689150764664411e-01,6.837084477142540972e-01,6.678432741114487259e-01,1.000000000000001110e+00
9.999999999999980016e-01,6.990475793741937061e-01,6.928622748361521477e-01,7.006676649624775655e-01,7.406273985673623717e-01,7.256750781584854204e-01,7.238532225831295630e-01,7.568754245125066671e-01,7.250029149131000938e-01,7.224331239834361762e-01,7.533410446997598209e-01,7.221332935246136397e-01,6.922290293677026973e-01,7.208728845311823674e-01,6.922242433564246289e-01,6.990475793741937061e-01,9.999999999999980016e-01,6.990475793742000343e-01,7.382937767043514787e-01,7.721632436286720580e-01,7.382937767043539212e-01,7.562477337673462197e-01,7.871967439786294873e-01,7.562477337673463307e-01,7.522695555244970356e-01,7.844833781665193628e-01,7.522695555244963694e-01,7.208728845311844768e-01,7.507058964007488067e-01,7.208728845311848099e-01,6.928622748361521477e-01,6.990475793742000343e-01,9.999999999999980016e-01,7.256750781584886401e-01,7.406273985673686999e-01,7.006676649624863362e-01,7.250029149131046458e-01,7.568754245125128843e-01,7.238532225831361133e-01,7.221332935246195239e-01,7.533410446997654830e-01,7.224331239834409502e-01,6.922242433564298469e-01,7.208728845311879185e-01,6.922290293677082484e-01,7.006676649624775655e-01,7.382937767043514787e-01,7.256750781584886401e-01,9.999999999999980016e-01,7.737723987297567829e-01,7.556134531737511706e-01,7.381658249392872850e-01,7.773916483624603302e-01,7.574664074510655265e-01,7.536671050073454614e-01,7.878878740631888311e-01,7.547529757785548243e-01,7.224331239834351770e-01,7.522695555244941490e-01,7.221332935246135287e-01,7.406273985673623717e-01,7.721632436286720580e-01,7.406273985673686999e-01,7.737723987297567829e-01,9.999999999999980016e-01,7.737723987297591144e-01,7.775381512212700130e-01,8.122767601455559427e-01,7.775381512212707902e-01,7.878878740631928279e-01,8.206412264857296801e-01,7.878878740631920508e-01,7.533410446997628185e-01,7.844833781665200290e-01,7.533410446997631515e-01,7.256750781584854204e-01,7.382937767043539212e-01,7.006676649624863362e-01,7.556134531737511706e-01,7.737723987297591144e-01,9.999999999999980016e-01,7.574664074510670808e-01,7.773916483624626617e-01,7.381658249392905047e-01,7.547529757785580440e-01,7.878878740631909405e-01,7.536671050073474598e-01,7.221332935246151941e-01,7.522695555244960364e-01,7.224331239834372864e-01,7.238532225831295630e-01,7.562477337673462197e-01,7.250029149131046458e-01,7.381658249392872850e-01,7.775381512212700130e-01,7.574664074510670808e-01,9.999999999999980016e-01,7.766801221772368091e-01,7.579791612513355759e-01,7.381658249392878401e-01,7.775381512212661272e-01,7.574664074510646383e-01,7.238532225831298961e-01,7.562477337673427780e-01,7.250029149130993167e-01,7.568754245125066671e-01,7.871967439786294873e-01,7.568754245125128843e-01,7.773916483624603302e-01,8.122767601455559427e-01,7.773916483624626617e-01,7.766801221772368091e-01,9.999999999999980016e-01,7.766801221772374753e-01,7.773916483624608853e-01,8.122767601455519459e-01,7.773916483624599971e-01,7.568754245125060010e-01,7.871967439786264897e-01,7.568754245125062230e-01,7.250029149131000938e-01,7.562477337673463307e-01,7.238532225831361133e-01,7.574664074510655265e-01,7.775381512212707902e-01,7.381658249392905047e-01,7.579791612513355759e-01,7.766801221772374753e-01,9.999999999999980016e-01,7.574664074510654155e-01,7.775381512212669044e-01,7.381658249392877291e-01,7.250029149130998718e-01,7.562477337673434441e-01,7.238532225831306732e-01,7.224331239834361762e-01,7.522695555244970356e-01,7.221332935246195239e-01,7.536671050073454614e-01,7.878878740631928279e-01,7.547529757785580440e-01,7.381658249392878401e-01,7.773916483624608853e-01,7.574664074510654155e-01,9.999999999999980016e-01,7.737723987297531192e-01,7.556134531737503934e-01,7.006676649624775655e-01,7.382937767043490362e-01,7.256750781584828669e-01,7.533410446997598209e-01,7.844833781665193628e-01,7.533410446997654830e-01,7.878878740631888311e-01,8.206412264857296801e-01,7.878878740631909405e-01,7.775381512212661272e-01,8.122767601455519459e-01,7.775381512212669044e-01,7.737723987297531192e-01,9.999999999999980016e-01,7.737723987297523420e-01,7.406273985673579308e-01,7.721632436286647305e-01,7.406273985673581528e-01,7.221332935246136397e-01,7.522695555244963694e-01,7.224331239834409502e-01,7.547529757785548243e-01,7.878878740631920508e-01,7.536671050073474598e-01,7.574664074510646383e-01,7.773916483624599971e-01,7.381658249392877291e-01,7.556134531737503934e-01,7.737723987297523420e-01,9.999999999999980016e-01,7.256750781584815346e-01,7.382937767043482591e-01,7.006676649624768993e-01,6.922290293677026973e-01,7.208728845311844768e-01,6.922242433564298469e-01,7.224331239834351770e-01,7.533410446997628185e-01,7.221332935246151941e-01,7.238532225831298961e-01,7.568754245125060010e-01,7.250029149130998718e-01,7.006676649624775655e-01,7.406273985673579308e-01,7.256750781584815346e-01,9.999999999999980016e-01,6.990475793741900423e-01,6.928622748361461525e-01,7.208728845311823674e-01,7.507058964007488067e-01,7.208728845311879185e-01,7.522695555244941490e-01,7.844833781665200290e-01,7.522695555244960364e-01,7.562477337673427780e-01,7.871967439786264897e-01,7.562477337673434441e-01,7.382937767043490362e-01,7.721632436286647305e-01,7.382937767043482591e-01,6.990475793741900423e-01,9.999999999999980016e-01,6.990475793741901533e-01,6.922242433564246289e-01,7.208728845311848099e-01,6.922290293677082484e-01,7.221332935246135287e-01,7.533410446997631515e-01,7.224331239834372864e-01,7.250029149130993167e-01,7.568754245125062230e-01,7.238532225831306732e-01,7.256750781584828669e-01,7.406273985673581528e-01,7.006676649624768993e-01,6.928622748361461525e-01,6.990475793741901533e-01,9.999999999999980016e-01
9.999999999999984457e-01,8.735964408480391130e-01,8.416574752346017707e-01,8.738684146793201934e-01,9.065521795830685514e-01,8.783603654546321415e-01,8.773384862365082304e-01,9.038935976456466959e-01,8.775439795757883354e-01,8.773061101371202319e-01,9.035666931913911570e-01,8.771080661911385690e-01,8.419541012759511611e-01,8.770369808879647788e-01,8.419684357748009607e-01,8.735964408480391130e-01,9.999999999999984457e-01,8.735964408480441090e-01,9.167803536836898193e-01,9.406763955868772120e-01,9.167803536836920397e-01,9.147854238029123897e-01,9.412908861349948975e-01,9.147854238029128338e-01,9.137519329952262792e-01,9.412463655410938657e-01,9.137519329952256131e-01,8.770369808879647788e-01,9.135937989457137975e-01,8.770369808879647788e-01,8.416574752346017707e-01,8.735964408480441090e-01,9.999999999999984457e-01,8.783603654546346950e-01,9.065521795830736584e-01,8.738684146793274099e-01,8.775439795757923322e-01,9.038935976456515808e-01,8.773384862365136705e-01,8.771080661911437870e-01,9.035666931913960420e-01,8.773061101371242287e-01,8.419684357748054016e-01,8.770369808879694418e-01,8.419541012759557130e-01,8.738684146793201934e-01,9.167803536836898193e-01,8.783603654546346950e-01,9.999999999999984457e-01,9.409462705289673989e-01,9.142901318871994309e-01,9.125602514022375100e-01,9.441787385038765690e-01,9.147351459509137639e-01,9.140219271178146032e-01,9.419253409870921301e-01,9.141506763677328395e-01,8.773061101371173454e-01,9.137519329952235037e-01,8.771080661911362375e-01,9.065521795830685514e-01,9.406763955868772120e-01,9.065521795830736584e-01,9.409462705289673989e-01,9.999999999999984457e-01,9.409462705289698414e-01,9.446182362224927465e-01,9.693605960197561044e-01,9.446182362224933016e-01,9.419253409870947946e-01,9.700317576614408965e-01,9.419253409870941285e-01,9.035666931913908240e-01,9.412463655410935326e-01,9.035666931913910460e-01,8.783603654546321415e-01,9.167803536836920397e-01,8.738684146793274099e-01,9.142901318871994309e-01,9.409462705289698414e-01,9.999999999999984457e-01,9.147351459509152072e-01,9.441787385038786784e-01,9.125602514022403966e-01,9.141506763677358371e-01,9.419253409870943505e-01,9.140219271178159355e-01,8.771080661911381249e-01,9.137519329952256131e-01,8.773061101371193438e-01,8.773384862365082304e-01,9.147854238029123897e-01,8.775439795757923322e-01,9.125602514022375100e-01,9.446182362224927465e-01,9.147351459509152072e-01,9.999999999999984457e-01,9.409508629701429649e-01,9.145465275790102266e-01,9.125602514022381762e-01,9.446182362224905260e-01,9.147351459509128757e-01,8.773384862365062320e-01,9.147854238029097251e-01,8.775439795757857819e-01,9.038935976456466959e-01,9.412908861349948975e-01,9.038935976456515808e-01,9.441787385038765690e-01,9.693605960197561044e-01,9.441787385038786784e-01,9.409508629701429649e-01,9.999999999999984457e-01,9.409508629701437421e-01,9.441787385038770131e-01,9.693605960197537730e-01,9.441787385038762359e-01,9.038935976456443644e-01,9.412908861349923439e-01,9.038935976456444754e-01,8.775439795757883354e-01,9.147854238029128338e-01,8.773384862365136705e-01,9.147351459509137639e-01,9.446182362224933016e-01,9.125602514022403966e-01,9.145465275790102266e-01,9.409508629701437421e-01,9.999999999999984457e-01,9.147351459509140970e-01,9.446182362224911921e-01,9.125602514022379541e-01,8.775439795757863370e-01,9.147854238029103913e-01,8.773384862365068981e-01,8.773061101371202319e-01,9.137519329952262792e-01,8.771080661911437870e-01,9.140219271178146032e-01,9.419253409870947946e-01,9.141506763677358371e-01,9.125602514022381762e-01,9.441787385038770131e-01,9.147351459509140970e-01,9.999999999999984457e-01,9.409462705289659556e-01,9.142901318871979877e-01,8.738684146793185281e-01,9.167803536836880429e-01,8.783603654546281447e-01,9.035666931913911570e-01,9.412463655410938657e-01,9.035666931913960420e-01,9.419253409870921301e-01,9.700317576614408965e-01,9.419253409870943505e-01,9.446182362224905260e-01,9.693605960197537730e-01,9.446182362224911921e-01,9.409462705289659556e-01,9.999999999999984457e-01,9.409462705289650675e-01,9.065521795830641105e-01,9.406763955868724381e-01,9.065521795830642215e-01,8.771080661911385690e-01,9.137519329952256131e-01,8.773061101371242287e-01,9.141506763677328395e-01,9.419253409870941285e-01,9.140219271178159355e-01,9.147351459509128757e-01,9.441787385038762359e-01,9.125602514022379541e-01,9.142901318871979877e-01,9.409462705289650675e-01,9.999999999999984457e-01,8.783603654546272566e-01,9.167803536836873768e-01,8.738684146793177510e-01,8.419541012759511611e-01,8.770369808879647788e-01,8.419684357748054016e-01,8.773061101371173454e-01,9.035666931913908240e-01,8.771080661911381249e-01,8.773384862365062320e-01,9.038935976456443644e-01,8.775439795757863370e-01,8.738684146793185281e-01,9.065521795830641105e-01,8.783603654546272566e-01,9.999999999999984457e-01,8.735964408480341170e-01,8.416574752345926669e-01,8.770369808879647788e-01,9.135937989457137975e-01,8.770369808879694418e-01,9.137519329952235037e-01,9.412463655410935326e-01,9.137519329952256131e-01,9.147854238029097251e-01,9.412908861349923439e-01,9.147854238029103913e-01,9.167803536836880429e-01,9.406763955868724381e-01,9.167803536836873768e-01,8.735964408480341170e-01,9.999999999999984457e-01,8.735964408480342280e-01,8.419684357748009607e-01,8.770369808879647788e-01,8.419541012759557130e-01,8.771080661911362375e-01,9.035666931913910460e-01,8.773061101371193438e-01,8.775439795757857819e-01,9.038935976456444754e-01,8.773384862365068981e-01,8.783603654546281447e-01,9.065521795830642215e-01,8.738684146793177510e-01,8.416574752345926669e-01,8.735964408480342280e-01,9.999999999999984457e-01
9.999999999999892308e-01,9.576665142860107949e-01,9.456094299600351638e-01,9.545901107332925850e-01,9.411904205939054524e-01,9.549868662632982064e-01,9.520691693954156376e-01,9.388317251315689838e-01,9.520932550574190412e-01,9.550584923064874276e-01,9.410597018500250766e-01,9.551280226709522037e-01,9.457284218682526777e-01,9.580221823889699673e-01,9.457354020387924720e-01,9.576665142860107949e-01,9.999999999999892308e-01,9.576665142860111279e-01,9.682119206895563046e-01,9.527267672915511465e-01,9.682119206895563046e-01,9.646510971605007922e-01,9.511866635712955542e-01,9.646510971605007922e-01,9.675115768246985715e-01,9.532426481251494721e-01,9.675115768246986825e-01,9.580221823889675248e-01,9.704684143179596045e-01,9.580221823889676358e-01,9.456094299600351638e-01,9.576665142860111279e-01,9.999999999999892308e-01,9.549868662632985394e-01,9.411904205939058965e-01,9.545901107332929181e-01,9.520932550574193742e-01,9.388317251315693168e-01,9.520691693954157486e-01,9.551280226709525367e-01,9.410597018500251876e-01,9.550584923064876497e-01,9.457354020387926941e-01,9.580221823889701893e-01,9.457284218682530108e-01,9.545901107332925850e-01,9.682119206895563046e-01,9.549868662632985394e-01,9.999999999999892308e-01,9.496471416352137984e-01,9.649861651956570530e-01,9.609772869801250783e-01,9.494995784717876752e-01,9.617598586859882337e-01,9.645803011342967137e-01,9.507920376537007945e-01,9.646816812566477717e-01,9.550584923064848741e-01,9.675115768246983494e-01,9.551280226709495391e-01,9.411904205939054524e-01,9.527267672915511465e-01,9.411904205939058965e-01,9.496471416352137984e-01,9.999999999999892308e-01,9.496471416352135764e-01,9.490602857201720921e-01,9.325454439557127051e-01,9.490602857201722031e-01,9.507920376536982410e-01,9.366297480376305495e-01,9.507920376536983520e-01,9.410597018500197475e-01,9.532426481251464745e-01,9.410597018500198585e-01,9.549868662632982064e-01,9.682119206895563046e-01,9.545901107332929181e-01,9.649861651956570530e-01,9.496471416352135764e-01,9.999999999999892308e-01,9.617598586859882337e-01,9.494995784717876752e-01,9.609772869801250783e-01,9.646816812566476607e-01,9.507920376537007945e-01,9.645803011342966027e-01,9.551280226709494281e-01,9.675115768246982384e-01,9.550584923064847631e-01,9.520691693954156376e-01,9.646510971605007922e-01,9.520932550574193742e-01,9.609772869801250783e-01,9.490602857201720921e-01,9.617598586859882337e-01,9.999999999999892308e-01,9.438553526230876178e-01,9.588424358279338255e-01,9.609772869801258555e-01,9.490602857201754228e-01,9.617598586859890109e-01,9.520691693954135282e-01,9.646510971605010143e-01,9.520932550574171538e-01,9.388317251315689838e-01,9.511866635712955542e-01,9.388317251315693168e-01,9.494995784717876752e-01,9.325454439557127051e-01,9.494995784717876752e-01,9.438553526230876178e-01,9.999999999999892308e-01,9.438553526230876178e-01,9.494995784717885634e-01,9.325454439557160358e-01,9.494995784717884524e-01,9.388317251315668743e-01,9.511866635712957763e-01,9.388317251315670964e-01,9.520932550574190412e-01,9.646510971605007922e-01,9.520691693954157486e-01,9.617598586859882337e-01,9.490602857201722031e-01,9.609772869801250783e-01,9.588424358279338255e-01,9.438553526230876178e-01,9.999999999999892308e-01,9.617598586859890109e-01,9.490602857201754228e-01,9.609772869801258555e-01,9.520932550574170428e-01,9.646510971605011253e-01,9.520691693954136392e-01,9.550584923064874276e-01,9.675115768246985715e-01,9.551280226709525367e-01,9.645803011342967137e-01,9.507920376536982410e-01,9.646816812566476607e-01,9.609772869801258555e-01,9.494995784717885634e-01,9.617598586859890109e-01,9.999999999999892308e-01,9.496471416352181283e-01,9.649861651956584963e-01,9.545901107332913638e-01,9.682119206895575259e-01,9.549868662632970961e-01,9.410597018500250766e-01,9.532426481251494721e-01,9.410597018500251876e-01,9.507920376537007945e-01,9.366297480376305495e-01,9.507920376537007945e-01,9.490602857201754228e-01,9.325454439557160358e-01,9.490602857201754228e-01,9.496471416352181283e-01,9.999999999999892308e-01,9.496471416352181283e-01,9.411904205939067847e-01,9.527267672915549213e-01,9.411904205939067847e-01,9.551280226709522037e-01,9.675115768246986825e-01,9.550584923064876497e-01,9.646816812566477717e-01,9.507920376536983520e-01,9.645803011342966027e-01,9.617598586859890109e-01,9.494995784717884524e-01,9.609772869801258555e-01,9.649861651956584963e-01,9.496471416352181283e-01,9.999999999999892308e-01,9.549868662632969851e-01,9.682119206895574148e-01,9.545901107332914748e-01,9.457284218682526777e-01,9.580221823889675248e-01,9.457354020387926941e-01,9.550584923064848741e-01,9.410597018500197475e-01,9.551280226709494281e-01,9.520691693954135282e-01,9.388317251315668743e-01,9.520932550574170428e-01,9.545901107332913638e-01,9.411904205939067847e-01,9.549868662632969851e-01,9.999999999999892308e-01,9.576665142860092406e-01,9.456094299600308339e-01,9.580221823889699673e-01,9.704684143179596045e-01,9.580221823889701893e-01,9.675115768246983494e-01,9.532426481251464745e-01,9.675115768246982384e-01,9.646510971605010143e-01,9.511866635712957763e-01,9.646510971605011253e-01,9.682119206895575259e-01,9.527267672915549213e-01,9.682119206895574148e-01,9.576665142860092406e-01,9.999999999999892308e-01,9.576665142860092406e-01,9.457354020387924720e-01,9.580221823889676358e-01,9.457284218682530108e-01,9.551280226709495391e-01,9.410597018500198585e-01,9.550584923064847631e-01,9.520932550574171538e-01,9.388317251315670964e-01,9.520691693954136392e-01,9.549868662632970961e-01,9.411904205939067847e-01,9.545901107332914748e-01,9.456094299600308339e-01,9.576665142860092406e-01,9.999999999999892308e-01
9.999999999999857891e-01,8.456428853679989199e-01,8.796467493965661744e-01,8.451105290463141184e-01,7.903928796926505962e-01,8.524106600705539938e-01,8.495037994137264459e-01,7.940052267201042069e-01,8.498476972555747411e-01,8.505858169058040374e-01,7.886138747912443403e-01,8.502972585320371923e-01,8.792132855712204709e-01,8.510663930436146440e-01,8.791991627083244332e-01,8.456428853679989199e-01,9.999999999999857891e-01,8.456428853679944790e-01,8.251179969469671915e-01,7.496897955594433727e-01,8.251179969469644160e-01,8.236681259215883344e-01,7.666628865770227508e-01,8.236681259215875572e-01,8.230265719305565053e-01,7.630751992749856827e-01,8.230265719305569494e-01,8.510663930436120905e-01,8.238653844905209356e-01,8.510663930436119795e-01,8.796467493965661744e-01,8.456428853679944790e-01,9.999999999999857891e-01,8.524106600705523284e-01,7.903928796926461553e-01,8.451105290463067909e-01,8.498476972555707443e-01,7.940052267201004321e-01,8.495037994137220050e-01,8.502972585320323073e-01,7.886138747912405655e-01,8.505858169058004847e-01,8.791991627083201033e-01,8.510663930436106472e-01,8.792132855712162520e-01,8.451105290463141184e-01,8.251179969469671915e-01,8.524106600705523284e-01,9.999999999999857891e-01,7.491650200455755026e-01,8.228021582623253893e-01,8.136342470411588312e-01,7.656355742627684036e-01,8.226315959829556546e-01,8.224082065033194722e-01,7.636641072131961083e-01,8.225980742662640788e-01,8.505858169058043705e-01,8.230265719305596139e-01,8.502972585320368593e-01,7.903928796926505962e-01,7.496897955594433727e-01,7.903928796926461553e-01,7.491650200455755026e-01,9.999999999999857891e-01,7.491650200455726161e-01,7.607857163904154785e-01,6.876050171635572639e-01,7.607857163904150344e-01,7.636641072131890029e-01,7.064215158659198357e-01,7.636641072131892249e-01,7.886138747912373459e-01,7.630751992749812418e-01,7.886138747912373459e-01,8.524106600705539938e-01,8.251179969469644160e-01,8.451105290463067909e-01,8.228021582623253893e-01,7.491650200455726161e-01,9.999999999999857891e-01,8.226315959829534341e-01,7.656355742627658501e-01,8.136342470411556116e-01,8.225980742662611922e-01,7.636641072131937769e-01,8.224082065033175848e-01,8.502972585320341947e-01,8.230265719305570604e-01,8.505858169058015950e-01,8.495037994137264459e-01,8.236681259215883344e-01,8.498476972555707443e-01,8.136342470411588312e-01,7.607857163904154785e-01,8.226315959829534341e-01,9.999999999999857891e-01,7.520673650387115217e-01,8.207262023984142063e-01,8.136342470411586092e-01,7.607857163904228059e-01,8.226315959829563207e-01,8.495037994137268900e-01,8.236681259215905548e-01,8.498476972555752962e-01,7.940052267201042069e-01,7.666628865770227508e-01,7.940052267201004321e-01,7.656355742627684036e-01,6.876050171635572639e-01,7.656355742627658501e-01,7.520673650387115217e-01,9.999999999999857891e-01,7.520673650387111886e-01,7.656355742627675154e-01,6.876050171635648134e-01,7.656355742627684036e-01,7.940052267201043179e-01,7.666628865770256374e-01,7.940052267201043179e-01,8.498476972555747411e-01,8.236681259215875572e-01,8.495037994137220050e-01,8.226315959829556546e-01,7.607857163904150344e-01,8.136342470411556116e-01,8.207262023984142063e-01,7.520673650387111886e-01,9.999999999999857891e-01,8.226315959829549884e-01,7.607857163904219178e-01,8.136342470411588312e-01,8.498476972555749631e-01,8.236681259215901107e-01,8.495037994137265569e-01,8.505858169058040374e-01,8.230265719305565053e-01,8.502972585320323073e-01,8.224082065033194722e-01,7.636641072131890029e-01,8.225980742662611922e-01,8.136342470411586092e-01,7.656355742627675154e-01,8.226315959829549884e-01,9.999999999999857891e-01,7.491650200455828301e-01,8.228021582623287200e-01,8.451105290463138964e-01,8.251179969469697451e-01,8.524106600705557701e-01,7.886138747912443403e-01,7.630751992749856827e-01,7.886138747912405655e-01,7.636641072131961083e-01,7.064215158659198357e-01,7.636641072131937769e-01,7.607857163904228059e-01,6.876050171635648134e-01,7.607857163904219178e-01,7.491650200455828301e-01,9.999999999999857891e-01,7.491650200455834963e-01,7.903928796926575906e-01,7.496897955594539198e-01,7.903928796926577016e-01,8.502972585320371923e-01,8.230265719305569494e-01,8.505858169058004847e-01,8.225980742662640788e-01,7.636641072131892249e-01,8.224082065033175848e-01,8.226315959829563207e-01,7.656355742627684036e-01,8.136342470411588312e-01,8.228021582623287200e-01,7.491650200455834963e-01,9.999999999999857891e-01,8.524106600705562142e-01,8.251179969469703002e-01,8.451105290463145625e-01,8.792132855712204709e-01,8.510663930436120905e-01,8.791991627083201033e-01,8.505858169058043705e-01,7.886138747912373459e-01,8.502972585320341947e-01,8.495037994137268900e-01,7.940052267201043179e-01,8.498476972555749631e-01,8.451105290463138964e-01,7.903928796926575906e-01,8.524106600705562142e-01,9.999999999999857891e-01,8.456428853680020286e-01,8.796467493965705042e-01,8.510663930436146440e-01,8.238653844905209356e-01,8.510663930436106472e-01,8.230265719305596139e-01,7.630751992749812418e-01,8.230265719305570604e-01,8.236681259215905548e-01,7.666628865770256374e-01,8.236681259215901107e-01,8.251179969469697451e-01,7.496897955594539198e-01,8.251179969469703002e-01,8.456428853680020286e-01,9.999999999999857891e-01,8.456428853680020286e-01,8.791991627083244332e-01,8.510663930436119795e-01,8.792132855712162520e-01,8.502972585320368593e-01,7.886138747912373459e-01,8.505858169058015950e-01,8.498476972555752962e-01,7.940052267201043179e-01,8.495037994137265569e-01,8.524106600705557701e-01,7.903928796926577016e-01,8.451105290463145625e-01,8.796467493965705042e-01,8.456428853680020286e-01,9.999999999999857891e-01
