9.999999999999998890e-01,9.859003896990465865e-01,9.859374792639494789e-01,9.859388221251235151e-01,9.859389443472932335e-01,9.859389667707284532e-01,9.859389725900162826e-01,9.859389742545682234e-01,9.859389742610734642e-01,9.859389726210792126e-01,9.859389668904878778e-01,9.859389449450118859e-01,9.859388273351871179e-01,9.859375571917881054e-01,9.858943797841041023e-01,9.859003896990465865e-01,9.999999999999998890e-01,9.859450914459829685e-01,9.859807866627244843e-01,9.859820244695982616e-01,9.859821297192438161e-01,9.859821480144480565e-01,9.859821524149973149e-01,9.859821531897147162e-01,9.859821518071071322e-01,9.859821461748240479e-01,9.859821242702557775e-01,9.859820066746085576e-01,9.859807364851418399e-01,9.859375571914208436e-01,9.859374792639494789e-01,9.859450914459829685e-01,9.999999999999998890e-01,9.859464872662927482e-01,9.859820791731401801e-01,9.859833005264835304e-01,9.859834017622349789e-01,9.859834186688862800e-01,9.859834221893774009e-01,9.859834215787011136e-01,9.859834162054453843e-01,9.859833944001520356e-01,9.859832768465903730e-01,9.859820066750051293e-01,9.859388273352168719e-01,9.859388221251235151e-01,9.859807866627244843e-01,9.859464872662927482e-01,9.999999999999998890e-01,9.859466276933843698e-01,9.859822026560670638e-01,9.859834199918542375e-01,9.859835198407678192e-01,9.859835358679441830e-01,9.859835380032386798e-01,9.859835334019999564e-01,9.859835118557717104e-01,9.859833944015217178e-01,9.859821242720294698e-01,9.859389449464157629e-01,9.859389443472932335e-01,9.859820244695982616e-01,9.859820791731401801e-01,9.859466276933843698e-01,9.999999999999998890e-01,9.859466556561068407e-01,9.859822264739852571e-01,9.859834424199510616e-01,9.859835413893334177e-01,9.859835560313381375e-01,9.859835541760921807e-01,9.859835334018881570e-01,9.859834162066992702e-01,9.859821461764813888e-01,9.859389668917769578e-01,9.859389667707284532e-01,9.859821297192438161e-01,9.859833005264835304e-01,9.859822026560670638e-01,9.859466556561068407e-01,9.999999999999998890e-01,9.859466633393979551e-01,9.859822327302291134e-01,9.859834477957257759e-01,9.859835453799041805e-01,9.859835560313655600e-01,9.859835380031403140e-01,9.859834215799706536e-01,9.859821518087743542e-01,9.859389726223865003e-01,9.859389725900162826e-01,9.859821480144480565e-01,9.859834017622349789e-01,9.859834199918542375e-01,9.859822264739852571e-01,9.859466633393979551e-01,9.999999999999998890e-01,9.859466656160993381e-01,9.859822341151522895e-01,9.859834477952159615e-01,9.859835413888520250e-01,9.859835358673346706e-01,9.859834221901477846e-01,9.859821531908878889e-01,9.859389742618797081e-01,9.859389742545682234e-01,9.859821524149973149e-01,9.859834186688862800e-01,9.859835198407678192e-01,9.859834424199510616e-01,9.859822327302291134e-01,9.859466656160993381e-01,9.999999999999998890e-01,9.859466656159686648e-01,9.859822327295952871e-01,9.859834424193412161e-01,9.859835198400354050e-01,9.859834186695282110e-01,9.859821524160413686e-01,9.859389742552430169e-01,9.859389742610734642e-01,9.859821531897147162e-01,9.859834221893774009e-01,9.859835358679441830e-01,9.859835413893334177e-01,9.859834477957257759e-01,9.859822341151522895e-01,9.859466656159686648e-01,9.999999999999998890e-01,9.859466633386332335e-01,9.859822264732424069e-01,9.859834199909951469e-01,9.859834017627505665e-01,9.859821480153538875e-01,9.859389725905618462e-01,9.859389726210792126e-01,9.859821518071071322e-01,9.859834215787011136e-01,9.859835380032386798e-01,9.859835560313381375e-01,9.859835453799041805e-01,9.859834477952159615e-01,9.859822327295952871e-01,9.859466633386332335e-01,9.999999999999998890e-01,9.859466556548569516e-01,9.859822026547018226e-01,9.859833005264984074e-01,9.859821297196482703e-01,9.859389667707656457e-01,9.859389668904878778e-01,9.859821461748240479e-01,9.859834162054453843e-01,9.859835334019999564e-01,9.859835541760921807e-01,9.859835560313655600e-01,9.859835413888520250e-01,9.859834424193412161e-01,9.859822264732424069e-01,9.859466556548569516e-01,9.999999999999998890e-01,9.859466276920367811e-01,9.859820791731700451e-01,9.859820244700279179e-01,9.859389443473582926e-01,9.859389449450118859e-01,9.859821242702557775e-01,9.859833944001520356e-01,9.859835118557717104e-01,9.859835334018881570e-01,9.859835380031403140e-01,9.859835358673346706e-01,9.859835198400354050e-01,9.859834199909951469e-01,9.859822026547018226e-01,9.859466276920367811e-01,9.999999999999998890e-01,9.859464872661989343e-01,9.859807866630375672e-01,9.859388221250647844e-01,9.859388273351871179e-01,9.859820066746085576e-01,9.859832768465903730e-01,9.859833944015217178e-01,9.859834162066992702e-01,9.859834215799706536e-01,9.859834221901477846e-01,9.859834186695282110e-01,9.859834017627505665e-01,9.859833005264984074e-01,9.859820791731700451e-01,9.859464872661989343e-01,9.999999999999998890e-01,9.859450914476743932e-01,9.859374792652692010e-01,9.859375571917881054e-01,9.859807364851418399e-01,9.859820066750051293e-01,9.859821242720294698e-01,9.859821461764813888e-01,9.859821518087743542e-01,9.859821531908878889e-01,9.859821524160413686e-01,9.859821480153538875e-01,9.859821297196482703e-01,9.859820244700279179e-01,9.859807866630375672e-01,9.859450914476743932e-01,9.999999999999998890e-01,9.859003897007704298e-01,9.858943797841041023e-01,9.859375571914208436e-01,9.859388273352168719e-01,9.859389449464157629e-01,9.859389668917769578e-01,9.859389726223865003e-01,9.859389742618797081e-01,9.859389742552430169e-01,9.859389725905618462e-01,9.859389667707656457e-01,9.859389443473582926e-01,9.859388221250647844e-01,9.859374792652692010e-01,9.859003897007704298e-01,9.999999999999998890e-01
9.999999999999985567e-01,9.658710125500926669e-01,9.661151797511018380e-01,9.661261847604425412e-01,9.661271339408423753e-01,9.661273075456863202e-01,9.661273521318042290e-01,9.661273653658607463e-01,9.661273673682961860e-01,9.661273604098942203e-01,9.661273336121720678e-01,9.661272300085443909e-01,9.661266766159211095e-01,9.661206900535009856e-01,9.659364956787965806e-01,9.658710125500926669e-01,9.999999999999985567e-01,9.660641108869055804e-01,9.663000919580222448e-01,9.663105321764078326e-01,9.663113948985577739e-01,9.663115477635275674e-01,9.663115853115363807e-01,9.663115942241825573e-01,9.663115895957251622e-01,9.663115636888562898e-01,9.663114604469025259e-01,9.663109071250498561e-01,9.663049195082363818e-01,9.661206900541799980e-01,9.661151797511018380e-01,9.660641108869055804e-01,9.999999999999985567e-01,9.660707526630629705e-01,9.663061877308635195e-01,9.663165479805634339e-01,9.663173914891114435e-01,9.663175377301512770e-01,9.663175710935252294e-01,9.663175734282181129e-01,9.663175498754024151e-01,9.663174475395653884e-01,9.663168946011799765e-01,9.663109071264537331e-01,9.661266766180170995e-01,9.661261847604425412e-01,9.663000919580222448e-01,9.660707526630629705e-01,9.999999999999985567e-01,9.660714204288397555e-01,9.663067693778810696e-01,9.663171103727682398e-01,9.663179472818000937e-01,9.663180893464191623e-01,9.663181161347729198e-01,9.663180995463116485e-01,9.663179995651630660e-01,9.663174475334678215e-01,9.663114604422237131e-01,9.661272300045623540e-01,9.661271339408423753e-01,9.663105321764078326e-01,9.663061877308635195e-01,9.660714204288397555e-01,9.999999999999985567e-01,9.660715540321007655e-01,9.663068821187574819e-01,9.663172164770191808e-01,9.663180492092247054e-01,9.663181846991056867e-01,9.663181925644739323e-01,9.663180995477538282e-01,9.663175498707343714e-01,9.663115636856081103e-01,9.661273336096185549e-01,9.661273075456863202e-01,9.663113948985577739e-01,9.663165479805634339e-01,9.663067693778810696e-01,9.660715540321007655e-01,9.999999999999985567e-01,9.660715908270305352e-01,9.663069118058591478e-01,9.663172419755389209e-01,9.663180681326104526e-01,9.663181846995162472e-01,9.663181161366096728e-01,9.663175734239523029e-01,9.663115895928705568e-01,9.661273604077312838e-01,9.661273521318042290e-01,9.663115477635275674e-01,9.663173914891114435e-01,9.663171103727682398e-01,9.663068821187574819e-01,9.660715908270305352e-01,9.999999999999985567e-01,9.660716017367232400e-01,9.663069183837762477e-01,9.663172419755557963e-01,9.663180492096485885e-01,9.663180893482626876e-01,9.663175710892838444e-01,9.663115942213622578e-01,9.661273673661566752e-01,9.661273653658607463e-01,9.663115853115363807e-01,9.663175377301512770e-01,9.663179472818000937e-01,9.663172164770191808e-01,9.663069118058591478e-01,9.660716017367232400e-01,9.999999999999985567e-01,9.660716017376322906e-01,9.663069118067754149e-01,9.663172164783360163e-01,9.663179472845455642e-01,9.663175377268071742e-01,9.663115853096112540e-01,9.661273653646152981e-01,9.661273673682961860e-01,9.663115942241825573e-01,9.663175710935252294e-01,9.663180893464191623e-01,9.663180492092247054e-01,9.663172419755389209e-01,9.663069183837762477e-01,9.660716017376322906e-01,9.999999999999985567e-01,9.660715908288743936e-01,9.663068821209587211e-01,9.663171103764108816e-01,9.663173914866601821e-01,9.663115477624755201e-01,9.661273521314367452e-01,9.661273604098942203e-01,9.663115895957251622e-01,9.663175734282181129e-01,9.663181161347729198e-01,9.663181846991056867e-01,9.663180681326104526e-01,9.663172419755557963e-01,9.663069118067754149e-01,9.660715908288743936e-01,9.999999999999985567e-01,9.660715540343693952e-01,9.663067693815555748e-01,9.663165479781441469e-01,9.663113948975352585e-01,9.661273075453502557e-01,9.661273336121720678e-01,9.663115636888562898e-01,9.663175498754024151e-01,9.663180995463116485e-01,9.663181925644739323e-01,9.663181846995162472e-01,9.663180492096485885e-01,9.663172164783360163e-01,9.663068821209587211e-01,9.660715540343693952e-01,9.999999999999985567e-01,9.660714204329802213e-01,9.663061877288359192e-01,9.663105321757943234e-01,9.661271339409156500e-01,9.661272300085443909e-01,9.663114604469025259e-01,9.663174475395653884e-01,9.663179995651630660e-01,9.663180995477538282e-01,9.663181161366096728e-01,9.663180893482626876e-01,9.663179472845455642e-01,9.663171103764108816e-01,9.663067693815555748e-01,9.660714204329802213e-01,9.999999999999985567e-01,9.660707526624559005e-01,9.663000919588489168e-01,9.661261847619493359e-01,9.661266766159211095e-01,9.663109071250498561e-01,9.663168946011799765e-01,9.663174475334678215e-01,9.663175498707343714e-01,9.663175734239523029e-01,9.663175710892838444e-01,9.663175377268071742e-01,9.663173914866601821e-01,9.663165479781441469e-01,9.663061877288359192e-01,9.660707526624559005e-01,9.999999999999985567e-01,9.660641108815396505e-01,9.661151797464899715e-01,9.661206900535009856e-01,9.663049195082363818e-01,9.663109071264537331e-01,9.663114604422237131e-01,9.663115636856081103e-01,9.663115895928705568e-01,9.663115942213622578e-01,9.663115853096112540e-01,9.663115477624755201e-01,9.663113948975352585e-01,9.663105321757943234e-01,9.663000919588489168e-01,9.660641108815396505e-01,9.999999999999985567e-01,9.658710125468645824e-01,9.659364956787965806e-01,9.661206900541799980e-01,9.661266766180170995e-01,9.661272300045623540e-01,9.661273336096185549e-01,9.661273604077312838e-01,9.661273673661566752e-01,9.661273653646152981e-01,9.661273521314367452e-01,9.661273075453502557e-01,9.661271339409156500e-01,9.661261847619493359e-01,9.661151797464899715e-01,9.658710125468645824e-01,9.999999999999985567e-01
9.999999999999982236e-01,9.312423823993478678e-01,9.322905634825453536e-01,9.323331867394919481e-01,9.323367615447046841e-01,9.323375015880208672e-01,9.323377023180577927e-01,9.323377621500771317e-01,9.323377671967256752e-01,9.323377228810836304e-01,9.323375644456421973e-01,9.323369777949892523e-01,9.323340845071486083e-01,9.323022426055240786e-01,9.313585788012129774e-01,9.312423823993478678e-01,9.999999999999982236e-01,9.322504038607223320e-01,9.332395413849274846e-01,9.332785643321243052e-01,9.332816085991967325e-01,9.332822179892829029e-01,9.332823741197208145e-01,9.332824070916240222e-01,9.332823722541244704e-01,9.332822173385885156e-01,9.332816316639577225e-01,9.332787361707578500e-01,9.332468623648867423e-01,9.323022426051461586e-01,9.322905634825453536e-01,9.322504038607223320e-01,9.999999999999982236e-01,9.322863175860708340e-01,9.332720551929670760e-01,9.333106063021546772e-01,9.333135370784241269e-01,9.333141066558160448e-01,9.333142375325723661e-01,9.333142312571944821e-01,9.333140861372209995e-01,9.333135042542040072e-01,9.333106102990644803e-01,9.332787361657625125e-01,9.323340845017604739e-01,9.323331867394919481e-01,9.332395413849274846e-01,9.322863175860708340e-01,9.999999999999982236e-01,9.322899176774198660e-01,9.332751188946455390e-01,9.333135556546271472e-01,9.333164469407706498e-01,9.333169913670548157e-01,9.333170830331736223e-01,9.333169664910102581e-01,9.333163944135370871e-01,9.333135042639516543e-01,9.332816316686756153e-01,9.323369777993011365e-01,9.323367615447046841e-01,9.332785643321243052e-01,9.332720551929670760e-01,9.322899176774198660e-01,9.999999999999982236e-01,9.322906931089551819e-01,9.332757604970307597e-01,9.333141572349246129e-01,9.333170233673321325e-01,9.333175285860317860e-01,9.333175099869790436e-01,9.333169664880879290e-01,9.333140861440724079e-01,9.332822173404093924e-01,9.323375644470611734e-01,9.323375015880208672e-01,9.332816085991967325e-01,9.333106063021546772e-01,9.332751188946455390e-01,9.322906931089551819e-01,9.999999999999982236e-01,9.322909138206297852e-01,9.332759352883643889e-01,9.333143067102832591e-01,9.333171336312835464e-01,9.333175285848432923e-01,9.333170830291108722e-01,9.333142312628904813e-01,9.332823722548123646e-01,9.323377228813616302e-01,9.323377023180577927e-01,9.332822179892829029e-01,9.333135370784241269e-01,9.333135556546271472e-01,9.332757604970307597e-01,9.322909138206297852e-01,9.999999999999982236e-01,9.322909802071137619e-01,9.332759745396068674e-01,9.333143067122620096e-01,9.333170233681258310e-01,9.333169913649881355e-01,9.333142375402172508e-01,9.332824070942368211e-01,9.323377671989554472e-01,9.323377621500771317e-01,9.332823741197208145e-01,9.333141066558160448e-01,9.333164469407706498e-01,9.333141572349246129e-01,9.332759352883643889e-01,9.322909802071137619e-01,9.999999999999982236e-01,9.322909802052626871e-01,9.332759352885372506e-01,9.333141572339269665e-01,9.333164469368905314e-01,9.333141066616631454e-01,9.332823741205411583e-01,9.323377621505204438e-01,9.323377671967256752e-01,9.332824070916240222e-01,9.333142375325723661e-01,9.333169913670548157e-01,9.333170233673321325e-01,9.333143067102832591e-01,9.332759745396068674e-01,9.322909802052626871e-01,9.999999999999982236e-01,9.322909138189443556e-01,9.332757604942596430e-01,9.333135556489462470e-01,9.333135370824781063e-01,9.332822179883594194e-01,9.323377023167377375e-01,9.323377228810836304e-01,9.332823722541244704e-01,9.333142312571944821e-01,9.333170830331736223e-01,9.333175285860317860e-01,9.333171336312835464e-01,9.333143067122620096e-01,9.332759352885372506e-01,9.322909138189443556e-01,9.999999999999982236e-01,9.322906931081006432e-01,9.332751188909151896e-01,9.333106063081492154e-01,9.332816086002182487e-01,9.323375015886512518e-01,9.323375644456421973e-01,9.332822173385885156e-01,9.333140861372209995e-01,9.333169664910102581e-01,9.333175099869790436e-01,9.333175285848432923e-01,9.333170233681258310e-01,9.333141572339269665e-01,9.332757604942596430e-01,9.322906931081006432e-01,9.999999999999982236e-01,9.322899176723589143e-01,9.332720551978299639e-01,9.332785643319633229e-01,9.323367615441492395e-01,9.323369777949892523e-01,9.332816316639577225e-01,9.333135042542040072e-01,9.333163944135370871e-01,9.333169664880879290e-01,9.333170830291108722e-01,9.333169913649881355e-01,9.333164469368905314e-01,9.333135556489462470e-01,9.332751188909151896e-01,9.322899176723589143e-01,9.999999999999982236e-01,9.322863175881037634e-01,9.332395413818490582e-01,9.323331867360487024e-01,9.323340845071486083e-01,9.332787361707578500e-01,9.333106102990644803e-01,9.333135042639516543e-01,9.333140861440724079e-01,9.333142312628904813e-01,9.333142375402172508e-01,9.333141066616631454e-01,9.333135370824781063e-01,9.333106063081492154e-01,9.332720551978299639e-01,9.322863175881037634e-01,9.999999999999982236e-01,9.322504038676376892e-01,9.322905634888629667e-01,9.323022426055240786e-01,9.332468623648867423e-01,9.332787361657625125e-01,9.332816316686756153e-01,9.332822173404093924e-01,9.332823722548123646e-01,9.332824070942368211e-01,9.332823741205411583e-01,9.332822179883594194e-01,9.332816086002182487e-01,9.332785643319633229e-01,9.332395413818490582e-01,9.322504038676376892e-01,9.999999999999982236e-01,9.312423824006743622e-01,9.313585788012129774e-01,9.323022426051461586e-01,9.323340845017604739e-01,9.323369777993011365e-01,9.323375644470611734e-01,9.323377228813616302e-01,9.323377671989554472e-01,9.323377621505204438e-01,9.323377023167377375e-01,9.323375015886512518e-01,9.323367615441492395e-01,9.323331867360487024e-01,9.322905634888629667e-01,9.312423824006743622e-01,9.999999999999982236e-01
9.999999999999995559e-01,8.796694582221492587e-01,8.830031854041039407e-01,8.831468704259683999e-01,8.831570374078474561e-01,8.831595501642357515e-01,8.831602694009901278e-01,8.831604908785886110e-01,8.831605172965156791e-01,8.831603761591552137e-01,8.831598710061452362e-01,8.831581036088929082e-01,8.831507602253392264e-01,8.830633468463648938e-01,8.801438918089670160e-01,8.796694582221492587e-01,9.999999999999995559e-01,8.828646920419672695e-01,8.859481113096228100e-01,8.860788087484223752e-01,8.860871959241629625e-01,8.860892372516254722e-01,8.860897936930663965e-01,8.860899200246320495e-01,8.860898130398812134e-01,8.860893197113892672e-01,8.860875522360092127e-01,8.860801871714754085e-01,8.859924851598682816e-01,8.830633468454323065e-01,8.830031854041039407e-01,8.828646920419672695e-01,9.999999999999995559e-01,8.829654948301736139e-01,8.860378541425033561e-01,8.861670618853969561e-01,8.861750858525697661e-01,8.861769953609686112e-01,8.861774672711437706e-01,8.861774645352858970e-01,8.861770077100049603e-01,8.861752544769645468e-01,8.861678949350668688e-01,8.860801871675462182e-01,8.831507602205391771e-01,8.831468704259683999e-01,8.859481113096228100e-01,8.829654948301736139e-01,9.999999999999995559e-01,8.829751938865805228e-01,8.860457670332743119e-01,8.861746061704254274e-01,8.861825002493897152e-01,8.861843257728759804e-01,8.861846688087958723e-01,8.861843163199740747e-01,8.861825996594233645e-01,8.861752544896995820e-01,8.860875522448461439e-01,8.831581036168447696e-01,8.831570374078474561e-01,8.860788087484223752e-01,8.860378541425033561e-01,8.829751938865805228e-01,9.999999999999995559e-01,8.829776313664040588e-01,8.860477225647327426e-01,8.861764285989846002e-01,8.861842386941645167e-01,8.861859353495404878e-01,8.861859286377482547e-01,8.861843163165258330e-01,8.861770077192550055e-01,8.860893197167489799e-01,8.831598710106182137e-01,8.831595501642357515e-01,8.860871959241629625e-01,8.861670618853969561e-01,8.860457670332743119e-01,8.829776313664040588e-01,9.999999999999995559e-01,8.829783635218692028e-01,8.860482861107804586e-01,8.861769072210545772e-01,8.861845884408815488e-01,8.861859353486807311e-01,8.861846688044662246e-01,8.861774645436756304e-01,8.860898130443671805e-01,8.831603761627173643e-01,8.831602694009901278e-01,8.860892372516254722e-01,8.861750858525697661e-01,8.861746061704254274e-01,8.860477225647327426e-01,8.829783635218692028e-01,9.999999999999995559e-01,8.829785886889101043e-01,8.860484152046107509e-01,8.861769072215646137e-01,8.861842386937963667e-01,8.861843257690207309e-01,8.861774672800390995e-01,8.860899200296463718e-01,8.831605173005870890e-01,8.831604908785886110e-01,8.860897936930663965e-01,8.861769953609686112e-01,8.861825002493897152e-01,8.861764285989846002e-01,8.860482861107804586e-01,8.829785886889101043e-01,9.999999999999995559e-01,8.829785886869160327e-01,8.860482861094093332e-01,8.861764285967287380e-01,8.861825002436627408e-01,8.861769953679962120e-01,8.860897936962021104e-01,8.831604908807947352e-01,8.831605172965156791e-01,8.860899200246320495e-01,8.861774672711437706e-01,8.861843257728759804e-01,8.861842386941645167e-01,8.861769072210545772e-01,8.860484152046107509e-01,8.829785886869160327e-01,9.999999999999995559e-01,8.829783635184315083e-01,8.860477225605448703e-01,8.861746061628195115e-01,8.861750858577013279e-01,8.860892372528279548e-01,8.831602694012538057e-01,8.831603761591552137e-01,8.860898130398812134e-01,8.861774645352858970e-01,8.861846688087958723e-01,8.861859353495404878e-01,8.861845884408815488e-01,8.861769072215646137e-01,8.860482861094093332e-01,8.829783635184315083e-01,9.999999999999995559e-01,8.829776313625673501e-01,8.860457670261860930e-01,8.861670618910717501e-01,8.860871959258946884e-01,8.831595501650630897e-01,8.831598710061452362e-01,8.860893197113892672e-01,8.861770077100049603e-01,8.861843163199740747e-01,8.861859286377482547e-01,8.861859353486807311e-01,8.861842386937963667e-01,8.861764285967287380e-01,8.860477225605448703e-01,8.829776313625673501e-01,9.999999999999995559e-01,8.829751938781646992e-01,8.860378541473296066e-01,8.860788087492962317e-01,8.831570374078080432e-01,8.831581036088929082e-01,8.860875522360092127e-01,8.861752544769645468e-01,8.861825996594233645e-01,8.861843163165258330e-01,8.861846688044662246e-01,8.861843257690207309e-01,8.861825002436627408e-01,8.861746061628195115e-01,8.860457670261860930e-01,8.829751938781646992e-01,9.999999999999995559e-01,8.829654948315582841e-01,8.859481113070154512e-01,8.831468704224988420e-01,8.831507602253392264e-01,8.860801871714754085e-01,8.861678949350668688e-01,8.861752544896995820e-01,8.861770077192550055e-01,8.861774645436756304e-01,8.861774672800390995e-01,8.861769953679962120e-01,8.861750858577013279e-01,8.861670618910717501e-01,8.860378541473296066e-01,8.829654948315582841e-01,9.999999999999995559e-01,8.828646920526999065e-01,8.830031854132669444e-01,8.830633468463648938e-01,8.859924851598682816e-01,8.860801871675462182e-01,8.860875522448461439e-01,8.860893197167489799e-01,8.860898130443671805e-01,8.860899200296463718e-01,8.860897936962021104e-01,8.860892372528279548e-01,8.860871959258946884e-01,8.860788087492962317e-01,8.859481113070154512e-01,8.828646920526999065e-01,9.999999999999995559e-01,8.796694582277860830e-01,8.801438918089670160e-01,8.830633468454323065e-01,8.831507602205391771e-01,8.831581036168447696e-01,8.831598710106182137e-01,8.831603761627173643e-01,8.831605173005870890e-01,8.831604908807947352e-01,8.831602694012538057e-01,8.831595501650630897e-01,8.831570374078080432e-01,8.831468704224988420e-01,8.830031854132669444e-01,8.796694582277860830e-01,9.999999999999995559e-01
9.999999999999995559e-01,8.123300747313358938e-01,8.206175337659203928e-01,8.208958147191836030e-01,8.209067357569241885e-01,8.209122454585802142e-01,8.209139556812582450e-01,8.209144944552485557e-01,8.209145593252884510e-01,8.209142140481255900e-01,8.209130101336334917e-01,8.209091067438104572e-01,8.208979325562769658e-01,8.207319798567325186e-01,8.136882497399117176e-01,8.123300747313358938e-01,9.999999999999995559e-01,8.202963541740941888e-01,8.277606831170518653e-01,8.280077535342056372e-01,8.280149154619738106e-01,8.280191668574212738e-01,8.280204300066289491e-01,8.280207138807327283e-01,8.280204425719411843e-01,8.280192585104024783e-01,8.280153343407821165e-01,8.280040694376890054e-01,8.278366831124710501e-01,8.207319798567191960e-01,8.206175337659203928e-01,8.202963541740941888e-01,9.999999999999995559e-01,8.204926084738553005e-01,8.279327787648481651e-01,8.281764571198384495e-01,8.281827786018057802e-01,8.281867064274480716e-01,8.281877579760138497e-01,8.281877241396866651e-01,8.281866252213641033e-01,8.281827345737631241e-01,8.281714824782827611e-01,8.280040694398157486e-01,8.208979325583320996e-01,8.208958147191836030e-01,8.277606831170518653e-01,8.204926084738553005e-01,9.999999999999995559e-01,8.205093248690269458e-01,8.279453537010799113e-01,8.281881629462573002e-01,8.281941669855553689e-01,8.281978845950109802e-01,8.281986189043807345e-01,8.281977577002375135e-01,8.281939524669037489e-01,8.281827345738396184e-01,8.280153343430413093e-01,8.209091067459471924e-01,8.209067357569241885e-01,8.280077535342056372e-01,8.279327787648481651e-01,8.205093248690269458e-01,9.999999999999995559e-01,8.205150297469403498e-01,8.279497433379807703e-01,8.281922239316107381e-01,8.281980179860678470e-01,8.282014183004030583e-01,8.282013252266905434e-01,8.281977577000454449e-01,8.281866252212330970e-01,8.280192585124432902e-01,8.209130101355746056e-01,8.209122454585802142e-01,8.280149154619738106e-01,8.281764571198384495e-01,8.279453537010799113e-01,8.205150297469403498e-01,9.999999999999995559e-01,8.205168614778175495e-01,8.279511009485281958e-01,8.281933684948137309e-01,8.281988453696509378e-01,8.282014183012479380e-01,8.281986189048916591e-01,8.281877241402713086e-01,8.280204425746394703e-01,8.209142140508528529e-01,8.209139556812582450e-01,8.280191668574212738e-01,8.281827786018057802e-01,8.281881629462573002e-01,8.279497433379807703e-01,8.205168614778175495e-01,9.999999999999995559e-01,8.205174388941811614e-01,8.279514188192188540e-01,8.281933684928736161e-01,8.281980179850050305e-01,8.281978845935992206e-01,8.281877579747870533e-01,8.280207138816595425e-01,8.209145593261889529e-01,8.209144944552485557e-01,8.280204300066289491e-01,8.281867064274480716e-01,8.281941669855553689e-01,8.281922239316107381e-01,8.279511009485281958e-01,8.205174388941811614e-01,9.999999999999995559e-01,8.205174388948165420e-01,8.279511009472225735e-01,8.281922239311405587e-01,8.281941669847838750e-01,8.281867064267878220e-01,8.280204300081286384e-01,8.209144944566888480e-01,8.209145593252884510e-01,8.280207138807327283e-01,8.281877579760138497e-01,8.281978845950109802e-01,8.281980179860678470e-01,8.281933684948137309e-01,8.279514188192188540e-01,8.205174388948165420e-01,9.999999999999995559e-01,8.205168614770398383e-01,8.279497433380856863e-01,8.281881629460881022e-01,8.281827786017663673e-01,8.280191668594374388e-01,8.209139556833231488e-01,8.209142140481255900e-01,8.280204425719411843e-01,8.281877241396866651e-01,8.281986189043807345e-01,8.282014183004030583e-01,8.281988453696509378e-01,8.281933684928736161e-01,8.279511009472225735e-01,8.205168614770398383e-01,9.999999999999995559e-01,8.205150297449669283e-01,8.279453536989666018e-01,8.281764571179337509e-01,8.280149154621294638e-01,8.209122454586920137e-01,8.209130101336334917e-01,8.280192585104024783e-01,8.281866252213641033e-01,8.281977577002375135e-01,8.282013252266905434e-01,8.282014183012479380e-01,8.281980179850050305e-01,8.281922239311405587e-01,8.279497433380856863e-01,8.205150297449669283e-01,9.999999999999995559e-01,8.205093248676275097e-01,8.279327787636685532e-01,8.280077535351777485e-01,8.209067357578871960e-01,8.209091067438104572e-01,8.280153343407821165e-01,8.281827345737631241e-01,8.281939524669037489e-01,8.281977577000454449e-01,8.281986189048916591e-01,8.281978845935992206e-01,8.281941669847838750e-01,8.281881629460881022e-01,8.279453536989666018e-01,8.205093248676275097e-01,9.999999999999995559e-01,8.204926084722732327e-01,8.277606831177599656e-01,8.208958147198086586e-01,8.208979325562769658e-01,8.280040694376890054e-01,8.281714824782827611e-01,8.281827345738396184e-01,8.281866252212330970e-01,8.281877241402713086e-01,8.281877579747870533e-01,8.281867064267878220e-01,8.281827786017663673e-01,8.281764571179337509e-01,8.279327787636685532e-01,8.204926084722732327e-01,9.999999999999995559e-01,8.202963541749935805e-01,8.206175337668181191e-01,8.207319798567325186e-01,8.278366831124710501e-01,8.280040694398157486e-01,8.280153343430413093e-01,8.280192585124432902e-01,8.280204425746394703e-01,8.280207138816595425e-01,8.280204300081286384e-01,8.280191668594374388e-01,8.280149154621294638e-01,8.280077535351777485e-01,8.277606831177599656e-01,8.202963541749935805e-01,9.999999999999995559e-01,8.123300747345240103e-01,8.136882497399117176e-01,8.207319798567191960e-01,8.208979325583320996e-01,8.209091067459471924e-01,8.209130101355746056e-01,8.209142140508528529e-01,8.209145593261889529e-01,8.209144944566888480e-01,8.209139556833231488e-01,8.209122454586920137e-01,8.209067357578871960e-01,8.208958147198086586e-01,8.206175337668181191e-01,8.123300747345240103e-01,9.999999999999995559e-01
1.000000000000005329e+00,7.308590602355216070e-01,7.482157410636107731e-01,7.485106045977268918e-01,7.485032402518528860e-01,7.485147155992712964e-01,7.485181314941463659e-01,7.485191928109936610e-01,7.485193239640743901e-01,7.485186528727802990e-01,7.485163687316424008e-01,7.485096182726733716e-01,7.485061206940947232e-01,7.483109334979242133e-01,7.339538806381320502e-01,7.308590602355216070e-01,1.000000000000005329e+00,7.477832293219534021e-01,7.629023781669532767e-01,7.631609223634689965e-01,7.631494515807094592e-01,7.631581297335218173e-01,7.631605566016717024e-01,7.631610693305576065e-01,7.631605188365419012e-01,7.631582425693488325e-01,7.631513824914119004e-01,7.631478267520953596e-01,7.629488264286246046e-01,7.483109334989199724e-01,7.482157410636107731e-01,7.477832293219534021e-01,1.000000000000005329e+00,7.480158980084075093e-01,7.631094728130487503e-01,7.633623018167847718e-01,7.633493546031538957e-01,7.633574109442615718e-01,7.633594169580382172e-01,7.633593053130838246e-01,7.633571889579722214e-01,7.633503925949342017e-01,7.633468650555136348e-01,7.631478267595668274e-01,7.485061207023283592e-01,7.485106045977268918e-01,7.629023781669532767e-01,7.480158980084075093e-01,1.000000000000005329e+00,7.480279319672221705e-01,7.631154712292296249e-01,7.633667160951431718e-01,7.633531516029022912e-01,7.633607868297787036e-01,7.633621681670730297e-01,7.633604906539397383e-01,7.633538546724725204e-01,7.633503925801692347e-01,7.631513824840220339e-01,7.485096182662889230e-01,7.485032402518528860e-01,7.631609223634689965e-01,7.631094728130487503e-01,7.480279319672221705e-01,1.000000000000005329e+00,7.480385709822394702e-01,7.631232332266543184e-01,7.633738468438845404e-01,7.633598626369204609e-01,7.633668726447927488e-01,7.633666879188644172e-01,7.633604906575295335e-01,7.633571889468863114e-01,7.631582425656240343e-01,7.485163687288747258e-01,7.485147155992712964e-01,7.631494515807094592e-01,7.633623018167847718e-01,7.631154712292296249e-01,7.480385709822394702e-01,1.000000000000005329e+00,7.480422652691004481e-01,7.631258464188038770e-01,7.633760372166774610e-01,7.633614287130130460e-01,7.633668726468859633e-01,7.633621681728901542e-01,7.633593053041782817e-01,7.631605188350468749e-01,7.485186528722224120e-01,7.485181314941463659e-01,7.631581297335218173e-01,7.633493546031538957e-01,7.633667160951431718e-01,7.631232332266543184e-01,7.480422652691004481e-01,1.000000000000005329e+00,7.480434592798164140e-01,7.631264713127463573e-01,7.633760372135312000e-01,7.633598626358915062e-01,7.633607868325186230e-01,7.633594169459223533e-01,7.631610693257813161e-01,7.485193239603677995e-01,7.485191928109936610e-01,7.631605566016717024e-01,7.633574109442615718e-01,7.633531516029022912e-01,7.633738468438845404e-01,7.631258464188038770e-01,7.480434592798164140e-01,1.000000000000005329e+00,7.480434592832989615e-01,7.631258464186448931e-01,7.633738468459041471e-01,7.633531516086371482e-01,7.633574109351595194e-01,7.631605565999460827e-01,7.485191928102654657e-01,7.485193239640743901e-01,7.631610693305576065e-01,7.633594169580382172e-01,7.633607868297787036e-01,7.633598626369204609e-01,7.633760372166774610e-01,7.631264713127463573e-01,7.480434592832989615e-01,1.000000000000005329e+00,7.480422652724078025e-01,7.631232332318520495e-01,7.633667161039083826e-01,7.633493545971130612e-01,7.631581297349873116e-01,7.485181314965548838e-01,7.485186528727802990e-01,7.631605188365419012e-01,7.633593053130838246e-01,7.633621681670730297e-01,7.633668726447927488e-01,7.633614287130130460e-01,7.633760372135312000e-01,7.631258464186448931e-01,7.480422652724078025e-01,1.000000000000005329e+00,7.480385709844108444e-01,7.631154712347998359e-01,7.633623018074938704e-01,7.631494515789549737e-01,7.485147155984721579e-01,7.485163687316424008e-01,7.631582425693488325e-01,7.633571889579722214e-01,7.633604906539397383e-01,7.633666879188644172e-01,7.633668726468859633e-01,7.633598626358915062e-01,7.633738468459041471e-01,7.631232332318520495e-01,7.480385709844108444e-01,1.000000000000005329e+00,7.480279319760088086e-01,7.631094728058946952e-01,7.631609223638212702e-01,7.485032402531421880e-01,7.485096182726733716e-01,7.631513824914119004e-01,7.633503925949342017e-01,7.633538546724725204e-01,7.633604906575295335e-01,7.633621681728901542e-01,7.633607868325186230e-01,7.633531516086371482e-01,7.633667161039083826e-01,7.631154712347998359e-01,7.480279319760088086e-01,1.000000000000005329e+00,7.480158980045629180e-01,7.629023781710335683e-01,7.485106046025731263e-01,7.485061206940947232e-01,7.631478267520953596e-01,7.633468650555136348e-01,7.633503925801692347e-01,7.633571889468863114e-01,7.633593053041782817e-01,7.633594169459223533e-01,7.633574109351595194e-01,7.633493545971130612e-01,7.633623018074938704e-01,7.631094728058946952e-01,7.480158980045629180e-01,1.000000000000005329e+00,7.477832293097036453e-01,7.482157410540304365e-01,7.483109334979242133e-01,7.629488264286246046e-01,7.631478267595668274e-01,7.631513824840220339e-01,7.631582425656240343e-01,7.631605188350468749e-01,7.631610693257813161e-01,7.631605565999460827e-01,7.631581297349873116e-01,7.631494515789549737e-01,7.631609223638212702e-01,7.629023781710335683e-01,7.477832293097036453e-01,1.000000000000005329e+00,7.308590602328166597e-01,7.339538806381320502e-01,7.483109334989199724e-01,7.485061207023283592e-01,7.485096182662889230e-01,7.485163687288747258e-01,7.485186528722224120e-01,7.485193239603677995e-01,7.485191928102654657e-01,7.485181314965548838e-01,7.485147155984721579e-01,7.485032402531421880e-01,7.485106046025731263e-01,7.482157410540304365e-01,7.308590602328166597e-01,1.000000000000005329e+00
1.000000000000002887e+00,6.377737713214224335e-01,6.697104722168601976e-01,6.695328233031836440e-01,6.694773715211738141e-01,6.695019097457644008e-01,6.695076058971084487e-01,6.695093326174339499e-01,6.695095664114179002e-01,6.695085011220527349e-01,6.695049035519219371e-01,6.694950985709008373e-01,6.695311399806720409e-01,6.695462831193167430e-01,6.439596324901099011e-01,6.377737713214224335e-01,1.000000000000002887e+00,6.695172050186557478e-01,6.962584627791930103e-01,6.961421968344053690e-01,6.960879717291197366e-01,6.961064998437375140e-01,6.961103546544655796e-01,6.961110945915389703e-01,6.961101701018729271e-01,6.961065012444600519e-01,6.960963365894591304e-01,6.961338233184242164e-01,6.961495744029992938e-01,6.695462831202255716e-01,6.697104722168601976e-01,6.695172050186557478e-01,1.000000000000002887e+00,6.694576135702698938e-01,6.962553968818073757e-01,6.961298388170522600e-01,6.960735191079512330e-01,6.960910972891234394e-01,6.960942655086921338e-01,6.960939912930781404e-01,6.960905750157753147e-01,6.960805160477168130e-01,6.961180494403481633e-01,6.961338233280270904e-01,6.695311399908743244e-01,6.695328233031836440e-01,6.962584627791930103e-01,6.694576135702698938e-01,1.000000000000002887e+00,6.694251975505978169e-01,6.962218188897479898e-01,6.960937555765422946e-01,6.960364288909192121e-01,6.960533079668780321e-01,6.960554559305918154e-01,6.960526872180511360e-01,6.960428798710739384e-01,6.960805160249483592e-01,6.960963365761783095e-01,6.694950985591592296e-01,6.694773715211738141e-01,6.961421968344053690e-01,6.962553968818073757e-01,6.694251975505978169e-01,1.000000000000002887e+00,6.694420718589697561e-01,6.962333841360833775e-01,6.961043620765627882e-01,6.960463385966744188e-01,6.960621949896900196e-01,6.960618476430283641e-01,6.960526872244182650e-01,6.960905749994286129e-01,6.961065012376177474e-01,6.695049035463475073e-01,6.695019097457644008e-01,6.960879717291197366e-01,6.961298388170522600e-01,6.962218188897479898e-01,6.694420718589697561e-01,1.000000000000002887e+00,6.694483355313530781e-01,6.962375798618520850e-01,6.961078768001700556e-01,6.960488340167907406e-01,6.960621949920274831e-01,6.960554559395690788e-01,6.960939912792956097e-01,6.961101700977171403e-01,6.695085011188328661e-01,6.695076058971084487e-01,6.961064998437375140e-01,6.960735191079512330e-01,6.960937555765422946e-01,6.962333841360833775e-01,6.694483355313530781e-01,1.000000000000002887e+00,6.694503969537661803e-01,6.962385950373345400e-01,6.961078767971446979e-01,6.960463385959284599e-01,6.960533079728103978e-01,6.960942654916496553e-01,6.961110945840319753e-01,6.695095664051182727e-01,6.695093326174339499e-01,6.961103546544655796e-01,6.960910972891234394e-01,6.960364288909192121e-01,6.961043620765627882e-01,6.962375798618520850e-01,6.694503969537661803e-01,1.000000000000002887e+00,6.694503969584777447e-01,6.962375798625700662e-01,6.961043620797372489e-01,6.960364289006848448e-01,6.960910972760571136e-01,6.961103546509237461e-01,6.695093326149808011e-01,6.695095664114179002e-01,6.961110945915389703e-01,6.960942655086921338e-01,6.960533079668780321e-01,6.960463385966744188e-01,6.961078768001700556e-01,6.962385950373345400e-01,6.694503969584777447e-01,1.000000000000002887e+00,6.694483355370153266e-01,6.962333841432725157e-01,6.960937555902005913e-01,6.960735190987609178e-01,6.961064998442729745e-01,6.695076058983978617e-01,6.695085011220527349e-01,6.961101701018729271e-01,6.960939912930781404e-01,6.960554559305918154e-01,6.960621949896900196e-01,6.960488340167907406e-01,6.961078767971446979e-01,6.962375798625700662e-01,6.694483355370153266e-01,1.000000000000002887e+00,6.694420718638272039e-01,6.962218189003559488e-01,6.961298388046812669e-01,6.960879717264805144e-01,6.695019097441692324e-01,6.695049035519219371e-01,6.961065012444600519e-01,6.960905750157753147e-01,6.960526872180511360e-01,6.960618476430283641e-01,6.960621949920274831e-01,6.960463385959284599e-01,6.961043620797372489e-01,6.962333841432725157e-01,6.694420718638272039e-01,1.000000000000002887e+00,6.694251975661378307e-01,6.962553968718062647e-01,6.961421968341674482e-01,6.694773715218049759e-01,6.694950985709008373e-01,6.960963365894591304e-01,6.960805160477168130e-01,6.960428798710739384e-01,6.960526872244182650e-01,6.960554559395690788e-01,6.960533079728103978e-01,6.960364289006848448e-01,6.960937555902005913e-01,6.962218189003559488e-01,6.694251975661378307e-01,1.000000000000002887e+00,6.694576135663382610e-01,6.962584627857633102e-01,6.695328233102281201e-01,6.695311399806720409e-01,6.961338233184242164e-01,6.961180494403481633e-01,6.960805160249483592e-01,6.960905749994286129e-01,6.960939912792956097e-01,6.960942654916496553e-01,6.960910972760571136e-01,6.960735190987609178e-01,6.961298388046812669e-01,6.962553968718062647e-01,6.694576135663382610e-01,1.000000000000002887e+00,6.695172049988623586e-01,6.697104722016672396e-01,6.695462831193167430e-01,6.961495744029992938e-01,6.961338233280270904e-01,6.960963365761783095e-01,6.961065012376177474e-01,6.961101700977171403e-01,6.961110945840319753e-01,6.961103546509237461e-01,6.961064998442729745e-01,6.960879717264805144e-01,6.961421968341674482e-01,6.962584627857633102e-01,6.695172049988623586e-01,1.000000000000002887e+00,6.377737713143287746e-01,6.439596324901099011e-01,6.695462831202255716e-01,6.695311399908743244e-01,6.694950985591592296e-01,6.695049035463475073e-01,6.695085011188328661e-01,6.695095664051182727e-01,6.695093326149808011e-01,6.695076058983978617e-01,6.695019097441692324e-01,6.694773715218049759e-01,6.695328233102281201e-01,6.697104722016672396e-01,6.377737713143287746e-01,1.000000000000002887e+00
