1.000000000000000000e+00,1.000000000000000000e+00,1.000000000000000000e+00,1.000000000000000000e+00,1.000000000000000000e+00,1.000000000000000000e+00,1.000000000000000000e+00,1.000000000000000000e+00,1.000000000000000000e+00,1.000000000000000000e+00,1.000000000000000000e+00,1.000000000000000000e+00,1.000000000000000000e+00,1.000000000000000000e+00,1.000000000000000000e+00,1.000000000000000000e+00,1.000000000000000000e+00,1.000000000000000000e+00,1.000000000000000000e+00,1.000000000000000000e+00,1.000000000000000000e+00,1.000000000000000000e+00,1.000000000000000000e+00,1.000000000000000000e+00,1.000000000000000000e+00,1.000000000000000000e+00,1.000000000000000000e+00,1.000000000000000000e+00,1.000000000000000000e+00,1.000000000000000000e+00,1.000000000000000000e+00,1.000000000000000000e+00,1.000000000000000000e+00,1.000000000000000000e+00,1.000000000000000000e+00,1.000000000000000000e+00,1.000000000000000000e+00,1.000000000000000000e+00,1.000000000000000000e+00,1.000000000000000000e+00,1.000000000000000000e+00,1.000000000000000000e+00,1.000000000000000000e+00,1.000000000000000000e+00,1.000000000000000000e+00,1.000000000000000000e+00,1.000000000000000000e+00,1.000000000000000000e+00,1.000000000000000000e+00,1.000000000000000000e+00,1.000000000000000000e+00,1.000000000000000000e+00,1.000000000000000000e+00,1.000000000000000000e+00,1.000000000000000000e+00,1.000000000000000000e+00,1.000000000000000000e+00,1.000000000000000000e+00,1.000000000000000000e+00,1.000000000000000000e+00,1.000000000000000000e+00,1.000000000000000000e+00,1.000000000000000000e+00,1.000000000000000000e+00,1.000000000000000000e+00,1.000000000000000000e+00,1.000000000000000000e+00,1.000000000000000000e+00,1.000000000000000000e+00,1.000000000000000000e+00,1.000000000000000000e+00,1.000000000000000000e+00,1.000000000000000000e+00,1.000000000000000000e+00,1.000000000000000000e+00,1.000000000000000000e+00,1.000000000000000000e+00,1.000000000000000000e+00,1.000000000000000000e+00,1.000000000000000000e+00,1.000000000000000000e+00,1.000000000000000000e+00,1.000000000000000000e+00,1.000000000000000000e+00,1.000000000000000000e+00,1.000000000000000000e+00,1.000000000000000000e+00,1.000000000000000000e+00,1.000000000000000000e+00,1.000000000000000000e+00,1.000000000000000000e+00,1.000000000000000000e+00,1.000000000000000000e+00,1.000000000000000000e+00,1.000000000000000000e+00,1.000000000000000000e+00,1.000000000000000000e+00,1.000000000000000000e+00,1.000000000000000000e+00,1.000000000000000000e+00,1.000000000000000000e+00,1.000000000000000000e+00,1.000000000000000000e+00,1.000000000000000000e+00,1.000000000000000000e+00,1.000000000000000000e+00,1.000000000000000000e+00,1.000000000000000000e+00,1.000000000000000000e+00,1.000000000000000000e+00,1.000000000000000000e+00,1.000000000000000000e+00,1.000000000000000000e+00,1.000000000000000000e+00,1.000000000000000000e+00,1.000000000000000000e+00,1.000000000000000000e+00,1.000000000000000000e+00,1.000000000000000000e+00,1.000000000000000000e+00,1.000000000000000000e+00,1.000000000000000000e+00,1.000000000000000000e+00,1.000000000000000000e+00,1.000000000000000000e+00,1.000000000000000000e+00,1.000000000000000000e+00,1.000000000000000000e+00,1.000000000000000000e+00,1.000000000000000000e+00,1.000000000000000000e+00,1.000000000000000000e+00,1.000000000000000000e+00,1.000000000000000000e+00,1.000000000000000000e+00,1.000000000000000000e+00,1.000000000000000000e+00,1.000000000000000000e+00,1.000000000000000000e+00,1.000000000000000000e+00,1.000000000000000000e+00,1.000000000000000000e+00,1.000000000000000000e+00,1.000000000000000000e+00,1.000000000000000000e+00,1.000000000000000000e+00,1.000000000000000000e+00,1.000000000000000000e+00,1.000000000000000000e+00,1.000000000000000000e+00,1.000000000000000000e+00,1.000000000000000000e+00,1.000000000000000000e+00,1.000000000000000000e+00,1.000000000000000000e+00,1.000000000000000000e+00,1.000000000000000000e+00,1.000000000000000000e+00,1.000000000000000000e+00,1.000000000000000000e+00,1.000000000000000000e+00,1.000000000000000000e+00,1.000000000000000000e+00,1.000000000000000000e+00,1.000000000000000000e+00,1.000000000000000000e+00,1.000000000000000000e+00,1.000000000000000000e+00,1.000000000000000000e+00,1.000000000000000000e+00,1.000000000000000000e+00,1.000000000000000000e+00,1.000000000000000000e+00,1.000000000000000000e+00,1.000000000000000000e+00,1.000000000000000000e+00,1.000000000000000000e+00,1.000000000000000000e+00,1.000000000000000000e+00,1.000000000000000000e+00,1.000000000000000000e+00,1.000000000000000000e+00,1.000000000000000000e+00,1.000000000000000000e+00,1.000000000000000000e+00,1.000000000000000000e+00,1.000000000000000000e+00,1.000000000000000000e+00,1.000000000000000000e+00,1.000000000000000000e+00,1.000000000000000000e+00,1.000000000000000000e+00,1.000000000000000000e+00,1.000000000000000000e+00,1.000000000000000000e+00,1.000000000000000000e+00,1.000000000000000000e+00,1.000000000000000000e+00,1.000000000000000000e+00,1.000000000000000000e+00,1.000000000000000000e+00,1.000000000000000000e+00,1.000000000000000000e+00,1.000000000000000000e+00,1.000000000000000000e+00,1.000000000000000000e+00,1.000000000000000000e+00,1.000000000000000000e+00,1.000000000000000000e+00,1.000000000000000000e+00,1.000000000000000000e+00,1.000000000000000000e+00,1.000000000000000000e+00,1.000000000000000000e+00,1.000000000000000000e+00,1.000000000000000000e+00,1.000000000000000000e+00,1.000000000000000000e+00,1.000000000000000000e+00,1.000000000000000000e+00,1.000000000000000000e+00,1.000000000000000000e+00,1.000000000000000000e+00,1.000000000000000000e+00,1.000000000000000000e+00
9.999999999999998890e-01,9.999937517249117835e-01,9.999937517339579918e-01,9.999937517341618287e-01,9.999937517341779269e-01,9.999937517341808135e-01,9.999937517341812576e-01,9.999937517341813686e-01,9.999937517341813686e-01,9.999937517341813686e-01,9.999937517341812576e-01,9.999937517341808135e-01,9.999937517341777049e-01,9.999937517341419557e-01,9.999937517324922753e-01,9.999937517249117835e-01,9.999999999999998890e-01,9.999937517265972131e-01,9.999937517356106698e-01,9.999937517358119532e-01,9.999937517358278294e-01,9.999937517358302719e-01,9.999937517358308270e-01,9.999937517358310490e-01,9.999937517358310490e-01,9.999937517358309380e-01,9.999937517358304939e-01,9.999937517358272743e-01,9.999937517357916361e-01,9.999937517341420667e-01,9.999937517339579918e-01,9.999937517265972131e-01,9.999999999999998890e-01,9.999937517266359599e-01,9.999937517356467520e-01,9.999937517358480354e-01,9.999937517358634675e-01,9.999937517358660211e-01,9.999937517358665762e-01,9.999937517358667982e-01,9.999937517358666872e-01,9.999937517358660211e-01,9.999937517358630235e-01,9.999937517358273853e-01,9.999937517341777049e-01,9.999937517341618287e-01,9.999937517356106698e-01,9.999937517266359599e-01,9.999999999999998890e-01,9.999937517266396236e-01,9.999937517356501937e-01,9.999937517358510330e-01,9.999937517358666872e-01,9.999937517358692407e-01,9.999937517358696848e-01,9.999937517358696848e-01,9.999937517358692407e-01,9.999937517358662431e-01,9.999937517358303829e-01,9.999937517341809246e-01,9.999937517341779269e-01,9.999937517358119532e-01,9.999937517356467520e-01,9.999937517266396236e-01,9.999999999999998890e-01,9.999937517266402898e-01,9.999937517356506378e-01,9.999937517358514771e-01,9.999937517358670203e-01,9.999937517358694627e-01,9.999937517358699068e-01,9.999937517358696848e-01,9.999937517358665762e-01,9.999937517358307160e-01,9.999937517341812576e-01,9.999937517341808135e-01,9.999937517358278294e-01,9.999937517358480354e-01,9.999937517356501937e-01,9.999937517266402898e-01,9.999999999999998890e-01,9.999937517266406228e-01,9.999937517356509709e-01,9.999937517358518102e-01,9.999937517358673533e-01,9.999937517358697958e-01,9.999937517358697958e-01,9.999937517358669092e-01,9.999937517358311601e-01,9.999937517341817017e-01,9.999937517341812576e-01,9.999937517358302719e-01,9.999937517358634675e-01,9.999937517358510330e-01,9.999937517356506378e-01,9.999937517266406228e-01,9.999999999999998890e-01,9.999937517266404008e-01,9.999937517356507488e-01,9.999937517358515882e-01,9.999937517358670203e-01,9.999937517358691297e-01,9.999937517358665762e-01,9.999937517358310490e-01,9.999937517341815907e-01,9.999937517341813686e-01,9.999937517358308270e-01,9.999937517358660211e-01,9.999937517358666872e-01,9.999937517358514771e-01,9.999937517356509709e-01,9.999937517266404008e-01,9.999999999999998890e-01,9.999937517266405118e-01,9.999937517356507488e-01,9.999937517358513661e-01,9.999937517358665762e-01,9.999937517358660211e-01,9.999937517358309380e-01,9.999937517341814797e-01,9.999937517341813686e-01,9.999937517358310490e-01,9.999937517358665762e-01,9.999937517358692407e-01,9.999937517358670203e-01,9.999937517358518102e-01,9.999937517356507488e-01,9.999937517266405118e-01,9.999999999999998890e-01,9.999937517266404008e-01,9.999937517356506378e-01,9.999937517358509220e-01,9.999937517358635786e-01,9.999937517358302719e-01,9.999937517341812576e-01,9.999937517341813686e-01,9.999937517358310490e-01,9.999937517358667982e-01,9.999937517358696848e-01,9.999937517358694627e-01,9.999937517358673533e-01,9.999937517358515882e-01,9.999937517356507488e-01,9.999937517266404008e-01,9.999999999999998890e-01,9.999937517266401787e-01,9.999937517356500827e-01,9.999937517358478134e-01,9.999937517358277184e-01,9.999937517341805915e-01,9.999937517341812576e-01,9.999937517358309380e-01,9.999937517358666872e-01,9.999937517358696848e-01,9.999937517358699068e-01,9.999937517358697958e-01,9.999937517358670203e-01,9.999937517358513661e-01,9.999937517356506378e-01,9.999937517266401787e-01,9.999999999999998890e-01,9.999937517266395126e-01,9.999937517356468630e-01,9.999937517358119532e-01,9.999937517341779269e-01,9.999937517341808135e-01,9.999937517358304939e-01,9.999937517358660211e-01,9.999937517358692407e-01,9.999937517358696848e-01,9.999937517358697958e-01,9.999937517358691297e-01,9.999937517358665762e-01,9.999937517358509220e-01,9.999937517356500827e-01,9.999937517266395126e-01,9.999999999999998890e-01,9.999937517266360709e-01,9.999937517356105587e-01,9.999937517341619397e-01,9.999937517341777049e-01,9.999937517358272743e-01,9.999937517358630235e-01,9.999937517358662431e-01,9.999937517358665762e-01,9.999937517358669092e-01,9.999937517358665762e-01,9.999937517358660211e-01,9.999937517358635786e-01,9.999937517358478134e-01,9.999937517356468630e-01,9.999937517266360709e-01,9.999999999999998890e-01,9.999937517265972131e-01,9.999937517339579918e-01,9.999937517341419557e-01,9.999937517357916361e-01,9.999937517358273853e-01,9.999937517358303829e-01,9.999937517358307160e-01,9.999937517358311601e-01,9.999937517358310490e-01,9.999937517358309380e-01,9.999937517358302719e-01,9.999937517358277184e-01,9.999937517358119532e-01,9.999937517356105587e-01,9.999937517265972131e-01,9.999999999999998890e-01,9.999937517249117835e-01,9.999937517324922753e-01,9.999937517341420667e-01,9.999937517341777049e-01,9.999937517341809246e-01,9.999937517341812576e-01,9.999937517341817017e-01,9.999937517341815907e-01,9.999937517341814797e-01,9.999937517341812576e-01,9.999937517341805915e-01,9.999937517341779269e-01,9.999937517341619397e-01,9.999937517339579918e-01,9.999937517249117835e-01,9.999999999999998890e-01
1.000000000000002665e+00,9.999270143480313289e-01,9.999270155456455589e-01,9.999270156064254955e-01,9.999270156113906349e-01,9.999270156122029851e-01,9.999270156123986064e-01,9.999270156124571152e-01,9.999270156124734354e-01,9.999270156124665521e-01,9.999270156124219211e-01,9.999270156122367359e-01,9.999270156111842445e-01,9.999270155991998310e-01,9.999270153061046162e-01,9.999270143480313289e-01,1.000000000000002665e+00,9.999270146531222814e-01,9.999270158397950414e-01,9.999270158997084490e-01,9.999270159045346995e-01,9.999270159053135210e-01,9.999270159054977070e-01,9.999270159055489993e-01,9.999270159055538842e-01,9.999270159055135831e-01,9.999270159053302853e-01,9.999270159042786821e-01,9.999270158922947127e-01,9.999270155991996090e-01,9.999270155456455589e-01,9.999270146531222814e-01,1.000000000000002665e+00,9.999270146661608516e-01,9.999270158519669716e-01,9.999270159117417123e-01,9.999270159165346561e-01,9.999270159173022643e-01,9.999270159174792338e-01,9.999270159175190908e-01,9.999270159174905581e-01,9.999270159173115902e-01,9.999270159162618743e-01,9.999270159042787931e-01,9.999270156111841334e-01,9.999270156064254955e-01,9.999270158397950414e-01,9.999270146661608516e-01,1.000000000000002665e+00,9.999270146674015258e-01,9.999270158530688679e-01,9.999270159128099689e-01,9.999270159175914774e-01,9.999270159183518691e-01,9.999270159185175144e-01,9.999270159185238427e-01,9.999270159183567541e-01,9.999270159173113681e-01,9.999270159053302853e-01,9.999270156122365139e-01,9.999270156113906349e-01,9.999270158997084490e-01,9.999270158519669716e-01,9.999270146674015258e-01,1.000000000000002665e+00,9.999270146676370041e-01,9.999270158532711505e-01,9.999270159130008162e-01,9.999270159177751083e-01,9.999270159185241758e-01,9.999270159186564033e-01,9.999270159185241758e-01,9.999270159174905581e-01,9.999270159055139162e-01,9.999270156124220321e-01,9.999270156122029851e-01,9.999270159045346995e-01,9.999270159117417123e-01,9.999270158530688679e-01,9.999270146676370041e-01,1.000000000000002665e+00,9.999270146677003979e-01,9.999270158533231090e-01,9.999270159130455582e-01,9.999270159178084150e-01,9.999270159185240647e-01,9.999270159185175144e-01,9.999270159175188688e-01,9.999270159055538842e-01,9.999270156124665521e-01,9.999270156123986064e-01,9.999270159053135210e-01,9.999270159165346561e-01,9.999270159128099689e-01,9.999270158532711505e-01,9.999270146677003979e-01,1.000000000000002665e+00,9.999270146677191606e-01,9.999270158533345443e-01,9.999270159130456692e-01,9.999270159177751083e-01,9.999270159183519802e-01,9.999270159174791228e-01,9.999270159055492213e-01,9.999270156124734354e-01,9.999270156124571152e-01,9.999270159054977070e-01,9.999270159173022643e-01,9.999270159175914774e-01,9.999270159130008162e-01,9.999270158533231090e-01,9.999270146677191606e-01,1.000000000000002665e+00,9.999270146677191606e-01,9.999270158533231090e-01,9.999270159130008162e-01,9.999270159175915884e-01,9.999270159173021533e-01,9.999270159054979290e-01,9.999270156124571152e-01,9.999270156124734354e-01,9.999270159055489993e-01,9.999270159174792338e-01,9.999270159183518691e-01,9.999270159177751083e-01,9.999270159130455582e-01,9.999270158533345443e-01,9.999270146677191606e-01,1.000000000000002665e+00,9.999270146677005089e-01,9.999270158532711505e-01,9.999270159128100799e-01,9.999270159165345451e-01,9.999270159053136320e-01,9.999270156123987174e-01,9.999270156124665521e-01,9.999270159055538842e-01,9.999270159175190908e-01,9.999270159185175144e-01,9.999270159185241758e-01,9.999270159178084150e-01,9.999270159130456692e-01,9.999270158533231090e-01,9.999270146677005089e-01,1.000000000000002665e+00,9.999270146676371152e-01,9.999270158530689789e-01,9.999270159117416013e-01,9.999270159045345885e-01,9.999270156122030961e-01,9.999270156124219211e-01,9.999270159055135831e-01,9.999270159174905581e-01,9.999270159185238427e-01,9.999270159186564033e-01,9.999270159185240647e-01,9.999270159177751083e-01,9.999270159130008162e-01,9.999270158532711505e-01,9.999270146676371152e-01,1.000000000000002665e+00,9.999270146674015258e-01,9.999270158519670826e-01,9.999270158997083380e-01,9.999270156113906349e-01,9.999270156122367359e-01,9.999270159053302853e-01,9.999270159173115902e-01,9.999270159183567541e-01,9.999270159185241758e-01,9.999270159185175144e-01,9.999270159183519802e-01,9.999270159175915884e-01,9.999270159128100799e-01,9.999270158530689789e-01,9.999270146674015258e-01,1.000000000000002665e+00,9.999270146661608516e-01,9.999270158397951525e-01,9.999270156064257176e-01,9.999270156111842445e-01,9.999270159042786821e-01,9.999270159162618743e-01,9.999270159173113681e-01,9.999270159174905581e-01,9.999270159175188688e-01,9.999270159174791228e-01,9.999270159173021533e-01,9.999270159165345451e-01,9.999270159117416013e-01,9.999270158519670826e-01,9.999270146661608516e-01,1.000000000000002665e+00,9.999270146531220593e-01,9.999270155456456699e-01,9.999270155991998310e-01,9.999270158922947127e-01,9.999270159042787931e-01,9.999270159053302853e-01,9.999270159055139162e-01,9.999270159055538842e-01,9.999270159055492213e-01,9.999270159054979290e-01,9.999270159053136320e-01,9.999270159045345885e-01,9.999270158997083380e-01,9.999270158397951525e-01,9.999270146531220593e-01,1.000000000000002665e+00,9.999270143480312178e-01,9.999270153061046162e-01,9.999270155991996090e-01,9.999270156111841334e-01,9.999270156122365139e-01,9.999270156124220321e-01,9.999270156124665521e-01,9.999270156124734354e-01,9.999270156124571152e-01,9.999270156123987174e-01,9.999270156122030961e-01,9.999270156113906349e-01,9.999270156064257176e-01,9.999270155456456699e-01,9.999270143480312178e-01,1.000000000000002665e+00
1.000000000000002887e+00,9.997709830825266542e-01,9.997709946017601101e-01,9.997709956822625754e-01,9.997709957743039499e-01,9.997709957895500876e-01,9.997709957932499059e-01,9.997709957943490267e-01,9.997709957946183668e-01,9.997709957943741177e-01,9.997709957931717462e-01,9.997709957882939813e-01,9.997709957607157083e-01,9.997709954543626543e-01,9.997709905252465390e-01,9.997709830825266542e-01,1.000000000000002887e+00,9.997709883185826873e-01,9.997709995585187803e-01,9.997710006163001983e-01,9.997710007046973768e-01,9.997710007190668824e-01,9.997710007224663853e-01,9.997710007233764351e-01,9.997710007233459040e-01,9.997710007222251338e-01,9.997710007173821189e-01,9.997710006898199442e-01,9.997710003834746617e-01,9.997709954543626543e-01,9.997709946017601101e-01,9.997709883185826873e-01,1.000000000000002887e+00,9.997709886525786294e-01,9.997709998697955625e-01,9.997710009239341167e-01,9.997710010114553292e-01,9.997710010255245194e-01,9.997710010287350624e-01,9.997710010293450189e-01,9.997710010284381887e-01,9.997710010236767753e-01,9.997710009961491284e-01,9.997710006898198332e-01,9.997709957607159303e-01,9.997709956822625754e-01,9.997709995585187803e-01,9.997709886525786294e-01,1.000000000000002887e+00,9.997709886850897343e-01,9.997709998986626934e-01,9.997710009519247265e-01,9.997710010391456237e-01,9.997710010530256319e-01,9.997710010559363036e-01,9.997710010556698501e-01,9.997710010511222656e-01,9.997710010236765532e-01,9.997710007173818969e-01,9.997709957882939813e-01,9.997709957743039499e-01,9.997710006163001983e-01,9.997709998697955625e-01,9.997709886850897343e-01,1.000000000000002887e+00,9.997709886912730104e-01,9.997709999039688933e-01,9.997710009569308331e-01,9.997710010439627704e-01,9.997710010575429074e-01,9.997710010595771690e-01,9.997710010556699611e-01,9.997710010284379667e-01,9.997710007222250228e-01,9.997709957931717462e-01,9.997709957895500876e-01,9.997710007046973768e-01,9.997710009239341167e-01,9.997709998986626934e-01,9.997709886912730104e-01,1.000000000000002887e+00,9.997709886929383449e-01,9.997709999053341345e-01,9.997710009581071144e-01,9.997710010448390694e-01,9.997710010575427964e-01,9.997710010559361926e-01,9.997710010293446858e-01,9.997710007233456819e-01,9.997709957943738956e-01,9.997709957932499059e-01,9.997710007190668824e-01,9.997710010114553292e-01,9.997710009519247265e-01,9.997709999039688933e-01,9.997709886929383449e-01,1.000000000000002887e+00,9.997709886934276202e-01,9.997709999056343388e-01,9.997710009581074475e-01,9.997710010439628814e-01,9.997710010530258540e-01,9.997710010287349514e-01,9.997710007233764351e-01,9.997709957946183668e-01,9.997709957943490267e-01,9.997710007224663853e-01,9.997710010255245194e-01,9.997710010391456237e-01,9.997710009569308331e-01,9.997709999053341345e-01,9.997709886934276202e-01,1.000000000000002887e+00,9.997709886934276202e-01,9.997709999053344676e-01,9.997710009569310552e-01,9.997710010391457347e-01,9.997710010255244084e-01,9.997710007224664963e-01,9.997709957943490267e-01,9.997709957946183668e-01,9.997710007233764351e-01,9.997710010287350624e-01,9.997710010530256319e-01,9.997710010439627704e-01,9.997710009581071144e-01,9.997709999056343388e-01,9.997709886934276202e-01,1.000000000000002887e+00,9.997709886929385670e-01,9.997709999039690043e-01,9.997710009519249486e-01,9.997710010114552182e-01,9.997710007190668824e-01,9.997709957932497948e-01,9.997709957943741177e-01,9.997710007233459040e-01,9.997710010293450189e-01,9.997710010559363036e-01,9.997710010575429074e-01,9.997710010448390694e-01,9.997710009581074475e-01,9.997709999053344676e-01,9.997709886929385670e-01,1.000000000000002887e+00,9.997709886912731214e-01,9.997709998986629154e-01,9.997710009239344497e-01,9.997710007046977099e-01,9.997709957895501987e-01,9.997709957931717462e-01,9.997710007222251338e-01,9.997710010284381887e-01,9.997710010556698501e-01,9.997710010595771690e-01,9.997710010575427964e-01,9.997710010439628814e-01,9.997710009569310552e-01,9.997709999039690043e-01,9.997709886912731214e-01,1.000000000000002887e+00,9.997709886850899563e-01,9.997709998697957845e-01,9.997710006163003094e-01,9.997709957743041720e-01,9.997709957882939813e-01,9.997710007173821189e-01,9.997710010236767753e-01,9.997710010511222656e-01,9.997710010556699611e-01,9.997710010559361926e-01,9.997710010530258540e-01,9.997710010391457347e-01,9.997710009519249486e-01,9.997709998986629154e-01,9.997709886850899563e-01,1.000000000000002887e+00,9.997709886525787404e-01,9.997709995585188913e-01,9.997709956822627975e-01,9.997709957607157083e-01,9.997710006898199442e-01,9.997710009961491284e-01,9.997710010236765532e-01,9.997710010284379667e-01,9.997710010293446858e-01,9.997710010287349514e-01,9.997710010255244084e-01,9.997710010114552182e-01,9.997710009239344497e-01,9.997709998697957845e-01,9.997709886525787404e-01,1.000000000000002887e+00,9.997709883185829094e-01,9.997709946017601101e-01,9.997709954543626543e-01,9.997710003834746617e-01,9.997710006898198332e-01,9.997710007173818969e-01,9.997710007222250228e-01,9.997710007233456819e-01,9.997710007233764351e-01,9.997710007224664963e-01,9.997710007190668824e-01,9.997710007046977099e-01,9.997710006163003094e-01,9.997709995585188913e-01,9.997709883185829094e-01,1.000000000000002887e+00,9.997709830825265431e-01,9.997709905252465390e-01,9.997709954543626543e-01,9.997709957607159303e-01,9.997709957882939813e-01,9.997709957931717462e-01,9.997709957943738956e-01,9.997709957946183668e-01,9.997709957943490267e-01,9.997709957932497948e-01,9.997709957895501987e-01,9.997709957743041720e-01,9.997709956822627975e-01,9.997709946017601101e-01,9.997709830825265431e-01,1.000000000000002887e+00
1.000000000000004885e+00,9.996294437982369274e-01,9.996294742280488199e-01,9.996294777324262748e-01,9.996294780535387448e-01,9.996294781084280601e-01,9.996294781220399495e-01,9.996294781260119944e-01,9.996294781266050755e-01,9.996294781245139704e-01,9.996294781163921339e-01,9.996294780842478467e-01,9.996294779034674560e-01,9.996294759445293332e-01,9.996294493398216741e-01,9.996294437982369274e-01,1.000000000000004885e+00,9.996294723669920668e-01,9.996295010141349469e-01,9.996295043694632954e-01,9.996295046666268114e-01,9.996295047157507385e-01,9.996295047273899836e-01,9.996295047301190229e-01,9.996295047287407920e-01,9.996295047208914042e-01,9.996295046888626912e-01,9.996295045081358133e-01,9.996295025492241137e-01,9.996294759445294442e-01,9.996294742280488199e-01,9.996294723669920668e-01,1.000000000000004885e+00,9.996294745071840904e-01,9.996295030054034303e-01,9.996295063367885980e-01,9.996295066281909447e-01,9.996295066753433378e-01,9.996295066857399103e-01,9.996295066864979706e-01,9.996295066793616790e-01,9.996295066476055258e-01,9.996295064669940000e-01,9.996295045081357022e-01,9.996294779034674560e-01,9.996294777324262748e-01,9.996295010141349469e-01,9.996294745071840904e-01,1.000000000000004885e+00,9.996294747203192665e-01,9.996295031945972021e-01,9.996295065202210894e-01,9.996295068096520131e-01,9.996295068555620666e-01,9.996295068639875492e-01,9.996295068589875488e-01,9.996295068279443807e-01,9.996295066476053037e-01,9.996295046888625802e-01,9.996294780842477357e-01,9.996294780535387448e-01,9.996295043694632954e-01,9.996295030054034303e-01,9.996294747203192665e-01,1.000000000000004885e+00,9.996294747609342224e-01,9.996295032294475469e-01,9.996295065530996782e-01,9.996295068412881513e-01,9.996295068852272259e-01,9.996295068878946477e-01,9.996295068589876598e-01,9.996295066793617901e-01,9.996295047208915152e-01,9.996294781163922449e-01,9.996294781084280601e-01,9.996295046666268114e-01,9.996295063367885980e-01,9.996295031945972021e-01,9.996294747609342224e-01,1.000000000000004885e+00,9.996294747718788010e-01,9.996295032384193702e-01,9.996295065608288288e-01,9.996295068470463230e-01,9.996295068852272259e-01,9.996295068639875492e-01,9.996295066864980816e-01,9.996295047287409030e-01,9.996294781245139704e-01,9.996294781220399495e-01,9.996295047157507385e-01,9.996295066281909447e-01,9.996295065202210894e-01,9.996295032294475469e-01,9.996294747718788010e-01,1.000000000000004885e+00,9.996294747750926746e-01,9.996295032403903491e-01,9.996295065608288288e-01,9.996295068412880402e-01,9.996295068555620666e-01,9.996295066857401324e-01,9.996295047301189118e-01,9.996294781266050755e-01,9.996294781260119944e-01,9.996295047273899836e-01,9.996295066753433378e-01,9.996295068096520131e-01,9.996295065530996782e-01,9.996295032384193702e-01,9.996294747750926746e-01,1.000000000000004885e+00,9.996294747750927856e-01,9.996295032384192591e-01,9.996295065530995672e-01,9.996295068096520131e-01,9.996295066753434488e-01,9.996295047273898726e-01,9.996294781260119944e-01,9.996294781266050755e-01,9.996295047301190229e-01,9.996295066857399103e-01,9.996295068555620666e-01,9.996295068412881513e-01,9.996295065608288288e-01,9.996295032403903491e-01,9.996294747750927856e-01,1.000000000000004885e+00,9.996294747718786899e-01,9.996295032294475469e-01,9.996295065202210894e-01,9.996295066281909447e-01,9.996295047157507385e-01,9.996294781220399495e-01,9.996294781245139704e-01,9.996295047287407920e-01,9.996295066864979706e-01,9.996295068639875492e-01,9.996295068852272259e-01,9.996295068470463230e-01,9.996295065608288288e-01,9.996295032384192591e-01,9.996294747718786899e-01,1.000000000000004885e+00,9.996294747609342224e-01,9.996295031945974241e-01,9.996295063367887090e-01,9.996295046666267003e-01,9.996294781084280601e-01,9.996294781163921339e-01,9.996295047208914042e-01,9.996295066793616790e-01,9.996295068589875488e-01,9.996295068878946477e-01,9.996295068852272259e-01,9.996295068412880402e-01,9.996295065530995672e-01,9.996295032294475469e-01,9.996294747609342224e-01,1.000000000000004885e+00,9.996294747203192665e-01,9.996295030054034303e-01,9.996295043694632954e-01,9.996294780535386337e-01,9.996294780842478467e-01,9.996295046888626912e-01,9.996295066476055258e-01,9.996295068279443807e-01,9.996295068589876598e-01,9.996295068639875492e-01,9.996295068555620666e-01,9.996295068096520131e-01,9.996295065202210894e-01,9.996295031945974241e-01,9.996294747203192665e-01,1.000000000000004885e+00,9.996294745071840904e-01,9.996295010141350579e-01,9.996294777324262748e-01,9.996294779034674560e-01,9.996295045081358133e-01,9.996295064669940000e-01,9.996295066476053037e-01,9.996295066793617901e-01,9.996295066864980816e-01,9.996295066857401324e-01,9.996295066753434488e-01,9.996295066281909447e-01,9.996295063367887090e-01,9.996295030054034303e-01,9.996294745071840904e-01,1.000000000000004885e+00,9.996294723669919557e-01,9.996294742280489309e-01,9.996294759445293332e-01,9.996295025492241137e-01,9.996295045081357022e-01,9.996295046888625802e-01,9.996295047208915152e-01,9.996295047287409030e-01,9.996295047301189118e-01,9.996295047273898726e-01,9.996295047157507385e-01,9.996295046666267003e-01,9.996295043694632954e-01,9.996295010141350579e-01,9.996294723669919557e-01,1.000000000000004885e+00,9.996294437982368164e-01,9.996294493398216741e-01,9.996294759445294442e-01,9.996294779034674560e-01,9.996294780842477357e-01,9.996294781163922449e-01,9.996294781245139704e-01,9.996294781266050755e-01,9.996294781260119944e-01,9.996294781220399495e-01,9.996294781084280601e-01,9.996294780535386337e-01,9.996294777324262748e-01,9.996294742280489309e-01,9.996294437982368164e-01,1.000000000000004885e+00
1.000000000000007327e+00,9.995835708027659416e-01,9.995836126568599100e-01,9.995836156019629604e-01,9.995836158977647878e-01,9.995836159534836618e-01,9.995836159682497390e-01,9.995836159723152647e-01,9.995836159716322555e-01,9.995836159653991304e-01,9.995836159442982316e-01,9.995836158622593004e-01,9.995836154025955489e-01,9.995836104779624032e-01,9.995835436075508618e-01,9.995835708027659416e-01,1.000000000000007327e+00,9.995836426119735219e-01,9.995836799883801582e-01,9.995836825546541293e-01,9.995836827894917231e-01,9.995836828305260102e-01,9.995836828402658858e-01,9.995836828411642783e-01,9.995836828354591752e-01,9.995836828145598929e-01,9.995836827326065599e-01,9.995836822729825544e-01,9.995836773483685045e-01,9.995836104779626252e-01,9.995836126568599100e-01,9.995836426119735219e-01,1.000000000000007327e+00,9.995836479974031796e-01,9.995836849952693948e-01,9.995836875005934541e-01,9.995836877207562310e-01,9.995836877567674250e-01,9.995836877633412776e-01,9.995836877592180203e-01,9.995836877388468711e-01,9.995836876570952656e-01,9.995836871975568583e-01,9.995836822729824434e-01,9.995836154025956599e-01,9.995836156019629604e-01,9.995836799883801582e-01,9.995836479974031796e-01,1.000000000000007327e+00,9.995836485393405635e-01,9.995836854762579771e-01,9.995836879669066644e-01,9.995836881820471254e-01,9.995836882148924074e-01,9.995836882164446102e-01,9.995836881976553068e-01,9.995836881164320564e-01,9.995836876570952656e-01,9.995836827326066709e-01,9.995836158622594114e-01,9.995836158977647878e-01,9.995836825546541293e-01,9.995836849952693948e-01,9.995836485393405635e-01,1.000000000000007327e+00,9.995836486427539525e-01,9.995836855649871122e-01,9.995836880506122624e-01,9.995836882625868114e-01,9.995836882904104437e-01,9.995836882772966003e-01,9.995836881976551958e-01,9.995836877388466490e-01,9.995836828145596709e-01,9.995836159442981206e-01,9.995836159534836618e-01,9.995836827894917231e-01,9.995836875005934541e-01,9.995836854762579771e-01,9.995836486427539525e-01,1.000000000000007327e+00,9.995836486706342061e-01,9.995836855878408311e-01,9.995836880702998473e-01,9.995836882772528575e-01,9.995836882904103327e-01,9.995836882164443882e-01,9.995836877592177983e-01,9.995836828354589532e-01,9.995836159653991304e-01,9.995836159682497390e-01,9.995836828305260102e-01,9.995836877207562310e-01,9.995836879669066644e-01,9.995836855649871122e-01,9.995836486706342061e-01,1.000000000000007327e+00,9.995836486788233222e-01,9.995836855928627029e-01,9.995836880702999583e-01,9.995836882625868114e-01,9.995836882148922964e-01,9.995836877633411666e-01,9.995836828411642783e-01,9.995836159716322555e-01,9.995836159723152647e-01,9.995836828402658858e-01,9.995836877567674250e-01,9.995836881820471254e-01,9.995836880506122624e-01,9.995836855878408311e-01,9.995836486788233222e-01,1.000000000000007327e+00,9.995836486788233222e-01,9.995836855878410532e-01,9.995836880506123734e-01,9.995836881820471254e-01,9.995836877567674250e-01,9.995836828402658858e-01,9.995836159723153758e-01,9.995836159716322555e-01,9.995836828411642783e-01,9.995836877633412776e-01,9.995836882148924074e-01,9.995836882625868114e-01,9.995836880702998473e-01,9.995836855928627029e-01,9.995836486788233222e-01,1.000000000000007327e+00,9.995836486706344282e-01,9.995836855649872232e-01,9.995836879669066644e-01,9.995836877207562310e-01,9.995836828305258992e-01,9.995836159682497390e-01,9.995836159653991304e-01,9.995836828354591752e-01,9.995836877592180203e-01,9.995836882164446102e-01,9.995836882904104437e-01,9.995836882772528575e-01,9.995836880702999583e-01,9.995836855878410532e-01,9.995836486706344282e-01,1.000000000000007327e+00,9.995836486427539525e-01,9.995836854762581991e-01,9.995836875005934541e-01,9.995836827894917231e-01,9.995836159534836618e-01,9.995836159442982316e-01,9.995836828145598929e-01,9.995836877388468711e-01,9.995836881976553068e-01,9.995836882772966003e-01,9.995836882904103327e-01,9.995836882625868114e-01,9.995836880506123734e-01,9.995836855649872232e-01,9.995836486427539525e-01,1.000000000000007327e+00,9.995836485393404525e-01,9.995836849952693948e-01,9.995836825546542403e-01,9.995836158977648989e-01,9.995836158622593004e-01,9.995836827326065599e-01,9.995836876570952656e-01,9.995836881164320564e-01,9.995836881976551958e-01,9.995836882164443882e-01,9.995836882148922964e-01,9.995836881820471254e-01,9.995836879669066644e-01,9.995836854762581991e-01,9.995836485393404525e-01,1.000000000000007327e+00,9.995836479974030686e-01,9.995836799883800472e-01,9.995836156019629604e-01,9.995836154025955489e-01,9.995836822729825544e-01,9.995836871975568583e-01,9.995836876570952656e-01,9.995836877388466490e-01,9.995836877592177983e-01,9.995836877633411666e-01,9.995836877567674250e-01,9.995836877207562310e-01,9.995836875005934541e-01,9.995836849952693948e-01,9.995836479974030686e-01,1.000000000000007327e+00,9.995836426119737439e-01,9.995836126568597990e-01,9.995836104779624032e-01,9.995836773483685045e-01,9.995836822729824434e-01,9.995836827326066709e-01,9.995836828145596709e-01,9.995836828354589532e-01,9.995836828411642783e-01,9.995836828402658858e-01,9.995836828305258992e-01,9.995836827894917231e-01,9.995836825546542403e-01,9.995836799883800472e-01,9.995836426119737439e-01,1.000000000000007327e+00,9.995835708027659416e-01,9.995835436075508618e-01,9.995836104779626252e-01,9.995836154025956599e-01,9.995836158622594114e-01,9.995836159442981206e-01,9.995836159653991304e-01,9.995836159716322555e-01,9.995836159723153758e-01,9.995836159682497390e-01,9.995836159534836618e-01,9.995836158977648989e-01,9.995836156019629604e-01,9.995836126568597990e-01,9.995835708027659416e-01,1.000000000000007327e+00
1.000000000000009770e+00,9.994998400141915651e-01,9.994998984151428623e-01,9.994999025807014270e-01,9.994999029561786319e-01,9.994999030256367378e-01,9.994999030439032373e-01,9.994999030489539749e-01,9.994999030482443203e-01,9.994999030409450480e-01,9.994999030161313414e-01,9.994999029196653950e-01,9.994999023790367421e-01,9.994998964836656619e-01,9.994998030576851544e-01,9.994998400141915651e-01,1.000000000000009770e+00,9.994999393587676861e-01,9.994999923833076672e-01,9.994999961034072289e-01,9.994999964072398546e-01,9.994999964594258879e-01,9.994999964717770080e-01,9.994999964730987285e-01,9.994999964664771364e-01,9.994999964419223337e-01,9.994999963455661884e-01,9.994999958049881617e-01,9.994999899096415064e-01,9.994998964836655508e-01,9.994998984151428623e-01,9.994999393587676861e-01,1.000000000000009770e+00,9.994999457963629208e-01,9.994999983753704020e-01,9.995000020238482552e-01,9.995000023104195774e-01,9.995000023566933400e-01,9.995000023653164423e-01,9.995000023607266693e-01,9.995000023368495468e-01,9.995000022407521945e-01,9.995000017002841908e-01,9.994999958049882727e-01,9.994999023790367421e-01,9.994999025807014270e-01,9.994999923833076672e-01,9.994999457963629208e-01,1.000000000000009770e+00,9.994999464337707140e-01,9.994999989410945362e-01,9.995000025723093096e-01,9.995000028529685832e-01,9.995000028955145499e-01,9.995000028982261586e-01,9.995000028763807443e-01,9.995000027809612941e-01,9.995000022407521945e-01,9.994999963455660774e-01,9.994999029196652840e-01,9.994999029561786319e-01,9.994999961034072289e-01,9.994999983753704020e-01,9.994999464337707140e-01,1.000000000000009770e+00,9.994999465554031959e-01,9.994999990454447314e-01,9.995000026707466789e-01,9.995000029476780457e-01,9.995000029843125189e-01,9.995000029697685973e-01,9.995000028763807443e-01,9.995000023368494357e-01,9.994999964419223337e-01,9.994999030161312303e-01,9.994999030256367378e-01,9.994999964072398546e-01,9.995000020238482552e-01,9.994999989410945362e-01,9.994999465554031959e-01,1.000000000000009770e+00,9.994999465882173917e-01,9.994999990723401062e-01,9.995000026939139248e-01,9.995000029649339091e-01,9.995000029843127409e-01,9.995000028982262696e-01,9.995000023607266693e-01,9.994999964664772474e-01,9.994999030409451590e-01,9.994999030439032373e-01,9.994999964594258879e-01,9.995000023104195774e-01,9.995000025723093096e-01,9.994999990454447314e-01,9.994999465882173917e-01,1.000000000000009770e+00,9.994999465978586795e-01,9.994999990782513777e-01,9.995000026939138138e-01,9.995000029476780457e-01,9.995000028955145499e-01,9.995000023653164423e-01,9.994999964730987285e-01,9.994999030482440983e-01,9.994999030489539749e-01,9.994999964717770080e-01,9.995000023566933400e-01,9.995000028529685832e-01,9.995000026707466789e-01,9.994999990723401062e-01,9.994999465978586795e-01,1.000000000000009770e+00,9.994999465978586795e-01,9.994999990723399952e-01,9.995000026707466789e-01,9.995000028529686942e-01,9.995000023566932290e-01,9.994999964717770080e-01,9.994999030489537528e-01,9.994999030482443203e-01,9.994999964730987285e-01,9.995000023653164423e-01,9.995000028955145499e-01,9.995000029476780457e-01,9.995000026939139248e-01,9.994999990782513777e-01,9.994999465978586795e-01,1.000000000000009770e+00,9.994999465882172807e-01,9.994999990454447314e-01,9.995000025723093096e-01,9.995000023104194664e-01,9.994999964594257769e-01,9.994999030439031262e-01,9.994999030409450480e-01,9.994999964664771364e-01,9.995000023607266693e-01,9.995000028982261586e-01,9.995000029843125189e-01,9.995000029649339091e-01,9.995000026939138138e-01,9.994999990723399952e-01,9.994999465882172807e-01,1.000000000000009770e+00,9.994999465554033069e-01,9.994999989410945362e-01,9.995000020238482552e-01,9.994999964072398546e-01,9.994999030256366268e-01,9.994999030161313414e-01,9.994999964419223337e-01,9.995000023368495468e-01,9.995000028763807443e-01,9.995000029697685973e-01,9.995000029843127409e-01,9.995000029476780457e-01,9.995000026707466789e-01,9.994999990454447314e-01,9.994999465554033069e-01,1.000000000000009770e+00,9.994999464337704920e-01,9.994999983753704020e-01,9.994999961034072289e-01,9.994999029561786319e-01,9.994999029196653950e-01,9.994999963455661884e-01,9.995000022407521945e-01,9.995000027809612941e-01,9.995000028763807443e-01,9.995000028982262696e-01,9.995000028955145499e-01,9.995000028529686942e-01,9.995000025723093096e-01,9.994999989410945362e-01,9.994999464337704920e-01,1.000000000000009770e+00,9.994999457963629208e-01,9.994999923833077782e-01,9.994999025807015380e-01,9.994999023790367421e-01,9.994999958049881617e-01,9.995000017002841908e-01,9.995000022407521945e-01,9.995000023368494357e-01,9.995000023607266693e-01,9.995000023653164423e-01,9.995000023566932290e-01,9.995000023104194664e-01,9.995000020238482552e-01,9.994999983753704020e-01,9.994999457963629208e-01,1.000000000000009770e+00,9.994999393587676861e-01,9.994998984151426402e-01,9.994998964836656619e-01,9.994999899096415064e-01,9.994999958049882727e-01,9.994999963455660774e-01,9.994999964419223337e-01,9.994999964664772474e-01,9.994999964730987285e-01,9.994999964717770080e-01,9.994999964594257769e-01,9.994999964072398546e-01,9.994999961034072289e-01,9.994999923833077782e-01,9.994999393587676861e-01,1.000000000000009770e+00,9.994998400141914541e-01,9.994998030576851544e-01,9.994998964836655508e-01,9.994999023790367421e-01,9.994999029196652840e-01,9.994999030161312303e-01,9.994999030409451590e-01,9.994999030482440983e-01,9.994999030489537528e-01,9.994999030439031262e-01,9.994999030256366268e-01,9.994999029561786319e-01,9.994999025807015380e-01,9.994998984151426402e-01,9.994998400141914541e-01,1.000000000000009770e+00
