1.000000000000000000e+00,1.000000000000000000e+00,1.000000000000000000e+00,1.000000000000000000e+00,1.000000000000000000e+00,1.000000000000000000e+00,1.000000000000000000e+00,1.000000000000000000e+00,1.000000000000000000e+00,1.000000000000000000e+00,1.000000000000000000e+00,1.000000000000000000e+00,1.000000000000000000e+00,1.000000000000000000e+00,1.000000000000000000e+00,1.000000000000000000e+00,1.000000000000000000e+00,1.000000000000000000e+00,1.000000000000000000e+00,1.000000000000000000e+00,1.000000000000000000e+00,1.000000000000000000e+00,1.000000000000000000e+00,1.000000000000000000e+00,1.000000000000000000e+00,1.000000000000000000e+00,1.000000000000000000e+00,1.000000000000000000e+00,1.000000000000000000e+00,1.000000000000000000e+00,1.000000000000000000e+00,1.000000000000000000e+00,1.000000000000000000e+00,1.000000000000000000e+00,1.000000000000000000e+00,1.000000000000000000e+00,1.000000000000000000e+00,1.000000000000000000e+00,1.000000000000000000e+00,1.000000000000000000e+00,1.000000000000000000e+00,1.000000000000000000e+00,1.000000000000000000e+00,1.000000000000000000e+00,1.000000000000000000e+00,1.000000000000000000e+00,1.000000000000000000e+00,1.000000000000000000e+00,1.000000000000000000e+00,1.000000000000000000e+00,1.000000000000000000e+00,1.000000000000000000e+00,1.000000000000000000e+00,1.000000000000000000e+00,1.000000000000000000e+00,1.000000000000000000e+00,1.000000000000000000e+00,1.000000000000000000e+00,1.000000000000000000e+00,1.000000000000000000e+00,1.000000000000000000e+00,1.000000000000000000e+00,1.000000000000000000e+00,1.000000000000000000e+00,1.000000000000000000e+00,1.000000000000000000e+00,1.000000000000000000e+00,1.000000000000000000e+00,1.000000000000000000e+00,1.000000000000000000e+00,1.000000000000000000e+00,1.000000000000000000e+00,1.000000000000000000e+00,1.000000000000000000e+00,1.000000000000000000e+00,1.000000000000000000e+00,1.000000000000000000e+00,1.000000000000000000e+00,1.000000000000000000e+00,1.000000000000000000e+00,1.000000000000000000e+00,1.000000000000000000e+00,1.000000000000000000e+00,1.000000000000000000e+00,1.000000000000000000e+00,1.000000000000000000e+00,1.000000000000000000e+00,1.000000000000000000e+00,1.000000000000000000e+00,1.000000000000000000e+00,1.000000000000000000e+00,1.000000000000000000e+00,1.000000000000000000e+00,1.000000000000000000e+00,1.000000000000000000e+00,1.000000000000000000e+00,1.000000000000000000e+00,1.000000000000000000e+00,1.000000000000000000e+00,1.000000000000000000e+00,1.000000000000000000e+00,1.000000000000000000e+00,1.000000000000000000e+00,1.000000000000000000e+00,1.000000000000000000e+00,1.000000000000000000e+00,1.000000000000000000e+00,1.000000000000000000e+00,1.000000000000000000e+00,1.000000000000000000e+00,1.000000000000000000e+00,1.000000000000000000e+00,1.000000000000000000e+00,1.000000000000000000e+00,1.000000000000000000e+00,1.000000000000000000e+00,1.000000000000000000e+00,1.000000000000000000e+00,1.000000000000000000e+00,1.000000000000000000e+00,1.000000000000000000e+00,1.000000000000000000e+00,1.000000000000000000e+00,1.000000000000000000e+00,1.000000000000000000e+00,1.000000000000000000e+00,1.000000000000000000e+00,1.000000000000000000e+00,1.000000000000000000e+00,1.000000000000000000e+00,1.000000000000000000e+00,1.000000000000000000e+00,1.000000000000000000e+00,1.000000000000000000e+00,1.000000000000000000e+00,1.000000000000000000e+00,1.000000000000000000e+00,1.000000000000000000e+00,1.000000000000000000e+00,1.000000000000000000e+00,1.000000000000000000e+00,1.000000000000000000e+00,1.000000000000000000e+00,1.000000000000000000e+00,1.000000000000000000e+00,1.000000000000000000e+00,1.000000000000000000e+00,1.000000000000000000e+00,1.000000000000000000e+00,1.000000000000000000e+00,1.000000000000000000e+00,1.000000000000000000e+00,1.000000000000000000e+00,1.000000000000000000e+00,1.000000000000000000e+00,1.000000000000000000e+00,1.000000000000000000e+00,1.000000000000000000e+00,1.000000000000000000e+00,1.000000000000000000e+00,1.000000000000000000e+00,1.000000000000000000e+00,1.000000000000000000e+00,1.000000000000000000e+00,1.000000000000000000e+00,1.000000000000000000e+00,1.000000000000000000e+00,1.000000000000000000e+00,1.000000000000000000e+00,1.000000000000000000e+00,1.000000000000000000e+00,1.000000000000000000e+00,1.000000000000000000e+00,1.000000000000000000e+00,1.000000000000000000e+00,1.000000000000000000e+00,1.000000000000000000e+00,1.000000000000000000e+00,1.000000000000000000e+00,1.000000000000000000e+00,1.000000000000000000e+00,1.000000000000000000e+00,1.000000000000000000e+00,1.000000000000000000e+00,1.000000000000000000e+00,1.000000000000000000e+00,1.000000000000000000e+00,1.000000000000000000e+00,1.000000000000000000e+00,1.000000000000000000e+00,1.000000000000000000e+00,1.000000000000000000e+00,1.000000000000000000e+00,1.000000000000000000e+00,1.000000000000000000e+00,1.000000000000000000e+00,1.000000000000000000e+00,1.000000000000000000e+00,1.000000000000000000e+00,1.000000000000000000e+00,1.000000000000000000e+00,1.000000000000000000e+00,1.000000000000000000e+00,1.000000000000000000e+00,1.000000000000000000e+00,1.000000000000000000e+00,1.000000000000000000e+00,1.000000000000000000e+00,1.000000000000000000e+00,1.000000000000000000e+00,1.000000000000000000e+00,1.000000000000000000e+00,1.000000000000000000e+00,1.000000000000000000e+00,1.000000000000000000e+00,1.000000000000000000e+00,1.000000000000000000e+00,1.000000000000000000e+00,1.000000000000000000e+00,1.000000000000000000e+00,1.000000000000000000e+00,1.000000000000000000e+00,1.000000000000000000e+00,1.000000000000000000e+00,1.000000000000000000e+00
9.999999999999887867e-01,4.877587620974841998e-01,5.642113203946533817e-01,5.804874273659846873e-01,5.847041822654805987e-01,5.832698788768092557e-01,5.829425925487801141e-01,5.829774248886071542e-01,5.829794002399139030e-01,5.829737025915374682e-01,5.829474037468278524e-01,5.832124020652261764e-01,5.783750956474910110e-01,5.388932459510730189e-01,7.391472658990104749e-01,4.877587620974841998e-01,9.999999999999887867e-01,3.012000735936056772e-01,4.085251960155011353e-01,4.225289405438064083e-01,4.275403383424564718e-01,4.253971035911883192e-01,4.249851653305226629e-01,4.250321458119658558e-01,4.250317730191013332e-01,4.250118482929354236e-01,4.252050882946110111e-01,4.216783384406003199e-01,3.928931561551648466e-01,5.388932459510771267e-01,5.642113203946533817e-01,3.012000735936056772e-01,9.999999999999887867e-01,3.525449562722590136e-01,4.407767587680314070e-01,4.525812328959883946e-01,4.583524103823423679e-01,4.565615566824129945e-01,4.561313866674738260e-01,4.561672933338415947e-01,4.561507550655937160e-01,4.563575322622285269e-01,4.525724344713167313e-01,4.216783384405980439e-01,5.783750956474922322e-01,5.804874273659846873e-01,4.085251960155011353e-01,3.525449562722590136e-01,9.999999999999887867e-01,3.578593871066945709e-01,4.445258184194204598e-01,4.564454879484037830e-01,4.621762067838730004e-01,4.603787070552918248e-01,4.599430648297762048e-01,4.599618270613823889e-01,4.601749544554990523e-01,4.563575322622257513e-01,4.252050882946061261e-01,5.832124020652238450e-01,5.847041822654805987e-01,4.225289405438064083e-01,4.407767587680314070e-01,3.578593871066945709e-01,9.999999999999887867e-01,3.575846356204058218e-01,4.443130570340796948e-01,4.562367723093033178e-01,4.619693623183404041e-01,4.601661563579308445e-01,4.597132284946224834e-01,4.599618270613844984e-01,4.561507550655930499e-01,4.250118482929319264e-01,5.829474037468279635e-01,5.832698788768092557e-01,4.275403383424564718e-01,4.525812328959883946e-01,4.445258184194204598e-01,3.575846356204058218e-01,9.999999999999887867e-01,3.576210325296468318e-01,4.443384536522935746e-01,4.562552719491489439e-01,4.619855791957552804e-01,4.601661563579304559e-01,4.599430648297776481e-01,4.561672933338405400e-01,4.250317730190981691e-01,5.829737025915371351e-01,5.829425925487801141e-01,4.253971035911883192e-01,4.583524103823423679e-01,4.564454879484037830e-01,4.443130570340796948e-01,3.576210325296468318e-01,9.999999999999887867e-01,3.576278137316543093e-01,4.443423027572738770e-01,4.562552719491482223e-01,4.619693623183402931e-01,4.603787070552928240e-01,4.561313866674717721e-01,4.250321458119619145e-01,5.829794002399132369e-01,5.829774248886071542e-01,4.249851653305226629e-01,4.565615566824129945e-01,4.621762067838730004e-01,4.562367723093033178e-01,4.443384536522935746e-01,3.576278137316543093e-01,9.999999999999887867e-01,3.576278137316567518e-01,4.443384536522944073e-01,4.562367723093044281e-01,4.621762067838763866e-01,4.565615566824134941e-01,4.249851653305201649e-01,5.829774248886080423e-01,5.829794002399139030e-01,4.250321458119658558e-01,4.561313866674738260e-01,4.603787070552918248e-01,4.619693623183404041e-01,4.562552719491489439e-01,4.443423027572738770e-01,3.576278137316567518e-01,9.999999999999887867e-01,3.576210325296513282e-01,4.443130570340811936e-01,4.564454879484083905e-01,4.583524103823445883e-01,4.253971035911879861e-01,5.829425925487833338e-01,5.829737025915374682e-01,4.250317730191013332e-01,4.561672933338415947e-01,4.599430648297762048e-01,4.601661563579308445e-01,4.619855791957552804e-01,4.562552719491482223e-01,4.443384536522944073e-01,3.576210325296513282e-01,9.999999999999887867e-01,3.575846356204092635e-01,4.445258184194238460e-01,4.525812328959898934e-01,4.275403383424555281e-01,5.832698788768121423e-01,5.829474037468278524e-01,4.250118482929354236e-01,4.561507550655937160e-01,4.599618270613823889e-01,4.597132284946224834e-01,4.601661563579304559e-01,4.619693623183402931e-01,4.562367723093044281e-01,4.443130570340811936e-01,3.575846356204092635e-01,9.999999999999887867e-01,3.578593871067005106e-01,4.407767587680326837e-01,4.225289405438051871e-01,5.847041822654834853e-01,5.832124020652261764e-01,4.252050882946110111e-01,4.563575322622285269e-01,4.601749544554990523e-01,4.599618270613844984e-01,4.599430648297776481e-01,4.603787070552928240e-01,4.621762067838763866e-01,4.564454879484083905e-01,4.445258184194238460e-01,3.578593871067005106e-01,9.999999999999887867e-01,3.525449562722634544e-01,4.085251960155008577e-01,5.804874273659897943e-01,5.783750956474910110e-01,4.216783384406003199e-01,4.525724344713167313e-01,4.563575322622257513e-01,4.561507550655930499e-01,4.561672933338405400e-01,4.561313866674717721e-01,4.565615566824134941e-01,4.583524103823445883e-01,4.525812328959898934e-01,4.407767587680326837e-01,3.525449562722634544e-01,9.999999999999887867e-01,3.012000735936024021e-01,5.642113203946552691e-01,5.388932459510730189e-01,3.928931561551648466e-01,4.216783384405980439e-01,4.252050882946061261e-01,4.250118482929319264e-01,4.250317730190981691e-01,4.250321458119619145e-01,4.249851653305201649e-01,4.253971035911879861e-01,4.275403383424555281e-01,4.225289405438051871e-01,4.085251960155008577e-01,3.012000735936024021e-01,9.999999999999887867e-01,4.877587620974827010e-01,7.391472658990104749e-01,5.388932459510771267e-01,5.783750956474922322e-01,5.832124020652238450e-01,5.829474037468279635e-01,5.829737025915371351e-01,5.829794002399132369e-01,5.829774248886080423e-01,5.829425925487833338e-01,5.832698788768121423e-01,5.847041822654834853e-01,5.804874273659897943e-01,5.642113203946552691e-01,4.877587620974827010e-01,9.999999999999887867e-01
9.999999999999672484e-01,1.278645669953622221e-02,-2.777033855928406902e-01,2.903751617731887835e-01,-1.316183622536790804e-02,-8.840386595678736970e-02,7.613245848228944457e-02,1.113377750124250332e-02,2.228918053192606441e-02,1.966360592803116300e-02,2.126225486171692478e-02,1.921909159598479341e-02,1.769816562422123207e-02,3.028236898893083007e-02,9.540925123592794866e-04,1.278645669953622221e-02,9.999999999999672484e-01,5.534241688952332705e-01,6.105189288920704893e-01,6.649416723176889699e-01,6.646428241699414707e-01,6.628457174404920327e-01,6.558214827287309756e-01,6.609617761092814181e-01,6.580081344006247779e-01,6.687882308489707661e-01,6.101913902116993249e-01,5.615345101940933947e-01,9.609329425314991902e-01,3.028236898892138623e-02,-2.777033855928406902e-01,5.534241688952332705e-01,9.999999999999672484e-01,1.972077060778755497e-01,3.341834603873259368e-01,5.304226918755257092e-01,3.492329805639922125e-01,3.396227320080996703e-01,4.184073257055149209e-01,3.779446703897489934e-01,3.920451913408667943e-01,3.559135427727397882e-01,3.283177286242082715e-01,5.615345101940889538e-01,1.769816562421622219e-02,2.903751617731887835e-01,6.105189288920704893e-01,1.972077060778755497e-01,9.999999999999672484e-01,3.063803818772153353e-01,3.500277747173756726e-01,5.405331413007999908e-01,4.070950900161663943e-01,3.672948288274590078e-01,4.497675025086683709e-01,4.192968869756742989e-01,3.888351829306148644e-01,3.559135427727438405e-01,6.101913902117015454e-01,1.921909159597923883e-02,-1.316183622536790804e-02,6.649416723176889699e-01,3.341834603873259368e-01,3.063803818772153353e-01,9.999999999999672484e-01,3.551226367992637023e-01,4.049931860292266261e-01,5.665916272009168253e-01,4.488467791729852108e-01,4.128850448932680495e-01,4.931969892636615671e-01,4.192968869756715788e-01,3.920451913408694034e-01,6.687882308489692118e-01,2.126225486171025997e-02,-8.840386595678736970e-02,6.646428241699414707e-01,5.304226918755257092e-01,3.500277747173756726e-01,3.551226367992637023e-01,9.999999999999672484e-01,3.458594636340873163e-01,3.967639627456795437e-01,5.662627903026586917e-01,4.372863899545696986e-01,4.128850448932633310e-01,4.497675025086645961e-01,3.779446703897489934e-01,6.580081344006192268e-01,1.966360592802344695e-02,7.613245848228944457e-02,6.628457174404920327e-01,3.492329805639922125e-01,5.405331413007999908e-01,4.049931860292266261e-01,3.458594636340873163e-01,9.999999999999672484e-01,3.470978985412835893e-01,3.974890886323422245e-01,5.662627903026614673e-01,4.488467791729911505e-01,3.672948288274565654e-01,4.184073257055197503e-01,6.609617761092838606e-01,2.228918053192084983e-02,1.113377750124250332e-02,6.558214827287309756e-01,3.396227320080996703e-01,4.070950900161663943e-01,5.665916272009168253e-01,3.967639627456795437e-01,3.470978985412835893e-01,9.999999999999672484e-01,3.470978985412802587e-01,3.967639627456849838e-01,5.665916272009156041e-01,4.070950900161673380e-01,3.396227320080998369e-01,6.558214827287295323e-01,1.113377750123615770e-02,2.228918053192606441e-02,6.609617761092814181e-01,4.184073257055149209e-01,3.672948288274590078e-01,4.488467791729852108e-01,5.662627903026586917e-01,3.974890886323422245e-01,3.470978985412802587e-01,9.999999999999672484e-01,3.458594636340891482e-01,4.049931860292240726e-01,5.405331413007976593e-01,3.492329805639928786e-01,6.628457174404880359e-01,7.613245848228583634e-02,1.966360592803116300e-02,6.580081344006247779e-01,3.779446703897489934e-01,4.497675025086683709e-01,4.128850448932680495e-01,4.372863899545696986e-01,5.662627903026614673e-01,3.967639627456849838e-01,3.458594636340891482e-01,9.999999999999672484e-01,3.551226367992693089e-01,3.500277747173756726e-01,5.304226918755330367e-01,6.646428241699460226e-01,-8.840386595679836090e-02,2.126225486171692478e-02,6.687882308489707661e-01,3.920451913408667943e-01,4.192968869756742989e-01,4.931969892636615671e-01,4.128850448932633310e-01,4.488467791729911505e-01,5.665916272009156041e-01,4.049931860292240726e-01,3.551226367992693089e-01,9.999999999999672484e-01,3.063803818772128373e-01,3.341834603873271581e-01,6.649416723176884148e-01,-1.316183622537274445e-02,1.921909159598479341e-02,6.101913902116993249e-01,3.559135427727397882e-01,3.888351829306148644e-01,4.192968869756715788e-01,4.497675025086645961e-01,3.672948288274565654e-01,4.070950900161673380e-01,5.405331413007976593e-01,3.500277747173756726e-01,3.063803818772128373e-01,9.999999999999672484e-01,1.972077060778763546e-01,6.105189288920669366e-01,2.903751617731825663e-01,1.769816562422123207e-02,5.615345101940933947e-01,3.283177286242082715e-01,3.559135427727438405e-01,3.920451913408694034e-01,3.779446703897489934e-01,4.184073257055197503e-01,3.396227320080998369e-01,3.492329805639928786e-01,5.304226918755330367e-01,3.341834603873271581e-01,1.972077060778763546e-01,9.999999999999672484e-01,5.534241688952360461e-01,-2.777033855928446870e-01,3.028236898893083007e-02,9.609329425314991902e-01,5.615345101940889538e-01,6.101913902117015454e-01,6.687882308489692118e-01,6.580081344006192268e-01,6.609617761092838606e-01,6.558214827287295323e-01,6.628457174404880359e-01,6.646428241699460226e-01,6.649416723176884148e-01,6.105189288920669366e-01,5.534241688952360461e-01,9.999999999999672484e-01,1.278645669952540968e-02,9.540925123592794866e-04,3.028236898892138623e-02,1.769816562421622219e-02,1.921909159597923883e-02,2.126225486171025997e-02,1.966360592802344695e-02,2.228918053192084983e-02,1.113377750123615770e-02,7.613245848228583634e-02,-8.840386595679836090e-02,-1.316183622537274445e-02,2.903751617731825663e-01,-2.777033855928446870e-01,1.278645669952540968e-02,9.999999999999672484e-01
9.999999999999620304e-01,-2.849307774613110134e-01,-6.747712968157576485e-02,-3.418479554546865334e-03,1.059791988307995508e-01,-7.908887269857946267e-02,1.582063512867062371e-01,-3.256658486066195402e-02,-2.571155287638829737e-02,5.310743661013049566e-02,-9.336606880845744333e-03,2.328463592620742470e-02,1.821973916674146654e-02,1.977261008444709811e-02,3.042198167856747029e-03,-2.849307774613110134e-01,9.999999999999620304e-01,1.468383723302997823e-01,5.615404878707919156e-01,1.612609195157410635e-01,4.818006725750691999e-01,3.044666504662552065e-01,3.895874277794107998e-01,3.902909911444103486e-01,3.534813843366628183e-01,2.921737190961483099e-01,5.071890262612741562e-01,3.115558820129838979e-01,4.665945970815650323e-01,1.977261008444796547e-02,-6.747712968157576485e-02,1.468383723302997823e-01,9.999999999999620304e-01,2.109965966813330263e-01,9.386505495827107692e-02,2.925821305377848125e-01,2.664616764236425461e-01,1.793369391148029734e-01,3.396830786375134581e-01,2.613758861310450099e-01,1.017119419574038924e-01,3.546990657269512570e-01,2.206746367425567734e-01,3.115558820129819551e-01,1.821973916674345106e-02,-3.418479554546865334e-03,5.615404878707919156e-01,2.109965966813330263e-01,9.999999999999620304e-01,1.229476521002722811e-01,4.625534271514897267e-01,4.162107256424383839e-01,4.089538499080412337e-01,4.079062859813963327e-01,4.266990486829814744e-01,2.710602417615538551e-01,5.586461262296311681e-01,3.546990657269510905e-01,5.071890262612746003e-01,2.328463592620741429e-02,1.059791988307995508e-01,1.612609195157410635e-01,9.386505495827107692e-02,1.229476521002722811e-01,9.999999999999620304e-01,-6.293860511123633428e-02,2.327470594497346168e-01,2.165243785581847380e-01,2.362386254827779364e-01,1.241662177184373883e-01,3.193336734626290863e-01,2.710602417615478599e-01,1.017119419573999234e-01,2.921737190961419817e-01,-9.336606880842989592e-03,-7.908887269857946267e-02,4.818006725750691999e-01,2.925821305377848125e-01,4.625534271514897267e-01,-6.293860511123633428e-02,9.999999999999620304e-01,1.118770660156423319e-01,3.241569967953044085e-01,3.164147937392535193e-01,3.505424866210157253e-01,1.241662177184429394e-01,4.266990486829826401e-01,2.613758861310473414e-01,3.534813843366639841e-01,5.310743661012969075e-02,1.582063512867062371e-01,3.044666504662552065e-01,2.664616764236425461e-01,4.162107256424383839e-01,2.327470594497346168e-01,1.118770660156423319e-01,9.999999999999620304e-01,8.831793282891864383e-02,3.194220327983298136e-01,3.164147937392449705e-01,2.362386254827788801e-01,4.079062859813841202e-01,3.396830786375088507e-01,3.902909911443989688e-01,-2.571155287639008413e-02,-3.256658486066195402e-02,3.895874277794107998e-01,1.793369391148029734e-01,4.089538499080412337e-01,2.165243785581847380e-01,3.241569967953044085e-01,8.831793282891864383e-02,9.999999999999620304e-01,8.831793282893468655e-02,3.241569967952984688e-01,2.165243785581920655e-01,4.089538499080377365e-01,1.793369391148029734e-01,3.895874277794101337e-01,-3.256658486066052460e-02,-2.571155287638829737e-02,3.902909911444103486e-01,3.396830786375134581e-01,4.079062859813963327e-01,2.362386254827779364e-01,3.164147937392535193e-01,3.194220327983298136e-01,8.831793282893468655e-02,9.999999999999620304e-01,1.118770660156546415e-01,2.327470594497384748e-01,4.162107256424509294e-01,2.664616764236479862e-01,3.044666504662656981e-01,1.582063512867079580e-01,5.310743661013049566e-02,3.534813843366628183e-01,2.613758861310450099e-01,4.266990486829814744e-01,1.241662177184373883e-01,3.505424866210157253e-01,3.164147937392449705e-01,3.241569967952984688e-01,1.118770660156546415e-01,9.999999999999620304e-01,-6.293860511123275381e-02,4.625534271514881168e-01,2.925821305377808712e-01,4.818006725750699770e-01,-7.908887269858312641e-02,-9.336606880845744333e-03,2.921737190961483099e-01,1.017119419574038924e-01,2.710602417615538551e-01,3.193336734626290863e-01,1.241662177184429394e-01,2.362386254827788801e-01,2.165243785581920655e-01,2.327470594497384748e-01,-6.293860511123275381e-02,9.999999999999620304e-01,1.229476521002776102e-01,9.386505495827784928e-02,1.612609195157467257e-01,1.059791988307990374e-01,2.328463592620742470e-02,5.071890262612741562e-01,3.546990657269512570e-01,5.586461262296311681e-01,2.710602417615478599e-01,4.266990486829826401e-01,4.079062859813841202e-01,4.089538499080377365e-01,4.162107256424509294e-01,4.625534271514881168e-01,1.229476521002776102e-01,9.999999999999620304e-01,2.109965966813304172e-01,5.615404878707874747e-01,-3.418479554546056953e-03,1.821973916674146654e-02,3.115558820129838979e-01,2.206746367425567734e-01,3.546990657269510905e-01,1.017119419573999234e-01,2.613758861310473414e-01,3.396830786375088507e-01,1.793369391148029734e-01,2.664616764236479862e-01,2.925821305377808712e-01,9.386505495827784928e-02,2.109965966813304172e-01,9.999999999999620304e-01,1.468383723302966737e-01,-6.747712968157799918e-02,1.977261008444709811e-02,4.665945970815650323e-01,3.115558820129819551e-01,5.071890262612746003e-01,2.921737190961419817e-01,3.534813843366639841e-01,3.902909911443989688e-01,3.895874277794101337e-01,3.044666504662656981e-01,4.818006725750699770e-01,1.612609195157467257e-01,5.615404878707874747e-01,1.468383723302966737e-01,9.999999999999620304e-01,-2.849307774613120126e-01,3.042198167856747029e-03,1.977261008444796547e-02,1.821973916674345106e-02,2.328463592620741429e-02,-9.336606880842989592e-03,5.310743661012969075e-02,-2.571155287639008413e-02,-3.256658486066052460e-02,1.582063512867079580e-01,-7.908887269858312641e-02,1.059791988307990374e-01,-3.418479554546056953e-03,-6.747712968157799918e-02,-2.849307774613120126e-01,9.999999999999620304e-01
9.999999999999589217e-01,-5.907336096888470278e-01,9.682767640741377080e-02,-1.172440382012860383e-01,5.491008906331581313e-02,-1.432740884688947780e-01,-3.704717606507072075e-02,-7.248703915001214471e-02,-1.276218826760528724e-01,-1.054365699391328903e-01,-6.554748551397936163e-02,-1.092684746279853347e-01,-6.585821946595839249e-02,-9.503107075000760684e-02,2.499977561043459015e-02,-5.907336096888470278e-01,9.999999999999589217e-01,8.412116272421085728e-02,2.781438865077245914e-01,2.290583266525038075e-01,3.220743387286989501e-01,1.718821948656332477e-01,2.925904912429113658e-01,2.332926787755935094e-01,3.164187285396101723e-01,2.999199753698943427e-01,2.779053754069438220e-01,2.997211181531260760e-01,3.359479430121621313e-01,-9.503107075000302717e-02,9.682767640741377080e-02,8.412116272421085728e-02,9.999999999999589217e-01,-1.974638678919578283e-02,3.264875655801862120e-01,2.772085718214932770e-01,2.265297492188161621e-01,2.564226304539720669e-01,1.938632405924325952e-01,2.507760449786093915e-01,2.715537623880825424e-01,2.243639336849857502e-01,3.091555377942307725e-01,2.997211181531197477e-01,-6.585821946595045440e-02,-1.172440382012860383e-01,2.781438865077245914e-01,-1.974638678919578283e-02,9.999999999999589217e-01,1.980671411344665095e-02,2.588573289504205177e-01,1.553489973702830151e-01,2.639089878302451342e-01,1.681761927164764914e-01,2.547382532470356398e-01,2.449920550525249430e-01,2.366485061336419393e-01,2.243639336849913568e-01,2.779053754069471527e-01,-1.092684746279836971e-01,5.491008906331581313e-02,2.290583266525038075e-01,3.264875655801862120e-01,1.980671411344665095e-02,9.999999999999589217e-01,5.719522276396490912e-02,2.560910186689415724e-01,2.225356481253490393e-01,2.163580503869286520e-01,2.601311365116463215e-01,3.229144049897045843e-01,2.449920550525164498e-01,2.715537623880818763e-01,2.999199753698833515e-01,-6.554748551397010514e-02,-1.432740884688947780e-01,3.220743387286989501e-01,2.772085718214932770e-01,2.588573289504205177e-01,5.719522276396490912e-02,9.999999999999589217e-01,-1.086724649973294793e-01,3.330651775950216886e-01,1.488340507272958302e-01,3.343061027250082695e-01,2.601311365116521501e-01,2.547382532470327532e-01,2.507760449786159418e-01,3.164187285396106719e-01,-1.054365699391295735e-01,-3.704717606507072075e-02,1.718821948656332477e-01,2.265297492188161621e-01,1.553489973702830151e-01,2.560910186689415724e-01,-1.086724649973294793e-01,9.999999999999589217e-01,-1.372264071607837144e-01,2.683017170970615761e-01,1.488340507272994384e-01,2.163580503869338978e-01,1.681761927164746595e-01,1.938632405924342883e-01,2.332926787755930376e-01,-1.276218826760503189e-01,-7.248703915001214471e-02,2.925904912429113658e-01,2.564226304539720669e-01,2.639089878302451342e-01,2.225356481253490393e-01,3.330651775950216886e-01,-1.372264071607837144e-01,9.999999999999589217e-01,-1.372264071607882108e-01,3.330651775950201343e-01,2.225356481253545349e-01,2.639089878302439129e-01,2.564226304539736212e-01,2.925904912429116989e-01,-7.248703915001039610e-02,-1.276218826760528724e-01,2.332926787755935094e-01,1.938632405924325952e-01,1.681761927164764914e-01,2.163580503869286520e-01,1.488340507272958302e-01,2.683017170970615761e-01,-1.372264071607882108e-01,9.999999999999589217e-01,-1.086724649973353496e-01,2.560910186689406842e-01,1.553489973702747440e-01,2.265297492188212414e-01,1.718821948656256149e-01,-3.704717606506233163e-02,-1.054365699391328903e-01,3.164187285396101723e-01,2.507760449786093915e-01,2.547382532470356398e-01,2.601311365116463215e-01,3.343061027250082695e-01,1.488340507272994384e-01,3.330651775950201343e-01,-1.086724649973353496e-01,9.999999999999589217e-01,5.719522276397392274e-02,2.588573289504174646e-01,2.772085718214947758e-01,3.220743387286964521e-01,-1.432740884688883942e-01,-6.554748551397936163e-02,2.999199753698943427e-01,2.715537623880825424e-01,2.449920550525249430e-01,3.229144049897045843e-01,2.601311365116521501e-01,2.163580503869338978e-01,2.225356481253545349e-01,2.560910186689406842e-01,5.719522276397392274e-02,9.999999999999589217e-01,1.980671411345010652e-02,3.264875655801942056e-01,2.290583266525086092e-01,5.491008906331006773e-02,-1.092684746279853347e-01,2.779053754069438220e-01,2.243639336849857502e-01,2.366485061336419393e-01,2.449920550525164498e-01,2.547382532470327532e-01,1.681761927164746595e-01,2.639089878302439129e-01,1.553489973702747440e-01,2.588573289504174646e-01,1.980671411345010652e-02,9.999999999999589217e-01,-1.974638678919590426e-02,2.781438865077157097e-01,-1.172440382012748111e-01,-6.585821946595839249e-02,2.997211181531260760e-01,3.091555377942307725e-01,2.243639336849913568e-01,2.715537623880818763e-01,2.507760449786159418e-01,1.938632405924342883e-01,2.564226304539736212e-01,2.265297492188212414e-01,2.772085718214947758e-01,3.264875655801942056e-01,-1.974638678919590426e-02,9.999999999999589217e-01,8.412116272421318874e-02,9.682767640741535287e-02,-9.503107075000760684e-02,3.359479430121621313e-01,2.997211181531197477e-01,2.779053754069471527e-01,2.999199753698833515e-01,3.164187285396106719e-01,2.332926787755930376e-01,2.925904912429116989e-01,1.718821948656256149e-01,3.220743387286964521e-01,2.290583266525086092e-01,2.781438865077157097e-01,8.412116272421318874e-02,9.999999999999589217e-01,-5.907336096888422539e-01,2.499977561043459015e-02,-9.503107075000302717e-02,-6.585821946595045440e-02,-1.092684746279836971e-01,-6.554748551397010514e-02,-1.054365699391295735e-01,-1.276218826760503189e-01,-7.248703915001039610e-02,-3.704717606506233163e-02,-1.432740884688883942e-01,5.491008906331006773e-02,-1.172440382012748111e-01,9.682767640741535287e-02,-5.907336096888422539e-01,9.999999999999589217e-01
9.999999999999459321e-01,-6.012661147779477799e-01,1.430940353859405378e-01,-1.206101549957514230e-01,-3.558983829326441833e-02,-9.517818254705268100e-02,-6.530566392806022580e-02,-6.969148934095663328e-02,-5.600910498858653608e-02,-8.251191659407895729e-02,-5.700612114147325139e-03,-5.607643547640023263e-02,-4.416062719854968455e-02,-5.947436406928435781e-02,2.653961049239550798e-02,-6.012661147779477799e-01,9.999999999999459321e-01,-1.350535733632767244e-01,3.705296450293733002e-01,1.770269505656941744e-01,2.780890111890296779e-01,2.087263123079577953e-01,2.547819620932014750e-01,2.157198371817714566e-01,2.730129741993946868e-01,2.061429140942035443e-01,2.546923698588048346e-01,1.764826186092005866e-01,2.782126028119353278e-01,-5.947436406928506558e-02,1.430940353859405378e-01,-1.350535733632767244e-01,9.999999999999459321e-01,-1.853736534858902441e-01,2.975558116921103169e-01,3.951023836598668848e-02,2.960540667883171384e-01,1.025093746082030022e-01,2.000561198224174719e-01,1.563385117216780640e-01,1.886677141804012914e-01,1.346648112964914379e-01,1.588812951999361844e-01,1.764826186092014193e-01,-4.416062719855137764e-02,-1.206101549957514230e-01,3.705296450293733002e-01,-1.853736534858902441e-01,9.999999999999459321e-01,-1.679295467033766615e-02,2.880137579747535925e-01,1.287937414961323190e-01,2.655615502062242950e-01,1.889654948648565314e-01,2.631917976265631398e-01,2.137855461339326080e-01,2.570988305101491456e-01,1.346648112964894950e-01,2.546923698588058893e-01,-5.607643547640069059e-02,-3.558983829326441833e-02,1.770269505656941744e-01,2.975558116921103169e-01,-1.679295467033766615e-02,9.999999999999459321e-01,-3.124405546599863526e-02,3.950198950686970578e-01,1.449294991479410932e-01,2.690556478288983477e-01,2.260835662289341630e-01,2.665860939514539396e-01,2.137855461339249752e-01,1.886677141804052327e-01,2.061429140941954952e-01,-5.700612114144156667e-03,-9.517818254705268100e-02,2.780890111890296779e-01,3.951023836598668848e-02,2.880137579747535925e-01,-3.124405546599863526e-02,9.999999999999459321e-01,-5.646500426179226761e-02,3.068327556248539034e-01,1.617470748453561646e-01,2.822863700409448118e-01,2.260835662289393255e-01,2.631917976265638059e-01,1.563385117216782860e-01,2.730129741993973513e-01,-8.251191659408310675e-02,-6.530566392806022580e-02,2.087263123079577953e-01,2.960540667883171384e-01,1.287937414961323190e-01,3.950198950686970578e-01,-5.646500426179226761e-02,9.999999999999459321e-01,-1.192819006740534205e-01,3.514030887890288168e-01,1.617470748453543883e-01,2.690556478288962383e-01,1.889654948648546995e-01,2.000561198224186932e-01,2.157198371817664051e-01,-5.600910498858351072e-02,-6.969148934095663328e-02,2.547819620932014750e-01,1.025093746082030022e-01,2.655615502062242950e-01,1.449294991479410932e-01,3.068327556248539034e-01,-1.192819006740534205e-01,9.999999999999459321e-01,-1.192819006740482857e-01,3.068327556248501842e-01,1.449294991479504746e-01,2.655615502062228517e-01,1.025093746082009760e-01,2.547819620932028073e-01,-6.969148934095710513e-02,-5.600910498858653608e-02,2.157198371817714566e-01,2.000561198224174719e-01,1.889654948648565314e-01,2.690556478288983477e-01,1.617470748453561646e-01,3.514030887890288168e-01,-1.192819006740482857e-01,9.999999999999459321e-01,-5.646500426178684140e-02,3.950198950686970578e-01,1.287937414961405347e-01,2.960540667883214128e-01,2.087263123079594329e-01,-6.530566392806061438e-02,-8.251191659407895729e-02,2.730129741993946868e-01,1.563385117216780640e-01,2.631917976265631398e-01,2.260835662289341630e-01,2.822863700409448118e-01,1.617470748453543883e-01,3.068327556248501842e-01,-5.646500426178684140e-02,9.999999999999459321e-01,-3.124405546598926081e-02,2.880137579747517051e-01,3.951023836598566152e-02,2.780890111890336747e-01,-9.517818254705326386e-02,-5.700612114147325139e-03,2.061429140942035443e-01,1.886677141804012914e-01,2.137855461339326080e-01,2.665860939514539396e-01,2.260835662289393255e-01,2.690556478288962383e-01,1.449294991479504746e-01,3.950198950686970578e-01,-3.124405546598926081e-02,9.999999999999459321e-01,-1.679295467032827782e-02,2.975558116921135365e-01,1.770269505656975051e-01,-3.558983829326697879e-02,-5.607643547640023263e-02,2.546923698588048346e-01,1.346648112964914379e-01,2.570988305101491456e-01,2.137855461339249752e-01,2.631917976265638059e-01,1.889654948648546995e-01,2.655615502062228517e-01,1.287937414961405347e-01,2.880137579747517051e-01,-1.679295467032827782e-02,9.999999999999459321e-01,-1.853736534858872465e-01,3.705296450293729671e-01,-1.206101549957500074e-01,-4.416062719854968455e-02,1.764826186092005866e-01,1.588812951999361844e-01,1.346648112964894950e-01,1.886677141804052327e-01,1.563385117216782860e-01,2.000561198224186932e-01,1.025093746082009760e-01,2.960540667883214128e-01,3.951023836598566152e-02,2.975558116921135365e-01,-1.853736534858872465e-01,9.999999999999459321e-01,-1.350535733632743651e-01,1.430940353859366798e-01,-5.947436406928435781e-02,2.782126028119353278e-01,1.764826186092014193e-01,2.546923698588058893e-01,2.061429140941954952e-01,2.730129741993973513e-01,2.157198371817664051e-01,2.547819620932028073e-01,2.087263123079594329e-01,2.780890111890336747e-01,1.770269505656975051e-01,3.705296450293729671e-01,-1.350535733632743651e-01,9.999999999999459321e-01,-6.012661147779487791e-01,2.653961049239550798e-02,-5.947436406928506558e-02,-4.416062719855137764e-02,-5.607643547640069059e-02,-5.700612114144156667e-03,-8.251191659408310675e-02,-5.600910498858351072e-02,-6.969148934095710513e-02,-6.530566392806061438e-02,-9.517818254705326386e-02,-3.558983829326697879e-02,-1.206101549957500074e-01,1.430940353859366798e-01,-6.012661147779487791e-01,9.999999999999459321e-01
9.999999999999655831e-01,-5.417522406571837479e-01,2.412124179671078783e-01,-1.426970625047868924e-01,9.746200237392352306e-02,-6.500912183218580942e-02,3.914487601706941045e-02,-6.267800792698972889e-02,5.581118137389801115e-02,-3.144194394301666473e-02,1.294176283266019502e-02,-5.082050048127233904e-02,4.783907536853708453e-02,-1.322537731602808631e-01,1.375572775958442129e-01,-5.417522406571837479e-01,9.999999999999655831e-01,-2.675613348494668142e-01,4.332830121537267209e-01,6.813673539049799888e-02,3.099367366080021391e-01,1.445146233488144583e-01,2.471016426449293146e-01,1.547405240094708589e-01,2.609929841164427278e-01,1.802716319002614642e-01,2.639961439842520297e-01,5.274422568173363357e-02,3.390603039762859483e-01,-1.322537731602850819e-01,2.412124179671078783e-01,-2.675613348494668142e-01,9.999999999999655831e-01,-3.083264616215253273e-01,2.783096555815202655e-01,2.806823821520799261e-02,1.976103095060840753e-01,9.013302278510776366e-02,1.737509654621435806e-01,2.375125763721756822e-02,1.471120397367728649e-01,3.720968172653711659e-02,1.925371123463331391e-01,5.274422568173137843e-02,4.783907536853364284e-02,-1.426970625047868924e-01,4.332830121537267209e-01,-3.083264616215253273e-01,9.999999999999655831e-01,-9.449816833036102370e-02,2.943531610693022604e-01,1.134580080587748174e-01,2.055568037246498503e-01,1.650973045345285883e-01,2.909166969221956833e-01,1.492749109534657059e-01,2.655449125273297017e-01,3.720968172654021133e-02,2.639961439842492541e-01,-5.082050048127098596e-02,9.746200237392352306e-02,6.813673539049799888e-02,2.783096555815202655e-01,-9.449816833036102370e-02,9.999999999999655831e-01,-9.404580452523507439e-02,3.049307467187731269e-01,1.646855487833692178e-01,2.486773075577111136e-01,1.444650170162665725e-01,3.088985522368996595e-01,1.492749109534648733e-01,1.471120397367799981e-01,1.802716319002606316e-01,1.294176283266102248e-02,-6.500912183218580942e-02,3.099367366080021391e-01,2.806823821520799261e-02,2.943531610693022604e-01,-9.404580452523507439e-02,9.999999999999655831e-01,-9.300903330454148021e-02,2.763393310460859342e-01,1.519898313821254343e-01,2.887375612246325662e-01,1.444650170162609937e-01,2.909166969221931298e-01,2.375125763721817884e-02,2.609929841164430053e-01,-3.144194394302299300e-02,3.914487601706941045e-02,1.445146233488144583e-01,1.976103095060840753e-01,1.134580080587748174e-01,3.049307467187731269e-01,-9.300903330454148021e-02,9.999999999999655831e-01,-1.234735460941102092e-01,3.279207882632534377e-01,1.519898313821274050e-01,2.486773075577132786e-01,1.650973045345272561e-01,1.737509654621456623e-01,1.547405240094730239e-01,5.581118137389676215e-02,-6.267800792698972889e-02,2.471016426449293146e-01,9.013302278510776366e-02,2.055568037246498503e-01,1.646855487833692178e-01,2.763393310460859342e-01,-1.234735460941102092e-01,9.999999999999655831e-01,-1.234735460941127488e-01,2.763393310460878216e-01,1.646855487833668863e-01,2.055568037246501001e-01,9.013302278510920695e-02,2.471016426449285097e-01,-6.267800792699490531e-02,5.581118137389801115e-02,1.547405240094708589e-01,1.737509654621435806e-01,1.650973045345285883e-01,2.486773075577111136e-01,1.519898313821254343e-01,3.279207882632534377e-01,-1.234735460941127488e-01,9.999999999999655831e-01,-9.300903330453942630e-02,3.049307467187662435e-01,1.134580080587693912e-01,1.976103095060908754e-01,1.445146233488076581e-01,3.914487601707371256e-02,-3.144194394301666473e-02,2.609929841164427278e-01,2.375125763721756822e-02,2.909166969221956833e-01,1.444650170162665725e-01,2.887375612246325662e-01,1.519898313821274050e-01,2.763393310460878216e-01,-9.300903330453942630e-02,9.999999999999655831e-01,-9.404580452523428336e-02,2.943531610693063127e-01,2.806823821520663606e-02,3.099367366080063579e-01,-6.500912183219088869e-02,1.294176283266019502e-02,1.802716319002614642e-01,1.471120397367728649e-01,1.492749109534657059e-01,3.088985522368996595e-01,1.444650170162609937e-01,2.486773075577132786e-01,1.646855487833668863e-01,3.049307467187662435e-01,-9.404580452523428336e-02,9.999999999999655831e-01,-9.449816833036768504e-02,2.783096555815246509e-01,6.813673539048956118e-02,9.746200237392635413e-02,-5.082050048127233904e-02,2.639961439842520297e-01,3.720968172653711659e-02,2.655449125273297017e-01,1.492749109534648733e-01,2.909166969221931298e-01,1.650973045345272561e-01,2.055568037246501001e-01,1.134580080587693912e-01,2.943531610693063127e-01,-9.449816833036768504e-02,9.999999999999655831e-01,-3.083264616215197207e-01,4.332830121537270540e-01,-1.426970625047973562e-01,4.783907536853708453e-02,5.274422568173363357e-02,1.925371123463331391e-01,3.720968172654021133e-02,1.471120397367799981e-01,2.375125763721817884e-02,1.737509654621456623e-01,9.013302278510920695e-02,1.976103095060908754e-01,2.806823821520663606e-02,2.783096555815246509e-01,-3.083264616215197207e-01,9.999999999999655831e-01,-2.675613348494620958e-01,2.412124179671092106e-01,-1.322537731602808631e-01,3.390603039762859483e-01,5.274422568173137843e-02,2.639961439842492541e-01,1.802716319002606316e-01,2.609929841164430053e-01,1.547405240094730239e-01,2.471016426449285097e-01,1.445146233488076581e-01,3.099367366080063579e-01,6.813673539048956118e-02,4.332830121537270540e-01,-2.675613348494620958e-01,9.999999999999655831e-01,-5.417522406571897431e-01,1.375572775958442129e-01,-1.322537731602850819e-01,4.783907536853364284e-02,-5.082050048127098596e-02,1.294176283266102248e-02,-3.144194394302299300e-02,5.581118137389676215e-02,-6.267800792699490531e-02,3.914487601707371256e-02,-6.500912183219088869e-02,9.746200237392635413e-02,-1.426970625047973562e-01,2.412124179671092106e-01,-5.417522406571897431e-01,9.999999999999655831e-01
