1.000000000000001554e+00,1.000000000000001554e+00,1.000000000000001554e+00,1.000000000000001554e+00,1.000000000000001554e+00,1.000000000000001554e+00,1.000000000000001554e+00,1.000000000000001554e+00,1.000000000000001554e+00,1.000000000000001554e+00,1.000000000000001554e+00,1.000000000000001554e+00,1.000000000000001554e+00,1.000000000000001554e+00,1.000000000000001554e+00,1.000000000000001554e+00,1.000000000000001554e+00,1.000000000000001554e+00,1.000000000000001554e+00,1.000000000000001554e+00,1.000000000000001554e+00,1.000000000000001554e+00,1.000000000000001554e+00,1.000000000000001554e+00,1.000000000000001554e+00,1.000000000000001554e+00,1.000000000000001554e+00,1.000000000000001554e+00,1.000000000000001554e+00,1.000000000000001554e+00,1.000000000000001554e+00,1.000000000000001554e+00,1.000000000000001554e+00,1.000000000000001554e+00,1.000000000000001554e+00,1.000000000000001554e+00,1.000000000000001554e+00,1.000000000000001554e+00,1.000000000000001554e+00,1.000000000000001554e+00,1.000000000000001554e+00,1.000000000000001554e+00,1.000000000000001554e+00,1.000000000000001554e+00,1.000000000000001554e+00,1.000000000000001554e+00,1.000000000000001554e+00,1.000000000000001554e+00,1.000000000000001554e+00,1.000000000000001554e+00,1.000000000000001554e+00,1.000000000000001554e+00,1.000000000000001554e+00,1.000000000000001554e+00,1.000000000000001554e+00,1.000000000000001554e+00,1.000000000000001554e+00,1.000000000000001554e+00,1.000000000000001554e+00,1.000000000000001554e+00,1.000000000000001554e+00,1.000000000000001554e+00,1.000000000000001554e+00,1.000000000000001554e+00,1.000000000000001554e+00,1.000000000000001554e+00,1.000000000000001554e+00,1.000000000000001554e+00,1.000000000000001554e+00,1.000000000000001554e+00,1.000000000000001554e+00,1.000000000000001554e+00,1.000000000000001554e+00,1.000000000000001554e+00,1.000000000000001554e+00,1.000000000000001554e+00,1.000000000000001554e+00,1.000000000000001554e+00,1.000000000000001554e+00,1.000000000000001554e+00,1.000000000000001554e+00,1.000000000000001554e+00,1.000000000000001554e+00,1.000000000000001554e+00,1.000000000000001554e+00,1.000000000000001554e+00,1.000000000000001554e+00,1.000000000000001554e+00,1.000000000000001554e+00,1.000000000000001554e+00,1.000000000000001554e+00,1.000000000000001554e+00,1.000000000000001554e+00,1.000000000000001554e+00,1.000000000000001554e+00,1.000000000000001554e+00,1.000000000000001554e+00,1.000000000000001554e+00,1.000000000000001554e+00,1.000000000000001554e+00,1.000000000000001554e+00,1.000000000000001554e+00,1.000000000000001554e+00,1.000000000000001554e+00,1.000000000000001554e+00,1.000000000000001554e+00,1.000000000000001554e+00,1.000000000000001554e+00,1.000000000000001554e+00,1.000000000000001554e+00,1.000000000000001554e+00,1.000000000000001554e+00,1.000000000000001554e+00,1.000000000000001554e+00,1.000000000000001554e+00,1.000000000000001554e+00,1.000000000000001554e+00,1.000000000000001554e+00,1.000000000000001554e+00,1.000000000000001554e+00,1.000000000000001554e+00,1.000000000000001554e+00,1.000000000000001554e+00,1.000000000000001554e+00,1.000000000000001554e+00,1.000000000000001554e+00,1.000000000000001554e+00,1.000000000000001554e+00,1.000000000000001554e+00,1.000000000000001554e+00,1.000000000000001554e+00,1.000000000000001554e+00,1.000000000000001554e+00,1.000000000000001554e+00,1.000000000000001554e+00,1.000000000000001554e+00,1.000000000000001554e+00,1.000000000000001554e+00,1.000000000000001554e+00,1.000000000000001554e+00,1.000000000000001554e+00,1.000000000000001554e+00,1.000000000000001554e+00,1.000000000000001554e+00,1.000000000000001554e+00,1.000000000000001554e+00,1.000000000000001554e+00,1.000000000000001554e+00,1.000000000000001554e+00,1.000000000000001554e+00,1.000000000000001554e+00,1.000000000000001554e+00,1.000000000000001554e+00,1.000000000000001554e+00,1.000000000000001554e+00,1.000000000000001554e+00,1.000000000000001554e+00,1.000000000000001554e+00,1.000000000000001554e+00,1.000000000000001554e+00,1.000000000000001554e+00,1.000000000000001554e+00,1.000000000000001554e+00,1.000000000000001554e+00,1.000000000000001554e+00,1.000000000000001554e+00,1.000000000000001554e+00,1.000000000000001554e+00,1.000000000000001554e+00,1.000000000000001554e+00,1.000000000000001554e+00,1.000000000000001554e+00,1.000000000000001554e+00,1.000000000000001554e+00,1.000000000000001554e+00,1.000000000000001554e+00,1.000000000000001554e+00,1.000000000000001554e+00,1.000000000000001554e+00,1.000000000000001554e+00,1.000000000000001554e+00,1.000000000000001554e+00,1.000000000000001554e+00,1.000000000000001554e+00,1.000000000000001554e+00,1.000000000000001554e+00,1.000000000000001554e+00,1.000000000000001554e+00,1.000000000000001554e+00,1.000000000000001554e+00,1.000000000000001554e+00,1.000000000000001554e+00,1.000000000000001554e+00,1.000000000000001554e+00,1.000000000000001554e+00,1.000000000000001554e+00,1.000000000000001554e+00,1.000000000000001554e+00,1.000000000000001554e+00,1.000000000000001554e+00,1.000000000000001554e+00,1.000000000000001554e+00,1.000000000000001554e+00,1.000000000000001554e+00,1.000000000000001554e+00,1.000000000000001554e+00,1.000000000000001554e+00,1.000000000000001554e+00,1.000000000000001554e+00,1.000000000000001554e+00,1.000000000000001554e+00,1.000000000000001554e+00,1.000000000000001554e+00,1.000000000000001554e+00,1.000000000000001554e+00,1.000000000000001554e+00,1.000000000000001554e+00,1.000000000000001554e+00,1.000000000000001554e+00,1.000000000000001554e+00,1.000000000000001554e+00,1.000000000000001554e+00,1.000000000000001554e+00,1.000000000000001554e+00,1.000000000000001554e+00,1.000000000000001554e+00,1.000000000000001554e+00,1.000000000000001554e+00,1.000000000000001554e+00,1.000000000000001554e+00,1.000000000000001554e+00,1.000000000000001554e+00,1.000000000000001554e+00,1.000000000000001554e+00,1.000000000000001554e+00,1.000000000000001554e+00,1.000000000000001554e+00,1.000000000000001554e+00,1.000000000000001554e+00,1.000000000000001554e+00,1.000000000000001554e+00,1.000000000000001554e+00,1.000000000000001554e+00,1.000000000000001554e+00,1.000000000000001554e+00,1.000000000000001554e+00,1.000000000000001554e+00,1.000000000000001554e+00,1.000000000000001554e+00,1.000000000000001554e+00,1.000000000000001554e+00,1.000000000000001554e+00,1.000000000000001554e+00,1.000000000000001554e+00,1.000000000000001554e+00,1.000000000000001554e+00,1.000000000000001554e+00,1.000000000000001554e+00,1.000000000000001554e+00,1.000000000000001554e+00,1.000000000000001554e+00,1.000000000000001554e+00,1.000000000000001554e+00,1.000000000000001554e+00,1.000000000000001554e+00,1.000000000000001554e+00,1.000000000000001554e+00,1.000000000000001554e+00,1.000000000000001554e+00,1.000000000000001554e+00,1.000000000000001554e+00,1.000000000000001554e+00,1.000000000000001554e+00,1.000000000000001554e+00,1.000000000000001554e+00,1.000000000000001554e+00,1.000000000000001554e+00,1.000000000000001554e+00,1.000000000000001554e+00,1.000000000000001554e+00,1.000000000000001554e+00,1.000000000000001554e+00,1.000000000000001554e+00,1.000000000000001554e+00,1.000000000000001554e+00,1.000000000000001554e+00,1.000000000000001554e+00,1.000000000000001554e+00,1.000000000000001554e+00,1.000000000000001554e+00,1.000000000000001554e+00,1.000000000000001554e+00,1.000000000000001554e+00,1.000000000000001554e+00,1.000000000000001554e+00,1.000000000000001554e+00,1.000000000000001554e+00,1.000000000000001554e+00,1.000000000000001554e+00,1.000000000000001554e+00,1.000000000000001554e+00,1.000000000000001554e+00,1.000000000000001554e+00,1.000000000000001554e+00,1.000000000000001554e+00,1.000000000000001554e+00,1.000000000000001554e+00,1.000000000000001554e+00,1.000000000000001554e+00,1.000000000000001554e+00,1.000000000000001554e+00,1.000000000000001554e+00,1.000000000000001554e+00,1.000000000000001554e+00,1.000000000000001554e+00,1.000000000000001554e+00,1.000000000000001554e+00,1.000000000000001554e+00,1.000000000000001554e+00,1.000000000000001554e+00,1.000000000000001554e+00,1.000000000000001554e+00,1.000000000000001554e+00,1.000000000000001554e+00,1.000000000000001554e+00,1.000000000000001554e+00,1.000000000000001554e+00,1.000000000000001554e+00,1.000000000000001554e+00,1.000000000000001554e+00,1.000000000000001554e+00,1.000000000000001554e+00,1.000000000000001554e+00,1.000000000000001554e+00,1.000000000000001554e+00,1.000000000000001554e+00,1.000000000000001554e+00,1.000000000000001554e+00,1.000000000000001554e+00,1.000000000000001554e+00,1.000000000000001554e+00,1.000000000000001554e+00,1.000000000000001554e+00,1.000000000000001554e+00,1.000000000000001554e+00,1.000000000000001554e+00,1.000000000000001554e+00,1.000000000000001554e+00,1.000000000000001554e+00,1.000000000000001554e+00,1.000000000000001554e+00,1.000000000000001554e+00,1.000000000000001554e+00,1.000000000000001554e+00,1.000000000000001554e+00,1.000000000000001554e+00,1.000000000000001554e+00,1.000000000000001554e+00,1.000000000000001554e+00,1.000000000000001554e+00,1.000000000000001554e+00
1.000000000000006217e+00,9.995452535612474598e-01,9.995453028322625055e-01,9.995453081194883849e-01,9.995453086179688640e-01,9.995453087072218024e-01,9.995453087305971041e-01,9.995453087383338042e-01,9.995453087412446980e-01,9.995453087422776495e-01,9.995453087422777605e-01,9.995453087412453641e-01,9.995453087383362467e-01,9.995453087306040985e-01,9.995453087072466714e-01,9.995453086180857705e-01,9.995453081199129342e-01,9.995453027675227364e-01,9.995452378232393409e-01,9.995452535612474598e-01,1.000000000000006217e+00,9.995453238733997825e-01,9.995453682765779169e-01,9.995453731531389607e-01,9.995453735856791866e-01,9.995453736593012950e-01,9.995453736778856513e-01,9.995453736838186831e-01,9.995453736858604943e-01,9.995453736862460747e-01,9.995453736853772142e-01,9.995453736825437030e-01,9.995453736748488582e-01,9.995453736515108600e-01,9.995453735623610614e-01,9.995453730641939982e-01,9.995453677118073532e-01,9.995453027675218483e-01,9.995453028322625055e-01,9.995453238733997825e-01,1.000000000000006217e+00,9.995453297252719915e-01,9.995453737183093157e-01,9.995453785289366566e-01,9.995453789458582650e-01,9.995453790146934248e-01,9.995453790314755560e-01,9.995453790365400604e-01,9.995453790379347225e-01,9.995453790374516645e-01,9.995453790347815781e-01,9.995453790271625616e-01,9.995453790038618669e-01,9.995453789147314971e-01,9.995453784165753142e-01,9.995453730641946644e-01,9.995453081199123790e-01,9.995453081194883849e-01,9.995453682765779169e-01,9.995453297252719915e-01,1.000000000000006217e+00,9.995453303127620481e-01,9.995453742398924257e-01,9.995453790348999279e-01,9.995453794470355868e-01,9.995453795140688547e-01,9.995453795299824584e-01,9.995453795343999248e-01,9.995453795349259485e-01,9.995453795326414426e-01,9.995453795251859619e-01,9.995453795019608734e-01,9.995453794128680292e-01,9.995453789147311641e-01,9.995453735623616165e-01,9.995453086180854374e-01,9.995453086179688640e-01,9.995453731531389607e-01,9.995453737183093157e-01,9.995453303127620481e-01,1.000000000000006217e+00,9.995453304253489879e-01,9.995453743368510890e-01,9.995453791270711985e-01,9.995453795374047434e-01,9.995453796035697058e-01,9.995453796188361606e-01,9.995453796223847664e-01,9.995453796211094533e-01,9.995453796140396641e-01,9.995453795909782224e-01,9.995453795019606513e-01,9.995453790038614228e-01,9.995453736515114151e-01,9.995453087072463383e-01,9.995453087072218024e-01,9.995453735856791866e-01,9.995453785289366566e-01,9.995453742398924257e-01,9.995453304253489879e-01,1.000000000000006217e+00,9.995453304565194985e-01,9.995453743632305432e-01,9.995453791516482056e-01,9.995453795611134451e-01,9.995453796266311475e-01,9.995453796410290748e-01,9.995453796427765658e-01,9.995453796367155253e-01,9.995453796140398861e-01,9.995453795251859619e-01,9.995453790271622285e-01,9.995453736748494133e-01,9.995453087306036544e-01,9.995453087305971041e-01,9.995453736593012950e-01,9.995453789458582650e-01,9.995453790348999279e-01,9.995453743368510890e-01,9.995453304565194985e-01,1.000000000000006217e+00,9.995453304672942130e-01,9.995453743722012563e-01,9.995453791597502802e-01,9.995453795685684817e-01,9.995453796332175456e-01,9.995453796458140250e-01,9.995453796427760107e-01,9.995453796211092312e-01,9.995453795326411095e-01,9.995453790347812451e-01,9.995453736825438140e-01,9.995453087383354696e-01,9.995453087383338042e-01,9.995453736778856513e-01,9.995453790146934248e-01,9.995453794470355868e-01,9.995453791270711985e-01,9.995453743632305432e-01,9.995453304672942130e-01,1.000000000000006217e+00,9.995453304714807530e-01,9.995453743755187137e-01,9.995453791624205886e-01,9.995453795703700406e-01,9.995453796332177676e-01,9.995453796410288527e-01,9.995453796223848775e-01,9.995453795349257264e-01,9.995453790374515535e-01,9.995453736853777693e-01,9.995453087412449200e-01,9.995453087412446980e-01,9.995453736838186831e-01,9.995453790314755560e-01,9.995453795140688547e-01,9.995453795374047434e-01,9.995453791516482056e-01,9.995453743722012563e-01,9.995453304714807530e-01,1.000000000000006217e+00,9.995453304729967625e-01,9.995453743763872412e-01,9.995453791624204776e-01,9.995453795685684817e-01,9.995453796266308144e-01,9.995453796188360496e-01,9.995453795343997028e-01,9.995453790379346115e-01,9.995453736862462968e-01,9.995453087422772054e-01,9.995453087422776495e-01,9.995453736858604943e-01,9.995453790365400604e-01,9.995453795299824584e-01,9.995453796035697058e-01,9.995453795611134451e-01,9.995453791597502802e-01,9.995453743755187137e-01,9.995453304729967625e-01,1.000000000000006217e+00,9.995453304729968735e-01,9.995453743755187137e-01,9.995453791597506132e-01,9.995453795611133341e-01,9.995453796035695948e-01,9.995453795299823474e-01,9.995453790365400604e-01,9.995453736858609384e-01,9.995453087422772054e-01,9.995453087422777605e-01,9.995453736862460747e-01,9.995453790379347225e-01,9.995453795343999248e-01,9.995453796188361606e-01,9.995453796266311475e-01,9.995453795685684817e-01,9.995453791624205886e-01,9.995453743763872412e-01,9.995453304729968735e-01,1.000000000000006217e+00,9.995453304714809750e-01,9.995453743722015894e-01,9.995453791516480946e-01,9.995453795374048545e-01,9.995453795140687436e-01,9.995453790314755560e-01,9.995453736838192382e-01,9.995453087412443649e-01,9.995453087412453641e-01,9.995453736853772142e-01,9.995453790374516645e-01,9.995453795349259485e-01,9.995453796223847664e-01,9.995453796410290748e-01,9.995453796332175456e-01,9.995453795703700406e-01,9.995453791624204776e-01,9.995453743755187137e-01,9.995453304714809750e-01,1.000000000000006217e+00,9.995453304672943240e-01,9.995453743632303212e-01,9.995453791270710875e-01,9.995453794470354758e-01,9.995453790146934248e-01,9.995453736778860954e-01,9.995453087383333601e-01,9.995453087383362467e-01,9.995453736825437030e-01,9.995453790347815781e-01,9.995453795326414426e-01,9.995453796211094533e-01,9.995453796427765658e-01,9.995453796458140250e-01,9.995453796332177676e-01,9.995453795685684817e-01,9.995453791597506132e-01,9.995453743722015894e-01,9.995453304672943240e-01,1.000000000000006217e+00,9.995453304565194985e-01,9.995453743368510890e-01,9.995453790348999279e-01,9.995453789458583760e-01,9.995453736593018501e-01,9.995453087305967710e-01,9.995453087306040985e-01,9.995453736748488582e-01,9.995453790271625616e-01,9.995453795251859619e-01,9.995453796140396641e-01,9.995453796367155253e-01,9.995453796427760107e-01,9.995453796410288527e-01,9.995453796266308144e-01,9.995453795611133341e-01,9.995453791516480946e-01,9.995453743632303212e-01,9.995453304565194985e-01,1.000000000000006217e+00,9.995453304253489879e-01,9.995453742398923147e-01,9.995453785289365456e-01,9.995453735856796307e-01,9.995453087072213583e-01,9.995453087072466714e-01,9.995453736515108600e-01,9.995453790038618669e-01,9.995453795019608734e-01,9.995453795909782224e-01,9.995453796140398861e-01,9.995453796211092312e-01,9.995453796223848775e-01,9.995453796188360496e-01,9.995453796035695948e-01,9.995453795374048545e-01,9.995453791270710875e-01,9.995453743368510890e-01,9.995453304253489879e-01,1.000000000000006217e+00,9.995453303127619371e-01,9.995453737183092047e-01,9.995453731531394048e-01,9.995453086179685309e-01,9.995453086180857705e-01,9.995453735623610614e-01,9.995453789147314971e-01,9.995453794128680292e-01,9.995453795019606513e-01,9.995453795251859619e-01,9.995453795326411095e-01,9.995453795349257264e-01,9.995453795343997028e-01,9.995453795299823474e-01,9.995453795140687436e-01,9.995453794470354758e-01,9.995453790348999279e-01,9.995453742398923147e-01,9.995453303127619371e-01,1.000000000000006217e+00,9.995453297252718805e-01,9.995453682765783610e-01,9.995453081194879408e-01,9.995453081199129342e-01,9.995453730641939982e-01,9.995453784165753142e-01,9.995453789147311641e-01,9.995453790038614228e-01,9.995453790271622285e-01,9.995453790347812451e-01,9.995453790374515535e-01,9.995453790379346115e-01,9.995453790365400604e-01,9.995453790314755560e-01,9.995453790146934248e-01,9.995453789458583760e-01,9.995453785289365456e-01,9.995453737183092047e-01,9.995453297252718805e-01,1.000000000000006217e+00,9.995453238734001156e-01,9.995453028322619504e-01,9.995453027675227364e-01,9.995453677118073532e-01,9.995453730641946644e-01,9.995453735623616165e-01,9.995453736515114151e-01,9.995453736748494133e-01,9.995453736825438140e-01,9.995453736853777693e-01,9.995453736862462968e-01,9.995453736858609384e-01,9.995453736838192382e-01,9.995453736778860954e-01,9.995453736593018501e-01,9.995453735856796307e-01,9.995453731531394048e-01,9.995453682765783610e-01,9.995453238734001156e-01,1.000000000000006217e+00,9.995452535612473488e-01,9.995452378232393409e-01,9.995453027675218483e-01,9.995453081199123790e-01,9.995453086180854374e-01,9.995453087072463383e-01,9.995453087306036544e-01,9.995453087383354696e-01,9.995453087412449200e-01,9.995453087422772054e-01,9.995453087422772054e-01,9.995453087412443649e-01,9.995453087383333601e-01,9.995453087305967710e-01,9.995453087072213583e-01,9.995453086179685309e-01,9.995453081194879408e-01,9.995453028322619504e-01,9.995452535612473488e-01,1.000000000000006217e+00
1.000000000000000888e+00,9.981853731884363645e-01,9.981861573689589928e-01,9.981862409836791405e-01,9.981862488198598449e-01,9.981862502251614977e-01,9.981862505941253572e-01,9.981862507164174225e-01,9.981862507624645886e-01,9.981862507788118455e-01,9.981862507788268335e-01,9.981862507625165470e-01,9.981862507165598641e-01,9.981862505945612307e-01,9.981862502267759840e-01,9.981862488281161294e-01,9.981862410391537654e-01,9.981861566643520645e-01,9.981851229850519092e-01,9.981853731884363645e-01,1.000000000000000888e+00,9.981864922254748418e-01,9.981871989547735913e-01,9.981872760745436057e-01,9.981872828707334389e-01,9.981872840290156867e-01,9.981872843221509806e-01,9.981872844158734548e-01,9.981872844481489704e-01,9.981872844542528656e-01,9.981872844405274003e-01,9.981872843957643182e-01,9.981872842743556573e-01,9.981872839068792747e-01,9.981872825083880629e-01,9.981872747195150719e-01,9.981871903446841721e-01,9.981861566643490669e-01,9.981861573689589928e-01,9.981864922254748418e-01,1.000000000000000888e+00,9.981865844707842328e-01,9.981872847384820613e-01,9.981873608187012969e-01,9.981873673686542103e-01,9.981873684513609124e-01,9.981873687160138786e-01,9.981873687959987862e-01,9.981873688180457060e-01,9.981873688104163644e-01,9.981873687682414342e-01,9.981873686480283725e-01,9.981873682811429616e-01,9.981873668829616131e-01,9.981873590942583752e-01,9.981872747195178475e-01,9.981862410391535434e-01,9.981862409836791405e-01,9.981871989547735913e-01,9.981865844707842328e-01,1.000000000000000888e+00,9.981865936669351846e-01,9.981872928967601144e-01,9.981873687306650478e-01,9.981873752050969273e-01,9.981873762593400645e-01,9.981873765102623475e-01,9.981873765800213238e-01,9.981873765883361171e-01,9.981873765522580877e-01,9.981873764346335109e-01,9.981873760689436992e-01,9.981873746713537665e-01,9.981873668829600588e-01,9.981872825083895062e-01,9.981862488281143531e-01,9.981862488198598449e-01,9.981872760745436057e-01,9.981872847384820613e-01,9.981865936669351846e-01,1.000000000000000888e+00,9.981865954356324844e-01,9.981872944186007679e-01,9.981873701768978480e-01,9.981873766228646083e-01,9.981873776633777284e-01,9.981873779040745243e-01,9.981873779601013741e-01,9.981873779399678126e-01,9.981873778284396925e-01,9.981873774653385878e-01,9.981873760689443653e-01,9.981873682811421844e-01,9.981872839068812731e-01,9.981862502267745407e-01,9.981862502251614977e-01,9.981872828707334389e-01,9.981873608187012969e-01,9.981872928967601144e-01,9.981865954356324844e-01,1.000000000000000888e+00,9.981865959270259658e-01,9.981872948341580232e-01,9.981873705639602301e-01,9.981873769961954190e-01,9.981873780264830520e-01,9.981873782534477213e-01,9.981873782810259943e-01,9.981873781854423422e-01,9.981873778284381382e-01,9.981873764346322897e-01,9.981873686480257080e-01,9.981872842743562124e-01,9.981862505945585662e-01,9.981862505941253572e-01,9.981872840290156867e-01,9.981873673686542103e-01,9.981873687306650478e-01,9.981872944186007679e-01,9.981865959270259658e-01,1.000000000000000888e+00,9.981865960972129415e-01,9.981872949757591984e-01,9.981873706918187317e-01,9.981873771138278784e-01,9.981873781303831628e-01,9.981873783288991442e-01,9.981873782810278817e-01,9.981873779399674795e-01,9.981873765522586428e-01,9.981873687682408791e-01,9.981872843957665387e-01,9.981862507165590870e-01,9.981862507164174225e-01,9.981872843221509806e-01,9.981873684513609124e-01,9.981873752050969273e-01,9.981873701768978480e-01,9.981872948341580232e-01,9.981865960972129415e-01,1.000000000000000888e+00,9.981865961634055484e-01,9.981872950281714951e-01,9.981873707340004342e-01,9.981873771422771213e-01,9.981873781303839399e-01,9.981873782534501638e-01,9.981873779601023733e-01,9.981873765883374494e-01,9.981873688104165865e-01,9.981872844405305090e-01,9.981862507625163250e-01,9.981862507624645886e-01,9.981872844158734548e-01,9.981873687160138786e-01,9.981873762593400645e-01,9.981873766228646083e-01,9.981873705639602301e-01,9.981872949757591984e-01,9.981865961634055484e-01,1.000000000000000888e+00,9.981865961873809256e-01,9.981872950419022894e-01,9.981873707339976587e-01,9.981873771138256579e-01,9.981873780264829410e-01,9.981873779040726369e-01,9.981873765800202136e-01,9.981873688180431525e-01,9.981872844542533096e-01,9.981862507788240579e-01,9.981862507788118455e-01,9.981872844481489704e-01,9.981873687959987862e-01,9.981873765102623475e-01,9.981873776633777284e-01,9.981873769961954190e-01,9.981873706918187317e-01,9.981872950281714951e-01,9.981865961873809256e-01,1.000000000000000888e+00,9.981865961873821469e-01,9.981872950281699408e-01,9.981873706918178435e-01,9.981873769961966403e-01,9.981873776633771733e-01,9.981873765102622365e-01,9.981873687959975650e-01,9.981872844481505247e-01,9.981862507788104022e-01,9.981862507788268335e-01,9.981872844542528656e-01,9.981873688180457060e-01,9.981873765800213238e-01,9.981873779040745243e-01,9.981873780264830520e-01,9.981873771138278784e-01,9.981873707340004342e-01,9.981872950419022894e-01,9.981865961873821469e-01,1.000000000000000888e+00,9.981865961634051043e-01,9.981872949757596425e-01,9.981873705639625616e-01,9.981873766228652745e-01,9.981873762593412858e-01,9.981873687160136566e-01,9.981872844158763414e-01,9.981862507624642555e-01,9.981862507625165470e-01,9.981872844405274003e-01,9.981873688104163644e-01,9.981873765883361171e-01,9.981873779601013741e-01,9.981873782534477213e-01,9.981873781303831628e-01,9.981873771422771213e-01,9.981873707339976587e-01,9.981872950281699408e-01,9.981865961634051043e-01,1.000000000000000888e+00,9.981865960972107210e-01,9.981872948341576901e-01,9.981873701768958496e-01,9.981873752050953730e-01,9.981873684513580258e-01,9.981872843221513136e-01,9.981862507164146470e-01,9.981862507165598641e-01,9.981872843957643182e-01,9.981873687682414342e-01,9.981873765522580877e-01,9.981873779399678126e-01,9.981873782810259943e-01,9.981873783288991442e-01,9.981873781303839399e-01,9.981873771138256579e-01,9.981873706918178435e-01,9.981872949757596425e-01,9.981865960972107210e-01,1.000000000000000888e+00,9.981865959270262989e-01,9.981872944185994356e-01,9.981873687306644927e-01,9.981873673686522119e-01,9.981872840290169080e-01,9.981862505941228036e-01,9.981862505945612307e-01,9.981872842743556573e-01,9.981873686480283725e-01,9.981873764346335109e-01,9.981873778284396925e-01,9.981873781854423422e-01,9.981873782810278817e-01,9.981873782534501638e-01,9.981873780264829410e-01,9.981873769961966403e-01,9.981873705639625616e-01,9.981872948341576901e-01,9.981865959270262989e-01,1.000000000000000888e+00,9.981865954356330395e-01,9.981872928967612246e-01,9.981873608187009639e-01,9.981872828707358813e-01,9.981862502251612757e-01,9.981862502267759840e-01,9.981872839068792747e-01,9.981873682811429616e-01,9.981873760689436992e-01,9.981873774653385878e-01,9.981873778284381382e-01,9.981873779399674795e-01,9.981873779601023733e-01,9.981873779040726369e-01,9.981873776633771733e-01,9.981873766228652745e-01,9.981873701768958496e-01,9.981872944185994356e-01,9.981865954356330395e-01,1.000000000000000888e+00,9.981865936669347406e-01,9.981872847384803960e-01,9.981872760745447160e-01,9.981862488198577354e-01,9.981862488281161294e-01,9.981872825083880629e-01,9.981873668829616131e-01,9.981873746713537665e-01,9.981873760689443653e-01,9.981873764346322897e-01,9.981873765522586428e-01,9.981873765883374494e-01,9.981873765800202136e-01,9.981873765102622365e-01,9.981873762593412858e-01,9.981873752050953730e-01,9.981873687306644927e-01,9.981872928967612246e-01,9.981865936669347406e-01,1.000000000000000888e+00,9.981865844707831226e-01,9.981871989547752566e-01,9.981862409836776973e-01,9.981862410391537654e-01,9.981872747195150719e-01,9.981873590942583752e-01,9.981873668829600588e-01,9.981873682811421844e-01,9.981873686480257080e-01,9.981873687682408791e-01,9.981873688104165865e-01,9.981873688180431525e-01,9.981873687959975650e-01,9.981873687160136566e-01,9.981873684513580258e-01,9.981873673686522119e-01,9.981873608187009639e-01,9.981872847384803960e-01,9.981865844707831226e-01,1.000000000000000888e+00,9.981864922254752859e-01,9.981861573689559952e-01,9.981861566643520645e-01,9.981871903446841721e-01,9.981872747195178475e-01,9.981872825083895062e-01,9.981872839068812731e-01,9.981872842743562124e-01,9.981872843957665387e-01,9.981872844405305090e-01,9.981872844542533096e-01,9.981872844481505247e-01,9.981872844158763414e-01,9.981872843221513136e-01,9.981872840290169080e-01,9.981872828707358813e-01,9.981872760745447160e-01,9.981871989547752566e-01,9.981864922254752859e-01,1.000000000000000888e+00,9.981853731884362535e-01,9.981851229850519092e-01,9.981861566643490669e-01,9.981862410391535434e-01,9.981862488281143531e-01,9.981862502267745407e-01,9.981862505945585662e-01,9.981862507165590870e-01,9.981862507625163250e-01,9.981862507788240579e-01,9.981862507788104022e-01,9.981862507624642555e-01,9.981862507164146470e-01,9.981862505941228036e-01,9.981862502251612757e-01,9.981862488198577354e-01,9.981862409836776973e-01,9.981861573689559952e-01,9.981853731884362535e-01,1.000000000000000888e+00
9.999999999999985567e-01,9.959333085242465522e-01,9.959372437889369989e-01,9.959376589519782774e-01,9.959376974754083900e-01,9.959377044035007120e-01,9.959377062299779038e-01,9.959377068368360231e-01,9.959377070655667241e-01,9.959377071469084353e-01,9.959377071471290366e-01,9.959377070661467046e-01,9.959377068383530318e-01,9.959377062348806486e-01,9.959377044214000607e-01,9.959376975680931388e-01,9.959376596274005511e-01,9.959372429537737270e-01,9.959320552420248829e-01,9.959333085242465522e-01,9.999999999999985567e-01,9.959389239698783758e-01,9.959424707645381236e-01,9.959428536737805482e-01,9.959428870558146851e-01,9.959428927585431968e-01,9.959428942080614799e-01,9.959428946725574772e-01,9.959428948327886388e-01,9.959428948631898759e-01,9.959428947950166311e-01,9.959428945731483296e-01,9.959428939725981644e-01,9.959428921606413576e-01,9.959428853081465638e-01,9.959428473677289784e-01,9.959424306922262105e-01,9.959372429536349491e-01,9.959372437889369989e-01,9.959389239698783758e-01,9.999999999999985567e-01,9.959393794857267501e-01,9.959428944029294906e-01,9.959432721760770324e-01,9.959433043415446551e-01,9.959433096701493238e-01,9.959433109782730442e-01,9.959433113746615218e-01,9.959433114841136359e-01,9.959433114462026282e-01,9.959433112371849361e-01,9.959433106425813476e-01,9.959433088335604145e-01,9.959433019825989497e-01,9.959432640430223582e-01,9.959428473678266780e-01,9.959376596273489257e-01,9.959376589519782774e-01,9.959424707645381236e-01,9.959393794857267501e-01,9.999999999999985567e-01,9.959394243705645966e-01,9.959429341702349392e-01,9.959433107259824114e-01,9.959433425179327060e-01,9.959433477053546424e-01,9.959433489454483368e-01,9.959433492910787500e-01,9.959433493322358277e-01,9.959433491534810390e-01,9.959433485717368306e-01,9.959433467686591435e-01,9.959433399206454318e-01,9.959433019825975064e-01,9.959428853082390454e-01,9.959376975680446220e-01,9.959376974754083900e-01,9.959428536737805482e-01,9.959428944029294906e-01,9.959394243705645966e-01,9.999999999999985567e-01,9.959394330578986709e-01,9.959429416340361829e-01,9.959433178153048738e-01,9.959433494660565600e-01,9.959433545854480263e-01,9.959433557747923160e-01,9.959433560521276929e-01,9.959433559524437651e-01,9.959433554009630152e-01,9.959433536107435980e-01,9.959433467686679142e-01,9.959433088335695183e-01,9.959428921607460516e-01,9.959377044213565400e-01,9.959377044035007120e-01,9.959428870558146851e-01,9.959432721760770324e-01,9.959429341702349392e-01,9.959394330578986709e-01,9.999999999999985567e-01,9.959394354855011233e-01,9.959429436845965711e-01,9.959433197243465763e-01,9.959433513070484745e-01,9.959433563756902030e-01,9.959433574967370140e-01,9.959433576332353821e-01,9.959433571608171665e-01,9.959433554008699785e-01,9.959433485716491230e-01,9.959433106424946391e-01,9.959428939726046037e-01,9.959377062347503085e-01,9.959377062299779038e-01,9.959428927585431968e-01,9.959433043415446551e-01,9.959433107259824114e-01,9.959429416340361829e-01,9.959394354855011233e-01,9.999999999999985567e-01,9.959394363289175711e-01,9.959429443854694863e-01,9.959433203570492443e-01,9.959433518889946324e-01,9.959433568893422128e-01,9.959433578695465750e-01,9.959433576333228677e-01,9.959433559524243362e-01,9.959433491534834815e-01,9.959433112371763874e-01,9.959428945732388128e-01,9.959377068382999632e-01,9.959377068368360231e-01,9.959428942080614799e-01,9.959433096701493238e-01,9.959433425179327060e-01,9.959433178153048738e-01,9.959429436845965711e-01,9.959394363289175711e-01,9.999999999999985567e-01,9.959394366574898516e-01,9.959429446454516333e-01,9.959433205662242550e-01,9.959433520298731635e-01,9.959433568893829580e-01,9.959433574968542535e-01,9.959433560521625539e-01,9.959433493322663589e-01,9.959433114462410419e-01,9.959428947951490807e-01,9.959377070661311615e-01,9.959377070655667241e-01,9.959428946725574772e-01,9.959433109782730442e-01,9.959433477053546424e-01,9.959433494660565600e-01,9.959433197243465763e-01,9.959429443854694863e-01,9.959394366574898516e-01,9.999999999999985567e-01,9.959394367765829204e-01,9.959429447135829117e-01,9.959433205660438437e-01,9.959433518888526349e-01,9.959433563756349139e-01,9.959433557746365517e-01,9.959433492909446350e-01,9.959433114839654211e-01,9.959428948631433576e-01,9.959377071469374121e-01,9.959377071469084353e-01,9.959428948327886388e-01,9.959433113746615218e-01,9.959433489454483368e-01,9.959433545854480263e-01,9.959433513070484745e-01,9.959433203570492443e-01,9.959429446454516333e-01,9.959394367765829204e-01,9.999999999999985567e-01,9.959394367766909451e-01,9.959429446453805790e-01,9.959433203570154935e-01,9.959433513070986566e-01,9.959433545854080583e-01,9.959433489454100341e-01,9.959433113746308797e-01,9.959428948328459263e-01,9.959377071468308307e-01,9.959377071471290366e-01,9.959428948631898759e-01,9.959433114841136359e-01,9.959433492910787500e-01,9.959433557747923160e-01,9.959433563756902030e-01,9.959433518889946324e-01,9.959433205662242550e-01,9.959429447135829117e-01,9.959394367766909451e-01,9.999999999999985567e-01,9.959394366575267110e-01,9.959429443855480901e-01,9.959433197245007863e-01,9.959433494661203978e-01,9.959433477054328021e-01,9.959433109783428772e-01,9.959428946727277854e-01,9.959377070655828224e-01,9.959377070661467046e-01,9.959428947950166311e-01,9.959433114462026282e-01,9.959433493322358277e-01,9.959433560521276929e-01,9.959433574967370140e-01,9.959433568893422128e-01,9.959433520298731635e-01,9.959433205660438437e-01,9.959429446453805790e-01,9.959394366575267110e-01,9.999999999999985567e-01,9.959394363288164298e-01,9.959429436845801398e-01,9.959433178151965160e-01,9.959433425178292332e-01,9.959433096700438526e-01,9.959428942080413849e-01,9.959377068366932484e-01,9.959377068383530318e-01,9.959428945731483296e-01,9.959433112371849361e-01,9.959433491534810390e-01,9.959433559524437651e-01,9.959433576332353821e-01,9.959433578695465750e-01,9.959433568893829580e-01,9.959433518888526349e-01,9.959433203570154935e-01,9.959429443855480901e-01,9.959394363288164298e-01,9.999999999999985567e-01,9.959394354855228837e-01,9.959429416339614649e-01,9.959433107259250129e-01,9.959433043414790410e-01,9.959428927585788349e-01,9.959377062298508942e-01,9.959377062348806486e-01,9.959428939725981644e-01,9.959433106425813476e-01,9.959433485717368306e-01,9.959433554009630152e-01,9.959433571608171665e-01,9.959433576333228677e-01,9.959433574968542535e-01,9.959433563756349139e-01,9.959433513070986566e-01,9.959433197245007863e-01,9.959429436845801398e-01,9.959394354855228837e-01,9.999999999999985567e-01,9.959394330579069976e-01,9.959429341702554783e-01,9.959432721760883567e-01,9.959428870559217106e-01,9.959377044034776194e-01,9.959377044214000607e-01,9.959428921606413576e-01,9.959433088335604145e-01,9.959433467686591435e-01,9.959433536107435980e-01,9.959433554008699785e-01,9.959433559524243362e-01,9.959433560521625539e-01,9.959433557746365517e-01,9.959433545854080583e-01,9.959433494661203978e-01,9.959433178151965160e-01,9.959429416339614649e-01,9.959394330579069976e-01,9.999999999999985567e-01,9.959394243704875471e-01,9.959428944028504427e-01,9.959428536737944260e-01,9.959376974752819356e-01,9.959376975680931388e-01,9.959428853081465638e-01,9.959433019825989497e-01,9.959433399206454318e-01,9.959433467686679142e-01,9.959433485716491230e-01,9.959433491534834815e-01,9.959433493322663589e-01,9.959433492909446350e-01,9.959433489454100341e-01,9.959433477054328021e-01,9.959433425178292332e-01,9.959433107259250129e-01,9.959429341702554783e-01,9.959394243704875471e-01,9.999999999999985567e-01,9.959393794856571391e-01,9.959424707645644359e-01,9.959376589518613709e-01,9.959376596274005511e-01,9.959428473677289784e-01,9.959432640430223582e-01,9.959433019825975064e-01,9.959433088335695183e-01,9.959433106424946391e-01,9.959433112371763874e-01,9.959433114462410419e-01,9.959433114839654211e-01,9.959433113746308797e-01,9.959433109783428772e-01,9.959433096700438526e-01,9.959433043414790410e-01,9.959432721760883567e-01,9.959428944028504427e-01,9.959393794856571391e-01,9.999999999999985567e-01,9.959389239699020235e-01,9.959372437888169838e-01,9.959372429537737270e-01,9.959424306922262105e-01,9.959428473678266780e-01,9.959428853082390454e-01,9.959428921607460516e-01,9.959428939726046037e-01,9.959428945732388128e-01,9.959428947951490807e-01,9.959428948631433576e-01,9.959428948328459263e-01,9.959428946727277854e-01,9.959428942080413849e-01,9.959428927585788349e-01,9.959428870559217106e-01,9.959428536737944260e-01,9.959424707645644359e-01,9.959389239699020235e-01,9.999999999999985567e-01,9.959333085242230155e-01,9.959320552420248829e-01,9.959372429536349491e-01,9.959376596273489257e-01,9.959376975680446220e-01,9.959377044213565400e-01,9.959377062347503085e-01,9.959377068382999632e-01,9.959377070661311615e-01,9.959377071469374121e-01,9.959377071468308307e-01,9.959377070655828224e-01,9.959377068366932484e-01,9.959377062298508942e-01,9.959377044034776194e-01,9.959376974752819356e-01,9.959376589518613709e-01,9.959372437888169838e-01,9.959333085242230155e-01,9.999999999999985567e-01
