1.000000000000002442e+00,1.000000000000002442e+00,1.000000000000002442e+00,1.000000000000002442e+00,1.000000000000002442e+00,1.000000000000002442e+00,1.000000000000002442e+00,1.000000000000002442e+00,1.000000000000002442e+00,1.000000000000002442e+00,1.000000000000002442e+00,1.000000000000002442e+00,1.000000000000002442e+00,1.000000000000002442e+00,1.000000000000002442e+00,1.000000000000002442e+00,1.000000000000002442e+00,1.000000000000002442e+00,1.000000000000002442e+00,1.000000000000002442e+00,1.000000000000002442e+00,1.000000000000002442e+00,1.000000000000002442e+00,1.000000000000002442e+00,1.000000000000002442e+00,1.000000000000002442e+00,1.000000000000002442e+00,1.000000000000002442e+00,1.000000000000002442e+00,1.000000000000002442e+00,1.000000000000002442e+00,1.000000000000002442e+00,1.000000000000002442e+00,1.000000000000002442e+00,1.000000000000002442e+00,1.000000000000002442e+00,1.000000000000002442e+00,1.000000000000002442e+00,1.000000000000002442e+00,1.000000000000002442e+00,1.000000000000002442e+00,1.000000000000002442e+00,1.000000000000002442e+00,1.000000000000002442e+00,1.000000000000002442e+00,1.000000000000002442e+00,1.000000000000002442e+00,1.000000000000002442e+00,1.000000000000002442e+00,1.000000000000002442e+00,1.000000000000002442e+00,1.000000000000002442e+00,1.000000000000002442e+00,1.000000000000002442e+00,1.000000000000002442e+00,1.000000000000002442e+00,1.000000000000002442e+00,1.000000000000002442e+00,1.000000000000002442e+00,1.000000000000002442e+00,1.000000000000002442e+00,1.000000000000002442e+00,1.000000000000002442e+00,1.000000000000002442e+00,1.000000000000002442e+00,1.000000000000002442e+00,1.000000000000002442e+00,1.000000000000002442e+00,1.000000000000002442e+00,1.000000000000002442e+00,1.000000000000002442e+00,1.000000000000002442e+00,1.000000000000002442e+00,1.000000000000002442e+00,1.000000000000002442e+00,1.000000000000002442e+00,1.000000000000002442e+00,1.000000000000002442e+00,1.000000000000002442e+00,1.000000000000002442e+00,1.000000000000002442e+00,1.000000000000002442e+00,1.000000000000002442e+00,1.000000000000002442e+00,1.000000000000002442e+00,1.000000000000002442e+00,1.000000000000002442e+00,1.000000000000002442e+00,1.000000000000002442e+00,1.000000000000002442e+00,1.000000000000002442e+00,1.000000000000002442e+00,1.000000000000002442e+00,1.000000000000002442e+00,1.000000000000002442e+00,1.000000000000002442e+00,1.000000000000002442e+00,1.000000000000002442e+00,1.000000000000002442e+00,1.000000000000002442e+00,1.000000000000002442e+00,1.000000000000002442e+00,1.000000000000002442e+00,1.000000000000002442e+00,1.000000000000002442e+00,1.000000000000002442e+00,1.000000000000002442e+00,1.000000000000002442e+00,1.000000000000002442e+00,1.000000000000002442e+00,1.000000000000002442e+00,1.000000000000002442e+00,1.000000000000002442e+00,1.000000000000002442e+00,1.000000000000002442e+00,1.000000000000002442e+00,1.000000000000002442e+00,1.000000000000002442e+00,1.000000000000002442e+00,1.000000000000002442e+00,1.000000000000002442e+00,1.000000000000002442e+00,1.000000000000002442e+00,1.000000000000002442e+00,1.000000000000002442e+00,1.000000000000002442e+00,1.000000000000002442e+00,1.000000000000002442e+00,1.000000000000002442e+00,1.000000000000002442e+00,1.000000000000002442e+00,1.000000000000002442e+00,1.000000000000002442e+00,1.000000000000002442e+00,1.000000000000002442e+00,1.000000000000002442e+00,1.000000000000002442e+00,1.000000000000002442e+00,1.000000000000002442e+00,1.000000000000002442e+00,1.000000000000002442e+00,1.000000000000002442e+00,1.000000000000002442e+00,1.000000000000002442e+00,1.000000000000002442e+00,1.000000000000002442e+00,1.000000000000002442e+00,1.000000000000002442e+00,1.000000000000002442e+00,1.000000000000002442e+00,1.000000000000002442e+00,1.000000000000002442e+00,1.000000000000002442e+00,1.000000000000002442e+00,1.000000000000002442e+00,1.000000000000002442e+00,1.000000000000002442e+00,1.000000000000002442e+00,1.000000000000002442e+00,1.000000000000002442e+00,1.000000000000002442e+00,1.000000000000002442e+00,1.000000000000002442e+00,1.000000000000002442e+00,1.000000000000002442e+00,1.000000000000002442e+00,1.000000000000002442e+00,1.000000000000002442e+00,1.000000000000002442e+00,1.000000000000002442e+00,1.000000000000002442e+00,1.000000000000002442e+00,1.000000000000002442e+00,1.000000000000002442e+00,1.000000000000002442e+00,1.000000000000002442e+00,1.000000000000002442e+00,1.000000000000002442e+00,1.000000000000002442e+00,1.000000000000002442e+00,1.000000000000002442e+00,1.000000000000002442e+00,1.000000000000002442e+00,1.000000000000002442e+00,1.000000000000002442e+00,1.000000000000002442e+00,1.000000000000002442e+00,1.000000000000002442e+00,1.000000000000002442e+00,1.000000000000002442e+00,1.000000000000002442e+00,1.000000000000002442e+00,1.000000000000002442e+00,1.000000000000002442e+00,1.000000000000002442e+00,1.000000000000002442e+00,1.000000000000002442e+00,1.000000000000002442e+00,1.000000000000002442e+00,1.000000000000002442e+00,1.000000000000002442e+00,1.000000000000002442e+00,1.000000000000002442e+00,1.000000000000002442e+00,1.000000000000002442e+00,1.000000000000002442e+00,1.000000000000002442e+00,1.000000000000002442e+00,1.000000000000002442e+00,1.000000000000002442e+00,1.000000000000002442e+00,1.000000000000002442e+00,1.000000000000002442e+00,1.000000000000002442e+00,1.000000000000002442e+00,1.000000000000002442e+00,1.000000000000002442e+00,1.000000000000002442e+00,1.000000000000002442e+00,1.000000000000002442e+00,1.000000000000002442e+00,1.000000000000002442e+00,1.000000000000002442e+00,1.000000000000002442e+00,1.000000000000002442e+00
1.000000000000006661e+00,9.999826393988686668e-01,9.999826394681181618e-01,9.999826394736767154e-01,9.999826394741906377e-01,9.999826394742821201e-01,9.999826394743055458e-01,9.999826394743120961e-01,9.999826394743122071e-01,9.999826394743055458e-01,9.999826394742822311e-01,9.999826394741906377e-01,9.999826394736763824e-01,9.999826394680653152e-01,9.999826393796478197e-01,9.999826393988686668e-01,1.000000000000006661e+00,9.999826394928980067e-01,9.999826395570502457e-01,9.999826395621859154e-01,9.999826395626320030e-01,9.999826395627069431e-01,9.999826395627245956e-01,9.999826395627278153e-01,9.999826395627221531e-01,9.999826395626992825e-01,9.999826395626079112e-01,9.999826395620937669e-01,9.999826395564826997e-01,9.999826394680652042e-01,9.999826394681181618e-01,9.999826394928980067e-01,1.000000000000006661e+00,9.999826394990235512e-01,9.999826395627527953e-01,9.999826395678208524e-01,9.999826395682501756e-01,9.999826395683195646e-01,9.999826395683339975e-01,9.999826395683314439e-01,9.999826395683094615e-01,9.999826395682185343e-01,9.999826395677045010e-01,9.999826395620936559e-01,9.999826394736761603e-01,9.999826394736767154e-01,9.999826395570502457e-01,9.999826394990235512e-01,1.000000000000006661e+00,9.999826394996293999e-01,9.999826395632911424e-01,9.999826395683423241e-01,9.999826395687662073e-01,9.999826395688322656e-01,9.999826395688410363e-01,9.999826395688221625e-01,9.999826395687322345e-01,9.999826395682186453e-01,9.999826395626078002e-01,9.999826394741905267e-01,9.999826394741906377e-01,9.999826395621859154e-01,9.999826395627527953e-01,9.999826394996293999e-01,1.000000000000006661e+00,9.999826394997448631e-01,9.999826395633899523e-01,9.999826395684358049e-01,9.999826395688562464e-01,9.999826395689166425e-01,9.999826395689089820e-01,9.999826395688221625e-01,9.999826395683095726e-01,9.999826395626991715e-01,9.999826394742820090e-01,9.999826394742821201e-01,9.999826395626320030e-01,9.999826395678208524e-01,9.999826395632911424e-01,9.999826394997448631e-01,1.000000000000006661e+00,9.999826394997760604e-01,9.999826395634154874e-01,9.999826395684578983e-01,9.999826395688726777e-01,9.999826395689166425e-01,9.999826395688410363e-01,9.999826395683315550e-01,9.999826395627223752e-01,9.999826394743055458e-01,9.999826394743055458e-01,9.999826395627069431e-01,9.999826395682501756e-01,9.999826395683423241e-01,9.999826395633899523e-01,9.999826394997760604e-01,1.000000000000006661e+00,9.999826394997852752e-01,9.999826395634213716e-01,9.999826395684580094e-01,9.999826395688564684e-01,9.999826395688325986e-01,9.999826395683342195e-01,9.999826395627279263e-01,9.999826394743122071e-01,9.999826394743120961e-01,9.999826395627245956e-01,9.999826395683195646e-01,9.999826395687662073e-01,9.999826395684358049e-01,9.999826395634154874e-01,9.999826394997852752e-01,1.000000000000006661e+00,9.999826394997852752e-01,9.999826395634157095e-01,9.999826395684360270e-01,9.999826395687665403e-01,9.999826395683198976e-01,9.999826395627247066e-01,9.999826394743120961e-01,9.999826394743122071e-01,9.999826395627278153e-01,9.999826395683339975e-01,9.999826395688322656e-01,9.999826395688562464e-01,9.999826395684578983e-01,9.999826395634213716e-01,9.999826394997852752e-01,1.000000000000006661e+00,9.999826394997761714e-01,9.999826395633902854e-01,9.999826395683426572e-01,9.999826395682503977e-01,9.999826395627070541e-01,9.999826394743055458e-01,9.999826394743055458e-01,9.999826395627221531e-01,9.999826395683314439e-01,9.999826395688410363e-01,9.999826395689166425e-01,9.999826395688726777e-01,9.999826395684580094e-01,9.999826395634157095e-01,9.999826394997761714e-01,1.000000000000006661e+00,9.999826394997450851e-01,9.999826395632912535e-01,9.999826395678208524e-01,9.999826395626318920e-01,9.999826394742821201e-01,9.999826394742822311e-01,9.999826395626992825e-01,9.999826395683094615e-01,9.999826395688221625e-01,9.999826395689089820e-01,9.999826395689166425e-01,9.999826395688564684e-01,9.999826395684360270e-01,9.999826395633902854e-01,9.999826394997450851e-01,1.000000000000006661e+00,9.999826394996297330e-01,9.999826395627531284e-01,9.999826395621859154e-01,9.999826394741907487e-01,9.999826394741906377e-01,9.999826395626079112e-01,9.999826395682185343e-01,9.999826395687322345e-01,9.999826395688221625e-01,9.999826395688410363e-01,9.999826395688325986e-01,9.999826395687665403e-01,9.999826395683426572e-01,9.999826395632912535e-01,9.999826394996297330e-01,1.000000000000006661e+00,9.999826394990236622e-01,9.999826395570501347e-01,9.999826394736768265e-01,9.999826394736763824e-01,9.999826395620937669e-01,9.999826395677045010e-01,9.999826395682186453e-01,9.999826395683095726e-01,9.999826395683315550e-01,9.999826395683342195e-01,9.999826395683198976e-01,9.999826395682503977e-01,9.999826395678208524e-01,9.999826395627531284e-01,9.999826394990236622e-01,1.000000000000006661e+00,9.999826394928981177e-01,9.999826394681183839e-01,9.999826394680653152e-01,9.999826395564826997e-01,9.999826395620936559e-01,9.999826395626078002e-01,9.999826395626991715e-01,9.999826395627223752e-01,9.999826395627279263e-01,9.999826395627247066e-01,9.999826395627070541e-01,9.999826395626318920e-01,9.999826395621859154e-01,9.999826395570501347e-01,9.999826394928981177e-01,1.000000000000006661e+00,9.999826393988687778e-01,9.999826393796478197e-01,9.999826394680652042e-01,9.999826394736761603e-01,9.999826394741905267e-01,9.999826394742820090e-01,9.999826394743055458e-01,9.999826394743122071e-01,9.999826394743120961e-01,9.999826394743055458e-01,9.999826394742821201e-01,9.999826394741907487e-01,9.999826394736768265e-01,9.999826394681183839e-01,9.999826393988687778e-01,1.000000000000006661e+00
9.999999999999985567e-01,9.999305637142503755e-01,9.999305648220280229e-01,9.999305649109205829e-01,9.999305649191368994e-01,9.999305649206000624e-01,9.999305649209742075e-01,9.999305649210803448e-01,9.999305649210803448e-01,9.999305649209742075e-01,9.999305649206001734e-01,9.999305649191368994e-01,9.999305649109158090e-01,9.999305648211965769e-01,9.999305634067928716e-01,9.999305637142503755e-01,9.999999999999985567e-01,9.999305652184237170e-01,9.999305662446590359e-01,9.999305663267908928e-01,9.999305663339205230e-01,9.999305663351221174e-01,9.999305663354066676e-01,9.999305663354562945e-01,9.999305663353666995e-01,9.999305663349991047e-01,9.999305663335383842e-01,9.999305663253186260e-01,9.999305662355998381e-01,9.999305648211965769e-01,9.999305648220280229e-01,9.999305652184237170e-01,9.999999999999985567e-01,9.999305653163695906e-01,9.999305663358452056e-01,9.999305664168901542e-01,9.999305664237582159e-01,9.999305664248702152e-01,9.999305664250983661e-01,9.999305664250585091e-01,9.999305664247073455e-01,9.999305664232530644e-01,9.999305664150359707e-01,9.999305663253185150e-01,9.999305649109156979e-01,9.999305649109205829e-01,9.999305662446590359e-01,9.999305653163695906e-01,9.999999999999985567e-01,9.999305653260581739e-01,9.999305663444472136e-01,9.999305664252307047e-01,9.999305664320090603e-01,9.999305664330646604e-01,9.999305664332033272e-01,9.999305664329017906e-01,9.999305664314641628e-01,9.999305664232532864e-01,9.999305663335386063e-01,9.999305649191371215e-01,9.999305649191368994e-01,9.999305663267908928e-01,9.999305663358452056e-01,9.999305653260581739e-01,9.999999999999985567e-01,9.999305653279035866e-01,9.999305663460308358e-01,9.999305664267247318e-01,9.999305664334465771e-01,9.999305664344125821e-01,9.999305664342895694e-01,9.999305664329016796e-01,9.999305664247073455e-01,9.999305663349989937e-01,9.999305649206001734e-01,9.999305649206000624e-01,9.999305663339205230e-01,9.999305664168901542e-01,9.999305663444472136e-01,9.999305653279035866e-01,9.999999999999985567e-01,9.999305653284007445e-01,9.999305663464383986e-01,9.999305664270757843e-01,9.999305664337081456e-01,9.999305664344125821e-01,9.999305664332029941e-01,9.999305664250585091e-01,9.999305663353665885e-01,9.999305649209742075e-01,9.999305649209742075e-01,9.999305663351221174e-01,9.999305664237582159e-01,9.999305664252307047e-01,9.999305663460308358e-01,9.999305653284007445e-01,9.999999999999985567e-01,9.999305653285468498e-01,9.999305663465281047e-01,9.999305664270758953e-01,9.999305664334466881e-01,9.999305664330646604e-01,9.999305664250984771e-01,9.999305663354561835e-01,9.999305649210803448e-01,9.999305649210803448e-01,9.999305663354066676e-01,9.999305664248702152e-01,9.999305664320090603e-01,9.999305664267247318e-01,9.999305663464383986e-01,9.999305653285468498e-01,9.999999999999985567e-01,9.999305653285468498e-01,9.999305663464383986e-01,9.999305664267247318e-01,9.999305664320090603e-01,9.999305664248703263e-01,9.999305663354064455e-01,9.999305649210803448e-01,9.999305649210803448e-01,9.999305663354562945e-01,9.999305664250983661e-01,9.999305664330646604e-01,9.999305664334465771e-01,9.999305664270757843e-01,9.999305663465281047e-01,9.999305653285468498e-01,9.999999999999985567e-01,9.999305653284008555e-01,9.999305663460308358e-01,9.999305664252307047e-01,9.999305664237583269e-01,9.999305663351220064e-01,9.999305649209743185e-01,9.999305649209742075e-01,9.999305663353666995e-01,9.999305664250585091e-01,9.999305664332033272e-01,9.999305664344125821e-01,9.999305664337081456e-01,9.999305664270758953e-01,9.999305663464383986e-01,9.999305653284008555e-01,9.999999999999985567e-01,9.999305653279036976e-01,9.999305663444473247e-01,9.999305664168903762e-01,9.999305663339204120e-01,9.999305649206001734e-01,9.999305649206001734e-01,9.999305663349991047e-01,9.999305664247073455e-01,9.999305664329017906e-01,9.999305664342895694e-01,9.999305664344125821e-01,9.999305664334466881e-01,9.999305664267247318e-01,9.999305663460308358e-01,9.999305653279036976e-01,9.999999999999985567e-01,9.999305653260583959e-01,9.999305663358453167e-01,9.999305663267908928e-01,9.999305649191370104e-01,9.999305649191368994e-01,9.999305663335383842e-01,9.999305664232530644e-01,9.999305664314641628e-01,9.999305664329016796e-01,9.999305664332029941e-01,9.999305664330646604e-01,9.999305664320090603e-01,9.999305664252307047e-01,9.999305663444473247e-01,9.999305653260583959e-01,9.999999999999985567e-01,9.999305653163697016e-01,9.999305662446590359e-01,9.999305649109204719e-01,9.999305649109158090e-01,9.999305663253186260e-01,9.999305664150359707e-01,9.999305664232532864e-01,9.999305664247073455e-01,9.999305664250585091e-01,9.999305664250984771e-01,9.999305664248703263e-01,9.999305664237583269e-01,9.999305664168903762e-01,9.999305663358453167e-01,9.999305653163697016e-01,9.999999999999985567e-01,9.999305652184239390e-01,9.999305648220280229e-01,9.999305648211965769e-01,9.999305662355998381e-01,9.999305663253185150e-01,9.999305663335386063e-01,9.999305663349989937e-01,9.999305663353665885e-01,9.999305663354561835e-01,9.999305663354064455e-01,9.999305663351220064e-01,9.999305663339204120e-01,9.999305663267908928e-01,9.999305662446590359e-01,9.999305652184239390e-01,9.999999999999985567e-01,9.999305637142505976e-01,9.999305634067928716e-01,9.999305648211965769e-01,9.999305649109156979e-01,9.999305649191371215e-01,9.999305649206001734e-01,9.999305649209742075e-01,9.999305649210803448e-01,9.999305649210803448e-01,9.999305649209743185e-01,9.999305649206001734e-01,9.999305649191370104e-01,9.999305649109204719e-01,9.999305648220280229e-01,9.999305637142505976e-01,9.999999999999985567e-01
9.999999999999994449e-01,9.998437912959975415e-01,9.998437969023068472e-01,9.998437973519594957e-01,9.998437973935098144e-01,9.998437974009105611e-01,9.998437974028031583e-01,9.998437974033400621e-01,9.998437974033400621e-01,9.998437974028032693e-01,9.998437974009112272e-01,9.998437973935120349e-01,9.998437973519515021e-01,9.998437968982269997e-01,9.998437897401373231e-01,9.998437912959975415e-01,9.999999999999994449e-01,9.998437989083784894e-01,9.998438041020168976e-01,9.998438045174686817e-01,9.998438045535215091e-01,9.998438045595984258e-01,9.998438045610378300e-01,9.998438045612891845e-01,9.998438045608362135e-01,9.998438045589761458e-01,9.998438045515906092e-01,9.998438045100364047e-01,9.998438040563150109e-01,9.998437968982269997e-01,9.998437969023068472e-01,9.998437989083784894e-01,9.999999999999994449e-01,9.998437994037111531e-01,9.998438045631611315e-01,9.998438049731165345e-01,9.998438050078457540e-01,9.998438050134695887e-01,9.998438050146234435e-01,9.998438050144219380e-01,9.998438050126456922e-01,9.998438050052922410e-01,9.998438049637516922e-01,9.998438045100364047e-01,9.998437973519515021e-01,9.998437973519594957e-01,9.998438041020168976e-01,9.998437994037111531e-01,9.999999999999994449e-01,9.998437994526947481e-01,9.998438046066479012e-01,9.998438050152798073e-01,9.998438050495561669e-01,9.998438050548944522e-01,9.998438050555954471e-01,9.998438050540705557e-01,9.998438050468008154e-01,9.998438050052922410e-01,9.998438045515907202e-01,9.998437973935120349e-01,9.998437973935098144e-01,9.998438045174686817e-01,9.998438045631611315e-01,9.998437994526947481e-01,9.999999999999994449e-01,9.998437994620267277e-01,9.998438046146559399e-01,9.998438050228348750e-01,9.998438050568256852e-01,9.998438050617111106e-01,9.998438050610886085e-01,9.998438050540704447e-01,9.998438050126456922e-01,9.998438045589761458e-01,9.998437974009112272e-01,9.998437974009105611e-01,9.998438045535215091e-01,9.998438049731165345e-01,9.998438046066479012e-01,9.998437994620267277e-01,9.999999999999994449e-01,9.998437994645414939e-01,9.998438046167177351e-01,9.998438050246110098e-01,9.998438050581488490e-01,9.998438050617108885e-01,9.998438050555952250e-01,9.998438050144218270e-01,9.998438045608361024e-01,9.998437974028032693e-01,9.998437974028031583e-01,9.998438045595984258e-01,9.998438050078457540e-01,9.998438050152798073e-01,9.998438046146559399e-01,9.998437994645414939e-01,9.999999999999994449e-01,9.998437994652800143e-01,9.998438046171705951e-01,9.998438050246110098e-01,9.998438050568255742e-01,9.998438050548944522e-01,9.998438050146234435e-01,9.998438045612891845e-01,9.998437974033400621e-01,9.998437974033400621e-01,9.998438045610378300e-01,9.998438050134695887e-01,9.998438050495561669e-01,9.998438050228348750e-01,9.998438046167177351e-01,9.998437994652800143e-01,9.999999999999994449e-01,9.998437994652800143e-01,9.998438046167176241e-01,9.998438050228347640e-01,9.998438050495561669e-01,9.998438050134695887e-01,9.998438045610378300e-01,9.998437974033399511e-01,9.998437974033400621e-01,9.998438045612891845e-01,9.998438050146234435e-01,9.998438050548944522e-01,9.998438050568256852e-01,9.998438050246110098e-01,9.998438046171705951e-01,9.998437994652800143e-01,9.999999999999994449e-01,9.998437994645414939e-01,9.998438046146559399e-01,9.998438050152796963e-01,9.998438050078457540e-01,9.998438045595984258e-01,9.998437974028030473e-01,9.998437974028032693e-01,9.998438045608362135e-01,9.998438050144219380e-01,9.998438050555954471e-01,9.998438050617111106e-01,9.998438050581488490e-01,9.998438050246110098e-01,9.998438046167176241e-01,9.998437994645414939e-01,9.999999999999994449e-01,9.998437994620266167e-01,9.998438046066477902e-01,9.998438049731165345e-01,9.998438045535215091e-01,9.998437974009105611e-01,9.998437974009112272e-01,9.998438045589761458e-01,9.998438050126456922e-01,9.998438050540705557e-01,9.998438050610886085e-01,9.998438050617108885e-01,9.998438050568255742e-01,9.998438050228347640e-01,9.998438046146559399e-01,9.998437994620266167e-01,9.999999999999994449e-01,9.998437994526945261e-01,9.998438045631610205e-01,9.998438045174686817e-01,9.998437973935097034e-01,9.998437973935120349e-01,9.998438045515906092e-01,9.998438050052922410e-01,9.998438050468008154e-01,9.998438050540704447e-01,9.998438050555952250e-01,9.998438050548944522e-01,9.998438050495561669e-01,9.998438050152796963e-01,9.998438046066477902e-01,9.998437994526945261e-01,9.999999999999994449e-01,9.998437994037109311e-01,9.998438041020167866e-01,9.998437973519594957e-01,9.998437973519515021e-01,9.998438045100364047e-01,9.998438049637516922e-01,9.998438050052922410e-01,9.998438050126456922e-01,9.998438050144218270e-01,9.998438050146234435e-01,9.998438050134695887e-01,9.998438050078457540e-01,9.998438049731165345e-01,9.998438045631610205e-01,9.998437994037109311e-01,9.999999999999994449e-01,9.998437989083783783e-01,9.998437969023068472e-01,9.998437968982269997e-01,9.998438040563150109e-01,9.998438045100364047e-01,9.998438045515907202e-01,9.998438045589761458e-01,9.998438045608361024e-01,9.998438045612891845e-01,9.998438045610378300e-01,9.998438045595984258e-01,9.998438045535215091e-01,9.998438045174686817e-01,9.998438041020167866e-01,9.998437989083783783e-01,9.999999999999994449e-01,9.998437912959975415e-01,9.998437897401373231e-01,9.998437968982269997e-01,9.998437973519515021e-01,9.998437973935120349e-01,9.998437974009112272e-01,9.998437974028032693e-01,9.998437974033400621e-01,9.998437974033399511e-01,9.998437974028030473e-01,9.998437974009105611e-01,9.998437973935097034e-01,9.998437973519594957e-01,9.998437969023068472e-01,9.998437912959975415e-01,9.999999999999994449e-01
9.999999999999995559e-01,9.997223527052316872e-01,9.997223704159134972e-01,9.997223718354236732e-01,9.997223719665425667e-01,9.997223719899022143e-01,9.997223719958769905e-01,9.997223719975721901e-01,9.997223719975724121e-01,9.997223719958778787e-01,9.997223719899056560e-01,9.997223719665584429e-01,9.997223718354661948e-01,9.997223704035912428e-01,9.997223477907914990e-01,9.997223527052316872e-01,9.999999999999995559e-01,9.997223767530732941e-01,9.997223931601192382e-01,9.997223944716480126e-01,9.997223945854122329e-01,9.997223946045917797e-01,9.997223946091355895e-01,9.997223946099290659e-01,9.997223946084992097e-01,9.997223946026283503e-01,9.997223945793238808e-01,9.997223944482517277e-01,9.997223930163864347e-01,9.997223704035912428e-01,9.997223704159134972e-01,9.997223767530732941e-01,9.999999999999995559e-01,9.997223783162804134e-01,9.997223946154141228e-01,9.997223959095938861e-01,9.997223960191805592e-01,9.997223960369298057e-01,9.997223960405721144e-01,9.997223960399357345e-01,9.997223960343295524e-01,9.997223960111264462e-01,9.997223958800969257e-01,9.997223944482515057e-01,9.997223718354663058e-01,9.997223718354236732e-01,9.997223931601192382e-01,9.997223783162804134e-01,9.999999999999995559e-01,9.997223784708040295e-01,9.997223947525872845e-01,9.997223960425890565e-01,9.997223961507456513e-01,9.997223961675933968e-01,9.997223961698057382e-01,9.997223961649930324e-01,9.997223961420546035e-01,9.997223960111263352e-01,9.997223945793238808e-01,9.997223719665583319e-01,9.997223719665425667e-01,9.997223944716480126e-01,9.997223946154141228e-01,9.997223784708040295e-01,9.999999999999995559e-01,9.997223785002541385e-01,9.997223947778571818e-01,9.997223960664288755e-01,9.997223961736839692e-01,9.997223961891017474e-01,9.997223961871377629e-01,9.997223961649930324e-01,9.997223960343294413e-01,9.997223946026283503e-01,9.997223719899054339e-01,9.997223719899022143e-01,9.997223945854122329e-01,9.997223959095938861e-01,9.997223947525872845e-01,9.997223785002541385e-01,9.999999999999995559e-01,9.997223785081927883e-01,9.997223947843650871e-01,9.997223960720350577e-01,9.997223961778604062e-01,9.997223961891018584e-01,9.997223961698057382e-01,9.997223960399356235e-01,9.997223946084992097e-01,9.997223719958776567e-01,9.997223719958769905e-01,9.997223946045917797e-01,9.997223960191805592e-01,9.997223960425890565e-01,9.997223947778571818e-01,9.997223785081927883e-01,9.999999999999995559e-01,9.997223785105243676e-01,9.997223947857949433e-01,9.997223960720351688e-01,9.997223961736839692e-01,9.997223961675933968e-01,9.997223960405721144e-01,9.997223946099289549e-01,9.997223719975721901e-01,9.997223719975721901e-01,9.997223946091355895e-01,9.997223960369298057e-01,9.997223961507456513e-01,9.997223960664288755e-01,9.997223947843650871e-01,9.997223785105243676e-01,9.999999999999995559e-01,9.997223785105243676e-01,9.997223947843649761e-01,9.997223960664288755e-01,9.997223961507455403e-01,9.997223960369298057e-01,9.997223946091354785e-01,9.997223719975719680e-01,9.997223719975724121e-01,9.997223946099290659e-01,9.997223960405721144e-01,9.997223961675933968e-01,9.997223961736839692e-01,9.997223960720350577e-01,9.997223947857949433e-01,9.997223785105243676e-01,9.999999999999995559e-01,9.997223785081926772e-01,9.997223947778571818e-01,9.997223960425889455e-01,9.997223960191805592e-01,9.997223946045916687e-01,9.997223719958767685e-01,9.997223719958778787e-01,9.997223946084992097e-01,9.997223960399357345e-01,9.997223961698057382e-01,9.997223961891017474e-01,9.997223961778604062e-01,9.997223960720351688e-01,9.997223947843649761e-01,9.997223785081926772e-01,9.999999999999995559e-01,9.997223785002540275e-01,9.997223947525871734e-01,9.997223959095938861e-01,9.997223945854122329e-01,9.997223719899021033e-01,9.997223719899056560e-01,9.997223946026283503e-01,9.997223960343295524e-01,9.997223961649930324e-01,9.997223961871377629e-01,9.997223961891018584e-01,9.997223961736839692e-01,9.997223960664288755e-01,9.997223947778571818e-01,9.997223785002540275e-01,9.999999999999995559e-01,9.997223784708040295e-01,9.997223946154142338e-01,9.997223944716477906e-01,9.997223719665426778e-01,9.997223719665584429e-01,9.997223945793238808e-01,9.997223960111264462e-01,9.997223961420546035e-01,9.997223961649930324e-01,9.997223961698057382e-01,9.997223961675933968e-01,9.997223961507455403e-01,9.997223960425889455e-01,9.997223947525871734e-01,9.997223784708040295e-01,9.999999999999995559e-01,9.997223783162801913e-01,9.997223931601192382e-01,9.997223718354236732e-01,9.997223718354661948e-01,9.997223944482517277e-01,9.997223958800969257e-01,9.997223960111263352e-01,9.997223960343294413e-01,9.997223960399356235e-01,9.997223960405721144e-01,9.997223960369298057e-01,9.997223960191805592e-01,9.997223959095938861e-01,9.997223946154142338e-01,9.997223783162801913e-01,9.999999999999995559e-01,9.997223767530730720e-01,9.997223704159136082e-01,9.997223704035912428e-01,9.997223930163864347e-01,9.997223944482515057e-01,9.997223945793238808e-01,9.997223946026283503e-01,9.997223946084992097e-01,9.997223946099289549e-01,9.997223946091354785e-01,9.997223946045916687e-01,9.997223945854122329e-01,9.997223944716477906e-01,9.997223931601192382e-01,9.997223767530730720e-01,9.999999999999995559e-01,9.997223527052315761e-01,9.997223477907914990e-01,9.997223704035912428e-01,9.997223718354663058e-01,9.997223719665583319e-01,9.997223719899054339e-01,9.997223719958776567e-01,9.997223719975721901e-01,9.997223719975719680e-01,9.997223719958767685e-01,9.997223719899021033e-01,9.997223719665426778e-01,9.997223718354236732e-01,9.997223704159136082e-01,9.997223527052315761e-01,9.999999999999995559e-01
1.000000000000001554e+00,9.995662906815631077e-01,9.995663338953687527e-01,9.995663373559090514e-01,9.995663376753964879e-01,9.995663377323303900e-01,9.995663377468959609e-01,9.995663377510294323e-01,9.995663377510300984e-01,9.995663377468992916e-01,9.995663377323436016e-01,9.995663376754608809e-01,9.995663373562242437e-01,9.995663338670776055e-01,9.995662786923447118e-01,9.995662906815631077e-01,1.000000000000001554e+00,9.995663493574865610e-01,9.995663893904935815e-01,9.995663925877520395e-01,9.995663928649324292e-01,9.995663929116739288e-01,9.995663929227502909e-01,9.995663929246849655e-01,9.995663929211995313e-01,9.995663929068905329e-01,9.995663928501123952e-01,9.995663925309240527e-01,9.995663890418011732e-01,9.995663338670776055e-01,9.995663338953687527e-01,9.995663493574865610e-01,1.000000000000001554e+00,9.995663531667364765e-01,9.995663929367258893e-01,9.995663960916982838e-01,9.995663963586949308e-01,9.995663964019498859e-01,9.995663964108282284e-01,9.995663964092770248e-01,9.995663963956136211e-01,9.995663963390823969e-01,9.995663960199987486e-01,9.995663925309241638e-01,9.995663373562242437e-01,9.995663373559090514e-01,9.995663893904935815e-01,9.995663531667364765e-01,1.000000000000001554e+00,9.995663535430893143e-01,9.995663932707855581e-01,9.995663964155739878e-01,9.995663966790844235e-01,9.995663967201414701e-01,9.995663967255341564e-01,9.995663967138049832e-01,9.995663966579192428e-01,9.995663963390825080e-01,9.995663928501123952e-01,9.995663376754608809e-01,9.995663376753964879e-01,9.995663925877520395e-01,9.995663929367258893e-01,9.995663535430893143e-01,1.000000000000001554e+00,9.995663536148516881e-01,9.995663933323563066e-01,9.995663964736579699e-01,9.995663967349706081e-01,9.995663967725418875e-01,9.995663967677564932e-01,9.995663967138049832e-01,9.995663963956137321e-01,9.995663929068904219e-01,9.995663377323434906e-01,9.995663377323303900e-01,9.995663928649324292e-01,9.995663960916982838e-01,9.995663932707855581e-01,9.995663536148516881e-01,1.000000000000001554e+00,9.995663536342029865e-01,9.995663933482181740e-01,9.995663964873218177e-01,9.995663967451486887e-01,9.995663967725418875e-01,9.995663967255342675e-01,9.995663964092772469e-01,9.995663929211995313e-01,9.995663377468992916e-01,9.995663377468959609e-01,9.995663929116739288e-01,9.995663963586949308e-01,9.995663964155739878e-01,9.995663933323563066e-01,9.995663536342029865e-01,1.000000000000001554e+00,9.995663536398875504e-01,9.995663933517040523e-01,9.995663964873219287e-01,9.995663967349706081e-01,9.995663967201416922e-01,9.995663964108284505e-01,9.995663929246849655e-01,9.995663377510300984e-01,9.995663377510294323e-01,9.995663929227502909e-01,9.995663964019498859e-01,9.995663966790844235e-01,9.995663964736579699e-01,9.995663933482181740e-01,9.995663536398875504e-01,1.000000000000001554e+00,9.995663536398875504e-01,9.995663933482182850e-01,9.995663964736579699e-01,9.995663966790845345e-01,9.995663964019501080e-01,9.995663929227502909e-01,9.995663377510293213e-01,9.995663377510300984e-01,9.995663929246849655e-01,9.995663964108282284e-01,9.995663967201414701e-01,9.995663967349706081e-01,9.995663964873218177e-01,9.995663933517040523e-01,9.995663536398875504e-01,1.000000000000001554e+00,9.995663536342029865e-01,9.995663933323564176e-01,9.995663964155740988e-01,9.995663963586951528e-01,9.995663929116740398e-01,9.995663377468958499e-01,9.995663377468992916e-01,9.995663929211995313e-01,9.995663964092770248e-01,9.995663967255341564e-01,9.995663967725418875e-01,9.995663967451486887e-01,9.995663964873219287e-01,9.995663933482182850e-01,9.995663536342029865e-01,1.000000000000001554e+00,9.995663536148516881e-01,9.995663932707856691e-01,9.995663960916983948e-01,9.995663928649324292e-01,9.995663377323302790e-01,9.995663377323436016e-01,9.995663929068905329e-01,9.995663963956136211e-01,9.995663967138049832e-01,9.995663967677564932e-01,9.995663967725418875e-01,9.995663967349706081e-01,9.995663964736579699e-01,9.995663933323564176e-01,9.995663536148516881e-01,1.000000000000001554e+00,9.995663535430894253e-01,9.995663929367257783e-01,9.995663925877522615e-01,9.995663376753965990e-01,9.995663376754608809e-01,9.995663928501123952e-01,9.995663963390823969e-01,9.995663966579192428e-01,9.995663967138049832e-01,9.995663967255342675e-01,9.995663967201416922e-01,9.995663966790845345e-01,9.995663964155740988e-01,9.995663932707856691e-01,9.995663535430894253e-01,1.000000000000001554e+00,9.995663531667365875e-01,9.995663893904938035e-01,9.995663373559091625e-01,9.995663373562242437e-01,9.995663925309240527e-01,9.995663960199987486e-01,9.995663963390825080e-01,9.995663963956137321e-01,9.995663964092772469e-01,9.995663964108284505e-01,9.995663964019501080e-01,9.995663963586951528e-01,9.995663960916983948e-01,9.995663929367257783e-01,9.995663531667365875e-01,1.000000000000001554e+00,9.995663493574867831e-01,9.995663338953689747e-01,9.995663338670776055e-01,9.995663890418011732e-01,9.995663925309241638e-01,9.995663928501123952e-01,9.995663929068904219e-01,9.995663929211995313e-01,9.995663929246849655e-01,9.995663929227502909e-01,9.995663929116740398e-01,9.995663928649324292e-01,9.995663925877522615e-01,9.995663893904938035e-01,9.995663493574867831e-01,1.000000000000001554e+00,9.995662906815631077e-01,9.995662786923447118e-01,9.995663338670776055e-01,9.995663373562242437e-01,9.995663376754608809e-01,9.995663377323434906e-01,9.995663377468992916e-01,9.995663377510300984e-01,9.995663377510293213e-01,9.995663377468958499e-01,9.995663377323302790e-01,9.995663376753965990e-01,9.995663373559091625e-01,9.995663338953689747e-01,9.995662906815631077e-01,1.000000000000001554e+00
9.999999999999998890e-01,9.993756600972244497e-01,9.993757496416587616e-01,9.993757568046309769e-01,9.993757574655297571e-01,9.993757575833481788e-01,9.993757576134987275e-01,9.993757576220529959e-01,9.993757576220583250e-01,9.993757576135054999e-01,9.993757575833921436e-01,9.993757574657349263e-01,9.993757568058189156e-01,9.993757495875267294e-01,9.993756352589674430e-01,9.993756600972244497e-01,9.999999999999998890e-01,9.993757816799554439e-01,9.993758646335210161e-01,9.993758712514191345e-01,9.993758718247554018e-01,9.993758719214685948e-01,9.993758719443902594e-01,9.993758719483984976e-01,9.993758719411817149e-01,9.993758719115786171e-01,9.993758717941382264e-01,9.993758711343218026e-01,9.993758639160791324e-01,9.993757495875323915e-01,9.993757496416587616e-01,9.993757816799554439e-01,9.999999999999998890e-01,9.993757895606590891e-01,9.993758719699374904e-01,9.993758785003364897e-01,9.993758790525933966e-01,9.993758791420856991e-01,9.993758791604636649e-01,9.993758791572511235e-01,9.993758791289842902e-01,9.993758790120547131e-01,9.993758783524552269e-01,9.993758711343122547e-01,9.993757568058144747e-01,9.993757568046309769e-01,9.993758646335210161e-01,9.993757895606590891e-01,9.999999999999998890e-01,9.993757903387799901e-01,9.993758726605385112e-01,9.993758791698569288e-01,9.993758797148937223e-01,9.993758797998427701e-01,9.993758798109999564e-01,9.993758797867375865e-01,9.993758796711442738e-01,9.993758790120554902e-01,9.993758717941290115e-01,9.993757574657309295e-01,9.993757574655297571e-01,9.993758712514191345e-01,9.993758719699374904e-01,9.993757903387799901e-01,9.999999999999998890e-01,9.993757904872389020e-01,9.993758727878940817e-01,9.993758792899902765e-01,9.993758798304838153e-01,9.993758799082124167e-01,9.993758798983197744e-01,9.993758797867303700e-01,9.993758791289782950e-01,9.993758719115627409e-01,9.993757575833812634e-01,9.993757575833481788e-01,9.993758718247554018e-01,9.993758785003364897e-01,9.993758726605385112e-01,9.993757904872389020e-01,9.999999999999998890e-01,9.993757905272933062e-01,9.993758728207190467e-01,9.993758793182714317e-01,9.993758798515445241e-01,9.993758799082227418e-01,9.993758798110037311e-01,9.993758791572552314e-01,9.993758719411766078e-01,9.993757576135054999e-01,9.993757576134987275e-01,9.993758719214685948e-01,9.993758790525933966e-01,9.993758791698569288e-01,9.993758727878940817e-01,9.993757905272933062e-01,9.999999999999998890e-01,9.993757905390580065e-01,9.993758728279372727e-01,9.993758793182691003e-01,9.993758798304922530e-01,9.993758797998441024e-01,9.993758791604655523e-01,9.993758719483906150e-01,9.993757576220556604e-01,9.993757576220529959e-01,9.993758719443902594e-01,9.993758791420856991e-01,9.993758797148937223e-01,9.993758792899902765e-01,9.993758728207190467e-01,9.993757905390580065e-01,9.999999999999998890e-01,9.993757905390572294e-01,9.993758728207159381e-01,9.993758792899977150e-01,9.993758797148944995e-01,9.993758791420871423e-01,9.993758719443817107e-01,9.993757576220497763e-01,9.993757576220583250e-01,9.993758719483984976e-01,9.993758791604636649e-01,9.993758797998427701e-01,9.993758798304838153e-01,9.993758793182714317e-01,9.993758728279372727e-01,9.993757905390572294e-01,9.999999999999998890e-01,9.993757905272897535e-01,9.993758727879007431e-01,9.993758791698568178e-01,9.993758790525943958e-01,9.993758719214596020e-01,9.993757576134952858e-01,9.993757576135054999e-01,9.993758719411817149e-01,9.993758791572511235e-01,9.993758798109999564e-01,9.993758799082124167e-01,9.993758798515445241e-01,9.993758793182691003e-01,9.993758728207159381e-01,9.993757905272897535e-01,9.999999999999998890e-01,9.993757904872430098e-01,9.993758726605359577e-01,9.993758785003346024e-01,9.993758718247434114e-01,9.993757575833417395e-01,9.993757575833921436e-01,9.993758719115786171e-01,9.993758791289842902e-01,9.993758797867375865e-01,9.993758798983197744e-01,9.993758799082227418e-01,9.993758798304922530e-01,9.993758792899977150e-01,9.993758727879007431e-01,9.993757904872430098e-01,9.999999999999998890e-01,9.993757903387879837e-01,9.993758719699460391e-01,9.993758712514180242e-01,9.993757574655338649e-01,9.993757574657349263e-01,9.993758717941382264e-01,9.993758790120547131e-01,9.993758796711442738e-01,9.993758797867303700e-01,9.993758798110037311e-01,9.993758797998441024e-01,9.993758797148944995e-01,9.993758791698568178e-01,9.993758726605359577e-01,9.993757903387879837e-01,9.999999999999998890e-01,9.993757895606608654e-01,9.993758646335130225e-01,9.993757568046283124e-01,9.993757568058189156e-01,9.993758711343218026e-01,9.993758783524552269e-01,9.993758790120554902e-01,9.993758791289782950e-01,9.993758791572552314e-01,9.993758791604655523e-01,9.993758791420871423e-01,9.993758790525943958e-01,9.993758785003346024e-01,9.993758719699460391e-01,9.993757895606608654e-01,9.999999999999998890e-01,9.993757816799481164e-01,9.993757496416563191e-01,9.993757495875267294e-01,9.993758639160791324e-01,9.993758711343122547e-01,9.993758717941290115e-01,9.993758719115627409e-01,9.993758719411766078e-01,9.993758719483906150e-01,9.993758719443817107e-01,9.993758719214596020e-01,9.993758718247434114e-01,9.993758712514180242e-01,9.993758646335130225e-01,9.993757816799481164e-01,9.999999999999998890e-01,9.993756600972127924e-01,9.993756352589674430e-01,9.993757495875323915e-01,9.993757568058144747e-01,9.993757574657309295e-01,9.993757575833812634e-01,9.993757576135054999e-01,9.993757576220556604e-01,9.993757576220497763e-01,9.993757576134952858e-01,9.993757575833417395e-01,9.993757574655338649e-01,9.993757568046283124e-01,9.993757496416563191e-01,9.993756600972127924e-01,9.999999999999998890e-01
