9.999999999999974465e-01,9.999999999999974465e-01,9.999999999999974465e-01,9.999999999999974465e-01,9.999999999999974465e-01,9.999999999999974465e-01,9.999999999999974465e-01,9.999999999999974465e-01,9.999999999999974465e-01,9.999999999999974465e-01,9.999999999999974465e-01,9.999999999999974465e-01,9.999999999999974465e-01,9.999999999999974465e-01,9.999999999999974465e-01,9.999999999999974465e-01,9.999999999999974465e-01,9.999999999999974465e-01,9.999999999999974465e-01,9.999999999999974465e-01,9.999999999999974465e-01,9.999999999999974465e-01,9.999999999999974465e-01,9.999999999999974465e-01,9.999999999999974465e-01,9.999999999999974465e-01,9.999999999999974465e-01,9.999999999999974465e-01,9.999999999999974465e-01,9.999999999999974465e-01,9.999999999999974465e-01,9.999999999999974465e-01,9.999999999999974465e-01,9.999999999999974465e-01,9.999999999999974465e-01,9.999999999999974465e-01,9.999999999999974465e-01,9.999999999999974465e-01,9.999999999999974465e-01,9.999999999999974465e-01,9.999999999999974465e-01,9.999999999999974465e-01,9.999999999999974465e-01,9.999999999999974465e-01,9.999999999999974465e-01,9.999999999999974465e-01,9.999999999999974465e-01,9.999999999999974465e-01,9.999999999999974465e-01,9.999999999999974465e-01,9.999999999999974465e-01,9.999999999999974465e-01,9.999999999999974465e-01,9.999999999999974465e-01,9.999999999999974465e-01,9.999999999999974465e-01,9.999999999999974465e-01,9.999999999999974465e-01,9.999999999999974465e-01,9.999999999999974465e-01,9.999999999999974465e-01,9.999999999999974465e-01,9.999999999999974465e-01,9.999999999999974465e-01,9.999999999999974465e-01,9.999999999999974465e-01,9.999999999999974465e-01,9.999999999999974465e-01,9.999999999999974465e-01,9.999999999999974465e-01,9.999999999999974465e-01,9.999999999999974465e-01,9.999999999999974465e-01,9.999999999999974465e-01,9.999999999999974465e-01,9.999999999999974465e-01,9.999999999999974465e-01,9.999999999999974465e-01,9.999999999999974465e-01,9.999999999999974465e-01,9.999999999999974465e-01,9.999999999999974465e-01,9.999999999999974465e-01,9.999999999999974465e-01,9.999999999999974465e-01,9.999999999999974465e-01,9.999999999999974465e-01,9.999999999999974465e-01,9.999999999999974465e-01,9.999999999999974465e-01,9.999999999999974465e-01,9.999999999999974465e-01,9.999999999999974465e-01,9.999999999999974465e-01,9.999999999999974465e-01,9.999999999999974465e-01,9.999999999999974465e-01,9.999999999999974465e-01,9.999999999999974465e-01,9.999999999999974465e-01,9.999999999999974465e-01,9.999999999999974465e-01,9.999999999999974465e-01,9.999999999999974465e-01,9.999999999999974465e-01,9.999999999999974465e-01,9.999999999999974465e-01,9.999999999999974465e-01,9.999999999999974465e-01,9.999999999999974465e-01,9.999999999999974465e-01,9.999999999999974465e-01,9.999999999999974465e-01,9.999999999999974465e-01,9.999999999999974465e-01,9.999999999999974465e-01,9.999999999999974465e-01,9.999999999999974465e-01,9.999999999999974465e-01,9.999999999999974465e-01,9.999999999999974465e-01,9.999999999999974465e-01,9.999999999999974465e-01,9.999999999999974465e-01,9.999999999999974465e-01,9.999999999999974465e-01,9.999999999999974465e-01,9.999999999999974465e-01,9.999999999999974465e-01,9.999999999999974465e-01,9.999999999999974465e-01,9.999999999999974465e-01,9.999999999999974465e-01,9.999999999999974465e-01,9.999999999999974465e-01,9.999999999999974465e-01,9.999999999999974465e-01,9.999999999999974465e-01,9.999999999999974465e-01,9.999999999999974465e-01,9.999999999999974465e-01,9.999999999999974465e-01,9.999999999999974465e-01,9.999999999999974465e-01,9.999999999999974465e-01,9.999999999999974465e-01,9.999999999999974465e-01,9.999999999999974465e-01,9.999999999999974465e-01,9.999999999999974465e-01,9.999999999999974465e-01,9.999999999999974465e-01,9.999999999999974465e-01,9.999999999999974465e-01,9.999999999999974465e-01,9.999999999999974465e-01,9.999999999999974465e-01,9.999999999999974465e-01,9.999999999999974465e-01,9.999999999999974465e-01,9.999999999999974465e-01,9.999999999999974465e-01,9.999999999999974465e-01,9.999999999999974465e-01,9.999999999999974465e-01,9.999999999999974465e-01,9.999999999999974465e-01,9.999999999999974465e-01,9.999999999999974465e-01,9.999999999999974465e-01,9.999999999999974465e-01,9.999999999999974465e-01,9.999999999999974465e-01,9.999999999999974465e-01,9.999999999999974465e-01,9.999999999999974465e-01,9.999999999999974465e-01,9.999999999999974465e-01,9.999999999999974465e-01,9.999999999999974465e-01,9.999999999999974465e-01,9.999999999999974465e-01,9.999999999999974465e-01,9.999999999999974465e-01,9.999999999999974465e-01,9.999999999999974465e-01,9.999999999999974465e-01,9.999999999999974465e-01,9.999999999999974465e-01,9.999999999999974465e-01,9.999999999999974465e-01,9.999999999999974465e-01,9.999999999999974465e-01,9.999999999999974465e-01,9.999999999999974465e-01,9.999999999999974465e-01,9.999999999999974465e-01,9.999999999999974465e-01,9.999999999999974465e-01,9.999999999999974465e-01,9.999999999999974465e-01,9.999999999999974465e-01,9.999999999999974465e-01,9.999999999999974465e-01,9.999999999999974465e-01,9.999999999999974465e-01,9.999999999999974465e-01,9.999999999999974465e-01,9.999999999999974465e-01,9.999999999999974465e-01,9.999999999999974465e-01,9.999999999999974465e-01,9.999999999999974465e-01,9.999999999999974465e-01,9.999999999999974465e-01,9.999999999999974465e-01,9.999999999999974465e-01,9.999999999999974465e-01,9.999999999999974465e-01,9.999999999999974465e-01,9.999999999999974465e-01,9.999999999999974465e-01,9.999999999999974465e-01,9.999999999999974465e-01,9.999999999999974465e-01
1.000000000000001110e+00,9.995452535610441780e-01,9.995453028319981614e-01,9.995453081191230105e-01,9.995453086174282964e-01,9.995453087063631559e-01,9.995453087291246153e-01,9.995453087355850030e-01,9.995453087355865573e-01,9.995453087291307215e-01,9.995453087063876918e-01,9.995453086175453139e-01,9.995453081195473377e-01,9.995453027672583923e-01,9.995452378230357260e-01,9.995452535610441780e-01,1.000000000000001110e+00,9.995453238730981349e-01,9.995453682761754610e-01,9.995453731525612007e-01,9.995453735847834587e-01,9.995453736577918358e-01,9.995453736750997686e-01,9.995453736781235721e-01,9.995453736726767069e-01,9.995453736503190356e-01,9.995453735616401936e-01,9.995453730637178236e-01,9.995453677114657376e-01,9.995453027672586144e-01,9.995453028319981614e-01,9.995453238730981349e-01,1.000000000000001110e+00,9.995453297248079183e-01,9.995453737176701603e-01,9.995453785279795333e-01,9.995453789442872994e-01,9.995453790118459247e-01,9.995453790257188276e-01,9.995453790232946556e-01,9.995453790019461771e-01,9.995453789136530265e-01,9.995453784158941923e-01,9.995453730637176015e-01,9.995453081195474487e-01,9.995453081191230105e-01,9.995453682761754610e-01,9.995453297248079183e-01,1.000000000000001110e+00,9.995453303120224176e-01,9.995453742388347163e-01,9.995453790332283761e-01,9.995453794440876116e-01,9.995453795082116510e-01,9.995453795166365785e-01,9.995453794983107931e-01,9.995453794110266132e-01,9.995453789136534706e-01,9.995453735616406377e-01,9.995453086175458690e-01,9.995453086174282964e-01,9.995453731525612007e-01,9.995453737176701603e-01,9.995453303120224176e-01,1.000000000000001110e+00,9.995453304241158632e-01,9.995453743350040110e-01,9.995453791239476971e-01,9.995453795313722356e-01,9.995453795900482996e-01,9.995453795825717247e-01,9.995453794983104601e-01,9.995453790019462881e-01,9.995453736503189246e-01,9.995453087063878028e-01,9.995453087063631559e-01,9.995453735847834587e-01,9.995453785279795333e-01,9.995453742388347163e-01,9.995453304241158632e-01,1.000000000000001110e+00,9.995453304543541195e-01,9.995453743597890739e-01,9.995453791452975079e-01,9.995453795472740710e-01,9.995453795900486327e-01,9.995453795166364674e-01,9.995453790232953217e-01,9.995453736726770400e-01,9.995453087291313876e-01,9.995453087291246153e-01,9.995453736577918358e-01,9.995453789442872994e-01,9.995453790332283761e-01,9.995453743350040110e-01,9.995453304543541195e-01,1.000000000000001110e+00,9.995453304632380132e-01,9.995453743652366052e-01,9.995453791452970638e-01,9.995453795313721246e-01,9.995453795082109849e-01,9.995453790257188276e-01,9.995453736781233500e-01,9.995453087355864463e-01,9.995453087355850030e-01,9.995453736750997686e-01,9.995453790118459247e-01,9.995453794440876116e-01,9.995453791239476971e-01,9.995453743597890739e-01,9.995453304632380132e-01,1.000000000000001110e+00,9.995453304632381242e-01,9.995453743597887408e-01,9.995453791239476971e-01,9.995453794440871675e-01,9.995453790118460358e-01,9.995453736750995466e-01,9.995453087355848920e-01,9.995453087355865573e-01,9.995453736781235721e-01,9.995453790257188276e-01,9.995453795082116510e-01,9.995453795313722356e-01,9.995453791452975079e-01,9.995453743652366052e-01,9.995453304632381242e-01,1.000000000000001110e+00,9.995453304543537865e-01,9.995453743350040110e-01,9.995453790332280430e-01,9.995453789442874104e-01,9.995453736577917248e-01,9.995453087291247263e-01,9.995453087291307215e-01,9.995453736726767069e-01,9.995453790232946556e-01,9.995453795166365785e-01,9.995453795900482996e-01,9.995453795472740710e-01,9.995453791452970638e-01,9.995453743597887408e-01,9.995453304543537865e-01,1.000000000000001110e+00,9.995453304241154191e-01,9.995453742388339391e-01,9.995453785279792003e-01,9.995453735847831256e-01,9.995453087063630448e-01,9.995453087063876918e-01,9.995453736503190356e-01,9.995453790019461771e-01,9.995453794983107931e-01,9.995453795825717247e-01,9.995453795900486327e-01,9.995453795313721246e-01,9.995453791239476971e-01,9.995453743350040110e-01,9.995453304241154191e-01,1.000000000000001110e+00,9.995453303120217514e-01,9.995453737176702713e-01,9.995453731525612007e-01,9.995453086174284074e-01,9.995453086175453139e-01,9.995453735616401936e-01,9.995453789136530265e-01,9.995453794110266132e-01,9.995453794983104601e-01,9.995453795166364674e-01,9.995453795082109849e-01,9.995453794440871675e-01,9.995453790332280430e-01,9.995453742388339391e-01,9.995453303120217514e-01,1.000000000000001110e+00,9.995453297248076963e-01,9.995453682761751280e-01,9.995453081191227884e-01,9.995453081195473377e-01,9.995453730637178236e-01,9.995453784158941923e-01,9.995453789136534706e-01,9.995453790019462881e-01,9.995453790232953217e-01,9.995453790257188276e-01,9.995453790118460358e-01,9.995453789442874104e-01,9.995453785279792003e-01,9.995453737176702713e-01,9.995453297248076963e-01,1.000000000000001110e+00,9.995453238730981349e-01,9.995453028319982725e-01,9.995453027672583923e-01,9.995453677114657376e-01,9.995453730637176015e-01,9.995453735616406377e-01,9.995453736503189246e-01,9.995453736726770400e-01,9.995453736781233500e-01,9.995453736750995466e-01,9.995453736577917248e-01,9.995453735847831256e-01,9.995453731525612007e-01,9.995453682761751280e-01,9.995453238730981349e-01,1.000000000000001110e+00,9.995452535610441780e-01,9.995452378230357260e-01,9.995453027672586144e-01,9.995453081195474487e-01,9.995453086175458690e-01,9.995453087063878028e-01,9.995453087291313876e-01,9.995453087355864463e-01,9.995453087355848920e-01,9.995453087291247263e-01,9.995453087063630448e-01,9.995453086174284074e-01,9.995453081191227884e-01,9.995453028319982725e-01,9.995452535610441780e-01,1.000000000000001110e+00
9.999999999999983347e-01,9.981853731852914358e-01,9.981861573648347363e-01,9.981862409779693746e-01,9.981862488113770748e-01,9.981862502116514158e-01,9.981862505709064859e-01,9.981862506730191376e-01,9.981862506731069562e-01,9.981862505712972844e-01,9.981862502132565762e-01,9.981862488196285854e-01,9.981862410334318980e-01,9.981861566602333591e-01,9.981851229818911042e-01,9.981853731852914358e-01,9.999999999999983347e-01,9.981864922207609458e-01,9.981871989484801810e-01,9.981872760654805221e-01,9.981872828566421552e-01,9.981872840052133933e-01,9.981872842781718269e-01,9.981872843259317341e-01,9.981872842400526524e-01,9.981872838880977428e-01,9.981872824970551283e-01,9.981872747120411615e-01,9.981871903393496614e-01,9.981861566602407976e-01,9.981861573648347363e-01,9.981864922207609458e-01,9.999999999999983347e-01,9.981865844635001705e-01,9.981872847284295469e-01,9.981873608036258005e-01,9.981873673438650396e-01,9.981873684063956587e-01,9.981873686250840594e-01,9.981873685869170343e-01,9.981873682509027068e-01,9.981873668659572152e-01,9.981873590835322885e-01,9.981872747120273948e-01,9.981862410334254587e-01,9.981862409779693746e-01,9.981871989484801810e-01,9.981865844635001705e-01,9.999999999999983347e-01,9.981865936552931640e-01,9.981872928800979983e-01,9.981873687042973620e-01,9.981873751585484955e-01,9.981873761668298428e-01,9.981873762995959742e-01,9.981873760112993654e-01,9.981873746422958993e-01,9.981873668659664300e-01,9.981872824970478009e-01,9.981862488196300287e-01,9.981862488113770748e-01,9.981872760654805221e-01,9.981872847284295469e-01,9.981865936552931640e-01,9.999999999999983347e-01,9.981865954161841525e-01,9.981872943894558592e-01,9.981873701275810751e-01,9.981873765275806054e-01,9.981873774499420149e-01,9.981873773325785626e-01,9.981873760112873750e-01,9.981873682509050383e-01,9.981872838880825327e-01,9.981862502132464732e-01,9.981862502116514158e-01,9.981872828566421552e-01,9.981873608036258005e-01,9.981872928800979983e-01,9.981865954161841525e-01,9.999999999999983347e-01,9.981865958928273219e-01,9.981872947798048346e-01,9.981873704636518019e-01,9.981873767777309503e-01,9.981873774499588903e-01,9.981873762996072985e-01,9.981873685869342427e-01,9.981872842400575374e-01,9.981862505713103850e-01,9.981862505709064859e-01,9.981872840052133933e-01,9.981873673438650396e-01,9.981873687042973620e-01,9.981872943894558592e-01,9.981865958928273219e-01,9.999999999999983347e-01,9.981865960331007814e-01,9.981872948657271039e-01,9.981873704636458067e-01,9.981873765275937060e-01,9.981873761668338396e-01,9.981873686250963829e-01,9.981872843259281813e-01,9.981862506731089546e-01,9.981862506730191376e-01,9.981872842781718269e-01,9.981873684063956587e-01,9.981873751585484955e-01,9.981873701275810751e-01,9.981872947798048346e-01,9.981865960331007814e-01,9.999999999999983347e-01,9.981865960330948973e-01,9.981872947797925111e-01,9.981873701275854049e-01,9.981873751585456089e-01,9.981873684064025420e-01,9.981872842781626121e-01,9.981862506730175832e-01,9.981862506731069562e-01,9.981872843259317341e-01,9.981873686250840594e-01,9.981873761668298428e-01,9.981873765275806054e-01,9.981873704636518019e-01,9.981872948657271039e-01,9.981865960330948973e-01,9.999999999999983347e-01,9.981865958928093363e-01,9.981872943894554151e-01,9.981873687042887022e-01,9.981873673438665939e-01,9.981872840051980722e-01,9.981862505709022670e-01,9.981862505712972844e-01,9.981872842400526524e-01,9.981873685869170343e-01,9.981873762995959742e-01,9.981873774499420149e-01,9.981873767777309503e-01,9.981873704636458067e-01,9.981872947797925111e-01,9.981865958928093363e-01,9.999999999999983347e-01,9.981865954161780463e-01,9.981872928800820111e-01,9.981873608036180290e-01,9.981872828566182854e-01,9.981862502116359837e-01,9.981862502132565762e-01,9.981872838880977428e-01,9.981873682509027068e-01,9.981873760112993654e-01,9.981873773325785626e-01,9.981873774499588903e-01,9.981873765275937060e-01,9.981873701275854049e-01,9.981872943894554151e-01,9.981865954161780463e-01,9.999999999999983347e-01,9.981865936552963836e-01,9.981872847284434247e-01,9.981872760654779686e-01,9.981862488113821819e-01,9.981862488196285854e-01,9.981872824970551283e-01,9.981873668659572152e-01,9.981873746422958993e-01,9.981873760112873750e-01,9.981873762996072985e-01,9.981873761668338396e-01,9.981873751585456089e-01,9.981873687042887022e-01,9.981872928800820111e-01,9.981865936552963836e-01,9.999999999999983347e-01,9.981865844635035012e-01,9.981871989484685237e-01,9.981862409779655998e-01,9.981862410334318980e-01,9.981872747120411615e-01,9.981873590835322885e-01,9.981873668659664300e-01,9.981873682509050383e-01,9.981873685869342427e-01,9.981873686250963829e-01,9.981873684064025420e-01,9.981873673438665939e-01,9.981873608036180290e-01,9.981872847284434247e-01,9.981865844635035012e-01,9.999999999999983347e-01,9.981864922207583923e-01,9.981861573648411756e-01,9.981861566602333591e-01,9.981871903393496614e-01,9.981872747120273948e-01,9.981872824970478009e-01,9.981872838880825327e-01,9.981872842400575374e-01,9.981872843259281813e-01,9.981872842781626121e-01,9.981872840051980722e-01,9.981872828566182854e-01,9.981872760654779686e-01,9.981871989484685237e-01,9.981864922207583923e-01,9.999999999999983347e-01,9.981853731852814438e-01,9.981851229818911042e-01,9.981861566602407976e-01,9.981862410334254587e-01,9.981862488196300287e-01,9.981862502132464732e-01,9.981862505713103850e-01,9.981862506731089546e-01,9.981862506730175832e-01,9.981862505709022670e-01,9.981862502116359837e-01,9.981862488113821819e-01,9.981862409779655998e-01,9.981861573648411756e-01,9.981853731852814438e-01,9.999999999999983347e-01
9.999999999999983347e-01,9.959333085084247639e-01,9.959372437682301182e-01,9.959376589235235944e-01,9.959376974331796140e-01,9.959377043362885873e-01,9.959377061145739951e-01,9.959377066212581342e-01,9.959377066221999364e-01,9.959377061189967906e-01,9.959377043540470487e-01,9.959376975258009690e-01,9.959376595987566860e-01,9.959372429331148080e-01,9.959320552262116433e-01,9.959333085084247639e-01,9.999999999999983347e-01,9.959389239462257404e-01,9.959424707331892002e-01,9.959428536286680789e-01,9.959428869857203104e-01,9.959428926402568161e-01,9.959428939895994537e-01,9.959428942263024442e-01,9.959428938019900812e-01,9.959428920672055430e-01,9.959428852517443476e-01,9.959428473304177132e-01,9.959424306655367820e-01,9.959372429331254661e-01,9.959372437682301182e-01,9.959389239462257404e-01,9.999999999999983347e-01,9.959393794493834884e-01,9.959428943528688682e-01,9.959432721010549328e-01,9.959433042183272189e-01,9.959433094467546876e-01,9.959433105270868447e-01,9.959433103389319086e-01,9.959433086831934734e-01,9.959433018979898522e-01,9.959432639895041683e-01,9.959428473303864049e-01,9.959376595987392555e-01,9.959376589235235944e-01,9.959424707331892002e-01,9.959393794493834884e-01,9.999999999999983347e-01,9.959394243126727941e-01,9.959429340874517145e-01,9.959433105950400433e-01,9.959433422868076979e-01,9.959433472464376269e-01,9.959433479019778046e-01,9.959433464824316573e-01,9.959433397762884610e-01,9.959433018980660135e-01,9.959428852517875352e-01,9.959376975258595888e-01,9.959376974331796140e-01,9.959428536286680789e-01,9.959428943528688682e-01,9.959394243126727941e-01,9.999999999999983347e-01,9.959394329611743757e-01,9.959429414892728705e-01,9.959433175704122121e-01,9.959433489933623429e-01,9.959433535282103955e-01,9.959433529523658013e-01,9.959433464824078985e-01,9.959433086832536475e-01,9.959428920672308561e-01,9.959377043540816876e-01,9.959377043362885873e-01,9.959428869857203104e-01,9.959432721010549328e-01,9.959429340874517145e-01,9.959394329611743757e-01,9.999999999999983347e-01,9.959394353154592539e-01,9.959429434146466198e-01,9.959433192266617940e-01,9.959433502248220549e-01,9.959433535282798955e-01,9.959433479020316504e-01,9.959433103390558095e-01,9.959428938020873368e-01,9.959377061191103664e-01,9.959377061145739951e-01,9.959428926402568161e-01,9.959433042183272189e-01,9.959433105950400433e-01,9.959429414892728705e-01,9.959394353154592539e-01,9.999999999999983347e-01,9.959394360102187260e-01,9.959429438394661327e-01,9.959433192266158308e-01,9.959433489933868788e-01,9.959433472464412906e-01,9.959433105271677800e-01,9.959428942263525153e-01,9.959377066222577790e-01,9.959377066212581342e-01,9.959428939895994537e-01,9.959433094467546876e-01,9.959433422868076979e-01,9.959433175704122121e-01,9.959429434146466198e-01,9.959394360102187260e-01,9.999999999999983347e-01,9.959394360101768706e-01,9.959429434145566917e-01,9.959433175703876762e-01,9.959433422867683960e-01,9.959433094467948777e-01,9.959428939896077804e-01,9.959377066212783403e-01,9.959377066221999364e-01,9.959428942263024442e-01,9.959433105270868447e-01,9.959433472464376269e-01,9.959433489933623429e-01,9.959433192266617940e-01,9.959429438394661327e-01,9.959394360101768706e-01,9.999999999999983347e-01,9.959394353153279145e-01,9.959429414892112531e-01,9.959433105949605514e-01,9.959433042183249984e-01,9.959428926402185134e-01,9.959377061145562315e-01,9.959377061189967906e-01,9.959428938019900812e-01,9.959433103389319086e-01,9.959433479019778046e-01,9.959433535282103955e-01,9.959433502248220549e-01,9.959433192266158308e-01,9.959429434145566917e-01,9.959394353153279145e-01,9.999999999999983347e-01,9.959394329610663510e-01,9.959429340873218184e-01,9.959432721009979783e-01,9.959428869856346012e-01,9.959377043362128701e-01,9.959377043540470487e-01,9.959428920672055430e-01,9.959433086831934734e-01,9.959433464824316573e-01,9.959433529523658013e-01,9.959433535282798955e-01,9.959433489933868788e-01,9.959433175703876762e-01,9.959429414892112531e-01,9.959394329610663510e-01,9.999999999999983347e-01,9.959394243126166169e-01,9.959428943528926270e-01,9.959428536286580869e-01,9.959376974331819454e-01,9.959376975258009690e-01,9.959428852517443476e-01,9.959433018979898522e-01,9.959433397762884610e-01,9.959433464824078985e-01,9.959433479020316504e-01,9.959433472464412906e-01,9.959433422867683960e-01,9.959433105949605514e-01,9.959429340873218184e-01,9.959394243126166169e-01,9.999999999999983347e-01,9.959393794493844876e-01,9.959424707331593352e-01,9.959376589235069410e-01,9.959376595987566860e-01,9.959428473304177132e-01,9.959432639895041683e-01,9.959433018980660135e-01,9.959433086832536475e-01,9.959433103390558095e-01,9.959433105271677800e-01,9.959433094467948777e-01,9.959433042183249984e-01,9.959432721009979783e-01,9.959428943528926270e-01,9.959393794493844876e-01,9.999999999999983347e-01,9.959389239462723697e-01,9.959372437682942891e-01,9.959372429331148080e-01,9.959424306655367820e-01,9.959428473303864049e-01,9.959428852517875352e-01,9.959428920672308561e-01,9.959428938020873368e-01,9.959428942263525153e-01,9.959428939896077804e-01,9.959428926402185134e-01,9.959428869856346012e-01,9.959428536286580869e-01,9.959424707331593352e-01,9.959389239462723697e-01,9.999999999999983347e-01,9.959333085084520754e-01,9.959320552262116433e-01,9.959372429331254661e-01,9.959376595987392555e-01,9.959376975258595888e-01,9.959377043540816876e-01,9.959377061191103664e-01,9.959377066222577790e-01,9.959377066212783403e-01,9.959377061145562315e-01,9.959377043362128701e-01,9.959376974331819454e-01,9.959376589235069410e-01,9.959372437682942891e-01,9.959333085084520754e-01,9.999999999999983347e-01
1.000000000000004441e+00,9.928102259204913960e-01,9.928225126671451628e-01,9.928237896661654682e-01,9.928239064916845047e-01,9.928239275230439365e-01,9.928239329718187012e-01,9.928239345294497253e-01,9.928239345345402089e-01,9.928239329958647996e-01,9.928239276185973905e-01,9.928239069914130965e-01,9.928237934426341615e-01,9.928225217104289513e-01,9.928063230098920222e-01,9.928102259204913960e-01,1.000000000000004441e+00,9.928277574720496546e-01,9.928388322627025309e-01,9.928400100022807262e-01,9.928401110691522646e-01,9.928401282633212421e-01,9.928401323901751008e-01,9.928401331167016064e-01,9.928401318198698533e-01,9.928401265351355365e-01,9.928401059469778023e-01,9.928399924145224764e-01,9.928387206705584500e-01,9.928225217103739952e-01,9.928225126671451628e-01,9.928277574720496546e-01,1.000000000000004441e+00,9.928291476468982246e-01,9.928401252652558906e-01,9.928412872781415821e-01,9.928413845563210938e-01,9.928414004441066254e-01,9.928414037452207852e-01,9.928414031719418054e-01,9.928413981299663016e-01,9.928413776348425923e-01,9.928412641418182805e-01,9.928399924145107081e-01,9.928237934425719891e-01,9.928237896661654682e-01,9.928388322627025309e-01,9.928291476468982246e-01,1.000000000000004441e+00,9.928292823538633627e-01,9.928402443457072790e-01,9.928414025656969732e-01,9.928414985407624238e-01,9.928415136039315803e-01,9.928415156056225044e-01,9.928415112873631987e-01,9.928414910350716882e-01,9.928413776351285858e-01,9.928401059472551360e-01,9.928239069916398041e-01,9.928239064916845047e-01,9.928400100022807262e-01,9.928401252652558906e-01,9.928292823538633627e-01,1.000000000000004441e+00,9.928293085681433316e-01,9.928402667332092424e-01,9.928414236450014974e-01,9.928415187953569809e-01,9.928415325591460894e-01,9.928415308158855535e-01,9.928415112873125725e-01,9.928413981302059987e-01,9.928401265353653526e-01,9.928239276187720286e-01,9.928239275230439365e-01,9.928401110691522646e-01,9.928412872781415821e-01,9.928402443457072790e-01,9.928293085681433316e-01,1.000000000000004441e+00,9.928293157608732988e-01,9.928402726042162563e-01,9.928414286896471985e-01,9.928415225405650135e-01,9.928415325593972218e-01,9.928415156058217894e-01,9.928414031724206446e-01,9.928401318203434744e-01,9.928239329962941229e-01,9.928239329718187012e-01,9.928401282633212421e-01,9.928413845563210938e-01,9.928414025656969732e-01,9.928402667332092424e-01,9.928293157608732988e-01,1.000000000000004441e+00,9.928293178913681905e-01,9.928402739038673097e-01,9.928414286894640117e-01,9.928415187954242604e-01,9.928415136039422384e-01,9.928414037455238761e-01,9.928401331169990351e-01,9.928239345347803502e-01,9.928239345294497253e-01,9.928401323901751008e-01,9.928414004441066254e-01,9.928414985407624238e-01,9.928414236450014974e-01,9.928402726042162563e-01,9.928293178913681905e-01,1.000000000000004441e+00,9.928293178911906658e-01,9.928402726038544346e-01,9.928414236448832586e-01,9.928414985405976667e-01,9.928414004442350782e-01,9.928401323902947828e-01,9.928239345295153395e-01,9.928239345345402089e-01,9.928401331167016064e-01,9.928414037452207852e-01,9.928415136039315803e-01,9.928415187953569809e-01,9.928414286896471985e-01,9.928402739038673097e-01,9.928293178911906658e-01,1.000000000000004441e+00,9.928293157603337304e-01,9.928402667329182529e-01,9.928414025653584662e-01,9.928413845562703566e-01,9.928401282632529634e-01,9.928239329717080119e-01,9.928239329958647996e-01,9.928401318198698533e-01,9.928414031719418054e-01,9.928415156056225044e-01,9.928415325591460894e-01,9.928415225405650135e-01,9.928414286894640117e-01,9.928402726038544346e-01,9.928293157603337304e-01,1.000000000000004441e+00,9.928293085676684893e-01,9.928402443451810333e-01,9.928412872779016629e-01,9.928401110689012432e-01,9.928239275227386251e-01,9.928239276185973905e-01,9.928401265351355365e-01,9.928413981299663016e-01,9.928415112873631987e-01,9.928415308158855535e-01,9.928415325593972218e-01,9.928415187954242604e-01,9.928414236448832586e-01,9.928402667329182529e-01,9.928293085676684893e-01,1.000000000000004441e+00,9.928292823535885825e-01,9.928401252652727660e-01,9.928400100022874986e-01,9.928239064916380974e-01,9.928239069914130965e-01,9.928401059469778023e-01,9.928413776348425923e-01,9.928414910350716882e-01,9.928415112873125725e-01,9.928415156058217894e-01,9.928415136039422384e-01,9.928414985405976667e-01,9.928414025653584662e-01,9.928402443451810333e-01,9.928292823535885825e-01,1.000000000000004441e+00,9.928291476468626975e-01,9.928388322626582330e-01,9.928237896660684347e-01,9.928237934426341615e-01,9.928399924145224764e-01,9.928412641418182805e-01,9.928413776351285858e-01,9.928413981302059987e-01,9.928414031724206446e-01,9.928414037455238761e-01,9.928414004442350782e-01,9.928413845562703566e-01,9.928412872779016629e-01,9.928401252652727660e-01,9.928291476468626975e-01,1.000000000000004441e+00,9.928277574722919052e-01,9.928225126673427825e-01,9.928225217104289513e-01,9.928387206705584500e-01,9.928399924145107081e-01,9.928401059472551360e-01,9.928401265353653526e-01,9.928401318203434744e-01,9.928401331169990351e-01,9.928401323902947828e-01,9.928401282632529634e-01,9.928401110689012432e-01,9.928400100022874986e-01,9.928388322626582330e-01,9.928277574722919052e-01,1.000000000000004441e+00,9.928102259206719182e-01,9.928063230098920222e-01,9.928225217103739952e-01,9.928237934425719891e-01,9.928239069916398041e-01,9.928239276187720286e-01,9.928239329962941229e-01,9.928239345347803502e-01,9.928239345295153395e-01,9.928239329717080119e-01,9.928239275227386251e-01,9.928239064916380974e-01,9.928237896660684347e-01,9.928225126673427825e-01,9.928102259206719182e-01,1.000000000000004441e+00
9.999999999999978906e-01,9.888449099662182107e-01,9.888744450724146207e-01,9.888774562230567833e-01,9.888777268726869352e-01,9.888777758943905205e-01,9.888777886878714618e-01,9.888777923599266773e-01,9.888777923787823720e-01,9.888777887758156693e-01,9.888777762386664616e-01,9.888777286724852456e-01,9.888774701913980447e-01,9.888745021944514990e-01,9.888355592619094692e-01,9.888449099662182107e-01,9.999999999999978906e-01,9.888870490683541181e-01,9.889136739466433124e-01,9.889164509248880019e-01,9.889166846669958932e-01,9.889167246439394265e-01,9.889167343108763442e-01,9.889167360206398971e-01,9.889167329857097011e-01,9.889167206659653653e-01,9.889166731905528751e-01,9.889164147420893558e-01,9.889134466494027276e-01,9.888745021941387492e-01,9.888744450724146207e-01,9.888870490683541181e-01,9.999999999999978906e-01,9.888902932486165476e-01,9.889166917842949767e-01,9.889194319865787230e-01,9.889196568645206575e-01,9.889196937724430425e-01,9.889197014969465238e-01,9.889197001607022974e-01,9.889196884125063258e-01,9.889196411564405986e-01,9.889193828006608289e-01,9.889164147422783158e-01,9.888774701912678156e-01,9.888774562230567833e-01,9.889136739466433124e-01,9.888902932486165476e-01,9.999999999999978906e-01,9.888906011107323479e-01,9.889169632323333570e-01,9.889196945562048757e-01,9.889199163769692991e-01,9.889199513464869140e-01,9.889199560264214650e-01,9.889199459774712375e-01,9.889198992932223264e-01,9.889196411569681766e-01,9.889166731912619746e-01,9.888777286728778204e-01,9.888777268726869352e-01,9.889164509248880019e-01,9.889166917842949767e-01,9.888906011107323479e-01,9.999999999999978906e-01,9.888906618241637414e-01,9.889170149396521170e-01,9.889197431879692690e-01,9.889199630700393762e-01,9.889199949951101853e-01,9.889199909623901386e-01,9.889199459774202783e-01,9.889196884129796139e-01,9.889167206666225063e-01,9.888777762390104087e-01,9.888777758943905205e-01,9.889166846669958932e-01,9.889194319865787230e-01,9.889169632323333570e-01,9.888906618241637414e-01,9.999999999999978906e-01,9.888906786522598802e-01,9.889170286420290168e-01,9.889197549456718583e-01,9.889199717830631231e-01,9.889199949954845525e-01,9.889199560267530886e-01,9.889197001615690485e-01,9.889167329867570855e-01,9.888777887765345387e-01,9.888777886878714618e-01,9.889167246439394265e-01,9.889196568645206575e-01,9.889196945562048757e-01,9.889170149396521170e-01,9.888906786522598802e-01,9.999999999999978906e-01,9.888906836592957772e-01,9.889170316878128641e-01,9.889197549453750957e-01,9.889199630701162036e-01,9.889199513465262159e-01,9.889197014975024125e-01,9.889167360213737545e-01,9.888777923792059221e-01,9.888777923599266773e-01,9.889167343108763442e-01,9.889196937724430425e-01,9.889199163769692991e-01,9.889197431879692690e-01,9.889170286420290168e-01,9.888906836592957772e-01,9.999999999999978906e-01,9.888906836589448357e-01,9.889170286413816457e-01,9.889197431877025934e-01,9.889199163766558831e-01,9.889196937726467684e-01,9.889167343112634789e-01,9.888777923599999520e-01,9.888777923787823720e-01,9.889167360206398971e-01,9.889197014969465238e-01,9.889199513464869140e-01,9.889199630700393762e-01,9.889197549456718583e-01,9.889170316878128641e-01,9.888906836589448357e-01,9.999999999999978906e-01,9.888906786512569047e-01,9.889170149390376086e-01,9.889196945555387419e-01,9.889196568643773277e-01,9.889167246439946046e-01,9.888777886875964596e-01,9.888777887758156693e-01,9.889167329857097011e-01,9.889197001607022974e-01,9.889199560264214650e-01,9.889199949951101853e-01,9.889199717830631231e-01,9.889197549453750957e-01,9.889170286413816457e-01,9.888906786512569047e-01,9.999999999999978906e-01,9.888906618232427004e-01,9.889169632313717928e-01,9.889194319861356330e-01,9.889166846667472033e-01,9.888777758938298579e-01,9.888777762386664616e-01,9.889167206659653653e-01,9.889196884125063258e-01,9.889199459774712375e-01,9.889199909623901386e-01,9.889199949954845525e-01,9.889199630701162036e-01,9.889197431877025934e-01,9.889170149390376086e-01,9.888906618232427004e-01,9.999999999999978906e-01,9.888906011101428195e-01,9.889166917842294735e-01,9.889164509250094603e-01,9.888777268724918690e-01,9.888777286724852456e-01,9.889166731905528751e-01,9.889196411564405986e-01,9.889198992932223264e-01,9.889199459774202783e-01,9.889199560267530886e-01,9.889199513465262159e-01,9.889199163766558831e-01,9.889196945555387419e-01,9.889169632313717928e-01,9.888906011101428195e-01,9.999999999999978906e-01,9.888902932485051922e-01,9.889136739467154769e-01,9.888774562228160869e-01,9.888774701913980447e-01,9.889164147420893558e-01,9.889193828006608289e-01,9.889196411569681766e-01,9.889196884129796139e-01,9.889197001615690485e-01,9.889197014975024125e-01,9.889196937726467684e-01,9.889196568643773277e-01,9.889194319861356330e-01,9.889166917842294735e-01,9.888902932485051922e-01,9.999999999999978906e-01,9.888870490689573023e-01,9.888744450726829616e-01,9.888745021944514990e-01,9.889134466494027276e-01,9.889164147422783158e-01,9.889166731912619746e-01,9.889167206666225063e-01,9.889167329867570855e-01,9.889167360213737545e-01,9.889167343112634789e-01,9.889167246439946046e-01,9.889166846667472033e-01,9.889164509250094603e-01,9.889136739467154769e-01,9.888870490689573023e-01,9.999999999999978906e-01,9.888449099666890563e-01,9.888355592619094692e-01,9.888745021941387492e-01,9.888774701912678156e-01,9.888777286728778204e-01,9.888777762390104087e-01,9.888777887765345387e-01,9.888777923792059221e-01,9.888777923599999520e-01,9.888777886875964596e-01,9.888777758938298579e-01,9.888777268724918690e-01,9.888774562228160869e-01,9.888744450726829616e-01,9.888449099666890563e-01,9.999999999999978906e-01
1.000000000000002665e+00,9.840729744438444504e-01,9.841330813703763614e-01,9.841390663374629533e-01,9.841395929018964539e-01,9.841396890804740005e-01,9.841397144036169164e-01,9.841397217060099400e-01,9.841397217601167702e-01,9.841397146521108086e-01,9.841396900392019864e-01,9.841395979019483820e-01,9.841391061365358794e-01,9.841332837430221137e-01,9.840540221596832948e-01,9.840729744438444504e-01,1.000000000000002665e+00,9.841587222468253238e-01,9.842129148079215017e-01,9.842184339464427056e-01,9.842188876934298003e-01,9.842189658822837472e-01,9.842189849627086540e-01,9.842189883561297536e-01,9.842189823725436826e-01,9.842189581897865525e-01,9.842188662289368395e-01,9.842183745088789459e-01,9.842125516883366565e-01,9.841332837424896507e-01,9.841330813703763614e-01,9.841587222468253238e-01,1.000000000000002665e+00,9.841650860019907077e-01,9.842188356425040086e-01,9.842242823882147995e-01,9.842247186690364913e-01,9.842247907809082985e-01,9.842248060094757056e-01,9.842248033875836688e-01,9.842247803395748340e-01,9.842246888148675765e-01,9.842241972781122783e-01,9.842183745092931701e-01,9.841391061363820025e-01,9.841390663374629533e-01,9.842129148079215017e-01,9.841650860019907077e-01,1.000000000000002665e+00,9.841656747638850566e-01,9.842193530210191499e-01,9.842247822638917620e-01,9.842252125009050001e-01,9.842252807720934804e-01,9.842252899894020635e-01,9.842252703046129314e-01,9.842251799154337899e-01,9.842246888153757256e-01,9.842188662298003710e-01,9.841395979022691254e-01,9.841395929018964539e-01,9.842184339464427056e-01,9.842188356425040086e-01,9.841656747638850566e-01,1.000000000000002665e+00,9.841657929937719373e-01,9.842194533725718841e-01,9.842248765202203931e-01,9.842253029157725930e-01,9.842253651759795829e-01,9.842253573304567960e-01,9.842252703045915041e-01,9.842247803400542283e-01,9.842189581906338747e-01,9.841396900395189551e-01,9.841396890804740005e-01,9.842188876934298003e-01,9.842242823882147995e-01,9.842193530210191499e-01,9.841657929937719373e-01,1.000000000000002665e+00,9.841658261665766627e-01,9.842194803053400110e-01,9.842248995948177370e-01,9.842253199787508455e-01,9.842253651761621036e-01,9.842252899896438700e-01,9.842248033883777003e-01,9.842189823737053089e-01,9.841397146526373874e-01,9.841397144036169164e-01,9.842189658822837472e-01,9.842247186690364913e-01,9.842247822638917620e-01,9.842194533725718841e-01,9.841658261665766627e-01,1.000000000000002665e+00,9.841658360877140188e-01,9.842194863206578104e-01,9.842248995946458745e-01,9.842253029157720379e-01,9.842252807721828534e-01,9.842248060099935136e-01,9.842189883569839592e-01,9.841397217604525016e-01,9.841397217060099400e-01,9.842189849627086540e-01,9.842247907809082985e-01,9.842252125009050001e-01,9.842248765202203931e-01,9.842194803053400110e-01,9.841658360877140188e-01,1.000000000000002665e+00,9.841658360873850597e-01,9.842194803048178731e-01,9.842248765199099747e-01,9.842252125006357710e-01,9.842247907810821594e-01,9.842189849632546617e-01,9.841397217060191549e-01,9.841397217601167702e-01,9.842189883561297536e-01,9.842248060094757056e-01,9.842252807720934804e-01,9.842253029157725930e-01,9.842248995948177370e-01,9.842194863206578104e-01,9.841658360873850597e-01,1.000000000000002665e+00,9.841658261657142415e-01,9.842194533719645921e-01,9.842247822632755883e-01,9.842247186688872773e-01,9.842189658826184795e-01,9.841397144033097177e-01,9.841397146521108086e-01,9.842189823725436826e-01,9.842248033875836688e-01,9.842252899894020635e-01,9.842253651759795829e-01,9.842253199787508455e-01,9.842248995946458745e-01,9.842194803048178731e-01,9.841658261657142415e-01,1.000000000000002665e+00,9.841657929929447102e-01,9.842193530202146823e-01,9.842242823878417646e-01,9.842188876935227260e-01,9.841396890800488961e-01,9.841396900392019864e-01,9.842189581897865525e-01,9.842247803395748340e-01,9.842252703046129314e-01,9.842253573304567960e-01,9.842253651761621036e-01,9.842253029157720379e-01,9.842248765199099747e-01,9.842194533719645921e-01,9.841657929929447102e-01,1.000000000000002665e+00,9.841656747632847591e-01,9.842188356423903217e-01,9.842184339467182630e-01,9.841395929016066857e-01,9.841395979019483820e-01,9.842188662289368395e-01,9.842246888148675765e-01,9.842251799154337899e-01,9.842252703045915041e-01,9.842252899896438700e-01,9.842252807721828534e-01,9.842252125006357710e-01,9.842247822632755883e-01,9.842193530202146823e-01,9.841656747632847591e-01,1.000000000000002665e+00,9.841650860018871239e-01,9.842129148081911749e-01,9.841390663372141523e-01,9.841391061365358794e-01,9.842183745088789459e-01,9.842241972781122783e-01,9.842246888153757256e-01,9.842247803400542283e-01,9.842248033883777003e-01,9.842248060099935136e-01,9.842247907810821594e-01,9.842247186688872773e-01,9.842242823878417646e-01,9.842188356423903217e-01,9.841650860018871239e-01,1.000000000000002665e+00,9.841587222476110286e-01,9.841330813705324587e-01,9.841332837430221137e-01,9.842125516883366565e-01,9.842183745092931701e-01,9.842188662298003710e-01,9.842189581906338747e-01,9.842189823737053089e-01,9.842189883569839592e-01,9.842189849632546617e-01,9.842189658826184795e-01,9.842188876935227260e-01,9.842184339467182630e-01,9.842129148081911749e-01,9.841587222476110286e-01,1.000000000000002665e+00,9.840729744444575156e-01,9.840540221596832948e-01,9.841332837424896507e-01,9.841391061363820025e-01,9.841395979022691254e-01,9.841396900395189551e-01,9.841397146526373874e-01,9.841397217604525016e-01,9.841397217060191549e-01,9.841397144033097177e-01,9.841396890800488961e-01,9.841395929016066857e-01,9.841390663372141523e-01,9.841330813705324587e-01,9.840729744444575156e-01,1.000000000000002665e+00
