1.000000000000000000e+00,1.000000000000000000e+00,1.000000000000000000e+00,1.000000000000000000e+00,1.000000000000000000e+00,1.000000000000000000e+00,1.000000000000000000e+00,1.000000000000000000e+00,1.000000000000000000e+00,1.000000000000000000e+00,1.000000000000000000e+00,1.000000000000000000e+00,1.000000000000000000e+00,1.000000000000000000e+00,1.000000000000000000e+00,1.000000000000000000e+00,1.000000000000000000e+00,1.000000000000000000e+00,1.000000000000000000e+00,1.000000000000000000e+00,1.000000000000000000e+00,1.000000000000000000e+00,1.000000000000000000e+00,1.000000000000000000e+00,1.000000000000000000e+00,1.000000000000000000e+00,1.000000000000000000e+00,1.000000000000000000e+00,1.000000000000000000e+00,1.000000000000000000e+00,1.000000000000000000e+00,1.000000000000000000e+00,1.000000000000000000e+00,1.000000000000000000e+00,1.000000000000000000e+00,1.000000000000000000e+00,1.000000000000000000e+00,1.000000000000000000e+00,1.000000000000000000e+00,1.000000000000000000e+00,1.000000000000000000e+00,1.000000000000000000e+00,1.000000000000000000e+00,1.000000000000000000e+00,1.000000000000000000e+00,1.000000000000000000e+00,1.000000000000000000e+00,1.000000000000000000e+00,1.000000000000000000e+00,1.000000000000000000e+00,1.000000000000000000e+00,1.000000000000000000e+00,1.000000000000000000e+00,1.000000000000000000e+00,1.000000000000000000e+00,1.000000000000000000e+00,1.000000000000000000e+00,1.000000000000000000e+00,1.000000000000000000e+00,1.000000000000000000e+00,1.000000000000000000e+00,1.000000000000000000e+00,1.000000000000000000e+00,1.000000000000000000e+00,1.000000000000000000e+00,1.000000000000000000e+00,1.000000000000000000e+00,1.000000000000000000e+00,1.000000000000000000e+00,1.000000000000000000e+00,1.000000000000000000e+00,1.000000000000000000e+00,1.000000000000000000e+00,1.000000000000000000e+00,1.000000000000000000e+00,1.000000000000000000e+00,1.000000000000000000e+00,1.000000000000000000e+00,1.000000000000000000e+00,1.000000000000000000e+00,1.000000000000000000e+00,1.000000000000000000e+00,1.000000000000000000e+00,1.000000000000000000e+00,1.000000000000000000e+00,1.000000000000000000e+00,1.000000000000000000e+00,1.000000000000000000e+00,1.000000000000000000e+00,1.000000000000000000e+00,1.000000000000000000e+00,1.000000000000000000e+00,1.000000000000000000e+00,1.000000000000000000e+00,1.000000000000000000e+00,1.000000000000000000e+00,1.000000000000000000e+00,1.000000000000000000e+00,1.000000000000000000e+00,1.000000000000000000e+00,1.000000000000000000e+00,1.000000000000000000e+00,1.000000000000000000e+00,1.000000000000000000e+00,1.000000000000000000e+00,1.000000000000000000e+00,1.000000000000000000e+00,1.000000000000000000e+00,1.000000000000000000e+00,1.000000000000000000e+00,1.000000000000000000e+00,1.000000000000000000e+00,1.000000000000000000e+00,1.000000000000000000e+00,1.000000000000000000e+00,1.000000000000000000e+00,1.000000000000000000e+00,1.000000000000000000e+00,1.000000000000000000e+00,1.000000000000000000e+00,1.000000000000000000e+00,1.000000000000000000e+00,1.000000000000000000e+00,1.000000000000000000e+00,1.000000000000000000e+00,1.000000000000000000e+00,1.000000000000000000e+00,1.000000000000000000e+00,1.000000000000000000e+00,1.000000000000000000e+00,1.000000000000000000e+00,1.000000000000000000e+00,1.000000000000000000e+00,1.000000000000000000e+00,1.000000000000000000e+00,1.000000000000000000e+00,1.000000000000000000e+00,1.000000000000000000e+00,1.000000000000000000e+00,1.000000000000000000e+00,1.000000000000000000e+00,1.000000000000000000e+00,1.000000000000000000e+00,1.000000000000000000e+00,1.000000000000000000e+00,1.000000000000000000e+00,1.000000000000000000e+00,1.000000000000000000e+00,1.000000000000000000e+00,1.000000000000000000e+00,1.000000000000000000e+00,1.000000000000000000e+00,1.000000000000000000e+00,1.000000000000000000e+00,1.000000000000000000e+00,1.000000000000000000e+00,1.000000000000000000e+00,1.000000000000000000e+00,1.000000000000000000e+00,1.000000000000000000e+00,1.000000000000000000e+00,1.000000000000000000e+00,1.000000000000000000e+00,1.000000000000000000e+00,1.000000000000000000e+00,1.000000000000000000e+00,1.000000000000000000e+00,1.000000000000000000e+00,1.000000000000000000e+00,1.000000000000000000e+00,1.000000000000000000e+00,1.000000000000000000e+00,1.000000000000000000e+00,1.000000000000000000e+00,1.000000000000000000e+00,1.000000000000000000e+00,1.000000000000000000e+00,1.000000000000000000e+00,1.000000000000000000e+00,1.000000000000000000e+00,1.000000000000000000e+00,1.000000000000000000e+00,1.000000000000000000e+00,1.000000000000000000e+00,1.000000000000000000e+00,1.000000000000000000e+00,1.000000000000000000e+00,1.000000000000000000e+00,1.000000000000000000e+00,1.000000000000000000e+00,1.000000000000000000e+00,1.000000000000000000e+00,1.000000000000000000e+00,1.000000000000000000e+00,1.000000000000000000e+00,1.000000000000000000e+00,1.000000000000000000e+00,1.000000000000000000e+00,1.000000000000000000e+00,1.000000000000000000e+00,1.000000000000000000e+00,1.000000000000000000e+00,1.000000000000000000e+00,1.000000000000000000e+00,1.000000000000000000e+00,1.000000000000000000e+00,1.000000000000000000e+00,1.000000000000000000e+00,1.000000000000000000e+00,1.000000000000000000e+00,1.000000000000000000e+00,1.000000000000000000e+00,1.000000000000000000e+00,1.000000000000000000e+00,1.000000000000000000e+00,1.000000000000000000e+00,1.000000000000000000e+00,1.000000000000000000e+00,1.000000000000000000e+00,1.000000000000000000e+00,1.000000000000000000e+00,1.000000000000000000e+00,1.000000000000000000e+00,1.000000000000000000e+00,1.000000000000000000e+00
1.000000000000004663e+00,9.062522923240017292e-01,8.944299504178125915e-01,8.986788215073082675e-01,8.964656404094031306e-01,8.970321297427231721e-01,8.972228239051635024e-01,8.971479651585690940e-01,8.971436025600854069e-01,8.971391431414943440e-01,8.972351540883397591e-01,8.966942072055227309e-01,8.866011701620568619e-01,9.070442365961520759e-01,9.652399814136247702e-01,9.062522923240017292e-01,1.000000000000004663e+00,8.276900124000022840e-01,8.413099973746709370e-01,8.393369116920127437e-01,8.428902809377356586e-01,8.436576559072483938e-01,8.431119687685642017e-01,8.430385345767577032e-01,8.430498248852867915e-01,8.431402181036709020e-01,8.426314064662623338e-01,8.331468323296807865e-01,8.523573247236103656e-01,9.070442365961562947e-01,8.944299504178125915e-01,8.276900124000022840e-01,1.000000000000004663e+00,8.171874230922739901e-01,8.255589662556268582e-01,8.201280928570324757e-01,8.231926168013147249e-01,8.245937709104168567e-01,8.241422334793709892e-01,8.240319040627805958e-01,8.241365088656903426e-01,8.236404924792309901e-01,8.143692884911966079e-01,8.331468323296715717e-01,8.866011701620513108e-01,8.986788215073082675e-01,8.413099973746709370e-01,8.171874230922739901e-01,1.000000000000004663e+00,8.278744857805442336e-01,8.353978812486658745e-01,8.297855259226798452e-01,8.325303623807098763e-01,8.339375378478379730e-01,8.335183654116593566e-01,8.335032207737863574e-01,8.330157484630944520e-01,8.236404924792365412e-01,8.426314064662584480e-01,8.966942072055228419e-01,8.964656404094031306e-01,8.393369116920127437e-01,8.255589662556268582e-01,8.278744857805442336e-01,1.000000000000004663e+00,8.283264645134499338e-01,8.358444389754141612e-01,8.302793695836594434e-01,8.330429168242443616e-01,8.344361622617723073e-01,8.341100469593664135e-01,8.335032207737882448e-01,8.241365088656973370e-01,8.431402181036690147e-01,8.972351540883418686e-01,8.970321297427231721e-01,8.428902809377356586e-01,8.201280928570324757e-01,8.353978812486658745e-01,8.283264645134499338e-01,1.000000000000004663e+00,8.282367489393623883e-01,8.357552477879431896e-01,8.301894012142834178e-01,8.329468198877905127e-01,8.344361622617710861e-01,8.335183654116601337e-01,8.240319040627867020e-01,8.430498248852834609e-01,8.971391431414952322e-01,8.972228239051635024e-01,8.436576559072483938e-01,8.231926168013147249e-01,8.297855259226798452e-01,8.358444389754141612e-01,8.282367489393623883e-01,1.000000000000004663e+00,8.282433474815420471e-01,8.357625437548825698e-01,8.301894012142830848e-01,8.330429168242432514e-01,8.339375378478381950e-01,8.241422334793767623e-01,8.430385345767542615e-01,8.971436025600860731e-01,8.971479651585690940e-01,8.431119687685642017e-01,8.245937709104168567e-01,8.325303623807098763e-01,8.302793695836594434e-01,8.357552477879431896e-01,8.282433474815420471e-01,1.000000000000004663e+00,8.282433474815418251e-01,8.357552477879430786e-01,8.302793695836577781e-01,8.325303623807103204e-01,8.245937709104224078e-01,8.431119687685604269e-01,8.971479651585696491e-01,8.971436025600854069e-01,8.430385345767577032e-01,8.241422334793709892e-01,8.339375378478379730e-01,8.330429168242443616e-01,8.301894012142834178e-01,8.357625437548825698e-01,8.282433474815418251e-01,1.000000000000004663e+00,8.282367489393617221e-01,8.358444389754128290e-01,8.297855259226800673e-01,8.231926168013204981e-01,8.436576559072446191e-01,8.972228239051639465e-01,8.971391431414943440e-01,8.430498248852867915e-01,8.240319040627805958e-01,8.335183654116593566e-01,8.344361622617723073e-01,8.329468198877905127e-01,8.301894012142830848e-01,8.357552477879430786e-01,8.282367489393617221e-01,1.000000000000004663e+00,8.283264645134477133e-01,8.353978812486657635e-01,8.201280928570382489e-01,8.428902809377316618e-01,8.970321297427232832e-01,8.972351540883397591e-01,8.431402181036709020e-01,8.241365088656903426e-01,8.335032207737863574e-01,8.341100469593664135e-01,8.344361622617710861e-01,8.330429168242432514e-01,8.302793695836577781e-01,8.358444389754128290e-01,8.283264645134477133e-01,1.000000000000004663e+00,8.278744857805427904e-01,8.255589662556311881e-01,8.393369116920071926e-01,8.964656404094020203e-01,8.966942072055227309e-01,8.426314064662623338e-01,8.236404924792309901e-01,8.330157484630944520e-01,8.335032207737882448e-01,8.335183654116601337e-01,8.339375378478381950e-01,8.325303623807103204e-01,8.297855259226800673e-01,8.353978812486657635e-01,8.278744857805427904e-01,1.000000000000004663e+00,8.171874230922805404e-01,8.413099973746676064e-01,8.986788215073087116e-01,8.866011701620568619e-01,8.331468323296807865e-01,8.143692884911966079e-01,8.236404924792365412e-01,8.241365088656973370e-01,8.240319040627867020e-01,8.241422334793767623e-01,8.245937709104224078e-01,8.231926168013204981e-01,8.201280928570382489e-01,8.255589662556311881e-01,8.171874230922805404e-01,1.000000000000004663e+00,8.276900124000046155e-01,8.944299504178183646e-01,9.070442365961520759e-01,8.523573247236103656e-01,8.331468323296715717e-01,8.426314064662584480e-01,8.431402181036690147e-01,8.430498248852834609e-01,8.430385345767542615e-01,8.431119687685604269e-01,8.436576559072446191e-01,8.428902809377316618e-01,8.393369116920071926e-01,8.413099973746676064e-01,8.276900124000046155e-01,1.000000000000004663e+00,9.062522923239983985e-01,9.652399814136247702e-01,9.070442365961562947e-01,8.866011701620513108e-01,8.966942072055228419e-01,8.972351540883418686e-01,8.971391431414952322e-01,8.971436025600860731e-01,8.971479651585696491e-01,8.972228239051639465e-01,8.970321297427232832e-01,8.964656404094020203e-01,8.986788215073087116e-01,8.944299504178183646e-01,9.062522923239983985e-01,1.000000000000004663e+00
9.999999999999880096e-01,4.770298945868300944e-01,4.007417186876109927e-01,3.696763758011636369e-01,3.800101661725502900e-01,3.387672620714299310e-01,4.172784913194537149e-01,3.972982067967457120e-01,3.811100643848114866e-01,3.897207566094700315e-01,3.963842306047912767e-01,3.232109076250737623e-01,3.635729792012967754e-01,5.275947724346945478e-01,3.759854204406853917e-01,4.770298945868300944e-01,9.999999999999880096e-01,4.579973096807501420e-01,5.156258460282980849e-01,5.186465212544137948e-01,5.260878385744429675e-01,5.495726985115686469e-01,5.607734707113186667e-01,5.418238038251417255e-01,5.462640119902554270e-01,5.561547117655983863e-01,4.531845649806122145e-01,5.106231305394682840e-01,7.404704686049135010e-01,5.275947724346931045e-01,4.007417186876109927e-01,4.579973096807501420e-01,9.999999999999880096e-01,1.283092379732626853e-01,3.691371809443396712e-01,3.575080285125275537e-01,3.497011240841506607e-01,3.744900920409883760e-01,3.974220248268411915e-01,3.727626231317419103e-01,3.818998566539336115e-01,3.121893202056015282e-01,3.527155603291576846e-01,5.106231305394698383e-01,3.635729792012973860e-01,3.696763758011636369e-01,5.156258460282980849e-01,1.283092379732626853e-01,9.999999999999880096e-01,1.803139456242719152e-01,3.659174711759251020e-01,3.185995183555440091e-01,3.031992671745141754e-01,3.144726595712433737e-01,3.625528652304839117e-01,3.411289135900381631e-01,2.733309326199938050e-01,3.121893202055973648e-01,4.531845649806077736e-01,3.232109076250695989e-01,3.800101661725502900e-01,5.186465212544137948e-01,3.691371809443396712e-01,1.803139456242719152e-01,9.999999999999880096e-01,2.886569839003384486e-01,4.384256707632733230e-01,3.879804655039118533e-01,3.816937925068057957e-01,3.977879410738364707e-01,4.400465537187275844e-01,3.411289135900398839e-01,3.818998566539308914e-01,5.561547117655958328e-01,3.963842306047885011e-01,3.387672620714299310e-01,5.260878385744429675e-01,3.575080285125275537e-01,3.659174711759251020e-01,2.886569839003384486e-01,9.999999999999880096e-01,2.724645027553962984e-01,4.304323258617967496e-01,3.786167600574799619e-01,3.766657051396885558e-01,3.977879410738404675e-01,3.625528652304902955e-01,3.727626231317429095e-01,5.462640119902589797e-01,3.897207566094713083e-01,4.172784913194537149e-01,5.495726985115686469e-01,3.497011240841506607e-01,3.185995183555440091e-01,4.384256707632733230e-01,2.724645027553962984e-01,9.999999999999880096e-01,2.690185782635272083e-01,4.272670010195356860e-01,3.786167600574785741e-01,3.816937925068129567e-01,3.144726595712496464e-01,3.974220248268434674e-01,5.418238038251459443e-01,3.811100643848140956e-01,3.972982067967457120e-01,5.607734707113186667e-01,3.744900920409883760e-01,3.031992671745141754e-01,3.879804655039118533e-01,4.304323258617967496e-01,2.690185782635272083e-01,9.999999999999880096e-01,2.690185782635239886e-01,4.304323258617956394e-01,3.879804655039146288e-01,3.031992671745188384e-01,3.744900920409864886e-01,5.607734707113204431e-01,3.972982067967447684e-01,3.811100643848114866e-01,5.418238038251417255e-01,3.974220248268411915e-01,3.144726595712433737e-01,3.816937925068057957e-01,3.786167600574799619e-01,4.272670010195356860e-01,2.690185782635239886e-01,9.999999999999880096e-01,2.724645027553900256e-01,4.384256707632750993e-01,3.185995183555453969e-01,3.497011240841478852e-01,5.495726985115660934e-01,4.172784913194536038e-01,3.897207566094700315e-01,5.462640119902554270e-01,3.727626231317419103e-01,3.625528652304839117e-01,3.977879410738364707e-01,3.766657051396885558e-01,3.786167600574785741e-01,4.304323258617956394e-01,2.724645027553900256e-01,9.999999999999880096e-01,2.886569839003398918e-01,3.659174711759307086e-01,3.575080285125247781e-01,5.260878385744425234e-01,3.387672620714267668e-01,3.963842306047912767e-01,5.561547117655983863e-01,3.818998566539336115e-01,3.411289135900381631e-01,4.400465537187275844e-01,3.977879410738404675e-01,3.816937925068129567e-01,3.879804655039146288e-01,4.384256707632750993e-01,2.886569839003398918e-01,9.999999999999880096e-01,1.803139456242831284e-01,3.691371809443446672e-01,5.186465212544201231e-01,3.800101661725558966e-01,3.232109076250737623e-01,4.531845649806122145e-01,3.121893202056015282e-01,2.733309326199938050e-01,3.411289135900398839e-01,3.625528652304902955e-01,3.144726595712496464e-01,3.031992671745188384e-01,3.185995183555453969e-01,3.659174711759307086e-01,1.803139456242831284e-01,9.999999999999880096e-01,1.283092379732688748e-01,5.156258460283036360e-01,3.696763758011669676e-01,3.635729792012967754e-01,5.106231305394682840e-01,3.527155603291576846e-01,3.121893202055973648e-01,3.818998566539308914e-01,3.727626231317429095e-01,3.974220248268434674e-01,3.744900920409864886e-01,3.497011240841478852e-01,3.575080285125247781e-01,3.691371809443446672e-01,1.283092379732688748e-01,9.999999999999880096e-01,4.579973096807516408e-01,4.007417186876118254e-01,5.275947724346945478e-01,7.404704686049135010e-01,5.106231305394698383e-01,4.531845649806077736e-01,5.561547117655958328e-01,5.462640119902589797e-01,5.418238038251459443e-01,5.607734707113204431e-01,5.495726985115660934e-01,5.260878385744425234e-01,5.186465212544201231e-01,5.156258460283036360e-01,4.579973096807516408e-01,9.999999999999880096e-01,4.770298945868323703e-01,3.759854204406853917e-01,5.275947724346931045e-01,3.635729792012973860e-01,3.232109076250695989e-01,3.963842306047885011e-01,3.897207566094713083e-01,3.811100643848140956e-01,3.972982067967447684e-01,4.172784913194536038e-01,3.387672620714267668e-01,3.800101661725558966e-01,3.696763758011669676e-01,4.007417186876118254e-01,4.770298945868323703e-01,9.999999999999880096e-01
9.999999999999633626e-01,2.416959003974397668e-01,4.101588134458365453e-01,3.113578067783233649e-01,2.948684393147976701e-01,3.647643118911517712e-01,2.532231498943506298e-01,3.023517155343363738e-01,3.373346918831474639e-01,2.129329516420223334e-01,3.145196965419660984e-01,3.263388143430495103e-01,3.352219195468468804e-01,3.680910368015033463e-01,2.341808853446794569e-01,2.416959003974397668e-01,9.999999999999633626e-01,4.882794981506860532e-01,6.550796748528173730e-01,4.548766167195836818e-01,3.757823640303725732e-01,5.196783860028798552e-01,4.710126630300678352e-01,4.926564452044216447e-01,4.089254986609611731e-01,4.320348469789601076e-01,5.252396795807063867e-01,5.493989436096405887e-01,5.684871663660413521e-01,3.680910368014946865e-01,4.101588134458365453e-01,4.882794981506860532e-01,9.999999999999633626e-01,4.234708737221172248e-01,5.366372462059578741e-01,3.707013512905470987e-01,4.681718857890868613e-01,4.508388280052954000e-01,4.711813979162182142e-01,3.885721772250200212e-01,4.118533422741506023e-01,5.073660860974835707e-01,5.570095129787493438e-01,5.493989436096415879e-01,3.352219195468381652e-01,3.113578067783233649e-01,6.550796748528173730e-01,4.234708737221172248e-01,9.999999999999633626e-01,2.644873981727973167e-01,4.783182062753714714e-01,4.161640934717509843e-01,4.703246145537022249e-01,4.919195203109942294e-01,3.076924187007725742e-01,4.040992043435729375e-01,4.881014442806617115e-01,5.073660860974857911e-01,5.252396795807098284e-01,3.263388143430437371e-01,2.948684393147976701e-01,4.548766167195836818e-01,5.366372462059578741e-01,2.644873981727973167e-01,9.999999999999633626e-01,8.401080974498927045e-02,4.487091905952039217e-01,3.339148566288524522e-01,3.805153301389361808e-01,3.117821395387194161e-01,2.855021310815309965e-01,4.040992043435696068e-01,4.118533422741479377e-01,4.320348469789583312e-01,3.145196965419603807e-01,3.647643118911517712e-01,3.757823640303725732e-01,3.707013512905470987e-01,4.783182062753714714e-01,8.401080974498927045e-02,9.999999999999633626e-01,1.735515180497035348e-01,4.159860714880355692e-01,3.379193041626794569e-01,2.342206387496982289e-01,3.117821395387198047e-01,3.076924187007695766e-01,3.885721772250206874e-01,4.089254986609616171e-01,2.129329516420143120e-01,2.532231498943506298e-01,5.196783860028798552e-01,4.681718857890868613e-01,4.161640934717509843e-01,4.487091905952039217e-01,1.735515180497035348e-01,9.999999999999633626e-01,3.049096515871677071e-01,5.060681113011201715e-01,3.379193041626789573e-01,3.805153301389352372e-01,4.919195203109918424e-01,4.711813979162165489e-01,4.926564452044198683e-01,3.373346918831399699e-01,3.023517155343363738e-01,4.710126630300678352e-01,4.508388280052954000e-01,4.703246145537022249e-01,3.339148566288524522e-01,4.159860714880355692e-01,3.049096515871677071e-01,9.999999999999633626e-01,3.049096515871722590e-01,4.159860714880380672e-01,3.339148566288572817e-01,4.703246145537020029e-01,4.508388280052963437e-01,4.710126630300711659e-01,3.023517155343305451e-01,3.373346918831474639e-01,4.926564452044216447e-01,4.711813979162182142e-01,4.919195203109942294e-01,3.805153301389361808e-01,3.379193041626794569e-01,5.060681113011201715e-01,3.049096515871722590e-01,9.999999999999633626e-01,1.735515180497101129e-01,4.487091905952099724e-01,4.161640934717545370e-01,4.681718857890920793e-01,5.196783860028857394e-01,2.532231498943465220e-01,2.129329516420223334e-01,4.089254986609611731e-01,3.885721772250200212e-01,3.076924187007725742e-01,3.117821395387194161e-01,2.342206387496982289e-01,3.379193041626789573e-01,4.159860714880380672e-01,1.735515180497101129e-01,9.999999999999633626e-01,8.401080974499609832e-02,4.783182062753721930e-01,3.707013512905502628e-01,3.757823640303757928e-01,3.647643118911501614e-01,3.145196965419660984e-01,4.320348469789601076e-01,4.118533422741506023e-01,4.040992043435729375e-01,2.855021310815309965e-01,3.117821395387198047e-01,3.805153301389352372e-01,3.339148566288572817e-01,4.487091905952099724e-01,8.401080974499609832e-02,9.999999999999633626e-01,2.644873981728014245e-01,5.366372462059625370e-01,4.548766167195914534e-01,2.948684393147936178e-01,3.263388143430495103e-01,5.252396795807063867e-01,5.073660860974835707e-01,4.881014442806617115e-01,4.040992043435696068e-01,3.076924187007695766e-01,4.919195203109918424e-01,4.703246145537020029e-01,4.161640934717545370e-01,4.783182062753721930e-01,2.644873981728014245e-01,9.999999999999633626e-01,4.234708737221190011e-01,6.550796748528200375e-01,3.113578067783173697e-01,3.352219195468468804e-01,5.493989436096405887e-01,5.570095129787493438e-01,5.073660860974857911e-01,4.118533422741479377e-01,3.885721772250206874e-01,4.711813979162165489e-01,4.508388280052963437e-01,4.681718857890920793e-01,3.707013512905502628e-01,5.366372462059625370e-01,4.234708737221190011e-01,9.999999999999633626e-01,4.882794981506924925e-01,4.101588134458302171e-01,3.680910368015033463e-01,5.684871663660413521e-01,5.493989436096415879e-01,5.252396795807098284e-01,4.320348469789583312e-01,4.089254986609616171e-01,4.926564452044198683e-01,4.710126630300711659e-01,5.196783860028857394e-01,3.757823640303757928e-01,4.548766167195914534e-01,6.550796748528200375e-01,4.882794981506924925e-01,9.999999999999633626e-01,2.416959003974347153e-01,2.341808853446794569e-01,3.680910368014946865e-01,3.352219195468381652e-01,3.263388143430437371e-01,3.145196965419603807e-01,2.129329516420143120e-01,3.373346918831399699e-01,3.023517155343305451e-01,2.532231498943465220e-01,3.647643118911501614e-01,2.948684393147936178e-01,3.113578067783173697e-01,4.101588134458302171e-01,2.416959003974347153e-01,9.999999999999633626e-01
9.999999999999613642e-01,2.757091286875089364e-03,3.841981036514282577e-01,1.869527575439958178e-01,3.145956837090754799e-01,2.501498688489791622e-01,3.225078595500128764e-01,1.072752963846512614e-01,3.351631494017474622e-01,2.292264172903653308e-01,3.177622328461325307e-01,1.980999081619299051e-01,2.803013213058493935e-01,2.762855275203311978e-01,1.321372720458054428e-01,2.757091286875089364e-03,9.999999999999613642e-01,2.113019648808015793e-01,4.921678017203346966e-01,3.711141946562605543e-01,4.269817940253151090e-01,3.694033686226564361e-01,2.794619992901982153e-01,3.567110760255569613e-01,4.770067404525066279e-01,3.521389809693808992e-01,3.665816276757877246e-01,3.567336148492925019e-01,3.305037834336210789e-01,2.762855275203283112e-01,3.841981036514282577e-01,2.113019648808015793e-01,9.999999999999613642e-01,2.437086283949304322e-01,5.120885751568649003e-01,4.111641755070158943e-01,4.238606947720165441e-01,2.392680821619304621e-01,4.695076225644403412e-01,3.666675077823547957e-01,4.634760973327324285e-01,4.003565023814482648e-01,4.050138757330017381e-01,3.567336148492958880e-01,2.803013213058489495e-01,1.869527575439958178e-01,4.921678017203346966e-01,2.437086283949304322e-01,9.999999999999613642e-01,3.096695605049873956e-01,4.899862121637540424e-01,4.102332811292151993e-01,2.656125794001524820e-01,3.730337973869471413e-01,4.629091771224912444e-01,4.211066134760972357e-01,3.984384237528288963e-01,4.003565023814495971e-01,3.665816276757924430e-01,1.980999081619300717e-01,3.145956837090754799e-01,3.711141946562605543e-01,5.120885751568649003e-01,3.096695605049873956e-01,9.999999999999613642e-01,3.583263268172641181e-01,5.377440011129384079e-01,2.412903903586709198e-01,4.824192319915340255e-01,4.673095270552806713e-01,4.965174895306843084e-01,4.211066134760877988e-01,4.634760973327270994e-01,3.521389809693769579e-01,3.177622328461304768e-01,2.501498688489791622e-01,4.269817940253151090e-01,4.111641755070158943e-01,4.899862121637540424e-01,3.583263268172641181e-01,9.999999999999613642e-01,3.117777382815368759e-01,3.277452763956119619e-01,4.127112063550498200e-01,4.727564090296946242e-01,4.673095270552852232e-01,4.629091771224893015e-01,3.666675077823510209e-01,4.770067404525099586e-01,2.292264172903610286e-01,3.225078595500128764e-01,3.694033686226564361e-01,4.238606947720165441e-01,4.102332811292151993e-01,5.377440011129384079e-01,3.117777382815368759e-01,9.999999999999613642e-01,3.816932025560337838e-02,5.206813137946779690e-01,4.127112063550466559e-01,4.824192319915359128e-01,3.730337973869385371e-01,4.695076225644386758e-01,3.567110760255525204e-01,3.351631494017482948e-01,1.072752963846512614e-01,2.794619992901982153e-01,2.392680821619304621e-01,2.656125794001524820e-01,2.412903903586709198e-01,3.277452763956119619e-01,3.816932025560337838e-02,9.999999999999613642e-01,3.816932025560398900e-02,3.277452763956087423e-01,2.412903903586701981e-01,2.656125794001525375e-01,2.392680821619256881e-01,2.794619992902018235e-01,1.072752963846439755e-01,3.351631494017474622e-01,3.567110760255569613e-01,4.695076225644403412e-01,3.730337973869471413e-01,4.824192319915340255e-01,4.127112063550498200e-01,5.206813137946779690e-01,3.816932025560398900e-02,9.999999999999613642e-01,3.117777382815338783e-01,5.377440011129391850e-01,4.102332811292075387e-01,4.238606947720131579e-01,3.694033686226535496e-01,3.225078595500149303e-01,2.292264172903653308e-01,4.770067404525066279e-01,3.666675077823547957e-01,4.629091771224912444e-01,4.673095270552806713e-01,4.727564090296946242e-01,4.127112063550466559e-01,3.277452763956087423e-01,3.117777382815338783e-01,9.999999999999613642e-01,3.583263268172635074e-01,4.899862121637455492e-01,4.111641755070067905e-01,4.269817940253148314e-01,2.501498688489692257e-01,3.177622328461325307e-01,3.521389809693808992e-01,4.634760973327324285e-01,4.211066134760972357e-01,4.965174895306843084e-01,4.673095270552852232e-01,4.824192319915359128e-01,2.412903903586701981e-01,5.377440011129391850e-01,3.583263268172635074e-01,9.999999999999613642e-01,3.096695605049819000e-01,5.120885751568645672e-01,3.711141946562582783e-01,3.145956837090770897e-01,1.980999081619299051e-01,3.665816276757877246e-01,4.003565023814482648e-01,3.984384237528288963e-01,4.211066134760877988e-01,4.629091771224893015e-01,3.730337973869385371e-01,2.656125794001525375e-01,4.102332811292075387e-01,4.899862121637455492e-01,3.096695605049819000e-01,9.999999999999613642e-01,2.437086283949156940e-01,4.921678017203341415e-01,1.869527575439836886e-01,2.803013213058493935e-01,3.567336148492925019e-01,4.050138757330017381e-01,4.003565023814495971e-01,4.634760973327270994e-01,3.666675077823510209e-01,4.695076225644386758e-01,2.392680821619256881e-01,4.238606947720131579e-01,4.111641755070067905e-01,5.120885751568645672e-01,2.437086283949156940e-01,9.999999999999613642e-01,2.113019648807940298e-01,3.841981036514249825e-01,2.762855275203311978e-01,3.305037834336210789e-01,3.567336148492958880e-01,3.665816276757924430e-01,3.521389809693769579e-01,4.770067404525099586e-01,3.567110760255525204e-01,2.794619992902018235e-01,3.694033686226535496e-01,4.269817940253148314e-01,3.711141946562582783e-01,4.921678017203341415e-01,2.113019648807940298e-01,9.999999999999613642e-01,2.757091286868563335e-03,1.321372720458054428e-01,2.762855275203283112e-01,2.803013213058489495e-01,1.980999081619300717e-01,3.177622328461304768e-01,2.292264172903610286e-01,3.351631494017482948e-01,1.072752963846439755e-01,3.225078595500149303e-01,2.501498688489692257e-01,3.145956837090770897e-01,1.869527575439836886e-01,3.841981036514249825e-01,2.757091286868563335e-03,9.999999999999613642e-01
9.999999999999841238e-01,-3.574939900286514538e-01,4.060707058133277148e-01,-1.270599979727817519e-01,3.862518557758310433e-01,-8.172127492465816601e-02,3.041996408909062310e-01,5.313114830621676332e-02,1.853858490561458572e-01,1.060439434124102187e-01,7.981591690420775098e-02,1.411838352025272247e-01,6.150487139156127908e-02,1.470801719971786548e-01,1.503766674770595779e-02,-3.574939900286514538e-01,9.999999999999841238e-01,-1.903211756348471284e-01,4.614273958980847912e-01,-9.381549625904020417e-02,3.972746286604902366e-01,4.191253114756560150e-02,3.163099385321351265e-01,1.322608195583944712e-01,1.943615524020515795e-01,1.170012928882939590e-01,1.430882589843550379e-01,2.254165690013903434e-01,7.238254174305054633e-02,1.470801719971784882e-01,4.060707058133277148e-01,-1.903211756348471284e-01,9.999999999999841238e-01,-7.214861335672102804e-02,3.735846657063516263e-01,4.730313393154494256e-02,3.508625392240116714e-01,1.336066337177707064e-01,2.827772074122433255e-01,1.919800927699516768e-01,1.121955021581548806e-01,2.658460510774394159e-01,1.952597773154014504e-01,2.254165690013864021e-01,6.150487139155606797e-02,-1.270599979727817519e-01,4.614273958980847912e-01,-7.214861335672102804e-02,9.999999999999841238e-01,-1.395656847498336073e-01,5.183099893520535240e-01,8.004177826204195156e-02,4.355868089770287277e-01,1.408133830030086631e-01,2.893028468167765377e-01,1.912098747194450610e-01,2.492916584496332189e-01,2.658460510774440788e-01,1.430882589843523733e-01,1.411838352025270860e-01,3.862518557758310433e-01,-9.381549625904020417e-02,3.735846657063516263e-01,-1.395656847498336073e-01,9.999999999999841238e-01,-1.425746424050238770e-01,4.032857980094186612e-01,4.080790466451542087e-02,2.913790417289201518e-01,1.060884446892885052e-01,1.597557981280395278e-01,1.912098747194470039e-01,1.121955021581565737e-01,1.170012928882950276e-01,7.981591690420383745e-02,-8.172127492465816601e-02,3.972746286604902366e-01,4.730313393154494256e-02,5.183099893520535240e-01,-1.425746424050238770e-01,9.999999999999841238e-01,-2.979956729104654700e-02,4.797129128525847719e-01,1.114708819610541607e-01,3.348575954447781111e-01,1.060884446892904343e-01,2.893028468167776479e-01,1.919800927699606974e-01,1.943615524020499696e-01,1.060439434124123143e-01,3.041996408909062310e-01,4.191253114756560150e-02,3.508625392240116714e-01,8.004177826204195156e-02,4.032857980094186612e-01,-2.979956729104654700e-02,9.999999999999841238e-01,3.300112159098311793e-02,4.022666818957120194e-01,1.114708819610469304e-01,2.913790417289189305e-01,1.408133830030062206e-01,2.827772074122408275e-01,1.322608195583930280e-01,1.853858490561399175e-01,5.313114830621676332e-02,3.163099385321351265e-01,1.336066337177707064e-01,4.355868089770287277e-01,4.080790466451542087e-02,4.797129128525847719e-01,3.300112159098311793e-02,9.999999999999841238e-01,3.300112159098880782e-02,4.797129128525812192e-01,4.080790466451672538e-02,4.355868089770274509e-01,1.336066337177793661e-01,3.163099385321337942e-01,5.313114830621594453e-02,1.853858490561458572e-01,1.322608195583944712e-01,2.827772074122433255e-01,1.408133830030086631e-01,2.913790417289201518e-01,1.114708819610541607e-01,4.022666818957120194e-01,3.300112159098880782e-02,9.999999999999841238e-01,-2.979956729104547147e-02,4.032857980094194383e-01,8.004177826204697532e-02,3.508625392240132257e-01,4.191253114756871706e-02,3.041996408909050098e-01,1.060439434124102187e-01,1.943615524020515795e-01,1.919800927699516768e-01,2.893028468167765377e-01,1.060884446892885052e-01,3.348575954447781111e-01,1.114708819610469304e-01,4.797129128525812192e-01,-2.979956729104547147e-02,9.999999999999841238e-01,-1.425746424050292893e-01,5.183099893520506374e-01,4.730313393154831486e-02,3.972746286604844634e-01,-8.172127492466126075e-02,7.981591690420775098e-02,1.170012928882939590e-01,1.121955021581548806e-01,1.912098747194450610e-01,1.597557981280395278e-01,1.060884446892904343e-01,2.913790417289189305e-01,4.080790466451672538e-02,4.032857980094194383e-01,-1.425746424050292893e-01,9.999999999999841238e-01,-1.395656847498334963e-01,3.735846657063497389e-01,-9.381549625904109235e-02,3.862518557758295445e-01,1.411838352025272247e-01,1.430882589843550379e-01,2.658460510774394159e-01,2.492916584496332189e-01,1.912098747194470039e-01,2.893028468167776479e-01,1.408133830030062206e-01,4.355868089770274509e-01,8.004177826204697532e-02,5.183099893520506374e-01,-1.395656847498334963e-01,9.999999999999841238e-01,-7.214861335671426956e-02,4.614273958980846801e-01,-1.270599979727861928e-01,6.150487139156127908e-02,2.254165690013903434e-01,1.952597773154014504e-01,2.658460510774440788e-01,1.121955021581565737e-01,1.919800927699606974e-01,2.827772074122408275e-01,1.336066337177793661e-01,3.508625392240132257e-01,4.730313393154831486e-02,3.735846657063497389e-01,-7.214861335671426956e-02,9.999999999999841238e-01,-1.903211756348457961e-01,4.060707058133268821e-01,1.470801719971786548e-01,7.238254174305054633e-02,2.254165690013864021e-01,1.430882589843523733e-01,1.170012928882950276e-01,1.943615524020499696e-01,1.322608195583930280e-01,3.163099385321337942e-01,4.191253114756871706e-02,3.972746286604844634e-01,-9.381549625904109235e-02,4.614273958980846801e-01,-1.903211756348457961e-01,9.999999999999841238e-01,-3.574939900286599470e-01,1.503766674770595779e-02,1.470801719971784882e-01,6.150487139155606797e-02,1.411838352025270860e-01,7.981591690420383745e-02,1.060439434124123143e-01,1.853858490561399175e-01,5.313114830621594453e-02,3.041996408909050098e-01,-8.172127492466126075e-02,3.862518557758295445e-01,-1.270599979727861928e-01,4.060707058133268821e-01,-3.574939900286599470e-01,9.999999999999841238e-01
1.000000000000004885e+00,-2.105147157868333674e-01,3.863663856765292559e-01,8.675985446931087919e-02,2.418980405316554227e-01,2.530561976390870438e-01,1.211682560332433267e-02,2.882928905029805700e-01,-7.370460142223533850e-02,3.264477855453171706e-01,1.178777358110006390e-01,1.913271839094949911e-01,2.629094788175836417e-01,6.288788313923353301e-02,2.099893315156312612e-01,-2.105147157868333674e-01,1.000000000000004885e+00,-1.531504109389581481e-01,3.809203178174892512e-01,1.544042191369661698e-01,2.340613516724387999e-01,2.662116062040050246e-01,6.101523078965150060e-02,3.072421993652531547e-01,1.348163005021858485e-01,2.636649661373410836e-01,2.835994231103878827e-01,7.687712455848208504e-02,2.877168799332788240e-01,6.288788313923548978e-02,3.863663856765292559e-01,-1.531504109389581481e-01,1.000000000000004885e+00,-1.296253500942323028e-02,3.160907111319883889e-01,2.447677523247799303e-01,7.729893058238587744e-02,2.553552276372146324e-01,6.811866582366599143e-03,2.859430865130569988e-01,1.455246267113158298e-01,1.924127515850783121e-01,2.891086352288930739e-01,7.687712455848184911e-02,2.629094788175879716e-01,8.675985446931087919e-02,3.809203178174892512e-01,-1.296253500942323028e-02,1.000000000000004885e+00,3.365599356709127188e-02,4.109533719336467827e-01,1.348369346429345583e-01,2.606523010247067118e-01,1.937611307283084727e-01,2.985810064215931314e-01,2.411642132272179551e-01,3.715218857289056542e-01,1.924127515850785897e-01,2.835994231103913799e-01,1.913271839094971005e-01,2.418980405316554227e-01,1.544042191369661698e-01,3.160907111319883889e-01,3.365599356709127188e-02,1.000000000000004885e+00,1.115120924892609375e-02,3.793304698609648584e-01,7.154944743858340783e-02,2.864108497194579050e-01,2.341544085879049275e-01,2.750243959083363832e-01,2.411642132272127093e-01,1.455246267113113334e-01,2.636649661373361431e-01,1.178777358110002504e-01,2.530561976390870438e-01,2.340613516724387999e-01,2.447677523247799303e-01,4.109533719336467827e-01,1.115120924892609375e-02,1.000000000000004885e+00,-1.247799285416678894e-01,4.507538754709221607e-01,-5.664617360581436500e-03,4.411941651916241880e-01,2.341544085879098125e-01,2.985810064215926873e-01,2.859430865130571098e-01,1.348163005021882355e-01,3.264477855453203903e-01,1.211682560332433267e-02,2.662116062040050246e-01,7.729893058238587744e-02,1.348369346429345583e-01,3.793304698609648584e-01,-1.247799285416678894e-01,1.000000000000004885e+00,-2.539414729788496139e-01,4.625198626036971516e-01,-5.664617360587764772e-03,2.864108497194594039e-01,1.937611307283038653e-01,6.811866582363129696e-03,3.072421993652496575e-01,-7.370460142223450584e-02,2.882928905029805700e-01,6.101523078965150060e-02,2.553552276372146324e-01,2.606523010247067118e-01,7.154944743858340783e-02,4.507538754709221607e-01,-2.539414729788496139e-01,1.000000000000004885e+00,-2.539414729788441738e-01,4.507538754709221052e-01,7.154944743858791811e-02,2.606523010247079886e-01,2.553552276372134111e-01,6.101523078965577496e-02,2.882928905029832345e-01,-7.370460142223533850e-02,3.072421993652531547e-01,6.811866582366599143e-03,1.937611307283084727e-01,2.864108497194579050e-01,-5.664617360581436500e-03,4.625198626036971516e-01,-2.539414729788441738e-01,1.000000000000004885e+00,-1.247799285416640730e-01,3.793304698609664127e-01,1.348369346429382776e-01,7.729893058238870851e-02,2.662116062040026376e-01,1.211682560333155606e-02,3.264477855453171706e-01,1.348163005021858485e-01,2.859430865130569988e-01,2.985810064215931314e-01,2.341544085879049275e-01,4.411941651916241880e-01,-5.664617360587764772e-03,4.507538754709221052e-01,-1.247799285416640730e-01,1.000000000000004885e+00,1.115120924893213405e-02,4.109533719336423419e-01,2.447677523247790421e-01,2.340613516724392995e-01,2.530561976390898749e-01,1.178777358110006390e-01,2.636649661373410836e-01,1.455246267113158298e-01,2.411642132272179551e-01,2.750243959083363832e-01,2.341544085879098125e-01,2.864108497194594039e-01,7.154944743858791811e-02,3.793304698609664127e-01,1.115120924893213405e-02,1.000000000000004885e+00,3.365599356709698953e-02,3.160907111319902207e-01,1.544042191369687789e-01,2.418980405316604743e-01,1.913271839094949911e-01,2.835994231103878827e-01,1.924127515850783121e-01,3.715218857289056542e-01,2.411642132272127093e-01,2.985810064215926873e-01,1.937611307283038653e-01,2.606523010247079886e-01,1.348369346429382776e-01,4.109533719336423419e-01,3.365599356709698953e-02,1.000000000000004885e+00,-1.296253500942823496e-02,3.809203178174859206e-01,8.675985446931336331e-02,2.629094788175836417e-01,7.687712455848208504e-02,2.891086352288930739e-01,1.924127515850785897e-01,1.455246267113113334e-01,2.859430865130571098e-01,6.811866582363129696e-03,2.553552276372134111e-01,7.729893058238870851e-02,2.447677523247790421e-01,3.160907111319902207e-01,-1.296253500942823496e-02,1.000000000000004885e+00,-1.531504109389612567e-01,3.863663856765309212e-01,6.288788313923353301e-02,2.877168799332788240e-01,7.687712455848184911e-02,2.835994231103913799e-01,2.636649661373361431e-01,1.348163005021882355e-01,3.072421993652496575e-01,6.101523078965577496e-02,2.662116062040026376e-01,2.340613516724392995e-01,1.544042191369687789e-01,3.809203178174859206e-01,-1.531504109389612567e-01,1.000000000000004885e+00,-2.105147157868276775e-01,2.099893315156312612e-01,6.288788313923548978e-02,2.629094788175879716e-01,1.913271839094971005e-01,1.178777358110002504e-01,3.264477855453203903e-01,-7.370460142223450584e-02,2.882928905029832345e-01,1.211682560333155606e-02,2.530561976390898749e-01,2.418980405316604743e-01,8.675985446931336331e-02,3.863663856765309212e-01,-2.105147157868276775e-01,1.000000000000004885e+00
