1.000000000000000000e+00,1.000000000000000000e+00,1.000000000000000000e+00,1.000000000000000000e+00,1.000000000000000000e+00,1.000000000000000000e+00,1.000000000000000000e+00,1.000000000000000000e+00,1.000000000000000000e+00,1.000000000000000000e+00,1.000000000000000000e+00,1.000000000000000000e+00,1.000000000000000000e+00,1.000000000000000000e+00,1.000000000000000000e+00,1.000000000000000000e+00,1.000000000000000000e+00,1.000000000000000000e+00,1.000000000000000000e+00,1.000000000000000000e+00,1.000000000000000000e+00,1.000000000000000000e+00,1.000000000000000000e+00,1.000000000000000000e+00,1.000000000000000000e+00,1.000000000000000000e+00,1.000000000000000000e+00,1.000000000000000000e+00,1.000000000000000000e+00,1.000000000000000000e+00,1.000000000000000000e+00,1.000000000000000000e+00,1.000000000000000000e+00,1.000000000000000000e+00,1.000000000000000000e+00,1.000000000000000000e+00,1.000000000000000000e+00,1.000000000000000000e+00,1.000000000000000000e+00,1.000000000000000000e+00,1.000000000000000000e+00,1.000000000000000000e+00,1.000000000000000000e+00,1.000000000000000000e+00,1.000000000000000000e+00,1.000000000000000000e+00,1.000000000000000000e+00,1.000000000000000000e+00,1.000000000000000000e+00,1.000000000000000000e+00,1.000000000000000000e+00,1.000000000000000000e+00,1.000000000000000000e+00,1.000000000000000000e+00,1.000000000000000000e+00,1.000000000000000000e+00,1.000000000000000000e+00,1.000000000000000000e+00,1.000000000000000000e+00,1.000000000000000000e+00,1.000000000000000000e+00,1.000000000000000000e+00,1.000000000000000000e+00,1.000000000000000000e+00,1.000000000000000000e+00,1.000000000000000000e+00,1.000000000000000000e+00,1.000000000000000000e+00,1.000000000000000000e+00,1.000000000000000000e+00,1.000000000000000000e+00,1.000000000000000000e+00,1.000000000000000000e+00,1.000000000000000000e+00,1.000000000000000000e+00,1.000000000000000000e+00,1.000000000000000000e+00,1.000000000000000000e+00,1.000000000000000000e+00,1.000000000000000000e+00,1.000000000000000000e+00,1.000000000000000000e+00,1.000000000000000000e+00,1.000000000000000000e+00,1.000000000000000000e+00,1.000000000000000000e+00,1.000000000000000000e+00,1.000000000000000000e+00,1.000000000000000000e+00,1.000000000000000000e+00,1.000000000000000000e+00,1.000000000000000000e+00,1.000000000000000000e+00,1.000000000000000000e+00,1.000000000000000000e+00,1.000000000000000000e+00,1.000000000000000000e+00,1.000000000000000000e+00,1.000000000000000000e+00,1.000000000000000000e+00,1.000000000000000000e+00,1.000000000000000000e+00,1.000000000000000000e+00,1.000000000000000000e+00,1.000000000000000000e+00,1.000000000000000000e+00,1.000000000000000000e+00,1.000000000000000000e+00,1.000000000000000000e+00,1.000000000000000000e+00,1.000000000000000000e+00,1.000000000000000000e+00,1.000000000000000000e+00,1.000000000000000000e+00,1.000000000000000000e+00,1.000000000000000000e+00,1.000000000000000000e+00,1.000000000000000000e+00,1.000000000000000000e+00,1.000000000000000000e+00,1.000000000000000000e+00,1.000000000000000000e+00,1.000000000000000000e+00,1.000000000000000000e+00,1.000000000000000000e+00,1.000000000000000000e+00,1.000000000000000000e+00,1.000000000000000000e+00,1.000000000000000000e+00,1.000000000000000000e+00,1.000000000000000000e+00,1.000000000000000000e+00,1.000000000000000000e+00,1.000000000000000000e+00,1.000000000000000000e+00,1.000000000000000000e+00,1.000000000000000000e+00,1.000000000000000000e+00,1.000000000000000000e+00,1.000000000000000000e+00,1.000000000000000000e+00,1.000000000000000000e+00,1.000000000000000000e+00,1.000000000000000000e+00,1.000000000000000000e+00,1.000000000000000000e+00,1.000000000000000000e+00,1.000000000000000000e+00,1.000000000000000000e+00,1.000000000000000000e+00,1.000000000000000000e+00,1.000000000000000000e+00,1.000000000000000000e+00,1.000000000000000000e+00,1.000000000000000000e+00,1.000000000000000000e+00,1.000000000000000000e+00,1.000000000000000000e+00,1.000000000000000000e+00,1.000000000000000000e+00,1.000000000000000000e+00,1.000000000000000000e+00,1.000000000000000000e+00,1.000000000000000000e+00,1.000000000000000000e+00,1.000000000000000000e+00,1.000000000000000000e+00,1.000000000000000000e+00,1.000000000000000000e+00,1.000000000000000000e+00,1.000000000000000000e+00,1.000000000000000000e+00,1.000000000000000000e+00,1.000000000000000000e+00,1.000000000000000000e+00,1.000000000000000000e+00,1.000000000000000000e+00,1.000000000000000000e+00,1.000000000000000000e+00,1.000000000000000000e+00,1.000000000000000000e+00,1.000000000000000000e+00,1.000000000000000000e+00,1.000000000000000000e+00,1.000000000000000000e+00,1.000000000000000000e+00,1.000000000000000000e+00,1.000000000000000000e+00,1.000000000000000000e+00,1.000000000000000000e+00,1.000000000000000000e+00,1.000000000000000000e+00,1.000000000000000000e+00,1.000000000000000000e+00,1.000000000000000000e+00,1.000000000000000000e+00,1.000000000000000000e+00,1.000000000000000000e+00,1.000000000000000000e+00,1.000000000000000000e+00,1.000000000000000000e+00,1.000000000000000000e+00,1.000000000000000000e+00,1.000000000000000000e+00,1.000000000000000000e+00,1.000000000000000000e+00,1.000000000000000000e+00,1.000000000000000000e+00,1.000000000000000000e+00,1.000000000000000000e+00,1.000000000000000000e+00,1.000000000000000000e+00,1.000000000000000000e+00,1.000000000000000000e+00,1.000000000000000000e+00,1.000000000000000000e+00,1.000000000000000000e+00,1.000000000000000000e+00,1.000000000000000000e+00,1.000000000000000000e+00,1.000000000000000000e+00,1.000000000000000000e+00,1.000000000000000000e+00,1.000000000000000000e+00,1.000000000000000000e+00
9.999999999999974465e-01,7.602159486707864566e-01,7.732185504049955416e-01,7.732621022318273418e-01,7.732877375961066946e-01,7.732938746043913625e-01,7.732956047066000815e-01,7.732961587387525704e-01,7.732962971176682299e-01,7.732961602827232994e-01,7.732955102670562297e-01,7.732929906593359881e-01,7.732801747608647469e-01,7.731607240874600606e-01,7.688433125117226652e-01,7.602159486707864566e-01,9.999999999999974465e-01,7.652153688047116376e-01,7.775711524667781038e-01,7.776082672285108410e-01,7.776311664629972364e-01,7.776366169741404377e-01,7.776381180059699361e-01,7.776385438698987240e-01,7.776385066449078565e-01,7.776378923733817672e-01,7.776353755809889412e-01,7.776224956007065092e-01,7.775023780627465797e-01,7.731607240874600606e-01,7.732185504049955416e-01,7.652153688047116376e-01,9.999999999999974465e-01,7.653656142457767597e-01,7.776936191076593285e-01,7.777291207293992592e-01,7.777515368752516700e-01,7.777568190570899320e-01,7.777582133824538779e-01,7.777584725995555504e-01,7.777579629078598122e-01,7.777554871825057559e-01,7.777426232357054214e-01,7.776224956007068423e-01,7.732801747608650800e-01,7.732621022318273418e-01,7.775711524667781038e-01,7.653656142457767597e-01,9.999999999999974465e-01,7.653830144641221578e-01,7.777071861922039142e-01,7.777422427194038423e-01,7.777644908323124717e-01,7.777696664262275794e-01,7.777708941587063718e-01,7.777706809514896014e-01,7.777683098789908156e-01,7.777554871825054228e-01,7.776353755809890522e-01,7.732929906593359881e-01,7.732877375961066946e-01,7.776082672285108410e-01,7.776936191076593285e-01,7.653830144641221578e-01,9.999999999999974465e-01,7.653866641991716735e-01,7.777099536843747885e-01,7.777448496421501822e-01,7.777669911848255069e-01,7.777720002100279029e-01,7.777727555314738472e-01,7.777706809514900455e-01,7.777579629078599233e-01,7.776378923733823223e-01,7.732955102670566738e-01,7.732938746043913625e-01,7.776311664629972364e-01,7.777291207293992592e-01,7.777071861922039142e-01,7.653866641991716735e-01,9.999999999999974465e-01,7.653876889935135042e-01,7.777106972856717704e-01,7.777454886345440688e-01,7.777674635946075776e-01,7.777720002100285690e-01,7.777708941587074820e-01,7.777584725995565496e-01,7.776385066449089667e-01,7.732961602827245207e-01,7.732956047066000815e-01,7.776366169741404377e-01,7.777515368752516700e-01,7.777422427194038423e-01,7.777099536843747885e-01,7.653876889935135042e-01,9.999999999999974465e-01,7.653879955574141025e-01,7.777108634315971214e-01,7.777454886345435137e-01,7.777669911848255069e-01,7.777696664262281345e-01,7.777582133824541000e-01,7.776385438698990571e-01,7.732962971176686739e-01,7.732961587387525704e-01,7.776381180059699361e-01,7.777568190570899320e-01,7.777644908323124717e-01,7.777448496421501822e-01,7.777106972856717704e-01,7.653879955574141025e-01,9.999999999999974465e-01,7.653879955574138805e-01,7.777106972856709932e-01,7.777448496421499602e-01,7.777644908323129158e-01,7.777568190570900430e-01,7.776381180059701581e-01,7.732961587387529034e-01,7.732962971176682299e-01,7.776385438698987240e-01,7.777582133824538779e-01,7.777696664262275794e-01,7.777669911848255069e-01,7.777454886345440688e-01,7.777108634315971214e-01,7.653879955574138805e-01,9.999999999999974465e-01,7.653876889935122829e-01,7.777099536843741223e-01,7.777422427194037313e-01,7.777515368752515590e-01,7.776366169741404377e-01,7.732956047066001926e-01,7.732961602827232994e-01,7.776385066449078565e-01,7.777584725995555504e-01,7.777708941587063718e-01,7.777720002100279029e-01,7.777674635946075776e-01,7.777454886345435137e-01,7.777106972856709932e-01,7.653876889935122829e-01,9.999999999999974465e-01,7.653866641991704522e-01,7.777071861922032481e-01,7.777291207293984820e-01,7.776311664629966813e-01,7.732938746043905853e-01,7.732955102670562297e-01,7.776378923733817672e-01,7.777579629078598122e-01,7.777706809514896014e-01,7.777727555314738472e-01,7.777720002100285690e-01,7.777669911848255069e-01,7.777448496421499602e-01,7.777099536843741223e-01,7.653866641991704522e-01,9.999999999999974465e-01,7.653830144641221578e-01,7.776936191076591065e-01,7.776082672285109521e-01,7.732877375961069166e-01,7.732929906593359881e-01,7.776353755809889412e-01,7.777554871825057559e-01,7.777683098789908156e-01,7.777706809514900455e-01,7.777708941587074820e-01,7.777696664262281345e-01,7.777644908323129158e-01,7.777422427194037313e-01,7.777071861922032481e-01,7.653830144641221578e-01,9.999999999999974465e-01,7.653656142457772038e-01,7.775711524667785479e-01,7.732621022318278969e-01,7.732801747608647469e-01,7.776224956007065092e-01,7.777426232357054214e-01,7.777554871825054228e-01,7.777579629078599233e-01,7.777584725995565496e-01,7.777582133824541000e-01,7.777568190570900430e-01,7.777515368752515590e-01,7.777291207293984820e-01,7.776936191076591065e-01,7.653656142457772038e-01,9.999999999999974465e-01,7.652153688047117486e-01,7.732185504049956526e-01,7.731607240874600606e-01,7.775023780627465797e-01,7.776224956007068423e-01,7.776353755809890522e-01,7.776378923733823223e-01,7.776385066449089667e-01,7.776385438698990571e-01,7.776381180059701581e-01,7.776366169741404377e-01,7.776311664629966813e-01,7.776082672285109521e-01,7.775711524667785479e-01,7.652153688047117486e-01,9.999999999999974465e-01,7.602159486707870117e-01,7.688433125117226652e-01,7.731607240874600606e-01,7.732801747608650800e-01,7.732929906593359881e-01,7.732955102670566738e-01,7.732961602827245207e-01,7.732962971176686739e-01,7.732961587387529034e-01,7.732956047066001926e-01,7.732938746043905853e-01,7.732877375961069166e-01,7.732621022318278969e-01,7.732185504049956526e-01,7.602159486707870117e-01,9.999999999999974465e-01
1.000000000000000222e+00,9.839608629703279208e-01,9.839592655940151422e-01,9.839653367066579781e-01,9.839669492473357426e-01,9.839672222491168130e-01,9.839673073020451799e-01,9.839673199301557371e-01,9.839672664707013183e-01,9.839670974382679347e-01,9.839666395630216611e-01,9.839653982987752734e-01,9.839643039438989991e-01,9.839873592767899302e-01,9.797137958581780826e-01,9.839608629703279208e-01,1.000000000000000222e+00,9.882433425014511830e-01,9.882544435017841522e-01,9.882588480514287177e-01,9.882594812924262451e-01,9.882594810686373688e-01,9.882594572583660586e-01,9.882593913403876495e-01,9.882592170954352939e-01,9.882587554325368284e-01,9.882575079809684526e-01,9.882564084963398887e-01,9.882795642253641155e-01,9.839873592767902633e-01,9.839592655940151422e-01,9.882433425014511830e-01,1.000000000000000222e+00,9.882213295239544726e-01,9.882324790646562773e-01,9.882361504975037958e-01,9.882364913898273873e-01,9.882363674996790248e-01,9.882362596620521966e-01,9.882360710082847000e-01,9.882356039205190124e-01,9.882343542529754554e-01,9.882332537909013226e-01,9.882564084963402218e-01,9.839643039438994432e-01,9.839653367066579781e-01,9.882544435017841522e-01,9.882213295239544726e-01,1.000000000000000222e+00,9.882236892628798453e-01,9.882340323869013288e-01,9.882374136939235942e-01,9.882376317823354794e-01,9.882374240315613401e-01,9.882371935224605330e-01,9.882367120487021150e-01,9.882354569562104007e-01,9.882343542529755664e-01,9.882575079809688967e-01,9.839653982987758285e-01,9.839669492473357426e-01,9.882588480514287177e-01,9.882324790646562773e-01,9.882236892628798453e-01,1.000000000000000222e+00,9.882253989540322747e-01,9.882354424801733650e-01,9.882387010721972453e-01,9.882388352684782218e-01,9.882385048507847936e-01,9.882379815261744804e-01,9.882367120487027812e-01,9.882356039205197895e-01,9.882587554325377166e-01,9.839666395630227713e-01,9.839672222491168130e-01,9.882594812924262451e-01,9.882361504975037958e-01,9.882340323869013288e-01,9.882253989540322747e-01,1.000000000000000222e+00,9.882260232923226750e-01,9.882359418668856810e-01,9.882391165812870470e-01,9.882391280856542837e-01,9.882385048507846825e-01,9.882371935224609771e-01,9.882360710082851440e-01,9.882592170954359601e-01,9.839670974382690449e-01,9.839673073020451799e-01,9.882594810686373688e-01,9.882364913898273873e-01,9.882374136939235942e-01,9.882354424801733650e-01,9.882260232923226750e-01,1.000000000000000222e+00,9.882262305442549577e-01,9.882360645582873859e-01,9.882391165812864919e-01,9.882388352684775557e-01,9.882374240315612290e-01,9.882362596620523076e-01,9.882593913403879826e-01,9.839672664707020955e-01,9.839673199301557371e-01,9.882594572583660586e-01,9.882363674996790248e-01,9.882376317823354794e-01,9.882387010721972453e-01,9.882359418668856810e-01,9.882262305442549577e-01,1.000000000000000222e+00,9.882262305442548467e-01,9.882359418668849038e-01,9.882387010721964682e-01,9.882376317823352574e-01,9.882363674996790248e-01,9.882594572583662806e-01,9.839673199301562923e-01,9.839672664707013183e-01,9.882593913403876495e-01,9.882362596620521966e-01,9.882374240315613401e-01,9.882388352684782218e-01,9.882391165812870470e-01,9.882360645582873859e-01,9.882262305442548467e-01,1.000000000000000222e+00,9.882260232923218979e-01,9.882354424801724768e-01,9.882374136939233722e-01,9.882364913898271652e-01,9.882594810686374798e-01,9.839673073020456240e-01,9.839670974382679347e-01,9.882592170954352939e-01,9.882360710082847000e-01,9.882371935224605330e-01,9.882385048507847936e-01,9.882391280856542837e-01,9.882391165812864919e-01,9.882359418668849038e-01,9.882260232923218979e-01,1.000000000000000222e+00,9.882253989540312755e-01,9.882340323869011067e-01,9.882361504975036848e-01,9.882594812924260230e-01,9.839672222491168130e-01,9.839666395630216611e-01,9.882587554325368284e-01,9.882356039205190124e-01,9.882367120487021150e-01,9.882379815261744804e-01,9.882385048507846825e-01,9.882388352684775557e-01,9.882387010721964682e-01,9.882354424801724768e-01,9.882253989540312755e-01,1.000000000000000222e+00,9.882236892628791791e-01,9.882324790646555002e-01,9.882588480514283846e-01,9.839669492473356316e-01,9.839653982987752734e-01,9.882575079809684526e-01,9.882343542529754554e-01,9.882354569562104007e-01,9.882367120487027812e-01,9.882371935224609771e-01,9.882374240315612290e-01,9.882376317823352574e-01,9.882374136939233722e-01,9.882340323869011067e-01,9.882236892628791791e-01,1.000000000000000222e+00,9.882213295239544726e-01,9.882544435017843742e-01,9.839653367066584222e-01,9.839643039438989991e-01,9.882564084963398887e-01,9.882332537909013226e-01,9.882343542529755664e-01,9.882356039205197895e-01,9.882360710082851440e-01,9.882362596620523076e-01,9.882363674996790248e-01,9.882364913898271652e-01,9.882361504975036848e-01,9.882324790646555002e-01,9.882213295239544726e-01,1.000000000000000222e+00,9.882433425014514050e-01,9.839592655940155863e-01,9.839873592767899302e-01,9.882795642253641155e-01,9.882564084963402218e-01,9.882575079809688967e-01,9.882587554325377166e-01,9.882592170954359601e-01,9.882593913403879826e-01,9.882594572583662806e-01,9.882594810686374798e-01,9.882594812924260230e-01,9.882588480514283846e-01,9.882544435017843742e-01,9.882433425014514050e-01,1.000000000000000222e+00,9.839608629703284759e-01,9.797137958581780826e-01,9.839873592767902633e-01,9.839643039438994432e-01,9.839653982987758285e-01,9.839666395630227713e-01,9.839670974382690449e-01,9.839672664707020955e-01,9.839673199301562923e-01,9.839673073020456240e-01,9.839672222491168130e-01,9.839669492473356316e-01,9.839653367066584222e-01,9.839592655940155863e-01,9.839608629703284759e-01,1.000000000000000222e+00
1.000000000000000444e+00,7.642363908809010065e-01,7.777535748602872889e-01,7.778333425934697010e-01,7.778463302873090957e-01,7.778451319854439161e-01,7.778447143641773476e-01,7.778445630841945846e-01,7.778445767940052047e-01,7.778447636525471776e-01,7.778451318095482847e-01,7.778447008415958486e-01,7.778138261958599253e-01,7.769693072318226701e-01,7.863918845741920682e-01,7.642363908809010065e-01,1.000000000000000444e+00,7.546134464167773004e-01,7.684510059782038160e-01,7.685095225494276150e-01,7.685249598388548264e-01,7.685245013836082828e-01,7.685243954645797348e-01,7.685244215772903953e-01,7.685246041578992493e-01,7.685249650625138873e-01,7.685245374306598487e-01,7.684940316985644504e-01,7.676596312398420441e-01,7.769693072318221150e-01,7.777535748602872889e-01,7.546134464167773004e-01,1.000000000000000444e+00,7.555906882284342263e-01,7.692857107910406889e-01,7.693444237338027403e-01,7.693600720913413848e-01,7.693597740841698895e-01,7.693597919912110727e-01,7.693599677218954103e-01,7.693603186587320009e-01,7.693598838305659715e-01,7.693293411478088206e-01,7.684940316985638953e-01,7.778138261958589261e-01,7.778333425934697010e-01,7.684510059782038160e-01,7.555906882284342263e-01,1.000000000000000444e+00,7.556259220860847003e-01,7.693157998322565083e-01,7.693747431885592514e-01,7.693905440189415801e-01,7.693903694635678692e-01,7.693905364433450966e-01,7.693908799880064819e-01,7.693904345734746686e-01,7.693598838305659715e-01,7.685245374306591826e-01,7.778447008415947383e-01,7.778463302873090957e-01,7.685095225494276150e-01,7.692857107910406889e-01,7.556259220860847003e-01,1.000000000000000444e+00,7.556259800525243486e-01,7.693160079128686935e-01,7.693750995633726886e-01,7.693910236586087859e-01,7.693909980921018743e-01,7.693913328285635345e-01,7.693908799880050386e-01,7.693603186587304466e-01,7.685249650625115558e-01,7.778451318095456202e-01,7.778451319854439161e-01,7.685249598388548264e-01,7.693444237338027403e-01,7.693157998322565083e-01,7.556259800525243486e-01,1.000000000000000444e+00,7.556253156565538864e-01,7.693155708245295044e-01,7.693747828223020946e-01,7.693908559053448393e-01,7.693909980921029845e-01,7.693905364433445415e-01,7.693599677218951882e-01,7.685246041578982501e-01,7.778447636525454012e-01,7.778447143641773476e-01,7.685245013836082828e-01,7.693600720913413848e-01,7.693747431885592514e-01,7.693160079128686935e-01,7.556253156565538864e-01,1.000000000000000444e+00,7.556250090404144082e-01,7.693154226355618519e-01,7.693747828223025387e-01,7.693910236586102291e-01,7.693903694635678692e-01,7.693597919912110727e-01,7.685244215772895071e-01,7.778445767940039834e-01,7.778445630841945846e-01,7.685243954645797348e-01,7.693597740841698895e-01,7.693905440189415801e-01,7.693750995633726886e-01,7.693155708245295044e-01,7.556250090404144082e-01,1.000000000000000444e+00,7.556250090404146302e-01,7.693155708245300595e-01,7.693750995633742429e-01,7.693905440189415801e-01,7.693597740841698895e-01,7.685243954645789577e-01,7.778445630841935854e-01,7.778445767940052047e-01,7.685244215772903953e-01,7.693597919912110727e-01,7.693903694635678692e-01,7.693910236586087859e-01,7.693747828223020946e-01,7.693154226355618519e-01,7.556250090404146302e-01,1.000000000000000444e+00,7.556253156565547746e-01,7.693160079128705808e-01,7.693747431885595844e-01,7.693600720913417179e-01,7.685245013836078387e-01,7.778447143641765704e-01,7.778447636525471776e-01,7.685246041578992493e-01,7.693599677218954103e-01,7.693905364433450966e-01,7.693909980921018743e-01,7.693908559053448393e-01,7.693747828223025387e-01,7.693155708245300595e-01,7.556253156565547746e-01,1.000000000000000444e+00,7.556259800525269021e-01,7.693157998322571745e-01,7.693444237338034064e-01,7.685249598388547154e-01,7.778451319854432500e-01,7.778451318095482847e-01,7.685249650625138873e-01,7.693603186587320009e-01,7.693908799880064819e-01,7.693913328285635345e-01,7.693909980921029845e-01,7.693910236586102291e-01,7.693750995633742429e-01,7.693160079128705808e-01,7.556259800525269021e-01,1.000000000000000444e+00,7.556259220860868098e-01,7.692857107910424652e-01,7.685095225494288362e-01,7.778463302873095397e-01,7.778447008415958486e-01,7.685245374306598487e-01,7.693598838305659715e-01,7.693904345734746686e-01,7.693908799880050386e-01,7.693905364433445415e-01,7.693903694635678692e-01,7.693905440189415801e-01,7.693747431885595844e-01,7.693157998322571745e-01,7.556259220860868098e-01,1.000000000000000444e+00,7.555906882284342263e-01,7.684510059782033720e-01,7.778333425934684797e-01,7.778138261958599253e-01,7.684940316985644504e-01,7.693293411478088206e-01,7.693598838305659715e-01,7.693603186587304466e-01,7.693599677218951882e-01,7.693597919912110727e-01,7.693597740841698895e-01,7.693600720913417179e-01,7.693444237338034064e-01,7.692857107910424652e-01,7.555906882284342263e-01,1.000000000000000444e+00,7.546134464167766343e-01,7.777535748602861787e-01,7.769693072318226701e-01,7.676596312398420441e-01,7.684940316985638953e-01,7.685245374306591826e-01,7.685249650625115558e-01,7.685246041578982501e-01,7.685244215772895071e-01,7.685243954645789577e-01,7.685245013836078387e-01,7.685249598388547154e-01,7.685095225494288362e-01,7.684510059782033720e-01,7.546134464167766343e-01,1.000000000000000444e+00,7.642363908808991191e-01,7.863918845741920682e-01,7.769693072318221150e-01,7.778138261958589261e-01,7.778447008415947383e-01,7.778451318095456202e-01,7.778447636525454012e-01,7.778445767940039834e-01,7.778445630841935854e-01,7.778447143641765704e-01,7.778451319854432500e-01,7.778463302873095397e-01,7.778333425934684797e-01,7.777535748602861787e-01,7.642363908808991191e-01,1.000000000000000444e+00
9.999999999999973355e-01,7.385320137843719435e-01,7.572204034381424531e-01,7.558883567429730554e-01,7.559565538270565099e-01,7.559770804014983581e-01,7.559827248414801026e-01,7.559843327941940805e-01,7.559843276907294296e-01,7.559826738892374554e-01,7.559774083688681756e-01,7.559630768474263629e-01,7.559197769353800389e-01,7.537161959705717118e-01,7.272558500449595176e-01,7.385320137843719435e-01,9.999999999999973355e-01,7.718485503001559778e-01,7.845423195924197124e-01,7.834323620307852565e-01,7.834715983652309479e-01,7.834856344976959264e-01,7.834892102520866208e-01,7.834896591992680515e-01,7.834881012014112134e-01,7.834827069487391160e-01,7.834678813438453737e-01,7.834230186482196157e-01,7.811392688620255598e-01,7.537161959705718228e-01,7.572204034381424531e-01,7.718485503001559778e-01,9.999999999999973355e-01,7.744666677259613996e-01,7.868332818531577066e-01,7.857296152368410391e-01,7.857645343636436852e-01,7.857768831432814238e-01,7.857794208700844552e-01,7.857783902741892756e-01,7.857731726715969645e-01,7.857583847559597157e-01,7.857134278730687482e-01,7.834230186482200597e-01,7.559197769353802610e-01,7.558883567429730554e-01,7.845423195924197124e-01,7.744666677259613996e-01,9.999999999999973355e-01,7.745341432701592366e-01,7.868837401830287570e-01,7.857765510425259725e-01,7.858100609583572593e-01,7.858214449512268551e-01,7.858225279218975512e-01,7.858178524773098417e-01,7.858032608746950975e-01,7.857583847559584944e-01,7.834678813438444855e-01,7.559630768474255857e-01,7.559565538270565099e-01,7.834323620307852565e-01,7.868332818531577066e-01,7.745341432701592366e-01,9.999999999999973355e-01,7.745571052185781236e-01,7.869004795775034200e-01,7.857919895272247324e-01,7.858245337606252212e-01,7.858344635154976832e-01,7.858319018351053176e-01,7.858178524773105078e-01,7.857731726715964093e-01,7.834827069487391160e-01,7.559774083688680646e-01,7.559770804014983581e-01,7.834715983652309479e-01,7.857296152368410391e-01,7.868837401830287570e-01,7.745571052185781236e-01,9.999999999999973355e-01,7.745655075223100150e-01,7.869064831260983439e-01,7.857970882363615184e-01,7.858281783848077851e-01,7.858344635154993485e-01,7.858225279218998827e-01,7.857783902741904969e-01,7.834881012014124346e-01,7.559826738892391207e-01,7.559827248414801026e-01,7.834856344976959264e-01,7.857645343636436852e-01,7.857765510425259725e-01,7.869004795775034200e-01,7.745655075223100150e-01,9.999999999999973355e-01,7.745682095495605157e-01,7.869079220621756354e-01,7.857970882363600751e-01,7.858245337606254433e-01,7.858214449512276323e-01,7.857794208700842331e-01,7.834896591992680515e-01,7.559843276907294296e-01,7.559843327941940805e-01,7.834892102520866208e-01,7.857768831432814238e-01,7.858100609583572593e-01,7.857919895272247324e-01,7.869064831260983439e-01,7.745682095495605157e-01,9.999999999999973355e-01,7.745682095495602937e-01,7.869064831260966786e-01,7.857919895272248434e-01,7.858100609583579255e-01,7.857768831432809797e-01,7.834892102520865098e-01,7.559843327941940805e-01,7.559843276907294296e-01,7.834896591992680515e-01,7.857794208700844552e-01,7.858214449512268551e-01,7.858245337606252212e-01,7.857970882363615184e-01,7.869079220621756354e-01,7.745682095495602937e-01,9.999999999999973355e-01,7.745655075223077946e-01,7.869004795775031980e-01,7.857765510425264166e-01,7.857645343636430191e-01,7.834856344976954823e-01,7.559827248414796586e-01,7.559826738892374554e-01,7.834881012014112134e-01,7.857783902741892756e-01,7.858225279218975512e-01,7.858344635154976832e-01,7.858281783848077851e-01,7.857970882363600751e-01,7.869064831260966786e-01,7.745655075223077946e-01,9.999999999999973355e-01,7.745571052185763472e-01,7.868837401830273137e-01,7.857296152368388187e-01,7.834715983652289495e-01,7.559770804014963597e-01,7.559774083688681756e-01,7.834827069487391160e-01,7.857731726715969645e-01,7.858178524773098417e-01,7.858319018351053176e-01,7.858344635154993485e-01,7.858245337606254433e-01,7.857919895272248434e-01,7.869004795775031980e-01,7.745571052185763472e-01,9.999999999999973355e-01,7.745341432701596807e-01,7.868332818531570405e-01,7.834323620307850344e-01,7.559565538270567320e-01,7.559630768474263629e-01,7.834678813438453737e-01,7.857583847559597157e-01,7.858032608746950975e-01,7.858178524773105078e-01,7.858225279218998827e-01,7.858214449512276323e-01,7.858100609583579255e-01,7.857765510425264166e-01,7.868837401830273137e-01,7.745341432701596807e-01,9.999999999999973355e-01,7.744666677259615106e-01,7.845423195924197124e-01,7.558883567429734995e-01,7.559197769353800389e-01,7.834230186482196157e-01,7.857134278730687482e-01,7.857583847559584944e-01,7.857731726715964093e-01,7.857783902741904969e-01,7.857794208700842331e-01,7.857768831432809797e-01,7.857645343636430191e-01,7.857296152368388187e-01,7.868332818531570405e-01,7.744666677259615106e-01,9.999999999999973355e-01,7.718485503001548675e-01,7.572204034381415649e-01,7.537161959705717118e-01,7.811392688620255598e-01,7.834230186482200597e-01,7.834678813438444855e-01,7.834827069487391160e-01,7.834881012014124346e-01,7.834896591992680515e-01,7.834892102520865098e-01,7.834856344976954823e-01,7.834715983652289495e-01,7.834323620307850344e-01,7.845423195924197124e-01,7.718485503001548675e-01,9.999999999999973355e-01,7.385320137843714994e-01,7.272558500449595176e-01,7.537161959705718228e-01,7.559197769353802610e-01,7.559630768474255857e-01,7.559774083688680646e-01,7.559826738892391207e-01,7.559843276907294296e-01,7.559843327941940805e-01,7.559827248414796586e-01,7.559770804014963597e-01,7.559565538270567320e-01,7.558883567429734995e-01,7.572204034381415649e-01,7.385320137843714994e-01,9.999999999999973355e-01
9.999999999999966693e-01,9.563745149514373267e-01,9.542597260711821461e-01,9.542233604831039662e-01,9.541772493755610318e-01,9.541713416995885044e-01,9.541706849874646013e-01,9.541705654323092700e-01,9.541707757964822401e-01,9.541715903079039940e-01,9.541740598362352666e-01,9.541815621181746199e-01,9.542994549518040159e-01,9.566309119321676491e-01,9.486541701435431406e-01,9.563745149514373267e-01,9.999999999999966693e-01,9.622052879211234755e-01,9.622922121318114863e-01,9.622268150364025052e-01,9.621943590530994683e-01,9.621931553726146280e-01,9.621934717500122414e-01,9.621938172102987297e-01,9.621946851005063195e-01,9.621971957631948458e-01,9.622047710319234781e-01,9.623236603142105716e-01,9.646747242230861996e-01,9.566309119321676491e-01,9.542597260711821461e-01,9.622052879211234755e-01,9.999999999999966693e-01,9.597090765057156858e-01,9.599397912262357391e-01,9.598812799535054729e-01,9.598485733339052750e-01,9.598479124674033081e-01,9.598486396076582050e-01,9.598496118652177778e-01,9.598521485608275672e-01,9.598597181553477631e-01,9.599783234441787716e-01,9.623236603142109047e-01,9.542994549518045710e-01,9.542233604831039662e-01,9.622922121318114863e-01,9.597090765057156858e-01,9.999999999999966693e-01,9.595810231030097448e-01,9.598181876139855184e-01,9.597620284107357680e-01,9.597298181408978612e-01,9.597295270601612360e-01,9.597308743478999427e-01,9.597335151569127421e-01,9.597411151224016779e-01,9.598597181553483182e-01,9.622047710319243663e-01,9.541815621181753970e-01,9.541772493755610318e-01,9.622268150364025052e-01,9.599397912262357391e-01,9.595810231030097448e-01,9.999999999999966693e-01,9.595708655050363411e-01,9.598098326003388081e-01,9.597542947522480494e-01,9.597224661729145678e-01,9.597227950309720201e-01,9.597258108416516498e-01,9.597335151569125200e-01,9.598521485608277892e-01,9.621971957631952899e-01,9.541740598362359327e-01,9.541713416995885044e-01,9.621943590530994683e-01,9.598812799535054729e-01,9.598181876139855184e-01,9.595708655050363411e-01,9.999999999999966693e-01,9.595675339984105490e-01,9.598071712334754757e-01,9.597520066734864796e-01,9.597207975673640590e-01,9.597227950309712430e-01,9.597308743478990545e-01,9.598496118652172227e-01,9.621946851005060974e-01,9.541715903079039940e-01,9.541706849874646013e-01,9.621931553726146280e-01,9.598485733339052750e-01,9.597620284107357680e-01,9.598098326003388081e-01,9.595675339984105490e-01,9.999999999999966693e-01,9.595665174952935361e-01,9.598065548426232274e-01,9.597520066734867017e-01,9.597224661729140127e-01,9.597295270601604589e-01,9.598486396076577609e-01,9.621938172102985076e-01,9.541707757964823511e-01,9.541705654323092700e-01,9.621934717500122414e-01,9.598479124674033081e-01,9.597298181408978612e-01,9.597542947522480494e-01,9.598071712334754757e-01,9.595665174952935361e-01,9.999999999999966693e-01,9.595665174952937582e-01,9.598071712334759198e-01,9.597542947522476053e-01,9.597298181408973061e-01,9.598479124674030860e-01,9.621934717500122414e-01,9.541705654323094921e-01,9.541707757964822401e-01,9.621938172102987297e-01,9.598486396076582050e-01,9.597295270601612360e-01,9.597224661729145678e-01,9.597520066734864796e-01,9.598065548426232274e-01,9.595665174952937582e-01,9.999999999999966693e-01,9.595675339984112151e-01,9.598098326003386971e-01,9.597620284107354349e-01,9.598485733339052750e-01,9.621931553726149611e-01,9.541706849874649343e-01,9.541715903079039940e-01,9.621946851005063195e-01,9.598496118652177778e-01,9.597308743478999427e-01,9.597227950309720201e-01,9.597207975673640590e-01,9.597520066734867017e-01,9.598071712334759198e-01,9.595675339984112151e-01,9.999999999999966693e-01,9.595708655050365632e-01,9.598181876139852964e-01,9.598812799535056950e-01,9.621943590531000234e-01,9.541713416995890595e-01,9.541740598362352666e-01,9.621971957631948458e-01,9.598521485608275672e-01,9.597335151569127421e-01,9.597258108416516498e-01,9.597227950309712430e-01,9.597224661729140127e-01,9.597542947522476053e-01,9.598098326003386971e-01,9.595708655050365632e-01,9.999999999999966693e-01,9.595810231030087456e-01,9.599397912262350729e-01,9.622268150364021722e-01,9.541772493755608098e-01,9.541815621181746199e-01,9.622047710319234781e-01,9.598597181553477631e-01,9.597411151224016779e-01,9.597335151569125200e-01,9.597308743478990545e-01,9.597295270601604589e-01,9.597298181408973061e-01,9.597620284107354349e-01,9.598181876139852964e-01,9.595810231030087456e-01,9.999999999999966693e-01,9.597090765057147976e-01,9.622922121318111532e-01,9.542233604831035221e-01,9.542994549518040159e-01,9.623236603142105716e-01,9.599783234441787716e-01,9.598597181553483182e-01,9.598521485608277892e-01,9.598496118652172227e-01,9.598486396076577609e-01,9.598479124674030860e-01,9.598485733339052750e-01,9.598812799535056950e-01,9.599397912262350729e-01,9.597090765057147976e-01,9.999999999999966693e-01,9.622052879211233645e-01,9.542597260711824791e-01,9.566309119321676491e-01,9.646747242230861996e-01,9.623236603142109047e-01,9.622047710319243663e-01,9.621971957631952899e-01,9.621946851005060974e-01,9.621938172102985076e-01,9.621934717500122414e-01,9.621931553726149611e-01,9.621943590531000234e-01,9.622268150364021722e-01,9.622922121318111532e-01,9.622052879211233645e-01,9.999999999999966693e-01,9.563745149514378818e-01,9.486541701435431406e-01,9.566309119321676491e-01,9.542994549518045710e-01,9.541815621181753970e-01,9.541740598362359327e-01,9.541715903079039940e-01,9.541707757964823511e-01,9.541705654323094921e-01,9.541706849874649343e-01,9.541713416995890595e-01,9.541772493755608098e-01,9.542233604831035221e-01,9.542597260711824791e-01,9.563745149514378818e-01,9.999999999999966693e-01
9.999999999999978906e-01,6.993288841790888943e-01,7.231563118202803953e-01,7.241112895128275495e-01,7.243834448768236012e-01,7.243396161958184365e-01,7.243354368135878074e-01,7.243352392111153115e-01,7.243352430570564326e-01,7.243352261594085961e-01,7.243345522750488374e-01,7.243178408257561207e-01,7.236524129897243807e-01,7.198168964405794457e-01,7.620803863701253178e-01,6.993288841790888943e-01,9.999999999999978906e-01,6.555652391417590152e-01,6.835529818843776306e-01,6.839667621246318108e-01,6.842208752076859302e-01,6.841695705445589581e-01,6.841650273947049721e-01,6.841650444423541533e-01,6.841650431970898172e-01,6.841643936651979896e-01,6.841485984284162436e-01,6.835200672190557825e-01,6.798972581819224814e-01,7.198168964405784465e-01,7.231563118202803953e-01,6.555652391417590152e-01,9.999999999999978906e-01,6.606594308112372360e-01,6.872402932674096521e-01,6.876018298492521108e-01,6.878641556319350370e-01,6.878150123463269150e-01,6.878105852819829114e-01,6.878105811774798406e-01,6.878099524192536895e-01,6.877940681442766824e-01,6.871621824565252723e-01,6.835200672190551163e-01,7.236524129897228264e-01,7.241112895128275495e-01,6.835529818843776306e-01,6.606594308112372360e-01,9.999999999999978906e-01,6.614354481058838386e-01,6.878734914457056426e-01,6.882348603573151813e-01,6.884964998160660876e-01,6.884475308310500363e-01,6.884430729560384599e-01,6.884424266486092181e-01,6.884265441288246468e-01,6.877940681442773485e-01,6.841485984284160216e-01,7.243178408257551215e-01,7.243834448768236012e-01,6.839667621246318108e-01,6.872402932674096521e-01,6.614354481058838386e-01,9.999999999999978906e-01,6.614553977379342697e-01,6.878892591973275739e-01,6.882507553305053927e-01,6.885124285859631765e-01,6.884634241858178516e-01,6.884583257987600957e-01,6.884424266486086630e-01,6.878099524192535785e-01,6.841643936651971014e-01,7.243345522750471721e-01,7.243396161958184365e-01,6.842208752076859302e-01,6.876018298492521108e-01,6.878734914457056426e-01,6.614553977379342697e-01,9.999999999999978906e-01,6.614561036882262712e-01,6.878898388336798231e-01,6.882514343966991133e-01,6.885130691505780831e-01,6.884634241858180737e-01,6.884430729560377937e-01,6.878105811774798406e-01,6.841650431970891511e-01,7.243352261594070418e-01,7.243354368135878074e-01,6.841695705445589581e-01,6.878641556319350370e-01,6.882348603573151813e-01,6.878892591973275739e-01,6.614561036882262712e-01,9.999999999999978906e-01,6.614560054967091318e-01,6.878898750363229286e-01,6.882514343967007786e-01,6.885124285859649529e-01,6.884475308310513686e-01,6.878105852819845767e-01,6.841650444423551525e-01,7.243352430570566547e-01,7.243352392111153115e-01,6.841650273947049721e-01,6.878150123463269150e-01,6.884964998160660876e-01,6.882507553305053927e-01,6.878898388336798231e-01,6.614560054967091318e-01,9.999999999999978906e-01,6.614560054967085767e-01,6.878898388336811554e-01,6.882507553305067249e-01,6.884964998160667538e-01,6.878150123463280252e-01,6.841650273947054162e-01,7.243352392111152005e-01,7.243352430570564326e-01,6.841650444423541533e-01,6.878105852819829114e-01,6.884475308310500363e-01,6.885124285859631765e-01,6.882514343966991133e-01,6.878898750363229286e-01,6.614560054967085767e-01,9.999999999999978906e-01,6.614561036882273815e-01,6.878892591973285731e-01,6.882348603573154033e-01,6.878641556319358141e-01,6.841695705445589581e-01,7.243354368135872523e-01,7.243352261594085961e-01,6.841650431970898172e-01,6.878105811774798406e-01,6.884430729560384599e-01,6.884634241858178516e-01,6.885130691505780831e-01,6.882514343967007786e-01,6.878898388336811554e-01,6.614561036882273815e-01,9.999999999999978906e-01,6.614553977379373784e-01,6.878734914457078631e-01,6.876018298492546643e-01,6.842208752076877065e-01,7.243396161958195467e-01,7.243345522750488374e-01,6.841643936651979896e-01,6.878099524192536895e-01,6.884424266486092181e-01,6.884583257987600957e-01,6.884634241858180737e-01,6.885124285859649529e-01,6.882507553305067249e-01,6.878892591973285731e-01,6.614553977379373784e-01,9.999999999999978906e-01,6.614354481058866142e-01,6.872402932674120946e-01,6.839667621246334761e-01,7.243834448768244894e-01,7.243178408257561207e-01,6.841485984284162436e-01,6.877940681442766824e-01,6.884265441288246468e-01,6.884424266486086630e-01,6.884430729560377937e-01,6.884475308310513686e-01,6.884964998160667538e-01,6.882348603573154033e-01,6.878734914457078631e-01,6.614354481058866142e-01,9.999999999999978906e-01,6.606594308112397895e-01,6.835529818843792960e-01,7.241112895128282156e-01,7.236524129897243807e-01,6.835200672190557825e-01,6.871621824565252723e-01,6.877940681442773485e-01,6.878099524192535785e-01,6.878105811774798406e-01,6.878105852819845767e-01,6.878150123463280252e-01,6.878641556319358141e-01,6.876018298492546643e-01,6.872402932674120946e-01,6.606594308112397895e-01,9.999999999999978906e-01,6.555652391417613467e-01,7.231563118202815055e-01,7.198168964405794457e-01,6.798972581819224814e-01,6.835200672190551163e-01,6.841485984284160216e-01,6.841643936651971014e-01,6.841650431970891511e-01,6.841650444423551525e-01,6.841650273947054162e-01,6.841695705445589581e-01,6.842208752076877065e-01,6.839667621246334761e-01,6.835529818843792960e-01,6.555652391417613467e-01,9.999999999999978906e-01,6.993288841790892274e-01,7.620803863701253178e-01,7.198168964405784465e-01,7.236524129897228264e-01,7.243178408257551215e-01,7.243345522750471721e-01,7.243352261594070418e-01,7.243352430570566547e-01,7.243352392111152005e-01,7.243354368135872523e-01,7.243396161958195467e-01,7.243834448768244894e-01,7.241112895128282156e-01,7.231563118202815055e-01,6.993288841790892274e-01,9.999999999999978906e-01
