9.999999999999982236e-01,8.333469240065082273e-01,8.409224240501205205e-01,8.411516145033450798e-01,8.412073596782483342e-01,8.412196486042583521e-01,8.412235765147304534e-01,8.412248185111348420e-01,8.412249385788843625e-01,8.412240222345029883e-01,8.412207862954195203e-01,8.412094762783240975e-01,8.411167804620943711e-01,8.392637944996768073e-01,8.293536530672880325e-01,8.333469240065082273e-01,9.999999999999982236e-01,8.461871076896285704e-01,8.510164551431909086e-01,8.512168720278654455e-01,8.512629974321760384e-01,8.512728563981910579e-01,8.512758878577307842e-01,8.512765797160488646e-01,8.512758574006660250e-01,8.512726652042141851e-01,8.512612562157215734e-01,8.511674697988801386e-01,8.492923503293243748e-01,8.392637944996765853e-01,8.409224240501205205e-01,8.461871076896285704e-01,9.999999999999982236e-01,8.483111753482881490e-01,8.529128041163386298e-01,8.531011245476627369e-01,8.531439224273292821e-01,8.531527428712838423e-01,8.531551820665184138e-01,8.531550201447087867e-01,8.531520232316552876e-01,8.531406705319646289e-01,8.530467128414337408e-01,8.511674697988803606e-01,8.411167804620943711e-01,8.411516145033450798e-01,8.510164551431909086e-01,8.483111753482881490e-01,9.999999999999982236e-01,8.484249203512227444e-01,8.530104968467324689e-01,8.531963414064572815e-01,8.532382470527108964e-01,8.532465261630148845e-01,8.532481304587146154e-01,8.532457033903380061e-01,8.532345554032252366e-01,8.531406705319638517e-01,8.512612562157213514e-01,8.412094762783234314e-01,8.412073596782483342e-01,8.512168720278654455e-01,8.529128041163386298e-01,8.484249203512227444e-01,9.999999999999982236e-01,8.484409358211981722e-01,8.530231212295232845e-01,8.532081260850541415e-01,8.532494951397042726e-01,8.532569411949424421e-01,8.532562810694382938e-01,8.532457033903393384e-01,8.531520232316558427e-01,8.512726652042150732e-01,8.412207862954198534e-01,8.412196486042583521e-01,8.512629974321760384e-01,8.531011245476627369e-01,8.530104968467324689e-01,8.484409358211981722e-01,9.999999999999982236e-01,8.484457341112283668e-01,8.530267494254336613e-01,8.532112237293185686e-01,8.532517595128694676e-01,8.532569411949445515e-01,8.532481304587179460e-01,8.531550201447114512e-01,8.512758574006689116e-01,8.412240222345056528e-01,8.412235765147304534e-01,8.512728563981910579e-01,8.531439224273292821e-01,8.531963414064572815e-01,8.530231212295232845e-01,8.484457341112283668e-01,9.999999999999982236e-01,8.484472004060459316e-01,8.530275815437028397e-01,8.532112237293181245e-01,8.532494951397058269e-01,8.532465261630179931e-01,8.531551820665205232e-01,8.512765797160513070e-01,8.412249385788864720e-01,8.412248185111348420e-01,8.512758878577307842e-01,8.531527428712838423e-01,8.532382470527108964e-01,8.532081260850541415e-01,8.530267494254336613e-01,8.484472004060459316e-01,9.999999999999982236e-01,8.484472004060447103e-01,8.530267494254322180e-01,8.532081260850546967e-01,8.532382470527131169e-01,8.531527428712850636e-01,8.512758878577323385e-01,8.412248185111359522e-01,8.412249385788843625e-01,8.512765797160488646e-01,8.531551820665184138e-01,8.532465261630148845e-01,8.532494951397042726e-01,8.532112237293185686e-01,8.530275815437028397e-01,8.484472004060447103e-01,9.999999999999982236e-01,8.484457341112257023e-01,8.530231212295226184e-01,8.531963414064581697e-01,8.531439224273295041e-01,8.512728563981916130e-01,8.412235765147303423e-01,8.412240222345029883e-01,8.512758574006660250e-01,8.531550201447087867e-01,8.532481304587146154e-01,8.532569411949424421e-01,8.532517595128694676e-01,8.532112237293181245e-01,8.530267494254322180e-01,8.484457341112257023e-01,9.999999999999982236e-01,8.484409358211972840e-01,8.530104968467325799e-01,8.531011245476622928e-01,8.512629974321759274e-01,8.412196486042579080e-01,8.412207862954195203e-01,8.512726652042141851e-01,8.531520232316552876e-01,8.532457033903380061e-01,8.532562810694382938e-01,8.532569411949445515e-01,8.532494951397058269e-01,8.532081260850546967e-01,8.530231212295226184e-01,8.484409358211972840e-01,9.999999999999982236e-01,8.484249203512255200e-01,8.529128041163402951e-01,8.512168720278676659e-01,8.412073596782504437e-01,8.412094762783240975e-01,8.512612562157215734e-01,8.531406705319646289e-01,8.532345554032252366e-01,8.532457033903393384e-01,8.532481304587179460e-01,8.532465261630179931e-01,8.532382470527131169e-01,8.531963414064581697e-01,8.530104968467325799e-01,8.484249203512255200e-01,9.999999999999982236e-01,8.483111753482914796e-01,8.510164551431941282e-01,8.411516145033479663e-01,8.411167804620943711e-01,8.511674697988801386e-01,8.530467128414337408e-01,8.531406705319638517e-01,8.531520232316558427e-01,8.531550201447114512e-01,8.531551820665205232e-01,8.531527428712850636e-01,8.531439224273295041e-01,8.531011245476622928e-01,8.529128041163402951e-01,8.483111753482914796e-01,9.999999999999982236e-01,8.461871076896314570e-01,8.409224240501228520e-01,8.392637944996768073e-01,8.492923503293243748e-01,8.511674697988803606e-01,8.512612562157213514e-01,8.512726652042150732e-01,8.512758574006689116e-01,8.512765797160513070e-01,8.512758878577323385e-01,8.512728563981916130e-01,8.512629974321759274e-01,8.512168720278676659e-01,8.510164551431941282e-01,8.461871076896314570e-01,9.999999999999982236e-01,8.333469240065110029e-01,8.293536530672880325e-01,8.392637944996765853e-01,8.411167804620943711e-01,8.412094762783234314e-01,8.412207862954198534e-01,8.412240222345056528e-01,8.412249385788864720e-01,8.412248185111359522e-01,8.412235765147303423e-01,8.412196486042579080e-01,8.412073596782504437e-01,8.411516145033479663e-01,8.409224240501228520e-01,8.333469240065110029e-01,9.999999999999982236e-01
1.000000000000007105e+00,7.449694902903740701e-01,7.541116011772219796e-01,7.569193414404464804e-01,7.571899971577451538e-01,7.570719064618134375e-01,7.570727397163840022e-01,7.570737992525978788e-01,7.570739699800694833e-01,7.570745942627702396e-01,7.570708431521790960e-01,7.568813156068074921e-01,7.554350705240210351e-01,7.592182938181578633e-01,7.992372191587202579e-01,7.449694902903740701e-01,1.000000000000007105e+00,6.963516580153304991e-01,7.176100065001893569e-01,7.194498375098001830e-01,7.193060092521058602e-01,7.191629884909622739e-01,7.191659077833993940e-01,7.191668234670071103e-01,7.191671143642811570e-01,7.191634008765128705e-01,7.189832931648749703e-01,7.176094285852662180e-01,7.212032038096174436e-01,7.592182938181601948e-01,7.541116011772219796e-01,6.963516580153304991e-01,1.000000000000007105e+00,6.937391594834227959e-01,7.141938904945022148e-01,7.158404217403432357e-01,7.157241188344856120e-01,7.155796492720019053e-01,7.155822637363397076e-01,7.155837076673108310e-01,7.155798900177493538e-01,7.154006148923077735e-01,7.140335712772155619e-01,7.176094285852641086e-01,7.554350705240209241e-01,7.569193414404464804e-01,7.176100065001893569e-01,6.937391594834227959e-01,1.000000000000007105e+00,6.955518278717874869e-01,7.155754048346915086e-01,7.172045780936785464e-01,7.170934177936711951e-01,7.169498472061655026e-01,7.169527928991390464e-01,7.169500915404242170e-01,7.167703433003216329e-01,7.154006148923108821e-01,7.189832931648756364e-01,7.568813156068107117e-01,7.571899971577451538e-01,7.194498375098001830e-01,7.141938904945022148e-01,6.955518278717874869e-01,1.000000000000007105e+00,6.957668008918104219e-01,7.157556518010951274e-01,7.173840677006110278e-01,7.172730141552760008e-01,7.171299693459947111e-01,7.171287673823649733e-01,7.169500915404213304e-01,7.155798900177493538e-01,7.191634008765107611e-01,7.570708431521788739e-01,7.570719064618134375e-01,7.193060092521058602e-01,7.158404217403432357e-01,7.155754048346915086e-01,6.957668008918104219e-01,1.000000000000007105e+00,6.957703696110678626e-01,7.157591718683335991e-01,7.173878332493139887e-01,7.172771593149366298e-01,7.171299693459900482e-01,7.169527928991313859e-01,7.155837076673062791e-01,7.191671143642740516e-01,7.570745942627652436e-01,7.570727397163840022e-01,7.191629884909622739e-01,7.157241188344856120e-01,7.172045780936785464e-01,7.157556518010951274e-01,6.957703696110678626e-01,1.000000000000007105e+00,6.957695184339465211e-01,7.157587401470110189e-01,7.173878332493139887e-01,7.172730141552714489e-01,7.169498472061576200e-01,7.155822637363349337e-01,7.191668234670000048e-01,7.570739699800645983e-01,7.570737992525978788e-01,7.191659077833993940e-01,7.155796492720019053e-01,7.170934177936711951e-01,7.173840677006110278e-01,7.157591718683335991e-01,6.957695184339465211e-01,1.000000000000007105e+00,6.957695184339502958e-01,7.157591718683370408e-01,7.173840677006098066e-01,7.170934177936668652e-01,7.155796492720005730e-01,7.191659077833956193e-01,7.570737992525964355e-01,7.570739699800694833e-01,7.191668234670071103e-01,7.155822637363397076e-01,7.169498472061655026e-01,7.172730141552760008e-01,7.173878332493139887e-01,7.157587401470110189e-01,6.957695184339502958e-01,1.000000000000007105e+00,6.957703696110755232e-01,7.157556518010966817e-01,7.172045780936773252e-01,7.157241188344876104e-01,7.191629884909617187e-01,7.570727397163857786e-01,7.570745942627702396e-01,7.191671143642811570e-01,7.155837076673108310e-01,7.169527928991390464e-01,7.171299693459947111e-01,7.172771593149366298e-01,7.173878332493139887e-01,7.157591718683370408e-01,6.957703696110755232e-01,1.000000000000007105e+00,6.957668008918125313e-01,7.155754048346899543e-01,7.158404217403451231e-01,7.193060092521053051e-01,7.570719064618151029e-01,7.570708431521790960e-01,7.191634008765128705e-01,7.155798900177493538e-01,7.169500915404242170e-01,7.171287673823649733e-01,7.171299693459900482e-01,7.172730141552714489e-01,7.173840677006098066e-01,7.157556518010966817e-01,6.957668008918125313e-01,1.000000000000007105e+00,6.955518278717803815e-01,7.141938904944992172e-01,7.194498375097950760e-01,7.571899971577423782e-01,7.568813156068074921e-01,7.189832931648749703e-01,7.154006148923077735e-01,7.167703433003216329e-01,7.169500915404213304e-01,7.169527928991313859e-01,7.169498472061576200e-01,7.170934177936668652e-01,7.172045780936773252e-01,7.155754048346899543e-01,6.955518278717803815e-01,1.000000000000007105e+00,6.937391594834159125e-01,7.176100065001809192e-01,7.569193414404402631e-01,7.554350705240210351e-01,7.176094285852662180e-01,7.140335712772155619e-01,7.154006148923108821e-01,7.155798900177493538e-01,7.155837076673062791e-01,7.155822637363349337e-01,7.155796492720005730e-01,7.157241188344876104e-01,7.158404217403451231e-01,7.141938904944992172e-01,6.937391594834159125e-01,1.000000000000007105e+00,6.963516580153243929e-01,7.541116011772186489e-01,7.592182938181578633e-01,7.212032038096174436e-01,7.176094285852641086e-01,7.189832931648756364e-01,7.191634008765107611e-01,7.191671143642740516e-01,7.191668234670000048e-01,7.191659077833956193e-01,7.191629884909617187e-01,7.193060092521053051e-01,7.194498375097950760e-01,7.176100065001809192e-01,6.963516580153243929e-01,1.000000000000007105e+00,7.449694902903678528e-01,7.992372191587202579e-01,7.592182938181601948e-01,7.554350705240209241e-01,7.568813156068107117e-01,7.570708431521788739e-01,7.570745942627652436e-01,7.570739699800645983e-01,7.570737992525964355e-01,7.570727397163857786e-01,7.570719064618151029e-01,7.571899971577423782e-01,7.569193414404402631e-01,7.541116011772186489e-01,7.449694902903678528e-01,1.000000000000007105e+00
1.000000000000013101e+00,5.980188708874456527e-01,6.519585323713485980e-01,6.681616107986548814e-01,6.685822962554679449e-01,6.656297950868347302e-01,6.663064689148915365e-01,6.664301128356869830e-01,6.663824276764124255e-01,6.664026509288234479e-01,6.668330532397096500e-01,6.669916302198833913e-01,6.526230564031794135e-01,6.329713286368363612e-01,7.261259985091188529e-01,5.980188708874456527e-01,1.000000000000013101e+00,5.123774506778977500e-01,5.837059700355323733e-01,5.843896221402995472e-01,5.819912850221855560e-01,5.798505300204638280e-01,5.808480465162505491e-01,5.809512061529291671e-01,5.809127335155892524e-01,5.812831127113433638e-01,5.814230076636957012e-01,5.688979824315484324e-01,5.517674242211394464e-01,6.329713286368374714e-01,6.519585323713485980e-01,5.123774506778977500e-01,1.000000000000013101e+00,5.519004174620409930e-01,6.005735768180292533e-01,6.013358116602743886e-01,6.003843763544333134e-01,5.979883153626320835e-01,5.988347844062310577e-01,5.990018531362661935e-01,5.993356001989593729e-01,5.994727714734165991e-01,5.865601737607102351e-01,5.688979824315454348e-01,6.526230564031774151e-01,6.681616107986548814e-01,5.837059700355323733e-01,5.519004174620409930e-01,1.000000000000013101e+00,5.684459900593485937e-01,6.132807337491201771e-01,6.144241445518192624e-01,6.134937917094507309e-01,6.112036428653727649e-01,6.120488466099769376e-01,6.125809582035797174e-01,6.126763904059815413e-01,5.994727714734202628e-01,5.814230076636964784e-01,6.669916302198852787e-01,6.685822962554679449e-01,5.843896221402995472e-01,6.005735768180292533e-01,5.684459900593485937e-01,1.000000000000013101e+00,5.677724753636955723e-01,6.131213754638761282e-01,6.143165069026925718e-01,6.133269930765179456e-01,6.110752337015368241e-01,6.122996720661952885e-01,6.125809582035781631e-01,5.993356001989611492e-01,5.812831127113425866e-01,6.668330532397096500e-01,6.656297950868347302e-01,5.819912850221855560e-01,6.013358116602743886e-01,6.132807337491201771e-01,5.677724753636955723e-01,1.000000000000013101e+00,5.672453583809595745e-01,6.127356244492209170e-01,6.139227897004353451e-01,6.129555921623103254e-01,6.110752337015327162e-01,6.120488466099710534e-01,5.990018531362643062e-01,5.809127335155845895e-01,6.664026509288190070e-01,6.663064689148915365e-01,5.798505300204638280e-01,6.003843763544333134e-01,6.144241445518192624e-01,6.131213754638761282e-01,5.672453583809595745e-01,1.000000000000013101e+00,5.672227391009119213e-01,6.127091478830326565e-01,6.139227897004356782e-01,6.133269930765142819e-01,6.112036428653672138e-01,5.988347844062297254e-01,5.809512061529248372e-01,6.663824276764085397e-01,6.664301128356869830e-01,5.808480465162505491e-01,5.979883153626320835e-01,6.134937917094507309e-01,6.143165069026925718e-01,6.127356244492209170e-01,5.672227391009119213e-01,1.000000000000013101e+00,5.672227391009156960e-01,6.127356244492241366e-01,6.143165069026914615e-01,6.134937917094479554e-01,5.979883153626328607e-01,5.808480465162486617e-01,6.664301128356862058e-01,6.663824276764124255e-01,5.809512061529291671e-01,5.988347844062310577e-01,6.112036428653727649e-01,6.133269930765179456e-01,6.139227897004353451e-01,6.127091478830326565e-01,5.672227391009156960e-01,1.000000000000013101e+00,5.672453583809673461e-01,6.131213754638781266e-01,6.144241445518197065e-01,6.003843763544369772e-01,5.798505300204643831e-01,6.663064689148937569e-01,6.664026509288234479e-01,5.809127335155892524e-01,5.990018531362661935e-01,6.120488466099769376e-01,6.110752337015368241e-01,6.129555921623103254e-01,6.139227897004356782e-01,6.127356244492241366e-01,5.672453583809673461e-01,1.000000000000013101e+00,5.677724753636986810e-01,6.132807337491212873e-01,6.013358116602793846e-01,5.819912850221868883e-01,6.656297950868372837e-01,6.668330532397096500e-01,5.812831127113433638e-01,5.993356001989593729e-01,6.125809582035797174e-01,6.122996720661952885e-01,6.110752337015327162e-01,6.133269930765142819e-01,6.143165069026914615e-01,6.131213754638781266e-01,5.677724753636986810e-01,1.000000000000013101e+00,5.684459900593445969e-01,6.005735768180298084e-01,5.843896221402973268e-01,6.685822962554663906e-01,6.669916302198833913e-01,5.814230076636957012e-01,5.994727714734165991e-01,6.126763904059815413e-01,6.125809582035781631e-01,6.120488466099710534e-01,6.112036428653672138e-01,6.134937917094479554e-01,6.144241445518197065e-01,6.132807337491212873e-01,5.684459900593445969e-01,1.000000000000013101e+00,5.519004174620393277e-01,5.837059700355282654e-01,6.681616107986517727e-01,6.526230564031794135e-01,5.688979824315484324e-01,5.865601737607102351e-01,5.994727714734202628e-01,5.993356001989611492e-01,5.990018531362643062e-01,5.988347844062297254e-01,5.979883153626328607e-01,6.003843763544369772e-01,6.013358116602793846e-01,6.005735768180298084e-01,5.519004174620393277e-01,1.000000000000013101e+00,5.123774506778969728e-01,6.519585323713488201e-01,6.329713286368363612e-01,5.517674242211394464e-01,5.688979824315454348e-01,5.814230076636964784e-01,5.812831127113425866e-01,5.809127335155845895e-01,5.809512061529248372e-01,5.808480465162486617e-01,5.798505300204643831e-01,5.819912850221868883e-01,5.843896221402973268e-01,5.837059700355282654e-01,5.123774506778969728e-01,1.000000000000013101e+00,5.980188708874425441e-01,7.261259985091188529e-01,6.329713286368374714e-01,6.526230564031774151e-01,6.669916302198852787e-01,6.668330532397096500e-01,6.664026509288190070e-01,6.663824276764085397e-01,6.664301128356862058e-01,6.663064689148937569e-01,6.656297950868372837e-01,6.685822962554663906e-01,6.681616107986517727e-01,6.519585323713488201e-01,5.980188708874425441e-01,1.000000000000013101e+00
1.000000000000038192e+00,5.827727790346970416e-01,5.782262824054320571e-01,6.163327631366495307e-01,6.301817695969934574e-01,6.251212772341021573e-01,6.195172681467545628e-01,6.215326289278872984e-01,6.222224579353941021e-01,6.221332534674157699e-01,6.266814991726123996e-01,6.234083333632843837e-01,5.669436735125218396e-01,6.236631724779296837e-01,6.297151929744443377e-01,5.827727790346970416e-01,1.000000000000038192e+00,5.047991605289705586e-01,6.231119279656001098e-01,6.215985630583819033e-01,6.198030693606285668e-01,6.145311112055744651e-01,6.140358307001482219e-01,6.163147804864016477e-01,6.164835737247229552e-01,6.206169783381421112e-01,6.173883339652882496e-01,5.614997819747300500e-01,6.176702767792996429e-01,6.236631724779289065e-01,5.782262824054320571e-01,5.047991605289705586e-01,1.000000000000038192e+00,5.044820970303326435e-01,5.712542685924408836e-01,5.570570372212264587e-01,5.648348419339339621e-01,5.604552177993902262e-01,5.571244457253740068e-01,5.602399327738962764e-01,5.647318262339345862e-01,5.612287798842918729e-01,5.103765077574393683e-01,5.614997819747308272e-01,5.669436735125219506e-01,6.163327631366495307e-01,6.231119279656001098e-01,5.044820970303326435e-01,1.000000000000038192e+00,5.790254927469583590e-01,6.208382943583667934e-01,6.133722921594432220e-01,6.197637414856420612e-01,6.161146982765173252e-01,6.136208649873579057e-01,6.205154108109491862e-01,6.175893514750042668e-01,5.612287798842918729e-01,6.173883339652896929e-01,6.234083333632844948e-01,6.301817695969934574e-01,6.215985630583819033e-01,5.712542685924408836e-01,5.790254927469583590e-01,1.000000000000038192e+00,5.774747352515693377e-01,6.237257529706138337e-01,6.169475696969730638e-01,6.229455689422466191e-01,6.194738871970404404e-01,6.215239888222791054e-01,6.205154108109497413e-01,5.647318262339354744e-01,6.206169783381438876e-01,6.266814991726132877e-01,6.251212772341021573e-01,6.198030693606285668e-01,5.570570372212264587e-01,6.208382943583667934e-01,5.774747352515693377e-01,1.000000000000038192e+00,5.713415523792602091e-01,6.194572894156099574e-01,6.122128003015513409e-01,6.187994715330249473e-01,6.194738871970382199e-01,6.136208649873564624e-01,5.602399327738951662e-01,6.164835737247227332e-01,6.221332534674146597e-01,6.195172681467545628e-01,6.145311112055744651e-01,5.648348419339339621e-01,6.133722921594432220e-01,6.237257529706138337e-01,5.713415523792602091e-01,1.000000000000038192e+00,5.711147665888189895e-01,6.190330251569640119e-01,6.122128003015490094e-01,6.229455689422421782e-01,6.161146982765135505e-01,5.571244457253707871e-01,6.163147804863993162e-01,6.222224579353909935e-01,6.215326289278872984e-01,6.140358307001482219e-01,5.604552177993902262e-01,6.197637414856420612e-01,6.169475696969730638e-01,6.194572894156099574e-01,5.711147665888189895e-01,1.000000000000038192e+00,5.711147665888235414e-01,6.194572894156118448e-01,6.169475696969721756e-01,6.197637414856418392e-01,5.604552177993898932e-01,6.140358307001493321e-01,6.215326289278876315e-01,6.222224579353941021e-01,6.163147804864016477e-01,5.571244457253740068e-01,6.161146982765173252e-01,6.229455689422466191e-01,6.122128003015513409e-01,6.190330251569640119e-01,5.711147665888235414e-01,1.000000000000038192e+00,5.713415523792666484e-01,6.237257529706167203e-01,6.133722921594462196e-01,5.648348419339378479e-01,6.145311112055782399e-01,6.195172681467582265e-01,6.221332534674157699e-01,6.164835737247229552e-01,5.602399327738962764e-01,6.136208649873579057e-01,6.194738871970404404e-01,6.187994715330249473e-01,6.122128003015490094e-01,6.194572894156118448e-01,5.713415523792666484e-01,1.000000000000038192e+00,5.774747352515704479e-01,6.208382943583684588e-01,5.570570372212277910e-01,6.198030693606311203e-01,6.251212772341036006e-01,6.266814991726123996e-01,6.206169783381421112e-01,5.647318262339345862e-01,6.205154108109491862e-01,6.215239888222791054e-01,6.194738871970382199e-01,6.229455689422421782e-01,6.169475696969721756e-01,6.237257529706167203e-01,5.774747352515704479e-01,1.000000000000038192e+00,5.790254927469573598e-01,5.712542685924406616e-01,6.215985630583823474e-01,6.301817695969936794e-01,6.234083333632843837e-01,6.173883339652882496e-01,5.612287798842918729e-01,6.175893514750042668e-01,6.205154108109497413e-01,6.136208649873564624e-01,6.161146982765135505e-01,6.197637414856418392e-01,6.133722921594462196e-01,6.208382943583684588e-01,5.790254927469573598e-01,1.000000000000038192e+00,5.044820970303326435e-01,6.231119279656008869e-01,6.163327631366496417e-01,5.669436735125218396e-01,5.614997819747300500e-01,5.103765077574393683e-01,5.612287798842918729e-01,5.647318262339354744e-01,5.602399327738951662e-01,5.571244457253707871e-01,5.604552177993898932e-01,5.648348419339378479e-01,5.570570372212277910e-01,5.712542685924406616e-01,5.044820970303326435e-01,1.000000000000038192e+00,5.047991605289721129e-01,5.782262824054317241e-01,6.236631724779296837e-01,6.176702767792996429e-01,5.614997819747308272e-01,6.173883339652896929e-01,6.206169783381438876e-01,6.164835737247227332e-01,6.163147804863993162e-01,6.140358307001493321e-01,6.145311112055782399e-01,6.198030693606311203e-01,6.215985630583823474e-01,6.231119279656008869e-01,5.047991605289721129e-01,1.000000000000038192e+00,5.827727790346987069e-01,6.297151929744443377e-01,6.236631724779289065e-01,5.669436735125219506e-01,6.234083333632844948e-01,6.266814991726132877e-01,6.221332534674146597e-01,6.222224579353909935e-01,6.215326289278876315e-01,6.195172681467582265e-01,6.251212772341036006e-01,6.301817695969936794e-01,6.163327631366496417e-01,5.782262824054317241e-01,5.827727790346987069e-01,1.000000000000038192e+00
1.000000000000044631e+00,4.764099214084856482e-01,3.963475237247640059e-01,4.177331422240522785e-01,4.505579117255291144e-01,4.474236412212198033e-01,4.503869976169940226e-01,4.401512796350997014e-01,4.390367208244336239e-01,4.502433671221034439e-01,4.547463468798774722e-01,4.089142367123586030e-01,4.092131938533289937e-01,5.132443984554102556e-01,3.213712897202376517e-01,4.764099214084856482e-01,1.000000000000044631e+00,6.302088945355232008e-01,6.578455619470395810e-01,7.233826208947673475e-01,7.184983248500964592e-01,7.081929198634214773e-01,7.080420109848990506e-01,7.052238994611784717e-01,7.157447598850179560e-01,7.257987985867448977e-01,6.539373824226056842e-01,6.534074491750412328e-01,8.196207601454876812e-01,5.132443984554098115e-01,3.963475237247640059e-01,6.302088945355232008e-01,1.000000000000044631e+00,4.494436839309343679e-01,5.853449425153552932e-01,5.745892950213700168e-01,5.610910539463334068e-01,5.658868184060235063e-01,5.671363556170214704e-01,5.672490145575053155e-01,5.770175127586707475e-01,5.233987737270914264e-01,5.211426328101806948e-01,6.534074491750432312e-01,4.092131938533304925e-01,4.177331422240522785e-01,6.578455619470395810e-01,4.494436839309343679e-01,1.000000000000044631e+00,5.274540623452932397e-01,5.710312718297005929e-01,5.670954529671483613e-01,5.643978745483198001e-01,5.647010569763351029e-01,5.746443206878074639e-01,5.755123747254400346e-01,5.194734803619565078e-01,5.233987737270912044e-01,6.539373824226073495e-01,4.089142367123595467e-01,4.505579117255291144e-01,7.233826208947673475e-01,5.853449425153552932e-01,5.274540623452932397e-01,1.000000000000044631e+00,5.955138953080619801e-01,6.250381853784060526e-01,6.292881115626914879e-01,6.247053906789161726e-01,6.341156204170623756e-01,6.441869311412894428e-01,5.755123747254382582e-01,5.770175127586687491e-01,7.257987985867445646e-01,4.547463468798776387e-01,4.474236412212198033e-01,7.184983248500964592e-01,5.745892950213700168e-01,5.710312718297005929e-01,5.955138953080619801e-01,1.000000000000044631e+00,5.758917426864177402e-01,6.186848302639387231e-01,6.208628895480785559e-01,6.249198849866053340e-01,6.341156204170627086e-01,5.746443206878064647e-01,5.672490145575036502e-01,7.157447598850184001e-01,4.502433671221039990e-01,4.503869976169940226e-01,7.081929198634214773e-01,5.610910539463334068e-01,5.670954529671483613e-01,6.250381853784060526e-01,5.758917426864177402e-01,1.000000000000044631e+00,5.668368621047754630e-01,6.104066464598033592e-01,6.208628895480751142e-01,6.247053906789127309e-01,5.647010569763294408e-01,5.671363556170166964e-01,7.052238994611744749e-01,4.390367208244309594e-01,4.401512796350997014e-01,7.080420109848990506e-01,5.658868184060235063e-01,5.643978745483198001e-01,6.292881115626914879e-01,6.186848302639387231e-01,5.668368621047754630e-01,1.000000000000044631e+00,5.668368621047804590e-01,6.186848302639386121e-01,6.292881115626928201e-01,5.643978745483186898e-01,5.658868184060226181e-01,7.080420109848999388e-01,4.401512796350993684e-01,4.390367208244336239e-01,7.052238994611784717e-01,5.671363556170214704e-01,5.647010569763351029e-01,6.247053906789161726e-01,6.208628895480785559e-01,6.104066464598033592e-01,5.668368621047804590e-01,1.000000000000044631e+00,5.758917426864235134e-01,6.250381853784111597e-01,5.670954529671514699e-01,5.610910539463355162e-01,7.081929198634270284e-01,4.503869976169975198e-01,4.502433671221034439e-01,7.157447598850179560e-01,5.672490145575053155e-01,5.746443206878074639e-01,6.341156204170623756e-01,6.249198849866053340e-01,6.208628895480751142e-01,6.186848302639386121e-01,5.758917426864235134e-01,1.000000000000044631e+00,5.955138953080640896e-01,5.710312718296994827e-01,5.745892950213691286e-01,7.184983248500980135e-01,4.474236412212210245e-01,4.547463468798774722e-01,7.257987985867448977e-01,5.770175127586707475e-01,5.755123747254400346e-01,6.441869311412894428e-01,6.341156204170627086e-01,6.247053906789127309e-01,6.292881115626928201e-01,6.250381853784111597e-01,5.955138953080640896e-01,1.000000000000044631e+00,5.274540623452933508e-01,5.853449425153555152e-01,7.233826208947695680e-01,4.505579117255304467e-01,4.089142367123586030e-01,6.539373824226056842e-01,5.233987737270914264e-01,5.194734803619565078e-01,5.755123747254382582e-01,5.746443206878064647e-01,5.647010569763294408e-01,5.643978745483186898e-01,5.670954529671514699e-01,5.710312718296994827e-01,5.274540623452933508e-01,1.000000000000044631e+00,4.494436839309318699e-01,6.578455619470393589e-01,4.177331422240512238e-01,4.092131938533289937e-01,6.534074491750412328e-01,5.211426328101806948e-01,5.233987737270912044e-01,5.770175127586687491e-01,5.672490145575036502e-01,5.671363556170166964e-01,5.658868184060226181e-01,5.610910539463355162e-01,5.745892950213691286e-01,5.853449425153555152e-01,4.494436839309318699e-01,1.000000000000044631e+00,6.302088945355229788e-01,3.963475237247633398e-01,5.132443984554102556e-01,8.196207601454876812e-01,6.534074491750432312e-01,6.539373824226073495e-01,7.257987985867445646e-01,7.157447598850184001e-01,7.052238994611744749e-01,7.080420109848999388e-01,7.081929198634270284e-01,7.184983248500980135e-01,7.233826208947695680e-01,6.578455619470393589e-01,6.302088945355229788e-01,1.000000000000044631e+00,4.764099214084873690e-01,3.213712897202376517e-01,5.132443984554098115e-01,4.092131938533304925e-01,4.089142367123595467e-01,4.547463468798776387e-01,4.502433671221039990e-01,4.390367208244309594e-01,4.401512796350993684e-01,4.503869976169975198e-01,4.474236412212210245e-01,4.505579117255304467e-01,4.177331422240512238e-01,3.963475237247633398e-01,4.764099214084873690e-01,1.000000000000044631e+00
1.000000000000039968e+00,4.283238321609913468e-01,5.251885503583963999e-01,4.708143509781453906e-01,4.427086268886383236e-01,5.083676465185228421e-01,4.941765155885146643e-01,4.810185415093204409e-01,4.994138496372838576e-01,5.039878934989777681e-01,4.428942477236746389e-01,4.570684630954520156e-01,5.370962522893141244e-01,4.983880720520852403e-01,3.945148796360425925e-01,4.283238321609913468e-01,1.000000000000039968e+00,6.531156483703844939e-01,5.586788730279595994e-01,5.754741125220387277e-01,6.402419727891685008e-01,6.251613405367357768e-01,6.154114946723556745e-01,6.242557948002537271e-01,6.430479925918951567e-01,5.622714741893677370e-01,5.737428385221280402e-01,6.812643646901550554e-01,6.320955323122252612e-01,4.983880720520901253e-01,5.251885503583963999e-01,6.531156483703844939e-01,1.000000000000039968e+00,5.803447226685152227e-01,6.092610458342584412e-01,6.926492942450894752e-01,6.735174568955676344e-01,6.574938000864353205e-01,6.706103073658954417e-01,6.921828540180570144e-01,6.110319932146268673e-01,6.133590171136447111e-01,7.305504126403701282e-01,6.812643646901492822e-01,5.370962522893145685e-01,4.708143509781453906e-01,5.586788730279595994e-01,5.803447226685152227e-01,1.000000000000039968e+00,4.375943162182657220e-01,5.866779419392180728e-01,5.724416267642750134e-01,5.492997536289925264e-01,5.703072954976909914e-01,5.850774847679780510e-01,5.122575406405038834e-01,5.222096993074478721e-01,6.133590171136474867e-01,5.737428385221261529e-01,4.570684630954547911e-01,4.427086268886383236e-01,5.754741125220387277e-01,6.092610458342584412e-01,4.375943162182657220e-01,1.000000000000039968e+00,5.239588971696297337e-01,5.506048344220069168e-01,5.514094535653230045e-01,5.581545187740325487e-01,5.756628231241290861e-01,5.061103355633627121e-01,5.122575406405005527e-01,6.110319932146268673e-01,5.622714741893628521e-01,4.428942477236745834e-01,5.083676465185228421e-01,6.402419727891685008e-01,6.926492942450894752e-01,5.866779419392180728e-01,5.239588971696297337e-01,1.000000000000039968e+00,5.990024621804740379e-01,6.141921552904834325e-01,6.420517976084689771e-01,6.526704366374013189e-01,5.756628231241269766e-01,5.850774847679720558e-01,6.921828540180536837e-01,6.430479925918869410e-01,5.039878934989754367e-01,4.941765155885146643e-01,6.251613405367357768e-01,6.735174568955676344e-01,5.724416267642750134e-01,5.506048344220069168e-01,5.990024621804740379e-01,1.000000000000039968e+00,5.578411122950126533e-01,6.130623858938488713e-01,6.420517976084714196e-01,5.581545187740323266e-01,5.703072954976886599e-01,6.706103073658946645e-01,6.242557948002476209e-01,4.994138496372840796e-01,4.810185415093204409e-01,6.154114946723556745e-01,6.574938000864353205e-01,5.492997536289925264e-01,5.514094535653230045e-01,6.141921552904834325e-01,5.578411122950126533e-01,1.000000000000039968e+00,5.578411122950140966e-01,6.141921552904863191e-01,5.514094535653246698e-01,5.492997536289900840e-01,6.574938000864356535e-01,6.154114946723515667e-01,4.810185415093219952e-01,4.994138496372838576e-01,6.242557948002537271e-01,6.706103073658954417e-01,5.703072954976909914e-01,5.581545187740325487e-01,6.420517976084689771e-01,6.130623858938488713e-01,5.578411122950140966e-01,1.000000000000039968e+00,5.990024621804799221e-01,5.506048344220074720e-01,5.724416267642742362e-01,6.735174568955695218e-01,6.251613405367326681e-01,4.941765155885166072e-01,5.039878934989777681e-01,6.430479925918951567e-01,6.921828540180570144e-01,5.850774847679780510e-01,5.756628231241290861e-01,6.526704366374013189e-01,6.420517976084714196e-01,6.141921552904863191e-01,5.990024621804799221e-01,1.000000000000039968e+00,5.239588971696356179e-01,5.866779419392191830e-01,6.926492942450943602e-01,6.402419727891675016e-01,5.083676465185269500e-01,4.428942477236746389e-01,5.622714741893677370e-01,6.110319932146268673e-01,5.122575406405038834e-01,5.061103355633627121e-01,5.756628231241269766e-01,5.581545187740323266e-01,5.514094535653246698e-01,5.506048344220074720e-01,5.239588971696356179e-01,1.000000000000039968e+00,4.375943162182645563e-01,6.092610458342599955e-01,5.754741125220348419e-01,4.427086268886403220e-01,4.570684630954520156e-01,5.737428385221280402e-01,6.133590171136447111e-01,5.222096993074478721e-01,5.122575406405005527e-01,5.850774847679720558e-01,5.703072954976886599e-01,5.492997536289900840e-01,5.724416267642742362e-01,5.866779419392191830e-01,4.375943162182645563e-01,1.000000000000039968e+00,5.803447226685136684e-01,5.586788730279532711e-01,4.708143509781442804e-01,5.370962522893141244e-01,6.812643646901550554e-01,7.305504126403701282e-01,6.133590171136474867e-01,6.110319932146268673e-01,6.921828540180536837e-01,6.706103073658946645e-01,6.574938000864356535e-01,6.735174568955695218e-01,6.926492942450943602e-01,6.092610458342599955e-01,5.803447226685136684e-01,1.000000000000039968e+00,6.531156483703797200e-01,5.251885503583988424e-01,4.983880720520852403e-01,6.320955323122252612e-01,6.812643646901492822e-01,5.737428385221261529e-01,5.622714741893628521e-01,6.430479925918869410e-01,6.242557948002476209e-01,6.154114946723515667e-01,6.251613405367326681e-01,6.402419727891675016e-01,5.754741125220348419e-01,5.586788730279532711e-01,6.531156483703797200e-01,1.000000000000039968e+00,4.283238321609871280e-01,3.945148796360425925e-01,4.983880720520901253e-01,5.370962522893145685e-01,4.570684630954547911e-01,4.428942477236745834e-01,5.039878934989754367e-01,4.994138496372840796e-01,4.810185415093219952e-01,4.941765155885166072e-01,5.083676465185269500e-01,4.427086268886403220e-01,4.708143509781442804e-01,5.251885503583988424e-01,4.283238321609871280e-01,1.000000000000039968e+00
1.000000000000057954e+00,3.239010549032007580e-01,3.287545249961745242e-01,4.068439123140469849e-01,3.275741453238463219e-01,3.165052915175195491e-01,3.803217836420874631e-01,3.654845267696114064e-01,3.780463272426091148e-01,3.153553876295197567e-01,3.455194581351199168e-01,3.995919551912551770e-01,3.261021217269167716e-01,4.031931819657720850e-01,2.275291601996809465e-01,3.239010549032007580e-01,1.000000000000057954e+00,5.501801650735334004e-01,7.098086859962846606e-01,6.105601602993291355e-01,5.729500887788911978e-01,6.579278986491592374e-01,6.648118725232485815e-01,6.600428765302884804e-01,5.752466966613772881e-01,6.016634472983821702e-01,7.143428924957345716e-01,5.911954722643486537e-01,7.127981708878218248e-01,4.031931819657703642e-01,3.287545249961745242e-01,5.501801650735334004e-01,1.000000000000057954e+00,5.535687483330097303e-01,4.802222817283494649e-01,4.793712621122575013e-01,5.548067404070430308e-01,5.433514471052632855e-01,5.605975480193727822e-01,4.701810791654030819e-01,5.013552377239791635e-01,5.938524182491866643e-01,4.998960980418967193e-01,5.911954722643470994e-01,3.261021217269140515e-01,4.068439123140469849e-01,7.098086859962846606e-01,5.535687483330097303e-01,1.000000000000057954e+00,5.661372964794691987e-01,5.752834858936340945e-01,6.642759770335087133e-01,6.654560660601759325e-01,6.626072520181209846e-01,5.728551043781714425e-01,6.043067018333363460e-01,7.214037769955745638e-01,5.938524182491841108e-01,7.143428924957299087e-01,3.995919551912507361e-01,3.275741453238463219e-01,6.105601602993291355e-01,4.802222817283494649e-01,5.661372964794691987e-01,1.000000000000057954e+00,3.952981879289246270e-01,5.681260120310941408e-01,5.636223964420910004e-01,5.589666652403884051e-01,4.762646699937889139e-01,5.205649099982453398e-01,6.043067018333341256e-01,5.013552377239750557e-01,6.016634472983743986e-01,3.455194581351155314e-01,3.165052915175195491e-01,5.729500887788911978e-01,4.793712621122575013e-01,5.752834858936340945e-01,3.952981879289246270e-01,1.000000000000057954e+00,4.641377261084433936e-01,5.223885756258700441e-01,5.297661925424053120e-01,4.650470049390073024e-01,4.762646699937923556e-01,5.728551043781721086e-01,4.701810791654011945e-01,5.752466966613749566e-01,3.153553876295158709e-01,3.803217836420874631e-01,6.579278986491592374e-01,5.548067404070430308e-01,6.642759770335087133e-01,5.681260120310941408e-01,4.641377261084433936e-01,1.000000000000057954e+00,5.728010081300021206e-01,6.098176552674425821e-01,5.297661925424039797e-01,5.589666652403891822e-01,6.626072520181193193e-01,5.605975480193703397e-01,6.600428765302823741e-01,3.780463272426047849e-01,3.654845267696114064e-01,6.648118725232485815e-01,5.433514471052632855e-01,6.654560660601759325e-01,5.636223964420910004e-01,5.223885756258700441e-01,5.728010081300021206e-01,1.000000000000057954e+00,5.728010081300042300e-01,5.223885756258692670e-01,5.636223964420934429e-01,6.654560660601762656e-01,5.433514471052617312e-01,6.648118725232448067e-01,3.654845267696071875e-01,3.780463272426091148e-01,6.600428765302884804e-01,5.605975480193727822e-01,6.626072520181209846e-01,5.589666652403884051e-01,5.297661925424053120e-01,6.098176552674425821e-01,5.728010081300042300e-01,1.000000000000057954e+00,4.641377261084448369e-01,5.681260120310982487e-01,6.642759770335109337e-01,5.548067404070431419e-01,6.579278986491564618e-01,3.803217836420851317e-01,3.153553876295197567e-01,5.752466966613772881e-01,4.701810791654030819e-01,5.728551043781714425e-01,4.762646699937889139e-01,4.650470049390073024e-01,5.297661925424039797e-01,5.223885756258692670e-01,4.641377261084448369e-01,1.000000000000057954e+00,3.952981879289272360e-01,5.752834858936335394e-01,4.793712621122547812e-01,5.729500887788876451e-01,3.165052915175136095e-01,3.455194581351199168e-01,6.016634472983821702e-01,5.013552377239791635e-01,6.043067018333363460e-01,5.205649099982453398e-01,4.762646699937923556e-01,5.589666652403891822e-01,5.636223964420934429e-01,5.681260120310982487e-01,3.952981879289272360e-01,1.000000000000057954e+00,5.661372964794726403e-01,4.802222817283506862e-01,6.105601602993278032e-01,3.275741453238442680e-01,3.995919551912551770e-01,7.143428924957345716e-01,5.938524182491866643e-01,7.214037769955745638e-01,6.043067018333341256e-01,5.728551043781721086e-01,6.626072520181193193e-01,6.654560660601762656e-01,6.642759770335109337e-01,5.752834858936335394e-01,5.661372964794726403e-01,1.000000000000057954e+00,5.535687483330076208e-01,7.098086859962811079e-01,4.068439123140421554e-01,3.261021217269167716e-01,5.911954722643486537e-01,4.998960980418967193e-01,5.938524182491841108e-01,5.013552377239750557e-01,4.701810791654011945e-01,5.605975480193703397e-01,5.433514471052617312e-01,5.548067404070431419e-01,4.793712621122547812e-01,4.802222817283506862e-01,5.535687483330076208e-01,1.000000000000057954e+00,5.501801650735258509e-01,3.287545249961727478e-01,4.031931819657720850e-01,7.127981708878218248e-01,5.911954722643470994e-01,7.143428924957299087e-01,6.016634472983743986e-01,5.752466966613749566e-01,6.600428765302823741e-01,6.648118725232448067e-01,6.579278986491564618e-01,5.729500887788876451e-01,6.105601602993278032e-01,7.098086859962811079e-01,5.501801650735258509e-01,1.000000000000057954e+00,3.239010549031903774e-01,2.275291601996809465e-01,4.031931819657703642e-01,3.261021217269140515e-01,3.995919551912507361e-01,3.455194581351155314e-01,3.153553876295158709e-01,3.780463272426047849e-01,3.654845267696071875e-01,3.803217836420851317e-01,3.165052915175136095e-01,3.275741453238442680e-01,4.068439123140421554e-01,3.287545249961727478e-01,3.239010549031903774e-01,1.000000000000057954e+00
