1.000000000000000000e+00,1.000000000000000000e+00,1.000000000000000000e+00,1.000000000000000000e+00,1.000000000000000000e+00,1.000000000000000000e+00,1.000000000000000000e+00,1.000000000000000000e+00,1.000000000000000000e+00,1.000000000000000000e+00,1.000000000000000000e+00,1.000000000000000000e+00,1.000000000000000000e+00,1.000000000000000000e+00,1.000000000000000000e+00,1.000000000000000000e+00,1.000000000000000000e+00,1.000000000000000000e+00,1.000000000000000000e+00,1.000000000000000000e+00,1.000000000000000000e+00,1.000000000000000000e+00,1.000000000000000000e+00,1.000000000000000000e+00,1.000000000000000000e+00,1.000000000000000000e+00,1.000000000000000000e+00,1.000000000000000000e+00,1.000000000000000000e+00,1.000000000000000000e+00,1.000000000000000000e+00,1.000000000000000000e+00,1.000000000000000000e+00,1.000000000000000000e+00,1.000000000000000000e+00,1.000000000000000000e+00,1.000000000000000000e+00,1.000000000000000000e+00,1.000000000000000000e+00,1.000000000000000000e+00,1.000000000000000000e+00,1.000000000000000000e+00,1.000000000000000000e+00,1.000000000000000000e+00,1.000000000000000000e+00,1.000000000000000000e+00,1.000000000000000000e+00,1.000000000000000000e+00,1.000000000000000000e+00,1.000000000000000000e+00,1.000000000000000000e+00,1.000000000000000000e+00,1.000000000000000000e+00,1.000000000000000000e+00,1.000000000000000000e+00,1.000000000000000000e+00,1.000000000000000000e+00,1.000000000000000000e+00,1.000000000000000000e+00,1.000000000000000000e+00,1.000000000000000000e+00,1.000000000000000000e+00,1.000000000000000000e+00,1.000000000000000000e+00,1.000000000000000000e+00,1.000000000000000000e+00,1.000000000000000000e+00,1.000000000000000000e+00,1.000000000000000000e+00,1.000000000000000000e+00,1.000000000000000000e+00,1.000000000000000000e+00,1.000000000000000000e+00,1.000000000000000000e+00,1.000000000000000000e+00,1.000000000000000000e+00,1.000000000000000000e+00,1.000000000000000000e+00,1.000000000000000000e+00,1.000000000000000000e+00,1.000000000000000000e+00,1.000000000000000000e+00,1.000000000000000000e+00,1.000000000000000000e+00,1.000000000000000000e+00,1.000000000000000000e+00,1.000000000000000000e+00,1.000000000000000000e+00,1.000000000000000000e+00,1.000000000000000000e+00,1.000000000000000000e+00,1.000000000000000000e+00,1.000000000000000000e+00,1.000000000000000000e+00,1.000000000000000000e+00,1.000000000000000000e+00,1.000000000000000000e+00,1.000000000000000000e+00,1.000000000000000000e+00,1.000000000000000000e+00,1.000000000000000000e+00,1.000000000000000000e+00,1.000000000000000000e+00,1.000000000000000000e+00,1.000000000000000000e+00,1.000000000000000000e+00,1.000000000000000000e+00,1.000000000000000000e+00,1.000000000000000000e+00,1.000000000000000000e+00,1.000000000000000000e+00,1.000000000000000000e+00,1.000000000000000000e+00,1.000000000000000000e+00,1.000000000000000000e+00,1.000000000000000000e+00,1.000000000000000000e+00,1.000000000000000000e+00,1.000000000000000000e+00,1.000000000000000000e+00,1.000000000000000000e+00,1.000000000000000000e+00,1.000000000000000000e+00,1.000000000000000000e+00,1.000000000000000000e+00,1.000000000000000000e+00,1.000000000000000000e+00,1.000000000000000000e+00,1.000000000000000000e+00,1.000000000000000000e+00,1.000000000000000000e+00,1.000000000000000000e+00,1.000000000000000000e+00,1.000000000000000000e+00,1.000000000000000000e+00,1.000000000000000000e+00,1.000000000000000000e+00,1.000000000000000000e+00,1.000000000000000000e+00,1.000000000000000000e+00,1.000000000000000000e+00,1.000000000000000000e+00,1.000000000000000000e+00,1.000000000000000000e+00,1.000000000000000000e+00,1.000000000000000000e+00,1.000000000000000000e+00,1.000000000000000000e+00,1.000000000000000000e+00,1.000000000000000000e+00,1.000000000000000000e+00,1.000000000000000000e+00,1.000000000000000000e+00,1.000000000000000000e+00,1.000000000000000000e+00,1.000000000000000000e+00,1.000000000000000000e+00,1.000000000000000000e+00,1.000000000000000000e+00,1.000000000000000000e+00,1.000000000000000000e+00,1.000000000000000000e+00,1.000000000000000000e+00,1.000000000000000000e+00,1.000000000000000000e+00,1.000000000000000000e+00,1.000000000000000000e+00,1.000000000000000000e+00,1.000000000000000000e+00,1.000000000000000000e+00,1.000000000000000000e+00,1.000000000000000000e+00,1.000000000000000000e+00,1.000000000000000000e+00,1.000000000000000000e+00,1.000000000000000000e+00,1.000000000000000000e+00,1.000000000000000000e+00,1.000000000000000000e+00,1.000000000000000000e+00,1.000000000000000000e+00,1.000000000000000000e+00,1.000000000000000000e+00,1.000000000000000000e+00,1.000000000000000000e+00,1.000000000000000000e+00,1.000000000000000000e+00,1.000000000000000000e+00,1.000000000000000000e+00,1.000000000000000000e+00,1.000000000000000000e+00,1.000000000000000000e+00,1.000000000000000000e+00,1.000000000000000000e+00,1.000000000000000000e+00,1.000000000000000000e+00,1.000000000000000000e+00,1.000000000000000000e+00,1.000000000000000000e+00,1.000000000000000000e+00,1.000000000000000000e+00,1.000000000000000000e+00,1.000000000000000000e+00,1.000000000000000000e+00,1.000000000000000000e+00,1.000000000000000000e+00,1.000000000000000000e+00,1.000000000000000000e+00,1.000000000000000000e+00,1.000000000000000000e+00,1.000000000000000000e+00,1.000000000000000000e+00,1.000000000000000000e+00,1.000000000000000000e+00,1.000000000000000000e+00,1.000000000000000000e+00,1.000000000000000000e+00,1.000000000000000000e+00,1.000000000000000000e+00,1.000000000000000000e+00,1.000000000000000000e+00,1.000000000000000000e+00,1.000000000000000000e+00,1.000000000000000000e+00,1.000000000000000000e+00,1.000000000000000000e+00,1.000000000000000000e+00,1.000000000000000000e+00,1.000000000000000000e+00,1.000000000000000000e+00,1.000000000000000000e+00,1.000000000000000000e+00,1.000000000000000000e+00,1.000000000000000000e+00,1.000000000000000000e+00,1.000000000000000000e+00,1.000000000000000000e+00,1.000000000000000000e+00,1.000000000000000000e+00,1.000000000000000000e+00,1.000000000000000000e+00,1.000000000000000000e+00,1.000000000000000000e+00,1.000000000000000000e+00,1.000000000000000000e+00,1.000000000000000000e+00,1.000000000000000000e+00,1.000000000000000000e+00,1.000000000000000000e+00,1.000000000000000000e+00,1.000000000000000000e+00,1.000000000000000000e+00,1.000000000000000000e+00,1.000000000000000000e+00,1.000000000000000000e+00,1.000000000000000000e+00,1.000000000000000000e+00,1.000000000000000000e+00,1.000000000000000000e+00,1.000000000000000000e+00,1.000000000000000000e+00,1.000000000000000000e+00,1.000000000000000000e+00,1.000000000000000000e+00,1.000000000000000000e+00,1.000000000000000000e+00,1.000000000000000000e+00,1.000000000000000000e+00,1.000000000000000000e+00,1.000000000000000000e+00,1.000000000000000000e+00,1.000000000000000000e+00,1.000000000000000000e+00,1.000000000000000000e+00,1.000000000000000000e+00,1.000000000000000000e+00,1.000000000000000000e+00,1.000000000000000000e+00,1.000000000000000000e+00,1.000000000000000000e+00,1.000000000000000000e+00,1.000000000000000000e+00,1.000000000000000000e+00,1.000000000000000000e+00,1.000000000000000000e+00,1.000000000000000000e+00,1.000000000000000000e+00,1.000000000000000000e+00,1.000000000000000000e+00,1.000000000000000000e+00,1.000000000000000000e+00,1.000000000000000000e+00,1.000000000000000000e+00,1.000000000000000000e+00,1.000000000000000000e+00,1.000000000000000000e+00,1.000000000000000000e+00,1.000000000000000000e+00,1.000000000000000000e+00,1.000000000000000000e+00,1.000000000000000000e+00,1.000000000000000000e+00,1.000000000000000000e+00,1.000000000000000000e+00,1.000000000000000000e+00,1.000000000000000000e+00,1.000000000000000000e+00,1.000000000000000000e+00,1.000000000000000000e+00,1.000000000000000000e+00,1.000000000000000000e+00,1.000000000000000000e+00,1.000000000000000000e+00,1.000000000000000000e+00,1.000000000000000000e+00,1.000000000000000000e+00,1.000000000000000000e+00,1.000000000000000000e+00,1.000000000000000000e+00,1.000000000000000000e+00,1.000000000000000000e+00,1.000000000000000000e+00,1.000000000000000000e+00,1.000000000000000000e+00,1.000000000000000000e+00,1.000000000000000000e+00,1.000000000000000000e+00,1.000000000000000000e+00,1.000000000000000000e+00,1.000000000000000000e+00,1.000000000000000000e+00,1.000000000000000000e+00,1.000000000000000000e+00,1.000000000000000000e+00,1.000000000000000000e+00,1.000000000000000000e+00,1.000000000000000000e+00,1.000000000000000000e+00,1.000000000000000000e+00,1.000000000000000000e+00,1.000000000000000000e+00,1.000000000000000000e+00,1.000000000000000000e+00,1.000000000000000000e+00,1.000000000000000000e+00,1.000000000000000000e+00,1.000000000000000000e+00,1.000000000000000000e+00,1.000000000000000000e+00,1.000000000000000000e+00,1.000000000000000000e+00,1.000000000000000000e+00,1.000000000000000000e+00,1.000000000000000000e+00,1.000000000000000000e+00,1.000000000000000000e+00,1.000000000000000000e+00,1.000000000000000000e+00,1.000000000000000000e+00,1.000000000000000000e+00,1.000000000000000000e+00
9.999999999999977796e-01,6.896814854351479562e-01,7.122006177979623986e-01,7.119750324217669624e-01,7.120086651575723291e-01,7.120162634088422760e-01,7.120184282377517437e-01,7.120191639572315268e-01,7.120194473152633430e-01,7.120195622173569605e-01,7.120195999695004829e-01,7.120195845298781245e-01,7.120194982111880400e-01,7.120192508362519490e-01,7.120185079763532432e-01,7.120157949293444144e-01,7.120022919813866480e-01,7.118907936638153577e-01,7.065588313869975989e-01,6.896814854351479562e-01,9.999999999999977796e-01,6.960600827898720810e-01,7.175714256309138062e-01,7.173526532727101390e-01,7.173830054560897951e-01,7.173898267874971868e-01,7.173917522607005104e-01,7.173923990269295281e-01,7.173926415573148585e-01,7.173927293961364082e-01,7.173927352941906754e-01,7.173926582965436394e-01,7.173924139946137313e-01,7.173916681110877880e-01,7.173889360039790164e-01,7.173753319628982661e-01,7.172629927118834292e-01,7.118907936638154688e-01,7.122006177979623986e-01,6.960600827898720810e-01,9.999999999999977796e-01,6.962088426714503342e-01,7.176858279141815622e-01,7.174657714153556132e-01,7.174956214304412105e-01,7.175022872928573658e-01,7.175041532478645401e-01,7.175047709552124786e-01,7.175049916891789170e-01,7.175050503280817615e-01,7.175049962839028517e-01,7.175047627394968153e-01,7.175040221497304138e-01,7.175012924775272527e-01,7.174876878924953960e-01,7.173753319628979330e-01,7.120022919813865370e-01,7.119750324217669624e-01,7.175714256309138062e-01,6.962088426714503342e-01,9.999999999999977796e-01,6.962280111862126919e-01,7.177001119747065117e-01,7.174796391016116104e-01,7.175093308038860140e-01,7.175159365149118562e-01,7.175177731842935502e-01,7.175183690029196537e-01,7.175185604970060194e-01,7.175185591780024463e-01,7.175183485873659617e-01,7.175176187752158041e-01,7.175148944593767730e-01,7.175012924775266976e-01,7.173889360039780172e-01,7.120157949293435262e-01,7.120086651575723291e-01,7.173526532727101390e-01,7.176858279141815622e-01,6.962280111862126919e-01,9.999999999999977796e-01,6.962320959035313006e-01,7.177030886802971965e-01,7.174824762989011617e-01,7.175121076827004618e-01,7.175186841197368492e-01,7.175204989076082729e-01,7.175210654901567064e-01,7.175211970286410335e-01,7.175210391651275499e-01,7.175203323093071184e-01,7.175176187752151380e-01,7.175040221497291926e-01,7.173916681110860116e-01,7.120185079763519109e-01,7.120162634088422760e-01,7.173830054560897951e-01,7.174657714153556132e-01,7.177001119747065117e-01,6.962320959035313006e-01,9.999999999999977796e-01,6.962332769005941113e-01,7.177039368724384971e-01,7.174832695144605088e-01,7.175128715638452448e-01,7.175194261191331080e-01,7.175212116716831456e-01,7.175217182991615594e-01,7.175216932935125635e-01,7.175210391651279940e-01,7.175183485873658507e-01,7.175047627394960381e-01,7.173924139946126211e-01,7.120192508362509498e-01,7.120184282377517437e-01,7.173898267874971868e-01,7.174956214304412105e-01,7.174796391016116104e-01,7.177030886802971965e-01,6.962332769005941113e-01,9.999999999999977796e-01,6.962336941248283839e-01,7.177042319801600900e-01,7.174835371544941998e-01,7.175131172989699380e-01,7.175196426182280929e-01,7.175213682157457473e-01,7.175217182991617815e-01,7.175211970286415886e-01,7.175185591780024463e-01,7.175049962839021855e-01,7.173926582965426402e-01,7.120194982111870408e-01,7.120191639572315268e-01,7.173917522607005104e-01,7.175022872928573658e-01,7.175093308038860140e-01,7.174824762989011617e-01,7.177039368724384971e-01,6.962336941248283839e-01,9.999999999999977796e-01,6.962338581494416090e-01,7.177043423826779955e-01,7.174836263539924319e-01,7.175131772542434616e-01,7.175196426182286480e-01,7.175212116716837008e-01,7.175210654901573726e-01,7.175185604970064635e-01,7.175050503280813174e-01,7.173927352941898983e-01,7.120195845298775694e-01,7.120194473152633430e-01,7.173923990269295281e-01,7.175041532478645401e-01,7.175159365149118562e-01,7.175121076827004618e-01,7.174832695144605088e-01,7.177042319801600900e-01,6.962338581494416090e-01,9.999999999999977796e-01,6.962339178928153016e-01,7.177043714415987097e-01,7.174836263539933201e-01,7.175131172989712702e-01,7.175194261191345513e-01,7.175204989076098272e-01,7.175183690029207639e-01,7.175049916891794721e-01,7.173927293961364082e-01,7.120195999695004829e-01,7.120195622173569605e-01,7.173926415573148585e-01,7.175047709552124786e-01,7.175177731842935502e-01,7.175186841197368492e-01,7.175128715638452448e-01,7.174835371544941998e-01,7.177043423826779955e-01,6.962339178928153016e-01,9.999999999999977796e-01,6.962339178928149686e-01,7.177043423826783286e-01,7.174835371544950879e-01,7.175128715638464660e-01,7.175186841197382925e-01,7.175177731842943274e-01,7.175047709552127007e-01,7.173926415573148585e-01,7.120195622173567385e-01,7.120195999695004829e-01,7.173927293961364082e-01,7.175049916891789170e-01,7.175183690029196537e-01,7.175204989076082729e-01,7.175194261191331080e-01,7.175131172989699380e-01,7.174836263539924319e-01,7.177043714415987097e-01,6.962339178928149686e-01,9.999999999999977796e-01,6.962338581494419421e-01,7.177042319801606451e-01,7.174832695144612860e-01,7.175121076827016831e-01,7.175159365149125223e-01,7.175041532478644291e-01,7.173923990269289730e-01,7.120194473152632320e-01,7.120195845298781245e-01,7.173927352941906754e-01,7.175050503280817615e-01,7.175185604970060194e-01,7.175210654901567064e-01,7.175212116716831456e-01,7.175196426182280929e-01,7.175131772542434616e-01,7.174836263539933201e-01,7.177043423826783286e-01,6.962338581494419421e-01,9.999999999999977796e-01,6.962336941248301603e-01,7.177039368724398294e-01,7.174824762989031601e-01,7.175093308038875684e-01,7.175022872928581430e-01,7.173917522607007324e-01,7.120191639572320819e-01,7.120194982111880400e-01,7.173926582965436394e-01,7.175049962839028517e-01,7.175185591780024463e-01,7.175211970286410335e-01,7.175217182991615594e-01,7.175213682157457473e-01,7.175196426182286480e-01,7.175131172989712702e-01,7.174835371544950879e-01,7.177042319801606451e-01,6.962336941248301603e-01,9.999999999999977796e-01,6.962332769005964428e-01,7.177030886802993059e-01,7.174796391016133867e-01,7.174956214304423208e-01,7.173898267874976309e-01,7.120184282377524099e-01,7.120192508362519490e-01,7.173924139946137313e-01,7.175047627394968153e-01,7.175183485873659617e-01,7.175210391651275499e-01,7.175216932935125635e-01,7.175217182991617815e-01,7.175212116716837008e-01,7.175194261191345513e-01,7.175128715638464660e-01,7.174832695144612860e-01,7.177039368724398294e-01,6.962332769005964428e-01,9.999999999999977796e-01,6.962320959035338541e-01,7.177001119747080660e-01,7.174657714153567234e-01,7.173830054560905722e-01,7.120162634088430531e-01,7.120185079763532432e-01,7.173916681110877880e-01,7.175040221497304138e-01,7.175176187752158041e-01,7.175203323093071184e-01,7.175210391651279940e-01,7.175211970286415886e-01,7.175210654901573726e-01,7.175204989076098272e-01,7.175186841197382925e-01,7.175121076827016831e-01,7.174824762989031601e-01,7.177030886802993059e-01,6.962320959035338541e-01,9.999999999999977796e-01,6.962280111862151344e-01,7.176858279141830055e-01,7.173526532727114713e-01,7.120086651575737724e-01,7.120157949293444144e-01,7.173889360039790164e-01,7.175012924775272527e-01,7.175148944593767730e-01,7.175176187752151380e-01,7.175183485873658507e-01,7.175185591780024463e-01,7.175185604970064635e-01,7.175183690029207639e-01,7.175177731842943274e-01,7.175159365149125223e-01,7.175093308038875684e-01,7.174796391016133867e-01,7.177001119747080660e-01,6.962280111862151344e-01,9.999999999999977796e-01,6.962088426714514444e-01,7.175714256309143613e-01,7.119750324217677395e-01,7.120022919813866480e-01,7.173753319628982661e-01,7.174876878924953960e-01,7.175012924775266976e-01,7.175040221497291926e-01,7.175047627394960381e-01,7.175049962839021855e-01,7.175050503280813174e-01,7.175049916891794721e-01,7.175047709552127007e-01,7.175041532478644291e-01,7.175022872928581430e-01,7.174956214304423208e-01,7.174657714153567234e-01,7.176858279141830055e-01,6.962088426714514444e-01,9.999999999999977796e-01,6.960600827898719700e-01,7.122006177979622876e-01,7.118907936638153577e-01,7.172629927118834292e-01,7.173753319628979330e-01,7.173889360039780172e-01,7.173916681110860116e-01,7.173924139946126211e-01,7.173926582965426402e-01,7.173927352941898983e-01,7.173927293961364082e-01,7.173926415573148585e-01,7.173923990269289730e-01,7.173917522607007324e-01,7.173898267874976309e-01,7.173830054560905722e-01,7.173526532727114713e-01,7.175714256309143613e-01,6.960600827898719700e-01,9.999999999999977796e-01,6.896814854351476232e-01,7.065588313869975989e-01,7.118907936638154688e-01,7.120022919813865370e-01,7.120157949293435262e-01,7.120185079763519109e-01,7.120192508362509498e-01,7.120194982111870408e-01,7.120195845298775694e-01,7.120195999695004829e-01,7.120195622173567385e-01,7.120194473152632320e-01,7.120191639572320819e-01,7.120184282377524099e-01,7.120162634088430531e-01,7.120086651575737724e-01,7.119750324217677395e-01,7.122006177979622876e-01,6.896814854351476232e-01,9.999999999999977796e-01
1.000000000000007327e+00,7.497780611134040596e-01,7.652833516546746484e-01,7.637370949108328588e-01,7.638608612639523621e-01,7.638725633566126882e-01,7.638756545157662226e-01,7.638768236178729021e-01,7.638773030424970134e-01,7.638774757568873586e-01,7.638774572067809077e-01,7.638772325376383954e-01,7.638766385981496931e-01,7.638751641232969236e-01,7.638711977442587120e-01,7.638591035969032328e-01,7.638220366602277434e-01,7.637067500912155804e-01,7.368885934205133825e-01,7.497780611134040596e-01,1.000000000000007327e+00,7.808685501655718841e-01,7.928771162582414211e-01,7.915768659798774198e-01,7.916677421606778120e-01,7.916751975843635547e-01,7.916769558745160307e-01,7.916776018463503872e-01,7.916778298358790877e-01,7.916778286628570749e-01,7.916776029219864119e-01,7.916769902647344814e-01,7.916754633187130796e-01,7.916713530613727068e-01,7.916588189294792022e-01,7.916204030243747525e-01,7.915009207327998730e-01,7.637067500912148033e-01,7.652833516546746484e-01,7.808685501655718841e-01,1.000000000000007327e+00,7.810490024438977441e-01,7.930072094613729305e-01,7.917000177035349306e-01,7.917887744492543289e-01,7.917953314308813217e-01,7.917967225170292611e-01,7.917971817698534753e-01,7.917972671134348994e-01,7.917970779179218654e-01,7.917964820143305049e-01,7.917949631340523986e-01,7.917908565750506611e-01,7.917783229080705976e-01,7.917399025422299230e-01,7.916204030243735312e-01,7.638220366602259670e-01,7.637370949108328588e-01,7.928771162582414211e-01,7.810490024438977441e-01,1.000000000000007327e+00,7.811058222397959661e-01,7.930492261091949269e-01,7.917400071596352173e-01,7.918278374269779318e-01,7.918340202236910930e-01,7.918352216543033117e-01,7.918355368821810014e-01,7.918354335044310854e-01,7.918348737769949075e-01,7.918333714560621406e-01,7.918292728676594727e-01,7.918167428334412783e-01,7.917783229080703755e-01,7.916588189294778699e-01,7.638591035969012344e-01,7.638608612639523621e-01,7.915768659798774198e-01,7.930072094613729305e-01,7.811058222397959661e-01,1.000000000000007327e+00,7.811243807505030556e-01,7.930631258206910505e-01,7.917531887432052162e-01,7.918406391629200236e-01,7.918466326783345499e-01,7.918476902905313697e-01,7.918478168971856412e-01,7.918473430403033531e-01,7.918458769279498322e-01,7.918417949224505481e-01,7.918292728676571413e-01,7.917908565750479966e-01,7.916713530613690430e-01,7.638711977442544931e-01,7.638725633566126882e-01,7.916677421606778120e-01,7.917000177035349306e-01,7.930492261091949269e-01,7.811243807505030556e-01,1.000000000000007327e+00,7.811306800937097838e-01,7.930678122111753936e-01,7.917575696555740894e-01,7.918448281519229193e-01,7.918506778221179321e-01,7.918515468220543863e-01,7.918513029567513239e-01,7.918499227203993351e-01,7.918458769279507203e-01,7.918333714560604752e-01,7.917949631340506222e-01,7.916754633187099710e-01,7.638751641232934819e-01,7.638756545157662226e-01,7.916751975843635547e-01,7.917887744492543289e-01,7.917400071596352173e-01,7.930631258206910505e-01,7.811306800937097838e-01,1.000000000000007327e+00,7.811330954105503155e-01,7.930695860733324443e-01,7.917591800498225973e-01,7.918462936316020828e-01,7.918519546718101321e-01,7.918524532003181626e-01,7.918513029567526562e-01,7.918473430403052404e-01,7.918348737769946855e-01,7.917964820143301719e-01,7.916769902647330381e-01,7.638766385981473617e-01,7.638768236178729021e-01,7.916769558745160307e-01,7.917953314308813217e-01,7.918278374269779318e-01,7.917531887432052162e-01,7.930678122111753936e-01,7.811330954105503155e-01,1.000000000000007327e+00,7.811340882148853915e-01,7.930702793001042084e-01,7.917597395463727983e-01,7.918466641084994651e-01,7.918519546718107982e-01,7.918515468220562736e-01,7.918478168971884168e-01,7.918354335044310854e-01,7.917970779179221985e-01,7.916776029219854127e-01,7.638772325376366190e-01,7.638773030424970134e-01,7.916776018463503872e-01,7.917967225170292611e-01,7.918340202236910930e-01,7.918406391629200236e-01,7.917575696555740894e-01,7.930695860733324443e-01,7.811340882148853915e-01,1.000000000000007327e+00,7.811344582627757216e-01,7.930704653101192658e-01,7.917597395463740195e-01,7.918462936316036371e-01,7.918506778221208187e-01,7.918476902905350334e-01,7.918355368821822227e-01,7.917972671134360096e-01,7.916778286628574079e-01,7.638774572067800195e-01,7.638774757568873586e-01,7.916778298358790877e-01,7.917971817698534753e-01,7.918352216543033117e-01,7.918466326783345499e-01,7.918448281519229193e-01,7.917591800498225973e-01,7.930702793001042084e-01,7.811344582627757216e-01,1.000000000000007327e+00,7.811344582627756106e-01,7.930702793001050965e-01,7.917591800498242627e-01,7.918448281519258058e-01,7.918466326783379916e-01,7.918352216543045330e-01,7.917971817698545856e-01,7.916778298358790877e-01,7.638774757568864704e-01,7.638774572067809077e-01,7.916778286628570749e-01,7.917972671134348994e-01,7.918355368821810014e-01,7.918476902905313697e-01,7.918506778221179321e-01,7.918462936316020828e-01,7.917597395463727983e-01,7.930704653101192658e-01,7.811344582627756106e-01,1.000000000000007327e+00,7.811340882148863907e-01,7.930695860733336655e-01,7.917575696555767539e-01,7.918406391629234653e-01,7.918340202236920922e-01,7.917967225170302603e-01,7.916776018463501652e-01,7.638773030424961252e-01,7.638772325376383954e-01,7.916776029219864119e-01,7.917970779179218654e-01,7.918354335044310854e-01,7.918478168971856412e-01,7.918515468220543863e-01,7.918519546718101321e-01,7.918466641084994651e-01,7.917597395463740195e-01,7.930702793001050965e-01,7.811340882148863907e-01,1.000000000000007327e+00,7.811330954105530910e-01,7.930678122111790573e-01,7.917531887432096571e-01,7.918278374269801523e-01,7.917953314308835422e-01,7.916769558745169189e-01,7.638768236178729021e-01,7.638766385981496931e-01,7.916769902647344814e-01,7.917964820143305049e-01,7.918348737769949075e-01,7.918473430403033531e-01,7.918513029567513239e-01,7.918524532003181626e-01,7.918519546718107982e-01,7.918462936316036371e-01,7.917591800498242627e-01,7.930695860733336655e-01,7.811330954105530910e-01,1.000000000000007327e+00,7.811306800937145578e-01,7.930631258206956025e-01,7.917400071596376598e-01,7.917887744492569935e-01,7.916751975843647759e-01,7.638756545157665556e-01,7.638751641232969236e-01,7.916754633187130796e-01,7.917949631340523986e-01,7.918333714560621406e-01,7.918458769279498322e-01,7.918499227203993351e-01,7.918513029567526562e-01,7.918515468220562736e-01,7.918506778221208187e-01,7.918448281519258058e-01,7.917575696555767539e-01,7.930678122111790573e-01,7.811306800937145578e-01,1.000000000000007327e+00,7.811243807505102721e-01,7.930492261091987016e-01,7.917000177035387054e-01,7.916677421606808096e-01,7.638725633566142426e-01,7.638711977442587120e-01,7.916713530613727068e-01,7.917908565750506611e-01,7.918292728676594727e-01,7.918417949224505481e-01,7.918458769279507203e-01,7.918473430403052404e-01,7.918478168971884168e-01,7.918476902905350334e-01,7.918466326783379916e-01,7.918406391629234653e-01,7.917531887432096571e-01,7.930631258206956025e-01,7.811243807505102721e-01,1.000000000000007327e+00,7.811058222398011841e-01,7.930072094613772604e-01,7.915768659798808615e-01,7.638608612639550266e-01,7.638591035969032328e-01,7.916588189294792022e-01,7.917783229080705976e-01,7.918167428334412783e-01,7.918292728676571413e-01,7.918333714560604752e-01,7.918348737769946855e-01,7.918354335044310854e-01,7.918355368821822227e-01,7.918352216543045330e-01,7.918340202236920922e-01,7.918278374269801523e-01,7.917400071596376598e-01,7.930492261091987016e-01,7.811058222398011841e-01,1.000000000000007327e+00,7.810490024439002976e-01,7.928771162582425314e-01,7.637370949108333029e-01,7.638220366602277434e-01,7.916204030243747525e-01,7.917399025422299230e-01,7.917783229080703755e-01,7.917908565750479966e-01,7.917949631340506222e-01,7.917964820143301719e-01,7.917970779179221985e-01,7.917972671134360096e-01,7.917971817698545856e-01,7.917967225170302603e-01,7.917953314308835422e-01,7.917887744492569935e-01,7.917000177035387054e-01,7.930072094613772604e-01,7.810490024439002976e-01,1.000000000000007327e+00,7.808685501655727723e-01,7.652833516546746484e-01,7.637067500912155804e-01,7.915009207327998730e-01,7.916204030243735312e-01,7.916588189294778699e-01,7.916713530613690430e-01,7.916754633187099710e-01,7.916769902647330381e-01,7.916776029219854127e-01,7.916778286628574079e-01,7.916778298358790877e-01,7.916776018463501652e-01,7.916769558745169189e-01,7.916751975843647759e-01,7.916677421606808096e-01,7.915768659798808615e-01,7.928771162582425314e-01,7.808685501655727723e-01,1.000000000000007327e+00,7.497780611134030604e-01,7.368885934205133825e-01,7.637067500912148033e-01,7.638220366602259670e-01,7.638591035969012344e-01,7.638711977442544931e-01,7.638751641232934819e-01,7.638766385981473617e-01,7.638772325376366190e-01,7.638774572067800195e-01,7.638774757568864704e-01,7.638773030424961252e-01,7.638768236178729021e-01,7.638756545157665556e-01,7.638725633566142426e-01,7.638608612639550266e-01,7.637370949108333029e-01,7.652833516546746484e-01,7.497780611134030604e-01,1.000000000000007327e+00
1.000000000000003775e+00,8.651046307049812256e-01,8.651244640095938632e-01,8.658255726170656086e-01,8.657112398430835132e-01,8.656973361028472702e-01,8.656979328095759652e-01,8.656979665125494883e-01,8.656979769422569193e-01,8.656979892529579335e-01,8.656980098910050936e-01,8.656980575516917131e-01,8.656981899742555164e-01,8.656986115533382709e-01,8.657001495546533532e-01,8.657058762334017832e-01,8.657477336858936390e-01,8.686600426356209104e-01,8.511667138502256869e-01,8.651046307049812256e-01,1.000000000000003775e+00,8.808423685322783747e-01,8.831716703456788942e-01,8.836072914449462079e-01,8.834965509430245945e-01,8.834887895147918169e-01,8.834897235065053422e-01,8.834898676145982455e-01,8.834899257701730457e-01,8.834899672794340741e-01,8.834900257684673575e-01,8.834901659474986291e-01,8.834905989038861485e-01,8.834921700460964811e-01,8.834980153214817555e-01,8.835407335866560796e-01,8.865128971610893860e-01,8.686600426356201332e-01,8.651244640095938632e-01,8.808423685322783747e-01,1.000000000000003775e+00,8.776695120779416381e-01,8.801879111786001797e-01,8.806465282039983578e-01,8.805343068616299229e-01,8.805265875855134983e-01,8.805276447298187037e-01,8.805278267785145996e-01,8.805279072585728839e-01,8.805279820825314685e-01,8.805281292859944431e-01,8.805285643920793826e-01,8.805301320897782613e-01,8.805359587353367434e-01,8.805785343170489110e-01,8.835407335866561906e-01,8.657477336858930839e-01,8.658255726170656086e-01,8.831716703456788942e-01,8.776695120779416381e-01,1.000000000000003775e+00,8.776181269750787939e-01,8.801434590117963586e-01,8.806035094372804961e-01,8.804916059391539873e-01,8.804839716214862833e-01,8.804850621629444207e-01,8.804852653496724191e-01,8.804853787923516695e-01,8.804855423425321792e-01,8.804859848584352111e-01,8.804875560607894336e-01,8.804933842430744395e-01,8.805359587353381867e-01,8.834980153214836429e-01,8.657058762334028934e-01,8.657112398430835132e-01,8.836072914449462079e-01,8.801879111786001797e-01,8.776181269750787939e-01,1.000000000000003775e+00,8.776103400967391055e-01,8.801372742988715636e-01,8.805975557749955440e-01,8.804857371017733580e-01,8.804781369792384904e-01,8.804792485958269355e-01,8.804794847086753196e-01,8.804796868620572425e-01,8.804801457201864023e-01,8.804817243386153791e-01,8.804875560607883234e-01,8.805301320897783723e-01,8.834921700460973693e-01,8.657001495546532421e-01,8.656973361028472702e-01,8.834965509430245945e-01,8.806465282039983578e-01,8.801434590117963586e-01,8.776103400967391055e-01,1.000000000000003775e+00,8.776082468624785138e-01,8.801356097020202052e-01,8.805959499326021511e-01,8.804841625373125424e-01,8.804765839330015442e-01,8.804777284808273929e-01,8.804780533009943788e-01,8.804785507604878658e-01,8.804801457201857362e-01,8.804859848584334348e-01,8.805285643920791605e-01,8.834905989038864815e-01,8.656986115533374937e-01,8.656979328095759652e-01,8.834887895147918169e-01,8.805343068616299229e-01,8.806035094372804961e-01,8.801372742988715636e-01,8.776082468624785138e-01,1.000000000000003775e+00,8.776076601611768613e-01,8.801351526721401530e-01,8.805955123607949186e-01,8.804837453967825356e-01,8.804761999176203835e-01,8.804774331750565564e-01,8.804780533009957111e-01,8.804796868620582417e-01,8.804855423425318461e-01,8.805281292859953313e-01,8.834901659475000724e-01,8.656981899742564046e-01,8.656979665125494883e-01,8.834897235065053422e-01,8.805265875855134983e-01,8.804916059391539873e-01,8.805975557749955440e-01,8.801356097020202052e-01,8.776076601611768613e-01,1.000000000000003775e+00,8.776074767043496871e-01,8.801350159534809814e-01,8.805953908411235931e-01,8.804836566329438119e-01,8.804761999176194953e-01,8.804777284808278370e-01,8.804794847086752085e-01,8.804853787923505593e-01,8.805279820825314685e-01,8.834900257684680236e-01,8.656980575516913801e-01,8.656979769422569193e-01,8.834898676145982455e-01,8.805276447298187037e-01,8.804839716214862833e-01,8.804857371017733580e-01,8.805959499326021511e-01,8.801351526721401530e-01,8.776074767043496871e-01,1.000000000000003775e+00,8.776074205451480648e-01,8.801349846814111588e-01,8.805953908411231490e-01,8.804837453967813143e-01,8.804765839330015442e-01,8.804792485958264914e-01,8.804852653496707537e-01,8.805279072585727729e-01,8.834899672794342962e-01,8.656980098910045385e-01,8.656979892529579335e-01,8.834899257701730457e-01,8.805278267785145996e-01,8.804850621629444207e-01,8.804781369792384904e-01,8.804841625373125424e-01,8.805955123607949186e-01,8.801350159534809814e-01,8.776074205451480648e-01,1.000000000000003775e+00,8.776074205451485089e-01,8.801350159534809814e-01,8.805955123607940305e-01,8.804841625373129865e-01,8.804781369792384904e-01,8.804850621629430885e-01,8.805278267785148216e-01,8.834899257701736008e-01,8.656979892529578224e-01,8.656980098910050936e-01,8.834899672794340741e-01,8.805279072585728839e-01,8.804852653496724191e-01,8.804792485958269355e-01,8.804765839330015442e-01,8.804837453967825356e-01,8.805953908411235931e-01,8.801349846814111588e-01,8.776074205451485089e-01,1.000000000000003775e+00,8.776074767043501312e-01,8.801351526721397089e-01,8.805959499326028173e-01,8.804857371017735801e-01,8.804839716214853951e-01,8.805276447298192588e-01,8.834898676145992447e-01,8.656979769422571414e-01,8.656980575516917131e-01,8.834900257684673575e-01,8.805279820825314685e-01,8.804853787923516695e-01,8.804794847086753196e-01,8.804777284808273929e-01,8.804761999176203835e-01,8.804836566329438119e-01,8.805953908411231490e-01,8.801350159534809814e-01,8.776074767043501312e-01,1.000000000000003775e+00,8.776076601611759731e-01,8.801356097020206493e-01,8.805975557749954330e-01,8.804916059391526550e-01,8.805265875855136093e-01,8.834897235065060084e-01,8.656979665125492662e-01,8.656981899742555164e-01,8.834901659474986291e-01,8.805281292859944431e-01,8.804855423425321792e-01,8.804796868620572425e-01,8.804780533009943788e-01,8.804774331750565564e-01,8.804761999176194953e-01,8.804837453967813143e-01,8.805955123607940305e-01,8.801351526721397089e-01,8.776076601611759731e-01,1.000000000000003775e+00,8.776082468624780697e-01,8.801372742988705644e-01,8.806035094372781646e-01,8.805343068616293678e-01,8.834887895147915948e-01,8.656979328095750770e-01,8.656986115533382709e-01,8.834905989038861485e-01,8.805285643920793826e-01,8.804859848584352111e-01,8.804801457201864023e-01,8.804785507604878658e-01,8.804780533009957111e-01,8.804777284808278370e-01,8.804765839330015442e-01,8.804841625373129865e-01,8.805959499326028173e-01,8.801356097020206493e-01,8.776082468624780697e-01,1.000000000000003775e+00,8.776103400967394386e-01,8.801434590117952483e-01,8.806465282039990239e-01,8.834965509430254826e-01,8.656973361028477143e-01,8.657001495546533532e-01,8.834921700460964811e-01,8.805301320897782613e-01,8.804875560607894336e-01,8.804817243386153791e-01,8.804801457201857362e-01,8.804796868620582417e-01,8.804794847086752085e-01,8.804792485958264914e-01,8.804781369792384904e-01,8.804857371017735801e-01,8.805975557749954330e-01,8.801372742988705644e-01,8.776103400967394386e-01,1.000000000000003775e+00,8.776181269750771285e-01,8.801879111786002907e-01,8.836072914449466520e-01,8.657112398430832911e-01,8.657058762334017832e-01,8.834980153214817555e-01,8.805359587353367434e-01,8.804933842430744395e-01,8.804875560607883234e-01,8.804859848584334348e-01,8.804855423425318461e-01,8.804853787923505593e-01,8.804852653496707537e-01,8.804850621629430885e-01,8.804839716214853951e-01,8.804916059391526550e-01,8.806035094372781646e-01,8.801434590117952483e-01,8.776181269750771285e-01,1.000000000000003775e+00,8.776695120779406389e-01,8.831716703456781170e-01,8.658255726170641653e-01,8.657477336858936390e-01,8.835407335866560796e-01,8.805785343170489110e-01,8.805359587353381867e-01,8.805301320897783723e-01,8.805285643920791605e-01,8.805281292859953313e-01,8.805279820825314685e-01,8.805279072585727729e-01,8.805278267785148216e-01,8.805276447298192588e-01,8.805265875855136093e-01,8.805343068616293678e-01,8.806465282039990239e-01,8.801879111786002907e-01,8.776695120779406389e-01,1.000000000000003775e+00,8.808423685322792629e-01,8.651244640095938632e-01,8.686600426356209104e-01,8.865128971610893860e-01,8.835407335866561906e-01,8.834980153214836429e-01,8.834921700460973693e-01,8.834905989038864815e-01,8.834901659475000724e-01,8.834900257684680236e-01,8.834899672794342962e-01,8.834899257701736008e-01,8.834898676145992447e-01,8.834897235065060084e-01,8.834887895147915948e-01,8.834965509430254826e-01,8.836072914449466520e-01,8.831716703456781170e-01,8.808423685322792629e-01,1.000000000000003775e+00,8.651046307049814477e-01,8.511667138502256869e-01,8.686600426356201332e-01,8.657477336858930839e-01,8.657058762334028934e-01,8.657001495546532421e-01,8.656986115533374937e-01,8.656981899742564046e-01,8.656980575516913801e-01,8.656980098910045385e-01,8.656979892529578224e-01,8.656979769422571414e-01,8.656979665125492662e-01,8.656979328095750770e-01,8.656973361028477143e-01,8.657112398430832911e-01,8.658255726170641653e-01,8.651244640095938632e-01,8.651046307049814477e-01,1.000000000000003775e+00
