1.000000000000000000e+00,1.000000000000000000e+00,1.000000000000000000e+00,1.000000000000000000e+00,1.000000000000000000e+00,1.000000000000000000e+00,1.000000000000000000e+00,1.000000000000000000e+00,1.000000000000000000e+00,1.000000000000000000e+00,1.000000000000000000e+00,1.000000000000000000e+00,1.000000000000000000e+00,1.000000000000000000e+00,1.000000000000000000e+00,1.000000000000000000e+00,1.000000000000000000e+00,1.000000000000000000e+00,1.000000000000000000e+00,1.000000000000000000e+00,1.000000000000000000e+00,1.000000000000000000e+00,1.000000000000000000e+00,1.000000000000000000e+00,1.000000000000000000e+00,1.000000000000000000e+00,1.000000000000000000e+00,1.000000000000000000e+00,1.000000000000000000e+00,1.000000000000000000e+00,1.000000000000000000e+00,1.000000000000000000e+00,1.000000000000000000e+00,1.000000000000000000e+00,1.000000000000000000e+00,1.000000000000000000e+00,1.000000000000000000e+00,1.000000000000000000e+00,1.000000000000000000e+00,1.000000000000000000e+00,1.000000000000000000e+00,1.000000000000000000e+00,1.000000000000000000e+00,1.000000000000000000e+00,1.000000000000000000e+00,1.000000000000000000e+00,1.000000000000000000e+00,1.000000000000000000e+00,1.000000000000000000e+00,1.000000000000000000e+00,1.000000000000000000e+00,1.000000000000000000e+00,1.000000000000000000e+00,1.000000000000000000e+00,1.000000000000000000e+00,1.000000000000000000e+00,1.000000000000000000e+00,1.000000000000000000e+00,1.000000000000000000e+00,1.000000000000000000e+00,1.000000000000000000e+00,1.000000000000000000e+00,1.000000000000000000e+00,1.000000000000000000e+00,1.000000000000000000e+00,1.000000000000000000e+00,1.000000000000000000e+00,1.000000000000000000e+00,1.000000000000000000e+00,1.000000000000000000e+00,1.000000000000000000e+00,1.000000000000000000e+00,1.000000000000000000e+00,1.000000000000000000e+00,1.000000000000000000e+00,1.000000000000000000e+00,1.000000000000000000e+00,1.000000000000000000e+00,1.000000000000000000e+00,1.000000000000000000e+00,1.000000000000000000e+00,1.000000000000000000e+00,1.000000000000000000e+00,1.000000000000000000e+00,1.000000000000000000e+00,1.000000000000000000e+00,1.000000000000000000e+00,1.000000000000000000e+00,1.000000000000000000e+00,1.000000000000000000e+00,1.000000000000000000e+00,1.000000000000000000e+00,1.000000000000000000e+00,1.000000000000000000e+00,1.000000000000000000e+00,1.000000000000000000e+00,1.000000000000000000e+00,1.000000000000000000e+00,1.000000000000000000e+00,1.000000000000000000e+00,1.000000000000000000e+00,1.000000000000000000e+00,1.000000000000000000e+00,1.000000000000000000e+00,1.000000000000000000e+00,1.000000000000000000e+00,1.000000000000000000e+00,1.000000000000000000e+00,1.000000000000000000e+00,1.000000000000000000e+00,1.000000000000000000e+00,1.000000000000000000e+00,1.000000000000000000e+00,1.000000000000000000e+00,1.000000000000000000e+00,1.000000000000000000e+00,1.000000000000000000e+00,1.000000000000000000e+00,1.000000000000000000e+00,1.000000000000000000e+00,1.000000000000000000e+00,1.000000000000000000e+00,1.000000000000000000e+00,1.000000000000000000e+00,1.000000000000000000e+00,1.000000000000000000e+00,1.000000000000000000e+00,1.000000000000000000e+00,1.000000000000000000e+00,1.000000000000000000e+00,1.000000000000000000e+00,1.000000000000000000e+00,1.000000000000000000e+00,1.000000000000000000e+00,1.000000000000000000e+00,1.000000000000000000e+00,1.000000000000000000e+00,1.000000000000000000e+00,1.000000000000000000e+00,1.000000000000000000e+00,1.000000000000000000e+00,1.000000000000000000e+00,1.000000000000000000e+00,1.000000000000000000e+00,1.000000000000000000e+00,1.000000000000000000e+00,1.000000000000000000e+00,1.000000000000000000e+00,1.000000000000000000e+00,1.000000000000000000e+00,1.000000000000000000e+00,1.000000000000000000e+00,1.000000000000000000e+00,1.000000000000000000e+00,1.000000000000000000e+00,1.000000000000000000e+00,1.000000000000000000e+00,1.000000000000000000e+00,1.000000000000000000e+00,1.000000000000000000e+00,1.000000000000000000e+00,1.000000000000000000e+00,1.000000000000000000e+00,1.000000000000000000e+00,1.000000000000000000e+00,1.000000000000000000e+00,1.000000000000000000e+00,1.000000000000000000e+00,1.000000000000000000e+00,1.000000000000000000e+00,1.000000000000000000e+00,1.000000000000000000e+00,1.000000000000000000e+00,1.000000000000000000e+00,1.000000000000000000e+00,1.000000000000000000e+00,1.000000000000000000e+00,1.000000000000000000e+00,1.000000000000000000e+00,1.000000000000000000e+00,1.000000000000000000e+00,1.000000000000000000e+00,1.000000000000000000e+00,1.000000000000000000e+00,1.000000000000000000e+00,1.000000000000000000e+00,1.000000000000000000e+00,1.000000000000000000e+00,1.000000000000000000e+00,1.000000000000000000e+00,1.000000000000000000e+00,1.000000000000000000e+00,1.000000000000000000e+00,1.000000000000000000e+00,1.000000000000000000e+00,1.000000000000000000e+00,1.000000000000000000e+00,1.000000000000000000e+00,1.000000000000000000e+00,1.000000000000000000e+00,1.000000000000000000e+00,1.000000000000000000e+00,1.000000000000000000e+00,1.000000000000000000e+00,1.000000000000000000e+00,1.000000000000000000e+00,1.000000000000000000e+00,1.000000000000000000e+00,1.000000000000000000e+00,1.000000000000000000e+00,1.000000000000000000e+00,1.000000000000000000e+00,1.000000000000000000e+00,1.000000000000000000e+00,1.000000000000000000e+00,1.000000000000000000e+00,1.000000000000000000e+00,1.000000000000000000e+00,1.000000000000000000e+00,1.000000000000000000e+00,1.000000000000000000e+00,1.000000000000000000e+00,1.000000000000000000e+00,1.000000000000000000e+00,1.000000000000000000e+00,1.000000000000000000e+00,1.000000000000000000e+00,1.000000000000000000e+00,1.000000000000000000e+00,1.000000000000000000e+00,1.000000000000000000e+00,1.000000000000000000e+00,1.000000000000000000e+00,1.000000000000000000e+00,1.000000000000000000e+00,1.000000000000000000e+00,1.000000000000000000e+00,1.000000000000000000e+00,1.000000000000000000e+00,1.000000000000000000e+00,1.000000000000000000e+00,1.000000000000000000e+00,1.000000000000000000e+00,1.000000000000000000e+00,1.000000000000000000e+00,1.000000000000000000e+00,1.000000000000000000e+00,1.000000000000000000e+00,1.000000000000000000e+00,1.000000000000000000e+00,1.000000000000000000e+00,1.000000000000000000e+00,1.000000000000000000e+00,1.000000000000000000e+00,1.000000000000000000e+00,1.000000000000000000e+00,1.000000000000000000e+00,1.000000000000000000e+00,1.000000000000000000e+00,1.000000000000000000e+00,1.000000000000000000e+00,1.000000000000000000e+00,1.000000000000000000e+00,1.000000000000000000e+00,1.000000000000000000e+00,1.000000000000000000e+00,1.000000000000000000e+00,1.000000000000000000e+00,1.000000000000000000e+00,1.000000000000000000e+00,1.000000000000000000e+00,1.000000000000000000e+00,1.000000000000000000e+00,1.000000000000000000e+00,1.000000000000000000e+00,1.000000000000000000e+00,1.000000000000000000e+00,1.000000000000000000e+00,1.000000000000000000e+00,1.000000000000000000e+00,1.000000000000000000e+00,1.000000000000000000e+00,1.000000000000000000e+00,1.000000000000000000e+00,1.000000000000000000e+00,1.000000000000000000e+00,1.000000000000000000e+00,1.000000000000000000e+00,1.000000000000000000e+00,1.000000000000000000e+00,1.000000000000000000e+00,1.000000000000000000e+00,1.000000000000000000e+00,1.000000000000000000e+00,1.000000000000000000e+00,1.000000000000000000e+00,1.000000000000000000e+00,1.000000000000000000e+00,1.000000000000000000e+00,1.000000000000000000e+00,1.000000000000000000e+00,1.000000000000000000e+00,1.000000000000000000e+00,1.000000000000000000e+00,1.000000000000000000e+00,1.000000000000000000e+00,1.000000000000000000e+00,1.000000000000000000e+00,1.000000000000000000e+00,1.000000000000000000e+00,1.000000000000000000e+00,1.000000000000000000e+00,1.000000000000000000e+00,1.000000000000000000e+00,1.000000000000000000e+00,1.000000000000000000e+00,1.000000000000000000e+00,1.000000000000000000e+00,1.000000000000000000e+00,1.000000000000000000e+00,1.000000000000000000e+00,1.000000000000000000e+00,1.000000000000000000e+00,1.000000000000000000e+00,1.000000000000000000e+00,1.000000000000000000e+00,1.000000000000000000e+00,1.000000000000000000e+00,1.000000000000000000e+00,1.000000000000000000e+00,1.000000000000000000e+00,1.000000000000000000e+00,1.000000000000000000e+00,1.000000000000000000e+00,1.000000000000000000e+00,1.000000000000000000e+00,1.000000000000000000e+00,1.000000000000000000e+00,1.000000000000000000e+00,1.000000000000000000e+00,1.000000000000000000e+00,1.000000000000000000e+00,1.000000000000000000e+00,1.000000000000000000e+00,1.000000000000000000e+00,1.000000000000000000e+00,1.000000000000000000e+00,1.000000000000000000e+00,1.000000000000000000e+00,1.000000000000000000e+00,1.000000000000000000e+00,1.000000000000000000e+00,1.000000000000000000e+00,1.000000000000000000e+00,1.000000000000000000e+00,1.000000000000000000e+00,1.000000000000000000e+00,1.000000000000000000e+00,1.000000000000000000e+00,1.000000000000000000e+00,1.000000000000000000e+00
1.000000000000001776e+00,7.515665790822420034e-01,7.655852278785723053e-01,7.656077028461307776e-01,7.656342764922310362e-01,7.656406342401174125e-01,7.656424437676525585e-01,7.656430580699636890e-01,7.656432943364037680e-01,7.656433893023297799e-01,7.656434185654569236e-01,7.656434007226223803e-01,7.656433173471474118e-01,7.656430822649120671e-01,7.656423778524903412e-01,7.656398006826927727e-01,7.656268153410948907e-01,7.655072064851227154e-01,7.610655311423283331e-01,7.515665790822420034e-01,1.000000000000001776e+00,7.567304790763681455e-01,7.700628427924305353e-01,7.700799366763475540e-01,7.701037098702220307e-01,7.701093751228361706e-01,7.701109715934972844e-01,7.701115066541143195e-01,7.701117063322981959e-01,7.701117766501128781e-01,7.701117763099845082e-01,7.701117006326501091e-01,7.701114682341507756e-01,7.701107618320024439e-01,7.701081707835981671e-01,7.700951103204398684e-01,7.699748038030390651e-01,7.655072064851230484e-01,7.655852278785723053e-01,7.567304790763681455e-01,1.000000000000001776e+00,7.568819051311207469e-01,7.701854847810429838e-01,7.702009903622252240e-01,7.702242836428642159e-01,7.702297993644519059e-01,7.702313388636969904e-01,7.702318462319251990e-01,7.702320252377804488e-01,7.702320679503139589e-01,7.702320109832671013e-01,7.702317873405939430e-01,7.702310852309980360e-01,7.702284961059083779e-01,7.702154348917792381e-01,7.700951103204390913e-01,7.656268153410944466e-01,7.656077028461307776e-01,7.700628427924305353e-01,7.568819051311207469e-01,1.000000000000001776e+00,7.568996235733527200e-01,7.701992313208059215e-01,7.702142996172057776e-01,7.702374433995629044e-01,7.702429021968738576e-01,7.702444140235387149e-01,7.702449007279782434e-01,7.702450521340098444e-01,7.702450382260472850e-01,7.702448333053696361e-01,7.702441399779523801e-01,7.702415552129340259e-01,7.702284961059076007e-01,7.701081707835966128e-01,7.656398006826916625e-01,7.656342764922310362e-01,7.700799366763475540e-01,7.701854847810429838e-01,7.568996235733527200e-01,1.000000000000001776e+00,7.569033604556316686e-01,7.702020619318233896e-01,7.702169893391422884e-01,7.702400761997567624e-01,7.702455073463859714e-01,7.702469985206765735e-01,7.702474576308626641e-01,7.702475524194428713e-01,7.702473905600402126e-01,7.702467159570809407e-01,7.702441399779518250e-01,7.702310852309967037e-01,7.701107618320004455e-01,7.656423778524887869e-01,7.656406342401174125e-01,7.701037098702220307e-01,7.702009903622252240e-01,7.701992313208059215e-01,7.569033604556316686e-01,1.000000000000001776e+00,7.569044386714889328e-01,7.702028666154184799e-01,7.702177395069537136e-01,7.702407986950063901e-01,7.702462091892083862e-01,7.702476727703391202e-01,7.702480752637976824e-01,7.702480221013969786e-01,7.702473905600404347e-01,7.702448333053690810e-01,7.702317873405927218e-01,7.701114682341487772e-01,7.656430822649106238e-01,7.656424437676525585e-01,7.701093751228361706e-01,7.702242836428642159e-01,7.702142996172057776e-01,7.702020619318233896e-01,7.569044386714889328e-01,1.000000000000001776e+00,7.569048192051117674e-01,7.702031462769450831e-01,7.702179923323888566e-01,7.702410308567604336e-01,7.702464137567897051e-01,7.702478207212303252e-01,7.702480752637979045e-01,7.702475524194433154e-01,7.702450382260471740e-01,7.702320109832662132e-01,7.701117006326484438e-01,7.656433173471460796e-01,7.656430580699636890e-01,7.701109715934972844e-01,7.702297993644519059e-01,7.702374433995629044e-01,7.702169893391422884e-01,7.702028666154184799e-01,7.569048192051117674e-01,1.000000000000001776e+00,7.569049687243822877e-01,7.702032508421216006e-01,7.702180765479755831e-01,7.702410874738019331e-01,7.702464137567903713e-01,7.702476727703398973e-01,7.702474576308636633e-01,7.702450521340102885e-01,7.702320679503136258e-01,7.701117763099835090e-01,7.656434007226216032e-01,7.656432943364037680e-01,7.701115066541143195e-01,7.702313388636969904e-01,7.702429021968738576e-01,7.702400761997567624e-01,7.702177395069537136e-01,7.702031462769450831e-01,7.569049687243822877e-01,1.000000000000001776e+00,7.569050231689091746e-01,7.702032783577631436e-01,7.702180765479756941e-01,7.702410308567612107e-01,7.702462091892092744e-01,7.702469985206776837e-01,7.702449007279787985e-01,7.702320252377805598e-01,7.701117766501121009e-01,7.656434185654563684e-01,7.656433893023297799e-01,7.701117063322981959e-01,7.702318462319251990e-01,7.702444140235387149e-01,7.702455073463859714e-01,7.702407986950063901e-01,7.702179923323888566e-01,7.702032508421216006e-01,7.569050231689091746e-01,1.000000000000001776e+00,7.569050231689095076e-01,7.702032508421218227e-01,7.702179923323898558e-01,7.702407986950075003e-01,7.702455073463873036e-01,7.702444140235393810e-01,7.702318462319253101e-01,7.701117063322977518e-01,7.656433893023292248e-01,7.656434185654569236e-01,7.701117766501128781e-01,7.702320252377804488e-01,7.702449007279782434e-01,7.702469985206765735e-01,7.702462091892083862e-01,7.702410308567604336e-01,7.702180765479755831e-01,7.702032783577631436e-01,7.569050231689095076e-01,1.000000000000001776e+00,7.569049687243829538e-01,7.702031462769463044e-01,7.702177395069551569e-01,7.702400761997583167e-01,7.702429021968747458e-01,7.702313388636972125e-01,7.701115066541139864e-01,7.656432943364036570e-01,7.656434007226223803e-01,7.701117763099845082e-01,7.702320679503139589e-01,7.702450521340098444e-01,7.702474576308626641e-01,7.702476727703391202e-01,7.702464137567897051e-01,7.702410874738019331e-01,7.702180765479756941e-01,7.702032508421218227e-01,7.569049687243829538e-01,1.000000000000001776e+00,7.569048192051130997e-01,7.702028666154200343e-01,7.702169893391439537e-01,7.702374433995641256e-01,7.702297993644524610e-01,7.701109715934970623e-01,7.656430580699635779e-01,7.656433173471474118e-01,7.701117006326501091e-01,7.702320109832671013e-01,7.702450382260472850e-01,7.702475524194428713e-01,7.702480752637976824e-01,7.702478207212303252e-01,7.702464137567903713e-01,7.702410308567612107e-01,7.702179923323898558e-01,7.702031462769463044e-01,7.569048192051130997e-01,1.000000000000001776e+00,7.569044386714913752e-01,7.702020619318256101e-01,7.702142996172074429e-01,7.702242836428653261e-01,7.701093751228367257e-01,7.656424437676531136e-01,7.656430822649120671e-01,7.701114682341507756e-01,7.702317873405939430e-01,7.702448333053696361e-01,7.702473905600402126e-01,7.702480221013969786e-01,7.702480752637979045e-01,7.702476727703398973e-01,7.702462091892092744e-01,7.702407986950075003e-01,7.702177395069551569e-01,7.702028666154200343e-01,7.569044386714913752e-01,1.000000000000001776e+00,7.569033604556346662e-01,7.701992313208079199e-01,7.702009903622265563e-01,7.701037098702228079e-01,7.656406342401183007e-01,7.656423778524903412e-01,7.701107618320024439e-01,7.702310852309980360e-01,7.702441399779523801e-01,7.702467159570809407e-01,7.702473905600404347e-01,7.702475524194433154e-01,7.702474576308636633e-01,7.702469985206776837e-01,7.702455073463873036e-01,7.702400761997583167e-01,7.702169893391439537e-01,7.702020619318256101e-01,7.569033604556346662e-01,1.000000000000001776e+00,7.568996235733549405e-01,7.701854847810445381e-01,7.700799366763484421e-01,7.656342764922321464e-01,7.656398006826927727e-01,7.701081707835981671e-01,7.702284961059083779e-01,7.702415552129340259e-01,7.702441399779518250e-01,7.702448333053690810e-01,7.702450382260471740e-01,7.702450521340102885e-01,7.702449007279787985e-01,7.702444140235393810e-01,7.702429021968747458e-01,7.702374433995641256e-01,7.702142996172074429e-01,7.701992313208079199e-01,7.568996235733549405e-01,1.000000000000001776e+00,7.568819051311216350e-01,7.700628427924307573e-01,7.656077028461311107e-01,7.656268153410948907e-01,7.700951103204398684e-01,7.702154348917792381e-01,7.702284961059076007e-01,7.702310852309967037e-01,7.702317873405927218e-01,7.702320109832662132e-01,7.702320679503136258e-01,7.702320252377805598e-01,7.702318462319253101e-01,7.702313388636972125e-01,7.702297993644524610e-01,7.702242836428653261e-01,7.702009903622265563e-01,7.701854847810445381e-01,7.568819051311216350e-01,1.000000000000001776e+00,7.567304790763673683e-01,7.655852278785720832e-01,7.655072064851227154e-01,7.699748038030390651e-01,7.700951103204390913e-01,7.701081707835966128e-01,7.701107618320004455e-01,7.701114682341487772e-01,7.701117006326484438e-01,7.701117763099835090e-01,7.701117766501121009e-01,7.701117063322977518e-01,7.701115066541139864e-01,7.701109715934970623e-01,7.701093751228367257e-01,7.701037098702228079e-01,7.700799366763484421e-01,7.700628427924307573e-01,7.567304790763673683e-01,1.000000000000001776e+00,7.515665790822407821e-01,7.610655311423283331e-01,7.655072064851230484e-01,7.656268153410944466e-01,7.656398006826916625e-01,7.656423778524887869e-01,7.656430822649106238e-01,7.656433173471460796e-01,7.656434007226216032e-01,7.656434185654563684e-01,7.656433893023292248e-01,7.656432943364036570e-01,7.656430580699635779e-01,7.656424437676531136e-01,7.656406342401183007e-01,7.656342764922321464e-01,7.656077028461311107e-01,7.655852278785720832e-01,7.515665790822407821e-01,1.000000000000001776e+00
1.000000000000004663e+00,9.694979043408812336e-01,9.696336586554236137e-01,9.696429633467644749e-01,9.696471388497770461e-01,9.696478387937310650e-01,9.696480566553110636e-01,9.696481501196141384e-01,9.696481893082352643e-01,9.696481976706471384e-01,9.696481794578919455e-01,9.696481234198329746e-01,9.696479913858745414e-01,9.696476747194702206e-01,9.696468474247132985e-01,9.696445122259543803e-01,9.696403996392978231e-01,9.696440526368595991e-01,9.629484832036814268e-01,9.694979043408812336e-01,1.000000000000004663e+00,9.762935379176302941e-01,9.763829784080257923e-01,9.763881614784898355e-01,9.763901603296990528e-01,9.763903043657939929e-01,9.763903389892829576e-01,9.763903572554107901e-01,9.763903576846973964e-01,9.763903360659399455e-01,9.763902781845066325e-01,9.763901445425909875e-01,9.763898253268801231e-01,9.763889920955046708e-01,9.763866405574318508e-01,9.763824993162000254e-01,9.763861776788400615e-01,9.696440526368599322e-01,9.696336586554236137e-01,9.762935379176302941e-01,1.000000000000004663e+00,9.762940105960407067e-01,9.763815243469826655e-01,9.763853181833437311e-01,9.763868037471696848e-01,9.763867589417872805e-01,9.763867156628804889e-01,9.763866940642463854e-01,9.763866641049256945e-01,9.763866027898537858e-01,9.763864676223280581e-01,9.763861476820507868e-01,9.763853140876312953e-01,9.763829623638961008e-01,9.763788210301282966e-01,9.763824993161989152e-01,9.696403996392971569e-01,9.696429633467644749e-01,9.763829784080257923e-01,9.762940105960407067e-01,1.000000000000004663e+00,9.763005569200856604e-01,9.763864911597259777e-01,9.763897785947577290e-01,9.763910772291508611e-01,9.763909549312456138e-01,9.763908719395901770e-01,9.763908200122494163e-01,9.763907503815897337e-01,9.763906117910080562e-01,9.763902903286594270e-01,9.763894560076218365e-01,9.763871039091118753e-01,9.763829623638962119e-01,9.763866405574307406e-01,9.696445122259534921e-01,9.696471388497770461e-01,9.763881614784898355e-01,9.763815243469826655e-01,9.763005569200856604e-01,1.000000000000004663e+00,9.763037683606248240e-01,9.763891601341080362e-01,9.763922623032117443e-01,9.763934833704243088e-01,9.763933213686871726e-01,9.763932080595366658e-01,9.763931164660021311e-01,9.763929695621590410e-01,9.763926446777273505e-01,9.763918088345688862e-01,9.763894560076209483e-01,9.763853140876307402e-01,9.763889920955031165e-01,9.696468474247118552e-01,9.696478387937310650e-01,9.763901603296990528e-01,9.763853181833437311e-01,9.763864911597259777e-01,9.763037683606248240e-01,1.000000000000004663e+00,9.763049294735038908e-01,9.763901248281873224e-01,9.763931500086910908e-01,9.763943313068105256e-01,9.763941389816102046e-01,9.763939860067075704e-01,9.763938171403349076e-01,9.763934839428441981e-01,9.763926446777274615e-01,9.763902903286590940e-01,9.763861476820504537e-01,9.763898253268787908e-01,9.696476747194689993e-01,9.696480566553110636e-01,9.763903043657939929e-01,9.763868037471696848e-01,9.763897785947577290e-01,9.763891601341080362e-01,9.763049294735038908e-01,1.000000000000004663e+00,9.763053838602411272e-01,9.763904979761042213e-01,9.763934835956521452e-01,9.763946345415821515e-01,9.763944025480548738e-01,9.763941723003128903e-01,9.763938171403352406e-01,9.763929695621594851e-01,9.763906117910077231e-01,9.763864676223278360e-01,9.763901445425899883e-01,9.696479913858736532e-01,9.696481501196141384e-01,9.763903389892829576e-01,9.763867589417872805e-01,9.763910772291508611e-01,9.763922623032117443e-01,9.763901248281873224e-01,9.763053838602411272e-01,1.000000000000004663e+00,9.763055723979671141e-01,9.763906452020483240e-01,9.763936005482326541e-01,9.763947118151039550e-01,9.763944025480552069e-01,9.763939860067082366e-01,9.763931164660031303e-01,9.763907503815898448e-01,9.763866027898541189e-01,9.763902781845060774e-01,9.696481234198325305e-01,9.696481893082352643e-01,9.763903572554107901e-01,9.763867156628804889e-01,9.763909549312456138e-01,9.763934833704243088e-01,9.763931500086910908e-01,9.763904979761042213e-01,9.763055723979671141e-01,1.000000000000004663e+00,9.763056429835370587e-01,9.763906848602396105e-01,9.763936005482323210e-01,9.763946345415822625e-01,9.763941389816104266e-01,9.763932080595371099e-01,9.763908200122493053e-01,9.763866641049254724e-01,9.763903360659391684e-01,9.696481794578911684e-01,9.696481976706471384e-01,9.763903576846973964e-01,9.763866940642463854e-01,9.763908719395901770e-01,9.763933213686871726e-01,9.763943313068105256e-01,9.763934835956521452e-01,9.763906452020483240e-01,9.763056429835370587e-01,1.000000000000004663e+00,9.763056429835376138e-01,9.763906452020484350e-01,9.763934835956527003e-01,9.763943313068111918e-01,9.763933213686881718e-01,9.763908719395907321e-01,9.763866940642468295e-01,9.763903576846969523e-01,9.696481976706469164e-01,9.696481794578919455e-01,9.763903360659399455e-01,9.763866641049256945e-01,9.763908200122494163e-01,9.763932080595366658e-01,9.763941389816102046e-01,9.763946345415821515e-01,9.763936005482326541e-01,9.763906848602396105e-01,9.763056429835376138e-01,1.000000000000004663e+00,9.763055723979676692e-01,9.763904979761051095e-01,9.763931500086924231e-01,9.763934833704258631e-01,9.763909549312465019e-01,9.763867156628814881e-01,9.763903572554109012e-01,9.696481893082352643e-01,9.696481234198329746e-01,9.763902781845066325e-01,9.763866027898537858e-01,9.763907503815897337e-01,9.763931164660021311e-01,9.763939860067075704e-01,9.763944025480548738e-01,9.763947118151039550e-01,9.763936005482323210e-01,9.763906452020484350e-01,9.763055723979676692e-01,1.000000000000004663e+00,9.763053838602417933e-01,9.763901248281880996e-01,9.763922623032126324e-01,9.763910772291513052e-01,9.763867589417876136e-01,9.763903389892824025e-01,9.696481501196138053e-01,9.696479913858745414e-01,9.763901445425909875e-01,9.763864676223280581e-01,9.763906117910080562e-01,9.763929695621590410e-01,9.763938171403349076e-01,9.763941723003128903e-01,9.763944025480552069e-01,9.763946345415822625e-01,9.763934835956527003e-01,9.763904979761051095e-01,9.763053838602417933e-01,1.000000000000004663e+00,9.763049294735052230e-01,9.763891601341095905e-01,9.763897785947586172e-01,9.763868037471706840e-01,9.763903043657941039e-01,9.696480566553111746e-01,9.696476747194702206e-01,9.763898253268801231e-01,9.763861476820507868e-01,9.763902903286594270e-01,9.763926446777273505e-01,9.763934839428441981e-01,9.763938171403352406e-01,9.763939860067082366e-01,9.763941389816104266e-01,9.763943313068111918e-01,9.763931500086924231e-01,9.763901248281880996e-01,9.763049294735052230e-01,1.000000000000004663e+00,9.763037683606266004e-01,9.763864911597269769e-01,9.763853181833449524e-01,9.763901603296991638e-01,9.696478387937315091e-01,9.696468474247132985e-01,9.763889920955046708e-01,9.763853140876312953e-01,9.763894560076218365e-01,9.763918088345688862e-01,9.763926446777274615e-01,9.763929695621594851e-01,9.763931164660031303e-01,9.763932080595371099e-01,9.763933213686881718e-01,9.763934833704258631e-01,9.763922623032126324e-01,9.763891601341095905e-01,9.763037683606266004e-01,1.000000000000004663e+00,9.763005569200872147e-01,9.763815243469839977e-01,9.763881614784901686e-01,9.696471388497776012e-01,9.696445122259543803e-01,9.763866405574318508e-01,9.763829623638961008e-01,9.763871039091118753e-01,9.763894560076209483e-01,9.763902903286590940e-01,9.763906117910077231e-01,9.763907503815898448e-01,9.763908200122493053e-01,9.763908719395907321e-01,9.763909549312465019e-01,9.763910772291513052e-01,9.763897785947586172e-01,9.763864911597269769e-01,9.763005569200872147e-01,1.000000000000004663e+00,9.762940105960412618e-01,9.763829784080253482e-01,9.696429633467644749e-01,9.696403996392978231e-01,9.763824993162000254e-01,9.763788210301282966e-01,9.763829623638962119e-01,9.763853140876307402e-01,9.763861476820504537e-01,9.763864676223278360e-01,9.763866027898541189e-01,9.763866641049254724e-01,9.763866940642468295e-01,9.763867156628814881e-01,9.763867589417876136e-01,9.763868037471706840e-01,9.763853181833449524e-01,9.763815243469839977e-01,9.762940105960412618e-01,1.000000000000004663e+00,9.762935379176300721e-01,9.696336586554236137e-01,9.696440526368595991e-01,9.763861776788400615e-01,9.763824993161989152e-01,9.763866405574307406e-01,9.763889920955031165e-01,9.763898253268787908e-01,9.763901445425899883e-01,9.763902781845060774e-01,9.763903360659391684e-01,9.763903576846969523e-01,9.763903572554109012e-01,9.763903389892824025e-01,9.763903043657941039e-01,9.763901603296991638e-01,9.763881614784901686e-01,9.763829784080253482e-01,9.762935379176300721e-01,1.000000000000004663e+00,9.694979043408803454e-01,9.629484832036814268e-01,9.696440526368599322e-01,9.696403996392971569e-01,9.696445122259534921e-01,9.696468474247118552e-01,9.696476747194689993e-01,9.696479913858736532e-01,9.696481234198325305e-01,9.696481794578911684e-01,9.696481976706469164e-01,9.696481893082352643e-01,9.696481501196138053e-01,9.696480566553111746e-01,9.696478387937315091e-01,9.696471388497776012e-01,9.696429633467644749e-01,9.696336586554236137e-01,9.694979043408803454e-01,1.000000000000004663e+00
1.000000000000009770e+00,7.886067790916642117e-01,7.993413752010407602e-01,7.994392073469495097e-01,7.994597962131770874e-01,7.994580030175020280e-01,7.994571753281380921e-01,7.994568286732423035e-01,7.994566744750682963e-01,7.994566190096392688e-01,7.994566313468995933e-01,7.994567190171029125e-01,7.994569352591794908e-01,7.994574236333277240e-01,7.994585089328566374e-01,7.994602754396457067e-01,7.994357445343532875e-01,7.987675525903102924e-01,8.114961194986506365e-01,7.886067790916642117e-01,1.000000000000009770e+00,7.752896542841356542e-01,7.868215403767621074e-01,7.868954464945425720e-01,7.869187428518104044e-01,7.869177210824203073e-01,7.869172096648152648e-01,7.869170025146101644e-01,7.869169214092981424e-01,7.869169207516397702e-01,7.869170007464099115e-01,7.869172103872423829e-01,7.869176894017643198e-01,7.869187567433197916e-01,7.869204950090937789e-01,7.868963485648143852e-01,7.862386372354962516e-01,7.987675525903094043e-01,7.993413752010407602e-01,7.752896542841356542e-01,1.000000000000009770e+00,7.760491207077335751e-01,7.874783265163015633e-01,7.875525453482462579e-01,7.875764963192415369e-01,7.875757703426667922e-01,7.875753887305503298e-01,7.875752516626607358e-01,7.875752246725503669e-01,7.875752921442099597e-01,7.875754958094854929e-01,7.875759721103328115e-01,7.875770387044540577e-01,7.875787775264089241e-01,7.875546103732035119e-01,7.868963485648163836e-01,7.994357445343543978e-01,7.994392073469495097e-01,7.868215403767621074e-01,7.760491207077335751e-01,1.000000000000009770e+00,7.760742088576408904e-01,7.875014045243984295e-01,7.875762269900841162e-01,7.876004445535067511e-01,7.875998425275571035e-01,7.875995285768537801e-01,7.875994444740267442e-01,7.875994850112111312e-01,7.875996757761511979e-01,7.876001457668918571e-01,7.876012091798008097e-01,7.876029463556354360e-01,7.875787775264090351e-01,7.869204950090955553e-01,7.994602754396469280e-01,7.994597962131770874e-01,7.868954464945425720e-01,7.874783265163015633e-01,7.760742088576408904e-01,1.000000000000009770e+00,7.760710512474782163e-01,7.874991835919161742e-01,7.875742680100641380e-01,7.875986091749879181e-01,7.875980748084491223e-01,7.875978138107758708e-01,7.875977972290764129e-01,7.875979610542815923e-01,7.875984181362988279e-01,7.875994752217487793e-01,7.876012091798021419e-01,7.875770387044556120e-01,7.869187567433230113e-01,7.994585089328591909e-01,7.994580030175020280e-01,7.869187428518104044e-01,7.875525453482462579e-01,7.875014045243984295e-01,7.760710512474782163e-01,1.000000000000009770e+00,7.760693070939584937e-01,7.874978979447234684e-01,7.875731032978974255e-01,7.875975120064965251e-01,7.875970305944275385e-01,7.875968371147081815e-01,7.875969438191829930e-01,7.875973739603743251e-01,7.875984181362987169e-01,7.876001457668929673e-01,7.875759721103335886e-01,7.869176894017673174e-01,7.994574236333298334e-01,7.994571753281380921e-01,7.869177210824203073e-01,7.875764963192415369e-01,7.875762269900841162e-01,7.874991835919161742e-01,7.760693070939584937e-01,1.000000000000009770e+00,7.760685210653213151e-01,7.874973214309383129e-01,7.875725932684825015e-01,7.875970548844692942e-01,7.875966409926301592e-01,7.875965707989289744e-01,7.875969438191826599e-01,7.875979610542810372e-01,7.875996757761520861e-01,7.875754958094862701e-01,7.869172103872451585e-01,7.994569352591811562e-01,7.994568286732423035e-01,7.869172096648152648e-01,7.875757703426667922e-01,7.876004445535067511e-01,7.875742680100641380e-01,7.874978979447234684e-01,7.760685210653213151e-01,1.000000000000009770e+00,7.760681721119394583e-01,7.874970781601450254e-01,7.875724024796505462e-01,7.875969315977235929e-01,7.875966409926293821e-01,7.875968371147071823e-01,7.875977972290751916e-01,7.875994850112111312e-01,7.875752921442098486e-01,7.869170007464117989e-01,7.994567190171039117e-01,7.994566744750682963e-01,7.869170025146101644e-01,7.875753887305503298e-01,7.875998425275571035e-01,7.875986091749879181e-01,7.875731032978974255e-01,7.874973214309383129e-01,7.760681721119394583e-01,1.000000000000009770e+00,7.760680371063417571e-01,7.874970107739247549e-01,7.875724024796515454e-01,7.875970548844695163e-01,7.875970305944272054e-01,7.875978138107754267e-01,7.875994444740277434e-01,7.875752246725510330e-01,7.869169207516424347e-01,7.994566313469012586e-01,7.994566190096392688e-01,7.869169214092981424e-01,7.875752516626607358e-01,7.875995285768537801e-01,7.875980748084491223e-01,7.875975120064965251e-01,7.875725932684825015e-01,7.874970781601450254e-01,7.760680371063417571e-01,1.000000000000009770e+00,7.760680371063404248e-01,7.874970781601449143e-01,7.875725932684816133e-01,7.875975120064950818e-01,7.875980748084475680e-01,7.875995285768537801e-01,7.875752516626605138e-01,7.869169214092995857e-01,7.994566190096399350e-01,7.994566313468995933e-01,7.869169207516397702e-01,7.875752246725503669e-01,7.875994444740267442e-01,7.875978138107758708e-01,7.875970305944275385e-01,7.875970548844692942e-01,7.875724024796505462e-01,7.874970107739247549e-01,7.760680371063404248e-01,1.000000000000009770e+00,7.760681721119379040e-01,7.874973214309362035e-01,7.875731032978948720e-01,7.875986091749851425e-01,7.875998425275557713e-01,7.875753887305489975e-01,7.869170025146106084e-01,7.994566744750677412e-01,7.994567190171029125e-01,7.869170007464099115e-01,7.875752921442099597e-01,7.875994850112111312e-01,7.875977972290764129e-01,7.875968371147081815e-01,7.875966409926301592e-01,7.875969315977235929e-01,7.875724024796515454e-01,7.874970781601449143e-01,7.760681721119379040e-01,1.000000000000009770e+00,7.760685210653198718e-01,7.874978979447218030e-01,7.875742680100621396e-01,7.876004445535061960e-01,7.875757703426663481e-01,7.869172096648164860e-01,7.994568286732425255e-01,7.994569352591794908e-01,7.869172103872423829e-01,7.875754958094854929e-01,7.875996757761511979e-01,7.875979610542815923e-01,7.875969438191829930e-01,7.875965707989289744e-01,7.875966409926293821e-01,7.875970548844695163e-01,7.875725932684816133e-01,7.874973214309362035e-01,7.760685210653198718e-01,1.000000000000009770e+00,7.760693070939557181e-01,7.874991835919135097e-01,7.875762269900827839e-01,7.875764963192403156e-01,7.869177210824208624e-01,7.994571753281377591e-01,7.994574236333277240e-01,7.869176894017643198e-01,7.875759721103328115e-01,7.876001457668918571e-01,7.875984181362988279e-01,7.875973739603743251e-01,7.875969438191826599e-01,7.875968371147071823e-01,7.875970305944272054e-01,7.875975120064950818e-01,7.875731032978948720e-01,7.874978979447218030e-01,7.760693070939557181e-01,1.000000000000009770e+00,7.760710512474748857e-01,7.875014045243967642e-01,7.875525453482445926e-01,7.869187428518107374e-01,7.994580030175015839e-01,7.994585089328566374e-01,7.869187567433197916e-01,7.875770387044540577e-01,7.876012091798008097e-01,7.875994752217487793e-01,7.875984181362987169e-01,7.875979610542810372e-01,7.875977972290751916e-01,7.875978138107754267e-01,7.875980748084475680e-01,7.875986091749851425e-01,7.875742680100621396e-01,7.874991835919135097e-01,7.760710512474748857e-01,1.000000000000009770e+00,7.760742088576386699e-01,7.874783265162995649e-01,7.868954464945424609e-01,7.994597962131761992e-01,7.994602754396457067e-01,7.869204950090937789e-01,7.875787775264089241e-01,7.876029463556354360e-01,7.876012091798021419e-01,7.876001457668929673e-01,7.875996757761520861e-01,7.875994850112111312e-01,7.875994444740277434e-01,7.875995285768537801e-01,7.875998425275557713e-01,7.876004445535061960e-01,7.875762269900827839e-01,7.875014045243967642e-01,7.760742088576386699e-01,1.000000000000009770e+00,7.760491207077329090e-01,7.868215403767633287e-01,7.994392073469500648e-01,7.994357445343532875e-01,7.868963485648143852e-01,7.875546103732035119e-01,7.875787775264090351e-01,7.875770387044556120e-01,7.875759721103335886e-01,7.875754958094862701e-01,7.875752921442098486e-01,7.875752246725510330e-01,7.875752516626605138e-01,7.875753887305489975e-01,7.875757703426663481e-01,7.875764963192403156e-01,7.875525453482445926e-01,7.874783265162995649e-01,7.760491207077329090e-01,1.000000000000009770e+00,7.752896542841372085e-01,7.993413752010415374e-01,7.987675525903102924e-01,7.862386372354962516e-01,7.868963485648163836e-01,7.869204950090955553e-01,7.869187567433230113e-01,7.869176894017673174e-01,7.869172103872451585e-01,7.869170007464117989e-01,7.869169207516424347e-01,7.869169214092995857e-01,7.869170025146106084e-01,7.869172096648164860e-01,7.869177210824208624e-01,7.869187428518107374e-01,7.868954464945424609e-01,7.868215403767633287e-01,7.752896542841372085e-01,1.000000000000009770e+00,7.886067790916669873e-01,8.114961194986506365e-01,7.987675525903094043e-01,7.994357445343543978e-01,7.994602754396469280e-01,7.994585089328591909e-01,7.994574236333298334e-01,7.994569352591811562e-01,7.994567190171039117e-01,7.994566313469012586e-01,7.994566190096399350e-01,7.994566744750677412e-01,7.994568286732425255e-01,7.994571753281377591e-01,7.994580030175015839e-01,7.994597962131761992e-01,7.994392073469500648e-01,7.993413752010415374e-01,7.886067790916669873e-01,1.000000000000009770e+00
