1.000000000000000000e+00,1.000000000000000000e+00,1.000000000000000000e+00,1.000000000000000000e+00,1.000000000000000000e+00,1.000000000000000000e+00,1.000000000000000000e+00,1.000000000000000000e+00,1.000000000000000000e+00,1.000000000000000000e+00,1.000000000000000000e+00,1.000000000000000000e+00,1.000000000000000000e+00,1.000000000000000000e+00,1.000000000000000000e+00,1.000000000000000000e+00,1.000000000000000000e+00,1.000000000000000000e+00,1.000000000000000000e+00,1.000000000000000000e+00,1.000000000000000000e+00,1.000000000000000000e+00,1.000000000000000000e+00,1.000000000000000000e+00,1.000000000000000000e+00,1.000000000000000000e+00,1.000000000000000000e+00,1.000000000000000000e+00,1.000000000000000000e+00,1.000000000000000000e+00,1.000000000000000000e+00,1.000000000000000000e+00,1.000000000000000000e+00,1.000000000000000000e+00,1.000000000000000000e+00,1.000000000000000000e+00,1.000000000000000000e+00,1.000000000000000000e+00,1.000000000000000000e+00,1.000000000000000000e+00,1.000000000000000000e+00,1.000000000000000000e+00,1.000000000000000000e+00,1.000000000000000000e+00,1.000000000000000000e+00,1.000000000000000000e+00,1.000000000000000000e+00,1.000000000000000000e+00,1.000000000000000000e+00
1.000000000000002220e+00,9.804511845439026763e-01,9.806054153307289800e-01,9.806078426194860809e-01,9.806010917742591371e-01,9.805001442650238541e-01,9.751674558342006138e-01,9.804511845439026763e-01,1.000000000000002220e+00,9.859413228089278780e-01,9.859763894676042417e-01,9.859630296240585734e-01,9.858618850343230378e-01,9.805001442650235211e-01,9.806054153307289800e-01,9.859413228089278780e-01,1.000000000000002220e+00,9.860511845865530534e-01,9.860702003533938775e-01,9.859630296240589065e-01,9.806010917742591371e-01,9.806078426194860809e-01,9.859763894676042417e-01,9.860511845865530534e-01,1.000000000000002220e+00,9.860511845865530534e-01,9.859763894676043527e-01,9.806078426194861919e-01,9.806010917742591371e-01,9.859630296240585734e-01,9.860702003533938775e-01,9.860511845865530534e-01,1.000000000000002220e+00,9.859413228089281001e-01,9.806054153307292021e-01,9.805001442650238541e-01,9.858618850343230378e-01,9.859630296240589065e-01,9.859763894676043527e-01,9.859413228089281001e-01,1.000000000000002220e+00,9.804511845439028983e-01,9.751674558342006138e-01,9.805001442650235211e-01,9.806010917742591371e-01,9.806078426194861919e-01,9.806054153307292021e-01,9.804511845439028983e-01,1.000000000000002220e+00
9.999999999999996669e-01,6.774593225602807411e-01,7.063499476751173844e-01,7.038644698127918264e-01,7.038375748060524684e-01,7.009565772545017781e-01,6.753848835629867597e-01,6.774593225602807411e-01,9.999999999999996669e-01,7.118040727234742349e-01,7.326284679243203479e-01,7.304703512365043894e-01,7.274858217513379133e-01,7.009565772545014450e-01,7.063499476751173844e-01,7.118040727234742349e-01,9.999999999999996669e-01,7.154183178135291588e-01,7.355345646646541669e-01,7.304703512365047224e-01,7.038375748060526904e-01,7.038644698127918264e-01,7.326284679243203479e-01,7.154183178135291588e-01,9.999999999999996669e-01,7.154183178135293808e-01,7.326284679243203479e-01,7.038644698127920485e-01,7.038375748060524684e-01,7.304703512365043894e-01,7.355345646646541669e-01,7.154183178135293808e-01,9.999999999999996669e-01,7.118040727234746790e-01,7.063499476751177175e-01,7.009565772545017781e-01,7.274858217513379133e-01,7.304703512365047224e-01,7.326284679243203479e-01,7.118040727234746790e-01,9.999999999999996669e-01,6.774593225602814073e-01,6.753848835629867597e-01,7.009565772545014450e-01,7.038375748060526904e-01,7.038644698127920485e-01,7.063499476751177175e-01,6.774593225602814073e-01,9.999999999999996669e-01
1.000000000000000666e+00,6.858509915413276703e-01,7.111815940921886181e-01,7.128815225895732688e-01,7.125595588602595676e-01,7.077818179083226191e-01,7.620498560147599409e-01,6.858509915413276703e-01,1.000000000000000666e+00,6.293702839508306113e-01,6.608311542226273927e-01,6.615743531400808397e-01,6.574548349129482050e-01,7.077818179083233963e-01,7.111815940921886181e-01,6.293702839508306113e-01,1.000000000000000666e+00,6.353519342665597813e-01,6.647503021081291319e-01,6.615743531400796185e-01,7.125595588602593455e-01,7.128815225895732688e-01,6.608311542226273927e-01,6.353519342665597813e-01,1.000000000000000666e+00,6.353519342665598924e-01,6.608311542226266155e-01,7.128815225895732688e-01,7.125595588602595676e-01,6.615743531400808397e-01,6.647503021081291319e-01,6.353519342665598924e-01,1.000000000000000666e+00,6.293702839508297231e-01,7.111815940921886181e-01,7.077818179083226191e-01,6.574548349129482050e-01,6.615743531400796185e-01,6.608311542226266155e-01,6.293702839508297231e-01,1.000000000000000666e+00,6.858509915413264491e-01,7.620498560147599409e-01,7.077818179083233963e-01,7.125595588602593455e-01,7.128815225895732688e-01,7.111815940921886181e-01,6.858509915413264491e-01,1.000000000000000666e+00
1.000000000000001776e+00,7.943866729882942401e-01,8.075728238670484282e-01,8.030399529333055453e-01,8.058826365211966269e-01,8.009271199628850146e-01,7.160092994256935794e-01,7.943866729882942401e-01,1.000000000000001776e+00,8.998032877746736657e-01,9.007195971962453918e-01,9.007545837049790727e-01,8.958174779310247304e-01,8.009271199628836824e-01,8.075728238670484282e-01,8.998032877746736657e-01,1.000000000000001776e+00,9.039776474512748461e-01,9.076594779044607764e-01,9.007545837049799609e-01,8.058826365211965159e-01,8.030399529333055453e-01,9.007195971962453918e-01,9.039776474512748461e-01,1.000000000000001776e+00,9.039776474512747351e-01,9.007195971962461689e-01,8.030399529333052122e-01,8.058826365211966269e-01,9.007545837049790727e-01,9.076594779044607764e-01,9.039776474512747351e-01,1.000000000000001776e+00,8.998032877746746649e-01,8.075728238670480952e-01,8.009271199628850146e-01,8.958174779310247304e-01,9.007545837049799609e-01,9.007195971962461689e-01,8.998032877746746649e-01,1.000000000000001776e+00,7.943866729882951283e-01,7.160092994256935794e-01,8.009271199628836824e-01,8.058826365211965159e-01,8.030399529333052122e-01,8.075728238670480952e-01,7.943866729882951283e-01,1.000000000000001776e+00
1.000000000000001554e+00,5.242528863515061310e-01,5.820760918418199648e-01,5.871848839223376970e-01,5.835908327686052388e-01,5.724409933869880618e-01,6.926905972977914772e-01,5.242528863515061310e-01,1.000000000000001554e+00,3.926904573356619910e-01,4.860561719781574253e-01,4.788934489643630332e-01,4.749033442927856896e-01,5.724409933869895051e-01,5.820760918418199648e-01,3.926904573356619910e-01,1.000000000000001554e+00,4.142719458296318935e-01,4.883919038784186872e-01,4.788934489643618675e-01,5.835908327686054609e-01,5.871848839223376970e-01,4.860561719781574253e-01,4.142719458296318935e-01,1.000000000000001554e+00,4.142719458296322266e-01,4.860561719781563705e-01,5.871848839223381411e-01,5.835908327686052388e-01,4.788934489643630332e-01,4.883919038784186872e-01,4.142719458296322266e-01,1.000000000000001554e+00,3.926904573356608807e-01,5.820760918418206309e-01,5.724409933869880618e-01,4.749033442927856896e-01,4.788934489643618675e-01,4.860561719781563705e-01,3.926904573356608807e-01,1.000000000000001554e+00,5.242528863515053539e-01,6.926905972977914772e-01,5.724409933869895051e-01,5.835908327686054609e-01,5.871848839223381411e-01,5.820760918418206309e-01,5.242528863515053539e-01,1.000000000000001554e+00
9.999999999999987788e-01,6.214273544746131694e-01,6.933362259870959887e-01,6.731863906415354037e-01,6.828220899147132705e-01,6.505935639940392257e-01,5.445852862414714002e-01,6.214273544746131694e-01,9.999999999999987788e-01,8.098244545926828186e-01,8.148392504897714606e-01,8.140967414962607673e-01,7.755777671100674286e-01,6.505935639940395587e-01,6.933362259870959887e-01,8.098244545926828186e-01,9.999999999999987788e-01,8.482079212915559774e-01,8.621714322686268028e-01,8.140967414962615445e-01,6.828220899147143808e-01,6.731863906415354037e-01,8.148392504897714606e-01,8.482079212915559774e-01,9.999999999999987788e-01,8.482079212915559774e-01,8.148392504897722377e-01,6.731863906415365140e-01,6.828220899147132705e-01,8.140967414962607673e-01,8.621714322686268028e-01,8.482079212915559774e-01,9.999999999999987788e-01,8.098244545926838178e-01,6.933362259870965438e-01,6.505935639940392257e-01,7.755777671100674286e-01,8.140967414962615445e-01,8.148392504897722377e-01,8.098244545926838178e-01,9.999999999999987788e-01,6.214273544746152789e-01,5.445852862414714002e-01,6.505935639940395587e-01,6.828220899147143808e-01,6.731863906415365140e-01,6.933362259870965438e-01,6.214273544746152789e-01,9.999999999999987788e-01
9.999999999999986677e-01,5.508385766450216714e-01,5.412724464340892272e-01,5.291976220084914084e-01,5.134800103172799668e-01,5.995510968419200948e-01,6.171960919301766602e-01,5.508385766450216714e-01,9.999999999999986677e-01,4.274934827883459243e-01,5.263711915442426115e-01,4.901062919411505736e-01,5.826837999170769722e-01,5.995510968419213160e-01,5.412724464340892272e-01,4.274934827883459243e-01,9.999999999999986677e-01,3.474073219699552739e-01,4.498629551940446780e-01,4.901062919411491858e-01,5.134800103172795227e-01,5.291976220084914084e-01,5.263711915442426115e-01,3.474073219699552739e-01,9.999999999999986677e-01,3.474073219699558845e-01,5.263711915442413902e-01,5.291976220084916305e-01,5.134800103172799668e-01,4.901062919411505736e-01,4.498629551940446780e-01,3.474073219699558845e-01,9.999999999999986677e-01,4.274934827883452026e-01,5.412724464340896713e-01,5.995510968419200948e-01,5.826837999170769722e-01,4.901062919411491858e-01,5.263711915442413902e-01,4.274934827883452026e-01,9.999999999999986677e-01,5.508385766450206722e-01,6.171960919301766602e-01,5.995510968419213160e-01,5.134800103172795227e-01,5.291976220084916305e-01,5.412724464340896713e-01,5.508385766450206722e-01,9.999999999999986677e-01
9.999999999999992228e-01,4.065668037976159499e-01,5.824738107722468028e-01,6.031792167831407925e-01,5.640403307153019075e-01,4.835127836101441590e-01,5.259019182257286262e-01,4.065668037976159499e-01,9.999999999999992228e-01,4.536302989805303110e-01,6.013408225256179351e-01,5.187544815802523912e-01,4.532895213440707449e-01,4.835127836101452137e-01,5.824738107722468028e-01,4.536302989805303110e-01,9.999999999999992228e-01,6.064313710923049383e-01,6.236731840973344099e-01,5.187544815802511700e-01,5.640403307153010193e-01,6.031792167831407925e-01,6.013408225256179351e-01,6.064313710923049383e-01,9.999999999999992228e-01,6.064313710923062706e-01,6.013408225256173800e-01,6.031792167831413476e-01,5.640403307153019075e-01,5.187544815802523912e-01,6.236731840973344099e-01,6.064313710923062706e-01,9.999999999999992228e-01,4.536302989805311991e-01,5.824738107722479130e-01,4.835127836101441590e-01,4.532895213440707449e-01,5.187544815802511700e-01,6.013408225256173800e-01,4.536302989805311991e-01,9.999999999999992228e-01,4.065668037976159499e-01,5.259019182257286262e-01,4.835127836101452137e-01,5.640403307153010193e-01,6.031792167831413476e-01,5.824738107722479130e-01,4.065668037976159499e-01,9.999999999999992228e-01
9.999999999999992228e-01,5.616317391560017303e-01,5.521349125883306952e-01,4.952943134264223835e-01,5.525316288507229334e-01,5.924679961864747213e-01,4.387045243405180428e-01,5.616317391560017303e-01,9.999999999999992228e-01,7.140355688564681280e-01,6.734511660721691495e-01,7.349472708040375446e-01,7.915778930300498839e-01,5.924679961864741662e-01,5.521349125883306952e-01,7.140355688564681280e-01,9.999999999999992228e-01,5.543123359466591848e-01,6.950304923074763774e-01,7.349472708040390989e-01,5.525316288507232665e-01,4.952943134264223835e-01,6.734511660721691495e-01,5.543123359466591848e-01,9.999999999999992228e-01,5.543123359466579636e-01,6.734511660721693715e-01,4.952943134264229386e-01,5.525316288507229334e-01,7.349472708040375446e-01,6.950304923074763774e-01,5.543123359466579636e-01,9.999999999999992228e-01,7.140355688564675729e-01,5.521349125883295850e-01,5.924679961864747213e-01,7.915778930300498839e-01,7.349472708040390989e-01,6.734511660721693715e-01,7.140355688564675729e-01,9.999999999999992228e-01,5.616317391560019523e-01,4.387045243405180428e-01,5.924679961864741662e-01,5.525316288507232665e-01,4.952943134264229386e-01,5.521349125883295850e-01,5.616317391560019523e-01,9.999999999999992228e-01
1.000000000000000000e+00,2.420464524557046082e-01,3.349424571309453924e-01,2.767630902025089989e-01,2.996062628615589474e-01,3.825361351857441972e-01,3.198321177502763124e-01,2.420464524557046082e-01,1.000000000000000000e+00,1.991441829875186531e-01,4.135520128239650317e-01,3.399116807529941608e-01,4.870759302068907171e-01,3.825361351857452519e-01,3.349424571309453924e-01,1.991441829875186531e-01,1.000000000000000000e+00,7.099072922372076655e-02,3.743881287114400047e-01,3.399116807529940498e-01,2.996062628615593360e-01,2.767630902025089989e-01,4.135520128239650317e-01,7.099072922372076655e-02,1.000000000000000000e+00,7.099072922372164085e-02,4.135520128239654758e-01,2.767630902025101092e-01,2.996062628615589474e-01,3.399116807529941608e-01,3.743881287114400047e-01,7.099072922372164085e-02,1.000000000000000000e+00,1.991441829875198744e-01,3.349424571309458365e-01,3.825361351857441972e-01,4.870759302068907171e-01,3.399116807529940498e-01,4.135520128239654758e-01,1.991441829875198744e-01,1.000000000000000000e+00,2.420464524557066621e-01,3.198321177502763124e-01,3.825361351857452519e-01,2.996062628615593360e-01,2.767630902025101092e-01,3.349424571309458365e-01,2.420464524557066621e-01,1.000000000000000000e+00
9.999999999999984457e-01,5.102129915253234005e-01,5.988598345865914219e-01,6.677392937188710853e-01,6.018689628125276636e-01,5.679159151984678466e-01,4.840270629331040464e-01,5.102129915253234005e-01,9.999999999999984457e-01,6.830815086537486147e-01,7.775020433497581429e-01,7.023623431972216835e-01,6.662194482833418974e-01,5.679159151984696230e-01,5.988598345865914219e-01,6.830815086537486147e-01,9.999999999999984457e-01,8.316133689966964671e-01,7.387487141377701017e-01,7.023623431972204623e-01,6.018689628125282187e-01,6.677392937188710853e-01,7.775020433497581429e-01,8.316133689966964671e-01,9.999999999999984457e-01,8.316133689966972442e-01,7.775020433497576988e-01,6.677392937188725286e-01,6.018689628125276636e-01,7.023623431972216835e-01,7.387487141377701017e-01,8.316133689966972442e-01,9.999999999999984457e-01,6.830815086537488368e-01,5.988598345865931982e-01,5.679159151984678466e-01,6.662194482833418974e-01,7.023623431972204623e-01,7.775020433497576988e-01,6.830815086537488368e-01,9.999999999999984457e-01,5.102129915253241776e-01,4.840270629331040464e-01,5.679159151984696230e-01,6.018689628125282187e-01,6.677392937188725286e-01,5.988598345865931982e-01,5.102129915253241776e-01,9.999999999999984457e-01
9.999999999999948930e-01,2.505579843102388460e-01,4.024698838636983633e-01,1.869273743994687154e-01,3.482404924948914737e-01,3.707135590002381687e-01,3.192981382101280352e-01,2.505579843102388460e-01,9.999999999999948930e-01,2.819521340448090108e-01,3.156995562094965790e-01,3.568629158025674597e-01,4.307291824341153985e-01,3.707135590002358372e-01,4.024698838636983633e-01,2.819521340448090108e-01,9.999999999999948930e-01,-9.059903531224934928e-03,4.238789547760216658e-01,3.568629158025685144e-01,3.482404924948899749e-01,1.869273743994687154e-01,3.156995562094965790e-01,-9.059903531224934928e-03,9.999999999999948930e-01,-9.059903531225422385e-03,3.156995562094959684e-01,1.869273743994677162e-01,3.482404924948914737e-01,3.568629158025674597e-01,4.238789547760216658e-01,-9.059903531225422385e-03,9.999999999999948930e-01,2.819521340448093438e-01,4.024698838636965315e-01,3.707135590002381687e-01,4.307291824341153985e-01,3.568629158025685144e-01,3.156995562094959684e-01,2.819521340448093438e-01,9.999999999999948930e-01,2.505579843102372917e-01,3.192981382101280352e-01,3.707135590002358372e-01,3.482404924948899749e-01,1.869273743994677162e-01,4.024698838636965315e-01,2.505579843102372917e-01,9.999999999999948930e-01
9.999999999999944489e-01,2.279740101278317499e-01,3.896961724811776051e-01,2.368900372643354957e-01,3.757850496807197960e-01,3.343162757164052090e-01,2.373253001694330400e-01,2.279740101278317499e-01,9.999999999999944489e-01,4.705424255168838554e-01,5.036523581703329366e-01,5.234664704731285534e-01,5.726033785596532644e-01,3.343162757164028775e-01,3.896961724811776051e-01,4.705424255168838554e-01,9.999999999999944489e-01,3.207122151250165754e-01,6.318900864286824959e-01,5.234664704731311069e-01,3.757850496807180196e-01,2.368900372643354957e-01,5.036523581703329366e-01,3.207122151250165754e-01,9.999999999999944489e-01,3.207122151250171860e-01,5.036523581703343799e-01,2.368900372643354402e-01,3.757850496807197960e-01,5.234664704731285534e-01,6.318900864286824959e-01,3.207122151250171860e-01,9.999999999999944489e-01,4.705424255168880188e-01,3.896961724811757177e-01,3.343162757164052090e-01,5.726033785596532644e-01,5.234664704731311069e-01,5.036523581703343799e-01,4.705424255168880188e-01,9.999999999999944489e-01,2.279740101278336928e-01,2.373253001694330400e-01,3.343162757164028775e-01,3.757850496807180196e-01,2.368900372643354402e-01,3.896961724811757177e-01,2.279740101278336928e-01,9.999999999999944489e-01
9.999999999999965583e-01,3.158723682888903150e-01,3.916635139305885138e-01,4.755689698753695072e-01,3.828619233391963861e-01,4.391216385576932613e-01,2.804578135113552362e-01,3.158723682888903150e-01,9.999999999999965583e-01,5.223426644652403583e-01,7.164851930611166875e-01,6.058231006376233463e-01,6.344482598562851683e-01,4.391216385576939274e-01,3.916635139305885138e-01,5.223426644652403583e-01,9.999999999999965583e-01,6.218974281271796301e-01,5.559526363357873979e-01,6.058231006376220140e-01,3.828619233391973853e-01,4.755689698753695072e-01,7.164851930611166875e-01,6.218974281271796301e-01,9.999999999999965583e-01,6.218974281271796301e-01,7.164851930611154662e-01,4.755689698753699513e-01,3.828619233391963861e-01,6.058231006376233463e-01,5.559526363357873979e-01,6.218974281271796301e-01,9.999999999999965583e-01,5.223426644652386930e-01,3.916635139305897906e-01,4.391216385576932613e-01,6.344482598562851683e-01,6.058231006376220140e-01,7.164851930611154662e-01,5.223426644652386930e-01,9.999999999999965583e-01,3.158723682888892048e-01,2.804578135113552362e-01,4.391216385576939274e-01,3.828619233391973853e-01,4.755689698753699513e-01,3.916635139305897906e-01,3.158723682888892048e-01,9.999999999999965583e-01
9.999999999999968914e-01,1.446320182751272554e-01,3.014475401830746804e-01,1.716584395617859471e-01,2.213189820519024242e-01,2.976759590158345459e-01,2.567691482667227021e-01,1.446320182751272554e-01,9.999999999999968914e-01,5.607524650129220439e-03,4.290385462660782356e-01,1.328409977111492113e-01,4.410706291673309187e-01,2.976759590158382651e-01,3.014475401830746804e-01,5.607524650129220439e-03,9.999999999999968914e-01,-1.432178310187839088e-01,2.847195658682385999e-01,1.328409977111467133e-01,2.213189820519004813e-01,1.716584395617859471e-01,4.290385462660782356e-01,-1.432178310187839088e-01,9.999999999999968914e-01,-1.432178310187818826e-01,4.290385462660767368e-01,1.716584395617879732e-01,2.213189820519024242e-01,1.328409977111492113e-01,2.847195658682385999e-01,-1.432178310187818826e-01,9.999999999999968914e-01,5.607524650128325322e-03,3.014475401830758461e-01,2.976759590158345459e-01,4.410706291673309187e-01,1.328409977111467133e-01,4.290385462660767368e-01,5.607524650128325322e-03,9.999999999999968914e-01,1.446320182751265615e-01,2.567691482667227021e-01,2.976759590158382651e-01,2.213189820519004813e-01,1.716584395617879732e-01,3.014475401830758461e-01,1.446320182751265615e-01,9.999999999999968914e-01
9.999999999999973355e-01,2.896570779792180805e-01,3.585733702060751593e-01,3.454124194795102909e-01,3.698372227335899876e-01,3.496489405371434600e-01,2.384640239722096156e-01,2.896570779792180805e-01,9.999999999999973355e-01,5.492989564704390260e-01,6.359996330331146863e-01,5.799489178094660025e-01,6.501992811756309720e-01,3.496489405371447923e-01,3.585733702060751593e-01,5.492989564704390260e-01,9.999999999999973355e-01,5.163142431108610486e-01,6.078300664706356438e-01,5.799489178094663355e-01,3.698372227335920970e-01,3.454124194795102909e-01,6.359996330331146863e-01,5.163142431108610486e-01,9.999999999999973355e-01,5.163142431108622699e-01,6.359996330331159076e-01,3.454124194795126224e-01,3.698372227335899876e-01,5.799489178094660025e-01,6.078300664706356438e-01,5.163142431108622699e-01,9.999999999999973355e-01,5.492989564704422456e-01,3.585733702060770467e-01,3.496489405371434600e-01,6.501992811756309720e-01,5.799489178094663355e-01,6.359996330331159076e-01,5.492989564704422456e-01,9.999999999999973355e-01,2.896570779792228545e-01,2.384640239722096156e-01,3.496489405371447923e-01,3.698372227335920970e-01,3.454124194795126224e-01,3.585733702060770467e-01,2.896570779792228545e-01,9.999999999999973355e-01
9.999999999999917843e-01,2.771541120525451707e-02,3.176679254828690402e-01,2.243474175555111305e-01,2.373822374898206244e-01,2.779070892584061259e-01,9.651637072439353537e-02,2.771541120525451707e-02,9.999999999999917843e-01,3.777027563419765865e-01,4.675503647382858730e-01,4.745479699512754057e-01,4.477570848928256186e-01,2.779070892584047936e-01,3.176679254828690402e-01,3.777027563419765865e-01,9.999999999999917843e-01,3.337415406400490170e-01,5.580262295062320410e-01,4.745479699512774596e-01,2.373822374898192367e-01,2.243474175555111305e-01,4.675503647382858730e-01,3.337415406400490170e-01,9.999999999999917843e-01,3.337415406400461859e-01,4.675503647382866501e-01,2.243474175555096040e-01,2.373822374898206244e-01,4.745479699512754057e-01,5.580262295062320410e-01,3.337415406400461859e-01,9.999999999999917843e-01,3.777027563419740330e-01,3.176679254828674304e-01,2.779070892584061259e-01,4.477570848928256186e-01,4.745479699512774596e-01,4.675503647382866501e-01,3.777027563419740330e-01,9.999999999999917843e-01,2.771541120525256030e-02,9.651637072439353537e-02,2.779070892584047936e-01,2.373822374898192367e-01,2.243474175555096040e-01,3.176679254828674304e-01,2.771541120525256030e-02,9.999999999999917843e-01
9.999999999999915623e-01,7.743565083103293167e-02,3.300071061732613442e-01,5.431373565271288562e-02,3.173372660335632145e-01,2.262390860391270131e-01,2.525260574164615024e-01,7.743565083103293167e-02,9.999999999999915623e-01,9.609288190713932698e-02,4.264645583003102147e-01,1.892325145811205866e-01,4.908366274942017604e-01,2.262390860391228775e-01,3.300071061732613442e-01,9.609288190713932698e-02,9.999999999999915623e-01,-1.324010935115083609e-01,4.123252312877557224e-01,1.892325145811213361e-01,3.173372660335609385e-01,5.431373565271288562e-02,4.264645583003102147e-01,-1.324010935115083609e-01,9.999999999999915623e-01,-1.324010935115065291e-01,4.264645583003098261e-01,5.431373565271091497e-02,3.173372660335632145e-01,1.892325145811205866e-01,4.123252312877557224e-01,-1.324010935115065291e-01,9.999999999999915623e-01,9.609288190714351807e-02,3.300071061732601230e-01,2.262390860391270131e-01,4.908366274942017604e-01,1.892325145811213361e-01,4.264645583003098261e-01,9.609288190714351807e-02,9.999999999999915623e-01,7.743565083103098878e-02,2.525260574164615024e-01,2.262390860391228775e-01,3.173372660335609385e-01,5.431373565271091497e-02,3.300071061732601230e-01,7.743565083103098878e-02,9.999999999999915623e-01
9.999999999999938938e-01,3.236635547536478863e-01,3.386371955752849328e-01,4.325147877653312545e-01,3.172663389619456709e-01,4.019829563193536570e-01,2.621642004951093563e-01,3.236635547536478863e-01,9.999999999999938938e-01,4.734338487009097651e-01,6.772141788952277253e-01,5.465207099690471138e-01,6.382989812327437562e-01,4.019829563193527133e-01,3.386371955752849328e-01,4.734338487009097651e-01,9.999999999999938938e-01,5.111283771308759993e-01,4.322650686686323462e-01,5.465207099690463366e-01,3.172663389619437280e-01,4.325147877653312545e-01,6.772141788952277253e-01,5.111283771308759993e-01,9.999999999999938938e-01,5.111283771308789969e-01,6.772141788952290575e-01,4.325147877653318096e-01,3.172663389619456709e-01,5.465207099690471138e-01,4.322650686686323462e-01,5.111283771308789969e-01,9.999999999999938938e-01,4.734338487009148722e-01,3.386371955752852103e-01,4.019829563193536570e-01,6.382989812327437562e-01,5.465207099690463366e-01,6.772141788952290575e-01,4.734338487009148722e-01,9.999999999999938938e-01,3.236635547536502733e-01,2.621642004951093563e-01,4.019829563193527133e-01,3.172663389619437280e-01,4.325147877653318096e-01,3.386371955752852103e-01,3.236635547536502733e-01,9.999999999999938938e-01
9.999999999999936717e-01,-1.136785758271893071e-01,2.689727575605475041e-01,1.202860952396553329e-01,1.237025853046971047e-01,1.916751328013738265e-01,3.167763267353188028e-02,-1.136785758271893071e-01,9.999999999999936717e-01,1.407040147332463131e-01,5.001410149997802534e-01,3.072117506092038597e-01,3.599154800563394430e-01,1.916751328013756583e-01,2.689727575605475041e-01,1.407040147332463131e-01,9.999999999999936717e-01,1.911129781618568779e-01,3.028009562260086662e-01,3.072117506092037487e-01,1.237025853046983537e-01,1.202860952396553329e-01,5.001410149997802534e-01,1.911129781618568779e-01,9.999999999999936717e-01,1.911129781618542967e-01,5.001410149997780330e-01,1.202860952396553884e-01,1.237025853046971047e-01,3.072117506092038597e-01,3.028009562260086662e-01,1.911129781618542967e-01,9.999999999999936717e-01,1.407040147332398183e-01,2.689727575605506127e-01,1.916751328013738265e-01,3.599154800563394430e-01,3.072117506092037487e-01,5.001410149997780330e-01,1.407040147332398183e-01,9.999999999999936717e-01,-1.136785758271915414e-01,3.167763267353188028e-02,1.916751328013756583e-01,1.237025853046983537e-01,1.202860952396553884e-01,2.689727575605506127e-01,-1.136785758271915414e-01,9.999999999999936717e-01
9.999999999999941158e-01,-4.819704672462316042e-03,2.777739713042633452e-01,-3.538036698221533327e-02,3.002840443828760919e-01,1.023293743341296136e-01,1.981126781891213440e-01,-4.819704672462316042e-03,9.999999999999941158e-01,1.846678101246116421e-01,4.743386472474206972e-01,2.307792325058710403e-01,6.355881449528044680e-01,1.023293743341312512e-01,2.777739713042633452e-01,1.846678101246116421e-01,9.999999999999941158e-01,-8.338865942812412335e-02,4.688956079205125471e-01,2.307792325058695970e-01,3.002840443828768136e-01,-3.538036698221533327e-02,4.743386472474206972e-01,-8.338865942812412335e-02,9.999999999999941158e-01,-8.338865942812305476e-02,4.743386472474210858e-01,-3.538036698221419529e-02,3.002840443828760919e-01,2.307792325058710403e-01,4.688956079205125471e-01,-8.338865942812305476e-02,9.999999999999941158e-01,1.846678101246121417e-01,2.777739713042631786e-01,1.023293743341296136e-01,6.355881449528044680e-01,2.307792325058695970e-01,4.743386472474210858e-01,1.846678101246121417e-01,9.999999999999941158e-01,-4.819704672461511130e-03,1.981126781891213440e-01,1.023293743341312512e-01,3.002840443828768136e-01,-3.538036698221419529e-02,2.777739713042631786e-01,-4.819704672461511130e-03,9.999999999999941158e-01
9.999999999999936717e-01,2.184993336177150081e-01,2.834480373133768105e-01,3.354007969328639538e-01,2.221635008542424961e-01,3.663003408925592508e-01,1.539564689110749784e-01,2.184993336177150081e-01,9.999999999999936717e-01,4.898936444460562090e-01,5.295181116927444309e-01,5.882628430306837686e-01,6.187521797806614376e-01,3.663003408925582516e-01,2.834480373133768105e-01,4.898936444460562090e-01,9.999999999999936717e-01,3.734971151919447285e-01,4.480801011964771208e-01,5.882628430306839906e-01,2.221635008542402201e-01,3.354007969328639538e-01,5.295181116927444309e-01,3.734971151919447285e-01,9.999999999999936717e-01,3.734971151919471710e-01,5.295181116927457632e-01,3.354007969328650640e-01,2.221635008542424961e-01,5.882628430306837686e-01,4.480801011964771208e-01,3.734971151919471710e-01,9.999999999999936717e-01,4.898936444460614270e-01,2.834480373133779763e-01,3.663003408925592508e-01,6.187521797806614376e-01,5.882628430306839906e-01,5.295181116927457632e-01,4.898936444460614270e-01,9.999999999999936717e-01,2.184993336177177836e-01,1.539564689110749784e-01,3.663003408925582516e-01,2.221635008542402201e-01,3.354007969328650640e-01,2.834480373133779763e-01,2.184993336177177836e-01,9.999999999999936717e-01
9.999999999999932276e-01,-1.972923443925096165e-01,3.129330991277886609e-01,1.063550966594899866e-01,1.694684973663511118e-01,1.558373002065370216e-01,1.844486169208245374e-02,-1.972923443925096165e-01,9.999999999999932276e-01,4.189804212065294242e-02,4.204675657265514732e-01,2.427880517140111050e-01,2.349797429848420605e-01,1.558373002065375490e-01,3.129330991277886609e-01,4.189804212065294242e-02,9.999999999999932276e-01,1.860000050641626157e-01,3.530943785885056752e-01,2.427880517140103556e-01,1.694684973663517780e-01,1.063550966594899866e-01,4.204675657265514732e-01,1.860000050641626157e-01,9.999999999999932276e-01,1.860000050641601177e-01,4.204675657265520283e-01,1.063550966594876690e-01,1.694684973663511118e-01,2.427880517140111050e-01,3.530943785885056752e-01,1.860000050641601177e-01,9.999999999999932276e-01,4.189804212064881378e-02,3.129330991277874396e-01,1.558373002065370216e-01,2.349797429848420605e-01,2.427880517140103556e-01,4.204675657265520283e-01,4.189804212064881378e-02,9.999999999999932276e-01,-1.972923443925123643e-01,1.844486169208245374e-02,1.558373002065375490e-01,1.694684973663517780e-01,1.063550966594876690e-01,3.129330991277874396e-01,-1.972923443925123643e-01,9.999999999999932276e-01
9.999999999999913403e-01,-1.564075489052962897e-03,3.403741390061933991e-01,6.151777753119280767e-02,3.587241354145140337e-01,8.917521753062082612e-02,3.469973078353643658e-01,-1.564075489052962897e-03,9.999999999999913403e-01,8.445247056518441486e-02,5.232711971800887429e-01,1.324463647526298304e-01,5.900279543348454503e-01,8.917521753062340739e-02,3.403741390061933991e-01,8.445247056518441486e-02,9.999999999999913403e-01,3.880303577683558852e-03,4.223934344070349178e-01,1.324463647526306076e-01,3.587241354145146444e-01,6.151777753119280767e-02,5.232711971800887429e-01,3.880303577683558852e-03,9.999999999999913403e-01,3.880303577682715777e-03,5.232711971800896311e-01,6.151777753119497261e-02,3.587241354145140337e-01,1.324463647526298304e-01,4.223934344070349178e-01,3.880303577682715777e-03,9.999999999999913403e-01,8.445247056518348505e-02,3.403741390061958416e-01,8.917521753062082612e-02,5.900279543348454503e-01,1.324463647526306076e-01,5.232711971800896311e-01,8.445247056518348505e-02,9.999999999999913403e-01,-1.564075489050020806e-03,3.469973078353643658e-01,8.917521753062340739e-02,3.587241354145146444e-01,6.151777753119497261e-02,3.403741390061958416e-01,-1.564075489050020806e-03,9.999999999999913403e-01
9.999999999999910072e-01,1.705754771204955611e-01,1.876690630937091486e-01,2.789889604368089859e-01,1.181432209909258901e-01,3.345560860749535737e-01,3.641839321516712746e-02,1.705754771204955611e-01,9.999999999999910072e-01,4.006597529316001105e-01,5.247008435132430870e-01,5.088807109706695586e-01,6.610511082409873396e-01,3.345560860749554055e-01,1.876690630937091486e-01,4.006597529316001105e-01,9.999999999999910072e-01,2.274699613789321062e-01,3.301682287506371161e-01,5.088807109706670051e-01,1.181432209909252795e-01,2.789889604368089859e-01,5.247008435132430870e-01,2.274699613789321062e-01,9.999999999999910072e-01,2.274699613789355479e-01,5.247008435132428650e-01,2.789889604368122056e-01,1.181432209909258901e-01,5.088807109706695586e-01,3.301682287506371161e-01,2.274699613789355479e-01,9.999999999999910072e-01,4.006597529316038853e-01,1.876690630937104531e-01,3.345560860749535737e-01,6.610511082409873396e-01,5.088807109706670051e-01,5.247008435132428650e-01,4.006597529316038853e-01,9.999999999999910072e-01,1.705754771204989195e-01,3.641839321516712746e-02,3.345560860749554055e-01,1.181432209909252795e-01,2.789889604368122056e-01,1.876690630937104531e-01,1.705754771204989195e-01,9.999999999999910072e-01
9.999999999999961142e-01,-2.968796623738856888e-01,1.809564022701943831e-01,-4.069144487592191162e-02,4.427946834649942875e-02,1.984602912320521106e-02,-3.105775823426185078e-02,-2.968796623738856888e-01,9.999999999999961142e-01,1.441424852369981857e-01,4.976553437133682811e-01,2.983212639509428277e-01,4.165315778439633854e-01,1.984602912320398982e-02,1.809564022701943831e-01,1.441424852369981857e-01,9.999999999999961142e-01,1.781736474395697600e-01,3.393687701185285066e-01,2.983212639509409403e-01,4.427946834649948427e-02,-4.069144487592191162e-02,4.976553437133682811e-01,1.781736474395697600e-01,9.999999999999961142e-01,1.781736474395701486e-01,4.976553437133660607e-01,-4.069144487592424309e-02,4.427946834649942875e-02,2.983212639509428277e-01,3.393687701185285066e-01,1.781736474395701486e-01,9.999999999999961142e-01,1.441424852369957987e-01,1.809564022701959374e-01,1.984602912320521106e-02,4.165315778439633854e-01,2.983212639509409403e-01,4.976553437133660607e-01,1.441424852369957987e-01,9.999999999999961142e-01,-2.968796623738901297e-01,-3.105775823426185078e-02,1.984602912320398982e-02,4.427946834649948427e-02,-4.069144487592424309e-02,1.809564022701959374e-01,-2.968796623738901297e-01,9.999999999999961142e-01
9.999999999999978906e-01,-1.020509824606518623e-01,2.762391592488904202e-01,-2.864533311578140728e-02,3.055657953754737921e-01,-3.124397629698733025e-02,3.452573176976694302e-01,-1.020509824606518623e-01,9.999999999999978906e-01,8.803303821670223350e-02,5.769782586509704103e-01,1.193189151186053454e-01,6.762048326117762187e-01,-3.124397629698805190e-02,2.762391592488904202e-01,8.803303821670223350e-02,9.999999999999978906e-01,6.858146898719559570e-03,3.299337217615797568e-01,1.193189151186079267e-01,3.055657953754729039e-01,-2.864533311578140728e-02,5.769782586509704103e-01,6.858146898719559570e-03,9.999999999999978906e-01,6.858146898717554230e-03,5.769782586509718536e-01,-2.864533311578004726e-02,3.055657953754737921e-01,1.193189151186053454e-01,3.299337217615797568e-01,6.858146898717554230e-03,9.999999999999978906e-01,8.803303821670177554e-02,2.762391592488900871e-01,-3.124397629698733025e-02,6.762048326117762187e-01,1.193189151186079267e-01,5.769782586509718536e-01,8.803303821670177554e-02,9.999999999999978906e-01,-1.020509824606499749e-01,3.452573176976694302e-01,-3.124397629698805190e-02,3.055657953754729039e-01,-2.864533311578004726e-02,2.762391592488900871e-01,-1.020509824606499749e-01,9.999999999999978906e-01
9.999999999999971134e-01,2.053944197103874103e-01,2.077358459864271645e-01,3.221554980574984350e-01,1.139646449373716841e-01,4.148964392519487454e-01,6.900733405772777052e-02,2.053944197103874103e-01,9.999999999999971134e-01,2.350640135279739584e-01,4.941481564757822520e-01,4.085045923122454514e-01,5.366251161132111758e-01,4.148964392519483568e-01,2.077358459864271645e-01,2.350640135279739584e-01,9.999999999999971134e-01,1.324995666837177621e-01,2.776916196213521371e-01,4.085045923122487821e-01,1.139646449373719617e-01,3.221554980574984350e-01,4.941481564757822520e-01,1.324995666837177621e-01,9.999999999999971134e-01,1.324995666837166519e-01,4.941481564757839173e-01,3.221554980574996563e-01,1.139646449373716841e-01,4.085045923122454514e-01,2.776916196213521371e-01,1.324995666837166519e-01,9.999999999999971134e-01,2.350640135279769005e-01,2.077358459864248330e-01,4.148964392519487454e-01,5.366251161132111758e-01,4.085045923122487821e-01,4.941481564757839173e-01,2.350640135279769005e-01,9.999999999999971134e-01,2.053944197103923508e-01,6.900733405772777052e-02,4.148964392519483568e-01,1.139646449373719617e-01,3.221554980574996563e-01,2.077358459864248330e-01,2.053944197103923508e-01,9.999999999999971134e-01
9.999999999999984457e-01,-2.189399657441211122e-01,2.590414702810314163e-01,9.360088829889073869e-02,9.759155035174066350e-02,1.164426354865946700e-01,5.949278789651943344e-02,-2.189399657441211122e-01,9.999999999999984457e-01,1.233095938028689054e-01,4.720692823549647033e-01,3.247804299615238977e-01,3.276714112068415119e-01,1.164426354865932545e-01,2.590414702810314163e-01,1.233095938028689054e-01,9.999999999999984457e-01,2.557351124255888841e-01,2.789918759887263788e-01,3.247804299615228429e-01,9.759155035173885939e-02,9.360088829889073869e-02,4.720692823549647033e-01,2.557351124255888841e-01,9.999999999999984457e-01,2.557351124255881070e-01,4.720692823549643147e-01,9.360088829888801865e-02,9.759155035174066350e-02,3.247804299615238977e-01,2.789918759887263788e-01,2.557351124255881070e-01,9.999999999999984457e-01,1.233095938028663519e-01,2.590414702810305281e-01,1.164426354865946700e-01,3.276714112068415119e-01,3.247804299615228429e-01,4.720692823549643147e-01,1.233095938028663519e-01,9.999999999999984457e-01,-2.189399657441262192e-01,5.949278789651943344e-02,1.164426354865932545e-01,9.759155035173885939e-02,9.360088829888801865e-02,2.590414702810305281e-01,-2.189399657441262192e-01,9.999999999999984457e-01
1.000000000000000444e+00,-2.376831367280534679e-01,2.613455334153596543e-01,-1.295569178832061685e-01,2.892755777349843571e-01,-1.328721742053222687e-01,3.150205032816454920e-01,-2.376831367280534679e-01,1.000000000000000444e+00,1.164381757881173263e-01,4.900303212820076304e-01,1.416699569971640038e-01,6.106774229519551511e-01,-1.328721742053195765e-01,2.613455334153596543e-01,1.164381757881173263e-01,1.000000000000000444e+00,8.256001195670858647e-03,4.547648489129690885e-01,1.416699569971618944e-01,2.892755777349867996e-01,-1.295569178832061685e-01,4.900303212820076304e-01,8.256001195670858647e-03,1.000000000000000444e+00,8.256001195673014909e-03,4.900303212820072418e-01,-1.295569178832041701e-01,2.892755777349843571e-01,1.416699569971640038e-01,4.547648489129690885e-01,8.256001195673014909e-03,1.000000000000000444e+00,1.164381757881194496e-01,2.613455334153610421e-01,-1.328721742053222687e-01,6.106774229519551511e-01,1.416699569971618944e-01,4.900303212820072418e-01,1.164381757881194496e-01,1.000000000000000444e+00,-2.376831367280505258e-01,3.150205032816454920e-01,-1.328721742053195765e-01,2.892755777349867996e-01,-1.295569178832041701e-01,2.613455334153610421e-01,-2.376831367280505258e-01,1.000000000000000444e+00
1.000000000000000444e+00,1.004113042304892039e-01,1.361641275040557097e-01,1.720241324682766915e-01,6.488078107149169993e-02,2.771872493995946041e-01,-2.203155857348976232e-02,1.004113042304892039e-01,1.000000000000000444e+00,2.623743305956054983e-01,3.951952082523973453e-01,3.843919192493663872e-01,6.437138744380350719e-01,2.771872493996002662e-01,1.361641275040557097e-01,2.623743305956054983e-01,1.000000000000000444e+00,-6.548444259283651980e-02,3.277556201112927781e-01,3.843919192493659986e-01,6.488078107149183871e-02,1.720241324682766915e-01,3.951952082523973453e-01,-6.548444259283651980e-02,1.000000000000000444e+00,-6.548444259283525692e-02,3.951952082523960685e-01,1.720241324682823258e-01,6.488078107149169993e-02,3.843919192493663872e-01,3.277556201112927781e-01,-6.548444259283525692e-02,1.000000000000000444e+00,2.623743305956066640e-01,1.361641275040566534e-01,2.771872493995946041e-01,6.437138744380350719e-01,3.843919192493659986e-01,3.951952082523960685e-01,2.623743305956066640e-01,1.000000000000000444e+00,1.004113042304956016e-01,-2.203155857348976232e-02,2.771872493996002662e-01,6.488078107149183871e-02,1.720241324682823258e-01,1.361641275040566534e-01,1.004113042304956016e-01,1.000000000000000444e+00
