1.000000000000000000e+00,1.000000000000000000e+00,1.000000000000000000e+00,1.000000000000000000e+00,1.000000000000000000e+00,1.000000000000000000e+00,1.000000000000000000e+00,1.000000000000000000e+00,1.000000000000000000e+00,1.000000000000000000e+00,1.000000000000000000e+00,1.000000000000000000e+00,1.000000000000000000e+00,1.000000000000000000e+00,1.000000000000000000e+00,1.000000000000000000e+00,1.000000000000000000e+00,1.000000000000000000e+00,1.000000000000000000e+00,1.000000000000000000e+00,1.000000000000000000e+00,1.000000000000000000e+00,1.000000000000000000e+00,1.000000000000000000e+00,1.000000000000000000e+00,1.000000000000000000e+00,1.000000000000000000e+00,1.000000000000000000e+00,1.000000000000000000e+00,1.000000000000000000e+00,1.000000000000000000e+00,1.000000000000000000e+00,1.000000000000000000e+00,1.000000000000000000e+00,1.000000000000000000e+00,1.000000000000000000e+00,1.000000000000000000e+00,1.000000000000000000e+00,1.000000000000000000e+00,1.000000000000000000e+00,1.000000000000000000e+00,1.000000000000000000e+00,1.000000000000000000e+00,1.000000000000000000e+00,1.000000000000000000e+00,1.000000000000000000e+00,1.000000000000000000e+00,1.000000000000000000e+00,1.000000000000000000e+00
9.999999999999992228e-01,8.776098557012375068e-01,8.834152677152873334e-01,8.836913508798468486e-01,8.830996103763111282e-01,8.806375193215639774e-01,9.135551592820506661e-01,8.776098557012375068e-01,9.999999999999992228e-01,8.458643988929844815e-01,8.522039008272501714e-01,8.513144103993314227e-01,8.489048416204973968e-01,8.806375193215633113e-01,8.834152677152873334e-01,8.458643988929844815e-01,9.999999999999992228e-01,8.489893827124870285e-01,8.540153338039442321e-01,8.513144103993312006e-01,8.830996103763097960e-01,8.836913508798468486e-01,8.522039008272501714e-01,8.489893827124870285e-01,9.999999999999992228e-01,8.489893827124881387e-01,8.522039008272508376e-01,8.836913508798466266e-01,8.830996103763111282e-01,8.513144103993314227e-01,8.540153338039442321e-01,8.489893827124881387e-01,9.999999999999992228e-01,8.458643988929862578e-01,8.834152677152879996e-01,8.806375193215639774e-01,8.489048416204973968e-01,8.513144103993312006e-01,8.522039008272508376e-01,8.458643988929862578e-01,9.999999999999992228e-01,8.776098557012378398e-01,9.135551592820506661e-01,8.806375193215633113e-01,8.830996103763097960e-01,8.836913508798466266e-01,8.834152677152879996e-01,8.776098557012378398e-01,9.999999999999992228e-01
9.999999999999857891e-01,4.261182217976239861e-01,5.845785832078365107e-01,6.517021014025772274e-01,5.951068604642573145e-01,4.810770018127332737e-01,7.298233216901807152e-01,4.261182217976239861e-01,9.999999999999857891e-01,2.574316118219245331e-01,4.500303029589884374e-01,3.961363824994295069e-01,3.292222709246110934e-01,4.810770018127333292e-01,5.845785832078365107e-01,2.574316118219245331e-01,9.999999999999857891e-01,4.543038068726907297e-01,4.799937938004041338e-01,3.961363824994274530e-01,5.951068604642543169e-01,6.517021014025772274e-01,4.500303029589884374e-01,4.543038068726907297e-01,9.999999999999857891e-01,4.543038068726923950e-01,4.500303029589874382e-01,6.517021014025756731e-01,5.951068604642573145e-01,3.961363824994295069e-01,4.799937938004041338e-01,4.543038068726923950e-01,9.999999999999857891e-01,2.574316118219246441e-01,5.845785832078359556e-01,4.810770018127332737e-01,3.292222709246110934e-01,3.961363824994274530e-01,4.500303029589874382e-01,2.574316118219246441e-01,9.999999999999857891e-01,4.261182217976201558e-01,7.298233216901807152e-01,4.810770018127333292e-01,5.951068604642543169e-01,6.517021014025756731e-01,5.845785832078359556e-01,4.261182217976201558e-01,9.999999999999857891e-01
1.000000000000003997e+00,3.358861658316635301e-01,4.116132103393795871e-01,1.416490742794595525e-01,4.127999094609878794e-01,4.222830551228516915e-01,2.792065560607663866e-01,3.358861658316635301e-01,1.000000000000003997e+00,6.510931758494562516e-01,3.052513641120225829e-01,6.822348314091941646e-01,6.877261160080616609e-01,4.222830551228492491e-01,4.116132103393795871e-01,6.510931758494562516e-01,1.000000000000003997e+00,1.637054572888517467e-01,6.887644981429148494e-01,6.822348314091981614e-01,4.127999094609878239e-01,1.416490742794595525e-01,3.052513641120225829e-01,1.637054572888517467e-01,1.000000000000003997e+00,1.637054572888474724e-01,3.052513641120236931e-01,1.416490742794593305e-01,4.127999094609878794e-01,6.822348314091941646e-01,6.887644981429148494e-01,1.637054572888474724e-01,1.000000000000003997e+00,6.510931758494530319e-01,4.116132103393755348e-01,4.222830551228516915e-01,6.877261160080616609e-01,6.822348314091981614e-01,3.052513641120236931e-01,6.510931758494530319e-01,1.000000000000003997e+00,3.358861658316621979e-01,2.792065560607663866e-01,4.222830551228492491e-01,4.127999094609878239e-01,1.416490742794593305e-01,4.116132103393755348e-01,3.358861658316621979e-01,1.000000000000003997e+00
9.999999999999873435e-01,7.828003008738730617e-02,3.417669876519083272e-01,2.141632919189705164e-01,3.560786709791519122e-01,2.621851028045721343e-01,1.974323551091410889e-01,7.828003008738730617e-02,9.999999999999873435e-01,3.379274503387953432e-01,3.555326799342531929e-01,4.098471989770222645e-01,3.829537247772651365e-01,2.621851028045675824e-01,3.417669876519083272e-01,3.379274503387953432e-01,9.999999999999873435e-01,2.445336178004471894e-01,5.682443457719964508e-01,4.098471989770220425e-01,3.560786709791461946e-01,2.141632919189705164e-01,3.555326799342531929e-01,2.445336178004471894e-01,9.999999999999873435e-01,2.445336178004483829e-01,3.555326799342529709e-01,2.141632919189666862e-01,3.560786709791519122e-01,4.098471989770222645e-01,5.682443457719964508e-01,2.445336178004483829e-01,9.999999999999873435e-01,3.379274503387970086e-01,3.417669876519021654e-01,2.621851028045721343e-01,3.829537247772651365e-01,4.098471989770220425e-01,3.555326799342529709e-01,3.379274503387970086e-01,9.999999999999873435e-01,7.828003008738038115e-02,1.974323551091410889e-01,2.621851028045675824e-01,3.560786709791461946e-01,2.141632919189666862e-01,3.417669876519021654e-01,7.828003008738038115e-02,9.999999999999873435e-01
9.999999999999944489e-01,-6.215401342097603282e-02,4.981572792984767517e-01,1.432983134921061441e-01,4.522323750691802369e-01,1.637528226732947734e-01,3.190063549353022720e-01,-6.215401342097603282e-02,9.999999999999944489e-01,8.830203975336678446e-02,2.813087253730368054e-01,2.498995390862994714e-01,1.563514321119586215e-01,1.637528226732913594e-01,4.981572792984767517e-01,8.830203975336678446e-02,9.999999999999944489e-01,1.592012672194609291e-01,5.442991705183878315e-01,2.498995390863077981e-01,4.522323750691793487e-01,1.432983134921061441e-01,2.813087253730368054e-01,1.592012672194609291e-01,9.999999999999944489e-01,1.592012672194575984e-01,2.813087253730386372e-01,1.432983134921066437e-01,4.522323750691802369e-01,2.498995390862994714e-01,5.442991705183878315e-01,1.592012672194575984e-01,9.999999999999944489e-01,8.830203975337015676e-02,4.981572792984740872e-01,1.637528226732947734e-01,1.563514321119586215e-01,2.498995390863077981e-01,2.813087253730386372e-01,8.830203975337015676e-02,9.999999999999944489e-01,-6.215401342097023885e-02,3.190063549353022720e-01,1.637528226732913594e-01,4.522323750691793487e-01,1.432983134921066437e-01,4.981572792984740872e-01,-6.215401342097023885e-02,9.999999999999944489e-01
1.000000000000005773e+00,2.107957897429675043e-01,2.908258710158692084e-01,3.510550652122935711e-01,2.091472383843925309e-01,4.040664825236502944e-01,2.138447481964373953e-01,2.107957897429675043e-01,1.000000000000005773e+00,1.429509723582145231e-01,4.929330878414598383e-01,3.062999733409060288e-01,4.558161611135621571e-01,4.040664825236489621e-01,2.908258710158692084e-01,1.429509723582145231e-01,1.000000000000005773e+00,1.573597734387475189e-01,3.453471649717726466e-01,3.062999733409096370e-01,2.091472383843920868e-01,3.510550652122935711e-01,4.929330878414598383e-01,1.573597734387475189e-01,1.000000000000005773e+00,1.573597734387442437e-01,4.929330878414611150e-01,3.510550652122937931e-01,2.091472383843925309e-01,3.062999733409060288e-01,3.453471649717726466e-01,1.573597734387442437e-01,1.000000000000005773e+00,1.429509723582139680e-01,2.908258710158665439e-01,4.040664825236502944e-01,4.558161611135621571e-01,3.062999733409096370e-01,4.929330878414611150e-01,1.429509723582139680e-01,1.000000000000005773e+00,2.107957897429686422e-01,2.138447481964373953e-01,4.040664825236489621e-01,2.091472383843920868e-01,3.510550652122937931e-01,2.908258710158665439e-01,2.107957897429686422e-01,1.000000000000005773e+00
1.000000000000006217e+00,-1.700976855137219801e-01,1.175607201605327334e-01,5.933297397157583086e-02,8.158414819319724509e-02,2.784942682643165579e-02,1.785126435535880352e-02,-1.700976855137219801e-01,1.000000000000006217e+00,-1.579661378179044451e-01,7.145874678042269945e-01,1.694096187073101945e-02,5.563992490695228721e-01,2.784942682643187783e-02,1.175607201605327334e-01,-1.579661378179044451e-01,1.000000000000006217e+00,5.252668326222863227e-02,5.037949010890398899e-02,1.694096187072726203e-02,8.158414819319594058e-02,5.933297397157583086e-02,7.145874678042269945e-01,5.252668326222863227e-02,1.000000000000006217e+00,5.252668326223310091e-02,7.145874678042259953e-01,5.933297397157555331e-02,8.158414819319724509e-02,1.694096187073101945e-02,5.037949010890398899e-02,5.252668326223310091e-02,1.000000000000006217e+00,-1.579661378179005871e-01,1.175607201605329832e-01,2.784942682643165579e-02,5.563992490695228721e-01,1.694096187072726203e-02,7.145874678042259953e-01,-1.579661378179005871e-01,1.000000000000006217e+00,-1.700976855137233956e-01,1.785126435535880352e-02,2.784942682643187783e-02,8.158414819319594058e-02,5.933297397157555331e-02,1.175607201605329832e-01,-1.700976855137233956e-01,1.000000000000006217e+00
1.000000000000014877e+00,3.940963099008462645e-02,2.605246263244849203e-01,2.169799558453691102e-01,1.689801066810546482e-01,2.504326635298023129e-01,1.375740982010586477e-01,3.940963099008462645e-02,1.000000000000014877e+00,7.205030130340517314e-03,5.416804131288086577e-01,1.915359266500245849e-01,4.595615375408801384e-01,2.504326635298025905e-01,2.605246263244849203e-01,7.205030130340517314e-03,1.000000000000014877e+00,7.238388921829594369e-02,1.841256193055072765e-01,1.915359266500278324e-01,1.689801066810524555e-01,2.169799558453691102e-01,5.416804131288086577e-01,7.238388921829594369e-02,1.000000000000014877e+00,7.238388921829372324e-02,5.416804131288092128e-01,2.169799558453703869e-01,1.689801066810546482e-01,1.915359266500245849e-01,1.841256193055072765e-01,7.238388921829372324e-02,1.000000000000014877e+00,7.205030130339906691e-03,2.605246263244861415e-01,2.504326635298023129e-01,4.595615375408801384e-01,1.915359266500278324e-01,5.416804131288092128e-01,7.205030130339906691e-03,1.000000000000014877e+00,3.940963099008709669e-02,1.375740982010586477e-01,2.504326635298025905e-01,1.689801066810524555e-01,2.169799558453703869e-01,2.605246263244861415e-01,3.940963099008709669e-02,1.000000000000014877e+00
1.000000000000003553e+00,-6.482170762431332944e-02,3.781560851593119832e-01,1.235308578608927260e-01,2.600133996669211078e-01,1.456601259449555597e-01,3.095849503755629395e-01,-6.482170762431332944e-02,1.000000000000003553e+00,1.626323310525748869e-02,4.083543143967947042e-01,1.667596534289083055e-01,3.588671746714819921e-01,1.456601259449548380e-01,3.781560851593119832e-01,1.626323310525748869e-02,1.000000000000003553e+00,3.621935125925884735e-02,3.404854341284163644e-01,1.667596534289102206e-01,2.600133996669210523e-01,1.235308578608927260e-01,4.083543143967947042e-01,3.621935125925884735e-02,1.000000000000003553e+00,3.621935125925557220e-02,4.083543143967960365e-01,1.235308578608950714e-01,2.600133996669211078e-01,1.667596534289083055e-01,3.404854341284163644e-01,3.621935125925557220e-02,1.000000000000003553e+00,1.626323310525566723e-02,3.781560851593097627e-01,1.456601259449555597e-01,3.588671746714819921e-01,1.667596534289102206e-01,4.083543143967960365e-01,1.626323310525566723e-02,1.000000000000003553e+00,-6.482170762431135880e-02,3.095849503755629395e-01,1.456601259449548380e-01,2.600133996669210523e-01,1.235308578608950714e-01,3.781560851593097627e-01,-6.482170762431135880e-02,1.000000000000003553e+00
1.000000000000016875e+00,-8.833323371396598067e-02,1.618458279774717401e-01,1.214218263771133233e-01,-3.407984998028533441e-02,1.330692803205714148e-01,-3.484679903541143542e-02,-8.833323371396598067e-02,1.000000000000016875e+00,-1.342459820989856945e-01,7.482472836257259008e-01,1.088675362965268317e-01,5.968688556264252210e-01,1.330692803205741903e-01,1.618458279774717401e-01,-1.342459820989856945e-01,1.000000000000016875e+00,3.996946922320113171e-02,-1.554315379244924911e-01,1.088675362965218496e-01,-3.407984998028577850e-02,1.214218263771133233e-01,7.482472836257259008e-01,3.996946922320113171e-02,1.000000000000016875e+00,3.996946922320650936e-02,7.482472836257256787e-01,1.214218263771160711e-01,-3.407984998028533441e-02,1.088675362965268317e-01,-1.554315379244924911e-01,3.996946922320650936e-02,1.000000000000016875e+00,-1.342459820989801988e-01,1.618458279774718789e-01,1.330692803205714148e-01,5.968688556264252210e-01,1.088675362965218496e-01,7.482472836257256787e-01,-1.342459820989801988e-01,1.000000000000016875e+00,-8.833323371396312185e-02,-3.484679903541143542e-02,1.330692803205741903e-01,-3.407984998028577850e-02,1.214218263771160711e-01,1.618458279774718789e-01,-8.833323371396312185e-02,1.000000000000016875e+00
1.000000000000019318e+00,-8.792476563356321773e-02,3.345467670293114648e-01,6.918214033883665626e-02,2.724170262138181364e-01,1.318067003000568393e-01,1.708651381519470658e-01,-8.792476563356321773e-02,1.000000000000019318e+00,-1.283735785464759360e-01,4.959236099844217538e-01,-2.247136428064560459e-02,3.912722302687923759e-01,1.318067003000570614e-01,3.345467670293114648e-01,-1.283735785464759360e-01,1.000000000000019318e+00,-1.318566515768473668e-01,4.197347614576313335e-01,-2.247136428064689523e-02,2.724170262138189136e-01,6.918214033883665626e-02,4.959236099844217538e-01,-1.318566515768473668e-01,1.000000000000019318e+00,-1.318566515768449521e-01,4.959236099844215317e-01,6.918214033883637870e-02,2.724170262138181364e-01,-2.247136428064560459e-02,4.197347614576313335e-01,-1.318566515768449521e-01,1.000000000000019318e+00,-1.283735785464732437e-01,3.345467670293121865e-01,1.318067003000568393e-01,3.912722302687923759e-01,-2.247136428064689523e-02,4.959236099844215317e-01,-1.283735785464732437e-01,1.000000000000019318e+00,-8.792476563356160790e-02,1.708651381519470658e-01,1.318067003000570614e-01,2.724170262138189136e-01,6.918214033883637870e-02,3.345467670293121865e-01,-8.792476563356160790e-02,1.000000000000019318e+00
1.000000000000034639e+00,-1.487232095946643406e-01,1.828418932946839215e-01,1.834117225058751743e-01,6.871895496925518876e-02,1.806180490014896445e-01,-1.422987140499862302e-02,-1.487232095946643406e-01,1.000000000000034639e+00,-2.073922223834794715e-02,5.657516503751611747e-01,2.233820554165005523e-01,3.258083516275356306e-01,1.806180490014915319e-01,1.828418932946839215e-01,-2.073922223834794715e-02,1.000000000000034639e+00,2.036580006363918061e-01,2.034113921147698567e-01,2.233820554165023009e-01,6.871895496925867208e-02,1.834117225058751743e-01,5.657516503751611747e-01,2.036580006363918061e-01,1.000000000000034639e+00,2.036580006363885309e-01,5.657516503751618409e-01,1.834117225058770617e-01,6.871895496925518876e-02,2.233820554165005523e-01,2.034113921147698567e-01,2.036580006363885309e-01,1.000000000000034639e+00,-2.073922223835118761e-02,1.828418932946836717e-01,1.806180490014896445e-01,3.258083516275356306e-01,2.233820554165023009e-01,5.657516503751618409e-01,-2.073922223835118761e-02,1.000000000000034639e+00,-1.487232095946618426e-01,-1.422987140499862302e-02,1.806180490014915319e-01,6.871895496925867208e-02,1.834117225058770617e-01,1.828418932946836717e-01,-1.487232095946618426e-01,1.000000000000034639e+00
1.000000000000024425e+00,-4.770395564926122045e-02,1.272430282306222238e-01,9.526372516964842774e-02,1.028801555397311218e-01,9.856972817171999468e-02,-7.077242831029864623e-02,-4.770395564926122045e-02,1.000000000000024425e+00,-2.207459742635154154e-01,7.828970810192057428e-01,-6.199442261957617550e-02,6.776690811255718927e-01,9.856972817172021673e-02,1.272430282306222238e-01,-2.207459742635154154e-01,1.000000000000024425e+00,-1.224411718271333771e-01,7.009799876398271901e-02,-6.199442261957392730e-02,1.028801555397297063e-01,9.526372516964842774e-02,7.828970810192057428e-01,-1.224411718271333771e-01,1.000000000000024425e+00,-1.224411718271352784e-01,7.828970810192059648e-01,9.526372516964687343e-02,1.028801555397311218e-01,-6.199442261957617550e-02,7.009799876398271901e-02,-1.224411718271352784e-01,1.000000000000024425e+00,-2.207459742635173305e-01,1.272430282306230009e-01,9.856972817171999468e-02,6.776690811255718927e-01,-6.199442261957392730e-02,7.828970810192059648e-01,-2.207459742635173305e-01,1.000000000000024425e+00,-4.770395564926244170e-02,-7.077242831029864623e-02,9.856972817172021673e-02,1.028801555397297063e-01,9.526372516964687343e-02,1.272430282306230009e-01,-4.770395564926244170e-02,1.000000000000024425e+00
1.000000000000008438e+00,-2.780069484303918093e-01,4.107455802912848286e-01,-2.719524350187983719e-02,2.354482845481915276e-01,6.676717080748575950e-02,2.076558632711867913e-01,-2.780069484303918093e-01,1.000000000000008438e+00,-1.007834686430753024e-01,4.209259745285931498e-01,9.011233764334103391e-02,1.822934655967516360e-01,6.676717080748079125e-02,4.107455802912848286e-01,-1.007834686430753024e-01,1.000000000000008438e+00,-1.830481245112902666e-02,3.661082028696323043e-01,9.011233764334443397e-02,2.354482845481858377e-01,-2.719524350187983719e-02,4.209259745285931498e-01,-1.830481245112902666e-02,1.000000000000008438e+00,-1.830481245112754174e-02,4.209259745285915955e-01,-2.719524350188123885e-02,2.354482845481915276e-01,9.011233764334103391e-02,3.661082028696323043e-01,-1.830481245112754174e-02,1.000000000000008438e+00,-1.007834686430697096e-01,4.107455802912787224e-01,6.676717080748575950e-02,1.822934655967516360e-01,9.011233764334443397e-02,4.209259745285915955e-01,-1.007834686430697096e-01,1.000000000000008438e+00,-2.780069484303947513e-01,2.076558632711867913e-01,6.676717080748079125e-02,2.354482845481858377e-01,-2.719524350188123885e-02,4.107455802912787224e-01,-2.780069484303947513e-01,1.000000000000008438e+00
9.999999999999987788e-01,3.455201858626313904e-02,1.261718874350979125e-01,1.820595863609821563e-01,-8.246725093335610657e-02,2.280010567327258875e-01,-8.560883499853941259e-02,3.455201858626313904e-02,9.999999999999987788e-01,-1.311702998253069241e-01,7.455915485383570740e-01,8.229708178783272376e-02,6.745068616688499885e-01,2.280010567327265258e-01,1.261718874350979125e-01,-1.311702998253069241e-01,9.999999999999987788e-01,-7.407357057624014418e-02,-7.950822542518645730e-02,8.229708178782857431e-02,-8.246725093335588452e-02,1.820595863609821563e-01,7.455915485383570740e-01,-7.407357057624014418e-02,9.999999999999987788e-01,-7.407357057623525920e-02,7.455915485383570740e-01,1.820595863609840159e-01,-8.246725093335610657e-02,8.229708178783272376e-02,-7.950822542518645730e-02,-7.407357057623525920e-02,9.999999999999987788e-01,-1.311702998253015950e-01,1.261718874350974962e-01,2.280010567327258875e-01,6.745068616688499885e-01,8.229708178782857431e-02,7.455915485383570740e-01,-1.311702998253015950e-01,9.999999999999987788e-01,3.455201858626466560e-02,-8.560883499853941259e-02,2.280010567327265258e-01,-8.246725093335588452e-02,1.820595863609840159e-01,1.261718874350974962e-01,3.455201858626466560e-02,9.999999999999987788e-01
9.999999999999915623e-01,-3.176310275740097389e-01,2.657105881701500305e-01,-5.579008422772002707e-02,1.738729577098775403e-01,-3.953033666480833264e-02,1.417139787074561119e-01,-3.176310275740097389e-01,9.999999999999915623e-01,-1.936473865325313293e-01,5.869624398720676428e-01,2.463863006807399253e-02,4.122181108703958374e-01,-3.953033666480654240e-02,2.657105881701500305e-01,-1.936473865325313293e-01,9.999999999999915623e-01,1.077457822789871025e-02,1.050386580340693099e-01,2.463863006807378089e-02,1.738729577098802048e-01,-5.579008422772002707e-02,5.869624398720676428e-01,1.077457822789871025e-02,9.999999999999915623e-01,1.077457822789579245e-02,5.869624398720713065e-01,-5.579008422772058218e-02,1.738729577098775403e-01,2.463863006807399253e-02,1.050386580340693099e-01,1.077457822789579245e-02,9.999999999999915623e-01,-1.936473865325336885e-01,2.657105881701528616e-01,-3.953033666480833264e-02,4.122181108703958374e-01,2.463863006807378089e-02,5.869624398720713065e-01,-1.936473865325336885e-01,9.999999999999915623e-01,-3.176310275740055755e-01,1.417139787074561119e-01,-3.953033666480654240e-02,1.738729577098802048e-01,-5.579008422772058218e-02,2.657105881701528616e-01,-3.176310275740055755e-01,9.999999999999915623e-01
9.999999999999757971e-01,-5.211445002722700504e-02,2.198829713807644304e-01,8.258248560415877570e-02,1.615897966320647972e-01,1.905433141012584375e-01,7.023920722877377565e-02,-5.211445002722700504e-02,9.999999999999757971e-01,-1.624519736507243906e-01,5.462529312937374204e-01,-4.088783125078072206e-02,4.639838767660486862e-01,1.905433141012610188e-01,2.198829713807644304e-01,-1.624519736507243906e-01,9.999999999999757971e-01,-1.937443079137394220e-01,4.216057988513860488e-01,-4.088783125078011838e-02,1.615897966320634649e-01,8.258248560415877570e-02,5.462529312937374204e-01,-1.937443079137394220e-01,9.999999999999757971e-01,-1.937443079137399216e-01,5.462529312937374204e-01,8.258248560416397988e-02,1.615897966320647972e-01,-4.088783125078072206e-02,4.216057988513860488e-01,-1.937443079137399216e-01,9.999999999999757971e-01,-1.624519736507239465e-01,2.198829713807614605e-01,1.905433141012584375e-01,4.639838767660486862e-01,-4.088783125078011838e-02,5.462529312937374204e-01,-1.624519736507239465e-01,9.999999999999757971e-01,-5.211445002722259190e-02,7.023920722877377565e-02,1.905433141012610188e-01,1.615897966320634649e-01,8.258248560416397988e-02,2.198829713807614605e-01,-5.211445002722259190e-02,9.999999999999757971e-01
9.999999999999685807e-01,-2.685651926364470699e-01,1.419177261846922278e-01,2.453407269861235251e-03,1.513065656411527460e-02,1.456156361665446319e-02,-5.633326689618381455e-02,-2.685651926364470699e-01,9.999999999999685807e-01,-2.024730733106766545e-01,7.117333907868639287e-01,5.701128934558426231e-02,5.080974643537337077e-01,1.456156361665267296e-02,1.419177261846922278e-01,-2.024730733106766545e-01,9.999999999999685807e-01,5.624349546489683382e-02,-7.248883904579345172e-02,5.701128934558096634e-02,1.513065656411298823e-02,2.453407269861235251e-03,7.117333907868639287e-01,5.624349546489683382e-02,9.999999999999685807e-01,5.624349546490205187e-02,7.117333907868614862e-01,2.453407269857599271e-03,1.513065656411527460e-02,5.701128934558426231e-02,-7.248883904579345172e-02,5.624349546490205187e-02,9.999999999999685807e-01,-2.024730733106740177e-01,1.419177261846961968e-01,1.456156361665446319e-02,5.080974643537337077e-01,5.701128934558096634e-02,7.117333907868614862e-01,-2.024730733106740177e-01,9.999999999999685807e-01,-2.685651926364536202e-01,-5.633326689618381455e-02,1.456156361665267296e-02,1.513065656411298823e-02,2.453407269857599271e-03,1.419177261846961968e-01,-2.685651926364536202e-01,9.999999999999685807e-01
9.999999999999513722e-01,-4.349122498561047712e-02,3.092056031016776618e-01,1.228266194129103983e-01,2.379881698314853800e-01,1.940875166814722275e-01,1.090719090183208673e-01,-4.349122498561047712e-02,9.999999999999513722e-01,-7.475134621081608310e-02,4.515992165351675469e-01,5.529282214995019651e-02,3.546831826900001539e-01,1.940875166814742259e-01,3.092056031016776618e-01,-7.475134621081608310e-02,9.999999999999513722e-01,-8.581084634399713251e-02,3.385954064190545010e-01,5.529282214995560885e-02,2.379881698314799676e-01,1.228266194129103983e-01,4.515992165351675469e-01,-8.581084634399713251e-02,9.999999999999513722e-01,-8.581084634399850641e-02,4.515992165351657706e-01,1.228266194129162547e-01,2.379881698314853800e-01,5.529282214995019651e-02,3.385954064190545010e-01,-8.581084634399850641e-02,9.999999999999513722e-01,-7.475134621081526431e-02,3.092056031016757744e-01,1.940875166814722275e-01,3.546831826900001539e-01,5.529282214995560885e-02,4.515992165351657706e-01,-7.475134621081526431e-02,9.999999999999513722e-01,-4.349122498560686889e-02,1.090719090183208673e-01,1.940875166814742259e-01,2.379881698314799676e-01,1.228266194129162547e-01,3.092056031016757744e-01,-4.349122498560686889e-02,9.999999999999513722e-01
9.999999999999444888e-01,-2.801082505839916914e-01,2.564372182173824122e-01,-1.591151507701135670e-01,4.049219818338302412e-02,-1.410278675182889130e-01,8.731177479672208586e-02,-2.801082505839916914e-01,9.999999999999444888e-01,-2.935133625090744491e-01,7.913330019701864115e-01,-1.778416822856408175e-01,7.009662084201029320e-01,-1.410278675182872199e-01,2.564372182173824122e-01,-2.935133625090744491e-01,9.999999999999444888e-01,-2.238418226766575037e-01,4.620539943335051636e-02,-1.778416822856425938e-01,4.049219818338573029e-02,-1.591151507701135670e-01,7.913330019701864115e-01,-2.238418226766575037e-01,9.999999999999444888e-01,-2.238418226766589192e-01,7.913330019701877438e-01,-1.591151507701119572e-01,4.049219818338302412e-02,-1.778416822856408175e-01,4.620539943335051636e-02,-2.238418226766589192e-01,9.999999999999444888e-01,-2.935133625090775578e-01,2.564372182173831893e-01,-1.410278675182889130e-01,7.009662084201029320e-01,-1.778416822856425938e-01,7.913330019701877438e-01,-2.935133625090775578e-01,9.999999999999444888e-01,-2.801082505839914139e-01,8.731177479672208586e-02,-1.410278675182872199e-01,4.049219818338573029e-02,-1.591151507701119572e-01,2.564372182173831893e-01,-2.801082505839914139e-01,9.999999999999444888e-01
9.999999999999491518e-01,-1.123127787100887398e-01,2.331624099116912374e-01,1.269180739852044937e-01,1.665156822876924861e-02,2.275356641179427375e-01,-7.699741667284967783e-02,-1.123127787100887398e-01,9.999999999999491518e-01,-9.966436078995966064e-02,5.419910283716513621e-01,1.965587421116524180e-01,3.421282058062963261e-01,2.275356641179462347e-01,2.331624099116912374e-01,-9.966436078995966064e-02,9.999999999999491518e-01,7.181029118605637696e-03,-2.248925632500135482e-02,1.965587421116503641e-01,1.665156822877163212e-02,1.269180739852044937e-01,5.419910283716513621e-01,7.181029118605637696e-03,9.999999999999491518e-01,7.181029118608697748e-03,5.419910283716548038e-01,1.269180739852074913e-01,1.665156822876924861e-02,1.965587421116524180e-01,-2.248925632500135482e-02,7.181029118608697748e-03,9.999999999999491518e-01,-9.966436078995240255e-02,2.331624099116884896e-01,2.275356641179427375e-01,3.421282058062963261e-01,1.965587421116503641e-01,5.419910283716548038e-01,-9.966436078995240255e-02,9.999999999999491518e-01,-1.123127787100809405e-01,-7.699741667284967783e-02,2.275356641179462347e-01,1.665156822877163212e-02,1.269180739852074913e-01,2.331624099116884896e-01,-1.123127787100809405e-01,9.999999999999491518e-01
9.999999999999441558e-01,-1.984188607905053303e-01,2.352298186300892935e-01,-2.302737619655761958e-02,1.433011470099325724e-01,4.880026797679777595e-02,4.304141681300249767e-02,-1.984188607905053303e-01,9.999999999999441558e-01,-1.730067288180713869e-01,5.802467403688642555e-01,1.208542494925637922e-02,4.727391725693593783e-01,4.880026797679293260e-02,2.352298186300892935e-01,-1.730067288180713869e-01,9.999999999999441558e-01,-1.025375404625669118e-01,1.629440331687729837e-01,1.208542494925551533e-02,1.433011470099339324e-01,-2.302737619655761958e-02,5.802467403688642555e-01,-1.025375404625669118e-01,9.999999999999441558e-01,-1.025375404625646220e-01,5.802467403688645886e-01,-2.302737619656147761e-02,1.433011470099325724e-01,1.208542494925637922e-02,1.629440331687729837e-01,-1.025375404625646220e-01,9.999999999999441558e-01,-1.730067288180681118e-01,2.352298186300884331e-01,4.880026797679777595e-02,4.727391725693593783e-01,1.208542494925551533e-02,5.802467403688645886e-01,-1.730067288180681118e-01,9.999999999999441558e-01,-1.984188607905076895e-01,4.304141681300249767e-02,4.880026797679293260e-02,1.433011470099339324e-01,-2.302737619656147761e-02,2.352298186300884331e-01,-1.984188607905076895e-01,9.999999999999441558e-01
9.999999999999689138e-01,-2.526643920428340850e-01,1.794925284058940806e-01,-1.293555736784008925e-01,1.469363902236259789e-01,-6.792007478117573216e-02,1.346422502759638817e-01,-2.526643920428340850e-01,9.999999999999689138e-01,-3.151325409454130977e-01,7.098036505118419104e-01,-2.089335073997064252e-01,6.002946205516959122e-01,-6.792007478117556563e-02,1.794925284058940806e-01,-3.151325409454130977e-01,9.999999999999689138e-01,-2.780714441778675550e-01,2.743208377589220759e-01,-2.089335073996996806e-01,1.469363902236196506e-01,-1.293555736784008925e-01,7.098036505118419104e-01,-2.780714441778675550e-01,9.999999999999689138e-01,-2.780714441778707746e-01,7.098036505118393569e-01,-1.293555736783987831e-01,1.469363902236259789e-01,-2.089335073997064252e-01,2.743208377589220759e-01,-2.780714441778707746e-01,9.999999999999689138e-01,-3.151325409454143189e-01,1.794925284058951909e-01,-6.792007478117573216e-02,6.002946205516959122e-01,-2.089335073996996806e-01,7.098036505118393569e-01,-3.151325409454143189e-01,9.999999999999689138e-01,-2.526643920428348622e-01,1.346422502759638817e-01,-6.792007478117556563e-02,1.469363902236196506e-01,-1.293555736783987831e-01,1.794925284058951909e-01,-2.526643920428348622e-01,9.999999999999689138e-01
9.999999999999829026e-01,-1.692287962210035634e-01,2.485491894671495450e-01,1.668544377130457002e-01,5.466229720470145576e-02,2.448329080464998753e-01,-1.099978321738123710e-01,-1.692287962210035634e-01,9.999999999999829026e-01,-1.022363092227064757e-01,4.577895526152557792e-01,1.812630264974368910e-01,2.994907573403621792e-01,2.448329080464974328e-01,2.485491894671495450e-01,-1.022363092227064757e-01,9.999999999999829026e-01,6.935125236876212018e-02,1.451277928196464950e-01,1.812630264974412486e-01,5.466229720470078268e-02,1.668544377130457002e-01,4.577895526152557792e-01,6.935125236876212018e-02,9.999999999999829026e-01,6.935125236875720744e-02,4.577895526152556682e-01,1.668544377130459222e-01,5.466229720470145576e-02,1.812630264974368910e-01,1.451277928196464950e-01,6.935125236875720744e-02,9.999999999999829026e-01,-1.022363092227095982e-01,2.485491894671471302e-01,2.448329080464998753e-01,2.994907573403621792e-01,1.812630264974412486e-01,4.577895526152556682e-01,-1.022363092227095982e-01,9.999999999999829026e-01,-1.692287962210063390e-01,-1.099978321738123710e-01,2.448329080464974328e-01,5.466229720470078268e-02,1.668544377130459222e-01,2.485491894671471302e-01,-1.692287962210063390e-01,9.999999999999829026e-01
9.999999999999773515e-01,-2.615688116207554037e-01,1.854226721585474358e-01,-1.004736973285596247e-01,1.219322894971394157e-02,-1.188990407335056843e-01,1.082398181020413352e-01,-2.615688116207554037e-01,9.999999999999773515e-01,-3.131383731137611925e-01,8.126602753136270563e-01,-1.311799641840494246e-01,7.022770663411306291e-01,-1.188990407335018817e-01,1.854226721585474358e-01,-3.131383731137611925e-01,9.999999999999773515e-01,-1.782659882537961926e-01,-7.963114296352936938e-02,-1.311799641840546982e-01,1.219322894971446719e-02,-1.004736973285596247e-01,8.126602753136270563e-01,-1.782659882537961926e-01,9.999999999999773515e-01,-1.782659882537905582e-01,8.126602753136276114e-01,-1.004736973285547674e-01,1.219322894971394157e-02,-1.311799641840494246e-01,-7.963114296352936938e-02,-1.782659882537905582e-01,9.999999999999773515e-01,-3.131383731137543647e-01,1.854226721585444659e-01,-1.188990407335056843e-01,7.022770663411306291e-01,-1.311799641840546982e-01,8.126602753136276114e-01,-3.131383731137543647e-01,9.999999999999773515e-01,-2.615688116207497416e-01,1.082398181020413352e-01,-1.188990407335018817e-01,1.219322894971446719e-02,-1.004736973285547674e-01,1.854226721585444659e-01,-2.615688116207497416e-01,9.999999999999773515e-01
9.999999999999826805e-01,-1.507919623287271027e-01,3.794175129951485870e-01,-4.963243858806354325e-02,2.004973919032708718e-01,1.024231069007259659e-01,9.547346162950712256e-02,-1.507919623287271027e-01,9.999999999999826805e-01,-2.121903274994310085e-01,5.303886205206854720e-01,-7.910891805293703005e-02,3.916651747753921997e-01,1.024231069007267569e-01,3.794175129951485870e-01,-2.121903274994310085e-01,9.999999999999826805e-01,-2.783996488999133656e-01,3.967066978965122503e-01,-7.910891805293979173e-02,2.004973919032716489e-01,-4.963243858806354325e-02,5.303886205206854720e-01,-2.783996488999133656e-01,9.999999999999826805e-01,-2.783996488999097574e-01,5.303886205206853610e-01,-4.963243858806082320e-02,2.004973919032708718e-01,-7.910891805293703005e-02,3.967066978965122503e-01,-2.783996488999097574e-01,9.999999999999826805e-01,-2.121903274994253186e-01,3.794175129951462000e-01,1.024231069007259659e-01,3.916651747753921997e-01,-7.910891805293979173e-02,5.303886205206853610e-01,-2.121903274994253186e-01,9.999999999999826805e-01,-1.507919623287221622e-01,9.547346162950712256e-02,1.024231069007267569e-01,2.004973919032716489e-01,-4.963243858806082320e-02,3.794175129951462000e-01,-1.507919623287221622e-01,9.999999999999826805e-01
1.000000000000008882e+00,-3.809513838639309036e-01,2.359108517045294673e-01,-1.905261569478853556e-01,6.104836389967754212e-02,-1.344803960170435353e-01,-5.566579748225886082e-03,-3.809513838639309036e-01,1.000000000000008882e+00,-3.723850247800005175e-01,7.823116314321284515e-01,-1.373192279239881797e-01,5.996218625320758333e-01,-1.344803960170444235e-01,2.359108517045294673e-01,-3.723850247800005175e-01,1.000000000000008882e+00,-2.014721378258661766e-01,-2.881078638727598007e-02,-1.373192279239856817e-01,6.104836389967664007e-02,-1.905261569478853556e-01,7.823116314321284515e-01,-2.014721378258661766e-01,1.000000000000008882e+00,-2.014721378258698681e-01,7.823116314321287845e-01,-1.905261569478881034e-01,6.104836389967754212e-02,-1.373192279239881797e-01,-2.881078638727598007e-02,-2.014721378258698681e-01,1.000000000000008882e+00,-3.723850247800044033e-01,2.359108517045328257e-01,-1.344803960170435353e-01,5.996218625320758333e-01,-1.373192279239856817e-01,7.823116314321287845e-01,-3.723850247800044033e-01,1.000000000000008882e+00,-3.809513838639323469e-01,-5.566579748225886082e-03,-1.344803960170444235e-01,6.104836389967664007e-02,-1.905261569478881034e-01,2.359108517045328257e-01,-3.809513838639323469e-01,1.000000000000008882e+00
9.999999999999946709e-01,-1.333127823408889190e-01,1.549833773263948333e-01,1.129964652070318543e-01,9.781639179164376002e-03,1.749754743184147310e-01,-1.574067339235980245e-01,-1.333127823408889190e-01,9.999999999999946709e-01,-2.596442219586897471e-01,6.508885849016694536e-01,1.950860611323325389e-02,4.902031175489846015e-01,1.749754743184090966e-01,1.549833773263948333e-01,-2.596442219586897471e-01,9.999999999999946709e-01,-1.298729777426149146e-01,7.740739030307922097e-02,1.950860611323944338e-02,9.781639179161371461e-03,1.129964652070318543e-01,6.508885849016694536e-01,-1.298729777426149146e-01,9.999999999999946709e-01,-1.298729777426214371e-01,6.508885849016714520e-01,1.129964652070249986e-01,9.781639179164376002e-03,1.950860611323325389e-02,7.740739030307922097e-02,-1.298729777426214371e-01,9.999999999999946709e-01,-2.596442219586946321e-01,1.549833773263959991e-01,1.749754743184147310e-01,4.902031175489846015e-01,1.950860611323944338e-02,6.508885849016714520e-01,-2.596442219586946321e-01,9.999999999999946709e-01,-1.333127823408940538e-01,-1.574067339235980245e-01,1.749754743184090966e-01,9.781639179161371461e-03,1.129964652070249986e-01,1.549833773263959991e-01,-1.333127823408940538e-01,9.999999999999946709e-01
9.999999999999908962e-01,-4.726579780659304619e-01,3.489300556233373429e-01,-2.788747920215566278e-01,2.015918051191641913e-01,-2.160030941080535727e-01,2.729811800288156620e-01,-4.726579780659304619e-01,9.999999999999908962e-01,-4.025498464125580877e-01,6.759010937128774321e-01,-1.963420639862360484e-01,5.225066024017197552e-01,-2.160030941080536560e-01,3.489300556233373429e-01,-4.025498464125580877e-01,9.999999999999908962e-01,-2.846940811191589482e-01,1.955846732877120075e-01,-1.963420639862342165e-01,2.015918051191615823e-01,-2.788747920215566278e-01,6.759010937128774321e-01,-2.846940811191589482e-01,9.999999999999908962e-01,-2.846940811191590037e-01,6.759010937128777652e-01,-2.788747920215532416e-01,2.015918051191641913e-01,-1.963420639862360484e-01,1.955846732877120075e-01,-2.846940811191590037e-01,9.999999999999908962e-01,-4.025498464125537579e-01,3.489300556233312367e-01,-2.160030941080535727e-01,5.225066024017197552e-01,-1.963420639862342165e-01,6.759010937128777652e-01,-4.025498464125537579e-01,9.999999999999908962e-01,-4.726579780659249663e-01,2.729811800288156620e-01,-2.160030941080536560e-01,2.015918051191615823e-01,-2.788747920215532416e-01,3.489300556233312367e-01,-4.726579780659249663e-01,9.999999999999908962e-01
9.999999999999769074e-01,-3.660267941373047118e-01,3.386789651320155636e-01,-2.957558820265124289e-01,2.519353861896136415e-01,-2.805291795715532666e-01,1.672725594291228635e-01,-3.660267941373047118e-01,9.999999999999769074e-01,-6.310138423365945215e-01,8.497639896669393345e-01,-5.692870713096748192e-01,8.423492231779403649e-01,-2.805291795715508796e-01,3.386789651320155636e-01,-6.310138423365945215e-01,9.999999999999769074e-01,-6.168443030232213520e-01,4.780352981003428980e-01,-5.692870713096827018e-01,2.519353861896164171e-01,-2.957558820265124289e-01,8.497639896669393345e-01,-6.168443030232213520e-01,9.999999999999769074e-01,-6.168443030232148017e-01,8.497639896669395565e-01,-2.957558820265110966e-01,2.519353861896136415e-01,-5.692870713096748192e-01,4.780352981003428980e-01,-6.168443030232148017e-01,9.999999999999769074e-01,-6.310138423365880822e-01,3.386789651320137318e-01,-2.805291795715532666e-01,8.423492231779403649e-01,-5.692870713096827018e-01,8.497639896669395565e-01,-6.310138423365880822e-01,9.999999999999769074e-01,-3.660267941373021028e-01,1.672725594291228635e-01,-2.805291795715508796e-01,2.519353861896164171e-01,-2.957558820265110966e-01,3.386789651320137318e-01,-3.660267941373021028e-01,9.999999999999769074e-01
9.999999999999789058e-01,-5.291313840956839432e-01,2.410912965282969167e-01,-3.224906127890814211e-01,1.909234574114780647e-02,-2.911206904306778975e-01,1.172910731360997660e-01,-5.291313840956839432e-01,9.999999999999789058e-01,-2.619155259659007307e-01,6.636091656271979611e-01,-6.541179027182668360e-02,6.477590087091702475e-01,-2.911206904306710697e-01,2.410912965282969167e-01,-2.619155259659007307e-01,9.999999999999789058e-01,-2.735419749233363729e-01,1.770852572078029374e-01,-6.541179027182830730e-02,1.909234574114675176e-02,-3.224906127890814211e-01,6.636091656271979611e-01,-2.735419749233363729e-01,9.999999999999789058e-01,-2.735419749233343745e-01,6.636091656271967398e-01,-3.224906127890746488e-01,1.909234574114780647e-02,-6.541179027182668360e-02,1.770852572078029374e-01,-2.735419749233343745e-01,9.999999999999789058e-01,-2.619155259659009527e-01,2.410912965282963616e-01,-2.911206904306778975e-01,6.477590087091702475e-01,-6.541179027182830730e-02,6.636091656271967398e-01,-2.619155259659009527e-01,9.999999999999789058e-01,-5.291313840956785031e-01,1.172910731360997660e-01,-2.911206904306710697e-01,1.909234574114675176e-02,-3.224906127890746488e-01,2.410912965282963616e-01,-5.291313840956785031e-01,9.999999999999789058e-01
