1.000000000000000000e+00,1.000000000000000000e+00,1.000000000000000000e+00,1.000000000000000000e+00,1.000000000000000000e+00,1.000000000000000000e+00,1.000000000000000000e+00,1.000000000000000000e+00,1.000000000000000000e+00,1.000000000000000000e+00,1.000000000000000000e+00,1.000000000000000000e+00,1.000000000000000000e+00,1.000000000000000000e+00,1.000000000000000000e+00,1.000000000000000000e+00,1.000000000000000000e+00,1.000000000000000000e+00,1.000000000000000000e+00,1.000000000000000000e+00,1.000000000000000000e+00,1.000000000000000000e+00,1.000000000000000000e+00,1.000000000000000000e+00,1.000000000000000000e+00,1.000000000000000000e+00,1.000000000000000000e+00,1.000000000000000000e+00,1.000000000000000000e+00,1.000000000000000000e+00,1.000000000000000000e+00,1.000000000000000000e+00,1.000000000000000000e+00,1.000000000000000000e+00,1.000000000000000000e+00,1.000000000000000000e+00,1.000000000000000000e+00,1.000000000000000000e+00,1.000000000000000000e+00,1.000000000000000000e+00,1.000000000000000000e+00,1.000000000000000000e+00,1.000000000000000000e+00,1.000000000000000000e+00,1.000000000000000000e+00,1.000000000000000000e+00,1.000000000000000000e+00,1.000000000000000000e+00,1.000000000000000000e+00,1.000000000000000000e+00,1.000000000000000000e+00,1.000000000000000000e+00,1.000000000000000000e+00,1.000000000000000000e+00,1.000000000000000000e+00,1.000000000000000000e+00,1.000000000000000000e+00,1.000000000000000000e+00,1.000000000000000000e+00,1.000000000000000000e+00,1.000000000000000000e+00,1.000000000000000000e+00,1.000000000000000000e+00,1.000000000000000000e+00,1.000000000000000000e+00,1.000000000000000000e+00,1.000000000000000000e+00,1.000000000000000000e+00,1.000000000000000000e+00,1.000000000000000000e+00,1.000000000000000000e+00,1.000000000000000000e+00,1.000000000000000000e+00,1.000000000000000000e+00,1.000000000000000000e+00,1.000000000000000000e+00,1.000000000000000000e+00,1.000000000000000000e+00,1.000000000000000000e+00,1.000000000000000000e+00,1.000000000000000000e+00,1.000000000000000000e+00,1.000000000000000000e+00,1.000000000000000000e+00,1.000000000000000000e+00,1.000000000000000000e+00,1.000000000000000000e+00,1.000000000000000000e+00,1.000000000000000000e+00,1.000000000000000000e+00,1.000000000000000000e+00,1.000000000000000000e+00,1.000000000000000000e+00,1.000000000000000000e+00,1.000000000000000000e+00,1.000000000000000000e+00,1.000000000000000000e+00,1.000000000000000000e+00,1.000000000000000000e+00,1.000000000000000000e+00,1.000000000000000000e+00,1.000000000000000000e+00,1.000000000000000000e+00,1.000000000000000000e+00,1.000000000000000000e+00,1.000000000000000000e+00,1.000000000000000000e+00,1.000000000000000000e+00,1.000000000000000000e+00,1.000000000000000000e+00,1.000000000000000000e+00,1.000000000000000000e+00,1.000000000000000000e+00,1.000000000000000000e+00,1.000000000000000000e+00,1.000000000000000000e+00,1.000000000000000000e+00,1.000000000000000000e+00,1.000000000000000000e+00,1.000000000000000000e+00,1.000000000000000000e+00,1.000000000000000000e+00,1.000000000000000000e+00,1.000000000000000000e+00,1.000000000000000000e+00,1.000000000000000000e+00,1.000000000000000000e+00,1.000000000000000000e+00,1.000000000000000000e+00,1.000000000000000000e+00,1.000000000000000000e+00,1.000000000000000000e+00,1.000000000000000000e+00,1.000000000000000000e+00,1.000000000000000000e+00,1.000000000000000000e+00,1.000000000000000000e+00,1.000000000000000000e+00,1.000000000000000000e+00,1.000000000000000000e+00,1.000000000000000000e+00,1.000000000000000000e+00,1.000000000000000000e+00,1.000000000000000000e+00,1.000000000000000000e+00,1.000000000000000000e+00,1.000000000000000000e+00,1.000000000000000000e+00,1.000000000000000000e+00,1.000000000000000000e+00,1.000000000000000000e+00,1.000000000000000000e+00,1.000000000000000000e+00,1.000000000000000000e+00,1.000000000000000000e+00,1.000000000000000000e+00,1.000000000000000000e+00,1.000000000000000000e+00,1.000000000000000000e+00,1.000000000000000000e+00,1.000000000000000000e+00,1.000000000000000000e+00,1.000000000000000000e+00,1.000000000000000000e+00,1.000000000000000000e+00,1.000000000000000000e+00,1.000000000000000000e+00,1.000000000000000000e+00,1.000000000000000000e+00,1.000000000000000000e+00,1.000000000000000000e+00,1.000000000000000000e+00,1.000000000000000000e+00,1.000000000000000000e+00,1.000000000000000000e+00,1.000000000000000000e+00,1.000000000000000000e+00,1.000000000000000000e+00,1.000000000000000000e+00,1.000000000000000000e+00,1.000000000000000000e+00,1.000000000000000000e+00,1.000000000000000000e+00,1.000000000000000000e+00,1.000000000000000000e+00,1.000000000000000000e+00,1.000000000000000000e+00,1.000000000000000000e+00,1.000000000000000000e+00,1.000000000000000000e+00,1.000000000000000000e+00,1.000000000000000000e+00,1.000000000000000000e+00,1.000000000000000000e+00,1.000000000000000000e+00,1.000000000000000000e+00,1.000000000000000000e+00,1.000000000000000000e+00,1.000000000000000000e+00,1.000000000000000000e+00,1.000000000000000000e+00,1.000000000000000000e+00,1.000000000000000000e+00,1.000000000000000000e+00,1.000000000000000000e+00,1.000000000000000000e+00,1.000000000000000000e+00,1.000000000000000000e+00,1.000000000000000000e+00,1.000000000000000000e+00,1.000000000000000000e+00,1.000000000000000000e+00,1.000000000000000000e+00,1.000000000000000000e+00,1.000000000000000000e+00,1.000000000000000000e+00,1.000000000000000000e+00,1.000000000000000000e+00,1.000000000000000000e+00,1.000000000000000000e+00,1.000000000000000000e+00,1.000000000000000000e+00,1.000000000000000000e+00,1.000000000000000000e+00,1.000000000000000000e+00,1.000000000000000000e+00,1.000000000000000000e+00,1.000000000000000000e+00,1.000000000000000000e+00,1.000000000000000000e+00,1.000000000000000000e+00,1.000000000000000000e+00,1.000000000000000000e+00,1.000000000000000000e+00,1.000000000000000000e+00,1.000000000000000000e+00,1.000000000000000000e+00,1.000000000000000000e+00,1.000000000000000000e+00,1.000000000000000000e+00,1.000000000000000000e+00,1.000000000000000000e+00,1.000000000000000000e+00,1.000000000000000000e+00,1.000000000000000000e+00,1.000000000000000000e+00,1.000000000000000000e+00,1.000000000000000000e+00,1.000000000000000000e+00,1.000000000000000000e+00,1.000000000000000000e+00,1.000000000000000000e+00,1.000000000000000000e+00,1.000000000000000000e+00,1.000000000000000000e+00,1.000000000000000000e+00,1.000000000000000000e+00,1.000000000000000000e+00,1.000000000000000000e+00,1.000000000000000000e+00,1.000000000000000000e+00,1.000000000000000000e+00,1.000000000000000000e+00,1.000000000000000000e+00,1.000000000000000000e+00,1.000000000000000000e+00,1.000000000000000000e+00,1.000000000000000000e+00,1.000000000000000000e+00,1.000000000000000000e+00,1.000000000000000000e+00,1.000000000000000000e+00,1.000000000000000000e+00,1.000000000000000000e+00,1.000000000000000000e+00,1.000000000000000000e+00,1.000000000000000000e+00,1.000000000000000000e+00,1.000000000000000000e+00,1.000000000000000000e+00,1.000000000000000000e+00,1.000000000000000000e+00,1.000000000000000000e+00,1.000000000000000000e+00,1.000000000000000000e+00,1.000000000000000000e+00,1.000000000000000000e+00,1.000000000000000000e+00,1.000000000000000000e+00,1.000000000000000000e+00,1.000000000000000000e+00,1.000000000000000000e+00,1.000000000000000000e+00,1.000000000000000000e+00,1.000000000000000000e+00,1.000000000000000000e+00,1.000000000000000000e+00,1.000000000000000000e+00,1.000000000000000000e+00,1.000000000000000000e+00,1.000000000000000000e+00,1.000000000000000000e+00,1.000000000000000000e+00,1.000000000000000000e+00,1.000000000000000000e+00,1.000000000000000000e+00,1.000000000000000000e+00,1.000000000000000000e+00,1.000000000000000000e+00,1.000000000000000000e+00,1.000000000000000000e+00,1.000000000000000000e+00,1.000000000000000000e+00,1.000000000000000000e+00,1.000000000000000000e+00,1.000000000000000000e+00,1.000000000000000000e+00,1.000000000000000000e+00,1.000000000000000000e+00,1.000000000000000000e+00,1.000000000000000000e+00,1.000000000000000000e+00,1.000000000000000000e+00,1.000000000000000000e+00,1.000000000000000000e+00,1.000000000000000000e+00,1.000000000000000000e+00,1.000000000000000000e+00,1.000000000000000000e+00,1.000000000000000000e+00,1.000000000000000000e+00,1.000000000000000000e+00,1.000000000000000000e+00,1.000000000000000000e+00,1.000000000000000000e+00,1.000000000000000000e+00,1.000000000000000000e+00,1.000000000000000000e+00,1.000000000000000000e+00,1.000000000000000000e+00,1.000000000000000000e+00,1.000000000000000000e+00,1.000000000000000000e+00,1.000000000000000000e+00,1.000000000000000000e+00,1.000000000000000000e+00,1.000000000000000000e+00,1.000000000000000000e+00,1.000000000000000000e+00,1.000000000000000000e+00,1.000000000000000000e+00,1.000000000000000000e+00,1.000000000000000000e+00,1.000000000000000000e+00,1.000000000000000000e+00,1.000000000000000000e+00,1.000000000000000000e+00,1.000000000000000000e+00,1.000000000000000000e+00,1.000000000000000000e+00,1.000000000000000000e+00,1.000000000000000000e+00,1.000000000000000000e+00,1.000000000000000000e+00,1.000000000000000000e+00,1.000000000000000000e+00,1.000000000000000000e+00,1.000000000000000000e+00,1.000000000000000000e+00,1.000000000000000000e+00,1.000000000000000000e+00,1.000000000000000000e+00,1.000000000000000000e+00,1.000000000000000000e+00,1.000000000000000000e+00,1.000000000000000000e+00,1.000000000000000000e+00,1.000000000000000000e+00,1.000000000000000000e+00,1.000000000000000000e+00,1.000000000000000000e+00,1.000000000000000000e+00,1.000000000000000000e+00,1.000000000000000000e+00,1.000000000000000000e+00,1.000000000000000000e+00,1.000000000000000000e+00,1.000000000000000000e+00,1.000000000000000000e+00,1.000000000000000000e+00,1.000000000000000000e+00,1.000000000000000000e+00,1.000000000000000000e+00,1.000000000000000000e+00,1.000000000000000000e+00,1.000000000000000000e+00,1.000000000000000000e+00,1.000000000000000000e+00,1.000000000000000000e+00,1.000000000000000000e+00,1.000000000000000000e+00,1.000000000000000000e+00,1.000000000000000000e+00,1.000000000000000000e+00,1.000000000000000000e+00,1.000000000000000000e+00,1.000000000000000000e+00,1.000000000000000000e+00,1.000000000000000000e+00,1.000000000000000000e+00,1.000000000000000000e+00,1.000000000000000000e+00,1.000000000000000000e+00,1.000000000000000000e+00,1.000000000000000000e+00,1.000000000000000000e+00,1.000000000000000000e+00,1.000000000000000000e+00,1.000000000000000000e+00,1.000000000000000000e+00,1.000000000000000000e+00,1.000000000000000000e+00,1.000000000000000000e+00,1.000000000000000000e+00,1.000000000000000000e+00,1.000000000000000000e+00,1.000000000000000000e+00,1.000000000000000000e+00,1.000000000000000000e+00,1.000000000000000000e+00,1.000000000000000000e+00,1.000000000000000000e+00,1.000000000000000000e+00,1.000000000000000000e+00,1.000000000000000000e+00,1.000000000000000000e+00,1.000000000000000000e+00,1.000000000000000000e+00,1.000000000000000000e+00,1.000000000000000000e+00,1.000000000000000000e+00
1.000000000000003997e+00,7.473009568454922480e-01,7.618359724780234821e-01,7.618469737981773404e-01,7.618740092327218605e-01,7.618804689681928366e-01,7.618823087906236857e-01,7.618829353194493947e-01,7.618831796107473631e-01,7.618832840061051659e-01,7.618833293657819583e-01,7.618833444398402932e-01,7.618833370570559094e-01,7.618833009599711437e-01,7.618832075518395808e-01,7.618829657320046467e-01,7.618822538537874944e-01,7.618796589811184239e-01,7.618666023114378794e-01,7.617470282247215119e-01,7.572441381422607698e-01,7.473009568454922480e-01,1.000000000000003997e+00,7.525463496518252082e-01,7.663751446637059317e-01,7.663813365297336144e-01,7.664055382092824775e-01,7.664112987223948847e-01,7.664129242261735753e-01,7.664134725341864574e-01,7.664136835267226777e-01,7.664137707568046132e-01,7.664138038365638783e-01,7.664138047383789454e-01,7.664137725535273837e-01,7.664136807484335234e-01,7.664134386730497850e-01,7.664127232358780573e-01,7.664101133310601277e-01,7.663969792632939759e-01,7.662766942906646950e-01,7.617470282247240654e-01,7.618359724780234821e-01,7.525463496518252082e-01,1.000000000000003997e+00,7.526982280489233901e-01,7.664977571151183611e-01,7.665023730872877472e-01,7.665260926475082615e-01,7.665317037849922466e-01,7.665332738271807278e-01,7.665337979100649290e-01,7.665339957595723730e-01,7.665340726670313298e-01,7.665340926276282829e-01,7.665340693885236423e-01,7.665339820516499092e-01,7.665337423087037472e-01,7.665330280725093370e-01,7.665304185155245031e-01,7.665172828386233039e-01,7.663969792632935318e-01,7.618666023114399888e-01,7.618469737981773404e-01,7.663751446637059317e-01,7.526982280489233901e-01,1.000000000000003997e+00,7.527160907972019199e-01,7.665115789262193502e-01,7.665157578043053643e-01,7.665393278813800171e-01,7.665448835688113416e-01,7.665464293924307837e-01,7.665469403346653054e-01,7.665471278628133156e-01,7.665471916525756768e-01,7.665471874748598369e-01,7.665471090889558470e-01,7.665468738254612724e-01,7.665461619480020694e-01,7.665435536598895760e-01,7.665304185155233929e-01,7.664101133310581293e-01,7.618796589811192010e-01,7.618740092327218605e-01,7.663813365297336144e-01,7.664977571151183611e-01,7.527160907972019199e-01,1.000000000000003997e+00,7.527198618792059204e-01,7.665144288325597133e-01,7.665184674052681890e-01,7.665419820277147300e-01,7.665475135179208310e-01,7.665490462120404525e-01,7.665495468382610422e-01,7.665497212514305048e-01,7.665497609044478189e-01,7.665497015810907033e-01,7.665494752698360781e-01,7.665487678738435173e-01,7.665461619480016253e-01,7.665330280725076717e-01,7.664127232358759478e-01,7.618822538537879385e-01,7.618804689681928366e-01,7.664055382092824775e-01,7.665023730872877472e-01,7.665115789262193502e-01,7.527198618792059204e-01,1.000000000000003997e+00,7.527209522317565016e-01,7.665152418274868706e-01,7.665192275243913889e-01,7.665427179258308410e-01,7.665482362863664800e-01,7.665497586655020124e-01,7.665502461774144072e-01,7.665503964542320636e-01,7.665503809618642306e-01,7.665501737133701976e-01,7.665494752698361891e-01,7.665468738254609393e-01,7.665337423087023039e-01,7.664134386730477866e-01,7.618829657320050908e-01,7.618823087906236857e-01,7.664112987223948847e-01,7.665260926475082615e-01,7.665157578043053643e-01,7.665144288325597133e-01,7.527209522317565016e-01,1.000000000000003997e+00,7.527213404918815520e-01,7.665155289158309682e-01,7.665194913035837665e-01,7.665429685629965295e-01,7.665484766073751288e-01,7.665499858721829263e-01,7.665504492478270038e-01,7.665505443793263485e-01,7.665503809618633424e-01,7.665497015810900372e-01,7.665471090889547368e-01,7.665339820516477998e-01,7.664136807484306368e-01,7.618832075518392477e-01,7.618829353194493947e-01,7.664129242261735753e-01,7.665317037849922466e-01,7.665393278813800171e-01,7.665184674052681890e-01,7.665152418274868706e-01,7.527213404918815520e-01,1.000000000000003997e+00,7.527214988802781725e-01,7.665156444074949782e-01,7.665195940220329573e-01,7.665430609596192157e-01,7.665485558890210438e-01,7.665500410174950208e-01,7.665504492478274479e-01,7.665503964542317306e-01,7.665497609044474858e-01,7.665471874748591707e-01,7.665340693885218659e-01,7.664137725535247192e-01,7.618833009599711437e-01,7.618831796107473631e-01,7.664134725341864574e-01,7.665332738271807278e-01,7.665448835688113416e-01,7.665419820277147300e-01,7.665192275243913889e-01,7.665155289158309682e-01,7.527214988802781725e-01,1.000000000000003997e+00,7.527215675390075411e-01,7.665156918308443368e-01,7.665196312757537322e-01,7.665430850961478804e-01,7.665485558890208218e-01,7.665499858721831483e-01,7.665502461774138521e-01,7.665497212514302827e-01,7.665471916525748997e-01,7.665340926276262845e-01,7.664138047383763919e-01,7.618833370570557983e-01,7.618832840061051659e-01,7.664136835267226777e-01,7.665337979100649290e-01,7.665464293924307837e-01,7.665475135179208310e-01,7.665427179258308410e-01,7.665194913035837665e-01,7.665156444074949782e-01,7.527215675390075411e-01,1.000000000000003997e+00,7.527215940446261300e-01,7.665157049059554417e-01,7.665196312757541763e-01,7.665430609596195488e-01,7.665484766073759060e-01,7.665497586655017903e-01,7.665495468382609312e-01,7.665471278628130936e-01,7.665340726670297755e-01,7.664138038365615468e-01,7.618833444398406263e-01,7.618833293657819583e-01,7.664137707568046132e-01,7.665339957595723730e-01,7.665469403346653054e-01,7.665490462120404525e-01,7.665482362863664800e-01,7.665429685629965295e-01,7.665195940220329573e-01,7.665156918308443368e-01,7.527215940446261300e-01,1.000000000000003997e+00,7.527215940446269071e-01,7.665156918308454470e-01,7.665195940220339565e-01,7.665429685629980838e-01,7.665482362863671462e-01,7.665490462120408965e-01,7.665469403346657495e-01,7.665339957595717069e-01,7.664137707568029478e-01,7.618833293657830685e-01,7.618833444398402932e-01,7.664138038365638783e-01,7.665340726670313298e-01,7.665471278628133156e-01,7.665495468382610422e-01,7.665497586655020124e-01,7.665484766073751288e-01,7.665430609596192157e-01,7.665196312757537322e-01,7.665157049059554417e-01,7.527215940446269071e-01,1.000000000000003997e+00,7.527215675390097616e-01,7.665156444074967546e-01,7.665194913035859869e-01,7.665427179258323953e-01,7.665475135179222743e-01,7.665464293924318939e-01,7.665337979100650401e-01,7.664136835267217895e-01,7.618832840061067202e-01,7.618833370570559094e-01,7.664138047383789454e-01,7.665340926276282829e-01,7.665471916525756768e-01,7.665497212514305048e-01,7.665502461774144072e-01,7.665499858721829263e-01,7.665485558890210438e-01,7.665430850961478804e-01,7.665196312757541763e-01,7.665156918308454470e-01,7.527215675390097616e-01,1.000000000000003997e+00,7.527214988802806150e-01,7.665155289158336327e-01,7.665192275243932762e-01,7.665419820277166174e-01,7.665448835688127849e-01,7.665332738271811719e-01,7.664134725341859022e-01,7.618831796107496945e-01,7.618833009599711437e-01,7.664137725535273837e-01,7.665340693885236423e-01,7.665471874748598369e-01,7.665497609044478189e-01,7.665503964542320636e-01,7.665504492478270038e-01,7.665500410174950208e-01,7.665485558890208218e-01,7.665430609596195488e-01,7.665195940220339565e-01,7.665156444074967546e-01,7.527214988802806150e-01,1.000000000000003997e+00,7.527213404918842166e-01,7.665152418274886470e-01,7.665184674052700764e-01,7.665393278813815714e-01,7.665317037849925796e-01,7.664129242261729091e-01,7.618829353194516152e-01,7.618832075518395808e-01,7.664136807484335234e-01,7.665339820516499092e-01,7.665471090889558470e-01,7.665497015810907033e-01,7.665503809618642306e-01,7.665505443793263485e-01,7.665504492478274479e-01,7.665499858721831483e-01,7.665484766073759060e-01,7.665429685629980838e-01,7.665194913035859869e-01,7.665155289158336327e-01,7.527213404918842166e-01,1.000000000000003997e+00,7.527209522317588331e-01,7.665144288325618227e-01,7.665157578043071407e-01,7.665260926475091496e-01,7.664112987223947737e-01,7.618823087906260172e-01,7.618829657320046467e-01,7.664134386730497850e-01,7.665337423087037472e-01,7.665468738254612724e-01,7.665494752698360781e-01,7.665501737133701976e-01,7.665503809618633424e-01,7.665503964542317306e-01,7.665502461774138521e-01,7.665497586655017903e-01,7.665482362863671462e-01,7.665427179258323953e-01,7.665192275243932762e-01,7.665152418274886470e-01,7.527209522317588331e-01,1.000000000000003997e+00,7.527198618792074747e-01,7.665115789262203494e-01,7.665023730872874141e-01,7.664055382092814783e-01,7.618804689681946130e-01,7.618822538537874944e-01,7.664127232358780573e-01,7.665330280725093370e-01,7.665461619480020694e-01,7.665487678738435173e-01,7.665494752698361891e-01,7.665497015810900372e-01,7.665497609044474858e-01,7.665497212514302827e-01,7.665495468382609312e-01,7.665490462120408965e-01,7.665475135179222743e-01,7.665419820277166174e-01,7.665184674052700764e-01,7.665144288325618227e-01,7.527198618792074747e-01,1.000000000000003997e+00,7.527160907972031412e-01,7.664977571151184721e-01,7.663813365297330593e-01,7.618740092327237479e-01,7.618796589811184239e-01,7.664101133310601277e-01,7.665304185155245031e-01,7.665435536598895760e-01,7.665461619480016253e-01,7.665468738254609393e-01,7.665471090889547368e-01,7.665471874748591707e-01,7.665471916525748997e-01,7.665471278628130936e-01,7.665469403346657495e-01,7.665464293924318939e-01,7.665448835688127849e-01,7.665393278813815714e-01,7.665157578043071407e-01,7.665115789262203494e-01,7.527160907972031412e-01,1.000000000000003997e+00,7.526982280489228350e-01,7.663751446637051545e-01,7.618469737981790058e-01,7.618666023114378794e-01,7.663969792632939759e-01,7.665172828386233039e-01,7.665304185155233929e-01,7.665330280725076717e-01,7.665337423087023039e-01,7.665339820516477998e-01,7.665340693885218659e-01,7.665340926276262845e-01,7.665340726670297755e-01,7.665339957595717069e-01,7.665337979100650401e-01,7.665332738271811719e-01,7.665317037849925796e-01,7.665260926475091496e-01,7.665023730872874141e-01,7.664977571151184721e-01,7.526982280489228350e-01,1.000000000000003997e+00,7.525463496518226547e-01,7.618359724780239262e-01,7.617470282247215119e-01,7.662766942906646950e-01,7.663969792632935318e-01,7.664101133310581293e-01,7.664127232358759478e-01,7.664134386730477866e-01,7.664136807484306368e-01,7.664137725535247192e-01,7.664138047383763919e-01,7.664138038365615468e-01,7.664137707568029478e-01,7.664136835267217895e-01,7.664134725341859022e-01,7.664129242261729091e-01,7.664112987223947737e-01,7.664055382092814783e-01,7.663813365297330593e-01,7.663751446637051545e-01,7.525463496518226547e-01,1.000000000000003997e+00,7.473009568454919149e-01,7.572441381422607698e-01,7.617470282247240654e-01,7.618666023114399888e-01,7.618796589811192010e-01,7.618822538537879385e-01,7.618829657320050908e-01,7.618832075518392477e-01,7.618833009599711437e-01,7.618833370570557983e-01,7.618833444398406263e-01,7.618833293657830685e-01,7.618832840061067202e-01,7.618831796107496945e-01,7.618829353194516152e-01,7.618823087906260172e-01,7.618804689681946130e-01,7.618740092327237479e-01,7.618469737981790058e-01,7.618359724780239262e-01,7.473009568454919149e-01,1.000000000000003997e+00
1.000000000000003775e+00,9.606344769446950593e-01,9.609025686222144591e-01,9.609096806690347048e-01,9.609157123598727201e-01,9.609167073344909715e-01,9.609170046807493648e-01,9.609171327144371277e-01,9.609171921012572559e-01,9.609172182754712743e-01,9.609172245194275153e-01,9.609172136377572837e-01,9.609171800666845842e-01,9.609171051727017909e-01,9.609169397776712307e-01,9.609165489099570356e-01,9.609155275860452594e-01,9.609126103478843328e-01,9.609068454580126373e-01,9.608997774888011767e-01,9.529327593820232645e-01,9.606344769446950593e-01,1.000000000000003775e+00,9.687717468294845258e-01,9.689450468225969670e-01,9.689474998005093154e-01,9.689506121500699454e-01,9.689508820460749350e-01,9.689509453747597867e-01,9.689509809337890633e-01,9.689509980185286864e-01,9.689510004520794917e-01,9.689509877488199363e-01,9.689509530665989523e-01,9.689508771232355766e-01,9.689507101181417115e-01,9.689503158548340433e-01,9.689492859174163586e-01,9.689463442443780883e-01,9.689405311287648814e-01,9.689334040496653255e-01,9.608997774888038412e-01,9.609025686222144591e-01,9.687717468294845258e-01,1.000000000000003775e+00,9.687847945387731974e-01,9.689549310020714179e-01,9.689556588902904499e-01,9.689581379967810992e-01,9.689581770155684115e-01,9.689581480343970599e-01,9.689581412905234892e-01,9.689581346646138904e-01,9.689581182368491863e-01,9.689580819043454030e-01,9.689580051784753012e-01,9.689578377789472841e-01,9.689574433045015089e-01,9.689564132441240707e-01,9.689534714829258766e-01,9.689476582848052244e-01,9.689405311287631051e-01,9.609068454580136365e-01,9.609096806690347048e-01,9.689450468225969670e-01,9.687847945387731974e-01,1.000000000000003775e+00,9.687936473967301287e-01,9.689617624632276272e-01,9.689618674585716018e-01,9.689641181151026350e-01,9.689640653458303499e-01,9.689639942514135518e-01,9.689639638700267010e-01,9.689639384127936017e-01,9.689638983687837159e-01,9.689638199984440536e-01,9.689636518188421421e-01,9.689632569502484305e-01,9.689622266761751535e-01,9.689592847823099708e-01,9.689534714829248774e-01,9.689463442443752017e-01,9.609126103478844438e-01,9.609157123598727201e-01,9.689474998005093154e-01,9.689549310020714179e-01,9.687936473967301287e-01,1.000000000000003775e+00,9.687976660545740692e-01,9.689650962707184734e-01,9.689649761157341779e-01,9.689671348712228793e-01,9.689670399995712335e-01,9.689669452826934481e-01,9.689668960770656536e-01,9.689668470069119355e-01,9.689667649267029725e-01,9.689665951034458491e-01,9.689661994550564650e-01,9.689651687863412022e-01,9.689622266761750424e-01,9.689564132441228494e-01,9.689492859174136941e-01,9.609155275860453704e-01,9.609167073344909715e-01,9.689506121500699454e-01,9.689556588902904499e-01,9.689617624632276272e-01,9.687976660545740692e-01,1.000000000000003775e+00,9.687991069188381932e-01,9.689662920143975455e-01,9.689660811344051883e-01,9.689681976953457010e-01,9.689680791928050319e-01,9.689679656523262352e-01,9.689678928343039566e-01,9.689678017282478129e-01,9.689676281953146786e-01,9.689672309034308428e-01,9.689661994550565760e-01,9.689632569502485415e-01,9.689574433045006208e-01,9.689503158548311568e-01,9.609165489099569246e-01,9.609170046807493648e-01,9.689508820460749350e-01,9.689581379967810992e-01,9.689618674585716018e-01,9.689650962707184734e-01,9.687991069188381932e-01,1.000000000000003775e+00,9.687996741675933832e-01,9.689667608383935038e-01,9.689665082050079592e-01,9.689686010925473436e-01,9.689684637623483532e-01,9.689683266094175629e-01,9.689682117555650231e-01,9.689680291968381098e-01,9.689676281953140125e-01,9.689665951034449609e-01,9.689636518188412539e-01,9.689578377789455077e-01,9.689507101181380477e-01,9.609169397776703425e-01,9.609171327144371277e-01,9.689509453747597867e-01,9.689581770155684115e-01,9.689641181151026350e-01,9.689649761157341779e-01,9.689662920143975455e-01,9.687996741675933832e-01,1.000000000000003775e+00,9.687999186547212593e-01,9.689669602781205704e-01,9.689666841543861375e-01,9.689687581952484141e-01,9.689685972508929046e-01,9.689684180620787846e-01,9.689682117555651342e-01,9.689678017282472577e-01,9.689667649267023064e-01,9.689638199984432765e-01,9.689580051784739689e-01,9.689508771232322459e-01,9.609171051727010138e-01,9.609171921012572559e-01,9.689509809337890633e-01,9.689581480343970599e-01,9.689640653458303499e-01,9.689671348712228793e-01,9.689660811344051883e-01,9.689667608383935038e-01,9.687999186547212593e-01,1.000000000000003775e+00,9.688000280420593358e-01,9.689670447061217162e-01,9.689667498122861433e-01,9.689688002316009241e-01,9.689685972508931266e-01,9.689683266094180070e-01,9.689678928343035125e-01,9.689668470069113804e-01,9.689638983687832718e-01,9.689580819043442927e-01,9.689509530665957326e-01,9.609171800666840291e-01,9.609172182754712743e-01,9.689509980185286864e-01,9.689581412905234892e-01,9.689639942514135518e-01,9.689670399995712335e-01,9.689681976953457010e-01,9.689665082050079592e-01,9.689669602781205704e-01,9.688000280420593358e-01,1.000000000000003775e+00,9.688000709882951256e-01,9.689670683063624779e-01,9.689667498122865874e-01,9.689687581952489692e-01,9.689684637623491303e-01,9.689679656523264573e-01,9.689668960770657646e-01,9.689639384127936017e-01,9.689581182368484091e-01,9.689509877488170497e-01,9.609172136377571727e-01,9.609172245194275153e-01,9.689510004520794917e-01,9.689581346646138904e-01,9.689639638700267010e-01,9.689669452826934481e-01,9.689680791928050319e-01,9.689686010925473436e-01,9.689666841543861375e-01,9.689670447061217162e-01,9.688000709882951256e-01,1.000000000000003775e+00,9.688000709882959027e-01,9.689670447061229375e-01,9.689666841543876918e-01,9.689686010925490089e-01,9.689680791928060311e-01,9.689669452826940033e-01,9.689639638700273672e-01,9.689581346646136684e-01,9.689510004520774933e-01,9.609172245194279594e-01,9.609172136377572837e-01,9.689509877488199363e-01,9.689581182368491863e-01,9.689639384127936017e-01,9.689668960770656536e-01,9.689679656523262352e-01,9.689684637623483532e-01,9.689687581952484141e-01,9.689667498122861433e-01,9.689670683063624779e-01,9.688000709882959027e-01,1.000000000000003775e+00,9.688000280420612231e-01,9.689669602781225688e-01,9.689665082050101796e-01,9.689681976953473663e-01,9.689670399995725658e-01,9.689639942514148840e-01,9.689581412905239333e-01,9.689509980185273541e-01,9.609172182754724956e-01,9.609171800666845842e-01,9.689509530665989523e-01,9.689580819043454030e-01,9.689638983687837159e-01,9.689668470069119355e-01,9.689678928343039566e-01,9.689683266094175629e-01,9.689685972508929046e-01,9.689688002316009241e-01,9.689667498122865874e-01,9.689670447061229375e-01,9.688000280420612231e-01,1.000000000000003775e+00,9.687999186547238128e-01,9.689667608383962794e-01,9.689660811344072977e-01,9.689671348712248777e-01,9.689640653458323483e-01,9.689581480343980591e-01,9.689509809337881752e-01,9.609171921012590323e-01,9.609171051727017909e-01,9.689508771232355766e-01,9.689580051784753012e-01,9.689638199984440536e-01,9.689667649267029725e-01,9.689678017282478129e-01,9.689682117555650231e-01,9.689684180620787846e-01,9.689685972508931266e-01,9.689687581952489692e-01,9.689666841543876918e-01,9.689669602781225688e-01,9.687999186547238128e-01,1.000000000000003775e+00,9.687996741675962697e-01,9.689662920143998770e-01,9.689649761157362873e-01,9.689641181151046334e-01,9.689581770155695217e-01,9.689509453747592316e-01,9.609171327144390151e-01,9.609169397776712307e-01,9.689507101181417115e-01,9.689578377789472841e-01,9.689636518188421421e-01,9.689665951034458491e-01,9.689676281953146786e-01,9.689680291968381098e-01,9.689682117555651342e-01,9.689683266094180070e-01,9.689684637623491303e-01,9.689686010925490089e-01,9.689665082050101796e-01,9.689667608383962794e-01,9.687996741675962697e-01,1.000000000000003775e+00,9.687991069188406357e-01,9.689650962707208048e-01,9.689618674585738223e-01,9.689581379967825425e-01,9.689508820460746019e-01,9.609170046807514742e-01,9.609165489099570356e-01,9.689503158548340433e-01,9.689574433045015089e-01,9.689632569502484305e-01,9.689661994550564650e-01,9.689672309034308428e-01,9.689676281953140125e-01,9.689678017282472577e-01,9.689678928343035125e-01,9.689679656523264573e-01,9.689680791928060311e-01,9.689681976953473663e-01,9.689660811344072977e-01,9.689662920143998770e-01,9.687991069188406357e-01,1.000000000000003775e+00,9.687976660545756236e-01,9.689617624632292925e-01,9.689556588902911161e-01,9.689506121500686131e-01,9.609167073344924148e-01,9.609155275860452594e-01,9.689492859174163586e-01,9.689564132441240707e-01,9.689622266761751535e-01,9.689651687863412022e-01,9.689661994550565760e-01,9.689665951034449609e-01,9.689667649267023064e-01,9.689668470069113804e-01,9.689668960770657646e-01,9.689669452826940033e-01,9.689670399995725658e-01,9.689671348712248777e-01,9.689649761157362873e-01,9.689650962707208048e-01,9.687976660545756236e-01,1.000000000000003775e+00,9.687936473967316831e-01,9.689549310020719730e-01,9.689474998005083162e-01,9.609157123598743855e-01,9.609126103478843328e-01,9.689463442443780883e-01,9.689534714829258766e-01,9.689592847823099708e-01,9.689622266761750424e-01,9.689632569502485415e-01,9.689636518188412539e-01,9.689638199984432765e-01,9.689638983687832718e-01,9.689639384127936017e-01,9.689639638700273672e-01,9.689639942514148840e-01,9.689640653458323483e-01,9.689641181151046334e-01,9.689618674585738223e-01,9.689617624632292925e-01,9.687936473967316831e-01,1.000000000000003775e+00,9.687847945387739745e-01,9.689450468225958568e-01,9.609096806690362591e-01,9.609068454580126373e-01,9.689405311287648814e-01,9.689476582848052244e-01,9.689534714829248774e-01,9.689564132441228494e-01,9.689574433045006208e-01,9.689578377789455077e-01,9.689580051784739689e-01,9.689580819043442927e-01,9.689581182368484091e-01,9.689581346646136684e-01,9.689581412905239333e-01,9.689581480343980591e-01,9.689581770155695217e-01,9.689581379967825425e-01,9.689556588902911161e-01,9.689549310020719730e-01,9.687847945387739745e-01,1.000000000000003775e+00,9.687717468294824164e-01,9.609025686222153473e-01,9.608997774888011767e-01,9.689334040496653255e-01,9.689405311287631051e-01,9.689463442443752017e-01,9.689492859174136941e-01,9.689503158548311568e-01,9.689507101181380477e-01,9.689508771232322459e-01,9.689509530665957326e-01,9.689509877488170497e-01,9.689510004520774933e-01,9.689509980185273541e-01,9.689509809337881752e-01,9.689509453747592316e-01,9.689508820460746019e-01,9.689506121500686131e-01,9.689474998005083162e-01,9.689450468225958568e-01,9.687717468294824164e-01,1.000000000000003775e+00,9.606344769446936160e-01,9.529327593820232645e-01,9.608997774888038412e-01,9.609068454580136365e-01,9.609126103478844438e-01,9.609155275860453704e-01,9.609165489099569246e-01,9.609169397776703425e-01,9.609171051727010138e-01,9.609171800666840291e-01,9.609172136377571727e-01,9.609172245194279594e-01,9.609172182754724956e-01,9.609171921012590323e-01,9.609171327144390151e-01,9.609170046807514742e-01,9.609167073344924148e-01,9.609157123598743855e-01,9.609096806690362591e-01,9.609025686222153473e-01,9.606344769446936160e-01,1.000000000000003775e+00
