1.000000000000000000e+00,1.000000000000000000e+00,1.000000000000000000e+00,1.000000000000000000e+00,1.000000000000000000e+00,1.000000000000000000e+00,1.000000000000000000e+00,1.000000000000000000e+00,1.000000000000000000e+00,1.000000000000000000e+00,1.000000000000000000e+00,1.000000000000000000e+00,1.000000000000000000e+00,1.000000000000000000e+00,1.000000000000000000e+00,1.000000000000000000e+00,1.000000000000000000e+00,1.000000000000000000e+00,1.000000000000000000e+00,1.000000000000000000e+00,1.000000000000000000e+00,1.000000000000000000e+00,1.000000000000000000e+00,1.000000000000000000e+00,1.000000000000000000e+00,1.000000000000000000e+00,1.000000000000000000e+00,1.000000000000000000e+00,1.000000000000000000e+00,1.000000000000000000e+00,1.000000000000000000e+00,1.000000000000000000e+00,1.000000000000000000e+00,1.000000000000000000e+00,1.000000000000000000e+00,1.000000000000000000e+00,1.000000000000000000e+00,1.000000000000000000e+00,1.000000000000000000e+00,1.000000000000000000e+00,1.000000000000000000e+00,1.000000000000000000e+00,1.000000000000000000e+00,1.000000000000000000e+00,1.000000000000000000e+00,1.000000000000000000e+00,1.000000000000000000e+00,1.000000000000000000e+00,1.000000000000000000e+00
1.000000000000012879e+00,9.213387237116132944e-01,9.120215565485350062e-01,9.148274001027841829e-01,9.052560914804905767e-01,9.220669327926410697e-01,9.711733760730122400e-01,9.213387237116132944e-01,1.000000000000012879e+00,8.560896741324497405e-01,8.664731440073406565e-01,8.570920252285423313e-01,8.758662108387451628e-01,9.220669327926429570e-01,9.120215565485350062e-01,8.560896741324497405e-01,1.000000000000012879e+00,8.469927596414030813e-01,8.459191067686228083e-01,8.570920252285406660e-01,9.052560914804907988e-01,9.148274001027841829e-01,8.664731440073406565e-01,8.469927596414030813e-01,1.000000000000012879e+00,8.469927596414027482e-01,8.664731440073384361e-01,9.148274001027838498e-01,9.052560914804905767e-01,8.570920252285423313e-01,8.459191067686228083e-01,8.469927596414027482e-01,1.000000000000012879e+00,8.560896741324469650e-01,9.120215565485341180e-01,9.220669327926410697e-01,8.758662108387451628e-01,8.570920252285406660e-01,8.664731440073384361e-01,8.560896741324469650e-01,1.000000000000012879e+00,9.213387237116105188e-01,9.711733760730122400e-01,9.220669327926429570e-01,9.052560914804907988e-01,9.148274001027838498e-01,9.120215565485341180e-01,9.213387237116105188e-01,1.000000000000012879e+00
1.000000000000010436e+00,5.236643860022580643e-01,4.385274887836964064e-01,3.715521189247791289e-01,3.643022146121295268e-01,5.579493304770948292e-01,4.292034115132467020e-01,5.236643860022580643e-01,1.000000000000010436e+00,5.004716352784922551e-01,4.726826809947993757e-01,5.117562648831719407e-01,7.797935740130965687e-01,5.579493304770906104e-01,4.385274887836964064e-01,5.004716352784922551e-01,1.000000000000010436e+00,1.114940899205861813e-01,3.441457121788715767e-01,5.117562648831741612e-01,3.643022146121269733e-01,3.715521189247791289e-01,4.726826809947993757e-01,1.114940899205861813e-01,1.000000000000010436e+00,1.114940899205838498e-01,4.726826809947993757e-01,3.715521189247757983e-01,3.643022146121295268e-01,5.117562648831719407e-01,3.441457121788715767e-01,1.114940899205838498e-01,1.000000000000010436e+00,5.004716352784898126e-01,4.385274887836927982e-01,5.579493304770948292e-01,7.797935740130965687e-01,5.117562648831741612e-01,4.726826809947993757e-01,5.004716352784898126e-01,1.000000000000010436e+00,5.236643860022531793e-01,4.292034115132467020e-01,5.579493304770906104e-01,3.643022146121269733e-01,3.715521189247757983e-01,4.385274887836927982e-01,5.236643860022531793e-01,1.000000000000010436e+00
1.000000000000017542e+00,3.424377758627583646e-01,4.641428622415878502e-01,3.973184830224291142e-01,4.435077291375381647e-01,5.067749706695467982e-01,3.359103052827930869e-01,3.424377758627583646e-01,1.000000000000017542e+00,3.972699572932625323e-01,6.882817972176853427e-01,4.946773114736020549e-01,5.704946587458521456e-01,5.067749706695433565e-01,4.641428622415878502e-01,3.972699572932625323e-01,1.000000000000017542e+00,4.275978480110745883e-01,6.566037303122855828e-01,4.946773114736069399e-01,4.435077291375387754e-01,3.973184830224291142e-01,6.882817972176853427e-01,4.275978480110745883e-01,1.000000000000017542e+00,4.275978480110703694e-01,6.882817972176862309e-01,3.973184830224263386e-01,4.435077291375381647e-01,4.946773114736020549e-01,6.566037303122855828e-01,4.275978480110703694e-01,1.000000000000017542e+00,3.972699572932613110e-01,4.641428622415838534e-01,5.067749706695467982e-01,5.704946587458521456e-01,4.946773114736069399e-01,6.882817972176862309e-01,3.972699572932613110e-01,1.000000000000017542e+00,3.424377758627585866e-01,3.359103052827930869e-01,5.067749706695433565e-01,4.435077291375387754e-01,3.973184830224263386e-01,4.641428622415838534e-01,3.424377758627585866e-01,1.000000000000017542e+00
1.000000000000037303e+00,4.004125147450998679e-02,5.049569308802459577e-01,2.573622788734452604e-01,3.805744997219862591e-01,1.989402917125930037e-01,3.309328277159860887e-01,4.004125147450998679e-02,1.000000000000037303e+00,2.494671881108469491e-01,5.444914653155206175e-01,3.517234759685659573e-01,2.222249523185599318e-01,1.989402917125869252e-01,5.049569308802459577e-01,2.494671881108469491e-01,1.000000000000037303e+00,4.323715930421241360e-01,5.799579112920436597e-01,3.517234759685693990e-01,3.805744997219804304e-01,2.573622788734452604e-01,5.444914653155206175e-01,4.323715930421241360e-01,1.000000000000037303e+00,4.323715930421268006e-01,5.444914653155241702e-01,2.573622788734424294e-01,3.805744997219862591e-01,3.517234759685659573e-01,5.799579112920436597e-01,4.323715930421268006e-01,1.000000000000037303e+00,2.494671881108552758e-01,5.049569308802450696e-01,1.989402917125930037e-01,2.222249523185599318e-01,3.517234759685693990e-01,5.444914653155241702e-01,2.494671881108552758e-01,1.000000000000037303e+00,4.004125147451301214e-02,3.309328277159860887e-01,1.989402917125869252e-01,3.805744997219804304e-01,2.573622788734424294e-01,5.049569308802450696e-01,4.004125147451301214e-02,1.000000000000037303e+00
1.000000000000019984e+00,-1.209245101885517981e-01,4.858043262569478604e-01,-1.341549758707802908e-01,5.240433873384043872e-01,-4.395367439353410621e-02,6.598731568703797290e-01,-1.209245101885517981e-01,1.000000000000019984e+00,-2.297333081047798764e-01,4.612004281105108738e-01,-1.868541996514104797e-01,7.455734783481803296e-01,-4.395367439353578543e-02,4.858043262569478604e-01,-2.297333081047798764e-01,1.000000000000019984e+00,-4.098025304662643031e-01,6.433336052070607325e-01,-1.868541996514106462e-01,5.240433873384037211e-01,-1.341549758707802908e-01,4.612004281105108738e-01,-4.098025304662643031e-01,1.000000000000019984e+00,-4.098025304662654134e-01,4.612004281105110959e-01,-1.341549758707784035e-01,5.240433873384043872e-01,-1.868541996514104797e-01,6.433336052070607325e-01,-4.098025304662654134e-01,1.000000000000019984e+00,-2.297333081047790715e-01,4.858043262569460841e-01,-4.395367439353410621e-02,7.455734783481803296e-01,-1.868541996514106462e-01,4.612004281105110959e-01,-2.297333081047790715e-01,1.000000000000019984e+00,-1.209245101885501883e-01,6.598731568703797290e-01,-4.395367439353578543e-02,5.240433873384037211e-01,-1.341549758707784035e-01,4.858043262569460841e-01,-1.209245101885501883e-01,1.000000000000019984e+00
1.000000000000023093e+00,-2.958266915206901881e-01,2.498180855673841072e-01,8.385608291135926429e-02,-5.119902733664770389e-02,1.047978671924450766e-01,1.953188591587197986e-01,-2.958266915206901881e-01,1.000000000000023093e+00,-3.797981784607540323e-02,4.829408795065583404e-01,3.397116427960036322e-01,1.855483487767236594e-01,1.047978671924413852e-01,2.498180855673841072e-01,-3.797981784607540323e-02,1.000000000000023093e+00,3.014773455061837693e-01,8.850011447229712280e-02,3.397116427960077956e-01,-5.119902733664624672e-02,8.385608291135926429e-02,4.829408795065583404e-01,3.014773455061837693e-01,1.000000000000023093e+00,3.014773455061753871e-01,4.829408795065580629e-01,8.385608291135648873e-02,-5.119902733664770389e-02,3.397116427960036322e-01,8.850011447229712280e-02,3.014773455061753871e-01,1.000000000000023093e+00,-3.797981784608499278e-02,2.498180855673909906e-01,1.047978671924450766e-01,1.855483487767236594e-01,3.397116427960077956e-01,4.829408795065580629e-01,-3.797981784608499278e-02,1.000000000000023093e+00,-2.958266915206935188e-01,1.953188591587197986e-01,1.047978671924413852e-01,-5.119902733664624672e-02,8.385608291135648873e-02,2.498180855673909906e-01,-2.958266915206935188e-01,1.000000000000023093e+00
1.000000000000031086e+00,4.984985007588536854e-02,2.205528889756390998e-01,1.744091727813222581e-02,7.757110289189340924e-02,2.113052679250759236e-01,2.067338147851388586e-02,4.984985007588536854e-02,1.000000000000031086e+00,-1.182850597598684161e-01,3.555374029495025345e-01,-9.264701126585105084e-02,5.610273391856726022e-01,2.113052679250808641e-01,2.205528889756390998e-01,-1.182850597598684161e-01,1.000000000000031086e+00,-5.279115576246082853e-01,4.843981687759718047e-01,-9.264701126585495050e-02,7.757110289188587360e-02,1.744091727813222581e-02,3.555374029495025345e-01,-5.279115576246082853e-01,1.000000000000031086e+00,-5.279115576246034003e-01,3.555374029495036448e-01,1.744091727814131576e-02,7.757110289189340924e-02,-9.264701126585105084e-02,4.843981687759718047e-01,-5.279115576246034003e-01,1.000000000000031086e+00,-1.182850597598617270e-01,2.205528889756347977e-01,2.113052679250759236e-01,5.610273391856726022e-01,-9.264701126585495050e-02,3.555374029495036448e-01,-1.182850597598617270e-01,1.000000000000031086e+00,4.984985007589015638e-02,2.067338147851388586e-02,2.113052679250808641e-01,7.757110289188587360e-02,1.744091727814131576e-02,2.205528889756347977e-01,4.984985007589015638e-02,1.000000000000031086e+00
1.000000000000021094e+00,-5.440785792433110446e-01,3.368257975313774244e-01,-4.543311702564345467e-02,-2.933550503919658825e-02,-1.496179857088350829e-01,1.925147354209659767e-01,-5.440785792433110446e-01,1.000000000000021094e+00,-4.007073003705471925e-02,4.449986590897480609e-01,2.112694666695439372e-01,1.892118437139336251e-01,-1.496179857088358045e-01,3.368257975313774244e-01,-4.007073003705471925e-02,1.000000000000021094e+00,3.356309642102379698e-01,2.637196852213545828e-01,2.112694666695356382e-01,-2.933550503919241104e-02,-4.543311702564345467e-02,4.449986590897480609e-01,3.356309642102379698e-01,1.000000000000021094e+00,3.356309642102448532e-01,4.449986590897437866e-01,-4.543311702564056809e-02,-2.933550503919658825e-02,2.112694666695439372e-01,2.637196852213545828e-01,3.356309642102448532e-01,1.000000000000021094e+00,-4.007073003705252656e-02,3.368257975313770358e-01,-1.496179857088350829e-01,1.892118437139336251e-01,2.112694666695356382e-01,4.449986590897437866e-01,-4.007073003705252656e-02,1.000000000000021094e+00,-5.440785792433117107e-01,1.925147354209659767e-01,-1.496179857088358045e-01,-2.933550503919241104e-02,-4.543311702564056809e-02,3.368257975313770358e-01,-5.440785792433117107e-01,1.000000000000021094e+00
1.000000000000035527e+00,1.860463813019698487e-01,8.771075053003608846e-02,1.198659329748228419e-01,1.857817244691530867e-01,2.651391644419378024e-01,3.781570915571642599e-01,1.860463813019698487e-01,1.000000000000035527e+00,-8.114919006383698730e-02,4.741231358253437111e-01,-3.311869597697772449e-02,7.963169553572813086e-01,2.651391644419405225e-01,8.771075053003608846e-02,-8.114919006383698730e-02,1.000000000000035527e+00,-5.036282595329455436e-01,5.336854334142093759e-01,-3.311869597697798817e-02,1.857817244691588321e-01,1.198659329748228419e-01,4.741231358253437111e-01,-5.036282595329455436e-01,1.000000000000035527e+00,-5.036282595329460987e-01,4.741231358253430450e-01,1.198659329748226754e-01,1.857817244691530867e-01,-3.311869597697772449e-02,5.336854334142093759e-01,-5.036282595329460987e-01,1.000000000000035527e+00,-8.114919006383855549e-02,8.771075053004177835e-02,2.651391644419378024e-01,7.963169553572813086e-01,-3.311869597697798817e-02,4.741231358253430450e-01,-8.114919006383855549e-02,1.000000000000035527e+00,1.860463813019762047e-01,3.781570915571642599e-01,2.651391644419405225e-01,1.857817244691588321e-01,1.198659329748226754e-01,8.771075053004177835e-02,1.860463813019762047e-01,1.000000000000035527e+00
1.000000000000027534e+00,-5.852073990376651658e-01,2.626942717041539921e-01,-5.218990207800242032e-02,-1.127191402029134037e-01,2.366233512578455322e-01,-1.995671073461016132e-01,-5.852073990376651658e-01,1.000000000000027534e+00,-1.247256158934889614e-02,3.369698632674139605e-01,3.828304489549739231e-01,7.570907634665823005e-02,2.366233512578502229e-01,2.626942717041539921e-01,-1.247256158934889614e-02,1.000000000000027534e+00,3.517625511359732116e-01,2.672962445755234229e-01,3.828304489549754774e-01,-1.127191402029155132e-01,-5.218990207800242032e-02,3.369698632674139605e-01,3.517625511359732116e-01,1.000000000000027534e+00,3.517625511359682156e-01,3.369698632674207883e-01,-5.218990207800705550e-02,-1.127191402029134037e-01,3.828304489549739231e-01,2.672962445755234229e-01,3.517625511359682156e-01,1.000000000000027534e+00,-1.247256158934972881e-02,2.626942717041519382e-01,2.366233512578455322e-01,7.570907634665823005e-02,3.828304489549754774e-01,3.369698632674207883e-01,-1.247256158934972881e-02,1.000000000000027534e+00,-5.852073990376640555e-01,-1.995671073461016132e-01,2.366233512578502229e-01,-1.127191402029155132e-01,-5.218990207800705550e-02,2.626942717041519382e-01,-5.852073990376640555e-01,1.000000000000027534e+00
1.000000000000023093e+00,-8.940626516766997378e-04,6.697707352273457593e-02,1.313428861108020818e-02,1.411071466057053636e-01,1.140749719859682765e-01,3.562355758459364585e-01,-8.940626516766997378e-04,1.000000000000023093e+00,-1.477207025356361281e-01,5.656465763430663651e-01,-1.214752455914833440e-01,7.048016554699281233e-01,1.140749719859564526e-01,6.697707352273457593e-02,-1.477207025356361281e-01,1.000000000000023093e+00,-4.983036431658830478e-01,3.945658660926342209e-01,-1.214752455914773488e-01,1.411071466057042534e-01,1.313428861108020818e-02,5.656465763430663651e-01,-4.983036431658830478e-01,1.000000000000023093e+00,-4.983036431658854903e-01,5.656465763430641447e-01,1.313428861107504564e-02,1.411071466057053636e-01,-1.214752455914833440e-01,3.945658660926342209e-01,-4.983036431658854903e-01,1.000000000000023093e+00,-1.477207025356363779e-01,6.697707352273105097e-02,1.140749719859682765e-01,7.048016554699281233e-01,-1.214752455914773488e-01,5.656465763430641447e-01,-1.477207025356363779e-01,1.000000000000023093e+00,-8.940626516853455996e-04,3.562355758459364585e-01,1.140749719859564526e-01,1.411071466057042534e-01,1.313428861107504564e-02,6.697707352273105097e-02,-8.940626516853455996e-04,1.000000000000023093e+00
1.000000000000023093e+00,-4.455877126428308688e-01,3.812791061884498456e-01,-2.172656004528037976e-01,2.598746356438750849e-01,-4.126216503777319078e-01,3.673808534249664581e-01,-4.455877126428308688e-01,1.000000000000023093e+00,-1.043605749889313372e-01,5.660257031549336126e-01,5.027639208471310073e-03,7.382547741593797896e-01,-4.126216503777335176e-01,3.812791061884498456e-01,-1.043605749889313372e-01,1.000000000000023093e+00,-7.257736594223682114e-02,4.087815903736697898e-01,5.027639208470401078e-03,2.598746356438685901e-01,-2.172656004528037976e-01,5.660257031549336126e-01,-7.257736594223682114e-02,1.000000000000023093e+00,-7.257736594223290760e-02,5.660257031549305040e-01,-2.172656004527989682e-01,2.598746356438750849e-01,5.027639208471310073e-03,4.087815903736697898e-01,-7.257736594223290760e-02,1.000000000000023093e+00,-1.043605749889275208e-01,3.812791061884419630e-01,-4.126216503777319078e-01,7.382547741593797896e-01,5.027639208470401078e-03,5.660257031549305040e-01,-1.043605749889275208e-01,1.000000000000023093e+00,-4.455877126428336443e-01,3.673808534249664581e-01,-4.126216503777335176e-01,2.598746356438685901e-01,-2.172656004527989682e-01,3.812791061884419630e-01,-4.455877126428336443e-01,1.000000000000023093e+00
1.000000000000024203e+00,-1.988220126152212830e-01,1.113866703204588471e-01,7.982317376426412148e-02,-1.898540081029341242e-01,-9.394628642270469454e-02,1.944527670105463402e-01,-1.988220126152212830e-01,1.000000000000024203e+00,1.284213496130971188e-01,6.261524534410665144e-01,4.246320684323965367e-01,5.776012286568525944e-01,-9.394628642270119734e-02,1.113866703204588471e-01,1.284213496130971188e-01,1.000000000000024203e+00,1.962450679454880165e-01,8.494580794409956059e-02,4.246320684323952044e-01,-1.898540081029334858e-01,7.982317376426412148e-02,6.261524534410665144e-01,1.962450679454880165e-01,1.000000000000024203e+00,1.962450679454855185e-01,6.261524534410669585e-01,7.982317376426173450e-02,-1.898540081029341242e-01,4.246320684323965367e-01,8.494580794409956059e-02,1.962450679454855185e-01,1.000000000000024203e+00,1.284213496130890975e-01,1.113866703204676734e-01,-9.394628642270469454e-02,5.776012286568525944e-01,4.246320684323952044e-01,6.261524534410669585e-01,1.284213496130890975e-01,1.000000000000024203e+00,-1.988220126152216161e-01,1.944527670105463402e-01,-9.394628642270119734e-02,-1.898540081029334858e-01,7.982317376426173450e-02,1.113866703204676734e-01,-1.988220126152216161e-01,1.000000000000024203e+00
1.000000000000044853e+00,-1.570021083282213126e-01,2.137079565800841796e-01,-6.919717521601043142e-02,1.584042100821758114e-01,3.404535618978604683e-03,2.736923388747605768e-02,-1.570021083282213126e-01,1.000000000000044853e+00,-1.988618697376063893e-01,2.886994473192122657e-01,-9.916100970283045490e-03,4.712552630146668031e-01,3.404535618988513423e-03,2.137079565800841796e-01,-1.988618697376063893e-01,1.000000000000044853e+00,-5.817359910738231221e-01,6.052136670169483423e-01,-9.916100970283885097e-03,1.584042100821718424e-01,-6.919717521601043142e-02,2.886994473192122657e-01,-5.817359910738231221e-01,1.000000000000044853e+00,-5.817359910738229001e-01,2.886994473192138755e-01,-6.919717521600471377e-02,1.584042100821758114e-01,-9.916100970283045490e-03,6.052136670169483423e-01,-5.817359910738229001e-01,1.000000000000044853e+00,-1.988618697376038358e-01,2.137079565800799053e-01,3.404535618978604683e-03,4.712552630146668031e-01,-9.916100970283885097e-03,2.886994473192138755e-01,-1.988618697376038358e-01,1.000000000000044853e+00,-1.570021083282084895e-01,2.736923388747605768e-02,3.404535618988513423e-03,1.584042100821718424e-01,-6.919717521600471377e-02,2.137079565800799053e-01,-1.570021083282084895e-01,1.000000000000044853e+00
1.000000000000043965e+00,-5.506324083191747043e-01,9.537174562961862889e-02,-2.553722445903013338e-01,-7.873271210954420340e-02,-1.101871673376160071e-01,5.214828400793924956e-02,-5.506324083191747043e-01,1.000000000000043965e+00,-1.432889307279035518e-01,6.168648750652951929e-01,1.255429426071937304e-01,3.940396831454512361e-01,-1.101871673376205174e-01,9.537174562961862889e-02,-1.432889307279035518e-01,1.000000000000043965e+00,8.322301218753858087e-02,1.486737478487937802e-01,1.255429426071863752e-01,-7.873271210953636245e-02,-2.553722445903013338e-01,6.168648750652951929e-01,8.322301218753858087e-02,1.000000000000043965e+00,8.322301218754517282e-02,6.168648750652896418e-01,-2.553722445902994465e-01,-7.873271210954420340e-02,1.255429426071937304e-01,1.486737478487937802e-01,8.322301218754517282e-02,1.000000000000043965e+00,-1.432889307278978341e-01,9.537174562961570068e-02,-1.101871673376160071e-01,3.940396831454512361e-01,1.255429426071863752e-01,6.168648750652896418e-01,-1.432889307278978341e-01,1.000000000000043965e+00,-5.506324083191744823e-01,5.214828400793924956e-02,-1.101871673376205174e-01,-7.873271210953636245e-02,-2.553722445902994465e-01,9.537174562961570068e-02,-5.506324083191744823e-01,1.000000000000043965e+00
1.000000000000050182e+00,1.387544425533114856e-01,-4.431811105731837952e-02,2.597568181498071671e-01,-6.365069279448286321e-02,4.294343014643674517e-01,2.034173312888877261e-01,1.387544425533114856e-01,1.000000000000050182e+00,-2.028418898117605174e-02,2.423883077932569852e-01,3.018975152034905074e-01,5.056624793523737393e-01,4.294343014643686174e-01,-4.431811105731837952e-02,-2.028418898117605174e-02,1.000000000000050182e+00,-2.770141823754102561e-01,3.217809652726735248e-01,3.018975152034936160e-01,-6.365069279449339645e-02,2.597568181498071671e-01,2.423883077932569852e-01,-2.770141823754102561e-01,1.000000000000050182e+00,-2.770141823754106447e-01,2.423883077932573182e-01,2.597568181498078888e-01,-6.365069279448286321e-02,3.018975152034905074e-01,3.217809652726735248e-01,-2.770141823754106447e-01,1.000000000000050182e+00,-2.028418898117789748e-02,-4.431811105732161304e-02,4.294343014643674517e-01,5.056624793523737393e-01,3.018975152034936160e-01,2.423883077932573182e-01,-2.028418898117789748e-02,1.000000000000050182e+00,1.387544425533065451e-01,2.034173312888877261e-01,4.294343014643686174e-01,-6.365069279449339645e-02,2.597568181498078888e-01,-4.431811105732161304e-02,1.387544425533065451e-01,1.000000000000050182e+00
1.000000000000046407e+00,-5.822724604734763609e-01,3.007277931952486161e-01,-4.254642462033653705e-01,2.340210662034807043e-01,-3.757873311900313817e-01,6.161931172919989930e-01,-5.822724604734763609e-01,1.000000000000046407e+00,-2.828900801664943621e-01,5.927115384643586449e-01,-1.436535310156892842e-01,5.325796160750656538e-01,-3.757873311900282176e-01,3.007277931952486161e-01,-2.828900801664943621e-01,1.000000000000046407e+00,-2.086583857364197603e-01,1.326457307394074969e-01,-1.436535310156791256e-01,2.340210662034696854e-01,-4.254642462033653705e-01,5.927115384643586449e-01,-2.086583857364197603e-01,1.000000000000046407e+00,-2.086583857364320005e-01,5.927115384643604212e-01,-4.254642462033661476e-01,2.340210662034807043e-01,-1.436535310156892842e-01,1.326457307394074969e-01,-2.086583857364320005e-01,1.000000000000046407e+00,-2.828900801665080733e-01,3.007277931952586636e-01,-3.757873311900313817e-01,5.325796160750656538e-01,-1.436535310156791256e-01,5.927115384643604212e-01,-2.828900801665080733e-01,1.000000000000046407e+00,-5.822724604734778042e-01,6.161931172919989930e-01,-3.757873311900282176e-01,2.340210662034696854e-01,-4.254642462033661476e-01,3.007277931952586636e-01,-5.822724604734778042e-01,1.000000000000046407e+00
1.000000000000034639e+00,-3.106116183353227478e-02,9.604405039004812461e-02,2.308094214599396565e-01,-1.604494098929043489e-02,4.772733715255525477e-02,3.339911169627920451e-01,-3.106116183353227478e-02,1.000000000000034639e+00,-1.541340565185570777e-01,4.811335076860097093e-01,-1.180761175700817123e-01,8.107600965757453260e-01,4.772733715255678133e-02,9.604405039004812461e-02,-1.541340565185570777e-01,1.000000000000034639e+00,-4.076530049917209131e-01,3.709163654887972505e-01,-1.180761175700814208e-01,-1.604494098929076795e-02,2.308094214599396565e-01,4.811335076860097093e-01,-4.076530049917209131e-01,1.000000000000034639e+00,-4.076530049917184706e-01,4.811335076860065452e-01,2.308094214599466509e-01,-1.604494098929043489e-02,-1.180761175700817123e-01,3.709163654887972505e-01,-4.076530049917184706e-01,1.000000000000034639e+00,-1.541340565185542744e-01,9.604405039004587641e-02,4.772733715255525477e-02,8.107600965757453260e-01,-1.180761175700814208e-01,4.811335076860065452e-01,-1.541340565185542744e-01,1.000000000000034639e+00,-3.106116183353158089e-02,3.339911169627920451e-01,4.772733715255678133e-02,-1.604494098929076795e-02,2.308094214599466509e-01,9.604405039004587641e-02,-3.106116183353158089e-02,1.000000000000034639e+00
1.000000000000041300e+00,-4.531162400964680037e-01,2.235236513572541051e-01,-7.315324861022776126e-02,-2.462536142468189637e-01,-6.662730810577094376e-02,3.769195304357314535e-02,-4.531162400964680037e-01,1.000000000000041300e+00,-2.375517909385699289e-02,4.838505425040881547e-01,2.735608874322239537e-01,3.537134989880054148e-01,-6.662730810576467100e-02,2.235236513572541051e-01,-2.375517909385699289e-02,1.000000000000041300e+00,2.137780543526692223e-01,3.910596125080989527e-04,2.735608874322095208e-01,-2.462536142468159384e-01,-7.315324861022776126e-02,4.838505425040881547e-01,2.137780543526692223e-01,1.000000000000041300e+00,2.137780543526828780e-01,4.838505425040903196e-01,-7.315324861022193259e-02,-2.462536142468189637e-01,2.735608874322239537e-01,3.910596125080989527e-04,2.137780543526828780e-01,1.000000000000041300e+00,-2.375517909384385062e-02,2.235236513572468886e-01,-6.662730810577094376e-02,3.537134989880054148e-01,2.735608874322095208e-01,4.838505425040903196e-01,-2.375517909384385062e-02,1.000000000000041300e+00,-4.531162400964637293e-01,3.769195304357314535e-02,-6.662730810576467100e-02,-2.462536142468159384e-01,-7.315324861022193259e-02,2.235236513572468886e-01,-4.531162400964637293e-01,1.000000000000041300e+00
1.000000000000040856e+00,-1.497890891118078271e-01,1.727836240637712073e-01,-7.540915133126162295e-02,1.873236266672140549e-01,6.935790160708096841e-02,-2.241006285771848794e-01,-1.497890891118078271e-01,1.000000000000040856e+00,-3.783185582909021072e-01,5.059548153116840696e-01,-2.956416893196769369e-01,4.740722695201978198e-01,6.935790160708826813e-02,1.727836240637712073e-01,-3.783185582909021072e-01,1.000000000000040856e+00,-6.292801034664908810e-01,5.887039149217924150e-01,-2.956416893196808782e-01,1.873236266672098638e-01,-7.540915133126162295e-02,5.059548153116840696e-01,-6.292801034664908810e-01,1.000000000000040856e+00,-6.292801034664903259e-01,5.059548153116828484e-01,-7.540915133125666858e-02,1.873236266672140549e-01,-2.956416893196769369e-01,5.887039149217924150e-01,-6.292801034664903259e-01,1.000000000000040856e+00,-3.783185582909034395e-01,1.727836240637668774e-01,6.935790160708096841e-02,4.740722695201978198e-01,-2.956416893196808782e-01,5.059548153116828484e-01,-3.783185582909034395e-01,1.000000000000040856e+00,-1.497890891118054402e-01,-2.241006285771848794e-01,6.935790160708826813e-02,1.873236266672098638e-01,-7.540915133125666858e-02,1.727836240637668774e-01,-1.497890891118054402e-01,1.000000000000040856e+00
1.000000000000033973e+00,-4.212982641507798109e-01,2.790535275110831992e-01,-1.032617190405771823e-01,4.864236642680500738e-02,-1.406028628085214671e-01,2.672334326534906435e-01,-4.212982641507798109e-01,1.000000000000033973e+00,-7.564907232929601877e-02,4.116061931536828533e-01,2.610811178040084446e-01,1.723317106665767096e-01,-1.406028628085193577e-01,2.790535275110831992e-01,-7.564907232929601877e-02,1.000000000000033973e+00,1.566985068361493039e-01,3.139754638659545405e-01,2.610811178040147174e-01,4.864236642679997669e-02,-1.032617190405771823e-01,4.116061931536828533e-01,1.566985068361493039e-01,1.000000000000033973e+00,1.566985068361405609e-01,4.116061931536883489e-01,-1.032617190405810126e-01,4.864236642680500738e-02,2.610811178040084446e-01,3.139754638659545405e-01,1.566985068361405609e-01,1.000000000000033973e+00,-7.564907232930428993e-02,2.790535275110919144e-01,-1.406028628085214671e-01,1.723317106665767096e-01,2.610811178040147174e-01,4.116061931536883489e-01,-7.564907232930428993e-02,1.000000000000033973e+00,-4.212982641507794779e-01,2.672334326534906435e-01,-1.406028628085193577e-01,4.864236642679997669e-02,-1.032617190405810126e-01,2.790535275110919144e-01,-4.212982641507794779e-01,1.000000000000033973e+00
1.000000000000029754e+00,1.440954379217124215e-02,1.724682115523800546e-02,1.448706776599183454e-01,-3.367111433593683589e-02,6.987874777200520082e-02,1.093090165375405209e-01,1.440954379217124215e-02,1.000000000000029754e+00,-2.481804226420097070e-01,6.766569015347898564e-01,-8.633739253711499029e-02,7.892375359982071181e-01,6.987874777199976073e-02,1.724682115523800546e-02,-2.481804226420097070e-01,1.000000000000029754e+00,-3.708238557884295239e-01,3.144698804796943192e-01,-8.633739253711322781e-02,-3.367111433593410197e-02,1.448706776599183454e-01,6.766569015347898564e-01,-3.708238557884295239e-01,1.000000000000029754e+00,-3.708238557884319109e-01,6.766569015347917437e-01,1.448706776599149315e-01,-3.367111433593683589e-02,-8.633739253711499029e-02,3.144698804796943192e-01,-3.708238557884319109e-01,1.000000000000029754e+00,-2.481804226420138981e-01,1.724682115523921977e-02,6.987874777200520082e-02,7.892375359982071181e-01,-8.633739253711322781e-02,6.766569015347917437e-01,-2.481804226420138981e-01,1.000000000000029754e+00,1.440954379216807801e-02,1.093090165375405209e-01,6.987874777199976073e-02,-3.367111433593410197e-02,1.448706776599149315e-01,1.724682115523921977e-02,1.440954379216807801e-02,1.000000000000029754e+00
1.000000000000027089e+00,-6.800133027928632057e-01,4.097197171052847642e-01,-2.547624177300304993e-01,2.005553154465180010e-01,-3.738735159356745830e-01,4.991181896172301458e-01,-6.800133027928632057e-01,1.000000000000027089e+00,-2.861256334801964840e-01,3.824961831810598789e-01,-7.060636742969328417e-02,4.443998653362970508e-01,-3.738735159356780247e-01,4.097197171052847642e-01,-2.861256334801964840e-01,1.000000000000027089e+00,-8.477449131821657158e-02,2.509105389199355329e-01,-7.060636742970363700e-02,2.005553154465248844e-01,-2.547624177300304993e-01,3.824961831810598789e-01,-8.477449131821657158e-02,1.000000000000027089e+00,-8.477449131820391504e-02,3.824961831810608781e-01,-2.547624177300265580e-01,2.005553154465180010e-01,-7.060636742969328417e-02,2.509105389199355329e-01,-8.477449131820391504e-02,1.000000000000027089e+00,-2.861256334801834944e-01,4.097197171052744391e-01,-3.738735159356745830e-01,4.443998653362970508e-01,-7.060636742970363700e-02,3.824961831810608781e-01,-2.861256334801834944e-01,1.000000000000027089e+00,-6.800133027928629836e-01,4.991181896172301458e-01,-3.738735159356780247e-01,2.005553154465248844e-01,-2.547624177300265580e-01,4.097197171052744391e-01,-6.800133027928629836e-01,1.000000000000027089e+00
1.000000000000021760e+00,1.717873807171779732e-01,-5.219500487648394416e-02,1.107949843743652046e-01,-1.219786474747277250e-01,3.392132166684758143e-01,2.417771079616886643e-01,1.717873807171779732e-01,1.000000000000021760e+00,-3.317296864551744218e-01,5.465602668502169692e-01,-2.523687995255510241e-01,7.580183596969198856e-01,3.392132166684794226e-01,-5.219500487648394416e-02,-3.317296864551744218e-01,1.000000000000021760e+00,-5.947991459908829048e-01,5.151203889477949938e-01,-2.523687995255589067e-01,-1.219786474747207583e-01,1.107949843743652046e-01,5.465602668502169692e-01,-5.947991459908829048e-01,1.000000000000021760e+00,-5.947991459908790191e-01,5.465602668502194117e-01,1.107949843743644691e-01,-1.219786474747277250e-01,-2.523687995255510241e-01,5.151203889477949938e-01,-5.947991459908790191e-01,1.000000000000021760e+00,-3.317296864551729230e-01,-5.219500487647791426e-02,3.392132166684758143e-01,7.580183596969198856e-01,-2.523687995255589067e-01,5.465602668502194117e-01,-3.317296864551729230e-01,1.000000000000021760e+00,1.717873807171788614e-01,2.417771079616886643e-01,3.392132166684794226e-01,-1.219786474747207583e-01,1.107949843743644691e-01,-5.219500487647791426e-02,1.717873807171788614e-01,1.000000000000021760e+00
1.000000000000027089e+00,-4.210706192373683820e-01,1.835729613827249140e-01,1.591862863839407782e-02,-1.708527704643722223e-01,8.419211431493910103e-02,9.136079568050847755e-03,-4.210706192373683820e-01,1.000000000000027089e+00,-7.072217774501474152e-02,4.969760753000800890e-01,2.979101972966778922e-01,3.018677286192163467e-01,8.419211431493522912e-02,1.835729613827249140e-01,-7.072217774501474152e-02,1.000000000000027089e+00,1.257393000771588609e-01,-1.504063617643532358e-01,2.979101972966923251e-01,-1.708527704643689749e-01,1.591862863839407782e-02,4.969760753000800890e-01,1.257393000771588609e-01,1.000000000000027089e+00,1.257393000771452329e-01,4.969760753000799225e-01,1.591862863839133002e-02,-1.708527704643722223e-01,2.979101972966778922e-01,-1.504063617643532358e-01,1.257393000771452329e-01,1.000000000000027089e+00,-7.072217774502803644e-02,1.835729613827305484e-01,8.419211431493910103e-02,3.018677286192163467e-01,2.979101972966923251e-01,4.969760753000799225e-01,-7.072217774502803644e-02,1.000000000000027089e+00,-4.210706192373676604e-01,9.136079568050847755e-03,8.419211431493522912e-02,-1.708527704643689749e-01,1.591862863839133002e-02,1.835729613827305484e-01,-4.210706192373676604e-01,1.000000000000027089e+00
1.000000000000018652e+00,-3.139203197846973104e-01,2.246746435221722016e-01,-1.023478795814654757e-01,1.598129651097845993e-01,-1.053939258601982731e-01,2.234030058404943286e-01,-3.139203197846973104e-01,1.000000000000018652e+00,-3.121788422331771562e-01,6.820356243190985879e-01,-1.985253199082327724e-01,6.648355343231201475e-01,-1.053939258602040463e-01,2.246746435221722016e-01,-3.121788422331771562e-01,1.000000000000018652e+00,-3.251377981078850121e-01,5.093088020302952712e-01,-1.985253199082239739e-01,1.598129651097845716e-01,-1.023478795814654757e-01,6.820356243190985879e-01,-3.251377981078850121e-01,1.000000000000018652e+00,-3.251377981078884538e-01,6.820356243190924816e-01,-1.023478795814724562e-01,1.598129651097845993e-01,-1.985253199082327724e-01,5.093088020302952712e-01,-3.251377981078884538e-01,1.000000000000018652e+00,-3.121788422331763235e-01,2.246746435221722571e-01,-1.053939258601982731e-01,6.648355343231201475e-01,-1.985253199082239739e-01,6.820356243190924816e-01,-3.121788422331763235e-01,1.000000000000018652e+00,-3.139203197847050264e-01,2.234030058404943286e-01,-1.053939258602040463e-01,1.598129651097845716e-01,-1.023478795814724562e-01,2.246746435221722571e-01,-3.139203197847050264e-01,1.000000000000018652e+00
1.000000000000021316e+00,-3.961136462109196010e-01,4.503950939365641837e-01,-2.923791355111741153e-01,3.792778511650691242e-01,-3.117230423426642361e-01,2.654380210637171111e-01,-3.961136462109196010e-01,1.000000000000021316e+00,-3.309188595310426084e-01,4.902323311051680621e-01,-2.976124276598737795e-01,6.913607562427929176e-01,-3.117230423426751162e-01,4.503950939365641837e-01,-3.309188595310426084e-01,1.000000000000021316e+00,-4.694323182898882951e-01,6.163297324368069985e-01,-2.976124276598772211e-01,3.792778511650737872e-01,-2.923791355111741153e-01,4.902323311051680621e-01,-4.694323182898882951e-01,1.000000000000021316e+00,-4.694323182898785807e-01,4.902323311051671739e-01,-2.923791355111790002e-01,3.792778511650691242e-01,-2.976124276598737795e-01,6.163297324368069985e-01,-4.694323182898785807e-01,1.000000000000021316e+00,-3.309188595310295078e-01,4.503950939365604644e-01,-3.117230423426642361e-01,6.913607562427929176e-01,-2.976124276598772211e-01,4.902323311051671739e-01,-3.309188595310295078e-01,1.000000000000021316e+00,-3.961136462109267065e-01,2.654380210637171111e-01,-3.117230423426751162e-01,3.792778511650737872e-01,-2.923791355111790002e-01,4.503950939365604644e-01,-3.961136462109267065e-01,1.000000000000021316e+00
1.000000000000012212e+00,-4.242202173609348481e-01,1.665312950644075585e-01,-1.750967516605196339e-01,-1.961416950189880937e-01,-1.201495487599247014e-01,4.258645073771921696e-02,-4.242202173609348481e-01,1.000000000000012212e+00,-1.214285715185943471e-01,6.585660168902800482e-01,2.415266040430289474e-01,4.907096482206833032e-01,-1.201495487599227308e-01,1.665312950644075585e-01,-1.214285715185943471e-01,1.000000000000012212e+00,1.713006567255065393e-02,2.992761314754260882e-03,2.415266040430323335e-01,-1.961416950189852904e-01,-1.750967516605196339e-01,6.585660168902800482e-01,1.713006567255065393e-02,1.000000000000012212e+00,1.713006567253839985e-02,6.585660168902889300e-01,-1.750967516605247964e-01,-1.961416950189880937e-01,2.415266040430289474e-01,2.992761314754260882e-03,1.713006567253839985e-02,1.000000000000012212e+00,-1.214285715186067538e-01,1.665312950644212142e-01,-1.201495487599247014e-01,4.907096482206833032e-01,2.415266040430323335e-01,6.585660168902889300e-01,-1.214285715186067538e-01,1.000000000000012212e+00,-4.242202173609299631e-01,4.258645073771921696e-02,-1.201495487599227308e-01,-1.961416950189852904e-01,-1.750967516605247964e-01,1.665312950644212142e-01,-4.242202173609299631e-01,1.000000000000012212e+00
1.000000000000017097e+00,-1.385439131629572773e-01,5.135044253811808790e-02,1.677629460122633254e-01,-2.476527831188345963e-01,1.796636854338781730e-01,8.331994138485468437e-02,-1.385439131629572773e-01,1.000000000000017097e+00,-3.051774476990553597e-01,4.377344178249729101e-01,5.137828395051254049e-02,4.844608121882886254e-01,1.796636854338796163e-01,5.135044253811808790e-02,-3.051774476990553597e-01,1.000000000000017097e+00,-4.357016560977183817e-01,1.756371286070646520e-01,5.137828395051381725e-02,-2.476527831188296003e-01,1.677629460122633254e-01,4.377344178249729101e-01,-4.357016560977183817e-01,1.000000000000017097e+00,-4.357016560977206576e-01,4.377344178249730211e-01,1.677629460122638805e-01,-2.476527831188345963e-01,5.137828395051254049e-02,1.756371286070646520e-01,-4.357016560977206576e-01,1.000000000000017097e+00,-3.051774476990627982e-01,5.135044253812602599e-02,1.796636854338781730e-01,4.844608121882886254e-01,5.137828395051381725e-02,4.377344178249730211e-01,-3.051774476990627982e-01,1.000000000000017097e+00,-1.385439131629572218e-01,8.331994138485468437e-02,1.796636854338796163e-01,-2.476527831188296003e-01,1.677629460122638805e-01,5.135044253812602599e-02,-1.385439131629572218e-01,1.000000000000017097e+00
1.000000000000021316e+00,-5.668388928713077313e-01,3.070610157059860401e-01,-5.084077579507381150e-01,1.772220565728827024e-01,-3.902944729880535313e-01,7.260145689664551094e-01,-5.668388928713077313e-01,1.000000000000021316e+00,-3.156935796590418786e-01,7.379409191315170480e-01,-2.107115629048678385e-01,5.734332909674726420e-01,-3.902944729880528651e-01,3.070610157059860401e-01,-3.156935796590418786e-01,1.000000000000021316e+00,-2.867246224411316158e-01,3.943222166673654439e-02,-2.107115629048768868e-01,1.772220565728852282e-01,-5.084077579507381150e-01,7.379409191315170480e-01,-2.867246224411316158e-01,1.000000000000021316e+00,-2.867246224411247324e-01,7.379409191315183802e-01,-5.084077579507408906e-01,1.772220565728827024e-01,-2.107115629048678385e-01,3.943222166673654439e-02,-2.867246224411247324e-01,1.000000000000021316e+00,-3.156935796590314425e-01,3.070610157059784906e-01,-3.902944729880535313e-01,5.734332909674726420e-01,-2.107115629048768868e-01,7.379409191315183802e-01,-3.156935796590314425e-01,1.000000000000021316e+00,-5.668388928713093966e-01,7.260145689664551094e-01,-3.902944729880528651e-01,1.772220565728852282e-01,-5.084077579507408906e-01,3.070610157059784906e-01,-5.668388928713093966e-01,1.000000000000021316e+00
1.000000000000016875e+00,-3.796917940663760982e-01,1.369814150379428108e-01,-2.104401393684046662e-01,4.013918186946813238e-02,-1.119490932756874169e-01,-1.248916942405814134e-01,-3.796917940663760982e-01,1.000000000000016875e+00,-4.204384440238780885e-01,5.959359678926505755e-01,-2.690521221574928012e-01,6.464747605201696112e-01,-1.119490932756971313e-01,1.369814150379428108e-01,-4.204384440238780885e-01,1.000000000000016875e+00,-5.362483320173003776e-01,5.684090092988736131e-01,-2.690521221574915245e-01,4.013918186947883215e-02,-2.104401393684046662e-01,5.959359678926505755e-01,-5.362483320173003776e-01,1.000000000000016875e+00,-5.362483320173071499e-01,5.959359678926543502e-01,-2.104401393684210975e-01,4.013918186946813238e-02,-2.690521221574928012e-01,5.684090092988736131e-01,-5.362483320173071499e-01,1.000000000000016875e+00,-4.204384440238826404e-01,1.369814150379549400e-01,-1.119490932756874169e-01,6.464747605201696112e-01,-2.690521221574915245e-01,5.959359678926543502e-01,-4.204384440238826404e-01,1.000000000000016875e+00,-3.796917940663797619e-01,-1.248916942405814134e-01,-1.119490932756971313e-01,4.013918186947883215e-02,-2.104401393684210975e-01,1.369814150379549400e-01,-3.796917940663797619e-01,1.000000000000016875e+00
