1.000000000000000000e+00,1.000000000000000000e+00,1.000000000000000000e+00,1.000000000000000000e+00,1.000000000000000000e+00,1.000000000000000000e+00,1.000000000000000000e+00,1.000000000000000000e+00,1.000000000000000000e+00,1.000000000000000000e+00,1.000000000000000000e+00,1.000000000000000000e+00,1.000000000000000000e+00,1.000000000000000000e+00,1.000000000000000000e+00,1.000000000000000000e+00,1.000000000000000000e+00,1.000000000000000000e+00,1.000000000000000000e+00,1.000000000000000000e+00,1.000000000000000000e+00,1.000000000000000000e+00,1.000000000000000000e+00,1.000000000000000000e+00,1.000000000000000000e+00,1.000000000000000000e+00,1.000000000000000000e+00,1.000000000000000000e+00,1.000000000000000000e+00,1.000000000000000000e+00,1.000000000000000000e+00,1.000000000000000000e+00,1.000000000000000000e+00,1.000000000000000000e+00,1.000000000000000000e+00,1.000000000000000000e+00,1.000000000000000000e+00,1.000000000000000000e+00,1.000000000000000000e+00,1.000000000000000000e+00,1.000000000000000000e+00,1.000000000000000000e+00,1.000000000000000000e+00,1.000000000000000000e+00,1.000000000000000000e+00,1.000000000000000000e+00,1.000000000000000000e+00,1.000000000000000000e+00,1.000000000000000000e+00,1.000000000000000000e+00,1.000000000000000000e+00,1.000000000000000000e+00,1.000000000000000000e+00,1.000000000000000000e+00,1.000000000000000000e+00,1.000000000000000000e+00,1.000000000000000000e+00,1.000000000000000000e+00,1.000000000000000000e+00,1.000000000000000000e+00,1.000000000000000000e+00,1.000000000000000000e+00,1.000000000000000000e+00,1.000000000000000000e+00,1.000000000000000000e+00,1.000000000000000000e+00,1.000000000000000000e+00,1.000000000000000000e+00,1.000000000000000000e+00,1.000000000000000000e+00,1.000000000000000000e+00,1.000000000000000000e+00,1.000000000000000000e+00,1.000000000000000000e+00,1.000000000000000000e+00,1.000000000000000000e+00,1.000000000000000000e+00,1.000000000000000000e+00,1.000000000000000000e+00,1.000000000000000000e+00,1.000000000000000000e+00,1.000000000000000000e+00,1.000000000000000000e+00,1.000000000000000000e+00,1.000000000000000000e+00,1.000000000000000000e+00,1.000000000000000000e+00,1.000000000000000000e+00,1.000000000000000000e+00,1.000000000000000000e+00,1.000000000000000000e+00,1.000000000000000000e+00,1.000000000000000000e+00,1.000000000000000000e+00,1.000000000000000000e+00,1.000000000000000000e+00,1.000000000000000000e+00,1.000000000000000000e+00,1.000000000000000000e+00,1.000000000000000000e+00,1.000000000000000000e+00,1.000000000000000000e+00,1.000000000000000000e+00,1.000000000000000000e+00,1.000000000000000000e+00,1.000000000000000000e+00,1.000000000000000000e+00,1.000000000000000000e+00,1.000000000000000000e+00,1.000000000000000000e+00,1.000000000000000000e+00,1.000000000000000000e+00,1.000000000000000000e+00,1.000000000000000000e+00,1.000000000000000000e+00,1.000000000000000000e+00,1.000000000000000000e+00,1.000000000000000000e+00,1.000000000000000000e+00,1.000000000000000000e+00,1.000000000000000000e+00,1.000000000000000000e+00,1.000000000000000000e+00,1.000000000000000000e+00,1.000000000000000000e+00,1.000000000000000000e+00,1.000000000000000000e+00,1.000000000000000000e+00,1.000000000000000000e+00,1.000000000000000000e+00,1.000000000000000000e+00,1.000000000000000000e+00,1.000000000000000000e+00,1.000000000000000000e+00,1.000000000000000000e+00,1.000000000000000000e+00,1.000000000000000000e+00,1.000000000000000000e+00,1.000000000000000000e+00,1.000000000000000000e+00,1.000000000000000000e+00,1.000000000000000000e+00,1.000000000000000000e+00,1.000000000000000000e+00,1.000000000000000000e+00,1.000000000000000000e+00,1.000000000000000000e+00,1.000000000000000000e+00,1.000000000000000000e+00,1.000000000000000000e+00,1.000000000000000000e+00,1.000000000000000000e+00,1.000000000000000000e+00,1.000000000000000000e+00,1.000000000000000000e+00,1.000000000000000000e+00,1.000000000000000000e+00,1.000000000000000000e+00,1.000000000000000000e+00,1.000000000000000000e+00,1.000000000000000000e+00,1.000000000000000000e+00,1.000000000000000000e+00,1.000000000000000000e+00,1.000000000000000000e+00,1.000000000000000000e+00,1.000000000000000000e+00,1.000000000000000000e+00,1.000000000000000000e+00,1.000000000000000000e+00,1.000000000000000000e+00,1.000000000000000000e+00,1.000000000000000000e+00,1.000000000000000000e+00,1.000000000000000000e+00,1.000000000000000000e+00,1.000000000000000000e+00,1.000000000000000000e+00,1.000000000000000000e+00,1.000000000000000000e+00,1.000000000000000000e+00,1.000000000000000000e+00,1.000000000000000000e+00,1.000000000000000000e+00,1.000000000000000000e+00,1.000000000000000000e+00,1.000000000000000000e+00,1.000000000000000000e+00,1.000000000000000000e+00,1.000000000000000000e+00,1.000000000000000000e+00,1.000000000000000000e+00,1.000000000000000000e+00,1.000000000000000000e+00,1.000000000000000000e+00,1.000000000000000000e+00,1.000000000000000000e+00,1.000000000000000000e+00,1.000000000000000000e+00,1.000000000000000000e+00,1.000000000000000000e+00,1.000000000000000000e+00,1.000000000000000000e+00,1.000000000000000000e+00,1.000000000000000000e+00,1.000000000000000000e+00,1.000000000000000000e+00,1.000000000000000000e+00,1.000000000000000000e+00,1.000000000000000000e+00,1.000000000000000000e+00,1.000000000000000000e+00,1.000000000000000000e+00,1.000000000000000000e+00,1.000000000000000000e+00,1.000000000000000000e+00,1.000000000000000000e+00,1.000000000000000000e+00,1.000000000000000000e+00,1.000000000000000000e+00,1.000000000000000000e+00,1.000000000000000000e+00,1.000000000000000000e+00,1.000000000000000000e+00,1.000000000000000000e+00,1.000000000000000000e+00,1.000000000000000000e+00,1.000000000000000000e+00,1.000000000000000000e+00,1.000000000000000000e+00,1.000000000000000000e+00,1.000000000000000000e+00,1.000000000000000000e+00,1.000000000000000000e+00,1.000000000000000000e+00,1.000000000000000000e+00,1.000000000000000000e+00,1.000000000000000000e+00,1.000000000000000000e+00,1.000000000000000000e+00,1.000000000000000000e+00,1.000000000000000000e+00,1.000000000000000000e+00,1.000000000000000000e+00,1.000000000000000000e+00,1.000000000000000000e+00,1.000000000000000000e+00,1.000000000000000000e+00,1.000000000000000000e+00,1.000000000000000000e+00,1.000000000000000000e+00,1.000000000000000000e+00,1.000000000000000000e+00,1.000000000000000000e+00,1.000000000000000000e+00,1.000000000000000000e+00,1.000000000000000000e+00,1.000000000000000000e+00,1.000000000000000000e+00,1.000000000000000000e+00,1.000000000000000000e+00,1.000000000000000000e+00,1.000000000000000000e+00,1.000000000000000000e+00,1.000000000000000000e+00,1.000000000000000000e+00,1.000000000000000000e+00,1.000000000000000000e+00,1.000000000000000000e+00,1.000000000000000000e+00,1.000000000000000000e+00,1.000000000000000000e+00,1.000000000000000000e+00,1.000000000000000000e+00,1.000000000000000000e+00,1.000000000000000000e+00,1.000000000000000000e+00,1.000000000000000000e+00,1.000000000000000000e+00,1.000000000000000000e+00,1.000000000000000000e+00,1.000000000000000000e+00,1.000000000000000000e+00,1.000000000000000000e+00,1.000000000000000000e+00,1.000000000000000000e+00,1.000000000000000000e+00,1.000000000000000000e+00,1.000000000000000000e+00,1.000000000000000000e+00,1.000000000000000000e+00,1.000000000000000000e+00,1.000000000000000000e+00,1.000000000000000000e+00,1.000000000000000000e+00,1.000000000000000000e+00,1.000000000000000000e+00,1.000000000000000000e+00,1.000000000000000000e+00,1.000000000000000000e+00,1.000000000000000000e+00,1.000000000000000000e+00,1.000000000000000000e+00,1.000000000000000000e+00,1.000000000000000000e+00,1.000000000000000000e+00,1.000000000000000000e+00,1.000000000000000000e+00,1.000000000000000000e+00,1.000000000000000000e+00,1.000000000000000000e+00,1.000000000000000000e+00,1.000000000000000000e+00,1.000000000000000000e+00,1.000000000000000000e+00,1.000000000000000000e+00,1.000000000000000000e+00,1.000000000000000000e+00,1.000000000000000000e+00,1.000000000000000000e+00,1.000000000000000000e+00,1.000000000000000000e+00,1.000000000000000000e+00,1.000000000000000000e+00,1.000000000000000000e+00,1.000000000000000000e+00,1.000000000000000000e+00,1.000000000000000000e+00,1.000000000000000000e+00,1.000000000000000000e+00,1.000000000000000000e+00,1.000000000000000000e+00,1.000000000000000000e+00,1.000000000000000000e+00,1.000000000000000000e+00,1.000000000000000000e+00,1.000000000000000000e+00,1.000000000000000000e+00,1.000000000000000000e+00,1.000000000000000000e+00,1.000000000000000000e+00,1.000000000000000000e+00,1.000000000000000000e+00,1.000000000000000000e+00,1.000000000000000000e+00,1.000000000000000000e+00,1.000000000000000000e+00,1.000000000000000000e+00,1.000000000000000000e+00,1.000000000000000000e+00,1.000000000000000000e+00,1.000000000000000000e+00,1.000000000000000000e+00,1.000000000000000000e+00,1.000000000000000000e+00,1.000000000000000000e+00,1.000000000000000000e+00,1.000000000000000000e+00,1.000000000000000000e+00,1.000000000000000000e+00,1.000000000000000000e+00,1.000000000000000000e+00,1.000000000000000000e+00,1.000000000000000000e+00,1.000000000000000000e+00,1.000000000000000000e+00,1.000000000000000000e+00,1.000000000000000000e+00,1.000000000000000000e+00,1.000000000000000000e+00,1.000000000000000000e+00,1.000000000000000000e+00,1.000000000000000000e+00,1.000000000000000000e+00,1.000000000000000000e+00,1.000000000000000000e+00,1.000000000000000000e+00,1.000000000000000000e+00,1.000000000000000000e+00,1.000000000000000000e+00,1.000000000000000000e+00,1.000000000000000000e+00,1.000000000000000000e+00,1.000000000000000000e+00,1.000000000000000000e+00,1.000000000000000000e+00,1.000000000000000000e+00,1.000000000000000000e+00,1.000000000000000000e+00,1.000000000000000000e+00,1.000000000000000000e+00,1.000000000000000000e+00,1.000000000000000000e+00,1.000000000000000000e+00,1.000000000000000000e+00,1.000000000000000000e+00,1.000000000000000000e+00,1.000000000000000000e+00,1.000000000000000000e+00,1.000000000000000000e+00,1.000000000000000000e+00,1.000000000000000000e+00,1.000000000000000000e+00,1.000000000000000000e+00,1.000000000000000000e+00,1.000000000000000000e+00,1.000000000000000000e+00,1.000000000000000000e+00,1.000000000000000000e+00,1.000000000000000000e+00,1.000000000000000000e+00,1.000000000000000000e+00,1.000000000000000000e+00,1.000000000000000000e+00,1.000000000000000000e+00,1.000000000000000000e+00,1.000000000000000000e+00,1.000000000000000000e+00,1.000000000000000000e+00,1.000000000000000000e+00,1.000000000000000000e+00,1.000000000000000000e+00,1.000000000000000000e+00,1.000000000000000000e+00,1.000000000000000000e+00,1.000000000000000000e+00,1.000000000000000000e+00,1.000000000000000000e+00,1.000000000000000000e+00,1.000000000000000000e+00,1.000000000000000000e+00,1.000000000000000000e+00,1.000000000000000000e+00,1.000000000000000000e+00,1.000000000000000000e+00,1.000000000000000000e+00,1.000000000000000000e+00,1.000000000000000000e+00,1.000000000000000000e+00,1.000000000000000000e+00,1.000000000000000000e+00
9.999999999999918954e-01,6.798826903376078423e-01,7.039502734930814798e-01,7.036668033158870461e-01,7.037016990637621205e-01,7.037094405914032791e-01,7.037116481268663737e-01,7.037124005572004126e-01,7.037126938991973280e-01,7.037128194388900804e-01,7.037128745548291153e-01,7.037128941419678041e-01,7.037128883578830374e-01,7.037128514775783383e-01,7.037127538433411988e-01,7.037124999701509509e-01,7.037117527008567297e-01,7.037090356405953928e-01,7.036955528375012925e-01,7.035869406175843110e-01,6.981122605951249893e-01,6.798826903376078423e-01,9.999999999999918954e-01,6.864616487107674248e-01,7.094637783073611814e-01,7.091899446812287566e-01,7.092214823024096670e-01,7.092284388917807769e-01,7.092304053760871696e-01,7.092310698012911363e-01,7.092313257571396523e-01,7.092314321623115481e-01,7.092314738124047002e-01,7.092314781666011481e-01,7.092314460410813481e-01,7.092313502776407264e-01,7.092310958566024892e-01,7.092303435491171815e-01,7.092276056661384054e-01,7.092140174240826322e-01,7.091045536385254255e-01,7.035869406175844221e-01,7.039502734930814798e-01,6.864616487107674248e-01,9.999999999999918954e-01,6.866079575868999640e-01,7.095752319761470250e-01,7.093001861336341030e-01,7.093312222965983960e-01,7.093380247777167913e-01,7.093399337476430366e-01,7.093405729521919945e-01,7.093408151715274723e-01,7.093409107412685932e-01,7.093409385775867326e-01,7.093409174872191691e-01,7.093408272427448313e-01,7.093405757107471565e-01,7.093398249104302389e-01,7.093370875416141752e-01,7.093234977618865233e-01,7.092140174240813000e-01,7.036955528374999602e-01,7.036668033158870461e-01,7.094637783073611814e-01,6.866079575868999640e-01,9.999999999999918954e-01,6.866272201675044373e-01,7.095894914927926012e-01,7.093140385162154393e-01,7.093449170891522604e-01,7.093516612814999567e-01,7.093535447521155390e-01,7.093541701058295734e-01,7.093544014383770246e-01,7.093544831701097397e-01,7.093544855510551805e-01,7.093544063395211818e-01,7.093541603332715884e-01,7.093534124449495382e-01,7.093506766457609025e-01,7.093370875416140642e-01,7.092276056661371841e-01,7.037090356405941716e-01,7.037016990637621205e-01,7.091899446812287566e-01,7.095752319761470250e-01,6.866272201675044373e-01,9.999999999999918954e-01,6.866313343608824171e-01,7.095924714730638128e-01,7.093168817545046911e-01,7.093477018277254409e-01,7.093544205300321703e-01,7.093562901558903011e-01,7.093569046259885491e-01,7.093571221222771950e-01,7.093571783997676405e-01,7.093571226605350777e-01,7.093568876885081309e-01,7.093561453281586049e-01,7.093534124449492051e-01,7.093398249104300168e-01,7.092303435491157382e-01,7.037117527008552864e-01,7.037094405914032791e-01,7.092214823024096670e-01,7.093001861336341030e-01,7.095894914927926012e-01,6.866313343608824171e-01,9.999999999999918954e-01,6.866325267039821156e-01,7.095933238365064177e-01,7.093176815677217917e-01,7.093484760797523769e-01,7.093551809369761374e-01,7.093570396798377642e-01,7.093576403141026443e-01,7.093578323564176946e-01,7.093578305139293105e-01,7.093576190144017524e-01,7.093568876885079089e-01,7.093541603332712553e-01,7.093405757107470455e-01,7.092310958566010459e-01,7.037124999701493966e-01,7.037116481268663737e-01,7.092284388917807769e-01,7.093312222965983960e-01,7.093140385162154393e-01,7.095924714730638128e-01,6.866325267039821156e-01,9.999999999999918954e-01,6.866329517688631867e-01,7.095936252101315844e-01,7.093179594938596733e-01,7.093487401334110931e-01,7.093554341069140401e-01,7.093572790139416329e-01,7.093578541942920923e-01,7.093579881166778289e-01,7.093578305139295326e-01,7.093571226605351887e-01,7.093544063395209598e-01,7.093408272427449424e-01,7.092313502776395051e-01,7.037127538433399776e-01,7.037124005572004126e-01,7.092304053760871696e-01,7.093380247777167913e-01,7.093449170891522604e-01,7.093168817545046911e-01,7.095933238365064177e-01,6.866329517688631867e-01,9.999999999999918954e-01,6.866331252832986731e-01,7.095937465318764570e-01,7.093180677989715521e-01,7.093488375435103022e-01,7.093555176807874174e-01,7.093573371338648403e-01,7.093578541942920923e-01,7.093578323564180277e-01,7.093571783997676405e-01,7.093544855510547364e-01,7.093409174872191691e-01,7.092314460410800159e-01,7.037128514775771171e-01,7.037126938991973280e-01,7.092310698012911363e-01,7.093399337476430366e-01,7.093516612814999567e-01,7.093477018277254409e-01,7.093176815677217917e-01,7.095936252101315844e-01,6.866331252832986731e-01,9.999999999999918954e-01,6.866332005277527850e-01,7.095937963682223959e-01,7.093181070934818644e-01,7.093488629975772675e-01,7.093555176807870843e-01,7.093572790139412998e-01,7.093576403141025333e-01,7.093571221222769729e-01,7.093544831701090736e-01,7.093409385775862885e-01,7.092314781665995937e-01,7.037128883578813721e-01,7.037128194388900804e-01,7.092313257571396523e-01,7.093405729521919945e-01,7.093535447521155390e-01,7.093544205300321703e-01,7.093484760797523769e-01,7.093179594938596733e-01,7.095937465318764570e-01,6.866332005277527850e-01,9.999999999999918954e-01,6.866332295818855513e-01,7.095938101110328411e-01,7.093181070934824195e-01,7.093488375435104132e-01,7.093554341069141511e-01,7.093570396798380973e-01,7.093569046259886601e-01,7.093544014383769136e-01,7.093409107412685932e-01,7.092314738124034790e-01,7.037128941419665829e-01,7.037128745548291153e-01,7.092314321623115481e-01,7.093408151715274723e-01,7.093541701058295734e-01,7.093562901558903011e-01,7.093551809369761374e-01,7.093487401334110931e-01,7.093180677989715521e-01,7.095937963682223959e-01,6.866332295818855513e-01,9.999999999999918954e-01,6.866332295818863285e-01,7.095937963682236171e-01,7.093180677989723293e-01,7.093487401334120923e-01,7.093551809369772476e-01,7.093562901558910783e-01,7.093541701058301285e-01,7.093408151715283605e-01,7.092314321623111040e-01,7.037128745548286712e-01,7.037128941419678041e-01,7.092314738124047002e-01,7.093409107412685932e-01,7.093544014383770246e-01,7.093569046259885491e-01,7.093570396798377642e-01,7.093554341069140401e-01,7.093488375435103022e-01,7.093181070934818644e-01,7.095938101110328411e-01,6.866332295818863285e-01,9.999999999999918954e-01,6.866332005277550055e-01,7.095937465318780113e-01,7.093179594938613386e-01,7.093484760797542643e-01,7.093544205300339467e-01,7.093535447521167603e-01,7.093405729521938818e-01,7.092313257571400964e-01,7.037128194388906355e-01,7.037128883578830374e-01,7.092314781666011481e-01,7.093409385775867326e-01,7.093544831701097397e-01,7.093571221222771950e-01,7.093576403141026443e-01,7.093572790139416329e-01,7.093555176807874174e-01,7.093488629975772675e-01,7.093181070934824195e-01,7.095937963682236171e-01,6.866332005277550055e-01,9.999999999999918954e-01,6.866331252833008936e-01,7.095936252101334718e-01,7.093176815677242342e-01,7.093477018277276613e-01,7.093516612815016220e-01,7.093399337476451461e-01,7.092310698012919135e-01,7.037126938991981051e-01,7.037128514775783383e-01,7.092314460410813481e-01,7.093409174872191691e-01,7.093544855510551805e-01,7.093571783997676405e-01,7.093578323564176946e-01,7.093578541942920923e-01,7.093573371338648403e-01,7.093555176807870843e-01,7.093488375435104132e-01,7.093180677989723293e-01,7.095937465318780113e-01,6.866331252833008936e-01,9.999999999999918954e-01,6.866329517688649631e-01,7.095933238365083051e-01,7.093168817545065785e-01,7.093449170891537037e-01,7.093380247777183456e-01,7.092304053760873916e-01,7.037124005572007457e-01,7.037127538433411988e-01,7.092313502776407264e-01,7.093408272427448313e-01,7.093544063395211818e-01,7.093571226605350777e-01,7.093578305139293105e-01,7.093579881166778289e-01,7.093578541942920923e-01,7.093572790139412998e-01,7.093554341069141511e-01,7.093487401334120923e-01,7.093179594938613386e-01,7.095936252101334718e-01,6.866329517688649631e-01,9.999999999999918954e-01,6.866325267039844471e-01,7.095924714730657001e-01,7.093140385162169936e-01,7.093312222966000613e-01,7.092284388917811100e-01,7.037116481268667068e-01,7.037124999701509509e-01,7.092310958566024892e-01,7.093405757107471565e-01,7.093541603332715884e-01,7.093568876885081309e-01,7.093576190144017524e-01,7.093578305139295326e-01,7.093578323564180277e-01,7.093576403141025333e-01,7.093570396798380973e-01,7.093551809369772476e-01,7.093484760797542643e-01,7.093176815677242342e-01,7.095933238365083051e-01,6.866325267039844471e-01,9.999999999999918954e-01,6.866313343608846376e-01,7.095894914927942665e-01,7.093001861336361014e-01,7.092214823024103332e-01,7.037094405914041673e-01,7.037117527008567297e-01,7.092303435491171815e-01,7.093398249104302389e-01,7.093534124449495382e-01,7.093561453281586049e-01,7.093568876885079089e-01,7.093571226605351887e-01,7.093571783997676405e-01,7.093571221222769729e-01,7.093569046259886601e-01,7.093562901558910783e-01,7.093544205300339467e-01,7.093477018277276613e-01,7.093168817545065785e-01,7.095924714730657001e-01,6.866313343608846376e-01,9.999999999999918954e-01,6.866272201675064357e-01,7.095752319761490234e-01,7.091899446812293117e-01,7.037016990637626757e-01,7.037090356405953928e-01,7.092276056661384054e-01,7.093370875416141752e-01,7.093506766457609025e-01,7.093534124449492051e-01,7.093541603332712553e-01,7.093544063395209598e-01,7.093544855510547364e-01,7.093544831701090736e-01,7.093544014383769136e-01,7.093541701058301285e-01,7.093535447521167603e-01,7.093516612815016220e-01,7.093449170891537037e-01,7.093140385162169936e-01,7.095894914927942665e-01,6.866272201675064357e-01,9.999999999999918954e-01,6.866079575869015184e-01,7.094637783073614035e-01,7.036668033158874902e-01,7.036955528375012925e-01,7.092140174240826322e-01,7.093234977618865233e-01,7.093370875416140642e-01,7.093398249104300168e-01,7.093405757107470455e-01,7.093408272427449424e-01,7.093409174872191691e-01,7.093409385775862885e-01,7.093409107412685932e-01,7.093408151715283605e-01,7.093405729521938818e-01,7.093399337476451461e-01,7.093380247777183456e-01,7.093312222966000613e-01,7.093001861336361014e-01,7.095752319761490234e-01,6.866079575869015184e-01,9.999999999999918954e-01,6.864616487107676468e-01,7.039502734930821459e-01,7.035869406175843110e-01,7.091045536385254255e-01,7.092140174240813000e-01,7.092276056661371841e-01,7.092303435491157382e-01,7.092310958566010459e-01,7.092313502776395051e-01,7.092314460410800159e-01,7.092314781665995937e-01,7.092314738124034790e-01,7.092314321623111040e-01,7.092313257571400964e-01,7.092310698012919135e-01,7.092304053760873916e-01,7.092284388917811100e-01,7.092214823024103332e-01,7.091899446812293117e-01,7.094637783073614035e-01,6.864616487107676468e-01,9.999999999999918954e-01,6.798826903376065101e-01,6.981122605951249893e-01,7.035869406175844221e-01,7.036955528374999602e-01,7.037090356405941716e-01,7.037117527008552864e-01,7.037124999701493966e-01,7.037127538433399776e-01,7.037128514775771171e-01,7.037128883578813721e-01,7.037128941419665829e-01,7.037128745548286712e-01,7.037128194388906355e-01,7.037126938991981051e-01,7.037124005572007457e-01,7.037116481268667068e-01,7.037094405914041673e-01,7.037016990637626757e-01,7.036668033158874902e-01,7.039502734930821459e-01,6.798826903376065101e-01,9.999999999999918954e-01
9.999999999999948930e-01,7.014542220273564110e-01,7.239317309751692742e-01,7.215066838941212035e-01,7.216851321630888272e-01,7.216990466881012534e-01,7.217028945421966046e-01,7.217043638274682760e-01,7.217049920955077580e-01,7.217052725480334052e-01,7.217053819241654455e-01,7.217053796947064948e-01,7.217052629292759480e-01,7.217049623261535540e-01,7.217042730647342808e-01,7.217026140878249896e-01,7.216981778634590228e-01,7.216845747434514902e-01,7.216409753038268704e-01,7.215361333764672702e-01,6.917706649826665943e-01,7.014542220273564110e-01,9.999999999999948930e-01,7.370076878302386225e-01,7.546462116331638104e-01,7.526131091351434543e-01,7.527460578889032528e-01,7.527551760158339711e-01,7.527574782692604272e-01,7.527583529106852689e-01,7.527587189871118856e-01,7.527588606678647931e-01,7.527588694187056229e-01,7.527587522641487894e-01,7.527584407049090487e-01,7.527577226244774877e-01,7.527559926029161463e-01,7.527513656130840891e-01,7.527371771985680304e-01,7.526917017448475633e-01,7.525823486544768182e-01,7.215361333764682694e-01,7.239317309751692742e-01,7.370076878302386225e-01,9.999999999999948930e-01,7.371922246152169400e-01,7.547683140150988068e-01,7.527263426698498350e-01,7.528571383083683122e-01,7.528652669614973592e-01,7.528671761110969918e-01,7.528678714857888199e-01,7.528681370810801354e-01,7.528681983230407493e-01,7.528681053301146120e-01,7.528678056278070851e-01,7.528670936354362464e-01,7.528653667404199279e-01,7.528607409982486232e-01,7.528465516534458279e-01,7.528010702790474129e-01,7.526917017448454539e-01,7.216409753038258712e-01,7.215066838941212035e-01,7.546462116331638104e-01,7.371922246152169400e-01,9.999999999999948930e-01,7.372604668898797842e-01,7.548176540246602784e-01,7.527736034633623063e-01,7.529033588493598828e-01,7.529110824546602077e-01,7.529128073683449829e-01,7.529133999737187555e-01,7.529135839838784205e-01,7.529135428716383638e-01,7.529132669905826969e-01,7.529125666583423859e-01,7.529108457302321478e-01,7.529062230103209519e-01,7.528920346788431361e-01,7.528465516534448287e-01,7.527371771985650328e-01,7.216845747434497138e-01,7.216851321630888272e-01,7.526131091351434543e-01,7.547683140150988068e-01,7.372604668898797842e-01,9.999999999999948930e-01,7.372819688910303704e-01,7.548333198212052730e-01,7.527885383698854627e-01,7.529178793852893126e-01,7.529254194005048362e-01,7.529270418370392903e-01,7.529275529957786262e-01,7.529276347221384169e-01,7.529274107613483924e-01,7.529267342767920201e-01,7.529250250317306437e-01,7.529204083032078332e-01,7.529062230103180653e-01,7.528607409982446264e-01,7.527513656130782049e-01,7.216981778634542488e-01,7.216990466881012534e-01,7.527460578889032528e-01,7.527263426698498350e-01,7.548176540246602784e-01,7.372819688910303704e-01,9.999999999999948930e-01,7.372892396429751027e-01,7.548385863623436887e-01,7.527935005110731881e-01,7.529226537249783524e-01,7.529300912618270836e-01,7.529316322613116563e-01,7.529320411433293447e-01,7.529319400259485429e-01,7.529313154655873364e-01,7.529296300724339641e-01,7.529250250317318649e-01,7.529108457302303714e-01,7.528653667404174854e-01,7.527559926029115944e-01,7.217026140878213258e-01,7.217028945421966046e-01,7.527551760158339711e-01,7.528571383083683122e-01,7.527736034633623063e-01,7.548333198212052730e-01,7.372892396429751027e-01,9.999999999999948930e-01,7.372920506441484889e-01,7.548406116397722299e-01,7.527953807992864288e-01,7.529244297977637501e-01,7.529317858870507862e-01,7.529332246098275894e-01,7.529334506494176349e-01,7.529329489336553660e-01,7.529313154655900009e-01,7.529267342767957949e-01,7.529125666583432741e-01,7.528670936354360244e-01,7.527577226244753783e-01,7.217042730647333926e-01,7.217043638274682760e-01,7.527574782692604272e-01,7.528652669614973592e-01,7.529033588493598828e-01,7.527885383698854627e-01,7.548385863623436887e-01,7.372920506441484889e-01,9.999999999999948930e-01,7.372932520022741354e-01,7.548414655927283556e-01,7.527961487157290854e-01,7.529251155222944636e-01,7.529323693284271091e-01,7.529336252080425229e-01,7.529334506494161916e-01,7.529319400259497641e-01,7.529274107613508349e-01,7.529132669905821418e-01,7.528678056278057529e-01,7.527584407049053850e-01,7.217049623261513336e-01,7.217049920955077580e-01,7.527583529106852689e-01,7.528671761110969918e-01,7.529110824546602077e-01,7.529178793852893126e-01,7.527935005110731881e-01,7.548406116397722299e-01,7.372932520022741354e-01,9.999999999999948930e-01,7.372937871554998690e-01,7.548418255004976096e-01,7.527964341279030913e-01,7.529252983674650235e-01,7.529323693284257768e-01,7.529332246098248138e-01,7.529320411433290117e-01,7.529276347221396382e-01,7.529135428716364764e-01,7.528681053301118364e-01,7.527587522641439044e-01,7.217052629292720622e-01,7.217052725480334052e-01,7.527587189871118856e-01,7.528678714857888199e-01,7.529128073683449829e-01,7.529254194005048362e-01,7.529226537249783524e-01,7.527953807992864288e-01,7.548414655927283556e-01,7.372937871554998690e-01,9.999999999999948930e-01,7.372939968005349787e-01,7.548419259152417959e-01,7.527964341279038685e-01,7.529251155222941305e-01,7.529317858870490099e-01,7.529316322613121004e-01,7.529275529957804025e-01,7.529135839838774213e-01,7.528681983230385288e-01,7.527588694187014040e-01,7.217053796947036082e-01,7.217053819241654455e-01,7.527588606678647931e-01,7.528681370810801354e-01,7.529133999737187555e-01,7.529270418370392903e-01,7.529300912618270836e-01,7.529244297977637501e-01,7.527961487157290854e-01,7.548418255004976096e-01,7.372939968005349787e-01,9.999999999999948930e-01,7.372939968005376432e-01,7.548418255005006072e-01,7.527961487157310838e-01,7.529244297977641942e-01,7.529300912618299702e-01,7.529270418370433982e-01,7.529133999737199767e-01,7.528681370810804685e-01,7.527588606678629057e-01,7.217053819241647794e-01,7.217053796947064948e-01,7.527588694187056229e-01,7.528681983230407493e-01,7.529135839838784205e-01,7.529275529957786262e-01,7.529316322613116563e-01,7.529317858870507862e-01,7.529251155222944636e-01,7.527964341279030913e-01,7.548419259152417959e-01,7.372939968005376432e-01,9.999999999999948930e-01,7.372937871555058642e-01,7.548414655927320194e-01,7.527953807992888713e-01,7.529226537249834594e-01,7.529254194005112755e-01,7.529128073683483136e-01,7.528678714857911514e-01,7.527587189871123297e-01,7.217052725480347375e-01,7.217052629292759480e-01,7.527587522641487894e-01,7.528681053301146120e-01,7.529135428716383638e-01,7.529276347221384169e-01,7.529320411433293447e-01,7.529332246098275894e-01,7.529323693284271091e-01,7.529252983674650235e-01,7.527964341279038685e-01,7.548418255005006072e-01,7.372937871555058642e-01,9.999999999999948930e-01,7.372932520022795755e-01,7.548406116397750054e-01,7.527935005110787392e-01,7.529178793852964180e-01,7.529110824546642045e-01,7.528671761110998784e-01,7.527583529106860460e-01,7.217049920955100895e-01,7.217049623261535540e-01,7.527584407049090487e-01,7.528678056278070851e-01,7.529132669905826969e-01,7.529274107613483924e-01,7.529319400259485429e-01,7.529334506494176349e-01,7.529336252080425229e-01,7.529323693284257768e-01,7.529251155222941305e-01,7.527961487157310838e-01,7.548414655927320194e-01,7.372932520022795755e-01,9.999999999999948930e-01,7.372920506441507094e-01,7.548385863623477965e-01,7.527885383698913468e-01,7.529033588493627693e-01,7.528652669614991355e-01,7.527574782692599831e-01,7.217043638274691641e-01,7.217042730647342808e-01,7.527577226244774877e-01,7.528670936354362464e-01,7.529125666583423859e-01,7.529267342767920201e-01,7.529313154655873364e-01,7.529329489336553660e-01,7.529334506494161916e-01,7.529332246098248138e-01,7.529317858870490099e-01,7.529244297977641942e-01,7.527953807992888713e-01,7.548406116397750054e-01,7.372920506441507094e-01,9.999999999999948930e-01,7.372892396429787665e-01,7.548333198212092698e-01,7.527736034633638607e-01,7.528571383083689783e-01,7.527551760158323058e-01,7.217028945421959385e-01,7.217026140878249896e-01,7.527559926029161463e-01,7.528653667404199279e-01,7.529108457302321478e-01,7.529250250317306437e-01,7.529296300724339641e-01,7.529313154655900009e-01,7.529319400259497641e-01,7.529320411433290117e-01,7.529316322613121004e-01,7.529300912618299702e-01,7.529226537249834594e-01,7.527935005110787392e-01,7.548385863623477965e-01,7.372892396429787665e-01,9.999999999999948930e-01,7.372819688910383640e-01,7.548176540246640531e-01,7.527263426698528326e-01,7.527460578889042520e-01,7.216990466881028077e-01,7.216981778634590228e-01,7.527513656130840891e-01,7.528607409982486232e-01,7.529062230103209519e-01,7.529204083032078332e-01,7.529250250317318649e-01,7.529267342767957949e-01,7.529274107613508349e-01,7.529276347221396382e-01,7.529275529957804025e-01,7.529270418370433982e-01,7.529254194005112755e-01,7.529178793852964180e-01,7.527885383698913468e-01,7.548333198212092698e-01,7.372819688910383640e-01,9.999999999999948930e-01,7.372604668898858904e-01,7.547683140151031367e-01,7.526131091351457858e-01,7.216851321630921579e-01,7.216845747434514902e-01,7.527371771985680304e-01,7.528465516534458279e-01,7.528920346788431361e-01,7.529062230103180653e-01,7.529108457302303714e-01,7.529125666583432741e-01,7.529132669905821418e-01,7.529135428716364764e-01,7.529135839838774213e-01,7.529133999737199767e-01,7.529128073683483136e-01,7.529110824546642045e-01,7.529033588493627693e-01,7.527736034633638607e-01,7.548176540246640531e-01,7.372604668898858904e-01,9.999999999999948930e-01,7.371922246152184943e-01,7.546462116331629222e-01,7.215066838941215366e-01,7.216409753038268704e-01,7.526917017448475633e-01,7.528010702790474129e-01,7.528465516534448287e-01,7.528607409982446264e-01,7.528653667404174854e-01,7.528670936354360244e-01,7.528678056278057529e-01,7.528681053301118364e-01,7.528681983230385288e-01,7.528681370810804685e-01,7.528678714857911514e-01,7.528671761110998784e-01,7.528652669614991355e-01,7.528571383083689783e-01,7.527263426698528326e-01,7.547683140151031367e-01,7.371922246152184943e-01,9.999999999999948930e-01,7.370076878302367351e-01,7.239317309751684970e-01,7.215361333764672702e-01,7.525823486544768182e-01,7.526917017448454539e-01,7.527371771985650328e-01,7.527513656130782049e-01,7.527559926029115944e-01,7.527577226244753783e-01,7.527584407049053850e-01,7.527587522641439044e-01,7.527588694187014040e-01,7.527588606678629057e-01,7.527587189871123297e-01,7.527583529106860460e-01,7.527574782692599831e-01,7.527551760158323058e-01,7.527460578889042520e-01,7.526131091351457858e-01,7.546462116331629222e-01,7.370076878302367351e-01,9.999999999999948930e-01,7.014542220273536355e-01,6.917706649826665943e-01,7.215361333764682694e-01,7.216409753038258712e-01,7.216845747434497138e-01,7.216981778634542488e-01,7.217026140878213258e-01,7.217042730647333926e-01,7.217049623261513336e-01,7.217052629292720622e-01,7.217053796947036082e-01,7.217053819241647794e-01,7.217052725480347375e-01,7.217049920955100895e-01,7.217043638274691641e-01,7.217028945421959385e-01,7.216990466881028077e-01,7.216851321630921579e-01,7.215066838941215366e-01,7.239317309751684970e-01,7.014542220273536355e-01,9.999999999999948930e-01
