1.000000000000001332e+00,9.218683989049669680e-01,9.229576317537848684e-01,9.229835179795619071e-01,9.229872898605019360e-01,9.229879577944897218e-01,9.229872898606771292e-01,9.229835179796105349e-01,9.229576317540039154e-01,9.218683989050372452e-01,9.218683989049669680e-01,1.000000000000001332e+00,9.218683989050451277e-01,9.229576317536466457e-01,9.229835179795521372e-01,9.229872898607716092e-01,9.229879577944993807e-01,9.229872898605803178e-01,9.229835179800236489e-01,9.229576317538649155e-01,9.229576317537848684e-01,9.218683989050451277e-01,1.000000000000001332e+00,9.218683989048839234e-01,9.229576317536063446e-01,9.229835179798031586e-01,9.229872898607338616e-01,9.229879577944222202e-01,9.229872898610409493e-01,9.229835179798376865e-01,9.229835179795619071e-01,9.229576317536466457e-01,9.218683989048839234e-01,1.000000000000001332e+00,9.218683989046354554e-01,9.229576317536427599e-01,9.229835179795957689e-01,9.229872898604409848e-01,9.229879577945875324e-01,9.229872898606664711e-01,9.229872898605019360e-01,9.229835179795521372e-01,9.229576317536063446e-01,9.218683989046354554e-01,1.000000000000001332e+00,9.218683989048150895e-01,9.229576317535788110e-01,9.229835179794239064e-01,9.229872898608053600e-01,9.229879577943370661e-01,9.229879577944897218e-01,9.229872898607716092e-01,9.229835179798031586e-01,9.229576317536427599e-01,9.218683989048150895e-01,1.000000000000001332e+00,9.218683989050026062e-01,9.229576317536855035e-01,9.229835179800200962e-01,9.229872898608553200e-01,9.229872898606771292e-01,9.229879577944993807e-01,9.229872898607338616e-01,9.229835179795957689e-01,9.229576317535788110e-01,9.218683989050026062e-01,1.000000000000001332e+00,9.218683989048556127e-01,9.229576317540437724e-01,9.229835179798050460e-01,9.229835179796105349e-01,9.229872898605803178e-01,9.229879577944222202e-01,9.229872898604409848e-01,9.229835179794239064e-01,9.229576317536855035e-01,9.218683989048556127e-01,1.000000000000001332e+00,9.218683989051651428e-01,9.229576317537154795e-01,9.229576317540039154e-01,9.229835179800236489e-01,9.229872898610409493e-01,9.229879577945875324e-01,9.229872898608053600e-01,9.229835179800200962e-01,9.229576317540437724e-01,9.218683989051651428e-01,1.000000000000001332e+00,9.218683989053572114e-01,9.218683989050372452e-01,9.229576317538649155e-01,9.229835179798376865e-01,9.229872898606664711e-01,9.229879577943370661e-01,9.229872898608553200e-01,9.229835179798050460e-01,9.229576317537154795e-01,9.218683989053572114e-01,1.000000000000001332e+00
1.000000000000001332e+00,8.869890850997870224e-01,8.894303371198221120e-01,8.894713995596249534e-01,8.894795011675136198e-01,8.894809813030910561e-01,8.894795011712716137e-01,8.894713995587532063e-01,8.894303371233681643e-01,8.869890851005863830e-01,8.869890850997870224e-01,1.000000000000001332e+00,8.869890851015708177e-01,8.894303371182225026e-01,8.894713995589127453e-01,8.894795011724618838e-01,8.894809813039260549e-01,8.894795011679907937e-01,8.894713995668906970e-01,8.894303371206433440e-01,8.894303371198221120e-01,8.869890851015708177e-01,1.000000000000001332e+00,8.869890850997182996e-01,8.894303371171489170e-01,8.894713995633793946e-01,8.894795011726362999e-01,8.894809813012317656e-01,8.894795011770662008e-01,8.894713995633208858e-01,8.894713995596249534e-01,8.894303371182225026e-01,8.869890850997182996e-01,1.000000000000001332e+00,8.869890850955486350e-01,8.894303371186038643e-01,8.894713995614069724e-01,8.894795011666057905e-01,8.894809813057200643e-01,8.894795011708135357e-01,8.894795011675136198e-01,8.894713995589127453e-01,8.894303371171489170e-01,8.869890850955486350e-01,1.000000000000001332e+00,8.869890850980458596e-01,8.894303371172198602e-01,8.894713995560745712e-01,8.894795011730441958e-01,8.894809813001604004e-01,8.894809813030910561e-01,8.894795011724618838e-01,8.894713995633793946e-01,8.894303371186038643e-01,8.869890850980458596e-01,1.000000000000001332e+00,8.869890851019203160e-01,8.894303371175809048e-01,8.894713995670484596e-01,8.894795011733549472e-01,8.894795011712716137e-01,8.894809813039260549e-01,8.894795011726362999e-01,8.894713995614069724e-01,8.894303371172198602e-01,8.869890851019203160e-01,1.000000000000001332e+00,8.869890850982037334e-01,8.894303371252566537e-01,8.894713995635056270e-01,8.894713995587532063e-01,8.894795011679907937e-01,8.894809813012317656e-01,8.894795011666057905e-01,8.894713995560745712e-01,8.894303371175809048e-01,8.869890850982037334e-01,1.000000000000001332e+00,8.869890851027656398e-01,8.894303371172462835e-01,8.894303371233681643e-01,8.894713995668906970e-01,8.894795011770662008e-01,8.894809813057200643e-01,8.894795011730441958e-01,8.894713995670484596e-01,8.894303371252566537e-01,8.869890851027656398e-01,1.000000000000001332e+00,8.869890851064442527e-01,8.869890851005863830e-01,8.894303371206433440e-01,8.894713995633208858e-01,8.894795011708135357e-01,8.894809813001604004e-01,8.894795011733549472e-01,8.894713995635056270e-01,8.894303371172462835e-01,8.869890851064442527e-01,1.000000000000001332e+00
9.999999999999983347e-01,8.269778970240613258e-01,8.331551381890669461e-01,8.331614874031758600e-01,8.331816682304056254e-01,8.331851019935315739e-01,8.331816684346904367e-01,8.331614872790976678e-01,8.331551383169546465e-01,8.269778970371176596e-01,8.269778970240613258e-01,9.999999999999983347e-01,8.269778971123269429e-01,8.331551381741924001e-01,8.331614873647087416e-01,8.331816684495518821e-01,8.331851020884052383e-01,8.331816682029165033e-01,8.331614876720410123e-01,8.331551382164017472e-01,8.331551381890669461e-01,8.269778971123269429e-01,9.999999999999983347e-01,8.269778970880314883e-01,8.331551381030405379e-01,8.331614875303663403e-01,8.331816684999974187e-01,8.331851018722252755e-01,8.331816686163764363e-01,8.331614875110356921e-01,8.331614874031758600e-01,8.331551381741924001e-01,8.269778970880314883e-01,9.999999999999983347e-01,8.269778969234053978e-01,8.331551382013836493e-01,8.331614875557941113e-01,8.331816681861636820e-01,8.331851021426851522e-01,8.331816683931986267e-01,8.331816682304056254e-01,8.331614873647087416e-01,8.331551381030405379e-01,8.269778969234053978e-01,9.999999999999983347e-01,8.269778969872627616e-01,8.331551381540084344e-01,8.331614872035227881e-01,8.331816684654702598e-01,8.331851018791066599e-01,8.331851019935315739e-01,8.331816684495518821e-01,8.331614875303663403e-01,8.331551382013836493e-01,8.269778969872627616e-01,9.999999999999983347e-01,8.269778972028912767e-01,8.331551380650407124e-01,8.331614876782467149e-01,8.331816684581685450e-01,8.331816684346904367e-01,8.331851020884052383e-01,8.331816684999974187e-01,8.331614875557941113e-01,8.331551381540084344e-01,8.269778972028912767e-01,9.999999999999983347e-01,8.269778969821539594e-01,8.331551384750740530e-01,8.331614875817734411e-01,8.331614872790976678e-01,8.331816682029165033e-01,8.331851018722252755e-01,8.331816681861636820e-01,8.331614872035227881e-01,8.331551380650407124e-01,8.269778969821539594e-01,9.999999999999983347e-01,8.269778970938040930e-01,8.331551380228646719e-01,8.331551383169546465e-01,8.331614876720410123e-01,8.331816686163764363e-01,8.331851021426851522e-01,8.331816684654702598e-01,8.331614876782467149e-01,8.331551384750740530e-01,8.269778970938040930e-01,9.999999999999983347e-01,8.269778972897586788e-01,8.269778970371176596e-01,8.331551382164017472e-01,8.331614875110356921e-01,8.331816683931986267e-01,8.331851018791066599e-01,8.331816684581685450e-01,8.331614875817734411e-01,8.331551380228646719e-01,8.269778972897586788e-01,9.999999999999983347e-01
9.999999999999997780e-01,7.194387294404795963e-01,7.372488806176803466e-01,7.366130275774412928e-01,7.367054844406647485e-01,7.367101467311336638e-01,7.367054843965092914e-01,7.366130275351773227e-01,7.372488806561172670e-01,7.194387294995070459e-01,7.194387294404795963e-01,9.999999999999997780e-01,7.194387294265650601e-01,7.372488806273258533e-01,7.366130275564671814e-01,7.367054843967805189e-01,7.367101466826809775e-01,7.367054843784610618e-01,7.366130275473306011e-01,7.372488806423795893e-01,7.372488806176803466e-01,7.194387294265650601e-01,9.999999999999997780e-01,7.194387294734128080e-01,7.372488806527242033e-01,7.366130275438836916e-01,7.367054843909399686e-01,7.367101466973309254e-01,7.367054844277367565e-01,7.366130275670517147e-01,7.366130275774412928e-01,7.372488806273258533e-01,7.194387294734128080e-01,9.999999999999997780e-01,7.194387295157040896e-01,7.372488806543051609e-01,7.366130275498459223e-01,7.367054844224373289e-01,7.367101467708817575e-01,7.367054844677398684e-01,7.367054844406647485e-01,7.366130275564671814e-01,7.372488806527242033e-01,7.194387295157040896e-01,9.999999999999997780e-01,7.194387294986124282e-01,7.372488806426739094e-01,7.366130275582224440e-01,7.367054844642934031e-01,7.367101467797573244e-01,7.367101467311336638e-01,7.367054843967805189e-01,7.366130275438836916e-01,7.372488806543051609e-01,7.194387294986124282e-01,9.999999999999997780e-01,7.194387294456254800e-01,7.372488806236641157e-01,7.366130275731586075e-01,7.367054844539285829e-01,7.367054843965092914e-01,7.367101466826809775e-01,7.367054843909399686e-01,7.366130275498459223e-01,7.372488806426739094e-01,7.194387294456254800e-01,9.999999999999997780e-01,7.194387294229340757e-01,7.372488806370447456e-01,7.366130275519492399e-01,7.366130275351773227e-01,7.367054843784610618e-01,7.367101466973309254e-01,7.367054844224373289e-01,7.366130275582224440e-01,7.372488806236641157e-01,7.194387294229340757e-01,9.999999999999997780e-01,7.194387294694555290e-01,7.372488806451273913e-01,7.372488806561172670e-01,7.366130275473306011e-01,7.367054844277367565e-01,7.367101467708817575e-01,7.367054844642934031e-01,7.366130275731586075e-01,7.372488806370447456e-01,7.194387294694555290e-01,9.999999999999997780e-01,7.194387295214814682e-01,7.194387294995070459e-01,7.372488806423795893e-01,7.366130275670517147e-01,7.367054844677398684e-01,7.367101467797573244e-01,7.367054844539285829e-01,7.366130275519492399e-01,7.372488806451273913e-01,7.194387295214814682e-01,9.999999999999997780e-01
1.000000000000001110e+00,5.301626435391364467e-01,5.867785724243101964e-01,5.799443920445551681e-01,5.811291847117755482e-01,5.809430733144741454e-01,5.811291846976225361e-01,5.799443920419184995e-01,5.867785724182248419e-01,5.301626435610024002e-01,5.301626435391364467e-01,1.000000000000001110e+00,5.301626435462708509e-01,5.867785724246594725e-01,5.799443920445022105e-01,5.811291847026835988e-01,5.809430733057684426e-01,5.811291846960660035e-01,5.799443920578275513e-01,5.867785724130075709e-01,5.867785724243101964e-01,5.301626435462708509e-01,1.000000000000001110e+00,5.301626435677216920e-01,5.867785724128897762e-01,5.799443920436521127e-01,5.811291846934557581e-01,5.809430733291943705e-01,5.811291847237807229e-01,5.799443920617031178e-01,5.799443920445551681e-01,5.867785724246594725e-01,5.301626435677216920e-01,1.000000000000001110e+00,5.301626435692404771e-01,5.867785724156768801e-01,5.799443920572610045e-01,5.811291847157580293e-01,5.809430733420106741e-01,5.811291847296846669e-01,5.811291847117755482e-01,5.799443920445022105e-01,5.867785724128897762e-01,5.301626435692404771e-01,1.000000000000001110e+00,5.301626435490927047e-01,5.867785724045052609e-01,5.799443920607280090e-01,5.811291847232149532e-01,5.809430733351927945e-01,5.809430733144741454e-01,5.811291847026835988e-01,5.799443920436521127e-01,5.867785724156768801e-01,5.301626435490927047e-01,1.000000000000001110e+00,5.301626435333567366e-01,5.867785724082880128e-01,5.799443920589321122e-01,5.811291847016883949e-01,5.811291846976225361e-01,5.809430733057684426e-01,5.811291846934557581e-01,5.799443920572610045e-01,5.867785724045052609e-01,5.301626435333567366e-01,1.000000000000001110e+00,5.301626435408690607e-01,5.867785724100239575e-01,5.799443920586000445e-01,5.799443920419184995e-01,5.811291846960660035e-01,5.809430733291943705e-01,5.811291847157580293e-01,5.799443920607280090e-01,5.867785724082880128e-01,5.301626435408690607e-01,1.000000000000001110e+00,5.301626435670109272e-01,5.867785724159405580e-01,5.867785724182248419e-01,5.799443920578275513e-01,5.811291847237807229e-01,5.809430733420106741e-01,5.811291847232149532e-01,5.799443920589321122e-01,5.867785724100239575e-01,5.301626435670109272e-01,1.000000000000001110e+00,5.301626435809245752e-01,5.301626435610024002e-01,5.867785724130075709e-01,5.799443920617031178e-01,5.811291847296846669e-01,5.809430733351927945e-01,5.811291847016883949e-01,5.799443920586000445e-01,5.867785724159405580e-01,5.301626435809245752e-01,1.000000000000001110e+00
1.000000000000000000e+00,2.366780552671830518e-01,4.157005793457589915e-01,3.620382464074813900e-01,3.810570808579655244e-01,3.724994944994652890e-01,3.810570806321220694e-01,3.620382459641083295e-01,4.157005793636252000e-01,2.366780556546432546e-01,2.366780552671830518e-01,1.000000000000000000e+00,2.366780553036219037e-01,4.157005794116744868e-01,3.620382462421881664e-01,3.810570807062126364e-01,3.724994946174010613e-01,3.810570807531829529e-01,3.620382462082252228e-01,4.157005795425826600e-01,4.157005793457589915e-01,2.366780553036219037e-01,1.000000000000000000e+00,2.366780556256657120e-01,4.157005793324356491e-01,3.620382462068794105e-01,3.810570806484071538e-01,3.724994947189406713e-01,3.810570808809821686e-01,3.620382464496456065e-01,3.620382464074813900e-01,4.157005794116744868e-01,2.366780556256657120e-01,1.000000000000000000e+00,2.366780557577338739e-01,4.157005794728421133e-01,3.620382460424550475e-01,3.810570808929562014e-01,3.724994948791707783e-01,3.810570806710699143e-01,3.810570808579655244e-01,3.620382462421881664e-01,4.157005793324356491e-01,2.366780557577338739e-01,1.000000000000000000e+00,2.366780556326431029e-01,4.157005798412606312e-01,3.620382462264358781e-01,3.810570816085628865e-01,3.724994945112635181e-01,3.724994944994652890e-01,3.810570807062126364e-01,3.620382462068794105e-01,4.157005794728421133e-01,2.366780556326431029e-01,1.000000000000000000e+00,2.366780554919936941e-01,4.157005795130392367e-01,3.620382460074249575e-01,3.810570813130451651e-01,3.810570806321220694e-01,3.724994946174010613e-01,3.810570806484071538e-01,3.620382460424550475e-01,4.157005798412606312e-01,2.366780554919936941e-01,1.000000000000000000e+00,2.366780556194997276e-01,4.157005796093145022e-01,3.620382459363112870e-01,3.620382459641083295e-01,3.810570807531829529e-01,3.724994947189406713e-01,3.810570808929562014e-01,3.620382462264358781e-01,4.157005795130392367e-01,2.366780556194997276e-01,1.000000000000000000e+00,2.366780559827375563e-01,4.157005799943387370e-01,4.157005793636252000e-01,3.620382462082252228e-01,3.810570808809821686e-01,3.724994948791707783e-01,3.810570816085628865e-01,3.620382460074249575e-01,4.157005796093145022e-01,2.366780559827375563e-01,1.000000000000000000e+00,2.366780560573507608e-01,2.366780556546432546e-01,4.157005795425826600e-01,3.620382464496456065e-01,3.810570806710699143e-01,3.724994945112635181e-01,3.810570813130451651e-01,3.620382459363112870e-01,4.157005799943387370e-01,2.366780560573507608e-01,1.000000000000000000e+00
1.000000000000001776e+00,-1.530192552816910800e-01,3.737612442723214357e-01,3.753302003623268379e-02,2.811709699874163637e-01,7.540678806490462571e-02,2.811709711941459133e-01,3.753301875088044248e-02,3.737612456822201334e-01,-1.530192563590165866e-01,-1.530192552816910800e-01,1.000000000000001776e+00,-1.530192550261534334e-01,3.737612445138623896e-01,3.753301946295428682e-02,2.811709700394712241e-01,7.540678770445508050e-02,2.811709706898400940e-01,3.753301983764464889e-02,3.737612450058466207e-01,3.737612442723214357e-01,-1.530192550261534334e-01,1.000000000000001776e+00,-1.530192557373031559e-01,3.737612458452078679e-01,3.753301937559037904e-02,2.811709713619433004e-01,7.540678815184992390e-02,2.811709693249568875e-01,3.753301984567923577e-02,3.753302003623268379e-02,3.737612445138623896e-01,-1.530192557373031559e-01,1.000000000000001776e+00,-1.530192564513288833e-01,3.737612449487872635e-01,3.753301956684083895e-02,2.811709696748466714e-01,7.540678869368283577e-02,2.811709690509222037e-01,2.811709699874163637e-01,3.753301946295428682e-02,3.737612458452078679e-01,-1.530192564513288833e-01,1.000000000000001776e+00,-1.530192561663612505e-01,3.737612455559242153e-01,3.753301922227769705e-02,2.811709694934425574e-01,7.540678768132769161e-02,7.540678806490462571e-02,2.811709700394712241e-01,3.753301937559037904e-02,3.737612449487872635e-01,-1.530192561663612505e-01,1.000000000000001776e+00,-1.530192553346351736e-01,3.737612447440549213e-01,3.753302010964133101e-02,2.811709691166234260e-01,2.811709711941459133e-01,7.540678770445508050e-02,2.811709713619433004e-01,3.753301956684083895e-02,3.737612455559242153e-01,-1.530192553346351736e-01,1.000000000000001776e+00,-1.530192550899764914e-01,3.737612443601278645e-01,3.753301989514259973e-02,3.753301875088044248e-02,2.811709706898400940e-01,7.540678815184992390e-02,2.811709696748466714e-01,3.753301922227769705e-02,3.737612447440549213e-01,-1.530192550899764914e-01,1.000000000000001776e+00,-1.530192556213574862e-01,3.737612451397640534e-01,3.737612456822201334e-01,3.753301983764464889e-02,2.811709693249568875e-01,7.540678869368283577e-02,2.811709694934425574e-01,3.753302010964133101e-02,3.737612443601278645e-01,-1.530192556213574862e-01,1.000000000000001776e+00,-1.530192564501914043e-01,-1.530192563590165866e-01,3.737612450058466207e-01,3.753301984567923577e-02,2.811709690509222037e-01,7.540678768132769161e-02,2.811709691166234260e-01,3.753301989514259973e-02,3.737612451397640534e-01,-1.530192564501914043e-01,1.000000000000001776e+00
1.000000000000002887e+00,-6.498647493517435425e-01,6.819356610593144685e-01,-6.012899035421466198e-01,6.558959074163641656e-01,-5.929598015446201353e-01,6.558959064373204306e-01,-6.012899034257754849e-01,6.819356597023273903e-01,-6.498647475606051938e-01,-6.498647493517435425e-01,1.000000000000002887e+00,-6.498647490625009127e-01,6.819356605878678090e-01,-6.012899046375220768e-01,6.558959074713361925e-01,-5.929598017420276701e-01,6.558959076296058122e-01,-6.012899048845321559e-01,6.819356608492755933e-01,6.819356610593144685e-01,-6.498647490625009127e-01,1.000000000000002887e+00,-6.498647467612922446e-01,6.819356593039196390e-01,-6.012899028149960579e-01,6.558959065329944549e-01,-5.929598018905075651e-01,6.558959074191887950e-01,-6.012899037252966705e-01,-6.012899035421466198e-01,6.819356605878678090e-01,-6.498647467612922446e-01,1.000000000000002887e+00,-6.498647472698368954e-01,6.819356599118174822e-01,-6.012899021623974161e-01,6.558959074471384376e-01,-5.929598022995785644e-01,6.558959078419902555e-01,6.558959074163641656e-01,-6.012899046375220768e-01,6.819356593039196390e-01,-6.498647472698368954e-01,1.000000000000002887e+00,-6.498647476327588102e-01,6.819356594699759189e-01,-6.012899034997003511e-01,6.558959073940097140e-01,-5.929598023257151018e-01,-5.929598015446201353e-01,6.558959074713361925e-01,-6.012899028149960579e-01,6.819356599118174822e-01,-6.498647476327588102e-01,1.000000000000002887e+00,-6.498647457536695926e-01,6.819356589994800544e-01,-6.012899034313382574e-01,6.558959075399126704e-01,6.558959064373204306e-01,-5.929598017420276701e-01,6.558959065329944549e-01,-6.012899021623974161e-01,6.819356594699759189e-01,-6.498647457536695926e-01,1.000000000000002887e+00,-6.498647464113480599e-01,6.819356598586093776e-01,-6.012899026202284114e-01,-6.012899034257754849e-01,6.558959076296058122e-01,-5.929598018905075651e-01,6.558959074471384376e-01,-6.012899034997003511e-01,6.819356589994800544e-01,-6.498647464113480599e-01,1.000000000000002887e+00,-6.498647488865504362e-01,6.819356608537886499e-01,6.819356597023273903e-01,-6.012899048845321559e-01,6.558959074191887950e-01,-5.929598022995785644e-01,6.558959073940097140e-01,-6.012899034313382574e-01,6.819356598586093776e-01,-6.498647488865504362e-01,1.000000000000002887e+00,-6.498647483886292875e-01,-6.498647475606051938e-01,6.819356608492755933e-01,-6.012899037252966705e-01,6.558959078419902555e-01,-5.929598023257151018e-01,6.558959075399126704e-01,-6.012899026202284114e-01,6.819356608537886499e-01,-6.498647483886292875e-01,1.000000000000002887e+00
1.000000000000004219e+00,-8.464065629081412023e-01,8.524200390838090335e-01,-8.394353809150154611e-01,8.496805364828546869e-01,-8.389666765819945304e-01,8.496805366332595977e-01,-8.394353805012125802e-01,8.524200391076715011e-01,-8.464065625130084980e-01,-8.464065629081412023e-01,1.000000000000004219e+00,-8.464065620985830041e-01,8.524200388044063104e-01,-8.394353801036583684e-01,8.496805368722863960e-01,-8.389666754625537681e-01,8.496805360394483753e-01,-8.394353801968610362e-01,8.524200385255655821e-01,8.524200390838090335e-01,-8.464065620985830041e-01,1.000000000000004219e+00,-8.464065620067094953e-01,8.524200383201941955e-01,-8.394353805268420787e-01,8.496805358931953656e-01,-8.389666749363737797e-01,8.496805359597187080e-01,-8.394353797656155525e-01,-8.394353809150154611e-01,8.524200388044063104e-01,-8.464065620067094953e-01,1.000000000000004219e+00,-8.464065618630778332e-01,8.524200390744500755e-01,-8.394353800784730701e-01,8.496805360005070806e-01,-8.389666753099596086e-01,8.496805360565145016e-01,8.496805364828546869e-01,-8.394353801036583684e-01,8.524200383201941955e-01,-8.464065618630778332e-01,1.000000000000004219e+00,-8.464065622957868129e-01,8.524200382618156713e-01,-8.394353795725926215e-01,8.496805358402287345e-01,-8.389666748401733987e-01,-8.389666765819945304e-01,8.496805368722863960e-01,-8.394353805268420787e-01,8.524200390744500755e-01,-8.464065622957868129e-01,1.000000000000004219e+00,-8.464065625664153325e-01,8.524200388488267777e-01,-8.394353805229366472e-01,8.496805364051966958e-01,8.496805366332595977e-01,-8.389666754625537681e-01,8.496805358931953656e-01,-8.394353800784730701e-01,8.524200382618156713e-01,-8.464065625664153325e-01,1.000000000000004219e+00,-8.464065617988006940e-01,8.524200384865302516e-01,-8.394353797458401489e-01,-8.394353805012125802e-01,8.496805360394483753e-01,-8.389666749363737797e-01,8.496805360005070806e-01,-8.394353795725926215e-01,8.524200388488267777e-01,-8.464065617988006940e-01,1.000000000000004219e+00,-8.464065616379827794e-01,8.524200379797028937e-01,8.524200391076715011e-01,-8.394353801968610362e-01,8.496805359597187080e-01,-8.389666753099596086e-01,8.496805358402287345e-01,-8.394353805229366472e-01,8.524200384865302516e-01,-8.464065616379827794e-01,1.000000000000004219e+00,-8.464065616665161773e-01,-8.464065625130084980e-01,8.524200385255655821e-01,-8.394353797656155525e-01,8.496805360565145016e-01,-8.389666748401733987e-01,8.496805364051966958e-01,-8.394353797458401489e-01,8.524200379797028937e-01,-8.464065616665161773e-01,1.000000000000004219e+00
1.000000000000001110e+00,-9.123604989324950454e-01,9.136412751339787475e-01,-9.100978487293207575e-01,9.130947378223046584e-01,-9.100415475896348472e-01,9.130947381191071299e-01,-9.100978484179362837e-01,9.136412752144167371e-01,-9.123604986361265601e-01,-9.123604989324950454e-01,1.000000000000001110e+00,-9.123604981304176409e-01,9.136412753259489650e-01,-9.100978478211363409e-01,9.130947385327989885e-01,-9.100415465895317357e-01,9.130947378098538403e-01,-9.100978477691110680e-01,9.136412748649804794e-01,9.136412751339787475e-01,-9.123604981304176409e-01,1.000000000000001110e+00,-9.123604984989039934e-01,9.136412746405012664e-01,-9.100978485385254890e-01,9.130947375200648697e-01,-9.100415460843896964e-01,9.130947371284064973e-01,-9.100978474275897012e-01,-9.100978487293207575e-01,9.136412753259489650e-01,-9.123604984989039934e-01,1.000000000000001110e+00,-9.123604985268058964e-01,9.136412760186811699e-01,-9.100978484551148773e-01,9.130947379557038390e-01,-9.100415462990683046e-01,9.130947375998356152e-01,9.130947378223046584e-01,-9.100978478211363409e-01,9.136412746405012664e-01,-9.123604985268058964e-01,1.000000000000001110e+00,-9.123604989501902240e-01,9.136412749177033055e-01,-9.100978477162907643e-01,9.130947370594106882e-01,-9.100415457372941219e-01,-9.100415475896348472e-01,9.130947385327989885e-01,-9.100978485385254890e-01,9.136412760186811699e-01,-9.123604989501902240e-01,1.000000000000001110e+00,-9.123604994139410396e-01,9.136412757902512283e-01,-9.100978484396031742e-01,9.130947381308330835e-01,9.130947381191071299e-01,-9.100415465895317357e-01,9.130947375200648697e-01,-9.100978484551148773e-01,9.136412749177033055e-01,-9.123604994139410396e-01,1.000000000000001110e+00,-9.123604986697766428e-01,9.136412748949694906e-01,-9.100978478095343993e-01,-9.100978484179362837e-01,9.130947378098538403e-01,-9.100415460843896964e-01,9.130947379557038390e-01,-9.100978477162907643e-01,9.136412757902512283e-01,-9.123604986697766428e-01,1.000000000000001110e+00,-9.123604980727776370e-01,9.136412746438364874e-01,9.136412752144167371e-01,-9.100978477691110680e-01,9.130947371284064973e-01,-9.100415462990683046e-01,9.130947370594106882e-01,-9.100978484396031742e-01,9.136412748949694906e-01,-9.123604980727776370e-01,1.000000000000001110e+00,-9.123604977871123678e-01,-9.123604986361265601e-01,9.136412748649804794e-01,-9.100978474275897012e-01,9.130947375998356152e-01,-9.100415457372941219e-01,9.130947381308330835e-01,-9.100978478095343993e-01,9.136412746438364874e-01,-9.123604977871123678e-01,1.000000000000001110e+00
