9.999999999999995559e-01,9.174410241956935108e-01,9.174442149204186103e-01,9.174442735113438330e-01,9.174442798012131250e-01,9.174442807969914737e-01,9.174442798005681965e-01,9.174442735121327575e-01,9.174442149218643427e-01,9.174410241955864853e-01,9.174410241956935108e-01,9.999999999999995559e-01,9.174410241911088448e-01,9.174442149195096707e-01,9.174442735098100599e-01,9.174442797964712515e-01,9.174442807956609824e-01,9.174442797979692754e-01,9.174442735083392364e-01,9.174442149194179663e-01,9.174442149204186103e-01,9.174410241911088448e-01,9.999999999999995559e-01,9.174410241910757602e-01,9.174442149188338780e-01,9.174442735060936993e-01,9.174442797959964091e-01,9.174442807939273692e-01,9.174442797950307371e-01,9.174442735067658283e-01,9.174442735113438330e-01,9.174442149195096707e-01,9.174410241910757602e-01,9.999999999999995559e-01,9.174410241940699207e-01,9.174442149186893269e-01,9.174442735092354084e-01,9.174442797979618369e-01,9.174442807946409095e-01,9.174442797971805730e-01,9.174442798012131250e-01,9.174442735098100599e-01,9.174442149188338780e-01,9.174410241940699207e-01,9.999999999999995559e-01,9.174410241933200760e-01,9.174442149212799213e-01,9.174442735105297064e-01,9.174442797980553177e-01,9.174442807960663249e-01,9.174442807969914737e-01,9.174442797964712515e-01,9.174442735060936993e-01,9.174442149186893269e-01,9.174410241933200760e-01,9.999999999999995559e-01,9.174410241927540843e-01,9.174442149194382834e-01,9.174442735075398758e-01,9.174442797963885399e-01,9.174442798005681965e-01,9.174442807956609824e-01,9.174442797959964091e-01,9.174442735092354084e-01,9.174442149212799213e-01,9.174410241927540843e-01,9.999999999999995559e-01,9.174410241942348998e-01,9.174442149196920804e-01,9.174442735091757894e-01,9.174442735121327575e-01,9.174442797979692754e-01,9.174442807939273692e-01,9.174442797979618369e-01,9.174442735105297064e-01,9.174442149194382834e-01,9.174410241942348998e-01,9.999999999999995559e-01,9.174410241932493548e-01,9.174442149201147423e-01,9.174442149218643427e-01,9.174442735083392364e-01,9.174442797950307371e-01,9.174442807946409095e-01,9.174442797980553177e-01,9.174442735075398758e-01,9.174442149196920804e-01,9.174410241932493548e-01,9.999999999999995559e-01,9.174410241924557674e-01,9.174410241955864853e-01,9.174442149194179663e-01,9.174442735067658283e-01,9.174442797971805730e-01,9.174442807960663249e-01,9.174442797963885399e-01,9.174442735091757894e-01,9.174442149201147423e-01,9.174410241924557674e-01,9.999999999999995559e-01
9.999999999999982236e-01,8.767386896692674902e-01,8.767473779368755160e-01,8.767475370891391062e-01,8.767475542056872850e-01,8.767475569137808122e-01,8.767475542016418544e-01,8.767475370917298116e-01,8.767473779417915836e-01,8.767386896677881181e-01,8.767386896692674902e-01,9.999999999999982236e-01,8.767386896573703403e-01,8.767473779346136586e-01,8.767475370868167417e-01,8.767475541910532133e-01,8.767475569109463018e-01,8.767475541957384655e-01,8.767475370832342740e-01,8.767473779331707018e-01,8.767473779368755160e-01,8.767386896573703403e-01,9.999999999999982236e-01,8.767386896572062494e-01,8.767473779342270790e-01,8.767475370755676289e-01,8.767475541899820701e-01,8.767475569069709262e-01,8.767475541891411872e-01,8.767475370767123799e-01,8.767475370891391062e-01,8.767473779346136586e-01,8.767386896572062494e-01,9.999999999999982236e-01,8.767386896662882068e-01,8.767473779316695692e-01,8.767475370835567938e-01,8.767475541957677754e-01,8.767475569098379662e-01,8.767475541925490168e-01,8.767475542056872850e-01,8.767475370868167417e-01,8.767473779342270790e-01,8.767386896662882068e-01,9.999999999999982236e-01,8.767386896638001970e-01,8.767473779402097378e-01,8.767475370890478459e-01,8.767475541985730869e-01,8.767475569123717172e-01,8.767475569137808122e-01,8.767475541910532133e-01,8.767475370755676289e-01,8.767473779316695692e-01,8.767386896638001970e-01,9.999999999999982236e-01,8.767386896605861013e-01,8.767473779338494921e-01,8.767475370805745127e-01,8.767475541896978530e-01,8.767475542016418544e-01,8.767475569109463018e-01,8.767475541899820701e-01,8.767475370835567938e-01,8.767473779402097378e-01,8.767386896605861013e-01,9.999999999999982236e-01,8.767386896651829797e-01,8.767473779356040886e-01,8.767475370823887282e-01,8.767475370917298116e-01,8.767475541957384655e-01,8.767475569069709262e-01,8.767475541957677754e-01,8.767475370890478459e-01,8.767473779338494921e-01,8.767386896651829797e-01,9.999999999999982236e-01,8.767386896642135330e-01,8.767473779350873908e-01,8.767473779417915836e-01,8.767475370832342740e-01,8.767475541891411872e-01,8.767475569098379662e-01,8.767475541985730869e-01,8.767475370805745127e-01,8.767473779356040886e-01,8.767386896642135330e-01,9.999999999999982236e-01,8.767386896609473679e-01,8.767386896677881181e-01,8.767473779331707018e-01,8.767475370767123799e-01,8.767475541925490168e-01,8.767475569123717172e-01,8.767475541896978530e-01,8.767475370823887282e-01,8.767473779350873908e-01,8.767386896609473679e-01,9.999999999999982236e-01
9.999999999999990008e-01,8.000855085088209862e-01,8.001146044499058974e-01,8.001151342051431303e-01,8.001151914084342343e-01,8.001152004740980095e-01,8.001151913956376927e-01,8.001151342103041131e-01,8.001146044571011418e-01,8.000855085034107583e-01,8.000855085088209862e-01,9.999999999999990008e-01,8.000855084942503082e-01,8.001146044468567808e-01,8.001151342075325523e-01,8.001151913840507390e-01,8.001152004739940926e-01,8.001151913901731749e-01,8.001151342035313085e-01,8.001146044414346736e-01,8.001146044499058974e-01,8.000855084942503082e-01,9.999999999999990008e-01,8.000855084941862483e-01,8.001146044508578026e-01,8.001151341922457805e-01,8.001151913834909646e-01,8.001152004697325015e-01,8.001151913846590302e-01,8.001151341904382264e-01,8.001151342051431303e-01,8.001146044468567808e-01,8.000855084941862483e-01,9.999999999999990008e-01,8.000855085077568374e-01,8.001146044417878356e-01,8.001151342000892841e-01,8.001151913902309065e-01,8.001152004747991153e-01,8.001151913839916752e-01,8.001151914084342343e-01,8.001151342075325523e-01,8.001146044508578026e-01,8.000855085077568374e-01,9.999999999999990008e-01,8.000855085037448244e-01,8.001146044571212368e-01,8.001151342123006271e-01,8.001151914010895538e-01,8.001152004758671499e-01,8.001152004740980095e-01,8.001151913840507390e-01,8.001151341922457805e-01,8.001146044417878356e-01,8.000855085037448244e-01,9.999999999999990008e-01,8.000855084964471065e-01,8.001146044438562921e-01,8.001151342003878231e-01,8.001151913785691239e-01,8.001151913956376927e-01,8.001152004739940926e-01,8.001151913834909646e-01,8.001151342000892841e-01,8.001146044571212368e-01,8.000855084964471065e-01,9.999999999999990008e-01,8.000855085028064639e-01,8.001146044479134911e-01,8.001151341955701213e-01,8.001151342103041131e-01,8.001151913901731749e-01,8.001152004697325015e-01,8.001151913902309065e-01,8.001151342123006271e-01,8.001146044438562921e-01,8.000855085028064639e-01,9.999999999999990008e-01,8.000855085042626325e-01,8.001146044433702365e-01,8.001146044571011418e-01,8.001151342035313085e-01,8.001151913846590302e-01,8.001152004747991153e-01,8.001151914010895538e-01,8.001151342003878231e-01,8.001146044479134911e-01,8.000855085042626325e-01,9.999999999999990008e-01,8.000855084978536480e-01,8.000855085034107583e-01,8.001146044414346736e-01,8.001151341904382264e-01,8.001151913839916752e-01,8.001152004758671499e-01,8.001151913785691239e-01,8.001151341955701213e-01,8.001146044433702365e-01,8.000855084978536480e-01,9.999999999999990008e-01
1.000000000000000888e+00,6.403418790444553865e-01,6.404681474614377645e-01,6.404704069694892032e-01,6.404706536854289922e-01,6.404706929435022289e-01,6.404706536747647450e-01,6.404704069774220798e-01,6.404681474604670965e-01,6.403418790415553730e-01,6.403418790444553865e-01,1.000000000000000888e+00,6.403418790392434445e-01,6.404681474590607770e-01,6.404704069742320760e-01,6.404706536739065426e-01,6.404706929518619862e-01,6.404706536732046596e-01,6.404704069760055463e-01,6.404681474534337227e-01,6.404681474614377645e-01,6.403418790392434445e-01,1.000000000000000888e+00,6.403418790447050757e-01,6.404681474642077710e-01,6.404704069767983565e-01,6.404706536759913194e-01,6.404706929513973579e-01,6.404706536727486910e-01,6.404704069716269377e-01,6.404704069694892032e-01,6.404681474590607770e-01,6.403418790447050757e-01,1.000000000000000888e+00,6.403418790465024157e-01,6.404681474582004652e-01,6.404704069776980813e-01,6.404706536719125820e-01,6.404706929503271029e-01,6.404706536728342892e-01,6.404706536854289922e-01,6.404704069742320760e-01,6.404681474642077710e-01,6.403418790465024157e-01,1.000000000000000888e+00,6.403418790410784212e-01,6.404681474630105065e-01,6.404704069842234171e-01,6.404706536829362085e-01,6.404706929524780490e-01,6.404706929435022289e-01,6.404706536739065426e-01,6.404704069767983565e-01,6.404681474582004652e-01,6.403418790410784212e-01,1.000000000000000888e+00,6.403418790419871387e-01,6.404681474543195696e-01,6.404704069781703701e-01,6.404706536686904927e-01,6.404706536747647450e-01,6.404706929518619862e-01,6.404706536759913194e-01,6.404704069776980813e-01,6.404681474630105065e-01,6.403418790419871387e-01,1.000000000000000888e+00,6.403418790444979081e-01,6.404681474556668253e-01,6.404704069731059768e-01,6.404704069774220798e-01,6.404706536732046596e-01,6.404706929513973579e-01,6.404706536719125820e-01,6.404704069842234171e-01,6.404681474543195696e-01,6.403418790444979081e-01,1.000000000000000888e+00,6.403418790454320497e-01,6.404681474552195164e-01,6.404681474604670965e-01,6.404704069760055463e-01,6.404706536727486910e-01,6.404706929503271029e-01,6.404706536829362085e-01,6.404704069781703701e-01,6.404681474556668253e-01,6.403418790454320497e-01,1.000000000000000888e+00,6.403418790442052533e-01,6.403418790415553730e-01,6.404681474534337227e-01,6.404704069716269377e-01,6.404706536728342892e-01,6.404706929524780490e-01,6.404706536686904927e-01,6.404704069731059768e-01,6.404681474552195164e-01,6.403418790442052533e-01,1.000000000000000888e+00
9.999999999999996669e-01,3.089678499520054356e-01,3.096139971645059941e-01,3.096249739773276888e-01,3.096262143676077327e-01,3.096264130353174604e-01,3.096262143664214594e-01,3.096249739866573369e-01,3.096139971556151060e-01,3.089678499600075345e-01,3.089678499520054356e-01,9.999999999999996669e-01,3.089678499553981661e-01,3.096139971647499101e-01,3.096249739820537417e-01,3.096262143650277965e-01,3.096264130447072827e-01,3.096262143536177014e-01,3.096249739825261971e-01,3.096139971497303689e-01,3.096139971645059941e-01,3.089678499553981661e-01,9.999999999999996669e-01,3.089678499606192119e-01,3.096139971632718146e-01,3.096249739882076524e-01,3.096262143628516483e-01,3.096264130422103911e-01,3.096262143589457727e-01,3.096249739832009906e-01,3.096249739773276888e-01,3.096139971647499101e-01,3.089678499606192119e-01,9.999999999999996669e-01,3.089678499540381429e-01,3.096139971595306961e-01,3.096249739932923073e-01,3.096262143474006190e-01,3.096264130395505187e-01,3.096262143631968167e-01,3.096262143676077327e-01,3.096249739820537417e-01,3.096139971632718146e-01,3.089678499540381429e-01,9.999999999999996669e-01,3.089678499506666176e-01,3.096139971500694865e-01,3.096249739904851084e-01,3.096262143655255095e-01,3.096264130494751354e-01,3.096264130353174604e-01,3.096262143650277965e-01,3.096249739882076524e-01,3.096139971595306961e-01,3.089678499506666176e-01,9.999999999999996669e-01,3.089678499566836933e-01,3.096139971504246469e-01,3.096249739849928906e-01,3.096262143595421290e-01,3.096262143664214594e-01,3.096264130447072827e-01,3.096262143628516483e-01,3.096249739932923073e-01,3.096139971500694865e-01,3.089678499566836933e-01,9.999999999999996669e-01,3.089678499589617044e-01,3.096139971537207325e-01,3.096249739932055434e-01,3.096249739866573369e-01,3.096262143536177014e-01,3.096264130422103911e-01,3.096262143474006190e-01,3.096249739904851084e-01,3.096139971504246469e-01,3.089678499589617044e-01,9.999999999999996669e-01,3.089678499577730997e-01,3.096139971568639959e-01,3.096139971556151060e-01,3.096249739825261971e-01,3.096262143589457727e-01,3.096264130395505187e-01,3.096262143655255095e-01,3.096249739849928906e-01,3.096139971537207325e-01,3.089678499577730997e-01,9.999999999999996669e-01,3.089678499561021030e-01,3.089678499600075345e-01,3.096139971497303689e-01,3.096249739832009906e-01,3.096262143631968167e-01,3.096264130494751354e-01,3.096262143595421290e-01,3.096249739932055434e-01,3.096139971568639959e-01,3.089678499561021030e-01,9.999999999999996669e-01
1.000000000000002887e+00,-1.620166325473008928e-03,1.513812367674033377e-05,4.113244659739376252e-05,4.420730077341625611e-05,4.470305140482223449e-05,4.420726474116051796e-05,4.113241353184346472e-05,1.513810939542462042e-05,-1.620166294836754978e-03,-1.620166325473008928e-03,1.000000000000002887e+00,-1.620166313578644962e-03,1.513813563117170219e-05,4.113244115253522279e-05,4.420729269672947579e-05,4.470303898010744015e-05,4.420723494897096928e-05,4.113240682377533597e-05,1.513808848044653765e-05,1.513812367674033377e-05,-1.620166313578644962e-03,1.000000000000002887e+00,-1.620166279911516849e-03,1.513812671701973353e-05,4.113246125824344523e-05,4.420725025557244170e-05,4.470303182254123375e-05,4.420725005459084922e-05,4.113240995968006630e-05,4.113244659739376252e-05,1.513813563117170219e-05,-1.620166279911516849e-03,1.000000000000002887e+00,-1.620166309477192711e-03,1.513812402003311079e-05,4.113246269165423546e-05,4.420723399458335867e-05,4.470303441740219180e-05,4.420724592885030141e-05,4.420730077341625611e-05,4.113244115253522279e-05,1.513812671701973353e-05,-1.620166309477192711e-03,1.000000000000002887e+00,-1.620166314637170625e-03,1.513807515103734666e-05,4.113246907751590999e-05,4.420725898818343019e-05,4.470304766717933531e-05,4.470305140482223449e-05,4.420729269672947579e-05,4.113246125824344523e-05,1.513812402003311079e-05,-1.620166314637170625e-03,1.000000000000002887e+00,-1.620166287565033558e-03,1.513809217979292243e-05,4.113247214424474701e-05,4.420724843066101747e-05,4.420726474116051796e-05,4.470303898010744015e-05,4.420725025557244170e-05,4.113246269165423546e-05,1.513807515103734666e-05,-1.620166287565033558e-03,1.000000000000002887e+00,-1.620166321049998359e-03,1.513809297618712302e-05,4.113244906016333413e-05,4.113241353184346472e-05,4.420723494897096928e-05,4.470303182254123375e-05,4.420723399458335867e-05,4.113246907751590999e-05,1.513809217979292243e-05,-1.620166321049998359e-03,1.000000000000002887e+00,-1.620166284273132085e-03,1.513809202698113143e-05,1.513810939542462042e-05,4.113240682377533597e-05,4.420725005459084922e-05,4.470303441740219180e-05,4.420725898818343019e-05,4.113247214424474701e-05,1.513809297618712302e-05,-1.620166284273132085e-03,1.000000000000002887e+00,-1.620166316079127422e-03,-1.620166294836754978e-03,1.513808848044653765e-05,4.113240995968006630e-05,4.420724592885030141e-05,4.470304766717933531e-05,4.420724843066101747e-05,4.113244906016333413e-05,1.513809202698113143e-05,-1.620166316079127422e-03,1.000000000000002887e+00
1.000000000000000000e+00,3.002294915494187477e-01,3.008962667232817356e-01,3.009075754532503644e-01,3.009088547593564700e-01,3.009090597012437085e-01,3.009088547137780401e-01,3.009075754258643265e-01,3.008962667304077576e-01,3.002294915500641759e-01,3.002294915494187477e-01,1.000000000000000000e+00,3.002294915501036998e-01,3.008962667327007567e-01,3.009075754505877720e-01,3.009088547640387801e-01,3.009090596846202836e-01,3.009088547741405884e-01,3.009075754433601091e-01,3.008962667410252645e-01,3.008962667232817356e-01,3.002294915501036998e-01,1.000000000000000000e+00,3.002294915427834443e-01,3.008962667196208862e-01,3.009075754452319451e-01,3.009088547164870953e-01,3.009090596910465876e-01,3.009088547558800841e-01,3.009075754401906444e-01,3.009075754532503644e-01,3.008962667327007567e-01,3.002294915427834443e-01,1.000000000000000000e+00,3.002294915430161470e-01,3.008962667103784461e-01,3.009075754251608892e-01,3.009088547524431112e-01,3.009090596773136284e-01,3.009088547490849086e-01,3.009088547593564700e-01,3.009075754505877720e-01,3.008962667196208862e-01,3.002294915430161470e-01,1.000000000000000000e+00,3.002294915440286704e-01,3.008962666900838467e-01,3.009075754617418497e-01,3.009088547395584179e-01,3.009090596920766525e-01,3.009090597012437085e-01,3.009088547640387801e-01,3.009075754452319451e-01,3.008962667103784461e-01,3.002294915440286704e-01,1.000000000000000000e+00,3.002294915304188350e-01,3.008962667243317290e-01,3.009075754779733658e-01,3.009088547447848483e-01,3.009088547137780401e-01,3.009090596846202836e-01,3.009088547164870953e-01,3.009075754251608892e-01,3.008962666900838467e-01,3.002294915304188350e-01,1.000000000000000000e+00,3.002294915382275331e-01,3.008962667098887822e-01,3.009075754603776076e-01,3.009075754258643265e-01,3.009088547741405884e-01,3.009090596910465876e-01,3.009088547524431112e-01,3.009075754617418497e-01,3.008962667243317290e-01,3.002294915382275331e-01,1.000000000000000000e+00,3.002294915685231880e-01,3.008962667293658688e-01,3.008962667304077576e-01,3.009075754433601091e-01,3.009088547558800841e-01,3.009090596773136284e-01,3.009088547395584179e-01,3.009075754779733658e-01,3.008962667098887822e-01,3.002294915685231880e-01,1.000000000000000000e+00,3.002294915603153647e-01,3.002294915500641759e-01,3.008962667410252645e-01,3.009075754401906444e-01,3.009088547490849086e-01,3.009090596920766525e-01,3.009088547447848483e-01,3.009075754603776076e-01,3.008962667293658688e-01,3.002294915603153647e-01,1.000000000000000000e+00
1.000000000000000000e+00,6.355872458183583484e-01,6.357177280834167554e-01,6.357200616066807086e-01,6.357203164958425967e-01,6.357203570763236833e-01,6.357203164834751563e-01,6.357200616046537744e-01,6.357177280901772365e-01,6.355872458086995191e-01,6.355872458183583484e-01,1.000000000000000000e+00,6.355872458133171587e-01,6.357177281026969995e-01,6.357200616242392188e-01,6.357203165184707183e-01,6.357203570833075412e-01,6.357203165166748215e-01,6.357200616142936189e-01,6.357177281033909999e-01,6.357177280834167554e-01,6.355872458133171587e-01,1.000000000000000000e+00,6.355872458011698756e-01,6.357177280900782046e-01,6.357200616282472350e-01,6.357203164914706495e-01,6.357203570792460123e-01,6.357203164969574827e-01,6.357200616039706542e-01,6.357200616066807086e-01,6.357177281026969995e-01,6.355872458011698756e-01,1.000000000000000000e+00,6.355872458025535465e-01,6.357177280898945737e-01,6.357200616172523633e-01,6.357203165020214319e-01,6.357203570530841619e-01,6.357203164888488578e-01,6.357203164958425967e-01,6.357200616242392188e-01,6.357177280900782046e-01,6.355872458025535465e-01,1.000000000000000000e+00,6.355872458057240104e-01,6.357177280808831155e-01,6.357200616176158503e-01,6.357203164872990975e-01,6.357203570586164032e-01,6.357203570763236833e-01,6.357203165184707183e-01,6.357200616282472350e-01,6.357177280898945737e-01,6.355872458057240104e-01,1.000000000000000000e+00,6.355872458062478136e-01,6.357177280990745638e-01,6.357200616242287827e-01,6.357203164930369521e-01,6.357203164834751563e-01,6.357203570833075412e-01,6.357203164914706495e-01,6.357200616172523633e-01,6.357177280808831155e-01,6.355872458062478136e-01,1.000000000000000000e+00,6.355872458163954741e-01,6.357177280828574251e-01,6.357200616125185944e-01,6.357200616046537744e-01,6.357203165166748215e-01,6.357203570792460123e-01,6.357203165020214319e-01,6.357200616176158503e-01,6.357177280990745638e-01,6.355872458163954741e-01,1.000000000000000000e+00,6.355872458242861622e-01,6.357177280919036333e-01,6.357177280901772365e-01,6.357200616142936189e-01,6.357203164969574827e-01,6.357203570530841619e-01,6.357203164872990975e-01,6.357200616242287827e-01,6.357177280828574251e-01,6.355872458242861622e-01,1.000000000000000000e+00,6.355872458121488711e-01,6.355872458086995191e-01,6.357177281033909999e-01,6.357200616039706542e-01,6.357203164888488578e-01,6.357203570586164032e-01,6.357203164930369521e-01,6.357200616125185944e-01,6.357177280919036333e-01,6.355872458121488711e-01,1.000000000000000000e+00
9.999999999999996669e-01,7.978827929741140190e-01,7.979126967763261469e-01,7.979132411347262810e-01,7.979132999147667826e-01,7.979133092571816244e-01,7.979132999092185541e-01,7.979132411549175741e-01,7.979126967892176125e-01,7.978827929545473374e-01,7.978827929741140190e-01,9.999999999999996669e-01,7.978827929713810940e-01,7.979126968043601664e-01,7.979132411637087641e-01,7.979132999472319243e-01,7.979133092683503570e-01,7.979132999547589034e-01,7.979132411625371457e-01,7.979126968036316381e-01,7.979126967763261469e-01,7.978827929713810940e-01,9.999999999999996669e-01,7.978827929514293871e-01,7.979126967840490803e-01,7.979132411531061342e-01,7.979132999097585666e-01,7.979133092672273664e-01,7.979132999177241947e-01,7.979132411314500128e-01,7.979132411347262810e-01,7.979126968043601664e-01,7.978827929514293871e-01,9.999999999999996669e-01,7.978827929585980971e-01,7.979126967957043126e-01,7.979132411434540773e-01,7.979132999339911825e-01,7.979133092479554490e-01,7.979132999104451285e-01,7.979132999147667826e-01,7.979132411637087641e-01,7.979126967840490803e-01,7.978827929585980971e-01,9.999999999999996669e-01,7.978827929711000966e-01,7.979126967863643394e-01,7.979132411639335842e-01,7.979132999221100198e-01,7.979133092448410514e-01,7.979133092571816244e-01,7.979132999472319243e-01,7.979132411531061342e-01,7.979126967957043126e-01,7.978827929711000966e-01,9.999999999999996669e-01,7.978827929700627042e-01,7.979126968174747869e-01,7.979132411623995891e-01,7.979132999215677868e-01,7.979132999092185541e-01,7.979133092683503570e-01,7.979132999097585666e-01,7.979132411434540773e-01,7.979126967863643394e-01,7.978827929700627042e-01,9.999999999999996669e-01,7.978827929831625587e-01,7.979126967911337465e-01,7.979132411394516122e-01,7.979132411549175741e-01,7.979132999547589034e-01,7.979133092672273664e-01,7.979132999339911825e-01,7.979132411639335842e-01,7.979126968174747869e-01,7.978827929831625587e-01,9.999999999999996669e-01,7.978827929917818862e-01,7.979126968031864386e-01,7.979126967892176125e-01,7.979132411625371457e-01,7.979132999177241947e-01,7.979133092479554490e-01,7.979132999221100198e-01,7.979132411623995891e-01,7.979126967911337465e-01,7.978827929917818862e-01,9.999999999999996669e-01,7.978827929661754803e-01,7.978827929545473374e-01,7.979126968036316381e-01,7.979132411314500128e-01,7.979132999104451285e-01,7.979133092448410514e-01,7.979132999215677868e-01,7.979132411394516122e-01,7.979126968031864386e-01,7.978827929661754803e-01,9.999999999999996669e-01
9.999999999999986677e-01,8.756233112057507650e-01,8.756321972930067865e-01,8.756323600578060917e-01,8.756323775606938975e-01,8.756323803402099593e-01,8.756323775563190637e-01,8.756323600719986278e-01,8.756321973013836413e-01,8.756233111919426992e-01,8.756233112057507650e-01,9.999999999999986677e-01,8.756233112033786625e-01,8.756321973117455748e-01,8.756323600733862955e-01,8.756323775762508976e-01,8.756323803469689970e-01,8.756323775861827308e-01,8.756323600735060886e-01,8.756321973078506904e-01,8.756321972930067865e-01,8.756233112033786625e-01,9.999999999999986677e-01,8.756233111932317792e-01,8.756321972980500856e-01,8.756323600609673408e-01,8.756323775542124155e-01,8.756323803485700497e-01,8.756323775598778836e-01,8.756323600516776606e-01,8.756323600578060917e-01,8.756321973117455748e-01,8.756233111932317792e-01,9.999999999999986677e-01,8.756233112001898800e-01,8.756321973054898011e-01,8.756323600595208312e-01,8.756323775759453643e-01,8.756323803410331896e-01,8.756323775577896651e-01,8.756323775606938975e-01,8.756323600733862955e-01,8.756321972980500856e-01,8.756233112001898800e-01,9.999999999999986677e-01,8.756233112043722011e-01,8.756321973007324955e-01,8.756323600771399596e-01,8.756323775666637887e-01,8.756323803362983105e-01,8.756323803402099593e-01,8.756323775762508976e-01,8.756323600609673408e-01,8.756321973054898011e-01,8.756233112043722011e-01,9.999999999999986677e-01,8.756233112006820418e-01,8.756321973197459529e-01,8.756323600691546805e-01,8.756323775614980320e-01,8.756323775563190637e-01,8.756323803469689970e-01,8.756323775542124155e-01,8.756323600595208312e-01,8.756321973007324955e-01,8.756233112006820418e-01,9.999999999999986677e-01,8.756233112114706341e-01,8.756321973020397831e-01,8.756323600551627617e-01,8.756323600719986278e-01,8.756323775861827308e-01,8.756323803485700497e-01,8.756323775759453643e-01,8.756323600771399596e-01,8.756321973197459529e-01,8.756233112114706341e-01,9.999999999999986677e-01,8.756233112170028754e-01,8.756321973114664647e-01,8.756321973013836413e-01,8.756323600735060886e-01,8.756323775598778836e-01,8.756323803410331896e-01,8.756323775666637887e-01,8.756323600691546805e-01,8.756321973020397831e-01,8.756233112170028754e-01,9.999999999999986677e-01,8.756233111983208195e-01,8.756233111919426992e-01,8.756321973078506904e-01,8.756323600516776606e-01,8.756323775577896651e-01,8.756323803362983105e-01,8.756323775614980320e-01,8.756323600551627617e-01,8.756321973114664647e-01,8.756233111983208195e-01,9.999999999999986677e-01
