9.999999999999992228e-01,5.393888332788304707e-01,5.696004669615002403e-01,5.398510964898638465e-01,5.713912639610115862e-01,5.398309878207514512e-01,5.713912638149565293e-01,5.398510967436999097e-01,5.696004669841511214e-01,5.393888335952944368e-01,5.393888332788304707e-01,9.999999999999992228e-01,5.393888331821586890e-01,5.696004670541160442e-01,5.398510964099014764e-01,5.713912637986084953e-01,5.398309873150085592e-01,5.713912633410723751e-01,5.398510964899859710e-01,5.696004671799430596e-01,5.696004669615002403e-01,5.393888331821586890e-01,9.999999999999992228e-01,5.393888330470524295e-01,5.696004670603911357e-01,5.398510968074625715e-01,5.713912638323858095e-01,5.398309875629797583e-01,5.713912637357188018e-01,5.398510968368915863e-01,5.398510964898638465e-01,5.696004670541160442e-01,5.393888330470524295e-01,9.999999999999992228e-01,5.393888329179588048e-01,5.696004669487124694e-01,5.398510962754048403e-01,5.713912635801700057e-01,5.398309872746809290e-01,5.713912638083264994e-01,5.713912639610115862e-01,5.398510964099014764e-01,5.696004670603911357e-01,5.393888329179588048e-01,9.999999999999992228e-01,5.393888333525241885e-01,5.696004669240848362e-01,5.398510965111031901e-01,5.713912639381253378e-01,5.398309876177493916e-01,5.398309878207514512e-01,5.713912637986084953e-01,5.398510968074625715e-01,5.696004669487124694e-01,5.393888333525241885e-01,9.999999999999992228e-01,5.393888333443729310e-01,5.696004673698368270e-01,5.398510967680629768e-01,5.713912637013853768e-01,5.713912638149565293e-01,5.398309873150085592e-01,5.713912638323858095e-01,5.398510962754048403e-01,5.696004669240848362e-01,5.393888333443729310e-01,9.999999999999992228e-01,5.393888331648432066e-01,5.696004669543781596e-01,5.398510967088230306e-01,5.398510967436999097e-01,5.713912633410723751e-01,5.398309875629797583e-01,5.713912635801700057e-01,5.398510965111031901e-01,5.696004673698368270e-01,5.393888331648432066e-01,9.999999999999992228e-01,5.393888332575549338e-01,5.696004674307486582e-01,5.696004669841511214e-01,5.398510964899859710e-01,5.713912637357188018e-01,5.398309872746809290e-01,5.713912639381253378e-01,5.398510967680629768e-01,5.696004669543781596e-01,5.393888332575549338e-01,9.999999999999992228e-01,5.393888334541632190e-01,5.393888335952944368e-01,5.696004671799430596e-01,5.398510968368915863e-01,5.713912638083264994e-01,5.398309876177493916e-01,5.713912637013853768e-01,5.398510967088230306e-01,5.696004674307486582e-01,5.393888334541632190e-01,9.999999999999992228e-01
9.999999999999962252e-01,5.125046241669797276e-01,5.566205190773669820e-01,5.135108306612840012e-01,5.594333234814223843e-01,5.134605003973565784e-01,5.594333234843250624e-01,5.135108306652127474e-01,5.566205190663291447e-01,5.125046241697652771e-01,5.125046241669797276e-01,9.999999999999962252e-01,5.125046241799225966e-01,5.566205190736506214e-01,5.135108306570437264e-01,5.594333234891687434e-01,5.134605003775578602e-01,5.594333234827404411e-01,5.135108306507423226e-01,5.566205190761832622e-01,5.566205190773669820e-01,5.125046241799225966e-01,9.999999999999962252e-01,5.125046241832214022e-01,5.566205190818638293e-01,5.135108306811106971e-01,5.594333234827961743e-01,5.134605004031856934e-01,5.594333234851192049e-01,5.135108306709468273e-01,5.135108306612840012e-01,5.566205190736506214e-01,5.125046241832214022e-01,9.999999999999962252e-01,5.125046241735106145e-01,5.566205190766189137e-01,5.135108306539982737e-01,5.594333234816669664e-01,5.134605003842536153e-01,5.594333234923137832e-01,5.594333234814223843e-01,5.135108306570437264e-01,5.566205190818638293e-01,5.125046241735106145e-01,9.999999999999962252e-01,5.125046241817594606e-01,5.566205190730915131e-01,5.135108306663964672e-01,5.594333234869187654e-01,5.134605003898662368e-01,5.134605003973565784e-01,5.594333234891687434e-01,5.135108306811106971e-01,5.566205190766189137e-01,5.125046241817594606e-01,9.999999999999962252e-01,5.125046241723094642e-01,5.566205190842707928e-01,5.135108306641320564e-01,5.594333234790452858e-01,5.594333234843250624e-01,5.134605003775578602e-01,5.594333234827961743e-01,5.135108306539982737e-01,5.566205190730915131e-01,5.125046241723094642e-01,9.999999999999962252e-01,5.125046241681631143e-01,5.566205190698285676e-01,5.135108306520409505e-01,5.135108306652127474e-01,5.594333234827404411e-01,5.134605004031856934e-01,5.594333234816669664e-01,5.135108306663964672e-01,5.566205190842707928e-01,5.125046241681631143e-01,9.999999999999962252e-01,5.125046241705267791e-01,5.566205190792966606e-01,5.566205190663291447e-01,5.135108306507423226e-01,5.594333234851192049e-01,5.134605003842536153e-01,5.594333234869187654e-01,5.135108306641320564e-01,5.566205190698285676e-01,5.125046241705267791e-01,9.999999999999962252e-01,5.125046241657094104e-01,5.125046241697652771e-01,5.566205190761832622e-01,5.135108306709468273e-01,5.594333234923137832e-01,5.134605003898662368e-01,5.594333234790452858e-01,5.135108306520409505e-01,5.566205190792966606e-01,5.125046241657094104e-01,9.999999999999962252e-01
9.999999999999982236e-01,4.660193318475777113e-01,5.352287116422638213e-01,4.684706602375339202e-01,5.396805288224988395e-01,4.683318389278126048e-01,5.396805288250023924e-01,4.684706602384344776e-01,5.352287116389444765e-01,4.660193318468641710e-01,4.660193318475777113e-01,9.999999999999982236e-01,4.660193318530162498e-01,5.352287117485330370e-01,4.684706602377372020e-01,5.396805289340982359e-01,4.683318389244652824e-01,5.396805289360976365e-01,4.684706602361523031e-01,5.352287117518153003e-01,5.352287116422638213e-01,4.660193318530162498e-01,9.999999999999982236e-01,4.660193318552972030e-01,5.352287116420507695e-01,4.684706602434012268e-01,5.396805288234812759e-01,4.683318389340149768e-01,5.396805288243066157e-01,4.684706602400531272e-01,4.684706602375339202e-01,5.352287117485330370e-01,4.660193318552972030e-01,9.999999999999982236e-01,4.660193318513570215e-01,5.352287117529284100e-01,4.684706602366645600e-01,5.396805289343694634e-01,4.683318389276676097e-01,5.396805289354520418e-01,5.396805288224988395e-01,4.684706602377372020e-01,5.352287116420507695e-01,4.660193318513570215e-01,9.999999999999982236e-01,4.660193318520272632e-01,5.352287116401825973e-01,4.684706602403644338e-01,5.396805288256076860e-01,4.683318389261621473e-01,4.683318389278126048e-01,5.396805289340982359e-01,4.684706602434012268e-01,5.352287117529284100e-01,4.660193318520272632e-01,9.999999999999982236e-01,4.660193318492752423e-01,5.352287117528522487e-01,4.684706602384993146e-01,5.396805289340806944e-01,5.396805288250023924e-01,4.683318389244652824e-01,5.396805288234812759e-01,4.684706602366645600e-01,5.352287116401825973e-01,4.660193318492752423e-01,9.999999999999982236e-01,4.660193318497576342e-01,5.352287116402236755e-01,4.684706602338215564e-01,4.684706602384344776e-01,5.396805289360976365e-01,4.683318389340149768e-01,5.396805289343694634e-01,4.684706602403644338e-01,5.352287117528522487e-01,4.660193318497576342e-01,9.999999999999982236e-01,4.660193318510593707e-01,5.352287117520893034e-01,5.352287116389444765e-01,4.684706602361523031e-01,5.396805288243066157e-01,4.683318389276676097e-01,5.396805288256076860e-01,4.684706602384993146e-01,5.352287116402236755e-01,4.660193318510593707e-01,9.999999999999982236e-01,4.660193318469735280e-01,4.660193318468641710e-01,5.352287117518153003e-01,4.684706602400531272e-01,5.396805289354520418e-01,4.683318389261621473e-01,5.396805289340806944e-01,4.684706602338215564e-01,5.352287117520893034e-01,4.660193318469735280e-01,9.999999999999982236e-01
9.999999999999980016e-01,3.813638194917625679e-01,5.002766971796943629e-01,3.880392318014220243e-01,5.066472912807336026e-01,3.876366147072048962e-01,5.066472912814419249e-01,3.880392318021812503e-01,5.002766971800824969e-01,3.813638194916503243e-01,3.813638194917625679e-01,9.999999999999980016e-01,3.813638194931509018e-01,5.002766971800631790e-01,3.880392318005795316e-01,5.066472912832452602e-01,3.876366147071393375e-01,5.066472912840118692e-01,3.880392318011702812e-01,5.002766971815819641e-01,5.002766971796943629e-01,3.813638194931509018e-01,9.999999999999980016e-01,3.813638194935390358e-01,5.002766971801071438e-01,3.880392318016521180e-01,5.066472912824987462e-01,3.876366147098049830e-01,5.066472912812445273e-01,3.880392318018738296e-01,3.880392318014220243e-01,5.002766971800631790e-01,3.813638194935390358e-01,9.999999999999980016e-01,3.813638194923984481e-01,5.002766971814580632e-01,3.880392318012726993e-01,5.066472912839979914e-01,3.876366147085784641e-01,5.066472912822527208e-01,5.066472912807336026e-01,3.880392318005795316e-01,5.002766971801071438e-01,3.813638194923984481e-01,9.999999999999980016e-01,3.813638194918397284e-01,5.002766971787380168e-01,3.880392318021058662e-01,5.066472912828765551e-01,3.876366147073090351e-01,3.876366147072048962e-01,5.066472912832452602e-01,3.880392318016521180e-01,5.002766971814580632e-01,3.813638194918397284e-01,9.999999999999980016e-01,3.813638194915815460e-01,5.002766971806409391e-01,3.880392318011554598e-01,5.066472912831286868e-01,5.066472912814419249e-01,3.876366147071393375e-01,5.066472912824987462e-01,3.880392318012726993e-01,5.002766971787380168e-01,3.813638194915815460e-01,9.999999999999980016e-01,3.813638194932510439e-01,5.002766971797925066e-01,3.880392318006625763e-01,3.880392318021812503e-01,5.066472912840118692e-01,3.876366147098049830e-01,5.066472912839979914e-01,3.880392318021058662e-01,5.002766971806409391e-01,3.813638194932510439e-01,9.999999999999980016e-01,3.813638194942015613e-01,5.002766971809087249e-01,5.002766971800824969e-01,3.880392318011702812e-01,5.066472912812445273e-01,3.876366147085784641e-01,5.066472912828765551e-01,3.880392318011554598e-01,5.002766971797925066e-01,3.813638194942015613e-01,9.999999999999980016e-01,3.813638194925663694e-01,3.813638194916503243e-01,5.002766971815819641e-01,3.880392318018738296e-01,5.066472912822527208e-01,3.876366147073090351e-01,5.066472912831286868e-01,3.880392318006625763e-01,5.002766971809087249e-01,3.813638194925663694e-01,9.999999999999980016e-01
1.000000000000000888e+00,2.265862944538565293e-01,4.521332636186009002e-01,2.455379321637258805e-01,4.569406023334685596e-01,2.445185512529857719e-01,4.569406025860731080e-01,2.455379322917510820e-01,4.521332635506927766e-01,2.265862945274664808e-01,2.265862944538565293e-01,1.000000000000000888e+00,2.265862949128075177e-01,4.521332634413616214e-01,2.455379320791737652e-01,4.569406026237429197e-01,2.445185511421862912e-01,4.569406026103435270e-01,2.455379323670267566e-01,4.521332636785342363e-01,4.521332636186009002e-01,2.265862949128075177e-01,1.000000000000000888e+00,2.265862950724619185e-01,4.521332635907003850e-01,2.455379325139536162e-01,4.569406027270020432e-01,2.445185517745327997e-01,4.569406024067791394e-01,2.455379324555733156e-01,2.455379321637258805e-01,4.521332634413616214e-01,2.265862950724619185e-01,1.000000000000000888e+00,2.265862946439107517e-01,4.521332638668276172e-01,2.455379321280151128e-01,4.569406028714096957e-01,2.445185515259760134e-01,4.569406025430794438e-01,4.569406023334685596e-01,2.455379320791737652e-01,4.521332635907003850e-01,2.265862946439107517e-01,1.000000000000000888e+00,2.265862946000972711e-01,4.521332634385946680e-01,2.455379323178657480e-01,4.569406025500515889e-01,2.445185511900371811e-01,2.445185512529857719e-01,4.569406026237429197e-01,2.455379325139536162e-01,4.521332638668276172e-01,2.265862946000972711e-01,1.000000000000000888e+00,2.265862946302809600e-01,4.521332634449248822e-01,2.455379324318753276e-01,4.569406025719341402e-01,4.569406025860731080e-01,2.445185511421862912e-01,4.569406027270020432e-01,2.455379321280151128e-01,4.521332634385946680e-01,2.265862946302809600e-01,1.000000000000000888e+00,2.265862948936567811e-01,4.521332636308872943e-01,2.455379320580051150e-01,2.455379322917510820e-01,4.569406026103435270e-01,2.445185517745327997e-01,4.569406028714096957e-01,2.455379323178657480e-01,4.521332634449248822e-01,2.265862948936567811e-01,1.000000000000000888e+00,2.265862950889971916e-01,4.521332636465145161e-01,4.521332635506927766e-01,2.455379323670267566e-01,4.569406024067791394e-01,2.445185515259760134e-01,4.569406025500515889e-01,2.455379324318753276e-01,4.521332636308872943e-01,2.265862950889971916e-01,1.000000000000000888e+00,2.265862947884506595e-01,2.265862945274664808e-01,4.521332636785342363e-01,2.455379324555733156e-01,4.569406025430794438e-01,2.445185511900371811e-01,4.569406025719341402e-01,2.455379320580051150e-01,4.521332636465145161e-01,2.265862947884506595e-01,1.000000000000000888e+00
9.999999999999985567e-01,-2.929955002143082993e-02,4.261401485145158707e-01,1.502667749506673978e-02,4.165558356071873414e-01,1.359937187945709641e-02,4.165558356788199301e-01,1.502667747188929370e-02,4.261401483466334961e-01,-2.929954999022713058e-02,-2.929955002143082993e-02,9.999999999999985567e-01,-2.929954957292867090e-02,4.261401483260697232e-01,1.502667753204292578e-02,4.165558357834664438e-01,1.359937206189981707e-02,4.165558357243558385e-01,1.502667765609436851e-02,4.261401484752740387e-01,4.261401485145158707e-01,-2.929954957292867090e-02,9.999999999999985567e-01,-2.929954949748168891e-02,4.261401485060030692e-01,1.502667775054487842e-02,4.165558357231660125e-01,1.359937230149255161e-02,4.165558355784634292e-01,1.502667781254325707e-02,1.502667749506673978e-02,4.261401483260697232e-01,-2.929954949748168891e-02,9.999999999999985567e-01,-2.929954983659337209e-02,4.261401486612579337e-01,1.502667767526966180e-02,4.165558356398327278e-01,1.359937219046963852e-02,4.165558356439625909e-01,4.165558356071873414e-01,1.502667753204292578e-02,4.261401485060030692e-01,-2.929954983659337209e-02,9.999999999999985567e-01,-2.929954989536090113e-02,4.261401483559644765e-01,1.502667759406578485e-02,4.165558357459807626e-01,1.359937202324397465e-02,1.359937187945709641e-02,4.165558357834664438e-01,1.502667775054487842e-02,4.261401486612579337e-01,-2.929954989536090113e-02,9.999999999999985567e-01,-2.929954980258100972e-02,4.261401483340629959e-01,1.502667766738555177e-02,4.165558355889287245e-01,4.165558356788199301e-01,1.359937206189981707e-02,4.165558357231660125e-01,1.502667767526966180e-02,4.261401483559644765e-01,-2.929954980258100972e-02,9.999999999999985567e-01,-2.929954974396986600e-02,4.261401484217246516e-01,1.502667764470846934e-02,1.502667747188929370e-02,4.165558357243558385e-01,1.359937230149255161e-02,4.165558356398327278e-01,1.502667759406578485e-02,4.261401483340629959e-01,-2.929954974396986600e-02,9.999999999999985567e-01,-2.929954967968115276e-02,4.261401484685051200e-01,4.261401483466334961e-01,1.502667765609436851e-02,4.165558355784634292e-01,1.359937219046963852e-02,4.165558357459807626e-01,1.502667766738555177e-02,4.261401484217246516e-01,-2.929954967968115276e-02,9.999999999999985567e-01,-2.929954972319450887e-02,-2.929954999022713058e-02,4.261401484752740387e-01,1.502667781254325707e-02,4.165558356439625909e-01,1.359937202324397465e-02,4.165558355889287245e-01,1.502667764470846934e-02,4.261401484685051200e-01,-2.929954972319450887e-02,9.999999999999985567e-01
1.000000000000002442e+00,-3.764194332599610782e-01,5.185384584338703640e-01,-3.248955990733554122e-01,4.969719647767847359e-01,-3.254664209071579384e-01,4.969719649708779219e-01,-3.248955989955935042e-01,5.185384586653822847e-01,-3.764194333556146743e-01,-3.764194332599610782e-01,1.000000000000002442e+00,-3.764194336519262052e-01,5.185384589512207487e-01,-3.248955988852380017e-01,4.969719649119193061e-01,-3.254664207104850937e-01,4.969719647407179752e-01,-3.248955991084520045e-01,5.185384584788007567e-01,5.185384584338703640e-01,-3.764194336519262052e-01,1.000000000000002442e+00,-3.764194337221529740e-01,5.185384585013818048e-01,-3.248955994334929986e-01,4.969719649409875539e-01,-3.254664208283807869e-01,4.969719646620038844e-01,-3.248955992120732272e-01,-3.248955990733554122e-01,5.185384589512207487e-01,-3.764194337221529740e-01,1.000000000000002442e+00,-3.764194331244079539e-01,5.185384586036492216e-01,-3.248955991474994365e-01,4.969719650051569459e-01,-3.254664208697516381e-01,4.969719648526001454e-01,4.969719647767847359e-01,-3.248955988852380017e-01,5.185384585013818048e-01,-3.764194331244079539e-01,1.000000000000002442e+00,-3.764194333534054415e-01,5.185384585755343778e-01,-3.248955988189441424e-01,4.969719646401404844e-01,-3.254664205265334065e-01,-3.254664209071579384e-01,4.969719649119193061e-01,-3.248955994334929986e-01,5.185384586036492216e-01,-3.764194333534054415e-01,1.000000000000002442e+00,-3.764194336207490332e-01,5.185384587116186328e-01,-3.248955993414924803e-01,4.969719650140729250e-01,4.969719649708779219e-01,-3.254664207104850937e-01,4.969719649409875539e-01,-3.248955991474994365e-01,5.185384585755343778e-01,-3.764194336207490332e-01,1.000000000000002442e+00,-3.764194332942243926e-01,5.185384584364060023e-01,-3.248955990527874760e-01,-3.248955989955935042e-01,4.969719647407179752e-01,-3.254664208283807869e-01,4.969719650051569459e-01,-3.248955988189441424e-01,5.185384587116186328e-01,-3.764194332942243926e-01,1.000000000000002442e+00,-3.764194334959111710e-01,5.185384587126056211e-01,5.185384586653822847e-01,-3.248955991084520045e-01,4.969719646620038844e-01,-3.254664208697516381e-01,4.969719646401404844e-01,-3.248955993414924803e-01,5.185384584364060023e-01,-3.764194334959111710e-01,1.000000000000002442e+00,-3.764194336257477014e-01,-3.764194333556146743e-01,5.185384584788007567e-01,-3.248955992120732272e-01,4.969719648526001454e-01,-3.254664205265334065e-01,4.969719650140729250e-01,-3.248955990527874760e-01,5.185384587126056211e-01,-3.764194336257477014e-01,1.000000000000002442e+00
1.000000000000001332e+00,-6.951636607226797659e-01,7.252477785756215045e-01,-6.759551868960410603e-01,7.171851010458814013e-01,-6.759834680713279198e-01,7.171850994993853590e-01,-6.759551864508668295e-01,7.252477766145745131e-01,-6.951636609718040427e-01,-6.951636607226797659e-01,1.000000000000001332e+00,-6.951636614359291144e-01,7.252477761510222054e-01,-6.759551874975877617e-01,7.171850998888819051e-01,-6.759834681284461189e-01,7.171851005215948982e-01,-6.759551871826203762e-01,7.252477776090363593e-01,7.252477785756215045e-01,-6.951636614359291144e-01,1.000000000000001332e+00,-6.951636611364807594e-01,7.252477776518964081e-01,-6.759551871690634428e-01,7.171851005187216410e-01,-6.759834699936612123e-01,7.171851018301054204e-01,-6.759551886781369756e-01,-6.759551868960410603e-01,7.252477761510222054e-01,-6.951636611364807594e-01,1.000000000000001332e+00,-6.951636624695023414e-01,7.252477780652296646e-01,-6.759551869698822157e-01,7.171851014114544176e-01,-6.759834705905282126e-01,7.171851021811082028e-01,7.171851010458814013e-01,-6.759551874975877617e-01,7.252477776518964081e-01,-6.951636624695023414e-01,1.000000000000001332e+00,-6.951636616906666788e-01,7.252477769892112791e-01,-6.759551882871440709e-01,7.171851022528477060e-01,-6.759834714077640472e-01,-6.759834680713279198e-01,7.171850998888819051e-01,-6.759551871690634428e-01,7.252477780652296646e-01,-6.951636616906666788e-01,1.000000000000001332e+00,-6.951636600537188793e-01,7.252477775138911342e-01,-6.759551873137579214e-01,7.171851010233688539e-01,7.171850994993853590e-01,-6.759834681284461189e-01,7.171851005187216410e-01,-6.759551869698822157e-01,7.252477769892112791e-01,-6.951636600537188793e-01,1.000000000000001332e+00,-6.951636608810303208e-01,7.252477772712163651e-01,-6.759551874054985365e-01,-6.759551864508668295e-01,7.171851005215948982e-01,-6.759834699936612123e-01,7.171851014114544176e-01,-6.759551882871440709e-01,7.252477775138911342e-01,-6.951636608810303208e-01,1.000000000000001332e+00,-6.951636613106653151e-01,7.252477774238601516e-01,7.252477766145745131e-01,-6.759551871826203762e-01,7.171851018301054204e-01,-6.759834705905282126e-01,7.171851022528477060e-01,-6.759551873137579214e-01,7.252477772712163651e-01,-6.951636613106653151e-01,1.000000000000001332e+00,-6.951636618446928040e-01,-6.951636609718040427e-01,7.252477776090363593e-01,-6.759551886781369756e-01,7.171851021811082028e-01,-6.759834714077640472e-01,7.171851010233688539e-01,-6.759551874054985365e-01,7.252477774238601516e-01,-6.951636618446928040e-01,1.000000000000001332e+00
1.000000000000002887e+00,-8.493009841054985909e-01,8.554936191514849186e-01,-8.440415227928643738e-01,8.538095892606790693e-01,-8.440301733805756212e-01,8.538095896175067478e-01,-8.440415228402933234e-01,8.554936188915205353e-01,-8.493009842378438368e-01,-8.493009841054985909e-01,1.000000000000002887e+00,-8.493009830475084510e-01,8.554936190913379201e-01,-8.440415222034799436e-01,8.538095883198811853e-01,-8.440301741255933354e-01,8.538095892713549739e-01,-8.440415217966877881e-01,8.554936193691653479e-01,8.554936191514849186e-01,-8.493009830475084510e-01,1.000000000000002887e+00,-8.493009827818633894e-01,8.554936182908995379e-01,-8.440415207856489799e-01,8.538095887339496315e-01,-8.440301732841615223e-01,8.538095880011254968e-01,-8.440415220929646800e-01,-8.440415227928643738e-01,8.554936190913379201e-01,-8.493009827818633894e-01,1.000000000000002887e+00,-8.493009833822819932e-01,8.554936184324757331e-01,-8.440415224651289794e-01,8.538095890775629915e-01,-8.440301731606878466e-01,8.538095893828999694e-01,8.538095892606790693e-01,-8.440415222034799436e-01,8.554936182908995379e-01,-8.493009833822819932e-01,1.000000000000002887e+00,-8.493009824191039003e-01,8.554936188439715705e-01,-8.440415220946788644e-01,8.538095882717147145e-01,-8.440301739428290873e-01,-8.440301733805756212e-01,8.538095883198811853e-01,-8.440415207856489799e-01,8.554936184324757331e-01,-8.493009824191039003e-01,1.000000000000002887e+00,-8.493009826682300645e-01,8.554936183098270641e-01,-8.440415207063594050e-01,8.538095885567310583e-01,8.538095896175067478e-01,-8.440301741255933354e-01,8.538095887339496315e-01,-8.440415224651289794e-01,8.554936188439715705e-01,-8.493009826682300645e-01,1.000000000000002887e+00,-8.493009837948530816e-01,8.554936187427585326e-01,-8.440415228378070900e-01,-8.440415228402933234e-01,8.538095892713549739e-01,-8.440301732841615223e-01,8.538095890775629915e-01,-8.440415220946788644e-01,8.554936183098270641e-01,-8.493009837948530816e-01,1.000000000000002887e+00,-8.493009830431199614e-01,8.554936195476450234e-01,8.554936188915205353e-01,-8.440415217966877881e-01,8.538095880011254968e-01,-8.440301731606878466e-01,8.538095882717147145e-01,-8.440415207063594050e-01,8.554936187427585326e-01,-8.493009830431199614e-01,1.000000000000002887e+00,-8.493009832824831573e-01,-8.493009842378438368e-01,8.554936193691653479e-01,-8.440415220929646800e-01,8.538095893828999694e-01,-8.440301739428290873e-01,8.538095885567310583e-01,-8.440415228378070900e-01,8.554936195476450234e-01,-8.493009832824831573e-01,1.000000000000002887e+00
1.000000000000003997e+00,-9.126846664477962223e-01,9.140112196413293644e-01,-9.106122944845688183e-01,9.135799537567481643e-01,-9.106059625798370583e-01,9.135799542459501765e-01,-9.106122943876697740e-01,9.140112197623739831e-01,-9.126846665404494408e-01,-9.126846664477962223e-01,1.000000000000003997e+00,-9.126846654666732617e-01,9.140112200459028502e-01,-9.106122943257120017e-01,9.135799529169071898e-01,-9.106059638239807352e-01,9.135799534872026673e-01,-9.106122938705365488e-01,9.140112204547292674e-01,9.140112196413293644e-01,-9.126846654666732617e-01,1.000000000000003997e+00,-9.126846649758235674e-01,9.140112190124753955e-01,-9.106122925082403841e-01,9.135799531257807748e-01,-9.106059620654475273e-01,9.135799521868173123e-01,-9.106122939255392179e-01,-9.106122944845688183e-01,9.140112200459028502e-01,-9.126846649758235674e-01,1.000000000000003997e+00,-9.126846654144944448e-01,9.140112188495447265e-01,-9.106122943627841249e-01,9.135799529886432513e-01,-9.106059621782649494e-01,9.135799537249217339e-01,9.135799537567481643e-01,-9.106122943257120017e-01,9.140112190124753955e-01,-9.126846654144944448e-01,1.000000000000003997e+00,-9.126846646061829160e-01,9.140112199388770176e-01,-9.106122936555802738e-01,9.135799525975127899e-01,-9.106059632877367971e-01,-9.106059625798370583e-01,9.135799529169071898e-01,-9.106122925082403841e-01,9.140112188495447265e-01,-9.126846646061829160e-01,1.000000000000003997e+00,-9.126846652036282315e-01,9.140112187500308849e-01,-9.106122925257055245e-01,9.135799529659989204e-01,9.135799542459501765e-01,-9.106059638239807352e-01,9.135799531257807748e-01,-9.106122943627841249e-01,9.140112199388770176e-01,-9.126846652036282315e-01,1.000000000000003997e+00,-9.126846659934950701e-01,9.140112196083792773e-01,-9.106122950101008806e-01,-9.106122943876697740e-01,9.135799534872026673e-01,-9.106059620654475273e-01,9.135799529886432513e-01,-9.106122936555802738e-01,9.140112187500308849e-01,-9.126846659934950701e-01,1.000000000000003997e+00,-9.126846650127068417e-01,9.140112201160861538e-01,9.140112197623739831e-01,-9.106122938705365488e-01,9.135799521868173123e-01,-9.106059621782649494e-01,9.135799525975127899e-01,-9.106122925257055245e-01,9.140112196083792773e-01,-9.126846650127068417e-01,1.000000000000003997e+00,-9.126846657224881865e-01,-9.126846665404494408e-01,9.140112204547292674e-01,-9.106122939255392179e-01,9.135799537249217339e-01,-9.106059632877367971e-01,9.135799529659989204e-01,-9.106122950101008806e-01,9.140112201160861538e-01,-9.126846657224881865e-01,1.000000000000003997e+00
