1.000000000000002665e+00,5.339547778982813853e-01,5.669790870088576851e-01,5.339567255498540721e-01,5.669814379827397000e-01,5.339567298651188842e-01,5.669814380074847948e-01,5.339567255985080418e-01,5.669790870695572416e-01,5.339547779419377971e-01,5.339547778982813853e-01,1.000000000000002665e+00,5.339547778846753801e-01,5.669790870227114921e-01,5.339567255456485473e-01,5.669814379917936797e-01,5.339567298584223520e-01,5.669814380090548722e-01,5.339567255778322474e-01,5.669790870396833604e-01,5.669790870088576851e-01,5.339547778846753801e-01,1.000000000000002665e+00,5.339547779101234681e-01,5.669790870279123318e-01,5.339567255660855327e-01,5.669814379950071093e-01,5.339567298704063214e-01,5.669814379996631626e-01,5.339567255545619728e-01,5.339567255498540721e-01,5.669790870227114921e-01,5.339547779101234681e-01,1.000000000000002665e+00,5.339547779448887699e-01,5.669790870733768529e-01,5.339567255983499461e-01,5.669814380325293168e-01,5.339567298886819247e-01,5.669814380046528379e-01,5.669814379827397000e-01,5.339567255456485473e-01,5.669790870279123318e-01,5.339547779448887699e-01,1.000000000000002665e+00,5.339547779746041112e-01,5.669790870846928010e-01,5.339567256197061962e-01,5.669814380312295787e-01,5.339567298747889268e-01,5.339567298651188842e-01,5.669814379917936797e-01,5.339567255660855327e-01,5.669790870733768529e-01,5.339547779746041112e-01,1.000000000000002665e+00,5.339547780019512357e-01,5.669790871179291036e-01,5.339567256330115530e-01,5.669814380322099057e-01,5.669814380074847948e-01,5.339567298584223520e-01,5.669814379950071093e-01,5.339567255983499461e-01,5.669790870846928010e-01,5.339547780019512357e-01,1.000000000000002665e+00,5.339547780208445671e-01,5.669790871141258126e-01,5.339567256166226628e-01,5.339567255985080418e-01,5.669814380090548722e-01,5.339567298704063214e-01,5.669814380325293168e-01,5.339567256197061962e-01,5.669790871179291036e-01,5.339547780208445671e-01,1.000000000000002665e+00,5.339547780256848064e-01,5.669790871075015559e-01,5.669790870695572416e-01,5.339567255778322474e-01,5.669814379996631626e-01,5.339567298886819247e-01,5.669814380312295787e-01,5.339567256330115530e-01,5.669790871141258126e-01,5.339547780256848064e-01,1.000000000000002665e+00,5.339547779952769080e-01,5.339547779419377971e-01,5.669790870396833604e-01,5.339567255545619728e-01,5.669814380046528379e-01,5.339567298747889268e-01,5.669814380322099057e-01,5.339567256166226628e-01,5.669790871075015559e-01,5.339547779952769080e-01,1.000000000000002665e+00
9.999999999999968914e-01,5.013937499713732038e-01,5.507026320427526045e-01,5.013990520599505007e-01,5.507067655492624558e-01,5.013990636782404975e-01,5.507067655423150132e-01,5.013990520513210702e-01,5.507026320382467643e-01,5.013937499711251800e-01,5.013937499713732038e-01,9.999999999999968914e-01,5.013937499773588602e-01,5.507026320531482888e-01,5.013990520605366985e-01,5.507067655526708405e-01,5.013990636765327524e-01,5.507067655504342962e-01,5.013990520534672424e-01,5.507026320466701375e-01,5.507026320427526045e-01,5.013937499773588602e-01,9.999999999999968914e-01,5.013937499850170676e-01,5.507026320498946692e-01,5.013990520603306411e-01,5.507067655475363921e-01,5.013990636811449519e-01,5.507067655483943724e-01,5.013990520579503229e-01,5.013990520599505007e-01,5.507026320531482888e-01,5.013937499850170676e-01,9.999999999999968914e-01,5.013937499873508674e-01,5.507026320552004250e-01,5.013990520603670564e-01,5.507067655569818365e-01,5.013990636850480520e-01,5.507067655575076381e-01,5.507067655492624558e-01,5.013990520605366985e-01,5.507026320498946692e-01,5.013937499873508674e-01,9.999999999999968914e-01,5.013937499818326149e-01,5.507026320450064683e-01,5.013990520596055545e-01,5.507067655502878578e-01,5.013990636841478832e-01,5.013990636782404975e-01,5.507067655526708405e-01,5.013990520603306411e-01,5.507026320552004250e-01,5.013937499818326149e-01,9.999999999999968914e-01,5.013937499739253845e-01,5.507026320478598524e-01,5.013990520556026453e-01,5.507067655530888395e-01,5.507067655423150132e-01,5.013990636765327524e-01,5.507067655475363921e-01,5.013990520603670564e-01,5.507026320450064683e-01,5.013937499739253845e-01,9.999999999999968914e-01,5.013937499708441825e-01,5.507026320389023510e-01,5.013990520524091998e-01,5.013990520513210702e-01,5.507067655504342962e-01,5.013990636811449519e-01,5.507067655569818365e-01,5.013990520596055545e-01,5.507026320478598524e-01,5.013937499708441825e-01,9.999999999999968914e-01,5.013937499716780710e-01,5.507026320460408630e-01,5.507026320382467643e-01,5.013990520534672424e-01,5.507067655483943724e-01,5.013990636850480520e-01,5.507067655502878578e-01,5.013990520556026453e-01,5.507026320389023510e-01,5.013937499716780710e-01,9.999999999999968914e-01,5.013937499723734037e-01,5.013937499711251800e-01,5.507026320466701375e-01,5.013990520579503229e-01,5.507067655575076381e-01,5.013990636841478832e-01,5.507067655530888395e-01,5.013990520524091998e-01,5.507026320460408630e-01,5.013937499723734037e-01,9.999999999999968914e-01
9.999999999999987788e-01,4.400711733838299500e-01,5.200578181526075427e-01,4.400889229103539524e-01,5.200657499062801836e-01,4.400889616240079016e-01,5.200657499012913965e-01,4.400889228980223722e-01,5.200578181410879797e-01,4.400711733738643661e-01,4.400711733838299500e-01,9.999999999999987788e-01,4.400711733878855947e-01,5.200578181622357299e-01,4.400889229097748601e-01,5.200657499150971308e-01,4.400889616258123471e-01,5.200657499123674254e-01,4.400889229027006855e-01,5.200578181569590619e-01,5.200578181526075427e-01,4.400711733878855947e-01,9.999999999999987788e-01,4.400711733847351148e-01,5.200578181497890196e-01,4.400889229056056950e-01,5.200657499044546439e-01,4.400889616244818003e-01,5.200657499039444964e-01,4.400889229075314324e-01,4.400889229103539524e-01,5.200578181622357299e-01,4.400711733847351148e-01,9.999999999999987788e-01,4.400711733770146794e-01,5.200578181529760258e-01,4.400889229002620251e-01,5.200657499098906289e-01,4.400889616220264866e-01,5.200657499141616569e-01,5.200657499062801836e-01,4.400889229097748601e-01,5.200578181497890196e-01,4.400711733770146794e-01,9.999999999999987788e-01,4.400711733682758364e-01,5.200578181387590648e-01,4.400889228943243303e-01,5.200657498979396332e-01,4.400889616222355971e-01,4.400889616240079016e-01,5.200657499150971308e-01,4.400889229056056950e-01,5.200578181529760258e-01,4.400711733682758364e-01,9.999999999999987788e-01,4.400711733618536403e-01,5.200578181434286629e-01,4.400889228908144712e-01,5.200657499073841894e-01,5.200657499012913965e-01,4.400889616258123471e-01,5.200657499044546439e-01,4.400889229002620251e-01,5.200578181387590648e-01,4.400711733618536403e-01,9.999999999999987788e-01,4.400711733582839402e-01,5.200578181332748962e-01,4.400889228934082853e-01,4.400889228980223722e-01,5.200657499123674254e-01,4.400889616244818003e-01,5.200657499098906289e-01,4.400889228943243303e-01,5.200578181434286629e-01,4.400711733582839402e-01,9.999999999999987788e-01,4.400711733576284646e-01,5.200578181449384552e-01,5.200578181410879797e-01,4.400889229027006855e-01,5.200657499039444964e-01,4.400889616220264866e-01,5.200657498979396332e-01,4.400889228908144712e-01,5.200578181332748962e-01,4.400711733576284646e-01,9.999999999999987788e-01,4.400711733631231803e-01,4.400711733738643661e-01,5.200578181569590619e-01,4.400889229075314324e-01,5.200657499141616569e-01,4.400889616222355971e-01,5.200657499073841894e-01,4.400889228934082853e-01,5.200578181449384552e-01,4.400711733631231803e-01,9.999999999999987788e-01
1.000000000000001776e+00,3.122650382490391729e-01,4.562381482745817562e-01,3.123420197675398358e-01,4.562542322233577030e-01,3.123421867416891207e-01,4.562542322240742410e-01,3.123420197686322952e-01,4.562381482739962246e-01,3.122650382471581221e-01,3.122650382490391729e-01,1.000000000000001776e+00,3.122650382486905074e-01,4.562381482788035458e-01,3.123420197685172761e-01,4.562542322288194452e-01,3.123421867430338228e-01,4.562542322289437902e-01,3.123420197688087097e-01,4.562381482792133292e-01,4.562381482745817562e-01,3.122650382486905074e-01,1.000000000000001776e+00,3.122650382460735452e-01,4.562381482736255767e-01,3.123420197681057719e-01,4.562542322238828385e-01,3.123421867415463460e-01,4.562542322233184011e-01,3.123420197679530608e-01,3.123420197675398358e-01,4.562381482788035458e-01,3.122650382460735452e-01,1.000000000000001776e+00,3.122650382447507700e-01,4.562381482778429254e-01,3.123420197671537002e-01,4.562542322274648621e-01,3.123421867394199913e-01,4.562542322272702955e-01,4.562542322233577030e-01,3.123420197685172761e-01,4.562381482736255767e-01,3.122650382447507700e-01,1.000000000000001776e+00,3.122650382456402252e-01,4.562381482736109217e-01,3.123420197669771192e-01,4.562542322225803249e-01,3.123421867398847307e-01,3.123421867416891207e-01,4.562542322288194452e-01,3.123420197681057719e-01,4.562381482778429254e-01,3.122650382456402252e-01,1.000000000000001776e+00,3.122650382469212560e-01,4.562381482784375053e-01,3.123420197670753740e-01,4.562542322277765017e-01,4.562542322240742410e-01,3.123421867430338228e-01,4.562542322238828385e-01,3.123420197671537002e-01,4.562381482736109217e-01,3.122650382469212560e-01,1.000000000000001776e+00,3.122650382471174879e-01,4.562381482737846161e-01,3.123420197679062649e-01,3.123420197686322952e-01,4.562542322289437902e-01,3.123421867415463460e-01,4.562542322274648621e-01,3.123420197669771192e-01,4.562381482784375053e-01,3.122650382471174879e-01,1.000000000000001776e+00,3.122650382461310548e-01,4.562381482783667841e-01,4.562381482739962246e-01,3.123420197688087097e-01,4.562542322233184011e-01,3.123421867394199913e-01,4.562542322225803249e-01,3.123420197670753740e-01,4.562381482737846161e-01,3.122650382461310548e-01,1.000000000000001776e+00,3.122650382457816676e-01,3.122650382471581221e-01,4.562381482792133292e-01,3.123420197679530608e-01,4.562542322272702955e-01,3.123421867398847307e-01,4.562542322277765017e-01,3.123420197679062649e-01,4.562381482783667841e-01,3.122650382457816676e-01,1.000000000000001776e+00
1.000000000000001332e+00,4.706829771132842871e-02,3.241028007088948559e-01,4.746183837986427123e-02,3.241288025627893643e-01,4.746268989925126608e-02,3.241288025649509685e-01,4.746183841097886824e-02,3.241028005315088611e-01,4.706829771489860759e-02,4.706829771132842871e-02,1.000000000000001332e+00,4.706829755228641304e-02,3.241028007278869971e-01,4.746183861248717828e-02,3.241288025344109536e-01,4.746269024411184367e-02,3.241288025308176057e-01,4.746183862244744006e-02,3.241028005272552082e-01,3.241028007088948559e-01,4.706829755228641304e-02,1.000000000000001332e+00,4.706829766287667915e-02,3.241028003955898074e-01,4.746183842515858120e-02,3.241288024398093492e-01,4.746269022629509560e-02,3.241288023181108646e-01,4.746183855719374178e-02,4.746183837986427123e-02,3.241028007278869971e-01,4.706829766287667915e-02,1.000000000000001332e+00,4.706829762955992008e-02,3.241028008606754440e-01,4.746183844417056763e-02,3.241288024937939438e-01,4.746268999709582492e-02,3.241288025671109074e-01,3.241288025627893643e-01,4.746183861248717828e-02,3.241028003955898074e-01,4.706829762955992008e-02,1.000000000000001332e+00,4.706829760077709673e-02,3.241028003125816515e-01,4.746183849529356236e-02,3.241288024602063111e-01,4.746269019280771606e-02,4.746268989925126608e-02,3.241288025344109536e-01,4.746183842515858120e-02,3.241028008606754440e-01,4.706829760077709673e-02,1.000000000000001332e+00,4.706829763505676612e-02,3.241028006856478405e-01,4.746183834715622663e-02,3.241288026222029495e-01,3.241288025649509685e-01,4.746269024411184367e-02,3.241288024398093492e-01,4.746183844417056763e-02,3.241028003125816515e-01,4.706829763505676612e-02,1.000000000000001332e+00,4.706829753452645981e-02,3.241028006151872032e-01,4.746183861099001478e-02,4.746183841097886824e-02,3.241288025308176057e-01,4.746269022629509560e-02,3.241288024937939438e-01,4.746183849529356236e-02,3.241028006856478405e-01,4.706829753452645981e-02,1.000000000000001332e+00,4.706829757968986061e-02,3.241028006898342140e-01,3.241028005315088611e-01,4.746183862244744006e-02,3.241288023181108646e-01,4.746268999709582492e-02,3.241288024602063111e-01,4.746183834715622663e-02,3.241028006151872032e-01,4.706829757968986061e-02,1.000000000000001332e+00,4.706829760031191329e-02,4.706829771489860759e-02,3.241028005272552082e-01,4.746183855719374178e-02,3.241288025671109074e-01,4.746269019280771606e-02,3.241288026222029495e-01,4.746183861099001478e-02,3.241028006898342140e-01,4.706829760031191329e-02,1.000000000000001332e+00
9.999999999999982236e-01,-2.016169320622592243e-01,2.006547212244435552e-01,-2.006217490810047466e-01,2.006729373213889667e-01,-2.006195854563427861e-01,2.006729372991450933e-01,-2.006217488455837583e-01,2.006547208224617185e-01,-2.016169319572983509e-01,-2.016169320622592243e-01,9.999999999999982236e-01,-2.016169329712275693e-01,2.006547212056567497e-01,-2.006217488662915271e-01,2.006729374081036577e-01,-2.006195851328829716e-01,2.006729369356634041e-01,-2.006217485382642829e-01,2.006547204257408956e-01,2.006547212244435552e-01,-2.016169329712275693e-01,9.999999999999982236e-01,-2.016169322334167291e-01,2.006547206465329192e-01,-2.006217492663716073e-01,2.006729374760758133e-01,-2.006195850995704522e-01,2.006729372722872717e-01,-2.006217487054408333e-01,-2.006217490810047466e-01,2.006547212056567497e-01,-2.016169322334167291e-01,9.999999999999982236e-01,-2.016169323749779363e-01,2.006547212671879188e-01,-2.006217491251376384e-01,2.006729373461652588e-01,-2.006195851513952744e-01,2.006729369991488987e-01,2.006729373213889667e-01,-2.006217488662915271e-01,2.006547206465329192e-01,-2.016169323749779363e-01,9.999999999999982236e-01,-2.016169322297436117e-01,2.006547206473296985e-01,-2.006217490858843711e-01,2.006729373090625212e-01,-2.006195849034716761e-01,-2.006195854563427861e-01,2.006729374081036577e-01,-2.006217492663716073e-01,2.006547212671879188e-01,-2.016169322297436117e-01,9.999999999999982236e-01,-2.016169327676238798e-01,2.006547216953281088e-01,-2.006217494158389902e-01,2.006729373318699161e-01,2.006729372991450933e-01,-2.006195851328829716e-01,2.006729374760758133e-01,-2.006217491251376384e-01,2.006547206473296985e-01,-2.016169327676238798e-01,9.999999999999982236e-01,-2.016169328445265307e-01,2.006547211733179514e-01,-2.006217488441170982e-01,-2.006217488455837583e-01,2.006729369356634041e-01,-2.006195850995704522e-01,2.006729373461652588e-01,-2.006217490858843711e-01,2.006547216953281088e-01,-2.016169328445265307e-01,9.999999999999982236e-01,-2.016169322817781273e-01,2.006547210167294315e-01,2.006547208224617185e-01,-2.006217485382642829e-01,2.006729372722872717e-01,-2.006195851513952744e-01,2.006729373090625212e-01,-2.006217494158389902e-01,2.006547211733179514e-01,-2.016169322817781273e-01,9.999999999999982236e-01,-2.016169325121545119e-01,-2.016169319572983509e-01,2.006547204257408956e-01,-2.006217487054408333e-01,2.006729369991488987e-01,-2.006195849034716761e-01,2.006729373318699161e-01,-2.006217488441170982e-01,2.006547210167294315e-01,-2.016169325121545119e-01,9.999999999999982236e-01
9.999999999999965583e-01,4.007335665104484052e-02,3.206238787801794499e-01,4.047945157066579203e-02,3.206499254376129482e-01,4.048033012871925240e-02,3.206499251027049580e-01,4.047945136323119475e-02,3.206238783379906643e-01,4.007335696494002120e-02,4.007335665104484052e-02,9.999999999999965583e-01,4.007335685138822129e-02,3.206238779615030454e-01,4.047945147529171533e-02,3.206499252788180820e-01,4.048033055458519908e-02,3.206499250194219108e-01,4.047945175714688648e-02,3.206238780306715497e-01,3.206238787801794499e-01,4.007335685138822129e-02,9.999999999999965583e-01,4.007335697232672356e-02,3.206238784825765076e-01,4.047945150209841109e-02,3.206499251213302815e-01,4.048033028582681547e-02,3.206499250942229096e-01,4.047945151982666051e-02,4.047945157066579203e-02,3.206238779615030454e-01,4.007335697232672356e-02,9.999999999999965583e-01,4.007335674781128954e-02,3.206238782377420771e-01,4.047945169461877879e-02,3.206499252867903715e-01,4.048033047225563230e-02,3.206499249262415030e-01,3.206499254376129482e-01,4.047945147529171533e-02,3.206238784825765076e-01,4.007335674781128954e-02,9.999999999999965583e-01,4.007335704736611492e-02,3.206238781252525594e-01,4.047945130878705111e-02,3.206499251858783150e-01,4.048033020969316054e-02,4.048033012871925240e-02,3.206499252788180820e-01,4.047945150209841109e-02,3.206238782377420771e-01,4.007335704736611492e-02,9.999999999999965583e-01,4.007335681737388133e-02,3.206238787258255396e-01,4.047945161847720658e-02,3.206499251601127032e-01,3.206499251027049580e-01,4.048033055458519908e-02,3.206499251213302815e-01,4.047945169461877879e-02,3.206238781252525594e-01,4.007335681737388133e-02,9.999999999999965583e-01,4.007335672692909079e-02,3.206238780394409793e-01,4.047945174111677868e-02,4.047945136323119475e-02,3.206499250194219108e-01,4.048033028582681547e-02,3.206499252867903715e-01,4.047945130878705111e-02,3.206238787258255396e-01,4.007335672692909079e-02,9.999999999999965583e-01,4.007335690629265645e-02,3.206238784832654010e-01,3.206238783379906643e-01,4.047945175714688648e-02,3.206499250942229096e-01,4.048033047225563230e-02,3.206499251858783150e-01,4.047945161847720658e-02,3.206238780394409793e-01,4.007335690629265645e-02,9.999999999999965583e-01,4.007335676604518310e-02,4.007335696494002120e-02,3.206238780306715497e-01,4.047945151982666051e-02,3.206499249262415030e-01,4.048033020969316054e-02,3.206499251601127032e-01,4.047945174111677868e-02,3.206238784832654010e-01,4.007335676604518310e-02,9.999999999999965583e-01
1.000000000000001332e+00,3.084607039625352765e-01,4.543396606609966248e-01,3.085402532416471333e-01,4.543559717970402367e-01,3.085404257558944652e-01,4.543559717956940913e-01,3.085402532360905781e-01,4.543396606574094942e-01,3.084607039576340304e-01,3.084607039625352765e-01,1.000000000000001332e+00,3.084607039600667511e-01,4.543396606468151910e-01,3.085402532356728011e-01,4.543559717847530099e-01,3.085404257568915010e-01,4.543559717868738690e-01,3.085402532419506128e-01,4.543396606492710599e-01,4.543396606609966248e-01,3.084607039600667511e-01,1.000000000000001332e+00,3.084607039507871740e-01,4.543396606525696990e-01,3.085402532297933376e-01,4.543559717943203569e-01,3.085404257572274545e-01,4.543559717991403901e-01,3.085402532435275180e-01,3.085402532416471333e-01,4.543396606468151910e-01,3.084607039507871740e-01,1.000000000000001332e+00,3.084607039380358739e-01,4.543396606364965562e-01,3.085402532240031914e-01,4.543559717817172716e-01,3.085404257562959218e-01,4.543559717872170944e-01,4.543559717970402367e-01,3.085402532356728011e-01,4.543396606525696990e-01,3.084607039380358739e-01,1.000000000000001332e+00,3.084607039286871855e-01,4.543396606441443275e-01,3.085402532208593174e-01,4.543559717920740981e-01,3.085404257544032136e-01,3.085404257558944652e-01,4.543559717847530099e-01,3.085402532297933376e-01,4.543396606364965562e-01,3.084607039286871855e-01,1.000000000000001332e+00,3.084607039262740047e-01,4.543396606334382803e-01,3.085402532233199602e-01,4.543559717820296884e-01,4.543559717956940913e-01,3.085404257568915010e-01,4.543559717943203569e-01,3.085402532240031914e-01,4.543396606441443275e-01,3.084607039262740047e-01,1.000000000000001332e+00,3.084607039300842901e-01,4.543396606476239885e-01,3.085402532283774146e-01,3.085402532360905781e-01,4.543559717868738690e-01,3.085404257572274545e-01,4.543559717817172716e-01,3.085402532208593174e-01,4.543396606334382803e-01,3.084607039300842901e-01,1.000000000000001332e+00,3.084607039387734506e-01,4.543396606410290417e-01,4.543396606574094942e-01,3.085402532419506128e-01,4.543559717991403901e-01,3.085404257562959218e-01,4.543559717920740981e-01,3.085402532233199602e-01,4.543396606476239885e-01,3.084607039387734506e-01,1.000000000000001332e+00,3.084607039486889080e-01,3.084607039576340304e-01,4.543396606492710599e-01,3.085402532435275180e-01,4.543559717872170944e-01,3.085404257544032136e-01,4.543559717820296884e-01,3.085402532283774146e-01,4.543396606410290417e-01,3.084607039486889080e-01,1.000000000000001332e+00
1.000000000000003331e+00,4.383089587473386617e-01,5.191773812843076819e-01,4.383272009558791260e-01,5.191854267884774554e-01,4.383272407782612956e-01,5.191854268076286916e-01,4.383272009884080500e-01,5.191773813146699501e-01,4.383089587677855836e-01,4.383089587473386617e-01,1.000000000000003331e+00,4.383089587402372311e-01,5.191773812688471601e-01,4.383272009597936614e-01,5.191854267740870776e-01,4.383272407771002244e-01,5.191854267762544550e-01,4.383272009707914751e-01,5.191773812712717762e-01,5.191773812843076819e-01,4.383089587402372311e-01,1.000000000000003331e+00,4.383089587575123014e-01,5.191773813006493876e-01,4.383272009784943690e-01,5.191854268020971164e-01,4.383272407740124721e-01,5.191854267915056997e-01,4.383272009519874612e-01,4.383272009558791260e-01,5.191773812688471601e-01,4.383089587575123014e-01,1.000000000000003331e+00,4.383089587857382230e-01,5.191773813052839026e-01,4.383272010016612263e-01,5.191854267897033637e-01,4.383272407807310977e-01,5.191854267669719913e-01,5.191854267884774554e-01,4.383272009597936614e-01,5.191773813006493876e-01,4.383089587857382230e-01,1.000000000000003331e+00,4.383089588153814553e-01,5.191773813416535877e-01,4.383272010095479176e-01,5.191854268133727635e-01,4.383272407728794340e-01,4.383272407782612956e-01,5.191854267740870776e-01,4.383272009784943690e-01,5.191773813052839026e-01,4.383089588153814553e-01,1.000000000000003331e+00,4.383089588400221337e-01,5.191773813304007001e-01,4.383272010177136635e-01,5.191854267899159714e-01,5.191854268076286916e-01,4.383272407771002244e-01,5.191854268020971164e-01,4.383272010016612263e-01,5.191773813416535877e-01,4.383089588400221337e-01,1.000000000000003331e+00,4.383089588428894512e-01,5.191773813502172930e-01,4.383272010048273049e-01,4.383272009884080500e-01,5.191854267762544550e-01,4.383272407740124721e-01,5.191854267897033637e-01,4.383272010095479176e-01,5.191773813304007001e-01,4.383089588428894512e-01,1.000000000000003331e+00,4.383089588292231054e-01,5.191773813099133106e-01,5.191773813146699501e-01,4.383272009707914751e-01,5.191854267915056997e-01,4.383272407807310977e-01,5.191854268133727635e-01,4.383272010177136635e-01,5.191773813502172930e-01,4.383089588292231054e-01,1.000000000000003331e+00,4.383089587998897363e-01,4.383089587677855836e-01,5.191773812712717762e-01,4.383272009519874612e-01,5.191854267669719913e-01,4.383272407728794340e-01,5.191854267899159714e-01,4.383272010048273049e-01,5.191773813099133106e-01,4.383089587998897363e-01,1.000000000000003331e+00
9.999999999999994449e-01,5.005014637375683195e-01,5.502566411004813363e-01,5.005068865070743112e-01,5.502608265097452822e-01,5.005068984032066126e-01,5.502608265242734387e-01,5.005068865375068565e-01,5.502566410954240483e-01,5.005014637372466879e-01,5.005014637375683195e-01,9.999999999999994449e-01,5.005014637547302581e-01,5.502566410912625994e-01,5.005068865213967433e-01,5.502608265160457979e-01,5.005068984252599718e-01,5.502608265347527228e-01,5.005068865249328036e-01,5.502566410963963817e-01,5.502566411004813363e-01,5.005014637547302581e-01,9.999999999999994449e-01,5.005014637484880291e-01,5.502566411072928876e-01,5.005068865329475036e-01,5.502608265389953290e-01,5.005068984421238154e-01,5.502608265276900390e-01,5.005068865301635084e-01,5.005068865070743112e-01,5.502566410912625994e-01,5.005014637484880291e-01,9.999999999999994449e-01,5.005014637393537802e-01,5.502566410938237729e-01,5.005068865315455140e-01,5.502608265295524381e-01,5.005068984061049608e-01,5.502608265084394379e-01,5.502608265097452822e-01,5.005068865213967433e-01,5.502566411072928876e-01,5.005014637393537802e-01,9.999999999999994449e-01,5.005014637479938688e-01,5.502566411136268210e-01,5.005068865455385430e-01,5.502608265197616033e-01,5.005068984084484196e-01,5.005068984032066126e-01,5.502608265160457979e-01,5.005068865329475036e-01,5.502566410938237729e-01,5.005014637479938688e-01,9.999999999999994449e-01,5.005014637644307207e-01,5.502566411198082097e-01,5.005068865273376577e-01,5.502608265156068157e-01,5.502608265242734387e-01,5.005068984252599718e-01,5.502608265389953290e-01,5.005068865315455140e-01,5.502566411136268210e-01,5.005014637644307207e-01,9.999999999999994449e-01,5.005014637862216231e-01,5.502566411169731442e-01,5.005068865374393550e-01,5.005068865375068565e-01,5.502608265347527228e-01,5.005068984421238154e-01,5.502608265295524381e-01,5.005068865455385430e-01,5.502566411198082097e-01,5.005014637862216231e-01,9.999999999999994449e-01,5.005014637732767557e-01,5.502566411175739969e-01,5.502566410954240483e-01,5.005068865249328036e-01,5.502608265276900390e-01,5.005068984061049608e-01,5.502608265197616033e-01,5.005068865273376577e-01,5.502566411169731442e-01,5.005014637732767557e-01,9.999999999999994449e-01,5.005014637487678053e-01,5.005014637372466879e-01,5.502566410963963817e-01,5.005068865301635084e-01,5.502608265084394379e-01,5.005068984084484196e-01,5.502608265156068157e-01,5.005068865374393550e-01,5.502566411175739969e-01,5.005014637487678053e-01,9.999999999999994449e-01
