1.000000000000001998e+00,6.153491807125337498e-01,5.250987919729466213e-01,6.290915667526656430e-01,8.232501234925340139e-01,8.188198838118690981e-01,6.153651935943021956e-01,5.251006226133453358e-01,6.290911957245124420e-01,8.232260885596709432e-01,6.153491807125337498e-01,1.000000000000001998e+00,2.993454491865227829e-01,4.671191462747173451e-01,6.252034493796272407e-01,6.153651936409438861e-01,4.567380674036045640e-01,2.993492674816178867e-01,4.671217907936419111e-01,6.252030237987995509e-01,5.250987919729466213e-01,2.993454491865227829e-01,1.000000000000001998e+00,3.119213103963449640e-01,5.313899863751512243e-01,5.251006226686397715e-01,2.993492674867695436e-01,2.470229029604775195e-01,3.119256140203465755e-01,5.313917287615018692e-01,6.290915667526656430e-01,4.671191462747173451e-01,3.119213103963449640e-01,1.000000000000001998e+00,6.356973515997266233e-01,6.290911957505131991e-01,4.671217907740955466e-01,3.119256139940848604e-01,4.794936198214699852e-01,6.357141497645174555e-01,8.232501234925340139e-01,6.252034493796272407e-01,5.313899863751512243e-01,6.356973515997266233e-01,1.000000000000001998e+00,8.232260885580745535e-01,6.252030237530121770e-01,5.313917287056462158e-01,6.357141497386593620e-01,8.328835886481036344e-01,8.188198838118690981e-01,6.153651936409438861e-01,5.251006226686397715e-01,6.290911957505131991e-01,8.232260885580745535e-01,1.000000000000001998e+00,6.153491806236561779e-01,5.250987918864056248e-01,6.290915666857392896e-01,8.232501234575744231e-01,6.153651935943021956e-01,4.567380674036045640e-01,2.993492674867695436e-01,4.671217907740955466e-01,6.252030237530121770e-01,6.153491806236561779e-01,1.000000000000001998e+00,2.993454490422654546e-01,4.671191461664859212e-01,6.252034492910115704e-01,5.251006226133453358e-01,2.993492674816178867e-01,2.470229029604775195e-01,3.119256139940848604e-01,5.313917287056462158e-01,5.250987918864056248e-01,2.993454490422654546e-01,1.000000000000001998e+00,3.119213102724344155e-01,5.313899862883553205e-01,6.290911957245124420e-01,4.671217907936419111e-01,3.119256140203465755e-01,4.794936198214699852e-01,6.357141497386593620e-01,6.290915666857392896e-01,4.671191461664859212e-01,3.119213102724344155e-01,1.000000000000001998e+00,6.356973515306918454e-01,8.232260885596709432e-01,6.252030237987995509e-01,5.313917287615018692e-01,6.357141497645174555e-01,8.328835886481036344e-01,8.232501234575744231e-01,6.252034492910115704e-01,5.313899862883553205e-01,6.356973515306918454e-01,1.000000000000001998e+00
9.999999999999984457e-01,5.226906495943458575e-01,4.937901314588956647e-01,6.027451117587154794e-01,7.707301644708064448e-01,7.344748360412377552e-01,5.227163941843161465e-01,4.937937369023340795e-01,6.027445814665004509e-01,7.706866414840611856e-01,5.226906495943458575e-01,9.999999999999984457e-01,2.517691057932178178e-01,4.618445734968982253e-01,5.808722730517602573e-01,5.227163941839207961e-01,3.953562234370042727e-01,2.517754284967005374e-01,4.618490805742863636e-01,5.808711253990116452e-01,4.937901314588956647e-01,2.517691057932178178e-01,9.999999999999984457e-01,3.323263753264830145e-01,5.291821268270668899e-01,4.937937368980765962e-01,2.517754284935739273e-01,2.709509680039419721e-01,3.323384730402657028e-01,5.291847333601858994e-01,6.027451117587154794e-01,4.618445734968982253e-01,3.323263753264830145e-01,9.999999999999984457e-01,6.530350497394148412e-01,6.027445814619148967e-01,4.618490805712583969e-01,3.323384730388324604e-01,5.331829043656071132e-01,6.530701384943575771e-01,7.707301644708064448e-01,5.808722730517602573e-01,5.291821268270668899e-01,6.530350497394148412e-01,9.999999999999984457e-01,7.706866414800025433e-01,5.808711253962246523e-01,5.291847333607009318e-01,6.530701384954824551e-01,8.196564094122897881e-01,7.344748360412377552e-01,5.227163941839207961e-01,4.937937368980765962e-01,6.027445814619148967e-01,7.706866414800025433e-01,9.999999999999984457e-01,5.226906495910262906e-01,4.937901314590529833e-01,6.027451117607487419e-01,7.707301644700489396e-01,5.227163941843161465e-01,3.953562234370042727e-01,2.517754284935739273e-01,4.618490805712583969e-01,5.808711253962246523e-01,5.226906495910262906e-01,9.999999999999984457e-01,2.517691057942930688e-01,4.618445734978641193e-01,5.808722730528689260e-01,4.937937369023340795e-01,2.517754284967005374e-01,2.709509680039419721e-01,3.323384730388324604e-01,5.291847333607009318e-01,4.937901314590529833e-01,2.517691057942930688e-01,9.999999999999984457e-01,3.323263753312309943e-01,5.291821268304003345e-01,6.027445814665004509e-01,4.618490805742863636e-01,3.323384730402657028e-01,5.331829043656071132e-01,6.530701384954824551e-01,6.027451117607487419e-01,4.618445734978641193e-01,3.323263753312309943e-01,9.999999999999984457e-01,6.530350497438871527e-01,7.706866414840611856e-01,5.808711253990116452e-01,5.291847333601858994e-01,6.530701384943575771e-01,8.196564094122897881e-01,7.707301644700489396e-01,5.808722730528689260e-01,5.291821268304003345e-01,6.530350497438871527e-01,9.999999999999984457e-01
9.999999999999982236e-01,5.513028032708263693e-01,5.359336192464958515e-01,4.425612978993627711e-01,2.586532851037803837e-01,4.705852960973476717e-01,5.513727346798206197e-01,5.359351670857777084e-01,4.425527430562922193e-01,2.586282434326355739e-01,5.513028032708263693e-01,9.999999999999982236e-01,7.008125984281133869e-01,5.297471650996187220e-01,4.820500943653897030e-01,5.513727346225076875e-01,7.266976715004811460e-01,7.009054612790159844e-01,5.297491771195143029e-01,4.820445028625836570e-01,5.359336192464958515e-01,7.008125984281133869e-01,9.999999999999982236e-01,5.005401736749728325e-01,4.720346096655481105e-01,5.359351670636710585e-01,7.009054612824029418e-01,6.972960485657333507e-01,5.006023191539548112e-01,4.720409522969955529e-01,4.425612978993627711e-01,5.297471650996187220e-01,5.005401736749728325e-01,9.999999999999982236e-01,2.272552130062970299e-01,4.425527430703074527e-01,5.297491771772225855e-01,5.006023192133738364e-01,4.230124709944430017e-01,2.272754427309520986e-01,2.586532851037803837e-01,4.820500943653897030e-01,4.720346096655481105e-01,2.272552130062970299e-01,9.999999999999982236e-01,2.586282434016025089e-01,4.820445028588231096e-01,4.720409522968823657e-01,2.272754426964927743e-01,2.828975203886561207e-01,4.705852960973476717e-01,5.513727346225076875e-01,5.359351670636710585e-01,4.425527430703074527e-01,2.586282434016025089e-01,9.999999999999982236e-01,5.513028032611571039e-01,5.359336191994549248e-01,4.425612978693924671e-01,2.586532850518343807e-01,5.513727346798206197e-01,7.266976715004811460e-01,7.009054612824029418e-01,5.297491771772225855e-01,4.820445028588231096e-01,5.513028032611571039e-01,9.999999999999982236e-01,7.008125984479927073e-01,5.297471650699995260e-01,4.820500943584103970e-01,5.359351670857777084e-01,7.009054612790159844e-01,6.972960485657333507e-01,5.006023192133738364e-01,4.720409522968823657e-01,5.359336191994549248e-01,7.008125984479927073e-01,9.999999999999982236e-01,5.005401736239974975e-01,4.720346096996448360e-01,4.425527430562922193e-01,5.297491771195143029e-01,5.006023191539548112e-01,4.230124709944430017e-01,2.272754426964927743e-01,4.425612978693924671e-01,5.297471650699995260e-01,5.005401736239974975e-01,9.999999999999982236e-01,2.272552129546825950e-01,2.586282434326355739e-01,4.820445028625836570e-01,4.720409522969955529e-01,2.272754427309520986e-01,2.828975203886561207e-01,2.586532850518343807e-01,4.820500943584103970e-01,4.720346096996448360e-01,2.272552129546825950e-01,9.999999999999982236e-01
1.000000000000002665e+00,5.733302834692258765e-01,4.119584132115772790e-01,4.043590475546854357e-01,3.932272859734573522e-01,5.846276493038780053e-01,5.735763433181175763e-01,4.119622638516348689e-01,4.043464431082725574e-01,3.930533085534815285e-01,5.733302834692258765e-01,1.000000000000002665e+00,4.118199817018585174e-01,4.048361728295533091e-01,4.116599423106578337e-01,5.735763433184268845e-01,5.922878444615525817e-01,4.120014628385229583e-01,4.048482140844421595e-01,4.116557435986657465e-01,4.119584132115772790e-01,4.118199817018585174e-01,1.000000000000002665e+00,1.317241507604867412e-01,4.001317165844294754e-01,4.119622638520284430e-01,4.120014628382357436e-01,4.120327117210418888e-01,1.317936376289062239e-01,4.001491679889541686e-01,4.043590475546854357e-01,4.048361728295533091e-01,1.317241507604867412e-01,1.000000000000002665e+00,1.201257088994286959e-01,4.043464431081660315e-01,4.048482140842442623e-01,1.317936376286910627e-01,2.929687178830517880e-01,1.201905582152839880e-01,3.932272859734573522e-01,4.116599423106578337e-01,4.001317165844294754e-01,1.201257088994286959e-01,1.000000000000002665e+00,3.930533085540625082e-01,4.116557435985819247e-01,4.001491679890557540e-01,1.201905582157573871e-01,3.996382555954586802e-01,5.846276493038780053e-01,5.735763433184268845e-01,4.119622638520284430e-01,4.043464431081660315e-01,3.930533085540625082e-01,1.000000000000002665e+00,5.733302834692244332e-01,4.119584132119223918e-01,4.043590475548327623e-01,3.932272859736150594e-01,5.735763433181175763e-01,5.922878444615525817e-01,4.120014628382357436e-01,4.048482140842442623e-01,4.116557435985819247e-01,5.733302834692244332e-01,1.000000000000002665e+00,4.118199817014973618e-01,4.048361728296671069e-01,4.116599423101108268e-01,4.119622638516348689e-01,4.120014628385229583e-01,4.120327117210418888e-01,1.317936376286910627e-01,4.001491679890557540e-01,4.119584132119223918e-01,4.118199817014973618e-01,1.000000000000002665e+00,1.317241507606333739e-01,4.001317165842702139e-01,4.043464431082725574e-01,4.048482140844421595e-01,1.317936376289062239e-01,2.929687178830517880e-01,1.201905582157573871e-01,4.043590475548327623e-01,4.048361728296671069e-01,1.317241507606333739e-01,1.000000000000002665e+00,1.201257088993533950e-01,3.930533085534815285e-01,4.116557435986657465e-01,4.001491679889541686e-01,1.201905582152839880e-01,3.996382555954586802e-01,3.932272859736150594e-01,4.116599423101108268e-01,4.001317165842702139e-01,1.201257088993533950e-01,1.000000000000002665e+00
1.000000000000001554e+00,1.555432325383666187e-02,2.032400106492684988e-01,2.939404243205506750e-01,-1.178889539752993598e-01,3.333521481626331440e-01,1.596527762417479512e-02,2.032553643481696815e-01,2.939161028856982494e-01,-1.181298073940253851e-01,1.555432325383666187e-02,1.000000000000001554e+00,2.293458565608729738e-01,1.482529545107941216e-01,2.932890442703165457e-01,1.596527762435809294e-02,3.205656862872378055e-01,2.300288412993659604e-01,1.482628700682479539e-01,2.932647872498190811e-01,2.032400106492684988e-01,2.293458565608729738e-01,1.000000000000001554e+00,2.277921600051191209e-01,2.042938614793919916e-01,2.032553643479160232e-01,2.300288412994182796e-01,3.127557263724378700e-01,2.284731678053284754e-01,2.043093194027129633e-01,2.939404243205506750e-01,1.482529545107941216e-01,2.277921600051191209e-01,1.000000000000001554e+00,1.304038941593362207e-02,2.939161028857975588e-01,1.482628700680560518e-01,2.284731678055414439e-01,3.207153675659304426e-01,1.344814503376414588e-02,-1.178889539752993598e-01,2.932890442703165457e-01,2.042938614793919916e-01,1.304038941593362207e-02,1.000000000000001554e+00,-1.181298073946764060e-01,2.932647872498673203e-01,2.043093194024472314e-01,1.344814503319936849e-02,3.334446562754702637e-01,3.333521481626331440e-01,1.596527762435809294e-02,2.032553643479160232e-01,2.939161028857975588e-01,-1.181298073946764060e-01,1.000000000000001554e+00,1.555432325338254596e-02,2.032400106491719649e-01,2.939404243205284151e-01,-1.178889539751796361e-01,1.596527762417479512e-02,3.205656862872378055e-01,2.300288412994182796e-01,1.482628700680560518e-01,2.932647872498673203e-01,1.555432325338254596e-02,1.000000000000001554e+00,2.293458565607134347e-01,1.482529545104341318e-01,2.932890442705671230e-01,2.032553643481696815e-01,2.300288412993659604e-01,3.127557263724378700e-01,2.284731678055414439e-01,2.043093194024472314e-01,2.032400106491719649e-01,2.293458565607134347e-01,1.000000000000001554e+00,2.277921600049328255e-01,2.042938614794361785e-01,2.939161028856982494e-01,1.482628700682479539e-01,2.284731678053284754e-01,3.207153675659304426e-01,1.344814503319936849e-02,2.939404243205284151e-01,1.482529545104341318e-01,2.277921600049328255e-01,1.000000000000001554e+00,1.304038941607080573e-02,-1.181298073940253851e-01,2.932647872498190811e-01,2.043093194027129633e-01,1.344814503376414588e-02,3.334446562754702637e-01,-1.178889539751796361e-01,2.932890442705671230e-01,2.042938614794361785e-01,1.304038941607080573e-02,1.000000000000001554e+00
9.999999999999987788e-01,-1.230036372154750396e-01,-1.369376741745312494e-02,1.441220617815432703e-01,-2.194322630648907202e-01,2.110116390449048307e-01,-1.218979307411539870e-01,-1.367651084050810692e-02,1.441066745344156130e-01,-2.202757600377515390e-01,-1.230036372154750396e-01,9.999999999999987788e-01,-8.128104519483891899e-02,4.749135613659681045e-03,7.245016451863747764e-02,-1.218979307409519264e-01,1.248904890666977241e-01,-8.006287011551699306e-02,4.766173712417153333e-03,7.243392822494117145e-02,-1.369376741745312494e-02,-8.128104519483891899e-02,9.999999999999987788e-01,-1.527671880510662328e-01,1.022751721799762814e-01,-1.367651084179194801e-02,-8.006287011439718049e-02,1.433319904451459681e-01,-1.517417130512693502e-01,1.022910549693068216e-01,1.441220617815432703e-01,4.749135613659681045e-03,-1.527671880510662328e-01,9.999999999999987788e-01,-2.386706460797622387e-01,1.441066745354205314e-01,4.766173712307197885e-03,-1.517417130506221734e-01,2.408506150798421508e-01,-2.378767348853359498e-01,-2.194322630648907202e-01,7.245016451863747764e-02,1.022751721799762814e-01,-2.386706460797622387e-01,9.999999999999987788e-01,-2.202757600379265934e-01,7.243392822499476746e-02,1.022910549683826859e-01,-2.378767348849802898e-01,2.826789382610240819e-01,2.110116390449048307e-01,-1.218979307409519264e-01,-1.367651084179194801e-02,1.441066745354205314e-01,-2.202757600379265934e-01,9.999999999999987788e-01,-1.230036372153295865e-01,-1.369376741717466539e-02,1.441220617813895044e-01,-2.194322630649520045e-01,-1.218979307411539870e-01,1.248904890666977241e-01,-8.006287011439718049e-02,4.766173712307197885e-03,7.243392822499476746e-02,-1.230036372153295865e-01,9.999999999999987788e-01,-8.128104519519169235e-02,4.749135613698780845e-03,7.245016451793448442e-02,-1.367651084050810692e-02,-8.006287011551699306e-02,1.433319904451459681e-01,-1.517417130506221734e-01,1.022910549683826859e-01,-1.369376741717466539e-02,-8.128104519519169235e-02,9.999999999999987788e-01,-1.527671880512855573e-01,1.022751721797905133e-01,1.441066745344156130e-01,4.766173712417153333e-03,-1.517417130512693502e-01,2.408506150798421508e-01,-2.378767348849802898e-01,1.441220617813895044e-01,4.749135613698780845e-03,-1.527671880512855573e-01,9.999999999999987788e-01,-2.386706460800065710e-01,-2.202757600377515390e-01,7.243392822494117145e-02,1.022910549693068216e-01,-2.378767348853359498e-01,2.826789382610240819e-01,-2.194322630649520045e-01,7.245016451793448442e-02,1.022751721797905133e-01,-2.386706460800065710e-01,9.999999999999987788e-01
9.999999999999988898e-01,1.741168097695026395e-01,2.401431437311862260e-01,1.511918412572013926e-01,3.018884997816677074e-01,3.034026401273847151e-01,1.747530107240067299e-01,2.401626438676227882e-01,1.511807755477946325e-01,3.010868318356568207e-01,1.741168097695026395e-01,9.999999999999988898e-01,-1.010764364673321369e-01,3.253293411554901704e-01,1.325227069824204407e-01,1.747530107229689766e-01,3.237567487756562445e-01,-1.007988665944448692e-01,3.253569176860122147e-01,1.325134110921731001e-01,2.401431437311862260e-01,-1.010764364673321369e-01,9.999999999999988898e-01,-1.441851940535189280e-01,2.703475739045310688e-01,2.401626438672908870e-01,-1.007988665982470639e-01,3.398665083442216628e-01,-1.439638033961015695e-01,2.703699376809635679e-01,1.511918412572013926e-01,3.253293411554901704e-01,-1.441851940535189280e-01,9.999999999999988898e-01,1.043653747901198275e-01,1.511807755408920428e-01,3.253569176995408374e-01,-1.439638033953389573e-01,3.294687786763863535e-01,1.049106758603743361e-01,3.018884997816677074e-01,1.325227069824204407e-01,2.703475739045310688e-01,1.043653747901198275e-01,9.999999999999988898e-01,3.010868318377897257e-01,1.325134111001051163e-01,2.703699376850519642e-01,1.049106758685410673e-01,3.069328687772523989e-01,3.034026401273847151e-01,1.747530107229689766e-01,2.401626438672908870e-01,1.511807755408920428e-01,3.010868318377897257e-01,9.999999999999988898e-01,1.741168097657810054e-01,2.401431437331492114e-01,1.511918412574745352e-01,3.018884997751283272e-01,1.747530107240067299e-01,3.237567487756562445e-01,-1.007988665982470639e-01,3.253569176995408374e-01,1.325134111001051163e-01,1.741168097657810054e-01,9.999999999999988898e-01,-1.010764364671458276e-01,3.253293411462367946e-01,1.325227069752764608e-01,2.401626438676227882e-01,-1.007988665944448692e-01,3.398665083442216628e-01,-1.439638033953389573e-01,2.703699376850519642e-01,2.401431437331492114e-01,-1.010764364671458276e-01,9.999999999999988898e-01,-1.441851940481240768e-01,2.703475738939643547e-01,1.511807755477946325e-01,3.253569176860122147e-01,-1.439638033961015695e-01,3.294687786763863535e-01,1.049106758685410673e-01,1.511918412574745352e-01,3.253293411462367946e-01,-1.441851940481240768e-01,9.999999999999988898e-01,1.043653747814121957e-01,3.010868318356568207e-01,1.325134110921731001e-01,2.703699376809635679e-01,1.049106758603743361e-01,3.069328687772523989e-01,3.018884997751283272e-01,1.325227069752764608e-01,2.703475738939643547e-01,1.043653747814121957e-01,9.999999999999988898e-01
9.999999999999986677e-01,5.762201571094311969e-01,4.072324710909719370e-01,4.040963817175468042e-01,4.821921363793570392e-01,6.209057627672174284e-01,5.764745241803511666e-01,4.072379301252669337e-01,4.040862834856400743e-01,4.819762933198858956e-01,5.762201571094311969e-01,9.999999999999986677e-01,3.196770485021440678e-01,4.007377057011968224e-01,4.093044133831972853e-01,5.764745241818548527e-01,5.555445899391557862e-01,3.198265485864149604e-01,4.007527415671360282e-01,4.093020059778464947e-01,4.072324710909719370e-01,3.196770485021440678e-01,9.999999999999986677e-01,6.688082401477536687e-02,3.987932548243574571e-01,4.072379301205962809e-01,3.198265485789815177e-01,3.504233879549047970e-01,6.692698871217671319e-02,3.988111578746701413e-01,4.040963817175468042e-01,4.007377057011968224e-01,6.688082401477536687e-02,9.999999999999986677e-01,1.671872736636030587e-01,4.040862834858540142e-01,4.007527415669447923e-01,6.692698871821997630e-02,2.890126861419053950e-01,1.672744405751474261e-01,4.821921363793570392e-01,4.093044133831972853e-01,3.987932548243574571e-01,1.671872736636030587e-01,9.999999999999986677e-01,4.819762933214284395e-01,4.093020059769518215e-01,3.988111578787204570e-01,1.672744405763414433e-01,4.561799871345630919e-01,6.209057627672174284e-01,5.764745241818548527e-01,4.072379301205962809e-01,4.040862834858540142e-01,4.819762933214284395e-01,9.999999999999986677e-01,5.762201571072634865e-01,4.072324710947965998e-01,4.040963817168403138e-01,4.821921363771779490e-01,5.764745241803511666e-01,5.555445899391557862e-01,3.198265485789815177e-01,4.007527415669447923e-01,4.093020059769518215e-01,5.762201571072634865e-01,9.999999999999986677e-01,3.196770485040053011e-01,4.007377056994513853e-01,4.093044133787826500e-01,4.072379301252669337e-01,3.198265485864149604e-01,3.504233879549047970e-01,6.692698871821997630e-02,3.988111578787204570e-01,4.072324710947965998e-01,3.196770485040053011e-01,9.999999999999986677e-01,6.688082401922217091e-02,3.987932548263003474e-01,4.040862834856400743e-01,4.007527415671360282e-01,6.692698871217671319e-02,2.890126861419053950e-01,1.672744405763414433e-01,4.040963817168403138e-01,4.007377056994513853e-01,6.688082401922217091e-02,9.999999999999986677e-01,1.671872736608598919e-01,4.819762933198858956e-01,4.093020059778464947e-01,3.988111578746701413e-01,1.672744405751474261e-01,4.561799871345630919e-01,4.821921363771779490e-01,4.093044133787826500e-01,3.987932548263003474e-01,1.671872736608598919e-01,9.999999999999986677e-01
1.000000000000001110e+00,1.826233246748715233e-01,4.373240404678718218e-01,5.272194375622414331e-01,4.676125738771027551e-01,3.796535719101354900e-01,1.826372471719022172e-01,4.373330743574196378e-01,5.272173238993294042e-01,4.675541792715984246e-01,1.826233246748715233e-01,1.000000000000001110e+00,2.617112324154796665e-01,4.870811367316446594e-01,4.621366926538329478e-01,1.826372472116831736e-01,2.608835728468837378e-01,2.617374989561658261e-01,4.870863401853805508e-01,4.621295683341751226e-01,4.373240404678718218e-01,2.617112324154796665e-01,1.000000000000001110e+00,5.955211020815747158e-01,5.426382412686663326e-01,4.373330744003833259e-01,2.617374989687100140e-01,4.991228196719161292e-01,5.955994697812517780e-01,5.426391677650674872e-01,5.272194375622414331e-01,4.870811367316446594e-01,5.955211020815747158e-01,1.000000000000001110e+00,7.227390395740996842e-01,5.272173239093203012e-01,4.870863401491146161e-01,5.955994697426679751e-01,7.651327707286226243e-01,7.228372635088891052e-01,4.676125738771027551e-01,4.621366926538329478e-01,5.426382412686663326e-01,7.227390395740996842e-01,1.000000000000001110e+00,4.675541792451268219e-01,4.621295682799597682e-01,5.426391676889937843e-01,7.228372634842902267e-01,6.912967150012738760e-01,3.796535719101354900e-01,1.826372472116831736e-01,4.373330744003833259e-01,5.272173239093203012e-01,4.675541792451268219e-01,1.000000000000001110e+00,1.826233246050875947e-01,4.373240404055104835e-01,5.272194375241263664e-01,4.676125738788902697e-01,1.826372471719022172e-01,2.608835728468837378e-01,2.617374989687100140e-01,4.870863401491146161e-01,4.621295682799597682e-01,1.826233246050875947e-01,1.000000000000001110e+00,2.617112322911476774e-01,4.870811366733898140e-01,4.621366926100946015e-01,4.373330743574196378e-01,2.617374989561658261e-01,4.991228196719161292e-01,5.955994697426679751e-01,5.426391676889937843e-01,4.373240404055104835e-01,2.617112322911476774e-01,1.000000000000001110e+00,5.955211019945843010e-01,5.426382412212570339e-01,5.272173238993294042e-01,4.870863401853805508e-01,5.955994697812517780e-01,7.651327707286226243e-01,7.228372634842902267e-01,5.272194375241263664e-01,4.870811366733898140e-01,5.955211019945843010e-01,1.000000000000001110e+00,7.227390395665078682e-01,4.675541792715984246e-01,4.621295683341751226e-01,5.426391677650674872e-01,7.228372635088891052e-01,6.912967150012738760e-01,4.676125738788902697e-01,4.621366926100946015e-01,5.426382412212570339e-01,7.227390395665078682e-01,1.000000000000001110e+00
9.999999999999998890e-01,6.995769985828704796e-01,6.115186639186250828e-01,4.587460838836992516e-01,3.504990804959264294e-01,5.760890841466731471e-01,6.996160391064961681e-01,6.115189244176416627e-01,4.587414398891985212e-01,3.504854189542739307e-01,6.995769985828704796e-01,9.999999999999998890e-01,7.801178779914290651e-01,5.749474756540977616e-01,5.397017052668420245e-01,6.996160391562384895e-01,8.564083027442311868e-01,7.801627738526316636e-01,5.749487855371988587e-01,5.396993841023310923e-01,6.115186639186250828e-01,7.801178779914290651e-01,9.999999999999998890e-01,4.808032992606408595e-01,4.805259585239460285e-01,6.115189244593750573e-01,7.801627738412157953e-01,7.136665914345967643e-01,4.808264350079329841e-01,4.805299775434421772e-01,4.587460838836992516e-01,5.749474756540977616e-01,4.808032992606408595e-01,9.999999999999998890e-01,2.152758369031907149e-01,4.587414398625555556e-01,5.749487854634518502e-01,4.808264349368561175e-01,3.451281435888741700e-01,2.152796687265717268e-01,3.504990804959264294e-01,5.397017052668420245e-01,4.805259585239460285e-01,2.152758369031907149e-01,9.999999999999998890e-01,3.504854189946591814e-01,5.396993840856891822e-01,4.805299775357818048e-01,2.152796687942266640e-01,2.601005680081183713e-01,5.760890841466731471e-01,6.996160391562384895e-01,6.115189244593750573e-01,4.587414398625555556e-01,3.504854189946591814e-01,9.999999999999998890e-01,6.995769986291341391e-01,6.115186639746946762e-01,4.587460840010163521e-01,3.504990805596744363e-01,6.996160391064961681e-01,8.564083027442311868e-01,7.801627738412157953e-01,5.749487854634518502e-01,5.396993840856891822e-01,6.995769986291341391e-01,9.999999999999998890e-01,7.801178779921632556e-01,5.749474757247352574e-01,5.397017052711037266e-01,6.115189244176416627e-01,7.801627738526316636e-01,7.136665914345967643e-01,4.808264349368561175e-01,4.805299775357818048e-01,6.115186639746946762e-01,7.801178779921632556e-01,9.999999999999998890e-01,4.808032993454087745e-01,4.805259585366277175e-01,4.587414398891985212e-01,5.749487855371988587e-01,4.808264350079329841e-01,3.451281435888741700e-01,2.152796687942266640e-01,4.587460840010163521e-01,5.749474757247352574e-01,4.808032993454087745e-01,9.999999999999998890e-01,2.152758369949595019e-01,3.504854189542739307e-01,5.396993841023310923e-01,4.805299775434421772e-01,2.152796687265717268e-01,2.601005680081183713e-01,3.504990805596744363e-01,5.397017052711037266e-01,4.805259585366277175e-01,2.152758369949595019e-01,9.999999999999998890e-01
