1.000000000000001776e+00,6.465385777839800507e-01,5.375255839777419720e-01,6.337386396346101902e-01,8.367977974695741672e-01,8.500196098556437319e-01,6.505360472218538748e-01,5.389322630758965893e-01,6.333678948421195276e-01,8.311279888080700395e-01,6.465385777839800507e-01,1.000000000000001776e+00,3.174063050233820737e-01,4.685172123517596376e-01,6.397143578909829653e-01,6.505360472245399484e-01,4.891691174756181981e-01,3.184219088798579955e-01,4.706697847686819869e-01,6.394089088320377146e-01,5.375255839777419720e-01,3.174063050233820737e-01,1.000000000000001776e+00,2.985807846829798828e-01,5.277510180242830362e-01,5.389322630786571589e-01,3.184219088799473685e-01,2.447551771458977565e-01,2.994258334894626117e-01,5.292633478315926787e-01,6.337386396346101902e-01,4.685172123517596376e-01,2.985807846829798828e-01,1.000000000000001776e+00,6.160782460171695396e-01,6.333678948459160463e-01,4.706697847679019442e-01,2.994258334893626361e-01,4.545495470717174080e-01,6.197997515913695743e-01,8.367977974695741672e-01,6.397143578909829653e-01,5.277510180242830362e-01,6.160782460171695396e-01,1.000000000000001776e+00,8.311279888065690180e-01,6.394089088272841837e-01,5.292633478305958095e-01,6.197997515868611806e-01,8.286235386701971128e-01,8.500196098556437319e-01,6.505360472245399484e-01,5.389322630786571589e-01,6.333678948459160463e-01,8.311279888065690180e-01,1.000000000000001776e+00,6.465385777875297668e-01,5.375255839811053926e-01,6.337386396371391672e-01,8.367977974775846484e-01,6.505360472218538748e-01,4.891691174756181981e-01,3.184219088799473685e-01,4.706697847679019442e-01,6.394089088272841837e-01,6.465385777875297668e-01,1.000000000000001776e+00,3.174063050229274374e-01,4.685172123525905841e-01,6.397143578954043175e-01,5.389322630758965893e-01,3.184219088798579955e-01,2.447551771458977565e-01,2.994258334893626361e-01,5.292633478305958095e-01,5.375255839811053926e-01,3.174063050229274374e-01,1.000000000000001776e+00,2.985807846824926060e-01,5.277510180264310957e-01,6.333678948421195276e-01,4.706697847686819869e-01,2.994258334894626117e-01,4.545495470717174080e-01,6.197997515868611806e-01,6.337386396371391672e-01,4.685172123525905841e-01,2.985807846824926060e-01,1.000000000000001776e+00,6.160782460218823253e-01,8.311279888080700395e-01,6.394089088320377146e-01,5.292633478315926787e-01,6.197997515913695743e-01,8.286235386701971128e-01,8.367977974775846484e-01,6.397143578954043175e-01,5.277510180264310957e-01,6.160782460218823253e-01,1.000000000000001776e+00
9.999999999999964473e-01,5.754852471529254831e-01,5.117284920522970904e-01,6.156768830761014666e-01,8.020812555465881566e-01,7.892536240510736878e-01,5.811917626867316722e-01,5.142355055653309304e-01,6.151490807803274841e-01,7.932648691592526502e-01,5.754852471529254831e-01,9.999999999999964473e-01,2.757949823507145348e-01,4.632737601900472901e-01,6.063032916114701187e-01,5.811917627311422585e-01,4.401621779952851199e-01,2.772219512959418486e-01,4.667080760164561415e-01,6.055926023119548862e-01,5.117284920522970904e-01,2.757949823507145348e-01,9.999999999999964473e-01,3.083558345690421421e-01,5.271911991581204049e-01,5.142355055915326378e-01,2.772219512983137291e-01,2.599534444809455946e-01,3.102477691689943251e-01,5.294022951668361232e-01,6.156768830761014666e-01,4.632737601900472901e-01,3.083558345690421421e-01,9.999999999999964473e-01,6.281698127496092576e-01,6.151490808430410961e-01,4.667080760058718303e-01,3.102477691791157843e-01,4.976697681628501901e-01,6.346286585897024102e-01,8.020812555465881566e-01,6.063032916114701187e-01,5.271911991581204049e-01,6.281698127496092576e-01,9.999999999999964473e-01,7.932648691373962446e-01,6.055926022500366379e-01,5.294022951455343851e-01,6.346286585188771756e-01,8.247952694036415622e-01,7.892536240510736878e-01,5.811917627311422585e-01,5.142355055915326378e-01,6.151490808430410961e-01,7.932648691373962446e-01,9.999999999999964473e-01,5.754852471814766446e-01,5.117284920627789280e-01,6.156768830785528390e-01,8.020812556399534721e-01,5.811917626867316722e-01,4.401621779952851199e-01,2.772219512983137291e-01,4.667080760058718303e-01,6.055926022500366379e-01,5.754852471814766446e-01,9.999999999999964473e-01,2.757949823315779536e-01,4.632737601827697782e-01,6.063032916592501209e-01,5.142355055653309304e-01,2.772219512959418486e-01,2.599534444809455946e-01,3.102477691791157843e-01,5.294022951455343851e-01,5.117284920627789280e-01,2.757949823315779536e-01,9.999999999999964473e-01,3.083558345425817526e-01,5.271911991856106372e-01,6.151490807803274841e-01,4.667080760164561415e-01,3.102477691689943251e-01,4.976697681628501901e-01,6.346286585188771756e-01,6.156768830785528390e-01,4.632737601827697782e-01,3.083558345425817526e-01,9.999999999999964473e-01,6.281698127901267359e-01,7.932648691592526502e-01,6.055926023119548862e-01,5.294022951668361232e-01,6.346286585897024102e-01,8.247952694036415622e-01,8.020812556399534721e-01,6.063032916592501209e-01,5.271911991856106372e-01,6.281698127901267359e-01,9.999999999999964473e-01
9.999999999999984457e-01,4.454221028672770699e-01,4.736480130478230022e-01,5.800494285714943299e-01,7.262584887004284173e-01,6.777391912095661608e-01,4.532836761559773664e-01,4.784934870436825527e-01,5.792738847300631377e-01,7.118116520214368137e-01,4.454221028672770699e-01,9.999999999999984457e-01,2.155858373646855342e-01,4.576707313166703539e-01,5.507525336840496388e-01,4.532836761639733592e-01,3.671694253405520803e-01,2.177657599866643368e-01,4.631318349713307025e-01,5.488028949256958944e-01,4.736480130478230022e-01,2.155858373646855342e-01,9.999999999999984457e-01,3.399287623875332232e-01,5.229511104346225014e-01,4.784934870520202721e-01,2.177657599908464636e-01,3.011449643510915042e-01,3.451824952204666230e-01,5.258968589346597611e-01,5.800494285714943299e-01,4.576707313166703539e-01,3.399287623875332232e-01,9.999999999999984457e-01,6.466131818862437264e-01,5.792738847530948254e-01,4.631318349798633216e-01,3.451824952235742483e-01,5.709093686927364519e-01,6.594482845926552539e-01,7.262584887004284173e-01,5.507525336840496388e-01,5.229511104346225014e-01,6.466131818862437264e-01,9.999999999999984457e-01,7.118116520108183076e-01,5.488028949144658775e-01,5.258968589210074596e-01,6.594482845647189340e-01,8.036574012112013277e-01,6.777391912095661608e-01,4.532836761639733592e-01,4.784934870520202721e-01,5.792738847530948254e-01,7.118116520108183076e-01,9.999999999999984457e-01,4.454221028853329600e-01,4.736480130482116357e-01,5.800494285742775480e-01,7.262584887415615142e-01,4.532836761559773664e-01,3.671694253405520803e-01,2.177657599908464636e-01,4.631318349798633216e-01,5.488028949144658775e-01,4.454221028853329600e-01,9.999999999999984457e-01,2.155858373617998147e-01,4.576707313120089715e-01,5.507525336966218044e-01,4.784934870436825527e-01,2.177657599866643368e-01,3.011449643510915042e-01,3.451824952235742483e-01,5.258968589210074596e-01,4.736480130482116357e-01,2.155858373617998147e-01,9.999999999999984457e-01,3.399287623718360019e-01,5.229511104549984246e-01,5.792738847300631377e-01,4.631318349713307025e-01,3.451824952204666230e-01,5.709093686927364519e-01,6.594482845647189340e-01,5.800494285742775480e-01,4.576707313120089715e-01,3.399287623718360019e-01,9.999999999999984457e-01,6.466131819021373461e-01,7.118116520214368137e-01,5.488028949256958944e-01,5.258968589346597611e-01,6.594482845926552539e-01,8.036574012112013277e-01,7.262584887415615142e-01,5.507525336966218044e-01,5.229511104549984246e-01,6.466131819021373461e-01,9.999999999999984457e-01
9.999999999999970024e-01,2.107840783114784122e-01,4.294115720716068507e-01,5.054091692905344768e-01,5.342075108274562112e-01,4.808926657597601406e-01,2.187966428081724868e-01,4.387440009436869293e-01,5.037022999802549528e-01,5.116197360661476345e-01,2.107840783114784122e-01,9.999999999999970024e-01,1.601931365641375282e-01,4.500668051027504890e-01,4.684900313997295562e-01,2.187966428115498130e-01,2.927859801588963418e-01,1.657546165683987938e-01,4.572790809692703351e-01,4.625601309150847440e-01,4.294115720716068507e-01,1.601931365641375282e-01,9.999999999999970024e-01,4.297618727882214218e-01,4.959810000049518774e-01,4.387440009436355814e-01,1.657546165738007504e-01,4.099973329688146317e-01,4.483837095422243957e-01,4.984804208798446767e-01,5.054091692905344768e-01,4.500668051027504890e-01,4.297618727882214218e-01,9.999999999999970024e-01,6.469554558258574506e-01,5.037022999913196575e-01,4.572790809708663362e-01,4.483837095412009921e-01,6.705446184497474427e-01,6.761001214506963120e-01,5.342075108274562112e-01,4.684900313997295562e-01,4.959810000049518774e-01,6.469554558258574506e-01,9.999999999999970024e-01,5.116197360657395166e-01,4.625601309121283311e-01,4.984804208801582037e-01,6.761001214392742265e-01,7.143603437730214889e-01,4.808926657597601406e-01,2.187966428115498130e-01,4.387440009436355814e-01,5.037022999913196575e-01,5.116197360657395166e-01,9.999999999999970024e-01,2.107840783190184919e-01,4.294115720703798322e-01,5.054091692938378344e-01,5.342075108365639258e-01,2.187966428081724868e-01,2.927859801588963418e-01,1.657546165738007504e-01,4.572790809708663362e-01,4.625601309121283311e-01,2.107840783190184919e-01,9.999999999999970024e-01,1.601931365635140825e-01,4.500668050969198197e-01,4.684900314101796415e-01,4.387440009436869293e-01,1.657546165683987938e-01,4.099973329688146317e-01,4.483837095412009921e-01,4.984804208801582037e-01,4.294115720703798322e-01,1.601931365635140825e-01,9.999999999999970024e-01,4.297618727796808646e-01,4.959810000037265798e-01,5.037022999802549528e-01,4.572790809692703351e-01,4.483837095422243957e-01,6.705446184497474427e-01,6.761001214392742265e-01,5.054091692938378344e-01,4.500668050969198197e-01,4.297618727796808646e-01,9.999999999999970024e-01,6.469554558256325194e-01,5.116197360661476345e-01,4.625601309150847440e-01,4.984804208798446767e-01,6.761001214506963120e-01,7.143603437730214889e-01,5.342075108365639258e-01,4.684900314101796415e-01,4.959810000037265798e-01,6.469554558256325194e-01,9.999999999999970024e-01
9.999999999999977796e-01,-3.236888642275795314e-02,3.987710507194555110e-01,3.965250884052022307e-01,1.444994879393102782e-01,3.189905465121913308e-01,-2.616192359622018793e-02,4.098737541169912291e-01,3.908263613722251506e-01,1.215948172005926892e-01,-3.236888642275795314e-02,9.999999999999977796e-01,2.029451559518883896e-01,3.882320010017079603e-01,4.125677913234911953e-01,-2.616192357166452487e-02,3.486009228649569747e-01,2.346724529274900051e-01,3.921660445374036685e-01,4.003744536307692337e-01,3.987710507194555110e-01,2.029451559518883896e-01,9.999999999999977796e-01,5.023409357396311226e-01,3.833219128981796286e-01,4.098737540672941493e-01,2.346724529293436889e-01,5.432277588700941129e-01,5.665383745843681762e-01,3.839161155039218509e-01,3.965250884052022307e-01,3.882320010017079603e-01,5.023409357396311226e-01,9.999999999999977796e-01,4.520636613641329515e-01,3.908263613793245272e-01,3.921660445548400542e-01,5.665383745737349042e-01,6.339033823827220360e-01,5.108084173551544760e-01,1.444994879393102782e-01,4.125677913234911953e-01,3.833219128981796286e-01,4.520636613641329515e-01,9.999999999999977796e-01,1.215948171835636582e-01,4.003744537075863974e-01,3.839161154496611439e-01,5.108084173096052449e-01,4.953171637909556391e-01,3.189905465121913308e-01,-2.616192357166452487e-02,4.098737540672941493e-01,3.908263613793245272e-01,1.215948171835636582e-01,9.999999999999977796e-01,-3.236888640447230236e-02,3.987710507130597382e-01,3.965250884327417569e-01,1.444994880022528461e-01,-2.616192359622018793e-02,3.486009228649569747e-01,2.346724529293436889e-01,3.921660445548400542e-01,4.003744537075863974e-01,-3.236888640447230236e-02,9.999999999999977796e-01,2.029451559487976953e-01,3.882320009779136605e-01,4.125677913055683099e-01,4.098737541169912291e-01,2.346724529274900051e-01,5.432277588700941129e-01,5.665383745737349042e-01,3.839161154496611439e-01,3.987710507130597382e-01,2.029451559487976953e-01,9.999999999999977796e-01,5.023409357269075226e-01,3.833219129413516502e-01,3.908263613722251506e-01,3.921660445374036685e-01,5.665383745843681762e-01,6.339033823827220360e-01,5.108084173096052449e-01,3.965250884327417569e-01,3.882320009779136605e-01,5.023409357269075226e-01,9.999999999999977796e-01,4.520636613879407406e-01,1.215948172005926892e-01,4.003744536307692337e-01,3.839161155039218509e-01,5.108084173551544760e-01,4.953171637909556391e-01,1.444994880022528461e-01,4.125677913055683099e-01,3.833219129413516502e-01,4.520636613879407406e-01,9.999999999999977796e-01
9.999999999999977796e-01,1.842184729233424245e-01,3.038482796853579360e-01,2.416695396952138197e-01,4.232242857541799186e-01,4.501109993047631153e-01,3.027707118166106937e-01,3.018731948654391761e-01,2.462693318315233859e-01,2.803086738132058997e-01,1.842184729233424245e-01,9.999999999999977796e-01,-1.235815774435979619e-01,3.958447921168007366e-01,2.052165190117541393e-01,3.027707117424455197e-01,4.225592321762972059e-01,-8.307108959752396160e-02,3.980633215707363726e-01,2.114055583972312968e-01,3.038482796853579360e-01,-1.235815774435979619e-01,9.999999999999977796e-01,-2.177222695062507318e-01,3.602590472930933818e-01,3.018731949803841741e-01,-8.307108951897057558e-02,3.951404559054502164e-01,-2.010808631313029116e-01,3.608554183280581196e-01,2.416695396952138197e-01,3.958447921168007366e-01,-2.177222695062507318e-01,9.999999999999977796e-01,3.189563177676367489e-02,2.462693317172634788e-01,3.980633214439490697e-01,-2.010808631714776362e-01,4.057464836160561972e-01,1.118268851283523574e-01,4.232242857541799186e-01,2.052165190117541393e-01,3.602590472930933818e-01,3.189563177676367489e-02,9.999999999999977796e-01,2.803086738100416531e-01,2.114055584113138653e-01,3.608554184588699254e-01,1.118268850569394124e-01,4.397201479286821924e-01,4.501109993047631153e-01,3.027707117424455197e-01,3.018731949803841741e-01,2.462693317172634788e-01,2.803086738100416531e-01,9.999999999999977796e-01,1.842184729363366968e-01,3.038482798178950284e-01,2.416695395851051753e-01,4.232242858587569323e-01,3.027707118166106937e-01,4.225592321762972059e-01,-8.307108951897057558e-02,3.980633214439490697e-01,2.114055584113138653e-01,1.842184729363366968e-01,9.999999999999977796e-01,-1.235815774447928117e-01,3.958447919881582511e-01,2.052165191045998149e-01,3.018731948654391761e-01,-8.307108959752396160e-02,3.951404559054502164e-01,-2.010808631714776362e-01,3.608554184588699254e-01,3.038482798178950284e-01,-1.235815774447928117e-01,9.999999999999977796e-01,-2.177222695237691630e-01,3.602590472403780497e-01,2.462693318315233859e-01,3.980633215707363726e-01,-2.010808631313029116e-01,4.057464836160561972e-01,1.118268850569394124e-01,2.416695395851051753e-01,3.958447919881582511e-01,-2.177222695237691630e-01,9.999999999999977796e-01,3.189563177793848514e-02,2.803086738132058997e-01,2.114055583972312968e-01,3.608554183280581196e-01,1.118268851283523574e-01,4.397201479286821924e-01,4.232242858587569323e-01,2.052165191045998149e-01,3.602590472403780497e-01,3.189563177793848514e-02,9.999999999999977796e-01
1.000000000000006883e+00,-1.499321489672750529e-01,3.197748351897061747e-01,5.010059010044858041e-02,2.932335969377198870e-01,3.186140104733197198e-01,2.105610367307825248e-02,2.917155688194847940e-01,8.066299863255453617e-02,3.143761069374555184e-02,-1.499321489672750529e-01,1.000000000000006883e+00,-4.109186560956309409e-01,4.410928407407521679e-01,6.662573497408269541e-02,2.105610379022995748e-02,4.574240058814774135e-01,-3.706004404029645261e-01,4.143035917768327359e-01,9.701694225974991093e-02,3.197748351897061747e-01,-4.109186560956309409e-01,1.000000000000006883e+00,-3.908474284192453574e-01,2.933135986150078311e-01,2.917155687095694949e-01,-3.706004404428865362e-01,5.330224577628925875e-01,-3.404800033725893238e-01,2.649773228652354540e-01,5.010059010044858041e-02,4.410928407407521679e-01,-3.908474284192453574e-01,1.000000000000006883e+00,-1.174562203758143519e-01,8.066299861459438891e-02,4.143035918313429100e-01,-3.404800034154460420e-01,4.409348749477029483e-01,6.979199457935142403e-02,2.932335969377198870e-01,6.662573497408269541e-02,2.933135986150078311e-01,-1.174562203758143519e-01,1.000000000000006883e+00,3.143761073780027004e-02,9.701694224821960644e-02,2.649773228985498053e-01,6.979199454707581129e-02,3.084231669469937875e-01,3.186140104733197198e-01,2.105610379022995748e-02,2.917155687095694949e-01,8.066299861459438891e-02,3.143761073780027004e-02,1.000000000000006883e+00,-1.499321489643942462e-01,3.197748351039597647e-01,5.010059029582489276e-02,2.932335969171461776e-01,2.105610367307825248e-02,4.574240058814774135e-01,-3.706004404428865362e-01,4.143035918313429100e-01,9.701694224821960644e-02,-1.499321489643942462e-01,1.000000000000006883e+00,-4.109186560642639208e-01,4.410928405486871928e-01,6.662573503763580263e-02,2.917155688194847940e-01,-3.706004404029645261e-01,5.330224577628925875e-01,-3.404800034154460420e-01,2.649773228985498053e-01,3.197748351039597647e-01,-4.109186560642639208e-01,1.000000000000006883e+00,-3.908474283350711898e-01,2.933135985125036038e-01,8.066299863255453617e-02,4.143035917768327359e-01,-3.404800033725893238e-01,4.409348749477029483e-01,6.979199454707581129e-02,5.010059029582489276e-02,4.410928405486871928e-01,-3.908474283350711898e-01,1.000000000000006883e+00,-1.174562203648483738e-01,3.143761069374555184e-02,9.701694225974991093e-02,2.649773228652354540e-01,6.979199457935142403e-02,3.084231669469937875e-01,2.932335969171461776e-01,6.662573503763580263e-02,2.933135985125036038e-01,-1.174562203648483738e-01,1.000000000000006883e+00
1.000000000000004441e+00,-4.197302343909311562e-01,3.138218954409005557e-01,5.282847488569727967e-02,-1.206013944960937501e-02,2.657054557616653767e-01,-1.206014113990690889e-02,5.282847448667752494e-02,3.138219065768012572e-01,-4.197302424650594110e-01,-4.197302343909311562e-01,1.000000000000004441e+00,-4.197302353516834117e-01,3.138219025480747382e-01,5.282847392687445992e-02,-1.206013820305334994e-02,2.657054563641811917e-01,-1.206013559504701127e-02,5.282847023291810384e-02,3.138219033262982238e-01,3.138218954409005557e-01,-4.197302353516834117e-01,1.000000000000004441e+00,-4.197302395744295089e-01,3.138219021833505984e-01,5.282847561480903675e-02,-1.206014152656373351e-02,2.657054542364752914e-01,-1.206013568364330824e-02,5.282847150286605620e-02,5.282847488569727967e-02,3.138219025480747382e-01,-4.197302395744295089e-01,1.000000000000004441e+00,-4.197302355678861341e-01,3.138218955123878162e-01,5.282847750693683841e-02,-1.206013856203003165e-02,2.657054552409261472e-01,-1.206014108298129189e-02,-1.206013944960937501e-02,5.282847392687445992e-02,3.138219021833505984e-01,-4.197302355678861341e-01,1.000000000000004441e+00,-4.197302338491756268e-01,3.138218986583117820e-01,5.282847714345126344e-02,-1.206013984670435690e-02,2.657054572589523378e-01,2.657054557616653767e-01,-1.206013820305334994e-02,5.282847561480903675e-02,3.138218955123878162e-01,-4.197302338491756268e-01,1.000000000000004441e+00,-4.197302381299186091e-01,3.138219014408942797e-01,5.282848036083757914e-02,-1.206014458187738836e-02,-1.206014113990690889e-02,2.657054563641811917e-01,-1.206014152656373351e-02,5.282847750693683841e-02,3.138218986583117820e-01,-4.197302381299186091e-01,1.000000000000004441e+00,-4.197302354549686809e-01,3.138218932496991131e-01,5.282847936127249566e-02,5.282847448667752494e-02,-1.206013559504701127e-02,2.657054542364752914e-01,-1.206013856203003165e-02,5.282847714345126344e-02,3.138219014408942797e-01,-4.197302354549686809e-01,1.000000000000004441e+00,-4.197302297591342102e-01,3.138218949116415857e-01,3.138219065768012572e-01,5.282847023291810384e-02,-1.206013568364330824e-02,2.657054552409261472e-01,-1.206013984670435690e-02,5.282848036083757914e-02,3.138218932496991131e-01,-4.197302297591342102e-01,1.000000000000004441e+00,-4.197302378770007003e-01,-4.197302424650594110e-01,3.138219033262982238e-01,5.282847150286605620e-02,-1.206014108298129189e-02,2.657054572589523378e-01,-1.206014458187738836e-02,5.282847936127249566e-02,3.138218949116415857e-01,-4.197302378770007003e-01,1.000000000000004441e+00
1.000000000000002665e+00,-4.619998296233713830e-01,2.401502473061740695e-01,1.375168030427262600e-01,-1.933546018352008677e-01,4.056810011892513779e-01,-1.933546018329473093e-01,1.375168035962893442e-01,2.401502457615099506e-01,-4.619998295491110074e-01,-4.619998296233713830e-01,1.000000000000002665e+00,-4.619998289213653742e-01,2.401502454554752530e-01,1.375168048514209262e-01,-1.933546024063054203e-01,4.056810001201854310e-01,-1.933546002932880481e-01,1.375168043934634765e-01,2.401502454723318247e-01,2.401502473061740695e-01,-4.619998289213653742e-01,1.000000000000002665e+00,-4.619998283991493260e-01,2.401502452128906617e-01,1.375168034877044254e-01,-1.933545994355986009e-01,4.056809993705899897e-01,-1.933546017444716658e-01,1.375168036556923268e-01,1.375168030427262600e-01,2.401502454554752530e-01,-4.619998283991493260e-01,1.000000000000002665e+00,-4.619998292292674114e-01,2.401502477940009039e-01,1.375168006086615047e-01,-1.933545987195716687e-01,4.056810007656668216e-01,-1.933546014764341847e-01,-1.933546018352008677e-01,1.375168048514209262e-01,2.401502452128906617e-01,-4.619998292292674114e-01,1.000000000000002665e+00,-4.619998304968647718e-01,2.401502487479892367e-01,1.375168033736300921e-01,-1.933546037145100205e-01,4.056810012726361769e-01,4.056810011892513779e-01,-1.933546024063054203e-01,1.375168034877044254e-01,2.401502477940009039e-01,-4.619998304968647718e-01,1.000000000000002665e+00,-4.619998293510294562e-01,2.401502443899851125e-01,1.375168054609318402e-01,-1.933546018435713665e-01,-1.933546018329473093e-01,4.056810001201854310e-01,-1.933545994355986009e-01,1.375168006086615047e-01,2.401502487479892367e-01,-4.619998293510294562e-01,1.000000000000002665e+00,-4.619998276704831985e-01,2.401502449539741901e-01,1.375168034865822952e-01,1.375168035962893442e-01,-1.933546002932880481e-01,4.056809993705899897e-01,-1.933545987195716687e-01,1.375168033736300921e-01,2.401502443899851125e-01,-4.619998276704831985e-01,1.000000000000002665e+00,-4.619998294721769927e-01,2.401502474905323203e-01,2.401502457615099506e-01,1.375168043934634765e-01,-1.933546017444716658e-01,4.056810007656668216e-01,-1.933546037145100205e-01,1.375168054609318402e-01,2.401502449539741901e-01,-4.619998294721769927e-01,1.000000000000002665e+00,-4.619998303490467362e-01,-4.619998295491110074e-01,2.401502454723318247e-01,1.375168036556923268e-01,-1.933546014764341847e-01,4.056810012726361769e-01,-1.933546018435713665e-01,1.375168034865822952e-01,2.401502474905323203e-01,-4.619998303490467362e-01,1.000000000000002665e+00
9.999999999999980016e-01,-5.101151430353335625e-01,2.279616786568818276e-01,1.410729059569631461e-01,-2.492308864742507346e-01,4.319553186144933221e-01,-2.492308876209465562e-01,1.410729064415362777e-01,2.279616793825630372e-01,-5.101151415572324765e-01,-5.101151430353335625e-01,9.999999999999980016e-01,-5.101151433609781849e-01,2.279616824875687897e-01,1.410729020573239512e-01,-2.492308849397862902e-01,4.319553204992709894e-01,-2.492308900139182104e-01,1.410729061616442237e-01,2.279616798487215101e-01,2.279616786568818276e-01,-5.101151433609781849e-01,9.999999999999980016e-01,-5.101151436370320313e-01,2.279616826704430332e-01,1.410729042917772402e-01,-2.492308884798613566e-01,4.319553219584702508e-01,-2.492308877010308010e-01,1.410729076397951309e-01,1.410729059569631461e-01,2.279616824875687897e-01,-5.101151436370320313e-01,9.999999999999980016e-01,-5.101151434829001019e-01,2.279616796122631572e-01,1.410729067731333053e-01,-2.492308896885695180e-01,4.319553204473767227e-01,-2.492308882597089326e-01,-2.492308864742507346e-01,1.410729020573239512e-01,2.279616826704430332e-01,-5.101151434829001019e-01,9.999999999999980016e-01,-5.101151424572689663e-01,2.279616796894086972e-01,1.410729015733361291e-01,-2.492308832493250192e-01,4.319553188501449870e-01,4.319553186144933221e-01,-2.492308849397862902e-01,1.410729042917772402e-01,2.279616796122631572e-01,-5.101151424572689663e-01,9.999999999999980016e-01,-5.101151439131812459e-01,2.279616862661308363e-01,1.410728989712832226e-01,-2.492308834330224654e-01,-2.492308876209465562e-01,4.319553204992709894e-01,-2.492308884798613566e-01,1.410729067731333053e-01,2.279616796894086972e-01,-5.101151439131812459e-01,9.999999999999980016e-01,-5.101151467231508363e-01,2.279616842242040697e-01,1.410729037951853060e-01,1.410729064415362777e-01,-2.492308900139182104e-01,4.319553219584702508e-01,-2.492308896885695180e-01,1.410729015733361291e-01,2.279616862661308363e-01,-5.101151467231508363e-01,9.999999999999980016e-01,-5.101151447776347547e-01,2.279616798890249096e-01,2.279616793825630372e-01,1.410729061616442237e-01,-2.492308877010308010e-01,4.319553204473767227e-01,-2.492308832493250192e-01,1.410728989712832226e-01,2.279616842242040697e-01,-5.101151447776347547e-01,9.999999999999980016e-01,-5.101151413011085767e-01,-5.101151415572324765e-01,2.279616798487215101e-01,1.410729076397951309e-01,-2.492308882597089326e-01,4.319553188501449870e-01,-2.492308834330224654e-01,1.410729037951853060e-01,2.279616798890249096e-01,-5.101151413011085767e-01,9.999999999999980016e-01
