1.000000000000000000e+00,1.000000000000000000e+00,1.000000000000000000e+00,1.000000000000000000e+00,1.000000000000000000e+00,1.000000000000000000e+00,1.000000000000000000e+00,1.000000000000000000e+00,1.000000000000000000e+00,1.000000000000000000e+00,1.000000000000000000e+00,1.000000000000000000e+00,1.000000000000000000e+00,1.000000000000000000e+00,1.000000000000000000e+00,1.000000000000000000e+00,1.000000000000000000e+00,1.000000000000000000e+00,1.000000000000000000e+00,1.000000000000000000e+00,1.000000000000000000e+00,1.000000000000000000e+00,1.000000000000000000e+00,1.000000000000000000e+00,1.000000000000000000e+00,1.000000000000000000e+00,1.000000000000000000e+00,1.000000000000000000e+00,1.000000000000000000e+00,1.000000000000000000e+00,1.000000000000000000e+00,1.000000000000000000e+00,1.000000000000000000e+00,1.000000000000000000e+00,1.000000000000000000e+00,1.000000000000000000e+00,1.000000000000000000e+00,1.000000000000000000e+00,1.000000000000000000e+00,1.000000000000000000e+00,1.000000000000000000e+00,1.000000000000000000e+00,1.000000000000000000e+00,1.000000000000000000e+00,1.000000000000000000e+00,1.000000000000000000e+00,1.000000000000000000e+00,1.000000000000000000e+00,1.000000000000000000e+00,1.000000000000000000e+00,1.000000000000000000e+00,1.000000000000000000e+00,1.000000000000000000e+00,1.000000000000000000e+00,1.000000000000000000e+00,1.000000000000000000e+00,1.000000000000000000e+00,1.000000000000000000e+00,1.000000000000000000e+00,1.000000000000000000e+00,1.000000000000000000e+00,1.000000000000000000e+00,1.000000000000000000e+00,1.000000000000000000e+00,1.000000000000000000e+00,1.000000000000000000e+00,1.000000000000000000e+00,1.000000000000000000e+00,1.000000000000000000e+00,1.000000000000000000e+00,1.000000000000000000e+00,1.000000000000000000e+00,1.000000000000000000e+00,1.000000000000000000e+00,1.000000000000000000e+00,1.000000000000000000e+00,1.000000000000000000e+00,1.000000000000000000e+00,1.000000000000000000e+00,1.000000000000000000e+00,1.000000000000000000e+00
1.000000000000000444e+00,8.223708250233030537e-01,8.282628704678919318e-01,8.223708250233027206e-01,8.300739005252266711e-01,8.298423257298919165e-01,8.282628704678919318e-01,8.298423257298920275e-01,8.282865572587330139e-01,8.223708250233030537e-01,1.000000000000000444e+00,8.223708250233031647e-01,8.298294402824485383e-01,8.260740748598212058e-01,8.298294402824485383e-01,8.298423257298921385e-01,8.314157483265105508e-01,8.298423257298921385e-01,8.282628704678919318e-01,8.223708250233031647e-01,1.000000000000000444e+00,8.298423257298920275e-01,8.300739005252266711e-01,8.223708250233028316e-01,8.282865572587329028e-01,8.298423257298920275e-01,8.282628704678918208e-01,8.223708250233027206e-01,8.298294402824485383e-01,8.298423257298920275e-01,1.000000000000000444e+00,8.260740748598208727e-01,8.314157483265101067e-01,8.223708250233027206e-01,8.298294402824482052e-01,8.298423257298918054e-01,8.300739005252266711e-01,8.260740748598212058e-01,8.300739005252266711e-01,8.260740748598208727e-01,1.000000000000000444e+00,8.260740748598208727e-01,8.300739005252265601e-01,8.260740748598209837e-01,8.300739005252266711e-01,8.298423257298919165e-01,8.298294402824485383e-01,8.223708250233028316e-01,8.314157483265101067e-01,8.260740748598208727e-01,1.000000000000000444e+00,8.298423257298918054e-01,8.298294402824482052e-01,8.223708250233027206e-01,8.282628704678919318e-01,8.298423257298921385e-01,8.282865572587329028e-01,8.223708250233027206e-01,8.300739005252265601e-01,8.298423257298918054e-01,1.000000000000000444e+00,8.223708250233027206e-01,8.282628704678918208e-01,8.298423257298920275e-01,8.314157483265105508e-01,8.298423257298920275e-01,8.298294402824482052e-01,8.260740748598209837e-01,8.298294402824482052e-01,8.223708250233027206e-01,1.000000000000000444e+00,8.223708250233027206e-01,8.282865572587330139e-01,8.298423257298921385e-01,8.282628704678918208e-01,8.298423257298918054e-01,8.300739005252266711e-01,8.223708250233027206e-01,8.282628704678918208e-01,8.223708250233027206e-01,1.000000000000000444e+00
1.000000000000000666e+00,6.292332627923774568e-01,6.475532310780739431e-01,6.292332627923754584e-01,6.626010287316239644e-01,6.647917199679835853e-01,6.475532310780736100e-01,6.647917199679832523e-01,6.478215163544435162e-01,6.292332627923774568e-01,1.000000000000000666e+00,6.292332627923763466e-01,6.590457555740925066e-01,6.730707315848526440e-01,6.590457555740929507e-01,6.647917199679836964e-01,6.809812656919734808e-01,6.647917199679835853e-01,6.475532310780739431e-01,6.292332627923763466e-01,1.000000000000000666e+00,6.647917199679824751e-01,6.626010287316230762e-01,6.292332627923747923e-01,6.478215163544429611e-01,6.647917199679824751e-01,6.475532310780727219e-01,6.292332627923754584e-01,6.590457555740925066e-01,6.647917199679824751e-01,1.000000000000000666e+00,6.730707315848506456e-01,6.809812656919724816e-01,6.292332627923741262e-01,6.590457555740907303e-01,6.647917199679822531e-01,6.626010287316239644e-01,6.730707315848526440e-01,6.626010287316230762e-01,6.730707315848506456e-01,1.000000000000000666e+00,6.730707315848509786e-01,6.626010287316228542e-01,6.730707315848505345e-01,6.626010287316226322e-01,6.647917199679835853e-01,6.590457555740929507e-01,6.292332627923747923e-01,6.809812656919724816e-01,6.730707315848509786e-01,1.000000000000000666e+00,6.647917199679824751e-01,6.590457555740910633e-01,6.292332627923742372e-01,6.475532310780736100e-01,6.647917199679836964e-01,6.478215163544429611e-01,6.292332627923741262e-01,6.626010287316228542e-01,6.647917199679824751e-01,1.000000000000000666e+00,6.292332627923737931e-01,6.475532310780724998e-01,6.647917199679832523e-01,6.809812656919734808e-01,6.647917199679824751e-01,6.590457555740907303e-01,6.730707315848505345e-01,6.590457555740910633e-01,6.292332627923737931e-01,1.000000000000000666e+00,6.292332627923737931e-01,6.478215163544435162e-01,6.647917199679835853e-01,6.475532310780727219e-01,6.647917199679822531e-01,6.626010287316226322e-01,6.292332627923742372e-01,6.475532310780724998e-01,6.292332627923737931e-01,1.000000000000000666e+00
1.000000000000003775e+00,7.724487601682011872e-01,7.528415074482386338e-01,7.724487601681985227e-01,8.111110845308158179e-01,7.877517765628894164e-01,7.528415074482381897e-01,7.877517765628889723e-01,7.531786765539354445e-01,7.724487601682011872e-01,1.000000000000003775e+00,7.724487601681985227e-01,8.131360370631929291e-01,8.462630852480185206e-01,8.131360370631932621e-01,7.877517765628883062e-01,8.209429358539735988e-01,7.877517765628877511e-01,7.528415074482386338e-01,7.724487601681985227e-01,1.000000000000003775e+00,7.877517765628866409e-01,8.111110845308129313e-01,7.724487601681959692e-01,7.531786765539337791e-01,7.877517765628865298e-01,7.528415074482351921e-01,7.724487601681985227e-01,8.131360370631929291e-01,7.877517765628866409e-01,1.000000000000003775e+00,8.462630852480157451e-01,8.209429358539719335e-01,7.724487601681950810e-01,8.131360370631900425e-01,7.877517765628856417e-01,8.111110845308158179e-01,8.462630852480185206e-01,8.111110845308129313e-01,8.462630852480157451e-01,1.000000000000003775e+00,8.462630852480158561e-01,8.111110845308122652e-01,8.462630852480155230e-01,8.111110845308117101e-01,7.877517765628894164e-01,8.131360370631932621e-01,7.724487601681959692e-01,8.209429358539719335e-01,8.462630852480158561e-01,1.000000000000003775e+00,7.877517765628864188e-01,8.131360370631903756e-01,7.724487601681947480e-01,7.528415074482381897e-01,7.877517765628883062e-01,7.531786765539337791e-01,7.724487601681950810e-01,8.111110845308122652e-01,7.877517765628864188e-01,1.000000000000003775e+00,7.724487601681948590e-01,7.528415074482347480e-01,7.877517765628889723e-01,8.209429358539735988e-01,7.877517765628865298e-01,8.131360370631900425e-01,8.462630852480155230e-01,8.131360370631903756e-01,7.724487601681948590e-01,1.000000000000003775e+00,7.724487601681943039e-01,7.531786765539354445e-01,7.877517765628877511e-01,7.528415074482351921e-01,7.877517765628856417e-01,8.111110845308117101e-01,7.724487601681947480e-01,7.528415074482347480e-01,7.724487601681943039e-01,1.000000000000003775e+00
1.000000000000002220e+00,9.777208171151178240e-01,9.650119313446315905e-01,9.777208171151177130e-01,9.731824677132954182e-01,9.780018221387131172e-01,9.650119313446314795e-01,9.780018221387131172e-01,9.650318141024354368e-01,9.777208171151178240e-01,1.000000000000002220e+00,9.777208171151163807e-01,9.936113755872409969e-01,9.836326706822356991e-01,9.936113755872407749e-01,9.780018221387116739e-01,9.910834203035425727e-01,9.780018221387113408e-01,9.650119313446315905e-01,9.777208171151163807e-01,1.000000000000002220e+00,9.780018221387116739e-01,9.731824677132936419e-01,9.777208171151160476e-01,9.650318141024342156e-01,9.780018221387116739e-01,9.650119313446295921e-01,9.777208171151177130e-01,9.936113755872409969e-01,9.780018221387116739e-01,1.000000000000002220e+00,9.836326706822354771e-01,9.910834203035424617e-01,9.777208171151159366e-01,9.936113755872406639e-01,9.780018221387111188e-01,9.731824677132954182e-01,9.836326706822356991e-01,9.731824677132936419e-01,9.836326706822354771e-01,1.000000000000002220e+00,9.836326706822353660e-01,9.731824677132935308e-01,9.836326706822354771e-01,9.731824677132931978e-01,9.780018221387131172e-01,9.936113755872407749e-01,9.777208171151160476e-01,9.910834203035424617e-01,9.836326706822353660e-01,1.000000000000002220e+00,9.780018221387114519e-01,9.936113755872405529e-01,9.777208171151153815e-01,9.650119313446314795e-01,9.780018221387116739e-01,9.650318141024342156e-01,9.777208171151159366e-01,9.731824677132935308e-01,9.780018221387114519e-01,1.000000000000002220e+00,9.777208171151158256e-01,9.650119313446293701e-01,9.780018221387131172e-01,9.910834203035425727e-01,9.780018221387116739e-01,9.936113755872406639e-01,9.836326706822354771e-01,9.936113755872405529e-01,9.777208171151158256e-01,1.000000000000002220e+00,9.777208171151154925e-01,9.650318141024354368e-01,9.780018221387113408e-01,9.650119313446295921e-01,9.780018221387111188e-01,9.731824677132931978e-01,9.777208171151153815e-01,9.650119313446293701e-01,9.777208171151154925e-01,1.000000000000002220e+00
1.000000000000001332e+00,8.925775291055582095e-01,9.316049903377832120e-01,8.925775291055604299e-01,8.359413402448431230e-01,8.944164341113185479e-01,9.316049903377835451e-01,8.944164341113192140e-01,9.317005160788959239e-01,8.925775291055582095e-01,1.000000000000001332e+00,8.925775291055604299e-01,8.634623980752094141e-01,7.882456750040097715e-01,8.634623980752089700e-01,8.944164341113194361e-01,8.576676743985506279e-01,8.944164341113198802e-01,9.316049903377832120e-01,8.925775291055604299e-01,1.000000000000001332e+00,8.944164341113211014e-01,8.359413402448451214e-01,8.925775291055617622e-01,9.317005160788975893e-01,8.944164341113211014e-01,9.316049903377859875e-01,8.925775291055604299e-01,8.634623980752094141e-01,8.944164341113211014e-01,1.000000000000001332e+00,7.882456750040118809e-01,8.576676743985518492e-01,8.925775291055626504e-01,8.634623980752116346e-01,8.944164341113218786e-01,8.359413402448431230e-01,7.882456750040097715e-01,8.359413402448451214e-01,7.882456750040118809e-01,1.000000000000001332e+00,7.882456750040114368e-01,8.359413402448452324e-01,7.882456750040117699e-01,8.359413402448456765e-01,8.944164341113185479e-01,8.634623980752089700e-01,8.925775291055617622e-01,8.576676743985518492e-01,7.882456750040114368e-01,1.000000000000001332e+00,8.944164341113207684e-01,8.634623980752107464e-01,8.925775291055623173e-01,9.316049903377835451e-01,8.944164341113194361e-01,9.317005160788975893e-01,8.925775291055626504e-01,8.359413402448452324e-01,8.944164341113207684e-01,1.000000000000001332e+00,8.925775291055624283e-01,9.316049903377859875e-01,8.944164341113192140e-01,8.576676743985506279e-01,8.944164341113211014e-01,8.634623980752116346e-01,7.882456750040117699e-01,8.634623980752107464e-01,8.925775291055624283e-01,1.000000000000001332e+00,8.925775291055627614e-01,9.317005160788959239e-01,8.944164341113198802e-01,9.316049903377859875e-01,8.944164341113218786e-01,8.359413402448456765e-01,8.925775291055623173e-01,9.316049903377859875e-01,8.925775291055627614e-01,1.000000000000001332e+00
1.000000000000004219e+00,6.732647533545152996e-01,7.364551248300903463e-01,6.732647533545159657e-01,6.280752103203143255e-01,6.973967419562725478e-01,7.364551248300899022e-01,6.973967419562725478e-01,7.360731107873280665e-01,6.732647533545152996e-01,1.000000000000004219e+00,6.732647533545180751e-01,6.359589721266213358e-01,5.805538278313402412e-01,6.359589721266200035e-01,6.973967419562752124e-01,6.654206190795153297e-01,6.973967419562756564e-01,7.364551248300903463e-01,6.732647533545180751e-01,1.000000000000004219e+00,6.973967419562758785e-01,6.280752103203173231e-01,6.732647533545175200e-01,7.360731107873297319e-01,6.973967419562747683e-01,7.364551248300930109e-01,6.732647533545159657e-01,6.359589721266213358e-01,6.973967419562758785e-01,1.000000000000004219e+00,5.805538278313411293e-01,6.654206190795156628e-01,6.732647533545187413e-01,6.359589721266207807e-01,6.973967419562762116e-01,6.280752103203143255e-01,5.805538278313402412e-01,6.280752103203173231e-01,5.805538278313411293e-01,1.000000000000004219e+00,5.805538278313397971e-01,6.280752103203172121e-01,5.805538278313400191e-01,6.280752103203178782e-01,6.973967419562725478e-01,6.359589721266200035e-01,6.732647533545175200e-01,6.654206190795156628e-01,5.805538278313397971e-01,1.000000000000004219e+00,6.973967419562747683e-01,6.359589721266196705e-01,6.732647533545181862e-01,7.364551248300899022e-01,6.973967419562752124e-01,7.360731107873297319e-01,6.732647533545187413e-01,6.280752103203172121e-01,6.973967419562747683e-01,1.000000000000004219e+00,6.732647533545174090e-01,7.364551248300928998e-01,6.973967419562725478e-01,6.654206190795153297e-01,6.973967419562747683e-01,6.359589721266207807e-01,5.805538278313400191e-01,6.359589721266196705e-01,6.732647533545174090e-01,1.000000000000004219e+00,6.732647533545181862e-01,7.360731107873280665e-01,6.973967419562756564e-01,7.364551248300930109e-01,6.973967419562762116e-01,6.280752103203178782e-01,6.732647533545181862e-01,7.364551248300928998e-01,6.732647533545181862e-01,1.000000000000004219e+00
1.000000000000005107e+00,6.645783283081035941e-01,6.852496039180580034e-01,6.645783283081014847e-01,6.971797122469365338e-01,7.007498918763406248e-01,6.852496039180580034e-01,7.007498918763394036e-01,6.832514706895578271e-01,6.645783283081035941e-01,1.000000000000005107e+00,6.645783283081023729e-01,6.946730801456715287e-01,7.046915869145753408e-01,6.946730801456706406e-01,7.007498918763420681e-01,7.190822160925257611e-01,7.007498918763415130e-01,6.852496039180580034e-01,6.645783283081023729e-01,1.000000000000005107e+00,7.007498918763399587e-01,6.971797122469352015e-01,6.645783283080991533e-01,6.832514706895573831e-01,7.007498918763384044e-01,6.852496039180567822e-01,6.645783283081014847e-01,6.946730801456715287e-01,7.007498918763399587e-01,1.000000000000005107e+00,7.046915869145731204e-01,7.190822160925254281e-01,6.645783283081003745e-01,6.946730801456676430e-01,7.007498918763399587e-01,6.971797122469365338e-01,7.046915869145753408e-01,6.971797122469352015e-01,7.046915869145731204e-01,1.000000000000005107e+00,7.046915869145721212e-01,6.971797122469350905e-01,7.046915869145708999e-01,6.971797122469345354e-01,7.007498918763406248e-01,6.946730801456706406e-01,6.645783283080991533e-01,7.190822160925254281e-01,7.046915869145721212e-01,1.000000000000005107e+00,7.007498918763391815e-01,6.946730801456664217e-01,6.645783283080987092e-01,6.852496039180580034e-01,7.007498918763420681e-01,6.832514706895573831e-01,6.645783283081003745e-01,6.971797122469350905e-01,7.007498918763391815e-01,1.000000000000005107e+00,6.645783283080979320e-01,6.852496039180568932e-01,7.007498918763394036e-01,7.190822160925257611e-01,7.007498918763384044e-01,6.946730801456676430e-01,7.046915869145708999e-01,6.946730801456664217e-01,6.645783283080979320e-01,1.000000000000005107e+00,6.645783283080974879e-01,6.832514706895578271e-01,7.007498918763415130e-01,6.852496039180567822e-01,7.007498918763399587e-01,6.971797122469345354e-01,6.645783283080987092e-01,6.852496039180568932e-01,6.645783283080974879e-01,1.000000000000005107e+00
1.000000000000007105e+00,8.643891171829060083e-01,8.117838567935404814e-01,8.643891171829036768e-01,8.861747970720543766e-01,8.703246777817852387e-01,8.117838567935414806e-01,8.703246777817843505e-01,8.109674923656350343e-01,8.643891171829060083e-01,1.000000000000007105e+00,8.643891171829006792e-01,9.283713566214332191e-01,9.465820635242678804e-01,9.283713566214328861e-01,8.703246777817831292e-01,9.305078365678428609e-01,8.703246777817814639e-01,8.117838567935404814e-01,8.643891171829006792e-01,1.000000000000007105e+00,8.703246777817801316e-01,8.861747970720491585e-01,8.643891171828981257e-01,8.109674923656321477e-01,8.703246777817793545e-01,8.117838567935351524e-01,8.643891171829036768e-01,9.283713566214332191e-01,8.703246777817801316e-01,1.000000000000007105e+00,9.465820635242657710e-01,9.305078365678420838e-01,8.643891171828994580e-01,9.283713566214299995e-01,8.703246777817794655e-01,8.861747970720543766e-01,9.465820635242678804e-01,8.861747970720491585e-01,9.465820635242657710e-01,1.000000000000007105e+00,9.465820635242652159e-01,8.861747970720499357e-01,9.465820635242642167e-01,8.861747970720482703e-01,8.703246777817852387e-01,9.283713566214328861e-01,8.643891171828981257e-01,9.305078365678420838e-01,9.465820635242652159e-01,1.000000000000007105e+00,8.703246777817809088e-01,9.283713566214296664e-01,8.643891171828973485e-01,8.117838567935414806e-01,8.703246777817831292e-01,8.109674923656321477e-01,8.643891171828994580e-01,8.861747970720499357e-01,8.703246777817809088e-01,1.000000000000007105e+00,8.643891171828981257e-01,8.117838567935359295e-01,8.703246777817843505e-01,9.305078365678428609e-01,8.703246777817793545e-01,9.283713566214299995e-01,9.465820635242642167e-01,9.283713566214296664e-01,8.643891171828981257e-01,1.000000000000007105e+00,8.643891171828963493e-01,8.109674923656350343e-01,8.703246777817814639e-01,8.117838567935351524e-01,8.703246777817794655e-01,8.861747970720482703e-01,8.643891171828973485e-01,8.117838567935359295e-01,8.643891171828963493e-01,1.000000000000007105e+00
1.000000000000005107e+00,9.525996365985854863e-01,9.409899549250487771e-01,9.525996365985865966e-01,8.414783598047352875e-01,9.553941122036297973e-01,9.409899549250497763e-01,9.553941122036304634e-01,9.408530438220639169e-01,9.525996365985854863e-01,1.000000000000005107e+00,9.525996365985820447e-01,9.665696117203277371e-01,8.523004997294152396e-01,9.665696117203278481e-01,9.553941122036260225e-01,9.690935828447159173e-01,9.553941122036248013e-01,9.409899549250487771e-01,9.525996365985820447e-01,1.000000000000005107e+00,9.553941122036260225e-01,8.414783598047320679e-01,9.525996365985834879e-01,9.408530438220615855e-01,9.553941122036270217e-01,9.409899549250450024e-01,9.525996365985865966e-01,9.665696117203277371e-01,9.553941122036260225e-01,1.000000000000005107e+00,8.523004997294163498e-01,9.690935828447164724e-01,9.525996365985841541e-01,9.665696117203298465e-01,9.553941122036258005e-01,8.414783598047352875e-01,8.523004997294152396e-01,8.414783598047320679e-01,8.523004997294163498e-01,1.000000000000005107e+00,8.523004997294166829e-01,8.414783598047329560e-01,8.523004997294173490e-01,8.414783598047320679e-01,9.553941122036297973e-01,9.665696117203278481e-01,9.525996365985834879e-01,9.690935828447164724e-01,8.523004997294166829e-01,1.000000000000005107e+00,9.553941122036272438e-01,9.665696117203301796e-01,9.525996365985833769e-01,9.409899549250497763e-01,9.553941122036260225e-01,9.408530438220615855e-01,9.525996365985841541e-01,8.414783598047329560e-01,9.553941122036272438e-01,1.000000000000005107e+00,9.525996365985853753e-01,9.409899549250462236e-01,9.553941122036304634e-01,9.690935828447159173e-01,9.553941122036270217e-01,9.665696117203298465e-01,8.523004997294173490e-01,9.665696117203301796e-01,9.525996365985853753e-01,1.000000000000005107e+00,9.525996365985842651e-01,9.408530438220639169e-01,9.553941122036248013e-01,9.409899549250450024e-01,9.553941122036258005e-01,8.414783598047320679e-01,9.525996365985833769e-01,9.409899549250462236e-01,9.525996365985842651e-01,1.000000000000005107e+00
1.000000000000002665e+00,8.153958668264982279e-01,8.975982778461186751e-01,8.153958668265024468e-01,5.986769332653800735e-01,8.212421602264673437e-01,8.975982778461182310e-01,8.212421602264696752e-01,8.969258238520453341e-01,8.153958668264982279e-01,1.000000000000002665e+00,8.153958668265012255e-01,7.446711468500419873e-01,5.097653312856702534e-01,7.446711468500415432e-01,8.212421602264663445e-01,7.437973743930134107e-01,8.212421602264672327e-01,8.975982778461186751e-01,8.153958668265012255e-01,1.000000000000002665e+00,8.212421602264707854e-01,5.986769332653824049e-01,8.153958668265047782e-01,8.969258238520476656e-01,8.212421602264727838e-01,8.975982778461222278e-01,8.153958668265024468e-01,7.446711468500419873e-01,8.212421602264707854e-01,1.000000000000002665e+00,5.097653312856744723e-01,7.437973743930150761e-01,8.153958668265050003e-01,7.446711468500476494e-01,8.212421602264713405e-01,5.986769332653800735e-01,5.097653312856702534e-01,5.986769332653824049e-01,5.097653312856744723e-01,1.000000000000002665e+00,5.097653312856738061e-01,5.986769332653819609e-01,5.097653312856762486e-01,5.986769332653826270e-01,8.212421602264673437e-01,7.446711468500415432e-01,8.153958668265047782e-01,7.437973743930150761e-01,5.097653312856738061e-01,1.000000000000002665e+00,8.212421602264696752e-01,7.446711468500470943e-01,8.153958668265051113e-01,8.975982778461182310e-01,8.212421602264663445e-01,8.969258238520476656e-01,8.153958668265050003e-01,5.986769332653819609e-01,8.212421602264696752e-01,1.000000000000002665e+00,8.153958668265066656e-01,8.975982778461215617e-01,8.212421602264696752e-01,7.437973743930134107e-01,8.212421602264727838e-01,7.446711468500476494e-01,5.097653312856762486e-01,7.446711468500470943e-01,8.153958668265066656e-01,1.000000000000002665e+00,8.153958668265075538e-01,8.969258238520453341e-01,8.212421602264672327e-01,8.975982778461222278e-01,8.212421602264713405e-01,5.986769332653826270e-01,8.153958668265051113e-01,8.975982778461215617e-01,8.153958668265075538e-01,1.000000000000002665e+00
1.000000000000003553e+00,6.770962432743111714e-01,7.882926089984553242e-01,6.770962432743150572e-01,5.272535487678007282e-01,6.987742398722834869e-01,7.882926089984526596e-01,6.987742398722850412e-01,7.895404045817963068e-01,6.770962432743111714e-01,1.000000000000003553e+00,6.770962432743180548e-01,5.972615602585720218e-01,4.022788012076241593e-01,5.972615602585696903e-01,6.987742398722853743e-01,6.263526590894279433e-01,6.987742398722868176e-01,7.882926089984553242e-01,6.770962432743180548e-01,1.000000000000003553e+00,6.987742398722913695e-01,5.272535487678069455e-01,6.770962432743188320e-01,7.895404045818006367e-01,6.987742398722900372e-01,7.882926089984600981e-01,6.770962432743150572e-01,5.972615602585720218e-01,6.987742398722913695e-01,1.000000000000003553e+00,4.022788012076278230e-01,6.263526590894287205e-01,6.770962432743187209e-01,5.972615602585749084e-01,6.987742398722900372e-01,5.272535487678007282e-01,4.022788012076241593e-01,5.272535487678069455e-01,4.022788012076278230e-01,1.000000000000003553e+00,4.022788012076250475e-01,5.272535487678042809e-01,4.022788012076269348e-01,5.272535487678059463e-01,6.987742398722834869e-01,5.972615602585696903e-01,6.770962432743188320e-01,6.263526590894287205e-01,4.022788012076250475e-01,1.000000000000003553e+00,6.987742398722863735e-01,5.972615602585721328e-01,6.770962432743177217e-01,7.882926089984526596e-01,6.987742398722853743e-01,7.895404045818006367e-01,6.770962432743187209e-01,5.272535487678042809e-01,6.987742398722863735e-01,1.000000000000003553e+00,6.770962432743178327e-01,7.882926089984573226e-01,6.987742398722850412e-01,6.263526590894279433e-01,6.987742398722900372e-01,5.972615602585749084e-01,4.022788012076269348e-01,5.972615602585721328e-01,6.770962432743178327e-01,1.000000000000003553e+00,6.770962432743194981e-01,7.895404045817963068e-01,6.987742398722868176e-01,7.882926089984600981e-01,6.987742398722900372e-01,5.272535487678059463e-01,6.770962432743177217e-01,7.882926089984573226e-01,6.770962432743194981e-01,1.000000000000003553e+00
1.000000000000002887e+00,7.314504180502051645e-01,7.787653035257664502e-01,7.314504180502050534e-01,7.014488387151643911e-01,7.595805069203160897e-01,7.787653035257630085e-01,7.595805069203160897e-01,7.763371836018948535e-01,7.314504180502051645e-01,1.000000000000002887e+00,7.314504180502096053e-01,7.114238257442565549e-01,6.737209758333778664e-01,7.114238257442526692e-01,7.595805069203193094e-01,7.602769076571146423e-01,7.595805069203199755e-01,7.787653035257664502e-01,7.314504180502096053e-01,1.000000000000002887e+00,7.595805069203224180e-01,7.014488387151689430e-01,7.314504180502057196e-01,7.763371836018977401e-01,7.595805069203189763e-01,7.787653035257671164e-01,7.314504180502050534e-01,7.114238257442565549e-01,7.595805069203224180e-01,1.000000000000002887e+00,6.737209758333777554e-01,7.602769076571145312e-01,7.314504180502057196e-01,7.114238257442527802e-01,7.595805069203195314e-01,7.014488387151643911e-01,6.737209758333778664e-01,7.014488387151689430e-01,6.737209758333777554e-01,1.000000000000002887e+00,6.737209758333740917e-01,7.014488387151653903e-01,6.737209758333740917e-01,7.014488387151660564e-01,7.595805069203160897e-01,7.114238257442526692e-01,7.314504180502057196e-01,7.602769076571145312e-01,6.737209758333740917e-01,1.000000000000002887e+00,7.595805069203165338e-01,7.114238257442491165e-01,7.314504180502027220e-01,7.787653035257630085e-01,7.595805069203193094e-01,7.763371836018977401e-01,7.314504180502057196e-01,7.014488387151653903e-01,7.595805069203165338e-01,1.000000000000002887e+00,7.314504180502020558e-01,7.787653035257637857e-01,7.595805069203160897e-01,7.602769076571146423e-01,7.595805069203189763e-01,7.114238257442527802e-01,6.737209758333740917e-01,7.114238257442491165e-01,7.314504180502020558e-01,1.000000000000002887e+00,7.314504180502027220e-01,7.763371836018948535e-01,7.595805069203199755e-01,7.787653035257671164e-01,7.595805069203195314e-01,7.014488387151660564e-01,7.314504180502027220e-01,7.787653035257637857e-01,7.314504180502027220e-01,1.000000000000002887e+00
1.000000000000001332e+00,8.520614608882648433e-01,8.005559105661750330e-01,8.520614608882627339e-01,8.322300653134462323e-01,8.569978566400395792e-01,8.005559105661733676e-01,8.569978566400386910e-01,7.974104604234681926e-01,8.520614608882648433e-01,1.000000000000001332e+00,8.520614608882634000e-01,9.184266192413309549e-01,8.949775608472533284e-01,9.184266192413285124e-01,8.569978566400403563e-01,9.260856976090975357e-01,8.569978566400395792e-01,8.005559105661750330e-01,8.520614608882634000e-01,1.000000000000001332e+00,8.569978566400400233e-01,8.322300653134449000e-01,8.520614608882586261e-01,7.974104604234679705e-01,8.569978566400372477e-01,8.005559105661713692e-01,8.520614608882627339e-01,9.184266192413309549e-01,8.569978566400400233e-01,1.000000000000001332e+00,8.949775608472511079e-01,9.260856976090962034e-01,8.520614608882594032e-01,9.184266192413257368e-01,8.569978566400374698e-01,8.322300653134462323e-01,8.949775608472533284e-01,8.322300653134449000e-01,8.949775608472511079e-01,1.000000000000001332e+00,8.949775608472484434e-01,8.322300653134429016e-01,8.949775608472477773e-01,8.322300653134417914e-01,8.569978566400395792e-01,9.184266192413285124e-01,8.520614608882586261e-01,9.260856976090962034e-01,8.949775608472484434e-01,1.000000000000001332e+00,8.569978566400361375e-01,9.184266192413232943e-01,8.520614608882558505e-01,8.005559105661733676e-01,8.569978566400403563e-01,7.974104604234679705e-01,8.520614608882594032e-01,8.322300653134429016e-01,8.569978566400361375e-01,1.000000000000001332e+00,8.520614608882560725e-01,8.005559105661698149e-01,8.569978566400386910e-01,9.260856976090975357e-01,8.569978566400372477e-01,9.184266192413257368e-01,8.949775608472477773e-01,9.184266192413232943e-01,8.520614608882560725e-01,1.000000000000001332e+00,8.520614608882550733e-01,7.974104604234681926e-01,8.569978566400395792e-01,8.005559105661713692e-01,8.569978566400374698e-01,8.322300653134417914e-01,8.520614608882558505e-01,8.005559105661698149e-01,8.520614608882550733e-01,1.000000000000001332e+00
1.000000000000001110e+00,8.573005175811425627e-01,7.868193667509039146e-01,8.573005175811424516e-01,6.743167006842577527e-01,8.640370461918230882e-01,7.868193667509050249e-01,8.640370461918230882e-01,7.900064145222098766e-01,8.573005175811425627e-01,1.000000000000001110e+00,8.573005175811362344e-01,9.367852631113663397e-01,7.461747057401929561e-01,9.367852631113672279e-01,8.640370461918174261e-01,9.526002444021683946e-01,8.640370461918154277e-01,7.868193667509039146e-01,8.573005175811362344e-01,1.000000000000001110e+00,8.640370461918159828e-01,6.743167006842514244e-01,8.573005175811371226e-01,7.900064145222058798e-01,8.640370461918165379e-01,7.868193667508970313e-01,8.573005175811424516e-01,9.367852631113663397e-01,8.640370461918159828e-01,1.000000000000001110e+00,7.461747057401926231e-01,9.526002444021679505e-01,8.573005175811374556e-01,9.367852631113673390e-01,8.640370461918149836e-01,6.743167006842577527e-01,7.461747057401929561e-01,6.743167006842514244e-01,7.461747057401926231e-01,1.000000000000001110e+00,7.461747057401938443e-01,6.743167006842522015e-01,7.461747057401941774e-01,6.743167006842502031e-01,8.640370461918230882e-01,9.367852631113672279e-01,8.573005175811371226e-01,9.526002444021679505e-01,7.461747057401938443e-01,1.000000000000001110e+00,8.640370461918179812e-01,9.367852631113683382e-01,8.573005175811366785e-01,7.868193667509050249e-01,8.640370461918174261e-01,7.900064145222058798e-01,8.573005175811374556e-01,6.743167006842522015e-01,8.640370461918179812e-01,1.000000000000001110e+00,8.573005175811387879e-01,7.868193667508982525e-01,8.640370461918230882e-01,9.526002444021683946e-01,8.640370461918165379e-01,9.367852631113673390e-01,7.461747057401941774e-01,9.367852631113683382e-01,8.573005175811387879e-01,1.000000000000001110e+00,8.573005175811369005e-01,7.900064145222098766e-01,8.640370461918154277e-01,7.868193667508970313e-01,8.640370461918149836e-01,6.743167006842502031e-01,8.573005175811366785e-01,7.868193667508982525e-01,8.573005175811369005e-01,1.000000000000001110e+00
1.000000000000000888e+00,7.568080452318470819e-01,7.628272968601934600e-01,7.568080452318510787e-01,3.932973051859247615e-01,7.798141146106976063e-01,7.628272968601957915e-01,7.798141146106983834e-01,7.619345220490469917e-01,7.568080452318470819e-01,1.000000000000000888e+00,7.568080452318409757e-01,7.892863224717808768e-01,3.822488133192415427e-01,7.892863224717858728e-01,7.798141146106872812e-01,7.905855630431581904e-01,7.798141146106856159e-01,7.628272968601934600e-01,7.568080452318409757e-01,1.000000000000000888e+00,7.798141146106877253e-01,3.932973051859186553e-01,7.568080452318494133e-01,7.619345220490427728e-01,7.798141146106929433e-01,7.628272968601882420e-01,7.568080452318510787e-01,7.892863224717808768e-01,7.798141146106877253e-01,1.000000000000000888e+00,3.822488133192454285e-01,7.905855630431615211e-01,7.568080452318477480e-01,7.892863224717905357e-01,7.798141146106890575e-01,3.932973051859247615e-01,3.822488133192415427e-01,3.932973051859186553e-01,3.822488133192454285e-01,1.000000000000000888e+00,3.822488133192499804e-01,3.932973051859217084e-01,3.822488133192513682e-01,3.932973051859198765e-01,7.798141146106976063e-01,7.892863224717858728e-01,7.568080452318494133e-01,7.905855630431615211e-01,3.822488133192499804e-01,1.000000000000000888e+00,7.798141146106949417e-01,7.892863224717947546e-01,7.568080452318505236e-01,7.628272968601957915e-01,7.798141146106872812e-01,7.619345220490427728e-01,7.568080452318477480e-01,3.932973051859217084e-01,7.798141146106949417e-01,1.000000000000000888e+00,7.568080452318535212e-01,7.628272968601905735e-01,7.798141146106983834e-01,7.905855630431581904e-01,7.798141146106929433e-01,7.892863224717905357e-01,3.822488133192513682e-01,7.892863224717947546e-01,7.568080452318535212e-01,1.000000000000000888e+00,7.568080452318516338e-01,7.619345220490469917e-01,7.798141146106856159e-01,7.628272968601882420e-01,7.798141146106890575e-01,3.932973051859198765e-01,7.568080452318505236e-01,7.628272968601905735e-01,7.568080452318516338e-01,1.000000000000000888e+00
9.999999999999980016e-01,7.153575937075604685e-01,7.805713384602035454e-01,7.153575937075660196e-01,3.271784217044118592e-01,7.333064605504713285e-01,7.805713384602044336e-01,7.333064605504725497e-01,7.745270536369960324e-01,7.153575937075604685e-01,9.999999999999980016e-01,7.153575937075581370e-01,6.814879787119166865e-01,2.604089891972680704e-01,6.814879787119212384e-01,7.333064605504626687e-01,6.802367997058194060e-01,7.333064605504618916e-01,7.805713384602035454e-01,7.153575937075581370e-01,9.999999999999980016e-01,7.333064605504654443e-01,3.271784217044094167e-01,7.153575937075684621e-01,7.745270536369956993e-01,7.333064605504718836e-01,7.805713384602024352e-01,7.153575937075660196e-01,6.814879787119166865e-01,7.333064605504654443e-01,9.999999999999980016e-01,2.604089891972736215e-01,6.802367997058234028e-01,7.153575937075655755e-01,6.814879787119278998e-01,7.333064605504667766e-01,3.271784217044118592e-01,2.604089891972680704e-01,3.271784217044094167e-01,2.604089891972736215e-01,9.999999999999980016e-01,2.604089891972787285e-01,3.271784217044116927e-01,2.604089891972796167e-01,3.271784217044109155e-01,7.333064605504713285e-01,6.814879787119212384e-01,7.153575937075684621e-01,6.802367997058234028e-01,2.604089891972787285e-01,9.999999999999980016e-01,7.333064605504716615e-01,6.814879787119322296e-01,7.153575937075691282e-01,7.805713384602044336e-01,7.333064605504626687e-01,7.745270536369956993e-01,7.153575937075655755e-01,3.271784217044116927e-01,7.333064605504716615e-01,9.999999999999980016e-01,7.153575937075715707e-01,7.805713384602036564e-01,7.333064605504725497e-01,6.802367997058194060e-01,7.333064605504718836e-01,6.814879787119278998e-01,2.604089891972796167e-01,6.814879787119322296e-01,7.153575937075715707e-01,9.999999999999980016e-01,7.153575937075701274e-01,7.745270536369960324e-01,7.333064605504618916e-01,7.805713384602024352e-01,7.333064605504667766e-01,3.271784217044109155e-01,7.153575937075691282e-01,7.805713384602036564e-01,7.153575937075701274e-01,9.999999999999980016e-01
1.000000000000000000e+00,7.806781686808915710e-01,8.368509454742752984e-01,7.806781686808963450e-01,5.721133892140189969e-01,7.957359707620877964e-01,8.368509454742744103e-01,7.957359707620877964e-01,8.374041653233581517e-01,7.806781686808915710e-01,1.000000000000000000e+00,7.806781686808933474e-01,7.403497325541514851e-01,5.065214633253320997e-01,7.403497325541523733e-01,7.957359707620835776e-01,7.753901424494760164e-01,7.957359707620830225e-01,8.368509454742752984e-01,7.806781686808933474e-01,1.000000000000000000e+00,7.957359707620889067e-01,5.721133892140207733e-01,7.806781686808990095e-01,8.374041653233601501e-01,7.957359707620887956e-01,8.368509454742759646e-01,7.806781686808963450e-01,7.403497325541514851e-01,7.957359707620889067e-01,1.000000000000000000e+00,5.065214633253368737e-01,7.753901424494790140e-01,7.806781686808973442e-01,7.403497325541563701e-01,7.957359707620872413e-01,5.721133892140189969e-01,5.065214633253320997e-01,5.721133892140207733e-01,5.065214633253368737e-01,1.000000000000000000e+00,5.065214633253376508e-01,5.721133892140193300e-01,5.065214633253376508e-01,5.721133892140185528e-01,7.957359707620877964e-01,7.403497325541523733e-01,7.806781686808990095e-01,7.753901424494790140e-01,5.065214633253376508e-01,1.000000000000000000e+00,7.957359707620877964e-01,7.403497325541573693e-01,7.806781686808977883e-01,8.368509454742744103e-01,7.957359707620835776e-01,8.374041653233601501e-01,7.806781686808973442e-01,5.721133892140193300e-01,7.957359707620877964e-01,1.000000000000000000e+00,7.806781686808980103e-01,8.368509454742750764e-01,7.957359707620877964e-01,7.753901424494760164e-01,7.957359707620887956e-01,7.403497325541563701e-01,5.065214633253376508e-01,7.403497325541573693e-01,7.806781686808980103e-01,1.000000000000000000e+00,7.806781686808975662e-01,8.374041653233581517e-01,7.957359707620830225e-01,8.368509454742759646e-01,7.957359707620872413e-01,5.721133892140185528e-01,7.806781686808977883e-01,8.368509454742750764e-01,7.806781686808975662e-01,1.000000000000000000e+00
9.999999999999988898e-01,8.445812329831527965e-01,8.528978667038962236e-01,8.445812329831547949e-01,8.181603477663128565e-01,8.516634721548482778e-01,8.528978667038930039e-01,8.516634721548465015e-01,8.539896466161747135e-01,8.445812329831527965e-01,9.999999999999988898e-01,8.445812329831565712e-01,8.445824911411918823e-01,8.063117490856227532e-01,8.445824911411883296e-01,8.516634721548497211e-01,8.726945465476318997e-01,8.516634721548498321e-01,8.528978667038962236e-01,8.445812329831565712e-01,9.999999999999988898e-01,8.516634721548553832e-01,8.181603477663169643e-01,8.445812329831550169e-01,8.539896466161778221e-01,8.516634721548493880e-01,8.528978667038966677e-01,8.445812329831547949e-01,8.445824911411918823e-01,8.516634721548553832e-01,9.999999999999988898e-01,8.063117490856248626e-01,8.726945465476341202e-01,8.445812329831552390e-01,8.445824911411889957e-01,8.516634721548517195e-01,8.181603477663128565e-01,8.063117490856227532e-01,8.181603477663169643e-01,8.063117490856248626e-01,9.999999999999988898e-01,8.063117490856206437e-01,8.181603477663130786e-01,8.063117490856195335e-01,8.181603477663130786e-01,8.516634721548482778e-01,8.445824911411883296e-01,8.445812329831550169e-01,8.726945465476341202e-01,8.063117490856206437e-01,9.999999999999988898e-01,8.516634721548481668e-01,8.445824911411849989e-01,8.445812329831515752e-01,8.528978667038930039e-01,8.516634721548497211e-01,8.539896466161778221e-01,8.445812329831552390e-01,8.181603477663130786e-01,8.516634721548481668e-01,9.999999999999988898e-01,8.445812329831497989e-01,8.528978667038933370e-01,8.516634721548465015e-01,8.726945465476318997e-01,8.516634721548493880e-01,8.445824911411889957e-01,8.063117490856195335e-01,8.445824911411849989e-01,8.445812329831497989e-01,9.999999999999988898e-01,8.445812329831501319e-01,8.539896466161747135e-01,8.516634721548498321e-01,8.528978667038966677e-01,8.516634721548517195e-01,8.181603477663130786e-01,8.445812329831515752e-01,8.528978667038933370e-01,8.445812329831501319e-01,9.999999999999988898e-01
