1.000000000000017542e+00,1.000000000000017542e+00,1.000000000000017542e+00,1.000000000000017542e+00,1.000000000000017542e+00,1.000000000000017542e+00,1.000000000000017542e+00,1.000000000000017542e+00,1.000000000000017542e+00,1.000000000000017542e+00,1.000000000000017542e+00,1.000000000000017542e+00,1.000000000000017542e+00,1.000000000000017542e+00,1.000000000000017542e+00,1.000000000000017542e+00,1.000000000000017542e+00,1.000000000000017542e+00,1.000000000000017542e+00,1.000000000000017542e+00,1.000000000000017542e+00,1.000000000000017542e+00,1.000000000000017542e+00,1.000000000000017542e+00,1.000000000000017542e+00,1.000000000000017542e+00,1.000000000000017542e+00,1.000000000000017542e+00,1.000000000000017542e+00,1.000000000000017542e+00,1.000000000000017542e+00,1.000000000000017542e+00,1.000000000000017542e+00,1.000000000000017542e+00,1.000000000000017542e+00,1.000000000000017542e+00,1.000000000000017542e+00,1.000000000000017542e+00,1.000000000000017542e+00,1.000000000000017542e+00,1.000000000000017542e+00,1.000000000000017542e+00,1.000000000000017542e+00,1.000000000000017542e+00,1.000000000000017542e+00,1.000000000000017542e+00,1.000000000000017542e+00,1.000000000000017542e+00,1.000000000000017542e+00,1.000000000000017542e+00,1.000000000000017542e+00,1.000000000000017542e+00,1.000000000000017542e+00,1.000000000000017542e+00,1.000000000000017542e+00,1.000000000000017542e+00,1.000000000000017542e+00,1.000000000000017542e+00,1.000000000000017542e+00,1.000000000000017542e+00,1.000000000000017542e+00,1.000000000000017542e+00,1.000000000000017542e+00,1.000000000000017542e+00,1.000000000000017542e+00,1.000000000000017542e+00,1.000000000000017542e+00,1.000000000000017542e+00,1.000000000000017542e+00,1.000000000000017542e+00,1.000000000000017542e+00,1.000000000000017542e+00,1.000000000000017542e+00,1.000000000000017542e+00,1.000000000000017542e+00,1.000000000000017542e+00,1.000000000000017542e+00,1.000000000000017542e+00,1.000000000000017542e+00,1.000000000000017542e+00,1.000000000000017542e+00,1.000000000000017542e+00,1.000000000000017542e+00,1.000000000000017542e+00,1.000000000000017542e+00,1.000000000000017542e+00,1.000000000000017542e+00,1.000000000000017542e+00,1.000000000000017542e+00,1.000000000000017542e+00,1.000000000000017542e+00,1.000000000000017542e+00,1.000000000000017542e+00,1.000000000000017542e+00,1.000000000000017542e+00,1.000000000000017542e+00,1.000000000000017542e+00,1.000000000000017542e+00,1.000000000000017542e+00,1.000000000000017542e+00,1.000000000000017542e+00,1.000000000000017542e+00,1.000000000000017542e+00,1.000000000000017542e+00,1.000000000000017542e+00,1.000000000000017542e+00,1.000000000000017542e+00,1.000000000000017542e+00,1.000000000000017542e+00,1.000000000000017542e+00,1.000000000000017542e+00,1.000000000000017542e+00,1.000000000000017542e+00,1.000000000000017542e+00,1.000000000000017542e+00,1.000000000000017542e+00,1.000000000000017542e+00,1.000000000000017542e+00,1.000000000000017542e+00,1.000000000000017542e+00,1.000000000000017542e+00,1.000000000000017542e+00,1.000000000000017542e+00,1.000000000000017542e+00,1.000000000000017542e+00,1.000000000000017542e+00,1.000000000000017542e+00,1.000000000000017542e+00,1.000000000000017542e+00,1.000000000000017542e+00,1.000000000000017542e+00,1.000000000000017542e+00,1.000000000000017542e+00,1.000000000000017542e+00,1.000000000000017542e+00,1.000000000000017542e+00,1.000000000000017542e+00,1.000000000000017542e+00,1.000000000000017542e+00,1.000000000000017542e+00,1.000000000000017542e+00,1.000000000000017542e+00,1.000000000000017542e+00,1.000000000000017542e+00,1.000000000000017542e+00,1.000000000000017542e+00,1.000000000000017542e+00,1.000000000000017542e+00,1.000000000000017542e+00,1.000000000000017542e+00,1.000000000000017542e+00,1.000000000000017542e+00,1.000000000000017542e+00,1.000000000000017542e+00,1.000000000000017542e+00,1.000000000000017542e+00,1.000000000000017542e+00,1.000000000000017542e+00,1.000000000000017542e+00,1.000000000000017542e+00,1.000000000000017542e+00,1.000000000000017542e+00,1.000000000000017542e+00,1.000000000000017542e+00,1.000000000000017542e+00,1.000000000000017542e+00,1.000000000000017542e+00,1.000000000000017542e+00,1.000000000000017542e+00,1.000000000000017542e+00,1.000000000000017542e+00,1.000000000000017542e+00,1.000000000000017542e+00,1.000000000000017542e+00,1.000000000000017542e+00,1.000000000000017542e+00,1.000000000000017542e+00,1.000000000000017542e+00,1.000000000000017542e+00,1.000000000000017542e+00,1.000000000000017542e+00,1.000000000000017542e+00,1.000000000000017542e+00,1.000000000000017542e+00,1.000000000000017542e+00,1.000000000000017542e+00,1.000000000000017542e+00,1.000000000000017542e+00,1.000000000000017542e+00,1.000000000000017542e+00,1.000000000000017542e+00,1.000000000000017542e+00,1.000000000000017542e+00,1.000000000000017542e+00,1.000000000000017542e+00,1.000000000000017542e+00,1.000000000000017542e+00,1.000000000000017542e+00,1.000000000000017542e+00,1.000000000000017542e+00,1.000000000000017542e+00,1.000000000000017542e+00,1.000000000000017542e+00,1.000000000000017542e+00,1.000000000000017542e+00,1.000000000000017542e+00,1.000000000000017542e+00,1.000000000000017542e+00,1.000000000000017542e+00,1.000000000000017542e+00,1.000000000000017542e+00,1.000000000000017542e+00,1.000000000000017542e+00,1.000000000000017542e+00,1.000000000000017542e+00,1.000000000000017542e+00,1.000000000000017542e+00,1.000000000000017542e+00,1.000000000000017542e+00,1.000000000000017542e+00,1.000000000000017542e+00,1.000000000000017542e+00,1.000000000000017542e+00,1.000000000000017542e+00,1.000000000000017542e+00,1.000000000000017542e+00,1.000000000000017542e+00,1.000000000000017542e+00,1.000000000000017542e+00,1.000000000000017542e+00,1.000000000000017542e+00,1.000000000000017542e+00,1.000000000000017542e+00,1.000000000000017542e+00,1.000000000000017542e+00,1.000000000000017542e+00,1.000000000000017542e+00,1.000000000000017542e+00,1.000000000000017542e+00,1.000000000000017542e+00,1.000000000000017542e+00,1.000000000000017542e+00,1.000000000000017542e+00,1.000000000000017542e+00,1.000000000000017542e+00,1.000000000000017542e+00,1.000000000000017542e+00,1.000000000000017542e+00,1.000000000000017542e+00,1.000000000000017542e+00,1.000000000000017542e+00,1.000000000000017542e+00,1.000000000000017542e+00,1.000000000000017542e+00,1.000000000000017542e+00,1.000000000000017542e+00,1.000000000000017542e+00,1.000000000000017542e+00,1.000000000000017542e+00,1.000000000000017542e+00,1.000000000000017542e+00,1.000000000000017542e+00,1.000000000000017542e+00,1.000000000000017542e+00,1.000000000000017542e+00,1.000000000000017542e+00,1.000000000000017542e+00,1.000000000000017542e+00,1.000000000000017542e+00,1.000000000000017542e+00,1.000000000000017542e+00,1.000000000000017542e+00,1.000000000000017542e+00,1.000000000000017542e+00,1.000000000000017542e+00,1.000000000000017542e+00,1.000000000000017542e+00,1.000000000000017542e+00,1.000000000000017542e+00,1.000000000000017542e+00,1.000000000000017542e+00,1.000000000000017542e+00,1.000000000000017542e+00,1.000000000000017542e+00,1.000000000000017542e+00,1.000000000000017542e+00,1.000000000000017542e+00,1.000000000000017542e+00,1.000000000000017542e+00,1.000000000000017542e+00,1.000000000000017542e+00,1.000000000000017542e+00,1.000000000000017542e+00,1.000000000000017542e+00,1.000000000000017542e+00,1.000000000000017542e+00,1.000000000000017542e+00,1.000000000000017542e+00,1.000000000000017542e+00,1.000000000000017542e+00,1.000000000000017542e+00,1.000000000000017542e+00,1.000000000000017542e+00,1.000000000000017542e+00,1.000000000000017542e+00,1.000000000000017542e+00,1.000000000000017542e+00,1.000000000000017542e+00,1.000000000000017542e+00,1.000000000000017542e+00,1.000000000000017542e+00,1.000000000000017542e+00,1.000000000000017542e+00,1.000000000000017542e+00,1.000000000000017542e+00,1.000000000000017542e+00,1.000000000000017542e+00,1.000000000000017542e+00,1.000000000000017542e+00,1.000000000000017542e+00,1.000000000000017542e+00,1.000000000000017542e+00,1.000000000000017542e+00,1.000000000000017542e+00,1.000000000000017542e+00,1.000000000000017542e+00,1.000000000000017542e+00,1.000000000000017542e+00,1.000000000000017542e+00,1.000000000000017542e+00,1.000000000000017542e+00,1.000000000000017542e+00,1.000000000000017542e+00,1.000000000000017542e+00,1.000000000000017542e+00,1.000000000000017542e+00,1.000000000000017542e+00,1.000000000000017542e+00,1.000000000000017542e+00,1.000000000000017542e+00,1.000000000000017542e+00,1.000000000000017542e+00,1.000000000000017542e+00,1.000000000000017542e+00,1.000000000000017542e+00,1.000000000000017542e+00,1.000000000000017542e+00,1.000000000000017542e+00,1.000000000000017542e+00,1.000000000000017542e+00,1.000000000000017542e+00,1.000000000000017542e+00,1.000000000000017542e+00,1.000000000000017542e+00,1.000000000000017542e+00,1.000000000000017542e+00,1.000000000000017542e+00,1.000000000000017542e+00,1.000000000000017542e+00,1.000000000000017542e+00,1.000000000000017542e+00
9.999999999999997780e-01,9.955320894891046546e-01,9.955362521580922719e-01,9.955364822022293447e-01,9.955365045991855233e-01,9.955365090153319718e-01,9.955365103046571740e-01,9.955365107819913462e-01,9.955365109807989832e-01,9.955365110567213627e-01,9.955365110568425990e-01,9.955365109811764590e-01,9.955365107828941795e-01,9.955365103071626143e-01,9.955365090235586134e-01,9.955365046383172212e-01,9.955364825127632766e-01,9.955362543588500701e-01,9.955311995826799931e-01,9.955320894891046546e-01,9.999999999999997780e-01,9.955371455646790935e-01,9.955411086678712662e-01,9.955413229427962918e-01,9.955413428031737455e-01,9.955413466005748058e-01,9.955413476903954839e-01,9.955413480867113529e-01,9.955413482428313587e-01,9.955413482854352791e-01,9.955413482432000638e-01,9.955413480877550736e-01,9.955413476931913586e-01,9.955413466096304509e-01,9.955413428448441904e-01,9.955413232635235143e-01,9.955411108849886448e-01,9.955362543588217594e-01,9.955362521580922719e-01,9.955371455646790935e-01,9.999999999999997780e-01,9.955373735447349270e-01,9.955413210225839693e-01,9.955415327892540578e-01,9.955415520388103401e-01,9.955415556391842280e-01,9.955415566489232981e-01,9.955415570029477745e-01,9.955415571259086382e-01,9.955415571261748697e-01,9.955415570040491158e-01,9.955415566520152693e-01,9.955415556488991236e-01,9.955415520823148734e-01,9.955415331158965486e-01,9.955413232635403897e-01,9.955364825127518413e-01,9.955364822022293447e-01,9.955411086678712662e-01,9.955373735447349270e-01,9.999999999999997780e-01,9.955373956443807071e-01,9.955413405979053332e-01,9.955415517537329340e-01,9.955415708064874192e-01,9.955415743268632989e-01,9.955415752943443941e-01,9.955415756152237172e-01,9.955415756958514439e-01,9.955415756162253604e-01,9.955415752975010912e-01,9.955415743368905002e-01,9.955415708506911709e-01,9.955415520823179820e-01,9.955413428448638413e-01,9.955365046383087835e-01,9.955365045991855233e-01,9.955413229427962918e-01,9.955413210225839693e-01,9.955373956443807071e-01,9.999999999999997780e-01,9.955374000240296839e-01,9.955413443608349677e-01,9.955415553196206302e-01,9.955415742923764411e-01,9.955415777704978986e-01,9.955415787048353948e-01,9.955415789833823581e-01,9.955415789841178809e-01,9.955415787078927270e-01,9.955415777805906030e-01,9.955415743368944970e-01,9.955415556489062290e-01,9.955413466096543207e-01,9.955365090235539505e-01,9.955365090153319718e-01,9.955413428031737455e-01,9.955415327892540578e-01,9.955413405979053332e-01,9.955374000240296839e-01,9.999999999999997780e-01,9.955374013058926330e-01,9.955413454437015419e-01,9.955415563223990461e-01,9.955415752528964379e-01,9.955415786978742965e-01,9.955415795898797660e-01,9.955415797885346363e-01,9.955415795926709777e-01,9.955415787078680800e-01,9.955415752974803301e-01,9.955415566519973947e-01,9.955413476931902483e-01,9.955365103071333044e-01,9.955365103046571740e-01,9.955413466005748058e-01,9.955415520388103401e-01,9.955415517537329340e-01,9.955413443608349677e-01,9.955374013058926330e-01,9.999999999999997780e-01,9.955374017810224574e-01,9.955413458379810399e-01,9.955415566743840428e-01,9.955415755717361703e-01,9.955415789743817800e-01,9.955415797864949345e-01,9.955415797885507345e-01,9.955415789841092211e-01,9.955415756162209195e-01,9.955415570040478945e-01,9.955413480877703947e-01,9.955365107828811899e-01,9.955365107819913462e-01,9.955413476903954839e-01,9.955415556391842280e-01,9.955415708064874192e-01,9.955415553196206302e-01,9.955413454437015419e-01,9.955374017810224574e-01,9.999999999999997780e-01,9.955374019790441675e-01,9.955413459933830644e-01,9.955415567966260371e-01,9.955415756516451387e-01,9.955415789743984334e-01,9.955415795899125175e-01,9.955415789833903517e-01,9.955415756958635454e-01,9.955415571261903018e-01,9.955413482432320382e-01,9.955365109811801227e-01,9.955365109807989832e-01,9.955413480867113529e-01,9.955415566489232981e-01,9.955415743268632989e-01,9.955415742923764411e-01,9.955415563223990461e-01,9.955413458379810399e-01,9.955374019790441675e-01,9.999999999999997780e-01,9.955374020546150504e-01,9.955413460356682398e-01,9.955415567965741896e-01,9.955415755717008652e-01,9.955415786978552006e-01,9.955415787047913190e-01,9.955415756151838602e-01,9.955415571258720009e-01,9.955413482854154061e-01,9.955365110567945264e-01,9.955365110567213627e-01,9.955413482428313587e-01,9.955415570029477745e-01,9.955415752943443941e-01,9.955415777704978986e-01,9.955415752528964379e-01,9.955415566743840428e-01,9.955413459933830644e-01,9.955374020546150504e-01,9.999999999999997780e-01,9.955374020546470248e-01,9.955413459933631914e-01,9.955415566743808231e-01,9.955415752529092055e-01,9.955415777704857971e-01,9.955415752943364005e-01,9.955415570029431116e-01,9.955413482428433491e-01,9.955365110567051534e-01,9.955365110568425990e-01,9.955413482854352791e-01,9.955415571259086382e-01,9.955415756152237172e-01,9.955415787048353948e-01,9.955415786978742965e-01,9.955415755717361703e-01,9.955415567966260371e-01,9.955413460356682398e-01,9.955374020546470248e-01,9.999999999999997780e-01,9.955374019790561579e-01,9.955413458380095726e-01,9.955415563224436770e-01,9.955415742923963140e-01,9.955415743268875017e-01,9.955415566489503876e-01,9.955413480867553178e-01,9.955365109808146373e-01,9.955365109811764590e-01,9.955413482432000638e-01,9.955415571261748697e-01,9.955415756958514439e-01,9.955415789833823581e-01,9.955415795898797660e-01,9.955415789743817800e-01,9.955415756516451387e-01,9.955415567965741896e-01,9.955413459933631914e-01,9.955374019790561579e-01,9.999999999999997780e-01,9.955374017809990317e-01,9.955413454436944365e-01,9.955415553195886558e-01,9.955415708064596636e-01,9.955415556391593590e-01,9.955413476903872683e-01,9.955365107819551529e-01,9.955365107828941795e-01,9.955413480877550736e-01,9.955415570040491158e-01,9.955415756162253604e-01,9.955415789841178809e-01,9.955415797885346363e-01,9.955415797864949345e-01,9.955415789743984334e-01,9.955415755717008652e-01,9.955415566743808231e-01,9.955413458380095726e-01,9.955374017809990317e-01,9.999999999999997780e-01,9.955374013059021809e-01,9.955413443608195356e-01,9.955415517537216097e-01,9.955415520388021244e-01,9.955413466005834655e-01,9.955365103046374120e-01,9.955365103071626143e-01,9.955413476931913586e-01,9.955415566520152693e-01,9.955415752975010912e-01,9.955415787078927270e-01,9.955415795926709777e-01,9.955415797885507345e-01,9.955415795899125175e-01,9.955415786978552006e-01,9.955415752529092055e-01,9.955415563224436770e-01,9.955413454436944365e-01,9.955374013059021809e-01,9.999999999999997780e-01,9.955374000240306831e-01,9.955413405979104402e-01,9.955415327892623845e-01,9.955413428031987255e-01,9.955365090153288632e-01,9.955365090235586134e-01,9.955413466096304509e-01,9.955415556488991236e-01,9.955415743368905002e-01,9.955415777805906030e-01,9.955415787078680800e-01,9.955415789841092211e-01,9.955415789833903517e-01,9.955415787047913190e-01,9.955415777704857971e-01,9.955415742923963140e-01,9.955415553195886558e-01,9.955413443608195356e-01,9.955374000240306831e-01,9.999999999999997780e-01,9.955373956443610561e-01,9.955413210225672049e-01,9.955413229427960697e-01,9.955365045991571016e-01,9.955365046383172212e-01,9.955413428448441904e-01,9.955415520823148734e-01,9.955415708506911709e-01,9.955415743368944970e-01,9.955415752974803301e-01,9.955415756162209195e-01,9.955415756958635454e-01,9.955415756151838602e-01,9.955415752943364005e-01,9.955415743268875017e-01,9.955415708064596636e-01,9.955415517537216097e-01,9.955413405979104402e-01,9.955373956443610561e-01,9.999999999999997780e-01,9.955373735447224925e-01,9.955411086678752630e-01,9.955364822022051419e-01,9.955364825127632766e-01,9.955413232635235143e-01,9.955415331158965486e-01,9.955415520823179820e-01,9.955415556489062290e-01,9.955415566519973947e-01,9.955415570040478945e-01,9.955415571261903018e-01,9.955415571258720009e-01,9.955415570029431116e-01,9.955415566489503876e-01,9.955415556391593590e-01,9.955415520388021244e-01,9.955415327892623845e-01,9.955413210225672049e-01,9.955373735447224925e-01,9.999999999999997780e-01,9.955371455646863099e-01,9.955362521580709556e-01,9.955362543588500701e-01,9.955411108849886448e-01,9.955413232635403897e-01,9.955413428448638413e-01,9.955413466096543207e-01,9.955413476931902483e-01,9.955413480877703947e-01,9.955413482432320382e-01,9.955413482854154061e-01,9.955413482428433491e-01,9.955413480867553178e-01,9.955413476903872683e-01,9.955413466005834655e-01,9.955413428031987255e-01,9.955413229427960697e-01,9.955411086678752630e-01,9.955371455646863099e-01,9.999999999999997780e-01,9.955320894891002137e-01,9.955311995826799931e-01,9.955362543588217594e-01,9.955364825127518413e-01,9.955365046383087835e-01,9.955365090235539505e-01,9.955365103071333044e-01,9.955365107828811899e-01,9.955365109811801227e-01,9.955365110567945264e-01,9.955365110567051534e-01,9.955365109808146373e-01,9.955365107819551529e-01,9.955365103046374120e-01,9.955365090153288632e-01,9.955365045991571016e-01,9.955364822022051419e-01,9.955362521580709556e-01,9.955320894891002137e-01,9.999999999999997780e-01
1.000000000000001776e+00,9.911272581901139356e-01,9.911436515844037620e-01,9.911445301713111000e-01,9.911446154443476209e-01,9.911446324214153725e-01,9.911446374044435847e-01,9.911446392540079753e-01,9.911446400254967370e-01,9.911446403204468014e-01,9.911446403212706979e-01,9.911446400283896452e-01,9.911446392611062972e-01,9.911446374234645917e-01,9.911446324841047817e-01,9.911446157410730429e-01,9.911445325738382772e-01,9.911436744874971838e-01,9.911237755206608879e-01,9.911272581901139356e-01,1.000000000000001776e+00,9.911471616755453962e-01,9.911627683224542018e-01,9.911635859952755423e-01,9.911636614625520814e-01,9.911636760357562803e-01,9.911636802411852853e-01,9.911636817746466432e-01,9.911636823796420304e-01,9.911636825451843880e-01,9.911636823825141773e-01,9.911636817826822154e-01,9.911636802625551912e-01,9.911636761046302979e-01,9.911636617783060599e-01,9.911635884742069358e-01,9.911627913748540797e-01,9.911436744874702054e-01,9.911436515844037620e-01,9.911471616755453962e-01,1.000000000000001776e+00,9.911480183592489279e-01,9.911635652375272443e-01,9.911643733267700984e-01,9.911644464516921049e-01,9.911644602664960724e-01,9.911644641630814601e-01,9.911644655331200982e-01,9.911644660099431237e-01,9.911644660121394779e-01,9.911644655416531613e-01,9.911644641865965388e-01,9.911644603405896925e-01,9.911644467814685333e-01,9.911643758511178293e-01,9.911635884741998304e-01,9.911445325738036383e-01,9.911445301713111000e-01,9.911627683224542018e-01,9.911480183592489279e-01,1.000000000000001776e+00,9.911481013265770468e-01,9.911636384956878931e-01,9.911644442423694912e-01,9.911645166105425009e-01,9.911645301171120304e-01,9.911645338505187253e-01,9.911645350924875864e-01,9.911645354059973601e-01,9.911645351003630644e-01,9.911645338745808109e-01,9.911645301934698393e-01,9.911645169458328519e-01,9.911644467815280413e-01,9.911636617783580183e-01,9.911446157410965796e-01,9.911446154443476209e-01,9.911635859952755423e-01,9.911635652375272443e-01,9.911481013265770468e-01,1.000000000000001776e+00,9.911481180266754620e-01,9.911636528078243691e-01,9.911644577959701774e-01,9.911645298559006445e-01,9.911645431993154620e-01,9.911645468046658136e-01,9.911645478833294165e-01,9.911645478890085403e-01,9.911645468280761984e-01,9.911645432762310470e-01,9.911645301934708385e-01,9.911644603406508658e-01,9.911636761046802580e-01,9.911446324841304278e-01,9.911446324214153725e-01,9.911636614625520814e-01,9.911643733267700984e-01,9.911636384956878931e-01,9.911481180266754620e-01,1.000000000000001776e+00,9.911481229528562586e-01,9.911636569603977653e-01,9.911644616396391161e-01,9.911645335363858944e-01,9.911645467517455899e-01,9.911645501937889069e-01,9.911645509646191954e-01,9.911645502150043807e-01,9.911645468280064764e-01,9.911645338745135314e-01,9.911644641865865468e-01,9.911636802625388709e-01,9.911446374234210710e-01,9.911446374044435847e-01,9.911636760357562803e-01,9.911644464516921049e-01,9.911644442423694912e-01,9.911636528078243691e-01,9.911481229528562586e-01,1.000000000000001776e+00,9.911481247856235299e-01,9.911636584783801718e-01,9.911644629941742668e-01,9.911645347628513791e-01,9.911645478149013755e-01,9.911645509491157080e-01,9.911645509646489494e-01,9.911645478889705707e-01,9.911645351003219861e-01,9.911644655416743666e-01,9.911636817826940948e-01,9.911446392610928635e-01,9.911446392540079753e-01,9.911636802411852853e-01,9.911644602664960724e-01,9.911645166105425009e-01,9.911644577959701774e-01,9.911636569603977653e-01,9.911481247856235299e-01,1.000000000000001776e+00,9.911481255509316801e-01,9.911636590777294087e-01,9.911644634653423713e-01,9.911645350707072311e-01,9.911645478149269106e-01,9.911645501938437519e-01,9.911645478833129852e-01,9.911645354059861468e-01,9.911644660121853301e-01,9.911636823825530351e-01,9.911446400284001923e-01,9.911446400254967370e-01,9.911636817746466432e-01,9.911644641630814601e-01,9.911645301171120304e-01,9.911645298559006445e-01,9.911644616396391161e-01,9.911636584783801718e-01,9.911481255509316801e-01,1.000000000000001776e+00,9.911481258433130215e-01,9.911636592409603930e-01,9.911644634652286845e-01,9.911645347627653369e-01,9.911645467516863039e-01,9.911645468045410245e-01,9.911645350923592446e-01,9.911644660098780646e-01,9.911636825451080046e-01,9.911446403211674472e-01,9.911446403204468014e-01,9.911636823796420304e-01,9.911644655331200982e-01,9.911645338505187253e-01,9.911645431993154620e-01,9.911645335363858944e-01,9.911644629941742668e-01,9.911636590777294087e-01,9.911481258433130215e-01,1.000000000000001776e+00,9.911481258433999519e-01,9.911636590777028744e-01,9.911644629941728235e-01,9.911645335364155374e-01,9.911645431992743838e-01,9.911645338504786462e-01,9.911644655331386389e-01,9.911636823796545759e-01,9.911446403204294819e-01,9.911446403212706979e-01,9.911636825451843880e-01,9.911644660099431237e-01,9.911645350924875864e-01,9.911645468046658136e-01,9.911645467517455899e-01,9.911645347628513791e-01,9.911644634653423713e-01,9.911636592409603930e-01,9.911481258433999519e-01,1.000000000000001776e+00,9.911481255509924093e-01,9.911636584784655479e-01,9.911644616397539131e-01,9.911645298559473849e-01,9.911645301171566613e-01,9.911644641631893737e-01,9.911636817747432326e-01,9.911446400255693456e-01,9.911446400283896452e-01,9.911636823825141773e-01,9.911644660121394779e-01,9.911645354059973601e-01,9.911645478833294165e-01,9.911645501937889069e-01,9.911645478149013755e-01,9.911645350707072311e-01,9.911644634652286845e-01,9.911636590777028744e-01,9.911481255509924093e-01,1.000000000000001776e+00,9.911481247855961074e-01,9.911636569603996527e-01,9.911644577959045632e-01,9.911645166104765536e-01,9.911644602664879677e-01,9.911636802411755154e-01,9.911446392539637884e-01,9.911446392611062972e-01,9.911636817826822154e-01,9.911644655416531613e-01,9.911645351003630644e-01,9.911645478890085403e-01,9.911645509646191954e-01,9.911645509491157080e-01,9.911645478149269106e-01,9.911645347627653369e-01,9.911644629941728235e-01,9.911636584784655479e-01,9.911481247855961074e-01,1.000000000000001776e+00,9.911481229528837922e-01,9.911636528077834019e-01,9.911644442423280799e-01,9.911644464517106456e-01,9.911636760357664944e-01,9.911446374044287078e-01,9.911446374234645917e-01,9.911636802625551912e-01,9.911644641865965388e-01,9.911645338745808109e-01,9.911645468280761984e-01,9.911645502150043807e-01,9.911645509646489494e-01,9.911645501938437519e-01,9.911645467516863039e-01,9.911645335364155374e-01,9.911644616397539131e-01,9.911636569603996527e-01,9.911481229528837922e-01,1.000000000000001776e+00,9.911481180266642488e-01,9.911636384956752366e-01,9.911643733268182821e-01,9.911636614625949360e-01,9.911446324214240322e-01,9.911446324841047817e-01,9.911636761046302979e-01,9.911644603405896925e-01,9.911645301934698393e-01,9.911645432762310470e-01,9.911645468280064764e-01,9.911645478889705707e-01,9.911645478833129852e-01,9.911645468045410245e-01,9.911645431992743838e-01,9.911645298559473849e-01,9.911644577959045632e-01,9.911636528077834019e-01,9.911481180266642488e-01,1.000000000000001776e+00,9.911481013264962225e-01,9.911635652375069272e-01,9.911635859952471206e-01,9.911446154442906664e-01,9.911446157410730429e-01,9.911636617783060599e-01,9.911644467814685333e-01,9.911645169458328519e-01,9.911645301934708385e-01,9.911645338745135314e-01,9.911645351003219861e-01,9.911645354059861468e-01,9.911645350923592446e-01,9.911645338504786462e-01,9.911645301171566613e-01,9.911645166104765536e-01,9.911644442423280799e-01,9.911636384956752366e-01,9.911481013264962225e-01,1.000000000000001776e+00,9.911480183592286108e-01,9.911627683224255581e-01,9.911445301712543676e-01,9.911445325738382772e-01,9.911635884742069358e-01,9.911643758511178293e-01,9.911644467815280413e-01,9.911644603406508658e-01,9.911644641865865468e-01,9.911644655416743666e-01,9.911644660121853301e-01,9.911644660098780646e-01,9.911644655331386389e-01,9.911644641631893737e-01,9.911644602664879677e-01,9.911644464517106456e-01,9.911643733268182821e-01,9.911635652375069272e-01,9.911480183592286108e-01,1.000000000000001776e+00,9.911471616755777037e-01,9.911436515844089801e-01,9.911436744874971838e-01,9.911627913748540797e-01,9.911635884741998304e-01,9.911636617783580183e-01,9.911636761046802580e-01,9.911636802625388709e-01,9.911636817826940948e-01,9.911636823825530351e-01,9.911636825451080046e-01,9.911636823796545759e-01,9.911636817747432326e-01,9.911636802411755154e-01,9.911636760357664944e-01,9.911636614625949360e-01,9.911635859952471206e-01,9.911627683224255581e-01,9.911471616755777037e-01,1.000000000000001776e+00,9.911272581901100498e-01,9.911237755206608879e-01,9.911436744874702054e-01,9.911445325738036383e-01,9.911446157410965796e-01,9.911446324841304278e-01,9.911446374234210710e-01,9.911446392610928635e-01,9.911446400284001923e-01,9.911446403211674472e-01,9.911446403204294819e-01,9.911446400255693456e-01,9.911446392539637884e-01,9.911446374044287078e-01,9.911446324214240322e-01,9.911446154442906664e-01,9.911445301712543676e-01,9.911436515844089801e-01,9.911272581901100498e-01,1.000000000000001776e+00
1.000000000000012212e+00,9.867839027479853309e-01,9.868202237738464833e-01,9.868221107206501808e-01,9.868222934740460417e-01,9.868223302184784274e-01,9.868223410585058586e-01,9.868223450919330064e-01,9.868223467767084367e-01,9.868223474214686819e-01,9.868223474240589432e-01,9.868223467860356424e-01,9.868223451150142100e-01,9.868223411198122630e-01,9.868223304196992451e-01,9.868222944188872470e-01,9.868221184418437542e-01,9.868203053711404049e-01,9.867762349604505268e-01,9.867839027479853309e-01,1.000000000000012212e+00,9.868279822117728139e-01,9.868625585109959131e-01,9.868643130538800046e-01,9.868644744667653956e-01,9.868645059541655273e-01,9.868645150886186102e-01,9.868645184279151161e-01,9.868645197472505348e-01,9.868645201092488550e-01,9.868645197566021654e-01,9.868645184538796800e-01,9.868645151575204943e-01,9.868645061750154213e-01,9.868644754714065437e-01,9.868643210118390741e-01,9.868626405488953868e-01,9.868203053711347428e-01,9.868202237738464833e-01,9.868279822117728139e-01,1.000000000000012212e+00,9.868297906367280437e-01,9.868642383776901061e-01,9.868659723152396479e-01,9.868661286725556314e-01,9.868661585171766282e-01,9.868661669812439641e-01,9.868661699651511965e-01,9.868661710057665681e-01,9.868661710130145481e-01,9.868661699928423792e-01,9.868661670570061384e-01,9.868661587550694447e-01,9.868661297226305473e-01,9.868659804200030639e-01,9.868643210118057674e-01,9.868221184418038971e-01,9.868221107206501808e-01,9.868625585109959131e-01,9.868297906367280437e-01,1.000000000000012212e+00,9.868299659678458902e-01,9.868643926889765217e-01,9.868661215701173273e-01,9.868662762897353335e-01,9.868663054658404210e-01,9.868663135752673288e-01,9.868663162807674860e-01,9.868663169667335477e-01,9.868663163064120836e-01,9.868663136529072233e-01,9.868663057109576808e-01,9.868662773577557834e-01,9.868661297227169227e-01,9.868644754714588352e-01,9.868222944189287693e-01,9.868222934740460417e-01,9.868643130538800046e-01,9.868642383776901061e-01,9.868299659678458902e-01,1.000000000000012212e+00,9.868300018300724119e-01,9.868644233467642746e-01,9.868661505845980342e-01,9.868663046356701551e-01,9.868663334572030932e-01,9.868663412882632269e-01,9.868663436391400534e-01,9.868663436575358938e-01,9.868663413638752990e-01,9.868663337042330452e-01,9.868663057109571257e-01,9.868661587551610381e-01,9.868645061750584979e-01,9.868223304197458745e-01,9.868223302184784274e-01,9.868644744667653956e-01,9.868659723152396479e-01,9.868643926889765217e-01,9.868300018300724119e-01,1.000000000000012212e+00,9.868300124876624446e-01,9.868644323119950545e-01,9.868661588792215777e-01,9.868663125756327315e-01,9.868663411188031143e-01,9.868663485952343661e-01,9.868663502785335329e-01,9.868663486636009008e-01,9.868663413637949189e-01,9.868663136528301738e-01,9.868661670570093580e-01,9.868645151574932939e-01,9.868223411197796224e-01,9.868223410585058586e-01,9.868645059541655273e-01,9.868661286725556314e-01,9.868661215701173273e-01,9.868644233467642746e-01,9.868300124876624446e-01,1.000000000000012212e+00,9.868300164668796226e-01,9.868644356014533159e-01,9.868661618131957525e-01,9.868663152312004971e-01,9.868663434197332274e-01,9.868663502285995870e-01,9.868663502785617325e-01,9.868663436574905967e-01,9.868663163063540189e-01,9.868661699928801267e-01,9.868645184538754611e-01,9.868223451150112124e-01,9.868223450919330064e-01,9.868645150886186102e-01,9.868661585171766282e-01,9.868662762897353335e-01,9.868661505845980342e-01,9.868644323119950545e-01,9.868300164668796226e-01,1.000000000000012212e+00,9.868300181315426967e-01,9.868644369024485163e-01,9.868661628354362669e-01,9.868663158987945883e-01,9.868663434197590956e-01,9.868663485952859915e-01,9.868663436391086341e-01,9.868663169667142299e-01,9.868661710130749443e-01,9.868645197566290328e-01,9.868223467860537390e-01,9.868223467767084367e-01,9.868645184279151161e-01,9.868661669812439641e-01,9.868663054658404210e-01,9.868663046356701551e-01,9.868661588792215777e-01,9.868644356014533159e-01,9.868300181315426967e-01,1.000000000000012212e+00,9.868300187680902891e-01,9.868644372570807288e-01,9.868661628353216919e-01,9.868663152311183406e-01,9.868663411187411638e-01,9.868663412881346630e-01,9.868663162806250444e-01,9.868661710057208269e-01,9.868645201091583719e-01,9.868223474239636861e-01,9.868223474214686819e-01,9.868645197472505348e-01,9.868661699651511965e-01,9.868663135752673288e-01,9.868663334572030932e-01,9.868663125756327315e-01,9.868661618131957525e-01,9.868644369024485163e-01,9.868300187680902891e-01,1.000000000000012212e+00,9.868300187681827706e-01,9.868644369024287544e-01,9.868661618132009705e-01,9.868663125756700349e-01,9.868663334571572410e-01,9.868663135752222537e-01,9.868661699651901653e-01,9.868645197472593056e-01,9.868223474214641300e-01,9.868223474240589432e-01,9.868645201092488550e-01,9.868661710057665681e-01,9.868663162807674860e-01,9.868663412882632269e-01,9.868663411188031143e-01,9.868663152312004971e-01,9.868661628354362669e-01,9.868644372570807288e-01,9.868300187681827706e-01,1.000000000000012212e+00,9.868300181316168596e-01,9.868644356015512376e-01,9.868661588793452566e-01,9.868663046357190050e-01,9.868663054658817213e-01,9.868661669813832971e-01,9.868645184280075977e-01,9.868223467768030277e-01,9.868223467860356424e-01,9.868645197566021654e-01,9.868661710130145481e-01,9.868663169667335477e-01,9.868663436391400534e-01,9.868663485952343661e-01,9.868663434197332274e-01,9.868663158987945883e-01,9.868661628353216919e-01,9.868644369024287544e-01,9.868300181316168596e-01,1.000000000000012212e+00,9.868300164668669661e-01,9.868644323120100426e-01,9.868661505845395254e-01,9.868662762896727170e-01,9.868661585171942807e-01,9.868645150886178330e-01,9.868223450919066941e-01,9.868223451150142100e-01,9.868645184538796800e-01,9.868661699928423792e-01,9.868663163064120836e-01,9.868663436575358938e-01,9.868663502785335329e-01,9.868663502285995870e-01,9.868663434197590956e-01,9.868663152311183406e-01,9.868661618132009705e-01,9.868644356015512376e-01,9.868300164668669661e-01,1.000000000000012212e+00,9.868300124877029678e-01,9.868644233467274152e-01,9.868661215700776923e-01,9.868661286726050363e-01,9.868645059541767406e-01,9.868223410585161837e-01,9.868223411198122630e-01,9.868645151575204943e-01,9.868661670570061384e-01,9.868663136529072233e-01,9.868663413638752990e-01,9.868663486636009008e-01,9.868663502785617325e-01,9.868663485952859915e-01,9.868663411187411638e-01,9.868663125756700349e-01,9.868661588793452566e-01,9.868644323120100426e-01,9.868300124877029678e-01,1.000000000000012212e+00,9.868300018300638632e-01,9.868643926889621998e-01,9.868659723153138108e-01,9.868644744668118030e-01,9.868223302184996326e-01,9.868223304196992451e-01,9.868645061750154213e-01,9.868661587550694447e-01,9.868663057109576808e-01,9.868663337042330452e-01,9.868663413637949189e-01,9.868663436574905967e-01,9.868663436391086341e-01,9.868663412881346630e-01,9.868663334571572410e-01,9.868663046357190050e-01,9.868661505845395254e-01,9.868644233467274152e-01,9.868300018300638632e-01,1.000000000000012212e+00,9.868299659677549629e-01,9.868642383776891069e-01,9.868643130538410357e-01,9.868222934739996344e-01,9.868222944188872470e-01,9.868644754714065437e-01,9.868661297226305473e-01,9.868662773577557834e-01,9.868663057109571257e-01,9.868663136528301738e-01,9.868663163063540189e-01,9.868663169667142299e-01,9.868663162806250444e-01,9.868663135752222537e-01,9.868663054658817213e-01,9.868662762896727170e-01,9.868661215700776923e-01,9.868643926889621998e-01,9.868299659677549629e-01,1.000000000000012212e+00,9.868297906367244909e-01,9.868625585109542797e-01,9.868221107206009979e-01,9.868221184418437542e-01,9.868643210118390741e-01,9.868659804200030639e-01,9.868661297227169227e-01,9.868661587551610381e-01,9.868661670570093580e-01,9.868661699928801267e-01,9.868661710130749443e-01,9.868661710057208269e-01,9.868661699651901653e-01,9.868661669813832971e-01,9.868661585171942807e-01,9.868661286726050363e-01,9.868659723153138108e-01,9.868642383776891069e-01,9.868297906367244909e-01,1.000000000000012212e+00,9.868279822118225519e-01,9.868202237738914473e-01,9.868203053711404049e-01,9.868626405488953868e-01,9.868643210118057674e-01,9.868644754714588352e-01,9.868645061750584979e-01,9.868645151574932939e-01,9.868645184538754611e-01,9.868645197566290328e-01,9.868645201091583719e-01,9.868645197472593056e-01,9.868645184280075977e-01,9.868645150886178330e-01,9.868645059541767406e-01,9.868644744668118030e-01,9.868643130538410357e-01,9.868625585109542797e-01,9.868279822118225519e-01,1.000000000000012212e+00,9.867839027479902159e-01,9.867762349604505268e-01,9.868203053711347428e-01,9.868221184418038971e-01,9.868222944189287693e-01,9.868223304197458745e-01,9.868223411197796224e-01,9.868223451150112124e-01,9.868223467860537390e-01,9.868223474239636861e-01,9.868223474214641300e-01,9.868223467768030277e-01,9.868223450919066941e-01,9.868223410585161837e-01,9.868223302184996326e-01,9.868222934739996344e-01,9.868221107206009979e-01,9.868202237738914473e-01,9.867839027479902159e-01,1.000000000000012212e+00
