1.000000000000000000e+00,1.000000000000000000e+00,1.000000000000000000e+00,1.000000000000000000e+00,1.000000000000000000e+00,1.000000000000000000e+00,1.000000000000000000e+00,1.000000000000000000e+00,1.000000000000000000e+00,1.000000000000000000e+00,1.000000000000000000e+00,1.000000000000000000e+00,1.000000000000000000e+00,1.000000000000000000e+00,1.000000000000000000e+00,1.000000000000000000e+00,1.000000000000000000e+00,1.000000000000000000e+00,1.000000000000000000e+00,1.000000000000000000e+00,1.000000000000000000e+00,1.000000000000000000e+00,1.000000000000000000e+00,1.000000000000000000e+00,1.000000000000000000e+00,1.000000000000000000e+00,1.000000000000000000e+00,1.000000000000000000e+00,1.000000000000000000e+00,1.000000000000000000e+00,1.000000000000000000e+00,1.000000000000000000e+00,1.000000000000000000e+00,1.000000000000000000e+00,1.000000000000000000e+00,1.000000000000000000e+00,1.000000000000000000e+00,1.000000000000000000e+00,1.000000000000000000e+00,1.000000000000000000e+00,1.000000000000000000e+00,1.000000000000000000e+00,1.000000000000000000e+00,1.000000000000000000e+00,1.000000000000000000e+00,1.000000000000000000e+00,1.000000000000000000e+00,1.000000000000000000e+00,1.000000000000000000e+00,1.000000000000000000e+00,1.000000000000000000e+00,1.000000000000000000e+00,1.000000000000000000e+00,1.000000000000000000e+00,1.000000000000000000e+00,1.000000000000000000e+00,1.000000000000000000e+00,1.000000000000000000e+00,1.000000000000000000e+00,1.000000000000000000e+00,1.000000000000000000e+00,1.000000000000000000e+00,1.000000000000000000e+00,1.000000000000000000e+00,1.000000000000000000e+00,1.000000000000000000e+00,1.000000000000000000e+00,1.000000000000000000e+00,1.000000000000000000e+00,1.000000000000000000e+00,1.000000000000000000e+00,1.000000000000000000e+00,1.000000000000000000e+00,1.000000000000000000e+00,1.000000000000000000e+00,1.000000000000000000e+00,1.000000000000000000e+00,1.000000000000000000e+00,1.000000000000000000e+00,1.000000000000000000e+00,1.000000000000000000e+00,1.000000000000000000e+00,1.000000000000000000e+00,1.000000000000000000e+00,1.000000000000000000e+00,1.000000000000000000e+00,1.000000000000000000e+00,1.000000000000000000e+00,1.000000000000000000e+00,1.000000000000000000e+00,1.000000000000000000e+00,1.000000000000000000e+00,1.000000000000000000e+00,1.000000000000000000e+00,1.000000000000000000e+00,1.000000000000000000e+00,1.000000000000000000e+00,1.000000000000000000e+00,1.000000000000000000e+00,1.000000000000000000e+00,1.000000000000000000e+00,1.000000000000000000e+00,1.000000000000000000e+00,1.000000000000000000e+00,1.000000000000000000e+00,1.000000000000000000e+00,1.000000000000000000e+00,1.000000000000000000e+00,1.000000000000000000e+00,1.000000000000000000e+00,1.000000000000000000e+00,1.000000000000000000e+00,1.000000000000000000e+00,1.000000000000000000e+00,1.000000000000000000e+00,1.000000000000000000e+00,1.000000000000000000e+00,1.000000000000000000e+00,1.000000000000000000e+00,1.000000000000000000e+00,1.000000000000000000e+00,1.000000000000000000e+00,1.000000000000000000e+00,1.000000000000000000e+00,1.000000000000000000e+00,1.000000000000000000e+00,1.000000000000000000e+00,1.000000000000000000e+00,1.000000000000000000e+00,1.000000000000000000e+00,1.000000000000000000e+00,1.000000000000000000e+00,1.000000000000000000e+00,1.000000000000000000e+00,1.000000000000000000e+00,1.000000000000000000e+00,1.000000000000000000e+00,1.000000000000000000e+00,1.000000000000000000e+00,1.000000000000000000e+00,1.000000000000000000e+00,1.000000000000000000e+00,1.000000000000000000e+00,1.000000000000000000e+00,1.000000000000000000e+00,1.000000000000000000e+00,1.000000000000000000e+00,1.000000000000000000e+00,1.000000000000000000e+00,1.000000000000000000e+00,1.000000000000000000e+00,1.000000000000000000e+00,1.000000000000000000e+00,1.000000000000000000e+00,1.000000000000000000e+00,1.000000000000000000e+00,1.000000000000000000e+00,1.000000000000000000e+00,1.000000000000000000e+00,1.000000000000000000e+00,1.000000000000000000e+00,1.000000000000000000e+00,1.000000000000000000e+00,1.000000000000000000e+00,1.000000000000000000e+00,1.000000000000000000e+00,1.000000000000000000e+00,1.000000000000000000e+00,1.000000000000000000e+00,1.000000000000000000e+00,1.000000000000000000e+00,1.000000000000000000e+00,1.000000000000000000e+00,1.000000000000000000e+00,1.000000000000000000e+00,1.000000000000000000e+00,1.000000000000000000e+00,1.000000000000000000e+00,1.000000000000000000e+00,1.000000000000000000e+00,1.000000000000000000e+00,1.000000000000000000e+00,1.000000000000000000e+00,1.000000000000000000e+00,1.000000000000000000e+00,1.000000000000000000e+00,1.000000000000000000e+00,1.000000000000000000e+00,1.000000000000000000e+00,1.000000000000000000e+00,1.000000000000000000e+00,1.000000000000000000e+00,1.000000000000000000e+00,1.000000000000000000e+00,1.000000000000000000e+00,1.000000000000000000e+00,1.000000000000000000e+00,1.000000000000000000e+00,1.000000000000000000e+00,1.000000000000000000e+00,1.000000000000000000e+00,1.000000000000000000e+00,1.000000000000000000e+00,1.000000000000000000e+00,1.000000000000000000e+00,1.000000000000000000e+00,1.000000000000000000e+00,1.000000000000000000e+00,1.000000000000000000e+00,1.000000000000000000e+00,1.000000000000000000e+00,1.000000000000000000e+00,1.000000000000000000e+00,1.000000000000000000e+00,1.000000000000000000e+00,1.000000000000000000e+00,1.000000000000000000e+00,1.000000000000000000e+00,1.000000000000000000e+00,1.000000000000000000e+00,1.000000000000000000e+00,1.000000000000000000e+00,1.000000000000000000e+00,1.000000000000000000e+00,1.000000000000000000e+00,1.000000000000000000e+00,1.000000000000000000e+00,1.000000000000000000e+00,1.000000000000000000e+00,1.000000000000000000e+00,1.000000000000000000e+00,1.000000000000000000e+00,1.000000000000000000e+00,1.000000000000000000e+00,1.000000000000000000e+00,1.000000000000000000e+00,1.000000000000000000e+00,1.000000000000000000e+00,1.000000000000000000e+00,1.000000000000000000e+00,1.000000000000000000e+00,1.000000000000000000e+00,1.000000000000000000e+00,1.000000000000000000e+00,1.000000000000000000e+00,1.000000000000000000e+00,1.000000000000000000e+00,1.000000000000000000e+00,1.000000000000000000e+00,1.000000000000000000e+00,1.000000000000000000e+00,1.000000000000000000e+00,1.000000000000000000e+00,1.000000000000000000e+00,1.000000000000000000e+00,1.000000000000000000e+00,1.000000000000000000e+00,1.000000000000000000e+00,1.000000000000000000e+00,1.000000000000000000e+00,1.000000000000000000e+00,1.000000000000000000e+00,1.000000000000000000e+00,1.000000000000000000e+00,1.000000000000000000e+00,1.000000000000000000e+00,1.000000000000000000e+00,1.000000000000000000e+00,1.000000000000000000e+00,1.000000000000000000e+00,1.000000000000000000e+00,1.000000000000000000e+00,1.000000000000000000e+00,1.000000000000000000e+00,1.000000000000000000e+00,1.000000000000000000e+00,1.000000000000000000e+00,1.000000000000000000e+00,1.000000000000000000e+00,1.000000000000000000e+00,1.000000000000000000e+00,1.000000000000000000e+00,1.000000000000000000e+00,1.000000000000000000e+00,1.000000000000000000e+00,1.000000000000000000e+00,1.000000000000000000e+00,1.000000000000000000e+00,1.000000000000000000e+00,1.000000000000000000e+00,1.000000000000000000e+00,1.000000000000000000e+00,1.000000000000000000e+00,1.000000000000000000e+00,1.000000000000000000e+00,1.000000000000000000e+00,1.000000000000000000e+00,1.000000000000000000e+00,1.000000000000000000e+00,1.000000000000000000e+00,1.000000000000000000e+00,1.000000000000000000e+00,1.000000000000000000e+00,1.000000000000000000e+00,1.000000000000000000e+00,1.000000000000000000e+00,1.000000000000000000e+00,1.000000000000000000e+00,1.000000000000000000e+00,1.000000000000000000e+00,1.000000000000000000e+00,1.000000000000000000e+00,1.000000000000000000e+00,1.000000000000000000e+00,1.000000000000000000e+00,1.000000000000000000e+00,1.000000000000000000e+00,1.000000000000000000e+00,1.000000000000000000e+00,1.000000000000000000e+00,1.000000000000000000e+00,1.000000000000000000e+00,1.000000000000000000e+00,1.000000000000000000e+00,1.000000000000000000e+00,1.000000000000000000e+00,1.000000000000000000e+00,1.000000000000000000e+00,1.000000000000000000e+00,1.000000000000000000e+00,1.000000000000000000e+00,1.000000000000000000e+00,1.000000000000000000e+00,1.000000000000000000e+00,1.000000000000000000e+00,1.000000000000000000e+00,1.000000000000000000e+00,1.000000000000000000e+00,1.000000000000000000e+00,1.000000000000000000e+00,1.000000000000000000e+00,1.000000000000000000e+00,1.000000000000000000e+00,1.000000000000000000e+00,1.000000000000000000e+00,1.000000000000000000e+00,1.000000000000000000e+00,1.000000000000000000e+00,1.000000000000000000e+00,1.000000000000000000e+00,1.000000000000000000e+00,1.000000000000000000e+00,1.000000000000000000e+00,1.000000000000000000e+00,1.000000000000000000e+00,1.000000000000000000e+00,1.000000000000000000e+00,1.000000000000000000e+00,1.000000000000000000e+00,1.000000000000000000e+00,1.000000000000000000e+00,1.000000000000000000e+00,1.000000000000000000e+00,1.000000000000000000e+00,1.000000000000000000e+00,1.000000000000000000e+00,1.000000000000000000e+00,1.000000000000000000e+00,1.000000000000000000e+00,1.000000000000000000e+00,1.000000000000000000e+00,1.000000000000000000e+00,1.000000000000000000e+00,1.000000000000000000e+00,1.000000000000000000e+00,1.000000000000000000e+00,1.000000000000000000e+00,1.000000000000000000e+00,1.000000000000000000e+00,1.000000000000000000e+00,1.000000000000000000e+00,1.000000000000000000e+00,1.000000000000000000e+00,1.000000000000000000e+00,1.000000000000000000e+00,1.000000000000000000e+00,1.000000000000000000e+00,1.000000000000000000e+00,1.000000000000000000e+00,1.000000000000000000e+00,1.000000000000000000e+00,1.000000000000000000e+00,1.000000000000000000e+00,1.000000000000000000e+00,1.000000000000000000e+00,1.000000000000000000e+00,1.000000000000000000e+00,1.000000000000000000e+00,1.000000000000000000e+00,1.000000000000000000e+00
1.000000000000001110e+00,8.147992513828710148e-01,8.229199524784813757e-01,8.211831451394586701e-01,8.148040898515528374e-01,8.232137822494517421e-01,8.249961466628291662e-01,8.229520427756165102e-01,8.229626826423616093e-01,8.250460928322498333e-01,8.250604654411587413e-01,8.229950877520212371e-01,8.229486815486504181e-01,8.250129746493335414e-01,8.250173779048234346e-01,8.229591122559654082e-01,8.211928665645433778e-01,8.229543759962589800e-01,8.229551631364832032e-01,8.211948398913341274e-01,8.147992513828710148e-01,1.000000000000001110e+00,8.167281883543696663e-01,8.229199524784807096e-01,8.229190882689043640e-01,8.189978315493287031e-01,8.250039126048608340e-01,8.247003710207848615e-01,8.247389723560528685e-01,8.268135533800859971e-01,8.268155426852723533e-01,8.247530492238164257e-01,8.247169164701237953e-01,8.267800207225786124e-01,8.267824081690331450e-01,8.247213134709721061e-01,8.229543759962588689e-01,8.247188009686708954e-01,8.247191721309653500e-01,8.229551631364828701e-01,8.229199524784813757e-01,8.167281883543696663e-01,1.000000000000001110e+00,8.147992513828710148e-01,8.247003710207856386e-01,8.250039126048610560e-01,8.189978315493292582e-01,8.229190882689044750e-01,8.247530492238167588e-01,8.268155426852726864e-01,8.268135533800861081e-01,8.247389723560533126e-01,8.247213134709724391e-01,8.267824081690337001e-01,8.267800207225790565e-01,8.247169164701240174e-01,8.229551631364835362e-01,8.247191721309659052e-01,8.247188009686713395e-01,8.229543759962592020e-01,8.211831451394586701e-01,8.229199524784807096e-01,8.147992513828710148e-01,1.000000000000001110e+00,8.229520427756165102e-01,8.249961466628287221e-01,8.232137822494515200e-01,8.148040898515521713e-01,8.229950877520209040e-01,8.250604654411584082e-01,8.250460928322495002e-01,8.229626826423612762e-01,8.229591122559651861e-01,8.250173779048233236e-01,8.250129746493330973e-01,8.229486815486501960e-01,8.211948398913341274e-01,8.229551631364830921e-01,8.229543759962586469e-01,8.211928665645432668e-01,8.148040898515528374e-01,8.229190882689043640e-01,8.247003710207856386e-01,8.229520427756165102e-01,1.000000000000001110e+00,8.190026735792823587e-01,8.267681051256187130e-01,8.247190700958285658e-01,8.167802088820377282e-01,8.250569649488855850e-01,8.268199660088804137e-01,8.247601470798447965e-01,8.246919984002925030e-01,8.267696573480164401e-01,8.267842765708087738e-01,8.247257645432082285e-01,8.229486815486505291e-01,8.247169164701239064e-01,8.247213134709721061e-01,8.229591122559654082e-01,8.232137822494517421e-01,8.189978315493287031e-01,8.250039126048610560e-01,8.249961466628287221e-01,8.190026735792823587e-01,1.000000000000001110e+00,8.212607395362950813e-01,8.267681051256183800e-01,8.250458465735082125e-01,8.213156719785549287e-01,8.271469757920456578e-01,8.268086096903006776e-01,8.267696573480159961e-01,8.288360961084342282e-01,8.288399881679995307e-01,8.267842765708084407e-01,8.250129746493333194e-01,8.267800207225786124e-01,8.267824081690332561e-01,8.250173779048232126e-01,8.249961466628291662e-01,8.250039126048608340e-01,8.189978315493292582e-01,8.232137822494515200e-01,8.267681051256187130e-01,8.212607395362950813e-01,1.000000000000001110e+00,8.190026735792820256e-01,8.268086096903005666e-01,8.271469757920457688e-01,8.213156719785549287e-01,8.250458465735082125e-01,8.267842765708084407e-01,8.288399881679996417e-01,8.288360961084344503e-01,8.267696573480162181e-01,8.250173779048233236e-01,8.267824081690332561e-01,8.267800207225785014e-01,8.250129746493330973e-01,8.229520427756165102e-01,8.247003710207848615e-01,8.229190882689044750e-01,8.148040898515521713e-01,8.247190700958285658e-01,8.267681051256183800e-01,8.190026735792820256e-01,1.000000000000001110e+00,8.247601470798443524e-01,8.268199660088801917e-01,8.250569649488852519e-01,8.167802088820373951e-01,8.247257645432076734e-01,8.267842765708084407e-01,8.267696573480161071e-01,8.246919984002923920e-01,8.229591122559651861e-01,8.247213134709719951e-01,8.247169164701234623e-01,8.229486815486499740e-01,8.229626826423616093e-01,8.247389723560528685e-01,8.247530492238167588e-01,8.229950877520209040e-01,8.167802088820377282e-01,8.250458465735082125e-01,8.268086096903005666e-01,8.247601470798443524e-01,1.000000000000001110e+00,8.190998351323109938e-01,8.268563432638271760e-01,8.247963981786217147e-01,8.167802088820373951e-01,8.250458465735082125e-01,8.268086096903006776e-01,8.247601470798445744e-01,8.229626826423612762e-01,8.247389723560528685e-01,8.247530492238162037e-01,8.229950877520207930e-01,8.250460928322498333e-01,8.268135533800859971e-01,8.268155426852726864e-01,8.250604654411584082e-01,8.250569649488855850e-01,8.213156719785549287e-01,8.271469757920457688e-01,8.268199660088801917e-01,8.190998351323109938e-01,1.000000000000001110e+00,8.213705015554211286e-01,8.268563432638271760e-01,8.250569649488853630e-01,8.213156719785550397e-01,8.271469757920457688e-01,8.268199660088801917e-01,8.250460928322495002e-01,8.268135533800858861e-01,8.268155426852721313e-01,8.250604654411584082e-01,8.250604654411587413e-01,8.268155426852723533e-01,8.268135533800861081e-01,8.250460928322495002e-01,8.268199660088804137e-01,8.271469757920456578e-01,8.213156719785549287e-01,8.250569649488852519e-01,8.268563432638271760e-01,8.213705015554211286e-01,1.000000000000001110e+00,8.190998351323108828e-01,8.268199660088800806e-01,8.271469757920456578e-01,8.213156719785549287e-01,8.250569649488852519e-01,8.250604654411584082e-01,8.268155426852722423e-01,8.268135533800856640e-01,8.250460928322493892e-01,8.229950877520212371e-01,8.247530492238164257e-01,8.247389723560533126e-01,8.229626826423612762e-01,8.247601470798447965e-01,8.268086096903006776e-01,8.250458465735082125e-01,8.167802088820373951e-01,8.247963981786217147e-01,8.268563432638271760e-01,8.190998351323108828e-01,1.000000000000001110e+00,8.247601470798444634e-01,8.268086096903006776e-01,8.250458465735082125e-01,8.167802088820375062e-01,8.229950877520209040e-01,8.247530492238164257e-01,8.247389723560529795e-01,8.229626826423612762e-01,8.229486815486504181e-01,8.247169164701237953e-01,8.247213134709724391e-01,8.229591122559651861e-01,8.246919984002925030e-01,8.267696573480159961e-01,8.267842765708084407e-01,8.247257645432076734e-01,8.167802088820373951e-01,8.250569649488853630e-01,8.268199660088800806e-01,8.247601470798444634e-01,1.000000000000001110e+00,8.190026735792821366e-01,8.267681051256183800e-01,8.247190700958285658e-01,8.148040898515522823e-01,8.229190882689041420e-01,8.247003710207847504e-01,8.229520427756162881e-01,8.250129746493335414e-01,8.267800207225786124e-01,8.267824081690337001e-01,8.250173779048233236e-01,8.267696573480164401e-01,8.288360961084342282e-01,8.288399881679996417e-01,8.267842765708084407e-01,8.250458465735082125e-01,8.213156719785550397e-01,8.271469757920456578e-01,8.268086096903006776e-01,8.190026735792821366e-01,1.000000000000001110e+00,8.212607395362950813e-01,8.267681051256186020e-01,8.232137822494516310e-01,8.189978315493289251e-01,8.250039126048606120e-01,8.249961466628287221e-01,8.250173779048234346e-01,8.267824081690331450e-01,8.267800207225790565e-01,8.250129746493330973e-01,8.267842765708087738e-01,8.288399881679995307e-01,8.288360961084344503e-01,8.267696573480161071e-01,8.268086096903006776e-01,8.271469757920457688e-01,8.213156719785549287e-01,8.250458465735082125e-01,8.267681051256183800e-01,8.212607395362950813e-01,1.000000000000001110e+00,8.190026735792820256e-01,8.249961466628287221e-01,8.250039126048606120e-01,8.189978315493285921e-01,8.232137822494515200e-01,8.229591122559654082e-01,8.247213134709721061e-01,8.247169164701240174e-01,8.229486815486501960e-01,8.247257645432082285e-01,8.267842765708084407e-01,8.267696573480162181e-01,8.246919984002923920e-01,8.247601470798445744e-01,8.268199660088801917e-01,8.250569649488852519e-01,8.167802088820375062e-01,8.247190700958285658e-01,8.267681051256186020e-01,8.190026735792820256e-01,1.000000000000001110e+00,8.229520427756163992e-01,8.247003710207847504e-01,8.229190882689041420e-01,8.148040898515522823e-01,8.211928665645433778e-01,8.229543759962588689e-01,8.229551631364835362e-01,8.211948398913341274e-01,8.229486815486505291e-01,8.250129746493333194e-01,8.250173779048233236e-01,8.229591122559651861e-01,8.229626826423612762e-01,8.250460928322495002e-01,8.250604654411584082e-01,8.229950877520209040e-01,8.148040898515522823e-01,8.232137822494516310e-01,8.249961466628287221e-01,8.229520427756163992e-01,1.000000000000001110e+00,8.147992513828706818e-01,8.229199524784807096e-01,8.211831451394584480e-01,8.229543759962589800e-01,8.247188009686708954e-01,8.247191721309659052e-01,8.229551631364830921e-01,8.247169164701239064e-01,8.267800207225786124e-01,8.267824081690332561e-01,8.247213134709719951e-01,8.247389723560528685e-01,8.268135533800858861e-01,8.268155426852722423e-01,8.247530492238164257e-01,8.229190882689041420e-01,8.189978315493289251e-01,8.250039126048606120e-01,8.247003710207847504e-01,8.147992513828706818e-01,1.000000000000001110e+00,8.167281883543690002e-01,8.229199524784808206e-01,8.229551631364832032e-01,8.247191721309653500e-01,8.247188009686713395e-01,8.229543759962586469e-01,8.247213134709721061e-01,8.267824081690332561e-01,8.267800207225785014e-01,8.247169164701234623e-01,8.247530492238162037e-01,8.268155426852721313e-01,8.268135533800856640e-01,8.247389723560529795e-01,8.247003710207847504e-01,8.250039126048606120e-01,8.189978315493285921e-01,8.229190882689041420e-01,8.229199524784807096e-01,8.167281883543690002e-01,1.000000000000001110e+00,8.147992513828705707e-01,8.211948398913341274e-01,8.229551631364828701e-01,8.229543759962592020e-01,8.211928665645432668e-01,8.229591122559654082e-01,8.250173779048232126e-01,8.250129746493330973e-01,8.229486815486499740e-01,8.229950877520207930e-01,8.250604654411584082e-01,8.250460928322493892e-01,8.229626826423612762e-01,8.229520427756162881e-01,8.249961466628287221e-01,8.232137822494515200e-01,8.148040898515522823e-01,8.211831451394584480e-01,8.229199524784808206e-01,8.147992513828705707e-01,1.000000000000001110e+00
1.000000000000008660e+00,6.143662178340080215e-01,6.515708493193861361e-01,6.327912609749996031e-01,6.144409850371361781e-01,6.514347502943476087e-01,6.744684554568740609e-01,6.509719403864487886e-01,6.522717575834329207e-01,6.751535609366052793e-01,6.741390770764104090e-01,6.515462742702438081e-01,6.509579273037628955e-01,6.726743781436128611e-01,6.726020102139298462e-01,6.509021611730936296e-01,6.327439547299379408e-01,6.508553602892410694e-01,6.508569269210234820e-01,6.327571927827171372e-01,6.143662178340080215e-01,1.000000000000008660e+00,6.370415040438255350e-01,6.515708493193830275e-01,6.475851404759357388e-01,6.643534270505816464e-01,6.725376867041916729e-01,6.714827597048783625e-01,6.721467896264362585e-01,6.941109335056844243e-01,6.941778629701015335e-01,6.710753420044758277e-01,6.695997560764399559e-01,6.919209284976981511e-01,6.919003238798520083e-01,6.695260099952339283e-01,6.508553602892398482e-01,6.694777976776955519e-01,6.694778076350575979e-01,6.508569269210222608e-01,6.515708493193861361e-01,6.370415040438255350e-01,1.000000000000008660e+00,6.143662178340076885e-01,6.714827597048828034e-01,6.725376867041941154e-01,6.643534270505828676e-01,6.475851404759344065e-01,6.710753420044768269e-01,6.941778629701035319e-01,6.941109335056856455e-01,6.721467896264383679e-01,6.695260099952358157e-01,6.919003238798545619e-01,6.919209284976988172e-01,6.695997560764407330e-01,6.508569269210244812e-01,6.694778076350598184e-01,6.694777976776966621e-01,6.508553602892408474e-01,6.327912609749996031e-01,6.515708493193830275e-01,6.143662178340076885e-01,1.000000000000008660e+00,6.509719403864488996e-01,6.744684554568729506e-01,6.514347502943445001e-01,6.144409850371308490e-01,6.515462742702421428e-01,6.741390770764091878e-01,6.751535609366035029e-01,6.522717575834311443e-01,6.509021611730922974e-01,6.726020102139290691e-01,6.726743781436103076e-01,6.509579273037606750e-01,6.327571927827159159e-01,6.508569269210221497e-01,6.508553602892387380e-01,6.327439547299354983e-01,6.144409850371361781e-01,6.475851404759357388e-01,6.714827597048828034e-01,6.509719403864488996e-01,1.000000000000008660e+00,6.644280234916768446e-01,6.934681794408699140e-01,6.696584268438223742e-01,6.380094254048097602e-01,6.733710397213567012e-01,6.942351317908660446e-01,6.703068815007792169e-01,6.701448995502823358e-01,6.935570160384839644e-01,6.926846870429048675e-01,6.695870075188659065e-01,6.509579273037625624e-01,6.695997560764401779e-01,6.695260099952343724e-01,6.509021611730929635e-01,6.514347502943476087e-01,6.643534270505816464e-01,6.725376867041941154e-01,6.744684554568729506e-01,6.644280234916768446e-01,1.000000000000008660e+00,6.916192477475094913e-01,6.934681794408682487e-01,6.733404001868017463e-01,6.924888665056367909e-01,6.987719823318403467e-01,6.942169782416472978e-01,6.935570160384818550e-01,7.162370830219069173e-01,7.163421545806597512e-01,6.926846870429030911e-01,6.726743781436103076e-01,6.919209284976963747e-01,6.919003238798506761e-01,6.726020102139276258e-01,6.744684554568740609e-01,6.725376867041916729e-01,6.643534270505828676e-01,6.514347502943445001e-01,6.934681794408699140e-01,6.916192477475094913e-01,1.000000000000008660e+00,6.644280234916730699e-01,6.942169782416467427e-01,6.987719823318401247e-01,6.924888665056355697e-01,6.733404001868015243e-01,6.926846870429028691e-01,7.163421545806596402e-01,7.162370830219053630e-01,6.935570160384804117e-01,6.726020102139277368e-01,6.919003238798504540e-01,6.919209284976949315e-01,6.726743781436090863e-01,6.509719403864487886e-01,6.714827597048783625e-01,6.475851404759344065e-01,6.144409850371308490e-01,6.696584268438223742e-01,6.934681794408682487e-01,6.644280234916730699e-01,1.000000000000008660e+00,6.703068815007763304e-01,6.942351317908641573e-01,6.733710397213535925e-01,6.380094254048072067e-01,6.695870075188640191e-01,6.926846870429032021e-01,6.935570160384806337e-01,6.701448995502795603e-01,6.509021611730912982e-01,6.695260099952324850e-01,6.695997560764372913e-01,6.509579273037595648e-01,6.522717575834329207e-01,6.721467896264362585e-01,6.710753420044768269e-01,6.515462742702421428e-01,6.380094254048097602e-01,6.733404001868017463e-01,6.942169782416467427e-01,6.703068815007763304e-01,1.000000000000008660e+00,6.661103996901696078e-01,6.947762067740277381e-01,6.709964203293966589e-01,6.380094254048070956e-01,6.733404001868019684e-01,6.942169782416465207e-01,6.703068815007761083e-01,6.522717575834303672e-01,6.721467896264347042e-01,6.710753420044733852e-01,6.515462742702408105e-01,6.751535609366052793e-01,6.941109335056844243e-01,6.941778629701035319e-01,6.741390770764091878e-01,6.733710397213567012e-01,6.924888665056367909e-01,6.987719823318401247e-01,6.942351317908641573e-01,6.661103996901696078e-01,1.000000000000008660e+00,6.933527156054055673e-01,6.947762067740282932e-01,6.733710397213544807e-01,6.924888665056367909e-01,6.987719823318400136e-01,6.942351317908634911e-01,6.751535609366023927e-01,6.941109335056835361e-01,6.941778629700994241e-01,6.741390770764076334e-01,6.741390770764104090e-01,6.941778629701015335e-01,6.941109335056856455e-01,6.751535609366035029e-01,6.942351317908660446e-01,6.987719823318403467e-01,6.924888665056355697e-01,6.733710397213535925e-01,6.947762067740277381e-01,6.933527156054055673e-01,1.000000000000008660e+00,6.661103996901696078e-01,6.942351317908641573e-01,6.987719823318405687e-01,6.924888665056353476e-01,6.733710397213532595e-01,6.741390770764078555e-01,6.941778629700998682e-01,6.941109335056825369e-01,6.751535609366015045e-01,6.515462742702438081e-01,6.710753420044758277e-01,6.721467896264383679e-01,6.522717575834311443e-01,6.703068815007792169e-01,6.942169782416472978e-01,6.733404001868015243e-01,6.380094254048072067e-01,6.709964203293966589e-01,6.947762067740282932e-01,6.661103996901696078e-01,1.000000000000008660e+00,6.703068815007773296e-01,6.942169782416474089e-01,6.733404001868011912e-01,6.380094254048067626e-01,6.515462742702416987e-01,6.710753420044741624e-01,6.721467896264342601e-01,6.522717575834297010e-01,6.509579273037628955e-01,6.695997560764399559e-01,6.695260099952358157e-01,6.509021611730922974e-01,6.701448995502823358e-01,6.935570160384818550e-01,6.926846870429028691e-01,6.695870075188640191e-01,6.380094254048070956e-01,6.733710397213544807e-01,6.942351317908641573e-01,6.703068815007773296e-01,1.000000000000008660e+00,6.644280234916740691e-01,6.934681794408671385e-01,6.696584268438203758e-01,6.144409850371301829e-01,6.475851404759314089e-01,6.714827597048764751e-01,6.509719403864464571e-01,6.726743781436128611e-01,6.919209284976981511e-01,6.919003238798545619e-01,6.726020102139290691e-01,6.935570160384839644e-01,7.162370830219069173e-01,7.163421545806596402e-01,6.926846870429032021e-01,6.733404001868019684e-01,6.924888665056367909e-01,6.987719823318405687e-01,6.942169782416474089e-01,6.644280234916740691e-01,1.000000000000008660e+00,6.916192477475093803e-01,6.934681794408678046e-01,6.514347502943446111e-01,6.643534270505797590e-01,6.725376867041902296e-01,6.744684554568711743e-01,6.726020102139298462e-01,6.919003238798520083e-01,6.919209284976988172e-01,6.726743781436103076e-01,6.926846870429048675e-01,7.163421545806597512e-01,7.162370830219053630e-01,6.935570160384806337e-01,6.942169782416465207e-01,6.987719823318400136e-01,6.924888665056353476e-01,6.733404001868011912e-01,6.934681794408671385e-01,6.916192477475093803e-01,1.000000000000008660e+00,6.644280234916722927e-01,6.744684554568710633e-01,6.725376867041897855e-01,6.643534270505780936e-01,6.514347502943428347e-01,6.509021611730936296e-01,6.695260099952339283e-01,6.695997560764407330e-01,6.509579273037606750e-01,6.695870075188659065e-01,6.926846870429030911e-01,6.935570160384804117e-01,6.701448995502795603e-01,6.703068815007761083e-01,6.942351317908634911e-01,6.733710397213532595e-01,6.380094254048067626e-01,6.696584268438203758e-01,6.934681794408678046e-01,6.644280234916722927e-01,1.000000000000008660e+00,6.509719403864463461e-01,6.714827597048763641e-01,6.475851404759300767e-01,6.144409850371286286e-01,6.327439547299379408e-01,6.508553602892398482e-01,6.508569269210244812e-01,6.327571927827159159e-01,6.509579273037625624e-01,6.726743781436103076e-01,6.726020102139277368e-01,6.509021611730912982e-01,6.522717575834303672e-01,6.751535609366023927e-01,6.741390770764078555e-01,6.515462742702416987e-01,6.144409850371301829e-01,6.514347502943446111e-01,6.744684554568710633e-01,6.509719403864463461e-01,1.000000000000008660e+00,6.143662178340030255e-01,6.515708493193790307e-01,6.327912609749950512e-01,6.508553602892410694e-01,6.694777976776955519e-01,6.694778076350598184e-01,6.508569269210221497e-01,6.695997560764401779e-01,6.919209284976963747e-01,6.919003238798504540e-01,6.695260099952324850e-01,6.721467896264347042e-01,6.941109335056835361e-01,6.941778629700998682e-01,6.710753420044741624e-01,6.475851404759314089e-01,6.643534270505797590e-01,6.725376867041897855e-01,6.714827597048763641e-01,6.143662178340030255e-01,1.000000000000008660e+00,6.370415040438190957e-01,6.515708493193790307e-01,6.508569269210234820e-01,6.694778076350575979e-01,6.694777976776966621e-01,6.508553602892387380e-01,6.695260099952343724e-01,6.919003238798506761e-01,6.919209284976949315e-01,6.695997560764372913e-01,6.710753420044733852e-01,6.941778629700994241e-01,6.941109335056825369e-01,6.721467896264342601e-01,6.714827597048764751e-01,6.725376867041902296e-01,6.643534270505780936e-01,6.475851404759300767e-01,6.515708493193790307e-01,6.370415040438190957e-01,1.000000000000008660e+00,6.143662178340014712e-01,6.327571927827171372e-01,6.508569269210222608e-01,6.508553602892408474e-01,6.327439547299354983e-01,6.509021611730929635e-01,6.726020102139276258e-01,6.726743781436090863e-01,6.509579273037595648e-01,6.515462742702408105e-01,6.741390770764076334e-01,6.751535609366015045e-01,6.522717575834297010e-01,6.509719403864464571e-01,6.744684554568711743e-01,6.514347502943428347e-01,6.144409850371286286e-01,6.327912609749950512e-01,6.515708493193790307e-01,6.143662178340014712e-01,1.000000000000008660e+00
1.000000000000017097e+00,7.504317721669697683e-01,7.660710470378464532e-01,7.266920580406648345e-01,7.504347042865751050e-01,7.959897546423750914e-01,8.035926224592981892e-01,7.648681753879115197e-01,7.671360173066785748e-01,8.042819973754408158e-01,8.024648475481451770e-01,7.657633470679457988e-01,7.650210566534836332e-01,8.009674453982884579e-01,8.008339303804943299e-01,7.648693486451969559e-01,7.266206591011791227e-01,7.649145335861599060e-01,7.649355690583214962e-01,7.266684526834473745e-01,7.504317721669697683e-01,1.000000000000017097e+00,7.952212875031019479e-01,7.660710470378404580e-01,7.991509385361864615e-01,8.373759143419508000e-01,8.403580034459409154e-01,8.083052327062294484e-01,8.094118266657859273e-01,8.454323358418138756e-01,8.457061365648788076e-01,8.073364962670517286e-01,8.052410867462451716e-01,8.431420305987740171e-01,8.431224083777212330e-01,8.050903818382011412e-01,7.649145335861564643e-01,8.052309978765779253e-01,8.052369701667021484e-01,7.649355690583173883e-01,7.660710470378464532e-01,7.952212875031019479e-01,1.000000000000017097e+00,7.504317721669675478e-01,8.083052327062341114e-01,8.403580034459452452e-01,8.373759143419506890e-01,7.991509385361860174e-01,8.073364962670537270e-01,8.457061365648814721e-01,8.454323358418156520e-01,8.094118266657879257e-01,8.050903818382044719e-01,8.431224083777244527e-01,8.431420305987745722e-01,8.052410867462452826e-01,7.649355690583211631e-01,8.052369701667050350e-01,8.052309978765785914e-01,7.649145335861566863e-01,7.266920580406648345e-01,7.660710470378404580e-01,7.504317721669675478e-01,1.000000000000017097e+00,7.648681753879089662e-01,8.035926224592961908e-01,7.959897546423686521e-01,7.504347042865677775e-01,7.657633470679424681e-01,8.024648475481418464e-01,8.042819973754367080e-01,7.671360173066741339e-01,7.648693486451944024e-01,8.008339303804918874e-01,8.009674453982833509e-01,7.650210566534783041e-01,7.266684526834450430e-01,7.649355690583184986e-01,7.649145335861549100e-01,7.266206591011734606e-01,7.504347042865751050e-01,7.991509385361864615e-01,8.083052327062341114e-01,7.648681753879089662e-01,1.000000000000017097e+00,8.373777675342723992e-01,8.447005187115056435e-01,8.051163487085755133e-01,7.964768563614298413e-01,8.413588524792958712e-01,8.456832984966545785e-01,8.062432180273837456e-01,8.059886572356609324e-01,8.451594502524747421e-01,8.438069044463175628e-01,8.050920763911513234e-01,7.650210566534784151e-01,8.052410867462427291e-01,8.050903818381996979e-01,7.648693486451914048e-01,7.959897546423750914e-01,8.373759143419508000e-01,8.403580034459452452e-01,8.035926224592961908e-01,8.373777675342723992e-01,1.000000000000017097e+00,8.795135529244669792e-01,8.447005187115048663e-01,8.417132607047609349e-01,8.803362744196950862e-01,8.830846754873840077e-01,8.461275531275419537e-01,8.451594502524725216e-01,8.838103842034729096e-01,8.840632203592742044e-01,8.438069044463151203e-01,8.009674453982814635e-01,8.431420305987697983e-01,8.431224083777171252e-01,8.008339303804867804e-01,8.035926224592981892e-01,8.403580034459409154e-01,8.373759143419506890e-01,7.959897546423686521e-01,8.447005187115056435e-01,8.795135529244669792e-01,1.000000000000017097e+00,8.373777675342676252e-01,8.461275531275407324e-01,8.830846754873823423e-01,8.803362744196924217e-01,8.417132607047582704e-01,8.438069044463147872e-01,8.840632203592734273e-01,8.838103842034694679e-01,8.451594502524688579e-01,8.008339303804867804e-01,8.431224083777163480e-01,8.431420305987664676e-01,8.009674453982777997e-01,7.648681753879115197e-01,8.083052327062294484e-01,7.991509385361860174e-01,7.504347042865677775e-01,8.051163487085755133e-01,8.447005187115048663e-01,8.373777675342676252e-01,1.000000000000017097e+00,8.062432180273811921e-01,8.456832984966528022e-01,8.413588524792925405e-01,7.964768563614266217e-01,8.050920763911501021e-01,8.438069044463162305e-01,8.451594502524705232e-01,8.059886572356567136e-01,7.648693486451907386e-01,8.050903818381982546e-01,8.052410867462391764e-01,7.650210566534744183e-01,7.671360173066785748e-01,8.094118266657859273e-01,8.073364962670537270e-01,7.657633470679424681e-01,7.964768563614298413e-01,8.417132607047609349e-01,8.461275531275407324e-01,8.062432180273811921e-01,1.000000000000017097e+00,8.394406572452987048e-01,8.463250219263940277e-01,8.073804559802968406e-01,7.964768563614275099e-01,8.417132607047607129e-01,8.461275531275410655e-01,8.062432180273798599e-01,7.671360173066713584e-01,8.094118266657820415e-01,8.073364962670468437e-01,7.657633470679374721e-01,8.042819973754408158e-01,8.454323358418138756e-01,8.457061365648814721e-01,8.024648475481418464e-01,8.413588524792958712e-01,8.803362744196950862e-01,8.830846754873823423e-01,8.456832984966528022e-01,8.394406572452987048e-01,1.000000000000017097e+00,8.811503171642883769e-01,8.463250219263941387e-01,8.413588524792932066e-01,8.803362744196947531e-01,8.830846754873827864e-01,8.456832984966510258e-01,8.042819973754330443e-01,8.454323358418103229e-01,8.457061365648737006e-01,8.024648475481362953e-01,8.024648475481451770e-01,8.457061365648788076e-01,8.454323358418156520e-01,8.042819973754367080e-01,8.456832984966545785e-01,8.830846754873840077e-01,8.803362744196924217e-01,8.413588524792925405e-01,8.463250219263940277e-01,8.811503171642883769e-01,1.000000000000017097e+00,8.394406572452977056e-01,8.456832984966525801e-01,8.830846754873836746e-01,8.803362744196927547e-01,8.413588524792910972e-01,8.024648475481375165e-01,8.457061365648743667e-01,8.454323358418086576e-01,8.042819973754309348e-01,7.657633470679457988e-01,8.073364962670517286e-01,8.094118266657879257e-01,7.671360173066741339e-01,8.062432180273837456e-01,8.461275531275419537e-01,8.417132607047582704e-01,7.964768563614266217e-01,8.073804559802968406e-01,8.463250219263941387e-01,8.394406572452977056e-01,1.000000000000017097e+00,8.062432180273815252e-01,8.461275531275418427e-01,8.417132607047588255e-01,7.964768563614254004e-01,7.657633470679389154e-01,8.073364962670476208e-01,8.094118266657805982e-01,7.671360173066692489e-01,7.650210566534836332e-01,8.052410867462451716e-01,8.050903818382044719e-01,7.648693486451944024e-01,8.059886572356609324e-01,8.451594502524725216e-01,8.438069044463147872e-01,8.050920763911501021e-01,7.964768563614275099e-01,8.413588524792932066e-01,8.456832984966525801e-01,8.062432180273815252e-01,1.000000000000017097e+00,8.373777675342697346e-01,8.447005187115036451e-01,8.051163487085726267e-01,7.504347042865646689e-01,7.991509385361795781e-01,8.083052327062248965e-01,7.648681753879037482e-01,8.009674453982884579e-01,8.431420305987740171e-01,8.431224083777244527e-01,8.008339303804918874e-01,8.451594502524747421e-01,8.838103842034729096e-01,8.840632203592734273e-01,8.438069044463162305e-01,8.417132607047607129e-01,8.803362744196947531e-01,8.830846754873836746e-01,8.461275531275418427e-01,8.373777675342697346e-01,1.000000000000017097e+00,8.795135529244673123e-01,8.447005187115036451e-01,7.959897546423668757e-01,8.373759143419459150e-01,8.403580034459368076e-01,8.035926224592905287e-01,8.008339303804943299e-01,8.431224083777212330e-01,8.431420305987745722e-01,8.009674453982833509e-01,8.438069044463175628e-01,8.840632203592742044e-01,8.838103842034694679e-01,8.451594502524705232e-01,8.461275531275410655e-01,8.830846754873827864e-01,8.803362744196927547e-01,8.417132607047588255e-01,8.447005187115036451e-01,8.795135529244673123e-01,1.000000000000017097e+00,8.373777675342666260e-01,8.035926224592913059e-01,8.403580034459365855e-01,8.373759143419431394e-01,7.959897546423635450e-01,7.648693486451969559e-01,8.050903818382011412e-01,8.052410867462452826e-01,7.650210566534783041e-01,8.050920763911513234e-01,8.438069044463151203e-01,8.451594502524688579e-01,8.059886572356567136e-01,8.062432180273798599e-01,8.456832984966510258e-01,8.413588524792910972e-01,7.964768563614254004e-01,8.051163487085726267e-01,8.447005187115036451e-01,8.373777675342666260e-01,1.000000000000017097e+00,7.648681753879038592e-01,8.083052327062244524e-01,7.991509385361768025e-01,7.504347042865608941e-01,7.266206591011791227e-01,7.649145335861564643e-01,7.649355690583211631e-01,7.266684526834450430e-01,7.650210566534784151e-01,8.009674453982814635e-01,8.008339303804867804e-01,7.648693486451907386e-01,7.671360173066713584e-01,8.042819973754330443e-01,8.024648475481375165e-01,7.657633470679389154e-01,7.504347042865646689e-01,7.959897546423668757e-01,8.035926224592913059e-01,7.648681753879038592e-01,1.000000000000017097e+00,7.504317721669571117e-01,7.660710470378309100e-01,7.266920580406514008e-01,7.649145335861599060e-01,8.052309978765779253e-01,8.052369701667050350e-01,7.649355690583184986e-01,8.052410867462427291e-01,8.431420305987697983e-01,8.431224083777163480e-01,8.050903818381982546e-01,8.094118266657820415e-01,8.454323358418103229e-01,8.457061365648743667e-01,8.073364962670476208e-01,7.991509385361795781e-01,8.373759143419459150e-01,8.403580034459365855e-01,8.083052327062244524e-01,7.504317721669571117e-01,1.000000000000017097e+00,7.952212875030891803e-01,7.660710470378301329e-01,7.649355690583214962e-01,8.052369701667021484e-01,8.052309978765785914e-01,7.649145335861549100e-01,8.050903818381996979e-01,8.431224083777171252e-01,8.431420305987664676e-01,8.052410867462391764e-01,8.073364962670468437e-01,8.457061365648737006e-01,8.454323358418086576e-01,8.094118266657805982e-01,8.083052327062248965e-01,8.403580034459368076e-01,8.373759143419431394e-01,7.991509385361768025e-01,7.660710470378309100e-01,7.952212875030891803e-01,1.000000000000017097e+00,7.504317721669541141e-01,7.266684526834473745e-01,7.649355690583173883e-01,7.649145335861566863e-01,7.266206591011734606e-01,7.648693486451914048e-01,8.008339303804867804e-01,8.009674453982777997e-01,7.650210566534744183e-01,7.657633470679374721e-01,8.024648475481362953e-01,8.042819973754309348e-01,7.671360173066692489e-01,7.648681753879037482e-01,8.035926224592905287e-01,7.959897546423635450e-01,7.504347042865608941e-01,7.266920580406514008e-01,7.660710470378301329e-01,7.504317721669541141e-01,1.000000000000017097e+00
