1.000000000000000000e+00,1.000000000000000000e+00,1.000000000000000000e+00,1.000000000000000000e+00,1.000000000000000000e+00,1.000000000000000000e+00,1.000000000000000000e+00,1.000000000000000000e+00,1.000000000000000000e+00,1.000000000000000000e+00,1.000000000000000000e+00,1.000000000000000000e+00,1.000000000000000000e+00,1.000000000000000000e+00,1.000000000000000000e+00,1.000000000000000000e+00,1.000000000000000000e+00,1.000000000000000000e+00,1.000000000000000000e+00,1.000000000000000000e+00,1.000000000000000000e+00,1.000000000000000000e+00,1.000000000000000000e+00,1.000000000000000000e+00,1.000000000000000000e+00,1.000000000000000000e+00,1.000000000000000000e+00,1.000000000000000000e+00,1.000000000000000000e+00,1.000000000000000000e+00,1.000000000000000000e+00,1.000000000000000000e+00,1.000000000000000000e+00,1.000000000000000000e+00,1.000000000000000000e+00,1.000000000000000000e+00,1.000000000000000000e+00,1.000000000000000000e+00,1.000000000000000000e+00,1.000000000000000000e+00,1.000000000000000000e+00,1.000000000000000000e+00,1.000000000000000000e+00,1.000000000000000000e+00,1.000000000000000000e+00,1.000000000000000000e+00,1.000000000000000000e+00,1.000000000000000000e+00,1.000000000000000000e+00,1.000000000000000000e+00,1.000000000000000000e+00,1.000000000000000000e+00,1.000000000000000000e+00,1.000000000000000000e+00,1.000000000000000000e+00,1.000000000000000000e+00,1.000000000000000000e+00,1.000000000000000000e+00,1.000000000000000000e+00,1.000000000000000000e+00,1.000000000000000000e+00,1.000000000000000000e+00,1.000000000000000000e+00,1.000000000000000000e+00,1.000000000000000000e+00,1.000000000000000000e+00,1.000000000000000000e+00,1.000000000000000000e+00,1.000000000000000000e+00,1.000000000000000000e+00,1.000000000000000000e+00,1.000000000000000000e+00,1.000000000000000000e+00,1.000000000000000000e+00,1.000000000000000000e+00,1.000000000000000000e+00,1.000000000000000000e+00,1.000000000000000000e+00,1.000000000000000000e+00,1.000000000000000000e+00,1.000000000000000000e+00
1.000000000000000666e+00,8.149713015919100023e-01,8.168455092364848014e-01,8.149713015919101133e-01,8.174835345082881455e-01,8.172615427201002092e-01,8.168455092364846903e-01,8.172615427201003202e-01,8.168615228723681287e-01,8.149713015919100023e-01,1.000000000000000666e+00,8.149713015919098913e-01,8.174460097263810399e-01,8.158319851068304152e-01,8.174460097263808178e-01,8.172615427201003202e-01,8.176661310441456498e-01,8.172615427201002092e-01,8.168455092364848014e-01,8.149713015919098913e-01,1.000000000000000666e+00,8.172615427201003202e-01,8.174835345082880345e-01,8.149713015919100023e-01,8.168615228723682398e-01,8.172615427201003202e-01,8.168455092364846903e-01,8.149713015919101133e-01,8.174460097263810399e-01,8.172615427201003202e-01,1.000000000000000666e+00,8.158319851068305262e-01,8.176661310441455388e-01,8.149713015919100023e-01,8.174460097263810399e-01,8.172615427201003202e-01,8.174835345082881455e-01,8.158319851068304152e-01,8.174835345082880345e-01,8.158319851068305262e-01,1.000000000000000666e+00,8.158319851068303041e-01,8.174835345082881455e-01,8.158319851068306372e-01,8.174835345082881455e-01,8.172615427201002092e-01,8.174460097263808178e-01,8.149713015919100023e-01,8.176661310441455388e-01,8.158319851068303041e-01,1.000000000000000666e+00,8.172615427201000982e-01,8.174460097263809288e-01,8.149713015919097803e-01,8.168455092364846903e-01,8.172615427201003202e-01,8.168615228723682398e-01,8.149713015919100023e-01,8.174835345082881455e-01,8.172615427201000982e-01,1.000000000000000666e+00,8.149713015919100023e-01,8.168455092364846903e-01,8.172615427201003202e-01,8.176661310441456498e-01,8.172615427201003202e-01,8.174460097263810399e-01,8.158319851068306372e-01,8.174460097263809288e-01,8.149713015919100023e-01,1.000000000000000666e+00,8.149713015919100023e-01,8.168615228723681287e-01,8.172615427201002092e-01,8.168455092364846903e-01,8.172615427201003202e-01,8.174835345082881455e-01,8.149713015919097803e-01,8.168455092364846903e-01,8.149713015919100023e-01,1.000000000000000666e+00
1.000000000000000888e+00,5.828625001889066182e-01,6.092215546372976576e-01,5.828625001889065071e-01,6.225156662196218438e-01,6.162052793962791153e-01,6.092215546372975465e-01,6.162052793962790043e-01,6.080953292324482451e-01,5.828625001889066182e-01,1.000000000000000888e+00,5.828625001889065071e-01,6.220777149137686202e-01,6.023998652206272730e-01,6.220777149137690643e-01,6.162052793962792263e-01,6.252318508423537757e-01,6.162052793962791153e-01,6.092215546372976576e-01,5.828625001889065071e-01,1.000000000000000888e+00,6.162052793962788932e-01,6.225156662196217328e-01,5.828625001889066182e-01,6.080953292324484671e-01,6.162052793962790043e-01,6.092215546372975465e-01,5.828625001889065071e-01,6.220777149137686202e-01,6.162052793962788932e-01,1.000000000000000888e+00,6.023998652206270510e-01,6.252318508423536647e-01,5.828625001889063961e-01,6.220777149137687312e-01,6.162052793962787822e-01,6.225156662196218438e-01,6.023998652206272730e-01,6.225156662196217328e-01,6.023998652206270510e-01,1.000000000000000888e+00,6.023998652206271620e-01,6.225156662196218438e-01,6.023998652206271620e-01,6.225156662196216217e-01,6.162052793962791153e-01,6.220777149137690643e-01,5.828625001889066182e-01,6.252318508423536647e-01,6.023998652206271620e-01,1.000000000000000888e+00,6.162052793962792263e-01,6.220777149137690643e-01,5.828625001889065071e-01,6.092215546372975465e-01,6.162052793962792263e-01,6.080953292324484671e-01,5.828625001889063961e-01,6.225156662196218438e-01,6.162052793962792263e-01,1.000000000000000888e+00,5.828625001889067292e-01,6.092215546372976576e-01,6.162052793962790043e-01,6.252318508423537757e-01,6.162052793962790043e-01,6.220777149137687312e-01,6.023998652206271620e-01,6.220777149137690643e-01,5.828625001889067292e-01,1.000000000000000888e+00,5.828625001889065071e-01,6.080953292324482451e-01,6.162052793962791153e-01,6.092215546372975465e-01,6.162052793962787822e-01,6.225156662196216217e-01,5.828625001889065071e-01,6.092215546372976576e-01,5.828625001889065071e-01,1.000000000000000888e+00
1.000000000000001332e+00,6.847634287199482195e-01,6.873873016443949879e-01,6.847634287199475533e-01,7.206892460282350310e-01,7.040107149784522456e-01,6.873873016443952100e-01,7.040107149784520235e-01,6.845623781941201358e-01,6.847634287199482195e-01,1.000000000000001332e+00,6.847634287199479974e-01,7.210603739239417331e-01,7.293787772245178269e-01,7.210603739239422882e-01,7.040107149784522456e-01,7.249764889340366558e-01,7.040107149784519125e-01,6.873873016443949879e-01,6.847634287199479974e-01,1.000000000000001332e+00,7.040107149784516904e-01,7.206892460282348090e-01,6.847634287199479974e-01,6.845623781941204689e-01,7.040107149784519125e-01,6.873873016443948769e-01,6.847634287199475533e-01,7.210603739239417331e-01,7.040107149784516904e-01,1.000000000000001332e+00,7.293787772245174938e-01,7.249764889340363228e-01,6.847634287199478864e-01,7.210603739239419552e-01,7.040107149784514684e-01,7.206892460282350310e-01,7.293787772245178269e-01,7.206892460282348090e-01,7.293787772245174938e-01,1.000000000000001332e+00,7.293787772245179379e-01,7.206892460282351420e-01,7.293787772245179379e-01,7.206892460282348090e-01,7.040107149784522456e-01,7.210603739239422882e-01,6.847634287199479974e-01,7.249764889340363228e-01,7.293787772245179379e-01,1.000000000000001332e+00,7.040107149784523566e-01,7.210603739239422882e-01,6.847634287199479974e-01,6.873873016443952100e-01,7.040107149784522456e-01,6.845623781941204689e-01,6.847634287199478864e-01,7.206892460282351420e-01,7.040107149784523566e-01,1.000000000000001332e+00,6.847634287199481085e-01,6.873873016443949879e-01,7.040107149784520235e-01,7.249764889340366558e-01,7.040107149784519125e-01,7.210603739239419552e-01,7.293787772245179379e-01,7.210603739239422882e-01,6.847634287199481085e-01,1.000000000000001332e+00,6.847634287199477754e-01,6.845623781941201358e-01,7.040107149784519125e-01,6.873873016443948769e-01,7.040107149784514684e-01,7.206892460282348090e-01,6.847634287199479974e-01,6.873873016443949879e-01,6.847634287199477754e-01,1.000000000000001332e+00
1.000000000000001776e+00,9.425478570586273142e-01,9.259845368281417466e-01,9.425478570586270921e-01,9.479869065358149660e-01,9.384124304564728236e-01,9.259845368281418576e-01,9.384124304564724905e-01,9.255265230942886223e-01,9.425478570586273142e-01,1.000000000000001776e+00,9.425478570586272031e-01,9.515557860450137850e-01,9.649242944434184288e-01,9.515557860450142291e-01,9.384124304564727126e-01,9.517435468726042069e-01,9.384124304564724905e-01,9.259845368281417466e-01,9.425478570586272031e-01,1.000000000000001776e+00,9.384124304564722685e-01,9.479869065358148550e-01,9.425478570586274252e-01,9.255265230942887333e-01,9.384124304564724905e-01,9.259845368281416356e-01,9.425478570586270921e-01,9.515557860450137850e-01,9.384124304564722685e-01,1.000000000000001776e+00,9.649242944434180957e-01,9.517435468726042069e-01,9.425478570586272031e-01,9.515557860450136740e-01,9.384124304564721575e-01,9.479869065358149660e-01,9.649242944434184288e-01,9.479869065358148550e-01,9.649242944434180957e-01,1.000000000000001776e+00,9.649242944434185398e-01,9.479869065358151881e-01,9.649242944434184288e-01,9.479869065358147440e-01,9.384124304564728236e-01,9.515557860450142291e-01,9.425478570586274252e-01,9.517435468726042069e-01,9.649242944434185398e-01,1.000000000000001776e+00,9.384124304564729346e-01,9.515557860450142291e-01,9.425478570586274252e-01,9.259845368281418576e-01,9.384124304564727126e-01,9.255265230942887333e-01,9.425478570586272031e-01,9.479869065358151881e-01,9.384124304564729346e-01,1.000000000000001776e+00,9.425478570586275362e-01,9.259845368281418576e-01,9.384124304564724905e-01,9.517435468726042069e-01,9.384124304564724905e-01,9.515557860450136740e-01,9.649242944434184288e-01,9.515557860450142291e-01,9.425478570586275362e-01,1.000000000000001776e+00,9.425478570586273142e-01,9.255265230942886223e-01,9.384124304564724905e-01,9.259845368281416356e-01,9.384124304564721575e-01,9.479869065358147440e-01,9.425478570586274252e-01,9.259845368281418576e-01,9.425478570586273142e-01,1.000000000000001776e+00
1.000000000000001776e+00,9.518869532753260199e-01,9.629657814470139465e-01,9.518869532753264640e-01,9.287398018442544201e-01,9.486180905749602710e-01,9.629657814470136135e-01,9.486180905749602710e-01,9.627468128349679910e-01,9.518869532753260199e-01,1.000000000000001776e+00,9.518869532753262419e-01,9.346788295267114410e-01,9.187920991919665825e-01,9.346788295267111080e-01,9.486180905749601600e-01,9.346789561844431882e-01,9.486180905749602710e-01,9.629657814470139465e-01,9.518869532753262419e-01,1.000000000000001776e+00,9.486180905749607151e-01,9.287398018442545311e-01,9.518869532753262419e-01,9.627468128349678800e-01,9.486180905749604930e-01,9.629657814470139465e-01,9.518869532753264640e-01,9.346788295267114410e-01,9.486180905749607151e-01,1.000000000000001776e+00,9.187920991919668046e-01,9.346789561844432992e-01,9.518869532753264640e-01,9.346788295267114410e-01,9.486180905749606040e-01,9.287398018442544201e-01,9.187920991919665825e-01,9.287398018442545311e-01,9.187920991919668046e-01,1.000000000000001776e+00,9.187920991919665825e-01,9.287398018442543091e-01,9.187920991919666935e-01,9.287398018442545311e-01,9.486180905749602710e-01,9.346788295267111080e-01,9.518869532753262419e-01,9.346789561844432992e-01,9.187920991919665825e-01,1.000000000000001776e+00,9.486180905749602710e-01,9.346788295267111080e-01,9.518869532753261309e-01,9.629657814470136135e-01,9.486180905749601600e-01,9.627468128349678800e-01,9.518869532753264640e-01,9.287398018442543091e-01,9.486180905749602710e-01,1.000000000000001776e+00,9.518869532753261309e-01,9.629657814470137245e-01,9.486180905749602710e-01,9.346789561844431882e-01,9.486180905749604930e-01,9.346788295267114410e-01,9.187920991919666935e-01,9.346788295267111080e-01,9.518869532753261309e-01,1.000000000000001776e+00,9.518869532753262419e-01,9.627468128349679910e-01,9.486180905749602710e-01,9.629657814470139465e-01,9.486180905749606040e-01,9.287398018442545311e-01,9.518869532753261309e-01,9.629657814470137245e-01,9.518869532753262419e-01,1.000000000000001776e+00
1.000000000000001110e+00,6.881389490970900580e-01,7.280175273145317316e-01,6.881389490970906131e-01,6.864316220921969913e-01,7.070792918600627974e-01,7.280175273145315096e-01,7.070792918600630195e-01,7.299618290328058201e-01,6.881389490970900580e-01,1.000000000000001110e+00,6.881389490970900580e-01,6.866088362432932746e-01,6.376199893457999979e-01,6.866088362432924974e-01,7.070792918600627974e-01,6.843818726459327539e-01,7.070792918600632415e-01,7.280175273145317316e-01,6.881389490970900580e-01,1.000000000000001110e+00,7.070792918600636856e-01,6.864316220921972134e-01,6.881389490970899470e-01,7.299618290328054870e-01,7.070792918600631305e-01,7.280175273145319537e-01,6.881389490970906131e-01,6.866088362432932746e-01,7.070792918600636856e-01,1.000000000000001110e+00,6.376199893458006640e-01,6.843818726459330870e-01,6.881389490970901690e-01,6.866088362432930525e-01,7.070792918600636856e-01,6.864316220921969913e-01,6.376199893457999979e-01,6.864316220921972134e-01,6.376199893458006640e-01,1.000000000000001110e+00,6.376199893457997758e-01,6.864316220921968803e-01,6.376199893458001089e-01,6.864316220921972134e-01,7.070792918600627974e-01,6.866088362432924974e-01,6.881389490970899470e-01,6.843818726459330870e-01,6.376199893457997758e-01,1.000000000000001110e+00,7.070792918600625754e-01,6.866088362432924974e-01,6.881389490970897249e-01,7.280175273145315096e-01,7.070792918600627974e-01,7.299618290328054870e-01,6.881389490970901690e-01,6.864316220921968803e-01,7.070792918600625754e-01,1.000000000000001110e+00,6.881389490970897249e-01,7.280175273145317316e-01,7.070792918600630195e-01,6.843818726459327539e-01,7.070792918600631305e-01,6.866088362432930525e-01,6.376199893458001089e-01,6.866088362432924974e-01,6.881389490970897249e-01,1.000000000000001110e+00,6.881389490970901690e-01,7.299618290328058201e-01,7.070792918600632415e-01,7.280175273145319537e-01,7.070792918600636856e-01,6.864316220921972134e-01,6.881389490970897249e-01,7.280175273145317316e-01,6.881389490970901690e-01,1.000000000000001110e+00
1.000000000000001332e+00,5.229329049873718827e-01,5.628022938310464074e-01,5.229329049873725488e-01,5.703766012902091731e-01,5.641312280500063725e-01,5.628022938310461853e-01,5.641312280500065945e-01,5.619086349684074833e-01,5.229329049873718827e-01,1.000000000000001332e+00,5.229329049873721047e-01,5.633925535849579891e-01,5.354488624014788201e-01,5.633925535849577670e-01,5.641312280500061505e-01,5.680194182998616892e-01,5.641312280500062615e-01,5.628022938310464074e-01,5.229329049873721047e-01,1.000000000000001332e+00,5.641312280500070386e-01,5.703766012902091731e-01,5.229329049873723267e-01,5.619086349684075943e-01,5.641312280500068166e-01,5.628022938310464074e-01,5.229329049873725488e-01,5.633925535849579891e-01,5.641312280500070386e-01,1.000000000000001332e+00,5.354488624014792642e-01,5.680194182998619112e-01,5.229329049873724378e-01,5.633925535849582111e-01,5.641312280500065945e-01,5.703766012902091731e-01,5.354488624014788201e-01,5.703766012902091731e-01,5.354488624014792642e-01,1.000000000000001332e+00,5.354488624014790421e-01,5.703766012902090621e-01,5.354488624014791531e-01,5.703766012902089511e-01,5.641312280500063725e-01,5.633925535849577670e-01,5.229329049873723267e-01,5.680194182998619112e-01,5.354488624014790421e-01,1.000000000000001332e+00,5.641312280500062615e-01,5.633925535849579891e-01,5.229329049873719937e-01,5.628022938310461853e-01,5.641312280500061505e-01,5.619086349684075943e-01,5.229329049873724378e-01,5.703766012902090621e-01,5.641312280500062615e-01,1.000000000000001332e+00,5.229329049873722157e-01,5.628022938310460743e-01,5.641312280500065945e-01,5.680194182998616892e-01,5.641312280500068166e-01,5.633925535849582111e-01,5.354488624014791531e-01,5.633925535849579891e-01,5.229329049873722157e-01,1.000000000000001332e+00,5.229329049873722157e-01,5.619086349684074833e-01,5.641312280500062615e-01,5.628022938310464074e-01,5.641312280500065945e-01,5.703766012902089511e-01,5.229329049873719937e-01,5.628022938310460743e-01,5.229329049873722157e-01,1.000000000000001332e+00
1.000000000000001332e+00,6.676301320505061421e-01,6.579945256716888125e-01,6.676301320505065862e-01,7.266275409118997386e-01,6.894016229219223080e-01,6.579945256716890345e-01,6.894016229219223080e-01,6.508201771107869904e-01,6.676301320505061421e-01,1.000000000000001332e+00,6.676301320505063641e-01,7.261314352159012886e-01,7.598121339700717458e-01,7.261314352159015106e-01,6.894016229219217529e-01,7.327854510658166065e-01,6.894016229219215308e-01,6.579945256716888125e-01,6.676301320505063641e-01,1.000000000000001332e+00,6.894016229219226410e-01,7.266275409119001827e-01,6.676301320505071413e-01,6.508201771107875455e-01,6.894016229219224190e-01,6.579945256716890345e-01,6.676301320505065862e-01,7.261314352159012886e-01,6.894016229219226410e-01,1.000000000000001332e+00,7.598121339700720789e-01,7.327854510658170506e-01,6.676301320505066972e-01,7.261314352159018437e-01,6.894016229219217529e-01,7.266275409118997386e-01,7.598121339700717458e-01,7.266275409119001827e-01,7.598121339700720789e-01,1.000000000000001332e+00,7.598121339700723009e-01,7.266275409118999606e-01,7.598121339700724119e-01,7.266275409118995166e-01,6.894016229219223080e-01,7.261314352159015106e-01,6.676301320505071413e-01,7.327854510658170506e-01,7.598121339700723009e-01,1.000000000000001332e+00,6.894016229219224190e-01,7.261314352159021768e-01,6.676301320505064751e-01,6.579945256716890345e-01,6.894016229219217529e-01,6.508201771107875455e-01,6.676301320505066972e-01,7.266275409118999606e-01,6.894016229219224190e-01,1.000000000000001332e+00,6.676301320505070303e-01,6.579945256716888125e-01,6.894016229219223080e-01,7.327854510658166065e-01,6.894016229219224190e-01,7.261314352159018437e-01,7.598121339700724119e-01,7.261314352159021768e-01,6.676301320505070303e-01,1.000000000000001332e+00,6.676301320505064751e-01,6.508201771107869904e-01,6.894016229219215308e-01,6.579945256716890345e-01,6.894016229219217529e-01,7.266275409118995166e-01,6.676301320505064751e-01,6.579945256716888125e-01,6.676301320505064751e-01,1.000000000000001332e+00
1.000000000000002220e+00,9.194291684623564498e-01,8.810473186669062207e-01,9.194291684623566718e-01,9.356417131724722447e-01,9.175000441976911558e-01,8.810473186669062207e-01,9.175000441976911558e-01,8.796430125705662073e-01,9.194291684623564498e-01,1.000000000000002220e+00,9.194291684623565608e-01,9.570665212681114253e-01,9.769428518891217772e-01,9.570665212681115364e-01,9.175000441976908228e-01,9.574002022539903622e-01,9.175000441976902676e-01,8.810473186669062207e-01,9.194291684623565608e-01,1.000000000000002220e+00,9.175000441976911558e-01,9.356417131724721337e-01,9.194291684623571159e-01,8.796430125705668734e-01,9.175000441976913779e-01,8.810473186669061096e-01,9.194291684623566718e-01,9.570665212681114253e-01,9.175000441976911558e-01,1.000000000000002220e+00,9.769428518891221103e-01,9.574002022539909174e-01,9.194291684623566718e-01,9.570665212681118694e-01,9.175000441976904897e-01,9.356417131724722447e-01,9.769428518891217772e-01,9.356417131724721337e-01,9.769428518891221103e-01,1.000000000000002220e+00,9.769428518891226654e-01,9.356417131724722447e-01,9.769428518891223323e-01,9.356417131724716896e-01,9.175000441976911558e-01,9.570665212681115364e-01,9.194291684623571159e-01,9.574002022539909174e-01,9.769428518891226654e-01,1.000000000000002220e+00,9.175000441976913779e-01,9.570665212681120915e-01,9.194291684623565608e-01,8.810473186669062207e-01,9.175000441976908228e-01,8.796430125705668734e-01,9.194291684623566718e-01,9.356417131724722447e-01,9.175000441976913779e-01,1.000000000000002220e+00,9.194291684623568939e-01,8.810473186669058876e-01,9.175000441976911558e-01,9.574002022539903622e-01,9.175000441976913779e-01,9.570665212681118694e-01,9.769428518891223323e-01,9.570665212681120915e-01,9.194291684623568939e-01,1.000000000000002220e+00,9.194291684623563388e-01,8.796430125705662073e-01,9.175000441976902676e-01,8.810473186669061096e-01,9.175000441976904897e-01,9.356417131724716896e-01,9.194291684623565608e-01,8.810473186669058876e-01,9.194291684623563388e-01,1.000000000000002220e+00
1.000000000000002887e+00,9.458720372183324621e-01,9.649881221445782975e-01,9.458720372183319069e-01,8.881239637930072872e-01,9.454004611131735514e-01,9.649881221445784085e-01,9.454004611131735514e-01,9.641292548998651180e-01,9.458720372183324621e-01,1.000000000000002887e+00,9.458720372183322400e-01,9.264568978126904719e-01,8.739334816429176200e-01,9.264568978126900278e-01,9.454004611131741065e-01,9.276772115662945684e-01,9.454004611131741065e-01,9.649881221445782975e-01,9.458720372183322400e-01,1.000000000000002887e+00,9.454004611131735514e-01,8.881239637930072872e-01,9.458720372183315739e-01,9.641292548998650069e-01,9.454004611131734404e-01,9.649881221445781865e-01,9.458720372183319069e-01,9.264568978126904719e-01,9.454004611131735514e-01,1.000000000000002887e+00,8.739334816429175090e-01,9.276772115662940132e-01,9.458720372183319069e-01,9.264568978126898058e-01,9.454004611131736624e-01,8.881239637930072872e-01,8.739334816429176200e-01,8.881239637930072872e-01,8.739334816429175090e-01,1.000000000000002887e+00,8.739334816429173980e-01,8.881239637930072872e-01,8.739334816429172870e-01,8.881239637930072872e-01,9.454004611131735514e-01,9.264568978126900278e-01,9.458720372183315739e-01,9.276772115662940132e-01,8.739334816429173980e-01,1.000000000000002887e+00,9.454004611131733293e-01,9.264568978126894727e-01,9.458720372183315739e-01,9.649881221445784085e-01,9.454004611131741065e-01,9.641292548998650069e-01,9.458720372183319069e-01,8.881239637930072872e-01,9.454004611131733293e-01,1.000000000000002887e+00,9.458720372183317959e-01,9.649881221445782975e-01,9.454004611131735514e-01,9.276772115662945684e-01,9.454004611131734404e-01,9.264568978126898058e-01,8.739334816429172870e-01,9.264568978126894727e-01,9.458720372183317959e-01,1.000000000000002887e+00,9.458720372183317959e-01,9.641292548998651180e-01,9.454004611131741065e-01,9.649881221445781865e-01,9.454004611131736624e-01,8.881239637930072872e-01,9.458720372183315739e-01,9.649881221445782975e-01,9.458720372183317959e-01,1.000000000000002887e+00
1.000000000000003553e+00,7.267285990355629721e-01,7.959463052322844900e-01,7.267285990355619729e-01,6.441659605680271072e-01,7.292974666993808919e-01,7.959463052322846011e-01,7.292974666993814470e-01,7.960078787143803902e-01,7.267285990355629721e-01,1.000000000000003553e+00,7.267285990355628611e-01,6.690480173697717081e-01,5.653825524233645483e-01,6.690480173697710420e-01,7.292974666993827793e-01,6.660318010736177019e-01,7.292974666993834454e-01,7.959463052322844900e-01,7.267285990355628611e-01,1.000000000000003553e+00,7.292974666993818911e-01,6.441659605680272183e-01,7.267285990355611958e-01,7.960078787143796131e-01,7.292974666993814470e-01,7.959463052322850452e-01,7.267285990355619729e-01,6.690480173697717081e-01,7.292974666993818911e-01,1.000000000000003553e+00,5.653825524233635491e-01,6.660318010736162586e-01,7.267285990355618619e-01,6.690480173697703759e-01,7.292974666993823352e-01,6.441659605680271072e-01,5.653825524233645483e-01,6.441659605680272183e-01,5.653825524233635491e-01,1.000000000000003553e+00,5.653825524233625499e-01,6.441659605680273293e-01,5.653825524233631050e-01,6.441659605680278844e-01,7.292974666993808919e-01,6.690480173697710420e-01,7.267285990355611958e-01,6.660318010736162586e-01,5.653825524233625499e-01,1.000000000000003553e+00,7.292974666993810029e-01,6.690480173697698207e-01,7.267285990355616399e-01,7.959463052322846011e-01,7.292974666993827793e-01,7.960078787143796131e-01,7.267285990355618619e-01,6.441659605680273293e-01,7.292974666993810029e-01,1.000000000000003553e+00,7.267285990355616399e-01,7.959463052322851562e-01,7.292974666993814470e-01,6.660318010736177019e-01,7.292974666993814470e-01,6.690480173697703759e-01,5.653825524233631050e-01,6.690480173697698207e-01,7.267285990355616399e-01,1.000000000000003553e+00,7.267285990355621950e-01,7.960078787143803902e-01,7.292974666993834454e-01,7.959463052322850452e-01,7.292974666993823352e-01,6.441659605680278844e-01,7.267285990355616399e-01,7.959463052322851562e-01,7.267285990355621950e-01,1.000000000000003553e+00
1.000000000000003553e+00,5.002649355440916823e-01,5.952894836562665493e-01,5.002649355440905721e-01,5.224188040014922096e-01,5.523230307884483548e-01,5.952894836562665493e-01,5.523230307884491319e-01,6.011289116700226920e-01,5.002649355440916823e-01,1.000000000000003553e+00,5.002649355440919043e-01,5.126165491554530718e-01,3.970088570733016353e-01,5.126165491554521836e-01,5.523230307884505752e-01,5.104388931163057475e-01,5.523230307884512413e-01,5.952894836562665493e-01,5.002649355440919043e-01,1.000000000000003553e+00,5.523230307884495760e-01,5.224188040014924317e-01,5.002649355440899059e-01,6.011289116700221369e-01,5.523230307884493540e-01,5.952894836562673264e-01,5.002649355440905721e-01,5.126165491554530718e-01,5.523230307884495760e-01,1.000000000000003553e+00,3.970088570733004696e-01,5.104388931163044152e-01,5.002649355440909051e-01,5.126165491554519615e-01,5.523230307884503532e-01,5.224188040014922096e-01,3.970088570733016353e-01,5.224188040014924317e-01,3.970088570733004696e-01,1.000000000000003553e+00,3.970088570732995814e-01,5.224188040014924317e-01,3.970088570733000255e-01,5.224188040014932088e-01,5.523230307884483548e-01,5.126165491554521836e-01,5.002649355440899059e-01,5.104388931163044152e-01,3.970088570732995814e-01,1.000000000000003553e+00,5.523230307884489099e-01,5.126165491554510734e-01,5.002649355440907941e-01,5.952894836562665493e-01,5.523230307884505752e-01,6.011289116700221369e-01,5.002649355440909051e-01,5.224188040014924317e-01,5.523230307884489099e-01,1.000000000000003553e+00,5.002649355440904611e-01,5.952894836562674374e-01,5.523230307884491319e-01,5.104388931163057475e-01,5.523230307884493540e-01,5.126165491554519615e-01,3.970088570733000255e-01,5.126165491554510734e-01,5.002649355440904611e-01,1.000000000000003553e+00,5.002649355440913492e-01,6.011289116700226920e-01,5.523230307884512413e-01,5.952894836562673264e-01,5.523230307884503532e-01,5.224188040014932088e-01,5.002649355440907941e-01,5.952894836562674374e-01,5.002649355440913492e-01,1.000000000000003553e+00
1.000000000000003109e+00,5.021536882572991134e-01,5.450958392470600655e-01,5.021536882572983362e-01,5.850735163790417026e-01,5.509590053335529092e-01,5.450958392470603986e-01,5.509590053335533533e-01,5.404278687580615914e-01,5.021536882572991134e-01,1.000000000000003109e+00,5.021536882572996685e-01,5.596507677752418086e-01,5.557726002623204486e-01,5.596507677752415866e-01,5.509590053335546855e-01,5.690648043523056643e-01,5.509590053335549076e-01,5.450958392470600655e-01,5.021536882572996685e-01,1.000000000000003109e+00,5.509590053335539084e-01,5.850735163790421467e-01,5.021536882572986693e-01,5.404278687580618135e-01,5.509590053335536863e-01,5.450958392470610647e-01,5.021536882572983362e-01,5.596507677752418086e-01,5.509590053335539084e-01,1.000000000000003109e+00,5.557726002623198935e-01,5.690648043523047761e-01,5.021536882572994465e-01,5.596507677752413645e-01,5.509590053335544635e-01,5.850735163790417026e-01,5.557726002623204486e-01,5.850735163790421467e-01,5.557726002623198935e-01,1.000000000000003109e+00,5.557726002623195605e-01,5.850735163790423687e-01,5.557726002623198935e-01,5.850735163790427018e-01,5.509590053335529092e-01,5.596507677752415866e-01,5.021536882572986693e-01,5.690648043523047761e-01,5.557726002623195605e-01,1.000000000000003109e+00,5.509590053335537974e-01,5.596507677752406984e-01,5.021536882572994465e-01,5.450958392470603986e-01,5.509590053335546855e-01,5.404278687580618135e-01,5.021536882572994465e-01,5.850735163790423687e-01,5.509590053335537974e-01,1.000000000000003109e+00,5.021536882572992244e-01,5.450958392470612868e-01,5.509590053335533533e-01,5.690648043523056643e-01,5.509590053335536863e-01,5.596507677752413645e-01,5.557726002623198935e-01,5.596507677752406984e-01,5.021536882572992244e-01,1.000000000000003109e+00,5.021536882572996685e-01,5.404278687580615914e-01,5.509590053335549076e-01,5.450958392470610647e-01,5.509590053335544635e-01,5.850735163790427018e-01,5.021536882572994465e-01,5.450958392470612868e-01,5.021536882572996685e-01,1.000000000000003109e+00
1.000000000000003553e+00,7.011552725676397646e-01,6.567221658612467650e-01,7.011552725676395426e-01,7.750503822179466429e-01,7.115710461332508396e-01,6.567221658612474311e-01,7.115710461332503955e-01,6.444055555760511700e-01,7.011552725676397646e-01,1.000000000000003553e+00,7.011552725676406528e-01,7.831736651067485733e-01,8.541958496600002837e-01,7.831736651067492394e-01,7.115710461332517278e-01,7.895474914617325313e-01,7.115710461332512837e-01,6.567221658612467650e-01,7.011552725676406528e-01,1.000000000000003553e+00,7.115710461332512837e-01,7.750503822179475311e-01,7.011552725676408748e-01,6.444055555760522802e-01,7.115710461332511727e-01,6.567221658612480972e-01,7.011552725676395426e-01,7.831736651067485733e-01,7.115710461332512837e-01,1.000000000000003553e+00,8.541958496600003947e-01,7.895474914617325313e-01,7.011552725676410969e-01,7.831736651067489063e-01,7.115710461332511727e-01,7.750503822179466429e-01,8.541958496600002837e-01,7.750503822179475311e-01,8.541958496600003947e-01,1.000000000000003553e+00,8.541958496600006168e-01,7.750503822179481972e-01,8.541958496600003947e-01,7.750503822179477531e-01,7.115710461332508396e-01,7.831736651067492394e-01,7.011552725676408748e-01,7.895474914617325313e-01,8.541958496600006168e-01,1.000000000000003553e+00,7.115710461332519499e-01,7.831736651067493504e-01,7.011552725676412079e-01,6.567221658612474311e-01,7.115710461332517278e-01,6.444055555760522802e-01,7.011552725676410969e-01,7.750503822179481972e-01,7.115710461332519499e-01,1.000000000000003553e+00,7.011552725676414299e-01,6.567221658612485413e-01,7.115710461332503955e-01,7.895474914617325313e-01,7.115710461332511727e-01,7.831736651067489063e-01,8.541958496600003947e-01,7.831736651067493504e-01,7.011552725676414299e-01,1.000000000000003553e+00,7.011552725676410969e-01,6.444055555760511700e-01,7.115710461332512837e-01,6.567221658612480972e-01,7.115710461332511727e-01,7.750503822179477531e-01,7.011552725676412079e-01,6.567221658612485413e-01,7.011552725676410969e-01,1.000000000000003553e+00
1.000000000000002887e+00,8.839303543805456798e-01,8.134317688923710099e-01,8.839303543805461238e-01,8.788249136742992684e-01,8.839559810589706634e-01,8.134317688923713430e-01,8.839559810589701083e-01,8.135876036016596036e-01,8.839303543805456798e-01,1.000000000000002887e+00,8.839303543805466790e-01,9.623595418580733751e-01,9.541165197479378746e-01,9.623595418580740413e-01,8.839559810589711075e-01,9.623494916304570213e-01,8.839559810589703304e-01,8.134317688923710099e-01,8.839303543805466790e-01,1.000000000000002887e+00,8.839559810589708855e-01,8.788249136742999346e-01,8.839303543805474561e-01,8.135876036016612689e-01,8.839559810589711075e-01,8.134317688923714540e-01,8.839303543805461238e-01,9.623595418580733751e-01,8.839559810589708855e-01,1.000000000000002887e+00,9.541165197479382076e-01,9.623494916304576874e-01,8.839303543805473451e-01,9.623595418580739302e-01,8.839559810589705524e-01,8.788249136742992684e-01,9.541165197479378746e-01,8.788249136742999346e-01,9.541165197479382076e-01,1.000000000000002887e+00,9.541165197479386517e-01,8.788249136743003787e-01,9.541165197479382076e-01,8.788249136742996015e-01,8.839559810589706634e-01,9.623595418580740413e-01,8.839303543805474561e-01,9.623494916304576874e-01,9.541165197479386517e-01,1.000000000000002887e+00,8.839559810589719957e-01,9.623595418580744854e-01,8.839303543805470120e-01,8.134317688923713430e-01,8.839559810589711075e-01,8.135876036016612689e-01,8.839303543805473451e-01,8.788249136743003787e-01,8.839559810589719957e-01,1.000000000000002887e+00,8.839303543805474561e-01,8.134317688923718981e-01,8.839559810589701083e-01,9.623494916304570213e-01,8.839559810589711075e-01,9.623595418580739302e-01,9.541165197479382076e-01,9.623595418580744854e-01,8.839303543805474561e-01,1.000000000000002887e+00,8.839303543805466790e-01,8.135876036016596036e-01,8.839559810589703304e-01,8.134317688923714540e-01,8.839559810589705524e-01,8.788249136742996015e-01,8.839303543805470120e-01,8.134317688923718981e-01,8.839303543805466790e-01,1.000000000000002887e+00
1.000000000000002220e+00,8.679554625525709444e-01,8.707510030927060329e-01,8.679554625525711664e-01,7.234293423079395380e-01,8.716364549983429688e-01,8.707510030927061440e-01,8.716364549983431909e-01,8.723946978355660020e-01,8.679554625525709444e-01,1.000000000000002220e+00,8.679554625525710554e-01,8.687848746098132402e-01,7.157164212784500323e-01,8.687848746098131292e-01,8.716364549983434129e-01,8.731869719104586869e-01,8.716364549983427468e-01,8.707510030927060329e-01,8.679554625525710554e-01,1.000000000000002220e+00,8.716364549983434129e-01,7.234293423079397600e-01,8.679554625525708333e-01,8.723946978355664461e-01,8.716364549983430798e-01,8.707510030927054778e-01,8.679554625525711664e-01,8.687848746098132402e-01,8.716364549983434129e-01,1.000000000000002220e+00,7.157164212784499213e-01,8.731869719104589089e-01,8.679554625525711664e-01,8.687848746098131292e-01,8.716364549983428578e-01,7.234293423079395380e-01,7.157164212784500323e-01,7.234293423079397600e-01,7.157164212784499213e-01,1.000000000000002220e+00,7.157164212784496993e-01,7.234293423079396490e-01,7.157164212784499213e-01,7.234293423079389829e-01,8.716364549983429688e-01,8.687848746098131292e-01,8.679554625525708333e-01,8.731869719104589089e-01,7.157164212784496993e-01,1.000000000000002220e+00,8.716364549983433019e-01,8.687848746098129071e-01,8.679554625525703893e-01,8.707510030927061440e-01,8.716364549983434129e-01,8.723946978355664461e-01,8.679554625525711664e-01,7.234293423079396490e-01,8.716364549983433019e-01,1.000000000000002220e+00,8.679554625525708333e-01,8.707510030927055888e-01,8.716364549983431909e-01,8.731869719104586869e-01,8.716364549983430798e-01,8.687848746098131292e-01,7.157164212784499213e-01,8.687848746098129071e-01,8.679554625525708333e-01,1.000000000000002220e+00,8.679554625525702782e-01,8.723946978355660020e-01,8.716364549983427468e-01,8.707510030927054778e-01,8.716364549983428578e-01,7.234293423079389829e-01,8.679554625525703893e-01,8.707510030927055888e-01,8.679554625525702782e-01,1.000000000000002220e+00
1.000000000000002887e+00,6.676162291847927976e-01,7.748514363280946116e-01,6.676162291847920205e-01,4.544152944235374525e-01,6.811513096073756879e-01,7.748514363280947226e-01,6.811513096073759099e-01,7.655446515522947859e-01,6.676162291847927976e-01,1.000000000000002887e+00,6.676162291847919095e-01,6.012524154592172598e-01,3.524295013257090492e-01,6.012524154592163717e-01,6.811513096073759099e-01,6.029893386908524722e-01,6.811513096073760209e-01,7.748514363280946116e-01,6.676162291847919095e-01,1.000000000000002887e+00,6.811513096073759099e-01,4.544152944235370639e-01,6.676162291847904662e-01,7.655446515522937867e-01,6.811513096073751328e-01,7.748514363280939454e-01,6.676162291847920205e-01,6.012524154592172598e-01,6.811513096073759099e-01,1.000000000000002887e+00,3.524295013257086051e-01,6.029893386908518060e-01,6.676162291847912433e-01,6.012524154592163717e-01,6.811513096073755769e-01,4.544152944235374525e-01,3.524295013257090492e-01,4.544152944235370639e-01,3.524295013257086051e-01,1.000000000000002887e+00,3.524295013257077724e-01,4.544152944235369529e-01,3.524295013257084386e-01,4.544152944235368974e-01,6.811513096073756879e-01,6.012524154592163717e-01,6.676162291847904662e-01,6.029893386908518060e-01,3.524295013257077724e-01,1.000000000000002887e+00,6.811513096073744666e-01,6.012524154592155945e-01,6.676162291847902441e-01,7.748514363280947226e-01,6.811513096073759099e-01,7.655446515522937867e-01,6.676162291847912433e-01,4.544152944235369529e-01,6.811513096073744666e-01,1.000000000000002887e+00,6.676162291847906882e-01,7.748514363280939454e-01,6.811513096073759099e-01,6.029893386908524722e-01,6.811513096073751328e-01,6.012524154592163717e-01,3.524295013257084386e-01,6.012524154592155945e-01,6.676162291847906882e-01,1.000000000000002887e+00,6.676162291847907992e-01,7.655446515522947859e-01,6.811513096073760209e-01,7.748514363280939454e-01,6.811513096073755769e-01,4.544152944235368974e-01,6.676162291847902441e-01,7.748514363280939454e-01,6.676162291847907992e-01,1.000000000000002887e+00
1.000000000000001998e+00,4.733265850434709154e-01,6.181871434554716549e-01,4.733265850434703603e-01,3.662841537670451508e-01,5.144172031170874959e-01,6.181871434554717659e-01,5.144172031170881620e-01,6.148007575562032256e-01,4.733265850434709154e-01,1.000000000000001998e+00,4.733265850434697497e-01,4.416137970526220480e-01,1.709033720519831656e-01,4.416137970526208822e-01,5.144172031170881620e-01,4.371647310801922148e-01,5.144172031170888282e-01,6.181871434554716549e-01,4.733265850434697497e-01,1.000000000000001998e+00,5.144172031170877180e-01,3.662841537670447067e-01,4.733265850434676403e-01,6.148007575562015603e-01,5.144172031170873849e-01,6.181871434554719880e-01,4.733265850434703603e-01,4.416137970526220480e-01,5.144172031170877180e-01,1.000000000000001998e+00,1.709033720519827493e-01,4.371647310801908271e-01,4.733265850434690281e-01,4.416137970526212708e-01,5.144172031170882731e-01,3.662841537670451508e-01,1.709033720519831656e-01,3.662841537670447067e-01,1.709033720519827493e-01,1.000000000000001998e+00,1.709033720519809174e-01,3.662841537670447623e-01,1.709033720519819166e-01,3.662841537670452619e-01,5.144172031170874959e-01,4.416137970526208822e-01,4.733265850434676403e-01,4.371647310801908271e-01,1.709033720519809174e-01,1.000000000000001998e+00,5.144172031170863857e-01,4.416137970526203271e-01,4.733265850434683619e-01,6.181871434554717659e-01,5.144172031170881620e-01,6.148007575562015603e-01,4.733265850434690281e-01,3.662841537670447623e-01,5.144172031170863857e-01,1.000000000000001998e+00,4.733265850434684729e-01,6.181871434554716549e-01,5.144172031170881620e-01,4.371647310801922148e-01,5.144172031170873849e-01,4.416137970526212708e-01,1.709033720519819166e-01,4.416137970526203271e-01,4.733265850434684729e-01,1.000000000000001998e+00,4.733265850434692501e-01,6.148007575562032256e-01,5.144172031170888282e-01,6.181871434554719880e-01,5.144172031170882731e-01,3.662841537670452619e-01,4.733265850434683619e-01,6.181871434554716549e-01,4.733265850434692501e-01,1.000000000000001998e+00
