1.000000000000000000e+00,1.000000000000000000e+00,1.000000000000000000e+00,1.000000000000000000e+00,1.000000000000000000e+00,1.000000000000000000e+00,1.000000000000000000e+00,1.000000000000000000e+00,1.000000000000000000e+00,1.000000000000000000e+00,1.000000000000000000e+00,1.000000000000000000e+00,1.000000000000000000e+00,1.000000000000000000e+00,1.000000000000000000e+00,1.000000000000000000e+00,1.000000000000000000e+00,1.000000000000000000e+00,1.000000000000000000e+00,1.000000000000000000e+00,1.000000000000000000e+00,1.000000000000000000e+00,1.000000000000000000e+00,1.000000000000000000e+00,1.000000000000000000e+00,1.000000000000000000e+00,1.000000000000000000e+00,1.000000000000000000e+00,1.000000000000000000e+00,1.000000000000000000e+00,1.000000000000000000e+00,1.000000000000000000e+00,1.000000000000000000e+00,1.000000000000000000e+00,1.000000000000000000e+00,1.000000000000000000e+00,1.000000000000000000e+00,1.000000000000000000e+00,1.000000000000000000e+00,1.000000000000000000e+00,1.000000000000000000e+00,1.000000000000000000e+00,1.000000000000000000e+00,1.000000000000000000e+00,1.000000000000000000e+00,1.000000000000000000e+00,1.000000000000000000e+00,1.000000000000000000e+00,1.000000000000000000e+00,1.000000000000000000e+00,1.000000000000000000e+00,1.000000000000000000e+00,1.000000000000000000e+00,1.000000000000000000e+00,1.000000000000000000e+00,1.000000000000000000e+00,1.000000000000000000e+00,1.000000000000000000e+00,1.000000000000000000e+00,1.000000000000000000e+00,1.000000000000000000e+00,1.000000000000000000e+00,1.000000000000000000e+00,1.000000000000000000e+00,1.000000000000000000e+00,1.000000000000000000e+00,1.000000000000000000e+00,1.000000000000000000e+00,1.000000000000000000e+00,1.000000000000000000e+00,1.000000000000000000e+00,1.000000000000000000e+00,1.000000000000000000e+00,1.000000000000000000e+00,1.000000000000000000e+00,1.000000000000000000e+00,1.000000000000000000e+00,1.000000000000000000e+00,1.000000000000000000e+00,1.000000000000000000e+00,1.000000000000000000e+00,1.000000000000000000e+00,1.000000000000000000e+00,1.000000000000000000e+00,1.000000000000000000e+00,1.000000000000000000e+00,1.000000000000000000e+00,1.000000000000000000e+00,1.000000000000000000e+00,1.000000000000000000e+00,1.000000000000000000e+00,1.000000000000000000e+00,1.000000000000000000e+00,1.000000000000000000e+00,1.000000000000000000e+00,1.000000000000000000e+00,1.000000000000000000e+00,1.000000000000000000e+00,1.000000000000000000e+00,1.000000000000000000e+00,1.000000000000000000e+00,1.000000000000000000e+00,1.000000000000000000e+00,1.000000000000000000e+00,1.000000000000000000e+00,1.000000000000000000e+00,1.000000000000000000e+00,1.000000000000000000e+00,1.000000000000000000e+00,1.000000000000000000e+00,1.000000000000000000e+00,1.000000000000000000e+00,1.000000000000000000e+00,1.000000000000000000e+00,1.000000000000000000e+00,1.000000000000000000e+00,1.000000000000000000e+00,1.000000000000000000e+00,1.000000000000000000e+00,1.000000000000000000e+00,1.000000000000000000e+00,1.000000000000000000e+00,1.000000000000000000e+00,1.000000000000000000e+00,1.000000000000000000e+00,1.000000000000000000e+00,1.000000000000000000e+00,1.000000000000000000e+00,1.000000000000000000e+00,1.000000000000000000e+00,1.000000000000000000e+00,1.000000000000000000e+00,1.000000000000000000e+00,1.000000000000000000e+00,1.000000000000000000e+00,1.000000000000000000e+00,1.000000000000000000e+00,1.000000000000000000e+00,1.000000000000000000e+00,1.000000000000000000e+00,1.000000000000000000e+00,1.000000000000000000e+00,1.000000000000000000e+00,1.000000000000000000e+00,1.000000000000000000e+00,1.000000000000000000e+00,1.000000000000000000e+00,1.000000000000000000e+00,1.000000000000000000e+00,1.000000000000000000e+00,1.000000000000000000e+00,1.000000000000000000e+00,1.000000000000000000e+00,1.000000000000000000e+00,1.000000000000000000e+00,1.000000000000000000e+00,1.000000000000000000e+00,1.000000000000000000e+00,1.000000000000000000e+00,1.000000000000000000e+00,1.000000000000000000e+00,1.000000000000000000e+00,1.000000000000000000e+00,1.000000000000000000e+00,1.000000000000000000e+00,1.000000000000000000e+00,1.000000000000000000e+00,1.000000000000000000e+00,1.000000000000000000e+00,1.000000000000000000e+00,1.000000000000000000e+00,1.000000000000000000e+00,1.000000000000000000e+00,1.000000000000000000e+00,1.000000000000000000e+00,1.000000000000000000e+00,1.000000000000000000e+00,1.000000000000000000e+00,1.000000000000000000e+00,1.000000000000000000e+00,1.000000000000000000e+00,1.000000000000000000e+00,1.000000000000000000e+00,1.000000000000000000e+00,1.000000000000000000e+00,1.000000000000000000e+00,1.000000000000000000e+00,1.000000000000000000e+00,1.000000000000000000e+00,1.000000000000000000e+00,1.000000000000000000e+00,1.000000000000000000e+00,1.000000000000000000e+00,1.000000000000000000e+00,1.000000000000000000e+00,1.000000000000000000e+00,1.000000000000000000e+00,1.000000000000000000e+00,1.000000000000000000e+00,1.000000000000000000e+00,1.000000000000000000e+00,1.000000000000000000e+00,1.000000000000000000e+00,1.000000000000000000e+00,1.000000000000000000e+00,1.000000000000000000e+00,1.000000000000000000e+00,1.000000000000000000e+00,1.000000000000000000e+00,1.000000000000000000e+00,1.000000000000000000e+00,1.000000000000000000e+00,1.000000000000000000e+00,1.000000000000000000e+00,1.000000000000000000e+00,1.000000000000000000e+00,1.000000000000000000e+00,1.000000000000000000e+00,1.000000000000000000e+00,1.000000000000000000e+00,1.000000000000000000e+00,1.000000000000000000e+00,1.000000000000000000e+00,1.000000000000000000e+00,1.000000000000000000e+00,1.000000000000000000e+00,1.000000000000000000e+00,1.000000000000000000e+00,1.000000000000000000e+00,1.000000000000000000e+00,1.000000000000000000e+00,1.000000000000000000e+00,1.000000000000000000e+00,1.000000000000000000e+00,1.000000000000000000e+00,1.000000000000000000e+00,1.000000000000000000e+00,1.000000000000000000e+00,1.000000000000000000e+00,1.000000000000000000e+00,1.000000000000000000e+00,1.000000000000000000e+00,1.000000000000000000e+00,1.000000000000000000e+00,1.000000000000000000e+00,1.000000000000000000e+00,1.000000000000000000e+00,1.000000000000000000e+00,1.000000000000000000e+00,1.000000000000000000e+00,1.000000000000000000e+00,1.000000000000000000e+00,1.000000000000000000e+00,1.000000000000000000e+00,1.000000000000000000e+00,1.000000000000000000e+00,1.000000000000000000e+00,1.000000000000000000e+00,1.000000000000000000e+00,1.000000000000000000e+00,1.000000000000000000e+00,1.000000000000000000e+00,1.000000000000000000e+00,1.000000000000000000e+00,1.000000000000000000e+00,1.000000000000000000e+00,1.000000000000000000e+00,1.000000000000000000e+00,1.000000000000000000e+00,1.000000000000000000e+00,1.000000000000000000e+00,1.000000000000000000e+00,1.000000000000000000e+00,1.000000000000000000e+00,1.000000000000000000e+00,1.000000000000000000e+00,1.000000000000000000e+00,1.000000000000000000e+00,1.000000000000000000e+00,1.000000000000000000e+00,1.000000000000000000e+00,1.000000000000000000e+00,1.000000000000000000e+00,1.000000000000000000e+00,1.000000000000000000e+00,1.000000000000000000e+00,1.000000000000000000e+00,1.000000000000000000e+00,1.000000000000000000e+00,1.000000000000000000e+00,1.000000000000000000e+00,1.000000000000000000e+00,1.000000000000000000e+00,1.000000000000000000e+00,1.000000000000000000e+00,1.000000000000000000e+00,1.000000000000000000e+00,1.000000000000000000e+00,1.000000000000000000e+00,1.000000000000000000e+00,1.000000000000000000e+00,1.000000000000000000e+00,1.000000000000000000e+00,1.000000000000000000e+00,1.000000000000000000e+00,1.000000000000000000e+00,1.000000000000000000e+00,1.000000000000000000e+00,1.000000000000000000e+00,1.000000000000000000e+00,1.000000000000000000e+00,1.000000000000000000e+00,1.000000000000000000e+00,1.000000000000000000e+00,1.000000000000000000e+00,1.000000000000000000e+00,1.000000000000000000e+00,1.000000000000000000e+00,1.000000000000000000e+00,1.000000000000000000e+00,1.000000000000000000e+00,1.000000000000000000e+00,1.000000000000000000e+00,1.000000000000000000e+00,1.000000000000000000e+00,1.000000000000000000e+00,1.000000000000000000e+00,1.000000000000000000e+00,1.000000000000000000e+00,1.000000000000000000e+00,1.000000000000000000e+00,1.000000000000000000e+00,1.000000000000000000e+00,1.000000000000000000e+00,1.000000000000000000e+00,1.000000000000000000e+00,1.000000000000000000e+00,1.000000000000000000e+00,1.000000000000000000e+00,1.000000000000000000e+00,1.000000000000000000e+00,1.000000000000000000e+00,1.000000000000000000e+00,1.000000000000000000e+00,1.000000000000000000e+00,1.000000000000000000e+00,1.000000000000000000e+00,1.000000000000000000e+00,1.000000000000000000e+00,1.000000000000000000e+00,1.000000000000000000e+00,1.000000000000000000e+00,1.000000000000000000e+00,1.000000000000000000e+00,1.000000000000000000e+00,1.000000000000000000e+00,1.000000000000000000e+00,1.000000000000000000e+00,1.000000000000000000e+00,1.000000000000000000e+00,1.000000000000000000e+00,1.000000000000000000e+00,1.000000000000000000e+00,1.000000000000000000e+00,1.000000000000000000e+00,1.000000000000000000e+00,1.000000000000000000e+00,1.000000000000000000e+00,1.000000000000000000e+00,1.000000000000000000e+00,1.000000000000000000e+00,1.000000000000000000e+00,1.000000000000000000e+00,1.000000000000000000e+00,1.000000000000000000e+00,1.000000000000000000e+00,1.000000000000000000e+00,1.000000000000000000e+00,1.000000000000000000e+00,1.000000000000000000e+00,1.000000000000000000e+00,1.000000000000000000e+00,1.000000000000000000e+00,1.000000000000000000e+00,1.000000000000000000e+00,1.000000000000000000e+00,1.000000000000000000e+00,1.000000000000000000e+00,1.000000000000000000e+00,1.000000000000000000e+00,1.000000000000000000e+00,1.000000000000000000e+00,1.000000000000000000e+00,1.000000000000000000e+00,1.000000000000000000e+00,1.000000000000000000e+00,1.000000000000000000e+00,1.000000000000000000e+00,1.000000000000000000e+00,1.000000000000000000e+00
1.000000000000024425e+00,9.922250222145021503e-01,9.919082392290459183e-01,9.918279196236452488e-01,9.923022932301419630e-01,9.920186967090957042e-01,9.923338355068267447e-01,9.918792942042666816e-01,9.923020527818299241e-01,9.920632267674264204e-01,9.923277657277912445e-01,9.919303766107717690e-01,9.924084187186780204e-01,9.919363292809458832e-01,9.917454922000624729e-01,9.920741251919117376e-01,9.924022186789125399e-01,9.924292816998687705e-01,9.922881964953426115e-01,9.918183530619607557e-01,9.922250222145021503e-01,1.000000000000024425e+00,9.919204312000462487e-01,9.918480560185901629e-01,9.923253039789814434e-01,9.920418919732869600e-01,9.923570723475321209e-01,9.919025273510470031e-01,9.923252987017114890e-01,9.920864680255073731e-01,9.923510137462200342e-01,9.919536157469328597e-01,9.924316695349635342e-01,9.919595702187787856e-01,9.917687315659385883e-01,9.920973799567842644e-01,9.924255105368476881e-01,9.924527631904762615e-01,9.923142241885709591e-01,9.918529545813351556e-01,9.919082392290459183e-01,9.919204312000462487e-01,1.000000000000024425e+00,9.915088570446619620e-01,9.919954774699881739e-01,9.917148913082618478e-01,9.920302027897568431e-01,9.915758402640988400e-01,9.919984824117394906e-01,9.917597330332577066e-01,9.920241928983593027e-01,9.916269263073281826e-01,9.921048231213946966e-01,9.916328798326516925e-01,9.914421051103339266e-01,9.917706475553679235e-01,9.920986767298559661e-01,9.921259492806892011e-01,9.919876488098601230e-01,9.915293754701710593e-01,9.918279196236452488e-01,9.918480560185901629e-01,9.915088570446619620e-01,1.000000000000024425e+00,9.919009092492437896e-01,9.916282274189103241e-01,9.919465481224472025e-01,9.914924327046379382e-01,9.919150792225237545e-01,9.916763580511989140e-01,9.919407987108398439e-01,9.915435665200539317e-01,9.920214238313320720e-01,9.915495206686213425e-01,9.913587626325829349e-01,9.916872785094912324e-01,9.920152824760284371e-01,9.920425605077842768e-01,9.919043056227399013e-01,9.914463128044717077e-01,9.923022932301419630e-01,9.923253039789814434e-01,9.919954774699881739e-01,9.919009092492437896e-01,1.000000000000024425e+00,9.920920305538732942e-01,9.924180468819617795e-01,9.919661182542450772e-01,9.923891781475745466e-01,9.921503712953236853e-01,9.924149459261387696e-01,9.920175258852720335e-01,9.924956126208183127e-01,9.920234843741680963e-01,9.918326356492046525e-01,9.921613091451200184e-01,9.924894709427840578e-01,9.925167647906779633e-01,9.923784528926893334e-01,9.919202830999561682e-01,9.920186967090957042e-01,9.920418919732869600e-01,9.917148913082618478e-01,9.916282274189103241e-01,9.920920305538732942e-01,1.000000000000024425e+00,9.921236265824715517e-01,9.916793012007975028e-01,9.921052599745742162e-01,9.918667273129065931e-01,9.921312629484855261e-01,9.917339642161957514e-01,9.922119175036867578e-01,9.917399251478808964e-01,9.915491315714458631e-01,9.918777115949883871e-01,9.922057800724813914e-01,9.922330669958470128e-01,9.920947969483712159e-01,9.916367665484827620e-01,9.923338355068267447e-01,9.923570723475321209e-01,9.920302027897568431e-01,9.919465481224472025e-01,9.924180468819617795e-01,9.921236265824715517e-01,1.000000000000024425e+00,9.919837216325280149e-01,9.924177496481904059e-01,9.921815639993486480e-01,9.924463844752032804e-01,9.920489875312092920e-01,9.925271007944903578e-01,9.920549604954965739e-01,9.918641072730610686e-01,9.921927922335678218e-01,9.925209653256040765e-01,9.925482614589493657e-01,9.924099486251367619e-01,9.919517760156707498e-01,9.918792942042666816e-01,9.919025273510470031e-01,9.915758402640988400e-01,9.914924327046379382e-01,9.919661182542450772e-01,9.916793012007975028e-01,9.919837216325280149e-01,1.000000000000024425e+00,9.919518240336594461e-01,9.917238370333392172e-01,9.919915229597339179e-01,9.915945192821260523e-01,9.920724540187465523e-01,9.916005378245471569e-01,9.914097750336272608e-01,9.917383108663547775e-01,9.920663343098787834e-01,9.920936183494982741e-01,9.919553693492653146e-01,9.914974076330776986e-01,9.923020527818299241e-01,9.923252987017114890e-01,9.919984824117394906e-01,9.919150792225237545e-01,9.923891781475745466e-01,9.921052599745742162e-01,9.924177496481904059e-01,9.919518240336594461e-01,1.000000000000024425e+00,9.921363936736392608e-01,9.924116632403280347e-01,9.920169055725381879e-01,9.924952540637524967e-01,9.920231638383006922e-01,9.918323271936129171e-01,9.921610056867796734e-01,9.924891699141462631e-01,9.925164660564351760e-01,9.923781585583533182e-01,9.919200023754871642e-01,9.920632267674264204e-01,9.920864680255073731e-01,9.917597330332577066e-01,9.916763580511989140e-01,9.921503712953236853e-01,9.918667273129065931e-01,9.921815639993486480e-01,9.917238370333392172e-01,9.921363936736392608e-01,1.000000000000024425e+00,9.921621943952511069e-01,9.917749517936015335e-01,9.922561360841702927e-01,9.917843540576735117e-01,9.915935990312457760e-01,9.919222081554139869e-01,9.922502963721016034e-01,9.922775869932851656e-01,9.921393133043342472e-01,9.916812678076722953e-01,9.923277657277912445e-01,9.923510137462200342e-01,9.920241928983593027e-01,9.919407987108398439e-01,9.924149459261387696e-01,9.921312629484855261e-01,9.924463844752032804e-01,9.919915229597339179e-01,9.924116632403280347e-01,9.921621943952511069e-01,1.000000000000024425e+00,9.920288816676462451e-01,9.925181284398372217e-01,9.920485687147561071e-01,9.918579661551003568e-01,9.921866977165892942e-01,9.925148812437429857e-01,9.925421813412188543e-01,9.924038716399642412e-01,9.919457044948711832e-01,9.919303766107717690e-01,9.919536157469328597e-01,9.916269263073281826e-01,9.915435665200539317e-01,9.920175258852720335e-01,9.917339642161957514e-01,9.920489875312092920e-01,9.915945192821260523e-01,9.920169055725381879e-01,9.917749517936015335e-01,9.920288816676462451e-01,1.000000000000024425e+00,9.921098127839219627e-01,9.916479779203188905e-01,9.914604639894059046e-01,9.917893144472516020e-01,9.921174045087809423e-01,9.921447020364764224e-01,9.920064503358707597e-01,9.915484676761234795e-01,9.924084187186780204e-01,9.924316695349635342e-01,9.921048231213946966e-01,9.920214238313320720e-01,9.924956126208183127e-01,9.922119175036867578e-01,9.925271007944903578e-01,9.920724540187465523e-01,9.924952540637524967e-01,9.922561360841702927e-01,9.925181284398372217e-01,9.921098127839219627e-01,1.000000000000024425e+00,9.921157892732286321e-01,9.919352984427310949e-01,9.922670568951164061e-01,9.925954999766050113e-01,9.926228381475385998e-01,9.924845261526349383e-01,9.920263247421092778e-01,9.919363292809458832e-01,9.919595702187787856e-01,9.916328798326516925e-01,9.915495206686213425e-01,9.920234843741680963e-01,9.917399251478808964e-01,9.920549604954965739e-01,9.916005378245471569e-01,9.920231638383006922e-01,9.917843540576735117e-01,9.920485687147561071e-01,9.916479779203188905e-01,9.921157892732286321e-01,1.000000000000024425e+00,9.914505915613706089e-01,9.917918500353060107e-01,9.921230672088402480e-01,9.921506020841307505e-01,9.920123890654206633e-01,9.915544136615640491e-01,9.917454922000624729e-01,9.917687315659385883e-01,9.914421051103339266e-01,9.913587626325829349e-01,9.918326356492046525e-01,9.915491315714458631e-01,9.918641072730610686e-01,9.914097750336272608e-01,9.918323271936129171e-01,9.915935990312457760e-01,9.918579661551003568e-01,9.914604639894059046e-01,9.919352984427310949e-01,9.914505915613706089e-01,1.000000000000024425e+00,9.915888747295946715e-01,9.919291526008073845e-01,9.919594669964506561e-01,9.918214930097174475e-01,9.913636397639693509e-01,9.920741251919117376e-01,9.920973799567842644e-01,9.917706475553679235e-01,9.916872785094912324e-01,9.921613091451200184e-01,9.918777115949883871e-01,9.921927922335678218e-01,9.917383108663547775e-01,9.921610056867796734e-01,9.919222081554139869e-01,9.921866977165892942e-01,9.917893144472516020e-01,9.922670568951164061e-01,9.917918500353060107e-01,9.915888747295946715e-01,1.000000000000024425e+00,9.922479202644580720e-01,9.922854187689569283e-01,9.921499200528027806e-01,9.916921098349021912e-01,9.924022186789125399e-01,9.924255105368476881e-01,9.920986767298559661e-01,9.920152824760284371e-01,9.924894709427840578e-01,9.922057800724813914e-01,9.925209653256040765e-01,9.920663343098787834e-01,9.924891699141462631e-01,9.922502963721016034e-01,9.925148812437429857e-01,9.921174045087809423e-01,9.925954999766050113e-01,9.921230672088402480e-01,9.919291526008073845e-01,9.922479202644580720e-01,1.000000000000024425e+00,9.926045872177631235e-01,9.924754465552624305e-01,9.920198677482130467e-01,9.924292816998687705e-01,9.924527631904762615e-01,9.921259492806892011e-01,9.920425605077842768e-01,9.925167647906779633e-01,9.922330669958470128e-01,9.925482614589493657e-01,9.920936183494982741e-01,9.925164660564351760e-01,9.922775869932851656e-01,9.925421813412188543e-01,9.921447020364764224e-01,9.926228381475385998e-01,9.921506020841307505e-01,9.919594669964506561e-01,9.922854187689569283e-01,9.926045872177631235e-01,1.000000000000024425e+00,9.924931970183444863e-01,9.920442002036073958e-01,9.922881964953426115e-01,9.923142241885709591e-01,9.919876488098601230e-01,9.919043056227399013e-01,9.923784528926893334e-01,9.920947969483712159e-01,9.924099486251367619e-01,9.919553693492653146e-01,9.923781585583533182e-01,9.921393133043342472e-01,9.924038716399642412e-01,9.920064503358707597e-01,9.924845261526349383e-01,9.920123890654206633e-01,9.918214930097174475e-01,9.921499200528027806e-01,9.924754465552624305e-01,9.924931970183444863e-01,1.000000000000024425e+00,9.918947117192514762e-01,9.918183530619607557e-01,9.918529545813351556e-01,9.915293754701710593e-01,9.914463128044717077e-01,9.919202830999561682e-01,9.916367665484827620e-01,9.919517760156707498e-01,9.914974076330776986e-01,9.919200023754871642e-01,9.916812678076722953e-01,9.919457044948711832e-01,9.915484676761234795e-01,9.920263247421092778e-01,9.915544136615640491e-01,9.913636397639693509e-01,9.916921098349021912e-01,9.920198677482130467e-01,9.920442002036073958e-01,9.918947117192514762e-01,1.000000000000024425e+00
1.000000000000017764e+00,9.897695693990224974e-01,9.893413799220340810e-01,9.892272972014880539e-01,9.898645789628722769e-01,9.895015850648802846e-01,9.899097174133036914e-01,9.893115082838014329e-01,9.898678416748876163e-01,9.895624678235405147e-01,9.899045713214693620e-01,9.893846735494473688e-01,9.900095777247940321e-01,9.893729522429606238e-01,9.891068453983201669e-01,9.895624331151929853e-01,9.900205597326475759e-01,9.900633832781069454e-01,9.898671880694008829e-01,9.892276571119166251e-01,9.897695693990224974e-01,1.000000000000017764e+00,9.893526583596111701e-01,9.892640542674630000e-01,9.898974085432231673e-01,9.895341960044712337e-01,9.899423075424312879e-01,9.893440727113456123e-01,9.899004222152714139e-01,9.895950376352532496e-01,9.899371520096426069e-01,9.894172368398155282e-01,9.900421612513664593e-01,9.894055139506101604e-01,9.891393960877364888e-01,9.895949923088643851e-01,9.900531051655432346e-01,9.900957318973814258e-01,9.898960293846790215e-01,9.892819231979526062e-01,9.893413799220340810e-01,9.893526583596111701e-01,1.000000000000017764e+00,9.887929158812485131e-01,9.894532274932934524e-01,9.890864041084077574e-01,9.894940822698674587e-01,9.888960852930724910e-01,9.894521743342643560e-01,9.891469259613858700e-01,9.894888845031107882e-01,9.889692043984328329e-01,9.895938455125723454e-01,9.889574861270437056e-01,9.886914879936369305e-01,9.891468761838854151e-01,9.896047760501069934e-01,9.896473548092384886e-01,9.894475384170372534e-01,9.888297684214987227e-01,9.892272972014880539e-01,9.892640542674630000e-01,9.887929158812485131e-01,1.000000000000017764e+00,9.893220762244891997e-01,9.889809942483595018e-01,9.893844169205818773e-01,9.887862663214310732e-01,9.893422542252509055e-01,9.890370327781972115e-01,9.893789510294364042e-01,9.888593279408097736e-01,9.894838991999396205e-01,9.888476102086408703e-01,9.885816411785384172e-01,9.890369780331013105e-01,9.894948252527292487e-01,9.895373927442056017e-01,9.893375646398354650e-01,9.887196101709236906e-01,9.898645789628722769e-01,9.898974085432231673e-01,9.894532274932934524e-01,9.893220762244891997e-01,1.000000000000017764e+00,9.895975624863291298e-01,9.900256841627885773e-01,9.894238100859777951e-01,9.899799352461439161e-01,9.896744884676655918e-01,9.900166206850138373e-01,9.894966611287028257e-01,9.901216342187754149e-01,9.894849347967045183e-01,9.892187940084390396e-01,9.896744239353590933e-01,9.901325655122302782e-01,9.901751583236395593e-01,9.899751936303631261e-01,9.893567993192196042e-01,9.895015850648802846e-01,9.895341960044712337e-01,9.890864041084077574e-01,9.889809942483595018e-01,9.895975624863291298e-01,1.000000000000017764e+00,9.896428881676202494e-01,9.890654518317979482e-01,9.896172015765947183e-01,9.893116503878056633e-01,9.896536212714964753e-01,9.891338458505458675e-01,9.897585873882636109e-01,9.891221207609794952e-01,9.888560771564360863e-01,9.893115396973002351e-01,9.897695129631367550e-01,9.898120895307515044e-01,9.896121963366771856e-01,9.889940214921664197e-01,9.899097174133036914e-01,9.899423075424312879e-01,9.894940822698674587e-01,9.893844169205818773e-01,9.900256841627885773e-01,9.896428881676202494e-01,1.000000000000017764e+00,9.894522270901899841e-01,9.900289894014545622e-01,9.897199641709127915e-01,9.900618647658218086e-01,9.895418467734864443e-01,9.901668390938614950e-01,9.895301083970562406e-01,9.892639543667786084e-01,9.897196043840671420e-01,9.901777662868708196e-01,9.902203600558008301e-01,9.900203835977280376e-01,9.894019512761665913e-01,9.893115082838014329e-01,9.893440727113456123e-01,9.888960852930724910e-01,9.887862663214310732e-01,9.894238100859777951e-01,9.890654518317979482e-01,9.894522270901899841e-01,1.000000000000017764e+00,9.894102354378024877e-01,9.891262648526237822e-01,9.894638369583909077e-01,9.889439126244528033e-01,9.895684879427443237e-01,9.889321353938080872e-01,9.886661399240331827e-01,9.891215135528818037e-01,9.895793981186070676e-01,9.896219658770051275e-01,9.894221099406677045e-01,9.888040506028835663e-01,9.898678416748876163e-01,9.899004222152714139e-01,9.894521743342643560e-01,9.893422542252509055e-01,9.899799352461439161e-01,9.896172015765947183e-01,9.900289894014545622e-01,9.894102354378024877e-01,1.000000000000017764e+00,9.896619819507528337e-01,9.900238646014162258e-01,9.895002962778186584e-01,9.901250040363425153e-01,9.894882664287850682e-01,9.892221150237527905e-01,9.896777426689999935e-01,9.901358840135214834e-01,9.901784753905520375e-01,9.899785067820611184e-01,9.893600993867249782e-01,9.895624678235405147e-01,9.895950376352532496e-01,9.891469259613858700e-01,9.890370327781972115e-01,9.896744884676655918e-01,9.893116503878056633e-01,9.897199641709127915e-01,9.891262648526237822e-01,9.896619819507528337e-01,1.000000000000017764e+00,9.896988239647214192e-01,9.891993564505051628e-01,9.898198020063270208e-01,9.891830571509001579e-01,9.889169526383139175e-01,9.893724314545007115e-01,9.898304291723074577e-01,9.898730066716732168e-01,9.896730994104171453e-01,9.890548825162392976e-01,9.899045713214693620e-01,9.899371520096426069e-01,9.894888845031107882e-01,9.893789510294364042e-01,9.900166206850138373e-01,9.896536212714964753e-01,9.900618647658218086e-01,9.894638369583909077e-01,9.900238646014162258e-01,9.896988239647214192e-01,1.000000000000017764e+00,9.895204737593550348e-01,9.901654996468056691e-01,9.895252875943463255e-01,9.892588775915844845e-01,9.897144789502787532e-01,9.901726282130225432e-01,9.902152187377590842e-01,9.900152417650016634e-01,9.893968108170407838e-01,9.893846735494473688e-01,9.894172368398155282e-01,9.889692043984328329e-01,9.888593279408097736e-01,9.894966611287028257e-01,9.891338458505458675e-01,9.895418467734864443e-01,9.889439126244528033e-01,9.895002962778186584e-01,9.891993564505051628e-01,9.895204737593550348e-01,1.000000000000017764e+00,9.896257827384549177e-01,9.890100875387991541e-01,9.887396300904350843e-01,9.891947290287448347e-01,9.896525997812751774e-01,9.896951609139763573e-01,9.894952870399259526e-01,9.888771801946490969e-01,9.900095777247940321e-01,9.900421612513664593e-01,9.895938455125723454e-01,9.894838991999396205e-01,9.901216342187754149e-01,9.897585873882636109e-01,9.901668390938614950e-01,9.895684879427443237e-01,9.901250040363425153e-01,9.898198020063270208e-01,9.901654996468056691e-01,9.896257827384549177e-01,1.000000000000017764e+00,9.896140062101764778e-01,9.893681879399379708e-01,9.898197605329569493e-01,9.902777088497376479e-01,9.903202687947620930e-01,9.901202632968361117e-01,9.895017645462863554e-01,9.893729522429606238e-01,9.894055139506101604e-01,9.889574861270437056e-01,9.888476102086408703e-01,9.894849347967045183e-01,9.891221207609794952e-01,9.895301083970562406e-01,9.889321353938080872e-01,9.894882664287850682e-01,9.891830571509001579e-01,9.895252875943463255e-01,9.890100875387991541e-01,9.896140062101764778e-01,1.000000000000017764e+00,9.887086263065126834e-01,9.891875503976709227e-01,9.896411777171931767e-01,9.896834857882971237e-01,9.894835760829508997e-01,9.888654682414559360e-01,9.891068453983201669e-01,9.891393960877364888e-01,9.886914879936369305e-01,9.885816411785384172e-01,9.892187940084390396e-01,9.888560771564360863e-01,9.892639543667786084e-01,9.886661399240331827e-01,9.892221150237527905e-01,9.889169526383139175e-01,9.892588775915844845e-01,9.887396300904350843e-01,9.893681879399379708e-01,9.887086263065126834e-01,1.000000000000017764e+00,9.888986301847956240e-01,9.893791098012292284e-01,9.894175578888280143e-01,9.892174816532564030e-01,9.885995065961941108e-01,9.895624331151929853e-01,9.895949923088643851e-01,9.891468761838854151e-01,9.890369780331013105e-01,9.896744239353590933e-01,9.893115396973002351e-01,9.897196043840671420e-01,9.891215135528818037e-01,9.896777426689999935e-01,9.893724314545007115e-01,9.897144789502787532e-01,9.891947290287448347e-01,9.898197605329569493e-01,9.891875503976709227e-01,9.888986301847956240e-01,1.000000000000017764e+00,9.898150585195093498e-01,9.898770183232666886e-01,9.896733537140706138e-01,9.890548958448736050e-01,9.900205597326475759e-01,9.900531051655432346e-01,9.896047760501069934e-01,9.894948252527292487e-01,9.901325655122302782e-01,9.897695129631367550e-01,9.901777662868708196e-01,9.895793981186070676e-01,9.901358840135214834e-01,9.898304291723074577e-01,9.901726282130225432e-01,9.896525997812751774e-01,9.902777088497376479e-01,9.896411777171931767e-01,9.893791098012292284e-01,9.898150585195093498e-01,1.000000000000017764e+00,9.903173431427411133e-01,9.901350536577443462e-01,9.895130006635378672e-01,9.900633832781069454e-01,9.900957318973814258e-01,9.896473548092384886e-01,9.895373927442056017e-01,9.901751583236395593e-01,9.898120895307515044e-01,9.902203600558008301e-01,9.896219658770051275e-01,9.901784753905520375e-01,9.898730066716732168e-01,9.902152187377590842e-01,9.896951609139763573e-01,9.903202687947620930e-01,9.896834857882971237e-01,9.894175578888280143e-01,9.898770183232666886e-01,9.903173431427411133e-01,1.000000000000017764e+00,9.901594759998401107e-01,9.895595532677610162e-01,9.898671880694008829e-01,9.898960293846790215e-01,9.894475384170372534e-01,9.893375646398354650e-01,9.899751936303631261e-01,9.896121963366771856e-01,9.900203835977280376e-01,9.894221099406677045e-01,9.899785067820611184e-01,9.896730994104171453e-01,9.900152417650016634e-01,9.894952870399259526e-01,9.901202632968361117e-01,9.894835760829508997e-01,9.892174816532564030e-01,9.896733537140706138e-01,9.901350536577443462e-01,9.901594759998401107e-01,1.000000000000017764e+00,9.893386344727234105e-01,9.892276571119166251e-01,9.892819231979526062e-01,9.888297684214987227e-01,9.887196101709236906e-01,9.893567993192196042e-01,9.889940214921664197e-01,9.894019512761665913e-01,9.888040506028835663e-01,9.893600993867249782e-01,9.890548825162392976e-01,9.893968108170407838e-01,9.888771801946490969e-01,9.895017645462863554e-01,9.888654682414559360e-01,9.885995065961941108e-01,9.890548958448736050e-01,9.895130006635378672e-01,9.895595532677610162e-01,9.893386344727234105e-01,1.000000000000017764e+00
1.000000000000004663e+00,9.914931141136020809e-01,9.911814810456371916e-01,9.910862208816920704e-01,9.915819399133635192e-01,9.912571727169854352e-01,9.916113352427833316e-01,9.911159114808688608e-01,9.915769065056503351e-01,9.913024572850999139e-01,9.916007228366268134e-01,9.911625133593413572e-01,9.916890656992174424e-01,9.911974251116756340e-01,9.910129871120409994e-01,9.913363145048246228e-01,9.916542286567757714e-01,9.916740873987280880e-01,9.915555587342438359e-01,9.910630645671205663e-01,9.914931141136020809e-01,1.000000000000004663e+00,9.911859234215337766e-01,9.911121150612623998e-01,9.916036445012943457e-01,9.912786536319176944e-01,9.916327817907597542e-01,9.911373376735160834e-01,9.915983384184307026e-01,9.913238818568004262e-01,9.916221530031859022e-01,9.911839334065617457e-01,9.917104963972894760e-01,9.912188433916665486e-01,9.910343970773665134e-01,9.913577205548432802e-01,9.916756043232111129e-01,9.916952418959368298e-01,9.915729200599527893e-01,9.911018678220594458e-01,9.911814810456371916e-01,9.911859234215337766e-01,1.000000000000004663e+00,9.907662259536085259e-01,9.912801625990943499e-01,9.909512672808616918e-01,9.913050088178613217e-01,9.908096880523132866e-01,9.912705222314455167e-01,9.909961524768030605e-01,9.912943230944678552e-01,9.908562475697660910e-01,9.913826357670293410e-01,9.908911444735364338e-01,9.907067575069239407e-01,9.910299707108641831e-01,9.913477400873645928e-01,9.913673353463502425e-01,9.912448308584363987e-01,9.907697347676588384e-01,9.910862208816920704e-01,9.911121150612623998e-01,9.907662259536085259e-01,1.000000000000004663e+00,9.911724648538403626e-01,9.908652264572117563e-01,9.912144763380638102e-01,9.907189607575650481e-01,9.911797023779278515e-01,9.909053463555550501e-01,9.912034851720114004e-01,9.907654482760176462e-01,9.912917872210649239e-01,9.908003402783353009e-01,9.906159692218564627e-01,9.909391512238064914e-01,9.912568879819813050e-01,9.912764705620887851e-01,9.911539349580696934e-01,9.906786032088095162e-01,9.915819399133635192e-01,9.916036445012943457e-01,9.912801625990943499e-01,9.911724648538403626e-01,1.000000000000004663e+00,9.913442667640456341e-01,9.917144675027146361e-01,9.912151172510293984e-01,9.916758442443260879e-01,9.914013157619854244e-01,9.916995932078384035e-01,9.912613340700728859e-01,9.917879349337762607e-01,9.912962412785754074e-01,9.911117771912829610e-01,9.914351200555998611e-01,9.917530142689315875e-01,9.917726025324128392e-01,9.916499928082750381e-01,9.911743703781107362e-01,9.912571727169854352e-01,9.912786536319176944e-01,9.909512672808616918e-01,9.908652264572117563e-01,9.913442667640456341e-01,1.000000000000004663e+00,9.913738117138245487e-01,9.908952857651721624e-01,9.913514027165857279e-01,9.910767250225290814e-01,9.913748586262097762e-01,9.909367321946567220e-01,9.914631558599963368e-01,9.909716218080966144e-01,9.907872172278575640e-01,9.911104534838725000e-01,9.914282428670918579e-01,9.914478233965751119e-01,9.913252503938894122e-01,9.908497719422476591e-01,9.916113352427833316e-01,9.916327817907597542e-01,9.913050088178613217e-01,9.912144763380638102e-01,9.917144675027146361e-01,9.913738117138245487e-01,1.000000000000004663e+00,9.912321892262022649e-01,9.917095116644278896e-01,9.914311267207891465e-01,9.917291337049359834e-01,9.912908160754042575e-01,9.918174163519313247e-01,9.913257037207682254e-01,9.911412318009490408e-01,9.914645826993908617e-01,9.917824850265173353e-01,9.918020717372150186e-01,9.916794532223249803e-01,9.912038000069376409e-01,9.911159114808688608e-01,9.911373376735160834e-01,9.908096880523132866e-01,9.907189607575650481e-01,9.912151172510293984e-01,9.908952857651721624e-01,9.912321892262022649e-01,1.000000000000004663e+00,9.911976822656345387e-01,9.909405302029692386e-01,9.912339734834468841e-01,9.907956287532183604e-01,9.913219142517287752e-01,9.908304362639415164e-01,9.906460520558136862e-01,9.909692392397271288e-01,9.912869817157183849e-01,9.913065580217658157e-01,9.911840000435633291e-01,9.907085829227239016e-01,9.915769065056503351e-01,9.915983384184307026e-01,9.912705222314455167e-01,9.911797023779278515e-01,9.916758442443260879e-01,9.913514027165857279e-01,9.917095116644278896e-01,9.911976822656345387e-01,1.000000000000004663e+00,9.913847395131762941e-01,9.916989309486088366e-01,9.912567736505029092e-01,9.917830585689436651e-01,9.912913183716708376e-01,9.911068379850921373e-01,9.914301715811003612e-01,9.917480603761250624e-01,9.917676450722860970e-01,9.916450294418579503e-01,9.911693900909488431e-01,9.913024572850999139e-01,9.913238818568004262e-01,9.909961524768030605e-01,9.909053463555550501e-01,9.914013157619854244e-01,9.910767250225290814e-01,9.914311267207891465e-01,9.909405302029692386e-01,9.913847395131762941e-01,1.000000000000004663e+00,9.914086203734137070e-01,9.909870805763287827e-01,9.915088459127621157e-01,9.910170149454623489e-01,9.908325407764552173e-01,9.911557711380967195e-01,9.914735675376264989e-01,9.914931452387347743e-01,9.913705627629145756e-01,9.908950544273682493e-01,9.916007228366268134e-01,9.916221530031859022e-01,9.912943230944678552e-01,9.912034851720114004e-01,9.916995932078384035e-01,9.913748586262097762e-01,9.917291337049359834e-01,9.912339734834468841e-01,9.916989309486088366e-01,9.914086203734137070e-01,1.000000000000004663e+00,9.912682960545811106e-01,9.918109820939654542e-01,9.913154896468420185e-01,9.911307251576982891e-01,9.914540094231186762e-01,9.917718905010161068e-01,9.917914708419780512e-01,9.916688501902038988e-01,9.911931980376631479e-01,9.911625133593413572e-01,9.911839334065617457e-01,9.908562475697660910e-01,9.907654482760176462e-01,9.912613340700728859e-01,9.909367321946567220e-01,9.912908160754042575e-01,9.907956287532183604e-01,9.912567736505029092e-01,9.909870805763287827e-01,9.912682960545811106e-01,1.000000000000004663e+00,9.913568612957284198e-01,9.908821951747270873e-01,9.906930767030903695e-01,9.910159299446343883e-01,9.913336234593602692e-01,9.913531834861275538e-01,9.912306131790740160e-01,9.907551697178856864e-01,9.916890656992174424e-01,9.917104963972894760e-01,9.913826357670293410e-01,9.912917872210649239e-01,9.917879349337762607e-01,9.914631558599963368e-01,9.918174163519313247e-01,9.913219142517287752e-01,9.917830585689436651e-01,9.915088459127621157e-01,9.918109820939654542e-01,9.913568612957284198e-01,1.000000000000004663e+00,9.913918569770527878e-01,9.912236797604063732e-01,9.915426705272714081e-01,9.918603128817325976e-01,9.918798502673348283e-01,9.917572060831321146e-01,9.912815071479501583e-01,9.911974251116756340e-01,9.912188433916665486e-01,9.908911444735364338e-01,9.908003402783353009e-01,9.912962412785754074e-01,9.909716218080966144e-01,9.913257037207682254e-01,9.908304362639415164e-01,9.912913183716708376e-01,9.910170149454623489e-01,9.913154896468420185e-01,9.908821951747270873e-01,9.913918569770527878e-01,1.000000000000004663e+00,9.907140255573574361e-01,9.910556794739934228e-01,9.913688855970061997e-01,9.913881729903772921e-01,9.912655481272589775e-01,9.907900736975887579e-01,9.910129871120409994e-01,9.910343970773665134e-01,9.907067575069239407e-01,9.906159692218564627e-01,9.911117771912829610e-01,9.907872172278575640e-01,9.911412318009490408e-01,9.906460520558136862e-01,9.911068379850921373e-01,9.908325407764552173e-01,9.911307251576982891e-01,9.906930767030903695e-01,9.912236797604063732e-01,9.907140255573574361e-01,1.000000000000004663e+00,9.908532400903304893e-01,9.911888324081066237e-01,9.912040064762663860e-01,9.910811555978105147e-01,9.906057261901095590e-01,9.913363145048246228e-01,9.913577205548432802e-01,9.910299707108641831e-01,9.909391512238064914e-01,9.914351200555998611e-01,9.911104534838725000e-01,9.914645826993908617e-01,9.909692392397271288e-01,9.914301715811003612e-01,9.911557711380967195e-01,9.914540094231186762e-01,9.910159299446343883e-01,9.915426705272714081e-01,9.910556794739934228e-01,9.908532400903304893e-01,1.000000000000004663e+00,9.914961061431839529e-01,9.915314649061885977e-01,9.914047832866836885e-01,9.909289677584489642e-01,9.916542286567757714e-01,9.916756043232111129e-01,9.913477400873645928e-01,9.912568879819813050e-01,9.917530142689315875e-01,9.914282428670918579e-01,9.917824850265173353e-01,9.912869817157183849e-01,9.917480603761250624e-01,9.914735675376264989e-01,9.917718905010161068e-01,9.913336234593602692e-01,9.918603128817325976e-01,9.913688855970061997e-01,9.911888324081066237e-01,9.914961061431839529e-01,1.000000000000004663e+00,9.918344852210340123e-01,9.917265734230261698e-01,9.912470002109674549e-01,9.916740873987280880e-01,9.916952418959368298e-01,9.913673353463502425e-01,9.912764705620887851e-01,9.917726025324128392e-01,9.914478233965751119e-01,9.918020717372150186e-01,9.913065580217658157e-01,9.917676450722860970e-01,9.914931452387347743e-01,9.917914708419780512e-01,9.913531834861275538e-01,9.918798502673348283e-01,9.913881729903772921e-01,9.912040064762663860e-01,9.915314649061885977e-01,9.918344852210340123e-01,1.000000000000004663e+00,9.917311795298456856e-01,9.912709118071059144e-01,9.915555587342438359e-01,9.915729200599527893e-01,9.912448308584363987e-01,9.911539349580696934e-01,9.916499928082750381e-01,9.913252503938894122e-01,9.916794532223249803e-01,9.911840000435633291e-01,9.916450294418579503e-01,9.913705627629145756e-01,9.916688501902038988e-01,9.912306131790740160e-01,9.917572060831321146e-01,9.912655481272589775e-01,9.910811555978105147e-01,9.914047832866836885e-01,9.917265734230261698e-01,9.917311795298456856e-01,1.000000000000004663e+00,9.911313585521607239e-01,9.910630645671205663e-01,9.911018678220594458e-01,9.907697347676588384e-01,9.906786032088095162e-01,9.911743703781107362e-01,9.908497719422476591e-01,9.912038000069376409e-01,9.907085829227239016e-01,9.911693900909488431e-01,9.908950544273682493e-01,9.911931980376631479e-01,9.907551697178856864e-01,9.912815071479501583e-01,9.907900736975887579e-01,9.906057261901095590e-01,9.909289677584489642e-01,9.912470002109674549e-01,9.912709118071059144e-01,9.911313585521607239e-01,1.000000000000004663e+00
