1.000000000000000000e+00,1.000000000000000000e+00,1.000000000000000000e+00,1.000000000000000000e+00,1.000000000000000000e+00,1.000000000000000000e+00,1.000000000000000000e+00,1.000000000000000000e+00,1.000000000000000000e+00,1.000000000000000000e+00,1.000000000000000000e+00,1.000000000000000000e+00,1.000000000000000000e+00,1.000000000000000000e+00,1.000000000000000000e+00,1.000000000000000000e+00
1.000000000000013323e+00,9.921031830824290632e-01,9.922885772141100125e-01,9.917888211174702429e-01,9.921031830824290632e-01,1.000000000000013323e+00,9.921343591281348573e-01,9.916506463913625780e-01,9.922885772141100125e-01,9.921343591281348573e-01,1.000000000000013323e+00,9.918199964622852471e-01,9.917888211174702429e-01,9.916506463913625780e-01,9.918199964622852471e-01,1.000000000000013323e+00
1.000000000000001110e+00,9.894134929111693122e-01,9.896583301849358749e-01,9.889795231985206714e-01,9.894134929111693122e-01,1.000000000000001110e+00,9.894564665563687633e-01,9.888110816357577049e-01,9.896583301849358749e-01,9.894564665563687633e-01,1.000000000000001110e+00,9.890224952286036375e-01,9.889795231985206714e-01,9.888110816357577049e-01,9.890224952286036375e-01,1.000000000000001110e+00
1.000000000000003775e+00,9.916442707661411449e-01,9.918571161646163592e-01,9.913306085331607953e-01,9.916442707661411449e-01,1.000000000000003775e+00,9.916754790000167352e-01,9.911730902805424570e-01,9.918571161646163592e-01,9.916754790000167352e-01,1.000000000000003775e+00,9.913618160272296143e-01,9.913306085331607953e-01,9.911730902805424570e-01,9.913618160272296143e-01,1.000000000000003775e+00
1.000000000000012212e+00,9.752375325982873822e-01,9.758988634159472264e-01,9.742738729607489656e-01,9.752375325982873822e-01,1.000000000000012212e+00,9.753332396162534002e-01,9.739036132701738291e-01,9.758988634159472264e-01,9.753332396162534002e-01,1.000000000000012212e+00,9.743695729403035743e-01,9.742738729607489656e-01,9.739036132701738291e-01,9.743695729403035743e-01,1.000000000000012212e+00
1.000000000000015765e+00,9.778695306707015922e-01,9.783628705903025802e-01,9.768788316453440590e-01,9.778695306707015922e-01,1.000000000000015765e+00,9.779672249121295069e-01,9.766433241118328556e-01,9.783628705903025802e-01,9.779672249121295069e-01,1.000000000000015765e+00,9.769765141340883696e-01,9.768788316453440590e-01,9.766433241118328556e-01,9.769765141340883696e-01,1.000000000000015765e+00
1.000000000000017764e+00,9.819146408506823631e-01,9.824526619349406298e-01,9.813132325715915316e-01,9.819146408506823631e-01,1.000000000000017764e+00,9.819748985873029135e-01,9.809306700106436017e-01,9.824526619349406298e-01,9.819748985873029135e-01,1.000000000000017764e+00,9.813734828413952505e-01,9.813132325715915316e-01,9.809306700106436017e-01,9.813734828413952505e-01,1.000000000000017764e+00
1.000000000000018874e+00,9.636071078700874093e-01,9.646602049327852590e-01,9.622659439293800299e-01,9.636071078700874093e-01,1.000000000000018874e+00,9.637409058321032562e-01,9.617361127049670610e-01,9.646602049327852590e-01,9.637409058321032562e-01,1.000000000000018874e+00,9.623997149760327163e-01,9.622659439293800299e-01,9.617361127049670610e-01,9.623997149760327163e-01,1.000000000000018874e+00
1.000000000000017097e+00,9.593538868552455856e-01,9.602416817968731921e-01,9.573865436302613219e-01,9.593538868552455856e-01,1.000000000000017097e+00,9.595472867221509494e-01,9.571731053480621032e-01,9.602416817968731921e-01,9.595472867221509494e-01,1.000000000000017097e+00,9.575798828524836326e-01,9.573865436302613219e-01,9.571731053480621032e-01,9.575798828524836326e-01,1.000000000000017097e+00
1.000000000000017764e+00,9.707589342951283840e-01,9.715742382877610162e-01,9.696396104938144189e-01,9.707589342951283840e-01,1.000000000000017764e+00,9.708698837999263365e-01,9.691386471259898494e-01,9.715742382877610162e-01,9.708698837999263365e-01,1.000000000000017764e+00,9.697505188460949777e-01,9.696396104938144189e-01,9.691386471259898494e-01,9.697505188460949777e-01,1.000000000000017764e+00
1.000000000000011102e+00,9.644185062376590123e-01,9.656579695351585890e-01,9.635038323901741197e-01,9.644185062376590123e-01,1.000000000000011102e+00,9.645123870634424446e-01,9.626802912190098871e-01,9.656579695351585890e-01,9.645123870634424446e-01,1.000000000000011102e+00,9.635976802933112761e-01,9.635038323901741197e-01,9.626802912190098871e-01,9.635976802933112761e-01,1.000000000000011102e+00
1.000000000000021094e+00,9.456216091000806401e-01,9.469914077364820493e-01,9.431860032393707405e-01,9.456216091000806401e-01,1.000000000000021094e+00,9.458628090600926797e-01,9.429032490909099451e-01,9.469914077364820493e-01,9.458628090600926797e-01,1.000000000000021094e+00,9.434271159353158076e-01,9.431860032393707405e-01,9.429032490909099451e-01,9.434271159353158076e-01,1.000000000000021094e+00
1.000000000000015543e+00,9.414023296204866442e-01,9.428062743192787698e-01,9.383668083863843101e-01,9.414023296204866442e-01,1.000000000000015543e+00,9.416987823020954718e-01,9.382383238257846481e-01,9.428062743192787698e-01,9.416987823020954718e-01,1.000000000000015543e+00,9.386631724437425328e-01,9.383668083863843101e-01,9.382383238257846481e-01,9.386631724437425328e-01,1.000000000000015543e+00
1.000000000000003331e+00,9.516093777532689257e-01,9.532394605331729887e-01,9.499036822837528815e-01,9.516093777532689257e-01,1.000000000000003331e+00,9.517781139449353889e-01,9.491939011924438452e-01,9.532394605331729887e-01,9.517781139449353889e-01,1.000000000000003331e+00,9.500723723263754250e-01,9.499036822837528815e-01,9.491939011924438452e-01,9.500723723263754250e-01,1.000000000000003331e+00
1.000000000000014433e+00,9.562689238492531052e-01,9.578966488397973045e-01,9.552885890603799446e-01,9.562689238492531052e-01,1.000000000000014433e+00,9.563717794514149384e-01,9.543890840662770936e-01,9.578966488397973045e-01,9.563717794514149384e-01,1.000000000000014433e+00,9.553914065395763267e-01,9.552885890603799446e-01,9.543890840662770936e-01,9.553914065395763267e-01,1.000000000000014433e+00
1.000000000000015099e+00,9.463639433740026474e-01,9.479864618763028661e-01,9.442690204009179800e-01,9.463639433740026474e-01,1.000000000000015099e+00,9.465745336303590385e-01,9.437331474300234557e-01,9.479864618763028661e-01,9.465745336303590385e-01,1.000000000000015099e+00,9.444794910163821777e-01,9.442690204009179800e-01,9.437331474300234557e-01,9.444794910163821777e-01,1.000000000000015099e+00
1.000000000000009548e+00,9.301329130501000408e-01,9.321921184901603707e-01,9.267947133822662664e-01,9.301329130501000408e-01,1.000000000000009548e+00,9.304587710386504895e-01,9.265218733503851611e-01,9.321921184901603707e-01,9.304587710386504895e-01,1.000000000000009548e+00,9.271203719902175733e-01,9.267947133822662664e-01,9.265218733503851611e-01,9.271203719902175733e-01,1.000000000000009548e+00
1.000000000000011990e+00,9.193936775389260907e-01,9.219010308356849759e-01,9.159625949748948504e-01,9.193936775389260907e-01,1.000000000000011990e+00,9.197275750502300617e-01,9.156189070619942250e-01,9.219010308356849759e-01,9.197275750502300617e-01,1.000000000000011990e+00,9.162963653771590833e-01,9.159625949748948504e-01,9.156189070619942250e-01,9.162963653771590833e-01,1.000000000000011990e+00
1.000000000000023537e+00,9.185261817273882023e-01,9.211991582304199788e-01,9.154915843430645461e-01,9.185261817273882023e-01,1.000000000000023537e+00,9.188282169622854489e-01,9.151169927036020280e-01,9.211991582304199788e-01,9.188282169622854489e-01,1.000000000000023537e+00,9.157935280265068201e-01,9.154915843430645461e-01,9.151169927036020280e-01,9.157935280265068201e-01,1.000000000000023537e+00
1.000000000000021094e+00,9.241547229119326801e-01,9.267501957486139474e-01,9.212309234691717919e-01,9.241547229119326801e-01,1.000000000000021094e+00,9.244508978069653216e-01,9.207843259982325668e-01,9.267501957486139474e-01,9.244508978069653216e-01,1.000000000000021094e+00,9.215268955531550343e-01,9.212309234691717919e-01,9.207843259982325668e-01,9.215268955531550343e-01,1.000000000000021094e+00
1.000000000000011990e+00,9.304594078457251172e-01,9.328093985697214485e-01,9.276192852875377870e-01,9.304594078457251172e-01,1.000000000000011990e+00,9.307432501558873250e-01,9.270109270509082622e-01,9.328093985697214485e-01,9.307432501558873250e-01,1.000000000000011990e+00,9.279028700791671636e-01,9.276192852875377870e-01,9.270109270509082622e-01,9.279028700791671636e-01,1.000000000000011990e+00
9.999999999999971134e-01,9.296438239038445905e-01,9.330923998596780677e-01,9.287694407746466263e-01,9.296438239038445905e-01,9.999999999999971134e-01,9.297364542990356195e-01,9.256133336421143998e-01,9.330923998596780677e-01,9.297364542990356195e-01,9.999999999999971134e-01,9.288619496626905336e-01,9.287694407746466263e-01,9.256133336421143998e-01,9.288619496626905336e-01,9.999999999999971134e-01
9.999999999999978906e-01,1.102317017700291668e-01,2.687533892386532175e-01,5.684055241522331658e-02,1.102317017700291668e-01,9.999999999999978906e-01,1.154832756484476530e-01,2.268479391077965202e-01,2.687533892386532175e-01,1.154832756484476530e-01,9.999999999999978906e-01,6.208561704417922544e-02,5.684055241522331658e-02,2.268479391077965202e-01,6.208561704417922544e-02,9.999999999999978906e-01
9.999999999999926725e-01,6.071169466741556109e-01,6.531316559538300481e-01,5.927471973709711461e-01,6.071169466741556109e-01,9.999999999999926725e-01,6.085054140576566795e-01,6.076420572553647981e-01,6.531316559538300481e-01,6.085054140576566795e-01,9.999999999999926725e-01,5.941341645547373318e-01,5.927471973709711461e-01,6.076420572553647981e-01,5.941341645547373318e-01,9.999999999999926725e-01
9.999999999999886757e-01,9.049420899713261912e-02,5.502875720611741794e-01,8.055351545298988780e-02,9.049420899713261912e-02,9.999999999999886757e-01,9.137676676327148584e-02,5.202049686010523644e-01,5.502875720611741794e-01,9.137676676327148584e-02,9.999999999999886757e-01,8.143216404510057738e-02,8.055351545298988780e-02,5.202049686010523644e-01,8.143216404510057738e-02,9.999999999999886757e-01
9.999999999999829026e-01,-1.867534032926853049e-01,5.336251457909912954e-01,-1.844150248964928906e-01,-1.867534032926853049e-01,9.999999999999829026e-01,-1.868491853237387590e-01,4.763550354947372334e-01,5.336251457909912954e-01,-1.868491853237387590e-01,9.999999999999829026e-01,-1.845122120097231755e-01,-1.844150248964928906e-01,4.763550354947372334e-01,-1.845122120097231755e-01,9.999999999999829026e-01
9.999999999999857891e-01,3.413851057542260925e-01,5.245624168973649359e-01,3.468132792753609861e-01,3.413851057542260925e-01,9.999999999999857891e-01,3.411606792709378499e-01,4.578322715715754665e-01,5.245624168973649359e-01,3.411606792709378499e-01,9.999999999999857891e-01,3.465870006831267003e-01,3.468132792753609861e-01,4.578322715715754665e-01,3.465870006831267003e-01,9.999999999999857891e-01
9.999999999999917843e-01,3.567097988359718141e-01,5.166293834690035558e-01,3.448754900935765422e-01,3.567097988359718141e-01,9.999999999999917843e-01,3.578589586200798256e-01,4.627144517788996936e-01,5.166293834690035558e-01,3.578589586200798256e-01,9.999999999999917843e-01,3.460217813835012590e-01,3.448754900935765422e-01,4.627144517788996936e-01,3.460217813835012590e-01,9.999999999999917843e-01
9.999999999999857891e-01,-8.018403074918956097e-02,6.047253752568269025e-01,-8.532233995675461702e-02,-8.018403074918956097e-02,9.999999999999857891e-01,-7.986822527528139593e-02,5.340144908948826208e-01,6.047253752568269025e-01,-7.986822527528139593e-02,9.999999999999857891e-01,-8.501072870578230134e-02,-8.532233995675461702e-02,5.340144908948826208e-01,-8.501072870578230134e-02,9.999999999999857891e-01
9.999999999999845679e-01,-3.736252249719618224e-01,6.462065341472509328e-01,-3.720100338315979194e-01,-3.736252249719618224e-01,9.999999999999845679e-01,-3.736612333030544519e-01,5.953490383891225646e-01,6.462065341472509328e-01,-3.736612333030544519e-01,9.999999999999845679e-01,-3.720480407437070092e-01,-3.720100338315979194e-01,5.953490383891225646e-01,-3.720480407437070092e-01,9.999999999999845679e-01
9.999999999999795719e-01,-3.259307016360817877e-01,6.019197929151193227e-01,-3.343262318168848113e-01,-3.259307016360817877e-01,9.999999999999795719e-01,-3.247146735384612848e-01,5.004206375432624920e-01,6.019197929151193227e-01,-3.247146735384612848e-01,9.999999999999795719e-01,-3.331148491183053562e-01,-3.343262318168848113e-01,5.004206375432624920e-01,-3.331148491183053562e-01,9.999999999999795719e-01
9.999999999999773515e-01,-1.051085365505987634e-01,4.213449804390138054e-01,-1.265262742140740027e-01,-1.051085365505987634e-01,9.999999999999773515e-01,-1.030126795743175616e-01,3.565862010253157410e-01,4.213449804390138054e-01,-1.030126795743175616e-01,9.999999999999773515e-01,-1.244342057490031433e-01,-1.265262742140740027e-01,3.565862010253157410e-01,-1.244342057490031433e-01,9.999999999999773515e-01
9.999999999999734657e-01,6.540443057696501694e-02,2.825720218319844879e-01,7.813049208991509897e-02,6.540443057696501694e-02,9.999999999999734657e-01,6.374465114686880818e-02,1.745212591352678089e-01,2.825720218319844879e-01,6.374465114686880818e-02,9.999999999999734657e-01,7.647556014898942989e-02,7.813049208991509897e-02,1.745212591352678089e-01,7.647556014898942989e-02,9.999999999999734657e-01
9.999999999999835687e-01,1.060228307226978584e-01,2.282330560852810775e-01,1.573806797963907822e-01,1.060228307226978584e-01,9.999999999999835687e-01,1.014045239381028973e-01,1.112095831233768650e-01,2.282330560852810775e-01,1.014045239381028973e-01,9.999999999999835687e-01,1.527685187576411086e-01,1.573806797963907822e-01,1.112095831233768650e-01,1.527685187576411086e-01,9.999999999999835687e-01
9.999999999999805711e-01,9.825865744078443598e-02,3.026088170311046488e-01,1.249235667669705008e-01,9.825865744078443598e-02,9.999999999999805711e-01,9.640952414857123509e-02,2.291708802014019164e-01,3.026088170311046488e-01,9.640952414857123509e-02,9.999999999999805711e-01,1.230723403787960801e-01,1.249235667669705008e-01,2.291708802014019164e-01,1.230723403787960801e-01,9.999999999999805711e-01
9.999999999999906741e-01,1.236486652454507895e-01,3.895741323030704195e-01,1.386047312829141731e-01,1.236486652454507895e-01,9.999999999999906741e-01,1.222232835597210493e-01,3.039209196007886526e-01,3.895741323030704195e-01,1.222232835597210493e-01,9.999999999999906741e-01,1.371841721861184471e-01,1.386047312829141731e-01,3.039209196007886526e-01,1.371841721861184471e-01,9.999999999999906741e-01
