1.000000000000000000e+00,1.000000000000000000e+00,1.000000000000000000e+00,1.000000000000000000e+00,1.000000000000000000e+00,1.000000000000000000e+00,1.000000000000000000e+00,1.000000000000000000e+00,1.000000000000000000e+00,1.000000000000000000e+00,1.000000000000000000e+00,1.000000000000000000e+00,1.000000000000000000e+00,1.000000000000000000e+00,1.000000000000000000e+00,1.000000000000000000e+00,1.000000000000000000e+00,1.000000000000000000e+00,1.000000000000000000e+00,1.000000000000000000e+00,1.000000000000000000e+00,1.000000000000000000e+00,1.000000000000000000e+00,1.000000000000000000e+00,1.000000000000000000e+00,1.000000000000000000e+00,1.000000000000000000e+00,1.000000000000000000e+00,1.000000000000000000e+00,1.000000000000000000e+00,1.000000000000000000e+00,1.000000000000000000e+00,1.000000000000000000e+00,1.000000000000000000e+00,1.000000000000000000e+00,1.000000000000000000e+00,1.000000000000000000e+00,1.000000000000000000e+00,1.000000000000000000e+00,1.000000000000000000e+00,1.000000000000000000e+00,1.000000000000000000e+00,1.000000000000000000e+00,1.000000000000000000e+00,1.000000000000000000e+00,1.000000000000000000e+00,1.000000000000000000e+00,1.000000000000000000e+00,1.000000000000000000e+00,1.000000000000000000e+00,1.000000000000000000e+00,1.000000000000000000e+00,1.000000000000000000e+00,1.000000000000000000e+00,1.000000000000000000e+00,1.000000000000000000e+00,1.000000000000000000e+00,1.000000000000000000e+00,1.000000000000000000e+00,1.000000000000000000e+00,1.000000000000000000e+00,1.000000000000000000e+00,1.000000000000000000e+00,1.000000000000000000e+00,1.000000000000000000e+00,1.000000000000000000e+00,1.000000000000000000e+00,1.000000000000000000e+00,1.000000000000000000e+00,1.000000000000000000e+00,1.000000000000000000e+00,1.000000000000000000e+00,1.000000000000000000e+00,1.000000000000000000e+00,1.000000000000000000e+00,1.000000000000000000e+00,1.000000000000000000e+00,1.000000000000000000e+00,1.000000000000000000e+00,1.000000000000000000e+00,1.000000000000000000e+00,1.000000000000000000e+00,1.000000000000000000e+00,1.000000000000000000e+00,1.000000000000000000e+00,1.000000000000000000e+00,1.000000000000000000e+00,1.000000000000000000e+00,1.000000000000000000e+00,1.000000000000000000e+00,1.000000000000000000e+00,1.000000000000000000e+00,1.000000000000000000e+00,1.000000000000000000e+00,1.000000000000000000e+00,1.000000000000000000e+00,1.000000000000000000e+00,1.000000000000000000e+00,1.000000000000000000e+00,1.000000000000000000e+00,1.000000000000000000e+00,1.000000000000000000e+00,1.000000000000000000e+00,1.000000000000000000e+00,1.000000000000000000e+00,1.000000000000000000e+00,1.000000000000000000e+00,1.000000000000000000e+00,1.000000000000000000e+00,1.000000000000000000e+00,1.000000000000000000e+00,1.000000000000000000e+00,1.000000000000000000e+00,1.000000000000000000e+00,1.000000000000000000e+00,1.000000000000000000e+00,1.000000000000000000e+00,1.000000000000000000e+00,1.000000000000000000e+00,1.000000000000000000e+00,1.000000000000000000e+00,1.000000000000000000e+00,1.000000000000000000e+00,1.000000000000000000e+00,1.000000000000000000e+00,1.000000000000000000e+00,1.000000000000000000e+00,1.000000000000000000e+00,1.000000000000000000e+00,1.000000000000000000e+00,1.000000000000000000e+00,1.000000000000000000e+00,1.000000000000000000e+00,1.000000000000000000e+00,1.000000000000000000e+00,1.000000000000000000e+00,1.000000000000000000e+00,1.000000000000000000e+00,1.000000000000000000e+00,1.000000000000000000e+00,1.000000000000000000e+00,1.000000000000000000e+00,1.000000000000000000e+00,1.000000000000000000e+00,1.000000000000000000e+00,1.000000000000000000e+00,1.000000000000000000e+00,1.000000000000000000e+00,1.000000000000000000e+00,1.000000000000000000e+00,1.000000000000000000e+00,1.000000000000000000e+00,1.000000000000000000e+00,1.000000000000000000e+00,1.000000000000000000e+00,1.000000000000000000e+00,1.000000000000000000e+00,1.000000000000000000e+00,1.000000000000000000e+00,1.000000000000000000e+00,1.000000000000000000e+00,1.000000000000000000e+00,1.000000000000000000e+00,1.000000000000000000e+00,1.000000000000000000e+00,1.000000000000000000e+00,1.000000000000000000e+00,1.000000000000000000e+00,1.000000000000000000e+00,1.000000000000000000e+00,1.000000000000000000e+00,1.000000000000000000e+00,1.000000000000000000e+00,1.000000000000000000e+00,1.000000000000000000e+00,1.000000000000000000e+00,1.000000000000000000e+00,1.000000000000000000e+00,1.000000000000000000e+00,1.000000000000000000e+00,1.000000000000000000e+00,1.000000000000000000e+00,1.000000000000000000e+00,1.000000000000000000e+00,1.000000000000000000e+00,1.000000000000000000e+00,1.000000000000000000e+00,1.000000000000000000e+00,1.000000000000000000e+00,1.000000000000000000e+00,1.000000000000000000e+00,1.000000000000000000e+00,1.000000000000000000e+00,1.000000000000000000e+00,1.000000000000000000e+00,1.000000000000000000e+00,1.000000000000000000e+00,1.000000000000000000e+00,1.000000000000000000e+00,1.000000000000000000e+00,1.000000000000000000e+00,1.000000000000000000e+00,1.000000000000000000e+00,1.000000000000000000e+00,1.000000000000000000e+00,1.000000000000000000e+00,1.000000000000000000e+00,1.000000000000000000e+00,1.000000000000000000e+00,1.000000000000000000e+00,1.000000000000000000e+00,1.000000000000000000e+00,1.000000000000000000e+00,1.000000000000000000e+00,1.000000000000000000e+00,1.000000000000000000e+00,1.000000000000000000e+00,1.000000000000000000e+00,1.000000000000000000e+00,1.000000000000000000e+00,1.000000000000000000e+00,1.000000000000000000e+00,1.000000000000000000e+00,1.000000000000000000e+00,1.000000000000000000e+00,1.000000000000000000e+00,1.000000000000000000e+00,1.000000000000000000e+00,1.000000000000000000e+00,1.000000000000000000e+00,1.000000000000000000e+00,1.000000000000000000e+00,1.000000000000000000e+00,1.000000000000000000e+00,1.000000000000000000e+00,1.000000000000000000e+00,1.000000000000000000e+00,1.000000000000000000e+00,1.000000000000000000e+00,1.000000000000000000e+00,1.000000000000000000e+00,1.000000000000000000e+00,1.000000000000000000e+00,1.000000000000000000e+00,1.000000000000000000e+00,1.000000000000000000e+00,1.000000000000000000e+00,1.000000000000000000e+00,1.000000000000000000e+00,1.000000000000000000e+00,1.000000000000000000e+00,1.000000000000000000e+00,1.000000000000000000e+00,1.000000000000000000e+00,1.000000000000000000e+00,1.000000000000000000e+00,1.000000000000000000e+00,1.000000000000000000e+00,1.000000000000000000e+00,1.000000000000000000e+00,1.000000000000000000e+00,1.000000000000000000e+00,1.000000000000000000e+00,1.000000000000000000e+00,1.000000000000000000e+00,1.000000000000000000e+00,1.000000000000000000e+00,1.000000000000000000e+00,1.000000000000000000e+00,1.000000000000000000e+00,1.000000000000000000e+00,1.000000000000000000e+00,1.000000000000000000e+00,1.000000000000000000e+00,1.000000000000000000e+00,1.000000000000000000e+00,1.000000000000000000e+00,1.000000000000000000e+00,1.000000000000000000e+00,1.000000000000000000e+00,1.000000000000000000e+00,1.000000000000000000e+00,1.000000000000000000e+00,1.000000000000000000e+00,1.000000000000000000e+00,1.000000000000000000e+00,1.000000000000000000e+00,1.000000000000000000e+00,1.000000000000000000e+00,1.000000000000000000e+00,1.000000000000000000e+00,1.000000000000000000e+00,1.000000000000000000e+00,1.000000000000000000e+00,1.000000000000000000e+00,1.000000000000000000e+00,1.000000000000000000e+00,1.000000000000000000e+00,1.000000000000000000e+00,1.000000000000000000e+00,1.000000000000000000e+00,1.000000000000000000e+00,1.000000000000000000e+00,1.000000000000000000e+00,1.000000000000000000e+00,1.000000000000000000e+00,1.000000000000000000e+00,1.000000000000000000e+00,1.000000000000000000e+00,1.000000000000000000e+00,1.000000000000000000e+00,1.000000000000000000e+00,1.000000000000000000e+00,1.000000000000000000e+00,1.000000000000000000e+00,1.000000000000000000e+00,1.000000000000000000e+00,1.000000000000000000e+00,1.000000000000000000e+00,1.000000000000000000e+00,1.000000000000000000e+00,1.000000000000000000e+00,1.000000000000000000e+00,1.000000000000000000e+00,1.000000000000000000e+00,1.000000000000000000e+00,1.000000000000000000e+00,1.000000000000000000e+00,1.000000000000000000e+00,1.000000000000000000e+00,1.000000000000000000e+00,1.000000000000000000e+00,1.000000000000000000e+00,1.000000000000000000e+00,1.000000000000000000e+00,1.000000000000000000e+00,1.000000000000000000e+00,1.000000000000000000e+00,1.000000000000000000e+00,1.000000000000000000e+00,1.000000000000000000e+00,1.000000000000000000e+00,1.000000000000000000e+00,1.000000000000000000e+00,1.000000000000000000e+00,1.000000000000000000e+00,1.000000000000000000e+00,1.000000000000000000e+00,1.000000000000000000e+00,1.000000000000000000e+00,1.000000000000000000e+00,1.000000000000000000e+00,1.000000000000000000e+00,1.000000000000000000e+00,1.000000000000000000e+00,1.000000000000000000e+00,1.000000000000000000e+00,1.000000000000000000e+00,1.000000000000000000e+00,1.000000000000000000e+00,1.000000000000000000e+00,1.000000000000000000e+00,1.000000000000000000e+00,1.000000000000000000e+00,1.000000000000000000e+00,1.000000000000000000e+00,1.000000000000000000e+00,1.000000000000000000e+00,1.000000000000000000e+00,1.000000000000000000e+00,1.000000000000000000e+00,1.000000000000000000e+00,1.000000000000000000e+00,1.000000000000000000e+00,1.000000000000000000e+00,1.000000000000000000e+00,1.000000000000000000e+00,1.000000000000000000e+00,1.000000000000000000e+00,1.000000000000000000e+00,1.000000000000000000e+00,1.000000000000000000e+00,1.000000000000000000e+00,1.000000000000000000e+00,1.000000000000000000e+00,1.000000000000000000e+00,1.000000000000000000e+00,1.000000000000000000e+00,1.000000000000000000e+00,1.000000000000000000e+00,1.000000000000000000e+00,1.000000000000000000e+00,1.000000000000000000e+00,1.000000000000000000e+00,1.000000000000000000e+00,1.000000000000000000e+00,1.000000000000000000e+00,1.000000000000000000e+00,1.000000000000000000e+00,1.000000000000000000e+00
1.000000000000001776e+00,9.951673494774004869e-01,9.956159569584163149e-01,9.954177146603541138e-01,9.956298815151878312e-01,9.955201356735968732e-01,9.949717555547967773e-01,9.952266849827205997e-01,9.949306038427185861e-01,9.955587768592411013e-01,9.954498675517698958e-01,9.951052621330860326e-01,9.956948532208740321e-01,9.951544167583832312e-01,9.955826144751716011e-01,9.957911249895788908e-01,9.951968045279681041e-01,9.949181294522755348e-01,9.951744245874535322e-01,9.957189355027907807e-01,9.951673494774004869e-01,1.000000000000001776e+00,9.952495691474673167e-01,9.950551754970970997e-01,9.952673283321282760e-01,9.951576269763682259e-01,9.946094472580661039e-01,9.948642841140412640e-01,9.945683108545071427e-01,9.951962551694952808e-01,9.950873855324817718e-01,9.947429056067454978e-01,9.953322820120497072e-01,9.947920423657207190e-01,9.952200841980367585e-01,9.954285189049119076e-01,9.948344156075433764e-01,9.945558470153333941e-01,9.948121061313511815e-01,9.953594816213773289e-01,9.956159569584163149e-01,9.952495691474673167e-01,1.000000000000001776e+00,9.954962784208870596e-01,9.957119344013614093e-01,9.956022293904572829e-01,9.950538082641467996e-01,9.953087597096216266e-01,9.950126543613934116e-01,9.956408792810713670e-01,9.955319610206072589e-01,9.951873272023871175e-01,9.957769669300521320e-01,9.952364859401116037e-01,9.956647190292644556e-01,9.958732469111852836e-01,9.952788784466664040e-01,9.950001864522675099e-01,9.952565655259444366e-01,9.958042387998372602e-01,9.954177146603541138e-01,9.950551754970970997e-01,9.954962784208870596e-01,1.000000000000001776e+00,9.955101663391887623e-01,9.954038779822428351e-01,9.948556187687199737e-01,9.951105249030421929e-01,9.948144792861818297e-01,9.954425793296117764e-01,9.953336828153138693e-01,9.949891176574743312e-01,9.955786399641093354e-01,9.950382666283794642e-01,9.954664144370850565e-01,9.956749008021900105e-01,9.950806507761177366e-01,9.948020144791350772e-01,9.950583431584498761e-01,9.956059105983254831e-01,9.956298815151878312e-01,9.952673283321282760e-01,9.957119344013614093e-01,9.955101663391887623e-01,1.000000000000001776e+00,9.956127442819189266e-01,9.950675949503120510e-01,9.953226158729784334e-01,9.950265112952251245e-01,9.956547460216519374e-01,9.955458264332941454e-01,9.952011878776181319e-01,9.957908358578001495e-01,9.952503473572805737e-01,9.956785864287075460e-01,9.958871172396827065e-01,9.952927405881232259e-01,9.950140449802148401e-01,9.952704284814926083e-01,9.958181132017606130e-01,9.955201356735968732e-01,9.951576269763682259e-01,9.956022293904572829e-01,9.954038779822428351e-01,9.956127442819189266e-01,1.000000000000001776e+00,9.949535913767757478e-01,9.952128396888517692e-01,9.949168248357976863e-01,9.955449957165638519e-01,9.954360887716513506e-01,9.950914883579321524e-01,9.956810714147091845e-01,9.951406425066651185e-01,9.955688343882029834e-01,9.957773422211123604e-01,9.951830310986655714e-01,9.949043662362169194e-01,9.951607215270011908e-01,9.957083459908788736e-01,9.949717555547967773e-01,9.946094472580661039e-01,9.950538082641467996e-01,9.948556187687199737e-01,9.950675949503120510e-01,9.949535913767757478e-01,1.000000000000001776e+00,9.946597317362844137e-01,9.943686870955705803e-01,9.949965953628536752e-01,9.948877534964503111e-01,9.945433437466630888e-01,9.951326023258681985e-01,9.945924711632264659e-01,9.950204272165523722e-01,9.952288202092356428e-01,9.946348364678525567e-01,9.943563251187033103e-01,9.946125392160759526e-01,9.951598620560644370e-01,9.952266849827205997e-01,9.948642841140412640e-01,9.953087597096216266e-01,9.951105249030421929e-01,9.953226158729784334e-01,9.952128396888517692e-01,9.946597317362844137e-01,1.000000000000001776e+00,9.946185194018165587e-01,9.952514698026151407e-01,9.951426556903953946e-01,9.947981621505744831e-01,9.953875726121566014e-01,9.948473031932917321e-01,9.952753689646011148e-01,9.954838153731367933e-01,9.948896794534130006e-01,9.946110967577521667e-01,9.948673765165445548e-01,9.954148396089232964e-01,9.949306038427185861e-01,9.945683108545071427e-01,9.950126543613934116e-01,9.948144792861818297e-01,9.950265112952251245e-01,9.949168248357976863e-01,9.943686870955705803e-01,9.946185194018165587e-01,1.000000000000001776e+00,9.949510694650399723e-01,9.948465256161020953e-01,9.945022008756332355e-01,9.950914424827397298e-01,9.945513345004790562e-01,9.949792731904453236e-01,9.951876576579162803e-01,9.945936985118283280e-01,9.943151987096385813e-01,9.945714022380895969e-01,9.951187024707940365e-01,9.955587768592411013e-01,9.951962551694952808e-01,9.956408792810713670e-01,9.954425793296117764e-01,9.956547460216519374e-01,9.955449957165638519e-01,9.949965953628536752e-01,9.952514698026151407e-01,9.949510694650399723e-01,1.000000000000001776e+00,9.954711486593651459e-01,9.951300402159694025e-01,9.957197128900114880e-01,9.951792671425645498e-01,9.956074767202170994e-01,9.958159928883645318e-01,9.952216587634257206e-01,9.949429831423014514e-01,9.951993484416540303e-01,9.957469942312556777e-01,9.954498675517698958e-01,9.950873855324817718e-01,9.955319610206072589e-01,9.953336828153138693e-01,9.955458264332941454e-01,9.954360887716513506e-01,9.948877534964503111e-01,9.951426556903953946e-01,9.948465256161020953e-01,9.954711486593651459e-01,1.000000000000001776e+00,9.950169367575256718e-01,9.956107325962877397e-01,9.950703933597137008e-01,9.954985611668369927e-01,9.957070552112943229e-01,9.951127862254102174e-01,9.948341411469155959e-01,9.950904784310919959e-01,9.956380643257904950e-01,9.951052621330860326e-01,9.947429056067454978e-01,9.951873272023871175e-01,9.949891176574743312e-01,9.952011878776181319e-01,9.950914883579321524e-01,9.945433437466630888e-01,9.947981621505744831e-01,9.945022008756332355e-01,9.951300402159694025e-01,9.950169367575256718e-01,1.000000000000001776e+00,9.952622734150959882e-01,9.947258408018478937e-01,9.951539330231015112e-01,9.953623597811122048e-01,9.947682971452730394e-01,9.944897487427651894e-01,9.947459973773448150e-01,9.952933937458607883e-01,9.956948532208740321e-01,9.953322820120497072e-01,9.957769669300521320e-01,9.955786399641093354e-01,9.957908358578001495e-01,9.956810714147091845e-01,9.951326023258681985e-01,9.953875726121566014e-01,9.950914424827397298e-01,9.957197128900114880e-01,9.956107325962877397e-01,9.952622734150959882e-01,1.000000000000001776e+00,9.953115073438426608e-01,9.957435044736432372e-01,9.959520995057201675e-01,9.953576877721019844e-01,9.950789749226872649e-01,9.953353755437700512e-01,9.958830962861902059e-01,9.951544167583832312e-01,9.947920423657207190e-01,9.952364859401116037e-01,9.950382666283794642e-01,9.952503473572805737e-01,9.951406425066651185e-01,9.945924711632264659e-01,9.948473031932917321e-01,9.945513345004790562e-01,9.951792671425645498e-01,9.950703933597137008e-01,9.947258408018478937e-01,9.953115073438426608e-01,1.000000000000001776e+00,9.951991062970690916e-01,9.954114647720014863e-01,9.948174274356806901e-01,9.945388713479053067e-01,9.947951338726827020e-01,9.953425575938608105e-01,9.955826144751716011e-01,9.952200841980367585e-01,9.956647190292644556e-01,9.954664144370850565e-01,9.956785864287075460e-01,9.955688343882029834e-01,9.950204272165523722e-01,9.952753689646011148e-01,9.949792731904453236e-01,9.956074767202170994e-01,9.954985611668369927e-01,9.951539330231015112e-01,9.957435044736432372e-01,9.951991062970690916e-01,1.000000000000001776e+00,9.958368193509814503e-01,9.952454190477953988e-01,9.949667985094274858e-01,9.952231761531433740e-01,9.957708361450902101e-01,9.957911249895788908e-01,9.954285189049119076e-01,9.958732469111852836e-01,9.956749008021900105e-01,9.958871172396827065e-01,9.957773422211123604e-01,9.952288202092356428e-01,9.954838153731367933e-01,9.951876576579162803e-01,9.958159928883645318e-01,9.957070552112943229e-01,9.953623597811122048e-01,9.959520995057201675e-01,9.954114647720014863e-01,9.958368193509814503e-01,1.000000000000001776e+00,9.954503775294609724e-01,9.951751186747641587e-01,9.954316067288746517e-01,9.959793855974093946e-01,9.951968045279681041e-01,9.948344156075433764e-01,9.952788784466664040e-01,9.950806507761177366e-01,9.952927405881232259e-01,9.951830310986655714e-01,9.946348364678525567e-01,9.948896794534130006e-01,9.945936985118283280e-01,9.952216587634257206e-01,9.951127862254102174e-01,9.947682971452730394e-01,9.953576877721019844e-01,9.948174274356806901e-01,9.952454190477953988e-01,9.954503775294609724e-01,1.000000000000001776e+00,9.945761143853975028e-01,9.948374264943538048e-01,9.953849484581082097e-01,9.949181294522755348e-01,9.945558470153333941e-01,9.950001864522675099e-01,9.948020144791350772e-01,9.950140449802148401e-01,9.949043662362169194e-01,9.943563251187033103e-01,9.946110967577521667e-01,9.943151987096385813e-01,9.949429831423014514e-01,9.948341411469155959e-01,9.944897487427651894e-01,9.950789749226872649e-01,9.945388713479053067e-01,9.949667985094274858e-01,9.951751186747641587e-01,9.945761143853975028e-01,1.000000000000001776e+00,9.945537738590294330e-01,9.951061618902813377e-01,9.951744245874535322e-01,9.948121061313511815e-01,9.952565655259444366e-01,9.950583431584498761e-01,9.952704284814926083e-01,9.951607215270011908e-01,9.946125392160759526e-01,9.948673765165445548e-01,9.945714022380895969e-01,9.951993484416540303e-01,9.950904784310919959e-01,9.947459973773448150e-01,9.953353755437700512e-01,9.947951338726827020e-01,9.952231761531433740e-01,9.954316067288746517e-01,9.948374264943538048e-01,9.945537738590294330e-01,1.000000000000001776e+00,9.953589337105339663e-01,9.957189355027907807e-01,9.953594816213773289e-01,9.958042387998372602e-01,9.956059105983254831e-01,9.958181132017606130e-01,9.957083459908788736e-01,9.951598620560644370e-01,9.954148396089232964e-01,9.951187024707940365e-01,9.957469942312556777e-01,9.956380643257904950e-01,9.952933937458607883e-01,9.958830962861902059e-01,9.953425575938608105e-01,9.957708361450902101e-01,9.959793855974093946e-01,9.953849484581082097e-01,9.951061618902813377e-01,9.953589337105339663e-01,1.000000000000001776e+00
1.000000000000002665e+00,9.818825724245635600e-01,9.836037413961951081e-01,9.828641224371581497e-01,9.836550705355584512e-01,9.832501140177699606e-01,9.812142457433089549e-01,9.821673092843051789e-01,9.810613727380039784e-01,9.833954805158663381e-01,9.829887266793022604e-01,9.817053921428616770e-01,9.839015285305100500e-01,9.818864509388263162e-01,9.834793576812858040e-01,9.842556548233405422e-01,9.820490609975830454e-01,9.810187146008584325e-01,9.819640710435656450e-01,9.839461343661773940e-01,9.818825724245635600e-01,1.000000000000002665e+00,9.821919180940799077e-01,9.815136127147754408e-01,9.823060679707958931e-01,9.819018547659275065e-01,9.798688083741334820e-01,9.808205761733035377e-01,9.797161588962087775e-01,9.820470679549939685e-01,9.816408723853962126e-01,9.803592979088130432e-01,9.825524234582535543e-01,9.805401098606312260e-01,9.821308341252941165e-01,9.829060719264303136e-01,9.807025353680594026e-01,9.796738088118654986e-01,9.806202185445711539e-01,9.826478263470314056e-01,9.836037413961951081e-01,9.821919180940799077e-01,1.000000000000002665e+00,9.831121766747372703e-01,9.839601675857623242e-01,9.835571206671774869e-01,9.815207917609880539e-01,9.824741953861720889e-01,9.813679222164056748e-01,9.837027635895944089e-01,9.832958838907099874e-01,9.820121491993328844e-01,9.842089725610150275e-01,9.821932671195499065e-01,9.837866741775278534e-01,9.845632212743794520e-01,9.823559808123026871e-01,9.813255646007391642e-01,9.822737980792811685e-01,9.843070027685139056e-01,9.828641224371581497e-01,9.815136127147754408e-01,9.831121766747372703e-01,1.000000000000002665e+00,9.831614940988943063e-01,9.828129708268079634e-01,9.807803363291649479e-01,9.817332485864566083e-01,9.806278416763583028e-01,9.829609328673253321e-01,9.825543622928677445e-01,9.812715965682801134e-01,9.834667639806946582e-01,9.814525789475742057e-01,9.830447848212223727e-01,9.838207469705814168e-01,9.816151735667616451e-01,9.805855425553599014e-01,9.815330892414632080e-01,9.835648945270755172e-01,9.836550705355584512e-01,9.823060679707958931e-01,9.839601675857623242e-01,9.831614940988943063e-01,1.000000000000002665e+00,9.835499686194901781e-01,9.815667064518588392e-01,9.825228543183260888e-01,9.814167283435932809e-01,9.837517308274916772e-01,9.833448389688194125e-01,9.820610430587990436e-01,9.842579775455068125e-01,9.822421724800667331e-01,9.838356596570126955e-01,9.846122464897832938e-01,9.824049000508772167e-01,9.813744440132001756e-01,9.823227611279570226e-01,9.843562253618660662e-01,9.832501140177699606e-01,9.819018547659275065e-01,9.835571206671774869e-01,9.828129708268079634e-01,9.835499686194901781e-01,1.000000000000002665e+00,9.810919440728959051e-01,9.821157723122588834e-01,9.810123981689525818e-01,9.833466614480688150e-01,9.829399639276412692e-01,9.816567031246618003e-01,9.838527362108330232e-01,9.818377617546307778e-01,9.834305934748940325e-01,9.842068609149290381e-01,9.820004238042524536e-01,9.809703931200136617e-01,9.819183219630357451e-01,9.839509538667372546e-01,9.812142457433089549e-01,9.798688083741334820e-01,9.815207917609880539e-01,9.807803363291649479e-01,9.815667064518588392e-01,9.810919440728959051e-01,1.000000000000002665e+00,9.800018904064736747e-01,9.789775124009653107e-01,9.813103225203971824e-01,9.809046759827645401e-01,9.796241078272629466e-01,9.818156064656212711e-01,9.798048063297264409e-01,9.813943417500277100e-01,9.821690025721228068e-01,9.799671342758333736e-01,9.789392368194300698e-01,9.798852037593628328e-01,9.819136284443873430e-01,9.821673092843051789e-01,9.808205761733035377e-01,9.824741953861720889e-01,9.817332485864566083e-01,9.825228543183260888e-01,9.821157723122588834e-01,9.800018904064736747e-01,1.000000000000002665e+00,9.798479650432044830e-01,9.822610079980744757e-01,9.818572023789736702e-01,9.805755735308178123e-01,9.827692389393180017e-01,9.807564914437866266e-01,9.823475737148034126e-01,9.831229879118125181e-01,9.809189813968914873e-01,9.798900861025165998e-01,9.808369725097647596e-01,9.828673682215381957e-01,9.810613727380039784e-01,9.797161588962087775e-01,9.813679222164056748e-01,9.806278416763583028e-01,9.814167283435932809e-01,9.810123981689525818e-01,9.789775124009653107e-01,9.798479650432044830e-01,1.000000000000002665e+00,9.810843070827192092e-01,9.807485874660212266e-01,9.794711114262344420e-01,9.816625767246063283e-01,9.796521254425157865e-01,9.812414276790496492e-01,9.820159718533867377e-01,9.798144478457886386e-01,9.787867117472190959e-01,9.797325325156458486e-01,9.817606424542759669e-01,9.833954805158663381e-01,9.820470679549939685e-01,9.837027635895944089e-01,9.829609328673253321e-01,9.837517308274916772e-01,9.833466614480688150e-01,9.813103225203971824e-01,9.822610079980744757e-01,9.810843070827192092e-01,1.000000000000002665e+00,9.830252530984522341e-01,9.817988579517633596e-01,9.839979426871021673e-01,9.819828415665476928e-01,9.835759545939185555e-01,9.843523471867274832e-01,9.821455867416948315e-01,9.811154062906061180e-01,9.820634777869597931e-01,9.840964131900925560e-01,9.829887266793022604e-01,9.816408723853962126e-01,9.832958838907099874e-01,9.825543622928677445e-01,9.833448389688194125e-01,9.829399639276412692e-01,9.809046759827645401e-01,9.818572023789736702e-01,9.807485874660212266e-01,9.830252530984522341e-01,1.000000000000002665e+00,9.813233636118832148e-01,9.835887764441875181e-01,9.815764227078975779e-01,9.831690870970114515e-01,9.839451876155682619e-01,9.817393451530134207e-01,9.807095932625179424e-01,9.816572739084513666e-01,9.836893690893290243e-01,9.817053921428616770e-01,9.803592979088130432e-01,9.820121491993328844e-01,9.812715965682801134e-01,9.820610430587990436e-01,9.816567031246618003e-01,9.796241078272629466e-01,9.805755735308178123e-01,9.794711114262344420e-01,9.817988579517633596e-01,9.813233636118832148e-01,1.000000000000002665e+00,9.822423402148565685e-01,9.802917056062652179e-01,9.818852723989086595e-01,9.826605626172604246e-01,9.804576265492711551e-01,9.794292282746575040e-01,9.803756755376794585e-01,9.824051193495068057e-01,9.839015285305100500e-01,9.825524234582535543e-01,9.842089725610150275e-01,9.834667639806946582e-01,9.842579775455068125e-01,9.838527362108330232e-01,9.818156064656212711e-01,9.827692389393180017e-01,9.816625767246063283e-01,9.839979426871021673e-01,9.835887764441875181e-01,9.822423402148565685e-01,1.000000000000002665e+00,9.824246945219244909e-01,9.840798466763853725e-01,9.848586826484778678e-01,9.826509371626785949e-01,9.816202632814090556e-01,9.825688346864769329e-01,9.846028204762891090e-01,9.818864509388263162e-01,9.805401098606312260e-01,9.821932671195499065e-01,9.814525789475742057e-01,9.822421724800667331e-01,9.818377617546307778e-01,9.798048063297264409e-01,9.807564914437866266e-01,9.796521254425157865e-01,9.819828415665476928e-01,9.815764227078975779e-01,9.802917056062652179e-01,9.824246945219244909e-01,1.000000000000002665e+00,9.819996613818171571e-01,9.828392376350456594e-01,9.806381325821124095e-01,9.796097984833274097e-01,9.805564726280669996e-01,9.825863041658192687e-01,9.834793576812858040e-01,9.821308341252941165e-01,9.837866741775278534e-01,9.830447848212223727e-01,9.838356596570126955e-01,9.834305934748940325e-01,9.813943417500277100e-01,9.823475737148034126e-01,9.812414276790496492e-01,9.835759545939185555e-01,9.831690870970114515e-01,9.818852723989086595e-01,9.840798466763853725e-01,9.819996613818171571e-01,1.000000000000002665e+00,9.843856216254783797e-01,9.822264991633695708e-01,9.811987749953173799e-01,9.821471860427720690e-01,9.841803411671691260e-01,9.842556548233405422e-01,9.829060719264303136e-01,9.845632212743794520e-01,9.838207469705814168e-01,9.846122464897832938e-01,9.842068609149290381e-01,9.821690025721228068e-01,9.831229879118125181e-01,9.820159718533867377e-01,9.843523471867274832e-01,9.839451876155682619e-01,9.826605626172604246e-01,9.848586826484778678e-01,9.828392376350456594e-01,9.843856216254783797e-01,1.000000000000002665e+00,9.829450818790026467e-01,9.819707842522770180e-01,9.829222398678882922e-01,9.849571712947826629e-01,9.820490609975830454e-01,9.807025353680594026e-01,9.823559808123026871e-01,9.816151735667616451e-01,9.824049000508772167e-01,9.820004238042524536e-01,9.799671342758333736e-01,9.809189813968914873e-01,9.798144478457886386e-01,9.821455867416948315e-01,9.817393451530134207e-01,9.804576265492711551e-01,9.826509371626785949e-01,9.806381325821124095e-01,9.822264991633695708e-01,9.829450818790026467e-01,1.000000000000002665e+00,9.796863707463829840e-01,9.807156410542170466e-01,9.827488275001379225e-01,9.810187146008584325e-01,9.796738088118654986e-01,9.813255646007391642e-01,9.805855425553599014e-01,9.813744440132001756e-01,9.809703931200136617e-01,9.789392368194300698e-01,9.798900861025165998e-01,9.787867117472190959e-01,9.811154062906061180e-01,9.807095932625179424e-01,9.794292282746575040e-01,9.816202632814090556e-01,9.796097984833274097e-01,9.811987749953173799e-01,9.819707842522770180e-01,9.796863707463829840e-01,1.000000000000002665e+00,9.796037215403200493e-01,9.817153677230293640e-01,9.819640710435656450e-01,9.806202185445711539e-01,9.822737980792811685e-01,9.815330892414632080e-01,9.823227611279570226e-01,9.819183219630357451e-01,9.798852037593628328e-01,9.808369725097647596e-01,9.797325325156458486e-01,9.820634777869597931e-01,9.816572739084513666e-01,9.803756755376794585e-01,9.825688346864769329e-01,9.805564726280669996e-01,9.821471860427720690e-01,9.829222398678882922e-01,9.807156410542170466e-01,9.796037215403200493e-01,1.000000000000002665e+00,9.826047300051936606e-01,9.839461343661773940e-01,9.826478263470314056e-01,9.843070027685139056e-01,9.835648945270755172e-01,9.843562253618660662e-01,9.839509538667372546e-01,9.819136284443873430e-01,9.828673682215381957e-01,9.817606424542759669e-01,9.840964131900925560e-01,9.836893690893290243e-01,9.824051193495068057e-01,9.846028204762891090e-01,9.825863041658192687e-01,9.841803411671691260e-01,9.849571712947826629e-01,9.827488275001379225e-01,9.817153677230293640e-01,9.826047300051936606e-01,1.000000000000002665e+00
1.000000000000001776e+00,9.820449347505159077e-01,9.837378280684475618e-01,9.829965865539448400e-01,9.837804564524595952e-01,9.833924986433182358e-01,9.814014208964514374e-01,9.823553196076031391e-01,9.812516273542533085e-01,9.835410324798549153e-01,9.831351165357522515e-01,9.818667928527090583e-01,9.840387029614983128e-01,9.820390799872178444e-01,9.836076474753533416e-01,9.843743717925321768e-01,9.822156715965151275e-01,9.812226058987032484e-01,9.821341423048929320e-01,9.840771420345798548e-01,9.820449347505159077e-01,1.000000000000001776e+00,9.823553587324207470e-01,9.816667863782794212e-01,9.824528636245811741e-01,9.820656613868889995e-01,9.800773088030352298e-01,9.810299351097653275e-01,9.799277356782026827e-01,9.822140543356762121e-01,9.818086867672829454e-01,9.805420748005743148e-01,9.827110552274925803e-01,9.807141314136662569e-01,9.822805848796313244e-01,9.830462814322846743e-01,9.808905336998865465e-01,9.798990602971274777e-01,9.808123345349853972e-01,9.827937416869831910e-01,9.837378280684475618e-01,9.823553587324207470e-01,1.000000000000001776e+00,9.832525602681281285e-01,9.840863019416800084e-01,9.837007722527602027e-01,9.817092869151511358e-01,9.826635392350256959e-01,9.815595123406209987e-01,9.838496414800541601e-01,9.834435998327405448e-01,9.821748793409070810e-01,9.843474719464487821e-01,9.823472239930260974e-01,9.839162871312552294e-01,9.846832617564557077e-01,9.825239388679969377e-01,9.815308712888134446e-01,9.824459487357224408e-01,9.844333939615446116e-01,9.829965865539448400e-01,9.816667863782794212e-01,9.832525602681281285e-01,1.000000000000001776e+00,9.832925093458949606e-01,9.829538466168187272e-01,9.809665921966616020e-01,9.819204043355437284e-01,9.808172527468208557e-01,9.831056639761426297e-01,9.826999324183611773e-01,9.814321725041800226e-01,9.836031231976473110e-01,9.816043882488492134e-01,9.831722654722762078e-01,9.839386610091102048e-01,9.817809743182005500e-01,9.807886682465737360e-01,9.817030896825859054e-01,9.836891949631247911e-01,9.837804564524595952e-01,9.824528636245811741e-01,9.840863019416800084e-01,9.832925093458949606e-01,1.000000000000001776e+00,9.836906445504288721e-01,9.817452193065534516e-01,9.827028849978172165e-01,9.815990588389145177e-01,9.838893375534294439e-01,9.834832901203608424e-01,9.822145220337789029e-01,9.843872046932581332e-01,9.823868770041446208e-01,9.839560045429820434e-01,9.847230115713294651e-01,9.825636067283965991e-01,9.815705140548790508e-01,9.824856751393012955e-01,9.844733947435404531e-01,9.833924986433182358e-01,9.820656613868889995e-01,9.837007722527602027e-01,9.829538466168187272e-01,9.836906445504288721e-01,1.000000000000001776e+00,9.812965981945357408e-01,9.823121818272350092e-01,9.812116019688127411e-01,9.835012434101598755e-01,9.830953895931704434e-01,9.818271304105764541e-01,9.839989603062254675e-01,9.819994224262724725e-01,9.835679319312564672e-01,9.843346369185645983e-01,9.821760844458189421e-01,9.811833849149511622e-01,9.820981879728269970e-01,9.840851300683903791e-01,9.814014208964514374e-01,9.800773088030352298e-01,9.817092869151511358e-01,9.809665921966616020e-01,9.817452193065534516e-01,9.812965981945357408e-01,1.000000000000001776e+00,9.802534249521892562e-01,9.792204494170176909e-01,9.815096168234321850e-01,9.811048340473795815e-01,9.798391874898573217e-01,9.820066364544148829e-01,9.800111499559320816e-01,9.815764860211159126e-01,9.823416395769646314e-01,9.801874579124051357e-01,9.791967689803856567e-01,9.801097209576032920e-01,9.820926420270779111e-01,9.823553196076031391e-01,9.810299351097653275e-01,9.826635392350256959e-01,9.819204043355437284e-01,9.827028849978172165e-01,9.823121818272350092e-01,9.802534249521892562e-01,1.000000000000001776e+00,9.801027208487218534e-01,9.824606027043039091e-01,9.820581568323455413e-01,9.807914997804254575e-01,9.829611034545295833e-01,9.809636847865064180e-01,9.825305461732236623e-01,9.832964446897209942e-01,9.811401698592793208e-01,9.801485187678059541e-01,9.810623589795717248e-01,9.830472084792953869e-01,9.812516273542533085e-01,9.799277356782026827e-01,9.815595123406209987e-01,9.808172527468208557e-01,9.815990588389145177e-01,9.812116019688127411e-01,9.792204494170176909e-01,9.801027208487218534e-01,1.000000000000001776e+00,9.812952244783069711e-01,9.809510139813147900e-01,9.796891712705090294e-01,9.818566690793542051e-01,9.798615321419976709e-01,9.814266483265458030e-01,9.821916904858327690e-01,9.800378392944295580e-01,9.790473032112338991e-01,9.799601174769816403e-01,9.819427376219763692e-01,9.835410324798549153e-01,9.822140543356762121e-01,9.838496414800541601e-01,9.831056639761426297e-01,9.838893375534294439e-01,9.835012434101598755e-01,9.815096168234321850e-01,9.824606027043039091e-01,9.812952244783069711e-01,1.000000000000001776e+00,9.831906233136615825e-01,9.819717142944535127e-01,9.841472754522666566e-01,9.821476441574295002e-01,9.837164495704989742e-01,9.844832840779547123e-01,9.823244094431020645e-01,9.813315633739925214e-01,9.822465079992218628e-01,9.842337542402895822e-01,9.831351165357522515e-01,9.818086867672829454e-01,9.834435998327405448e-01,9.826999324183611773e-01,9.834832901203608424e-01,9.830953895931704434e-01,9.811048340473795815e-01,9.820581568323455413e-01,9.809510139813147900e-01,9.831906233136615825e-01,1.000000000000001776e+00,9.815059508601543525e-01,9.837384365654874285e-01,9.817419957747378634e-01,9.833104111395868374e-01,9.840769660710030342e-01,9.819189892732744784e-01,9.809265562440177000e-01,9.818411249875420577e-01,9.838275519401042946e-01,9.818667928527090583e-01,9.805420748005743148e-01,9.821748793409070810e-01,9.814321725041800226e-01,9.822145220337789029e-01,9.818271304105764541e-01,9.798391874898573217e-01,9.807914997804254575e-01,9.796891712705090294e-01,9.819717142944535127e-01,9.815059508601543525e-01,1.000000000000001776e+00,9.824148795663383282e-01,9.804714091372349616e-01,9.820415581069766864e-01,9.828073732465041346e-01,9.806522143662187441e-01,9.796610738478682689e-01,9.805744678356443922e-01,9.825583343036315975e-01,9.840387029614983128e-01,9.827110552274925803e-01,9.843474719464487821e-01,9.836031231976473110e-01,9.843872046932581332e-01,9.839989603062254675e-01,9.820066364544148829e-01,9.829611034545295833e-01,9.818566690793542051e-01,9.841472754522666566e-01,9.837384365654874285e-01,9.824148795663383282e-01,1.000000000000001776e+00,9.825882785618982318e-01,9.842114192676639783e-01,9.849811756141245711e-01,9.828213937597266581e-01,9.818280925419072824e-01,9.827435158848382146e-01,9.847317733192493261e-01,9.820390799872178444e-01,9.807141314136662569e-01,9.823472239930260974e-01,9.816043882488492134e-01,9.823868770041446208e-01,9.819994224262724725e-01,9.800111499559320816e-01,9.809636847865064180e-01,9.798615321419976709e-01,9.821476441574295002e-01,9.817419957747378634e-01,9.804714091372349616e-01,9.825882785618982318e-01,1.000000000000001776e+00,9.821546523654477445e-01,9.829766052962778389e-01,9.808238834667477590e-01,9.798328854948116229e-01,9.807465065685423422e-01,9.827307387308861220e-01,9.836076474753533416e-01,9.822805848796313244e-01,9.839162871312552294e-01,9.831722654722762078e-01,9.839560045429820434e-01,9.835679319312564672e-01,9.815764860211159126e-01,9.825305461732236623e-01,9.814266483265458030e-01,9.837164495704989742e-01,9.833104111395868374e-01,9.820415581069766864e-01,9.842114192676639783e-01,9.821546523654477445e-01,1.000000000000001776e+00,9.845047882911774906e-01,9.823873311770243699e-01,9.813976377080129154e-01,9.823129640718401001e-01,9.843004042780592044e-01,9.843743717925321768e-01,9.830462814322846743e-01,9.846832617564557077e-01,9.839386610091102048e-01,9.847230115713294651e-01,9.843346369185645983e-01,9.823416395769646314e-01,9.832964446897209942e-01,9.821916904858327690e-01,9.844832840779547123e-01,9.840769660710030342e-01,9.828073732465041346e-01,9.849811756141245711e-01,9.829766052962778389e-01,9.845047882911774906e-01,1.000000000000001776e+00,9.831037871895617064e-01,9.821595694009566113e-01,9.830784484850424443e-01,9.850676430641126524e-01,9.822156715965151275e-01,9.808905336998865465e-01,9.825239388679969377e-01,9.817809743182005500e-01,9.825636067283965991e-01,9.821760844458189421e-01,9.801874579124051357e-01,9.811401698592793208e-01,9.800378392944295580e-01,9.823244094431020645e-01,9.819189892732744784e-01,9.806522143662187441e-01,9.828213937597266581e-01,9.808238834667477590e-01,9.823873311770243699e-01,9.831037871895617064e-01,1.000000000000001776e+00,9.799335510919777725e-01,9.809189385404887274e-01,9.829072105892714406e-01,9.812226058987032484e-01,9.798990602971274777e-01,9.815308712888134446e-01,9.807886682465737360e-01,9.815705140548790508e-01,9.811833849149511622e-01,9.791967689803856567e-01,9.801485187678059541e-01,9.790473032112338991e-01,9.813315633739925214e-01,9.809265562440177000e-01,9.796610738478682689e-01,9.818280925419072824e-01,9.798328854948116229e-01,9.813976377080129154e-01,9.821595694009566113e-01,9.799335510919777725e-01,1.000000000000001776e+00,9.798552105620229602e-01,9.819105083339377815e-01,9.821341423048929320e-01,9.808123345349853972e-01,9.824459487357224408e-01,9.817030896825859054e-01,9.824856751393012955e-01,9.820981879728269970e-01,9.801097209576032920e-01,9.810623589795717248e-01,9.799601174769816403e-01,9.822465079992218628e-01,9.818411249875420577e-01,9.805744678356443922e-01,9.827435158848382146e-01,9.807465065685423422e-01,9.823129640718401001e-01,9.830784484850424443e-01,9.809189385404887274e-01,9.798552105620229602e-01,1.000000000000001776e+00,9.827743847308454406e-01,9.840771420345798548e-01,9.827937416869831910e-01,9.844333939615446116e-01,9.836891949631247911e-01,9.844733947435404531e-01,9.840851300683903791e-01,9.820926420270779111e-01,9.830472084792953869e-01,9.819427376219763692e-01,9.842337542402895822e-01,9.838275519401042946e-01,9.825583343036315975e-01,9.847317733192493261e-01,9.827307387308861220e-01,9.843004042780592044e-01,9.850676430641126524e-01,9.829072105892714406e-01,9.819105083339377815e-01,9.827743847308454406e-01,1.000000000000001776e+00
