1.000000000000000000e+00,1.000000000000000000e+00,1.000000000000000000e+00,1.000000000000000000e+00,1.000000000000000000e+00,1.000000000000000000e+00,1.000000000000000000e+00,1.000000000000000000e+00,1.000000000000000000e+00,1.000000000000000000e+00,1.000000000000000000e+00,1.000000000000000000e+00,1.000000000000000000e+00,1.000000000000000000e+00,1.000000000000000000e+00,1.000000000000000000e+00,1.000000000000000000e+00,1.000000000000000000e+00,1.000000000000000000e+00,1.000000000000000000e+00,1.000000000000000000e+00,1.000000000000000000e+00,1.000000000000000000e+00,1.000000000000000000e+00,1.000000000000000000e+00,1.000000000000000000e+00,1.000000000000000000e+00,1.000000000000000000e+00,1.000000000000000000e+00,1.000000000000000000e+00,1.000000000000000000e+00,1.000000000000000000e+00,1.000000000000000000e+00,1.000000000000000000e+00,1.000000000000000000e+00,1.000000000000000000e+00,1.000000000000000000e+00,1.000000000000000000e+00,1.000000000000000000e+00,1.000000000000000000e+00,1.000000000000000000e+00,1.000000000000000000e+00,1.000000000000000000e+00,1.000000000000000000e+00,1.000000000000000000e+00,1.000000000000000000e+00,1.000000000000000000e+00,1.000000000000000000e+00,1.000000000000000000e+00,1.000000000000000000e+00,1.000000000000000000e+00,1.000000000000000000e+00,1.000000000000000000e+00,1.000000000000000000e+00,1.000000000000000000e+00,1.000000000000000000e+00,1.000000000000000000e+00,1.000000000000000000e+00,1.000000000000000000e+00,1.000000000000000000e+00,1.000000000000000000e+00,1.000000000000000000e+00,1.000000000000000000e+00,1.000000000000000000e+00,1.000000000000000000e+00,1.000000000000000000e+00,1.000000000000000000e+00,1.000000000000000000e+00,1.000000000000000000e+00,1.000000000000000000e+00,1.000000000000000000e+00,1.000000000000000000e+00,1.000000000000000000e+00,1.000000000000000000e+00,1.000000000000000000e+00,1.000000000000000000e+00,1.000000000000000000e+00,1.000000000000000000e+00,1.000000000000000000e+00,1.000000000000000000e+00,1.000000000000000000e+00,1.000000000000000000e+00,1.000000000000000000e+00,1.000000000000000000e+00,1.000000000000000000e+00,1.000000000000000000e+00,1.000000000000000000e+00,1.000000000000000000e+00,1.000000000000000000e+00,1.000000000000000000e+00,1.000000000000000000e+00,1.000000000000000000e+00,1.000000000000000000e+00,1.000000000000000000e+00,1.000000000000000000e+00,1.000000000000000000e+00,1.000000000000000000e+00,1.000000000000000000e+00,1.000000000000000000e+00,1.000000000000000000e+00,1.000000000000000000e+00,1.000000000000000000e+00,1.000000000000000000e+00,1.000000000000000000e+00,1.000000000000000000e+00,1.000000000000000000e+00,1.000000000000000000e+00,1.000000000000000000e+00,1.000000000000000000e+00,1.000000000000000000e+00,1.000000000000000000e+00,1.000000000000000000e+00,1.000000000000000000e+00,1.000000000000000000e+00,1.000000000000000000e+00,1.000000000000000000e+00,1.000000000000000000e+00,1.000000000000000000e+00,1.000000000000000000e+00,1.000000000000000000e+00,1.000000000000000000e+00,1.000000000000000000e+00,1.000000000000000000e+00,1.000000000000000000e+00,1.000000000000000000e+00,1.000000000000000000e+00,1.000000000000000000e+00,1.000000000000000000e+00,1.000000000000000000e+00,1.000000000000000000e+00,1.000000000000000000e+00,1.000000000000000000e+00,1.000000000000000000e+00,1.000000000000000000e+00,1.000000000000000000e+00,1.000000000000000000e+00,1.000000000000000000e+00,1.000000000000000000e+00,1.000000000000000000e+00,1.000000000000000000e+00,1.000000000000000000e+00,1.000000000000000000e+00,1.000000000000000000e+00,1.000000000000000000e+00,1.000000000000000000e+00,1.000000000000000000e+00,1.000000000000000000e+00,1.000000000000000000e+00,1.000000000000000000e+00,1.000000000000000000e+00,1.000000000000000000e+00,1.000000000000000000e+00,1.000000000000000000e+00,1.000000000000000000e+00,1.000000000000000000e+00,1.000000000000000000e+00,1.000000000000000000e+00,1.000000000000000000e+00,1.000000000000000000e+00,1.000000000000000000e+00,1.000000000000000000e+00,1.000000000000000000e+00,1.000000000000000000e+00,1.000000000000000000e+00,1.000000000000000000e+00,1.000000000000000000e+00,1.000000000000000000e+00,1.000000000000000000e+00,1.000000000000000000e+00,1.000000000000000000e+00,1.000000000000000000e+00,1.000000000000000000e+00,1.000000000000000000e+00,1.000000000000000000e+00,1.000000000000000000e+00,1.000000000000000000e+00,1.000000000000000000e+00,1.000000000000000000e+00,1.000000000000000000e+00,1.000000000000000000e+00,1.000000000000000000e+00,1.000000000000000000e+00,1.000000000000000000e+00,1.000000000000000000e+00,1.000000000000000000e+00,1.000000000000000000e+00,1.000000000000000000e+00,1.000000000000000000e+00,1.000000000000000000e+00,1.000000000000000000e+00,1.000000000000000000e+00,1.000000000000000000e+00,1.000000000000000000e+00,1.000000000000000000e+00,1.000000000000000000e+00,1.000000000000000000e+00,1.000000000000000000e+00,1.000000000000000000e+00,1.000000000000000000e+00,1.000000000000000000e+00,1.000000000000000000e+00,1.000000000000000000e+00,1.000000000000000000e+00,1.000000000000000000e+00,1.000000000000000000e+00,1.000000000000000000e+00,1.000000000000000000e+00,1.000000000000000000e+00,1.000000000000000000e+00,1.000000000000000000e+00,1.000000000000000000e+00,1.000000000000000000e+00,1.000000000000000000e+00,1.000000000000000000e+00,1.000000000000000000e+00,1.000000000000000000e+00,1.000000000000000000e+00,1.000000000000000000e+00,1.000000000000000000e+00,1.000000000000000000e+00,1.000000000000000000e+00,1.000000000000000000e+00,1.000000000000000000e+00,1.000000000000000000e+00,1.000000000000000000e+00,1.000000000000000000e+00,1.000000000000000000e+00,1.000000000000000000e+00,1.000000000000000000e+00,1.000000000000000000e+00,1.000000000000000000e+00,1.000000000000000000e+00,1.000000000000000000e+00,1.000000000000000000e+00,1.000000000000000000e+00,1.000000000000000000e+00,1.000000000000000000e+00,1.000000000000000000e+00,1.000000000000000000e+00,1.000000000000000000e+00,1.000000000000000000e+00,1.000000000000000000e+00,1.000000000000000000e+00,1.000000000000000000e+00,1.000000000000000000e+00,1.000000000000000000e+00,1.000000000000000000e+00,1.000000000000000000e+00,1.000000000000000000e+00,1.000000000000000000e+00,1.000000000000000000e+00,1.000000000000000000e+00,1.000000000000000000e+00,1.000000000000000000e+00,1.000000000000000000e+00,1.000000000000000000e+00,1.000000000000000000e+00,1.000000000000000000e+00,1.000000000000000000e+00,1.000000000000000000e+00,1.000000000000000000e+00,1.000000000000000000e+00,1.000000000000000000e+00,1.000000000000000000e+00,1.000000000000000000e+00,1.000000000000000000e+00,1.000000000000000000e+00,1.000000000000000000e+00,1.000000000000000000e+00,1.000000000000000000e+00,1.000000000000000000e+00,1.000000000000000000e+00,1.000000000000000000e+00,1.000000000000000000e+00,1.000000000000000000e+00,1.000000000000000000e+00,1.000000000000000000e+00,1.000000000000000000e+00,1.000000000000000000e+00,1.000000000000000000e+00,1.000000000000000000e+00,1.000000000000000000e+00,1.000000000000000000e+00,1.000000000000000000e+00,1.000000000000000000e+00,1.000000000000000000e+00,1.000000000000000000e+00,1.000000000000000000e+00,1.000000000000000000e+00,1.000000000000000000e+00,1.000000000000000000e+00,1.000000000000000000e+00,1.000000000000000000e+00,1.000000000000000000e+00,1.000000000000000000e+00,1.000000000000000000e+00,1.000000000000000000e+00,1.000000000000000000e+00,1.000000000000000000e+00,1.000000000000000000e+00,1.000000000000000000e+00,1.000000000000000000e+00,1.000000000000000000e+00,1.000000000000000000e+00,1.000000000000000000e+00,1.000000000000000000e+00,1.000000000000000000e+00,1.000000000000000000e+00,1.000000000000000000e+00,1.000000000000000000e+00,1.000000000000000000e+00,1.000000000000000000e+00,1.000000000000000000e+00,1.000000000000000000e+00,1.000000000000000000e+00,1.000000000000000000e+00,1.000000000000000000e+00,1.000000000000000000e+00,1.000000000000000000e+00,1.000000000000000000e+00,1.000000000000000000e+00,1.000000000000000000e+00,1.000000000000000000e+00,1.000000000000000000e+00,1.000000000000000000e+00,1.000000000000000000e+00,1.000000000000000000e+00,1.000000000000000000e+00,1.000000000000000000e+00,1.000000000000000000e+00,1.000000000000000000e+00,1.000000000000000000e+00,1.000000000000000000e+00,1.000000000000000000e+00,1.000000000000000000e+00,1.000000000000000000e+00,1.000000000000000000e+00,1.000000000000000000e+00,1.000000000000000000e+00,1.000000000000000000e+00,1.000000000000000000e+00,1.000000000000000000e+00,1.000000000000000000e+00,1.000000000000000000e+00,1.000000000000000000e+00,1.000000000000000000e+00,1.000000000000000000e+00,1.000000000000000000e+00,1.000000000000000000e+00,1.000000000000000000e+00,1.000000000000000000e+00,1.000000000000000000e+00,1.000000000000000000e+00,1.000000000000000000e+00,1.000000000000000000e+00,1.000000000000000000e+00,1.000000000000000000e+00,1.000000000000000000e+00,1.000000000000000000e+00,1.000000000000000000e+00,1.000000000000000000e+00,1.000000000000000000e+00,1.000000000000000000e+00,1.000000000000000000e+00,1.000000000000000000e+00,1.000000000000000000e+00,1.000000000000000000e+00,1.000000000000000000e+00,1.000000000000000000e+00,1.000000000000000000e+00,1.000000000000000000e+00,1.000000000000000000e+00,1.000000000000000000e+00,1.000000000000000000e+00,1.000000000000000000e+00,1.000000000000000000e+00,1.000000000000000000e+00,1.000000000000000000e+00,1.000000000000000000e+00,1.000000000000000000e+00,1.000000000000000000e+00,1.000000000000000000e+00,1.000000000000000000e+00,1.000000000000000000e+00,1.000000000000000000e+00,1.000000000000000000e+00,1.000000000000000000e+00,1.000000000000000000e+00,1.000000000000000000e+00,1.000000000000000000e+00,1.000000000000000000e+00,1.000000000000000000e+00,1.000000000000000000e+00,1.000000000000000000e+00,1.000000000000000000e+00,1.000000000000000000e+00,1.000000000000000000e+00,1.000000000000000000e+00,1.000000000000000000e+00,1.000000000000000000e+00
1.000000000000002665e+00,9.919293823755851447e-01,9.920617018776993756e-01,9.919889413810655254e-01,9.921165984201779642e-01,9.921429891036663840e-01,9.921230303219424895e-01,9.920642407724460377e-01,9.919441263981876311e-01,9.919764488837961025e-01,9.920260589288959485e-01,9.920181172401278946e-01,9.919654497689617267e-01,9.919418917556260817e-01,9.919396188275291237e-01,9.921784855184302421e-01,9.921359071648487848e-01,9.921412988110812625e-01,9.920769847743167169e-01,9.917998997509628323e-01,9.919293823755851447e-01,1.000000000000002665e+00,9.920485026183978317e-01,9.919834702724487085e-01,9.921138905637677530e-01,9.921404869374427227e-01,9.921205606427458967e-01,9.920617791086209225e-01,9.919416675677757977e-01,9.919739910629685742e-01,9.920236015554773079e-01,9.920156603256342631e-01,9.919629935566095513e-01,9.919394366895498694e-01,9.919371664415703727e-01,9.921760400868571139e-01,9.921334945175912523e-01,9.921390900334010610e-01,9.920774643248230218e-01,9.918088620265046451e-01,9.920617018776993756e-01,9.920485026183978317e-01,1.000000000000002665e+00,9.920941109628405030e-01,9.922322456565461080e-01,9.922614230619495324e-01,9.922416905607287507e-01,9.921829329803595332e-01,9.920628143237630869e-01,9.920951443149421678e-01,9.921447618928145307e-01,9.921368202294323924e-01,9.920841474652144498e-01,9.920605883021956783e-01,9.920583188856817447e-01,9.922972241557231898e-01,9.922546814794203085e-01,9.922603105381794242e-01,9.921988868238683645e-01,9.919331514924315529e-01,9.919889413810655254e-01,9.919834702724487085e-01,9.920941109628405030e-01,1.000000000000002665e+00,9.921459862015666875e-01,9.921828310689272401e-01,9.921657220908596253e-01,9.921071718667693329e-01,9.919870950252752673e-01,9.920194308861511878e-01,9.920690473570725754e-01,9.920611073611622643e-01,9.920084391718754224e-01,9.919848822440248126e-01,9.919826135517136878e-01,9.922215015219804091e-01,9.921789645426376536e-01,9.921846007412118418e-01,9.921232137135737039e-01,9.918577156847817600e-01,9.921165984201779642e-01,9.921138905637677530e-01,9.922322456565461080e-01,9.921459862015666875e-01,1.000000000000002665e+00,9.923002827140560145e-01,9.922903633588968653e-01,9.922343423695025866e-01,9.921144465587936612e-01,9.921468189877188371e-01,9.921964496235342601e-01,9.921885110495998195e-01,9.921358370793387227e-01,9.921122776625661555e-01,9.921100091150332201e-01,9.923489282845501247e-01,9.923063868945404264e-01,9.923120263818160369e-01,9.922506396193570000e-01,9.919851436995095195e-01,9.921429891036663840e-01,9.921404869374427227e-01,9.922614230619495324e-01,9.921828310689272401e-01,9.923002827140560145e-01,1.000000000000002665e+00,9.923066802678794929e-01,9.922578825503987066e-01,9.921405437838349828e-01,9.921731210959089386e-01,9.922227853525437125e-01,9.922148542603942412e-01,9.921621813470407059e-01,9.921386223181297703e-01,9.921363542524309631e-01,9.923752801799227141e-01,9.923327381847312223e-01,9.923383788102178027e-01,9.922769929278600909e-01,9.920114984885662901e-01,9.921230303219424895e-01,9.921205606427458967e-01,9.922416905607287507e-01,9.921657220908596253e-01,9.922903633588968653e-01,9.923066802678794929e-01,1.000000000000002665e+00,9.922276312511402185e-01,9.921176597781077300e-01,9.921529012273044845e-01,9.922027686656350598e-01,9.921948697668816486e-01,9.921422056661005628e-01,9.921186496484204476e-01,9.921163826669322505e-01,9.923553043465830337e-01,9.923127636113644456e-01,9.923184046382003132e-01,9.922570209927678020e-01,9.919915346258298960e-01,9.920642407724460377e-01,9.920617791086209225e-01,9.921829329803595332e-01,9.921071718667693329e-01,9.922343423695025866e-01,9.922578825503987066e-01,9.922276312511402185e-01,1.000000000000002665e+00,9.920480767735360139e-01,9.920911711687582235e-01,9.921437204502034923e-01,9.921360265586078864e-01,9.920833981614810559e-01,9.920598515967826714e-01,9.920575873705959058e-01,9.922964960037850002e-01,9.922539583120533191e-01,9.922595994146280463e-01,9.921982199338024166e-01,9.919327504024628706e-01,9.919441263981876311e-01,9.919416675677757977e-01,9.920628143237630869e-01,9.919870950252752673e-01,9.921144465587936612e-01,9.921405437838349828e-01,9.921176597781077300e-01,9.920480767735360139e-01,1.000000000000002665e+00,9.919599672805273771e-01,9.920206013874821593e-01,9.920156427796112952e-01,9.919632322442966110e-01,9.919397228684230239e-01,9.919374673677047172e-01,9.921763499259838026e-01,9.921338184171731855e-01,9.921394593878019030e-01,9.920780877599276737e-01,9.918126509450239103e-01,9.919764488837961025e-01,9.919739910629685742e-01,9.920951443149421678e-01,9.920194308861511878e-01,9.921468189877188371e-01,9.921731210959089386e-01,9.921529012273044845e-01,9.920911711687582235e-01,9.919599672805273771e-01,1.000000000000002665e+00,9.920421931669303195e-01,9.920450023688944796e-01,9.919952967873798544e-01,9.919719978533579896e-01,9.919697761291053073e-01,9.922086749525576010e-01,9.921661445194566165e-01,9.921717866908803529e-01,9.921104135975571392e-01,9.918449685810830641e-01,9.920260589288959485e-01,9.920236015554773079e-01,9.921447618928145307e-01,9.920690473570725754e-01,9.921964496235342601e-01,9.922227853525437125e-01,9.922027686656350598e-01,9.921437204502034923e-01,9.920206013874821593e-01,9.920421931669303195e-01,1.000000000000002665e+00,9.920840114452225134e-01,9.920419426056750201e-01,9.920213517223351873e-01,9.920193397243400879e-01,9.922582846195726614e-01,9.922157596202657581e-01,9.922214045444054387e-01,9.921600293686176908e-01,9.918945716031989379e-01,9.920181172401278946e-01,9.920156603256342631e-01,9.921368202294323924e-01,9.920611073611622643e-01,9.921885110495998195e-01,9.922148542603942412e-01,9.921948697668816486e-01,9.921360265586078864e-01,9.920156427796112952e-01,9.920450023688944796e-01,9.920840114452225134e-01,1.000000000000002665e+00,9.920231852930140315e-01,9.920104183382556506e-01,9.920111410101410954e-01,9.922502977764110499e-01,9.922078046081558300e-01,9.922134572616292392e-01,9.921520850441688522e-01,9.918866303796188832e-01,9.919654497689617267e-01,9.919629935566095513e-01,9.920841474652144498e-01,9.920084391718754224e-01,9.921358370793387227e-01,9.921621813470407059e-01,9.921422056661005628e-01,9.920833981614810559e-01,9.919632322442966110e-01,9.919952967873798544e-01,9.920419426056750201e-01,9.920231852930140315e-01,1.000000000000002665e+00,9.919466888025033624e-01,9.919554383601638659e-01,9.921973728777992996e-01,9.921550830545518007e-01,9.921607679649843137e-01,9.920994068462053450e-01,9.918339687388374459e-01,9.919418917556260817e-01,9.919394366895498694e-01,9.920605883021956783e-01,9.919848822440248126e-01,9.921122776625661555e-01,9.921386223181297703e-01,9.921186496484204476e-01,9.920598515967826714e-01,9.919397228684230239e-01,9.919719978533579896e-01,9.920213517223351873e-01,9.920104183382556506e-01,9.919466888025033624e-01,1.000000000000002665e+00,9.919207715251286972e-01,9.921709412982200327e-01,9.921312727331194070e-01,9.921371623127183126e-01,9.920758350626996958e-01,9.918104110128288520e-01,9.919396188275291237e-01,9.919371664415703727e-01,9.920583188856817447e-01,9.919826135517136878e-01,9.921100091150332201e-01,9.921363542524309631e-01,9.921163826669322505e-01,9.920575873705959058e-01,9.919374673677047172e-01,9.919697761291053073e-01,9.920193397243400879e-01,9.920111410101410954e-01,9.919554383601638659e-01,9.919207715251286972e-01,1.000000000000002665e+00,9.921582304352362103e-01,9.921260962537258310e-01,9.921346443857695929e-01,9.920735208562028173e-01,9.918081296463842067e-01,9.921784855184302421e-01,9.921760400868571139e-01,9.922972241557231898e-01,9.922215015219804091e-01,9.923489282845501247e-01,9.923752801799227141e-01,9.923553043465830337e-01,9.922964960037850002e-01,9.921763499259838026e-01,9.922086749525576010e-01,9.922582846195726614e-01,9.922502977764110499e-01,9.921973728777992996e-01,9.921709412982200327e-01,9.921582304352362103e-01,1.000000000000002665e+00,9.923552852717624218e-01,9.923708592571194309e-01,9.923121972972420712e-01,9.920469318447283635e-01,9.921359071648487848e-01,9.921334945175912523e-01,9.922546814794203085e-01,9.921789645426376536e-01,9.923063868945404264e-01,9.923327381847312223e-01,9.923127636113644456e-01,9.922539583120533191e-01,9.921338184171731855e-01,9.921661445194566165e-01,9.922157596202657581e-01,9.922078046081558300e-01,9.921550830545518007e-01,9.921312727331194070e-01,9.921260962537258310e-01,9.923552852717624218e-01,1.000000000000002665e+00,9.923182588341177279e-01,9.922668500759068699e-01,9.920041461685431550e-01,9.921412988110812625e-01,9.921390900334010610e-01,9.922603105381794242e-01,9.921846007412118418e-01,9.923120263818160369e-01,9.923383788102178027e-01,9.923184046382003132e-01,9.922595994146280463e-01,9.921394593878019030e-01,9.921717866908803529e-01,9.922214045444054387e-01,9.922134572616292392e-01,9.921607679649843137e-01,9.921371623127183126e-01,9.921346443857695929e-01,9.923708592571194309e-01,9.923182588341177279e-01,1.000000000000002665e+00,9.922623260083629493e-01,9.920067945474868587e-01,9.920769847743167169e-01,9.920774643248230218e-01,9.921988868238683645e-01,9.921232137135737039e-01,9.922506396193570000e-01,9.922769929278600909e-01,9.922570209927678020e-01,9.921982199338024166e-01,9.920780877599276737e-01,9.921104135975571392e-01,9.921600293686176908e-01,9.921520850441688522e-01,9.920994068462053450e-01,9.920758350626996958e-01,9.920735208562028173e-01,9.923121972972420712e-01,9.922668500759068699e-01,9.922623260083629493e-01,1.000000000000002665e+00,9.919343390132321359e-01,9.917998997509628323e-01,9.918088620265046451e-01,9.919331514924315529e-01,9.918577156847817600e-01,9.919851436995095195e-01,9.920114984885662901e-01,9.919915346258298960e-01,9.919327504024628706e-01,9.918126509450239103e-01,9.918449685810830641e-01,9.918945716031989379e-01,9.918866303796188832e-01,9.918339687388374459e-01,9.918104110128288520e-01,9.918081296463842067e-01,9.920469318447283635e-01,9.920041461685431550e-01,9.920067945474868587e-01,9.919343390132321359e-01,1.000000000000002665e+00
1.000000000000004885e+00,9.893701587288192822e-01,9.895547254755717725e-01,9.894554815326100927e-01,9.896275754145199555e-01,9.896665647884241857e-01,9.896383510824401375e-01,9.895538631029244803e-01,9.893889497266447064e-01,9.894306863993800327e-01,9.894989587020943667e-01,9.894880077002737861e-01,9.894150962166887719e-01,9.893814815805540563e-01,9.893853538981507434e-01,9.897097920061675991e-01,9.896594602433707033e-01,9.896640886724832331e-01,9.895763474645039581e-01,9.891939101993030281e-01,9.893701587288192822e-01,1.000000000000004885e+00,9.895385887429618554e-01,9.894639445025757984e-01,9.896322180650699574e-01,9.896709929513496373e-01,9.896427472467785869e-01,9.895582523219161875e-01,9.893933363004157044e-01,9.894350723867524344e-01,9.895033446042436065e-01,9.894923932595626193e-01,9.894194810589460598e-01,9.893858654870522074e-01,9.893897357749620314e-01,9.897141689317136004e-01,9.896638046805408262e-01,9.896682181945071211e-01,9.895767666822791186e-01,9.892202063986738070e-01,9.895547254755717725e-01,9.895385887429618554e-01,1.000000000000004885e+00,9.896070669027561273e-01,9.897995636877480186e-01,9.898347867202355044e-01,9.898063325807068269e-01,9.897217931947459579e-01,9.895568435836015198e-01,9.895985846307887579e-01,9.896668673998451071e-01,9.896559138815697043e-01,9.895829893392499299e-01,9.895493678139838378e-01,9.895532379548928059e-01,9.898777228673438788e-01,9.898273434992986841e-01,9.898317250203104711e-01,9.897400358717406421e-01,9.893794093573727855e-01,9.894554815326100927e-01,9.894639445025757984e-01,9.896070669027561273e-01,1.000000000000004885e+00,9.896844309606745993e-01,9.897433756316242892e-01,9.897113058614719350e-01,9.896265659796800174e-01,9.894616004387882802e-01,9.895033305056553097e-01,9.895716046701629187e-01,9.895606514564690981e-01,9.894877335594807199e-01,9.894541149793928403e-01,9.894579843753764647e-01,9.897824373967123446e-01,9.897320610231202798e-01,9.897364357038183069e-01,9.896447232940921435e-01,9.892839020344540435e-01,9.896275754145199555e-01,9.896322180650699574e-01,9.897995636877480186e-01,9.896844309606745993e-01,1.000000000000004885e+00,9.898965227554420432e-01,9.898874618095958589e-01,9.897992021245142213e-01,9.896340055547387937e-01,9.896757111824613373e-01,9.897439906948463095e-01,9.897330337254961474e-01,9.896601024351324716e-01,9.896264776380427897e-01,9.896303474201728623e-01,9.899548566139513284e-01,9.899044707278923383e-01,9.899088442252312880e-01,9.898171089114815580e-01,9.894561888797592797e-01,9.896665647884241857e-01,9.896709929513496373e-01,9.898347867202355044e-01,9.897433756316242892e-01,9.898965227554420432e-01,1.000000000000004885e+00,9.899073883271157781e-01,9.898420302027324258e-01,9.896732899844142839e-01,9.897147862551155528e-01,9.897830367175163291e-01,9.897720728627824593e-01,9.896991368434624459e-01,9.896655100071199973e-01,9.896693795765283408e-01,9.899939012976546326e-01,9.899435130742564315e-01,9.899478860463882812e-01,9.898561451874245964e-01,9.894952036879327562e-01,9.896383510824401375e-01,9.896427472467785869e-01,9.898063325807068269e-01,9.897113058614719350e-01,9.898874618095958589e-01,9.899073883271157781e-01,1.000000000000004885e+00,9.897943238405051414e-01,9.896490210202508742e-01,9.896868357804045058e-01,9.897548708848783461e-01,9.897438756520539060e-01,9.896709351837313928e-01,9.896373073785823538e-01,9.896411760982930517e-01,9.899656881910861017e-01,9.899153011394068447e-01,9.899196736435640354e-01,9.898279346877888463e-01,9.894670013967526989e-01,9.895538631029244803e-01,9.895582523219161875e-01,9.897217931947459579e-01,9.896265659796800174e-01,9.897992021245142213e-01,9.898420302027324258e-01,9.897943238405051414e-01,1.000000000000004885e+00,9.895441087658022328e-01,9.896063092367053393e-01,9.896706336431492224e-01,9.896594242870905278e-01,9.895864577008649521e-01,9.895528259356113354e-01,9.895566923080105770e-01,9.898811759000426536e-01,9.898307927962781694e-01,9.898351646585026309e-01,9.897434331792862583e-01,9.893825299196912226e-01,9.893889497266447064e-01,9.893933363004157044e-01,9.895568435836015198e-01,9.894616004387882802e-01,9.896340055547387937e-01,9.896732899844142839e-01,9.896490210202508742e-01,9.895441087658022328e-01,1.000000000000004885e+00,9.894205371902788926e-01,9.895097463779056746e-01,9.894947610836646312e-01,9.894215848242920996e-01,9.893879246073867817e-01,9.893917831376819461e-01,9.897162104638429492e-01,9.896658350191062103e-01,9.896702057825291776e-01,9.895784893124348613e-01,9.892176458094786851e-01,9.894306863993800327e-01,9.894350723867524344e-01,9.895985846307887579e-01,9.895033305056553097e-01,9.896757111824613373e-01,9.897147862551155528e-01,9.896868357804045058e-01,9.896063092367053393e-01,9.894205371902788926e-01,1.000000000000004885e+00,9.895308988166746644e-01,9.895405151741382133e-01,9.894635887683719266e-01,9.894297057755635505e-01,9.894335307658422840e-01,9.897579645819535310e-01,9.897075851294809823e-01,9.897119553619616594e-01,9.896202346644198400e-01,9.892593756413535777e-01,9.894989587020943667e-01,9.895033446042436065e-01,9.896668673998451071e-01,9.895716046701629187e-01,9.897439906948463095e-01,9.897830367175163291e-01,9.897548708848783461e-01,9.896706336431492224e-01,9.895097463779056746e-01,9.895308988166746644e-01,1.000000000000004885e+00,9.895884062889277466e-01,9.895358774708764571e-01,9.894982421620047708e-01,9.895018467523389871e-01,9.898262690816644893e-01,9.897758797465343594e-01,9.897802484177020688e-01,9.896885207000405416e-01,9.893276364227491237e-01,9.894880077002737861e-01,9.894923932595626193e-01,9.896559138815697043e-01,9.895606514564690981e-01,9.897330337254961474e-01,9.897720728627824593e-01,9.897438756520539060e-01,9.896594242870905278e-01,9.894947610836646312e-01,9.895405151741382133e-01,9.895884062889277466e-01,1.000000000000004885e+00,9.895042706956592715e-01,9.894913401544151998e-01,9.894911616810856403e-01,9.898153552742592343e-01,9.897649351537488593e-01,9.897692972519800403e-01,9.896775686893312107e-01,9.893166877171745144e-01,9.894150962166887719e-01,9.894194810589460598e-01,9.895829893392499299e-01,9.894877335594807199e-01,9.896601024351324716e-01,9.896991368434624459e-01,9.896709351837313928e-01,9.895864577008649521e-01,9.894215848242920996e-01,9.894635887683719266e-01,9.895358774708764571e-01,9.895042706956592715e-01,1.000000000000004885e+00,9.893973988321492774e-01,9.894223542344837696e-01,9.897426728770543081e-01,9.896920446470007793e-01,9.896963743115712031e-01,9.896046459343396107e-01,9.892437896802016573e-01,9.893814815805540563e-01,9.893858654870522074e-01,9.895493678139838378e-01,9.894541149793928403e-01,9.896264776380427897e-01,9.896655100071199973e-01,9.896373073785823538e-01,9.895528259356113354e-01,9.893879246073867817e-01,9.894297057755635505e-01,9.894982421620047708e-01,9.894913401544151998e-01,9.893973988321492774e-01,1.000000000000004885e+00,9.893675616364036030e-01,9.897129167724310062e-01,9.896586737824814017e-01,9.896627905308152950e-01,9.895710335556221482e-01,9.892101830312478583e-01,9.893853538981507434e-01,9.893897357749620314e-01,9.895532379548928059e-01,9.894579843753764647e-01,9.896303474201728623e-01,9.896693795765283408e-01,9.896411760982930517e-01,9.895566923080105770e-01,9.893917831376819461e-01,9.894335307658422840e-01,9.895018467523389871e-01,9.894911616810856403e-01,9.894223542344837696e-01,9.893675616364036030e-01,1.000000000000004885e+00,9.896969128267326665e-01,9.896664700062518527e-01,9.896669116541189082e-01,9.895749454028407444e-01,9.892140619850352534e-01,9.897097920061675991e-01,9.897141689317136004e-01,9.898777228673438788e-01,9.897824373967123446e-01,9.899548566139513284e-01,9.899939012976546326e-01,9.899656881910861017e-01,9.898811759000426536e-01,9.897162104638429492e-01,9.897579645819535310e-01,9.898262690816644893e-01,9.898153552742592343e-01,9.897426728770543081e-01,9.897129167724310062e-01,9.896969128267326665e-01,1.000000000000004885e+00,9.899718839557860584e-01,9.899950910168257012e-01,9.898996731335500954e-01,9.895384760492779153e-01,9.896594602433707033e-01,9.896638046805408262e-01,9.898273434992986841e-01,9.897320610231202798e-01,9.899044707278923383e-01,9.899435130742564315e-01,9.899153011394068447e-01,9.898307927962781694e-01,9.896658350191062103e-01,9.897075851294809823e-01,9.897758797465343594e-01,9.897649351537488593e-01,9.896920446470007793e-01,9.896586737824814017e-01,9.896664700062518527e-01,9.899718839557860584e-01,1.000000000000004885e+00,9.899257329310251485e-01,9.898530777554200855e-01,9.894883730036482250e-01,9.896640886724832331e-01,9.896682181945071211e-01,9.898317250203104711e-01,9.897364357038183069e-01,9.899088442252312880e-01,9.899478860463882812e-01,9.899196736435640354e-01,9.898351646585026309e-01,9.896702057825291776e-01,9.897119553619616594e-01,9.897802484177020688e-01,9.897692972519800403e-01,9.896963743115712031e-01,9.896627905308152950e-01,9.896669116541189082e-01,9.899950910168257012e-01,9.899257329310251485e-01,1.000000000000004885e+00,9.898380903007270026e-01,9.894967922071044031e-01,9.895763474645039581e-01,9.895767666822791186e-01,9.897400358717406421e-01,9.896447232940921435e-01,9.898171089114815580e-01,9.898561451874245964e-01,9.898279346877888463e-01,9.897434331792862583e-01,9.895784893124348613e-01,9.896202346644198400e-01,9.896885207000405416e-01,9.896775686893312107e-01,9.896046459343396107e-01,9.895710335556221482e-01,9.895749454028407444e-01,9.898996731335500954e-01,9.898530777554200855e-01,9.898380903007270026e-01,1.000000000000004885e+00,9.893840476772750581e-01,9.891939101993030281e-01,9.892202063986738070e-01,9.893794093573727855e-01,9.892839020344540435e-01,9.894561888797592797e-01,9.894952036879327562e-01,9.894670013967526989e-01,9.893825299196912226e-01,9.892176458094786851e-01,9.892593756413535777e-01,9.893276364227491237e-01,9.893166877171745144e-01,9.892437896802016573e-01,9.892101830312478583e-01,9.892140619850352534e-01,9.895384760492779153e-01,9.894883730036482250e-01,9.894967922071044031e-01,9.893840476772750581e-01,1.000000000000004885e+00
9.999999999999927836e-01,9.911881447087610431e-01,9.913313182831956505e-01,9.912383107870659238e-01,9.913698598886782065e-01,9.913917772240337101e-01,9.913728803395057687e-01,9.913195125451398360e-01,9.911989029264951512e-01,9.912350876262089328e-01,9.912843610674068051e-01,9.912764482412225187e-01,9.912245326551603064e-01,9.912031652270024695e-01,9.911905147699245910e-01,9.914356112001077026e-01,9.913809320312390039e-01,9.913918591972400440e-01,9.913456518398250372e-01,9.910565414610211787e-01,9.911881447087610431e-01,9.999999999999927836e-01,9.913004291874194518e-01,9.912283334006476432e-01,9.913557813885538472e-01,9.913774578234962886e-01,9.913585202268033747e-01,9.913051421013613362e-01,9.911845304693097658e-01,9.912207129997310240e-01,9.912699848614552334e-01,9.912620714835038704e-01,9.912101557819873454e-01,9.911887870157463087e-01,9.911761327637045316e-01,9.914212150035360827e-01,9.913664954591862033e-01,9.913771861233805494e-01,9.913270064135883963e-01,9.910596439813861291e-01,9.913313182831956505e-01,9.913004291874194518e-01,9.999999999999927836e-01,9.913381577795332689e-01,9.914862845119042367e-01,9.915041156665805877e-01,9.914849447327374055e-01,9.914315202583673381e-01,9.913108825754117781e-01,9.913470659289879139e-01,9.913963425204408431e-01,9.913884273209447873e-01,9.913365043386762610e-01,9.913151319665192140e-01,9.913024744292419088e-01,9.915475842810900220e-01,9.914928463913790235e-01,9.915034975853254107e-01,9.914530703511970078e-01,9.911814093619631949e-01,9.912383107870659238e-01,9.912283334006476432e-01,9.913381577795332689e-01,9.999999999999927836e-01,9.913814110005656488e-01,9.914195963789439459e-01,9.913965034725100711e-01,9.913428433629754011e-01,9.912221747401479544e-01,9.912583430324666267e-01,9.913076112272175555e-01,9.912996951347491370e-01,9.912477759591135085e-01,9.912264048366539182e-01,9.912137475976809942e-01,9.914588341079778600e-01,9.914040974895986791e-01,9.914147371542412213e-01,9.913642749003779286e-01,9.910923883231836928e-01,9.913698598886782065e-01,9.913557813885538472e-01,9.914862845119042367e-01,9.913814110005656488e-01,9.999999999999927836e-01,9.915356811355241495e-01,9.915324826471365594e-01,9.914750064710649013e-01,9.913540893396080023e-01,9.913902211481552262e-01,9.914394848879841682e-01,9.914315641216951969e-01,9.913796365589884196e-01,9.913582617818347265e-01,9.913456021987430145e-01,9.915907205254307355e-01,9.915359750419958651e-01,9.915466123279840227e-01,9.914961319310459098e-01,9.912241638443489711e-01,9.913917772240337101e-01,9.913774578234962886e-01,9.915041156665805877e-01,9.914195963789439459e-01,9.915356811355241495e-01,9.999999999999927836e-01,9.915387876004948531e-01,9.915011217898310747e-01,9.913763637559345199e-01,9.914122558435382038e-01,9.914614798077800994e-01,9.914535480383825927e-01,9.914016156874172481e-01,9.913802389096787460e-01,9.913675782251754054e-01,9.916127013598862172e-01,9.915579538700953766e-01,9.915685899036551509e-01,9.915181046630914263e-01,9.912461185366527872e-01,9.913728803395057687e-01,9.913585202268033747e-01,9.914849447327374055e-01,9.913965034725100711e-01,9.915324826471365594e-01,9.915387876004948531e-01,9.999999999999927836e-01,9.914663402946275461e-01,9.913617526041847983e-01,9.913936723508494087e-01,9.914426566306393518e-01,9.914346848513136967e-01,9.913827426043537727e-01,9.913613624750939879e-01,9.913487004651789780e-01,9.915938180818891778e-01,9.915390710250391315e-01,9.915497060792919370e-01,9.914992202898526008e-01,9.912272352943494180e-01,9.913195125451398360e-01,9.913051421013613362e-01,9.914315202583673381e-01,9.913428433629754011e-01,9.914750064710649013e-01,9.915011217898310747e-01,9.914663402946275461e-01,9.999999999999927836e-01,9.912918809835882250e-01,9.913445920621564156e-01,9.913895880188453580e-01,9.913813788912640979e-01,9.913293987008203745e-01,9.913080084021336225e-01,9.912953431849145236e-01,9.915404459279132388e-01,9.914857010269791937e-01,9.914963348894221262e-01,9.914458510192269980e-01,9.911738789992420307e-01,9.911989029264951512e-01,9.911845304693097658e-01,9.913108825754117781e-01,9.912221747401479544e-01,9.913540893396080023e-01,9.913763637559345199e-01,9.913617526041847983e-01,9.912918809835882250e-01,9.999999999999927836e-01,9.912072250003490792e-01,9.912733315878231588e-01,9.912610719291390371e-01,9.912088524680162660e-01,9.911874217187376379e-01,9.911747461582557372e-01,9.914198148456030424e-01,9.913650750467132289e-01,9.913757067821528102e-01,9.913252284155609217e-01,9.910532886141294462e-01,9.912350876262089328e-01,9.912207129997310240e-01,9.913470659289879139e-01,9.912583430324666267e-01,9.913902211481552262e-01,9.914122558435382038e-01,9.913936723508494087e-01,9.913445920621564156e-01,9.912072250003490792e-01,9.999999999999927836e-01,9.912929211397026874e-01,9.913015802934553866e-01,9.912453443285210719e-01,9.912236677582669797e-01,9.912109494235418206e-01,9.914560151329212534e-01,9.914012696889917819e-01,9.914119002818572168e-01,9.913614192639330636e-01,9.910894688560901722e-01,9.912843610674068051e-01,9.912699848614552334e-01,9.913963425204408431e-01,9.913076112272175555e-01,9.914394848879841682e-01,9.914614798077800994e-01,9.914426566306393518e-01,9.913895880188453580e-01,9.912733315878231588e-01,9.912929211397026874e-01,9.999999999999927836e-01,9.913343975195751945e-01,9.912989384701758055e-01,9.912732434014637217e-01,9.912602815333353412e-01,9.915053167653266053e-01,9.914505580069554735e-01,9.914611854736676833e-01,9.914107004605881013e-01,9.911387357378298457e-01,9.912764482412225187e-01,9.912620714835038704e-01,9.913884273209447873e-01,9.912996951347491370e-01,9.914315641216951969e-01,9.914535480383825927e-01,9.914346848513136967e-01,9.913813788912640979e-01,9.912610719291390371e-01,9.913015802934553866e-01,9.913343975195751945e-01,9.999999999999927836e-01,9.912743999221522717e-01,9.912696806441634312e-01,9.912526727469208598e-01,9.914974583232042393e-01,9.914426607912449896e-01,9.914532772543513950e-01,9.914027889871747101e-01,9.911308249649478652e-01,9.912245326551603064e-01,9.912101557819873454e-01,9.913365043386762610e-01,9.912477759591135085e-01,9.913796365589884196e-01,9.914016156874172481e-01,9.913827426043537727e-01,9.913293987008203745e-01,9.912088524680162660e-01,9.912453443285210719e-01,9.912989384701758055e-01,9.912743999221522717e-01,9.999999999999927836e-01,9.912009085545674392e-01,9.912051743851120200e-01,9.914458222238382579e-01,9.913907939216637377e-01,9.914013688641551969e-01,9.913508721786651323e-01,9.910789187443788117e-01,9.912031652270024695e-01,9.911887870157463087e-01,9.913151319665192140e-01,9.912264048366539182e-01,9.913582617818347265e-01,9.913802389096787460e-01,9.913613624750939879e-01,9.913080084021336225e-01,9.911874217187376379e-01,9.912236677582669797e-01,9.912732434014637217e-01,9.912696806441634312e-01,9.912009085545674392e-01,9.999999999999927836e-01,9.911667894785992639e-01,9.914286455245844287e-01,9.913697198787281284e-01,9.913800540701154240e-01,9.913295172125021759e-01,9.910575586783709756e-01,9.911905147699245910e-01,9.911761327637045316e-01,9.913024744292419088e-01,9.912137475976809942e-01,9.913456021987430145e-01,9.913675782251754054e-01,9.913487004651789780e-01,9.912953431849145236e-01,9.911747461582557372e-01,9.912109494235418206e-01,9.912602815333353412e-01,9.912526727469208598e-01,9.912051743851120200e-01,9.911667894785992639e-01,9.999999999999927836e-01,9.913998560958304784e-01,9.913613369952433141e-01,9.913676961952172517e-01,9.913169186819930090e-01,9.910449224748347774e-01,9.914356112001077026e-01,9.914212150035360827e-01,9.915475842810900220e-01,9.914588341079778600e-01,9.915907205254307355e-01,9.916127013598862172e-01,9.915938180818891778e-01,9.915404459279132388e-01,9.914198148456030424e-01,9.914560151329212534e-01,9.915053167653266053e-01,9.914974583232042393e-01,9.914458222238382579e-01,9.914286455245844287e-01,9.913998560958304784e-01,9.999999999999927836e-01,9.915907433041067920e-01,9.916168291517819533e-01,9.915623124407734190e-01,9.912900247154858846e-01,9.913809320312390039e-01,9.913664954591862033e-01,9.914928463913790235e-01,9.914040974895986791e-01,9.915359750419958651e-01,9.915579538700953766e-01,9.915390710250391315e-01,9.914857010269791937e-01,9.913650750467132289e-01,9.914012696889917819e-01,9.914505580069554735e-01,9.914426607912449896e-01,9.913907939216637377e-01,9.913697198787281284e-01,9.913613369952433141e-01,9.915907433041067920e-01,9.999999999999927836e-01,9.915465151956243117e-01,9.915117017169018387e-01,9.912356043741070710e-01,9.913918591972400440e-01,9.913771861233805494e-01,9.915034975853254107e-01,9.914147371542412213e-01,9.915466123279840227e-01,9.915685899036551509e-01,9.915497060792919370e-01,9.914963348894221262e-01,9.913757067821528102e-01,9.914119002818572168e-01,9.914611854736676833e-01,9.914532772543513950e-01,9.914013688641551969e-01,9.913800540701154240e-01,9.913676961952172517e-01,9.916168291517819533e-01,9.915465151956243117e-01,9.999999999999927836e-01,9.915065516286842850e-01,9.912506032528759503e-01,9.913456518398250372e-01,9.913270064135883963e-01,9.914530703511970078e-01,9.913642749003779286e-01,9.914961319310459098e-01,9.915181046630914263e-01,9.914992202898526008e-01,9.914458510192269980e-01,9.913252284155609217e-01,9.913614192639330636e-01,9.914107004605881013e-01,9.914027889871747101e-01,9.913508721786651323e-01,9.913295172125021759e-01,9.913169186819930090e-01,9.915623124407734190e-01,9.915117017169018387e-01,9.915065516286842850e-01,9.999999999999927836e-01,9.911832168706384838e-01,9.910565414610211787e-01,9.910596439813861291e-01,9.911814093619631949e-01,9.910923883231836928e-01,9.912241638443489711e-01,9.912461185366527872e-01,9.912272352943494180e-01,9.911738789992420307e-01,9.910532886141294462e-01,9.910894688560901722e-01,9.911387357378298457e-01,9.911308249649478652e-01,9.910789187443788117e-01,9.910575586783709756e-01,9.910449224748347774e-01,9.912900247154858846e-01,9.912356043741070710e-01,9.912506032528759503e-01,9.911832168706384838e-01,9.999999999999927836e-01
