1.000000000000013767e+00,1.000000000000013767e+00,1.000000000000013767e+00,1.000000000000013767e+00,1.000000000000013767e+00,1.000000000000013767e+00,1.000000000000013767e+00,1.000000000000013767e+00,1.000000000000013767e+00,1.000000000000013767e+00,1.000000000000013767e+00,1.000000000000013767e+00,1.000000000000013767e+00,1.000000000000013767e+00,1.000000000000013767e+00,1.000000000000013767e+00,1.000000000000013767e+00,1.000000000000013767e+00,1.000000000000013767e+00,1.000000000000013767e+00,1.000000000000013767e+00,1.000000000000013767e+00,1.000000000000013767e+00,1.000000000000013767e+00,1.000000000000013767e+00,1.000000000000013767e+00,1.000000000000013767e+00,1.000000000000013767e+00,1.000000000000013767e+00,1.000000000000013767e+00,1.000000000000013767e+00,1.000000000000013767e+00,1.000000000000013767e+00,1.000000000000013767e+00,1.000000000000013767e+00,1.000000000000013767e+00,1.000000000000013767e+00,1.000000000000013767e+00,1.000000000000013767e+00,1.000000000000013767e+00,1.000000000000013767e+00,1.000000000000013767e+00,1.000000000000013767e+00,1.000000000000013767e+00,1.000000000000013767e+00,1.000000000000013767e+00,1.000000000000013767e+00,1.000000000000013767e+00,1.000000000000013767e+00,1.000000000000013767e+00,1.000000000000013767e+00,1.000000000000013767e+00,1.000000000000013767e+00,1.000000000000013767e+00,1.000000000000013767e+00,1.000000000000013767e+00,1.000000000000013767e+00,1.000000000000013767e+00,1.000000000000013767e+00,1.000000000000013767e+00,1.000000000000013767e+00,1.000000000000013767e+00,1.000000000000013767e+00,1.000000000000013767e+00,1.000000000000013767e+00,1.000000000000013767e+00,1.000000000000013767e+00,1.000000000000013767e+00,1.000000000000013767e+00,1.000000000000013767e+00,1.000000000000013767e+00,1.000000000000013767e+00,1.000000000000013767e+00,1.000000000000013767e+00,1.000000000000013767e+00,1.000000000000013767e+00,1.000000000000013767e+00,1.000000000000013767e+00,1.000000000000013767e+00,1.000000000000013767e+00,1.000000000000013767e+00,1.000000000000013767e+00,1.000000000000013767e+00,1.000000000000013767e+00,1.000000000000013767e+00,1.000000000000013767e+00,1.000000000000013767e+00,1.000000000000013767e+00,1.000000000000013767e+00,1.000000000000013767e+00,1.000000000000013767e+00,1.000000000000013767e+00,1.000000000000013767e+00,1.000000000000013767e+00,1.000000000000013767e+00,1.000000000000013767e+00,1.000000000000013767e+00,1.000000000000013767e+00,1.000000000000013767e+00,1.000000000000013767e+00,1.000000000000013767e+00,1.000000000000013767e+00,1.000000000000013767e+00,1.000000000000013767e+00,1.000000000000013767e+00,1.000000000000013767e+00,1.000000000000013767e+00,1.000000000000013767e+00,1.000000000000013767e+00,1.000000000000013767e+00,1.000000000000013767e+00,1.000000000000013767e+00,1.000000000000013767e+00,1.000000000000013767e+00,1.000000000000013767e+00,1.000000000000013767e+00,1.000000000000013767e+00,1.000000000000013767e+00,1.000000000000013767e+00,1.000000000000013767e+00,1.000000000000013767e+00,1.000000000000013767e+00,1.000000000000013767e+00,1.000000000000013767e+00,1.000000000000013767e+00,1.000000000000013767e+00,1.000000000000013767e+00,1.000000000000013767e+00,1.000000000000013767e+00,1.000000000000013767e+00,1.000000000000013767e+00,1.000000000000013767e+00,1.000000000000013767e+00,1.000000000000013767e+00,1.000000000000013767e+00,1.000000000000013767e+00,1.000000000000013767e+00,1.000000000000013767e+00,1.000000000000013767e+00,1.000000000000013767e+00,1.000000000000013767e+00,1.000000000000013767e+00,1.000000000000013767e+00,1.000000000000013767e+00,1.000000000000013767e+00,1.000000000000013767e+00,1.000000000000013767e+00,1.000000000000013767e+00,1.000000000000013767e+00,1.000000000000013767e+00,1.000000000000013767e+00,1.000000000000013767e+00,1.000000000000013767e+00,1.000000000000013767e+00,1.000000000000013767e+00,1.000000000000013767e+00,1.000000000000013767e+00,1.000000000000013767e+00,1.000000000000013767e+00,1.000000000000013767e+00,1.000000000000013767e+00,1.000000000000013767e+00,1.000000000000013767e+00,1.000000000000013767e+00,1.000000000000013767e+00,1.000000000000013767e+00,1.000000000000013767e+00,1.000000000000013767e+00,1.000000000000013767e+00,1.000000000000013767e+00,1.000000000000013767e+00,1.000000000000013767e+00,1.000000000000013767e+00,1.000000000000013767e+00,1.000000000000013767e+00,1.000000000000013767e+00,1.000000000000013767e+00,1.000000000000013767e+00,1.000000000000013767e+00,1.000000000000013767e+00,1.000000000000013767e+00,1.000000000000013767e+00,1.000000000000013767e+00,1.000000000000013767e+00,1.000000000000013767e+00,1.000000000000013767e+00,1.000000000000013767e+00,1.000000000000013767e+00,1.000000000000013767e+00,1.000000000000013767e+00,1.000000000000013767e+00,1.000000000000013767e+00,1.000000000000013767e+00,1.000000000000013767e+00,1.000000000000013767e+00,1.000000000000013767e+00,1.000000000000013767e+00,1.000000000000013767e+00,1.000000000000013767e+00,1.000000000000013767e+00,1.000000000000013767e+00,1.000000000000013767e+00,1.000000000000013767e+00,1.000000000000013767e+00,1.000000000000013767e+00,1.000000000000013767e+00,1.000000000000013767e+00,1.000000000000013767e+00,1.000000000000013767e+00,1.000000000000013767e+00,1.000000000000013767e+00,1.000000000000013767e+00,1.000000000000013767e+00,1.000000000000013767e+00,1.000000000000013767e+00,1.000000000000013767e+00,1.000000000000013767e+00,1.000000000000013767e+00,1.000000000000013767e+00,1.000000000000013767e+00,1.000000000000013767e+00,1.000000000000013767e+00,1.000000000000013767e+00,1.000000000000013767e+00,1.000000000000013767e+00,1.000000000000013767e+00,1.000000000000013767e+00,1.000000000000013767e+00,1.000000000000013767e+00,1.000000000000013767e+00,1.000000000000013767e+00,1.000000000000013767e+00,1.000000000000013767e+00,1.000000000000013767e+00,1.000000000000013767e+00,1.000000000000013767e+00,1.000000000000013767e+00,1.000000000000013767e+00,1.000000000000013767e+00,1.000000000000013767e+00,1.000000000000013767e+00,1.000000000000013767e+00,1.000000000000013767e+00,1.000000000000013767e+00,1.000000000000013767e+00,1.000000000000013767e+00,1.000000000000013767e+00,1.000000000000013767e+00,1.000000000000013767e+00,1.000000000000013767e+00,1.000000000000013767e+00,1.000000000000013767e+00,1.000000000000013767e+00,1.000000000000013767e+00,1.000000000000013767e+00,1.000000000000013767e+00,1.000000000000013767e+00,1.000000000000013767e+00,1.000000000000013767e+00,1.000000000000013767e+00,1.000000000000013767e+00,1.000000000000013767e+00,1.000000000000013767e+00,1.000000000000013767e+00,1.000000000000013767e+00,1.000000000000013767e+00,1.000000000000013767e+00,1.000000000000013767e+00,1.000000000000013767e+00,1.000000000000013767e+00,1.000000000000013767e+00,1.000000000000013767e+00,1.000000000000013767e+00,1.000000000000013767e+00,1.000000000000013767e+00,1.000000000000013767e+00,1.000000000000013767e+00,1.000000000000013767e+00,1.000000000000013767e+00,1.000000000000013767e+00,1.000000000000013767e+00,1.000000000000013767e+00,1.000000000000013767e+00,1.000000000000013767e+00,1.000000000000013767e+00,1.000000000000013767e+00,1.000000000000013767e+00,1.000000000000013767e+00,1.000000000000013767e+00,1.000000000000013767e+00,1.000000000000013767e+00,1.000000000000013767e+00,1.000000000000013767e+00,1.000000000000013767e+00,1.000000000000013767e+00,1.000000000000013767e+00,1.000000000000013767e+00,1.000000000000013767e+00,1.000000000000013767e+00,1.000000000000013767e+00,1.000000000000013767e+00,1.000000000000013767e+00,1.000000000000013767e+00,1.000000000000013767e+00,1.000000000000013767e+00,1.000000000000013767e+00,1.000000000000013767e+00,1.000000000000013767e+00,1.000000000000013767e+00,1.000000000000013767e+00,1.000000000000013767e+00,1.000000000000013767e+00,1.000000000000013767e+00,1.000000000000013767e+00,1.000000000000013767e+00,1.000000000000013767e+00,1.000000000000013767e+00,1.000000000000013767e+00,1.000000000000013767e+00,1.000000000000013767e+00,1.000000000000013767e+00,1.000000000000013767e+00,1.000000000000013767e+00,1.000000000000013767e+00,1.000000000000013767e+00,1.000000000000013767e+00,1.000000000000013767e+00,1.000000000000013767e+00,1.000000000000013767e+00,1.000000000000013767e+00,1.000000000000013767e+00,1.000000000000013767e+00,1.000000000000013767e+00,1.000000000000013767e+00,1.000000000000013767e+00,1.000000000000013767e+00,1.000000000000013767e+00,1.000000000000013767e+00,1.000000000000013767e+00,1.000000000000013767e+00,1.000000000000013767e+00,1.000000000000013767e+00,1.000000000000013767e+00,1.000000000000013767e+00,1.000000000000013767e+00,1.000000000000013767e+00,1.000000000000013767e+00,1.000000000000013767e+00,1.000000000000013767e+00,1.000000000000013767e+00,1.000000000000013767e+00,1.000000000000013767e+00,1.000000000000013767e+00,1.000000000000013767e+00,1.000000000000013767e+00,1.000000000000013767e+00,1.000000000000013767e+00,1.000000000000013767e+00,1.000000000000013767e+00,1.000000000000013767e+00,1.000000000000013767e+00,1.000000000000013767e+00,1.000000000000013767e+00,1.000000000000013767e+00,1.000000000000013767e+00,1.000000000000013767e+00,1.000000000000013767e+00,1.000000000000013767e+00,1.000000000000013767e+00,1.000000000000013767e+00,1.000000000000013767e+00,1.000000000000013767e+00,1.000000000000013767e+00,1.000000000000013767e+00,1.000000000000013767e+00,1.000000000000013767e+00,1.000000000000013767e+00,1.000000000000013767e+00,1.000000000000013767e+00,1.000000000000013767e+00,1.000000000000013767e+00,1.000000000000013767e+00,1.000000000000013767e+00,1.000000000000013767e+00,1.000000000000013767e+00,1.000000000000013767e+00,1.000000000000013767e+00,1.000000000000013767e+00,1.000000000000013767e+00,1.000000000000013767e+00,1.000000000000013767e+00,1.000000000000013767e+00,1.000000000000013767e+00,1.000000000000013767e+00,1.000000000000013767e+00,1.000000000000013767e+00,1.000000000000013767e+00,1.000000000000013767e+00,1.000000000000013767e+00,1.000000000000013767e+00
9.999999999999854561e-01,9.954789169243988267e-01,9.958978942569121084e-01,9.957121052713371334e-01,9.959105445715171756e-01,9.958085329987372836e-01,9.952969386396705032e-01,9.955357930601195227e-01,9.952585353547300784e-01,9.958448829682807757e-01,9.957428907617261737e-01,9.954207754250663509e-01,9.959719826819836141e-01,9.954664073582846218e-01,9.958664007482892488e-01,9.960612982157709405e-01,9.955067787857900807e-01,9.952475103734608197e-01,9.954859521514650700e-01,9.959941918710250031e-01,9.954789169243988267e-01,9.999999999999854561e-01,9.955560064263048181e-01,9.953734283662701854e-01,9.955719145019054084e-01,9.954699458961450143e-01,9.949585268018645845e-01,9.951973004865080075e-01,9.949201371733952248e-01,9.955062854982164033e-01,9.954043279929748467e-01,9.950823221950300113e-01,9.956333420554768221e-01,9.951279386738863808e-01,9.955277961344646265e-01,9.957226275557169437e-01,9.951682980478732121e-01,9.949091269377355884e-01,9.951475911583704814e-01,9.956581888447006978e-01,9.958978942569121084e-01,9.955560064263048181e-01,9.999999999999854561e-01,9.957860354880569975e-01,9.959874373572025208e-01,9.958855080951882766e-01,9.953738819100553803e-01,9.956127566300999598e-01,9.953354778768536137e-01,9.959218710031694233e-01,9.958198709647978486e-01,9.954977307621233340e-01,9.960489806642063293e-01,9.955433663322551530e-01,9.959433907559714916e-01,9.961383036094482168e-01,9.955837431721638042e-01,9.953244658090325547e-01,9.955630395919410347e-01,9.960739465926325975e-01,9.957121052713371334e-01,9.953734283662701854e-01,9.957860354880569975e-01,9.999999999999854561e-01,9.957985987813285922e-01,9.956995191533789535e-01,9.951880836687000409e-01,9.954269238126645103e-01,9.951496982066734276e-01,9.957359823383097330e-01,9.956340014367467406e-01,9.953119213992256409e-01,9.958630684411340361e-01,9.953575484961681985e-01,9.957574982738827130e-01,9.959523747753105116e-01,9.953979179562195689e-01,9.951386893396877431e-01,9.953772198244218439e-01,9.958880373950684817e-01,9.959105445715171756e-01,9.955719145019054084e-01,9.959874373572025208e-01,9.957985987813285922e-01,9.999999999999854561e-01,9.958951575589999328e-01,9.953862903290765507e-01,9.956252872226211137e-01,9.953480139171931862e-01,9.959344163793318883e-01,9.958324154060541611e-01,9.955102712613558280e-01,9.960615281823379519e-01,9.955559075128023183e-01,9.959559370091489727e-01,9.961508523639560631e-01,9.955962851096357147e-01,9.953370049758355487e-01,9.955755833452394343e-01,9.960865037711781333e-01,9.958085329987372836e-01,9.954699458961450143e-01,9.958855080951882766e-01,9.956995191533789535e-01,9.958951575589999328e-01,9.999999999999854561e-01,9.952806652582428804e-01,9.955231890511303527e-01,9.952460469358609396e-01,9.958323991832022104e-01,9.957304098301995587e-01,9.954082989662844660e-01,9.959594995553238128e-01,9.954539307059079301e-01,9.958539192528181871e-01,9.960488146568283740e-01,9.954943042301288569e-01,9.952350507018481451e-01,9.954736047265020371e-01,9.959844730292154447e-01,9.952969386396705032e-01,9.949585268018645845e-01,9.953738819100553803e-01,9.951880836687000409e-01,9.953862903290765507e-01,9.952806652582428804e-01,9.999999999999854561e-01,9.950075753191153227e-01,9.947345792768208517e-01,9.953207806107140510e-01,9.952188529248184867e-01,9.948969090935699811e-01,9.954478270462167044e-01,9.949425180265797364e-01,9.953423011551352229e-01,9.955370964615206653e-01,9.949828709245926994e-01,9.947237506083462799e-01,9.949621821123729726e-01,9.954727880205885837e-01,9.955357930601195227e-01,9.951973004865080075e-01,9.956127566300999598e-01,9.954269238126645103e-01,9.956252872226211137e-01,9.955231890511303527e-01,9.950075753191153227e-01,9.999999999999854561e-01,9.949691196725531928e-01,9.955595301634366789e-01,9.954576781700932298e-01,9.951356651967757649e-01,9.956867170231964437e-01,9.951812869870159117e-01,9.955811661827284054e-01,9.957760082772230126e-01,9.952216497556728436e-01,9.949624672791230751e-01,9.952009560302090829e-01,9.957116845097183644e-01,9.952585353547300784e-01,9.949201371733952248e-01,9.953354778768536137e-01,9.951496982066734276e-01,9.953480139171931862e-01,9.952460469358609396e-01,9.947345792768208517e-01,9.949691196725531928e-01,9.999999999999854561e-01,9.952786018244846877e-01,9.951803085985811981e-01,9.948585049698649430e-01,9.954094152091939041e-01,9.949041272350030995e-01,9.953038955614165184e-01,9.954986835257014777e-01,9.949444794260631220e-01,9.946853691595605174e-01,9.949237915157718160e-01,9.954343777777986402e-01,9.958448829682807757e-01,9.955062854982164033e-01,9.959218710031694233e-01,9.957359823383097330e-01,9.959344163793318883e-01,9.958323991832022104e-01,9.953207806107140510e-01,9.955595301634366789e-01,9.952786018244846877e-01,9.999999999999854561e-01,9.957636608348444662e-01,9.954445027547300651e-01,9.959958441056042666e-01,9.954902643652316918e-01,9.958902694994121729e-01,9.960851724660299000e-01,9.955306419202110124e-01,9.952713790356140233e-01,9.955099418761664820e-01,9.960208289565514184e-01,9.957428907617261737e-01,9.954043279929748467e-01,9.958198709647978486e-01,9.956340014367467406e-01,9.958324154060541611e-01,9.957304098301995587e-01,9.952188529248184867e-01,9.954576781700932298e-01,9.951803085985811981e-01,9.957636608348444662e-01,9.999999999999854561e-01,9.953389504607095262e-01,9.958937400283630614e-01,9.953882975043274461e-01,9.957882709493854900e-01,9.959831552205719030e-01,9.954286816941407823e-01,9.951694454681954127e-01,9.954079839311713584e-01,9.959188187152772098e-01,9.954207754250663509e-01,9.950823221950300113e-01,9.954977307621233340e-01,9.953119213992256409e-01,9.955102712613558280e-01,9.954082989662844660e-01,9.948969090935699811e-01,9.951356651967757649e-01,9.948585049698649430e-01,9.954445027547300651e-01,9.953389504607095262e-01,9.999999999999854561e-01,9.955683450603430851e-01,9.950661548505830289e-01,9.954661301771580151e-01,9.956609603523037810e-01,9.951066673486997916e-01,9.948475153810745208e-01,9.950859768441927544e-01,9.955966464464738319e-01,9.959719826819836141e-01,9.956333420554768221e-01,9.960489806642063293e-01,9.958630684411340361e-01,9.960615281823379519e-01,9.959594995553238128e-01,9.954478270462167044e-01,9.956867170231964437e-01,9.954094152091939041e-01,9.959958441056042666e-01,9.958937400283630614e-01,9.955683450603430851e-01,9.999999999999854561e-01,9.956140451719337481e-01,9.960172749989959495e-01,9.962122938513008341e-01,9.956576991723911085e-01,9.953984047896119458e-01,9.956369985972828296e-01,9.961479510651487512e-01,9.954664073582846218e-01,9.951279386738863808e-01,9.955433663322551530e-01,9.953575484961681985e-01,9.955559075128023183e-01,9.954539307059079301e-01,9.949425180265797364e-01,9.951812869870159117e-01,9.949041272350030995e-01,9.954902643652316918e-01,9.953882975043274461e-01,9.950661548505830289e-01,9.956140451719337481e-01,9.999999999999854561e-01,9.955083223568369499e-01,9.957064903687324886e-01,9.951522707653542854e-01,9.948931180536342289e-01,9.951315927196727751e-01,9.956422863114414712e-01,9.958664007482892488e-01,9.955277961344646265e-01,9.959433907559714916e-01,9.957574982738827130e-01,9.959559370091489727e-01,9.958539192528181871e-01,9.953423011551352229e-01,9.955811661827284054e-01,9.953038955614165184e-01,9.958902694994121729e-01,9.957882709493854900e-01,9.954661301771580151e-01,9.960172749989959495e-01,9.955083223568369499e-01,9.999999999999854561e-01,9.961040821965987391e-01,9.955520273851872215e-01,9.952928706611683385e-01,9.955314500215687312e-01,9.960423501512621902e-01,9.960612982157709405e-01,9.957226275557169437e-01,9.961383036094482168e-01,9.959523747753105116e-01,9.961508523639560631e-01,9.960488146568283740e-01,9.955370964615206653e-01,9.957760082772230126e-01,9.954986835257014777e-01,9.960851724660299000e-01,9.959831552205719030e-01,9.956609603523037810e-01,9.962122938513008341e-01,9.957064903687324886e-01,9.961040821965987391e-01,9.999999999999854561e-01,9.957439159367670323e-01,9.954875451260516428e-01,9.957262734312154473e-01,9.962372811645832105e-01,9.955067787857900807e-01,9.951682980478732121e-01,9.955837431721638042e-01,9.953979179562195689e-01,9.955962851096357147e-01,9.954943042301288569e-01,9.949828709245926994e-01,9.952216497556728436e-01,9.949444794260631220e-01,9.955306419202110124e-01,9.954286816941407823e-01,9.951066673486997916e-01,9.956576991723911085e-01,9.951522707653542854e-01,9.955520273851872215e-01,9.957439159367670323e-01,9.999999999999854561e-01,9.949290455203394501e-01,9.951718064849169876e-01,9.956826558899405377e-01,9.952475103734608197e-01,9.949091269377355884e-01,9.953244658090325547e-01,9.951386893396877431e-01,9.953370049758355487e-01,9.952350507018481451e-01,9.947237506083462799e-01,9.949624672791230751e-01,9.946853691595605174e-01,9.952713790356140233e-01,9.951694454681954127e-01,9.948475153810745208e-01,9.953984047896119458e-01,9.948931180536342289e-01,9.952928706611683385e-01,9.954875451260516428e-01,9.949290455203394501e-01,9.999999999999854561e-01,9.949083196780217353e-01,9.954232356708567764e-01,9.954859521514650700e-01,9.951475911583704814e-01,9.955630395919410347e-01,9.953772198244218439e-01,9.955755833452394343e-01,9.954736047265020371e-01,9.949621821123729726e-01,9.952009560302090829e-01,9.949237915157718160e-01,9.955099418761664820e-01,9.954079839311713584e-01,9.950859768441927544e-01,9.956369985972828296e-01,9.951315927196727751e-01,9.955314500215687312e-01,9.957262734312154473e-01,9.951718064849169876e-01,9.949083196780217353e-01,9.999999999999854561e-01,9.956587563517790285e-01,9.959941918710250031e-01,9.956581888447006978e-01,9.960739465926325975e-01,9.958880373950684817e-01,9.960865037711781333e-01,9.959844730292154447e-01,9.954727880205885837e-01,9.957116845097183644e-01,9.954343777777986402e-01,9.960208289565514184e-01,9.959188187152772098e-01,9.955966464464738319e-01,9.961479510651487512e-01,9.956422863114414712e-01,9.960423501512621902e-01,9.962372811645832105e-01,9.956826558899405377e-01,9.954232356708567764e-01,9.956587563517790285e-01,9.999999999999854561e-01
9.999999999999921174e-01,9.910223615592508306e-01,9.918586134884214145e-01,9.914896456134416614e-01,9.918828607561526178e-01,9.916822146454203901e-01,9.906715313318119609e-01,9.911458287913972320e-01,9.905956300877631904e-01,9.917547286720004296e-01,9.915523311138615403e-01,9.909145040378816160e-01,9.920061876487631380e-01,9.910041257774432344e-01,9.917955483029800012e-01,9.921814369578743076e-01,9.910858222574405740e-01,9.905753066488517389e-01,9.910447114314284711e-01,9.920434995389239008e-01,9.910223615592508306e-01,9.999999999999921174e-01,9.911757920352879392e-01,9.908195007603556315e-01,9.912128859073419118e-01,9.910124070128228935e-01,9.900024114233036965e-01,9.904763903846284245e-01,9.899265637675199736e-01,9.910848797692897172e-01,9.908826190033415138e-01,9.902452227902864834e-01,9.913361691351987304e-01,9.903347842352677732e-01,9.911256725019967906e-01,9.915113013775790352e-01,9.904164319909849468e-01,9.899062960959472690e-01,9.903757785416495985e-01,9.913838909817230816e-01,9.918586134884214145e-01,9.911757920352879392e-01,9.999999999999921174e-01,9.916306263694020240e-01,9.920355288143110073e-01,9.918351946970029864e-01,9.908243850160824984e-01,9.912987627454930006e-01,9.907484806419903922e-01,9.919077587875454460e-01,9.917053302057062814e-01,9.910674048537010394e-01,9.921592570378363618e-01,9.911570408476398919e-01,9.919485859224744795e-01,9.923345353582467832e-01,9.912387587888981111e-01,9.907282068211548109e-01,9.911981174165991337e-01,9.922074329861232389e-01,9.914896456134416614e-01,9.908195007603556315e-01,9.916306263694020240e-01,9.999999999999921174e-01,9.916545430653826987e-01,9.914654665968237746e-01,9.904553962045131721e-01,9.909296356078118873e-01,9.903795637750049119e-01,9.915384120181482963e-01,9.913360591954863965e-01,9.906983715281895142e-01,9.917898172697674486e-01,9.907879743194989430e-01,9.915792247270567294e-01,9.919650305613704200e-01,9.908696624397702601e-01,9.903593019437036959e-01,9.908290423131023150e-01,9.918380046844453846e-01,9.918828607561526178e-01,9.912128859073419118e-01,9.920355288143110073e-01,9.916545430653826987e-01,9.999999999999921174e-01,9.918476337943197274e-01,9.908477132864557113e-01,9.913225557781079056e-01,9.907722945464247921e-01,9.919316080893663123e-01,9.917291759969774079e-01,9.910912357571447506e-01,9.921831144869053265e-01,9.911808743212195960e-01,9.919724385599890670e-01,9.923583974553583653e-01,9.912625951926543610e-01,9.907520328665346820e-01,9.912219608697735440e-01,9.922313274363013802e-01,9.916822146454203901e-01,9.910124070128228935e-01,9.918351946970029864e-01,9.914654665968237746e-01,9.918476337943197274e-01,9.999999999999921174e-01,9.906328296270173750e-01,9.911215860903946906e-01,9.905718233480095281e-01,9.917309398483190597e-01,9.915285532136347557e-01,9.908907431209178496e-01,9.919824014919129684e-01,9.909803641838030863e-01,9.917717683965313613e-01,9.921576492722542495e-01,9.910620687703241005e-01,9.905516099104608729e-01,9.910214432132447016e-01,9.920306064118341594e-01,9.906715313318119609e-01,9.900024114233036965e-01,9.908243850160824984e-01,9.904553962045131721e-01,9.908477132864557113e-01,9.906328296270173750e-01,9.999999999999921174e-01,9.900950785468682902e-01,9.895616577599245511e-01,9.907201612673007807e-01,9.905180161449570475e-01,9.898808620506287514e-01,9.909714099434580037e-01,9.899703942409958657e-01,9.907609921762687843e-01,9.911464798917849484e-01,9.900520160071555331e-01,9.895420774694658750e-01,9.900114320763877540e-01,9.910195670199029028e-01,9.911458287913972320e-01,9.904763903846284245e-01,9.912987627454930006e-01,9.909296356078118873e-01,9.913225557781079056e-01,9.911215860903946906e-01,9.900950785468682902e-01,9.999999999999921174e-01,9.900189718298370023e-01,9.911940652707205146e-01,9.909922002833826404e-01,9.903547720332473991e-01,9.914458484378630976e-01,9.904443544478160888e-01,9.912353313807398258e-01,9.916210038108962399e-01,9.905260160157282057e-01,9.900158334323345688e-01,9.904854128562536886e-01,9.914940305922115282e-01,9.905956300877631904e-01,9.899265637675199736e-01,9.907484806419903922e-01,9.903795637750049119e-01,9.907722945464247921e-01,9.905718233480095281e-01,9.895616577599245511e-01,9.900189718298370023e-01,9.999999999999921174e-01,9.906294045307647567e-01,9.904415784202258433e-01,9.898049590179336388e-01,9.908954751685595808e-01,9.898945421258392718e-01,9.906850819060601943e-01,9.910705407630582275e-01,9.899761609375973270e-01,9.894662616707120550e-01,9.899355805197639357e-01,9.909436384394312292e-01,9.917547286720004296e-01,9.910848797692897172e-01,9.919077587875454460e-01,9.915384120181482963e-01,9.919316080893663123e-01,9.917309398483190597e-01,9.907201612673007807e-01,9.911940652707205146e-01,9.906294045307647567e-01,9.999999999999921174e-01,9.915888657609541745e-01,9.909626987412837318e-01,9.920548955436496730e-01,9.910528138462709746e-01,9.918442836085048508e-01,9.922301944403679741e-01,9.911345343047408551e-01,9.906240385372750978e-01,9.910939066152522070e-01,9.921031441092348357e-01,9.915523311138615403e-01,9.908826190033415138e-01,9.917053302057062814e-01,9.913360591954863965e-01,9.917291759969774079e-01,9.915285532136347557e-01,9.905180161449570475e-01,9.909922002833826404e-01,9.904415784202258433e-01,9.915888657609541745e-01,9.999999999999921174e-01,9.907462688460343392e-01,9.918520719342363012e-01,9.908505175383751640e-01,9.916418612260994303e-01,9.920276981827349516e-01,9.909322625251955063e-01,9.904218713503624150e-01,9.908916437530287391e-01,9.919006753890839967e-01,9.909145040378816160e-01,9.902452227902864834e-01,9.910674048537010394e-01,9.906983715281895142e-01,9.910912357571447506e-01,9.908907431209178496e-01,9.898808620506287514e-01,9.903547720332473991e-01,9.898049590179336388e-01,9.909626987412837318e-01,9.907462688460343392e-01,9.999999999999921174e-01,9.912013159191629397e-01,9.902126001695127355e-01,9.910039353520450067e-01,9.913895583219179963e-01,9.902948317789800337e-01,9.897847704619374687e-01,9.902542413208617056e-01,9.912626241557961349e-01,9.920061876487631380e-01,9.913361691351987304e-01,9.921592570378363618e-01,9.917898172697674486e-01,9.921831144869053265e-01,9.919824014919129684e-01,9.909714099434580037e-01,9.914458484378630976e-01,9.908954751685595808e-01,9.920548955436496730e-01,9.918520719342363012e-01,9.912013159191629397e-01,9.999999999999921174e-01,9.912912035251605358e-01,9.920953860192833762e-01,9.924817394459736208e-01,9.913858269195232609e-01,9.908752078685501008e-01,9.913451970926132617e-01,9.923546911886532707e-01,9.910041257774432344e-01,9.903347842352677732e-01,9.911570408476398919e-01,9.907879743194989430e-01,9.911808743212195960e-01,9.909803641838030863e-01,9.899703942409958657e-01,9.904443544478160888e-01,9.898945421258392718e-01,9.910528138462709746e-01,9.908505175383751640e-01,9.902126001695127355e-01,9.912912035251605358e-01,9.999999999999921174e-01,9.910800056797139934e-01,9.914787923620670407e-01,9.903843432615675457e-01,9.898742785112323306e-01,9.903438005914876330e-01,9.913522768730717027e-01,9.917955483029800012e-01,9.911256725019967906e-01,9.919485859224744795e-01,9.915792247270567294e-01,9.919724385599890670e-01,9.917717683965313613e-01,9.907609921762687843e-01,9.912353313807398258e-01,9.906850819060601943e-01,9.918442836085048508e-01,9.916418612260994303e-01,9.910039353520450067e-01,9.920953860192833762e-01,9.910800056797139934e-01,9.999999999999921174e-01,9.922607328684076577e-01,9.911748485681000087e-01,9.906647588568460172e-01,9.911346897790186405e-01,9.921439765770538877e-01,9.921814369578743076e-01,9.915113013775790352e-01,9.923345353582467832e-01,9.919650305613704200e-01,9.923583974553583653e-01,9.921576492722542495e-01,9.911464798917849484e-01,9.916210038108962399e-01,9.910705407630582275e-01,9.922301944403679741e-01,9.920276981827349516e-01,9.913895583219179963e-01,9.924817394459736208e-01,9.914787923620670407e-01,9.922607328684076577e-01,9.999999999999921174e-01,9.915488728907871918e-01,9.910497884249271916e-01,9.915202889025734878e-01,9.925299973751889882e-01,9.910858222574405740e-01,9.904164319909849468e-01,9.912387587888981111e-01,9.908696624397702601e-01,9.912625951926543610e-01,9.910620687703241005e-01,9.900520160071555331e-01,9.905260160157282057e-01,9.899761609375973270e-01,9.911345343047408551e-01,9.909322625251955063e-01,9.902948317789800337e-01,9.913858269195232609e-01,9.903843432615675457e-01,9.911748485681000087e-01,9.915488728907871918e-01,9.999999999999921174e-01,9.899385004342864391e-01,9.904248992418998032e-01,9.914339678262897859e-01,9.905753066488517389e-01,9.899062960959472690e-01,9.907282068211548109e-01,9.903593019437036959e-01,9.907520328665346820e-01,9.905516099104608729e-01,9.895420774694658750e-01,9.900158334323345688e-01,9.894662616707120550e-01,9.906240385372750978e-01,9.904218713503624150e-01,9.897847704619374687e-01,9.908752078685501008e-01,9.898742785112323306e-01,9.906647588568460172e-01,9.910497884249271916e-01,9.899385004342864391e-01,9.999999999999921174e-01,9.898977724163072756e-01,9.909228721950108509e-01,9.910447114314284711e-01,9.903757785416495985e-01,9.911981174165991337e-01,9.908290423131023150e-01,9.912219608697735440e-01,9.910214432132447016e-01,9.900114320763877540e-01,9.904854128562536886e-01,9.899355805197639357e-01,9.910939066152522070e-01,9.908916437530287391e-01,9.902542413208617056e-01,9.913451970926132617e-01,9.903438005914876330e-01,9.911346897790186405e-01,9.915202889025734878e-01,9.904248992418998032e-01,9.898977724163072756e-01,9.999999999999921174e-01,9.913807410131756370e-01,9.920434995389239008e-01,9.913838909817230816e-01,9.922074329861232389e-01,9.918380046844453846e-01,9.922313274363013802e-01,9.920306064118341594e-01,9.910195670199029028e-01,9.914940305922115282e-01,9.909436384394312292e-01,9.921031441092348357e-01,9.919006753890839967e-01,9.912626241557961349e-01,9.923546911886532707e-01,9.913522768730717027e-01,9.921439765770538877e-01,9.925299973751889882e-01,9.914339678262897859e-01,9.909228721950108509e-01,9.913807410131756370e-01,9.999999999999921174e-01
1.000000000000011546e+00,9.866287071288579735e-01,9.878804922208069828e-01,9.873308843677861546e-01,9.879153080811269305e-01,9.876192660223602759e-01,9.861215645142659136e-01,9.868279535889579179e-01,9.860090374312441286e-01,9.877277441038353478e-01,9.874265001460040825e-01,9.864791820928584531e-01,9.881009205107083027e-01,9.866112234745875176e-01,9.877857737051196629e-01,9.883588531465344884e-01,9.867351107606401328e-01,9.859810628963421308e-01,9.866742575142596339e-01,9.881465391206915028e-01,9.866287071288579735e-01,1.000000000000011546e+00,9.868577397257982664e-01,9.863362862373097339e-01,9.869210549130755794e-01,9.866253790557238945e-01,9.851291958001859861e-01,9.858348780547684376e-01,9.850167870275949866e-01,9.867337647576253090e-01,9.864328241458578672e-01,9.854864595449716047e-01,9.871065661283777715e-01,9.856183685704534847e-01,9.867917374351381499e-01,9.873642420403119235e-01,9.857421452040899812e-01,9.849889311223426480e-01,9.856822742191145847e-01,9.871752981005974537e-01,9.878804922208069828e-01,9.868577397257982664e-01,1.000000000000011546e+00,9.875323167614249442e-01,9.881426783829987404e-01,9.878473008897451502e-01,9.863493172211760251e-01,9.870558848616894920e-01,9.862367828135553127e-01,9.879558880220480344e-01,9.876545749359639803e-01,9.867070383845496506e-01,9.883291516612876526e-01,9.868391111985415076e-01,9.880139336704674147e-01,9.885871481853136800e-01,9.869630463644589735e-01,9.862089156275528623e-01,9.869032001387513242e-01,9.883988566828938449e-01,9.873308843677861546e-01,9.863362862373097339e-01,9.875323167614249442e-01,1.000000000000011546e+00,9.875664267326347279e-01,9.872960683836198292e-01,9.857996968534589177e-01,9.865059533951675563e-01,9.856873193330533134e-01,9.874054706359048916e-01,9.871043262569132448e-01,9.861573179256826194e-01,9.877785277416775145e-01,9.862893175405247348e-01,9.874634856462177757e-01,9.880363810501439081e-01,9.864131849860096057e-01,9.856594773603054582e-01,9.863533853784585137e-01,9.878482572669196049e-01,9.879153080811269305e-01,9.869210549130755794e-01,9.881426783829987404e-01,9.875664267326347279e-01,1.000000000000011546e+00,9.878559762726057958e-01,9.863821703781737726e-01,9.870897318934778175e-01,9.862706749205037982e-01,9.879898555838927399e-01,9.876885350979048850e-01,9.867409669535740502e-01,9.883631366469053381e-01,9.868730452185193736e-01,9.880479083748514579e-01,9.886211429930018557e-01,9.869969867574693856e-01,9.862428342685252147e-01,9.869371559369624070e-01,9.884329214506331063e-01,9.876192660223602759e-01,9.866253790557238945e-01,9.878473008897451502e-01,9.872960683836198292e-01,9.878559762726057958e-01,1.000000000000011546e+00,9.860545689499293776e-01,9.867930110424327772e-01,9.859750187683201661e-01,9.876937645222922946e-01,9.873925440919965046e-01,9.864452622994708264e-01,9.880669470069366467e-01,9.865773023651100981e-01,9.877518136676753935e-01,9.883248766271327534e-01,9.867012073024982177e-01,9.859472812146636844e-01,9.866413956068229574e-01,9.881367146692568992e-01,9.861215645142659136e-01,9.851291958001859861e-01,9.863493172211760251e-01,9.857996968534589177e-01,9.863821703781737726e-01,9.860545689499293776e-01,1.000000000000011546e+00,9.852602603464503117e-01,9.844785051898258255e-01,9.861958520425200270e-01,9.858951638714974486e-01,9.849493315533855986e-01,9.865685615828347910e-01,9.850811767585845313e-01,9.862539075764774621e-01,9.868261017490965736e-01,9.852048947815702507e-01,9.844521121870312141e-01,9.851451742762368236e-01,9.866382262554814764e-01,9.868279535889579179e-01,9.858348780547684376e-01,9.870558848616894920e-01,9.865059533951675563e-01,9.870897318934778175e-01,9.867930110424327772e-01,9.852602603464503117e-01,1.000000000000011546e+00,9.851472796236504514e-01,9.869014119948744668e-01,9.866013052081979984e-01,9.856548615328309948e-01,9.872752653213550111e-01,9.857868171305677052e-01,9.869603890758672504e-01,9.875329934717028690e-01,9.859106253579913437e-01,9.851573037291508905e-01,9.858508625143284076e-01,9.873449843058300646e-01,9.860090374312441286e-01,9.850167870275949866e-01,9.862367828135553127e-01,9.856873193330533134e-01,9.862706749205037982e-01,9.859750187683201661e-01,9.844785051898258255e-01,9.851472796236504514e-01,1.000000000000011546e+00,9.860504402628901266e-01,9.857814894826429919e-01,9.848368036855854601e-01,9.864559605217122495e-01,9.849687583659030299e-01,9.861413606381028707e-01,9.867134909948431787e-01,9.850924694771151513e-01,9.843397732249689058e-01,9.850327566705948668e-01,9.865256387475821453e-01,9.877277441038353478e-01,9.867337647576253090e-01,9.879558880220480344e-01,9.874054706359048916e-01,9.879898555838927399e-01,9.876937645222922946e-01,9.861958520425200270e-01,9.869014119948744668e-01,9.860504402628901266e-01,1.000000000000011546e+00,9.874739950182928050e-01,9.865525408777375826e-01,9.881753837245140781e-01,9.866856375538580748e-01,9.878602945765538879e-01,9.884334242790070446e-01,9.868095776644661976e-01,9.860555696852959517e-01,9.867497612365752069e-01,9.882452456421411124e-01,9.874265001460040825e-01,9.864328241458578672e-01,9.876545749359639803e-01,9.871043262569132448e-01,9.876885350979048850e-01,9.873925440919965046e-01,9.858951638714974486e-01,9.866013052081979984e-01,9.857814894826429919e-01,9.874739950182928050e-01,1.000000000000011546e+00,9.862201811089160719e-01,9.878732275807599050e-01,9.863846209437603374e-01,9.875589959550487018e-01,9.881319614553877306e-01,9.865086120049013640e-01,9.857548348867866128e-01,9.864488151897630175e-01,9.879438437275439577e-01,9.864791820928584531e-01,9.854864595449716047e-01,9.867070383845496506e-01,9.861573179256826194e-01,9.867409669535740502e-01,9.864452622994708264e-01,9.849493315533855986e-01,9.856548615328309948e-01,9.848368036855854601e-01,9.865525408777375826e-01,9.862201811089160719e-01,1.000000000000011546e+00,9.868972359428629382e-01,9.854371406195007177e-01,9.866114619129615626e-01,9.871839513416682532e-01,9.855621690127799317e-01,9.848091184261351660e-01,9.855024343411590282e-01,9.869960291673496311e-01,9.881009205107083027e-01,9.871065661283777715e-01,9.883291516612876526e-01,9.877785277416775145e-01,9.883631366469053381e-01,9.880669470069366467e-01,9.865685615828347910e-01,9.872752653213550111e-01,9.864559605217122495e-01,9.881753837245140781e-01,9.878732275807599050e-01,9.868972359428629382e-01,1.000000000000011546e+00,9.870298606557844634e-01,9.882327125931101852e-01,9.888067927129569057e-01,9.871823873317412401e-01,9.864281078658437840e-01,9.871225660753361053e-01,9.886186170464513756e-01,9.866112234745875176e-01,9.856183685704534847e-01,9.868391111985415076e-01,9.862893175405247348e-01,9.868730452185193736e-01,9.865773023651100981e-01,9.850811767585845313e-01,9.857868171305677052e-01,9.849687583659030299e-01,9.866856375538580748e-01,9.863846209437603374e-01,9.854371406195007177e-01,9.870298606557844634e-01,1.000000000000011546e+00,9.867134684936720301e-01,9.873151636396078068e-01,9.856939704697890159e-01,9.849409112423140877e-01,9.856343389784316678e-01,9.871281386191422813e-01,9.877857737051196629e-01,9.867917374351381499e-01,9.880139336704674147e-01,9.874634856462177757e-01,9.880479083748514579e-01,9.877518136676753935e-01,9.862539075764774621e-01,9.869603890758672504e-01,9.861413606381028707e-01,9.878602945765538879e-01,9.875589959550487018e-01,9.866114619129615626e-01,9.882327125931101852e-01,9.867134684936720301e-01,1.000000000000011546e+00,9.884686528388185733e-01,9.868665218567725939e-01,9.861133871273940477e-01,9.868077132106737315e-01,9.883033023597177502e-01,9.883588531465344884e-01,9.873642420403119235e-01,9.885871481853136800e-01,9.880363810501439081e-01,9.886211429930018557e-01,9.883248766271327534e-01,9.868261017490965736e-01,9.875329934717028690e-01,9.867134909948431787e-01,9.884334242790070446e-01,9.881319614553877306e-01,9.871839513416682532e-01,9.888067927129569057e-01,9.873151636396078068e-01,9.884686528388185733e-01,1.000000000000011546e+00,9.874132829810635670e-01,9.866846050045059435e-01,9.873801557035039034e-01,9.888766746270751806e-01,9.867351107606401328e-01,9.857421452040899812e-01,9.869630463644589735e-01,9.864131849860096057e-01,9.869969867574693856e-01,9.867012073024982177e-01,9.852048947815702507e-01,9.859106253579913437e-01,9.850924694771151513e-01,9.868095776644661976e-01,9.865086120049013640e-01,9.855621690127799317e-01,9.871823873317412401e-01,9.856939704697890159e-01,9.868665218567725939e-01,9.874132829810635670e-01,1.000000000000011546e+00,9.850261404648050778e-01,9.857569519422980653e-01,9.872520173673752231e-01,9.859810628963421308e-01,9.849889311223426480e-01,9.862089156275528623e-01,9.856594773603054582e-01,9.862428342685252147e-01,9.859472812146636844e-01,9.844521121870312141e-01,9.851573037291508905e-01,9.843397732249689058e-01,9.860555696852959517e-01,9.857548348867866128e-01,9.848091184261351660e-01,9.864281078658437840e-01,9.849409112423140877e-01,9.861133871273940477e-01,9.866846050045059435e-01,9.850261404648050778e-01,1.000000000000011546e+00,9.849661045085450484e-01,9.864967234377371996e-01,9.866742575142596339e-01,9.856822742191145847e-01,9.869032001387513242e-01,9.863533853784585137e-01,9.869371559369624070e-01,9.866413956068229574e-01,9.851451742762368236e-01,9.858508625143284076e-01,9.850327566705948668e-01,9.867497612365752069e-01,9.864488151897630175e-01,9.855024343411590282e-01,9.871225660753361053e-01,9.856343389784316678e-01,9.868077132106737315e-01,9.873801557035039034e-01,9.857569519422980653e-01,9.849661045085450484e-01,1.000000000000011546e+00,9.871642891051933821e-01,9.881465391206915028e-01,9.871752981005974537e-01,9.883988566828938449e-01,9.878482572669196049e-01,9.884329214506331063e-01,9.881367146692568992e-01,9.866382262554814764e-01,9.873449843058300646e-01,9.865256387475821453e-01,9.882452456421411124e-01,9.879438437275439577e-01,9.869960291673496311e-01,9.886186170464513756e-01,9.871281386191422813e-01,9.883033023597177502e-01,9.888766746270751806e-01,9.872520173673752231e-01,9.864967234377371996e-01,9.871642891051933821e-01,1.000000000000011546e+00
