9.999999999999996669e-01,9.999999999999996669e-01,9.999999999999996669e-01,9.999999999999996669e-01,9.999999999999996669e-01,9.999999999999996669e-01,9.999999999999996669e-01,9.999999999999996669e-01,9.999999999999996669e-01,9.999999999999996669e-01,9.999999999999996669e-01,9.999999999999996669e-01,9.999999999999996669e-01,9.999999999999996669e-01,9.999999999999996669e-01,9.999999999999996669e-01
9.999999999999990008e-01,9.955690557426104537e-01,9.956709852641922875e-01,9.953920056340104239e-01,9.955690557426104537e-01,9.999999999999990008e-01,9.955866110672337843e-01,9.953132477534437639e-01,9.956709852641922875e-01,9.955866110672337843e-01,9.999999999999990008e-01,9.954095604563596433e-01,9.953920056340104239e-01,9.953132477534437639e-01,9.954095604563596433e-01,9.999999999999990008e-01
1.000000000000000222e+00,9.912149761911984713e-01,9.914227071890060472e-01,9.908649963595247412e-01,9.912149761911984713e-01,1.000000000000000222e+00,9.912496837942653682e-01,9.907141321756469665e-01,9.914227071890060472e-01,9.912496837942653682e-01,1.000000000000000222e+00,9.908997019803053030e-01,9.908649963595247412e-01,9.907141321756469665e-01,9.908997019803053030e-01,1.000000000000000222e+00
1.000000000000000444e+00,9.869353867228295440e-01,9.872526133991127439e-01,9.864164579510843467e-01,9.869353867228295440e-01,1.000000000000000444e+00,9.869868571602705698e-01,9.861998876374532541e-01,9.872526133991127439e-01,9.869868571602705698e-01,1.000000000000000444e+00,9.864679239872753413e-01,9.864164579510843467e-01,9.861998876374532541e-01,9.864679239872753413e-01,1.000000000000000444e+00
1.000000000000000666e+00,9.827280162883074155e-01,9.831582637154068216e-01,9.820439860967399293e-01,9.827280162883074155e-01,1.000000000000000666e+00,9.827958731014074800e-01,9.817678699414797983e-01,9.831582637154068216e-01,9.827958731014074800e-01,1.000000000000000666e+00,9.821118351876474417e-01,9.820439860967399293e-01,9.817678699414797983e-01,9.821118351876474417e-01,1.000000000000000666e+00
9.999999999999993339e-01,9.785906916339447426e-01,9.791373238762287601e-01,9.777452802584231106e-01,9.785906916339447426e-01,9.999999999999993339e-01,9.786745707677185768e-01,9.774155495311077635e-01,9.791373238762287601e-01,9.786745707677185768e-01,9.999999999999993339e-01,9.778291474823433971e-01,9.777452802584231106e-01,9.774155495311077635e-01,9.778291474823433971e-01,9.999999999999993339e-01
1.000000000000000000e+00,9.745213319137148167e-01,9.751875596834056470e-01,9.735181379474391328e-01,9.745213319137148167e-01,1.000000000000000000e+00,9.746208811680096007e-01,9.731405051587455057e-01,9.751875596834056470e-01,9.746208811680096007e-01,1.000000000000000000e+00,9.736176702711470954e-01,9.735181379474391328e-01,9.731405051587455057e-01,9.736176702711470954e-01,1.000000000000000000e+00
1.000000000000000666e+00,9.705179436609204791e-01,9.713068315394931540e-01,9.693604493822429724e-01,9.705179436609204791e-01,1.000000000000000666e+00,9.706328221720316174e-01,9.689404179770414460e-01,9.713068315394931540e-01,9.706328221720316174e-01,1.000000000000000666e+00,9.694753051410851530e-01,9.693604493822429724e-01,9.689404179770414460e-01,9.694753051410851530e-01,1.000000000000000666e+00
9.999999999999995559e-01,9.665786160913533154e-01,9.674930893457033276e-01,9.652701924986840654e-01,9.665786160913533154e-01,9.999999999999995559e-01,9.667084938421182105e-01,9.648130660200545661e-01,9.674930893457033276e-01,9.667084938421182105e-01,9.999999999999995559e-01,9.654000409052314602e-01,9.652701924986840654e-01,9.648130660200545661e-01,9.654000409052314602e-01,9.999999999999995559e-01
9.999999999999997780e-01,9.627015167123598172e-01,9.637443677326551494e-01,9.612454282854998588e-01,9.627015167123598172e-01,9.999999999999997780e-01,9.628460740688479236e-01,9.607563190442736101e-01,9.637443677326551494e-01,9.628460740688479236e-01,9.999999999999997780e-01,9.613899489648787267e-01,9.612454282854998588e-01,9.607563190442736101e-01,9.613899489648787267e-01,9.999999999999997780e-01
9.999999999999997780e-01,9.588848872145093738e-01,9.600587815985708318e-01,9.572842964202661342e-01,9.588848872145093738e-01,9.999999999999997780e-01,9.590438144875741422e-01,9.567681337020568222e-01,9.600587815985708318e-01,9.590438144875741422e-01,9.999999999999997780e-01,9.574431789704225260e-01,9.572842964202661342e-01,9.567681337020568222e-01,9.574431789704225260e-01,9.999999999999997780e-01
1.000000000000000222e+00,9.551270396245898908e-01,9.564345219317579305e-01,9.533850111831773111e-01,9.551270396245898908e-01,1.000000000000000222e+00,9.553000366546792188e-01,9.528465490224525825e-01,9.564345219317579305e-01,9.553000366546792188e-01,1.000000000000000222e+00,9.535579547584690507e-01,9.533850111831773111e-01,9.528465490224525825e-01,9.535579547584690507e-01,1.000000000000000222e+00
1.000000000000000666e+00,9.514263527004732657e-01,9.528698518961834507e-01,9.495458576279488527e-01,9.514263527004732657e-01,1.000000000000000666e+00,9.516131284642158628e-01,9.489896821764992607e-01,9.528698518961834507e-01,9.516131284642158628e-01,1.000000000000000666e+00,9.497325705445788246e-01,9.495458576279488527e-01,9.489896821764992607e-01,9.497325705445788246e-01,1.000000000000000666e+00
1.000000000000000222e+00,9.477812685500494050e-01,9.493631031607681070e-01,9.457651879909184656e-01,9.477812685500494050e-01,1.000000000000000222e+00,9.479815407872442812e-01,9.451957245060574886e-01,9.493631031607681070e-01,9.479815407872442812e-01,1.000000000000000222e+00,9.459653873528304224e-01,9.457651879909184656e-01,9.451957245060574886e-01,9.459653873528304224e-01,1.000000000000000222e+00
1.000000000000000222e+00,9.441902894579351502e-01,9.459126724546524922e-01,9.420414183210051862e-01,9.441902894579351502e-01,1.000000000000000222e+00,9.444037843176722458e-01,9.414629377969990776e-01,9.459126724546524922e-01,9.444037843176722458e-01,1.000000000000000222e+00,9.422548296649692068e-01,9.420414183210051862e-01,9.414629377969990776e-01,9.422548296649692068e-01,1.000000000000000222e+00
1.000000000000000222e+00,9.406519749049914170e-01,9.425170183321526229e-01,9.383730253146167488e-01,9.406519749049914170e-01,1.000000000000000222e+00,9.408784266097252047e-01,9.377896507791405600e-01,9.425170183321526229e-01,9.408784266097252047e-01,1.000000000000000222e+00,9.385993822733174063e-01,9.383730253146167488e-01,9.377896507791405600e-01,9.385993822733174063e-01,1.000000000000000222e+00
1.000000000000000222e+00,9.371649387669539477e-01,9.391746581324850185e-01,9.347585433409293376e-01,9.371649387669539477e-01,1.000000000000000222e+00,9.374040892934317748e-01,9.341742558368020255e-01,9.391746581324850185e-01,9.374040892934317748e-01,1.000000000000000222e+00,9.349975873229625645e-01,9.347585433409293376e-01,9.341742558368020255e-01,9.349975873229625645e-01,1.000000000000000222e+00
1.000000000000000666e+00,9.337278466795502219e-01,9.358841651205259682e-01,9.311965616441200133e-01,9.337278466795502219e-01,1.000000000000000666e+00,9.339794454555838676e-01,9.306152059151390210e-01,9.358841651205259682e-01,9.339794454555838676e-01,1.000000000000000666e+00,9.314480415298768134e-01,9.311965616441200133e-01,9.306152059151390210e-01,9.314480415298768134e-01,1.000000000000000666e+00
1.000000000000000666e+00,9.303394135585213442e-01,9.326441657959948506e-01,9.276857217102301156e-01,9.303394135585213442e-01,1.000000000000000666e+00,9.306032171746512205e-01,9.271110116086129782e-01,9.326441657959948506e-01,9.306032171746512205e-01,1.000000000000000666e+00,9.279493935627197709e-01,9.276857217102301156e-01,9.271110116086129782e-01,9.279493935627197709e-01,1.000000000000000666e+00
1.000000000000000444e+00,9.269984012638913251e-01,9.294533373594591197e-01,9.242247147873249302e-01,9.269984012638913251e-01,1.000000000000000444e+00,9.272741731990671310e-01,9.236602384190656378e-01,9.294533373594591197e-01,9.272741731990671310e-01,1.000000000000000444e+00,9.245003415770530752e-01,9.242247147873249302e-01,9.236602384190656378e-01,9.245003415770530752e-01,1.000000000000000444e+00
1.000000000000001110e+00,9.237036163986283022e-01,9.263104053244413105e-01,9.208122795484735557e-01,9.237036163986283022e-01,1.000000000000001110e+00,9.239911267590856792e-01,9.202615041717959743e-01,9.263104053244413105e-01,9.239911267590856792e-01,1.000000000000001110e+00,9.210996308915579966e-01,9.208122795484735557e-01,9.202615041717959743e-01,9.210996308915579966e-01,1.000000000000001110e+00
1.000000000000002442e+00,6.882513847671566376e-01,7.126234894235605744e-01,6.783566187266263370e-01,6.882513847671566376e-01,1.000000000000002442e+00,6.892415692857103426e-01,6.878953250810148079e-01,7.126234894235605744e-01,6.892415692857103426e-01,1.000000000000002442e+00,6.793458473764096839e-01,6.783566187266263370e-01,6.878953250810148079e-01,6.793458473764096839e-01,1.000000000000002442e+00
9.999999999999997780e-01,4.567895459587526519e-01,5.329804181452966194e-01,4.435820178924354540e-01,4.567895459587526519e-01,9.999999999999997780e-01,4.581241283738772818e-01,4.885280691508576689e-01,5.329804181452966194e-01,4.581241283738772818e-01,9.999999999999997780e-01,4.449150018618069358e-01,4.435820178924354540e-01,4.885280691508576689e-01,4.449150018618069358e-01,9.999999999999997780e-01
9.999999999999998890e-01,3.062265878388779061e-01,4.457555229036300193e-01,2.935687053911573141e-01,3.062265878388779061e-01,9.999999999999998890e-01,3.075234979696016557e-01,3.869171087250461993e-01,4.457555229036300193e-01,3.075234979696016557e-01,9.999999999999998890e-01,2.948638697156287236e-01,2.935687053911573141e-01,3.869171087250461993e-01,2.948638697156287236e-01,9.999999999999998890e-01
1.000000000000000444e+00,2.075975350247175888e-01,4.086744307210330440e-01,1.966522889315354128e-01,2.075975350247175888e-01,1.000000000000000444e+00,2.087402130109554110e-01,3.395378821595588237e-01,4.086744307210330440e-01,2.087402130109554110e-01,1.000000000000000444e+00,1.977932993956514895e-01,1.966522889315354128e-01,3.395378821595588237e-01,1.977932993956514895e-01,1.000000000000000444e+00
9.999999999999998890e-01,1.379155142110933263e-01,3.943597488357188374e-01,1.287594477604663001e-01,1.379155142110933263e-01,9.999999999999998890e-01,1.388947158923580782e-01,3.175971608151311742e-01,3.943597488357188374e-01,1.388947158923580782e-01,9.999999999999998890e-01,1.297371245115432892e-01,1.287594477604663001e-01,3.175971608151311742e-01,1.297371245115432892e-01,9.999999999999998890e-01
1.000000000000000222e+00,8.565583209695826206e-02,3.905110642613069394e-01,7.807797745435623993e-02,8.565583209695826206e-02,1.000000000000000222e+00,8.649078766903109394e-02,3.079286532361644735e-01,3.905110642613069394e-01,8.649078766903109394e-02,1.000000000000000222e+00,7.891155597405856426e-02,7.807797745435623993e-02,3.079286532361644735e-01,7.891155597405856426e-02,1.000000000000000222e+00
9.999999999999996669e-01,4.480141312100485718e-02,3.915831657492507833e-01,3.855108622414760156e-02,4.480141312100485718e-02,9.999999999999996669e-01,4.551540946510077013e-02,3.044498474087578010e-01,3.915831657492507833e-01,4.551540946510077013e-02,9.999999999999996669e-01,3.926384030187847485e-02,3.855108622414760156e-02,3.044498474087578010e-01,3.926384030187847485e-02,9.999999999999996669e-01
1.000000000000001110e+00,1.190186646853991226e-02,3.949540371773102576e-01,6.755248706639543910e-03,1.190186646853991226e-02,1.000000000000001110e+00,1.251570733718587736e-02,3.041885150997082343e-01,3.949540371773102576e-01,1.251570733718587736e-02,1.000000000000001110e+00,7.367964956147901590e-03,6.755248706639543910e-03,3.041885150997082343e-01,7.367964956147901590e-03,1.000000000000001110e+00
1.000000000000000000e+00,-1.518933108686967848e-02,3.993308831019534155e-01,-1.941700936894982799e-02,-1.518933108686967848e-02,1.000000000000000000e+00,-1.465852194707217837e-02,3.056147684050245505e-01,3.993308831019534155e-01,-1.465852194707217837e-02,1.000000000000000000e+00,-1.888722362004573163e-02,-1.941700936894982799e-02,3.056147684050245505e-01,-1.888722362004573163e-02,1.000000000000000000e+00
1.000000000000000444e+00,-3.789313440231426022e-02,4.040588182863539268e-01,-4.135069062579960208e-02,-3.789313440231426022e-02,1.000000000000000444e+00,-3.743161949070546862e-02,3.079084992775300011e-01,4.040588182863539268e-01,-3.743161949070546862e-02,1.000000000000000444e+00,-4.089011222040098148e-02,-4.135069062579960208e-02,3.079084992775300011e-01,-4.089011222040098148e-02,1.000000000000000444e+00
9.999999999999991118e-01,-5.719506511286059913e-02,4.088031774630187520e-01,-6.000176410733909504e-02,-5.719506511286059913e-02,9.999999999999991118e-01,-5.679188094492453043e-02,3.106171329154072680e-01,4.088031774630187520e-01,-5.679188094492453043e-02,9.999999999999991118e-01,-5.959944166735722804e-02,-6.000176410733909504e-02,3.106171329154072680e-01,-5.959944166735722804e-02,9.999999999999991118e-01
1.000000000000001998e+00,-7.380346548909294535e-02,4.133956526152650079e-01,-7.605520136219748317e-02,-7.380346548909294535e-02,1.000000000000001998e+00,-7.344983333169392836e-02,3.134864632597350598e-01,4.133956526152650079e-01,-7.344983333169392836e-02,1.000000000000001998e+00,-7.570236624733509001e-02,-7.605520136219748317e-02,3.134864632597350598e-01,-7.570236624733509001e-02,1.000000000000001998e+00
9.999999999999997780e-01,-9.930404817360188874e-02,4.213212021256095285e-01,-1.007166196363502852e-01,-9.930404817360188874e-02,9.999999999999997780e-01,-9.902498867547358807e-02,3.188242625735305813e-01,4.213212021256095285e-01,-9.902498867547358807e-02,9.999999999999997780e-01,-1.004382578235138573e-01,-1.007166196363502852e-01,3.188242625735305813e-01,-1.004382578235138573e-01,9.999999999999997780e-01
1.000000000000000000e+00,-1.793873682532955982e-01,4.524069809342497472e-01,-1.783157486723970786e-01,-1.793873682532955982e-01,1.000000000000000000e+00,-1.793260225090873849e-01,3.423361879723348933e-01,4.524069809342497472e-01,-1.793260225090873849e-01,1.000000000000000000e+00,-1.782547960772600526e-01,-1.783157486723970786e-01,3.423361879723348933e-01,-1.782547960772600526e-01,1.000000000000000000e+00
1.000000000000000666e+00,-3.893770192662789342e-01,5.674162879242965474e-01,-3.834374571207205262e-01,-3.893770192662789342e-01,1.000000000000000666e+00,-3.897190488238365669e-01,4.430066092639584063e-01,5.674162879242965474e-01,-3.897190488238365669e-01,1.000000000000000666e+00,-3.837792305583074270e-01,-3.834374571207205262e-01,4.430066092639584063e-01,-3.837792305583074270e-01,1.000000000000000666e+00
