1.000000000000013767e+00,1.000000000000013767e+00,1.000000000000013767e+00,1.000000000000013767e+00,1.000000000000013767e+00,1.000000000000013767e+00,1.000000000000013767e+00,1.000000000000013767e+00,1.000000000000013767e+00,1.000000000000013767e+00,1.000000000000013767e+00,1.000000000000013767e+00,1.000000000000013767e+00,1.000000000000013767e+00,1.000000000000013767e+00,1.000000000000013767e+00,1.000000000000013767e+00,1.000000000000013767e+00,1.000000000000013767e+00,1.000000000000013767e+00,1.000000000000013767e+00,1.000000000000013767e+00,1.000000000000013767e+00,1.000000000000013767e+00,1.000000000000013767e+00,1.000000000000013767e+00,1.000000000000013767e+00,1.000000000000013767e+00,1.000000000000013767e+00,1.000000000000013767e+00,1.000000000000013767e+00,1.000000000000013767e+00,1.000000000000013767e+00,1.000000000000013767e+00,1.000000000000013767e+00,1.000000000000013767e+00,1.000000000000013767e+00,1.000000000000013767e+00,1.000000000000013767e+00,1.000000000000013767e+00,1.000000000000013767e+00,1.000000000000013767e+00,1.000000000000013767e+00,1.000000000000013767e+00,1.000000000000013767e+00,1.000000000000013767e+00,1.000000000000013767e+00,1.000000000000013767e+00,1.000000000000013767e+00,1.000000000000013767e+00,1.000000000000013767e+00,1.000000000000013767e+00,1.000000000000013767e+00,1.000000000000013767e+00,1.000000000000013767e+00,1.000000000000013767e+00,1.000000000000013767e+00,1.000000000000013767e+00,1.000000000000013767e+00,1.000000000000013767e+00,1.000000000000013767e+00,1.000000000000013767e+00,1.000000000000013767e+00,1.000000000000013767e+00,1.000000000000013767e+00,1.000000000000013767e+00,1.000000000000013767e+00,1.000000000000013767e+00,1.000000000000013767e+00,1.000000000000013767e+00,1.000000000000013767e+00,1.000000000000013767e+00,1.000000000000013767e+00,1.000000000000013767e+00,1.000000000000013767e+00,1.000000000000013767e+00,1.000000000000013767e+00,1.000000000000013767e+00,1.000000000000013767e+00,1.000000000000013767e+00,1.000000000000013767e+00,1.000000000000013767e+00,1.000000000000013767e+00,1.000000000000013767e+00,1.000000000000013767e+00,1.000000000000013767e+00,1.000000000000013767e+00,1.000000000000013767e+00,1.000000000000013767e+00,1.000000000000013767e+00,1.000000000000013767e+00,1.000000000000013767e+00,1.000000000000013767e+00,1.000000000000013767e+00,1.000000000000013767e+00,1.000000000000013767e+00,1.000000000000013767e+00,1.000000000000013767e+00,1.000000000000013767e+00,1.000000000000013767e+00,1.000000000000013767e+00,1.000000000000013767e+00,1.000000000000013767e+00,1.000000000000013767e+00,1.000000000000013767e+00,1.000000000000013767e+00,1.000000000000013767e+00,1.000000000000013767e+00,1.000000000000013767e+00,1.000000000000013767e+00,1.000000000000013767e+00,1.000000000000013767e+00,1.000000000000013767e+00,1.000000000000013767e+00,1.000000000000013767e+00,1.000000000000013767e+00,1.000000000000013767e+00,1.000000000000013767e+00,1.000000000000013767e+00,1.000000000000013767e+00,1.000000000000013767e+00,1.000000000000013767e+00,1.000000000000013767e+00,1.000000000000013767e+00,1.000000000000013767e+00,1.000000000000013767e+00,1.000000000000013767e+00,1.000000000000013767e+00,1.000000000000013767e+00,1.000000000000013767e+00,1.000000000000013767e+00,1.000000000000013767e+00,1.000000000000013767e+00,1.000000000000013767e+00,1.000000000000013767e+00,1.000000000000013767e+00,1.000000000000013767e+00,1.000000000000013767e+00,1.000000000000013767e+00,1.000000000000013767e+00,1.000000000000013767e+00,1.000000000000013767e+00,1.000000000000013767e+00,1.000000000000013767e+00,1.000000000000013767e+00,1.000000000000013767e+00,1.000000000000013767e+00,1.000000000000013767e+00,1.000000000000013767e+00,1.000000000000013767e+00,1.000000000000013767e+00,1.000000000000013767e+00,1.000000000000013767e+00,1.000000000000013767e+00,1.000000000000013767e+00,1.000000000000013767e+00,1.000000000000013767e+00,1.000000000000013767e+00,1.000000000000013767e+00,1.000000000000013767e+00,1.000000000000013767e+00,1.000000000000013767e+00,1.000000000000013767e+00,1.000000000000013767e+00,1.000000000000013767e+00,1.000000000000013767e+00,1.000000000000013767e+00,1.000000000000013767e+00,1.000000000000013767e+00,1.000000000000013767e+00,1.000000000000013767e+00,1.000000000000013767e+00,1.000000000000013767e+00,1.000000000000013767e+00,1.000000000000013767e+00,1.000000000000013767e+00,1.000000000000013767e+00,1.000000000000013767e+00,1.000000000000013767e+00,1.000000000000013767e+00,1.000000000000013767e+00,1.000000000000013767e+00,1.000000000000013767e+00,1.000000000000013767e+00,1.000000000000013767e+00,1.000000000000013767e+00,1.000000000000013767e+00,1.000000000000013767e+00,1.000000000000013767e+00,1.000000000000013767e+00,1.000000000000013767e+00,1.000000000000013767e+00,1.000000000000013767e+00,1.000000000000013767e+00,1.000000000000013767e+00,1.000000000000013767e+00,1.000000000000013767e+00,1.000000000000013767e+00,1.000000000000013767e+00,1.000000000000013767e+00,1.000000000000013767e+00,1.000000000000013767e+00,1.000000000000013767e+00,1.000000000000013767e+00,1.000000000000013767e+00,1.000000000000013767e+00,1.000000000000013767e+00,1.000000000000013767e+00,1.000000000000013767e+00,1.000000000000013767e+00,1.000000000000013767e+00,1.000000000000013767e+00,1.000000000000013767e+00,1.000000000000013767e+00,1.000000000000013767e+00,1.000000000000013767e+00,1.000000000000013767e+00,1.000000000000013767e+00,1.000000000000013767e+00,1.000000000000013767e+00,1.000000000000013767e+00,1.000000000000013767e+00,1.000000000000013767e+00,1.000000000000013767e+00,1.000000000000013767e+00,1.000000000000013767e+00,1.000000000000013767e+00,1.000000000000013767e+00,1.000000000000013767e+00,1.000000000000013767e+00,1.000000000000013767e+00,1.000000000000013767e+00,1.000000000000013767e+00,1.000000000000013767e+00,1.000000000000013767e+00,1.000000000000013767e+00,1.000000000000013767e+00,1.000000000000013767e+00,1.000000000000013767e+00,1.000000000000013767e+00,1.000000000000013767e+00,1.000000000000013767e+00,1.000000000000013767e+00,1.000000000000013767e+00,1.000000000000013767e+00,1.000000000000013767e+00,1.000000000000013767e+00,1.000000000000013767e+00,1.000000000000013767e+00,1.000000000000013767e+00,1.000000000000013767e+00,1.000000000000013767e+00,1.000000000000013767e+00,1.000000000000013767e+00,1.000000000000013767e+00,1.000000000000013767e+00,1.000000000000013767e+00,1.000000000000013767e+00,1.000000000000013767e+00,1.000000000000013767e+00,1.000000000000013767e+00,1.000000000000013767e+00,1.000000000000013767e+00,1.000000000000013767e+00,1.000000000000013767e+00,1.000000000000013767e+00,1.000000000000013767e+00,1.000000000000013767e+00,1.000000000000013767e+00,1.000000000000013767e+00,1.000000000000013767e+00,1.000000000000013767e+00,1.000000000000013767e+00,1.000000000000013767e+00,1.000000000000013767e+00,1.000000000000013767e+00,1.000000000000013767e+00,1.000000000000013767e+00,1.000000000000013767e+00,1.000000000000013767e+00,1.000000000000013767e+00,1.000000000000013767e+00,1.000000000000013767e+00,1.000000000000013767e+00,1.000000000000013767e+00,1.000000000000013767e+00,1.000000000000013767e+00,1.000000000000013767e+00,1.000000000000013767e+00,1.000000000000013767e+00,1.000000000000013767e+00,1.000000000000013767e+00,1.000000000000013767e+00,1.000000000000013767e+00,1.000000000000013767e+00,1.000000000000013767e+00,1.000000000000013767e+00,1.000000000000013767e+00,1.000000000000013767e+00,1.000000000000013767e+00,1.000000000000013767e+00,1.000000000000013767e+00,1.000000000000013767e+00,1.000000000000013767e+00,1.000000000000013767e+00,1.000000000000013767e+00,1.000000000000013767e+00,1.000000000000013767e+00,1.000000000000013767e+00,1.000000000000013767e+00,1.000000000000013767e+00,1.000000000000013767e+00,1.000000000000013767e+00,1.000000000000013767e+00,1.000000000000013767e+00,1.000000000000013767e+00,1.000000000000013767e+00,1.000000000000013767e+00,1.000000000000013767e+00,1.000000000000013767e+00,1.000000000000013767e+00,1.000000000000013767e+00,1.000000000000013767e+00,1.000000000000013767e+00,1.000000000000013767e+00,1.000000000000013767e+00,1.000000000000013767e+00,1.000000000000013767e+00,1.000000000000013767e+00,1.000000000000013767e+00,1.000000000000013767e+00,1.000000000000013767e+00,1.000000000000013767e+00,1.000000000000013767e+00,1.000000000000013767e+00,1.000000000000013767e+00,1.000000000000013767e+00,1.000000000000013767e+00,1.000000000000013767e+00,1.000000000000013767e+00,1.000000000000013767e+00,1.000000000000013767e+00,1.000000000000013767e+00,1.000000000000013767e+00,1.000000000000013767e+00,1.000000000000013767e+00,1.000000000000013767e+00,1.000000000000013767e+00,1.000000000000013767e+00,1.000000000000013767e+00,1.000000000000013767e+00,1.000000000000013767e+00,1.000000000000013767e+00,1.000000000000013767e+00,1.000000000000013767e+00,1.000000000000013767e+00,1.000000000000013767e+00,1.000000000000013767e+00,1.000000000000013767e+00,1.000000000000013767e+00,1.000000000000013767e+00,1.000000000000013767e+00,1.000000000000013767e+00,1.000000000000013767e+00,1.000000000000013767e+00,1.000000000000013767e+00,1.000000000000013767e+00,1.000000000000013767e+00,1.000000000000013767e+00,1.000000000000013767e+00,1.000000000000013767e+00,1.000000000000013767e+00,1.000000000000013767e+00,1.000000000000013767e+00,1.000000000000013767e+00,1.000000000000013767e+00,1.000000000000013767e+00,1.000000000000013767e+00,1.000000000000013767e+00,1.000000000000013767e+00,1.000000000000013767e+00,1.000000000000013767e+00,1.000000000000013767e+00,1.000000000000013767e+00,1.000000000000013767e+00,1.000000000000013767e+00,1.000000000000013767e+00,1.000000000000013767e+00,1.000000000000013767e+00,1.000000000000013767e+00,1.000000000000013767e+00,1.000000000000013767e+00,1.000000000000013767e+00,1.000000000000013767e+00,1.000000000000013767e+00,1.000000000000013767e+00,1.000000000000013767e+00,1.000000000000013767e+00,1.000000000000013767e+00,1.000000000000013767e+00
1.000000000000018430e+00,9.954821836761944542e-01,9.955537617195751032e-01,9.955117084186887455e-01,9.955834313288568493e-01,9.955984645997544291e-01,9.955871508849392093e-01,9.955537558978762025e-01,9.954860004675785135e-01,9.955040651064284152e-01,9.955320494820365518e-01,9.955275666029576032e-01,9.954978238201939167e-01,9.954844707011527571e-01,9.954836177774262218e-01,9.956181491651564519e-01,9.955946453896957760e-01,9.955976075703318884e-01,9.955624180960178649e-01,9.954093982185596712e-01,9.954821836761944542e-01,1.000000000000018430e+00,9.955495445616093786e-01,9.955106681648780986e-01,9.955824965236187429e-01,9.955975379433508188e-01,9.955862255500121938e-01,9.955528309133142573e-01,9.954850756490658537e-01,9.955031403154857017e-01,9.955311246883260523e-01,9.955266418313069021e-01,9.954968990994472744e-01,9.954835460370554667e-01,9.954826932227942571e-01,9.956172247915713314e-01,9.955937223577979722e-01,9.955966926198476230e-01,9.955616058463194751e-01,9.954119762499531454e-01,9.955537617195751032e-01,9.955495445616093786e-01,1.000000000000018430e+00,9.955756001722866344e-01,9.956505758599172307e-01,9.956657167330763558e-01,9.956544113508308813e-01,9.956210156849549797e-01,9.955532560866252600e-01,9.955713220938666730e-01,9.955993084251135716e-01,9.955948252829140976e-01,9.955650805317953767e-01,9.955517265785174263e-01,9.955508737509698447e-01,9.956854146333882216e-01,9.956619109181058525e-01,9.956648827112526412e-01,9.956298018397664595e-01,9.954802727374080229e-01,9.955117084186887455e-01,9.955106681648780986e-01,9.955756001722866344e-01,1.000000000000018430e+00,9.956051928529248141e-01,9.956234358065106926e-01,9.956122310109059015e-01,9.955788448134791357e-01,9.955110894044622016e-01,9.955291549847236077e-01,9.955571402395280156e-01,9.955526573304150917e-01,9.955229138617470719e-01,9.955095604918894336e-01,9.955087077229127779e-01,9.956432429448535126e-01,9.956197403246980215e-01,9.956227122990635170e-01,9.955876342054359451e-01,9.954381200414428310e-01,9.955834313288568493e-01,9.955824965236187429e-01,9.956505758599172307e-01,9.956051928529248141e-01,1.000000000000018430e+00,9.956920748880137007e-01,9.956838443548727824e-01,9.956505525829019154e-01,9.955828000904967112e-01,9.956008682819939004e-01,9.956288558688710655e-01,9.956243727361071549e-01,9.955946271648680179e-01,9.955812728549453539e-01,9.955804200423150618e-01,9.957149649768111122e-01,9.956914607064631939e-01,9.956944329991920251e-01,9.956593527090868978e-01,9.955098292369465307e-01,9.955984645997544291e-01,9.955975379433508188e-01,9.956657167330763558e-01,9.956234358065106926e-01,9.956920748880137007e-01,1.000000000000018430e+00,9.956957980489820059e-01,9.956654774230265792e-01,9.955978216390944935e-01,9.956158982008598279e-01,9.956438875154115520e-01,9.956394046270808929e-01,9.956096587065969006e-01,9.955963042363131787e-01,9.955954514328936300e-01,9.957299984156235961e-01,9.957064938117815567e-01,9.957094661896291887e-01,9.956743854718741460e-01,9.955248600881019261e-01,9.955871508849392093e-01,9.955862255500121938e-01,9.956544113508308813e-01,9.956122310109059015e-01,9.956838443548727824e-01,9.956957980489820059e-01,1.000000000000018430e+00,9.956510174828980819e-01,9.955863958087394217e-01,9.956045739083924095e-01,9.956325710047231325e-01,9.956280894616660326e-01,9.955983441937420464e-01,9.955849899783582035e-01,9.955841372268979805e-01,9.957186827034804066e-01,9.956951783832079794e-01,9.956981507482651761e-01,9.956630704699306333e-01,9.955135468962846845e-01,9.955537558978762025e-01,9.955528309133142573e-01,9.956210156849549797e-01,9.955788448134791357e-01,9.956505525829019154e-01,9.956654774230265792e-01,9.956510174828980819e-01,1.000000000000018430e+00,9.955497067776190034e-01,9.955710656984754214e-01,9.955991643833952409e-01,9.955946911021873458e-01,9.955649481481206875e-01,9.955515947074173866e-01,9.955507420910499894e-01,9.956852830997959813e-01,9.956617795892197531e-01,9.956647518712926637e-01,9.956296727911341238e-01,9.954801542778681789e-01,9.954860004675785135e-01,9.954850756490658537e-01,9.955532560866252600e-01,9.955110894044622016e-01,9.955828000904967112e-01,9.955978216390944935e-01,9.955863958087394217e-01,9.955497067776190034e-01,1.000000000000018430e+00,9.954999383150987535e-01,9.955312910723617126e-01,9.955269225067399086e-01,9.954971899649950329e-01,9.954838388198498089e-01,9.954829866041352560e-01,9.956175185721148901e-01,9.955940167031612775e-01,9.955969888054008177e-01,9.955619121298309171e-01,9.954124038159039012e-01,9.955040651064284152e-01,9.955031403154857017e-01,9.955713220938666730e-01,9.955291549847236077e-01,9.956008682819939004e-01,9.956158982008598279e-01,9.956045739083924095e-01,9.955710656984754214e-01,9.954999383150987535e-01,1.000000000000018430e+00,9.955460594478302561e-01,9.955448742682171392e-01,9.955152445148705009e-01,9.955019015041005614e-01,9.955010506398795922e-01,9.956355853930628497e-01,9.956120831976823515e-01,9.956150553952651805e-01,9.955799781049482489e-01,9.954304670961984236e-01,9.955320494820365518e-01,9.955311246883260523e-01,9.955993084251135716e-01,9.955571402395280156e-01,9.956288558688710655e-01,9.956438875154115520e-01,9.956325710047231325e-01,9.955991643833952409e-01,9.955312910723617126e-01,9.955460594478302561e-01,1.000000000000018430e+00,9.955695979712793076e-01,9.955431155902583207e-01,9.955298756326169674e-01,9.955290330654343878e-01,9.956635729787853828e-01,9.956400704294250392e-01,9.956430428110312203e-01,9.956079645748524554e-01,9.954584493846790894e-01,9.955275666029576032e-01,9.955266418313069021e-01,9.955948252829140976e-01,9.955526573304150917e-01,9.956243727361071549e-01,9.956394046270808929e-01,9.956280894616660326e-01,9.955946911021873458e-01,9.955269225067399086e-01,9.955448742682171392e-01,9.955695979712793076e-01,1.000000000000018430e+00,9.955353184772005593e-01,9.955252781213723701e-01,9.955245399700510811e-01,9.956590877560278496e-01,9.956355865844932485e-01,9.956385592681872287e-01,9.956034812902773146e-01,9.954539668130973906e-01,9.954978238201939167e-01,9.954968990994472744e-01,9.955650805317953767e-01,9.955229138617470719e-01,9.955946271648680179e-01,9.956096587065969006e-01,9.955983441937420464e-01,9.955649481481206875e-01,9.954971899649950329e-01,9.955152445148705009e-01,9.955431155902583207e-01,9.955353184772005593e-01,1.000000000000018430e+00,9.954921552542055352e-01,9.954946809494723547e-01,9.956293312893846892e-01,9.956058387937660736e-01,9.956088127043244418e-01,9.955737360924908907e-01,9.954242261824283178e-01,9.954844707011527571e-01,9.954835460370554667e-01,9.955517265785174263e-01,9.955095604918894336e-01,9.955812728549453539e-01,9.955963042363131787e-01,9.955849899783582035e-01,9.955515947074173866e-01,9.954838388198498089e-01,9.955019015041005614e-01,9.955298756326169674e-01,9.955252781213723701e-01,9.954921552542055352e-01,1.000000000000018430e+00,9.954779272790578171e-01,9.956158664860113028e-01,9.955924743601548554e-01,9.955954563575550864e-01,9.955603815255245070e-01,9.954108739354038393e-01,9.954836177774262218e-01,9.954826932227942571e-01,9.955508737509698447e-01,9.955087077229127779e-01,9.955804200423150618e-01,9.955954514328936300e-01,9.955841372268979805e-01,9.955507420910499894e-01,9.954829866041352560e-01,9.955010506398795922e-01,9.955290330654343878e-01,9.955245399700510811e-01,9.954946809494723547e-01,9.954779272790578171e-01,1.000000000000018430e+00,9.956118149874269019e-01,9.955915101177902349e-01,9.955945935990280216e-01,9.955595268795864872e-01,9.954100207202252193e-01,9.956181491651564519e-01,9.956172247915713314e-01,9.956854146333882216e-01,9.956432429448535126e-01,9.957149649768111122e-01,9.957299984156235961e-01,9.957186827034804066e-01,9.956852830997959813e-01,9.956175185721148901e-01,9.956355853930628497e-01,9.956635729787853828e-01,9.956590877560278496e-01,9.956293312893846892e-01,9.956158664860113028e-01,9.956118149874269019e-01,1.000000000000018430e+00,9.957230227955543578e-01,9.957290366139618376e-01,9.956940596724389581e-01,9.955445408354289816e-01,9.955946453896957760e-01,9.955937223577979722e-01,9.956619109181058525e-01,9.956197403246980215e-01,9.956914607064631939e-01,9.957064938117815567e-01,9.956951783832079794e-01,9.956617795892197531e-01,9.955940167031612775e-01,9.956120831976823515e-01,9.956400704294250392e-01,9.956355865844932485e-01,9.956058387937660736e-01,9.955924743601548554e-01,9.955915101177902349e-01,9.957230227955543578e-01,1.000000000000018430e+00,9.957024601458939195e-01,9.956704483141192163e-01,9.955210303441023312e-01,9.955976075703318884e-01,9.955966926198476230e-01,9.956648827112526412e-01,9.956227122990635170e-01,9.956944329991920251e-01,9.957094661896291887e-01,9.956981507482651761e-01,9.956647518712926637e-01,9.955969888054008177e-01,9.956150553952651805e-01,9.956430428110312203e-01,9.956385592681872287e-01,9.956088127043244418e-01,9.955954563575550864e-01,9.955945935990280216e-01,9.957290366139618376e-01,9.957024601458939195e-01,1.000000000000018430e+00,9.956703043148333876e-01,9.955238875958900557e-01,9.955624180960178649e-01,9.955616058463194751e-01,9.956298018397664595e-01,9.955876342054359451e-01,9.956593527090868978e-01,9.956743854718741460e-01,9.956630704699306333e-01,9.956296727911341238e-01,9.955619121298309171e-01,9.955799781049482489e-01,9.956079645748524554e-01,9.956034812902773146e-01,9.955737360924908907e-01,9.955603815255245070e-01,9.955595268795864872e-01,9.956940596724389581e-01,9.956704483141192163e-01,9.956703043148333876e-01,1.000000000000018430e+00,9.954854266449032485e-01,9.954093982185596712e-01,9.954119762499531454e-01,9.954802727374080229e-01,9.954381200414428310e-01,9.955098292369465307e-01,9.955248600881019261e-01,9.955135468962846845e-01,9.954801542778681789e-01,9.954124038159039012e-01,9.954304670961984236e-01,9.954584493846790894e-01,9.954539668130973906e-01,9.954242261824283178e-01,9.954108739354038393e-01,9.954100207202252193e-01,9.955445408354289816e-01,9.955210303441023312e-01,9.955238875958900557e-01,9.954854266449032485e-01,1.000000000000018430e+00
1.000000000000022871e+00,9.910308272683535646e-01,9.911790213599384058e-01,9.910956803427178885e-01,9.912374751150693220e-01,9.912669887606492258e-01,9.912446960965715093e-01,9.911789802705239794e-01,9.910451963769026928e-01,9.910810171811996749e-01,9.911362555448389733e-01,9.911274066991077047e-01,9.910687172970443770e-01,9.910424372019719375e-01,9.910403371467753075e-01,9.913061841702374144e-01,9.912592931270693963e-01,9.912653219962447304e-01,9.911960763629037441e-01,9.908868216172073140e-01,9.910308272683535646e-01,1.000000000000022871e+00,9.911637424252637274e-01,9.910929430058338374e-01,9.912351381824342500e-01,9.912646829382234515e-01,9.912423953857003589e-01,9.911766809508018028e-01,9.910428977683660712e-01,9.910787186622179723e-01,9.911339569882890999e-01,9.911251082327858786e-01,9.910664190574666188e-01,9.910401391954323236e-01,9.910380395673947795e-01,9.913038871605841518e-01,9.912570013176423833e-01,9.912630610291115474e-01,9.911942044901927984e-01,9.908983288173056625e-01,9.911790213599384058e-01,9.911637424252637274e-01,1.000000000000022871e+00,9.912149360983146806e-01,9.913695570313225680e-01,9.913994794033125224e-01,9.913772185659003311e-01,9.913115000476734329e-01,9.911776998563693875e-01,9.912135260252210589e-01,9.912687720273688496e-01,9.912599221534059701e-01,9.912012250645246825e-01,9.911749417200671486e-01,9.911728419820933222e-01,9.914387261234457460e-01,9.913918351758342906e-01,9.913979008338333898e-01,9.913290666169334298e-01,9.910335707356352497e-01,9.910956803427178885e-01,9.910929430058338374e-01,9.912149360983146806e-01,1.000000000000022871e+00,9.912731020991991659e-01,9.913152729074929947e-01,9.912933944639004125e-01,9.912277122926530515e-01,9.910939285028274037e-01,9.911297529554649044e-01,9.911849947118672732e-01,9.911761457540601006e-01,9.911174537141508312e-01,9.910911726604688665e-01,9.910890731874294479e-01,9.913549350053045828e-01,9.913080484080968313e-01,9.913141147439361589e-01,9.912452913252863818e-01,9.909498532554981143e-01,9.912374751150693220e-01,9.912351381824342500e-01,9.913695570313225680e-01,9.912731020991991659e-01,1.000000000000022871e+00,9.914449048937852282e-01,9.914347728699888229e-01,9.913694494645385324e-01,9.912356763463330278e-01,9.912715109784229206e-01,9.913267618617970234e-01,9.913179120243243991e-01,9.912592117456423546e-01,9.912329270181889918e-01,9.912308273141789972e-01,9.914967272405482701e-01,9.914498341040635099e-01,9.914559017130681884e-01,9.913870697313971192e-01,9.910915950459060486e-01,9.912669887606492258e-01,9.912646829382234515e-01,9.913994794033125224e-01,9.913152729074929947e-01,9.914449048937852282e-01,1.000000000000022871e+00,9.914521396906105233e-01,9.913985506203698561e-01,9.912651450204312820e-01,9.913010116661475912e-01,9.913562692304793700e-01,9.913474203400775009e-01,9.912887187023581292e-01,9.912624333531714349e-01,9.912603336727269232e-01,9.915262415799779294e-01,9.914793471309554240e-01,9.914854150772829389e-01,9.914165814430061507e-01,9.911210993026501326e-01,9.912446960965715093e-01,9.912423953857003589e-01,9.913772185659003311e-01,9.912933944639004125e-01,9.914347728699888229e-01,9.914521396906105233e-01,1.000000000000022871e+00,9.913638504331381274e-01,9.912424261733252528e-01,9.912786784826832509e-01,9.913339657391324611e-01,9.913251220418010101e-01,9.912664229439925867e-01,9.912401385869703541e-01,9.912380391182630257e-01,9.915039411341386444e-01,9.914570478039864687e-01,9.914631156956812408e-01,9.913942837681930520e-01,9.910988087045181638e-01,9.911789802705239794e-01,9.911766809508018028e-01,9.913115000476734329e-01,9.912277122926530515e-01,9.913694494645385324e-01,9.913985506203698561e-01,9.913638504331381274e-01,1.000000000000022871e+00,9.911637231648068314e-01,9.912125327504998085e-01,9.912682052984016501e-01,9.912593931544048109e-01,9.912007030248806139e-01,9.911744216769373672e-01,9.911723227612008191e-01,9.914382073246233995e-01,9.913913171863335538e-01,9.913973847409226492e-01,9.913285574604769890e-01,9.910331021605935931e-01,9.910451963769026928e-01,9.910428977683660712e-01,9.911776998563693875e-01,9.910939285028274037e-01,9.912356763463330278e-01,9.912651450204312820e-01,9.912424261733252528e-01,9.911637231648068314e-01,1.000000000000022871e+00,9.910654561534550933e-01,9.911339734467132789e-01,9.911255586842944165e-01,9.910669085045322735e-01,9.910406360526233804e-01,9.910385387479312413e-01,9.913043878737622938e-01,9.912575042279769821e-01,9.912635710511301657e-01,9.911947531275733247e-01,9.908993377978582151e-01,9.910810171811996749e-01,9.910787186622179723e-01,9.912135260252210589e-01,9.911297529554649044e-01,9.912715109784229206e-01,9.913010116661475912e-01,9.912786784826832509e-01,9.912125327504998085e-01,9.910654561534550933e-01,1.000000000000022871e+00,9.911567984611699966e-01,9.911609507603553748e-01,9.911026907089683924e-01,9.910764492919647006e-01,9.910743571828586340e-01,9.913402172505674237e-01,9.912933322990927776e-01,9.912993995027732375e-01,9.912305791767047625e-01,9.909351532404361285e-01,9.911362555448389733e-01,9.911339569882890999e-01,9.912687720273688496e-01,9.911849947118672732e-01,9.913267618617970234e-01,9.913562692304793700e-01,9.913339657391324611e-01,9.912682052984016501e-01,9.911339734467132789e-01,9.911567984611699966e-01,1.000000000000022871e+00,9.912033330695241284e-01,9.911574987105868928e-01,9.911316484295026319e-01,9.911295879683773569e-01,9.913954681700495319e-01,9.913485817943447076e-01,9.913546497269554170e-01,9.912858257216341507e-01,9.909903834032824932e-01,9.911274066991077047e-01,9.911251082327858786e-01,9.912599221534059701e-01,9.911761457540601006e-01,9.913179120243243991e-01,9.913474203400775009e-01,9.913251220418010101e-01,9.912593931544048109e-01,9.911255586842944165e-01,9.911609507603553748e-01,9.912033330695241284e-01,1.000000000000022871e+00,9.911355839472502094e-01,9.911223643807527406e-01,9.911207000489612451e-01,9.913866102423717352e-01,9.913397291914319842e-01,9.913457982934006374e-01,9.912769752926844369e-01,9.909815357666732494e-01,9.910687172970443770e-01,9.910664190574666188e-01,9.912012250645246825e-01,9.911174537141508312e-01,9.912592117456423546e-01,9.912887187023581292e-01,9.912664229439925867e-01,9.912007030248806139e-01,9.910669085045322735e-01,9.911026907089683924e-01,9.911574987105868928e-01,9.911355839472502094e-01,1.000000000000022871e+00,9.910503509901559260e-01,9.910615694702186174e-01,9.913278681721364727e-01,9.912810203343895843e-01,9.912870941542994974e-01,9.912182764624274389e-01,9.909228548201812758e-01,9.910424372019719375e-01,9.910401391954323236e-01,9.911749417200671486e-01,9.910911726604688665e-01,9.912329270181889918e-01,9.912624333531714349e-01,9.912401385869703541e-01,9.911744216769373672e-01,9.910406360526233804e-01,9.910764492919647006e-01,9.911316484295026319e-01,9.911223643807527406e-01,9.910503509901559260e-01,1.000000000000022871e+00,9.910218837513795620e-01,9.913011638626743061e-01,9.912546968404096770e-01,9.912608015490169677e-01,9.911919907346324887e-01,9.908965781453533683e-01,9.910403371467753075e-01,9.910380395673947795e-01,9.911728419820933222e-01,9.910890731874294479e-01,9.912308273141789972e-01,9.912603336727269232e-01,9.912380391182630257e-01,9.911723227612008191e-01,9.910385387479312413e-01,9.910743571828586340e-01,9.911295879683773569e-01,9.911207000489612451e-01,9.910615694702186174e-01,9.910218837513795620e-01,1.000000000000022871e+00,9.912864501578557697e-01,9.912521730754024762e-01,9.912586637225937469e-01,9.911898839592208077e-01,9.908944770244073608e-01,9.913061841702374144e-01,9.913038871605841518e-01,9.914387261234457460e-01,9.913549350053045828e-01,9.914967272405482701e-01,9.915262415799779294e-01,9.915039411341386444e-01,9.914382073246233995e-01,9.913043878737622938e-01,9.913402172505674237e-01,9.913954681700495319e-01,9.913866102423717352e-01,9.913278681721364727e-01,9.913011638626743061e-01,9.912864501578557697e-01,1.000000000000022871e+00,9.915061115163336103e-01,9.915241760645279179e-01,9.914557372098286026e-01,9.911602798013988691e-01,9.912592931270693963e-01,9.912570013176423833e-01,9.913918351758342906e-01,9.913080484080968313e-01,9.914498341040635099e-01,9.914793471309554240e-01,9.914570478039864687e-01,9.913913171863335538e-01,9.912575042279769821e-01,9.912933322990927776e-01,9.913485817943447076e-01,9.913397291914319842e-01,9.912810203343895843e-01,9.912546968404096770e-01,9.912521730754024762e-01,9.915061115163336103e-01,1.000000000000022871e+00,9.914651648058269151e-01,9.914084367175090007e-01,9.911133633477440252e-01,9.912653219962447304e-01,9.912630610291115474e-01,9.913979008338333898e-01,9.913141147439361589e-01,9.914559017130681884e-01,9.914854150772829389e-01,9.914631156956812408e-01,9.913973847409226492e-01,9.912635710511301657e-01,9.912993995027732375e-01,9.913546497269554170e-01,9.913457982934006374e-01,9.912870941542994974e-01,9.912608015490169677e-01,9.912586637225937469e-01,9.915241760645279179e-01,9.914651648058269151e-01,1.000000000000022871e+00,9.914022149346068957e-01,9.911189935779297633e-01,9.911960763629037441e-01,9.911942044901927984e-01,9.913290666169334298e-01,9.912452913252863818e-01,9.913870697313971192e-01,9.914165814430061507e-01,9.913942837681930520e-01,9.913285574604769890e-01,9.911947531275733247e-01,9.912305791767047625e-01,9.912858257216341507e-01,9.912769752926844369e-01,9.912182764624274389e-01,9.911919907346324887e-01,9.911898839592208077e-01,9.914557372098286026e-01,9.914084367175090007e-01,9.914022149346068957e-01,1.000000000000022871e+00,9.910368349655419573e-01,9.908868216172073140e-01,9.908983288173056625e-01,9.910335707356352497e-01,9.909498532554981143e-01,9.910915950459060486e-01,9.911210993026501326e-01,9.910988087045181638e-01,9.910331021605935931e-01,9.908993377978582151e-01,9.909351532404361285e-01,9.909903834032824932e-01,9.909815357666732494e-01,9.909228548201812758e-01,9.908965781453533683e-01,9.908944770244073608e-01,9.911602798013988691e-01,9.911133633477440252e-01,9.911189935779297633e-01,9.910368349655419573e-01,1.000000000000022871e+00
1.000000000000013545e+00,9.866441918773879438e-01,9.868738064599074100e-01,9.867499028941302264e-01,9.869601724606839044e-01,9.870036357849640840e-01,9.869706860295727191e-01,9.868736808056910448e-01,9.866755342951940566e-01,9.867288095200804632e-01,9.868105963462978636e-01,9.867974942227175639e-01,9.867106256165470990e-01,9.866718295314783616e-01,9.866681111591303344e-01,9.870621672270014635e-01,9.869920117113311075e-01,9.870012051529661878e-01,9.868990130262340621e-01,9.864304846450120401e-01,9.866441918773879438e-01,1.000000000000013545e+00,9.868409192042109090e-01,9.867448686904534139e-01,9.869559927512508990e-01,9.869995229387882318e-01,9.869665843137174210e-01,9.868695821968426207e-01,9.866714373862457421e-01,9.867247127681486596e-01,9.868064994532332879e-01,9.867933975369007626e-01,9.867065294899670658e-01,9.866677339426470628e-01,9.866640165091387082e-01,9.870580735290572783e-01,9.869879293611337756e-01,9.869971890695125039e-01,9.868958253245725398e-01,9.864569992358830364e-01,9.868738064599074100e-01,9.868409192042109090e-01,1.000000000000013545e+00,9.869163728856756856e-01,9.871550947262655029e-01,9.871994307041428440e-01,9.871665493851946582e-01,9.870695381621094056e-01,9.868713557970658634e-01,9.869246428542439720e-01,9.870064464669132676e-01,9.869933420825318660e-01,9.869064565865638405e-01,9.868676533804993101e-01,9.868639355786028577e-01,9.872580732899626232e-01,9.871879176877248474e-01,9.871971903973113527e-01,9.870958741827525751e-01,9.866578545358484220e-01,9.867499028941302264e-01,9.867448686904534139e-01,9.869163728856756856e-01,1.000000000000013545e+00,9.870021345309326621e-01,9.870736773438638645e-01,9.870416130803658650e-01,9.869446804022219411e-01,9.867465341711478821e-01,9.867998173515972749e-01,9.868816115440476322e-01,9.868685091856177483e-01,9.867816348720994668e-01,9.867428367260614452e-01,9.867391195861759945e-01,9.871332077715534448e-01,9.870630618900509967e-01,9.870723360244287869e-01,9.869710434330027926e-01,9.865331497338002409e-01,9.869601724606839044e-01,9.869559927512508990e-01,9.871550947262655029e-01,9.870021345309326621e-01,1.000000000000013545e+00,9.872569598940728053e-01,9.872509931952506701e-01,9.871548266049239295e-01,9.869567023084514501e-01,9.870100078223448259e-01,9.870918221125597469e-01,9.870787178077646828e-01,9.869918253310110412e-01,9.869530191075098768e-01,9.869493013278897164e-01,9.873434736378443599e-01,9.872733131805531137e-01,9.872825901776705049e-01,9.871812788042565456e-01,9.867433040787828569e-01,9.870036357849640840e-01,9.869995229387882318e-01,9.871994307041428440e-01,9.870736773438638645e-01,9.872569598940728053e-01,1.000000000000013545e+00,9.872675032291724495e-01,9.871974078422347532e-01,9.870000685076220082e-01,9.870534429500547047e-01,9.871352717820479628e-01,9.871221695425951292e-01,9.870352740904179134e-01,9.869964665107004986e-01,9.869927487561533930e-01,9.873869385625867467e-01,9.873167751995315378e-01,9.873260529484102488e-01,9.872247379817937762e-01,9.867867469002921110e-01,9.869706860295727191e-01,9.869665843137174210e-01,9.871665493851946582e-01,9.870416130803658650e-01,9.872509931952506701e-01,9.872675032291724495e-01,1.000000000000013545e+00,9.871369310828207455e-01,9.869662081041540302e-01,9.870204058145164439e-01,9.871022984272236345e-01,9.870892074724100240e-01,9.870023175834284901e-01,9.869635121766290320e-01,9.869597949065558318e-01,9.873539717472987753e-01,9.872838108676748048e-01,9.872930884863235779e-01,9.871917772499309018e-01,9.867538017347008417e-01,9.868736808056910448e-01,9.868695821968426207e-01,9.870695381621094056e-01,9.869446804022219411e-01,9.871548266049239295e-01,9.871974078422347532e-01,9.871369310828207455e-01,1.000000000000013545e+00,9.868403970269539194e-01,9.869224830732030718e-01,9.870051968904477446e-01,9.869921737786103710e-01,9.869053034535502089e-01,9.868665046239271099e-01,9.868627886239109692e-01,9.872569271075741781e-01,9.871867733057906324e-01,9.871960501556104051e-01,9.870947490603275698e-01,9.866568169752174544e-01,9.866755342951940566e-01,9.866714373862457421e-01,9.868713557970658634e-01,9.867465341711478821e-01,9.869567023084514501e-01,9.870000685076220082e-01,9.869662081041540302e-01,9.868403970269539194e-01,1.000000000000013545e+00,9.866948566504454288e-01,9.868060934988527322e-01,9.867939178910718478e-01,9.867071338554098681e-01,9.866683544292486063e-01,9.866646420712142929e-01,9.870587024028726342e-01,9.869885630449091174e-01,9.869978382240730541e-01,9.868965576151297325e-01,9.864587136589817451e-01,9.867288095200804632e-01,9.867247127681486596e-01,9.869246428542439720e-01,9.867998173515972749e-01,9.870100078223448259e-01,9.870534429500547047e-01,9.870204058145164439e-01,9.869224830732030718e-01,9.866948566504454288e-01,1.000000000000013545e+00,9.868305440890345892e-01,9.868462778103201938e-01,9.867603259396205972e-01,9.867216131729595885e-01,9.867179120578398743e-01,9.871119965741887992e-01,9.870418542796147721e-01,9.870511303129351210e-01,9.869498444215480948e-01,9.865119769800775318e-01,9.868105963462978636e-01,9.868064994532332879e-01,9.870064464669132676e-01,9.868816115440476322e-01,9.870918221125597469e-01,9.871352717820479628e-01,9.871022984272236345e-01,9.870051968904477446e-01,9.868060934988527322e-01,9.868305440890345892e-01,1.000000000000013545e+00,9.868995486530722783e-01,9.868411939082023521e-01,9.868033154629259895e-01,9.867996823068229117e-01,9.871938110302349578e-01,9.871236655159618678e-01,9.871329431732670523e-01,9.870316492295996280e-01,9.865937456780325965e-01,9.867974942227175639e-01,9.867933975369007626e-01,9.869933420825318660e-01,9.868685091856177483e-01,9.870787178077646828e-01,9.871221695425951292e-01,9.870892074724100240e-01,9.869921737786103710e-01,9.867939178910718478e-01,9.868462778103201938e-01,9.868995486530722783e-01,1.000000000000013545e+00,9.867991131755500245e-01,9.867892846311825394e-01,9.867864960504488803e-01,9.871806890981463800e-01,9.871105551679794088e-01,9.871198353729451203e-01,9.870185436278645641e-01,9.865806462293061907e-01,9.867106256165470990e-01,9.867065294899670658e-01,9.869064565865638405e-01,9.867816348720994668e-01,9.869918253310110412e-01,9.870352740904179134e-01,9.870023175834284901e-01,9.869053034535502089e-01,9.867071338554098681e-01,9.867603259396205972e-01,9.868411939082023521e-01,9.867991131755500245e-01,1.000000000000013545e+00,9.866728684063209576e-01,9.866986862650906076e-01,9.870937063771032527e-01,9.870236440299136049e-01,9.870329344478703248e-01,9.869316543119257545e-01,9.864937963135900212e-01,9.866718295314783616e-01,9.866677339426470628e-01,9.868676533804993101e-01,9.867428367260614452e-01,9.869530191075098768e-01,9.869964665107004986e-01,9.869635121766290320e-01,9.868665046239271099e-01,9.866683544292486063e-01,9.867216131729595885e-01,9.868033154629259895e-01,9.867892846311825394e-01,9.866728684063209576e-01,1.000000000000013545e+00,9.866301594626620819e-01,9.870540045935862761e-01,9.869847542375379534e-01,9.869941110748392532e-01,9.868928458971093498e-01,9.864550077751917945e-01,9.866681111591303344e-01,9.866640165091387082e-01,9.868639355786028577e-01,9.867391195861759945e-01,9.869493013278897164e-01,9.869927487561533930e-01,9.869597949065558318e-01,9.868627886239109692e-01,9.866646420712142929e-01,9.867179120578398743e-01,9.867996823068229117e-01,9.867864960504488803e-01,9.866986862650906076e-01,9.866301594626620819e-01,1.000000000000013545e+00,9.870223026386832910e-01,9.869801292656199543e-01,9.869903110369123711e-01,9.868891127645696981e-01,9.864512872193320625e-01,9.870621672270014635e-01,9.870580735290572783e-01,9.872580732899626232e-01,9.871332077715534448e-01,9.873434736378443599e-01,9.873869385625867467e-01,9.873539717472987753e-01,9.872569271075741781e-01,9.870587024028726342e-01,9.871119965741887992e-01,9.871938110302349578e-01,9.871806890981463800e-01,9.870937063771032527e-01,9.870540045935862761e-01,9.870223026386832910e-01,1.000000000000013545e+00,9.873477567130864996e-01,9.873836548509888900e-01,9.872831840711513429e-01,9.868452455698935033e-01,9.869920117113311075e-01,9.869879293611337756e-01,9.871879176877248474e-01,9.870630618900509967e-01,9.872733131805531137e-01,9.873167751995315378e-01,9.872838108676748048e-01,9.871867733057906324e-01,9.869885630449091174e-01,9.870418542796147721e-01,9.871236655159618678e-01,9.871105551679794088e-01,9.870236440299136049e-01,9.869847542375379534e-01,9.869801292656199543e-01,9.873477567130864996e-01,1.000000000000013545e+00,9.872866039196698251e-01,9.872121525703067002e-01,9.867750359438303143e-01,9.870012051529661878e-01,9.869971890695125039e-01,9.871971903973113527e-01,9.870723360244287869e-01,9.872825901776705049e-01,9.873260529484102488e-01,9.872930884863235779e-01,9.871960501556104051e-01,9.869978382240730541e-01,9.870511303129351210e-01,9.871329431732670523e-01,9.871198353729451203e-01,9.870329344478703248e-01,9.869941110748392532e-01,9.869903110369123711e-01,9.873836548509888900e-01,9.872866039196698251e-01,1.000000000000013545e+00,9.871941648198301333e-01,9.867833781910418933e-01,9.868990130262340621e-01,9.868958253245725398e-01,9.870958741827525751e-01,9.869710434330027926e-01,9.871812788042565456e-01,9.872247379817937762e-01,9.871917772499309018e-01,9.870947490603275698e-01,9.868965576151297325e-01,9.869498444215480948e-01,9.870316492295996280e-01,9.870185436278645641e-01,9.869316543119257545e-01,9.868928458971093498e-01,9.868891127645696981e-01,9.872831840711513429e-01,9.872121525703067002e-01,9.871941648198301333e-01,1.000000000000013545e+00,9.866525125299097088e-01,9.864304846450120401e-01,9.864569992358830364e-01,9.866578545358484220e-01,9.865331497338002409e-01,9.867433040787828569e-01,9.867867469002921110e-01,9.867538017347008417e-01,9.866568169752174544e-01,9.864587136589817451e-01,9.865119769800775318e-01,9.865937456780325965e-01,9.865806462293061907e-01,9.864937963135900212e-01,9.864550077751917945e-01,9.864512872193320625e-01,9.868452455698935033e-01,9.867750359438303143e-01,9.867833781910418933e-01,9.866525125299097088e-01,1.000000000000013545e+00
