1.000000000000013767e+00,1.000000000000013767e+00,1.000000000000013767e+00,1.000000000000013767e+00,1.000000000000013767e+00,1.000000000000013767e+00,1.000000000000013767e+00,1.000000000000013767e+00,1.000000000000013767e+00,1.000000000000013767e+00,1.000000000000013767e+00,1.000000000000013767e+00,1.000000000000013767e+00,1.000000000000013767e+00,1.000000000000013767e+00,1.000000000000013767e+00,1.000000000000013767e+00,1.000000000000013767e+00,1.000000000000013767e+00,1.000000000000013767e+00,1.000000000000013767e+00,1.000000000000013767e+00,1.000000000000013767e+00,1.000000000000013767e+00,1.000000000000013767e+00,1.000000000000013767e+00,1.000000000000013767e+00,1.000000000000013767e+00,1.000000000000013767e+00,1.000000000000013767e+00,1.000000000000013767e+00,1.000000000000013767e+00,1.000000000000013767e+00,1.000000000000013767e+00,1.000000000000013767e+00,1.000000000000013767e+00,1.000000000000013767e+00,1.000000000000013767e+00,1.000000000000013767e+00,1.000000000000013767e+00,1.000000000000013767e+00,1.000000000000013767e+00,1.000000000000013767e+00,1.000000000000013767e+00,1.000000000000013767e+00,1.000000000000013767e+00,1.000000000000013767e+00,1.000000000000013767e+00,1.000000000000013767e+00,1.000000000000013767e+00,1.000000000000013767e+00,1.000000000000013767e+00,1.000000000000013767e+00,1.000000000000013767e+00,1.000000000000013767e+00,1.000000000000013767e+00,1.000000000000013767e+00,1.000000000000013767e+00,1.000000000000013767e+00,1.000000000000013767e+00,1.000000000000013767e+00,1.000000000000013767e+00,1.000000000000013767e+00,1.000000000000013767e+00,1.000000000000013767e+00,1.000000000000013767e+00,1.000000000000013767e+00,1.000000000000013767e+00,1.000000000000013767e+00,1.000000000000013767e+00,1.000000000000013767e+00,1.000000000000013767e+00,1.000000000000013767e+00,1.000000000000013767e+00,1.000000000000013767e+00,1.000000000000013767e+00,1.000000000000013767e+00,1.000000000000013767e+00,1.000000000000013767e+00,1.000000000000013767e+00,1.000000000000013767e+00,1.000000000000013767e+00,1.000000000000013767e+00,1.000000000000013767e+00,1.000000000000013767e+00,1.000000000000013767e+00,1.000000000000013767e+00,1.000000000000013767e+00,1.000000000000013767e+00,1.000000000000013767e+00,1.000000000000013767e+00,1.000000000000013767e+00,1.000000000000013767e+00,1.000000000000013767e+00,1.000000000000013767e+00,1.000000000000013767e+00,1.000000000000013767e+00,1.000000000000013767e+00,1.000000000000013767e+00,1.000000000000013767e+00,1.000000000000013767e+00,1.000000000000013767e+00,1.000000000000013767e+00,1.000000000000013767e+00,1.000000000000013767e+00,1.000000000000013767e+00,1.000000000000013767e+00,1.000000000000013767e+00,1.000000000000013767e+00,1.000000000000013767e+00,1.000000000000013767e+00,1.000000000000013767e+00,1.000000000000013767e+00,1.000000000000013767e+00,1.000000000000013767e+00,1.000000000000013767e+00,1.000000000000013767e+00,1.000000000000013767e+00,1.000000000000013767e+00,1.000000000000013767e+00,1.000000000000013767e+00,1.000000000000013767e+00,1.000000000000013767e+00,1.000000000000013767e+00,1.000000000000013767e+00,1.000000000000013767e+00,1.000000000000013767e+00,1.000000000000013767e+00,1.000000000000013767e+00,1.000000000000013767e+00,1.000000000000013767e+00,1.000000000000013767e+00,1.000000000000013767e+00,1.000000000000013767e+00,1.000000000000013767e+00,1.000000000000013767e+00,1.000000000000013767e+00,1.000000000000013767e+00,1.000000000000013767e+00,1.000000000000013767e+00,1.000000000000013767e+00,1.000000000000013767e+00,1.000000000000013767e+00,1.000000000000013767e+00,1.000000000000013767e+00,1.000000000000013767e+00,1.000000000000013767e+00,1.000000000000013767e+00,1.000000000000013767e+00,1.000000000000013767e+00,1.000000000000013767e+00,1.000000000000013767e+00,1.000000000000013767e+00,1.000000000000013767e+00,1.000000000000013767e+00,1.000000000000013767e+00,1.000000000000013767e+00,1.000000000000013767e+00,1.000000000000013767e+00,1.000000000000013767e+00,1.000000000000013767e+00,1.000000000000013767e+00,1.000000000000013767e+00,1.000000000000013767e+00,1.000000000000013767e+00,1.000000000000013767e+00,1.000000000000013767e+00,1.000000000000013767e+00,1.000000000000013767e+00,1.000000000000013767e+00,1.000000000000013767e+00,1.000000000000013767e+00,1.000000000000013767e+00,1.000000000000013767e+00,1.000000000000013767e+00,1.000000000000013767e+00,1.000000000000013767e+00,1.000000000000013767e+00,1.000000000000013767e+00,1.000000000000013767e+00,1.000000000000013767e+00,1.000000000000013767e+00,1.000000000000013767e+00,1.000000000000013767e+00,1.000000000000013767e+00,1.000000000000013767e+00,1.000000000000013767e+00,1.000000000000013767e+00,1.000000000000013767e+00,1.000000000000013767e+00,1.000000000000013767e+00,1.000000000000013767e+00,1.000000000000013767e+00,1.000000000000013767e+00,1.000000000000013767e+00,1.000000000000013767e+00,1.000000000000013767e+00,1.000000000000013767e+00,1.000000000000013767e+00,1.000000000000013767e+00,1.000000000000013767e+00,1.000000000000013767e+00,1.000000000000013767e+00,1.000000000000013767e+00,1.000000000000013767e+00,1.000000000000013767e+00,1.000000000000013767e+00,1.000000000000013767e+00,1.000000000000013767e+00,1.000000000000013767e+00,1.000000000000013767e+00,1.000000000000013767e+00,1.000000000000013767e+00,1.000000000000013767e+00,1.000000000000013767e+00,1.000000000000013767e+00,1.000000000000013767e+00,1.000000000000013767e+00,1.000000000000013767e+00,1.000000000000013767e+00,1.000000000000013767e+00,1.000000000000013767e+00,1.000000000000013767e+00,1.000000000000013767e+00,1.000000000000013767e+00,1.000000000000013767e+00,1.000000000000013767e+00,1.000000000000013767e+00,1.000000000000013767e+00,1.000000000000013767e+00,1.000000000000013767e+00,1.000000000000013767e+00,1.000000000000013767e+00,1.000000000000013767e+00,1.000000000000013767e+00,1.000000000000013767e+00,1.000000000000013767e+00,1.000000000000013767e+00,1.000000000000013767e+00,1.000000000000013767e+00,1.000000000000013767e+00,1.000000000000013767e+00,1.000000000000013767e+00,1.000000000000013767e+00,1.000000000000013767e+00,1.000000000000013767e+00,1.000000000000013767e+00,1.000000000000013767e+00,1.000000000000013767e+00,1.000000000000013767e+00,1.000000000000013767e+00,1.000000000000013767e+00,1.000000000000013767e+00,1.000000000000013767e+00,1.000000000000013767e+00,1.000000000000013767e+00,1.000000000000013767e+00,1.000000000000013767e+00,1.000000000000013767e+00,1.000000000000013767e+00,1.000000000000013767e+00,1.000000000000013767e+00,1.000000000000013767e+00,1.000000000000013767e+00,1.000000000000013767e+00,1.000000000000013767e+00,1.000000000000013767e+00,1.000000000000013767e+00,1.000000000000013767e+00,1.000000000000013767e+00,1.000000000000013767e+00,1.000000000000013767e+00,1.000000000000013767e+00,1.000000000000013767e+00,1.000000000000013767e+00,1.000000000000013767e+00,1.000000000000013767e+00,1.000000000000013767e+00,1.000000000000013767e+00,1.000000000000013767e+00,1.000000000000013767e+00,1.000000000000013767e+00,1.000000000000013767e+00,1.000000000000013767e+00,1.000000000000013767e+00,1.000000000000013767e+00,1.000000000000013767e+00,1.000000000000013767e+00,1.000000000000013767e+00,1.000000000000013767e+00,1.000000000000013767e+00,1.000000000000013767e+00,1.000000000000013767e+00,1.000000000000013767e+00,1.000000000000013767e+00,1.000000000000013767e+00,1.000000000000013767e+00,1.000000000000013767e+00,1.000000000000013767e+00,1.000000000000013767e+00,1.000000000000013767e+00,1.000000000000013767e+00,1.000000000000013767e+00,1.000000000000013767e+00,1.000000000000013767e+00,1.000000000000013767e+00,1.000000000000013767e+00,1.000000000000013767e+00,1.000000000000013767e+00,1.000000000000013767e+00,1.000000000000013767e+00,1.000000000000013767e+00,1.000000000000013767e+00,1.000000000000013767e+00,1.000000000000013767e+00,1.000000000000013767e+00,1.000000000000013767e+00,1.000000000000013767e+00,1.000000000000013767e+00,1.000000000000013767e+00,1.000000000000013767e+00,1.000000000000013767e+00,1.000000000000013767e+00,1.000000000000013767e+00,1.000000000000013767e+00,1.000000000000013767e+00,1.000000000000013767e+00,1.000000000000013767e+00,1.000000000000013767e+00,1.000000000000013767e+00,1.000000000000013767e+00,1.000000000000013767e+00,1.000000000000013767e+00,1.000000000000013767e+00,1.000000000000013767e+00,1.000000000000013767e+00,1.000000000000013767e+00,1.000000000000013767e+00,1.000000000000013767e+00,1.000000000000013767e+00,1.000000000000013767e+00,1.000000000000013767e+00,1.000000000000013767e+00,1.000000000000013767e+00,1.000000000000013767e+00,1.000000000000013767e+00,1.000000000000013767e+00,1.000000000000013767e+00,1.000000000000013767e+00,1.000000000000013767e+00,1.000000000000013767e+00,1.000000000000013767e+00,1.000000000000013767e+00,1.000000000000013767e+00,1.000000000000013767e+00,1.000000000000013767e+00,1.000000000000013767e+00,1.000000000000013767e+00,1.000000000000013767e+00,1.000000000000013767e+00,1.000000000000013767e+00,1.000000000000013767e+00,1.000000000000013767e+00,1.000000000000013767e+00,1.000000000000013767e+00,1.000000000000013767e+00,1.000000000000013767e+00,1.000000000000013767e+00,1.000000000000013767e+00,1.000000000000013767e+00,1.000000000000013767e+00,1.000000000000013767e+00,1.000000000000013767e+00,1.000000000000013767e+00,1.000000000000013767e+00,1.000000000000013767e+00,1.000000000000013767e+00,1.000000000000013767e+00,1.000000000000013767e+00,1.000000000000013767e+00,1.000000000000013767e+00,1.000000000000013767e+00,1.000000000000013767e+00,1.000000000000013767e+00,1.000000000000013767e+00,1.000000000000013767e+00,1.000000000000013767e+00,1.000000000000013767e+00,1.000000000000013767e+00,1.000000000000013767e+00,1.000000000000013767e+00,1.000000000000013767e+00,1.000000000000013767e+00,1.000000000000013767e+00,1.000000000000013767e+00,1.000000000000013767e+00,1.000000000000013767e+00,1.000000000000013767e+00,1.000000000000013767e+00,1.000000000000013767e+00
1.000000000000017319e+00,9.956481903020831803e-01,9.954670773948560702e-01,9.954204339524279632e-01,9.956870347338859784e-01,9.955286545083634753e-01,9.957049399871492623e-01,9.954501246184329633e-01,9.956871225635047784e-01,9.955537575298932795e-01,9.957017166398162145e-01,9.954791158634532788e-01,9.957468236062058109e-01,9.954812422219169177e-01,9.953734017001235612e-01,9.955590117826880192e-01,9.957445510624756135e-01,9.957602488691696951e-01,9.956815471350203284e-01,9.954203164617074773e-01,9.956481903020831803e-01,1.000000000000017319e+00,9.954768034386501929e-01,9.954334354993045197e-01,9.957001491816734884e-01,9.955417744370335109e-01,9.957180636210074542e-01,9.954632451755874856e-01,9.957002463610422627e-01,9.955668796075507476e-01,9.957148406906026761e-01,9.954922369976296759e-01,9.957599482885312048e-01,9.954943634517134932e-01,9.953865216261780224e-01,9.955721344674526296e-01,9.957576773808042292e-01,9.957733828904504758e-01,9.956947775297110281e-01,9.954369169039848364e-01,9.954670773948560702e-01,9.954768034386501929e-01,1.000000000000017319e+00,9.952454552509327756e-01,9.955157733736134107e-01,9.953575323023661214e-01,9.955337981786479551e-01,9.952790282106658282e-01,9.955159859441986558e-01,9.953826439782147428e-01,9.955305777318221860e-01,9.953080152545434878e-01,9.955756770229362562e-01,9.953101413564376942e-01,9.952023195316231918e-01,9.953878981173572837e-01,9.955734069654537111e-01,9.955891107366854342e-01,9.955105275699990264e-01,9.952528232627557703e-01,9.954204339524279632e-01,9.954334354993045197e-01,9.952454552509327756e-01,1.000000000000017319e+00,9.954656009943100292e-01,9.953106503503931224e-01,9.954870238435610252e-01,9.952322741243432302e-01,9.954692223394191464e-01,9.953358869668204045e-01,9.954838138944301917e-01,9.952612619126289806e-01,9.955289111352654263e-01,9.952633879604185774e-01,9.951555712268219667e-01,9.953411411379953222e-01,9.955266413683545590e-01,9.955423447174118756e-01,9.954637666128780538e-01,9.952060840120806606e-01,9.956870347338859784e-01,9.957001491816734884e-01,9.955157733736134107e-01,9.954656009943100292e-01,1.000000000000017319e+00,9.955739737102129450e-01,9.957535297426015619e-01,9.954988035203239383e-01,9.957358235768123400e-01,9.956024536419257887e-01,9.957504204938186776e-01,9.955278089914144646e-01,9.957955299358702828e-01,9.955299356694362611e-01,9.954220900808711248e-01,9.956077097146069921e-01,9.957932596674513581e-01,9.958089673349534987e-01,9.957303685533445137e-01,9.954726186333864302e-01,9.955286545083634753e-01,9.955417744370335109e-01,9.953575323023661214e-01,9.953106503503931224e-01,9.955739737102129450e-01,1.000000000000017319e+00,9.955919031406894604e-01,9.953403260680824260e-01,9.955774237465834231e-01,9.954440831929096678e-01,9.955920279893413216e-01,9.953694522100930975e-01,9.956371306991492753e-01,9.953715787184630459e-01,9.952637503089891702e-01,9.954493404359381348e-01,9.956348608933339728e-01,9.956505660979633188e-01,9.955719799129466585e-01,9.953142713344546033e-01,9.957049399871492623e-01,9.957180636210074542e-01,9.955337981786479551e-01,9.954870238435610252e-01,9.957535297426015619e-01,9.955919031406894604e-01,1.000000000000017319e+00,9.955132524466594468e-01,9.957536152536442531e-01,9.956203435874481089e-01,9.957683225440359109e-01,9.955457084814963720e-01,9.958134347006288856e-01,9.955478357777360898e-01,9.954399883135007787e-01,9.956256113269321695e-01,9.958111646519872684e-01,9.958268726597344633e-01,9.957482726051694044e-01,9.954905185261205824e-01,9.954501246184329633e-01,9.954632451755874856e-01,9.952790282106658282e-01,9.952322741243432302e-01,9.954988035203239383e-01,9.953403260680824260e-01,9.955132524466594468e-01,1.000000000000017319e+00,9.954954089422095587e-01,9.953654250940209280e-01,9.955134802513019299e-01,9.952909315380005228e-01,9.955585908781857674e-01,9.952930602438028185e-01,9.951852405016884395e-01,9.953708160695250440e-01,9.955563219361532878e-01,9.955720259406816153e-01,9.954934460205254743e-01,9.952357579462285386e-01,9.956871225635047784e-01,9.957002463610422627e-01,9.955159859441986558e-01,9.954692223394191464e-01,9.957358235768123400e-01,9.955774237465834231e-01,9.957536152536442531e-01,9.954954089422095587e-01,1.000000000000017319e+00,9.955991996764340657e-01,9.957503911346211600e-01,9.955278815957984140e-01,9.957956129943680290e-01,9.955300202362699080e-01,9.954221751266543183e-01,9.956077949834335472e-01,9.957933450551430532e-01,9.958090528178062950e-01,9.957304542066244268e-01,9.954727048111616794e-01,9.955537575298932795e-01,9.955668796075507476e-01,9.953826439782147428e-01,9.953358869668204045e-01,9.956024536419257887e-01,9.954440831929096678e-01,9.956203435874481089e-01,9.953654250940209280e-01,9.955991996764340657e-01,1.000000000000017319e+00,9.956138153433667926e-01,9.953944154111804554e-01,9.956622236532327586e-01,9.953966741854373135e-01,9.952888449638961355e-01,9.954744403529198760e-01,9.956599656922526798e-01,9.956756713936665282e-01,9.955970833314591317e-01,9.953393684766738136e-01,9.957017166398162145e-01,9.957148406906026761e-01,9.955305777318221860e-01,9.954838138944301917e-01,9.957504204938186776e-01,9.955920279893413216e-01,9.957683225440359109e-01,9.955134802513019299e-01,9.957503911346211600e-01,9.956138153433667926e-01,1.000000000000017319e+00,9.955390595705922996e-01,9.958100993098464304e-01,9.955446000056650258e-01,9.954367628200789797e-01,9.956223871961704663e-01,9.958079404252173639e-01,9.958236485501918978e-01,9.957450488432264546e-01,9.954872957069236250e-01,9.954791158634532788e-01,9.954922369976296759e-01,9.953080152545434878e-01,9.952612619126289806e-01,9.955278089914144646e-01,9.953694522100930975e-01,9.955457084814963720e-01,9.952909315380005228e-01,9.955278815957984140e-01,9.953944154111804554e-01,9.955390595705922996e-01,1.000000000000017319e+00,9.955842324149702938e-01,9.953219074039520997e-01,9.952142092897264813e-01,9.953998021065110224e-01,9.955853153859079985e-01,9.956010203385395885e-01,9.955224383097990293e-01,9.952647428382617178e-01,9.957468236062058109e-01,9.957599482885312048e-01,9.955756770229362562e-01,9.955289111352654263e-01,9.957955299358702828e-01,9.956371306991492753e-01,9.958134347006288856e-01,9.955585908781857674e-01,9.957956129943680290e-01,9.956622236532327586e-01,9.958100993098464304e-01,9.955842324149702938e-01,1.000000000000017319e+00,9.955863622396862178e-01,9.954817316165637253e-01,9.956674793160267267e-01,9.958530502004192542e-01,9.958687604870128940e-01,9.957901575828246310e-01,9.955323928908536013e-01,9.954812422219169177e-01,9.954943634517134932e-01,9.953101413564376942e-01,9.952633879604185774e-01,9.955299356694362611e-01,9.953715787184630459e-01,9.955478357777360898e-01,9.952930602438028185e-01,9.955300202362699080e-01,9.953966741854373135e-01,9.955446000056650258e-01,9.953219074039520997e-01,9.955863622396862178e-01,1.000000000000017319e+00,9.952123955093179486e-01,9.954017969697984691e-01,9.955874303679780324e-01,9.956031447756678032e-01,9.955245641764663977e-01,9.952668685604038057e-01,9.953734017001235612e-01,9.953865216261780224e-01,9.952023195316231918e-01,9.951555712268219667e-01,9.954220900808711248e-01,9.952637503089891702e-01,9.954399883135007787e-01,9.951852405016884395e-01,9.954221751266543183e-01,9.952888449638961355e-01,9.954367628200789797e-01,9.952142092897264813e-01,9.954817316165637253e-01,9.952123955093179486e-01,1.000000000000017319e+00,9.952902766475705265e-01,9.954794617744988638e-01,9.954952808258380470e-01,9.954167171695165184e-01,9.951590508446753747e-01,9.955590117826880192e-01,9.955721344674526296e-01,9.953878981173572837e-01,9.953411411379953222e-01,9.956077097146069921e-01,9.954493404359381348e-01,9.956256113269321695e-01,9.953708160695250440e-01,9.956077949834335472e-01,9.954744403529198760e-01,9.956223871961704663e-01,9.953998021065110224e-01,9.956674793160267267e-01,9.954017969697984691e-01,9.952902766475705265e-01,1.000000000000017319e+00,9.956619788375191682e-01,9.956808082477428545e-01,9.956023261273696523e-01,9.953446194863815322e-01,9.957445510624756135e-01,9.957576773808042292e-01,9.955734069654537111e-01,9.955266413683545590e-01,9.957932596674513581e-01,9.956348608933339728e-01,9.958111646519872684e-01,9.955563219361532878e-01,9.957933450551430532e-01,9.956599656922526798e-01,9.958079404252173639e-01,9.955853153859079985e-01,9.958530502004192542e-01,9.955874303679780324e-01,9.954794617744988638e-01,9.956619788375191682e-01,1.000000000000017319e+00,9.958635369727968367e-01,9.957877742841703128e-01,9.955301105003289130e-01,9.957602488691696951e-01,9.957733828904504758e-01,9.955891107366854342e-01,9.955423447174118756e-01,9.958089673349534987e-01,9.956505660979633188e-01,9.958268726597344633e-01,9.955720259406816153e-01,9.958090528178062950e-01,9.956756713936665282e-01,9.958236485501918978e-01,9.956010203385395885e-01,9.958687604870128940e-01,9.956031447756678032e-01,9.954952808258380470e-01,9.956808082477428545e-01,9.958635369727968367e-01,1.000000000000017319e+00,9.958005519089101476e-01,9.955457010578976362e-01,9.956815471350203284e-01,9.956947775297110281e-01,9.955105275699990264e-01,9.954637666128780538e-01,9.957303685533445137e-01,9.955719799129466585e-01,9.957482726051694044e-01,9.954934460205254743e-01,9.957304542066244268e-01,9.955970833314591317e-01,9.957450488432264546e-01,9.955224383097990293e-01,9.957901575828246310e-01,9.955245641764663977e-01,9.954167171695165184e-01,9.956023261273696523e-01,9.957877742841703128e-01,9.958005519089101476e-01,1.000000000000017319e+00,9.954637083922041052e-01,9.954203164617074773e-01,9.954369169039848364e-01,9.952528232627557703e-01,9.952060840120806606e-01,9.954726186333864302e-01,9.953142713344546033e-01,9.954905185261205824e-01,9.952357579462285386e-01,9.954727048111616794e-01,9.953393684766738136e-01,9.954872957069236250e-01,9.952647428382617178e-01,9.955323928908536013e-01,9.952668685604038057e-01,9.951590508446753747e-01,9.953446194863815322e-01,9.955301105003289130e-01,9.955457010578976362e-01,9.954637083922041052e-01,1.000000000000017319e+00
1.000000000000028866e+00,9.913594673160533999e-01,9.910080178842470833e-01,9.909158536554750762e-01,9.914431017763282172e-01,9.911287668115632554e-01,9.914783645912187415e-01,9.909736434386282600e-01,9.914430781456801123e-01,9.911783573422822124e-01,9.914718154803268124e-01,9.910307035427124989e-01,9.915612046503491372e-01,9.910360772521440431e-01,9.908234227881658196e-01,9.911896430747216824e-01,9.915555687850926558e-01,9.915862458639101984e-01,9.914312563856166882e-01,9.909079235451780931e-01,9.913594673160533999e-01,1.000000000000028866e+00,9.910204814624137271e-01,9.909412452381352043e-01,9.914689212886805825e-01,9.911546069615360111e-01,9.915042191871679123e-01,9.909994859643718179e-01,9.914689333667093818e-01,9.912042058074056472e-01,9.914976716877923479e-01,9.910565483144633259e-01,9.915870633330734485e-01,9.910619224269563432e-01,9.908492628740745989e-01,9.912154939216265559e-01,9.915814337598622963e-01,9.916121402612849689e-01,9.914575154749627472e-01,9.909474826344762954e-01,9.910080178842470833e-01,9.910204814624137271e-01,1.000000000000028866e+00,9.905627290354174219e-01,9.911046243610793782e-01,9.907908201812412052e-01,9.911403396566644819e-01,9.906357967580611268e-01,9.911050734532136364e-01,9.908404434623988566e-01,9.911338018445943199e-01,9.906928404431103452e-01,9.912231608422180651e-01,9.906982127442963693e-01,9.904856314062879807e-01,9.908517284131757030e-01,9.912175350049610145e-01,9.912482347451907483e-01,9.910936958776225270e-01,9.905842625496853460e-01,9.909158536554750762e-01,9.909412452381352043e-01,9.905627290354174219e-01,1.000000000000028866e+00,9.909985678937881515e-01,9.906977500445008911e-01,9.910476773057924627e-01,9.905432131633357118e-01,9.910124522258676460e-01,9.907478482425471356e-01,9.910411796884613933e-01,9.906002596541153560e-01,9.911305306009711158e-01,9.906056316315394739e-01,9.903930702622079085e-01,9.907591332236183046e-01,9.911249060052446103e-01,9.911556041000901818e-01,9.910010849582153725e-01,9.904917359024846268e-01,9.914431017763282172e-01,9.914689212886805825e-01,9.911046243610793782e-01,9.909985678937881515e-01,1.000000000000028866e+00,9.912120761039756589e-01,9.915745675778769863e-01,9.910701827162511357e-01,9.915397034413541144e-01,9.912749630980781657e-01,9.915684517980989376e-01,9.911272974973041050e-01,9.916578507286579747e-01,9.911326725696874007e-01,9.909199981876941621e-01,9.912862560021584724e-01,9.916522235548238529e-01,9.916829384210507081e-01,9.915283384922908283e-01,9.910187249697165468e-01,9.911287668115632554e-01,9.911546069615360111e-01,9.907908201812412052e-01,9.906977500445008911e-01,9.912120761039756589e-01,1.000000000000028866e+00,9.912474334850078783e-01,9.907554820524765438e-01,9.912252924619519012e-01,9.909606672331394694e-01,9.912540686013970870e-01,9.908130553834686438e-01,9.913434409079425746e-01,9.908184294078394849e-01,9.906058225499587699e-01,9.909719643161294389e-01,9.913378159135619594e-01,9.913685211804948993e-01,9.912139706333289446e-01,9.907045200090873749e-01,9.914783645912187415e-01,9.915042191871679123e-01,9.911403396566644819e-01,9.910476773057924627e-01,9.915745675778769863e-01,9.912474334850078783e-01,1.000000000000028866e+00,9.910918363233104378e-01,9.915745354109173348e-01,9.913101670282136180e-01,9.916037022797439260e-01,9.911625378587515245e-01,9.916931117439964360e-01,9.911679153734513914e-01,9.909552336761395797e-01,9.913215046783083739e-01,9.916874853842257975e-01,9.917182015678487339e-01,9.915635966868581175e-01,9.910539668863378449e-01,9.909736434386282600e-01,9.909994859643718179e-01,9.906357967580611268e-01,9.905432131633357118e-01,9.910701827162511357e-01,9.907554820524765438e-01,9.910918363233104378e-01,1.000000000000028866e+00,9.910564473425148568e-01,9.908050568270558855e-01,9.910988763287331693e-01,9.906579684900457261e-01,9.911882785991922296e-01,9.906633508172721925e-01,9.904507778635268656e-01,9.908168626376486765e-01,9.911826571441997302e-01,9.912133577564973264e-01,9.910588316545946297e-01,9.905494614482158733e-01,9.914430781456801123e-01,9.914689333667093818e-01,9.911050734532136364e-01,9.910124522258676460e-01,9.915397034413541144e-01,9.912252924619519012e-01,9.915745354109173348e-01,9.910564473425148568e-01,1.000000000000028866e+00,9.912617802459660066e-01,9.915679826316925460e-01,9.911272154414763058e-01,9.916578085961820221e-01,9.911326363674761719e-01,9.909199638875013649e-01,9.912862224946998868e-01,9.916521904359582029e-01,9.916829056667069153e-01,9.915283064319040385e-01,9.910186950465844635e-01,9.911783573422822124e-01,9.912042058074056472e-01,9.908404434623988566e-01,9.907478482425471356e-01,9.912749630980781657e-01,9.909606672331394694e-01,9.913101670282136180e-01,9.908050568270558855e-01,9.912617802459660066e-01,1.000000000000028866e+00,9.912906019479724717e-01,9.908621129156556240e-01,9.913929930299747451e-01,9.908679904890812518e-01,9.906553803644176925e-01,9.910215427079133166e-01,9.913874134026817719e-01,9.914181205985586054e-01,9.912635627255697024e-01,9.907540874756688432e-01,9.914718154803268124e-01,9.914976716877923479e-01,9.911338018445943199e-01,9.910411796884613933e-01,9.915684517980989376e-01,9.912540686013970870e-01,9.916037022797439260e-01,9.910988763287331693e-01,9.915679826316925460e-01,9.912906019479724717e-01,1.000000000000028866e+00,9.911424999170069805e-01,9.916861371511113132e-01,9.911613187006722558e-01,9.909486764011620208e-01,9.913149525621480773e-01,9.916809328072258012e-01,9.917116494419192518e-01,9.915570459452449636e-01,9.910474199332031109e-01,9.910307035427124989e-01,9.910565483144633259e-01,9.906928404431103452e-01,9.906002596541153560e-01,9.911272974973041050e-01,9.908130553834686438e-01,9.911625378587515245e-01,9.906579684900457261e-01,9.911272154414763058e-01,9.908621129156556240e-01,9.911424999170069805e-01,1.000000000000028866e+00,9.912321482928987404e-01,9.907198616867518570e-01,9.905077513448387050e-01,9.908739025001654932e-01,9.912397258300074121e-01,9.912704301152721609e-01,9.911158958166891297e-01,9.906064967002603527e-01,9.915612046503491372e-01,9.915870633330734485e-01,9.912231608422180651e-01,9.911305306009711158e-01,9.916578507286579747e-01,9.913434409079425746e-01,9.916931117439964360e-01,9.911882785991922296e-01,9.916578085961820221e-01,9.913929930299747451e-01,9.916861371511113132e-01,9.912321482928987404e-01,1.000000000000028866e+00,9.912375394925057037e-01,9.910375399573938537e-01,9.914042845392958547e-01,9.917703330833759212e-01,9.918010580850037394e-01,9.916464420607926655e-01,9.911367705725272481e-01,9.910360772521440431e-01,9.910619224269563432e-01,9.906982127442963693e-01,9.906056316315394739e-01,9.911326725696874007e-01,9.908184294078394849e-01,9.911679153734513914e-01,9.906633508172721925e-01,9.911326363674761719e-01,9.908679904890812518e-01,9.911613187006722558e-01,9.907198616867518570e-01,9.912375394925057037e-01,1.000000000000028866e+00,9.904976209474638527e-01,9.908787781360354208e-01,9.912450562633149387e-01,9.912757966892364880e-01,9.911212677206140409e-01,9.906118674162605053e-01,9.908234227881658196e-01,9.908492628740745989e-01,9.904856314062879807e-01,9.903930702622079085e-01,9.909199981876941621e-01,9.906058225499587699e-01,9.909552336761395797e-01,9.904507778635268656e-01,9.909199638875013649e-01,9.906553803644176925e-01,9.909486764011620208e-01,9.905077513448387050e-01,9.910375399573938537e-01,9.904976209474638527e-01,1.000000000000028866e+00,9.906516239983136352e-01,9.910319144838104499e-01,9.910630516524872036e-01,9.909085880560177806e-01,9.903993023622932323e-01,9.911896430747216824e-01,9.912154939216265559e-01,9.908517284131757030e-01,9.907591332236183046e-01,9.912862560021584724e-01,9.909719643161294389e-01,9.913215046783083739e-01,9.908168626376486765e-01,9.912862224946998868e-01,9.910215427079133166e-01,9.913149525621480773e-01,9.908739025001654932e-01,9.914042845392958547e-01,9.908787781360354208e-01,9.906516239983136352e-01,1.000000000000028866e+00,9.913859344821722708e-01,9.914289591369315202e-01,9.912748045726340607e-01,9.907653602130680470e-01,9.915555687850926558e-01,9.915814337598622963e-01,9.912175350049610145e-01,9.911249060052446103e-01,9.916522235548238529e-01,9.913378159135619594e-01,9.916874853842257975e-01,9.911826571441997302e-01,9.916521904359582029e-01,9.913874134026817719e-01,9.916809328072258012e-01,9.912397258300074121e-01,9.917703330833759212e-01,9.912450562633149387e-01,9.910319144838104499e-01,9.913859344821722708e-01,1.000000000000028866e+00,9.917837925701968871e-01,9.916403838524118219e-01,9.911310974963329912e-01,9.915862458639101984e-01,9.916121402612849689e-01,9.912482347451907483e-01,9.911556041000901818e-01,9.916829384210507081e-01,9.913685211804948993e-01,9.917182015678487339e-01,9.912133577564973264e-01,9.916829056667069153e-01,9.914181205985586054e-01,9.917116494419192518e-01,9.912704301152721609e-01,9.918010580850037394e-01,9.912757966892364880e-01,9.910630516524872036e-01,9.914289591369315202e-01,9.917837925701968871e-01,1.000000000000028866e+00,9.916595401906205254e-01,9.911613664847693794e-01,9.914312563856166882e-01,9.914575154749627472e-01,9.910936958776225270e-01,9.910010849582153725e-01,9.915283384922908283e-01,9.912139706333289446e-01,9.915635966868581175e-01,9.910588316545946297e-01,9.915283064319040385e-01,9.912635627255697024e-01,9.915570459452449636e-01,9.911158958166891297e-01,9.916464420607926655e-01,9.911212677206140409e-01,9.909085880560177806e-01,9.912748045726340607e-01,9.916403838524118219e-01,9.916595401906205254e-01,1.000000000000028866e+00,9.909933870353666574e-01,9.909079235451780931e-01,9.909474826344762954e-01,9.905842625496853460e-01,9.904917359024846268e-01,9.910187249697165468e-01,9.907045200090873749e-01,9.910539668863378449e-01,9.905494614482158733e-01,9.910186950465844635e-01,9.907540874756688432e-01,9.910474199332031109e-01,9.906064967002603527e-01,9.911367705725272481e-01,9.906118674162605053e-01,9.903993023622932323e-01,9.907653602130680470e-01,9.911310974963329912e-01,9.911613664847693794e-01,9.909933870353666574e-01,1.000000000000028866e+00
9.999999999999826805e-01,9.871321882992355468e-01,9.866207599680834051e-01,9.864841368096205487e-01,9.872662698723790875e-01,9.867983524078156599e-01,9.873183673618589618e-01,9.865685083618627171e-01,9.872659508563315089e-01,9.868718373911551378e-01,9.873083989274391570e-01,9.866527508577473959e-01,9.874412621411290392e-01,9.866624244568863444e-01,9.863478753464889337e-01,9.868898865452209179e-01,9.874312363131190207e-01,9.874762069555004240e-01,9.872472756944257188e-01,9.864610716606920793e-01,9.871321882992355468e-01,9.999999999999826805e-01,9.866292716452496059e-01,9.865213535037610226e-01,9.873043980954802068e-01,9.868365243768684181e-01,9.873565710255869377e-01,9.866066853886774624e-01,9.873041558638759874e-01,9.869100274703779263e-01,9.873466060967380775e-01,9.866909328033904858e-01,9.874794747679286333e-01,9.867006073523818532e-01,9.863860470674774561e-01,9.869280818822313561e-01,9.874694625606046383e-01,9.875144964720590224e-01,9.872863406472951464e-01,9.865296650501529374e-01,9.866207599680834051e-01,9.866292716452496059e-01,9.999999999999826805e-01,9.859499091818249017e-01,9.867645105839323305e-01,9.862977314465596335e-01,9.868175706032729089e-01,9.860681053624816839e-01,9.867651985334662257e-01,9.863712861981814850e-01,9.868076269420777979e-01,9.861523117557053908e-01,9.869404234287473265e-01,9.861619813761817177e-01,9.858475931795758207e-01,9.863893328981173658e-01,9.869304203368268746e-01,9.869754394587507695e-01,9.867474708334275091e-01,9.859920882001693698e-01,9.864841368096205487e-01,9.865213535037610226e-01,9.859499091818249017e-01,9.999999999999826805e-01,9.865971200526463258e-01,9.861591741758148899e-01,9.866798816712804010e-01,9.859305888475609070e-01,9.866275983291635798e-01,9.862337437073316337e-01,9.866700246534287899e-01,9.860148011934048995e-01,9.868028032044643405e-01,9.860244698563126464e-01,9.857101257236664527e-01,9.862517902659856395e-01,9.867928030748109869e-01,9.868378185898620814e-01,9.866098932185237702e-01,9.858546947429065455e-01,9.872662698723790875e-01,9.873043980954802068e-01,9.867645105839323305e-01,9.865971200526463258e-01,9.999999999999826805e-01,9.869126448197000911e-01,9.874612564002263060e-01,9.867121101260385441e-01,9.874097409744030385e-01,9.870155837080635264e-01,9.874522131159744198e-01,9.867964709230739873e-01,9.875850979779142724e-01,9.868061477697525063e-01,9.864915546101166166e-01,9.870336487653137425e-01,9.875750908290137353e-01,9.876201429905968610e-01,9.873920400331444025e-01,9.866362570375879493e-01,9.867983524078156599e-01,9.868365243768684181e-01,9.862977314465596335e-01,9.861591741758148899e-01,9.869126448197000911e-01,9.999999999999826805e-01,9.869649504218679370e-01,9.862434200251343208e-01,9.869416575952297821e-01,9.865477541566449737e-01,9.869841890507755622e-01,9.863287603050672203e-01,9.871170146874943541e-01,9.863384340019922814e-01,9.860239901569026744e-01,9.865658275426486545e-01,9.871070131482740928e-01,9.871520442610117740e-01,9.869240502140397275e-01,9.861686283179367241e-01,9.873183673618589618e-01,9.873565710255869377e-01,9.868175706032729089e-01,9.866798816712804010e-01,9.874612564002263060e-01,9.869649504218679370e-01,9.999999999999826805e-01,9.867340609613938218e-01,9.874609197581266651e-01,9.870675536798237948e-01,9.875042838730490047e-01,9.868485191812940149e-01,9.876371917413008239e-01,9.868582014559499349e-01,9.865435922426919468e-01,9.870857153532373029e-01,9.876271862853653882e-01,9.876722413171638015e-01,9.874441275190731782e-01,9.866883086772549882e-01,9.865685083618627171e-01,9.866066853886774624e-01,9.860681053624816839e-01,9.859305888475609070e-01,9.867121101260385441e-01,9.862434200251343208e-01,9.867340609613938218e-01,9.999999999999826805e-01,9.866814176729609143e-01,9.863168700563713642e-01,9.867541952831696550e-01,9.860989974530713909e-01,9.868870847548891767e-01,9.861086887953078861e-01,9.857943195664832237e-01,9.863360314330776868e-01,9.868770913561309976e-01,9.869221123117023486e-01,9.866941719306364655e-01,9.859389274818378679e-01,9.872659508563315089e-01,9.873041558638759874e-01,9.867651985334662257e-01,9.866275983291635798e-01,9.874097409744030385e-01,9.869416575952297821e-01,9.874609197581266651e-01,9.866814176729609143e-01,9.999999999999826805e-01,9.869861125890434517e-01,9.874509418335885025e-01,9.867960256979614320e-01,9.875847385773749432e-01,9.868058014902285624e-01,9.864912125781112318e-01,9.870333083072014846e-01,9.875747510626882164e-01,9.876198040102729392e-01,9.873917026382118545e-01,9.866359245311976389e-01,9.868718373911551378e-01,9.869100274703779263e-01,9.863712861981814850e-01,9.862337437073316337e-01,9.870155837080635264e-01,9.865477541566449737e-01,9.870675536798237948e-01,9.863168700563713642e-01,9.869861125890434517e-01,9.999999999999826805e-01,9.870287461463462808e-01,9.864011028794734681e-01,9.871904171801597627e-01,9.864118543811204454e-01,9.860974031574367693e-01,9.866392858191392889e-01,9.871805134577011920e-01,9.872255487847014788e-01,9.869975386521221417e-01,9.862420623949095244e-01,9.873083989274391570e-01,9.873466060967380775e-01,9.868076269420777979e-01,9.866700246534287899e-01,9.874522131159744198e-01,9.869841890507755622e-01,9.875042838730490047e-01,9.867541952831696550e-01,9.874509418335885025e-01,9.870287461463462808e-01,9.999999999999826805e-01,9.868086690342782186e-01,9.876263150259276813e-01,9.868481305293538286e-01,9.865336063316217929e-01,9.870757404319344674e-01,9.876172101662998859e-01,9.876622661749796528e-01,9.874341554764594076e-01,9.866783451914272751e-01,9.866527508577473959e-01,9.866909328033904858e-01,9.861523117557053908e-01,9.860148011934048995e-01,9.867964709230739873e-01,9.863287603050672203e-01,9.868485191812940149e-01,9.860989974530713909e-01,9.867960256979614320e-01,9.864011028794734681e-01,9.868086690342782186e-01,9.999999999999826805e-01,9.869421059851798406e-01,9.861917540942886085e-01,9.858783739855030426e-01,9.864202296547458504e-01,9.869613526456998409e-01,9.870063816083658459e-01,9.867784232997041105e-01,9.860231152808782706e-01,9.874412621411290392e-01,9.874794747679286333e-01,9.869404234287473265e-01,9.868028032044643405e-01,9.875850979779142724e-01,9.871170146874943541e-01,9.876371917413008239e-01,9.868870847548891767e-01,9.875847385773749432e-01,9.871904171801597627e-01,9.876263150259276813e-01,9.869421059851798406e-01,9.999999999999826805e-01,9.869518266508173765e-01,9.866653453837129772e-01,9.872084796066076251e-01,9.877500980713257439e-01,9.877951723078023383e-01,9.875670339956884591e-01,9.868111230308925785e-01,9.866624244568863444e-01,9.867006073523818532e-01,9.861619813761817177e-01,9.860244698563126464e-01,9.868061477697525063e-01,9.863384340019922814e-01,9.868582014559499349e-01,9.861086887953078861e-01,9.868058014902285624e-01,9.864118543811204454e-01,9.868481305293538286e-01,9.861917540942886085e-01,9.869518266508173765e-01,9.999999999999826805e-01,9.858537254359158730e-01,9.864288428303670253e-01,9.869709335761530644e-01,9.870160403165719742e-01,9.867880931794101862e-01,9.860327811910031270e-01,9.863478753464889337e-01,9.863860470674774561e-01,9.858475931795758207e-01,9.857101257236664527e-01,9.864915546101166166e-01,9.860239901569026744e-01,9.865435922426919468e-01,9.857943195664832237e-01,9.864912125781112318e-01,9.860974031574367693e-01,9.865336063316217929e-01,9.858783739855030426e-01,9.866653453837129772e-01,9.858537254359158730e-01,9.999999999999826805e-01,9.860821514826705325e-01,9.866553420710990618e-01,9.867012941328761055e-01,9.864734889619881653e-01,9.857184292872870346e-01,9.868898865452209179e-01,9.869280818822313561e-01,9.863893328981173658e-01,9.862517902659856395e-01,9.870336487653137425e-01,9.865658275426486545e-01,9.870857153532373029e-01,9.863360314330776868e-01,9.870333083072014846e-01,9.866392858191392889e-01,9.870757404319344674e-01,9.864202296547458504e-01,9.872084796066076251e-01,9.864288428303670253e-01,9.860821514826705325e-01,9.999999999999826805e-01,9.871702804256153874e-01,9.872426402189637962e-01,9.870154931819578037e-01,9.862600822635138043e-01,9.874312363131190207e-01,9.874694625606046383e-01,9.869304203368268746e-01,9.867928030748109869e-01,9.875750908290137353e-01,9.871070131482740928e-01,9.876271862853653882e-01,9.868770913561309976e-01,9.875747510626882164e-01,9.871805134577011920e-01,9.876172101662998859e-01,9.869613526456998409e-01,9.877500980713257439e-01,9.869709335761530644e-01,9.866553420710990618e-01,9.871702804256153874e-01,9.999999999999826805e-01,9.877593623913845100e-01,9.875561026754038352e-01,9.868010180955464339e-01,9.874762069555004240e-01,9.875144964720590224e-01,9.869754394587507695e-01,9.868378185898620814e-01,9.876201429905968610e-01,9.871520442610117740e-01,9.876722413171638015e-01,9.869221123117023486e-01,9.876198040102729392e-01,9.872255487847014788e-01,9.876622661749796528e-01,9.870063816083658459e-01,9.877951723078023383e-01,9.870160403165719742e-01,9.867012941328761055e-01,9.872426402189637962e-01,9.877593623913845100e-01,9.999999999999826805e-01,9.875755036271003373e-01,9.868451159270142936e-01,9.872472756944257188e-01,9.872863406472951464e-01,9.867474708334275091e-01,9.866098932185237702e-01,9.873920400331444025e-01,9.869240502140397275e-01,9.874441275190731782e-01,9.866941719306364655e-01,9.873917026382118545e-01,9.869975386521221417e-01,9.874341554764594076e-01,9.867784232997041105e-01,9.875670339956884591e-01,9.867880931794101862e-01,9.864734889619881653e-01,9.870154931819578037e-01,9.875561026754038352e-01,9.875755036271003373e-01,9.999999999999826805e-01,9.865873397410267476e-01,9.864610716606920793e-01,9.865296650501529374e-01,9.859920882001693698e-01,9.858546947429065455e-01,9.866362570375879493e-01,9.861686283179367241e-01,9.866883086772549882e-01,9.859389274818378679e-01,9.866359245311976389e-01,9.862420623949095244e-01,9.866783451914272751e-01,9.860231152808782706e-01,9.868111230308925785e-01,9.860327811910031270e-01,9.857184292872870346e-01,9.862600822635138043e-01,9.868010180955464339e-01,9.868451159270142936e-01,9.865873397410267476e-01,9.999999999999826805e-01
