1.000000000000013767e+00,1.000000000000013767e+00,1.000000000000013767e+00,1.000000000000013767e+00,1.000000000000013767e+00,1.000000000000013767e+00,1.000000000000013767e+00,1.000000000000013767e+00,1.000000000000013767e+00,1.000000000000013767e+00,1.000000000000013767e+00,1.000000000000013767e+00,1.000000000000013767e+00,1.000000000000013767e+00,1.000000000000013767e+00,1.000000000000013767e+00,1.000000000000013767e+00,1.000000000000013767e+00,1.000000000000013767e+00,1.000000000000013767e+00,1.000000000000013767e+00,1.000000000000013767e+00,1.000000000000013767e+00,1.000000000000013767e+00,1.000000000000013767e+00,1.000000000000013767e+00,1.000000000000013767e+00,1.000000000000013767e+00,1.000000000000013767e+00,1.000000000000013767e+00,1.000000000000013767e+00,1.000000000000013767e+00,1.000000000000013767e+00,1.000000000000013767e+00,1.000000000000013767e+00,1.000000000000013767e+00,1.000000000000013767e+00,1.000000000000013767e+00,1.000000000000013767e+00,1.000000000000013767e+00,1.000000000000013767e+00,1.000000000000013767e+00,1.000000000000013767e+00,1.000000000000013767e+00,1.000000000000013767e+00,1.000000000000013767e+00,1.000000000000013767e+00,1.000000000000013767e+00,1.000000000000013767e+00,1.000000000000013767e+00,1.000000000000013767e+00,1.000000000000013767e+00,1.000000000000013767e+00,1.000000000000013767e+00,1.000000000000013767e+00,1.000000000000013767e+00,1.000000000000013767e+00,1.000000000000013767e+00,1.000000000000013767e+00,1.000000000000013767e+00,1.000000000000013767e+00,1.000000000000013767e+00,1.000000000000013767e+00,1.000000000000013767e+00,1.000000000000013767e+00,1.000000000000013767e+00,1.000000000000013767e+00,1.000000000000013767e+00,1.000000000000013767e+00,1.000000000000013767e+00,1.000000000000013767e+00,1.000000000000013767e+00,1.000000000000013767e+00,1.000000000000013767e+00,1.000000000000013767e+00,1.000000000000013767e+00,1.000000000000013767e+00,1.000000000000013767e+00,1.000000000000013767e+00,1.000000000000013767e+00,1.000000000000013767e+00,1.000000000000013767e+00,1.000000000000013767e+00,1.000000000000013767e+00,1.000000000000013767e+00,1.000000000000013767e+00,1.000000000000013767e+00,1.000000000000013767e+00,1.000000000000013767e+00,1.000000000000013767e+00,1.000000000000013767e+00,1.000000000000013767e+00,1.000000000000013767e+00,1.000000000000013767e+00,1.000000000000013767e+00,1.000000000000013767e+00,1.000000000000013767e+00,1.000000000000013767e+00,1.000000000000013767e+00,1.000000000000013767e+00,1.000000000000013767e+00,1.000000000000013767e+00,1.000000000000013767e+00,1.000000000000013767e+00,1.000000000000013767e+00,1.000000000000013767e+00,1.000000000000013767e+00,1.000000000000013767e+00,1.000000000000013767e+00,1.000000000000013767e+00,1.000000000000013767e+00,1.000000000000013767e+00,1.000000000000013767e+00,1.000000000000013767e+00,1.000000000000013767e+00,1.000000000000013767e+00,1.000000000000013767e+00,1.000000000000013767e+00,1.000000000000013767e+00,1.000000000000013767e+00,1.000000000000013767e+00,1.000000000000013767e+00,1.000000000000013767e+00,1.000000000000013767e+00,1.000000000000013767e+00,1.000000000000013767e+00,1.000000000000013767e+00,1.000000000000013767e+00,1.000000000000013767e+00,1.000000000000013767e+00,1.000000000000013767e+00,1.000000000000013767e+00,1.000000000000013767e+00,1.000000000000013767e+00,1.000000000000013767e+00,1.000000000000013767e+00,1.000000000000013767e+00,1.000000000000013767e+00,1.000000000000013767e+00,1.000000000000013767e+00,1.000000000000013767e+00,1.000000000000013767e+00,1.000000000000013767e+00,1.000000000000013767e+00,1.000000000000013767e+00,1.000000000000013767e+00,1.000000000000013767e+00,1.000000000000013767e+00,1.000000000000013767e+00,1.000000000000013767e+00,1.000000000000013767e+00,1.000000000000013767e+00,1.000000000000013767e+00,1.000000000000013767e+00,1.000000000000013767e+00,1.000000000000013767e+00,1.000000000000013767e+00,1.000000000000013767e+00,1.000000000000013767e+00,1.000000000000013767e+00,1.000000000000013767e+00,1.000000000000013767e+00,1.000000000000013767e+00,1.000000000000013767e+00,1.000000000000013767e+00,1.000000000000013767e+00,1.000000000000013767e+00,1.000000000000013767e+00,1.000000000000013767e+00,1.000000000000013767e+00,1.000000000000013767e+00,1.000000000000013767e+00,1.000000000000013767e+00,1.000000000000013767e+00,1.000000000000013767e+00,1.000000000000013767e+00,1.000000000000013767e+00,1.000000000000013767e+00,1.000000000000013767e+00,1.000000000000013767e+00,1.000000000000013767e+00,1.000000000000013767e+00,1.000000000000013767e+00,1.000000000000013767e+00,1.000000000000013767e+00,1.000000000000013767e+00,1.000000000000013767e+00,1.000000000000013767e+00,1.000000000000013767e+00,1.000000000000013767e+00,1.000000000000013767e+00,1.000000000000013767e+00,1.000000000000013767e+00,1.000000000000013767e+00,1.000000000000013767e+00,1.000000000000013767e+00,1.000000000000013767e+00,1.000000000000013767e+00,1.000000000000013767e+00,1.000000000000013767e+00,1.000000000000013767e+00,1.000000000000013767e+00,1.000000000000013767e+00,1.000000000000013767e+00,1.000000000000013767e+00,1.000000000000013767e+00,1.000000000000013767e+00,1.000000000000013767e+00,1.000000000000013767e+00,1.000000000000013767e+00,1.000000000000013767e+00,1.000000000000013767e+00,1.000000000000013767e+00,1.000000000000013767e+00,1.000000000000013767e+00,1.000000000000013767e+00,1.000000000000013767e+00,1.000000000000013767e+00,1.000000000000013767e+00,1.000000000000013767e+00,1.000000000000013767e+00,1.000000000000013767e+00,1.000000000000013767e+00,1.000000000000013767e+00,1.000000000000013767e+00,1.000000000000013767e+00,1.000000000000013767e+00,1.000000000000013767e+00,1.000000000000013767e+00,1.000000000000013767e+00,1.000000000000013767e+00,1.000000000000013767e+00,1.000000000000013767e+00,1.000000000000013767e+00,1.000000000000013767e+00,1.000000000000013767e+00,1.000000000000013767e+00,1.000000000000013767e+00,1.000000000000013767e+00,1.000000000000013767e+00,1.000000000000013767e+00,1.000000000000013767e+00,1.000000000000013767e+00,1.000000000000013767e+00,1.000000000000013767e+00,1.000000000000013767e+00,1.000000000000013767e+00,1.000000000000013767e+00,1.000000000000013767e+00,1.000000000000013767e+00,1.000000000000013767e+00,1.000000000000013767e+00,1.000000000000013767e+00,1.000000000000013767e+00,1.000000000000013767e+00,1.000000000000013767e+00,1.000000000000013767e+00,1.000000000000013767e+00,1.000000000000013767e+00,1.000000000000013767e+00,1.000000000000013767e+00,1.000000000000013767e+00,1.000000000000013767e+00,1.000000000000013767e+00,1.000000000000013767e+00,1.000000000000013767e+00,1.000000000000013767e+00,1.000000000000013767e+00,1.000000000000013767e+00,1.000000000000013767e+00,1.000000000000013767e+00,1.000000000000013767e+00,1.000000000000013767e+00,1.000000000000013767e+00,1.000000000000013767e+00,1.000000000000013767e+00,1.000000000000013767e+00,1.000000000000013767e+00,1.000000000000013767e+00,1.000000000000013767e+00,1.000000000000013767e+00,1.000000000000013767e+00,1.000000000000013767e+00,1.000000000000013767e+00,1.000000000000013767e+00,1.000000000000013767e+00,1.000000000000013767e+00,1.000000000000013767e+00,1.000000000000013767e+00,1.000000000000013767e+00,1.000000000000013767e+00,1.000000000000013767e+00,1.000000000000013767e+00,1.000000000000013767e+00,1.000000000000013767e+00,1.000000000000013767e+00,1.000000000000013767e+00,1.000000000000013767e+00,1.000000000000013767e+00,1.000000000000013767e+00,1.000000000000013767e+00,1.000000000000013767e+00,1.000000000000013767e+00,1.000000000000013767e+00,1.000000000000013767e+00,1.000000000000013767e+00,1.000000000000013767e+00,1.000000000000013767e+00,1.000000000000013767e+00,1.000000000000013767e+00,1.000000000000013767e+00,1.000000000000013767e+00,1.000000000000013767e+00,1.000000000000013767e+00,1.000000000000013767e+00,1.000000000000013767e+00,1.000000000000013767e+00,1.000000000000013767e+00,1.000000000000013767e+00,1.000000000000013767e+00,1.000000000000013767e+00,1.000000000000013767e+00,1.000000000000013767e+00,1.000000000000013767e+00,1.000000000000013767e+00,1.000000000000013767e+00,1.000000000000013767e+00,1.000000000000013767e+00,1.000000000000013767e+00,1.000000000000013767e+00,1.000000000000013767e+00,1.000000000000013767e+00,1.000000000000013767e+00,1.000000000000013767e+00,1.000000000000013767e+00,1.000000000000013767e+00,1.000000000000013767e+00,1.000000000000013767e+00,1.000000000000013767e+00,1.000000000000013767e+00,1.000000000000013767e+00,1.000000000000013767e+00,1.000000000000013767e+00,1.000000000000013767e+00,1.000000000000013767e+00,1.000000000000013767e+00,1.000000000000013767e+00,1.000000000000013767e+00,1.000000000000013767e+00,1.000000000000013767e+00,1.000000000000013767e+00,1.000000000000013767e+00,1.000000000000013767e+00,1.000000000000013767e+00,1.000000000000013767e+00,1.000000000000013767e+00,1.000000000000013767e+00,1.000000000000013767e+00,1.000000000000013767e+00,1.000000000000013767e+00,1.000000000000013767e+00,1.000000000000013767e+00,1.000000000000013767e+00,1.000000000000013767e+00,1.000000000000013767e+00,1.000000000000013767e+00,1.000000000000013767e+00,1.000000000000013767e+00,1.000000000000013767e+00,1.000000000000013767e+00,1.000000000000013767e+00,1.000000000000013767e+00,1.000000000000013767e+00,1.000000000000013767e+00,1.000000000000013767e+00,1.000000000000013767e+00,1.000000000000013767e+00,1.000000000000013767e+00,1.000000000000013767e+00,1.000000000000013767e+00,1.000000000000013767e+00,1.000000000000013767e+00,1.000000000000013767e+00,1.000000000000013767e+00,1.000000000000013767e+00,1.000000000000013767e+00,1.000000000000013767e+00,1.000000000000013767e+00,1.000000000000013767e+00,1.000000000000013767e+00,1.000000000000013767e+00,1.000000000000013767e+00,1.000000000000013767e+00,1.000000000000013767e+00,1.000000000000013767e+00,1.000000000000013767e+00,1.000000000000013767e+00,1.000000000000013767e+00,1.000000000000013767e+00,1.000000000000013767e+00
9.999999999999922284e-01,9.956005011210958822e-01,9.957053029108369202e-01,9.955757242861205114e-01,9.957111304079266922e-01,9.956457062051164986e-01,9.957077230685752456e-01,9.957312893634608919e-01,9.956456208428486887e-01,9.956100307216096956e-01,9.956939714800727703e-01,9.955290949026863734e-01,9.956754942365676486e-01,9.955263343405607035e-01,9.956579430808186748e-01,9.957330062986141650e-01,9.956043990755046869e-01,9.956811832264321760e-01,9.957468285608408465e-01,9.955483271512826082e-01,9.956005011210958822e-01,9.999999999999922284e-01,9.955679169011814045e-01,9.954415074835086807e-01,9.955770051270749210e-01,9.955115979546241833e-01,9.955736078765566877e-01,9.955971713336669859e-01,9.955115144562549645e-01,9.954759291735847393e-01,9.955598586503734415e-01,9.953950042979126112e-01,9.955413839335864878e-01,9.953922441710170155e-01,9.955238352768034371e-01,9.955988886692038742e-01,9.954703000721639716e-01,9.955470815011718821e-01,9.956128113300847238e-01,9.954175144470539527e-01,9.957053029108369202e-01,9.955679169011814045e-01,9.999999999999922284e-01,9.955397734280923006e-01,9.956784772480743451e-01,9.956131599705065893e-01,9.956751842209203840e-01,9.956987513322622663e-01,9.956130860069005717e-01,9.955774971915515303e-01,9.956614352733728079e-01,9.954965641217399241e-01,9.956429587100987799e-01,9.954938037564996511e-01,9.956254083310136505e-01,9.957004694846969262e-01,9.955718681267523573e-01,9.956486587386886855e-01,9.957144033304364816e-01,9.955191976148852762e-01,9.955757242861205114e-01,9.954415074835086807e-01,9.955397734280923006e-01,9.999999999999922284e-01,9.955454940500643168e-01,9.954833708408562520e-01,9.955454943953306879e-01,9.955690668485801531e-01,9.954834140177553081e-01,9.954478301822319297e-01,9.955317574497903887e-01,9.953669078134287362e-01,9.955132833610703669e-01,9.953641478514643204e-01,9.954957353066693493e-01,9.955707867215721762e-01,9.954422022166635742e-01,9.955189831242704512e-01,9.955847203552740110e-01,9.953895484833747975e-01,9.957111304079266922e-01,9.955770051270749210e-01,9.956784772480743451e-01,9.955454940500643168e-01,9.999999999999922284e-01,9.956155666915207370e-01,9.956807801652769463e-01,9.957044526363731940e-01,9.956187956925514060e-01,9.955832082806211902e-01,9.956671472793581223e-01,9.955022753147715342e-01,9.956486708123023499e-01,9.954995150416110494e-01,9.956311204101261358e-01,9.957061820542156827e-01,9.955775801113124768e-01,9.956543715694032848e-01,9.957201180668977525e-01,9.955249211741584725e-01,9.956457062051164986e-01,9.955115979546241833e-01,9.956131599705065893e-01,9.954833708408562520e-01,9.956155666915207370e-01,9.999999999999922284e-01,9.956121521997791657e-01,9.956389178238429505e-01,9.955533656685492394e-01,9.955177888876307613e-01,9.956017237679350984e-01,9.954368629478651531e-01,9.955832489444814692e-01,9.954341030151996339e-01,9.955656997610418113e-01,9.956407564901750273e-01,9.955121630197817373e-01,9.955889494710633558e-01,9.956546917419630827e-01,9.954595080149915010e-01,9.957077230685752456e-01,9.955736078765566877e-01,9.956751842209203840e-01,9.955454943953306879e-01,9.956807801652769463e-01,9.956121521997791657e-01,9.999999999999922284e-01,9.956978600789418987e-01,9.956152664139915620e-01,9.955797873785368068e-01,9.956637356640340997e-01,9.954988658003849356e-01,9.956452612553535753e-01,9.954961061305540593e-01,9.956277111177106454e-01,9.957027725437266330e-01,9.955741710810321887e-01,9.956509623372277185e-01,9.957167087436590291e-01,9.955215129780656813e-01,9.957312893634608919e-01,9.955971713336669859e-01,9.956987513322622663e-01,9.955690668485801531e-01,9.957044526363731940e-01,9.956389178238429505e-01,9.956978600789418987e-01,9.999999999999922284e-01,9.956356661978804645e-01,9.956032399840266667e-01,9.956872912728151892e-01,9.955224251239964683e-01,9.956688254263217353e-01,9.955196670680125370e-01,9.956512752799784316e-01,9.957263385240336939e-01,9.955977340379978946e-01,9.956745271287678056e-01,9.957402751120286721e-01,9.955450747730661964e-01,9.956456208428486887e-01,9.955115144562549645e-01,9.956130860069005717e-01,9.954834140177553081e-01,9.956187956925514060e-01,9.955533656685492394e-01,9.956152664139915620e-01,9.956356661978804645e-01,9.999999999999922284e-01,9.955142321876639944e-01,9.956015152583288508e-01,9.954367637617298481e-01,9.955831603612131930e-01,9.954340161416955768e-01,9.955656133934905894e-01,9.956406702896980487e-01,9.955120769083927179e-01,9.955888634160314776e-01,9.956546057595755395e-01,9.954594222374903989e-01,9.956100307216096956e-01,9.954759291735847393e-01,9.955774971915515303e-01,9.954478301822319297e-01,9.955832082806211902e-01,9.955177888876307613e-01,9.955797873785368068e-01,9.956032399840266667e-01,9.955142321876639944e-01,9.999999999999922284e-01,9.955626521869287426e-01,9.954010596848501535e-01,9.955475622741801756e-01,9.953984315636774660e-01,9.955300255857929548e-01,9.956050801383695692e-01,9.954764914532073794e-01,9.955532752619856707e-01,9.956190152785704406e-01,9.954238387511323838e-01,9.956939714800727703e-01,9.955598586503734415e-01,9.956614352733728079e-01,9.955317574497903887e-01,9.956671472793581223e-01,9.956017237679350984e-01,9.956637356640340997e-01,9.956872912728151892e-01,9.956015152583288508e-01,9.955626521869287426e-01,9.999999999999922284e-01,9.954815981599226538e-01,9.956313891276787897e-01,9.954823441684894636e-01,9.956139578253375699e-01,9.956890200057280094e-01,9.955604207700426977e-01,9.956372111569293804e-01,9.957029567568472794e-01,9.955077637943051672e-01,9.955290949026863734e-01,9.953950042979126112e-01,9.954965641217399241e-01,9.953669078134287362e-01,9.955022753147715342e-01,9.954368629478651531e-01,9.954988658003849356e-01,9.955224251239964683e-01,9.954367637617298481e-01,9.954010596848501535e-01,9.954815981599226538e-01,9.999999999999922284e-01,9.954630949393346029e-01,9.953173760134211845e-01,9.954490837379424972e-01,9.955241423328121675e-01,9.953955657504529597e-01,9.954723437928542085e-01,9.955380786231596835e-01,9.953429180239983243e-01,9.956754942365676486e-01,9.955413839335864878e-01,9.956429587100987799e-01,9.955132833610703669e-01,9.956486708123023499e-01,9.955832489444814692e-01,9.956452612553535753e-01,9.956688254263217353e-01,9.955831603612131930e-01,9.955475622741801756e-01,9.956313891276787897e-01,9.954630949393346029e-01,9.999999999999922284e-01,9.954603304763239846e-01,9.955953612615057180e-01,9.956705315627328856e-01,9.955419436760999385e-01,9.956187343381085464e-01,9.956844791454922960e-01,9.954892899355971547e-01,9.955263343405607035e-01,9.953922441710170155e-01,9.954938037564996511e-01,9.953641478514643204e-01,9.954995150416110494e-01,9.954341030151996339e-01,9.954961061305540593e-01,9.955196670680125370e-01,9.954340161416955768e-01,9.953984315636774660e-01,9.954823441684894636e-01,9.953173760134211845e-01,9.954603304763239846e-01,9.999999999999922284e-01,9.954427547971653745e-01,9.955212570008288298e-01,9.953927928300327910e-01,9.954695810547068424e-01,9.955353174527971083e-01,9.953401578060635524e-01,9.956579430808186748e-01,9.955238352768034371e-01,9.956254083310136505e-01,9.954957353066693493e-01,9.956311204101261358e-01,9.955656997610418113e-01,9.956277111177106454e-01,9.956512752799784316e-01,9.955656133934905894e-01,9.955300255857929548e-01,9.956139578253375699e-01,9.954490837379424972e-01,9.955953612615057180e-01,9.954427547971653745e-01,9.999999999999922284e-01,9.956497269156818763e-01,9.955242699928079642e-01,9.956011727183656790e-01,9.956669258371382281e-01,9.954717415920293355e-01,9.957330062986141650e-01,9.955988886692038742e-01,9.957004694846969262e-01,9.955707867215721762e-01,9.957061820542156827e-01,9.956407564901750273e-01,9.957027725437266330e-01,9.957263385240336939e-01,9.956406702896980487e-01,9.956050801383695692e-01,9.956890200057280094e-01,9.955241423328121675e-01,9.956705315627328856e-01,9.955212570008288298e-01,9.956497269156818763e-01,9.999999999999922284e-01,9.955961063267533273e-01,9.956761255404742439e-01,9.957419810074106259e-01,9.955467894077782987e-01,9.956043990755046869e-01,9.954703000721639716e-01,9.955718681267523573e-01,9.954422022166635742e-01,9.955775801113124768e-01,9.955121630197817373e-01,9.955741710810321887e-01,9.955977340379978946e-01,9.955120769083927179e-01,9.954764914532073794e-01,9.955604207700426977e-01,9.953955657504529597e-01,9.955419436760999385e-01,9.953927928300327910e-01,9.955242699928079642e-01,9.955961063267533273e-01,9.999999999999922284e-01,9.955442202982898170e-01,9.956132636081171938e-01,9.954181971852454902e-01,9.956811832264321760e-01,9.955470815011718821e-01,9.956486587386886855e-01,9.955189831242704512e-01,9.956543715694032848e-01,9.955889494710633558e-01,9.956509623372277185e-01,9.956745271287678056e-01,9.955888634160314776e-01,9.955532752619856707e-01,9.956372111569293804e-01,9.954723437928542085e-01,9.956187343381085464e-01,9.954695810547068424e-01,9.956011727183656790e-01,9.956761255404742439e-01,9.955442202982898170e-01,9.999999999999922284e-01,9.956869699912068716e-01,9.954948605619409197e-01,9.957468285608408465e-01,9.956128113300847238e-01,9.957144033304364816e-01,9.955847203552740110e-01,9.957201180668977525e-01,9.956546917419630827e-01,9.957167087436590291e-01,9.957402751120286721e-01,9.956546057595755395e-01,9.956190152785704406e-01,9.957029567568472794e-01,9.955380786231596835e-01,9.956844791454922960e-01,9.955353174527971083e-01,9.956669258371382281e-01,9.957419810074106259e-01,9.956132636081171938e-01,9.956869699912068716e-01,9.999999999999922284e-01,9.955573255707118596e-01,9.955483271512826082e-01,9.954175144470539527e-01,9.955191976148852762e-01,9.953895484833747975e-01,9.955249211741584725e-01,9.954595080149915010e-01,9.955215129780656813e-01,9.955450747730661964e-01,9.954594222374903989e-01,9.954238387511323838e-01,9.955077637943051672e-01,9.953429180239983243e-01,9.954892899355971547e-01,9.953401578060635524e-01,9.954717415920293355e-01,9.955467894077782987e-01,9.954181971852454902e-01,9.954948605619409197e-01,9.955573255707118596e-01,9.999999999999922284e-01
1.000000000000023315e+00,9.912643352256980123e-01,9.914785793992240137e-01,9.912220013149060094e-01,9.914901658279796637e-01,9.913602562509788996e-01,9.914829281923697168e-01,9.915295823448850854e-01,9.913603458692711312e-01,9.912900588591839757e-01,9.914565549557310398e-01,9.911301097455462727e-01,9.914203320999679381e-01,9.911247741296443925e-01,9.913849796606749587e-01,9.915332774971817864e-01,9.912786575223906382e-01,9.914305586921842162e-01,9.915604645154824093e-01,9.911609631234478135e-01,9.912643352256980123e-01,1.000000000000023315e+00,9.911997881674862176e-01,9.909557220150720935e-01,9.912242316839078304e-01,9.910943883303704460e-01,9.912170328233476102e-01,9.912636757692888656e-01,9.910944850846470366e-01,9.910242170985342769e-01,9.911906686402731648e-01,9.908643110424586453e-01,9.911544556465348155e-01,9.908589771041734773e-01,9.911191132125406478e-01,9.912673723835822015e-01,9.910128257192845069e-01,9.911647152446737552e-01,9.912949399347847912e-01,9.909080892387768236e-01,9.914785793992240137e-01,9.911997881674862176e-01,1.000000000000023315e+00,9.911441965589610215e-01,9.914253631542510048e-01,9.912958595080921809e-01,9.914185594901867571e-01,9.914652167408656291e-01,9.912959927870658161e-01,9.912257108953238527e-01,9.913921964421938959e-01,9.910657725709863808e-01,9.913559762355989013e-01,9.910604377168240608e-01,9.913206268814527267e-01,9.914689165993579856e-01,9.912143195733807977e-01,9.913662451891069871e-01,9.914965271299430727e-01,9.911100201949553101e-01,9.912220013149060094e-01,9.909557220150720935e-01,9.911441965589610215e-01,1.000000000000023315e+00,9.911553775512510489e-01,9.910384833856453746e-01,9.911615596547692641e-01,9.912082369557984052e-01,9.910390620244829973e-01,9.909687996855527370e-01,9.911352425409993838e-01,9.908089034372736803e-01,9.910990319873751453e-01,9.908035701363164804e-01,9.910636919466793149e-01,9.912119433757046183e-01,9.909574127400652133e-01,9.911093001306454653e-01,9.912395529383182247e-01,9.908531783351302025e-01,9.914901658279796637e-01,9.912242316839078304e-01,9.914253631542510048e-01,9.911553775512510489e-01,1.000000000000023315e+00,9.912939893020596971e-01,9.914292658933535618e-01,9.914763233617310823e-01,9.913071314552243107e-01,9.912368549833242559e-01,9.914033440915233086e-01,9.910769170664173178e-01,9.913671242642962955e-01,9.910715825725567862e-01,9.913317748149915731e-01,9.914800664332351632e-01,9.912254671385891669e-01,9.913773960365857008e-01,9.915076853431979975e-01,9.911212121019115084e-01,9.913602562509788996e-01,9.910943883303704460e-01,9.912958595080921809e-01,9.910384833856453746e-01,9.912939893020596971e-01,1.000000000000023315e+00,9.912867221303148790e-01,9.913459931032966299e-01,9.911772002644468893e-01,9.911069647032193508e-01,9.912734373882766681e-01,9.909470543417620014e-01,9.912372239738290736e-01,9.909417211657746138e-01,9.912018794116002063e-01,9.913501516659396495e-01,9.910955858188968959e-01,9.912474949612191111e-01,9.913777675589662275e-01,9.909913462750562507e-01,9.914829281923697168e-01,9.912170328233476102e-01,9.914185594901867571e-01,9.911615596547692641e-01,9.914292658933535618e-01,9.912867221303148790e-01,1.000000000000023315e+00,9.914565382029503215e-01,9.912994296483714773e-01,9.912295654364925435e-01,9.913960899676260707e-01,9.910696712614608384e-01,9.913598781186920839e-01,9.910643391123478141e-01,9.913245297230217634e-01,9.914728204093257169e-01,9.912182231306613245e-01,9.913701511561375801e-01,9.915004400317851685e-01,9.911139713948264873e-01,9.915295823448850854e-01,9.912636757692888656e-01,9.914652167408656291e-01,9.912082369557984052e-01,9.914763233617310823e-01,9.913459931032966299e-01,9.914565382029503215e-01,1.000000000000023315e+00,9.913335967301757368e-01,9.912757872452444552e-01,9.914427031157901915e-01,9.911162981270151828e-01,9.914065239742061442e-01,9.911109722109997522e-01,9.913711754923758557e-01,9.915194733179024666e-01,9.912648641387430404e-01,9.914167993797410317e-01,9.915470944669656506e-01,9.911606078259311836e-01,9.913603458692711312e-01,9.910944850846470366e-01,9.912959927870658161e-01,9.910390620244829973e-01,9.913071314552243107e-01,9.911772002644468893e-01,9.912994296483714773e-01,9.913335967301757368e-01,1.000000000000023315e+00,9.910933855970072148e-01,9.912730589929367175e-01,9.909470908158497515e-01,9.912373010901047721e-01,9.909418048059632778e-01,9.912019650815371286e-01,9.913502380237174672e-01,9.910956724580994859e-01,9.912475818592676458e-01,9.913778547735350166e-01,9.909914341873059529e-01,9.912900588591839757e-01,9.910242170985342769e-01,9.912257108953238527e-01,9.909687996855527370e-01,9.912368549833242559e-01,9.911069647032193508e-01,9.912295654364925435e-01,9.912757872452444552e-01,9.910933855970072148e-01,1.000000000000023315e+00,9.911898688466401763e-01,9.908763716551013401e-01,9.911669837943992700e-01,9.908715396623984928e-01,9.911316871797346550e-01,9.912799509244867302e-01,9.910254037941821359e-01,9.911773026038368517e-01,9.913075663716286456e-01,9.909211732513053539e-01,9.914565549557310398e-01,9.911906686402731648e-01,9.913921964421938959e-01,9.911352425409993838e-01,9.914033440915233086e-01,9.912734373882766681e-01,9.913960899676260707e-01,9.914427031157901915e-01,9.912730589929367175e-01,9.911898688466401763e-01,1.000000000000023315e+00,9.910294559354426713e-01,9.913330474283422733e-01,9.910379260356053654e-01,9.912981498287581905e-01,9.914464434851445462e-01,9.911918547285526460e-01,9.913437794566668515e-01,9.914740652618865280e-01,9.910876073228972460e-01,9.911301097455462727e-01,9.908643110424586453e-01,9.910657725709863808e-01,9.908089034372736803e-01,9.910769170664173178e-01,9.909470543417620014e-01,9.910696712614608384e-01,9.911162981270151828e-01,9.909470908158497515e-01,9.908763716551013401e-01,9.910294559354426713e-01,1.000000000000023315e+00,9.909931320855681625e-01,9.907111376451542828e-01,9.909717156187547449e-01,9.911199942018924514e-01,9.908654945116994739e-01,9.910173706567249052e-01,9.911476140198037799e-01,9.907612834865919815e-01,9.914203320999679381e-01,9.911544556465348155e-01,9.913559762355989013e-01,9.910990319873751453e-01,9.913671242642962955e-01,9.912372239738290736e-01,9.913598781186920839e-01,9.914065239742061442e-01,9.912373010901047721e-01,9.911669837943992700e-01,9.913330474283422733e-01,9.909931320855681625e-01,1.000000000000023315e+00,9.909877815405371271e-01,9.912614744943103462e-01,9.914101777493951051e-01,9.911556325398800382e-01,9.913075582810204622e-01,9.914378409841448914e-01,9.910513976713816175e-01,9.911247741296443925e-01,9.908589771041734773e-01,9.910604377168240608e-01,9.908035701363164804e-01,9.910715825725567862e-01,9.909417211657746138e-01,9.910643391123478141e-01,9.911109722109997522e-01,9.909418048059632778e-01,9.908715396623984928e-01,9.910379260356053654e-01,9.907111376451542828e-01,9.909877815405371271e-01,1.000000000000023315e+00,9.909523308417100829e-01,9.911141843314734690e-01,9.908601115325164077e-01,9.910120266267730127e-01,9.911422760454124958e-01,9.907559491870677748e-01,9.913849796606749587e-01,9.911191132125406478e-01,9.913206268814527267e-01,9.910636919466793149e-01,9.913317748149915731e-01,9.912018794116002063e-01,9.913245297230217634e-01,9.913711754923758557e-01,9.912019650815371286e-01,9.911316871797346550e-01,9.912981498287581905e-01,9.909717156187547449e-01,9.912614744943103462e-01,9.909523308417100829e-01,1.000000000000023315e+00,9.913620120311704698e-01,9.911198142979998904e-01,9.912721659217985648e-01,9.914024802091710997e-01,9.910160565628935991e-01,9.915332774971817864e-01,9.912673723835822015e-01,9.914689165993579856e-01,9.912119433757046183e-01,9.914800664332351632e-01,9.913501516659396495e-01,9.914728204093257169e-01,9.915194733179024666e-01,9.913502380237174672e-01,9.912799509244867302e-01,9.914464434851445462e-01,9.911199942018924514e-01,9.914101777493951051e-01,9.911141843314734690e-01,9.913620120311704698e-01,1.000000000000023315e+00,9.912553876715282097e-01,9.914200440094812494e-01,9.915507472944754541e-01,9.911642939483368275e-01,9.912786575223906382e-01,9.910128257192845069e-01,9.912143195733807977e-01,9.909574127400652133e-01,9.912254671385891669e-01,9.910955858188968959e-01,9.912182231306613245e-01,9.912648641387430404e-01,9.910956724580994859e-01,9.910254037941821359e-01,9.911918547285526460e-01,9.908654945116994739e-01,9.911556325398800382e-01,9.908601115325164077e-01,9.911198142979998904e-01,9.912553876715282097e-01,1.000000000000023315e+00,9.911524199998623663e-01,9.912957085124735057e-01,9.909097341223750410e-01,9.914305586921842162e-01,9.911647152446737552e-01,9.913662451891069871e-01,9.911093001306454653e-01,9.913773960365857008e-01,9.912474949612191111e-01,9.913701511561375801e-01,9.914167993797410317e-01,9.912475818592676458e-01,9.911773026038368517e-01,9.913437794566668515e-01,9.910173706567249052e-01,9.913075582810204622e-01,9.910120266267730127e-01,9.912721659217985648e-01,9.914200440094812494e-01,9.911524199998623663e-01,1.000000000000023315e+00,9.914354707033086189e-01,9.910611741111334805e-01,9.915604645154824093e-01,9.912949399347847912e-01,9.914965271299430727e-01,9.912395529383182247e-01,9.915076853431979975e-01,9.913777675589662275e-01,9.915004400317851685e-01,9.915470944669656506e-01,9.913778547735350166e-01,9.913075663716286456e-01,9.914740652618865280e-01,9.911476140198037799e-01,9.914378409841448914e-01,9.911422760454124958e-01,9.914024802091710997e-01,9.915507472944754541e-01,9.912957085124735057e-01,9.914354707033086189e-01,1.000000000000023315e+00,9.911785241968738003e-01,9.911609631234478135e-01,9.909080892387768236e-01,9.911100201949553101e-01,9.908531783351302025e-01,9.911212121019115084e-01,9.909913462750562507e-01,9.911139713948264873e-01,9.911606078259311836e-01,9.909914341873059529e-01,9.909211732513053539e-01,9.910876073228972460e-01,9.907612834865919815e-01,9.910513976713816175e-01,9.907559491870677748e-01,9.910160565628935991e-01,9.911642939483368275e-01,9.909097341223750410e-01,9.910611741111334805e-01,9.911785241968738003e-01,1.000000000000023315e+00
1.000000000000023315e+00,9.869898760640108959e-01,9.873179766129897006e-01,9.869368812964230964e-01,9.873352331293159256e-01,9.871417586078660156e-01,9.873237677027421055e-01,9.873930441394159763e-01,9.871422695803062641e-01,9.870381455316404873e-01,9.872858440367725530e-01,9.868010384241036048e-01,9.872325753296901096e-01,9.867933059365676662e-01,9.871791956020781189e-01,9.873989619375984628e-01,9.870208500817860831e-01,9.872462532352923592e-01,9.874390974936787524e-01,9.868362567969258814e-01,9.869898760640108959e-01,1.000000000000023315e+00,9.868939697039609271e-01,9.865406631256198322e-01,9.869397461697781981e-01,9.867464166054191743e-01,9.869283646518427489e-01,9.869976161939097992e-01,9.867469429515063339e-01,9.866428609845754316e-01,9.868904605023912646e-01,9.864058491895146830e-01,9.868372134522261918e-01,9.863981203389189378e-01,9.867838562493241872e-01,9.870035369830182370e-01,9.866255874648448554e-01,9.868509628755196550e-01,9.870444831158490251e-01,9.864697378691809071e-01,9.873179766129897006e-01,9.868939697039609271e-01,1.000000000000023315e+00,9.868116033778294716e-01,9.872387950928116496e-01,9.870461867558414371e-01,9.872282557699398886e-01,9.872975388241175265e-01,9.870467918744464386e-01,9.869426791130028187e-01,9.871903542263595899e-01,9.867055958291562900e-01,9.871370913242982770e-01,9.866978649996391848e-01,9.870837184896504857e-01,9.873034668612762355e-01,9.869254055329782505e-01,9.871508607502518240e-01,9.873445059725328710e-01,9.867704888471292568e-01,9.869368812964230964e-01,9.865406631256198322e-01,9.868116033778294716e-01,1.000000000000023315e+00,9.868279953633951607e-01,9.866633910978351851e-01,9.868462613464681343e-01,9.869155867477034105e-01,9.866649480175975206e-01,9.865608784505505158e-01,9.868084587551041453e-01,9.863238882448052136e-01,9.867552170390337940e-01,9.863161607797372721e-01,9.867018651836917398e-01,9.869215288643241601e-01,9.865436146696804354e-01,9.867689851821289659e-01,9.869625655490984473e-01,9.863888396166732297e-01,9.873352331293159256e-01,9.869397461697781981e-01,9.872387950928116496e-01,9.868279953633951607e-01,1.000000000000023315e+00,9.870336621054195403e-01,9.872436321091314637e-01,9.873137696653302431e-01,9.870630916996580018e-01,9.869589907209221913e-01,9.872066736174051060e-01,9.867219083365194043e-01,9.871534115568519896e-01,9.867141783002596478e-01,9.871000385027310919e-01,9.873197910175591785e-01,9.869417247393366122e-01,9.871671871209581894e-01,9.873608483670887059e-01,9.867869036841655506e-01,9.871417586078660156e-01,9.867464166054191743e-01,9.870461867558414371e-01,9.866633910978351851e-01,9.870336621054195403e-01,1.000000000000023315e+00,9.870221282611387759e-01,9.871193957549697640e-01,9.868695720599729437e-01,9.867655597084423746e-01,9.870132057819411830e-01,9.865285381336067472e-01,9.869599577993154460e-01,9.865208109666944170e-01,9.869065957638718523e-01,9.871263053604261151e-01,9.867483133631516079e-01,9.869737318931660619e-01,9.871673559812520482e-01,9.865935266486666189e-01,9.873237677027421055e-01,9.869283646518427489e-01,9.872282557699398886e-01,9.868462613464681343e-01,9.872436321091314637e-01,9.870221282611387759e-01,1.000000000000023315e+00,9.872744967440008068e-01,9.870506329032394666e-01,9.869474134531476262e-01,9.871951724049876642e-01,9.867104256608191237e-01,9.871419277506582324e-01,9.867027007525415172e-01,9.870885570582330626e-01,9.873083073499915319e-01,9.869302458096810282e-01,9.871557060901441361e-01,9.873493662241429325e-01,9.867754321031929621e-01,9.873930441394159763e-01,9.869976161939097992e-01,9.872975388241175265e-01,9.869155867477034105e-01,9.873137696653302431e-01,9.871193957549697640e-01,9.872744967440008068e-01,1.000000000000023315e+00,9.870922068441644326e-01,9.870157656764505516e-01,9.872643602642272587e-01,9.867796419971033295e-01,9.872111859499614894e-01,9.867719306408061497e-01,9.871578149551120118e-01,9.873775810192796376e-01,9.869994931265971827e-01,9.872249693726292685e-01,9.874186432721168138e-01,9.868446692778455320e-01,9.871422695803062641e-01,9.867469429515063339e-01,9.870467918744464386e-01,9.866649480175975206e-01,9.870630916996580018e-01,9.868695720599729437e-01,9.870506329032394666e-01,9.870922068441644326e-01,1.000000000000023315e+00,9.867357912284755450e-01,9.870127168407617502e-01,9.865289340834988430e-01,9.869604414590736896e-01,9.865213086333264325e-01,9.869070980096319445e-01,9.871268091950895496e-01,9.867488176702549074e-01,9.869742368540974642e-01,9.871678617099153286e-01,9.865940336854829296e-01,9.870381455316404873e-01,9.866428609845754316e-01,9.869426791130028187e-01,9.865608784505505158e-01,9.869589907209221913e-01,9.867655597084423746e-01,9.869474134531476262e-01,9.870157656764505516e-01,9.867357912284755450e-01,1.000000000000023315e+00,9.868799752583202745e-01,9.864238889341852001e-01,9.868562525860722356e-01,9.864172331021380247e-01,9.868029941340455968e-01,9.870226850127050700e-01,9.866447342044972757e-01,9.868701300027309387e-01,9.870637346318626992e-01,9.864899672860817370e-01,9.872858440367725530e-01,9.868904605023912646e-01,9.871903542263595899e-01,9.868084587551041453e-01,9.872066736174051060e-01,9.870132057819411830e-01,9.871951724049876642e-01,9.872643602642272587e-01,9.870127168407617502e-01,9.868799752583202745e-01,1.000000000000023315e+00,9.866418443433746521e-01,9.871030281777218862e-01,9.866646909235137208e-01,9.870506187458262248e-01,9.872703756237116712e-01,9.868923324266095642e-01,9.871177856752205715e-01,9.873114392366620917e-01,9.867375280775967372e-01,9.868010384241036048e-01,9.864058491895146830e-01,9.867055958291562900e-01,9.863238882448052136e-01,9.867219083365194043e-01,9.865285381336067472e-01,9.867104256608191237e-01,9.867796419971033295e-01,9.865289340834988430e-01,9.864238889341852001e-01,9.866418443433746521e-01,1.000000000000023315e+00,9.865883547209465254e-01,9.861791631471392705e-01,9.865658400116097404e-01,9.867855615039623496e-01,9.864077153257216901e-01,9.866330610070630502e-01,9.868266204714857270e-01,9.862529914842999013e-01,9.872325753296901096e-01,9.868372134522261918e-01,9.871370913242982770e-01,9.867552170390337940e-01,9.871534115568519896e-01,9.869599577993154460e-01,9.871419277506582324e-01,9.872111859499614894e-01,9.869604414590736896e-01,9.868562525860722356e-01,9.871030281777218862e-01,9.865883547209465254e-01,1.000000000000023315e+00,9.865805901061813765e-01,9.869963855461261204e-01,9.872170144886061038e-01,9.868390653568184234e-01,9.870645207052599623e-01,9.872581674364396820e-01,9.866842883517309426e-01,9.867933059365676662e-01,9.863981203389189378e-01,9.866978649996391848e-01,9.863161607797372721e-01,9.867141783002596478e-01,9.865208109666944170e-01,9.867027007525415172e-01,9.867719306408061497e-01,9.865213086333264325e-01,9.864172331021380247e-01,9.866646909235137208e-01,9.861791631471392705e-01,9.865805901061813765e-01,1.000000000000023315e+00,9.865269890377577067e-01,9.867768156067098229e-01,9.863998806477473069e-01,9.866253102052808810e-01,9.868188828373397614e-01,9.862452618268676696e-01,9.871791956020781189e-01,9.867838562493241872e-01,9.870837184896504857e-01,9.867018651836917398e-01,9.871000385027310919e-01,9.869065957638718523e-01,9.870885570582330626e-01,9.871578149551120118e-01,9.869070980096319445e-01,9.868029941340455968e-01,9.870506187458262248e-01,9.865658400116097404e-01,9.869963855461261204e-01,9.865269890377577067e-01,1.000000000000023315e+00,9.871352452517969667e-01,9.867846901313195307e-01,9.870110552519633096e-01,9.872047695407156764e-01,9.866309342837732421e-01,9.873989619375984628e-01,9.870035369830182370e-01,9.873034668612762355e-01,9.869215288643241601e-01,9.873197910175591785e-01,9.871263053604261151e-01,9.873083073499915319e-01,9.873775810192796376e-01,9.871268091950895496e-01,9.870226850127050700e-01,9.872703756237116712e-01,9.867855615039623496e-01,9.872170144886061038e-01,9.867768156067098229e-01,9.871352452517969667e-01,1.000000000000023315e+00,9.869762288334018585e-01,9.872299244659883399e-01,9.874244697204542787e-01,9.868505671260694445e-01,9.870208500817860831e-01,9.866255874648448554e-01,9.869254055329782505e-01,9.865436146696804354e-01,9.869417247393366122e-01,9.867483133631516079e-01,9.869302458096810282e-01,9.869994931265971827e-01,9.867488176702549074e-01,9.866447342044972757e-01,9.868923324266095642e-01,9.864077153257216901e-01,9.868390653568184234e-01,9.863998806477473069e-01,9.867846901313195307e-01,9.869762288334018585e-01,1.000000000000023315e+00,9.868229668289327794e-01,9.870454629966916027e-01,9.864725907928896254e-01,9.872462532352923592e-01,9.868509628755196550e-01,9.871508607502518240e-01,9.867689851821289659e-01,9.871671871209581894e-01,9.869737318931660619e-01,9.871557060901441361e-01,9.872249693726292685e-01,9.869742368540974642e-01,9.868701300027309387e-01,9.871177856752205715e-01,9.866330610070630502e-01,9.870645207052599623e-01,9.866253102052808810e-01,9.870110552519633096e-01,9.872299244659883399e-01,9.868229668289327794e-01,1.000000000000023315e+00,9.872439319005233971e-01,9.866970038869322668e-01,9.874390974936787524e-01,9.870444831158490251e-01,9.873445059725328710e-01,9.869625655490984473e-01,9.873608483670887059e-01,9.871673559812520482e-01,9.873493662241429325e-01,9.874186432721168138e-01,9.871678617099153286e-01,9.870637346318626992e-01,9.873114392366620917e-01,9.868266204714857270e-01,9.872581674364396820e-01,9.868188828373397614e-01,9.872047695407156764e-01,9.874244697204542787e-01,9.870454629966916027e-01,9.872439319005233971e-01,1.000000000000023315e+00,9.868619623166163812e-01,9.868362567969258814e-01,9.864697378691809071e-01,9.867704888471292568e-01,9.863888396166732297e-01,9.867869036841655506e-01,9.865935266486666189e-01,9.867754321031929621e-01,9.868446692778455320e-01,9.865940336854829296e-01,9.864899672860817370e-01,9.867375280775967372e-01,9.862529914842999013e-01,9.866842883517309426e-01,9.862452618268676696e-01,9.866309342837732421e-01,9.868505671260694445e-01,9.864725907928896254e-01,9.866970038869322668e-01,9.868619623166163812e-01,1.000000000000023315e+00
