1.000000000000000000e+00,1.000000000000000000e+00,1.000000000000000000e+00,1.000000000000000000e+00,1.000000000000000000e+00,1.000000000000000000e+00,1.000000000000000000e+00,1.000000000000000000e+00,1.000000000000000000e+00,1.000000000000000000e+00,1.000000000000000000e+00,1.000000000000000000e+00,1.000000000000000000e+00,1.000000000000000000e+00,1.000000000000000000e+00,1.000000000000000000e+00,1.000000000000000000e+00,1.000000000000000000e+00,1.000000000000000000e+00,1.000000000000000000e+00,1.000000000000000000e+00,1.000000000000000000e+00,1.000000000000000000e+00,1.000000000000000000e+00,1.000000000000000000e+00,1.000000000000000000e+00,1.000000000000000000e+00,1.000000000000000000e+00,1.000000000000000000e+00,1.000000000000000000e+00,1.000000000000000000e+00,1.000000000000000000e+00,1.000000000000000000e+00,1.000000000000000000e+00,1.000000000000000000e+00,1.000000000000000000e+00,1.000000000000000000e+00,1.000000000000000000e+00,1.000000000000000000e+00,1.000000000000000000e+00,1.000000000000000000e+00,1.000000000000000000e+00,1.000000000000000000e+00,1.000000000000000000e+00,1.000000000000000000e+00,1.000000000000000000e+00,1.000000000000000000e+00,1.000000000000000000e+00,1.000000000000000000e+00,1.000000000000000000e+00,1.000000000000000000e+00,1.000000000000000000e+00,1.000000000000000000e+00,1.000000000000000000e+00,1.000000000000000000e+00,1.000000000000000000e+00,1.000000000000000000e+00,1.000000000000000000e+00,1.000000000000000000e+00,1.000000000000000000e+00,1.000000000000000000e+00,1.000000000000000000e+00,1.000000000000000000e+00,1.000000000000000000e+00,1.000000000000000000e+00,1.000000000000000000e+00,1.000000000000000000e+00,1.000000000000000000e+00,1.000000000000000000e+00,1.000000000000000000e+00,1.000000000000000000e+00,1.000000000000000000e+00,1.000000000000000000e+00,1.000000000000000000e+00,1.000000000000000000e+00,1.000000000000000000e+00,1.000000000000000000e+00,1.000000000000000000e+00,1.000000000000000000e+00,1.000000000000000000e+00,1.000000000000000000e+00,1.000000000000000000e+00,1.000000000000000000e+00,1.000000000000000000e+00,1.000000000000000000e+00,1.000000000000000000e+00,1.000000000000000000e+00,1.000000000000000000e+00,1.000000000000000000e+00,1.000000000000000000e+00,1.000000000000000000e+00,1.000000000000000000e+00,1.000000000000000000e+00,1.000000000000000000e+00,1.000000000000000000e+00,1.000000000000000000e+00,1.000000000000000000e+00,1.000000000000000000e+00,1.000000000000000000e+00,1.000000000000000000e+00,1.000000000000000000e+00,1.000000000000000000e+00,1.000000000000000000e+00,1.000000000000000000e+00,1.000000000000000000e+00,1.000000000000000000e+00,1.000000000000000000e+00,1.000000000000000000e+00,1.000000000000000000e+00,1.000000000000000000e+00,1.000000000000000000e+00,1.000000000000000000e+00,1.000000000000000000e+00,1.000000000000000000e+00,1.000000000000000000e+00,1.000000000000000000e+00,1.000000000000000000e+00,1.000000000000000000e+00,1.000000000000000000e+00,1.000000000000000000e+00,1.000000000000000000e+00,1.000000000000000000e+00,1.000000000000000000e+00,1.000000000000000000e+00,1.000000000000000000e+00,1.000000000000000000e+00,1.000000000000000000e+00,1.000000000000000000e+00,1.000000000000000000e+00,1.000000000000000000e+00,1.000000000000000000e+00,1.000000000000000000e+00,1.000000000000000000e+00,1.000000000000000000e+00,1.000000000000000000e+00,1.000000000000000000e+00,1.000000000000000000e+00,1.000000000000000000e+00,1.000000000000000000e+00,1.000000000000000000e+00,1.000000000000000000e+00,1.000000000000000000e+00,1.000000000000000000e+00,1.000000000000000000e+00,1.000000000000000000e+00,1.000000000000000000e+00,1.000000000000000000e+00,1.000000000000000000e+00,1.000000000000000000e+00,1.000000000000000000e+00,1.000000000000000000e+00,1.000000000000000000e+00,1.000000000000000000e+00,1.000000000000000000e+00,1.000000000000000000e+00,1.000000000000000000e+00,1.000000000000000000e+00,1.000000000000000000e+00,1.000000000000000000e+00,1.000000000000000000e+00,1.000000000000000000e+00,1.000000000000000000e+00,1.000000000000000000e+00,1.000000000000000000e+00,1.000000000000000000e+00,1.000000000000000000e+00,1.000000000000000000e+00,1.000000000000000000e+00,1.000000000000000000e+00,1.000000000000000000e+00,1.000000000000000000e+00,1.000000000000000000e+00,1.000000000000000000e+00,1.000000000000000000e+00,1.000000000000000000e+00,1.000000000000000000e+00,1.000000000000000000e+00,1.000000000000000000e+00,1.000000000000000000e+00,1.000000000000000000e+00,1.000000000000000000e+00,1.000000000000000000e+00,1.000000000000000000e+00,1.000000000000000000e+00,1.000000000000000000e+00,1.000000000000000000e+00,1.000000000000000000e+00,1.000000000000000000e+00,1.000000000000000000e+00,1.000000000000000000e+00,1.000000000000000000e+00,1.000000000000000000e+00,1.000000000000000000e+00,1.000000000000000000e+00,1.000000000000000000e+00,1.000000000000000000e+00,1.000000000000000000e+00,1.000000000000000000e+00,1.000000000000000000e+00,1.000000000000000000e+00,1.000000000000000000e+00,1.000000000000000000e+00,1.000000000000000000e+00,1.000000000000000000e+00,1.000000000000000000e+00,1.000000000000000000e+00,1.000000000000000000e+00,1.000000000000000000e+00,1.000000000000000000e+00,1.000000000000000000e+00,1.000000000000000000e+00,1.000000000000000000e+00,1.000000000000000000e+00,1.000000000000000000e+00,1.000000000000000000e+00,1.000000000000000000e+00,1.000000000000000000e+00,1.000000000000000000e+00,1.000000000000000000e+00,1.000000000000000000e+00,1.000000000000000000e+00,1.000000000000000000e+00,1.000000000000000000e+00,1.000000000000000000e+00,1.000000000000000000e+00
1.000000000000000000e+00,3.400820626252759604e-01,3.694768351797247385e-01,3.400738411899071334e-01,3.784323091860134491e-01,3.737577047401909880e-01,3.744512331009686723e-01,3.792772224696396854e-01,3.737982283674580186e-01,3.737809863559181656e-01,3.792794522235156118e-01,3.737990591837082599e-01,3.688605617092309830e-01,3.737816847211300475e-01,3.688620838617292508e-01,3.400820626252759604e-01,1.000000000000000000e+00,3.400820626252759604e-01,3.779470482973659173e-01,3.490645499750981706e-01,3.779470482973659173e-01,3.787603131424958081e-01,3.850623402160748832e-01,3.787603131424958081e-01,3.787785413703670945e-01,3.843272280363234650e-01,3.787785413703671500e-01,3.737816847211300475e-01,3.787674847238903242e-01,3.737816847211300475e-01,3.694768351797247385e-01,3.400820626252759604e-01,1.000000000000000000e+00,3.737577047401909880e-01,3.784323091860135047e-01,3.400738411899070779e-01,3.737982283674579631e-01,3.792772224696396854e-01,3.744512331009687278e-01,3.737990591837080379e-01,3.792794522235155563e-01,3.737809863559182211e-01,3.688620838617293063e-01,3.737816847211300475e-01,3.688605617092308719e-01,3.400738411899071334e-01,3.779470482973659173e-01,3.737577047401909880e-01,1.000000000000000000e+00,3.490609501313568508e-01,3.794710404872436715e-01,3.441217851700719699e-01,3.834514003590855369e-01,3.787825812724001651e-01,3.794591701897300773e-01,3.843236642931431302e-01,3.787875595064135181e-01,3.737809863559181656e-01,3.787785413703670945e-01,3.737990591837080379e-01,3.784323091860134491e-01,3.490645499750981706e-01,3.784323091860135047e-01,3.490609501313568508e-01,1.000000000000000000e+00,3.490609501313567953e-01,3.834345828738766615e-01,3.538849955614972176e-01,3.834345828738765505e-01,3.843236642931431857e-01,3.907110563545109772e-01,3.843236642931433522e-01,3.792794522235156673e-01,3.843272280363235205e-01,3.792794522235155563e-01,3.737577047401909880e-01,3.779470482973659173e-01,3.400738411899070779e-01,3.794710404872436715e-01,3.490609501313567953e-01,1.000000000000000000e+00,3.787825812724001651e-01,3.834514003590855924e-01,3.441217851700719699e-01,3.787875595064134071e-01,3.843236642931431302e-01,3.794591701897301883e-01,3.737990591837080934e-01,3.787785413703670390e-01,3.737809863559180545e-01,3.744512331009686723e-01,3.787603131424958081e-01,3.737982283674579631e-01,3.441217851700719699e-01,3.834345828738766615e-01,3.787825812724001651e-01,1.000000000000000000e+00,3.490613069195037665e-01,3.795075273294973295e-01,3.441217851700719144e-01,3.834345828738764395e-01,3.787825812724001651e-01,3.744512331009687278e-01,3.787603131424957525e-01,3.737982283674579076e-01,3.792772224696396854e-01,3.850623402160748832e-01,3.792772224696396854e-01,3.834514003590855369e-01,3.538849955614972176e-01,3.834514003590855924e-01,3.490613069195037665e-01,1.000000000000000000e+00,3.490613069195037665e-01,3.834514003590855924e-01,3.538849955614972176e-01,3.834514003590855924e-01,3.792772224696396854e-01,3.850623402160748276e-01,3.792772224696396299e-01,3.737982283674580186e-01,3.787603131424958081e-01,3.744512331009687278e-01,3.787825812724001651e-01,3.834345828738765505e-01,3.441217851700719699e-01,3.795075273294973295e-01,3.490613069195037665e-01,1.000000000000000000e+00,3.787825812724001096e-01,3.834345828738765505e-01,3.441217851700720809e-01,3.737982283674579631e-01,3.787603131424957525e-01,3.744512331009686168e-01,3.737809863559181656e-01,3.787785413703670945e-01,3.737990591837080379e-01,3.794591701897300773e-01,3.843236642931431857e-01,3.787875595064134071e-01,3.441217851700719144e-01,3.834514003590855924e-01,3.787825812724001096e-01,1.000000000000000000e+00,3.490609501313567398e-01,3.794710404872437270e-01,3.400738411899070779e-01,3.779470482973658063e-01,3.737577047401908770e-01,3.792794522235156118e-01,3.843272280363234650e-01,3.792794522235155563e-01,3.843236642931431302e-01,3.907110563545109772e-01,3.843236642931431302e-01,3.834345828738764395e-01,3.538849955614972176e-01,3.834345828738765505e-01,3.490609501313567398e-01,1.000000000000000000e+00,3.490609501313568508e-01,3.784323091860132826e-01,3.490645499750979486e-01,3.784323091860132271e-01,3.737990591837082599e-01,3.787785413703671500e-01,3.737809863559182211e-01,3.787875595064135181e-01,3.843236642931433522e-01,3.794591701897301883e-01,3.787825812724001651e-01,3.834514003590855924e-01,3.441217851700720809e-01,3.794710404872437270e-01,3.490609501313568508e-01,1.000000000000000000e+00,3.737577047401910435e-01,3.779470482973659173e-01,3.400738411899071334e-01,3.688605617092309830e-01,3.737816847211300475e-01,3.688620838617293063e-01,3.737809863559181656e-01,3.792794522235156673e-01,3.737990591837080934e-01,3.744512331009687278e-01,3.792772224696396854e-01,3.737982283674579631e-01,3.400738411899070779e-01,3.784323091860132826e-01,3.737577047401910435e-01,1.000000000000000000e+00,3.400820626252759604e-01,3.694768351797246830e-01,3.737816847211300475e-01,3.787674847238903242e-01,3.737816847211300475e-01,3.787785413703670945e-01,3.843272280363235205e-01,3.787785413703670390e-01,3.787603131424957525e-01,3.850623402160748276e-01,3.787603131424957525e-01,3.779470482973658063e-01,3.490645499750979486e-01,3.779470482973659173e-01,3.400820626252759604e-01,1.000000000000000000e+00,3.400820626252759049e-01,3.688620838617292508e-01,3.737816847211300475e-01,3.688605617092308719e-01,3.737990591837080379e-01,3.792794522235155563e-01,3.737809863559180545e-01,3.737982283674579076e-01,3.792772224696396299e-01,3.744512331009686168e-01,3.737577047401908770e-01,3.784323091860132271e-01,3.400738411899071334e-01,3.694768351797246830e-01,3.400820626252759049e-01,1.000000000000000000e+00
1.000000000000000444e+00,-3.957608242276283161e-01,1.321103260356395193e-01,-4.005028769593254045e-01,1.900829272990811336e-01,3.723840289521242880e-03,1.317813611688531117e-01,2.507552822942361176e-02,2.675308308851787054e-02,1.463090871305224028e-02,4.210154146120313051e-02,2.727796318042573914e-02,1.132600219674066711e-02,2.807790671921761572e-02,1.027211922371785470e-02,-3.957608242276283161e-01,1.000000000000000444e+00,-3.957608242276280386e-01,2.261070753372505515e-01,-1.977093048800171449e-01,2.261070753372505515e-01,5.535978120349885345e-02,1.762467149420288703e-01,5.535978120349890896e-02,7.457261461846159678e-02,1.076573703740243276e-01,7.457261461846170780e-02,2.807790671921773021e-02,7.699941592895701015e-02,2.807790671921769204e-02,1.321103260356395193e-01,-3.957608242276280386e-01,1.000000000000000444e+00,3.723840289521350433e-03,1.900829272990814944e-01,-4.005028769593257376e-01,2.675308308851812381e-02,2.507552822942373666e-02,1.317813611688534170e-01,2.727796318042578078e-02,4.210154146120324847e-02,1.463090871305230099e-02,1.027211922371791195e-02,2.807790671921774756e-02,1.132600219674066711e-02,-4.005028769593254045e-01,2.261070753372505515e-01,3.723840289521350433e-03,1.000000000000000444e+00,-2.046818138084283423e-01,1.500151327216908415e-01,-3.107458685856863134e-01,2.265886650367656963e-01,5.386626657213152564e-02,1.603337071327153307e-01,1.002151487457413059e-01,7.188296187405866788e-02,1.463090871305226456e-02,7.457261461846183270e-02,2.727796318042570445e-02,1.900829272990811336e-01,-1.977093048800171449e-01,1.900829272990814944e-01,-2.046818138084283423e-01,1.000000000000000444e+00,-2.046818138084284810e-01,2.244261223397426008e-01,-1.025459910314541201e-01,2.244261223397422400e-01,1.002151487457413753e-01,2.221255975479563272e-01,1.002151487457416945e-01,4.210154146120341501e-02,1.076573703740245358e-01,4.210154146120333868e-02,3.723840289521242880e-03,2.261070753372505515e-01,-4.005028769593257376e-01,1.500151327216908415e-01,-2.046818138084284810e-01,1.000000000000000444e+00,5.386626657213122726e-02,2.265886650367658905e-01,-3.107458685856862024e-01,7.188296187405862625e-02,1.002151487457412782e-01,1.603337071327153862e-01,2.727796318042575302e-02,7.457261461846176331e-02,1.463090871305219344e-02,1.317813611688531117e-01,5.535978120349885345e-02,2.675308308851812381e-02,-3.107458685856863134e-01,2.244261223397426008e-01,5.386626657213122726e-02,1.000000000000000444e+00,-2.165963365310535904e-01,1.481571429661710237e-01,-3.107458685856861469e-01,2.244261223397419625e-01,5.386626657213164360e-02,1.317813611688535558e-01,5.535978120349896447e-02,2.675308308851791217e-02,2.507552822942361176e-02,1.762467149420288703e-01,2.507552822942373666e-02,2.265886650367656963e-01,-1.025459910314541201e-01,2.265886650367658905e-01,-2.165963365310535904e-01,1.000000000000000444e+00,-2.165963365310536182e-01,2.265886650367657240e-01,-1.025459910314542311e-01,2.265886650367656963e-01,2.507552822942381993e-02,1.762467149420293144e-01,2.507552822942377135e-02,2.675308308851787054e-02,5.535978120349890896e-02,1.317813611688534170e-01,5.386626657213152564e-02,2.244261223397422400e-01,-3.107458685856862024e-01,1.481571429661710237e-01,-2.165963365310536182e-01,1.000000000000000444e+00,5.386626657213161584e-02,2.244261223397419902e-01,-3.107458685856858693e-01,2.675308308851793992e-02,5.535978120349898529e-02,1.317813611688534725e-01,1.463090871305224028e-02,7.457261461846159678e-02,2.727796318042578078e-02,1.603337071327153307e-01,1.002151487457413753e-01,7.188296187405862625e-02,-3.107458685856861469e-01,2.265886650367657240e-01,5.386626657213161584e-02,1.000000000000000444e+00,-2.046818138084280925e-01,1.500151327216911745e-01,-4.005028769593254601e-01,2.261070753372503017e-01,3.723840289521274105e-03,4.210154146120313051e-02,1.076573703740243276e-01,4.210154146120324847e-02,1.002151487457413059e-01,2.221255975479563272e-01,1.002151487457412782e-01,2.244261223397419625e-01,-1.025459910314542311e-01,2.244261223397419902e-01,-2.046818138084280925e-01,1.000000000000000444e+00,-2.046818138084279259e-01,1.900829272990808838e-01,-1.977093048800170894e-01,1.900829272990808561e-01,2.727796318042573914e-02,7.457261461846170780e-02,1.463090871305230099e-02,7.188296187405866788e-02,1.002151487457416945e-01,1.603337071327153862e-01,5.386626657213164360e-02,2.265886650367656963e-01,-3.107458685856858693e-01,1.500151327216911745e-01,-2.046818138084279259e-01,1.000000000000000444e+00,3.723840289521395536e-03,2.261070753372504960e-01,-4.005028769593252935e-01,1.132600219674066711e-02,2.807790671921773021e-02,1.027211922371791195e-02,1.463090871305226456e-02,4.210154146120341501e-02,2.727796318042575302e-02,1.317813611688535558e-01,2.507552822942381993e-02,2.675308308851793992e-02,-4.005028769593254601e-01,1.900829272990808838e-01,3.723840289521395536e-03,1.000000000000000444e+00,-3.957608242276273725e-01,1.321103260356397413e-01,2.807790671921761572e-02,7.699941592895701015e-02,2.807790671921774756e-02,7.457261461846183270e-02,1.076573703740245358e-01,7.457261461846176331e-02,5.535978120349896447e-02,1.762467149420293144e-01,5.535978120349898529e-02,2.261070753372503017e-01,-1.977093048800170894e-01,2.261070753372504960e-01,-3.957608242276273725e-01,1.000000000000000444e+00,-3.957608242276275945e-01,1.027211922371785470e-02,2.807790671921769204e-02,1.132600219674066711e-02,2.727796318042570445e-02,4.210154146120333868e-02,1.463090871305219344e-02,2.675308308851791217e-02,2.507552822942377135e-02,1.317813611688534725e-01,3.723840289521274105e-03,1.900829272990808561e-01,-4.005028769593252935e-01,1.321103260356397413e-01,-3.957608242276275945e-01,1.000000000000000444e+00
1.000000000000000444e+00,-2.955456119053787578e-01,3.624114102770489843e-01,-3.230898778218028178e-01,3.680643588607941941e-01,-8.226299937477955793e-02,2.904633166329126381e-01,2.538133664625896735e-02,1.161224540287184581e-01,1.781907605821588664e-02,1.095434226146946299e-01,7.219015562783979989e-02,4.811101775016839166e-02,7.999575505227710104e-02,2.788086650109212333e-02,-2.955456119053787578e-01,1.000000000000000444e+00,-2.955456119053782027e-01,4.873399406167852610e-01,1.410223806291080462e-01,4.873399406167853720e-01,1.394798190863582033e-01,3.383756858391863687e-01,1.394798190863583698e-01,2.402984360538795716e-01,2.958209485789536908e-01,2.402984360538799602e-01,7.999575505227771166e-02,2.465245169271884085e-01,7.999575505227748962e-02,3.624114102770489843e-01,-2.955456119053782027e-01,1.000000000000000444e+00,-8.226299937477869750e-02,3.680643588607948047e-01,-3.230898778218025957e-01,1.161224540287190826e-01,2.538133664625912000e-02,2.904633166329129157e-01,7.219015562783996642e-02,1.095434226146949075e-01,1.781907605821615379e-02,2.788086650109213027e-02,7.999575505227743411e-02,4.811101775016857207e-02,-3.230898778218028178e-01,4.873399406167852610e-01,-8.226299937477869750e-02,1.000000000000000444e+00,1.115307109709206962e-01,2.982782626028587791e-01,-7.201369825743073050e-02,4.088267985507850755e-01,1.350047355745222499e-01,3.350359903345140333e-01,2.580984326062472634e-01,2.268624574750828793e-01,1.781907605821619195e-02,2.402984360538800712e-01,7.219015562784003581e-02,3.680643588607941941e-01,1.410223806291080462e-01,3.680643588607948047e-01,1.115307109709206962e-01,1.000000000000000444e+00,1.115307109709201550e-01,3.917354836407176966e-01,2.537316417282823866e-01,3.917354836407171970e-01,2.580984326062468748e-01,3.938408297054094565e-01,2.580984326062473189e-01,1.095434226146953793e-01,2.958209485789538018e-01,1.095434226146951712e-01,-8.226299937477955793e-02,4.873399406167853720e-01,-3.230898778218025957e-01,2.982782626028587791e-01,1.115307109709201550e-01,1.000000000000000444e+00,1.350047355745215005e-01,4.088267985507851865e-01,-7.201369825743103581e-02,2.268624574750825740e-01,2.580984326062469303e-01,3.350359903345141444e-01,7.219015562784004969e-02,2.402984360538798769e-01,1.781907605821584500e-02,2.904633166329126381e-01,1.394798190863582033e-01,1.161224540287190826e-01,-7.201369825743073050e-02,3.917354836407176966e-01,1.350047355745215005e-01,1.000000000000000444e+00,5.877470947847895921e-02,2.787089690762974414e-01,-7.201369825743039743e-02,3.917354836407167529e-01,1.350047355745225552e-01,2.904633166329130267e-01,1.394798190863589527e-01,1.161224540287186940e-01,2.538133664625896735e-02,3.383756858391863687e-01,2.538133664625912000e-02,4.088267985507850755e-01,2.537316417282823866e-01,4.088267985507851865e-01,5.877470947847895921e-02,1.000000000000000444e+00,5.877470947847911187e-02,4.088267985507852975e-01,2.537316417282832193e-01,4.088267985507852975e-01,2.538133664625968899e-02,3.383756858391871458e-01,2.538133664625959185e-02,1.161224540287184581e-01,1.394798190863583698e-01,2.904633166329129157e-01,1.350047355745222499e-01,3.917354836407171970e-01,-7.201369825743103581e-02,2.787089690762974414e-01,5.877470947847911187e-02,1.000000000000000444e+00,1.350047355745224720e-01,3.917354836407167529e-01,-7.201369825742978681e-02,1.161224540287187218e-01,1.394798190863590914e-01,2.904633166329128047e-01,1.781907605821588664e-02,2.402984360538795716e-01,7.219015562783996642e-02,3.350359903345140333e-01,2.580984326062468748e-01,2.268624574750825740e-01,-7.201369825743039743e-02,4.088267985507852975e-01,1.350047355745224720e-01,1.000000000000000444e+00,1.115307109709217093e-01,2.982782626028592787e-01,-3.230898778218012080e-01,4.873399406167850945e-01,-8.226299937477830893e-02,1.095434226146946299e-01,2.958209485789536908e-01,1.095434226146949075e-01,2.580984326062472634e-01,3.938408297054094565e-01,2.580984326062469303e-01,3.917354836407167529e-01,2.537316417282832193e-01,3.917354836407167529e-01,1.115307109709217093e-01,1.000000000000000444e+00,1.115307109709220007e-01,3.680643588607939165e-01,1.410223806291096005e-01,3.680643588607938055e-01,7.219015562783979989e-02,2.402984360538799602e-01,1.781907605821615379e-02,2.268624574750828793e-01,2.580984326062473189e-01,3.350359903345141444e-01,1.350047355745225552e-01,4.088267985507852975e-01,-7.201369825742978681e-02,2.982782626028592787e-01,1.115307109709220007e-01,1.000000000000000444e+00,-8.226299937477807300e-02,4.873399406167852610e-01,-3.230898778218010414e-01,4.811101775016839166e-02,7.999575505227771166e-02,2.788086650109213027e-02,1.781907605821619195e-02,1.095434226146953793e-01,7.219015562784004969e-02,2.904633166329130267e-01,2.538133664625968899e-02,1.161224540287187218e-01,-3.230898778218012080e-01,3.680643588607939165e-01,-8.226299937477807300e-02,1.000000000000000444e+00,-2.955456119053767039e-01,3.624114102770484847e-01,7.999575505227710104e-02,2.465245169271884085e-01,7.999575505227743411e-02,2.402984360538800712e-01,2.958209485789538018e-01,2.402984360538798769e-01,1.394798190863589527e-01,3.383756858391871458e-01,1.394798190863590914e-01,4.873399406167850945e-01,1.410223806291096005e-01,4.873399406167852610e-01,-2.955456119053767039e-01,1.000000000000000444e+00,-2.955456119053769815e-01,2.788086650109212333e-02,7.999575505227748962e-02,4.811101775016857207e-02,7.219015562784003581e-02,1.095434226146951712e-01,1.781907605821584500e-02,1.161224540287186940e-01,2.538133664625959185e-02,2.904633166329128047e-01,-8.226299937477830893e-02,3.680643588607938055e-01,-3.230898778218010414e-01,3.624114102770484847e-01,-2.955456119053769815e-01,1.000000000000000444e+00
1.000000000000000444e+00,1.966349015691006841e-01,2.647715379041472583e-01,1.729287703307225144e-01,3.076448299783758333e-01,1.925041242421752230e-01,2.587733023166378654e-01,2.410971160712133132e-01,3.008342797548487213e-01,2.108932227229005640e-01,2.451932535898664889e-01,2.132510063819141599e-01,1.825805988973734917e-01,2.528207595421405052e-01,1.591034822981038654e-01,1.966349015691006841e-01,1.000000000000000444e+00,1.966349015691012669e-01,5.637711672060174983e-01,4.185444169492847366e-01,5.637711672060170542e-01,3.803498886846080618e-01,4.834387201662272426e-01,3.803498886846081728e-01,4.788428857174515940e-01,4.426372571319937554e-01,4.788428857174518716e-01,2.528207595421410048e-01,5.013815568372970155e-01,2.528207595421407272e-01,2.647715379041472583e-01,1.966349015691012669e-01,1.000000000000000444e+00,1.925041242421765830e-01,3.076448299783766660e-01,1.729287703307227086e-01,3.008342797548493319e-01,2.410971160712140626e-01,2.587733023166382540e-01,2.132510063819146318e-01,2.451932535898669885e-01,2.108932227229013689e-01,1.591034822981042818e-01,2.528207595421411158e-01,1.825805988973738803e-01,1.729287703307225144e-01,5.637711672060174983e-01,1.925041242421765830e-01,1.000000000000000444e+00,3.857631039878058887e-01,4.774092457936262579e-01,3.338328684753052444e-01,4.736071537319950231e-01,3.460081860445344826e-01,4.700172716221224789e-01,4.176490816290491237e-01,4.507324442416446031e-01,2.108932227229012024e-01,4.788428857174517606e-01,2.132510063819144652e-01,3.076448299783758333e-01,4.185444169492847366e-01,3.076448299783766660e-01,3.857631039878058887e-01,1.000000000000000444e+00,3.857631039878052226e-01,3.776784702229166180e-01,4.194301280286065747e-01,3.776784702229166735e-01,4.176490816290489017e-01,4.043000552610540588e-01,4.176490816290490127e-01,2.451932535898670718e-01,4.426372571319938110e-01,2.451932535898669330e-01,1.925041242421752230e-01,5.637711672060170542e-01,1.729287703307227086e-01,4.774092457936262579e-01,3.857631039878052226e-01,1.000000000000000444e+00,3.460081860445336499e-01,4.736071537319947455e-01,3.338328684753050224e-01,4.507324442416440480e-01,4.176490816290487906e-01,4.700172716221223679e-01,2.132510063819143264e-01,4.788428857174513720e-01,2.108932227229006195e-01,2.587733023166378654e-01,3.803498886846080618e-01,3.008342797548493319e-01,3.338328684753052444e-01,3.776784702229166180e-01,3.460081860445336499e-01,1.000000000000000444e+00,3.413864189668051052e-01,3.354975836782938536e-01,3.338328684753055775e-01,3.776784702229166180e-01,3.460081860445346491e-01,2.587733023166377544e-01,3.803498886846086169e-01,3.008342797548486658e-01,2.410971160712133132e-01,4.834387201662272426e-01,2.410971160712140626e-01,4.736071537319950231e-01,4.194301280286065747e-01,4.736071537319947455e-01,3.413864189668051052e-01,1.000000000000000444e+00,3.413864189668053828e-01,4.736071537319951341e-01,4.194301280286075184e-01,4.736071537319953562e-01,2.410971160712140071e-01,4.834387201662276867e-01,2.410971160712138406e-01,3.008342797548487213e-01,3.803498886846081728e-01,2.587733023166382540e-01,3.460081860445344826e-01,3.776784702229166735e-01,3.338328684753050224e-01,3.354975836782938536e-01,3.413864189668053828e-01,1.000000000000000444e+00,3.460081860445347601e-01,3.776784702229167290e-01,3.338328684753059106e-01,3.008342797548487768e-01,3.803498886846087834e-01,2.587733023166375323e-01,2.108932227229005640e-01,4.788428857174515940e-01,2.132510063819146318e-01,4.700172716221224789e-01,4.176490816290489017e-01,4.507324442416440480e-01,3.338328684753055775e-01,4.736071537319951341e-01,3.460081860445347601e-01,1.000000000000000444e+00,3.857631039878069990e-01,4.774092457936265355e-01,1.729287703307234580e-01,5.637711672060174983e-01,1.925041242421766663e-01,2.451932535898664889e-01,4.426372571319937554e-01,2.451932535898669885e-01,4.176490816290491237e-01,4.043000552610540588e-01,4.176490816290487906e-01,3.776784702229166180e-01,4.194301280286075184e-01,3.776784702229167290e-01,3.857631039878069990e-01,1.000000000000000444e+00,3.857631039878071655e-01,3.076448299783762219e-01,4.185444169492861244e-01,3.076448299783759444e-01,2.132510063819141599e-01,4.788428857174518716e-01,2.108932227229013689e-01,4.507324442416446031e-01,4.176490816290490127e-01,4.700172716221223679e-01,3.460081860445346491e-01,4.736071537319953562e-01,3.338328684753059106e-01,4.774092457936265355e-01,3.857631039878071655e-01,1.000000000000000444e+00,1.925041242421771659e-01,5.637711672060177204e-01,1.729287703307234025e-01,1.825805988973734917e-01,2.528207595421410048e-01,1.591034822981042818e-01,2.108932227229012024e-01,2.451932535898670718e-01,2.132510063819143264e-01,2.587733023166377544e-01,2.410971160712140071e-01,3.008342797548487768e-01,1.729287703307234580e-01,3.076448299783762219e-01,1.925041242421771659e-01,1.000000000000000444e+00,1.966349015691021829e-01,2.647715379041455930e-01,2.528207595421405052e-01,5.013815568372970155e-01,2.528207595421411158e-01,4.788428857174517606e-01,4.426372571319938110e-01,4.788428857174513720e-01,3.803498886846086169e-01,4.834387201662276867e-01,3.803498886846087834e-01,5.637711672060174983e-01,4.185444169492861244e-01,5.637711672060177204e-01,1.966349015691021829e-01,1.000000000000000444e+00,1.966349015691019053e-01,1.591034822981038654e-01,2.528207595421407272e-01,1.825805988973738803e-01,2.132510063819144652e-01,2.451932535898669330e-01,2.108932227229006195e-01,3.008342797548486658e-01,2.410971160712138406e-01,2.587733023166375323e-01,1.925041242421766663e-01,3.076448299783759444e-01,1.729287703307234025e-01,2.647715379041455930e-01,1.966349015691019053e-01,1.000000000000000444e+00
1.000000000000001776e+00,2.546239196994771747e-01,1.385335320615199151e-01,2.256970983743219750e-01,3.031545726302641297e-01,3.836297041338305736e-01,2.251033347770566850e-01,2.944214503553942430e-01,1.932615366036323779e-01,3.390021922042728564e-01,1.829855016794413314e-01,3.073797087750986812e-01,2.171749394349563600e-01,3.225689075882393064e-01,2.690157598569352104e-01,2.546239196994771747e-01,1.000000000000001776e+00,2.546239196994785070e-01,5.450268901162897972e-01,2.695684365807972105e-01,5.450268901162892421e-01,3.980866165481882213e-01,3.855382674565593915e-01,3.980866165481881103e-01,4.624220905481511434e-01,3.272775570599745776e-01,4.624220905481511990e-01,3.225689075882397505e-01,4.966400961681030624e-01,3.225689075882396395e-01,1.385335320615199151e-01,2.546239196994785070e-01,1.000000000000001776e+00,3.836297041338311287e-01,3.031545726302652399e-01,2.256970983743228076e-01,1.932615366036331273e-01,2.944214503553952422e-01,2.251033347770577397e-01,3.073797087750997914e-01,1.829855016794417755e-01,3.390021922042740221e-01,2.690157598569361541e-01,3.225689075882403611e-01,2.171749394349567763e-01,2.256970983743219750e-01,5.450268901162897972e-01,3.836297041338311287e-01,1.000000000000001776e+00,2.484449120835605651e-01,4.328790073674502192e-01,3.286315252271179155e-01,4.489580956823718272e-01,3.481649843153126200e-01,4.839660594857375653e-01,3.029140052808670380e-01,4.559337837685756289e-01,3.390021922042735780e-01,4.624220905481515320e-01,3.073797087750993473e-01,3.031545726302641297e-01,2.695684365807972105e-01,3.031545726302652399e-01,2.484449120835605651e-01,1.000000000000001776e+00,2.484449120835599545e-01,2.977733606300854707e-01,1.812672968722558731e-01,2.977733606300853597e-01,3.029140052808677597e-01,2.041535572703929158e-01,3.029140052808677597e-01,1.829855016794422751e-01,3.272775570599752992e-01,1.829855016794421085e-01,3.836297041338305736e-01,5.450268901162892421e-01,2.256970983743228076e-01,4.328790073674502192e-01,2.484449120835599545e-01,1.000000000000001776e+00,3.481649843153121759e-01,4.489580956823717717e-01,3.286315252271175824e-01,4.559337837685751849e-01,3.029140052808668715e-01,4.839660594857373432e-01,3.073797087750991808e-01,4.624220905481510879e-01,3.390021922042733005e-01,2.251033347770566850e-01,3.980866165481882213e-01,1.932615366036331273e-01,3.286315252271179155e-01,2.977733606300854707e-01,3.481649843153121759e-01,1.000000000000001776e+00,2.739903687024268231e-01,3.250826073899679702e-01,3.286315252271176934e-01,2.977733606300845826e-01,3.481649843153123425e-01,2.251033347770573234e-01,3.980866165481879437e-01,1.932615366036325999e-01,2.944214503553942430e-01,3.855382674565593915e-01,2.944214503553952422e-01,4.489580956823718272e-01,1.812672968722558731e-01,4.489580956823717717e-01,2.739903687024268231e-01,1.000000000000001776e+00,2.739903687024269341e-01,4.489580956823716607e-01,1.812672968722552347e-01,4.489580956823717717e-01,2.944214503553946871e-01,3.855382674565593915e-01,2.944214503553944096e-01,1.932615366036323779e-01,3.980866165481881103e-01,2.251033347770577397e-01,3.481649843153126200e-01,2.977733606300853597e-01,3.286315252271175824e-01,3.250826073899679702e-01,2.739903687024269341e-01,1.000000000000001776e+00,3.481649843153123980e-01,2.977733606300845826e-01,3.286315252271176934e-01,1.932615366036327109e-01,3.980866165481879992e-01,2.251033347770570736e-01,3.390021922042728564e-01,4.624220905481511434e-01,3.073797087750997914e-01,4.839660594857375653e-01,3.029140052808677597e-01,4.559337837685751849e-01,3.286315252271176934e-01,4.489580956823716607e-01,3.481649843153123980e-01,1.000000000000001776e+00,2.484449120835598435e-01,4.328790073674496641e-01,2.256970983743222525e-01,5.450268901162889090e-01,3.836297041338304625e-01,1.829855016794413314e-01,3.272775570599745776e-01,1.829855016794417755e-01,3.029140052808670380e-01,2.041535572703929158e-01,3.029140052808668715e-01,2.977733606300845826e-01,1.812672968722552347e-01,2.977733606300845826e-01,2.484449120835598435e-01,1.000000000000001776e+00,2.484449120835597047e-01,3.031545726302640187e-01,2.695684365807963223e-01,3.031545726302640187e-01,3.073797087750986812e-01,4.624220905481511990e-01,3.390021922042740221e-01,4.559337837685756289e-01,3.029140052808677597e-01,4.839660594857373432e-01,3.481649843153123425e-01,4.489580956823717717e-01,3.286315252271176934e-01,4.328790073674496641e-01,2.484449120835597047e-01,1.000000000000001776e+00,3.836297041338306846e-01,5.450268901162891311e-01,2.256970983743220582e-01,2.171749394349563600e-01,3.225689075882397505e-01,2.690157598569361541e-01,3.390021922042735780e-01,1.829855016794422751e-01,3.073797087750991808e-01,2.251033347770573234e-01,2.944214503553946871e-01,1.932615366036327109e-01,2.256970983743222525e-01,3.031545726302640187e-01,3.836297041338306846e-01,1.000000000000001776e+00,2.546239196994781739e-01,1.385335320615196653e-01,3.225689075882393064e-01,4.966400961681030624e-01,3.225689075882403611e-01,4.624220905481515320e-01,3.272775570599752992e-01,4.624220905481510879e-01,3.980866165481879437e-01,3.855382674565593915e-01,3.980866165481879992e-01,5.450268901162889090e-01,2.695684365807963223e-01,5.450268901162891311e-01,2.546239196994781739e-01,1.000000000000001776e+00,2.546239196994778409e-01,2.690157598569352104e-01,3.225689075882396395e-01,2.171749394349567763e-01,3.073797087750993473e-01,1.829855016794421085e-01,3.390021922042733005e-01,1.932615366036325999e-01,2.944214503553944096e-01,2.251033347770570736e-01,3.836297041338304625e-01,3.031545726302640187e-01,2.256970983743220582e-01,1.385335320615196653e-01,2.546239196994778409e-01,1.000000000000001776e+00
1.000000000000001332e+00,-2.174338497279644511e-02,2.878812049018371066e-01,2.963055797726452112e-02,3.505450716236496178e-01,1.066036997493940847e-01,3.092071706522665497e-01,1.339900346130726283e-01,1.659103845245998299e-01,1.638040353545021088e-01,1.238425485600992138e-01,2.204186830989416923e-01,1.287801070573960649e-01,1.857863822603319226e-01,1.306910285174323616e-01,-2.174338497279644511e-02,1.000000000000001332e+00,-2.174338497279658389e-02,3.674544209117792670e-01,-1.663786899579459688e-01,3.674544209117783788e-01,1.281317687968007157e-01,3.058041727029378043e-01,1.281317687968007712e-01,2.264465431020576125e-01,1.638802448008085388e-01,2.264465431020577790e-01,1.857863822603323112e-01,1.771796950508516821e-01,1.857863822603323944e-01,2.878812049018371066e-01,-2.174338497279658389e-02,1.000000000000001332e+00,1.066036997493934740e-01,3.505450716236507835e-01,2.963055797726485072e-02,1.659103845246010511e-01,1.339900346130724895e-01,3.092071706522670493e-01,2.204186830989421364e-01,1.238425485600994774e-01,1.638040353545020533e-01,1.306910285174326392e-01,1.857863822603323112e-01,1.287801070573961759e-01,2.963055797726452112e-02,3.674544209117792670e-01,1.066036997493934740e-01,1.000000000000001332e+00,-1.062976933061598184e-01,3.113039390322346889e-01,4.173245289754987097e-02,3.714499306104209753e-01,1.709801674427123830e-01,3.117420582735300760e-01,1.213602054476885378e-01,2.755416339722021046e-01,1.638040353545017203e-01,2.264465431020580288e-01,2.204186830989418588e-01,3.505450716236496178e-01,-1.663786899579459688e-01,3.505450716236507835e-01,-1.062976933061598184e-01,1.000000000000001332e+00,-1.062976933061598322e-01,3.241674482627563414e-01,-9.335066946704811963e-02,3.241674482627558973e-01,1.213602054476888709e-01,2.087438324400643086e-01,1.213602054476886627e-01,1.238425485600999354e-01,1.638802448008087609e-01,1.238425485600996440e-01,1.066036997493940847e-01,3.674544209117783788e-01,2.963055797726485072e-02,3.113039390322346889e-01,-1.062976933061598322e-01,1.000000000000001332e+00,1.709801674427122165e-01,3.714499306104213083e-01,4.173245289755019710e-02,2.755416339722023267e-01,1.213602054476883574e-01,3.117420582735302426e-01,2.204186830989419144e-01,2.264465431020579733e-01,1.638040353545019423e-01,3.092071706522665497e-01,1.281317687968007157e-01,1.659103845246010511e-01,4.173245289754987097e-02,3.241674482627563414e-01,1.709801674427122165e-01,1.000000000000001332e+00,2.910371427949803858e-02,3.015498169626377178e-01,4.173245289755070364e-02,3.241674482627558973e-01,1.709801674427126050e-01,3.092071706522672714e-01,1.281317687968011043e-01,1.659103845246011621e-01,1.339900346130726283e-01,3.058041727029378043e-01,1.339900346130724895e-01,3.714499306104209753e-01,-9.335066946704811963e-02,3.714499306104213083e-01,2.910371427949803858e-02,1.000000000000001332e+00,2.910371427949795531e-02,3.714499306104214194e-01,-9.335066946704839719e-02,3.714499306104214749e-01,1.339900346130731834e-01,3.058041727029383039e-01,1.339900346130730724e-01,1.659103845245998299e-01,1.281317687968007712e-01,3.092071706522670493e-01,1.709801674427123830e-01,3.241674482627558973e-01,4.173245289755019710e-02,3.015498169626377178e-01,2.910371427949795531e-02,1.000000000000001332e+00,1.709801674427127993e-01,3.241674482627556197e-01,4.173245289755021098e-02,1.659103845246011066e-01,1.281317687968010488e-01,3.092071706522669938e-01,1.638040353545021088e-01,2.264465431020576125e-01,2.204186830989421364e-01,3.117420582735300760e-01,1.213602054476888709e-01,2.755416339722023267e-01,4.173245289755070364e-02,3.714499306104214194e-01,1.709801674427127993e-01,1.000000000000001332e+00,-1.062976933061595269e-01,3.113039390322349109e-01,2.963055797726569032e-02,3.674544209117790450e-01,1.066036997493946398e-01,1.238425485600992138e-01,1.638802448008085388e-01,1.238425485600994774e-01,1.213602054476885378e-01,2.087438324400643086e-01,1.213602054476883574e-01,3.241674482627558973e-01,-9.335066946704839719e-02,3.241674482627556197e-01,-1.062976933061595269e-01,1.000000000000001332e+00,-1.062976933061596935e-01,3.505450716236495623e-01,-1.663786899579462464e-01,3.505450716236497288e-01,2.204186830989416923e-01,2.264465431020577790e-01,1.638040353545020533e-01,2.755416339722021046e-01,1.213602054476886627e-01,3.117420582735302426e-01,1.709801674427126050e-01,3.714499306104214749e-01,4.173245289755021098e-02,3.113039390322349109e-01,-1.062976933061596935e-01,1.000000000000001332e+00,1.066036997493945426e-01,3.674544209117789340e-01,2.963055797726531562e-02,1.287801070573960649e-01,1.857863822603323112e-01,1.306910285174326392e-01,1.638040353545017203e-01,1.238425485600999354e-01,2.204186830989419144e-01,3.092071706522672714e-01,1.339900346130731834e-01,1.659103845246011066e-01,2.963055797726569032e-02,3.505450716236495623e-01,1.066036997493945426e-01,1.000000000000001332e+00,-2.174338497279529672e-02,2.878812049018379948e-01,1.857863822603319226e-01,1.771796950508516821e-01,1.857863822603323112e-01,2.264465431020580288e-01,1.638802448008087609e-01,2.264465431020579733e-01,1.281317687968011043e-01,3.058041727029383039e-01,1.281317687968010488e-01,3.674544209117790450e-01,-1.663786899579462464e-01,3.674544209117789340e-01,-2.174338497279529672e-02,1.000000000000001332e+00,-2.174338497279558469e-02,1.306910285174323616e-01,1.857863822603323944e-01,1.287801070573961759e-01,2.204186830989418588e-01,1.238425485600996440e-01,1.638040353545019423e-01,1.659103845246011621e-01,1.339900346130730724e-01,3.092071706522669938e-01,1.066036997493946398e-01,3.505450716236497288e-01,2.963055797726531562e-02,2.878812049018379948e-01,-2.174338497279558469e-02,1.000000000000001332e+00
