1.000000000000000000e+00,1.000000000000000000e+00,1.000000000000000000e+00,1.000000000000000000e+00,1.000000000000000000e+00,1.000000000000000000e+00,1.000000000000000000e+00,1.000000000000000000e+00,1.000000000000000000e+00,1.000000000000000000e+00,1.000000000000000000e+00,1.000000000000000000e+00,1.000000000000000000e+00,1.000000000000000000e+00,1.000000000000000000e+00,1.000000000000000000e+00,1.000000000000000000e+00,1.000000000000000000e+00,1.000000000000000000e+00,1.000000000000000000e+00,1.000000000000000000e+00,1.000000000000000000e+00,1.000000000000000000e+00,1.000000000000000000e+00,1.000000000000000000e+00,1.000000000000000000e+00,1.000000000000000000e+00,1.000000000000000000e+00,1.000000000000000000e+00,1.000000000000000000e+00,1.000000000000000000e+00,1.000000000000000000e+00,1.000000000000000000e+00,1.000000000000000000e+00,1.000000000000000000e+00,1.000000000000000000e+00,1.000000000000000000e+00,1.000000000000000000e+00,1.000000000000000000e+00,1.000000000000000000e+00,1.000000000000000000e+00,1.000000000000000000e+00,1.000000000000000000e+00,1.000000000000000000e+00,1.000000000000000000e+00,1.000000000000000000e+00,1.000000000000000000e+00,1.000000000000000000e+00,1.000000000000000000e+00,1.000000000000000000e+00,1.000000000000000000e+00,1.000000000000000000e+00,1.000000000000000000e+00,1.000000000000000000e+00,1.000000000000000000e+00,1.000000000000000000e+00,1.000000000000000000e+00,1.000000000000000000e+00,1.000000000000000000e+00,1.000000000000000000e+00,1.000000000000000000e+00,1.000000000000000000e+00,1.000000000000000000e+00,1.000000000000000000e+00,1.000000000000000000e+00,1.000000000000000000e+00,1.000000000000000000e+00,1.000000000000000000e+00,1.000000000000000000e+00,1.000000000000000000e+00,1.000000000000000000e+00,1.000000000000000000e+00,1.000000000000000000e+00,1.000000000000000000e+00,1.000000000000000000e+00,1.000000000000000000e+00,1.000000000000000000e+00,1.000000000000000000e+00,1.000000000000000000e+00,1.000000000000000000e+00,1.000000000000000000e+00
1.000000000000003997e+00,8.196918986279705388e-01,8.257886767261255478e-01,8.196918986279705388e-01,8.276553828717010397e-01,8.273958254419420122e-01,8.257886767261256589e-01,8.273958254419417901e-01,8.258052702723619465e-01,8.196918986279705388e-01,1.000000000000003997e+00,8.196918986279705388e-01,8.274108516450635609e-01,8.234730909818908096e-01,8.274108516450637829e-01,8.273958254419417901e-01,8.290073201917206314e-01,8.273958254419417901e-01,8.257886767261255478e-01,8.196918986279705388e-01,1.000000000000003997e+00,8.273958254419415681e-01,8.276553828717010397e-01,8.196918986279704278e-01,8.258052702723620575e-01,8.273958254419416791e-01,8.257886767261254368e-01,8.196918986279705388e-01,8.274108516450635609e-01,8.273958254419415681e-01,1.000000000000003997e+00,8.234730909818908096e-01,8.290073201917207424e-01,8.196918986279705388e-01,8.274108516450635609e-01,8.273958254419417901e-01,8.276553828717010397e-01,8.234730909818908096e-01,8.276553828717010397e-01,8.234730909818908096e-01,1.000000000000003997e+00,8.234730909818910316e-01,8.276553828717010397e-01,8.234730909818906985e-01,8.276553828717010397e-01,8.273958254419420122e-01,8.274108516450637829e-01,8.196918986279704278e-01,8.290073201917207424e-01,8.234730909818910316e-01,1.000000000000003997e+00,8.273958254419420122e-01,8.274108516450636719e-01,8.196918986279705388e-01,8.257886767261256589e-01,8.273958254419417901e-01,8.258052702723620575e-01,8.196918986279705388e-01,8.276553828717010397e-01,8.273958254419420122e-01,1.000000000000003997e+00,8.196918986279703168e-01,8.257886767261255478e-01,8.273958254419417901e-01,8.290073201917206314e-01,8.273958254419416791e-01,8.274108516450635609e-01,8.234730909818906985e-01,8.274108516450636719e-01,8.196918986279703168e-01,1.000000000000003997e+00,8.196918986279703168e-01,8.258052702723619465e-01,8.273958254419417901e-01,8.257886767261254368e-01,8.273958254419417901e-01,8.276553828717010397e-01,8.196918986279705388e-01,8.257886767261255478e-01,8.196918986279703168e-01,1.000000000000003997e+00
1.000000000000006217e+00,6.017363946794065388e-01,6.248317337133693083e-01,6.017363946794059837e-01,6.394458677378564992e-01,6.428492953497814133e-01,6.248317337133696414e-01,6.428492953497809692e-01,6.247777529764177995e-01,6.017363946794065388e-01,1.000000000000006217e+00,6.017363946794053176e-01,6.357296608260514237e-01,6.487168884643939037e-01,6.357296608260519788e-01,6.428492953497807472e-01,6.600403166682641265e-01,6.428492953497801921e-01,6.248317337133693083e-01,6.017363946794053176e-01,1.000000000000006217e+00,6.428492953497800810e-01,6.394458677378553890e-01,6.017363946794054286e-01,6.247777529764173554e-01,6.428492953497800810e-01,6.248317337133681981e-01,6.017363946794059837e-01,6.357296608260514237e-01,6.428492953497800810e-01,1.000000000000006217e+00,6.487168884643934597e-01,6.600403166682643485e-01,6.017363946794049845e-01,6.357296608260508686e-01,6.428492953497797480e-01,6.394458677378564992e-01,6.487168884643939037e-01,6.394458677378553890e-01,6.487168884643934597e-01,1.000000000000006217e+00,6.487168884643939037e-01,6.394458677378556111e-01,6.487168884643934597e-01,6.394458677378550560e-01,6.428492953497814133e-01,6.357296608260519788e-01,6.017363946794054286e-01,6.600403166682643485e-01,6.487168884643939037e-01,1.000000000000006217e+00,6.428492953497807472e-01,6.357296608260514237e-01,6.017363946794050955e-01,6.248317337133696414e-01,6.428492953497807472e-01,6.247777529764173554e-01,6.017363946794049845e-01,6.394458677378556111e-01,6.428492953497807472e-01,1.000000000000006217e+00,6.017363946794052065e-01,6.248317337133684202e-01,6.428492953497809692e-01,6.600403166682641265e-01,6.428492953497800810e-01,6.357296608260508686e-01,6.487168884643934597e-01,6.357296608260514237e-01,6.017363946794052065e-01,1.000000000000006217e+00,6.017363946794045404e-01,6.247777529764177995e-01,6.428492953497801921e-01,6.248317337133681981e-01,6.428492953497797480e-01,6.394458677378550560e-01,6.017363946794050955e-01,6.248317337133684202e-01,6.017363946794045404e-01,1.000000000000006217e+00
1.000000000000010658e+00,6.968212462943949026e-01,6.816554921316152482e-01,6.968212462943935703e-01,7.473379474359496122e-01,7.240504281679903675e-01,6.816554921316155813e-01,7.240504281679897014e-01,6.810178010476817256e-01,6.968212462943949026e-01,1.000000000000010658e+00,6.968212462943916830e-01,7.485696437744194798e-01,7.927108750243403446e-01,7.485696437744202569e-01,7.240504281679882581e-01,7.651008587664410721e-01,7.240504281679872589e-01,6.816554921316152482e-01,6.968212462943916830e-01,1.000000000000010658e+00,7.240504281679869258e-01,7.473379474359463925e-01,6.968212462943912389e-01,6.810178010476799493e-01,7.240504281679869258e-01,6.816554921316119176e-01,6.968212462943935703e-01,7.485696437744194798e-01,7.240504281679869258e-01,1.000000000000010658e+00,7.927108750243393454e-01,7.651008587664408500e-01,6.968212462943905727e-01,7.485696437744182585e-01,7.240504281679862597e-01,7.473379474359496122e-01,7.927108750243403446e-01,7.473379474359463925e-01,7.927108750243393454e-01,1.000000000000010658e+00,7.927108750243396784e-01,7.473379474359463925e-01,7.927108750243390123e-01,7.473379474359453933e-01,7.240504281679903675e-01,7.485696437744202569e-01,6.968212462943912389e-01,7.651008587664408500e-01,7.927108750243396784e-01,1.000000000000010658e+00,7.240504281679877030e-01,7.485696437744190357e-01,6.968212462943902397e-01,6.816554921316155813e-01,7.240504281679882581e-01,6.810178010476799493e-01,6.968212462943905727e-01,7.473379474359463925e-01,7.240504281679877030e-01,1.000000000000010658e+00,6.968212462943905727e-01,6.816554921316120286e-01,7.240504281679897014e-01,7.651008587664410721e-01,7.240504281679869258e-01,7.485696437744182585e-01,7.927108750243390123e-01,7.485696437744190357e-01,6.968212462943905727e-01,1.000000000000010658e+00,6.968212462943894625e-01,6.810178010476817256e-01,7.240504281679872589e-01,6.816554921316119176e-01,7.240504281679862597e-01,7.473379474359453933e-01,6.968212462943902397e-01,6.816554921316120286e-01,6.968212462943894625e-01,1.000000000000010658e+00
1.000000000000011768e+00,9.175469631156172312e-01,8.815152539982317181e-01,9.175469631156162320e-01,9.359977039973192969e-01,9.191915345197770870e-01,8.815152539982318292e-01,9.191915345197765319e-01,8.813119179760482425e-01,9.175469631156172312e-01,1.000000000000011768e+00,9.175469631156139005e-01,9.610219812750060431e-01,9.718391895719699081e-01,9.610219812750064872e-01,9.191915345197745335e-01,9.574605129004826187e-01,9.191915345197734233e-01,8.815152539982317181e-01,9.175469631156139005e-01,1.000000000000011768e+00,9.191915345197735343e-01,9.359977039973161883e-01,9.175469631156134565e-01,8.813119179760461330e-01,9.191915345197733123e-01,8.815152539982276103e-01,9.175469631156162320e-01,9.610219812750060431e-01,9.191915345197735343e-01,1.000000000000011768e+00,9.718391895719689089e-01,9.574605129004822857e-01,9.175469631156130124e-01,9.610219812750049329e-01,9.191915345197725351e-01,9.359977039973192969e-01,9.718391895719699081e-01,9.359977039973161883e-01,9.718391895719689089e-01,1.000000000000011768e+00,9.718391895719693530e-01,9.359977039973162993e-01,9.718391895719687978e-01,9.359977039973151891e-01,9.191915345197770870e-01,9.610219812750064872e-01,9.175469631156134565e-01,9.574605129004822857e-01,9.718391895719693530e-01,1.000000000000011768e+00,9.191915345197739784e-01,9.610219812750053769e-01,9.175469631156124573e-01,8.815152539982318292e-01,9.191915345197745335e-01,8.813119179760461330e-01,9.175469631156130124e-01,9.359977039973162993e-01,9.191915345197739784e-01,1.000000000000011768e+00,9.175469631156130124e-01,8.815152539982278324e-01,9.191915345197765319e-01,9.574605129004826187e-01,9.191915345197733123e-01,9.610219812750049329e-01,9.718391895719687978e-01,9.610219812750053769e-01,9.175469631156130124e-01,1.000000000000011768e+00,9.175469631156119021e-01,8.813119179760482425e-01,9.191915345197734233e-01,8.815152539982276103e-01,9.191915345197725351e-01,9.359977039973151891e-01,9.175469631156124573e-01,8.815152539982278324e-01,9.175469631156119021e-01,1.000000000000011768e+00
1.000000000000016875e+00,9.345771120817393252e-01,9.497491426898332367e-01,9.345771120817402133e-01,8.788637815195405878e-01,9.372053819050321088e-01,9.497491426898333478e-01,9.372053819050327750e-01,9.496611367084750732e-01,9.345771120817393252e-01,1.000000000000016875e+00,9.345771120817393252e-01,9.271765490909353868e-01,8.583455404380910814e-01,9.271765490909351648e-01,9.372053819050315537e-01,9.238982622075929685e-01,9.372053819050314427e-01,9.497491426898332367e-01,9.345771120817393252e-01,1.000000000000016875e+00,9.372053819050325529e-01,8.788637815195402547e-01,9.345771120817397692e-01,9.496611367084750732e-01,9.372053819050327750e-01,9.497491426898331257e-01,9.345771120817402133e-01,9.271765490909353868e-01,9.372053819050325529e-01,1.000000000000016875e+00,8.583455404380920806e-01,9.238982622075934126e-01,9.345771120817399913e-01,9.271765490909364971e-01,9.372053819050322199e-01,8.788637815195405878e-01,8.583455404380910814e-01,8.788637815195402547e-01,8.583455404380920806e-01,1.000000000000016875e+00,8.583455404380917475e-01,8.788637815195402547e-01,8.583455404380923026e-01,8.788637815195400327e-01,9.372053819050321088e-01,9.271765490909351648e-01,9.345771120817397692e-01,9.238982622075934126e-01,8.583455404380917475e-01,1.000000000000016875e+00,9.372053819050321088e-01,9.271765490909363860e-01,9.345771120817396582e-01,9.497491426898333478e-01,9.372053819050315537e-01,9.496611367084750732e-01,9.345771120817399913e-01,8.788637815195402547e-01,9.372053819050321088e-01,1.000000000000016875e+00,9.345771120817404354e-01,9.497491426898330147e-01,9.372053819050327750e-01,9.238982622075929685e-01,9.372053819050327750e-01,9.271765490909364971e-01,8.583455404380923026e-01,9.271765490909363860e-01,9.345771120817404354e-01,1.000000000000016875e+00,9.345771120817403244e-01,9.496611367084750732e-01,9.372053819050314427e-01,9.497491426898331257e-01,9.372053819050322199e-01,8.788637815195400327e-01,9.345771120817396582e-01,9.497491426898330147e-01,9.345771120817403244e-01,1.000000000000016875e+00
1.000000000000014877e+00,7.256508012032373278e-01,8.007444768735397789e-01,7.256508012032409916e-01,6.322809032648462058e-01,7.422323418357039682e-01,8.007444768735396678e-01,7.422323418357053004e-01,8.000394820647270810e-01,7.256508012032373278e-01,1.000000000000014877e+00,7.256508012032407695e-01,6.787578086658927479e-01,5.471536075114760145e-01,6.787578086658915266e-01,7.422323418357043012e-01,6.839872724741621335e-01,7.422323418357053004e-01,8.007444768735397789e-01,7.256508012032407695e-01,1.000000000000014877e+00,7.422323418357077429e-01,6.322809032648493144e-01,7.256508012032429900e-01,8.000394820647293015e-01,7.422323418357081870e-01,8.007444768735434426e-01,7.256508012032409916e-01,6.787578086658927479e-01,7.422323418357077429e-01,1.000000000000014877e+00,5.471536075114795672e-01,6.839872724741637988e-01,7.256508012032438781e-01,6.787578086658964116e-01,7.422323418357086311e-01,6.322809032648462058e-01,5.471536075114760145e-01,6.322809032648493144e-01,5.471536075114795672e-01,1.000000000000014877e+00,5.471536075114783459e-01,6.322809032648492034e-01,5.471536075114799003e-01,6.322809032648500915e-01,7.422323418357039682e-01,6.787578086658915266e-01,7.256508012032429900e-01,6.839872724741637988e-01,5.471536075114783459e-01,1.000000000000014877e+00,7.422323418357065217e-01,6.787578086658950793e-01,7.256508012032436561e-01,8.007444768735396678e-01,7.422323418357043012e-01,8.000394820647293015e-01,7.256508012032438781e-01,6.322809032648492034e-01,7.422323418357065217e-01,1.000000000000014877e+00,7.256508012032442112e-01,8.007444768735433316e-01,7.422323418357053004e-01,6.839872724741621335e-01,7.422323418357081870e-01,6.787578086658964116e-01,5.471536075114799003e-01,6.787578086658950793e-01,7.256508012032442112e-01,1.000000000000014877e+00,7.256508012032450994e-01,8.000394820647270810e-01,7.422323418357053004e-01,8.007444768735434426e-01,7.422323418357086311e-01,6.322809032648500915e-01,7.256508012032436561e-01,8.007444768735433316e-01,7.256508012032450994e-01,1.000000000000014877e+00
1.000000000000016431e+00,5.326444196226205463e-01,6.333835955630554571e-01,5.326444196226254313e-01,4.840500070487238071e-01,5.916229383877212866e-01,6.333835955630540138e-01,5.916229383877222858e-01,6.311774338958672237e-01,5.326444196226205463e-01,1.000000000000016431e+00,5.326444196226249872e-01,4.944074987824866874e-01,4.140978123885182827e-01,4.944074987824844114e-01,5.916229383877216197e-01,5.588526502808601748e-01,5.916229383877227299e-01,6.333835955630554571e-01,5.326444196226249872e-01,1.000000000000016431e+00,5.916229383877261716e-01,4.840500070487281370e-01,5.326444196226276517e-01,6.311774338958698882e-01,5.916229383877252834e-01,6.333835955630584547e-01,5.326444196226254313e-01,4.944074987824866874e-01,5.916229383877261716e-01,1.000000000000016431e+00,4.140978123885231676e-01,5.588526502808621732e-01,5.326444196226288730e-01,4.944074987824901846e-01,5.916229383877263936e-01,4.840500070487238071e-01,4.140978123885182827e-01,4.840500070487281370e-01,4.140978123885231676e-01,1.000000000000016431e+00,4.140978123885208917e-01,4.840500070487270268e-01,4.140978123885221684e-01,4.840500070487284145e-01,5.916229383877212866e-01,4.944074987824844114e-01,5.326444196226276517e-01,5.588526502808621732e-01,4.140978123885208917e-01,1.000000000000016431e+00,5.916229383877236181e-01,4.944074987824880751e-01,5.326444196226278738e-01,6.333835955630540138e-01,5.916229383877216197e-01,6.311774338958698882e-01,5.326444196226288730e-01,4.840500070487270268e-01,5.916229383877236181e-01,1.000000000000016431e+00,5.326444196226278738e-01,6.333835955630576775e-01,5.916229383877222858e-01,5.588526502808601748e-01,5.916229383877252834e-01,4.944074987824901846e-01,4.140978123885221684e-01,4.944074987824880751e-01,5.326444196226278738e-01,1.000000000000016431e+00,5.326444196226292060e-01,6.311774338958672237e-01,5.916229383877227299e-01,6.333835955630584547e-01,5.916229383877263936e-01,4.840500070487284145e-01,5.326444196226278738e-01,6.333835955630576775e-01,5.326444196226292060e-01,1.000000000000016431e+00
1.000000000000016653e+00,5.092358139780311932e-01,5.723521762634073973e-01,5.092358139780353010e-01,5.660235484483031598e-01,5.930237375397142685e-01,5.723521762634048438e-01,5.930237375397147126e-01,5.596550383133181983e-01,5.092358139780311932e-01,1.000000000000016653e+00,5.092358139780330806e-01,5.562691351068215218e-01,5.758447376253656991e-01,5.562691351068183021e-01,5.930237375397136024e-01,6.302248311637363987e-01,5.930237375397138244e-01,5.723521762634073973e-01,5.092358139780330806e-01,1.000000000000016653e+00,5.930237375397179322e-01,5.660235484483047141e-01,5.092358139780337467e-01,5.596550383133191975e-01,5.930237375397157118e-01,5.723521762634065091e-01,5.092358139780353010e-01,5.562691351068215218e-01,5.930237375397179322e-01,1.000000000000016653e+00,5.758447376253696959e-01,6.302248311637387301e-01,5.092358139780347459e-01,5.562691351068222989e-01,5.930237375397164890e-01,5.660235484483031598e-01,5.758447376253656991e-01,5.660235484483047141e-01,5.758447376253696959e-01,1.000000000000016653e+00,5.758447376253662542e-01,5.660235484483022717e-01,5.758447376253664762e-01,5.660235484483028268e-01,5.930237375397142685e-01,5.562691351068183021e-01,5.092358139780337467e-01,6.302248311637387301e-01,5.758447376253662542e-01,1.000000000000016653e+00,5.930237375397138244e-01,5.562691351068191903e-01,5.092358139780319704e-01,5.723521762634048438e-01,5.930237375397136024e-01,5.596550383133191975e-01,5.092358139780347459e-01,5.660235484483022717e-01,5.930237375397138244e-01,1.000000000000016653e+00,5.092358139780316373e-01,5.723521762634048438e-01,5.930237375397147126e-01,6.302248311637363987e-01,5.930237375397157118e-01,5.562691351068222989e-01,5.758447376253664762e-01,5.562691351068191903e-01,5.092358139780316373e-01,1.000000000000016653e+00,5.092358139780321924e-01,5.596550383133181983e-01,5.930237375397138244e-01,5.723521762634065091e-01,5.930237375397164890e-01,5.660235484483028268e-01,5.092358139780319704e-01,5.723521762634048438e-01,5.092358139780321924e-01,1.000000000000016653e+00
1.000000000000014211e+00,6.048863217553176463e-01,5.588512783282139074e-01,6.048863217553192007e-01,6.973560930409117287e-01,6.499948249078095763e-01,5.588512783282106877e-01,6.499948249078090212e-01,5.366047091561094717e-01,6.048863217553176463e-01,1.000000000000014211e+00,6.048863217553145377e-01,7.445430984212113579e-01,8.251940774935362377e-01,7.445430984212079162e-01,6.499948249078055795e-01,7.721672487376050054e-01,6.499948249078051354e-01,5.588512783282139074e-01,6.048863217553145377e-01,1.000000000000014211e+00,6.499948249078092433e-01,6.973560930409082870e-01,6.048863217553125393e-01,5.366047091561076954e-01,6.499948249078064677e-01,5.588512783282082452e-01,6.048863217553192007e-01,7.445430984212113579e-01,6.499948249078092433e-01,1.000000000000014211e+00,8.251940774935377920e-01,7.721672487376067817e-01,6.048863217553128724e-01,7.445430984212085823e-01,6.499948249078058016e-01,6.973560930409117287e-01,8.251940774935362377e-01,6.973560930409082870e-01,8.251940774935377920e-01,1.000000000000014211e+00,8.251940774935342393e-01,6.973560930409049563e-01,8.251940774935334622e-01,6.973560930409041791e-01,6.499948249078095763e-01,7.445430984212079162e-01,6.048863217553125393e-01,7.721672487376067817e-01,8.251940774935342393e-01,1.000000000000014211e+00,6.499948249078041362e-01,7.445430984212049186e-01,6.048863217553082094e-01,5.588512783282106877e-01,6.499948249078055795e-01,5.366047091561076954e-01,6.048863217553128724e-01,6.973560930409049563e-01,6.499948249078041362e-01,1.000000000000014211e+00,6.048863217553083205e-01,5.588512783282061358e-01,6.499948249078090212e-01,7.721672487376050054e-01,6.499948249078064677e-01,7.445430984212085823e-01,8.251940774935334622e-01,7.445430984212049186e-01,6.048863217553083205e-01,1.000000000000014211e+00,6.048863217553075433e-01,5.366047091561094717e-01,6.499948249078051354e-01,5.588512783282082452e-01,6.499948249078058016e-01,6.973560930409041791e-01,6.048863217553082094e-01,5.588512783282061358e-01,6.048863217553075433e-01,1.000000000000014211e+00
1.000000000000014655e+00,6.514186811659684606e-01,5.088415603314041524e-01,6.514186811659683496e-01,6.610950159501810530e-01,6.596979511001210827e-01,5.088415603314014879e-01,6.596979511001200835e-01,5.028603564214365607e-01,6.514186811659684606e-01,1.000000000000014655e+00,6.514186811659603560e-01,8.626911593971117176e-01,8.603300655791056295e-01,8.626911593971093861e-01,6.596979511001122010e-01,8.627532030112672334e-01,6.596979511001102026e-01,5.088415603314041524e-01,6.514186811659603560e-01,1.000000000000014655e+00,6.596979511001155316e-01,6.610950159501732815e-01,6.514186811659579135e-01,5.028603564214324528e-01,6.596979511001127561e-01,5.088415603313947155e-01,6.514186811659683496e-01,8.626911593971117176e-01,6.596979511001155316e-01,1.000000000000014655e+00,8.603300655791052964e-01,8.627532030112681216e-01,6.514186811659564702e-01,8.626911593971078318e-01,6.596979511001098695e-01,6.610950159501810530e-01,8.603300655791056295e-01,6.610950159501732815e-01,8.603300655791052964e-01,1.000000000000014655e+00,8.603300655791029650e-01,6.610950159501696177e-01,8.603300655791018547e-01,6.610950159501672863e-01,6.596979511001210827e-01,8.626911593971093861e-01,6.514186811659579135e-01,8.627532030112681216e-01,8.603300655791029650e-01,1.000000000000014655e+00,6.596979511001100915e-01,8.626911593971056114e-01,6.514186811659519183e-01,5.088415603314014879e-01,6.596979511001122010e-01,5.028603564214324528e-01,6.514186811659564702e-01,6.610950159501696177e-01,6.596979511001100915e-01,1.000000000000014655e+00,6.514186811659528065e-01,5.088415603313922730e-01,6.596979511001200835e-01,8.627532030112672334e-01,6.596979511001127561e-01,8.626911593971078318e-01,8.603300655791018547e-01,8.626911593971056114e-01,6.514186811659528065e-01,1.000000000000014655e+00,6.514186811659505860e-01,5.028603564214365607e-01,6.596979511001102026e-01,5.088415603313947155e-01,6.596979511001098695e-01,6.610950159501672863e-01,6.514186811659519183e-01,5.088415603313922730e-01,6.514186811659505860e-01,1.000000000000014655e+00
1.000000000000013767e+00,5.623069082941660746e-01,4.166393362584506765e-01,5.623069082941658525e-01,4.224418421591579209e-01,5.977836476319948744e-01,4.166393362584496773e-01,5.977836476319944303e-01,4.445241522602368378e-01,5.623069082941660746e-01,1.000000000000013767e+00,5.623069082941554164e-01,8.217546716994735823e-01,6.373993576135533745e-01,8.217546716994735823e-01,5.977836476319826620e-01,8.462383484236672970e-01,5.977836476319791092e-01,4.166393362584506765e-01,5.623069082941554164e-01,1.000000000000013767e+00,5.977836476319854375e-01,4.224418421591480399e-01,5.623069082941551944e-01,4.445241522602324524e-01,5.977836476319841053e-01,4.166393362584396853e-01,5.623069082941658525e-01,8.217546716994735823e-01,5.977836476319854375e-01,1.000000000000013767e+00,6.373993576135531525e-01,8.462383484236672970e-01,5.623069082941523078e-01,8.217546716994728051e-01,5.977836476319791092e-01,4.224418421591579209e-01,6.373993576135533745e-01,4.224418421591480399e-01,6.373993576135531525e-01,1.000000000000013767e+00,6.373993576135532635e-01,4.224418421591458195e-01,6.373993576135527084e-01,4.224418421591429884e-01,5.977836476319948744e-01,8.217546716994735823e-01,5.623069082941551944e-01,8.462383484236672970e-01,6.373993576135532635e-01,1.000000000000013767e+00,5.977836476319817738e-01,8.217546716994731382e-01,5.623069082941490882e-01,4.166393362584496773e-01,5.977836476319826620e-01,4.445241522602324524e-01,5.623069082941523078e-01,4.224418421591458195e-01,5.977836476319817738e-01,1.000000000000013767e+00,5.623069082941519747e-01,4.166393362584379645e-01,5.977836476319944303e-01,8.462383484236672970e-01,5.977836476319841053e-01,8.217546716994728051e-01,6.373993576135527084e-01,8.217546716994731382e-01,5.623069082941519747e-01,1.000000000000013767e+00,5.623069082941486441e-01,4.445241522602368378e-01,5.977836476319791092e-01,4.166393362584396853e-01,5.977836476319791092e-01,4.224418421591429884e-01,5.623069082941490882e-01,4.166393362584379645e-01,5.623069082941486441e-01,1.000000000000013767e+00
1.000000000000014655e+00,3.957999398020540238e-01,3.352716187649676938e-01,3.957999398020544124e-01,1.390814828167539763e-01,4.989203516040758291e-01,3.352716187649669721e-01,4.989203516040758846e-01,3.654246926840375442e-01,3.957999398020540238e-01,1.000000000000014655e+00,3.957999398020432547e-01,6.849931400259143821e-01,3.639505534479882676e-01,6.849931400259176018e-01,4.989203516040638386e-01,7.459246053605294025e-01,4.989203516040603414e-01,3.352716187649676938e-01,3.957999398020432547e-01,1.000000000000014655e+00,4.989203516040653374e-01,1.390814828167439843e-01,3.957999398020468629e-01,3.654246926840347687e-01,4.989203516040662256e-01,3.352716187649574797e-01,3.957999398020544124e-01,6.849931400259143821e-01,4.989203516040653374e-01,1.000000000000014655e+00,3.639505534479886562e-01,7.459246053605284033e-01,3.957999398020421999e-01,6.849931400259183789e-01,4.989203516040606190e-01,1.390814828167539763e-01,3.639505534479882676e-01,1.390814828167439843e-01,3.639505534479886562e-01,1.000000000000014655e+00,3.639505534479919313e-01,1.390814828167429573e-01,3.639505534479924864e-01,1.390814828167398765e-01,4.989203516040758291e-01,6.849931400259176018e-01,3.957999398020468629e-01,7.459246053605284033e-01,3.639505534479919313e-01,1.000000000000014655e+00,4.989203516040651154e-01,6.849931400259213765e-01,3.957999398020417559e-01,3.352716187649669721e-01,4.989203516040638386e-01,3.654246926840347687e-01,3.957999398020421999e-01,1.390814828167429573e-01,4.989203516040651154e-01,1.000000000000014655e+00,3.957999398020460857e-01,3.352716187649565360e-01,4.989203516040758846e-01,7.459246053605294025e-01,4.989203516040662256e-01,6.849931400259183789e-01,3.639505534479924864e-01,6.849931400259213765e-01,3.957999398020460857e-01,1.000000000000014655e+00,3.957999398020421999e-01,3.654246926840375442e-01,4.989203516040603414e-01,3.352716187649574797e-01,4.989203516040606190e-01,1.390814828167398765e-01,3.957999398020417559e-01,3.352716187649565360e-01,3.957999398020421999e-01,1.000000000000014655e+00
1.000000000000014211e+00,2.583880724541811613e-01,3.150455557997311473e-01,2.583880724541816609e-01,1.090846298153850397e-02,4.190905432673764919e-01,3.150455557997297040e-01,4.190905432673767139e-01,2.807380371914763861e-01,2.583880724541811613e-01,1.000000000000014211e+00,2.583880724541711693e-01,5.974901214131591587e-01,2.526892943680245640e-01,5.974901214131644878e-01,4.190905432673670550e-01,6.470105535578335454e-01,4.190905432673649456e-01,3.150455557997311473e-01,2.583880724541711693e-01,1.000000000000014211e+00,4.190905432673664999e-01,1.090846298152950422e-02,2.583880724541776641e-01,2.807380371914754424e-01,4.190905432673697195e-01,3.150455557997232647e-01,2.583880724541816609e-01,5.974901214131591587e-01,4.190905432673664999e-01,1.000000000000014211e+00,2.526892943680251191e-01,6.470105535578319911e-01,2.583880724541716689e-01,5.974901214131663751e-01,4.190905432673649456e-01,1.090846298153850397e-02,2.526892943680245640e-01,1.090846298152950422e-02,2.526892943680251191e-01,1.000000000000014211e+00,2.526892943680311143e-01,1.090846298152911564e-02,2.526892943680325576e-01,1.090846298152553517e-02,4.190905432673764919e-01,5.974901214131644878e-01,2.583880724541776641e-01,6.470105535578319911e-01,2.526892943680311143e-01,1.000000000000014211e+00,4.190905432673697750e-01,5.974901214131718152e-01,2.583880724541738338e-01,3.150455557997297040e-01,4.190905432673670550e-01,2.807380371914754424e-01,2.583880724541716689e-01,1.090846298152911564e-02,4.190905432673697750e-01,1.000000000000014211e+00,2.583880724541791629e-01,3.150455557997230427e-01,4.190905432673767139e-01,6.470105535578335454e-01,4.190905432673697195e-01,5.974901214131663751e-01,2.526892943680325576e-01,5.974901214131718152e-01,2.583880724541791629e-01,1.000000000000014211e+00,2.583880724541753882e-01,2.807380371914763861e-01,4.190905432673649456e-01,3.150455557997232647e-01,4.190905432673649456e-01,1.090846298152553517e-02,2.583880724541738338e-01,3.150455557997230427e-01,2.583880724541753882e-01,1.000000000000014211e+00
1.000000000000013767e+00,1.983712828178658127e-01,3.312329932904097829e-01,1.983712828178665899e-01,6.698218476751029160e-02,3.720331285409125277e-01,3.312329932904075624e-01,3.720331285409124167e-01,1.961137799239548729e-01,1.983712828178658127e-01,1.000000000000013767e+00,1.983712828178575693e-01,6.130322696664440851e-01,3.754557351410442445e-01,6.130322696664499693e-01,3.720331285409061994e-01,6.182812990022923394e-01,3.720331285409042010e-01,3.312329932904097829e-01,1.983712828178575693e-01,1.000000000000013767e+00,3.720331285409044231e-01,6.698218476750272821e-02,1.983712828178652021e-01,1.961137799239552615e-01,3.720331285409077537e-01,3.312329932904035656e-01,1.983712828178665899e-01,6.130322696664440851e-01,3.720331285409044231e-01,1.000000000000013767e+00,3.754557351410449662e-01,6.182812990022910071e-01,1.983712828178590959e-01,6.130322696664526338e-01,3.720331285409040900e-01,6.698218476751029160e-02,3.754557351410442445e-01,6.698218476750272821e-02,3.754557351410449662e-01,1.000000000000013767e+00,3.754557351410517940e-01,6.698218476750317230e-02,3.754557351410537924e-01,6.698218476749882855e-02,3.720331285409125277e-01,6.130322696664499693e-01,1.983712828178652021e-01,6.182812990022910071e-01,3.754557351410517940e-01,1.000000000000013767e+00,3.720331285409084754e-01,6.130322696664586291e-01,1.983712828178617604e-01,3.312329932904075624e-01,3.720331285409061994e-01,1.961137799239552615e-01,1.983712828178590959e-01,6.698218476750317230e-02,3.720331285409084754e-01,1.000000000000013767e+00,1.983712828178677556e-01,3.312329932904036212e-01,3.720331285409124167e-01,6.182812990022923394e-01,3.720331285409077537e-01,6.130322696664526338e-01,3.754557351410537924e-01,6.130322696664586291e-01,1.983712828178677556e-01,1.000000000000013767e+00,1.983712828178636478e-01,1.961137799239548729e-01,3.720331285409042010e-01,3.312329932904035656e-01,3.720331285409040900e-01,6.698218476749882855e-02,1.983712828178617604e-01,3.312329932904036212e-01,1.983712828178636478e-01,1.000000000000013767e+00
1.000000000000014877e+00,1.572489406001304491e-01,2.906232555798473616e-01,1.572489406001312540e-01,1.433651160434319394e-01,3.081423226324997433e-01,2.906232555798450301e-01,3.081423226324997988e-01,1.005183002557569066e-01,1.572489406001304491e-01,1.000000000000014877e+00,1.572489406001238155e-01,6.548981696945775921e-01,5.823525961204741863e-01,6.548981696945825881e-01,3.081423226324953024e-01,6.398609868042108850e-01,3.081423226324916387e-01,2.906232555798473616e-01,1.572489406001238155e-01,1.000000000000014877e+00,3.081423226324939701e-01,1.433651160434256111e-01,1.572489406001303103e-01,1.005183002557573368e-01,3.081423226324949138e-01,2.906232555798407557e-01,1.572489406001312540e-01,6.548981696945775921e-01,3.081423226324939701e-01,1.000000000000014877e+00,5.823525961204749635e-01,6.398609868042098858e-01,1.572489406001251200e-01,6.548981696945855857e-01,3.081423226324910836e-01,1.433651160434319394e-01,5.823525961204741863e-01,1.433651160434256111e-01,5.823525961204749635e-01,1.000000000000014877e+00,5.823525961204807366e-01,1.433651160434261107e-01,5.823525961204827350e-01,1.433651160434207261e-01,3.081423226324997433e-01,6.548981696945825881e-01,1.572489406001303103e-01,6.398609868042098858e-01,5.823525961204807366e-01,1.000000000000014877e+00,3.081423226324950249e-01,6.548981696945901376e-01,1.572489406001255641e-01,2.906232555798450301e-01,3.081423226324953024e-01,1.005183002557573368e-01,1.572489406001251200e-01,1.433651160434261107e-01,3.081423226324950249e-01,1.000000000000014877e+00,1.572489406001328915e-01,2.906232555798403672e-01,3.081423226324997988e-01,6.398609868042108850e-01,3.081423226324949138e-01,6.548981696945855857e-01,5.823525961204827350e-01,6.548981696945901376e-01,1.572489406001328915e-01,1.000000000000014877e+00,1.572489406001276180e-01,1.005183002557569066e-01,3.081423226324916387e-01,2.906232555798407557e-01,3.081423226324910836e-01,1.433651160434207261e-01,1.572489406001255641e-01,2.906232555798403672e-01,1.572489406001276180e-01,1.000000000000014877e+00
1.000000000000010658e+00,4.217300936790376736e-02,1.733479933415752738e-01,4.217300936790467636e-02,8.693748064224475491e-02,1.954681745240824386e-01,1.733479933415736085e-01,1.954681745240826329e-01,2.465337876658397001e-02,4.217300936790376736e-02,1.000000000000010658e+00,4.217300936789754318e-02,6.506158670053704407e-01,6.467214729027119802e-01,6.506158670053738824e-01,1.954681745240769708e-01,6.512571369158915990e-01,1.954681745240710589e-01,1.733479933415752738e-01,4.217300936789754318e-02,1.000000000000010658e+00,1.954681745240772761e-01,8.693748064223877359e-02,4.217300936790178978e-02,2.465337876658361960e-02,1.954681745240761659e-01,1.733479933415688623e-01,4.217300936790467636e-02,6.506158670053704407e-01,1.954681745240772761e-01,1.000000000000010658e+00,6.467214729027129794e-01,6.512571369158910439e-01,4.217300936789786237e-02,6.506158670053763249e-01,1.954681745240701707e-01,8.693748064224475491e-02,6.467214729027119802e-01,8.693748064223877359e-02,6.467214729027129794e-01,1.000000000000010658e+00,6.467214729027163100e-01,8.693748064223838501e-02,6.467214729027181974e-01,8.693748064223189020e-02,1.954681745240824386e-01,6.506158670053738824e-01,4.217300936790178978e-02,6.512571369158910439e-01,6.467214729027163100e-01,1.000000000000010658e+00,1.954681745240750002e-01,6.506158670053794335e-01,4.217300936789476762e-02,1.733479933415736085e-01,1.954681745240769708e-01,2.465337876658361960e-02,4.217300936789786237e-02,8.693748064223838501e-02,1.954681745240750002e-01,1.000000000000010658e+00,4.217300936790302490e-02,1.733479933415679741e-01,1.954681745240826329e-01,6.512571369158915990e-01,1.954681745240761659e-01,6.506158670053763249e-01,6.467214729027181974e-01,6.506158670053794335e-01,4.217300936790302490e-02,1.000000000000010658e+00,4.217300936789657173e-02,2.465337876658397001e-02,1.954681745240710589e-01,1.733479933415688623e-01,1.954681745240701707e-01,8.693748064223189020e-02,4.217300936789476762e-02,1.733479933415679741e-01,4.217300936789657173e-02,1.000000000000010658e+00
1.000000000000007994e+00,-1.475811739875628192e-01,1.079259378528559243e-01,-1.475811739875614870e-01,-9.329026327743103475e-02,6.387889802526353078e-02,1.079259378528551194e-01,6.387889802526394711e-02,2.974877228398831175e-02,-1.475811739875628192e-01,1.000000000000007994e+00,-1.475811739875693418e-01,6.207266908078837853e-01,5.644535895992784935e-01,6.207266908078855616e-01,6.387889802525686944e-02,6.389335168674923349e-01,6.387889802525015259e-02,1.079259378528559243e-01,-1.475811739875693418e-01,1.000000000000007994e+00,6.387889802525842375e-02,-9.329026327743679403e-02,-1.475811739875663720e-01,2.974877228398781215e-02,6.387889802525680005e-02,1.079259378528544117e-01,-1.475811739875614870e-01,6.207266908078837853e-01,6.387889802525842375e-02,1.000000000000007994e+00,5.644535895992798258e-01,6.389335168674925569e-01,-1.475811739875696194e-01,6.207266908078883372e-01,6.387889802524898686e-02,-9.329026327743103475e-02,5.644535895992784935e-01,-9.329026327743679403e-02,5.644535895992798258e-01,1.000000000000007994e+00,5.644535895992812691e-01,-9.329026327743797364e-02,5.644535895992831565e-01,-9.329026327744460723e-02,6.387889802526353078e-02,6.207266908078855616e-01,-1.475811739875663720e-01,6.389335168674925569e-01,5.644535895992812691e-01,1.000000000000007994e+00,6.387889802525448246e-02,6.207266908078905576e-01,-1.475811739875751427e-01,1.079259378528551194e-01,6.387889802525686944e-02,2.974877228398781215e-02,-1.475811739875696194e-01,-9.329026327743797364e-02,6.387889802525448246e-02,1.000000000000007994e+00,-1.475811739875663164e-01,1.079259378528538427e-01,6.387889802526394711e-02,6.389335168674923349e-01,6.387889802525680005e-02,6.207266908078883372e-01,5.644535895992831565e-01,6.207266908078905576e-01,-1.475811739875663164e-01,1.000000000000007994e+00,-1.475811739875735051e-01,2.974877228398831175e-02,6.387889802525015259e-02,1.079259378528544117e-01,6.387889802524898686e-02,-9.329026327744460723e-02,-1.475811739875751427e-01,1.079259378528538427e-01,-1.475811739875735051e-01,1.000000000000007994e+00
1.000000000000006217e+00,-3.234409421344857094e-01,2.121437086216395873e-01,-3.234409421344840996e-01,-2.789384032707418193e-01,-5.936648651202434956e-02,2.121437086216390044e-01,-5.936648651202409976e-02,1.067523930924677428e-01,-3.234409421344857094e-01,1.000000000000006217e+00,-3.234409421344911495e-01,6.286364421685368686e-01,5.221722597212730133e-01,6.286364421685384229e-01,-5.936648651202991456e-02,6.474132277994982809e-01,-5.936648651203578486e-02,2.121437086216395873e-01,-3.234409421344911495e-01,1.000000000000006217e+00,-5.936648651202799942e-02,-2.789384032707464267e-01,-3.234409421344881519e-01,1.067523930924677567e-01,-5.936648651202994925e-02,2.121437086216441670e-01,-3.234409421344840996e-01,6.286364421685368686e-01,-5.936648651202799942e-02,1.000000000000006217e+00,5.221722597212746786e-01,6.474132277994991691e-01,-3.234409421344924263e-01,6.286364421685411985e-01,-5.936648651203724203e-02,-2.789384032707418193e-01,5.221722597212730133e-01,-2.789384032707464267e-01,5.221722597212746786e-01,1.000000000000006217e+00,5.221722597212760109e-01,-2.789384032707489802e-01,5.221722597212774541e-01,-2.789384032707543648e-01,-5.936648651202434956e-02,6.286364421685384229e-01,-3.234409421344881519e-01,6.474132277994991691e-01,5.221722597212760109e-01,1.000000000000006217e+00,-5.936648651203291216e-02,6.286364421685435300e-01,-3.234409421344975333e-01,2.121437086216390044e-01,-5.936648651202991456e-02,1.067523930924677567e-01,-3.234409421344924263e-01,-2.789384032707489802e-01,-5.936648651203291216e-02,1.000000000000006217e+00,-3.234409421344895952e-01,2.121437086216446666e-01,-5.936648651202409976e-02,6.474132277994982809e-01,-5.936648651202994925e-02,6.286364421685411985e-01,5.221722597212774541e-01,6.286364421685435300e-01,-3.234409421344895952e-01,1.000000000000006217e+00,-3.234409421344960345e-01,1.067523930924677428e-01,-5.936648651203578486e-02,2.121437086216441670e-01,-5.936648651203724203e-02,-2.789384032707543648e-01,-3.234409421344975333e-01,2.121437086216446666e-01,-3.234409421344960345e-01,1.000000000000006217e+00
