1.000000000000000000e+00,1.000000000000000000e+00,1.000000000000000000e+00,1.000000000000000000e+00,1.000000000000000000e+00,1.000000000000000000e+00,1.000000000000000000e+00,1.000000000000000000e+00,1.000000000000000000e+00,1.000000000000000000e+00,1.000000000000000000e+00,1.000000000000000000e+00,1.000000000000000000e+00,1.000000000000000000e+00,1.000000000000000000e+00,1.000000000000000000e+00,1.000000000000000000e+00,1.000000000000000000e+00,1.000000000000000000e+00,1.000000000000000000e+00,1.000000000000000000e+00,1.000000000000000000e+00,1.000000000000000000e+00,1.000000000000000000e+00,1.000000000000000000e+00,1.000000000000000000e+00,1.000000000000000000e+00,1.000000000000000000e+00,1.000000000000000000e+00,1.000000000000000000e+00,1.000000000000000000e+00,1.000000000000000000e+00,1.000000000000000000e+00,1.000000000000000000e+00,1.000000000000000000e+00,1.000000000000000000e+00,1.000000000000000000e+00,1.000000000000000000e+00,1.000000000000000000e+00,1.000000000000000000e+00,1.000000000000000000e+00,1.000000000000000000e+00,1.000000000000000000e+00,1.000000000000000000e+00,1.000000000000000000e+00,1.000000000000000000e+00,1.000000000000000000e+00,1.000000000000000000e+00,1.000000000000000000e+00,1.000000000000000000e+00,1.000000000000000000e+00,1.000000000000000000e+00,1.000000000000000000e+00,1.000000000000000000e+00,1.000000000000000000e+00,1.000000000000000000e+00,1.000000000000000000e+00,1.000000000000000000e+00,1.000000000000000000e+00,1.000000000000000000e+00,1.000000000000000000e+00,1.000000000000000000e+00,1.000000000000000000e+00,1.000000000000000000e+00,1.000000000000000000e+00,1.000000000000000000e+00,1.000000000000000000e+00,1.000000000000000000e+00,1.000000000000000000e+00,1.000000000000000000e+00,1.000000000000000000e+00,1.000000000000000000e+00,1.000000000000000000e+00,1.000000000000000000e+00,1.000000000000000000e+00,1.000000000000000000e+00,1.000000000000000000e+00,1.000000000000000000e+00,1.000000000000000000e+00,1.000000000000000000e+00,1.000000000000000000e+00,1.000000000000000000e+00,1.000000000000000000e+00,1.000000000000000000e+00,1.000000000000000000e+00,1.000000000000000000e+00,1.000000000000000000e+00,1.000000000000000000e+00,1.000000000000000000e+00,1.000000000000000000e+00,1.000000000000000000e+00,1.000000000000000000e+00,1.000000000000000000e+00,1.000000000000000000e+00,1.000000000000000000e+00,1.000000000000000000e+00,1.000000000000000000e+00,1.000000000000000000e+00,1.000000000000000000e+00,1.000000000000000000e+00,1.000000000000000000e+00,1.000000000000000000e+00,1.000000000000000000e+00,1.000000000000000000e+00,1.000000000000000000e+00,1.000000000000000000e+00,1.000000000000000000e+00,1.000000000000000000e+00,1.000000000000000000e+00,1.000000000000000000e+00,1.000000000000000000e+00,1.000000000000000000e+00,1.000000000000000000e+00,1.000000000000000000e+00,1.000000000000000000e+00,1.000000000000000000e+00,1.000000000000000000e+00,1.000000000000000000e+00,1.000000000000000000e+00,1.000000000000000000e+00,1.000000000000000000e+00,1.000000000000000000e+00,1.000000000000000000e+00,1.000000000000000000e+00,1.000000000000000000e+00,1.000000000000000000e+00,1.000000000000000000e+00,1.000000000000000000e+00,1.000000000000000000e+00,1.000000000000000000e+00,1.000000000000000000e+00,1.000000000000000000e+00,1.000000000000000000e+00,1.000000000000000000e+00,1.000000000000000000e+00,1.000000000000000000e+00,1.000000000000000000e+00,1.000000000000000000e+00,1.000000000000000000e+00,1.000000000000000000e+00,1.000000000000000000e+00,1.000000000000000000e+00,1.000000000000000000e+00,1.000000000000000000e+00,1.000000000000000000e+00,1.000000000000000000e+00,1.000000000000000000e+00,1.000000000000000000e+00,1.000000000000000000e+00,1.000000000000000000e+00,1.000000000000000000e+00,1.000000000000000000e+00,1.000000000000000000e+00,1.000000000000000000e+00,1.000000000000000000e+00,1.000000000000000000e+00,1.000000000000000000e+00,1.000000000000000000e+00,1.000000000000000000e+00,1.000000000000000000e+00,1.000000000000000000e+00,1.000000000000000000e+00,1.000000000000000000e+00,1.000000000000000000e+00,1.000000000000000000e+00,1.000000000000000000e+00,1.000000000000000000e+00,1.000000000000000000e+00,1.000000000000000000e+00,1.000000000000000000e+00,1.000000000000000000e+00,1.000000000000000000e+00,1.000000000000000000e+00,1.000000000000000000e+00,1.000000000000000000e+00,1.000000000000000000e+00,1.000000000000000000e+00,1.000000000000000000e+00,1.000000000000000000e+00,1.000000000000000000e+00,1.000000000000000000e+00,1.000000000000000000e+00,1.000000000000000000e+00,1.000000000000000000e+00,1.000000000000000000e+00,1.000000000000000000e+00,1.000000000000000000e+00,1.000000000000000000e+00,1.000000000000000000e+00,1.000000000000000000e+00,1.000000000000000000e+00,1.000000000000000000e+00,1.000000000000000000e+00,1.000000000000000000e+00,1.000000000000000000e+00,1.000000000000000000e+00,1.000000000000000000e+00,1.000000000000000000e+00,1.000000000000000000e+00,1.000000000000000000e+00,1.000000000000000000e+00,1.000000000000000000e+00,1.000000000000000000e+00,1.000000000000000000e+00,1.000000000000000000e+00,1.000000000000000000e+00,1.000000000000000000e+00,1.000000000000000000e+00,1.000000000000000000e+00,1.000000000000000000e+00,1.000000000000000000e+00,1.000000000000000000e+00,1.000000000000000000e+00,1.000000000000000000e+00,1.000000000000000000e+00,1.000000000000000000e+00,1.000000000000000000e+00,1.000000000000000000e+00,1.000000000000000000e+00,1.000000000000000000e+00,1.000000000000000000e+00,1.000000000000000000e+00,1.000000000000000000e+00,1.000000000000000000e+00,1.000000000000000000e+00
9.999999999999980016e-01,8.734494902686086304e-01,8.750204524531933759e-01,8.734595747203152127e-01,8.757786805582759015e-01,8.755032021867836800e-01,8.755072351434814992e-01,8.760319927822826092e-01,8.755224196581221641e-01,8.755143170317124524e-01,8.760322668625127873e-01,8.755160358537443788e-01,8.750389525277840752e-01,8.755066366565720237e-01,8.750391990297500255e-01,8.734494902686086304e-01,9.999999999999980016e-01,8.734494902686087414e-01,8.757291878851225508e-01,8.744707047361762742e-01,8.757291878851224398e-01,8.759803252305329302e-01,8.764955399222096322e-01,8.759803252305331522e-01,8.759828721440235944e-01,8.764997746776335141e-01,8.759828721440235944e-01,8.755066366565724678e-01,8.759744063961673044e-01,8.755066366565723568e-01,8.750204524531933759e-01,8.734494902686087414e-01,9.999999999999980016e-01,8.755032021867834580e-01,8.757786805582757905e-01,8.734595747203148797e-01,8.755224196581219420e-01,8.760319927822826092e-01,8.755072351434817213e-01,8.755160358537444898e-01,8.760322668625127873e-01,8.755143170317125634e-01,8.750391990297502476e-01,8.755066366565722458e-01,8.750389525277840752e-01,8.734595747203152127e-01,8.757291878851225508e-01,8.755032021867834580e-01,9.999999999999980016e-01,8.744807951197504092e-01,8.759763571923567804e-01,8.739576700082856142e-01,8.762693542462473006e-01,8.759902603293121537e-01,8.759758911561980055e-01,8.764986413638309326e-01,8.759910081567265916e-01,8.755143170317127854e-01,8.759828721440237054e-01,8.755160358537448229e-01,8.757786805582759015e-01,8.744707047361762742e-01,8.757786805582757905e-01,8.744807951197504092e-01,9.999999999999980016e-01,8.744807951197506313e-01,8.762670821172996449e-01,8.750220706943784288e-01,8.762670821172998670e-01,8.764986413638309326e-01,8.770119112065627442e-01,8.764986413638308216e-01,8.760322668625131204e-01,8.764997746776336252e-01,8.760322668625131204e-01,8.755032021867836800e-01,8.757291878851224398e-01,8.734595747203148797e-01,8.759763571923567804e-01,8.744807951197506313e-01,9.999999999999980016e-01,8.759902603293119316e-01,8.762693542462471896e-01,8.739576700082856142e-01,8.759910081567264806e-01,8.764986413638308216e-01,8.759758911561978945e-01,8.755160358537448229e-01,8.759828721440235944e-01,8.755143170317127854e-01,8.755072351434814992e-01,8.759803252305329302e-01,8.755224196581219420e-01,8.739576700082856142e-01,8.762670821172996449e-01,8.759902603293119316e-01,9.999999999999980016e-01,8.745018475879500208e-01,8.759947545526072243e-01,8.739576700082855032e-01,8.762670821172996449e-01,8.759902603293119316e-01,8.755072351434818323e-01,8.759803252305331522e-01,8.755224196581222751e-01,8.760319927822826092e-01,8.764955399222096322e-01,8.760319927822826092e-01,8.762693542462473006e-01,8.750220706943784288e-01,8.762693542462471896e-01,8.745018475879500208e-01,9.999999999999980016e-01,8.745018475879501318e-01,8.762693542462471896e-01,8.750220706943784288e-01,8.762693542462471896e-01,8.760319927822829422e-01,8.764955399222098542e-01,8.760319927822829422e-01,8.755224196581221641e-01,8.759803252305331522e-01,8.755072351434817213e-01,8.759902603293121537e-01,8.762670821172998670e-01,8.739576700082856142e-01,8.759947545526072243e-01,8.745018475879501318e-01,9.999999999999980016e-01,8.759902603293120427e-01,8.762670821172997560e-01,8.739576700082856142e-01,8.755224196581223861e-01,8.759803252305332633e-01,8.755072351434819433e-01,8.755143170317124524e-01,8.759828721440235944e-01,8.755160358537444898e-01,8.759758911561980055e-01,8.764986413638309326e-01,8.759910081567264806e-01,8.739576700082855032e-01,8.762693542462471896e-01,8.759902603293120427e-01,9.999999999999980016e-01,8.744807951197505203e-01,8.759763571923567804e-01,8.734595747203153238e-01,8.757291878851224398e-01,8.755032021867837910e-01,8.760322668625127873e-01,8.764997746776335141e-01,8.760322668625127873e-01,8.764986413638309326e-01,8.770119112065627442e-01,8.764986413638308216e-01,8.762670821172996449e-01,8.750220706943784288e-01,8.762670821172997560e-01,8.744807951197505203e-01,9.999999999999980016e-01,8.744807951197504092e-01,8.757786805582760126e-01,8.744707047361761632e-01,8.757786805582761236e-01,8.755160358537443788e-01,8.759828721440235944e-01,8.755143170317125634e-01,8.759910081567265916e-01,8.764986413638308216e-01,8.759758911561978945e-01,8.759902603293119316e-01,8.762693542462471896e-01,8.739576700082856142e-01,8.759763571923567804e-01,8.744807951197504092e-01,9.999999999999980016e-01,8.755032021867837910e-01,8.757291878851223288e-01,8.734595747203153238e-01,8.750389525277840752e-01,8.755066366565724678e-01,8.750391990297502476e-01,8.755143170317127854e-01,8.760322668625131204e-01,8.755160358537448229e-01,8.755072351434818323e-01,8.760319927822829422e-01,8.755224196581223861e-01,8.734595747203153238e-01,8.757786805582760126e-01,8.755032021867837910e-01,9.999999999999980016e-01,8.734494902686087414e-01,8.750204524531938199e-01,8.755066366565720237e-01,8.759744063961673044e-01,8.755066366565722458e-01,8.759828721440237054e-01,8.764997746776336252e-01,8.759828721440235944e-01,8.759803252305331522e-01,8.764955399222098542e-01,8.759803252305332633e-01,8.757291878851224398e-01,8.744707047361761632e-01,8.757291878851223288e-01,8.734494902686087414e-01,9.999999999999980016e-01,8.734494902686088524e-01,8.750391990297500255e-01,8.755066366565723568e-01,8.750389525277840752e-01,8.755160358537448229e-01,8.760322668625131204e-01,8.755143170317127854e-01,8.755224196581222751e-01,8.760319927822829422e-01,8.755072351434819433e-01,8.755032021867837910e-01,8.757786805582761236e-01,8.734595747203153238e-01,8.750204524531938199e-01,8.734494902686088524e-01,9.999999999999980016e-01
9.999999999999983347e-01,9.222003515263818008e-01,9.205434313792588696e-01,9.222566405630902020e-01,9.248925709759915348e-01,9.227870064574821285e-01,9.228470964950026278e-01,9.252876350885012036e-01,9.228356823783663287e-01,9.227847025347124532e-01,9.252275917760184321e-01,9.227865491859429392e-01,9.205320640975215296e-01,9.227328867821420477e-01,9.205323920026096118e-01,9.222003515263818008e-01,9.999999999999983347e-01,9.222003515263816897e-01,9.246537891281974009e-01,9.270443090585505086e-01,9.246537891281977339e-01,9.250426800680274786e-01,9.275134641297558824e-01,9.250426800680277006e-01,9.249918352170886093e-01,9.274390939724137528e-01,9.249918352170883873e-01,9.227328867821427139e-01,9.249387592372934064e-01,9.227328867821427139e-01,9.205434313792588696e-01,9.222003515263816897e-01,9.999999999999983347e-01,9.227870064574815734e-01,9.248925709759912017e-01,9.222566405630903130e-01,9.228356823783659957e-01,9.252876350885009815e-01,9.228470964950026278e-01,9.227865491859430502e-01,9.252275917760182100e-01,9.227847025347120091e-01,9.205323920026096118e-01,9.227328867821418257e-01,9.205320640975211965e-01,9.222566405630902020e-01,9.246537891281974009e-01,9.227870064574815734e-01,9.999999999999983347e-01,9.271003959012740214e-01,9.250617646390487669e-01,9.246327901012930672e-01,9.272337743671721366e-01,9.250968704237781948e-01,9.250574450133036697e-01,9.274951535541100522e-01,9.250466205381213669e-01,9.227847025347128973e-01,9.249918352170880542e-01,9.227865491859434943e-01,9.248925709759915348e-01,9.270443090585505086e-01,9.248925709759912017e-01,9.271003959012740214e-01,9.999999999999983347e-01,9.271003959012742435e-01,9.272244405432968906e-01,9.296805555121097075e-01,9.272244405432971126e-01,9.274951535541103853e-01,9.299624713906089468e-01,9.274951535541102743e-01,9.252275917760192092e-01,9.274390939724137528e-01,9.252275917760190982e-01,9.227870064574821285e-01,9.246537891281977339e-01,9.222566405630903130e-01,9.250617646390487669e-01,9.271003959012742435e-01,9.999999999999983347e-01,9.250968704237781948e-01,9.272337743671722476e-01,9.246327901012935113e-01,9.250466205381219220e-01,9.274951535541102743e-01,9.250574450133035587e-01,9.227865491859437164e-01,9.249918352170884983e-01,9.227847025347131193e-01,9.228470964950026278e-01,9.250426800680274786e-01,9.228356823783659957e-01,9.246327901012930672e-01,9.272244405432968906e-01,9.250968704237781948e-01,9.999999999999983347e-01,9.272128428380134180e-01,9.251607470007174872e-01,9.246327901012927342e-01,9.272244405432961134e-01,9.250968704237774176e-01,9.228470964950027389e-01,9.250426800680269235e-01,9.228356823783662177e-01,9.252876350885012036e-01,9.275134641297558824e-01,9.252876350885009815e-01,9.272337743671721366e-01,9.296805555121097075e-01,9.272337743671722476e-01,9.272128428380134180e-01,9.999999999999983347e-01,9.272128428380136400e-01,9.272337743671716925e-01,9.296805555121089304e-01,9.272337743671714705e-01,9.252876350885014256e-01,9.275134641297553273e-01,9.252876350885012036e-01,9.228356823783663287e-01,9.250426800680277006e-01,9.228470964950026278e-01,9.250968704237781948e-01,9.272244405432971126e-01,9.246327901012935113e-01,9.251607470007174872e-01,9.272128428380136400e-01,9.999999999999983347e-01,9.250968704237778617e-01,9.272244405432964465e-01,9.246327901012926231e-01,9.228356823783664398e-01,9.250426800680270345e-01,9.228470964950028499e-01,9.227847025347124532e-01,9.249918352170886093e-01,9.227865491859430502e-01,9.250574450133036697e-01,9.274951535541103853e-01,9.250466205381219220e-01,9.246327901012927342e-01,9.272337743671716925e-01,9.250968704237778617e-01,9.999999999999983347e-01,9.271003959012730222e-01,9.250617646390478788e-01,9.222566405630898689e-01,9.246537891281966237e-01,9.227870064574817954e-01,9.252275917760184321e-01,9.274390939724137528e-01,9.252275917760182100e-01,9.274951535541100522e-01,9.299624713906089468e-01,9.274951535541102743e-01,9.272244405432961134e-01,9.296805555121089304e-01,9.272244405432964465e-01,9.271003959012730222e-01,9.999999999999983347e-01,9.271003959012725781e-01,9.248925709759907576e-01,9.270443090585490653e-01,9.248925709759907576e-01,9.227865491859429392e-01,9.249918352170883873e-01,9.227847025347120091e-01,9.250466205381213669e-01,9.274951535541102743e-01,9.250574450133035587e-01,9.250968704237774176e-01,9.272337743671714705e-01,9.246327901012926231e-01,9.250617646390478788e-01,9.271003959012725781e-01,9.999999999999983347e-01,9.227870064574815734e-01,9.246537891281964017e-01,9.222566405630896469e-01,9.205320640975215296e-01,9.227328867821427139e-01,9.205323920026096118e-01,9.227847025347128973e-01,9.252275917760192092e-01,9.227865491859437164e-01,9.228470964950027389e-01,9.252876350885014256e-01,9.228356823783664398e-01,9.222566405630898689e-01,9.248925709759907576e-01,9.227870064574815734e-01,9.999999999999983347e-01,9.222003515263813567e-01,9.205434313792590917e-01,9.227328867821420477e-01,9.249387592372934064e-01,9.227328867821418257e-01,9.249918352170880542e-01,9.274390939724137528e-01,9.249918352170884983e-01,9.250426800680269235e-01,9.275134641297553273e-01,9.250426800680270345e-01,9.246537891281966237e-01,9.270443090585490653e-01,9.246537891281964017e-01,9.222003515263813567e-01,9.999999999999983347e-01,9.222003515263813567e-01,9.205323920026096118e-01,9.227328867821427139e-01,9.205320640975211965e-01,9.227865491859434943e-01,9.252275917760190982e-01,9.227847025347131193e-01,9.228356823783662177e-01,9.252876350885012036e-01,9.228470964950028499e-01,9.227870064574817954e-01,9.248925709759907576e-01,9.222566405630896469e-01,9.205434313792590917e-01,9.222003515263813567e-01,9.999999999999983347e-01
9.999999999999992228e-01,9.850092948685380545e-01,9.858507457548728592e-01,9.849742503658098780e-01,9.829619068938056925e-01,9.845671177082876424e-01,9.845385841172001884e-01,9.829407081591357009e-01,9.845315730700178181e-01,9.845636376812412216e-01,9.829779428045440914e-01,9.845637728423982660e-01,9.858432892917281531e-01,9.845990832396067649e-01,9.858433196897442574e-01,9.850092948685380545e-01,9.999999999999992228e-01,9.850092948685381655e-01,9.833052354727258582e-01,9.822000083135153936e-01,9.833052354727258582e-01,9.832920406062467533e-01,9.817053753967007745e-01,9.832920406062467533e-01,9.833211493128851677e-01,9.817373218679772418e-01,9.833211493128853897e-01,9.845990832396063208e-01,9.833564294324916855e-01,9.845990832396063208e-01,9.858507457548728592e-01,9.850092948685381655e-01,9.999999999999992228e-01,9.845671177082878645e-01,9.829619068938060256e-01,9.849742503658097670e-01,9.845315730700180401e-01,9.829407081591358120e-01,9.845385841172004104e-01,9.845637728423983770e-01,9.829779428045442025e-01,9.845636376812415547e-01,9.858433196897443684e-01,9.845990832396068759e-01,9.858432892917282642e-01,9.849742503658098780e-01,9.833052354727258582e-01,9.845671177082878645e-01,9.999999999999992228e-01,9.821647167808633672e-01,9.832945633618230818e-01,9.836893902609622486e-01,9.816477032975032824e-01,9.832567774070102296e-01,9.832936083848640152e-01,9.817060169910840628e-01,9.832865408666252582e-01,9.845636376812411106e-01,9.833211493128853897e-01,9.845637728423981549e-01,9.829619068938056925e-01,9.822000083135153936e-01,9.829619068938060256e-01,9.821647167808633672e-01,9.999999999999992228e-01,9.821647167808635892e-01,9.816558359765203967e-01,9.805711116897521951e-01,9.816558359765202857e-01,9.817060169910835077e-01,9.801299195801903563e-01,9.817060169910837297e-01,9.829779428045435363e-01,9.817373218679770197e-01,9.829779428045434253e-01,9.845671177082876424e-01,9.833052354727258582e-01,9.849742503658097670e-01,9.832945633618230818e-01,9.821647167808635892e-01,9.999999999999992228e-01,9.832567774070102296e-01,9.816477032975031713e-01,9.836893902609619156e-01,9.832865408666250362e-01,9.817060169910838408e-01,9.832936083848641262e-01,9.845637728423980439e-01,9.833211493128852787e-01,9.845636376812409996e-01,9.845385841172001884e-01,9.832920406062467533e-01,9.845315730700180401e-01,9.836893902609622486e-01,9.816558359765203967e-01,9.832567774070102296e-01,9.999999999999992228e-01,9.820913732006735231e-01,9.832291083922320984e-01,9.836893902609623597e-01,9.816558359765209518e-01,9.832567774070106736e-01,9.845385841172001884e-01,9.832920406062471974e-01,9.845315730700178181e-01,9.829407081591357009e-01,9.817053753967007745e-01,9.829407081591358120e-01,9.816477032975032824e-01,9.805711116897521951e-01,9.816477032975031713e-01,9.820913732006735231e-01,9.999999999999992228e-01,9.820913732006734120e-01,9.816477032975033934e-01,9.805711116897527502e-01,9.816477032975036154e-01,9.829407081591357009e-01,9.817053753967012186e-01,9.829407081591355899e-01,9.845315730700178181e-01,9.832920406062467533e-01,9.845385841172004104e-01,9.832567774070102296e-01,9.816558359765202857e-01,9.836893902609619156e-01,9.832291083922320984e-01,9.820913732006734120e-01,9.999999999999992228e-01,9.832567774070103406e-01,9.816558359765208408e-01,9.836893902609623597e-01,9.845315730700178181e-01,9.832920406062471974e-01,9.845385841172000774e-01,9.845636376812412216e-01,9.833211493128851677e-01,9.845637728423983770e-01,9.832936083848640152e-01,9.817060169910835077e-01,9.832865408666250362e-01,9.836893902609623597e-01,9.816477032975033934e-01,9.832567774070103406e-01,9.999999999999992228e-01,9.821647167808642553e-01,9.832945633618235259e-01,9.849742503658099890e-01,9.833052354727264133e-01,9.845671177082879755e-01,9.829779428045440914e-01,9.817373218679772418e-01,9.829779428045442025e-01,9.817060169910840628e-01,9.801299195801903563e-01,9.817060169910838408e-01,9.816558359765209518e-01,9.805711116897527502e-01,9.816558359765208408e-01,9.821647167808642553e-01,9.999999999999992228e-01,9.821647167808644774e-01,9.829619068938063586e-01,9.822000083135162818e-01,9.829619068938062476e-01,9.845637728423982660e-01,9.833211493128853897e-01,9.845636376812415547e-01,9.832865408666252582e-01,9.817060169910837297e-01,9.832936083848641262e-01,9.832567774070106736e-01,9.816477032975036154e-01,9.836893902609623597e-01,9.832945633618235259e-01,9.821647167808644774e-01,9.999999999999992228e-01,9.845671177082880865e-01,9.833052354727264133e-01,9.849742503658101000e-01,9.858432892917281531e-01,9.845990832396063208e-01,9.858433196897443684e-01,9.845636376812411106e-01,9.829779428045435363e-01,9.845637728423980439e-01,9.845385841172001884e-01,9.829407081591357009e-01,9.845315730700178181e-01,9.849742503658099890e-01,9.829619068938063586e-01,9.845671177082880865e-01,9.999999999999992228e-01,9.850092948685382765e-01,9.858507457548728592e-01,9.845990832396067649e-01,9.833564294324916855e-01,9.845990832396068759e-01,9.833211493128853897e-01,9.817373218679770197e-01,9.833211493128852787e-01,9.832920406062471974e-01,9.817053753967012186e-01,9.832920406062471974e-01,9.833052354727264133e-01,9.822000083135162818e-01,9.833052354727264133e-01,9.850092948685382765e-01,9.999999999999992228e-01,9.850092948685382765e-01,9.858433196897442574e-01,9.845990832396063208e-01,9.858432892917282642e-01,9.845637728423981549e-01,9.829779428045434253e-01,9.845636376812409996e-01,9.845315730700178181e-01,9.829407081591355899e-01,9.845385841172000774e-01,9.845671177082879755e-01,9.829619068938062476e-01,9.849742503658101000e-01,9.858507457548728592e-01,9.850092948685382765e-01,9.999999999999992228e-01
9.999999999999964473e-01,8.276358171733524394e-01,8.346327590913632521e-01,8.277478049660004222e-01,8.320599655221359026e-01,8.333288298720341603e-01,8.334443278934584587e-01,8.320561169279685476e-01,8.334738287434643178e-01,8.333743792951178175e-01,8.319656623039750620e-01,8.333726724915186956e-01,8.346673881421807772e-01,8.332669309717726236e-01,8.346673366624117740e-01,8.276358171733524394e-01,9.999999999999964473e-01,8.276358171733525504e-01,8.320731896815954931e-01,8.246632347369511340e-01,8.320731896815950490e-01,8.320364233056319891e-01,8.306666373532252123e-01,8.320364233056319891e-01,8.319739416604253757e-01,8.305710873067249089e-01,8.319739416604257087e-01,8.332669309717725126e-01,8.318688330079696547e-01,8.332669309717726236e-01,8.346327590913632521e-01,8.276358171733525504e-01,9.999999999999964473e-01,8.333288298720347154e-01,8.320599655221359026e-01,8.277478049660002002e-01,8.334738287434645398e-01,8.320561169279686586e-01,8.334443278934585697e-01,8.333726724915184736e-01,8.319656623039750620e-01,8.333743792951182616e-01,8.346673366624118851e-01,8.332669309717727346e-01,8.346673881421808883e-01,8.277478049660004222e-01,8.320731896815954931e-01,8.333288298720347154e-01,9.999999999999964473e-01,8.247762450775347753e-01,8.320440180462729263e-01,8.264384086609218860e-01,8.308792864383192089e-01,8.321429844301226897e-01,8.320440840078340283e-01,8.306305944231811011e-01,8.320744726711745143e-01,8.333743792951183726e-01,8.319739416604260418e-01,8.333726724915188067e-01,8.320599655221359026e-01,8.246632347369511340e-01,8.320599655221359026e-01,8.247762450775347753e-01,9.999999999999964473e-01,8.247762450775347753e-01,8.308515727487255642e-01,8.233735833021281758e-01,8.308515727487254532e-01,8.306305944231799909e-01,8.292346715599072660e-01,8.306305944231802130e-01,8.319656623039745069e-01,8.305710873067244648e-01,8.319656623039742849e-01,8.333288298720341603e-01,8.320731896815950490e-01,8.277478049660002002e-01,8.320440180462729263e-01,8.247762450775347753e-01,9.999999999999964473e-01,8.321429844301224676e-01,8.308792864383189869e-01,8.264384086609215530e-01,8.320744726711739592e-01,8.306305944231808791e-01,8.320440840078341393e-01,8.333726724915186956e-01,8.319739416604257087e-01,8.333743792951180396e-01,8.334443278934584587e-01,8.320364233056319891e-01,8.334738287434645398e-01,8.264384086609218860e-01,8.308515727487255642e-01,8.321429844301224676e-01,9.999999999999964473e-01,8.250322308923024872e-01,8.322575619111366452e-01,8.264384086609218860e-01,8.308515727487265634e-01,8.321429844301230228e-01,8.334443278934591248e-01,8.320364233056327663e-01,8.334738287434648729e-01,8.320561169279685476e-01,8.306666373532252123e-01,8.320561169279686586e-01,8.308792864383192089e-01,8.233735833021281758e-01,8.308792864383189869e-01,8.250322308923024872e-01,9.999999999999964473e-01,8.250322308923023762e-01,8.308792864383192089e-01,8.233735833021292860e-01,8.308792864383195420e-01,8.320561169279691027e-01,8.306666373532257674e-01,8.320561169279691027e-01,8.334738287434643178e-01,8.320364233056319891e-01,8.334443278934585697e-01,8.321429844301226897e-01,8.308515727487254532e-01,8.264384086609215530e-01,8.322575619111366452e-01,8.250322308923023762e-01,9.999999999999964473e-01,8.321429844301226897e-01,8.308515727487266744e-01,8.264384086609222191e-01,8.334738287434647619e-01,8.320364233056325443e-01,8.334443278934589028e-01,8.333743792951178175e-01,8.319739416604253757e-01,8.333726724915184736e-01,8.320440840078340283e-01,8.306305944231799909e-01,8.320744726711739592e-01,8.264384086609218860e-01,8.308792864383192089e-01,8.321429844301226897e-01,9.999999999999964473e-01,8.247762450775363297e-01,8.320440180462738144e-01,8.277478049660009773e-01,8.320731896815960482e-01,8.333288298720350484e-01,8.319656623039750620e-01,8.305710873067249089e-01,8.319656623039750620e-01,8.306305944231811011e-01,8.292346715599072660e-01,8.306305944231808791e-01,8.308515727487265634e-01,8.233735833021292860e-01,8.308515727487266744e-01,8.247762450775363297e-01,9.999999999999964473e-01,8.247762450775366627e-01,8.320599655221375679e-01,8.246632347369531324e-01,8.320599655221376789e-01,8.333726724915186956e-01,8.319739416604257087e-01,8.333743792951182616e-01,8.320744726711745143e-01,8.306305944231802130e-01,8.320440840078341393e-01,8.321429844301230228e-01,8.308792864383195420e-01,8.264384086609222191e-01,8.320440180462738144e-01,8.247762450775366627e-01,9.999999999999964473e-01,8.333288298720353815e-01,8.320731896815963813e-01,8.277478049660013104e-01,8.346673881421807772e-01,8.332669309717725126e-01,8.346673366624118851e-01,8.333743792951183726e-01,8.319656623039745069e-01,8.333726724915186956e-01,8.334443278934591248e-01,8.320561169279691027e-01,8.334738287434647619e-01,8.277478049660009773e-01,8.320599655221375679e-01,8.333288298720353815e-01,9.999999999999964473e-01,8.276358171733536606e-01,8.346327590913642513e-01,8.332669309717726236e-01,8.318688330079696547e-01,8.332669309717727346e-01,8.319739416604260418e-01,8.305710873067244648e-01,8.319739416604257087e-01,8.320364233056327663e-01,8.306666373532257674e-01,8.320364233056325443e-01,8.320731896815960482e-01,8.246632347369531324e-01,8.320731896815963813e-01,8.276358171733536606e-01,9.999999999999964473e-01,8.276358171733536606e-01,8.346673366624117740e-01,8.332669309717726236e-01,8.346673881421808883e-01,8.333726724915188067e-01,8.319656623039742849e-01,8.333743792951180396e-01,8.334738287434648729e-01,8.320561169279691027e-01,8.334443278934589028e-01,8.333288298720350484e-01,8.320599655221376789e-01,8.277478049660013104e-01,8.346327590913642513e-01,8.276358171733536606e-01,9.999999999999964473e-01
9.999999999999951150e-01,7.798355975963134901e-01,7.806643020835211111e-01,7.802079684106757451e-01,7.937095363637362011e-01,7.877469474885324674e-01,7.883423571590165713e-01,7.962990142907091506e-01,7.880414305475559322e-01,7.877053213874376514e-01,7.958841107760828981e-01,7.877166176768342076e-01,7.803420766911698392e-01,7.873812143967032773e-01,7.803443831090252081e-01,7.798355975963134901e-01,9.999999999999951150e-01,7.798355975963131570e-01,7.926187566411315721e-01,7.968834608113486428e-01,7.926187566411315721e-01,7.951745074492680976e-01,8.037578318131132216e-01,7.951745074492678755e-01,7.948175159987079796e-01,8.030594812869625843e-01,7.948175159987078686e-01,7.873812143967048316e-01,7.944822697597959671e-01,7.873812143967049426e-01,7.806643020835211111e-01,7.798355975963131570e-01,9.999999999999951150e-01,7.877469474885319123e-01,7.937095363637357570e-01,7.802079684106756341e-01,7.880414305475555992e-01,7.962990142907087066e-01,7.883423571590159051e-01,7.877166176768336525e-01,7.958841107760825651e-01,7.877053213874374293e-01,7.803443831090247640e-01,7.873812143967028332e-01,7.803420766911692841e-01,7.802079684106757451e-01,7.926187566411315721e-01,7.877469474885319123e-01,9.999999999999951150e-01,7.972545382717236562e-01,7.954852685489053332e-01,7.886213571528364330e-01,8.017019110969852980e-01,7.955180216698649609e-01,7.954508571456735400e-01,8.034376026812376503e-01,7.951654779535707318e-01,7.877053213874393167e-01,7.948175159987076466e-01,7.877166176768355399e-01,7.937095363637362011e-01,7.968834608113486428e-01,7.937095363637357570e-01,7.972545382717236562e-01,9.999999999999951150e-01,7.972545382717238782e-01,8.016417876299696266e-01,8.066312765347816160e-01,8.016417876299694045e-01,8.034376026812377614e-01,8.120328630221134159e-01,8.034376026812379834e-01,7.958841107760847855e-01,8.030594812869626953e-01,7.958841107760847855e-01,7.877469474885324674e-01,7.926187566411315721e-01,7.802079684106756341e-01,7.954852685489053332e-01,7.972545382717238782e-01,9.999999999999951150e-01,7.955180216698652940e-01,8.017019110969855200e-01,7.886213571528365440e-01,7.951654779535708428e-01,8.034376026812378724e-01,7.954508571456737620e-01,7.877166176768357619e-01,7.948175159987078686e-01,7.877053213874394277e-01,7.883423571590165713e-01,7.951745074492680976e-01,7.880414305475555992e-01,7.886213571528364330e-01,8.016417876299696266e-01,7.955180216698652940e-01,9.999999999999951150e-01,7.980314093522140606e-01,7.961313211594925887e-01,7.886213571528354338e-01,8.016417876299684053e-01,7.955180216698642948e-01,7.883423571590172374e-01,7.951745074492670984e-01,7.880414305475567094e-01,7.962990142907091506e-01,8.037578318131132216e-01,7.962990142907087066e-01,8.017019110969852980e-01,8.066312765347816160e-01,8.017019110969855200e-01,7.980314093522140606e-01,9.999999999999951150e-01,7.980314093522139496e-01,8.017019110969842988e-01,8.066312765347805058e-01,8.017019110969845208e-01,7.962990142907099278e-01,8.037578318131122224e-01,7.962990142907098168e-01,7.880414305475559322e-01,7.951745074492678755e-01,7.883423571590159051e-01,7.955180216698649609e-01,8.016417876299694045e-01,7.886213571528365440e-01,7.961313211594925887e-01,7.980314093522139496e-01,9.999999999999951150e-01,7.955180216698640727e-01,8.016417876299681833e-01,7.886213571528353228e-01,7.880414305475565984e-01,7.951745074492669874e-01,7.883423571590171264e-01,7.877053213874376514e-01,7.948175159987079796e-01,7.877166176768336525e-01,7.954508571456735400e-01,8.034376026812377614e-01,7.951654779535708428e-01,7.886213571528354338e-01,8.017019110969842988e-01,7.955180216698640727e-01,9.999999999999951150e-01,7.972545382717215467e-01,7.954852685489035569e-01,7.802079684106756341e-01,7.926187566411294627e-01,7.877469474885321343e-01,7.958841107760828981e-01,8.030594812869625843e-01,7.958841107760825651e-01,8.034376026812376503e-01,8.120328630221134159e-01,8.034376026812378724e-01,8.016417876299684053e-01,8.066312765347805058e-01,8.016417876299681833e-01,7.972545382717215467e-01,9.999999999999951150e-01,7.972545382717215467e-01,7.937095363637356460e-01,7.968834608113463114e-01,7.937095363637354239e-01,7.877166176768342076e-01,7.948175159987078686e-01,7.877053213874374293e-01,7.951654779535707318e-01,8.034376026812379834e-01,7.954508571456737620e-01,7.955180216698642948e-01,8.017019110969845208e-01,7.886213571528353228e-01,7.954852685489035569e-01,7.972545382717215467e-01,9.999999999999951150e-01,7.877469474885322454e-01,7.926187566411295737e-01,7.802079684106755231e-01,7.803420766911698392e-01,7.873812143967048316e-01,7.803443831090247640e-01,7.877053213874393167e-01,7.958841107760847855e-01,7.877166176768357619e-01,7.883423571590172374e-01,7.962990142907099278e-01,7.880414305475565984e-01,7.802079684106756341e-01,7.937095363637356460e-01,7.877469474885322454e-01,9.999999999999951150e-01,7.798355975963130460e-01,7.806643020835227764e-01,7.873812143967032773e-01,7.944822697597959671e-01,7.873812143967028332e-01,7.948175159987076466e-01,8.030594812869626953e-01,7.948175159987078686e-01,7.951745074492670984e-01,8.037578318131122224e-01,7.951745074492669874e-01,7.926187566411294627e-01,7.968834608113463114e-01,7.926187566411295737e-01,7.798355975963130460e-01,9.999999999999951150e-01,7.798355975963129350e-01,7.803443831090252081e-01,7.873812143967049426e-01,7.803420766911692841e-01,7.877166176768355399e-01,7.958841107760847855e-01,7.877053213874394277e-01,7.880414305475567094e-01,7.962990142907098168e-01,7.883423571590171264e-01,7.877469474885321343e-01,7.937095363637354239e-01,7.802079684106755231e-01,7.806643020835227764e-01,7.798355975963129350e-01,9.999999999999951150e-01
9.999999999999963363e-01,8.881118937778087474e-01,8.770362486616174458e-01,8.880907524955229393e-01,9.022744021374083934e-01,8.897851183776365191e-01,8.897651828581940592e-01,9.021443274700308157e-01,8.896838819110914898e-01,8.896876411532700368e-01,9.021461097031853171e-01,8.897082538614539127e-01,8.769178493842222366e-01,8.897329201194373871e-01,8.769177196098070226e-01,8.881118937778087474e-01,9.999999999999963363e-01,8.881118937778083033e-01,9.027933817995508203e-01,9.145799848252306186e-01,9.027933817995512644e-01,9.027418807238314358e-01,9.152967270087511986e-01,9.027418807238309917e-01,9.027033766562304606e-01,9.153225237322507590e-01,9.027033766562303496e-01,8.897329201194393855e-01,9.027355551547857626e-01,8.897329201194393855e-01,8.770362486616174458e-01,8.881118937778083033e-01,9.999999999999963363e-01,8.897851183776357420e-01,9.022744021374082823e-01,8.880907524955230503e-01,8.896838819110914898e-01,9.021443274700302606e-01,8.897651828581931710e-01,8.897082538614536906e-01,9.021461097031848730e-01,8.896876411532697038e-01,8.769177196098064675e-01,8.897329201194370540e-01,8.769178493842220146e-01,8.880907524955229393e-01,9.027933817995508203e-01,8.897851183776357420e-01,9.999999999999963363e-01,9.145546422708618062e-01,9.027396905399149851e-01,9.014802974262619006e-01,9.154342285832741677e-01,9.027092430873724371e-01,9.027551660589351323e-01,9.153653676787818494e-01,9.026957461034212926e-01,8.896876411532719242e-01,9.027033766562302386e-01,8.897082538614559111e-01,9.022744021374083934e-01,9.145799848252306186e-01,9.022744021374082823e-01,9.145546422708618062e-01,9.999999999999963363e-01,9.145546422708622503e-01,9.154687751354272374e-01,9.275650007256960317e-01,9.154687751354267933e-01,9.153653676787830706e-01,9.281289907084707691e-01,9.153653676787831817e-01,9.021461097031884258e-01,9.153225237322517582e-01,9.021461097031884258e-01,8.897851183776365191e-01,9.027933817995512644e-01,8.880907524955230503e-01,9.027396905399149851e-01,9.145546422708622503e-01,9.999999999999963363e-01,9.027092430873735474e-01,9.154342285832747228e-01,9.014802974262620117e-01,9.026957461034219588e-01,9.153653676787822935e-01,9.027551660589355764e-01,8.897082538614563552e-01,9.027033766562306827e-01,8.896876411532723683e-01,8.897651828581940592e-01,9.027418807238314358e-01,8.896838819110914898e-01,9.014802974262619006e-01,9.154687751354272374e-01,9.027092430873735474e-01,9.999999999999963363e-01,9.144460703745891372e-01,9.026668522180042453e-01,9.014802974262604573e-01,9.154687751354243508e-01,9.027092430873715490e-01,8.897651828581943922e-01,9.027418807238298815e-01,8.896838819110923779e-01,9.021443274700308157e-01,9.152967270087511986e-01,9.021443274700302606e-01,9.154342285832741677e-01,9.275650007256960317e-01,9.154342285832747228e-01,9.144460703745891372e-01,9.999999999999963363e-01,9.144460703745886931e-01,9.154342285832727244e-01,9.275650007256930341e-01,9.154342285832727244e-01,9.021443274700311488e-01,9.152967270087495333e-01,9.021443274700311488e-01,8.896838819110914898e-01,9.027418807238309917e-01,8.897651828581931710e-01,9.027092430873724371e-01,9.154687751354267933e-01,9.014802974262620117e-01,9.026668522180042453e-01,9.144460703745886931e-01,9.999999999999963363e-01,9.027092430873711049e-01,9.154687751354239067e-01,9.014802974262600133e-01,8.896838819110918228e-01,9.027418807238294374e-01,8.897651828581940592e-01,8.896876411532700368e-01,9.027033766562304606e-01,8.897082538614536906e-01,9.027551660589351323e-01,9.153653676787830706e-01,9.026957461034219588e-01,9.014802974262604573e-01,9.154342285832727244e-01,9.027092430873711049e-01,9.999999999999963363e-01,9.145546422708574763e-01,9.027396905399116545e-01,8.880907524955218291e-01,9.027933817995478227e-01,8.897851183776350759e-01,9.021461097031853171e-01,9.153225237322507590e-01,9.021461097031848730e-01,9.153653676787818494e-01,9.281289907084707691e-01,9.153653676787822935e-01,9.154687751354243508e-01,9.275650007256930341e-01,9.154687751354239067e-01,9.145546422708574763e-01,9.999999999999963363e-01,9.145546422708573653e-01,9.022744021374061729e-01,9.145799848252261777e-01,9.022744021374062839e-01,8.897082538614539127e-01,9.027033766562303496e-01,8.896876411532697038e-01,9.026957461034212926e-01,9.153653676787831817e-01,9.027551660589355764e-01,9.027092430873715490e-01,9.154342285832727244e-01,9.014802974262600133e-01,9.027396905399116545e-01,9.145546422708573653e-01,9.999999999999963363e-01,8.897851183776349648e-01,9.027933817995477117e-01,8.880907524955220511e-01,8.769178493842222366e-01,8.897329201194393855e-01,8.769177196098064675e-01,8.896876411532719242e-01,9.021461097031884258e-01,8.897082538614563552e-01,8.897651828581943922e-01,9.021443274700311488e-01,8.896838819110918228e-01,8.880907524955218291e-01,9.022744021374061729e-01,8.897851183776349648e-01,9.999999999999963363e-01,8.881118937778074152e-01,8.770362486616185560e-01,8.897329201194373871e-01,9.027355551547857626e-01,8.897329201194370540e-01,9.027033766562302386e-01,9.153225237322517582e-01,9.027033766562306827e-01,9.027418807238298815e-01,9.152967270087495333e-01,9.027418807238294374e-01,9.027933817995478227e-01,9.145799848252261777e-01,9.027933817995477117e-01,8.881118937778074152e-01,9.999999999999963363e-01,8.881118937778074152e-01,8.769177196098070226e-01,8.897329201194393855e-01,8.769178493842220146e-01,8.897082538614559111e-01,9.021461097031884258e-01,8.896876411532723683e-01,8.896838819110923779e-01,9.021443274700311488e-01,8.897651828581940592e-01,8.897851183776350759e-01,9.022744021374062839e-01,8.880907524955220511e-01,8.770362486616185560e-01,8.881118937778074152e-01,9.999999999999963363e-01
