1.000000000000000000e+00,1.000000000000000000e+00,1.000000000000000000e+00,1.000000000000000000e+00,1.000000000000000000e+00,1.000000000000000000e+00,1.000000000000000000e+00,1.000000000000000000e+00,1.000000000000000000e+00,1.000000000000000000e+00,1.000000000000000000e+00,1.000000000000000000e+00,1.000000000000000000e+00,1.000000000000000000e+00,1.000000000000000000e+00,1.000000000000000000e+00,1.000000000000000000e+00,1.000000000000000000e+00,1.000000000000000000e+00,1.000000000000000000e+00,1.000000000000000000e+00,1.000000000000000000e+00,1.000000000000000000e+00,1.000000000000000000e+00,1.000000000000000000e+00,1.000000000000000000e+00,1.000000000000000000e+00,1.000000000000000000e+00,1.000000000000000000e+00,1.000000000000000000e+00,1.000000000000000000e+00,1.000000000000000000e+00,1.000000000000000000e+00,1.000000000000000000e+00,1.000000000000000000e+00,1.000000000000000000e+00,1.000000000000000000e+00,1.000000000000000000e+00,1.000000000000000000e+00,1.000000000000000000e+00,1.000000000000000000e+00,1.000000000000000000e+00,1.000000000000000000e+00,1.000000000000000000e+00,1.000000000000000000e+00,1.000000000000000000e+00,1.000000000000000000e+00,1.000000000000000000e+00,1.000000000000000000e+00,1.000000000000000000e+00,1.000000000000000000e+00,1.000000000000000000e+00,1.000000000000000000e+00,1.000000000000000000e+00,1.000000000000000000e+00,1.000000000000000000e+00,1.000000000000000000e+00,1.000000000000000000e+00,1.000000000000000000e+00,1.000000000000000000e+00,1.000000000000000000e+00,1.000000000000000000e+00,1.000000000000000000e+00,1.000000000000000000e+00,1.000000000000000000e+00,1.000000000000000000e+00,1.000000000000000000e+00,1.000000000000000000e+00,1.000000000000000000e+00,1.000000000000000000e+00,1.000000000000000000e+00,1.000000000000000000e+00,1.000000000000000000e+00,1.000000000000000000e+00,1.000000000000000000e+00,1.000000000000000000e+00,1.000000000000000000e+00,1.000000000000000000e+00,1.000000000000000000e+00,1.000000000000000000e+00,1.000000000000000000e+00,1.000000000000000000e+00,1.000000000000000000e+00,1.000000000000000000e+00,1.000000000000000000e+00,1.000000000000000000e+00,1.000000000000000000e+00,1.000000000000000000e+00,1.000000000000000000e+00,1.000000000000000000e+00,1.000000000000000000e+00,1.000000000000000000e+00,1.000000000000000000e+00,1.000000000000000000e+00,1.000000000000000000e+00,1.000000000000000000e+00,1.000000000000000000e+00,1.000000000000000000e+00,1.000000000000000000e+00,1.000000000000000000e+00,1.000000000000000000e+00,1.000000000000000000e+00,1.000000000000000000e+00,1.000000000000000000e+00,1.000000000000000000e+00,1.000000000000000000e+00,1.000000000000000000e+00,1.000000000000000000e+00,1.000000000000000000e+00,1.000000000000000000e+00,1.000000000000000000e+00,1.000000000000000000e+00,1.000000000000000000e+00,1.000000000000000000e+00,1.000000000000000000e+00,1.000000000000000000e+00,1.000000000000000000e+00,1.000000000000000000e+00,1.000000000000000000e+00,1.000000000000000000e+00,1.000000000000000000e+00,1.000000000000000000e+00,1.000000000000000000e+00,1.000000000000000000e+00,1.000000000000000000e+00,1.000000000000000000e+00,1.000000000000000000e+00,1.000000000000000000e+00,1.000000000000000000e+00,1.000000000000000000e+00,1.000000000000000000e+00,1.000000000000000000e+00,1.000000000000000000e+00,1.000000000000000000e+00,1.000000000000000000e+00,1.000000000000000000e+00,1.000000000000000000e+00,1.000000000000000000e+00,1.000000000000000000e+00,1.000000000000000000e+00,1.000000000000000000e+00,1.000000000000000000e+00,1.000000000000000000e+00,1.000000000000000000e+00,1.000000000000000000e+00,1.000000000000000000e+00,1.000000000000000000e+00,1.000000000000000000e+00,1.000000000000000000e+00,1.000000000000000000e+00,1.000000000000000000e+00,1.000000000000000000e+00,1.000000000000000000e+00,1.000000000000000000e+00,1.000000000000000000e+00,1.000000000000000000e+00,1.000000000000000000e+00,1.000000000000000000e+00,1.000000000000000000e+00,1.000000000000000000e+00,1.000000000000000000e+00,1.000000000000000000e+00,1.000000000000000000e+00,1.000000000000000000e+00,1.000000000000000000e+00,1.000000000000000000e+00,1.000000000000000000e+00,1.000000000000000000e+00,1.000000000000000000e+00,1.000000000000000000e+00,1.000000000000000000e+00,1.000000000000000000e+00,1.000000000000000000e+00,1.000000000000000000e+00,1.000000000000000000e+00,1.000000000000000000e+00,1.000000000000000000e+00,1.000000000000000000e+00,1.000000000000000000e+00,1.000000000000000000e+00,1.000000000000000000e+00,1.000000000000000000e+00,1.000000000000000000e+00,1.000000000000000000e+00,1.000000000000000000e+00,1.000000000000000000e+00,1.000000000000000000e+00,1.000000000000000000e+00,1.000000000000000000e+00,1.000000000000000000e+00,1.000000000000000000e+00,1.000000000000000000e+00,1.000000000000000000e+00,1.000000000000000000e+00,1.000000000000000000e+00,1.000000000000000000e+00,1.000000000000000000e+00,1.000000000000000000e+00,1.000000000000000000e+00,1.000000000000000000e+00,1.000000000000000000e+00,1.000000000000000000e+00,1.000000000000000000e+00,1.000000000000000000e+00,1.000000000000000000e+00,1.000000000000000000e+00,1.000000000000000000e+00,1.000000000000000000e+00,1.000000000000000000e+00,1.000000000000000000e+00,1.000000000000000000e+00,1.000000000000000000e+00,1.000000000000000000e+00,1.000000000000000000e+00,1.000000000000000000e+00,1.000000000000000000e+00,1.000000000000000000e+00,1.000000000000000000e+00,1.000000000000000000e+00,1.000000000000000000e+00,1.000000000000000000e+00,1.000000000000000000e+00,1.000000000000000000e+00,1.000000000000000000e+00,1.000000000000000000e+00
1.000000000000000222e+00,8.606179080418336902e-01,8.618969014041659715e-01,8.606226993145126292e-01,8.623528467874574943e-01,8.621924641788440979e-01,8.621926993395332417e-01,8.625112522184977815e-01,8.622038216955066892e-01,8.622000462040955160e-01,8.625136120864004274e-01,8.622011626696809428e-01,8.619101155627850730e-01,8.621966361119978162e-01,8.619102689219088065e-01,8.606179080418336902e-01,1.000000000000000222e+00,8.606179080418333571e-01,8.623263430608376634e-01,8.612255287297546635e-01,8.623263430608374414e-01,8.624835265472763357e-01,8.627937850813921505e-01,8.624835265472764467e-01,8.624870587838844305e-01,8.627998490450466962e-01,8.624870587838844305e-01,8.621966361119981492e-01,8.624831484342275756e-01,8.621966361119981492e-01,8.618969014041659715e-01,8.606179080418333571e-01,1.000000000000000222e+00,8.621924641788442090e-01,8.623528467874574943e-01,8.606226993145127402e-01,8.622038216955066892e-01,8.625112522184978925e-01,8.621926993395332417e-01,8.622011626696808317e-01,8.625136120864004274e-01,8.622000462040956270e-01,8.619102689219088065e-01,8.621966361119979272e-01,8.619101155627850730e-01,8.606226993145126292e-01,8.623263430608376634e-01,8.621924641788442090e-01,1.000000000000000222e+00,8.612303260452638387e-01,8.624797504635026701e-01,8.609191274614200751e-01,8.626498259053410056e-01,8.624883850805727947e-01,8.624795896329864320e-01,8.627970834464985250e-01,8.624907296603154805e-01,8.622000462040955160e-01,8.624870587838843194e-01,8.622011626696807207e-01,8.623528467874574943e-01,8.612255287297546635e-01,8.623528467874574943e-01,8.612303260452638387e-01,1.000000000000000222e+00,8.612303260452635056e-01,8.626486534531206951e-01,8.615498265538393818e-01,8.626486534531206951e-01,8.627970834464984140e-01,8.631062704318575030e-01,8.627970834464985250e-01,8.625136120864006495e-01,8.627998490450468072e-01,8.625136120864005385e-01,8.621924641788440979e-01,8.623263430608374414e-01,8.606226993145127402e-01,8.624797504635026701e-01,8.612303260452635056e-01,1.000000000000000222e+00,8.624883850805727947e-01,8.626498259053410056e-01,8.609191274614200751e-01,8.624907296603155915e-01,8.627970834464985250e-01,8.624795896329864320e-01,8.622011626696808317e-01,8.624870587838843194e-01,8.622000462040956270e-01,8.621926993395332417e-01,8.624835265472763357e-01,8.622038216955066892e-01,8.609191274614200751e-01,8.626486534531206951e-01,8.624883850805727947e-01,1.000000000000000222e+00,8.612404069117103322e-01,8.624887610342335531e-01,8.609191274614200751e-01,8.626486534531206951e-01,8.624883850805727947e-01,8.621926993395333527e-01,8.624835265472763357e-01,8.622038216955066892e-01,8.625112522184977815e-01,8.627937850813921505e-01,8.625112522184978925e-01,8.626498259053410056e-01,8.615498265538393818e-01,8.626498259053410056e-01,8.612404069117103322e-01,1.000000000000000222e+00,8.612404069117103322e-01,8.626498259053410056e-01,8.615498265538393818e-01,8.626498259053410056e-01,8.625112522184978925e-01,8.627937850813921505e-01,8.625112522184978925e-01,8.622038216955066892e-01,8.624835265472764467e-01,8.621926993395332417e-01,8.624883850805727947e-01,8.626486534531206951e-01,8.609191274614200751e-01,8.624887610342335531e-01,8.612404069117103322e-01,1.000000000000000222e+00,8.624883850805727947e-01,8.626486534531206951e-01,8.609191274614200751e-01,8.622038216955066892e-01,8.624835265472763357e-01,8.621926993395333527e-01,8.622000462040955160e-01,8.624870587838844305e-01,8.622011626696808317e-01,8.624795896329864320e-01,8.627970834464984140e-01,8.624907296603155915e-01,8.609191274614200751e-01,8.626498259053410056e-01,8.624883850805727947e-01,1.000000000000000222e+00,8.612303260452636167e-01,8.624797504635025591e-01,8.606226993145127402e-01,8.623263430608374414e-01,8.621924641788442090e-01,8.625136120864004274e-01,8.627998490450466962e-01,8.625136120864004274e-01,8.627970834464985250e-01,8.631062704318575030e-01,8.627970834464985250e-01,8.626486534531206951e-01,8.615498265538393818e-01,8.626486534531206951e-01,8.612303260452636167e-01,1.000000000000000222e+00,8.612303260452635056e-01,8.623528467874573833e-01,8.612255287297545525e-01,8.623528467874573833e-01,8.622011626696809428e-01,8.624870587838844305e-01,8.622000462040956270e-01,8.624907296603154805e-01,8.627970834464985250e-01,8.624795896329864320e-01,8.624883850805727947e-01,8.626498259053410056e-01,8.609191274614200751e-01,8.624797504635025591e-01,8.612303260452635056e-01,1.000000000000000222e+00,8.621924641788440979e-01,8.623263430608375524e-01,8.606226993145127402e-01,8.619101155627850730e-01,8.621966361119981492e-01,8.619102689219088065e-01,8.622000462040955160e-01,8.625136120864006495e-01,8.622011626696808317e-01,8.621926993395333527e-01,8.625112522184978925e-01,8.622038216955066892e-01,8.606226993145127402e-01,8.623528467874573833e-01,8.621924641788440979e-01,1.000000000000000222e+00,8.606179080418335792e-01,8.618969014041661936e-01,8.621966361119978162e-01,8.624831484342275756e-01,8.621966361119979272e-01,8.624870587838843194e-01,8.627998490450468072e-01,8.624870587838843194e-01,8.624835265472763357e-01,8.627937850813921505e-01,8.624835265472763357e-01,8.623263430608374414e-01,8.612255287297545525e-01,8.623263430608375524e-01,8.606179080418335792e-01,1.000000000000000222e+00,8.606179080418335792e-01,8.619102689219088065e-01,8.621966361119981492e-01,8.619101155627850730e-01,8.622011626696807207e-01,8.625136120864005385e-01,8.622000462040956270e-01,8.622038216955066892e-01,8.625112522184978925e-01,8.621926993395333527e-01,8.621924641788442090e-01,8.623528467874573833e-01,8.606226993145127402e-01,8.618969014041661936e-01,8.606179080418335792e-01,1.000000000000000222e+00
9.999999999999985567e-01,6.613771662613373570e-01,6.799078613623829037e-01,6.614639932200071515e-01,6.890793021340320124e-01,6.851167539438227649e-01,6.856871549294292212e-01,6.913298530106016804e-01,6.851277634891856927e-01,6.850514872935991040e-01,6.911867425895272810e-01,6.850686683238640384e-01,6.793394103551444463e-01,6.849946438586893560e-01,6.793415774918664107e-01,6.613771662613373570e-01,9.999999999999985567e-01,6.613771662613373570e-01,6.886530484805124530e-01,6.750902607914770481e-01,6.886530484805124530e-01,6.908883054616310471e-01,6.975604606522085582e-01,6.908883054616306030e-01,6.907643907527516447e-01,6.969330908083000153e-01,6.907643907527520888e-01,6.849946438586903552e-01,6.906955955716129747e-01,6.849946438586904662e-01,6.799078613623829037e-01,6.613771662613373570e-01,9.999999999999985567e-01,6.851167539438227649e-01,6.890793021340322344e-01,6.614639932200074846e-01,6.851277634891862478e-01,6.913298530106017914e-01,6.856871549294289991e-01,6.850686683238638164e-01,6.911867425895272810e-01,6.850514872935994370e-01,6.793415774918665218e-01,6.849946438586894670e-01,6.793394103551443353e-01,6.614639932200071515e-01,6.886530484805124530e-01,6.851167539438227649e-01,9.999999999999985567e-01,6.751764259712296212e-01,6.913955954039192608e-01,6.681200301812887377e-01,6.950326117628315981e-01,6.909662427607551338e-01,6.913772593775031616e-01,6.970721168375515475e-01,6.908395735106106494e-01,6.850514872935999922e-01,6.907643907527516447e-01,6.850686683238647046e-01,6.890793021340320124e-01,6.750902607914770481e-01,6.890793021340322344e-01,6.751764259712296212e-01,9.999999999999985567e-01,6.751764259712297322e-01,6.950130599094466177e-01,6.823295357061281985e-01,6.950130599094461736e-01,6.970721168375521026e-01,7.037589624430324875e-01,6.970721168375524357e-01,6.911867425895288353e-01,6.969330908083006815e-01,6.911867425895288353e-01,6.851167539438227649e-01,6.886530484805124530e-01,6.614639932200074846e-01,6.913955954039192608e-01,6.751764259712297322e-01,9.999999999999985567e-01,6.909662427607555779e-01,6.950326117628317091e-01,6.681200301812884046e-01,6.908395735106105384e-01,6.970721168375515475e-01,6.913772593775036057e-01,6.850686683238648156e-01,6.907643907527517557e-01,6.850514872936001032e-01,6.856871549294292212e-01,6.908883054616310471e-01,6.851277634891862478e-01,6.681200301812887377e-01,6.950130599094466177e-01,6.909662427607555779e-01,9.999999999999985567e-01,6.753538303166994883e-01,6.915346024125312852e-01,6.681200301812877385e-01,6.950130599094450634e-01,6.909662427607549118e-01,6.856871549294294432e-01,6.908883054616301589e-01,6.851277634891862478e-01,6.913298530106016804e-01,6.975604606522085582e-01,6.913298530106017914e-01,6.950326117628315981e-01,6.823295357061281985e-01,6.950326117628317091e-01,6.753538303166994883e-01,9.999999999999985567e-01,6.753538303166989332e-01,6.950326117628305989e-01,6.823295357061264221e-01,6.950326117628308209e-01,6.913298530106017914e-01,6.975604606522076701e-01,6.913298530106017914e-01,6.851277634891856927e-01,6.908883054616306030e-01,6.856871549294289991e-01,6.909662427607551338e-01,6.950130599094461736e-01,6.681200301812884046e-01,6.915346024125312852e-01,6.753538303166989332e-01,9.999999999999985567e-01,6.909662427607541346e-01,6.950130599094446193e-01,6.681200301812876274e-01,6.851277634891858037e-01,6.908883054616298258e-01,6.856871549294289991e-01,6.850514872935991040e-01,6.907643907527516447e-01,6.850686683238638164e-01,6.913772593775031616e-01,6.970721168375521026e-01,6.908395735106105384e-01,6.681200301812877385e-01,6.950326117628305989e-01,6.909662427607541346e-01,9.999999999999985567e-01,6.751764259712269567e-01,6.913955954039177065e-01,6.614639932200063743e-01,6.886530484805104546e-01,6.851167539438219878e-01,6.911867425895272810e-01,6.969330908083000153e-01,6.911867425895272810e-01,6.970721168375515475e-01,7.037589624430324875e-01,6.970721168375515475e-01,6.950130599094450634e-01,6.823295357061264221e-01,6.950130599094446193e-01,6.751764259712269567e-01,9.999999999999985567e-01,6.751764259712272898e-01,6.890793021340304580e-01,6.750902607914741616e-01,6.890793021340305691e-01,6.850686683238640384e-01,6.907643907527520888e-01,6.850514872935994370e-01,6.908395735106106494e-01,6.970721168375524357e-01,6.913772593775036057e-01,6.909662427607549118e-01,6.950326117628308209e-01,6.681200301812876274e-01,6.913955954039177065e-01,6.751764259712272898e-01,9.999999999999985567e-01,6.851167539438223208e-01,6.886530484805108987e-01,6.614639932200065964e-01,6.793394103551444463e-01,6.849946438586903552e-01,6.793415774918665218e-01,6.850514872935999922e-01,6.911867425895288353e-01,6.850686683238648156e-01,6.856871549294294432e-01,6.913298530106017914e-01,6.851277634891858037e-01,6.614639932200063743e-01,6.890793021340304580e-01,6.851167539438223208e-01,9.999999999999985567e-01,6.613771662613363578e-01,6.799078613623832368e-01,6.849946438586893560e-01,6.906955955716129747e-01,6.849946438586894670e-01,6.907643907527516447e-01,6.969330908083006815e-01,6.907643907527517557e-01,6.908883054616301589e-01,6.975604606522076701e-01,6.908883054616298258e-01,6.886530484805104546e-01,6.750902607914741616e-01,6.886530484805108987e-01,6.613771662613363578e-01,9.999999999999985567e-01,6.613771662613363578e-01,6.793415774918664107e-01,6.849946438586904662e-01,6.793394103551443353e-01,6.850686683238647046e-01,6.911867425895288353e-01,6.850514872936001032e-01,6.851277634891862478e-01,6.913298530106017914e-01,6.856871549294289991e-01,6.851167539438219878e-01,6.890793021340305691e-01,6.614639932200065964e-01,6.799078613623832368e-01,6.613771662613363578e-01,9.999999999999985567e-01
9.999999999999985567e-01,6.918363504357022409e-01,6.978437329296848235e-01,6.919754195955492015e-01,7.226364246223386800e-01,7.111846753964168322e-01,7.123726431327074282e-01,7.266026576577987450e-01,7.107657688646871197e-01,7.105826432803823423e-01,7.259940412906011886e-01,7.106398785042312705e-01,6.960119059670972774e-01,7.105452192241498155e-01,6.960142656648332649e-01,6.918363504357022409e-01,9.999999999999985567e-01,6.918363504357024629e-01,7.220587860326458385e-01,7.270652901625553888e-01,7.220587860326460605e-01,7.260552143109958445e-01,7.426721397826838711e-01,7.260552143109950674e-01,7.254590496273509714e-01,7.411310617515607380e-01,7.254590496273511935e-01,7.105452192241520359e-01,7.253806578271374539e-01,7.105452192241521470e-01,6.978437329296848235e-01,6.918363504357024629e-01,9.999999999999985567e-01,7.111846753964166101e-01,7.226364246223389021e-01,6.919754195955497567e-01,7.107657688646878968e-01,7.266026576577987450e-01,7.123726431327067621e-01,7.106398785042309374e-01,7.259940412906011886e-01,7.105826432803827863e-01,6.960142656648332649e-01,7.105452192241499265e-01,6.960119059670972774e-01,6.919754195955492015e-01,7.220587860326458385e-01,7.111846753964166101e-01,9.999999999999985567e-01,7.271928820921018666e-01,7.271500551962849501e-01,7.092197364652332858e-01,7.381419211782426215e-01,7.261417543379488082e-01,7.270769441795935650e-01,7.417273826346639787e-01,7.256300693978572358e-01,7.105826432803840076e-01,7.254590496273503053e-01,7.106398785042328248e-01,7.226364246223386800e-01,7.270652901625553888e-01,7.226364246223389021e-01,7.271928820921018666e-01,9.999999999999985567e-01,7.271928820921020886e-01,7.381199244335465703e-01,7.453987356896367711e-01,7.381199244335456822e-01,7.417273826346656440e-01,7.585571252472618209e-01,7.417273826346661991e-01,7.259940412906047413e-01,7.411310617515622923e-01,7.259940412906048524e-01,7.111846753964168322e-01,7.220587860326460605e-01,6.919754195955497567e-01,7.271500551962849501e-01,7.271928820921020886e-01,9.999999999999985567e-01,7.261417543379498074e-01,7.381419211782429546e-01,7.092197364652327307e-01,7.256300693978571248e-01,7.417273826346642007e-01,7.270769441795942312e-01,7.106398785042329358e-01,7.254590496273507494e-01,7.105826432803843407e-01,7.123726431327074282e-01,7.260552143109958445e-01,7.107657688646878968e-01,7.092197364652332858e-01,7.381199244335465703e-01,7.261417543379498074e-01,9.999999999999985567e-01,7.274262743677445409e-01,7.272961154854251653e-01,7.092197364652316205e-01,7.381199244335432397e-01,7.261417543379484751e-01,7.123726431327079833e-01,7.260552143109940681e-01,7.107657688646883409e-01,7.266026576577987450e-01,7.426721397826838711e-01,7.266026576577987450e-01,7.381419211782426215e-01,7.453987356896367711e-01,7.381419211782429546e-01,7.274262743677445409e-01,9.999999999999985567e-01,7.274262743677436527e-01,7.381419211782409562e-01,7.453987356896331073e-01,7.381419211782414003e-01,7.266026576577990781e-01,7.426721397826819837e-01,7.266026576577991891e-01,7.107657688646871197e-01,7.260552143109950674e-01,7.123726431327067621e-01,7.261417543379488082e-01,7.381199244335456822e-01,7.092197364652327307e-01,7.272961154854251653e-01,7.274262743677436527e-01,9.999999999999985567e-01,7.261417543379472539e-01,7.381199244335423515e-01,7.092197364652310654e-01,7.107657688646873417e-01,7.260552143109932910e-01,7.123726431327072062e-01,7.105826432803823423e-01,7.254590496273509714e-01,7.106398785042309374e-01,7.270769441795935650e-01,7.417273826346656440e-01,7.256300693978571248e-01,7.092197364652316205e-01,7.381419211782409562e-01,7.261417543379472539e-01,9.999999999999985567e-01,7.271928820920965375e-01,7.271500551962821746e-01,6.919754195955479803e-01,7.220587860326421747e-01,7.111846753964157219e-01,7.259940412906011886e-01,7.411310617515607380e-01,7.259940412906011886e-01,7.417273826346639787e-01,7.585571252472618209e-01,7.417273826346642007e-01,7.381199244335432397e-01,7.453987356896331073e-01,7.381199244335423515e-01,7.271928820920965375e-01,9.999999999999985567e-01,7.271928820920967595e-01,7.226364246223356824e-01,7.270652901625495046e-01,7.226364246223357934e-01,7.106398785042312705e-01,7.254590496273511935e-01,7.105826432803827863e-01,7.256300693978572358e-01,7.417273826346661991e-01,7.270769441795942312e-01,7.261417543379484751e-01,7.381419211782414003e-01,7.092197364652310654e-01,7.271500551962821746e-01,7.271928820920967595e-01,9.999999999999985567e-01,7.111846753964159440e-01,7.220587860326426188e-01,6.919754195955485354e-01,6.960119059670972774e-01,7.105452192241520359e-01,6.960142656648332649e-01,7.105826432803840076e-01,7.259940412906047413e-01,7.106398785042329358e-01,7.123726431327079833e-01,7.266026576577990781e-01,7.107657688646873417e-01,6.919754195955479803e-01,7.226364246223356824e-01,7.111846753964159440e-01,9.999999999999985567e-01,6.918363504357004645e-01,6.978437329296858227e-01,7.105452192241498155e-01,7.253806578271374539e-01,7.105452192241499265e-01,7.254590496273503053e-01,7.411310617515622923e-01,7.254590496273507494e-01,7.260552143109940681e-01,7.426721397826819837e-01,7.260552143109932910e-01,7.220587860326421747e-01,7.270652901625495046e-01,7.220587860326426188e-01,6.918363504357004645e-01,9.999999999999985567e-01,6.918363504357005755e-01,6.960142656648332649e-01,7.105452192241521470e-01,6.960119059670972774e-01,7.106398785042328248e-01,7.259940412906048524e-01,7.105826432803843407e-01,7.107657688646883409e-01,7.266026576577991891e-01,7.123726431327072062e-01,7.111846753964157219e-01,7.226364246223357934e-01,6.919754195955485354e-01,6.978437329296858227e-01,6.918363504357005755e-01,9.999999999999985567e-01
1.000000000000000000e+00,8.937087640609628902e-01,8.778749904167127971e-01,8.934887206302137841e-01,9.077430831022670343e-01,8.934069406020629378e-01,8.935503379757676612e-01,9.080865475582186042e-01,8.930098800098621448e-01,8.931863638145074447e-01,9.081818624887828539e-01,8.932342436648179618e-01,8.771969398957285557e-01,8.934536691056592650e-01,8.771957316926181081e-01,8.937087640609628902e-01,1.000000000000000000e+00,8.937087640609631123e-01,9.092814800888088245e-01,9.260823368501259756e-01,9.092814800888092686e-01,9.096814366277548025e-01,9.251455164779400775e-01,9.096814366277539143e-01,9.097701750615299066e-01,9.250060837283600179e-01,9.097701750615301286e-01,8.934536691056617075e-01,9.100130353035194020e-01,8.934536691056618185e-01,8.778749904167127971e-01,8.937087640609631123e-01,1.000000000000000000e+00,8.934069406020627158e-01,9.077430831022671454e-01,8.934887206302140061e-01,8.930098800098629219e-01,9.080865475582187152e-01,8.935503379757669951e-01,8.932342436648177397e-01,9.081818624887828539e-01,8.931863638145077777e-01,8.771957316926182191e-01,8.934536691056593760e-01,8.771969398957287778e-01,8.934887206302137841e-01,9.092814800888088245e-01,8.934069406020627158e-01,1.000000000000000000e+00,9.258411882330412901e-01,9.100294318877972799e-01,9.099592902583422127e-01,9.242118962088058387e-01,9.094468422559166543e-01,9.100406086264918315e-01,9.249238273073299155e-01,9.095957647230412668e-01,8.931863638145091100e-01,9.097701750615291294e-01,8.932342436648196271e-01,9.077430831022670343e-01,9.260823368501259756e-01,9.077430831022671454e-01,9.258411882330412901e-01,1.000000000000000000e+00,9.258411882330417342e-01,9.242052080002691739e-01,9.412397742070339746e-01,9.242052080002683967e-01,9.249238273073311367e-01,9.405982076224328470e-01,9.249238273073315808e-01,9.081818624887859626e-01,9.250060837283605730e-01,9.081818624887860736e-01,8.934069406020629378e-01,9.092814800888092686e-01,8.934887206302140061e-01,9.100294318877972799e-01,9.258411882330417342e-01,1.000000000000000000e+00,9.094468422559177645e-01,9.242118962088060607e-01,9.099592902583416576e-01,9.095957647230413778e-01,9.249238273073302485e-01,9.100406086264923866e-01,8.932342436648198492e-01,9.097701750615294625e-01,8.931863638145095541e-01,8.935503379757676612e-01,9.096814366277548025e-01,8.930098800098629219e-01,9.099592902583422127e-01,9.242052080002691739e-01,9.094468422559177645e-01,1.000000000000000000e+00,9.253055507869611951e-01,9.095184344774718266e-01,9.099592902583407694e-01,9.242052080002666203e-01,9.094468422559165433e-01,8.935503379757682163e-01,9.096814366277529151e-01,8.930098800098635881e-01,9.080865475582186042e-01,9.251455164779400775e-01,9.080865475582187152e-01,9.242118962088058387e-01,9.412397742070339746e-01,9.242118962088060607e-01,9.253055507869611951e-01,1.000000000000000000e+00,9.253055507869604179e-01,9.242118962088043954e-01,9.412397742070313100e-01,9.242118962088048395e-01,9.080865475582191593e-01,9.251455164779381901e-01,9.080865475582193813e-01,8.930098800098621448e-01,9.096814366277539143e-01,8.935503379757669951e-01,9.094468422559166543e-01,9.242052080002683967e-01,9.099592902583416576e-01,9.095184344774718266e-01,9.253055507869604179e-01,1.000000000000000000e+00,9.094468422559153220e-01,9.242052080002657322e-01,9.099592902583404364e-01,8.930098800098626999e-01,9.096814366277520270e-01,8.935503379757675502e-01,8.931863638145074447e-01,9.097701750615299066e-01,8.932342436648177397e-01,9.100406086264918315e-01,9.249238273073311367e-01,9.095957647230413778e-01,9.099592902583407694e-01,9.242118962088043954e-01,9.094468422559153220e-01,1.000000000000000000e+00,9.258411882330375153e-01,9.100294318877950595e-01,8.934887206302130069e-01,9.092814800888057158e-01,8.934069406020620496e-01,9.081818624887828539e-01,9.250060837283600179e-01,9.081818624887828539e-01,9.249238273073299155e-01,9.405982076224328470e-01,9.249238273073302485e-01,9.242052080002666203e-01,9.412397742070313100e-01,9.242052080002657322e-01,9.258411882330375153e-01,1.000000000000000000e+00,9.258411882330379594e-01,9.077430831022649249e-01,9.260823368501216457e-01,9.077430831022650359e-01,8.932342436648179618e-01,9.097701750615301286e-01,8.931863638145077777e-01,9.095957647230412668e-01,9.249238273073315808e-01,9.100406086264923866e-01,9.094468422559165433e-01,9.242118962088048395e-01,9.099592902583404364e-01,9.100294318877950595e-01,9.258411882330379594e-01,1.000000000000000000e+00,8.934069406020622717e-01,9.092814800888059379e-01,8.934887206302134510e-01,8.771969398957285557e-01,8.934536691056617075e-01,8.771957316926182191e-01,8.931863638145091100e-01,9.081818624887859626e-01,8.932342436648198492e-01,8.935503379757682163e-01,9.080865475582191593e-01,8.930098800098626999e-01,8.934887206302130069e-01,9.077430831022649249e-01,8.934069406020622717e-01,1.000000000000000000e+00,8.937087640609614470e-01,8.778749904167141294e-01,8.934536691056592650e-01,9.100130353035194020e-01,8.934536691056593760e-01,9.097701750615291294e-01,9.250060837283605730e-01,9.097701750615294625e-01,9.096814366277529151e-01,9.251455164779381901e-01,9.096814366277520270e-01,9.092814800888057158e-01,9.260823368501216457e-01,9.092814800888059379e-01,8.937087640609614470e-01,1.000000000000000000e+00,8.937087640609615580e-01,8.771957316926181081e-01,8.934536691056618185e-01,8.771969398957287778e-01,8.932342436648196271e-01,9.081818624887860736e-01,8.931863638145095541e-01,8.930098800098635881e-01,9.080865475582193813e-01,8.935503379757675502e-01,8.934069406020620496e-01,9.077430831022650359e-01,8.934887206302134510e-01,8.778749904167141294e-01,8.937087640609615580e-01,1.000000000000000000e+00
9.999999999999977796e-01,9.906865257456642926e-01,9.914429198904378682e-01,9.904560115497660355e-01,9.838346599249917501e-01,9.902399990454974210e-01,9.900466142026846939e-01,9.838352517361959038e-01,9.899833225569608652e-01,9.902270798273478114e-01,9.838567324344420495e-01,9.902211754042865577e-01,9.914083016024234363e-01,9.904529913357210669e-01,9.914081267970711320e-01,9.906865257456642926e-01,9.999999999999977796e-01,9.906865257456642926e-01,9.892729244223558149e-01,9.834249941833150821e-01,9.892729244223559260e-01,9.890548876935570943e-01,9.829969260025829270e-01,9.890548876935572054e-01,9.892675536600152864e-01,9.829056672318776666e-01,9.892675536600152864e-01,9.904529913357207338e-01,9.894988128131763094e-01,9.904529913357207338e-01,9.914429198904378682e-01,9.906865257456642926e-01,9.999999999999977796e-01,9.902399990454974210e-01,9.838346599249915281e-01,9.904560115497659245e-01,9.899833225569606432e-01,9.838352517361959038e-01,9.900466142026846939e-01,9.902211754042865577e-01,9.838567324344419385e-01,9.902270798273477004e-01,9.914081267970710210e-01,9.904529913357210669e-01,9.914083016024233252e-01,9.904560115497660355e-01,9.892729244223558149e-01,9.902399990454974210e-01,9.999999999999977796e-01,9.831931750946509840e-01,9.891495930144581505e-01,9.891470433446322152e-01,9.826016292171561028e-01,9.888228049312040024e-01,9.891354968535873704e-01,9.827171969733603518e-01,9.890414749349617507e-01,9.902270798273478114e-01,9.892675536600152864e-01,9.902211754042864467e-01,9.838346599249917501e-01,9.834249941833150821e-01,9.838346599249915281e-01,9.831931750946509840e-01,9.999999999999977796e-01,9.831931750946508730e-01,9.824087449666787375e-01,9.769541874534651837e-01,9.824087449666789595e-01,9.827171969733590196e-01,9.765154321433545670e-01,9.827171969733591306e-01,9.838567324344408282e-01,9.829056672318765564e-01,9.838567324344407172e-01,9.902399990454974210e-01,9.892729244223559260e-01,9.904560115497659245e-01,9.891495930144581505e-01,9.831931750946508730e-01,9.999999999999977796e-01,9.888228049312037804e-01,9.826016292171559918e-01,9.891470433446323263e-01,9.890414749349618617e-01,9.827171969733602408e-01,9.891354968535873704e-01,9.902211754042865577e-01,9.892675536600153974e-01,9.902270798273477004e-01,9.900466142026846939e-01,9.890548876935570943e-01,9.899833225569606432e-01,9.891470433446322152e-01,9.824087449666787375e-01,9.888228049312037804e-01,9.999999999999977796e-01,9.829021621935906117e-01,9.886623015498308131e-01,9.891470433446324373e-01,9.824087449666801808e-01,9.888228049312042245e-01,9.900466142026848049e-01,9.890548876935575384e-01,9.899833225569608652e-01,9.838352517361959038e-01,9.829969260025829270e-01,9.838352517361959038e-01,9.826016292171561028e-01,9.769541874534651837e-01,9.826016292171559918e-01,9.829021621935906117e-01,9.999999999999977796e-01,9.829021621935907227e-01,9.826016292171563249e-01,9.769541874534666270e-01,9.826016292171564359e-01,9.838352517361960148e-01,9.829969260025833711e-01,9.838352517361961258e-01,9.899833225569608652e-01,9.890548876935572054e-01,9.900466142026846939e-01,9.888228049312040024e-01,9.824087449666789595e-01,9.891470433446323263e-01,9.886623015498308131e-01,9.829021621935907227e-01,9.999999999999977796e-01,9.888228049312042245e-01,9.824087449666804028e-01,9.891470433446326593e-01,9.899833225569609763e-01,9.890548876935576494e-01,9.900466142026850269e-01,9.902270798273478114e-01,9.892675536600152864e-01,9.902211754042865577e-01,9.891354968535873704e-01,9.827171969733590196e-01,9.890414749349618617e-01,9.891470433446324373e-01,9.826016292171563249e-01,9.888228049312042245e-01,9.999999999999977796e-01,9.831931750946526494e-01,9.891495930144588167e-01,9.904560115497662576e-01,9.892729244223565921e-01,9.902399990454977541e-01,9.838567324344420495e-01,9.829056672318776666e-01,9.838567324344419385e-01,9.827171969733603518e-01,9.765154321433545670e-01,9.827171969733602408e-01,9.824087449666801808e-01,9.769541874534666270e-01,9.824087449666804028e-01,9.831931750946526494e-01,9.999999999999977796e-01,9.831931750946527604e-01,9.838346599249931934e-01,9.834249941833169695e-01,9.838346599249931934e-01,9.902211754042865577e-01,9.892675536600152864e-01,9.902270798273477004e-01,9.890414749349617507e-01,9.827171969733591306e-01,9.891354968535873704e-01,9.888228049312042245e-01,9.826016292171564359e-01,9.891470433446326593e-01,9.891495930144588167e-01,9.831931750946527604e-01,9.999999999999977796e-01,9.902399990454977541e-01,9.892729244223564811e-01,9.904560115497663686e-01,9.914083016024234363e-01,9.904529913357207338e-01,9.914081267970710210e-01,9.902270798273478114e-01,9.838567324344408282e-01,9.902211754042865577e-01,9.900466142026848049e-01,9.838352517361960148e-01,9.899833225569609763e-01,9.904560115497662576e-01,9.838346599249931934e-01,9.902399990454977541e-01,9.999999999999977796e-01,9.906865257456647367e-01,9.914429198904380902e-01,9.904529913357210669e-01,9.894988128131763094e-01,9.904529913357210669e-01,9.892675536600152864e-01,9.829056672318765564e-01,9.892675536600153974e-01,9.890548876935575384e-01,9.829969260025833711e-01,9.890548876935576494e-01,9.892729244223565921e-01,9.834249941833169695e-01,9.892729244223564811e-01,9.906865257456647367e-01,9.999999999999977796e-01,9.906865257456647367e-01,9.914081267970711320e-01,9.904529913357207338e-01,9.914083016024233252e-01,9.902211754042864467e-01,9.838567324344407172e-01,9.902270798273477004e-01,9.899833225569608652e-01,9.838352517361961258e-01,9.900466142026850269e-01,9.902399990454977541e-01,9.838346599249931934e-01,9.904560115497663686e-01,9.914429198904380902e-01,9.906865257456647367e-01,9.999999999999977796e-01
9.999999999999964473e-01,8.520449700145973360e-01,8.767327245632261512e-01,8.532328829386606195e-01,8.319200579819716612e-01,8.564685713464941230e-01,8.575786267259888351e-01,8.326722089769172941e-01,8.577356228562896812e-01,8.565190738425002559e-01,8.310056620200589883e-01,8.565860818040033076e-01,8.768506337260741912e-01,8.554430738212086549e-01,8.768446677721646321e-01,8.520449700145973360e-01,9.999999999999964473e-01,8.520449700145973360e-01,8.365178994634143717e-01,8.042795779342597484e-01,8.365178994634141496e-01,8.366632198959070843e-01,8.120291290317213084e-01,8.366632198959081945e-01,8.356346890343877565e-01,8.106994110059515535e-01,8.356346890343874234e-01,8.554430738212056573e-01,8.345647901467737606e-01,8.554430738212055463e-01,8.767327245632261512e-01,8.520449700145973360e-01,9.999999999999964473e-01,8.564685713464945671e-01,8.319200579819714392e-01,8.532328829386600644e-01,8.577356228562885709e-01,8.326722089769172941e-01,8.575786267259901674e-01,8.565860818040035296e-01,8.310056620200589883e-01,8.565190738425000339e-01,8.768446677721646321e-01,8.554430738212087659e-01,8.768506337260741912e-01,8.532328829386606195e-01,8.365178994634143717e-01,8.564685713464945671e-01,9.999999999999964473e-01,8.054542572017447943e-01,8.364572531080729512e-01,8.333284430080113436e-01,8.146772402389452772e-01,8.377668352525919904e-01,8.365221770830074677e-01,8.116722150815121051e-01,8.367888008727719651e-01,8.565190738424980355e-01,8.356346890343886447e-01,8.565860818040014202e-01,8.319200579819716612e-01,8.042795779342597484e-01,8.319200579819714392e-01,8.054542572017447943e-01,9.999999999999964473e-01,8.054542572017440172e-01,8.140525543710572798e-01,7.807195390700669702e-01,8.140525543710582790e-01,8.116722150815093295e-01,7.870736125488153601e-01,8.116722150815088854e-01,8.310056620200542143e-01,8.106994110059498881e-01,8.310056620200541033e-01,8.564685713464941230e-01,8.365178994634141496e-01,8.532328829386600644e-01,8.364572531080729512e-01,8.054542572017440172e-01,9.999999999999964473e-01,8.377668352525903250e-01,8.146772402389449441e-01,8.333284430080120098e-01,8.367888008727719651e-01,8.116722150815116610e-01,8.365221770830065795e-01,8.565860818040009761e-01,8.356346890343883116e-01,8.565190738424975914e-01,8.575786267259888351e-01,8.366632198959070843e-01,8.577356228562885709e-01,8.333284430080113436e-01,8.140525543710572798e-01,8.377668352525903250e-01,9.999999999999964473e-01,8.084506995573605970e-01,8.387691674087819349e-01,8.333284430080125649e-01,8.140525543710609435e-01,8.377668352525916573e-01,8.575786267259881690e-01,8.366632198959093047e-01,8.577356228562875717e-01,8.326722089769172941e-01,8.120291290317213084e-01,8.326722089769172941e-01,8.146772402389452772e-01,7.807195390700669702e-01,8.146772402389449441e-01,8.084506995573605970e-01,9.999999999999964473e-01,8.084506995573618182e-01,8.146772402389464984e-01,7.807195390700709670e-01,8.146772402389461654e-01,8.326722089769166280e-01,8.120291290317235289e-01,8.326722089769165169e-01,8.577356228562896812e-01,8.366632198959081945e-01,8.575786267259901674e-01,8.377668352525919904e-01,8.140525543710582790e-01,8.333284430080120098e-01,8.387691674087819349e-01,8.084506995573618182e-01,9.999999999999964473e-01,8.377668352525931006e-01,8.140525543710621648e-01,8.333284430080134531e-01,8.577356228562889040e-01,8.366632198959104150e-01,8.575786267259891682e-01,8.565190738425002559e-01,8.356346890343877565e-01,8.565860818040035296e-01,8.365221770830074677e-01,8.116722150815093295e-01,8.367888008727719651e-01,8.333284430080125649e-01,8.146772402389464984e-01,8.377668352525931006e-01,9.999999999999964473e-01,8.054542572017502344e-01,8.364572531080760598e-01,8.532328829386612856e-01,8.365178994634181464e-01,8.564685713464949002e-01,8.310056620200589883e-01,8.106994110059515535e-01,8.310056620200589883e-01,8.116722150815121051e-01,7.870736125488153601e-01,8.116722150815116610e-01,8.140525543710609435e-01,7.807195390700709670e-01,8.140525543710621648e-01,8.054542572017502344e-01,9.999999999999964473e-01,8.054542572017500124e-01,8.319200579819748809e-01,8.042795779342661877e-01,8.319200579819747698e-01,8.565860818040033076e-01,8.356346890343874234e-01,8.565190738425000339e-01,8.367888008727719651e-01,8.116722150815088854e-01,8.365221770830065795e-01,8.377668352525916573e-01,8.146772402389461654e-01,8.333284430080134531e-01,8.364572531080760598e-01,8.054542572017500124e-01,9.999999999999964473e-01,8.564685713464945671e-01,8.365178994634177023e-01,8.532328829386608415e-01,8.768506337260741912e-01,8.554430738212056573e-01,8.768446677721646321e-01,8.565190738424980355e-01,8.310056620200542143e-01,8.565860818040009761e-01,8.575786267259881690e-01,8.326722089769166280e-01,8.577356228562889040e-01,8.532328829386612856e-01,8.319200579819748809e-01,8.564685713464945671e-01,9.999999999999964473e-01,8.520449700145988903e-01,8.767327245632242638e-01,8.554430738212086549e-01,8.345647901467737606e-01,8.554430738212087659e-01,8.356346890343886447e-01,8.106994110059498881e-01,8.356346890343883116e-01,8.366632198959093047e-01,8.120291290317235289e-01,8.366632198959104150e-01,8.365178994634181464e-01,8.042795779342661877e-01,8.365178994634177023e-01,8.520449700145988903e-01,9.999999999999964473e-01,8.520449700145987793e-01,8.768446677721646321e-01,8.554430738212055463e-01,8.768506337260741912e-01,8.565860818040014202e-01,8.310056620200541033e-01,8.565190738424975914e-01,8.577356228562875717e-01,8.326722089769165169e-01,8.575786267259891682e-01,8.564685713464949002e-01,8.319200579819747698e-01,8.532328829386608415e-01,8.767327245632242638e-01,8.520449700145987793e-01,9.999999999999964473e-01
