1.000000000000000000e+00,1.000000000000000000e+00,1.000000000000000000e+00,1.000000000000000000e+00,1.000000000000000000e+00,1.000000000000000000e+00,1.000000000000000000e+00,1.000000000000000000e+00,1.000000000000000000e+00,1.000000000000000000e+00,1.000000000000000000e+00,1.000000000000000000e+00,1.000000000000000000e+00,1.000000000000000000e+00,1.000000000000000000e+00,1.000000000000000000e+00,1.000000000000000000e+00,1.000000000000000000e+00,1.000000000000000000e+00,1.000000000000000000e+00,1.000000000000000000e+00,1.000000000000000000e+00,1.000000000000000000e+00,1.000000000000000000e+00,1.000000000000000000e+00,1.000000000000000000e+00,1.000000000000000000e+00,1.000000000000000000e+00,1.000000000000000000e+00,1.000000000000000000e+00,1.000000000000000000e+00,1.000000000000000000e+00,1.000000000000000000e+00,1.000000000000000000e+00,1.000000000000000000e+00,1.000000000000000000e+00,1.000000000000000000e+00,1.000000000000000000e+00,1.000000000000000000e+00,1.000000000000000000e+00,1.000000000000000000e+00,1.000000000000000000e+00,1.000000000000000000e+00,1.000000000000000000e+00,1.000000000000000000e+00,1.000000000000000000e+00,1.000000000000000000e+00,1.000000000000000000e+00,1.000000000000000000e+00,1.000000000000000000e+00,1.000000000000000000e+00,1.000000000000000000e+00,1.000000000000000000e+00,1.000000000000000000e+00,1.000000000000000000e+00,1.000000000000000000e+00,1.000000000000000000e+00,1.000000000000000000e+00,1.000000000000000000e+00,1.000000000000000000e+00,1.000000000000000000e+00,1.000000000000000000e+00,1.000000000000000000e+00,1.000000000000000000e+00,1.000000000000000000e+00,1.000000000000000000e+00,1.000000000000000000e+00,1.000000000000000000e+00,1.000000000000000000e+00,1.000000000000000000e+00,1.000000000000000000e+00,1.000000000000000000e+00,1.000000000000000000e+00,1.000000000000000000e+00,1.000000000000000000e+00,1.000000000000000000e+00,1.000000000000000000e+00,1.000000000000000000e+00,1.000000000000000000e+00,1.000000000000000000e+00,1.000000000000000000e+00,1.000000000000000000e+00,1.000000000000000000e+00,1.000000000000000000e+00,1.000000000000000000e+00,1.000000000000000000e+00,1.000000000000000000e+00,1.000000000000000000e+00,1.000000000000000000e+00,1.000000000000000000e+00,1.000000000000000000e+00,1.000000000000000000e+00,1.000000000000000000e+00,1.000000000000000000e+00,1.000000000000000000e+00,1.000000000000000000e+00,1.000000000000000000e+00,1.000000000000000000e+00,1.000000000000000000e+00,1.000000000000000000e+00,1.000000000000000000e+00,1.000000000000000000e+00,1.000000000000000000e+00,1.000000000000000000e+00,1.000000000000000000e+00,1.000000000000000000e+00,1.000000000000000000e+00,1.000000000000000000e+00,1.000000000000000000e+00,1.000000000000000000e+00,1.000000000000000000e+00,1.000000000000000000e+00,1.000000000000000000e+00,1.000000000000000000e+00,1.000000000000000000e+00,1.000000000000000000e+00,1.000000000000000000e+00,1.000000000000000000e+00,1.000000000000000000e+00,1.000000000000000000e+00,1.000000000000000000e+00,1.000000000000000000e+00,1.000000000000000000e+00,1.000000000000000000e+00,1.000000000000000000e+00,1.000000000000000000e+00,1.000000000000000000e+00,1.000000000000000000e+00,1.000000000000000000e+00,1.000000000000000000e+00,1.000000000000000000e+00,1.000000000000000000e+00,1.000000000000000000e+00,1.000000000000000000e+00,1.000000000000000000e+00,1.000000000000000000e+00,1.000000000000000000e+00,1.000000000000000000e+00,1.000000000000000000e+00,1.000000000000000000e+00,1.000000000000000000e+00,1.000000000000000000e+00,1.000000000000000000e+00,1.000000000000000000e+00,1.000000000000000000e+00,1.000000000000000000e+00,1.000000000000000000e+00,1.000000000000000000e+00,1.000000000000000000e+00,1.000000000000000000e+00,1.000000000000000000e+00,1.000000000000000000e+00,1.000000000000000000e+00,1.000000000000000000e+00,1.000000000000000000e+00,1.000000000000000000e+00,1.000000000000000000e+00,1.000000000000000000e+00,1.000000000000000000e+00,1.000000000000000000e+00,1.000000000000000000e+00,1.000000000000000000e+00,1.000000000000000000e+00,1.000000000000000000e+00,1.000000000000000000e+00,1.000000000000000000e+00,1.000000000000000000e+00,1.000000000000000000e+00,1.000000000000000000e+00,1.000000000000000000e+00,1.000000000000000000e+00,1.000000000000000000e+00,1.000000000000000000e+00,1.000000000000000000e+00,1.000000000000000000e+00,1.000000000000000000e+00,1.000000000000000000e+00,1.000000000000000000e+00,1.000000000000000000e+00,1.000000000000000000e+00,1.000000000000000000e+00,1.000000000000000000e+00,1.000000000000000000e+00,1.000000000000000000e+00,1.000000000000000000e+00,1.000000000000000000e+00,1.000000000000000000e+00,1.000000000000000000e+00,1.000000000000000000e+00,1.000000000000000000e+00,1.000000000000000000e+00,1.000000000000000000e+00,1.000000000000000000e+00,1.000000000000000000e+00,1.000000000000000000e+00,1.000000000000000000e+00,1.000000000000000000e+00,1.000000000000000000e+00,1.000000000000000000e+00,1.000000000000000000e+00,1.000000000000000000e+00,1.000000000000000000e+00,1.000000000000000000e+00,1.000000000000000000e+00,1.000000000000000000e+00,1.000000000000000000e+00,1.000000000000000000e+00,1.000000000000000000e+00,1.000000000000000000e+00,1.000000000000000000e+00,1.000000000000000000e+00,1.000000000000000000e+00,1.000000000000000000e+00,1.000000000000000000e+00,1.000000000000000000e+00,1.000000000000000000e+00,1.000000000000000000e+00,1.000000000000000000e+00,1.000000000000000000e+00,1.000000000000000000e+00,1.000000000000000000e+00,1.000000000000000000e+00,1.000000000000000000e+00,1.000000000000000000e+00,1.000000000000000000e+00
9.999999999999985567e-01,8.597388387591362591e-01,8.610139281880613282e-01,8.597435434852428449e-01,8.614672534483256428e-01,8.613073852917292328e-01,8.613076097700657074e-01,8.616238104993967362e-01,8.613185929073521319e-01,8.613148841295580338e-01,8.616261751665048596e-01,8.613159877114053842e-01,8.610269757490678355e-01,8.613115378528715116e-01,8.610271272026068790e-01,8.597388387591362591e-01,9.999999999999985567e-01,8.597388387591362591e-01,8.614410637118623537e-01,8.603416140723021410e-01,8.614410637118624647e-01,8.615964117364746100e-01,8.619044388215171271e-01,8.615964117364746100e-01,8.615999322908810543e-01,8.619104560052123221e-01,8.615999322908809432e-01,8.613115378528717336e-01,8.615960917803180408e-01,8.613115378528716226e-01,8.610139281880613282e-01,8.597388387591362591e-01,9.999999999999985567e-01,8.613073852917293438e-01,8.614672534483258648e-01,8.597435434852429559e-01,8.613185929073520208e-01,8.616238104993966251e-01,8.613076097700655964e-01,8.613159877114051621e-01,8.616261751665047486e-01,8.613148841295579228e-01,8.610271272026068790e-01,8.613115378528712895e-01,8.610269757490676135e-01,8.597435434852428449e-01,8.614410637118623537e-01,8.613073852917293438e-01,9.999999999999985567e-01,8.603463249188173512e-01,8.615926890221315970e-01,8.600376001874728837e-01,8.617620658519977717e-01,8.616011894658821557e-01,8.615925322132557129e-01,8.619076899119333390e-01,8.616035356259138522e-01,8.613148841295581448e-01,8.615999322908808322e-01,8.613159877114053842e-01,8.614672534483256428e-01,8.603416140723021410e-01,8.614672534483258648e-01,8.603463249188173512e-01,9.999999999999985567e-01,8.603463249188174622e-01,8.617609098498755227e-01,8.606631845713815787e-01,8.617609098498756337e-01,8.619076899119331170e-01,8.622146590735191296e-01,8.619076899119331170e-01,8.616261751665047486e-01,8.619104560052121000e-01,8.616261751665047486e-01,8.613073852917292328e-01,8.614410637118624647e-01,8.597435434852429559e-01,8.615926890221315970e-01,8.603463249188174622e-01,9.999999999999985567e-01,8.616011894658820447e-01,8.617620658519977717e-01,8.600376001874727727e-01,8.616035356259137412e-01,8.619076899119332280e-01,8.615925322132558239e-01,8.613159877114052732e-01,8.615999322908809432e-01,8.613148841295580338e-01,8.613076097700657074e-01,8.615964117364746100e-01,8.613185929073520208e-01,8.600376001874728837e-01,8.617609098498755227e-01,8.616011894658820447e-01,9.999999999999985567e-01,8.603562273261653459e-01,8.616015497808366952e-01,8.600376001874726617e-01,8.617609098498755227e-01,8.616011894658819337e-01,8.613076097700655964e-01,8.615964117364743879e-01,8.613185929073520208e-01,8.616238104993967362e-01,8.619044388215171271e-01,8.616238104993966251e-01,8.617620658519977717e-01,8.606631845713815787e-01,8.617620658519977717e-01,8.603562273261653459e-01,9.999999999999985567e-01,8.603562273261653459e-01,8.617620658519975496e-01,8.606631845713815787e-01,8.617620658519976606e-01,8.616238104993966251e-01,8.619044388215169050e-01,8.616238104993966251e-01,8.613185929073521319e-01,8.615964117364746100e-01,8.613076097700655964e-01,8.616011894658821557e-01,8.617609098498756337e-01,8.600376001874727727e-01,8.616015497808366952e-01,8.603562273261653459e-01,9.999999999999985567e-01,8.616011894658818226e-01,8.617609098498755227e-01,8.600376001874726617e-01,8.613185929073519098e-01,8.615964117364743879e-01,8.613076097700654854e-01,8.613148841295580338e-01,8.615999322908810543e-01,8.613159877114051621e-01,8.615925322132557129e-01,8.619076899119331170e-01,8.616035356259137412e-01,8.600376001874726617e-01,8.617620658519975496e-01,8.616011894658818226e-01,9.999999999999985567e-01,8.603463249188170181e-01,8.615926890221312640e-01,8.597435434852427338e-01,8.614410637118622427e-01,8.613073852917291218e-01,8.616261751665048596e-01,8.619104560052123221e-01,8.616261751665047486e-01,8.619076899119333390e-01,8.622146590735191296e-01,8.619076899119332280e-01,8.617609098498755227e-01,8.606631845713815787e-01,8.617609098498755227e-01,8.603463249188170181e-01,9.999999999999985567e-01,8.603463249188171291e-01,8.614672534483256428e-01,8.603416140723021410e-01,8.614672534483256428e-01,8.613159877114053842e-01,8.615999322908809432e-01,8.613148841295579228e-01,8.616035356259138522e-01,8.619076899119331170e-01,8.615925322132558239e-01,8.616011894658819337e-01,8.617620658519976606e-01,8.600376001874726617e-01,8.615926890221312640e-01,8.603463249188171291e-01,9.999999999999985567e-01,8.613073852917291218e-01,8.614410637118621317e-01,8.597435434852428449e-01,8.610269757490678355e-01,8.613115378528717336e-01,8.610271272026068790e-01,8.613148841295581448e-01,8.616261751665047486e-01,8.613159877114052732e-01,8.613076097700655964e-01,8.616238104993966251e-01,8.613185929073519098e-01,8.597435434852427338e-01,8.614672534483256428e-01,8.613073852917291218e-01,9.999999999999985567e-01,8.597388387591360370e-01,8.610139281880613282e-01,8.613115378528715116e-01,8.615960917803180408e-01,8.613115378528712895e-01,8.615999322908808322e-01,8.619104560052121000e-01,8.615999322908809432e-01,8.615964117364743879e-01,8.619044388215169050e-01,8.615964117364743879e-01,8.614410637118622427e-01,8.603416140723021410e-01,8.614410637118621317e-01,8.597388387591360370e-01,9.999999999999985567e-01,8.597388387591361480e-01,8.610271272026068790e-01,8.613115378528716226e-01,8.610269757490676135e-01,8.613159877114053842e-01,8.616261751665047486e-01,8.613148841295580338e-01,8.613185929073520208e-01,8.616238104993966251e-01,8.613076097700654854e-01,8.613073852917291218e-01,8.614672534483256428e-01,8.597435434852428449e-01,8.610139281880613282e-01,8.597388387591361480e-01,9.999999999999985567e-01
9.999999999999968914e-01,6.430881803022650001e-01,6.636053482387707092e-01,6.431709718192704095e-01,6.730438801874880639e-01,6.689143887692993173e-01,6.695506003508155946e-01,6.752997564677509779e-01,6.689185084784824431e-01,6.688448905837651726e-01,6.751564499474729253e-01,6.688637353999931090e-01,6.629636332404218457e-01,6.687931207584746351e-01,6.629658772058342198e-01,6.430881803022650001e-01,9.999999999999968914e-01,6.430881803022650001e-01,6.726217256473118189e-01,6.572618543044268513e-01,6.726217256473112638e-01,6.748613566118748519e-01,6.817772660717428268e-01,6.748613566118746299e-01,6.747374665660703652e-01,6.810845654126056470e-01,6.747374665660708093e-01,6.687931207584755233e-01,6.746724668459326280e-01,6.687931207584755233e-01,6.636053482387707092e-01,6.430881803022650001e-01,9.999999999999968914e-01,6.689143887692998725e-01,6.730438801874879529e-01,6.431709718192699654e-01,6.689185084784828872e-01,6.752997564677511999e-01,6.695506003508153725e-01,6.688637353999928870e-01,6.751564499474729253e-01,6.688448905837653946e-01,6.629658772058341087e-01,6.687931207584746351e-01,6.629636332404219567e-01,6.431709718192704095e-01,6.726217256473118189e-01,6.689143887692998725e-01,9.999999999999968914e-01,6.573438979064953891e-01,6.754345069609954955e-01,6.500412727398526824e-01,6.791680137495751390e-01,6.749360530125594337e-01,6.754172509786868783e-01,6.812247987818846884e-01,6.748087665228970078e-01,6.688448905837665048e-01,6.747374665660710313e-01,6.688637353999942192e-01,6.730438801874880639e-01,6.572618543044268513e-01,6.730438801874879529e-01,6.573438979064953891e-01,9.999999999999968914e-01,6.573438979064949450e-01,6.791482736788847507e-01,6.647217801874444332e-01,6.791482736788844177e-01,6.812247987818849104e-01,6.881578828480297005e-01,6.812247987818852435e-01,6.751564499474744796e-01,6.810845654126063131e-01,6.751564499474744796e-01,6.689143887692993173e-01,6.726217256473112638e-01,6.431709718192699654e-01,6.754345069609954955e-01,6.573438979064949450e-01,9.999999999999968914e-01,6.749360530125594337e-01,6.791680137495748060e-01,6.500412727398517942e-01,6.748087665228965637e-01,6.812247987818844663e-01,6.754172509786868783e-01,6.688637353999937751e-01,6.747374665660704762e-01,6.688448905837661718e-01,6.695506003508155946e-01,6.748613566118748519e-01,6.689185084784828872e-01,6.500412727398526824e-01,6.791482736788847507e-01,6.749360530125594337e-01,9.999999999999968914e-01,6.575135481165913509e-01,6.755671857237950384e-01,6.500412727398516832e-01,6.791482736788837515e-01,6.749360530125589896e-01,6.695506003508160386e-01,6.748613566118744078e-01,6.689185084784832203e-01,6.752997564677509779e-01,6.817772660717428268e-01,6.752997564677511999e-01,6.791680137495751390e-01,6.647217801874444332e-01,6.791680137495748060e-01,6.575135481165913509e-01,9.999999999999968914e-01,6.575135481165910178e-01,6.791680137495741398e-01,6.647217801874432119e-01,6.791680137495743619e-01,6.752997564677514220e-01,6.817772660717423827e-01,6.752997564677515330e-01,6.689185084784824431e-01,6.748613566118746299e-01,6.695506003508153725e-01,6.749360530125594337e-01,6.791482736788844177e-01,6.500412727398517942e-01,6.755671857237950384e-01,6.575135481165910178e-01,9.999999999999968914e-01,6.749360530125585456e-01,6.791482736788834185e-01,6.500412727398513502e-01,6.689185084784829982e-01,6.748613566118741858e-01,6.695506003508158166e-01,6.688448905837651726e-01,6.747374665660703652e-01,6.688637353999928870e-01,6.754172509786868783e-01,6.812247987818849104e-01,6.748087665228965637e-01,6.500412727398516832e-01,6.791680137495741398e-01,6.749360530125585456e-01,9.999999999999968914e-01,6.573438979064931686e-01,6.754345069609942742e-01,6.431709718192696323e-01,6.726217256473101536e-01,6.689143887692992063e-01,6.751564499474729253e-01,6.810845654126056470e-01,6.751564499474729253e-01,6.812247987818846884e-01,6.881578828480297005e-01,6.812247987818844663e-01,6.791482736788837515e-01,6.647217801874432119e-01,6.791482736788834185e-01,6.573438979064931686e-01,9.999999999999968914e-01,6.573438979064933907e-01,6.730438801874870647e-01,6.572618543044248529e-01,6.730438801874870647e-01,6.688637353999931090e-01,6.747374665660708093e-01,6.688448905837653946e-01,6.748087665228970078e-01,6.812247987818852435e-01,6.754172509786868783e-01,6.749360530125589896e-01,6.791680137495743619e-01,6.500412727398513502e-01,6.754345069609942742e-01,6.573438979064933907e-01,9.999999999999968914e-01,6.689143887692993173e-01,6.726217256473102646e-01,6.431709718192697434e-01,6.629636332404218457e-01,6.687931207584755233e-01,6.629658772058341087e-01,6.688448905837665048e-01,6.751564499474744796e-01,6.688637353999937751e-01,6.695506003508160386e-01,6.752997564677514220e-01,6.689185084784829982e-01,6.431709718192696323e-01,6.730438801874870647e-01,6.689143887692993173e-01,9.999999999999968914e-01,6.430881803022647780e-01,6.636053482387713753e-01,6.687931207584746351e-01,6.746724668459326280e-01,6.687931207584746351e-01,6.747374665660710313e-01,6.810845654126063131e-01,6.747374665660704762e-01,6.748613566118744078e-01,6.817772660717423827e-01,6.748613566118741858e-01,6.726217256473101536e-01,6.572618543044248529e-01,6.726217256473102646e-01,6.430881803022647780e-01,9.999999999999968914e-01,6.430881803022647780e-01,6.629658772058342198e-01,6.687931207584755233e-01,6.629636332404219567e-01,6.688637353999942192e-01,6.751564499474744796e-01,6.688448905837661718e-01,6.689185084784832203e-01,6.752997564677515330e-01,6.695506003508158166e-01,6.689143887692992063e-01,6.730438801874870647e-01,6.431709718192697434e-01,6.636053482387713753e-01,6.430881803022647780e-01,9.999999999999968914e-01
9.999999999999957812e-01,6.191817658051881335e-01,6.357031076279296977e-01,6.192781754074175860e-01,6.635504404985947957e-01,6.503920502336929532e-01,6.522687480965201345e-01,6.680104921041681854e-01,6.496973355783852710e-01,6.495203920628132011e-01,6.672177642634615768e-01,6.496151231633243706e-01,6.328106876056887042e-01,6.495674300412764834e-01,6.328129715062356109e-01,6.191817658051881335e-01,9.999999999999957812e-01,6.191817658051883555e-01,6.630844356561563790e-01,6.613811218974204875e-01,6.630844356561551578e-01,6.675656946119635782e-01,6.871551342779801397e-01,6.675656946119632451e-01,6.667868062500633686e-01,6.848459776860229553e-01,6.667868062500639237e-01,6.495674300412787039e-01,6.667668834408766454e-01,6.495674300412788149e-01,6.357031076279296977e-01,6.191817658051883555e-01,9.999999999999957812e-01,6.503920502336940634e-01,6.635504404985952398e-01,6.192781754074169198e-01,6.496973355783859372e-01,6.680104921041685184e-01,6.522687480965199125e-01,6.496151231633240375e-01,6.672177642634615768e-01,6.495203920628138672e-01,6.328129715062358329e-01,6.495674300412768165e-01,6.328106876056888153e-01,6.192781754074175860e-01,6.630844356561563790e-01,6.503920502336940634e-01,9.999999999999957812e-01,6.614622820646147705e-01,6.693157604438821906e-01,6.398607282087517278e-01,6.814077645301775954e-01,6.676003359739444143e-01,6.692486076958829022e-01,6.856291523934383569e-01,6.669274127065194513e-01,6.495203920628164207e-01,6.667868062500643678e-01,6.496151231633271461e-01,6.635504404985947957e-01,6.613811218974204875e-01,6.635504404985952398e-01,6.614622820646147705e-01,9.999999999999957812e-01,6.614622820646137713e-01,6.813825937270008293e-01,6.831941589103751600e-01,6.813825937270001631e-01,6.856291523934381349e-01,7.055139179521461301e-01,6.856291523934386900e-01,6.672177642634646855e-01,6.848459776860239545e-01,6.672177642634646855e-01,6.503920502336929532e-01,6.630844356561551578e-01,6.192781754074169198e-01,6.693157604438821906e-01,6.614622820646137713e-01,9.999999999999957812e-01,6.676003359739439702e-01,6.814077645301765962e-01,6.398607282087499515e-01,6.669274127065181190e-01,6.856291523934374688e-01,6.692486076958827912e-01,6.496151231633262579e-01,6.667868062500634796e-01,6.495203920628156435e-01,6.522687480965201345e-01,6.675656946119635782e-01,6.496973355783859372e-01,6.398607282087517278e-01,6.813825937270008293e-01,6.676003359739439702e-01,9.999999999999957812e-01,6.616040579267150612e-01,6.693673701429928569e-01,6.398607282087487302e-01,6.813825937269984978e-01,6.676003359739430820e-01,6.522687480965212448e-01,6.675656946119625790e-01,6.496973355783866033e-01,6.680104921041681854e-01,6.871551342779801397e-01,6.680104921041685184e-01,6.814077645301775954e-01,6.831941589103751600e-01,6.814077645301765962e-01,6.616040579267150612e-01,9.999999999999957812e-01,6.616040579267143951e-01,6.814077645301749309e-01,6.831941589103722734e-01,6.814077645301754860e-01,6.680104921041692956e-01,6.871551342779790295e-01,6.680104921041692956e-01,6.496973355783852710e-01,6.675656946119632451e-01,6.522687480965199125e-01,6.676003359739444143e-01,6.813825937270001631e-01,6.398607282087499515e-01,6.693673701429928569e-01,6.616040579267143951e-01,9.999999999999957812e-01,6.676003359739419718e-01,6.813825937269977207e-01,6.398607282087487302e-01,6.496973355783860482e-01,6.675656946119619128e-01,6.522687480965206896e-01,6.495203920628132011e-01,6.667868062500633686e-01,6.496151231633240375e-01,6.692486076958829022e-01,6.856291523934381349e-01,6.669274127065181190e-01,6.398607282087487302e-01,6.814077645301749309e-01,6.676003359739419718e-01,9.999999999999957812e-01,6.614622820646089973e-01,6.693157604438790820e-01,6.192781754074159206e-01,6.630844356561521602e-01,6.503920502336926202e-01,6.672177642634615768e-01,6.848459776860229553e-01,6.672177642634615768e-01,6.856291523934383569e-01,7.055139179521461301e-01,6.856291523934374688e-01,6.813825937269984978e-01,6.831941589103722734e-01,6.813825937269977207e-01,6.614622820646089973e-01,9.999999999999957812e-01,6.614622820646096635e-01,6.635504404985934634e-01,6.613811218974159356e-01,6.635504404985934634e-01,6.496151231633243706e-01,6.667868062500639237e-01,6.495203920628138672e-01,6.669274127065194513e-01,6.856291523934386900e-01,6.692486076958827912e-01,6.676003359739430820e-01,6.814077645301754860e-01,6.398607282087487302e-01,6.693157604438790820e-01,6.614622820646096635e-01,9.999999999999957812e-01,6.503920502336933973e-01,6.630844356561526043e-01,6.192781754074165868e-01,6.328106876056887042e-01,6.495674300412787039e-01,6.328129715062358329e-01,6.495203920628164207e-01,6.672177642634646855e-01,6.496151231633262579e-01,6.522687480965212448e-01,6.680104921041692956e-01,6.496973355783860482e-01,6.192781754074159206e-01,6.635504404985934634e-01,6.503920502336933973e-01,9.999999999999957812e-01,6.191817658051875783e-01,6.357031076279313631e-01,6.495674300412764834e-01,6.667668834408766454e-01,6.495674300412768165e-01,6.667868062500643678e-01,6.848459776860239545e-01,6.667868062500634796e-01,6.675656946119625790e-01,6.871551342779790295e-01,6.675656946119619128e-01,6.630844356561521602e-01,6.613811218974159356e-01,6.630844356561526043e-01,6.191817658051875783e-01,9.999999999999957812e-01,6.191817658051874673e-01,6.328129715062356109e-01,6.495674300412788149e-01,6.328106876056888153e-01,6.496151231633271461e-01,6.672177642634646855e-01,6.495203920628156435e-01,6.496973355783866033e-01,6.680104921041692956e-01,6.522687480965206896e-01,6.503920502336926202e-01,6.635504404985934634e-01,6.192781754074165868e-01,6.357031076279313631e-01,6.191817658051874673e-01,9.999999999999957812e-01
9.999999999999960032e-01,7.820009414303159545e-01,7.636641779159808463e-01,7.815338816843748759e-01,8.101758245216170717e-01,7.872915642349298526e-01,7.881787152974177868e-01,8.114789348501827426e-01,7.862669376940198962e-01,7.865554393085201212e-01,8.114506313807862137e-01,7.867272947478749501e-01,7.613579025705952130e-01,7.871940015719075534e-01,7.613518635648323096e-01,7.820009414303159545e-01,9.999999999999960032e-01,7.820009414303162876e-01,8.119881505235793107e-01,8.377384845604730623e-01,8.119881505235782004e-01,8.134010969208801400e-01,8.398013355289827286e-01,8.134010969208798070e-01,8.133657251439359026e-01,8.389497869388449214e-01,8.133657251439366798e-01,7.871940015719107731e-01,8.139133317989762917e-01,7.871940015719106620e-01,7.636641779159808463e-01,7.820009414303162876e-01,9.999999999999960032e-01,7.872915642349310739e-01,8.101758245216170717e-01,7.815338816843739878e-01,7.862669376940202293e-01,8.114789348501828536e-01,7.881787152974177868e-01,7.867272947478745060e-01,8.114506313807863247e-01,7.865554393085210094e-01,7.613518635648325317e-01,7.871940015719077754e-01,7.613579025705954351e-01,7.815338816843748759e-01,8.119881505235793107e-01,7.872915642349310739e-01,9.999999999999960032e-01,8.372198798646258711e-01,8.145242645686835425e-01,8.091384633286589079e-01,8.368475427558862423e-01,8.128897442998350709e-01,8.146018925606258732e-01,8.389790483190660009e-01,8.130136167116579493e-01,7.865554393085243401e-01,8.133657251439370128e-01,7.867272947478785028e-01,8.101758245216170717e-01,8.377384845604730623e-01,8.101758245216170717e-01,8.372198798646258711e-01,9.999999999999960032e-01,8.372198798646248719e-01,8.368266484968162056e-01,8.642608613743723023e-01,8.368266484968157615e-01,8.389790483190655568e-01,8.660157494306640613e-01,8.389790483190663339e-01,8.114506313807900995e-01,8.389497869388455875e-01,8.114506313807898774e-01,7.872915642349298526e-01,8.119881505235782004e-01,7.815338816843739878e-01,8.145242645686835425e-01,8.372198798646248719e-01,9.999999999999960032e-01,8.128897442998341827e-01,8.368475427558850210e-01,8.091384633286573536e-01,8.130136167116562840e-01,8.389790483190648906e-01,8.146018925606256511e-01,7.867272947478775036e-01,8.133657251439359026e-01,7.865554393085232299e-01,7.881787152974177868e-01,8.134010969208801400e-01,7.862669376940202293e-01,8.091384633286589079e-01,8.368266484968162056e-01,8.128897442998341827e-01,9.999999999999960032e-01,8.361116004103065213e-01,8.134862187000532208e-01,8.091384633286555772e-01,8.368266484968134300e-01,8.128897442998330725e-01,7.881787152974191191e-01,8.134010969208783637e-01,7.862669376940213395e-01,8.114789348501827426e-01,8.398013355289827286e-01,8.114789348501828536e-01,8.368475427558862423e-01,8.642608613743723023e-01,8.368475427558850210e-01,8.361116004103065213e-01,9.999999999999960032e-01,8.361116004103061883e-01,8.368475427558830226e-01,8.642608613743695267e-01,8.368475427558836888e-01,8.114789348501840749e-01,8.398013355289809523e-01,8.114789348501841859e-01,7.862669376940198962e-01,8.134010969208798070e-01,7.881787152974177868e-01,8.128897442998350709e-01,8.368266484968157615e-01,8.091384633286573536e-01,8.134862187000532208e-01,8.361116004103061883e-01,9.999999999999960032e-01,8.128897442998320733e-01,8.368266484968130969e-01,8.091384633286560213e-01,7.862669376940208954e-01,8.134010969208780306e-01,7.881787152974188970e-01,7.865554393085201212e-01,8.133657251439359026e-01,7.867272947478745060e-01,8.146018925606258732e-01,8.389790483190655568e-01,8.130136167116562840e-01,8.091384633286555772e-01,8.368475427558830226e-01,8.128897442998320733e-01,9.999999999999960032e-01,8.372198798646200979e-01,8.145242645686796568e-01,7.815338816843730996e-01,8.119881505235744257e-01,7.872915642349294085e-01,8.114506313807862137e-01,8.389497869388449214e-01,8.114506313807863247e-01,8.389790483190660009e-01,8.660157494306640613e-01,8.389790483190648906e-01,8.368266484968134300e-01,8.642608613743695267e-01,8.368266484968130969e-01,8.372198798646200979e-01,9.999999999999960032e-01,8.372198798646207640e-01,8.101758245216156284e-01,8.377384845604681773e-01,8.101758245216156284e-01,7.867272947478749501e-01,8.133657251439366798e-01,7.865554393085210094e-01,8.130136167116579493e-01,8.389790483190663339e-01,8.146018925606256511e-01,8.128897442998330725e-01,8.368475427558836888e-01,8.091384633286560213e-01,8.145242645686796568e-01,8.372198798646207640e-01,9.999999999999960032e-01,7.872915642349300747e-01,8.119881505235750918e-01,7.815338816843737657e-01,7.613579025705952130e-01,7.871940015719107731e-01,7.613518635648325317e-01,7.865554393085243401e-01,8.114506313807900995e-01,7.867272947478775036e-01,7.881787152974191191e-01,8.114789348501840749e-01,7.862669376940208954e-01,7.815338816843730996e-01,8.101758245216156284e-01,7.872915642349300747e-01,9.999999999999960032e-01,7.820009414303152884e-01,7.636641779159828447e-01,7.871940015719075534e-01,8.139133317989762917e-01,7.871940015719077754e-01,8.133657251439370128e-01,8.389497869388455875e-01,8.133657251439359026e-01,8.134010969208783637e-01,8.398013355289809523e-01,8.134010969208780306e-01,8.119881505235744257e-01,8.377384845604681773e-01,8.119881505235750918e-01,7.820009414303152884e-01,9.999999999999960032e-01,7.820009414303153994e-01,7.613518635648323096e-01,7.871940015719106620e-01,7.613579025705954351e-01,7.867272947478785028e-01,8.114506313807898774e-01,7.865554393085232299e-01,7.862669376940213395e-01,8.114789348501841859e-01,7.881787152974188970e-01,7.872915642349294085e-01,8.101758245216156284e-01,7.815338816843737657e-01,7.636641779159828447e-01,7.820009414303153994e-01,9.999999999999960032e-01
9.999999999999966693e-01,9.307597268151135417e-01,9.110583621643010277e-01,9.293517980357747232e-01,9.430861720794350145e-01,9.301055871334715786e-01,9.285200158145674454e-01,9.414550759049699069e-01,9.288340426815493434e-01,9.302548488965360907e-01,9.428300282133251775e-01,9.302983399642951179e-01,9.114279064630482763e-01,9.316608468127841602e-01,9.114155480602532666e-01,9.307597268151135417e-01,9.999999999999966693e-01,9.307597268151133196e-01,9.512047745553650069e-01,9.635292890096637253e-01,9.512047745553644518e-01,9.493530205660992705e-01,9.622843049707315854e-01,9.493530205660992705e-01,9.509513021653366316e-01,9.637807660606320104e-01,9.509513021653369647e-01,9.316608468127856035e-01,9.523528534929421863e-01,9.316608468127854925e-01,9.110583621643010277e-01,9.307597268151133196e-01,9.999999999999966693e-01,9.301055871334719116e-01,9.430861720794347924e-01,9.293517980357739461e-01,9.288340426815492323e-01,9.414550759049696849e-01,9.285200158145672233e-01,9.302983399642944518e-01,9.428300282133248444e-01,9.302548488965362017e-01,9.114155480602531556e-01,9.316608468127838272e-01,9.114279064630479432e-01,9.293517980357747232e-01,9.512047745553650069e-01,9.301055871334719116e-01,9.999999999999966693e-01,9.621165270889208143e-01,9.492414173931830179e-01,9.475141972362923770e-01,9.613640699110459487e-01,9.479642128644376609e-01,9.492948391522250118e-01,9.622697760802817468e-01,9.495563575581104088e-01,9.302548488965378670e-01,9.509513021653368536e-01,9.302983399642962281e-01,9.430861720794350145e-01,9.635292890096637253e-01,9.430861720794347924e-01,9.621165270889208143e-01,9.999999999999966693e-01,9.621165270889200372e-01,9.611346220400431850e-01,9.740722364744418549e-01,9.611346220400430740e-01,9.622697760802810807e-01,9.752221132630228828e-01,9.622697760802813027e-01,9.428300282133260657e-01,9.637807660606314553e-01,9.428300282133260657e-01,9.301055871334715786e-01,9.512047745553644518e-01,9.293517980357739461e-01,9.492414173931830179e-01,9.621165270889200372e-01,9.999999999999966693e-01,9.479642128644372168e-01,9.613640699110453935e-01,9.475141972362917109e-01,9.495563575581095206e-01,9.622697760802811917e-01,9.492948391522249008e-01,9.302983399642957840e-01,9.509513021653364095e-01,9.302548488965372009e-01,9.285200158145674454e-01,9.493530205660992705e-01,9.288340426815492323e-01,9.475141972362923770e-01,9.611346220400431850e-01,9.479642128644372168e-01,9.999999999999966693e-01,9.593467329182850944e-01,9.463040601480749991e-01,9.475141972362912668e-01,9.611346220400427409e-01,9.479642128644369947e-01,9.285200158145680005e-01,9.493530205660983823e-01,9.288340426815500095e-01,9.414550759049699069e-01,9.622843049707315854e-01,9.414550759049696849e-01,9.613640699110459487e-01,9.740722364744418549e-01,9.613640699110453935e-01,9.593467329182850944e-01,9.999999999999966693e-01,9.593467329182849834e-01,9.613640699110448384e-01,9.740722364744414108e-01,9.613640699110451715e-01,9.414550759049704620e-01,9.622843049707306973e-01,9.414550759049704620e-01,9.288340426815493434e-01,9.493530205660992705e-01,9.285200158145672233e-01,9.479642128644376609e-01,9.611346220400430740e-01,9.475141972362917109e-01,9.463040601480749991e-01,9.593467329182849834e-01,9.999999999999966693e-01,9.479642128644365506e-01,9.611346220400427409e-01,9.475141972362914888e-01,9.288340426815498985e-01,9.493530205660983823e-01,9.285200158145680005e-01,9.302548488965360907e-01,9.509513021653366316e-01,9.302983399642944518e-01,9.492948391522250118e-01,9.622697760802810807e-01,9.495563575581095206e-01,9.475141972362912668e-01,9.613640699110448384e-01,9.479642128644365506e-01,9.999999999999966693e-01,9.621165270889192600e-01,9.492414173931814636e-01,9.293517980357741681e-01,9.512047745553630085e-01,9.301055871334715786e-01,9.428300282133251775e-01,9.637807660606320104e-01,9.428300282133248444e-01,9.622697760802817468e-01,9.752221132630228828e-01,9.622697760802811917e-01,9.611346220400427409e-01,9.740722364744414108e-01,9.611346220400427409e-01,9.621165270889192600e-01,9.999999999999966693e-01,9.621165270889194820e-01,9.430861720794352365e-01,9.635292890096622820e-01,9.430861720794352365e-01,9.302983399642951179e-01,9.509513021653369647e-01,9.302548488965362017e-01,9.495563575581104088e-01,9.622697760802813027e-01,9.492948391522249008e-01,9.479642128644369947e-01,9.613640699110451715e-01,9.475141972362914888e-01,9.492414173931814636e-01,9.621165270889194820e-01,9.999999999999966693e-01,9.301055871334718006e-01,9.512047745553632305e-01,9.293517980357745012e-01,9.114279064630482763e-01,9.316608468127856035e-01,9.114155480602531556e-01,9.302548488965378670e-01,9.428300282133260657e-01,9.302983399642957840e-01,9.285200158145680005e-01,9.414550759049704620e-01,9.288340426815498985e-01,9.293517980357741681e-01,9.430861720794352365e-01,9.301055871334718006e-01,9.999999999999966693e-01,9.307597268151130976e-01,9.110583621643023600e-01,9.316608468127841602e-01,9.523528534929421863e-01,9.316608468127838272e-01,9.509513021653368536e-01,9.637807660606314553e-01,9.509513021653364095e-01,9.493530205660983823e-01,9.622843049707306973e-01,9.493530205660983823e-01,9.512047745553630085e-01,9.635292890096622820e-01,9.512047745553632305e-01,9.307597268151130976e-01,9.999999999999966693e-01,9.307597268151130976e-01,9.114155480602532666e-01,9.316608468127854925e-01,9.114279064630479432e-01,9.302983399642962281e-01,9.428300282133260657e-01,9.302548488965372009e-01,9.288340426815500095e-01,9.414550759049704620e-01,9.285200158145680005e-01,9.301055871334715786e-01,9.430861720794352365e-01,9.293517980357745012e-01,9.110583621643023600e-01,9.307597268151130976e-01,9.999999999999966693e-01
9.999999999999956701e-01,9.095603174373604327e-01,9.153361556504557850e-01,9.085663951304963071e-01,8.905899862654829136e-01,9.093014023210737040e-01,9.085330777306710459e-01,8.915333789550189403e-01,9.079811404267739139e-01,9.090759288917723557e-01,8.913457512407718664e-01,9.090165635929474686e-01,9.149456932769003403e-01,9.100111145237876897e-01,9.149497778776096713e-01,9.095603174373604327e-01,9.999999999999956701e-01,9.095603174373598776e-01,9.035170230150848525e-01,8.853456368499883489e-01,9.035170230150849635e-01,9.033362103007568367e-01,8.874406167228727771e-01,9.033362103007569477e-01,9.041066712822131146e-01,8.864805087950388129e-01,9.041066712822127815e-01,9.100111145237862464e-01,9.051017271511309081e-01,9.100111145237861354e-01,9.153361556504557850e-01,9.095603174373598776e-01,9.999999999999956701e-01,9.093014023210730379e-01,8.905899862654824695e-01,9.085663951304960850e-01,9.079811404267731367e-01,8.915333789550182741e-01,9.085330777306707128e-01,9.090165635929472465e-01,8.913457512407714223e-01,9.090759288917713565e-01,9.149497778776091161e-01,9.100111145237871346e-01,9.149456932768997852e-01,9.085663951304963071e-01,9.035170230150848525e-01,9.093014023210730379e-01,9.999999999999956701e-01,8.843348895366157647e-01,9.040566345836066331e-01,9.013169905774036650e-01,8.846095127221136334e-01,9.023413969254168165e-01,9.039326165405672242e-01,8.859087511993393171e-01,9.031690364855782249e-01,9.090759288917702463e-01,9.041066712822123375e-01,9.090165635929456922e-01,8.905899862654829136e-01,8.853456368499883489e-01,8.905899862654824695e-01,8.843348895366157647e-01,9.999999999999956701e-01,8.843348895366160978e-01,8.836661854722762666e-01,8.661613442395359463e-01,8.836661854722764886e-01,8.859087511993383179e-01,8.694156623934916617e-01,8.859087511993380959e-01,8.913457512407687577e-01,8.864805087950371476e-01,8.913457512407687577e-01,9.093014023210737040e-01,9.035170230150849635e-01,9.085663951304960850e-01,9.040566345836066331e-01,8.843348895366160978e-01,9.999999999999956701e-01,9.023413969254169276e-01,8.846095127221138554e-01,9.013169905774041091e-01,9.031690364855787800e-01,8.859087511993396502e-01,9.039326165405672242e-01,9.090165635929460253e-01,9.041066712822126705e-01,9.090759288917704684e-01,9.085330777306710459e-01,9.033362103007568367e-01,9.079811404267731367e-01,9.013169905774036650e-01,8.836661854722762666e-01,9.023413969254169276e-01,9.999999999999956701e-01,8.830994166384483757e-01,9.018453313409331429e-01,9.013169905774051083e-01,8.836661854722787091e-01,9.023413969254177047e-01,9.085330777306703798e-01,9.033362103007575028e-01,9.079811404267728037e-01,8.915333789550189403e-01,8.874406167228727771e-01,8.915333789550182741e-01,8.846095127221136334e-01,8.661613442395359463e-01,8.846095127221138554e-01,8.830994166384483757e-01,9.999999999999956701e-01,8.830994166384487087e-01,8.846095127221149657e-01,8.661613442395383888e-01,8.846095127221146326e-01,8.915333789550181631e-01,8.874406167228734432e-01,8.915333789550179411e-01,9.079811404267739139e-01,9.033362103007569477e-01,9.085330777306707128e-01,9.023413969254168165e-01,8.836661854722764886e-01,9.013169905774041091e-01,9.018453313409331429e-01,8.830994166384487087e-01,9.999999999999956701e-01,9.023413969254182598e-01,8.836661854722788201e-01,9.013169905774047752e-01,9.079811404267732478e-01,9.033362103007576138e-01,9.085330777306703798e-01,9.090759288917723557e-01,9.041066712822131146e-01,9.090165635929472465e-01,9.039326165405672242e-01,8.859087511993383179e-01,9.031690364855787800e-01,9.013169905774051083e-01,8.846095127221149657e-01,9.023413969254182598e-01,9.999999999999956701e-01,8.843348895366198725e-01,9.040566345836088535e-01,9.085663951304969732e-01,9.035170230150867399e-01,9.093014023210741481e-01,8.913457512407718664e-01,8.864805087950388129e-01,8.913457512407714223e-01,8.859087511993393171e-01,8.694156623934916617e-01,8.859087511993396502e-01,8.836661854722787091e-01,8.661613442395383888e-01,8.836661854722788201e-01,8.843348895366198725e-01,9.999999999999956701e-01,8.843348895366195395e-01,8.905899862654846899e-01,8.853456368499914575e-01,8.905899862654845789e-01,9.090165635929474686e-01,9.041066712822127815e-01,9.090759288917713565e-01,9.031690364855782249e-01,8.859087511993380959e-01,9.039326165405672242e-01,9.023413969254177047e-01,8.846095127221146326e-01,9.013169905774047752e-01,9.040566345836088535e-01,8.843348895366195395e-01,9.999999999999956701e-01,9.093014023210739261e-01,9.035170230150864068e-01,9.085663951304964181e-01,9.149456932769003403e-01,9.100111145237862464e-01,9.149497778776091161e-01,9.090759288917702463e-01,8.913457512407687577e-01,9.090165635929460253e-01,9.085330777306703798e-01,8.915333789550181631e-01,9.079811404267732478e-01,9.085663951304969732e-01,8.905899862654846899e-01,9.093014023210739261e-01,9.999999999999956701e-01,9.095603174373603217e-01,9.153361556504548968e-01,9.100111145237876897e-01,9.051017271511309081e-01,9.100111145237871346e-01,9.041066712822123375e-01,8.864805087950371476e-01,9.041066712822126705e-01,9.033362103007575028e-01,8.874406167228734432e-01,9.033362103007576138e-01,9.035170230150867399e-01,8.853456368499914575e-01,9.035170230150864068e-01,9.095603174373603217e-01,9.999999999999956701e-01,9.095603174373603217e-01,9.149497778776096713e-01,9.100111145237861354e-01,9.149456932768997852e-01,9.090165635929456922e-01,8.913457512407687577e-01,9.090759288917704684e-01,9.079811404267728037e-01,8.915333789550179411e-01,9.085330777306703798e-01,9.093014023210741481e-01,8.905899862654845789e-01,9.085663951304964181e-01,9.153361556504548968e-01,9.095603174373603217e-01,9.999999999999956701e-01
