1.000000000000000000e+00,1.000000000000000000e+00,1.000000000000000000e+00,1.000000000000000000e+00,1.000000000000000000e+00,1.000000000000000000e+00,1.000000000000000000e+00,1.000000000000000000e+00,1.000000000000000000e+00,1.000000000000000000e+00,1.000000000000000000e+00,1.000000000000000000e+00,1.000000000000000000e+00,1.000000000000000000e+00,1.000000000000000000e+00,1.000000000000000000e+00,1.000000000000000000e+00,1.000000000000000000e+00,1.000000000000000000e+00,1.000000000000000000e+00,1.000000000000000000e+00,1.000000000000000000e+00,1.000000000000000000e+00,1.000000000000000000e+00,1.000000000000000000e+00,1.000000000000000000e+00,1.000000000000000000e+00,1.000000000000000000e+00,1.000000000000000000e+00,1.000000000000000000e+00,1.000000000000000000e+00,1.000000000000000000e+00,1.000000000000000000e+00,1.000000000000000000e+00,1.000000000000000000e+00,1.000000000000000000e+00,1.000000000000000000e+00,1.000000000000000000e+00,1.000000000000000000e+00,1.000000000000000000e+00,1.000000000000000000e+00,1.000000000000000000e+00,1.000000000000000000e+00,1.000000000000000000e+00,1.000000000000000000e+00,1.000000000000000000e+00,1.000000000000000000e+00,1.000000000000000000e+00,1.000000000000000000e+00,1.000000000000000000e+00,1.000000000000000000e+00,1.000000000000000000e+00,1.000000000000000000e+00,1.000000000000000000e+00,1.000000000000000000e+00,1.000000000000000000e+00,1.000000000000000000e+00,1.000000000000000000e+00,1.000000000000000000e+00,1.000000000000000000e+00,1.000000000000000000e+00,1.000000000000000000e+00,1.000000000000000000e+00,1.000000000000000000e+00,1.000000000000000000e+00,1.000000000000000000e+00,1.000000000000000000e+00,1.000000000000000000e+00,1.000000000000000000e+00,1.000000000000000000e+00,1.000000000000000000e+00,1.000000000000000000e+00,1.000000000000000000e+00,1.000000000000000000e+00,1.000000000000000000e+00,1.000000000000000000e+00,1.000000000000000000e+00,1.000000000000000000e+00,1.000000000000000000e+00,1.000000000000000000e+00,1.000000000000000000e+00
9.999999999999992228e-01,8.219323278557044699e-01,8.235931398330994524e-01,8.219323278557044699e-01,8.241572512261610139e-01,8.239618004342801338e-01,8.235931398330995634e-01,8.239618004342800228e-01,8.236080906565934612e-01,8.219323278557044699e-01,9.999999999999992228e-01,8.219323278557045809e-01,8.241240939614389305e-01,8.226923713899374491e-01,8.241240939614390415e-01,8.239618004342800228e-01,8.243189971306580377e-01,8.239618004342799118e-01,8.235931398330994524e-01,8.219323278557045809e-01,9.999999999999992228e-01,8.239618004342801338e-01,8.241572512261609029e-01,8.219323278557045809e-01,8.236080906565935722e-01,8.239618004342800228e-01,8.235931398330995634e-01,8.219323278557044699e-01,8.241240939614389305e-01,8.239618004342801338e-01,9.999999999999992228e-01,8.226923713899372270e-01,8.243189971306580377e-01,8.219323278557045809e-01,8.241240939614390415e-01,8.239618004342801338e-01,8.241572512261610139e-01,8.226923713899374491e-01,8.241572512261609029e-01,8.226923713899372270e-01,9.999999999999992228e-01,8.226923713899372270e-01,8.241572512261609029e-01,8.226923713899372270e-01,8.241572512261610139e-01,8.239618004342801338e-01,8.241240939614390415e-01,8.219323278557045809e-01,8.243189971306580377e-01,8.226923713899372270e-01,9.999999999999992228e-01,8.239618004342801338e-01,8.241240939614390415e-01,8.219323278557045809e-01,8.235931398330995634e-01,8.239618004342800228e-01,8.236080906565935722e-01,8.219323278557045809e-01,8.241572512261609029e-01,8.239618004342801338e-01,9.999999999999992228e-01,8.219323278557045809e-01,8.235931398330995634e-01,8.239618004342800228e-01,8.243189971306580377e-01,8.239618004342800228e-01,8.241240939614390415e-01,8.226923713899372270e-01,8.241240939614390415e-01,8.219323278557045809e-01,9.999999999999992228e-01,8.219323278557044699e-01,8.236080906565934612e-01,8.239618004342799118e-01,8.235931398330995634e-01,8.239618004342801338e-01,8.241572512261610139e-01,8.219323278557045809e-01,8.235931398330995634e-01,8.219323278557044699e-01,9.999999999999992228e-01
9.999999999999997780e-01,5.876016514597343088e-01,6.129055504582685554e-01,5.876016514597339757e-01,6.251939925751461846e-01,6.194298047847044408e-01,6.129055504582685554e-01,6.194298047847042188e-01,6.119233130444481361e-01,5.876016514597343088e-01,9.999999999999997780e-01,5.876016514597339757e-01,6.247635224242662488e-01,6.056053347719052571e-01,6.247635224242665819e-01,6.194298047847041078e-01,6.277612912101122600e-01,6.194298047847039967e-01,6.129055504582685554e-01,5.876016514597339757e-01,9.999999999999997780e-01,6.194298047847037747e-01,6.251939925751459626e-01,5.876016514597340867e-01,6.119233130444480251e-01,6.194298047847039967e-01,6.129055504582682223e-01,5.876016514597339757e-01,6.247635224242662488e-01,6.194298047847037747e-01,9.999999999999997780e-01,6.056053347719050350e-01,6.277612912101121490e-01,5.876016514597338647e-01,6.247635224242662488e-01,6.194298047847037747e-01,6.251939925751461846e-01,6.056053347719052571e-01,6.251939925751459626e-01,6.056053347719050350e-01,9.999999999999997780e-01,6.056053347719053681e-01,6.251939925751460736e-01,6.056053347719052571e-01,6.251939925751457405e-01,6.194298047847044408e-01,6.247635224242665819e-01,5.876016514597340867e-01,6.277612912101121490e-01,6.056053347719053681e-01,9.999999999999997780e-01,6.194298047847042188e-01,6.247635224242665819e-01,5.876016514597339757e-01,6.129055504582685554e-01,6.194298047847041078e-01,6.119233130444480251e-01,5.876016514597338647e-01,6.251939925751460736e-01,6.194298047847042188e-01,9.999999999999997780e-01,5.876016514597339757e-01,6.129055504582683334e-01,6.194298047847042188e-01,6.277612912101122600e-01,6.194298047847039967e-01,6.247635224242662488e-01,6.056053347719052571e-01,6.247635224242665819e-01,5.876016514597339757e-01,9.999999999999997780e-01,5.876016514597338647e-01,6.119233130444481361e-01,6.194298047847039967e-01,6.129055504582682223e-01,6.194298047847037747e-01,6.251939925751457405e-01,5.876016514597339757e-01,6.129055504582683334e-01,5.876016514597338647e-01,9.999999999999997780e-01
9.999999999999995559e-01,6.670831392245446523e-01,6.735236804398716526e-01,6.670831392245443192e-01,7.059142264982416481e-01,6.896418367301037078e-01,6.735236804398716526e-01,6.896418367301035968e-01,6.706124544191609527e-01,6.670831392245446523e-01,9.999999999999995559e-01,6.670831392245440972e-01,7.061694972054688435e-01,7.112575669364054054e-01,7.061694972054693986e-01,6.896418367301032637e-01,7.102530379732931998e-01,6.896418367301027086e-01,6.735236804398716526e-01,6.670831392245440972e-01,9.999999999999995559e-01,6.896418367301029306e-01,7.059142264982412041e-01,6.670831392245445413e-01,6.706124544191608416e-01,6.896418367301031527e-01,6.735236804398709864e-01,6.670831392245443192e-01,7.061694972054688435e-01,6.896418367301029306e-01,9.999999999999995559e-01,7.112575669364052944e-01,7.102530379732929777e-01,6.670831392245439861e-01,7.061694972054692876e-01,6.896418367301025976e-01,7.059142264982416481e-01,7.112575669364054054e-01,7.059142264982412041e-01,7.112575669364052944e-01,9.999999999999995559e-01,7.112575669364056274e-01,7.059142264982413151e-01,7.112575669364057385e-01,7.059142264982407600e-01,6.896418367301037078e-01,7.061694972054693986e-01,6.670831392245445413e-01,7.102530379732929777e-01,7.112575669364056274e-01,9.999999999999995559e-01,6.896418367301032637e-01,7.061694972054696207e-01,6.670831392245440972e-01,6.735236804398716526e-01,6.896418367301032637e-01,6.706124544191608416e-01,6.670831392245439861e-01,7.059142264982413151e-01,6.896418367301032637e-01,9.999999999999995559e-01,6.670831392245444302e-01,6.735236804398712085e-01,6.896418367301035968e-01,7.102530379732931998e-01,6.896418367301031527e-01,7.061694972054692876e-01,7.112575669364057385e-01,7.061694972054696207e-01,6.670831392245444302e-01,9.999999999999995559e-01,6.670831392245440972e-01,6.706124544191609527e-01,6.896418367301027086e-01,6.735236804398709864e-01,6.896418367301025976e-01,7.059142264982407600e-01,6.670831392245440972e-01,6.735236804398712085e-01,6.670831392245440972e-01,9.999999999999995559e-01
9.999999999999998890e-01,9.246285787905992315e-01,9.061940521665249326e-01,9.246285787905994535e-01,9.318106193377139190e-01,9.201837166439380544e-01,9.061940521665250436e-01,9.201837166439380544e-01,9.055626861053582832e-01,9.246285787905992315e-01,9.999999999999998890e-01,9.246285787905991205e-01,9.349612862504380617e-01,9.511115779449140772e-01,9.349612862504382838e-01,9.201837166439377214e-01,9.353434688393048591e-01,9.201837166439373883e-01,9.061940521665249326e-01,9.246285787905991205e-01,9.999999999999998890e-01,9.201837166439377214e-01,9.318106193377135860e-01,9.246285787905992315e-01,9.055626861053583943e-01,9.201837166439378324e-01,9.061940521665244885e-01,9.246285787905994535e-01,9.349612862504380617e-01,9.201837166439377214e-01,9.999999999999998890e-01,9.511115779449141883e-01,9.353434688393047480e-01,9.246285787905991205e-01,9.349612862504381727e-01,9.201837166439374993e-01,9.318106193377139190e-01,9.511115779449140772e-01,9.318106193377135860e-01,9.511115779449141883e-01,9.999999999999998890e-01,9.511115779449141883e-01,9.318106193377138080e-01,9.511115779449142993e-01,9.318106193377134749e-01,9.201837166439380544e-01,9.349612862504382838e-01,9.246285787905992315e-01,9.353434688393047480e-01,9.511115779449141883e-01,9.999999999999998890e-01,9.201837166439378324e-01,9.349612862504382838e-01,9.246285787905990095e-01,9.061940521665250436e-01,9.201837166439377214e-01,9.055626861053583943e-01,9.246285787905991205e-01,9.318106193377138080e-01,9.201837166439378324e-01,9.999999999999998890e-01,9.246285787905993425e-01,9.061940521665245996e-01,9.201837166439380544e-01,9.353434688393048591e-01,9.201837166439378324e-01,9.349612862504381727e-01,9.511115779449142993e-01,9.349612862504382838e-01,9.246285787905993425e-01,9.999999999999998890e-01,9.246285787905990095e-01,9.055626861053582832e-01,9.201837166439373883e-01,9.061940521665244885e-01,9.201837166439374993e-01,9.318106193377134749e-01,9.246285787905990095e-01,9.061940521665245996e-01,9.246285787905990095e-01,9.999999999999998890e-01
1.000000000000001110e+00,9.690298340017963197e-01,9.772327239052249759e-01,9.690298340017963197e-01,9.489883844734615659e-01,9.659880500792606961e-01,9.772327239052249759e-01,9.659880500792605851e-01,9.769878892372000356e-01,9.690298340017963197e-01,1.000000000000001110e+00,9.690298340017962087e-01,9.550599763879618065e-01,9.422489152536686063e-01,9.550599763879616955e-01,9.659880500792608071e-01,9.551680339929500274e-01,9.659880500792609181e-01,9.772327239052249759e-01,9.690298340017962087e-01,1.000000000000001110e+00,9.659880500792609181e-01,9.489883844734617879e-01,9.690298340017963197e-01,9.769878892371998136e-01,9.659880500792605851e-01,9.772327239052250869e-01,9.690298340017963197e-01,9.550599763879618065e-01,9.659880500792609181e-01,1.000000000000001110e+00,9.422489152536682733e-01,9.551680339929499164e-01,9.690298340017964307e-01,9.550599763879616955e-01,9.659880500792609181e-01,9.489883844734615659e-01,9.422489152536686063e-01,9.489883844734617879e-01,9.422489152536682733e-01,1.000000000000001110e+00,9.422489152536681623e-01,9.489883844734617879e-01,9.422489152536682733e-01,9.489883844734617879e-01,9.659880500792606961e-01,9.550599763879616955e-01,9.690298340017963197e-01,9.551680339929499164e-01,9.422489152536681623e-01,1.000000000000001110e+00,9.659880500792606961e-01,9.550599763879615844e-01,9.690298340017963197e-01,9.772327239052249759e-01,9.659880500792608071e-01,9.769878892371998136e-01,9.690298340017964307e-01,9.489883844734617879e-01,9.659880500792606961e-01,1.000000000000001110e+00,9.690298340017962087e-01,9.772327239052250869e-01,9.659880500792605851e-01,9.551680339929500274e-01,9.659880500792605851e-01,9.550599763879616955e-01,9.422489152536682733e-01,9.550599763879615844e-01,9.690298340017962087e-01,1.000000000000001110e+00,9.690298340017962087e-01,9.769878892372000356e-01,9.659880500792609181e-01,9.772327239052250869e-01,9.659880500792609181e-01,9.489883844734617879e-01,9.690298340017963197e-01,9.772327239052250869e-01,9.690298340017962087e-01,1.000000000000001110e+00
1.000000000000001110e+00,7.293238055182548196e-01,7.652168483125094678e-01,7.293238055182545976e-01,7.199686911827161140e-01,7.428826782265571804e-01,7.652168483125094678e-01,7.428826782265574025e-01,7.668222161866338205e-01,7.293238055182548196e-01,1.000000000000001110e+00,7.293238055182550417e-01,7.212866873350867181e-01,6.761857739174719217e-01,7.212866873350862740e-01,7.428826782265579576e-01,7.191475315284485692e-01,7.428826782265581796e-01,7.652168483125094678e-01,7.293238055182550417e-01,1.000000000000001110e+00,7.428826782265578466e-01,7.199686911827164471e-01,7.293238055182548196e-01,7.668222161866335984e-01,7.428826782265575135e-01,7.652168483125099119e-01,7.293238055182545976e-01,7.212866873350867181e-01,7.428826782265578466e-01,1.000000000000001110e+00,6.761857739174718107e-01,7.191475315284483472e-01,7.293238055182549306e-01,7.212866873350862740e-01,7.428826782265579576e-01,7.199686911827161140e-01,6.761857739174719217e-01,7.199686911827164471e-01,6.761857739174718107e-01,1.000000000000001110e+00,6.761857739174716997e-01,7.199686911827163360e-01,6.761857739174715887e-01,7.199686911827165581e-01,7.428826782265571804e-01,7.212866873350862740e-01,7.293238055182548196e-01,7.191475315284483472e-01,6.761857739174716997e-01,1.000000000000001110e+00,7.428826782265576245e-01,7.212866873350860519e-01,7.293238055182550417e-01,7.652168483125094678e-01,7.428826782265579576e-01,7.668222161866335984e-01,7.293238055182549306e-01,7.199686911827163360e-01,7.428826782265576245e-01,1.000000000000001110e+00,7.293238055182547086e-01,7.652168483125098009e-01,7.428826782265574025e-01,7.191475315284485692e-01,7.428826782265575135e-01,7.212866873350862740e-01,6.761857739174715887e-01,7.212866873350860519e-01,7.293238055182547086e-01,1.000000000000001110e+00,7.293238055182549306e-01,7.668222161866338205e-01,7.428826782265581796e-01,7.652168483125099119e-01,7.428826782265579576e-01,7.199686911827165581e-01,7.293238055182550417e-01,7.652168483125098009e-01,7.293238055182549306e-01,1.000000000000001110e+00
1.000000000000001332e+00,5.287808654601499070e-01,5.726763883822488799e-01,5.287808654601497960e-01,5.703210631165345212e-01,5.694634473024513532e-01,5.726763883822489909e-01,5.694634473024511312e-01,5.730044919830907801e-01,5.287808654601499070e-01,1.000000000000001332e+00,5.287808654601501290e-01,5.640656957864409460e-01,5.268100526664734051e-01,5.640656957864411680e-01,5.694634473024515753e-01,5.670007805836108083e-01,5.694634473024515753e-01,5.726763883822488799e-01,5.287808654601501290e-01,1.000000000000001332e+00,5.694634473024513532e-01,5.703210631165345212e-01,5.287808654601501290e-01,5.730044919830910022e-01,5.694634473024513532e-01,5.726763883822491019e-01,5.287808654601497960e-01,5.640656957864409460e-01,5.694634473024513532e-01,1.000000000000001332e+00,5.268100526664730721e-01,5.670007805836109194e-01,5.287808654601501290e-01,5.640656957864408350e-01,5.694634473024513532e-01,5.703210631165345212e-01,5.268100526664734051e-01,5.703210631165345212e-01,5.268100526664730721e-01,1.000000000000001332e+00,5.268100526664734051e-01,5.703210631165346323e-01,5.268100526664731831e-01,5.703210631165345212e-01,5.694634473024513532e-01,5.640656957864411680e-01,5.287808654601501290e-01,5.670007805836109194e-01,5.268100526664734051e-01,1.000000000000001332e+00,5.694634473024515753e-01,5.640656957864409460e-01,5.287808654601502401e-01,5.726763883822489909e-01,5.694634473024515753e-01,5.730044919830910022e-01,5.287808654601501290e-01,5.703210631165346323e-01,5.694634473024515753e-01,1.000000000000001332e+00,5.287808654601499070e-01,5.726763883822491019e-01,5.694634473024511312e-01,5.670007805836108083e-01,5.694634473024513532e-01,5.640656957864408350e-01,5.268100526664731831e-01,5.640656957864409460e-01,5.287808654601499070e-01,1.000000000000001332e+00,5.287808654601500180e-01,5.730044919830907801e-01,5.694634473024515753e-01,5.726763883822491019e-01,5.694634473024513532e-01,5.703210631165345212e-01,5.287808654601502401e-01,5.726763883822491019e-01,5.287808654601500180e-01,1.000000000000001332e+00
1.000000000000001110e+00,6.216153396174383117e-01,6.231929758871123104e-01,6.216153396174383117e-01,6.824769640402460480e-01,6.492015170306122407e-01,6.231929758871126435e-01,6.492015170306119076e-01,6.163090617649299441e-01,6.216153396174383117e-01,1.000000000000001110e+00,6.216153396174383117e-01,6.791513145220792191e-01,7.041697136433250348e-01,6.791513145220797742e-01,6.492015170306120186e-01,6.867311708726540065e-01,6.492015170306115746e-01,6.231929758871123104e-01,6.216153396174383117e-01,1.000000000000001110e+00,6.492015170306117966e-01,6.824769640402459370e-01,6.216153396174386447e-01,6.163090617649302771e-01,6.492015170306117966e-01,6.231929758871121994e-01,6.216153396174383117e-01,6.791513145220792191e-01,6.492015170306117966e-01,1.000000000000001110e+00,7.041697136433250348e-01,6.867311708726541175e-01,6.216153396174385337e-01,6.791513145220795522e-01,6.492015170306113525e-01,6.824769640402460480e-01,7.041697136433250348e-01,6.824769640402459370e-01,7.041697136433250348e-01,1.000000000000001110e+00,7.041697136433253679e-01,6.824769640402460480e-01,7.041697136433251458e-01,6.824769640402454929e-01,6.492015170306122407e-01,6.791513145220797742e-01,6.216153396174386447e-01,6.867311708726541175e-01,7.041697136433253679e-01,1.000000000000001110e+00,6.492015170306121297e-01,6.791513145220798853e-01,6.216153396174382006e-01,6.231929758871126435e-01,6.492015170306120186e-01,6.163090617649302771e-01,6.216153396174385337e-01,6.824769640402460480e-01,6.492015170306121297e-01,1.000000000000001110e+00,6.216153396174386447e-01,6.231929758871124214e-01,6.492015170306119076e-01,6.867311708726540065e-01,6.492015170306117966e-01,6.791513145220795522e-01,7.041697136433251458e-01,6.791513145220798853e-01,6.216153396174386447e-01,1.000000000000001110e+00,6.216153396174380896e-01,6.163090617649299441e-01,6.492015170306115746e-01,6.231929758871121994e-01,6.492015170306113525e-01,6.824769640402454929e-01,6.216153396174382006e-01,6.231929758871124214e-01,6.216153396174380896e-01,1.000000000000001110e+00
1.000000000000000888e+00,8.765612778030138497e-01,8.364177229701730276e-01,8.765612778030140717e-01,9.053502600432852265e-01,8.768053172738137224e-01,8.364177229701731386e-01,8.768053172738133894e-01,8.335170037647274821e-01,8.765612778030138497e-01,1.000000000000000888e+00,8.765612778030137386e-01,9.217784531286953298e-01,9.532616891417211580e-01,9.217784531286954408e-01,8.768053172738132783e-01,9.229504703603198523e-01,8.768053172738126122e-01,8.364177229701730276e-01,8.765612778030137386e-01,1.000000000000000888e+00,8.768053172738132783e-01,9.053502600432850045e-01,8.765612778030141827e-01,8.335170037647280372e-01,8.768053172738132783e-01,8.364177229701723615e-01,8.765612778030140717e-01,9.217784531286953298e-01,8.768053172738132783e-01,1.000000000000000888e+00,9.532616891417212690e-01,9.229504703603201854e-01,8.765612778030141827e-01,9.217784531286956629e-01,8.768053172738128342e-01,9.053502600432852265e-01,9.532616891417211580e-01,9.053502600432850045e-01,9.532616891417212690e-01,1.000000000000000888e+00,9.532616891417216021e-01,9.053502600432852265e-01,9.532616891417213800e-01,9.053502600432844494e-01,8.768053172738137224e-01,9.217784531286954408e-01,8.765612778030141827e-01,9.229504703603201854e-01,9.532616891417216021e-01,1.000000000000000888e+00,8.768053172738136114e-01,9.217784531286957739e-01,8.765612778030136276e-01,8.364177229701731386e-01,8.768053172738132783e-01,8.335170037647280372e-01,8.765612778030141827e-01,9.053502600432852265e-01,8.768053172738136114e-01,1.000000000000000888e+00,8.765612778030141827e-01,8.364177229701725835e-01,8.768053172738133894e-01,9.229504703603198523e-01,8.768053172738132783e-01,9.217784531286956629e-01,9.532616891417213800e-01,9.217784531286957739e-01,8.765612778030141827e-01,1.000000000000000888e+00,8.765612778030134056e-01,8.335170037647274821e-01,8.768053172738126122e-01,8.364177229701723615e-01,8.768053172738128342e-01,9.053502600432844494e-01,8.765612778030136276e-01,8.364177229701725835e-01,8.765612778030134056e-01,1.000000000000000888e+00
1.000000000000000666e+00,9.672863334496012433e-01,9.699933289845109607e-01,9.672863334496012433e-01,9.279107231971237546e-01,9.671287300556035138e-01,9.699933289845109607e-01,9.671287300556037358e-01,9.698971390919083335e-01,9.672863334496012433e-01,1.000000000000000666e+00,9.672863334496012433e-01,9.641574602453041321e-01,9.270900819438081530e-01,9.641574602453037990e-01,9.671287300556037358e-01,9.650765969769111718e-01,9.671287300556036248e-01,9.699933289845109607e-01,9.672863334496012433e-01,1.000000000000000666e+00,9.671287300556036248e-01,9.279107231971237546e-01,9.672863334496007992e-01,9.698971390919082225e-01,9.671287300556036248e-01,9.699933289845108497e-01,9.672863334496012433e-01,9.641574602453041321e-01,9.671287300556036248e-01,1.000000000000000666e+00,9.270900819438082641e-01,9.650765969769110608e-01,9.672863334496011323e-01,9.641574602453040210e-01,9.671287300556036248e-01,9.279107231971237546e-01,9.270900819438081530e-01,9.279107231971237546e-01,9.270900819438082641e-01,1.000000000000000666e+00,9.270900819438080420e-01,9.279107231971236436e-01,9.270900819438080420e-01,9.279107231971235326e-01,9.671287300556035138e-01,9.641574602453037990e-01,9.672863334496007992e-01,9.650765969769110608e-01,9.270900819438080420e-01,1.000000000000000666e+00,9.671287300556035138e-01,9.641574602453037990e-01,9.672863334496007992e-01,9.699933289845109607e-01,9.671287300556037358e-01,9.698971390919082225e-01,9.672863334496011323e-01,9.279107231971236436e-01,9.671287300556035138e-01,1.000000000000000666e+00,9.672863334496010213e-01,9.699933289845106277e-01,9.671287300556037358e-01,9.650765969769111718e-01,9.671287300556036248e-01,9.641574602453040210e-01,9.270900819438080420e-01,9.641574602453037990e-01,9.672863334496010213e-01,1.000000000000000666e+00,9.672863334496007992e-01,9.698971390919083335e-01,9.671287300556036248e-01,9.699933289845108497e-01,9.671287300556036248e-01,9.279107231971235326e-01,9.672863334496007992e-01,9.699933289845106277e-01,9.672863334496007992e-01,1.000000000000000666e+00
1.000000000000000444e+00,7.954724992756161406e-01,8.544702723228223551e-01,7.954724992756155855e-01,7.053380060072154123e-01,7.930658569300681471e-01,8.544702723228221330e-01,7.930658569300684801e-01,8.530443115092185558e-01,7.954724992756161406e-01,1.000000000000000444e+00,7.954724992756163626e-01,7.371351733760244107e-01,6.459158802612814387e-01,7.371351733760239666e-01,7.930658569300692573e-01,7.357514628784562749e-01,7.930658569300698124e-01,8.544702723228223551e-01,7.954724992756163626e-01,1.000000000000000444e+00,7.930658569300685912e-01,7.053380060072157454e-01,7.954724992756152524e-01,8.530443115092180006e-01,7.930658569300685912e-01,8.544702723228229102e-01,7.954724992756155855e-01,7.371351733760244107e-01,7.930658569300685912e-01,1.000000000000000444e+00,6.459158802612804395e-01,7.357514628784551647e-01,7.954724992756153634e-01,7.371351733760234115e-01,7.930658569300690353e-01,7.053380060072154123e-01,6.459158802612814387e-01,7.053380060072157454e-01,6.459158802612804395e-01,1.000000000000000444e+00,6.459158802612803285e-01,7.053380060072155233e-01,6.459158802612804395e-01,7.053380060072161895e-01,7.930658569300681471e-01,7.371351733760239666e-01,7.954724992756152524e-01,7.357514628784551647e-01,6.459158802612803285e-01,1.000000000000000444e+00,7.930658569300680361e-01,7.371351733760230784e-01,7.954724992756156965e-01,8.544702723228221330e-01,7.930658569300692573e-01,8.530443115092180006e-01,7.954724992756153634e-01,7.053380060072155233e-01,7.930658569300680361e-01,1.000000000000000444e+00,7.954724992756153634e-01,8.544702723228229102e-01,7.930658569300684801e-01,7.357514628784562749e-01,7.930658569300685912e-01,7.371351733760234115e-01,6.459158802612804395e-01,7.371351733760230784e-01,7.954724992756153634e-01,1.000000000000000444e+00,7.954724992756160296e-01,8.530443115092185558e-01,7.930658569300698124e-01,8.544702723228229102e-01,7.930658569300690353e-01,7.053380060072161895e-01,7.954724992756156965e-01,8.544702723228229102e-01,7.954724992756160296e-01,1.000000000000000444e+00
1.000000000000000444e+00,5.479700018736016753e-01,6.403666784641132148e-01,5.479700018735998990e-01,5.363679574416921891e-01,5.856917273495718668e-01,6.403666784641132148e-01,5.856917273495724219e-01,6.457345099844882252e-01,5.479700018736016753e-01,1.000000000000000444e+00,5.479700018736021194e-01,5.360158506708964099e-01,4.124332507452760921e-01,5.360158506708960768e-01,5.856917273495739762e-01,5.319342413363044031e-01,5.856917273495747533e-01,6.403666784641132148e-01,5.479700018736021194e-01,1.000000000000000444e+00,5.856917273495724219e-01,5.363679574416928553e-01,5.479700018736002320e-01,6.457345099844880032e-01,5.856917273495727549e-01,6.403666784641144361e-01,5.479700018735998990e-01,5.360158506708964099e-01,5.856917273495724219e-01,1.000000000000000444e+00,4.124332507452743157e-01,5.319342413363026267e-01,5.479700018736002320e-01,5.360158506708949666e-01,5.856917273495730880e-01,5.363679574416921891e-01,4.124332507452760921e-01,5.363679574416928553e-01,4.124332507452743157e-01,1.000000000000000444e+00,4.124332507452740382e-01,5.363679574416926332e-01,4.124332507452744268e-01,5.363679574416935214e-01,5.856917273495718668e-01,5.360158506708960768e-01,5.479700018736002320e-01,5.319342413363026267e-01,4.124332507452740382e-01,1.000000000000000444e+00,5.856917273495724219e-01,5.360158506708949666e-01,5.479700018736011202e-01,6.403666784641132148e-01,5.856917273495739762e-01,6.457345099844880032e-01,5.479700018736002320e-01,5.363679574416926332e-01,5.856917273495724219e-01,1.000000000000000444e+00,5.479700018736004541e-01,6.403666784641143250e-01,5.856917273495724219e-01,5.319342413363044031e-01,5.856917273495727549e-01,5.360158506708949666e-01,4.124332507452744268e-01,5.360158506708949666e-01,5.479700018736004541e-01,1.000000000000000444e+00,5.479700018736014533e-01,6.457345099844882252e-01,5.856917273495747533e-01,6.403666784641144361e-01,5.856917273495730880e-01,5.363679574416935214e-01,5.479700018736011202e-01,6.403666784641143250e-01,5.479700018736014533e-01,1.000000000000000444e+00
1.000000000000000888e+00,4.729822374940566565e-01,5.411952509054881455e-01,4.729822374940547691e-01,5.484507995501295419e-01,5.320673674362812466e-01,5.411952509054882565e-01,5.320673674362814687e-01,5.412278333548679043e-01,4.729822374940566565e-01,1.000000000000000888e+00,4.729822374940575447e-01,5.237863747102984302e-01,4.779319521747357746e-01,5.237863747102984302e-01,5.320673674362834671e-01,5.299783489035848616e-01,5.320673674362839112e-01,5.411952509054881455e-01,4.729822374940575447e-01,1.000000000000000888e+00,5.320673674362816907e-01,5.484507995501302080e-01,4.729822374940556573e-01,5.412278333548681264e-01,5.320673674362820238e-01,5.411952509054890337e-01,4.729822374940547691e-01,5.237863747102984302e-01,5.320673674362816907e-01,1.000000000000000888e+00,4.779319521747339428e-01,5.299783489035834183e-01,4.729822374940557683e-01,5.237863747102968759e-01,5.320673674362823569e-01,5.484507995501295419e-01,4.779319521747357746e-01,5.484507995501302080e-01,4.779319521747339428e-01,1.000000000000000888e+00,4.779319521747340538e-01,5.484507995501299860e-01,4.779319521747342758e-01,5.484507995501304300e-01,5.320673674362812466e-01,5.237863747102984302e-01,4.729822374940556573e-01,5.299783489035834183e-01,4.779319521747340538e-01,1.000000000000000888e+00,5.320673674362821348e-01,5.237863747102970979e-01,4.729822374940562124e-01,5.411952509054882565e-01,5.320673674362834671e-01,5.412278333548681264e-01,4.729822374940557683e-01,5.484507995501299860e-01,5.320673674362821348e-01,1.000000000000000888e+00,4.729822374940560459e-01,5.411952509054891447e-01,5.320673674362814687e-01,5.299783489035848616e-01,5.320673674362820238e-01,5.237863747102968759e-01,4.779319521747342758e-01,5.237863747102970979e-01,4.729822374940560459e-01,1.000000000000000888e+00,4.729822374940564345e-01,5.412278333548679043e-01,5.320673674362839112e-01,5.411952509054890337e-01,5.320673674362823569e-01,5.484507995501304300e-01,4.729822374940562124e-01,5.411952509054891447e-01,4.729822374940564345e-01,1.000000000000000888e+00
1.000000000000001332e+00,6.265575491216378579e-01,6.072318999598402822e-01,6.265575491216366366e-01,7.080550412839251573e-01,6.465054574469115689e-01,6.072318999598406153e-01,6.465054574469115689e-01,5.948177732249620986e-01,6.265575491216378579e-01,1.000000000000001332e+00,6.265575491216387460e-01,6.986887863451607394e-01,7.622151721916698985e-01,6.986887863451611835e-01,6.465054574469137894e-01,7.081774274602625763e-01,6.465054574469130122e-01,6.072318999598402822e-01,6.265575491216387460e-01,1.000000000000001332e+00,6.465054574469124571e-01,7.080550412839261565e-01,6.265575491216379689e-01,5.948177732249635419e-01,6.465054574469125681e-01,6.072318999598410594e-01,6.265575491216366366e-01,6.986887863451607394e-01,6.465054574469124571e-01,1.000000000000001332e+00,7.622151721916687883e-01,7.081774274602616881e-01,6.265575491216380799e-01,6.986887863451600733e-01,6.465054574469120130e-01,7.080550412839251573e-01,7.622151721916698985e-01,7.080550412839261565e-01,7.622151721916687883e-01,1.000000000000001332e+00,7.622151721916687883e-01,7.080550412839263785e-01,7.622151721916688993e-01,7.080550412839258234e-01,6.465054574469115689e-01,6.986887863451611835e-01,6.265575491216379689e-01,7.081774274602616881e-01,7.622151721916687883e-01,1.000000000000001332e+00,6.465054574469127902e-01,6.986887863451601843e-01,6.265575491216377468e-01,6.072318999598406153e-01,6.465054574469137894e-01,5.948177732249635419e-01,6.265575491216380799e-01,7.080550412839263785e-01,6.465054574469127902e-01,1.000000000000001332e+00,6.265575491216384130e-01,6.072318999598412814e-01,6.465054574469115689e-01,7.081774274602625763e-01,6.465054574469125681e-01,6.986887863451600733e-01,7.622151721916688993e-01,6.986887863451601843e-01,6.265575491216384130e-01,1.000000000000001332e+00,6.265575491216378579e-01,5.948177732249620986e-01,6.465054574469130122e-01,6.072318999598410594e-01,6.465054574469120130e-01,7.080550412839258234e-01,6.265575491216377468e-01,6.072318999598412814e-01,6.265575491216378579e-01,1.000000000000001332e+00
1.000000000000000222e+00,8.352686359189261944e-01,7.635520291464197307e-01,8.352686359189263055e-01,8.689933465622033948e-01,8.370201141809837653e-01,7.635520291464200637e-01,8.370201141809835432e-01,7.586584081081459985e-01,8.352686359189261944e-01,1.000000000000000222e+00,8.352686359189271936e-01,9.245979308669809438e-01,9.583997967102115823e-01,9.245979308669812768e-01,8.370201141809847645e-01,9.253318495276668942e-01,8.370201141809837653e-01,7.635520291464197307e-01,8.352686359189271936e-01,1.000000000000000222e+00,8.370201141809845424e-01,8.689933465622046160e-01,8.352686359189271936e-01,7.586584081081476638e-01,8.370201141809844314e-01,7.635520291464201748e-01,8.352686359189263055e-01,9.245979308669809438e-01,8.370201141809845424e-01,1.000000000000000222e+00,9.583997967102115823e-01,9.253318495276670053e-01,8.352686359189274157e-01,9.245979308669809438e-01,8.370201141809837653e-01,8.689933465622033948e-01,9.583997967102115823e-01,8.689933465622046160e-01,9.583997967102115823e-01,1.000000000000000222e+00,9.583997967102115823e-01,8.689933465622047271e-01,9.583997967102116933e-01,8.689933465622037279e-01,8.370201141809837653e-01,9.245979308669812768e-01,8.352686359189271936e-01,9.253318495276670053e-01,9.583997967102115823e-01,1.000000000000000222e+00,8.370201141809849865e-01,9.245979308669812768e-01,8.352686359189266385e-01,7.635520291464200637e-01,8.370201141809847645e-01,7.586584081081476638e-01,8.352686359189274157e-01,8.689933465622047271e-01,8.370201141809849865e-01,1.000000000000000222e+00,8.352686359189274157e-01,7.635520291464203968e-01,8.370201141809835432e-01,9.253318495276668942e-01,8.370201141809844314e-01,9.245979308669809438e-01,9.583997967102116933e-01,9.245979308669812768e-01,8.352686359189274157e-01,1.000000000000000222e+00,8.352686359189263055e-01,7.586584081081459985e-01,8.370201141809837653e-01,7.635520291464201748e-01,8.370201141809837653e-01,8.689933465622037279e-01,8.352686359189266385e-01,7.635520291464203968e-01,8.352686359189263055e-01,1.000000000000000222e+00
1.000000000000000666e+00,9.023253881004444921e-01,8.669454750470315663e-01,9.023253881004449362e-01,8.098226027620422096e-01,9.031634810068828179e-01,8.669454750470317883e-01,9.031634810068828179e-01,8.708368511836386272e-01,9.023253881004444921e-01,1.000000000000000666e+00,9.023253881004447141e-01,9.368427447147391618e-01,8.370462751817485669e-01,9.368427447147393838e-01,9.031634810068825958e-01,9.392836544941196575e-01,9.031634810068819297e-01,8.669454750470315663e-01,9.023253881004447141e-01,1.000000000000000666e+00,9.031634810068830399e-01,8.098226027620424317e-01,9.023253881004452692e-01,8.708368511836395154e-01,9.031634810068830399e-01,8.669454750470311222e-01,9.023253881004449362e-01,9.368427447147391618e-01,9.031634810068830399e-01,1.000000000000000666e+00,8.370462751817490110e-01,9.392836544941203236e-01,9.023253881004454913e-01,9.368427447147398279e-01,9.031634810068824848e-01,8.098226027620422096e-01,8.370462751817485669e-01,8.098226027620424317e-01,8.370462751817490110e-01,1.000000000000000666e+00,8.370462751817487890e-01,8.098226027620424317e-01,8.370462751817490110e-01,8.098226027620417655e-01,9.031634810068828179e-01,9.368427447147393838e-01,9.023253881004452692e-01,9.392836544941203236e-01,8.370462751817487890e-01,1.000000000000000666e+00,9.031634810068831509e-01,9.368427447147397169e-01,9.023253881004446031e-01,8.669454750470317883e-01,9.031634810068825958e-01,8.708368511836395154e-01,9.023253881004454913e-01,8.098226027620424317e-01,9.031634810068831509e-01,1.000000000000000666e+00,9.023253881004452692e-01,8.669454750470313442e-01,9.031634810068828179e-01,9.392836544941196575e-01,9.031634810068830399e-01,9.368427447147398279e-01,8.370462751817490110e-01,9.368427447147397169e-01,9.023253881004452692e-01,1.000000000000000666e+00,9.023253881004446031e-01,8.708368511836386272e-01,9.031634810068819297e-01,8.669454750470311222e-01,9.031634810068824848e-01,8.098226027620417655e-01,9.023253881004446031e-01,8.669454750470313442e-01,9.023253881004446031e-01,1.000000000000000666e+00
1.000000000000001554e+00,7.582209850076844226e-01,8.290179140198955521e-01,7.582209850076848667e-01,5.546132420376657102e-01,7.674169514622897204e-01,8.290179140198956631e-01,7.674169514622897204e-01,8.233293860269804698e-01,7.582209850076844226e-01,1.000000000000001554e+00,7.582209850076835345e-01,7.104170499257147497e-01,4.908782717551961605e-01,7.104170499257143057e-01,7.674169514622888322e-01,7.148237754639775732e-01,7.674169514622889432e-01,8.290179140198955521e-01,7.582209850076835345e-01,1.000000000000001554e+00,7.674169514622892763e-01,5.546132420376652661e-01,7.582209850076836455e-01,8.233293860269796927e-01,7.674169514622890542e-01,8.290179140198948859e-01,7.582209850076848667e-01,7.104170499257147497e-01,7.674169514622892763e-01,1.000000000000001554e+00,4.908782717551968267e-01,7.148237754639779062e-01,7.582209850076842006e-01,7.104170499257150828e-01,7.674169514622893873e-01,5.546132420376657102e-01,4.908782717551961605e-01,5.546132420376652661e-01,4.908782717551968267e-01,1.000000000000001554e+00,4.908782717551965491e-01,5.546132420376651551e-01,4.908782717551968267e-01,5.546132420376650440e-01,7.674169514622897204e-01,7.104170499257143057e-01,7.582209850076836455e-01,7.148237754639779062e-01,4.908782717551965491e-01,1.000000000000001554e+00,7.674169514622887212e-01,7.104170499257145277e-01,7.582209850076837565e-01,8.290179140198956631e-01,7.674169514622888322e-01,8.233293860269796927e-01,7.582209850076842006e-01,5.546132420376651551e-01,7.674169514622887212e-01,1.000000000000001554e+00,7.582209850076839786e-01,8.290179140198948859e-01,7.674169514622897204e-01,7.148237754639775732e-01,7.674169514622890542e-01,7.104170499257150828e-01,4.908782717551968267e-01,7.104170499257145277e-01,7.582209850076839786e-01,1.000000000000001554e+00,7.582209850076839786e-01,8.233293860269804698e-01,7.674169514622889432e-01,8.290179140198948859e-01,7.674169514622893873e-01,5.546132420376650440e-01,7.582209850076837565e-01,8.290179140198948859e-01,7.582209850076839786e-01,1.000000000000001554e+00
1.000000000000001776e+00,5.430483473734195599e-01,6.808703107377344077e-01,5.430483473734193378e-01,3.704367933507510258e-01,5.688652259958124624e-01,6.808703107377345187e-01,5.688652259958127955e-01,6.725837941151676658e-01,5.430483473734195599e-01,1.000000000000001776e+00,5.430483473734182276e-01,4.823576705569239675e-01,2.102364996226887550e-01,4.823576705569233569e-01,5.688652259958120183e-01,4.793248828642827641e-01,5.688652259958126844e-01,6.808703107377344077e-01,5.430483473734182276e-01,1.000000000000001776e+00,5.688652259958121293e-01,3.704367933507504151e-01,5.430483473734177835e-01,6.725837941151657784e-01,5.688652259958117963e-01,6.808703107377344077e-01,5.430483473734193378e-01,4.823576705569239675e-01,5.688652259958121293e-01,1.000000000000001776e+00,2.102364996226887550e-01,4.793248828642820980e-01,5.430483473734183386e-01,4.823576705569239120e-01,5.688652259958126844e-01,3.704367933507510258e-01,2.102364996226887550e-01,3.704367933507504151e-01,2.102364996226887550e-01,1.000000000000001776e+00,2.102364996226881444e-01,3.704367933507505817e-01,2.102364996226885330e-01,3.704367933507511923e-01,5.688652259958124624e-01,4.823576705569233569e-01,5.430483473734177835e-01,4.793248828642820980e-01,2.102364996226881444e-01,1.000000000000001776e+00,5.688652259958114632e-01,4.823576705569234679e-01,5.430483473734184496e-01,6.808703107377345187e-01,5.688652259958120183e-01,6.725837941151657784e-01,5.430483473734183386e-01,3.704367933507505817e-01,5.688652259958114632e-01,1.000000000000001776e+00,5.430483473734182276e-01,6.808703107377345187e-01,5.688652259958127955e-01,4.793248828642827641e-01,5.688652259958117963e-01,4.823576705569239120e-01,2.102364996226885330e-01,4.823576705569234679e-01,5.430483473734182276e-01,1.000000000000001776e+00,5.430483473734190047e-01,6.725837941151676658e-01,5.688652259958126844e-01,6.808703107377344077e-01,5.688652259958126844e-01,3.704367933507511923e-01,5.430483473734184496e-01,6.808703107377345187e-01,5.430483473734190047e-01,1.000000000000001776e+00
