9.999999999999791278e-01,-2.309621234399899525e-01,1.168737999454987075e-01,-4.799347402512721406e-02,3.108669417664487386e-02,-1.008664898120600548e-02,1.153171919453855124e-02,-1.188402972999141188e-04,6.197736403368969867e-03,2.753603861883980718e-03,4.606511510356490341e-03,3.664907596623847783e-03,4.036781312671319094e-03,4.090027352983466660e-03,3.610853462712948058e-03,4.635634301653377212e-03,2.741462924463337544e-03,5.945390879127903337e-03,7.833663695860821642e-05,-2.309621234399899525e-01,9.999999999999791278e-01,5.862779429303352496e-02,4.614346578529401333e-01,2.595771127741137163e-01,3.698133867195996793e-01,3.085142267644804259e-01,3.439386451228484409e-01,3.223532547989026997e-01,3.372671893230926310e-01,3.243212838717028923e-01,3.392393243371377709e-01,3.179083871112692306e-01,3.518066582155718880e-01,2.952429765875084211e-01,3.901040381335384444e-01,2.268242626134785722e-01,4.970748973172174345e-01,5.945386064948720434e-03,1.168737999454987075e-01,5.862779429303352496e-02,9.999999999999791278e-01,-7.701770361259319131e-02,2.532421230437054138e-01,1.034412905785105918e-01,1.748945815578472618e-01,1.389949246976941999e-01,1.568636011152504117e-01,1.486305286848138840e-01,1.509581300934114967e-01,1.532130359967777133e-01,1.460087001185086941e-01,1.600645820175261025e-01,1.350410251942157913e-01,1.778912976217763287e-01,1.036165628965646790e-01,2.268242664171739031e-01,2.741461448652529782e-03,-4.799347402512721406e-02,4.614346578529401333e-01,-7.701770361259319131e-02,9.999999999999791278e-01,1.130112182976349827e-02,3.741583144305160591e-01,2.010204578111928209e-01,2.908558189539982575e-01,2.418576027643359327e-01,2.705936337626650978e-01,2.512455263383681636e-01,2.679764260775486795e-01,2.484699647191764282e-01,2.766075049333303060e-01,2.313661558179194999e-01,3.062823658788197956e-01,1.778912947705846848e-01,3.901040406095216406e-01,4.635629331821161311e-03,3.108669417664487386e-02,2.595771127741137163e-01,2.532421230437054138e-01,1.130112182976349827e-02,9.999999999999791278e-01,-3.782871743256586289e-02,3.022316709043456617e-01,1.461071084409960585e-01,2.218994778016271374e-01,1.843565626339896957e-01,2.014352448073048474e-01,1.968466642791424914e-01,1.915453878166885060e-01,2.076081989263103833e-01,1.762613131043488657e-01,2.313661545427572463e-01,1.350410232181160075e-01,2.952429761906736339e-01,3.610851320032113648e-03,-1.008664898120600548e-02,3.698133867195996793e-01,1.034412905785105918e-01,3.741583144305160591e-01,-3.782871743256586289e-02,9.999999999999791278e-01,-8.468794122395789659e-03,3.449744011872182825e-01,1.780362461816124842e-01,2.642684233430224738e-01,2.157493057707161599e-01,2.472808259865328373e-01,2.208464763862720559e-01,2.510405637031196124e-01,2.076082022183440845e-01,2.766075079373703782e-01,1.600645809685081744e-01,3.518066639825725428e-01,4.090023612246045451e-03,1.153171919453855124e-02,3.085142267644804259e-01,1.748945815578472618e-01,2.010204578111928209e-01,3.022316709043456617e-01,-8.468794122395789659e-03,9.999999999999791278e-01,-2.500214006129419797e-02,3.186955443141107347e-01,1.609769928779582471e-01,2.363157880445252157e-01,2.021376939511937976e-01,2.117994710366207789e-01,2.208464726340109985e-01,1.915453882653379569e-01,2.484699633062895097e-01,1.460086981444809751e-01,3.179083871602682576e-01,4.036778241222560570e-03,-1.188402972999141188e-04,3.439386451228484409e-01,1.389949246976941999e-01,2.908558189539982575e-01,1.461071084409960585e-01,3.449744011872182825e-01,-2.500214006129419797e-02,9.999999999999791278e-01,-1.600749434796197579e-02,3.360262185066609786e-01,1.684718328549557331e-01,2.579902484016148856e-01,2.021376953453907221e-01,2.472808242100458798e-01,1.968466655567221446e-01,2.679764264900267312e-01,1.532130342270845991e-01,3.392393265211723907e-01,3.664904436733537867e-03,6.197736403368969867e-03,3.223532547989026997e-01,1.568636011152504117e-01,2.418576027643359327e-01,2.218994778016271374e-01,1.780362461816124842e-01,3.186955443141107347e-01,-1.600749434796197579e-02,9.999999999999791278e-01,-1.991522510001688534e-02,3.225857250953674815e-01,1.684718330363485783e-01,2.363157897962555043e-01,2.157493042283527007e-01,2.014352462942575195e-01,2.512455278496313338e-01,1.509581285491418678e-01,3.243212868967983442e-01,4.606508628461158592e-03,2.753603861883980718e-03,3.372671893230926310e-01,1.486305286848138840e-01,2.705936337626650978e-01,1.843565626339896957e-01,2.642684233430224738e-01,1.609769928779582471e-01,3.360262185066609786e-01,-1.991522510001688534e-02,9.999999999999791278e-01,-1.991522606335130105e-02,3.360262190697543838e-01,1.609769944630329852e-01,2.642684212928436693e-01,1.843565642068343002e-01,2.705936344093526902e-01,1.486305264631219147e-01,3.372671914649995606e-01,2.753600931689652222e-03,4.606511510356490341e-03,3.243212838717028923e-01,1.509581300934114967e-01,2.512455263383681636e-01,2.014352448073048474e-01,2.157493057707161599e-01,2.363157880445252157e-01,1.684718328549557331e-01,3.225857250953674815e-01,-1.991522606335130105e-02,9.999999999999791278e-01,-1.600749520924222083e-02,3.186955447599570945e-01,1.780362434367058211e-01,2.218994790713564313e-01,2.418576024508620748e-01,1.568635993017075403e-01,3.223532566644051744e-01,6.197732897762034052e-03,3.664907596623847783e-03,3.392393243371377709e-01,1.532130359967777133e-01,2.679764260775486795e-01,1.968466642791424914e-01,2.472808259865328373e-01,2.021376939511937976e-01,2.579902484016148856e-01,1.684718330363485783e-01,3.360262190697543838e-01,-1.600749520924222083e-02,9.999999999999791278e-01,-2.500213731762582908e-02,3.449743993138065790e-01,1.461071097327512336e-01,2.908558200316079811e-01,1.389949221395759826e-01,3.439386476937094095e-01,-1.188434860723750180e-04,4.036781312671319094e-03,3.179083871112692306e-01,1.460087001185086941e-01,2.484699647191764282e-01,1.915453878166885060e-01,2.208464763862720559e-01,2.117994710366207789e-01,2.021376953453907221e-01,2.363157897962555043e-01,1.609769944630329852e-01,3.186955447599570945e-01,-2.500213731762582908e-02,9.999999999999791278e-01,-8.468795376250622120e-03,3.022316740827184489e-01,2.010204601864276075e-01,1.748945808325330642e-01,3.085142311457713116e-01,1.153171574633816976e-02,4.090027352983466660e-03,3.518066582155718880e-01,1.600645820175261025e-01,2.766075049333303060e-01,2.076081989263103833e-01,2.510405637031196124e-01,2.208464726340109985e-01,2.472808242100458798e-01,2.157493042283527007e-01,2.642684212928436693e-01,1.780362434367058211e-01,3.449743993138065790e-01,-8.468795376250622120e-03,9.999999999999791278e-01,-3.782871859495486738e-02,3.741583121980006088e-01,1.034412871620033481e-01,3.698133861020792001e-01,-1.008665210564108766e-02,3.610853462712948058e-03,2.952429765875084211e-01,1.350410251942157913e-01,2.313661558179194999e-01,1.762613131043488657e-01,2.076082022183440845e-01,1.915453882653379569e-01,1.968466655567221446e-01,2.014352462942575195e-01,1.843565642068343002e-01,2.218994790713564313e-01,1.461071097327512336e-01,3.022316740827184489e-01,-3.782871859495486738e-02,9.999999999999791278e-01,1.130112573528947034e-02,2.532421222076852718e-01,2.595771172727578402e-01,3.108669094730586932e-02,4.635634301653377212e-03,3.901040381335384444e-01,1.778912976217763287e-01,3.062823658788197956e-01,2.313661545427572463e-01,2.766075079373703782e-01,2.484699633062895097e-01,2.679764264900267312e-01,2.512455278496313338e-01,2.705936344093526902e-01,2.418576024508620748e-01,2.908558200316079811e-01,2.010204601864276075e-01,3.741583121980006088e-01,1.130112573528947034e-02,9.999999999999791278e-01,-7.701770596365514754e-02,4.614346607056066807e-01,-4.799347713021774597e-02,2.741462924463337544e-03,2.268242626134785722e-01,1.036165628965646790e-01,1.778912947705846848e-01,1.350410232181160075e-01,1.600645809685081744e-01,1.460086981444809751e-01,1.532130342270845991e-01,1.509581285491418678e-01,1.486305264631219147e-01,1.568635993017075403e-01,1.389949221395759826e-01,1.748945808325330642e-01,1.034412871620033481e-01,2.532421222076852718e-01,-7.701770596365514754e-02,9.999999999999791278e-01,5.862779516208134478e-02,1.168737963280816194e-01,5.945390879127903337e-03,4.970748973172174345e-01,2.268242664171739031e-01,3.901040406095216406e-01,2.952429761906736339e-01,3.518066639825725428e-01,3.179083871602682576e-01,3.392393265211723907e-01,3.243212868967983442e-01,3.372671914649995606e-01,3.223532566644051744e-01,3.439386476937094095e-01,3.085142311457713116e-01,3.698133861020792001e-01,2.595771172727578402e-01,4.614346607056066807e-01,5.862779516208134478e-02,9.999999999999791278e-01,-2.309621254826831060e-01,7.833663695860821642e-05,5.945386064948720434e-03,2.741461448652529782e-03,4.635629331821161311e-03,3.610851320032113648e-03,4.090023612246045451e-03,4.036778241222560570e-03,3.664904436733537867e-03,4.606508628461158592e-03,2.753600931689652222e-03,6.197732897762034052e-03,-1.188434860723750180e-04,1.153171574633816976e-02,-1.008665210564108766e-02,3.108669094730586932e-02,-4.799347713021774597e-02,1.168737963280816194e-01,-2.309621254826831060e-01,9.999999999999791278e-01
9.999999999999861222e-01,-2.571135070871880535e-01,1.119746884456806202e-01,-7.060787821865296965e-02,2.030125502908461388e-02,-2.895437965901195843e-02,-2.089090289251275753e-03,-1.718505907115367576e-02,-8.594208205652901708e-03,-1.362746644321218351e-02,-1.052591055236996170e-02,-1.266853781335273293e-02,-1.084711553892883824e-02,-1.285779390676590819e-02,-1.010652292424190496e-02,-1.428139691757776032e-02,-7.490825121406610027e-03,-1.828100295476218010e-02,6.701078628467630870e-04,-2.571135070871880535e-01,9.999999999999861222e-01,3.740735545800441542e-02,4.690650011103290051e-01,2.446838119682692436e-01,3.718444089186037638e-01,2.985565763753753044e-01,3.425628937554642817e-01,3.146617405162667747e-01,3.346615579071751112e-01,3.169972985845805336e-01,3.370792799336896906e-01,3.092808703654420510e-01,3.518710623984284691e-01,2.831997636193491763e-01,3.945656868217669588e-01,2.087511540630564988e-01,5.066060399155705163e-01,-1.828100964419883054e-02,1.119746884456806202e-01,3.740735545800441542e-02,9.999999999999861222e-01,-1.027759205631972178e-01,2.447124184452375562e-01,8.164550196891630363e-02,1.616827991263965481e-01,1.202332048305538581e-01,1.414314578562712588e-01,1.313714208606532874e-01,1.344252798785481595e-01,1.368084764305267931e-01,1.287283008467099421e-01,1.443355882551015656e-01,1.171534238506741765e-01,1.624079984010630973e-01,8.618735732976688657e-02,2.087511594879781773e-01,-7.490827336084754026e-03,-7.060787821865296965e-02,4.690650011103290051e-01,-1.027759205631972178e-01,9.999999999999861222e-01,-7.738690178368189468e-03,3.787040721649167496e-01,1.874303450129513604e-01,2.904552138836187236e-01,2.320752894915190379e-01,2.677445368335808484e-01,2.428066349541821434e-01,2.647529716527793897e-01,2.395224114887836153e-01,2.747404538966446985e-01,2.200887408038237902e-01,3.074873502382451940e-01,1.624079944602302705e-01,3.945656902521431642e-01,-1.428140364912236157e-02,2.030125502908461388e-02,2.446838119682692436e-01,2.447124184452375562e-01,-7.738690178368189468e-03,9.999999999999861222e-01,-6.185614074092718462e-02,2.961752635282322577e-01,1.264762240443835228e-01,2.111026708823266484e-01,1.680942263645781309e-01,1.880509387803911969e-01,1.825618822503323468e-01,1.764641725919638415e-01,1.948937036862016248e-01,1.595648101428652765e-01,2.200887389280413720e-01,1.171534211994395974e-01,2.831997629580198517e-01,-1.010652583204009296e-02,-2.895437965901195843e-02,3.718444089186037638e-01,8.164550196891630363e-02,3.787040721649167496e-01,-6.185614074092718462e-02,9.999999999999861222e-01,-2.842408058732942555e-02,3.468538875418627487e-01,1.629862051428128122e-01,2.616203910383450570e-01,2.038748169295032664e-01,2.428296944523294365e-01,2.095817110870505096e-01,2.470265958101111048e-01,1.948937080315234216e-01,2.747404579541387615e-01,1.443355864958294488e-01,3.518710703334793632e-01,-1.285779938384621138e-02,-2.089090289251275753e-03,2.985565763753753044e-01,1.616827991263965481e-01,1.874303450129513604e-01,2.961752635282322577e-01,-2.842408058732942555e-02,9.999999999999861222e-01,-4.769607128552533215e-02,3.145202389568841350e-01,1.430952052928060048e-01,2.270399813054424232e-01,1.881563259258093868e-01,1.992994298826198385e-01,2.095817062091890060e-01,1.764641732707628585e-01,2.395224096374435063e-01,1.287282980763713169e-01,3.092808704478602344e-01,-1.084711958548072348e-02,-1.718505907115367576e-02,3.425628937554642817e-01,1.202332048305538581e-01,2.904552138836187236e-01,1.264762240443835228e-01,3.468538875418627487e-01,-4.769607128552533215e-02,9.999999999999861222e-01,-3.695864868110931845e-02,3.366268631481087459e-01,1.519791575229274827e-01,2.545649793371795866e-01,1.881563282055213893e-01,2.428296925570383180e-01,1.825618843639825184e-01,2.647529726440012166e-01,1.368084742386536101e-01,3.370792836527463088e-01,-1.266854231466514255e-02,-8.594208205652901708e-03,3.146617405162667747e-01,1.414314578562712588e-01,2.320752894915190379e-01,2.111026708823266484e-01,1.629862051428128122e-01,3.145202389568841350e-01,-3.695864868110931845e-02,9.999999999999861222e-01,-4.168604012268500164e-02,3.190214877147815598e-01,1.519791569905556972e-01,2.270399833971808168e-01,2.038748145144515800e-01,1.880509406043487375e-01,2.428066366039904611e-01,1.344252774310756571e-01,3.169973022810072538e-01,-1.052591467834066222e-02,-1.362746644321218351e-02,3.346615579071751112e-01,1.313714208606532874e-01,2.677445368335808484e-01,1.680942263645781309e-01,2.616203910383450570e-01,1.430952052928060048e-01,3.366268631481087459e-01,-4.168604012268500164e-02,9.999999999999861222e-01,-4.168604070522241578e-02,3.366268635233881645e-01,1.430952072697197208e-01,2.616203884958205883e-01,1.680942285651569057e-01,2.677445375791950299e-01,1.313714179565255435e-01,3.346615608704950340e-01,-1.362747045309674332e-02,-1.052591055236996170e-02,3.169972985845805336e-01,1.344252798785481595e-01,2.428066349541821434e-01,1.880509387803911969e-01,2.038748169295032664e-01,2.270399813054424232e-01,1.519791575229274827e-01,3.190214877147815598e-01,-4.168604070522241578e-02,9.999999999999861222e-01,-3.695864990998235650e-02,3.145202400650065067e-01,1.629862018548028091e-01,2.111026730325673839e-01,2.320752896652410191e-01,1.414314554019911185e-01,3.146617437916511273e-01,-8.594213146043503532e-03,-1.266853781335273293e-02,3.370792799336896906e-01,1.368084764305267931e-01,2.647529716527793897e-01,1.825618822503323468e-01,2.428296944523294365e-01,1.881563259258093868e-01,2.545649793371795866e-01,1.519791569905556972e-01,3.366268635233881645e-01,-3.695864990998235650e-02,9.999999999999861222e-01,-4.769606827637114244e-02,3.468538848801656083e-01,1.264762255462547336e-01,2.904552145141093278e-01,1.202332014879608502e-01,3.425628965242888402e-01,-1.718506333005693359e-02,-1.084711553892883824e-02,3.092808703654420510e-01,1.287283008467099421e-01,2.395224114887836153e-01,1.764641725919638415e-01,2.095817110870505096e-01,1.992994298826198385e-01,1.881563282055213893e-01,2.270399833971808168e-01,1.430952072697197208e-01,3.145202400650065067e-01,-4.769606827637114244e-02,9.999999999999861222e-01,-2.842408206214093805e-02,2.961752676104960624e-01,1.874303486709152367e-01,1.616827976572955683e-01,2.985565827750952250e-01,-2.089095461226514461e-03,-1.285779390676590819e-02,3.518710623984284691e-01,1.443355882551015656e-01,2.747404538966446985e-01,1.948937036862016248e-01,2.470265958101111048e-01,2.095817062091890060e-01,2.428296925570383180e-01,2.038748145144515800e-01,2.616203884958205883e-01,1.629862018548028091e-01,3.468538848801656083e-01,-2.842408206214093805e-02,9.999999999999861222e-01,-6.185614191287394648e-02,3.787040689004071981e-01,8.164549772686774398e-02,3.718444080038868504e-01,-2.895438356688328357e-02,-1.010652292424190496e-02,2.831997636193491763e-01,1.171534238506741765e-01,2.200887408038237902e-01,1.595648101428652765e-01,1.948937080315234216e-01,1.764641732707628585e-01,1.825618843639825184e-01,1.880509406043487375e-01,1.680942285651569057e-01,2.111026730325673839e-01,1.264762255462547336e-01,2.961752676104960624e-01,-6.185614191287394648e-02,9.999999999999861222e-01,-7.738684576361392654e-03,2.447124170302388824e-01,2.446838187375192097e-01,2.030125000470775487e-02,-1.428139691757776032e-02,3.945656868217669588e-01,1.624079984010630973e-01,3.074873502382451940e-01,2.200887389280413720e-01,2.747404579541387615e-01,2.395224096374435063e-01,2.647529726440012166e-01,2.428066366039904611e-01,2.677445375791950299e-01,2.320752896652410191e-01,2.904552145141093278e-01,1.874303486709152367e-01,3.787040689004071981e-01,-7.738684576361392654e-03,9.999999999999861222e-01,-1.027759239215216280e-01,4.690650048045578169e-01,-7.060788234410457498e-02,-7.490825121406610027e-03,2.087511540630564988e-01,8.618735732976688657e-02,1.624079944602302705e-01,1.171534211994395974e-01,1.443355864958294488e-01,1.287282980763713169e-01,1.368084742386536101e-01,1.344252774310756571e-01,1.313714179565255435e-01,1.414314554019911185e-01,1.202332014879608502e-01,1.616827976572955683e-01,8.164549772686774398e-02,2.447124170302388824e-01,-1.027759239215216280e-01,9.999999999999861222e-01,3.740735679711597317e-02,1.119746834407545910e-01,-1.828100295476218010e-02,5.066060399155705163e-01,2.087511594879781773e-01,3.945656902521431642e-01,2.831997629580198517e-01,3.518710703334793632e-01,3.092808704478602344e-01,3.370792836527463088e-01,3.169973022810072538e-01,3.346615608704950340e-01,3.146617437916511273e-01,3.425628965242888402e-01,2.985565827750952250e-01,3.718444080038868504e-01,2.446838187375192097e-01,4.690650048045578169e-01,3.740735679711597317e-02,9.999999999999861222e-01,-2.571135099715478045e-01,6.701078628467630870e-04,-1.828100964419883054e-02,-7.490827336084754026e-03,-1.428140364912236157e-02,-1.010652583204009296e-02,-1.285779938384621138e-02,-1.084711958548072348e-02,-1.266854231466514255e-02,-1.052591467834066222e-02,-1.362747045309674332e-02,-8.594213146043503532e-03,-1.718506333005693359e-02,-2.089095461226514461e-03,-2.895438356688328357e-02,2.030125000470775487e-02,-7.060788234410457498e-02,1.119746834407545910e-01,-2.571135099715478045e-01,9.999999999999861222e-01
1.000000000000006883e+00,-2.830076314199896359e-01,1.086236642967848831e-01,-9.348032062222043359e-02,1.097096148349736150e-02,-4.790691729154071543e-02,-1.454702265102559428e-02,-3.409819828342456477e-02,-2.241913433858468835e-02,-2.973652108489090520e-02,-2.473713698353836865e-02,-2.876512764377088180e-02,-2.468651429848697787e-02,-2.978460307436233551e-02,-2.244692996958986067e-02,-3.359061134183252695e-02,-1.579290867039091079e-02,-4.331083537892710389e-02,3.640632347244078960e-03,-2.830076314199896359e-01,1.000000000000006883e+00,1.537527938184774824e-02,4.779328421694971074e-01,2.286313614177501174e-01,3.752055939765899240e-01,2.876666450986227197e-01,3.422770126302504545e-01,3.062735038631073659e-01,3.330029589489592601e-01,3.090179458095478893e-01,3.359365623350538677e-01,2.998172290332341561e-01,3.532007351981462095e-01,2.700068789521960499e-01,4.005046494034261162e-01,1.893701891057991693e-01,5.173413533511388440e-01,-4.331084390551570573e-02,1.086236642967848831e-01,1.537527938184774824e-02,1.000000000000006883e+00,-1.286917921194708492e-01,2.366741518754045814e-01,5.932278335188546914e-02,1.488696048220327639e-01,1.010675027090379985e-01,1.262012820157680237e-01,1.138734947606296483e-01,1.179558377945215120e-01,1.202495647627303127e-01,1.114877131122859466e-01,1.283850091098214241e-01,9.949132524986084580e-02,1.463485061231266648e-01,6.956988756780732586e-02,1.893701964924405790e-01,-1.579291158781147286e-02,-9.348032062222043359e-02,4.779328421694971074e-01,-1.286917921194708492e-01,1.000000000000006883e+00,-2.698919046821516426e-02,3.847337905277728454e-01,1.733810934400673021e-01,2.915817070875648120e-01,2.219912306835812310e-01,2.662728256544068528e-01,2.341760832190171726e-01,2.628818274078366102e-01,2.303185288617076998e-01,2.743557030692493903e-01,2.083612083479198240e-01,3.103120490048048019e-01,1.463485006677932576e-01,4.005046535032162902e-01,-3.359061982968391397e-02,1.097096148349736150e-02,2.286313614177501174e-01,2.366741518754045814e-01,-2.698919046821516426e-02,1.000000000000006883e+00,-8.617232700760148190e-02,2.903034296018985327e-01,1.062170059496442692e-01,2.004262521015892085e-01,1.513303015092689607e-01,1.745808512695783410e-01,1.679627139209517450e-01,1.611384398393278516e-01,1.819421274273773370e-01,1.426491496484412203e-01,2.083612059430588470e-01,9.949132172971765498e-02,2.700068777855730850e-01,-2.244693345648175048e-02,-4.790691729154071543e-02,3.752055939765899240e-01,5.932278335188546914e-02,3.847337905277728454e-01,-8.617232700760148190e-02,1.000000000000006883e+00,-4.839087700740607456e-02,3.502000090242296526e-01,1.476369461074172884e-01,2.605163779905093069e-01,1.917770435671976859e-01,2.398487739743690450e-01,1.981324439715324293e-01,2.444902354022991942e-01,1.819421330696182615e-01,2.743557086860059502e-01,1.283850064530376311e-01,3.532007457503281711e-01,-2.978461043013256107e-02,-1.454702265102559428e-02,2.876666450986227197e-01,1.488696048220327639e-01,1.733810934400673021e-01,2.903034296018985327e-01,-4.839087700740607456e-02,1.000000000000006883e+00,-7.064529183144335756e-02,3.105510761991209789e-01,1.246688439725308351e-01,2.178780923285192628e-01,1.738010470330956514e-01,1.866716282425750495e-01,1.981324376069100723e-01,1.611384406375002132e-01,2.303185266191236646e-01,1.114877091502115142e-01,2.998172288342056957e-01,-2.468651921351065065e-02,-3.409819828342456477e-02,3.422770126302504545e-01,1.010675027090379985e-01,2.915817070875648120e-01,1.062170059496442692e-01,3.502000090242296526e-01,-7.064529183144335756e-02,1.000000000000006883e+00,-5.795707944315953153e-02,3.386213338268840856e-01,1.350918342701166452e-01,2.526612513569210794e-01,1.738010504627992003e-01,2.398487718176586792e-01,1.679627170079378007e-01,2.628818292157305558e-01,1.202495620010572835e-01,3.359365677020498264e-01,-2.876513347040636839e-02,-2.241913433858468835e-02,3.062735038631073659e-01,1.262012820157680237e-01,2.219912306835812310e-01,2.004262521015892085e-01,1.476369461074172884e-01,3.105510761991209789e-01,-5.795707944315953153e-02,1.000000000000006883e+00,-6.361002403455709442e-02,3.156997978834286123e-01,1.350918330498480091e-01,2.178780950961419216e-01,1.917770402106252214e-01,1.745808536028230218e-01,2.341760855073752312e-01,1.179558341579500513e-01,3.090179504885664508e-01,-2.473714243433458582e-02,-2.973652108489090520e-02,3.330029589489592601e-01,1.138734947606296483e-01,2.662728256544068528e-01,1.513303015092689607e-01,2.605163779905093069e-01,1.246688439725308351e-01,3.386213338268840856e-01,-6.361002403455709442e-02,1.000000000000006883e+00,-6.361002446688887590e-02,3.386213341306129054e-01,1.246688464651952710e-01,2.605163748120605249e-01,1.513303044799037267e-01,2.662728265586437604e-01,1.138734911658383642e-01,3.330029626288752431e-01,-2.973652596729401548e-02,-2.473713698353836865e-02,3.090179458095478893e-01,1.179558377945215120e-01,2.341760832190171726e-01,1.745808512695783410e-01,1.917770435671976859e-01,2.178780923285192628e-01,1.350918342701166452e-01,3.156997978834286123e-01,-6.361002446688887590e-02,1.000000000000006883e+00,-5.795708141379601885e-02,3.105510780842521412e-01,1.476369419394718552e-01,2.004262550799735254e-01,2.219912316363430727e-01,1.262012783513830894e-01,3.062735085753426345e-01,-2.241914089712526009e-02,-2.876512764377088180e-02,3.359365623350538677e-01,1.202495647627303127e-01,2.628818274078366102e-01,1.679627139209517450e-01,2.398487739743690450e-01,1.738010470330956514e-01,2.526612513569210794e-01,1.350918330498480091e-01,3.386213341306129054e-01,-5.795708141379601885e-02,1.000000000000006883e+00,-7.064528822550056320e-02,3.502000052849028044e-01,1.062170078289352004e-01,2.915817071429110952e-01,1.010674986703106459e-01,3.422770153025624928e-01,-3.409820327592876649e-02,-2.468651429848697787e-02,2.998172290332341561e-01,1.114877131122859466e-01,2.303185288617076998e-01,1.611384398393278516e-01,1.981324439715324293e-01,1.866716282425750495e-01,1.738010504627992003e-01,2.178780950961419216e-01,1.246688464651952710e-01,3.105510780842521412e-01,-7.064528822550056320e-02,1.000000000000006883e+00,-4.839087866374817970e-02,2.903034347475264565e-01,1.733810992054563571e-01,1.488696021465372443e-01,2.876666541779118180e-01,-1.454702990600689402e-02,-2.978460307436233551e-02,3.532007351981462095e-01,1.283850091098214241e-01,2.743557030692493903e-01,1.819421274273773370e-01,2.444902354022991942e-01,1.981324376069100723e-01,2.398487718176586792e-01,1.917770402106252214e-01,2.605163748120605249e-01,1.476369419394718552e-01,3.502000052849028044e-01,-4.839087866374817970e-02,1.000000000000006883e+00,-8.617232835691265858e-02,3.847337859476868127e-01,5.932277821656631311e-02,3.752055922210292827e-01,-4.790692160365109253e-02,-2.244692996958986067e-02,2.700068789521960499e-01,9.949132524986084580e-02,2.083612083479198240e-01,1.426491496484412203e-01,1.819421330696182615e-01,1.611384406375002132e-01,1.679627170079378007e-01,1.745808536028230218e-01,1.513303044799037267e-01,2.004262550799735254e-01,1.062170078289352004e-01,2.903034347475264565e-01,-8.617232835691265858e-02,1.000000000000006883e+00,-2.698918237049343499e-02,2.366741493304296284e-01,2.286313709669074434e-01,1.097095430132055335e-02,-3.359061134183252695e-02,4.005046494034261162e-01,1.463485061231266648e-01,3.103120490048048019e-01,2.083612059430588470e-01,2.743557086860059502e-01,2.303185266191236646e-01,2.628818292157305558e-01,2.341760855073752312e-01,2.662728265586437604e-01,2.219912316363430727e-01,2.915817071429110952e-01,1.733810992054563571e-01,3.847337859476868127e-01,-2.698918237049343499e-02,1.000000000000006883e+00,-1.286917965052019330e-01,4.779328469819834613e-01,-9.348032566228618723e-02,-1.579290867039091079e-02,1.893701891057991693e-01,6.956988756780732586e-02,1.463485006677932576e-01,9.949132172971765498e-02,1.283850064530376311e-01,1.114877091502115142e-01,1.202495620010572835e-01,1.179558341579500513e-01,1.138734911658383642e-01,1.262012783513830894e-01,1.010674986703106459e-01,1.488696021465372443e-01,5.932277821656631311e-02,2.366741493304296284e-01,-1.286917965052019330e-01,1.000000000000006883e+00,1.537528080343868696e-02,1.086236580260794560e-01,-4.331083537892710389e-02,5.173413533511388440e-01,1.893701964924405790e-01,4.005046535032162902e-01,2.700068777855730850e-01,3.532007457503281711e-01,2.998172288342056957e-01,3.359365677020498264e-01,3.090179504885664508e-01,3.330029626288752431e-01,3.062735085753426345e-01,3.422770153025624928e-01,2.876666541779118180e-01,3.752055922210292827e-01,2.286313709669074434e-01,4.779328469819834613e-01,1.537528080343868696e-02,1.000000000000006883e+00,-2.830076350884569436e-01,3.640632347244078960e-03,-4.331084390551570573e-02,-1.579291158781147286e-02,-3.359061982968391397e-02,-2.244693345648175048e-02,-2.978461043013256107e-02,-2.468651921351065065e-02,-2.876513347040636839e-02,-2.473714243433458582e-02,-2.973652596729401548e-02,-2.241914089712526009e-02,-3.409820327592876649e-02,-1.454702990600689402e-02,-4.790692160365109253e-02,1.097095430132055335e-02,-9.348032566228618723e-02,1.086236580260794560e-01,-2.830076350884569436e-01,1.000000000000006883e+00
1.000000000000007550e+00,-3.086049202117603918e-01,1.069390929548835467e-01,-1.166525791098963899e-01,3.286967124576600785e-03,-6.703315303559882754e-02,-2.564166415119270917e-02,-5.094834426829406016e-02,-3.508606270506318958e-02,-4.565948000381721966e-02,-3.783404665783347831e-02,-4.472307889601161157e-02,-3.726578332837766905e-02,-4.681406170624847346e-02,-3.316708663760896403e-02,-5.341798805378720344e-02,-2.193977060319855787e-02,-6.918132290225299796e-02,9.062679841100002714e-03,-3.086049202117603918e-01,1.000000000000007550e+00,-7.556976634819821681e-03,4.880869821014177656e-01,2.112154362043303646e-01,3.800525711252836780e-01,2.755782728429851947e-01,3.432809288330999076e-01,2.969059790704239310e-01,3.325011051792420291e-01,3.000973257031953056e-01,3.360214526796863055e-01,2.892334831327956768e-01,3.559877783977022370e-01,2.554101517570019908e-01,4.080433537793505816e-01,1.685166776058373284e-01,5.292926712137091538e-01,-6.918133185887424819e-02,1.069390929548835467e-01,-7.556976634819821681e-03,1.000000000000007550e+00,-1.547304430206754011e-01,2.292058087586176796e-01,3.645384118537323831e-02,1.365564822320631255e-01,8.145823628292321594e-02,1.112743730249667051e-01,9.609458268959207572e-02,1.016537531178354908e-01,1.034798680823547645e-01,9.441787126510271799e-02,1.121130254609197241e-01,8.224525006547456218e-02,1.295514050327031264e-01,5.401994044326589861e-02,1.685166863453722852e-01,-2.193977362460261538e-02,-1.166525791098963899e-01,4.880869821014177656e-01,-1.547304430206754011e-01,1.000000000000007550e+00,-4.654091006798618396e-02,3.923506588743962964e-01,1.587098264184182428e-01,2.944175276952624154e-01,2.114023469991548887e-01,2.663904453074736889e-01,2.251385365493772384e-01,2.625809208332446354e-01,2.206423658401502619e-01,2.756612934275290971e-01,1.959821549158495269e-01,3.149273079665027009e-01,1.295513980401155618e-01,4.080433572981851387e-01,-5.341799712811644285e-02,3.286967124576600785e-03,2.112154362043303646e-01,2.292058087586176796e-01,-4.654091006798618396e-02,1.000000000000007550e+00,-1.107618881127042099e-01,2.845951528810561904e-01,8.529416739535841674e-02,1.898717040092091635e-01,1.340002405629047988e-01,1.610397774538112059e-01,1.529650127446018915e-01,1.456067196192601942e-01,1.686277340456874274e-01,1.256122441453318417e-01,1.959821528104556121e-01,8.224524617870232479e-02,2.554101502312494665e-01,-3.316708983847276027e-02,-6.703315303559882754e-02,3.800525711252836780e-01,3.645384118537323831e-02,3.923506588743962964e-01,-1.107618881127042099e-01,1.000000000000007550e+00,-6.841109856643889930e-02,3.551655918181483296e-01,1.318879592786233457e-01,2.611802191039190868e-01,1.793194786706321653e-01,2.385852754725583391e-01,1.863567413837465825e-01,2.436703255596742446e-01,1.686277401540868803e-01,2.756613005403194538e-01,1.121130217849071325e-01,3.559877904513155666e-01,-4.681407003490498792e-02,-2.564166415119270917e-02,2.755782728429851947e-01,1.365564822320631255e-01,1.587098264184182428e-01,2.845951528810561904e-01,-6.841109856643889930e-02,1.000000000000007550e+00,-9.385148240593166324e-02,3.067109632721434775e-01,1.056428408507054661e-01,2.087833815414038008e-01,1.589745886667004726e-01,1.739004005807482933e-01,1.863567338137984697e-01,1.456067199694623671e-01,2.206423634920189336e-01,9.441786610410561609e-02,2.892334819314629213e-01,-3.726578817260160076e-02,-5.094834426829406016e-02,3.432809288330999076e-01,8.145823628292321594e-02,2.944175276952624154e-01,8.529416739535841674e-02,3.551655918181483296e-01,-9.385148240593166324e-02,1.000000000000007550e+00,-7.901876078349616417e-02,3.421863565235369609e-01,1.177396555417608986e-01,2.525191117728784462e-01,1.589745936683759076e-01,2.385852737934859857e-01,1.529650166421511193e-01,2.625809241188758469e-01,1.034798652460482554e-01,3.360214596096905981e-01,-4.472308510044219199e-02,-3.508606270506318958e-02,2.969059790704239310e-01,1.112743730249667051e-01,2.114023469991548887e-01,1.898717040092091635e-01,1.318879592786233457e-01,3.067109632721434775e-01,-7.901876078349616417e-02,1.000000000000007550e+00,-8.569578909745591278e-02,3.125279017723369690e-01,1.177396529039332757e-01,2.087833849191518265e-01,1.793194744437230093e-01,1.610397795245309960e-01,2.251385396768464109e-01,1.016537480165612961e-01,3.000973305114115197e-01,-3.783405267763662039e-02,-4.565948000381721966e-02,3.325011051792420291e-01,9.609458268959207572e-02,2.663904453074736889e-01,1.340002405629047988e-01,2.611802191039190868e-01,1.056428408507054661e-01,3.421863565235369609e-01,-8.569578909745591278e-02,1.000000000000007550e+00,-8.569578879794673143e-02,3.421863564626269061e-01,1.056428438592612595e-01,2.611802156086842075e-01,1.340002439538936496e-01,2.663904464586402954e-01,9.609457887916586505e-02,3.325011087750586736e-01,-4.565948453699646137e-02,-3.783404665783347831e-02,3.000973257031953056e-01,1.016537531178354908e-01,2.251385365493772384e-01,1.610397774538112059e-01,1.793194786706321653e-01,2.087833815414038008e-01,1.177396555417608986e-01,3.125279017723369690e-01,-8.569578879794673143e-02,1.000000000000007550e+00,-7.901876369898969132e-02,3.067109664100998168e-01,1.318879549795463624e-01,1.898717075050356806e-01,2.114023496694479032e-01,1.112743680670091051e-01,2.969059853325185516e-01,-3.508607035188342216e-02,-4.472307889601161157e-02,3.360214526796863055e-01,1.034798680823547645e-01,2.625809208332446354e-01,1.529650127446018915e-01,2.385852754725583391e-01,1.589745886667004726e-01,2.525191117728784462e-01,1.177396529039332757e-01,3.421863564626269061e-01,-7.901876369898969132e-02,1.000000000000007550e+00,-9.385147869708115875e-02,3.551655868559305818e-01,8.529416897027217170e-02,2.944175267272580165e-01,8.145823195239057513e-02,3.432809299508869927e-01,-5.094834859792317372e-02,-3.726578332837766905e-02,2.892334831327956768e-01,9.441787126510271799e-02,2.206423658401502619e-01,1.456067196192601942e-01,1.863567413837465825e-01,1.739004005807482933e-01,1.589745936683759076e-01,2.087833849191518265e-01,1.056428438592612595e-01,3.067109664100998168e-01,-9.385147869708115875e-02,1.000000000000007550e+00,-6.841109941329412414e-02,2.845951584436334780e-01,1.587098352474027307e-01,1.365564779469617684e-01,2.755782845663303782e-01,-2.564167309890784743e-02,-4.681406170624847346e-02,3.559877783977022370e-01,1.121130254609197241e-01,2.756612934275290971e-01,1.686277340456874274e-01,2.436703255596742446e-01,1.863567338137984697e-01,2.385852737934859857e-01,1.793194744437230093e-01,2.611802156086842075e-01,1.318879549795463624e-01,3.551655868559305818e-01,-6.841109941329412414e-02,1.000000000000007550e+00,-1.107618898471342123e-01,3.923506533948969421e-01,3.645383600448802441e-02,3.800525682455985210e-01,-6.703315646964937147e-02,-3.316708663760896403e-02,2.554101517570019908e-01,8.224525006547456218e-02,1.959821549158495269e-01,1.256122441453318417e-01,1.686277401540868803e-01,1.456067199694623671e-01,1.529650166421511193e-01,1.610397795245309960e-01,1.340002439538936496e-01,1.898717075050356806e-01,8.529416897027217170e-02,2.845951584436334780e-01,-1.107618898471342123e-01,1.000000000000007550e+00,-4.654089960184307206e-02,2.292058044968619257e-01,2.112154473949895417e-01,3.286958389024269810e-03,-5.341798805378720344e-02,4.080433537793505816e-01,1.295514050327031264e-01,3.149273079665027009e-01,1.959821528104556121e-01,2.756613005403194538e-01,2.206423634920189336e-01,2.625809241188758469e-01,2.251385396768464109e-01,2.663904464586402954e-01,2.114023496694479032e-01,2.944175267272580165e-01,1.587098352474027307e-01,3.923506533948969421e-01,-4.654089960184307206e-02,1.000000000000007550e+00,-1.547304474799841012e-01,4.880869880008292805e-01,-1.166525840640882661e-01,-2.193977060319855787e-02,1.685166776058373284e-01,5.401994044326589861e-02,1.295513980401155618e-01,8.224524617870232479e-02,1.121130217849071325e-01,9.441786610410561609e-02,1.034798652460482554e-01,1.016537480165612961e-01,9.609457887916586505e-02,1.112743680670091051e-01,8.145823195239057513e-02,1.365564779469617684e-01,3.645383600448802441e-02,2.292058044968619257e-01,-1.547304474799841012e-01,1.000000000000007550e+00,-7.556976039696454428e-03,1.069390865163681870e-01,-6.918132290225299796e-02,5.292926712137091538e-01,1.685166863453722852e-01,4.080433572981851387e-01,2.554101502312494665e-01,3.559877904513155666e-01,2.892334819314629213e-01,3.360214596096905981e-01,3.000973305114115197e-01,3.325011087750586736e-01,2.969059853325185516e-01,3.432809299508869927e-01,2.755782845663303782e-01,3.800525682455985210e-01,2.112154473949895417e-01,4.880869880008292805e-01,-7.556976039696454428e-03,1.000000000000007550e+00,-3.086049239141638312e-01,9.062679841100002714e-03,-6.918133185887424819e-02,-2.193977362460261538e-02,-5.341799712811644285e-02,-3.316708983847276027e-02,-4.681407003490498792e-02,-3.726578817260160076e-02,-4.472308510044219199e-02,-3.783405267763662039e-02,-4.565948453699646137e-02,-3.508607035188342216e-02,-5.094834859792317372e-02,-2.564167309890784743e-02,-6.703315646964937147e-02,3.286958389024269810e-03,-1.166525840640882661e-01,1.069390865163681870e-01,-3.086049239141638312e-01,1.000000000000007550e+00
