9.999999999999906741e-01,-2.701507651013992373e-01,2.095349940104474784e-01,-1.410870331861341920e-01,1.716494214408049168e-01,-1.158939065064412688e-01,1.388704659228953975e-01,-6.070192732598156393e-02,6.804444528797302938e-02,2.398295924562566725e-02,-2.041572971350538376e-02,1.074131572273148427e-01,-9.341731369326217171e-02,1.573086537211270119e-01,-1.249869147173542083e-01,1.539828056652604027e-01,-1.095129091260112625e-01,1.015228466682643604e-01,-6.902266943266487098e-02,-2.701507651013992373e-01,9.999999999999906741e-01,-3.542198969430412209e-02,4.250193806107849248e-01,6.195992090554799936e-02,3.611207265792524268e-01,1.338417589424791831e-01,3.530955287208625837e-01,2.517262140979189544e-01,3.024819030321284075e-01,3.363413133800732813e-01,1.920101230493696243e-01,3.563866008995356660e-01,9.677206200208118836e-02,3.496173694316043190e-01,1.209533999400225213e-01,3.145860504351637443e-01,3.203438954297406216e-01,1.015228535352204614e-01,2.095349940104474784e-01,-3.542198969430412209e-02,9.999999999999906741e-01,-2.426818494002676296e-01,4.007916677225067947e-01,-1.365406675499560851e-01,3.344527922378106033e-01,-1.430932443857574343e-02,2.271753146140557955e-01,1.511103579300536182e-01,6.804812092218515129e-02,2.877570883139939362e-01,-8.397614503635050798e-02,3.558200447123929244e-01,-1.543773564999489367e-01,3.551109392956401378e-01,-1.285972416055433110e-01,3.145860393326314064e-01,-1.095129081504513657e-01,-1.410870331861341920e-01,4.250193806107849248e-01,-2.426818494002676296e-01,9.999999999999906741e-01,-2.176508487809893089e-01,4.254952906091598597e-01,-6.558151553655297561e-02,3.331601657361275004e-01,1.084660823670388768e-01,1.987884312599938752e-01,2.717356719450740865e-01,2.083301213934294488e-02,3.663741432957154376e-01,-1.089455969561949483e-01,3.958599882412396909e-01,-8.810376802395733509e-02,3.551109492466017481e-01,1.209534038655781796e-01,1.539828114031618622e-01,1.716494214408049168e-01,6.195992090554799936e-02,4.007916677225067947e-01,-2.176508487809893089e-01,9.999999999999906741e-01,-2.474084463569781456e-01,4.132055981217298002e-01,-3.828383869143142659e-02,2.627738223911513238e-01,1.642308078424891682e-01,7.308588733718938968e-02,3.231715391840625506e-01,-1.068146640994660779e-01,3.985289239009437434e-01,-1.888224810472497461e-01,3.958599781075058388e-01,-1.543773573649586117e-01,3.496173571955669690e-01,-1.249869137930061103e-01,-1.158939065064412688e-01,3.611207265792524268e-01,-1.365406675499560851e-01,4.254952906091598597e-01,-2.474084463569781456e-01,9.999999999999906741e-01,-1.925140490155808348e-01,3.769422187564978044e-01,6.627343903984769802e-02,1.933414663881993789e-01,2.539565714061413626e-01,1.987029159734192418e-03,3.633135477052522599e-01,-1.296894661536162896e-01,3.985289321872010904e-01,-1.089455926501917693e-01,3.558200538011218050e-01,9.677206959674589104e-02,1.573086583970868813e-01,1.388704659228953975e-01,1.338417589424791831e-01,3.344527922378106033e-01,-6.558151553655297561e-02,4.132055981217298002e-01,-1.925140490155808348e-01,9.999999999999906741e-01,-1.225998901007441799e-01,3.336509052677189002e-01,1.577265306753378171e-01,1.300448428925004563e-01,3.047467717193899084e-01,-3.310362882691464392e-02,3.633135371212630749e-01,-1.068146604024021173e-01,3.663741314647615543e-01,-8.397614277372550395e-02,3.563865885877527395e-01,-9.341731131351141415e-02,-6.070192732598156393e-02,3.530955287208625837e-01,-1.430932443857574343e-02,3.331601657361275004e-01,-3.828383869143142659e-02,3.769422187564978044e-01,-1.225998901007441799e-01,9.999999999999906741e-01,-4.863565227772748134e-02,2.985207784451708868e-01,2.165540881984353017e-01,1.075435330421584956e-01,3.047467833025993000e-01,1.987019565093117723e-03,3.231715516315237791e-01,2.083300609096550016e-02,2.877571016133511628e-01,1.920101224538581786e-01,1.074131646169936283e-01,6.804444528797302938e-02,2.517262140979189544e-01,2.271753146140557955e-01,1.084660823670388768e-01,2.627738223911513238e-01,6.627343903984769802e-02,3.336509052677189002e-01,-4.863565227772748134e-02,9.999999999999906741e-01,-3.314504585246402790e-03,2.848597502569620299e-01,2.165540795157561149e-01,1.300448505627269102e-01,2.539565620582650562e-01,7.308589741880421042e-02,2.717356629447181260e-01,6.804812857580583296e-02,3.363413056902997966e-01,-2.041572459687598234e-02,2.398295924562566725e-02,3.024819030321284075e-01,1.511103579300536182e-01,1.987884312599938752e-01,1.642308078424891682e-01,1.933414663881993789e-01,1.577265306753378171e-01,2.985207784451708868e-01,-3.314504585246402790e-03,9.999999999999906741e-01,-3.314498693580338051e-03,2.985207720936428055e-01,1.577265377375482447e-01,1.933414522569116833e-01,1.642308167648257322e-01,1.987884190342863455e-01,1.511103678277861961e-01,3.024818947477571629e-01,2.398296689129187503e-02,-2.041572971350538376e-02,3.363413133800732813e-01,6.804812092218515129e-02,2.717356719450740865e-01,7.308588733718938968e-02,2.539565714061413626e-01,1.300448428925004563e-01,2.165540881984353017e-01,2.848597502569620299e-01,-3.314498693580338051e-03,9.999999999999906741e-01,-4.863565729135969212e-02,3.336509187483160943e-01,6.627343184047067293e-02,2.627738374943935362e-01,1.084660783353758318e-01,2.271753277890151135e-01,2.517262130479014370e-01,6.804445215365506616e-02,1.074131572273148427e-01,1.920101230493696243e-01,2.877570883139939362e-01,2.083301213934294488e-02,3.231715391840625506e-01,1.987029159734192418e-03,3.047467717193899084e-01,1.075435330421584956e-01,2.165540795157561149e-01,2.985207720936428055e-01,-4.863565729135969212e-02,9.999999999999906741e-01,-1.225998854708816171e-01,3.769422013390268389e-01,-3.828383029547539895e-02,3.331601457734196803e-01,-1.430931552499738885e-02,3.530955119841493461e-01,-6.070191861071477790e-02,-9.341731369326217171e-02,3.563866008995356660e-01,-8.397614503635050798e-02,3.663741432957154376e-01,-1.068146640994660779e-01,3.633135477052522599e-01,-3.310362882691464392e-02,3.047467833025993000e-01,1.300448505627269102e-01,1.577265377375482447e-01,3.336509187483160943e-01,-1.225998854708816171e-01,9.999999999999906741e-01,-1.925140522574775859e-01,4.132056113627946559e-01,-6.558151377559263973e-02,3.344528063652958960e-01,1.338417648805813043e-01,1.388704722875266917e-01,1.573086537211270119e-01,9.677206200208118836e-02,3.558200447123929244e-01,-1.089455969561949483e-01,3.985289239009437434e-01,-1.296894661536162896e-01,3.633135371212630749e-01,1.987019565093117723e-03,2.539565620582650562e-01,1.933414522569116833e-01,6.627343184047067293e-02,3.769422013390268389e-01,-1.925140522574775859e-01,9.999999999999906741e-01,-2.474084471728349444e-01,4.254952759581700494e-01,-1.365406673635982115e-01,3.611207089571609741e-01,-1.158939016733740307e-01,-1.249869147173542083e-01,3.496173694316043190e-01,-1.543773564999489367e-01,3.958599882412396909e-01,-1.888224810472497461e-01,3.985289321872010904e-01,-1.068146604024021173e-01,3.231715516315237791e-01,7.308589741880421042e-02,1.642308167648257322e-01,2.627738374943935362e-01,-3.828383029547539895e-02,4.132056113627946559e-01,-2.474084471728349444e-01,9.999999999999906741e-01,-2.176508459317321731e-01,4.007916805801797211e-01,6.195992907371319913e-02,1.716494265706542399e-01,1.539828056652604027e-01,1.209533999400225213e-01,3.551109392956401378e-01,-8.810376802395733509e-02,3.958599781075058388e-01,-1.089455926501917693e-01,3.663741314647615543e-01,2.083300609096550016e-02,2.717356629447181260e-01,1.987884190342863455e-01,1.084660783353758318e-01,3.331601457734196803e-01,-6.558151377559263973e-02,4.254952759581700494e-01,-2.176508459317321731e-01,9.999999999999906741e-01,-2.426818472361492729e-01,4.250193650897935993e-01,-1.410870282757130112e-01,-1.095129091260112625e-01,3.145860504351637443e-01,-1.285972416055433110e-01,3.551109492466017481e-01,-1.543773573649586117e-01,3.558200538011218050e-01,-8.397614277372550395e-02,2.877571016133511628e-01,6.804812857580583296e-02,1.511103678277861961e-01,2.271753277890151135e-01,-1.430931552499738885e-02,3.344528063652958960e-01,-1.365406673635982115e-01,4.007916805801797211e-01,-2.426818472361492729e-01,9.999999999999906741e-01,-3.542198300575365860e-02,2.095349996806634418e-01,1.015228466682643604e-01,3.203438954297406216e-01,3.145860393326314064e-01,1.209534038655781796e-01,3.496173571955669690e-01,9.677206959674589104e-02,3.563865885877527395e-01,1.920101224538581786e-01,3.363413056902997966e-01,3.024818947477571629e-01,2.517262130479014370e-01,3.530955119841493461e-01,1.338417648805813043e-01,3.611207089571609741e-01,6.195992907371319913e-02,4.250193650897935993e-01,-3.542198300575365860e-02,9.999999999999906741e-01,-2.701507634602185459e-01,-6.902266943266487098e-02,1.015228535352204614e-01,-1.095129081504513657e-01,1.539828114031618622e-01,-1.249869137930061103e-01,1.573086583970868813e-01,-9.341731131351141415e-02,1.074131646169936283e-01,-2.041572459687598234e-02,2.398296689129187503e-02,6.804445215365506616e-02,-6.070191861071477790e-02,1.388704722875266917e-01,-1.158939016733740307e-01,1.716494265706542399e-01,-1.410870282757130112e-01,2.095349996806634418e-01,-2.701507634602185459e-01,9.999999999999906741e-01
9.999999999999893419e-01,-2.929484371464563530e-01,2.045085568218441563e-01,-1.562761695887032176e-01,1.639697307857956310e-01,-1.287034035318782854e-01,1.290277000337808344e-01,-7.484818861236000598e-02,5.489836927680619150e-02,9.729020709566528480e-03,-3.498556452322888755e-02,9.585523304829557389e-02,-1.067407911347819094e-01,1.482280217827549040e-01,-1.368879303719102158e-01,1.429003892539072729e-01,-1.198775433670124513e-01,8.260716803895845617e-02,-7.014815297957575913e-02,-2.929484371464563530e-01,9.999999999999893419e-01,-4.810445987962805314e-02,4.271560321171382624e-01,5.407039902202907811e-02,3.584701202831893641e-01,1.271787800050671602e-01,3.495427421958323677e-01,2.466548722611954514e-01,2.982190351407180695e-01,3.325311318796599913e-01,1.861424795014719746e-01,3.528232733042419023e-01,9.069826915690509805e-02,3.456008564171531572e-01,1.193949545015285801e-01,3.060706474626931906e-01,3.269359333820133218e-01,8.260717422051488956e-02,2.045085568218441563e-01,-4.810445987962805314e-02,9.999999999999893419e-01,-2.633197737775863079e-01,4.024414878762420655e-01,-1.549476571398313851e-01,3.329613335506164118e-01,-3.087420518678488102e-02,2.191641284232828391e-01,1.395488365277516851e-01,5.359159889938983068e-02,2.831546143607445720e-01,-1.017124868423023992e-01,3.556645296119820276e-01,-1.725246005329607035e-01,3.534240040777626435e-01,-1.456190566657423191e-01,3.060706406472745167e-01,-1.198775441270288622e-01,-1.562761695887032176e-01,4.271560321171382624e-01,-2.633197737775863079e-01,9.999999999999893419e-01,-2.334461279456531979e-01,4.291086023647358028e-01,-7.965085212959080452e-02,3.326058935670882510e-01,9.900789244220019325e-02,1.926447340702951427e-01,2.682355742845533020e-01,9.065951490189367440e-03,3.674175972740956198e-01,-1.227472693635589807e-01,3.984362795218183706e-01,-9.753839173740486146e-02,3.534240107023234878e-01,1.193949524843727628e-01,1.429003961268196787e-01,1.639697307857956310e-01,5.407039902202907811e-02,4.024414878762420655e-01,-2.334461279456531979e-01,9.999999999999893419e-01,-2.680077870814540075e-01,4.172721489046170573e-01,-5.575609390608646243e-02,2.589324033832888228e-01,1.546517380295674982e-01,6.009284014023269505e-02,3.225840091119521746e-01,-1.255674586841825646e-01,4.028866256132216384e-01,-2.087452026303050490e-01,3.984362726107468777e-01,-1.725245993645735665e-01,3.456008497689349590e-01,-1.368879305245982725e-01,-1.287034035318782854e-01,3.584701202831893641e-01,-1.549476571398313851e-01,4.291086023647358028e-01,-2.680077870814540075e-01,9.999999999999893419e-01,-2.124681295002326664e-01,3.786792924449380315e-01,5.191042058750541810e-02,1.861941932676295930e-01,2.485904099573699177e-01,-1.322885488612704497e-02,3.651230971196924302e-01,-1.478081554576380907e-01,4.028866286921586881e-01,-1.227472609784809598e-01,3.556645331672712018e-01,9.069827354818772724e-02,1.482280258583238419e-01,1.290277000337808344e-01,1.271787800050671602e-01,3.329613335506164118e-01,-7.965085212959080452e-02,4.172721489046170573e-01,-2.124681295002326664e-01,9.999999999999893419e-01,-1.429931985936618855e-01,3.325688212979007741e-01,1.452269904386475630e-01,1.189905980638957250e-01,3.016009692347966231e-01,-5.043177309093740956e-02,3.651230905342216504e-01,-1.255674543932279452e-01,3.674175873241750656e-01,-1.017124817992632047e-01,3.528232654101056687e-01,-1.067407889912137531e-01,-7.484818861236000598e-02,3.495427421958323677e-01,-3.087420518678488102e-02,3.326058935670882510e-01,-5.575609390608646243e-02,3.786792924449380315e-01,-1.429931985936618855e-01,9.999999999999893419e-01,-6.837859374808841206e-02,2.949410555632721032e-01,2.057274386119750109e-01,9.524660436771395511e-02,3.016009772683997392e-01,-1.322886561508662684e-02,3.225840182755643770e-01,9.065947283606434759e-03,2.831546246158237468e-01,1.861424749213453078e-01,9.585524075341075867e-02,5.489836927680619150e-02,2.466548722611954514e-01,2.191641284232828391e-01,9.900789244220019325e-02,2.589324033832888228e-01,5.191042058750541810e-02,3.325688212979007741e-01,-6.837859374808841206e-02,9.999999999999893419e-01,-2.260235588240856741e-02,2.802445902704212566e-01,2.057274343178168430e-01,1.189906024771437004e-01,2.485904046849254367e-01,6.009284657840039540e-02,2.682355681830869143e-01,5.359160542069749122e-02,3.325311264120458521e-01,-3.498556003767019223e-02,9.729020709566528480e-03,2.982190351407180695e-01,1.395488365277516851e-01,1.926447340702951427e-01,1.546517380295674982e-01,1.861941932676295930e-01,1.452269904386475630e-01,2.949410555632721032e-01,-2.260235588240856741e-02,9.999999999999893419e-01,-2.260235334987350381e-02,2.949410533149201541e-01,1.452269930223475947e-01,1.861941844113144395e-01,1.546517433435540545e-01,1.926447284377738600e-01,1.395488436327818882e-01,2.982190288151216340e-01,9.729026822110792630e-03,-3.498556452322888755e-02,3.325311318796599913e-01,5.359159889938983068e-02,2.682355742845533020e-01,6.009284014023269505e-02,2.485904099573699177e-01,1.189905980638957250e-01,2.057274386119750109e-01,2.802445902704212566e-01,-2.260235334987350381e-02,9.999999999999893419e-01,-6.837859615104256716e-02,3.325688294566842007e-01,5.191041449678948649e-02,2.589324108352013543e-01,9.900788957564286841e-02,2.191641366616891018e-01,2.466548685693538967e-01,5.489837589425798636e-02,9.585523304829557389e-02,1.861424795014719746e-01,2.831546143607445720e-01,9.065951490189367440e-03,3.225840091119521746e-01,-1.322885488612704497e-02,3.016009692347966231e-01,9.524660436771395511e-02,2.057274343178168430e-01,2.949410533149201541e-01,-6.837859615104256716e-02,9.999999999999893419e-01,-1.429931950060963075e-01,3.786792815123846134e-01,-5.575608516367148992e-02,3.326058817014989621e-01,-3.087419551880321925e-02,3.495427316228545411e-01,-7.484818157219812196e-02,-1.067407911347819094e-01,3.528232733042419023e-01,-1.017124868423023992e-01,3.674175972740956198e-01,-1.255674586841825646e-01,3.651230971196924302e-01,-5.043177309093740956e-02,3.016009772683997392e-01,1.189906024771437004e-01,1.452269930223475947e-01,3.325688294566842007e-01,-1.429931950060963075e-01,9.999999999999893419e-01,-2.124681342053382771e-01,4.172721538528544327e-01,-7.965085108107079759e-02,3.329613415137574473e-01,1.271787799865725932e-01,1.290277068237594138e-01,1.482280217827549040e-01,9.069826915690509805e-02,3.556645296119820276e-01,-1.227472693635589807e-01,4.028866256132216384e-01,-1.478081554576380907e-01,3.651230905342216504e-01,-1.322886561508662684e-02,2.485904046849254367e-01,1.861941844113144395e-01,5.191041449678948649e-02,3.786792815123846134e-01,-2.124681342053382771e-01,9.999999999999893419e-01,-2.680077896736229315e-01,4.291085967138931201e-01,-1.549476582160341787e-01,3.584701099589179263e-01,-1.287034017459555146e-01,-1.368879303719102158e-01,3.456008564171531572e-01,-1.725246005329607035e-01,3.984362795218183706e-01,-2.087452026303050490e-01,4.028866286921586881e-01,-1.255674543932279452e-01,3.225840182755643770e-01,6.009284657840039540e-02,1.546517433435540545e-01,2.589324108352013543e-01,-5.575608516367148992e-02,4.172721538528544327e-01,-2.680077896736229315e-01,9.999999999999893419e-01,-2.334461253384307045e-01,4.024414948814836190e-01,5.407040141174265790e-02,1.639697361955794741e-01,1.429003892539072729e-01,1.193949545015285801e-01,3.534240040777626435e-01,-9.753839173740486146e-02,3.984362726107468777e-01,-1.227472609784809598e-01,3.674175873241750656e-01,9.065947283606434759e-03,2.682355681830869143e-01,1.926447284377738600e-01,9.900788957564286841e-02,3.326058817014989621e-01,-7.965085108107079759e-02,4.291085967138931201e-01,-2.334461253384307045e-01,9.999999999999893419e-01,-2.633197687287373023e-01,4.271560225673828870e-01,-1.562761657044016705e-01,-1.198775433670124513e-01,3.060706474626931906e-01,-1.456190566657423191e-01,3.534240107023234878e-01,-1.725245993645735665e-01,3.556645331672712018e-01,-1.017124817992632047e-01,2.831546246158237468e-01,5.359160542069749122e-02,1.395488436327818882e-01,2.191641366616891018e-01,-3.087419551880321925e-02,3.329613415137574473e-01,-1.549476582160341787e-01,4.024414948814836190e-01,-2.633197687287373023e-01,9.999999999999893419e-01,-4.810445675892399686e-02,2.045085627149928476e-01,8.260716803895845617e-02,3.269359333820133218e-01,3.060706406472745167e-01,1.193949524843727628e-01,3.456008497689349590e-01,9.069827354818772724e-02,3.528232654101056687e-01,1.861424749213453078e-01,3.325311264120458521e-01,2.982190288151216340e-01,2.466548685693538967e-01,3.495427316228545411e-01,1.271787799865725932e-01,3.584701099589179263e-01,5.407040141174265790e-02,4.271560225673828870e-01,-4.810445675892399686e-02,9.999999999999893419e-01,-2.929484359418926265e-01,-7.014815297957575913e-02,8.260717422051488956e-02,-1.198775441270288622e-01,1.429003961268196787e-01,-1.368879305245982725e-01,1.482280258583238419e-01,-1.067407889912137531e-01,9.585524075341075867e-02,-3.498556003767019223e-02,9.729026822110792630e-03,5.489837589425798636e-02,-7.484818157219812196e-02,1.290277068237594138e-01,-1.287034017459555146e-01,1.639697361955794741e-01,-1.562761657044016705e-01,2.045085627149928476e-01,-2.929484359418926265e-01,9.999999999999893419e-01
1.000000000000007772e+00,-3.155345056766652445e-01,2.002459026965906219e-01,-1.712181633203672115e-01,1.567932016288224595e-01,-1.409259626079542027e-01,1.196504288142861971e-01,-8.838934359414758746e-02,4.223899137542272419e-02,-4.014331252310269355e-03,-4.899813091476032390e-02,8.476382227046189155e-02,-1.194170304011018396e-01,1.395260456933451465e-01,-1.480852110456199189e-01,1.318741907265211233e-01,-1.291833388460782162e-01,6.328494450759529488e-02,-6.954530385240333124e-02,-3.155345056766652445e-01,1.000000000000007772e+00,-6.087051010797839279e-02,4.295642936325421157e-01,4.624933355005724639e-02,3.558924236898592941e-01,1.206767350983415921e-01,3.460578653647807257e-01,2.417421706449381369e-01,2.941023126468037541e-01,3.288248772708168843e-01,1.804502367044372724e-01,3.492809694887490934e-01,8.486762724265894953e-02,3.414897052944412259e-01,1.183257870058309486e-01,2.971337198408998681e-01,3.340853177411455821e-01,6.328494691800724825e-02,2.002459026965906219e-01,-6.087051010797839279e-02,1.000000000000007772e+00,-2.839359481837092081e-01,4.043901796878719423e-01,-1.732660447374740065e-01,3.318250835314655589e-01,-4.733271206283323762e-02,2.113833201495904923e-01,1.281409808872677747e-01,3.924846388725070079e-02,2.788546734827527240e-01,-1.193392381530328922e-01,3.558350341909259917e-01,-1.905583394050219259e-01,3.517879359505494685e-01,-1.623194785656829064e-01,2.971337206886678350e-01,-1.291833504534748434e-01,-1.712181633203672115e-01,4.295642936325421157e-01,-2.839359481837092081e-01,1.000000000000007772e+00,-2.489126664095974439e-01,4.330074218830427535e-01,-9.348483428819508168e-02,3.324086288444645376e-01,8.983285384847936039e-02,1.868454722332900109e-01,2.650817864572905802e-01,-2.439530593443518802e-03,3.688099545538491286e-01,-1.362642888997722679e-01,4.012990924571698259e-01,-1.064777977648234675e-01,3.517879358956037539e-01,1.183257767878493627e-01,1.318742022350403997e-01,1.567932016288224595e-01,4.624933355005724639e-02,4.043901796878719423e-01,-2.489126664095974439e-01,1.000000000000007772e+00,-2.885089017513775000e-01,4.218287260198911870e-01,-7.323680974886587203e-02,2.554945913795449997e-01,1.452606826152924857e-01,4.720491226363886239e-02,3.224928416486133043e-01,-1.443757205443556568e-01,4.078050883702100116e-01,-2.287431225433576021e-01,4.012990831643924450e-01,-1.905583340639022683e-01,3.414896997447032234e-01,-1.480852217758658884e-01,-1.409259626079542027e-01,3.558924236898592941e-01,-1.732660447374740065e-01,4.330074218830427535e-01,-2.885089017513775000e-01,1.000000000000007772e+00,-2.322265173917616721e-01,3.808945037645098397e-01,3.765781574856350705e-02,1.794273040942044040e-01,2.435747544647268725e-01,-2.833099125333062018e-02,3.674896687336094425e-01,-1.658572110699291502e-01,4.078050910315345057e-01,-1.362642688293217996e-01,3.558350279079813272e-01,8.486763498862739952e-02,1.395260512725011171e-01,1.196504288142861971e-01,1.206767350983415921e-01,3.318250835314655589e-01,-9.348483428819508168e-02,4.218287260198911870e-01,-2.322265173917616721e-01,1.000000000000007772e+00,-1.632527634419924656e-01,3.319819975085717689e-01,1.328469192221544692e-01,1.081913117763347448e-01,2.989011786752349686e-01,-6.776056356657299273e-02,3.674896648326627657e-01,-1.443757135830905092e-01,3.688099461542627688e-01,-1.193392286738985258e-01,3.492809653289535854e-01,-1.194170367748037670e-01,-8.838934359414758746e-02,3.460578653647807257e-01,-4.733271206283323762e-02,3.324086288444645376e-01,-7.323680974886587203e-02,3.808945037645098397e-01,-1.632527634419924656e-01,1.000000000000007772e+00,-8.797432304278490767e-02,2.918290568337870150e-01,1.950686644290192118e-01,8.318133078100459210e-02,2.989011812143355651e-01,-2.833100421398324076e-02,3.224928465240413655e-01,-2.439528142605562611e-03,2.788546707949047243e-01,1.804502304280562464e-01,8.476382874922994137e-02,4.223899137542272419e-02,2.417421706449381369e-01,2.113833201495904923e-01,8.983285384847936039e-02,2.554945913795449997e-01,3.765781574856350705e-02,3.319819975085717689e-01,-8.797432304278490767e-02,1.000000000000007772e+00,-4.173634989433039344e-02,2.760752681382971918e-01,1.950686663738580018e-01,1.081913121596727312e-01,2.435747540239851794e-01,4.720491559806754001e-02,2.650817905504786465e-01,3.924846605932033605e-02,3.288248813322023345e-01,-4.899813835083117325e-02,-4.014331252310269355e-03,2.941023126468037541e-01,1.281409808872677747e-01,1.868454722332900109e-01,1.452606826152924857e-01,1.794273040942044040e-01,1.328469192221544692e-01,2.918290568337870150e-01,-4.173634989433039344e-02,1.000000000000007772e+00,-4.173634930101609297e-02,2.918290533866333414e-01,1.328469251184414279e-01,1.794272904768413890e-01,1.452606915259940790e-01,1.868454657564146970e-01,1.281409857751834858e-01,2.941023043498077749e-01,-4.014327978249000728e-03,-4.899813091476032390e-02,3.288248772708168843e-01,3.924846388725070079e-02,2.650817864572905802e-01,4.720491226363886239e-02,2.435747544647268725e-01,1.081913117763347448e-01,1.950686644290192118e-01,2.760752681382971918e-01,-4.173634930101609297e-02,1.000000000000007772e+00,-8.797432310640727893e-02,3.319820000113592462e-01,3.765781064459549493e-02,2.554945960016628548e-01,8.983286282595642769e-02,2.113833190304445775e-01,2.417421734752389084e-01,4.223899017561415226e-02,8.476382227046189155e-02,1.804502367044372724e-01,2.788546734827527240e-01,-2.439530593443518802e-03,3.224928416486133043e-01,-2.833099125333062018e-02,2.989011786752349686e-01,8.318133078100459210e-02,1.950686663738580018e-01,2.918290533866333414e-01,-8.797432310640727893e-02,1.000000000000007772e+00,-1.632527577276129405e-01,3.808944942358691854e-01,-7.323680184467445953e-02,3.324086179393040963e-01,-4.733270262359932923e-02,3.460578574962608345e-01,-8.838934404466297634e-02,-1.194170304011018396e-01,3.492809694887490934e-01,-1.193392381530328922e-01,3.688099545538491286e-01,-1.443757205443556568e-01,3.674896687336094425e-01,-6.776056356657299273e-02,2.989011812143355651e-01,1.081913121596727312e-01,1.328469251184414279e-01,3.319820000113592462e-01,-1.632527577276129405e-01,1.000000000000007772e+00,-2.322265274477725017e-01,4.218287379417933192e-01,-9.348482668231065940e-02,3.318250881369441130e-01,1.206767341767511770e-01,1.196504386753025340e-01,1.395260456933451465e-01,8.486762724265894953e-02,3.558350341909259917e-01,-1.362642888997722679e-01,4.078050883702100116e-01,-1.658572110699291502e-01,3.674896648326627657e-01,-2.833100421398324076e-02,2.435747540239851794e-01,1.794272904768413890e-01,3.765781064459549493e-02,3.808944942358691854e-01,-2.322265274477725017e-01,1.000000000000007772e+00,-2.885089055454673757e-01,4.330074068122766184e-01,-1.732660430635746263e-01,3.558924116336961707e-01,-1.409259712486634342e-01,-1.480852110456199189e-01,3.414897052944412259e-01,-1.905583394050219259e-01,4.012990924571698259e-01,-2.287431225433576021e-01,4.078050910315345057e-01,-1.443757135830905092e-01,3.224928465240413655e-01,4.720491559806754001e-02,1.452606915259940790e-01,2.554945960016628548e-01,-7.323680184467445953e-02,4.218287379417933192e-01,-2.885089055454673757e-01,1.000000000000007772e+00,-2.489126520422514921e-01,4.043901807515247193e-01,4.624933648982611223e-02,1.567932111873080459e-01,1.318741907265211233e-01,1.183257870058309486e-01,3.517879359505494685e-01,-1.064777977648234675e-01,4.012990831643924450e-01,-1.362642688293217996e-01,3.688099461542627688e-01,-2.439528142605562611e-03,2.650817905504786465e-01,1.868454657564146970e-01,8.983286282595642769e-02,3.324086179393040963e-01,-9.348482668231065940e-02,4.330074068122766184e-01,-2.489126520422514921e-01,1.000000000000007772e+00,-2.839359409647121968e-01,4.295642969099447983e-01,-1.712181714607469152e-01,-1.291833388460782162e-01,2.971337198408998681e-01,-1.623194785656829064e-01,3.517879358956037539e-01,-1.905583340639022683e-01,3.558350279079813272e-01,-1.193392286738985258e-01,2.788546707949047243e-01,3.924846605932033605e-02,1.281409857751834858e-01,2.113833190304445775e-01,-4.733270262359932923e-02,3.318250881369441130e-01,-1.732660430635746263e-01,4.043901807515247193e-01,-2.839359409647121968e-01,1.000000000000007772e+00,-6.087050987809079772e-02,2.002459060371003796e-01,6.328494450759529488e-02,3.340853177411455821e-01,2.971337206886678350e-01,1.183257767878493627e-01,3.414896997447032234e-01,8.486763498862739952e-02,3.492809653289535854e-01,1.804502304280562464e-01,3.288248813322023345e-01,2.941023043498077749e-01,2.417421734752389084e-01,3.460578574962608345e-01,1.206767341767511770e-01,3.558924116336961707e-01,4.624933648982611223e-02,4.295642969099447983e-01,-6.087050987809079772e-02,1.000000000000007772e+00,-3.155345120829403660e-01,-6.954530385240333124e-02,6.328494691800724825e-02,-1.291833504534748434e-01,1.318742022350403997e-01,-1.480852217758658884e-01,1.395260512725011171e-01,-1.194170367748037670e-01,8.476382874922994137e-02,-4.899813835083117325e-02,-4.014327978249000728e-03,4.223899017561415226e-02,-8.838934404466297634e-02,1.196504386753025340e-01,-1.409259712486634342e-01,1.567932111873080459e-01,-1.712181714607469152e-01,2.002459060371003796e-01,-3.155345120829403660e-01,1.000000000000007772e+00
1.000000000000003553e+00,-3.378543649933692938e-01,1.967827686134698550e-01,-1.858841112478117064e-01,1.501418828829213237e-01,-1.525276235279595660e-01,1.107595272125440899e-01,-1.012819314187497766e-01,3.010140510500725064e-02,-1.720702335040391606e-02,-6.240937728913305976e-02,7.416592483009051828e-02,-1.314025386393287698e-01,1.312136138633347160e-01,-1.585264042464111234e-01,1.209009491589408958e-01,-1.373470687194850992e-01,4.358432039150325621e-02,-6.719342628233178349e-02,-3.378543649933692938e-01,1.000000000000003553e+00,-7.371626113354166898e-02,4.322201665141496285e-01,3.849349377719429866e-02,3.533709442710319948e-01,1.143283196546695246e-01,3.426216202131445732e-01,2.369737483128915301e-01,2.901153210197945920e-01,3.252035935779020726e-01,1.749227930201727732e-01,3.457404027891585185e-01,7.927620601900418895e-02,3.372620694605519276e-01,1.177391354179106037e-01,2.877564455937590138e-01,3.417542928420249093e-01,4.358431992609361483e-02,1.967827686134698550e-01,-7.371626113354166898e-02,1.000000000000003553e+00,-3.044848689892813987e-01,4.066274609945859098e-01,-1.914423295418249404e-01,3.310360792247976081e-01,-6.363346884991089025e-02,2.038499170313448627e-01,1.169174658597648131e-01,2.506074810174371142e-02,2.748614811960936599e-01,-1.367990727866015277e-01,3.563137979458859128e-01,-2.084094014962560304e-01,3.501705640534557018e-01,-1.785947033311807708e-01,2.877564440546864777e-01,-1.373470660821411449e-01,-1.858841112478117064e-01,4.322201665141496285e-01,-3.044848689892813987e-01,1.000000000000003553e+00,-2.640290872507903286e-01,4.371615015246989033e-01,-1.070637785426982735e-01,3.325460929015375822e-01,8.094616228988128770e-02,1.813858274559749517e-01,2.622630174176526219e-01,-1.367286698829403395e-02,3.705264277357714908e-01,-1.494754600039808201e-01,4.044148655273613335e-01,-1.149059107266229146e-01,3.501705650694342808e-01,1.177391388734341654e-01,1.209009463493667946e-01,1.501418828829213237e-01,3.849349377719429866e-02,4.066274609945859098e-01,-2.640290872507903286e-01,1.000000000000003553e+00,-3.088784788573077922e-01,4.268529725974731237e-01,-9.069411983104389008e-02,2.524578865152696805e-01,1.360713525481716535e-01,3.443909842337780636e-02,3.228927635397488838e-01,-1.632080905949174765e-01,4.132611994510168585e-01,-2.487723184866279247e-01,4.044148664432056783e-01,-2.084094025209062839e-01,3.372620693677715886e-01,-1.585264017247176582e-01,-1.525276235279595660e-01,3.533709442710319948e-01,-1.914423295418249404e-01,4.371615015246989033e-01,-3.088784788573077922e-01,1.000000000000003553e+00,-2.517586583075979156e-01,3.835675848661154186e-01,2.353767875152692340e-02,1.730413429608755604e-01,2.389136747267498195e-01,-4.330393251430475487e-02,3.704019136551298663e-01,-1.838101084111909977e-01,4.132611994223029384e-01,-1.494754632048800325e-01,3.563137995810436998e-01,7.927620608124692769e-02,1.312136118356490022e-01,1.107595272125440899e-01,1.143283196546695246e-01,3.310360792247976081e-01,-1.070637785426982735e-01,4.268529725974731237e-01,-2.517586583075979156e-01,1.000000000000003553e+00,-1.833480831583348958e-01,3.318771470566633797e-01,1.206075018611660471e-01,9.765194291722183173e-02,2.966519014731470172e-01,-8.507305161684663997e-02,3.704019141234899393e-01,-1.632080918492055943e-01,3.705264284266043262e-01,-1.367990742602764320e-01,3.457404036227774702e-01,-1.314025376101081721e-01,-1.012819314187497766e-01,3.426216202131445732e-01,-6.363346884991089025e-02,3.325460929015375822e-01,-9.069411983104389008e-02,3.835675848661154186e-01,-1.833480831583348958e-01,1.000000000000003553e+00,-1.073923496445566006e-01,2.891736832179224725e-01,1.845979897906239453e-01,7.135332321909969300e-02,2.966519019850405448e-01,-4.330393402394860924e-02,3.228927652630785294e-01,-1.367287112051393527e-02,2.748614841059433545e-01,1.749227916466408461e-01,7.416592446251053794e-02,3.010140510500725064e-02,2.369737483128915301e-01,2.038499170313448627e-01,8.094616228988128770e-02,2.524578865152696805e-01,2.353767875152692340e-02,3.318771470566633797e-01,-1.073923496445566006e-01,1.000000000000003553e+00,-6.068497617224946628e-02,2.723413389013993324e-01,1.845979900470607338e-01,9.765194462564541489e-02,2.389136740873181453e-01,3.443909990399617732e-02,2.622630159311199471e-01,2.506074974881521145e-02,3.252035944390517241e-01,-6.240937589781288958e-02,-1.720702335040391606e-02,2.901153210197945920e-01,1.169174658597648131e-01,1.813858274559749517e-01,1.360713525481716535e-01,1.730413429608755604e-01,1.206075018611660471e-01,2.891736832179224725e-01,-6.068497617224946628e-02,1.000000000000003553e+00,-6.068497824172278121e-02,2.891736864841509824e-01,1.206074991051971079e-01,1.730413465523997218e-01,1.360713504361050763e-01,1.813858289614135866e-01,1.169174647354276342e-01,2.901153220853143200e-01,-1.720702397193803884e-02,-6.240937728913305976e-02,3.252035935779020726e-01,2.506074810174371142e-02,2.622630174176526219e-01,3.443909842337780636e-02,2.389136747267498195e-01,9.765194291722183173e-02,1.845979897906239453e-01,2.723413389013993324e-01,-6.068497824172278121e-02,1.000000000000003553e+00,-1.073923499832893230e-01,3.318771469150597619e-01,2.353767698376298123e-02,2.524578859868022995e-01,8.094615788961195824e-02,2.038499185955328363e-01,2.369737465484353933e-01,3.010140573809307052e-02,7.416592483009051828e-02,1.749227930201727732e-01,2.748614811960936599e-01,-1.367286698829403395e-02,3.228927635397488838e-01,-4.330393251430475487e-02,2.966519014731470172e-01,7.135332321909969300e-02,1.845979900470607338e-01,2.891736864841509824e-01,-1.073923499832893230e-01,1.000000000000003553e+00,-1.833480818443065652e-01,3.835675856511971960e-01,-9.069411749810002421e-02,3.325460931998264758e-01,-6.363346710869377532e-02,3.426216202818577194e-01,-1.012819288721519551e-01,-1.314025386393287698e-01,3.457404027891585185e-01,-1.367990727866015277e-01,3.705264277357714908e-01,-1.632080905949174765e-01,3.704019136551298663e-01,-8.507305161684663997e-02,2.966519019850405448e-01,9.765194462564541489e-02,1.206074991051971079e-01,3.318771469150597619e-01,-1.833480818443065652e-01,1.000000000000003553e+00,-2.517586577101955103e-01,4.268529697292167691e-01,-1.070637805448151625e-01,3.310360792195320423e-01,1.143283206475144143e-01,1.107595248686825684e-01,1.312136138633347160e-01,7.927620601900418895e-02,3.563137979458859128e-01,-1.494754600039808201e-01,4.132611994510168585e-01,-1.838101084111909977e-01,3.704019141234899393e-01,-4.330393402394860924e-02,2.389136740873181453e-01,1.730413465523997218e-01,2.353767698376298123e-02,3.835675856511971960e-01,-2.517586577101955103e-01,1.000000000000003553e+00,-3.088784782767510784e-01,4.371615041122522416e-01,-1.914423302479898725e-01,3.533709444761742868e-01,-1.525276206001870694e-01,-1.585264042464111234e-01,3.372620694605519276e-01,-2.084094014962560304e-01,4.044148655273613335e-01,-2.487723184866279247e-01,4.132611994223029384e-01,-1.632080918492055943e-01,3.228927652630785294e-01,3.443909990399617732e-02,1.360713504361050763e-01,2.524578859868022995e-01,-9.069411749810002421e-02,4.268529697292167691e-01,-3.088784782767510784e-01,1.000000000000003553e+00,-2.640290905214476291e-01,4.066274622960804330e-01,3.849349467765481037e-02,1.501418804522649530e-01,1.209009491589408958e-01,1.177391354179106037e-01,3.501705640534557018e-01,-1.149059107266229146e-01,4.044148664432056783e-01,-1.494754632048800325e-01,3.705264284266043262e-01,-1.367287112051393527e-02,2.622630159311199471e-01,1.813858289614135866e-01,8.094615788961195824e-02,3.325460931998264758e-01,-1.070637805448151625e-01,4.371615041122522416e-01,-2.640290905214476291e-01,1.000000000000003553e+00,-3.044848702411429020e-01,4.322201635523407193e-01,-1.858841087739823705e-01,-1.373470687194850992e-01,2.877564455937590138e-01,-1.785947033311807708e-01,3.501705650694342808e-01,-2.084094025209062839e-01,3.563137995810436998e-01,-1.367990742602764320e-01,2.748614841059433545e-01,2.506074974881521145e-02,1.169174647354276342e-01,2.038499185955328363e-01,-6.363346710869377532e-02,3.310360792195320423e-01,-1.914423302479898725e-01,4.066274622960804330e-01,-3.044848702411429020e-01,1.000000000000003553e+00,-7.371625930861470943e-02,1.967827674808423077e-01,4.358432039150325621e-02,3.417542928420249093e-01,2.877564440546864777e-01,1.177391388734341654e-01,3.372620693677715886e-01,7.927620608124692769e-02,3.457404036227774702e-01,1.749227916466408461e-01,3.252035944390517241e-01,2.901153220853143200e-01,2.369737465484353933e-01,3.426216202818577194e-01,1.143283206475144143e-01,3.533709444761742868e-01,3.849349467765481037e-02,4.322201635523407193e-01,-7.371625930861470943e-02,1.000000000000003553e+00,-3.378543636906107261e-01,-6.719342628233178349e-02,4.358431992609361483e-02,-1.373470660821411449e-01,1.209009463493667946e-01,-1.585264017247176582e-01,1.312136118356490022e-01,-1.314025376101081721e-01,7.416592446251053794e-02,-6.240937589781288958e-02,-1.720702397193803884e-02,3.010140573809307052e-02,-1.012819288721519551e-01,1.107595248686825684e-01,-1.525276206001870694e-01,1.501418804522649530e-01,-1.858841087739823705e-01,1.967827674808423077e-01,-3.378543636906107261e-01,1.000000000000003553e+00
