1.000000000000000000e+00,1.000000000000000000e+00,1.000000000000000000e+00,1.000000000000000000e+00,1.000000000000000000e+00,1.000000000000000000e+00,1.000000000000000000e+00,1.000000000000000000e+00,1.000000000000000000e+00,1.000000000000000000e+00,1.000000000000000000e+00,1.000000000000000000e+00,1.000000000000000000e+00,1.000000000000000000e+00,1.000000000000000000e+00,1.000000000000000000e+00,1.000000000000000000e+00,1.000000000000000000e+00,1.000000000000000000e+00,1.000000000000000000e+00,1.000000000000000000e+00,1.000000000000000000e+00,1.000000000000000000e+00,1.000000000000000000e+00,1.000000000000000000e+00,1.000000000000000000e+00,1.000000000000000000e+00,1.000000000000000000e+00,1.000000000000000000e+00,1.000000000000000000e+00,1.000000000000000000e+00,1.000000000000000000e+00,1.000000000000000000e+00,1.000000000000000000e+00,1.000000000000000000e+00,1.000000000000000000e+00,1.000000000000000000e+00,1.000000000000000000e+00,1.000000000000000000e+00,1.000000000000000000e+00,1.000000000000000000e+00,1.000000000000000000e+00,1.000000000000000000e+00,1.000000000000000000e+00,1.000000000000000000e+00,1.000000000000000000e+00,1.000000000000000000e+00,1.000000000000000000e+00,1.000000000000000000e+00,1.000000000000000000e+00,1.000000000000000000e+00,1.000000000000000000e+00,1.000000000000000000e+00,1.000000000000000000e+00,1.000000000000000000e+00,1.000000000000000000e+00,1.000000000000000000e+00,1.000000000000000000e+00,1.000000000000000000e+00,1.000000000000000000e+00,1.000000000000000000e+00,1.000000000000000000e+00,1.000000000000000000e+00,1.000000000000000000e+00,1.000000000000000000e+00,1.000000000000000000e+00,1.000000000000000000e+00,1.000000000000000000e+00,1.000000000000000000e+00,1.000000000000000000e+00,1.000000000000000000e+00,1.000000000000000000e+00,1.000000000000000000e+00,1.000000000000000000e+00,1.000000000000000000e+00,1.000000000000000000e+00,1.000000000000000000e+00,1.000000000000000000e+00,1.000000000000000000e+00,1.000000000000000000e+00,1.000000000000000000e+00,1.000000000000000000e+00,1.000000000000000000e+00,1.000000000000000000e+00,1.000000000000000000e+00,1.000000000000000000e+00,1.000000000000000000e+00,1.000000000000000000e+00,1.000000000000000000e+00,1.000000000000000000e+00,1.000000000000000000e+00,1.000000000000000000e+00,1.000000000000000000e+00,1.000000000000000000e+00,1.000000000000000000e+00,1.000000000000000000e+00,1.000000000000000000e+00,1.000000000000000000e+00,1.000000000000000000e+00,1.000000000000000000e+00,1.000000000000000000e+00,1.000000000000000000e+00,1.000000000000000000e+00,1.000000000000000000e+00,1.000000000000000000e+00,1.000000000000000000e+00,1.000000000000000000e+00,1.000000000000000000e+00,1.000000000000000000e+00,1.000000000000000000e+00,1.000000000000000000e+00,1.000000000000000000e+00,1.000000000000000000e+00,1.000000000000000000e+00,1.000000000000000000e+00,1.000000000000000000e+00,1.000000000000000000e+00,1.000000000000000000e+00,1.000000000000000000e+00,1.000000000000000000e+00,1.000000000000000000e+00,1.000000000000000000e+00,1.000000000000000000e+00,1.000000000000000000e+00,1.000000000000000000e+00,1.000000000000000000e+00,1.000000000000000000e+00,1.000000000000000000e+00,1.000000000000000000e+00,1.000000000000000000e+00,1.000000000000000000e+00,1.000000000000000000e+00,1.000000000000000000e+00,1.000000000000000000e+00,1.000000000000000000e+00,1.000000000000000000e+00,1.000000000000000000e+00,1.000000000000000000e+00,1.000000000000000000e+00,1.000000000000000000e+00,1.000000000000000000e+00,1.000000000000000000e+00,1.000000000000000000e+00,1.000000000000000000e+00,1.000000000000000000e+00,1.000000000000000000e+00,1.000000000000000000e+00,1.000000000000000000e+00,1.000000000000000000e+00,1.000000000000000000e+00,1.000000000000000000e+00,1.000000000000000000e+00,1.000000000000000000e+00,1.000000000000000000e+00,1.000000000000000000e+00,1.000000000000000000e+00,1.000000000000000000e+00,1.000000000000000000e+00,1.000000000000000000e+00,1.000000000000000000e+00,1.000000000000000000e+00,1.000000000000000000e+00,1.000000000000000000e+00,1.000000000000000000e+00,1.000000000000000000e+00,1.000000000000000000e+00,1.000000000000000000e+00,1.000000000000000000e+00,1.000000000000000000e+00,1.000000000000000000e+00,1.000000000000000000e+00,1.000000000000000000e+00,1.000000000000000000e+00,1.000000000000000000e+00,1.000000000000000000e+00,1.000000000000000000e+00,1.000000000000000000e+00,1.000000000000000000e+00,1.000000000000000000e+00,1.000000000000000000e+00,1.000000000000000000e+00,1.000000000000000000e+00,1.000000000000000000e+00,1.000000000000000000e+00,1.000000000000000000e+00,1.000000000000000000e+00,1.000000000000000000e+00,1.000000000000000000e+00,1.000000000000000000e+00,1.000000000000000000e+00,1.000000000000000000e+00,1.000000000000000000e+00,1.000000000000000000e+00,1.000000000000000000e+00,1.000000000000000000e+00,1.000000000000000000e+00,1.000000000000000000e+00,1.000000000000000000e+00,1.000000000000000000e+00,1.000000000000000000e+00,1.000000000000000000e+00,1.000000000000000000e+00,1.000000000000000000e+00,1.000000000000000000e+00,1.000000000000000000e+00,1.000000000000000000e+00,1.000000000000000000e+00,1.000000000000000000e+00,1.000000000000000000e+00,1.000000000000000000e+00,1.000000000000000000e+00,1.000000000000000000e+00,1.000000000000000000e+00,1.000000000000000000e+00,1.000000000000000000e+00,1.000000000000000000e+00,1.000000000000000000e+00,1.000000000000000000e+00,1.000000000000000000e+00,1.000000000000000000e+00,1.000000000000000000e+00,1.000000000000000000e+00,1.000000000000000000e+00,1.000000000000000000e+00,1.000000000000000000e+00
1.000000000000001332e+00,9.999965374332482337e-01,9.999965374347474789e-01,9.999965374347692393e-01,9.999965374347711267e-01,9.999965374347713487e-01,9.999965374347715708e-01,9.999965374347715708e-01,9.999965374347714597e-01,9.999965374347714597e-01,9.999965374347714597e-01,9.999965374347714597e-01,9.999965374347712377e-01,9.999965374347672409e-01,9.999965374344926827e-01,9.999965374332482337e-01,1.000000000000001332e+00,9.999965374335265667e-01,9.999965374350222591e-01,9.999965374350439085e-01,9.999965374350455738e-01,9.999965374350461289e-01,9.999965374350461289e-01,9.999965374350461289e-01,9.999965374350461289e-01,9.999965374350460179e-01,9.999965374350461289e-01,9.999965374350456848e-01,9.999965374350417990e-01,9.999965374347672409e-01,9.999965374347474789e-01,9.999965374335265667e-01,1.000000000000001332e+00,9.999965374335310075e-01,9.999965374350263669e-01,9.999965374350479053e-01,9.999965374350496816e-01,9.999965374350499037e-01,9.999965374350499037e-01,9.999965374350499037e-01,9.999965374350499037e-01,9.999965374350499037e-01,9.999965374350495706e-01,9.999965374350455738e-01,9.999965374347711267e-01,9.999965374347692393e-01,9.999965374350222591e-01,9.999965374335310075e-01,1.000000000000001332e+00,9.999965374335313406e-01,9.999965374350267000e-01,9.999965374350482383e-01,9.999965374350499037e-01,9.999965374350502367e-01,9.999965374350503478e-01,9.999965374350503478e-01,9.999965374350502367e-01,9.999965374350497926e-01,9.999965374350459069e-01,9.999965374347714597e-01,9.999965374347711267e-01,9.999965374350439085e-01,9.999965374350263669e-01,9.999965374335313406e-01,1.000000000000001332e+00,9.999965374335314516e-01,9.999965374350270331e-01,9.999965374350484604e-01,9.999965374350501257e-01,9.999965374350504588e-01,9.999965374350504588e-01,9.999965374350504588e-01,9.999965374350501257e-01,9.999965374350461289e-01,9.999965374347716818e-01,9.999965374347713487e-01,9.999965374350455738e-01,9.999965374350479053e-01,9.999965374350267000e-01,9.999965374335314516e-01,1.000000000000001332e+00,9.999965374335315627e-01,9.999965374350270331e-01,9.999965374350483494e-01,9.999965374350500147e-01,9.999965374350503478e-01,9.999965374350503478e-01,9.999965374350500147e-01,9.999965374350460179e-01,9.999965374347715708e-01,9.999965374347715708e-01,9.999965374350461289e-01,9.999965374350496816e-01,9.999965374350482383e-01,9.999965374350270331e-01,9.999965374335315627e-01,1.000000000000001332e+00,9.999965374335315627e-01,9.999965374350270331e-01,9.999965374350483494e-01,9.999965374350500147e-01,9.999965374350502367e-01,9.999965374350499037e-01,9.999965374350460179e-01,9.999965374347715708e-01,9.999965374347715708e-01,9.999965374350461289e-01,9.999965374350499037e-01,9.999965374350499037e-01,9.999965374350484604e-01,9.999965374350270331e-01,9.999965374335315627e-01,1.000000000000001332e+00,9.999965374335315627e-01,9.999965374350269220e-01,9.999965374350483494e-01,9.999965374350500147e-01,9.999965374350499037e-01,9.999965374350460179e-01,9.999965374347715708e-01,9.999965374347714597e-01,9.999965374350461289e-01,9.999965374350499037e-01,9.999965374350502367e-01,9.999965374350501257e-01,9.999965374350483494e-01,9.999965374350270331e-01,9.999965374335315627e-01,1.000000000000001332e+00,9.999965374335315627e-01,9.999965374350269220e-01,9.999965374350482383e-01,9.999965374350495706e-01,9.999965374350459069e-01,9.999965374347714597e-01,9.999965374347714597e-01,9.999965374350461289e-01,9.999965374350499037e-01,9.999965374350503478e-01,9.999965374350504588e-01,9.999965374350500147e-01,9.999965374350483494e-01,9.999965374350269220e-01,9.999965374335315627e-01,1.000000000000001332e+00,9.999965374335315627e-01,9.999965374350268110e-01,9.999965374350479053e-01,9.999965374350455738e-01,9.999965374347714597e-01,9.999965374347714597e-01,9.999965374350460179e-01,9.999965374350499037e-01,9.999965374350503478e-01,9.999965374350504588e-01,9.999965374350503478e-01,9.999965374350500147e-01,9.999965374350483494e-01,9.999965374350269220e-01,9.999965374335315627e-01,1.000000000000001332e+00,9.999965374335314516e-01,9.999965374350263669e-01,9.999965374350439085e-01,9.999965374347711267e-01,9.999965374347714597e-01,9.999965374350461289e-01,9.999965374350499037e-01,9.999965374350502367e-01,9.999965374350504588e-01,9.999965374350503478e-01,9.999965374350502367e-01,9.999965374350500147e-01,9.999965374350482383e-01,9.999965374350268110e-01,9.999965374335314516e-01,1.000000000000001332e+00,9.999965374335311186e-01,9.999965374350223701e-01,9.999965374347694613e-01,9.999965374347712377e-01,9.999965374350456848e-01,9.999965374350495706e-01,9.999965374350497926e-01,9.999965374350501257e-01,9.999965374350500147e-01,9.999965374350499037e-01,9.999965374350499037e-01,9.999965374350495706e-01,9.999965374350479053e-01,9.999965374350263669e-01,9.999965374335311186e-01,1.000000000000001332e+00,9.999965374335266777e-01,9.999965374347477010e-01,9.999965374347672409e-01,9.999965374350417990e-01,9.999965374350455738e-01,9.999965374350459069e-01,9.999965374350461289e-01,9.999965374350460179e-01,9.999965374350460179e-01,9.999965374350460179e-01,9.999965374350459069e-01,9.999965374350455738e-01,9.999965374350439085e-01,9.999965374350223701e-01,9.999965374335266777e-01,1.000000000000001332e+00,9.999965374332482337e-01,9.999965374344926827e-01,9.999965374347672409e-01,9.999965374347711267e-01,9.999965374347714597e-01,9.999965374347716818e-01,9.999965374347715708e-01,9.999965374347715708e-01,9.999965374347715708e-01,9.999965374347714597e-01,9.999965374347714597e-01,9.999965374347711267e-01,9.999965374347694613e-01,9.999965374347477010e-01,9.999965374332482337e-01,1.000000000000001332e+00
9.999999999999998890e-01,9.999661577788324651e-01,9.999661579628875696e-01,9.999661579671315081e-01,9.999661579674780088e-01,9.999661579675349632e-01,9.999661579675487300e-01,9.999661579675528378e-01,9.999661579675539480e-01,9.999661579675532819e-01,9.999661579675493961e-01,9.999661579675338530e-01,9.999661579674450351e-01,9.999661579664360644e-01,9.999661579186350790e-01,9.999661577788324651e-01,9.999999999999998890e-01,9.999661578276429763e-01,9.999661580107775949e-01,9.999661580149482587e-01,9.999661580152832130e-01,9.999661580153372809e-01,9.999661580153500484e-01,9.999661580153536011e-01,9.999661580153537122e-01,9.999661580153501594e-01,9.999661580153347273e-01,9.999661580152460205e-01,9.999661580142371609e-01,9.999661579664360644e-01,9.999661579628875696e-01,9.999661578276429763e-01,9.999999999999998890e-01,9.999661578287407648e-01,9.999661580118022197e-01,9.999661580159612262e-01,9.999661580162935159e-01,9.999661580163466956e-01,9.999661580163589081e-01,9.999661580163614616e-01,9.999661580163587971e-01,9.999661580163434760e-01,9.999661580162548802e-01,9.999661580152460205e-01,9.999661579674450351e-01,9.999661579671315081e-01,9.999661580107775949e-01,9.999661578287407648e-01,9.999999999999998890e-01,9.999661578288454589e-01,9.999661580118951454e-01,9.999661580160515983e-01,9.999661580163827779e-01,9.999661580164354024e-01,9.999661580164466157e-01,9.999661580164462826e-01,9.999661580164319608e-01,9.999661580163435870e-01,9.999661580153349494e-01,9.999661579675338530e-01,9.999661579674780088e-01,9.999661580149482587e-01,9.999661580118022197e-01,9.999661578288454589e-01,9.999999999999998890e-01,9.999661578288652208e-01,9.999661580119121318e-01,9.999661580160674745e-01,9.999661580163979879e-01,9.999661580164496133e-01,9.999661580164580510e-01,9.999661580164460606e-01,9.999661580163585750e-01,9.999661580153502705e-01,9.999661579675492851e-01,9.999661579675349632e-01,9.999661580152832130e-01,9.999661580159612262e-01,9.999661580118951454e-01,9.999661578288652208e-01,9.999999999999998890e-01,9.999661578288705499e-01,9.999661580119165727e-01,9.999661580160713603e-01,9.999661580164009855e-01,9.999661580164498353e-01,9.999661580164463937e-01,9.999661580163614616e-01,9.999661580153537122e-01,9.999661579675531708e-01,9.999661579675487300e-01,9.999661580153372809e-01,9.999661580162935159e-01,9.999661580160515983e-01,9.999661580119121318e-01,9.999661578288705499e-01,9.999999999999998890e-01,9.999661578288719932e-01,9.999661580119175719e-01,9.999661580160713603e-01,9.999661580163979879e-01,9.999661580164352914e-01,9.999661580163587971e-01,9.999661580153537122e-01,9.999661579675538370e-01,9.999661579675528378e-01,9.999661580153500484e-01,9.999661580163466956e-01,9.999661580163827779e-01,9.999661580160674745e-01,9.999661580119165727e-01,9.999661578288719932e-01,9.999999999999998890e-01,9.999661578288721042e-01,9.999661580119165727e-01,9.999661580160674745e-01,9.999661580163826669e-01,9.999661580163465846e-01,9.999661580153502705e-01,9.999661579675527268e-01,9.999661579675539480e-01,9.999661580153536011e-01,9.999661580163589081e-01,9.999661580164354024e-01,9.999661580163979879e-01,9.999661580160713603e-01,9.999661580119175719e-01,9.999661578288721042e-01,9.999999999999998890e-01,9.999661578288705499e-01,9.999661580119121318e-01,9.999661580160514873e-01,9.999661580162934049e-01,9.999661580153373919e-01,9.999661579675486189e-01,9.999661579675532819e-01,9.999661580153537122e-01,9.999661580163614616e-01,9.999661580164466157e-01,9.999661580164496133e-01,9.999661580164009855e-01,9.999661580160713603e-01,9.999661580119165727e-01,9.999661578288705499e-01,9.999999999999998890e-01,9.999661578288652208e-01,9.999661580118951454e-01,9.999661580159612262e-01,9.999661580152833240e-01,9.999661579675348522e-01,9.999661579675493961e-01,9.999661580153501594e-01,9.999661580163587971e-01,9.999661580164462826e-01,9.999661580164580510e-01,9.999661580164498353e-01,9.999661580163979879e-01,9.999661580160674745e-01,9.999661580119121318e-01,9.999661578288652208e-01,9.999999999999998890e-01,9.999661578288453478e-01,9.999661580118021087e-01,9.999661580149482587e-01,9.999661579674778977e-01,9.999661579675338530e-01,9.999661580153347273e-01,9.999661580163434760e-01,9.999661580164319608e-01,9.999661580164460606e-01,9.999661580164463937e-01,9.999661580164352914e-01,9.999661580163826669e-01,9.999661580160514873e-01,9.999661580118951454e-01,9.999661578288453478e-01,9.999999999999998890e-01,9.999661578287406538e-01,9.999661580107774839e-01,9.999661579671312861e-01,9.999661579674450351e-01,9.999661580152460205e-01,9.999661580162548802e-01,9.999661580163435870e-01,9.999661580163585750e-01,9.999661580163614616e-01,9.999661580163587971e-01,9.999661580163465846e-01,9.999661580162934049e-01,9.999661580159612262e-01,9.999661580118021087e-01,9.999661578287406538e-01,9.999999999999998890e-01,9.999661578276427543e-01,9.999661579628875696e-01,9.999661579664360644e-01,9.999661580142371609e-01,9.999661580152460205e-01,9.999661580153349494e-01,9.999661580153502705e-01,9.999661580153537122e-01,9.999661580153537122e-01,9.999661580153502705e-01,9.999661580153373919e-01,9.999661580152833240e-01,9.999661580149482587e-01,9.999661580107774839e-01,9.999661578276427543e-01,9.999999999999998890e-01,9.999661577788322431e-01,9.999661579186350790e-01,9.999661579664360644e-01,9.999661579674450351e-01,9.999661579675338530e-01,9.999661579675492851e-01,9.999661579675531708e-01,9.999661579675538370e-01,9.999661579675527268e-01,9.999661579675486189e-01,9.999661579675348522e-01,9.999661579674778977e-01,9.999661579671312861e-01,9.999661579628875696e-01,9.999661577788322431e-01,9.999999999999998890e-01
1.000000000000000888e+00,9.999180407764063361e-01,9.999180418662285685e-01,9.999180419053878000e-01,9.999180419086963756e-01,9.999180419092533745e-01,9.999180419093903760e-01,9.999180419094306771e-01,9.999180419094378935e-01,9.999180419094205741e-01,9.999180419093501859e-01,9.999180419090702987e-01,9.999180419074893411e-01,9.999180418896521649e-01,9.999180412500313642e-01,9.999180407764063361e-01,1.000000000000000888e+00,9.999180414338834089e-01,9.999180425074315481e-01,9.999180425452901533e-01,9.999180425483900070e-01,9.999180425488969348e-01,9.999180425490168389e-01,9.999180425490462598e-01,9.999180425490363788e-01,9.999180425489687662e-01,9.999180425486899892e-01,9.999180425471096978e-01,9.999180425292728547e-01,9.999180418896521649e-01,9.999180418662285685e-01,9.999180414338834089e-01,1.000000000000000888e+00,9.999180414533026529e-01,9.999180425255502769e-01,9.999180425632004932e-01,9.999180425662501648e-01,9.999180425667399952e-01,9.999180425668491301e-01,9.999180425668613426e-01,9.999180425668012795e-01,9.999180425665252780e-01,9.999180425649462078e-01,9.999180425471098088e-01,9.999180419074893411e-01,9.999180419053878000e-01,9.999180425074315481e-01,9.999180414533026529e-01,1.000000000000000888e+00,9.999180414551654961e-01,9.999180425272046202e-01,9.999180425648042103e-01,9.999180425678367845e-01,9.999180425683158457e-01,9.999180425684077722e-01,9.999180425683698026e-01,9.999180425681013507e-01,9.999180425665250560e-01,9.999180425486898782e-01,9.999180419090700767e-01,9.999180419086963756e-01,9.999180425452901533e-01,9.999180425255502769e-01,9.999180414551654961e-01,1.000000000000000888e+00,9.999180414555193241e-01,9.999180425275081552e-01,9.999180425650909809e-01,9.999180425681127860e-01,9.999180425685746387e-01,9.999180425686163831e-01,9.999180425683701356e-01,9.999180425668012795e-01,9.999180425489689883e-01,9.999180419093502969e-01,9.999180419092533745e-01,9.999180425483900070e-01,9.999180425632004932e-01,9.999180425272046202e-01,9.999180414555193241e-01,1.000000000000000888e+00,9.999180414556144703e-01,9.999180425275863149e-01,9.999180425651582604e-01,9.999180425681628570e-01,9.999180425685746387e-01,9.999180425684079943e-01,9.999180425668612315e-01,9.999180425490363788e-01,9.999180419094205741e-01,9.999180419093903760e-01,9.999180425488969348e-01,9.999180425662501648e-01,9.999180425648042103e-01,9.999180425275081552e-01,9.999180414556144703e-01,1.000000000000000888e+00,9.999180414556424479e-01,9.999180425276034123e-01,9.999180425651582604e-01,9.999180425681126749e-01,9.999180425683160678e-01,9.999180425668490191e-01,9.999180425490462598e-01,9.999180419094378935e-01,9.999180419094306771e-01,9.999180425490168389e-01,9.999180425667399952e-01,9.999180425678367845e-01,9.999180425650909809e-01,9.999180425275863149e-01,9.999180414556424479e-01,1.000000000000000888e+00,9.999180414556424479e-01,9.999180425275863149e-01,9.999180425650908699e-01,9.999180425678370066e-01,9.999180425667398842e-01,9.999180425490168389e-01,9.999180419094306771e-01,9.999180419094378935e-01,9.999180425490462598e-01,9.999180425668491301e-01,9.999180425683158457e-01,9.999180425681127860e-01,9.999180425651582604e-01,9.999180425276034123e-01,9.999180414556424479e-01,1.000000000000000888e+00,9.999180414556144703e-01,9.999180425275081552e-01,9.999180425648044324e-01,9.999180425662500538e-01,9.999180425488969348e-01,9.999180419093904870e-01,9.999180419094205741e-01,9.999180425490363788e-01,9.999180425668613426e-01,9.999180425684077722e-01,9.999180425685746387e-01,9.999180425681628570e-01,9.999180425651582604e-01,9.999180425275863149e-01,9.999180414556144703e-01,1.000000000000000888e+00,9.999180414555192131e-01,9.999180425272045092e-01,9.999180425632001601e-01,9.999180425483900070e-01,9.999180419092533745e-01,9.999180419093501859e-01,9.999180425489687662e-01,9.999180425668012795e-01,9.999180425683698026e-01,9.999180425686163831e-01,9.999180425685746387e-01,9.999180425681126749e-01,9.999180425650908699e-01,9.999180425275081552e-01,9.999180414555192131e-01,1.000000000000000888e+00,9.999180414551652740e-01,9.999180425255502769e-01,9.999180425452900423e-01,9.999180419086962646e-01,9.999180419090702987e-01,9.999180425486899892e-01,9.999180425665252780e-01,9.999180425681013507e-01,9.999180425683701356e-01,9.999180425684079943e-01,9.999180425683160678e-01,9.999180425678370066e-01,9.999180425648044324e-01,9.999180425272045092e-01,9.999180414551652740e-01,1.000000000000000888e+00,9.999180414533025418e-01,9.999180425074314371e-01,9.999180419053879110e-01,9.999180419074893411e-01,9.999180425471096978e-01,9.999180425649462078e-01,9.999180425665250560e-01,9.999180425668012795e-01,9.999180425668612315e-01,9.999180425668490191e-01,9.999180425667398842e-01,9.999180425662500538e-01,9.999180425632001601e-01,9.999180425255502769e-01,9.999180414533025418e-01,1.000000000000000888e+00,9.999180414338830758e-01,9.999180418662283465e-01,9.999180418896521649e-01,9.999180425292728547e-01,9.999180425471098088e-01,9.999180425486898782e-01,9.999180425489689883e-01,9.999180425490363788e-01,9.999180425490462598e-01,9.999180425490168389e-01,9.999180425488969348e-01,9.999180425483900070e-01,9.999180425452900423e-01,9.999180425074314371e-01,9.999180414338830758e-01,1.000000000000000888e+00,9.999180407764063361e-01,9.999180412500313642e-01,9.999180418896521649e-01,9.999180419074893411e-01,9.999180419090700767e-01,9.999180419093502969e-01,9.999180419094205741e-01,9.999180419094378935e-01,9.999180419094306771e-01,9.999180419093904870e-01,9.999180419092533745e-01,9.999180419086962646e-01,9.999180419053879110e-01,9.999180418662283465e-01,9.999180407764063361e-01,1.000000000000000888e+00
1.000000000000001554e+00,9.998970668592556121e-01,9.998970684121015751e-01,9.998970684551388155e-01,9.998970684591890201e-01,9.998970684599414183e-01,9.998970684601395931e-01,9.998970684601944381e-01,9.998970684601865555e-01,9.998970684601068415e-01,9.998970684598357250e-01,9.998970684587797919e-01,9.998970684528362129e-01,9.998970683860629594e-01,9.998970661004192850e-01,9.998970668592556121e-01,1.000000000000001554e+00,9.998970692117522541e-01,9.998970707036923811e-01,9.998970707418400883e-01,9.998970707451061424e-01,9.998970707456700246e-01,9.998970707458036955e-01,9.998970707458177953e-01,9.998970707457454088e-01,9.998970707454769569e-01,9.998970707444223560e-01,9.998970707384793322e-01,9.998970706717064116e-01,9.998970683860628483e-01,9.998970684121015751e-01,9.998970692117522541e-01,1.000000000000001554e+00,9.998970692844725283e-01,9.998970707715232331e-01,9.998970708088870119e-01,9.998970708119647721e-01,9.998970708124641504e-01,9.998970708125570761e-01,9.998970708125065610e-01,9.998970708122456585e-01,9.998970708111936112e-01,9.998970708052519196e-01,9.998970707384793322e-01,9.998970684528362129e-01,9.998970684551388155e-01,9.998970707036923811e-01,9.998970692844725283e-01,1.000000000000001554e+00,9.998970692914739278e-01,9.998970707777407041e-01,9.998970708149160780e-01,9.998970708179292233e-01,9.998970708183878564e-01,9.998970708184162781e-01,9.998970708181772471e-01,9.998970708171326383e-01,9.998970708111937222e-01,9.998970707444223560e-01,9.998970684587797919e-01,9.998970684591890201e-01,9.998970707418400883e-01,9.998970707715232331e-01,9.998970692914739278e-01,1.000000000000001554e+00,9.998970692928045301e-01,9.998970707788826795e-01,9.998970708159935494e-01,9.998970708189659495e-01,9.998970708193600787e-01,9.998970708191999845e-01,9.998970708181772471e-01,9.998970708122455475e-01,9.998970707454771789e-01,9.998970684598355030e-01,9.998970684599414183e-01,9.998970707451061424e-01,9.998970708088870119e-01,9.998970707777407041e-01,9.998970692928045301e-01,1.000000000000001554e+00,9.998970692931626880e-01,9.998970707791762225e-01,9.998970708162464582e-01,9.998970708191543544e-01,9.998970708193599677e-01,9.998970708184160561e-01,9.998970708125064499e-01,9.998970707457452978e-01,9.998970684601065084e-01,9.998970684601395931e-01,9.998970707456700246e-01,9.998970708119647721e-01,9.998970708149160780e-01,9.998970707788826795e-01,9.998970692931626880e-01,1.000000000000001554e+00,9.998970692932681592e-01,9.998970707792409485e-01,9.998970708162465693e-01,9.998970708189659495e-01,9.998970708183879674e-01,9.998970708125571871e-01,9.998970707458179064e-01,9.998970684601865555e-01,9.998970684601944381e-01,9.998970707458036955e-01,9.998970708124641504e-01,9.998970708179292233e-01,9.998970708159935494e-01,9.998970707791762225e-01,9.998970692932681592e-01,1.000000000000001554e+00,9.998970692932681592e-01,9.998970707791764445e-01,9.998970708159934384e-01,9.998970708179292233e-01,9.998970708124642615e-01,9.998970707458039175e-01,9.998970684601944381e-01,9.998970684601865555e-01,9.998970707458177953e-01,9.998970708125570761e-01,9.998970708183878564e-01,9.998970708189659495e-01,9.998970708162464582e-01,9.998970707792409485e-01,9.998970692932681592e-01,1.000000000000001554e+00,9.998970692931630211e-01,9.998970707788826795e-01,9.998970708149160780e-01,9.998970708119647721e-01,9.998970707456702467e-01,9.998970684601395931e-01,9.998970684601068415e-01,9.998970707457454088e-01,9.998970708125065610e-01,9.998970708184162781e-01,9.998970708193600787e-01,9.998970708191543544e-01,9.998970708162465693e-01,9.998970707791764445e-01,9.998970692931630211e-01,1.000000000000001554e+00,9.998970692928045301e-01,9.998970707777407041e-01,9.998970708088870119e-01,9.998970707451063644e-01,9.998970684599415293e-01,9.998970684598357250e-01,9.998970707454769569e-01,9.998970708122456585e-01,9.998970708181772471e-01,9.998970708191999845e-01,9.998970708193599677e-01,9.998970708189659495e-01,9.998970708159934384e-01,9.998970707788826795e-01,9.998970692928045301e-01,1.000000000000001554e+00,9.998970692914740388e-01,9.998970707715231221e-01,9.998970707418400883e-01,9.998970684591890201e-01,9.998970684587797919e-01,9.998970707444223560e-01,9.998970708111936112e-01,9.998970708171326383e-01,9.998970708181772471e-01,9.998970708184160561e-01,9.998970708183879674e-01,9.998970708179292233e-01,9.998970708149160780e-01,9.998970707777407041e-01,9.998970692914740388e-01,1.000000000000001554e+00,9.998970692844724173e-01,9.998970707036922700e-01,9.998970684551387045e-01,9.998970684528362129e-01,9.998970707384793322e-01,9.998970708052519196e-01,9.998970708111937222e-01,9.998970708122455475e-01,9.998970708125064499e-01,9.998970708125571871e-01,9.998970708124642615e-01,9.998970708119647721e-01,9.998970708088870119e-01,9.998970707715231221e-01,9.998970692844724173e-01,1.000000000000001554e+00,9.998970692117523651e-01,9.998970684121014640e-01,9.998970683860629594e-01,9.998970706717064116e-01,9.998970707384793322e-01,9.998970707444223560e-01,9.998970707454771789e-01,9.998970707457452978e-01,9.998970707458179064e-01,9.998970707458039175e-01,9.998970707456702467e-01,9.998970707451063644e-01,9.998970707418400883e-01,9.998970707036922700e-01,9.998970692117523651e-01,1.000000000000001554e+00,9.998970668592557232e-01,9.998970661004192850e-01,9.998970683860628483e-01,9.998970684528362129e-01,9.998970684587797919e-01,9.998970684598355030e-01,9.998970684601065084e-01,9.998970684601865555e-01,9.998970684601944381e-01,9.998970684601395931e-01,9.998970684599415293e-01,9.998970684591890201e-01,9.998970684551387045e-01,9.998970684121014640e-01,9.998970668592557232e-01,1.000000000000001554e+00
1.000000000000001776e+00,9.998610772425510218e-01,9.998610799009509664e-01,9.998610799785013770e-01,9.998610799853834274e-01,9.998610799866112231e-01,9.998610799869261934e-01,9.998610799870152333e-01,9.998610799870134569e-01,9.998610799869193100e-01,9.998610799865891297e-01,9.998610799852983844e-01,9.998610799780281999e-01,9.998610798959589596e-01,9.998610766469494537e-01,9.998610772425510218e-01,1.000000000000001776e+00,9.998610805737718765e-01,9.998610831572353197e-01,9.998610832288047368e-01,9.998610832347277766e-01,9.998610832357249789e-01,9.998610832359609013e-01,9.998610832360002032e-01,9.998610832359194900e-01,9.998610832355945277e-01,9.998610832343060029e-01,9.998610832270370397e-01,9.998610831449681324e-01,9.998610798959588486e-01,9.998610799009509664e-01,9.998610805737718765e-01,1.000000000000001776e+00,9.998610806631167414e-01,9.998610832405985249e-01,9.998610833112091534e-01,9.998610833169015999e-01,9.998610833178198654e-01,9.998610833180059387e-01,9.998610833179663038e-01,9.998610833176549972e-01,9.998610833163716904e-01,9.998610833091049477e-01,9.998610832270369286e-01,9.998610799780283109e-01,9.998610799785013770e-01,9.998610831572353197e-01,9.998610806631167414e-01,1.000000000000001776e+00,9.998610806716815569e-01,9.998610832482043298e-01,9.998610833185841429e-01,9.998610833241978746e-01,9.998610833250661800e-01,9.998610833251735386e-01,9.998610833249029772e-01,9.998610833236333262e-01,9.998610833163718015e-01,9.998610832343060029e-01,9.998610799852983844e-01,9.998610799853834274e-01,9.998610832288047368e-01,9.998610832405985249e-01,9.998610806716815569e-01,1.000000000000001776e+00,9.998610806733089218e-01,9.998610832496009904e-01,9.998610833199019776e-01,9.998610833254658603e-01,9.998610833262553399e-01,9.998610833261318831e-01,9.998610833249029772e-01,9.998610833176551083e-01,9.998610832355946387e-01,9.998610799865890186e-01,9.998610799866112231e-01,9.998610832347277766e-01,9.998610833112091534e-01,9.998610832482043298e-01,9.998610806733089218e-01,1.000000000000001776e+00,9.998610806737474599e-01,9.998610832499605916e-01,9.998610833202117298e-01,9.998610833256966757e-01,9.998610833262554509e-01,9.998610833251735386e-01,9.998610833179665258e-01,9.998610832359196010e-01,9.998610799869194210e-01,9.998610799869261934e-01,9.998610832357249789e-01,9.998610833169015999e-01,9.998610833185841429e-01,9.998610832496009904e-01,9.998610806737474599e-01,1.000000000000001776e+00,9.998610806738760237e-01,9.998610832500394174e-01,9.998610833202116188e-01,9.998610833254658603e-01,9.998610833250661800e-01,9.998610833180060498e-01,9.998610832360000922e-01,9.998610799870135679e-01,9.998610799870152333e-01,9.998610832359609013e-01,9.998610833178198654e-01,9.998610833241978746e-01,9.998610833199019776e-01,9.998610832499605916e-01,9.998610806738760237e-01,1.000000000000001776e+00,9.998610806738760237e-01,9.998610832499604806e-01,9.998610833199019776e-01,9.998610833241978746e-01,9.998610833178198654e-01,9.998610832359609013e-01,9.998610799870152333e-01,9.998610799870134569e-01,9.998610832360002032e-01,9.998610833180059387e-01,9.998610833250661800e-01,9.998610833254658603e-01,9.998610833202117298e-01,9.998610832500394174e-01,9.998610806738760237e-01,1.000000000000001776e+00,9.998610806737473489e-01,9.998610832496009904e-01,9.998610833185841429e-01,9.998610833169017109e-01,9.998610832357248679e-01,9.998610799869261934e-01,9.998610799869193100e-01,9.998610832359194900e-01,9.998610833179663038e-01,9.998610833251735386e-01,9.998610833262553399e-01,9.998610833256966757e-01,9.998610833202116188e-01,9.998610832499604806e-01,9.998610806737473489e-01,1.000000000000001776e+00,9.998610806733089218e-01,9.998610832482042188e-01,9.998610833112090424e-01,9.998610832347277766e-01,9.998610799866112231e-01,9.998610799865891297e-01,9.998610832355945277e-01,9.998610833176549972e-01,9.998610833249029772e-01,9.998610833261318831e-01,9.998610833262554509e-01,9.998610833254658603e-01,9.998610833199019776e-01,9.998610832496009904e-01,9.998610806733089218e-01,1.000000000000001776e+00,9.998610806716813348e-01,9.998610832405984139e-01,9.998610832288044037e-01,9.998610799853834274e-01,9.998610799852983844e-01,9.998610832343060029e-01,9.998610833163716904e-01,9.998610833236333262e-01,9.998610833249029772e-01,9.998610833251735386e-01,9.998610833250661800e-01,9.998610833241978746e-01,9.998610833185841429e-01,9.998610832482042188e-01,9.998610806716813348e-01,1.000000000000001776e+00,9.998610806631167414e-01,9.998610831572353197e-01,9.998610799785013770e-01,9.998610799780281999e-01,9.998610832270370397e-01,9.998610833091049477e-01,9.998610833163718015e-01,9.998610833176551083e-01,9.998610833179665258e-01,9.998610833180060498e-01,9.998610833178198654e-01,9.998610833169017109e-01,9.998610833112090424e-01,9.998610832405984139e-01,9.998610806631167414e-01,1.000000000000001776e+00,9.998610805737718765e-01,9.998610799009509664e-01,9.998610798959589596e-01,9.998610831449681324e-01,9.998610832270369286e-01,9.998610832343060029e-01,9.998610832355946387e-01,9.998610832359196010e-01,9.998610832360000922e-01,9.998610832359609013e-01,9.998610832357248679e-01,9.998610832347277766e-01,9.998610832288044037e-01,9.998610831572353197e-01,9.998610805737718765e-01,1.000000000000001776e+00,9.998610772425510218e-01,9.998610766469494537e-01,9.998610798959588486e-01,9.998610799780283109e-01,9.998610799852983844e-01,9.998610799865890186e-01,9.998610799869194210e-01,9.998610799870135679e-01,9.998610799870152333e-01,9.998610799869261934e-01,9.998610799866112231e-01,9.998610799853834274e-01,9.998610799785013770e-01,9.998610799009509664e-01,9.998610772425510218e-01,1.000000000000001776e+00
1.000000000000005107e+00,9.997450458567151976e-01,9.997450554817393087e-01,9.997450557346646560e-01,9.997450557561142759e-01,9.997450557597490350e-01,9.997450557606474275e-01,9.997450557609098842e-01,9.997450557609515176e-01,9.997450557608210664e-01,9.997450557603083654e-01,9.997450557582756581e-01,9.997450557468027244e-01,9.997450556167405411e-01,9.997450497971899219e-01,9.997450458567151976e-01,1.000000000000005107e+00,9.997450518068010661e-01,9.997450613127838448e-01,9.997450615562581966e-01,9.997450615761946935e-01,9.997450615794649664e-01,9.997450615802385698e-01,9.997450615804225338e-01,9.997450615803396001e-01,9.997450615798451068e-01,9.997450615778200600e-01,9.997450615663507900e-01,9.997450614362902721e-01,9.997450556167407631e-01,9.997450554817393087e-01,9.997450518068010661e-01,1.000000000000005107e+00,9.997450519483535025e-01,9.997450614448888384e-01,9.997450616868507334e-01,9.997450617064228551e-01,9.997450617095685610e-01,9.997450617102636716e-01,9.997450617103230686e-01,9.997450617098760928e-01,9.997450617078692536e-01,9.997450616964077552e-01,9.997450615663506790e-01,9.997450557468028354e-01,9.997450557346646560e-01,9.997450613127838448e-01,9.997450519483535025e-01,1.000000000000005107e+00,9.997450519618714671e-01,9.997450614568935690e-01,9.997450616984911997e-01,9.997450617179387544e-01,9.997450617210059676e-01,9.997450617215766222e-01,9.997450617212718660e-01,9.997450617193125444e-01,9.997450617078691426e-01,9.997450615778199490e-01,9.997450557582756581e-01,9.997450557561142759e-01,9.997450615562581966e-01,9.997450614448888384e-01,9.997450519618714671e-01,1.000000000000005107e+00,9.997450519644397460e-01,9.997450614590976947e-01,9.997450617005707585e-01,9.997450617199398204e-01,9.997450617228824665e-01,9.997450617230890790e-01,9.997450617212717550e-01,9.997450617098759817e-01,9.997450615798448847e-01,9.997450557603082544e-01,9.997450557597490350e-01,9.997450615761946935e-01,9.997450616868507334e-01,9.997450614568935690e-01,9.997450519644397460e-01,1.000000000000005107e+00,9.997450519651315259e-01,9.997450614596647966e-01,9.997450617010593676e-01,9.997450617203039736e-01,9.997450617228825775e-01,9.997450617215767332e-01,9.997450617103230686e-01,9.997450615803396001e-01,9.997450557608210664e-01,9.997450557606474275e-01,9.997450615794649664e-01,9.997450617064228551e-01,9.997450616984911997e-01,9.997450614590976947e-01,9.997450519651315259e-01,1.000000000000005107e+00,9.997450519653344747e-01,9.997450614597892526e-01,9.997450617010592566e-01,9.997450617199398204e-01,9.997450617210060786e-01,9.997450617102636716e-01,9.997450615804225338e-01,9.997450557609514066e-01,9.997450557609098842e-01,9.997450615802385698e-01,9.997450617095685610e-01,9.997450617179387544e-01,9.997450617005707585e-01,9.997450614596647966e-01,9.997450519653344747e-01,1.000000000000005107e+00,9.997450519653344747e-01,9.997450614596646856e-01,9.997450617005706475e-01,9.997450617179388654e-01,9.997450617095685610e-01,9.997450615802385698e-01,9.997450557609097732e-01,9.997450557609515176e-01,9.997450615804225338e-01,9.997450617102636716e-01,9.997450617210059676e-01,9.997450617199398204e-01,9.997450617010593676e-01,9.997450614597892526e-01,9.997450519653344747e-01,1.000000000000005107e+00,9.997450519651314149e-01,9.997450614590975837e-01,9.997450616984911997e-01,9.997450617064227441e-01,9.997450615794648554e-01,9.997450557606474275e-01,9.997450557608210664e-01,9.997450615803396001e-01,9.997450617103230686e-01,9.997450617215766222e-01,9.997450617228824665e-01,9.997450617203039736e-01,9.997450617010592566e-01,9.997450614596646856e-01,9.997450519651314149e-01,1.000000000000005107e+00,9.997450519644396350e-01,9.997450614568935690e-01,9.997450616868505113e-01,9.997450615761945825e-01,9.997450557597490350e-01,9.997450557603083654e-01,9.997450615798451068e-01,9.997450617098760928e-01,9.997450617212718660e-01,9.997450617230890790e-01,9.997450617228825775e-01,9.997450617199398204e-01,9.997450617005706475e-01,9.997450614590975837e-01,9.997450519644396350e-01,1.000000000000005107e+00,9.997450519618714671e-01,9.997450614448887274e-01,9.997450615562583076e-01,9.997450557561144979e-01,9.997450557582756581e-01,9.997450615778200600e-01,9.997450617078692536e-01,9.997450617193125444e-01,9.997450617212717550e-01,9.997450617215767332e-01,9.997450617210060786e-01,9.997450617179388654e-01,9.997450616984911997e-01,9.997450614568935690e-01,9.997450519618714671e-01,1.000000000000005107e+00,9.997450519483532805e-01,9.997450613127838448e-01,9.997450557346645450e-01,9.997450557468027244e-01,9.997450615663507900e-01,9.997450616964077552e-01,9.997450617078691426e-01,9.997450617098759817e-01,9.997450617103230686e-01,9.997450617102636716e-01,9.997450617095685610e-01,9.997450617064227441e-01,9.997450616868505113e-01,9.997450614448887274e-01,9.997450519483532805e-01,1.000000000000005107e+00,9.997450518068009551e-01,9.997450554817395307e-01,9.997450556167405411e-01,9.997450614362902721e-01,9.997450615663506790e-01,9.997450615778199490e-01,9.997450615798448847e-01,9.997450615803396001e-01,9.997450615804225338e-01,9.997450615802385698e-01,9.997450615794648554e-01,9.997450615761945825e-01,9.997450615562583076e-01,9.997450613127838448e-01,9.997450518068009551e-01,1.000000000000005107e+00,9.997450458567151976e-01,9.997450497971899219e-01,9.997450556167407631e-01,9.997450557468028354e-01,9.997450557582756581e-01,9.997450557603082544e-01,9.997450557608210664e-01,9.997450557609514066e-01,9.997450557609097732e-01,9.997450557606474275e-01,9.997450557597490350e-01,9.997450557561144979e-01,9.997450557346645450e-01,9.997450554817395307e-01,9.997450458567151976e-01,1.000000000000005107e+00
