9.999999999999967804e-01,9.999999999999967804e-01,9.999999999999967804e-01,9.999999999999967804e-01,9.999999999999967804e-01,9.999999999999967804e-01,9.999999999999967804e-01,9.999999999999967804e-01,9.999999999999967804e-01,9.999999999999967804e-01,9.999999999999967804e-01,9.999999999999967804e-01,9.999999999999967804e-01,9.999999999999967804e-01,9.999999999999967804e-01,9.999999999999967804e-01,9.999999999999967804e-01,9.999999999999967804e-01,9.999999999999967804e-01,9.999999999999967804e-01,9.999999999999967804e-01,9.999999999999967804e-01,9.999999999999967804e-01,9.999999999999967804e-01,9.999999999999967804e-01,9.999999999999967804e-01,9.999999999999967804e-01,9.999999999999967804e-01,9.999999999999967804e-01,9.999999999999967804e-01,9.999999999999967804e-01,9.999999999999967804e-01,9.999999999999967804e-01,9.999999999999967804e-01,9.999999999999967804e-01,9.999999999999967804e-01,9.999999999999967804e-01,9.999999999999967804e-01,9.999999999999967804e-01,9.999999999999967804e-01,9.999999999999967804e-01,9.999999999999967804e-01,9.999999999999967804e-01,9.999999999999967804e-01,9.999999999999967804e-01,9.999999999999967804e-01,9.999999999999967804e-01,9.999999999999967804e-01,9.999999999999967804e-01,9.999999999999967804e-01,9.999999999999967804e-01,9.999999999999967804e-01,9.999999999999967804e-01,9.999999999999967804e-01,9.999999999999967804e-01,9.999999999999967804e-01,9.999999999999967804e-01,9.999999999999967804e-01,9.999999999999967804e-01,9.999999999999967804e-01,9.999999999999967804e-01,9.999999999999967804e-01,9.999999999999967804e-01,9.999999999999967804e-01,9.999999999999967804e-01,9.999999999999967804e-01,9.999999999999967804e-01,9.999999999999967804e-01,9.999999999999967804e-01,9.999999999999967804e-01,9.999999999999967804e-01,9.999999999999967804e-01,9.999999999999967804e-01,9.999999999999967804e-01,9.999999999999967804e-01,9.999999999999967804e-01,9.999999999999967804e-01,9.999999999999967804e-01,9.999999999999967804e-01,9.999999999999967804e-01,9.999999999999967804e-01,9.999999999999967804e-01,9.999999999999967804e-01,9.999999999999967804e-01,9.999999999999967804e-01,9.999999999999967804e-01,9.999999999999967804e-01,9.999999999999967804e-01,9.999999999999967804e-01,9.999999999999967804e-01,9.999999999999967804e-01,9.999999999999967804e-01,9.999999999999967804e-01,9.999999999999967804e-01,9.999999999999967804e-01,9.999999999999967804e-01,9.999999999999967804e-01,9.999999999999967804e-01,9.999999999999967804e-01,9.999999999999967804e-01,9.999999999999967804e-01,9.999999999999967804e-01,9.999999999999967804e-01,9.999999999999967804e-01,9.999999999999967804e-01,9.999999999999967804e-01,9.999999999999967804e-01,9.999999999999967804e-01,9.999999999999967804e-01,9.999999999999967804e-01,9.999999999999967804e-01,9.999999999999967804e-01,9.999999999999967804e-01,9.999999999999967804e-01,9.999999999999967804e-01,9.999999999999967804e-01,9.999999999999967804e-01,9.999999999999967804e-01,9.999999999999967804e-01,9.999999999999967804e-01,9.999999999999967804e-01,9.999999999999967804e-01,9.999999999999967804e-01,9.999999999999967804e-01,9.999999999999967804e-01,9.999999999999967804e-01,9.999999999999967804e-01,9.999999999999967804e-01,9.999999999999967804e-01,9.999999999999967804e-01,9.999999999999967804e-01,9.999999999999967804e-01,9.999999999999967804e-01,9.999999999999967804e-01,9.999999999999967804e-01,9.999999999999967804e-01,9.999999999999967804e-01,9.999999999999967804e-01,9.999999999999967804e-01,9.999999999999967804e-01,9.999999999999967804e-01,9.999999999999967804e-01,9.999999999999967804e-01,9.999999999999967804e-01,9.999999999999967804e-01,9.999999999999967804e-01,9.999999999999967804e-01,9.999999999999967804e-01,9.999999999999967804e-01,9.999999999999967804e-01,9.999999999999967804e-01,9.999999999999967804e-01,9.999999999999967804e-01,9.999999999999967804e-01,9.999999999999967804e-01,9.999999999999967804e-01,9.999999999999967804e-01,9.999999999999967804e-01,9.999999999999967804e-01,9.999999999999967804e-01,9.999999999999967804e-01,9.999999999999967804e-01,9.999999999999967804e-01,9.999999999999967804e-01,9.999999999999967804e-01,9.999999999999967804e-01,9.999999999999967804e-01,9.999999999999967804e-01,9.999999999999967804e-01,9.999999999999967804e-01,9.999999999999967804e-01,9.999999999999967804e-01,9.999999999999967804e-01,9.999999999999967804e-01,9.999999999999967804e-01,9.999999999999967804e-01,9.999999999999967804e-01,9.999999999999967804e-01,9.999999999999967804e-01,9.999999999999967804e-01,9.999999999999967804e-01,9.999999999999967804e-01,9.999999999999967804e-01,9.999999999999967804e-01,9.999999999999967804e-01,9.999999999999967804e-01,9.999999999999967804e-01,9.999999999999967804e-01,9.999999999999967804e-01,9.999999999999967804e-01,9.999999999999967804e-01,9.999999999999967804e-01,9.999999999999967804e-01,9.999999999999967804e-01,9.999999999999967804e-01,9.999999999999967804e-01,9.999999999999967804e-01,9.999999999999967804e-01,9.999999999999967804e-01,9.999999999999967804e-01,9.999999999999967804e-01,9.999999999999967804e-01,9.999999999999967804e-01,9.999999999999967804e-01,9.999999999999967804e-01,9.999999999999967804e-01,9.999999999999967804e-01,9.999999999999967804e-01,9.999999999999967804e-01,9.999999999999967804e-01,9.999999999999967804e-01,9.999999999999967804e-01,9.999999999999967804e-01,9.999999999999967804e-01,9.999999999999967804e-01,9.999999999999967804e-01,9.999999999999967804e-01,9.999999999999967804e-01,9.999999999999967804e-01,9.999999999999967804e-01,9.999999999999967804e-01,9.999999999999967804e-01,9.999999999999967804e-01,9.999999999999967804e-01,9.999999999999967804e-01
1.000000000000001332e+00,9.999933264490274976e-01,9.999933264555537216e-01,9.999933264557442358e-01,9.999933264557610002e-01,9.999933264557639978e-01,9.999933264557647750e-01,9.999933264557649970e-01,9.999933264557649970e-01,9.999933264557648860e-01,9.999933264557641088e-01,9.999933264557610002e-01,9.999933264557441248e-01,9.999933264555532775e-01,9.999933264483191753e-01,9.999933264490274976e-01,1.000000000000001332e+00,9.999933264564524471e-01,9.999933264628045881e-01,9.999933264629810026e-01,9.999933264629961016e-01,9.999933264629984331e-01,9.999933264629989882e-01,9.999933264629990992e-01,9.999933264629988772e-01,9.999933264629981000e-01,9.999933264629949914e-01,9.999933264629781160e-01,9.999933264627872687e-01,9.999933264555533885e-01,9.999933264555537216e-01,9.999933264564524471e-01,1.000000000000001332e+00,9.999933264566599478e-01,9.999933264629983221e-01,9.999933264631728491e-01,9.999933264631869489e-01,9.999933264631892804e-01,9.999933264631897245e-01,9.999933264631896135e-01,9.999933264631888363e-01,9.999933264631858387e-01,9.999933264631689633e-01,9.999933264629780050e-01,9.999933264557441248e-01,9.999933264557442358e-01,9.999933264628045881e-01,9.999933264566599478e-01,1.000000000000001332e+00,9.999933264566797098e-01,9.999933264630163077e-01,9.999933264631897245e-01,9.999933264632037133e-01,9.999933264632060448e-01,9.999933264632062668e-01,9.999933264632056007e-01,9.999933264632026031e-01,9.999933264631858387e-01,9.999933264629951024e-01,9.999933264557608892e-01,9.999933264557610002e-01,9.999933264629810026e-01,9.999933264629983221e-01,9.999933264566797098e-01,1.000000000000001332e+00,9.999933264566837066e-01,9.999933264630194163e-01,9.999933264631929442e-01,9.999933264632068219e-01,9.999933264632087093e-01,9.999933264632084873e-01,9.999933264632056007e-01,9.999933264631888363e-01,9.999933264629981000e-01,9.999933264557639978e-01,9.999933264557639978e-01,9.999933264629961016e-01,9.999933264631728491e-01,9.999933264630163077e-01,9.999933264566837066e-01,1.000000000000001332e+00,9.999933264566849278e-01,9.999933264630204155e-01,9.999933264631938323e-01,9.999933264632075991e-01,9.999933264632090424e-01,9.999933264632064889e-01,9.999933264631898355e-01,9.999933264629989882e-01,9.999933264557647750e-01,9.999933264557647750e-01,9.999933264629984331e-01,9.999933264631869489e-01,9.999933264631897245e-01,9.999933264630194163e-01,9.999933264566849278e-01,1.000000000000001332e+00,9.999933264566850388e-01,9.999933264630203045e-01,9.999933264631936103e-01,9.999933264632068219e-01,9.999933264632059338e-01,9.999933264631895025e-01,9.999933264629988772e-01,9.999933264557648860e-01,9.999933264557649970e-01,9.999933264629989882e-01,9.999933264631892804e-01,9.999933264632037133e-01,9.999933264631929442e-01,9.999933264630204155e-01,9.999933264566850388e-01,1.000000000000001332e+00,9.999933264566849278e-01,9.999933264630201935e-01,9.999933264631929442e-01,9.999933264632038243e-01,9.999933264631890584e-01,9.999933264629987661e-01,9.999933264557648860e-01,9.999933264557649970e-01,9.999933264629990992e-01,9.999933264631897245e-01,9.999933264632060448e-01,9.999933264632068219e-01,9.999933264631938323e-01,9.999933264630203045e-01,9.999933264566849278e-01,1.000000000000001332e+00,9.999933264566845947e-01,9.999933264630194163e-01,9.999933264631897245e-01,9.999933264631869489e-01,9.999933264629983221e-01,9.999933264557646639e-01,9.999933264557648860e-01,9.999933264629988772e-01,9.999933264631896135e-01,9.999933264632062668e-01,9.999933264632087093e-01,9.999933264632075991e-01,9.999933264631936103e-01,9.999933264630201935e-01,9.999933264566845947e-01,1.000000000000001332e+00,9.999933264566837066e-01,9.999933264630159746e-01,9.999933264631727381e-01,9.999933264629957685e-01,9.999933264557639978e-01,9.999933264557641088e-01,9.999933264629981000e-01,9.999933264631888363e-01,9.999933264632056007e-01,9.999933264632084873e-01,9.999933264632090424e-01,9.999933264632068219e-01,9.999933264631929442e-01,9.999933264630194163e-01,9.999933264566837066e-01,1.000000000000001332e+00,9.999933264566798208e-01,9.999933264629984331e-01,9.999933264629811136e-01,9.999933264557610002e-01,9.999933264557610002e-01,9.999933264629949914e-01,9.999933264631858387e-01,9.999933264632026031e-01,9.999933264632056007e-01,9.999933264632064889e-01,9.999933264632059338e-01,9.999933264632038243e-01,9.999933264631897245e-01,9.999933264630159746e-01,9.999933264566798208e-01,1.000000000000001332e+00,9.999933264566600588e-01,9.999933264628045881e-01,9.999933264557440138e-01,9.999933264557441248e-01,9.999933264629781160e-01,9.999933264631689633e-01,9.999933264631858387e-01,9.999933264631888363e-01,9.999933264631898355e-01,9.999933264631895025e-01,9.999933264631890584e-01,9.999933264631869489e-01,9.999933264631727381e-01,9.999933264629984331e-01,9.999933264566600588e-01,1.000000000000001332e+00,9.999933264564523361e-01,9.999933264555536105e-01,9.999933264555532775e-01,9.999933264627872687e-01,9.999933264629780050e-01,9.999933264629951024e-01,9.999933264629981000e-01,9.999933264629989882e-01,9.999933264629988772e-01,9.999933264629987661e-01,9.999933264629983221e-01,9.999933264629957685e-01,9.999933264629811136e-01,9.999933264628045881e-01,9.999933264564523361e-01,1.000000000000001332e+00,9.999933264490272755e-01,9.999933264483191753e-01,9.999933264555533885e-01,9.999933264557441248e-01,9.999933264557608892e-01,9.999933264557639978e-01,9.999933264557647750e-01,9.999933264557648860e-01,9.999933264557648860e-01,9.999933264557646639e-01,9.999933264557639978e-01,9.999933264557610002e-01,9.999933264557440138e-01,9.999933264555536105e-01,9.999933264490272755e-01,1.000000000000001332e+00
1.000000000000001110e+00,9.999733065177198732e-01,9.999733066221339062e-01,9.999733066251798030e-01,9.999733066254502534e-01,9.999733066254985481e-01,9.999733066255107605e-01,9.999733066255142022e-01,9.999733066255143132e-01,9.999733066255107605e-01,9.999733066254985481e-01,9.999733066254503644e-01,9.999733066251799141e-01,9.999733066221279110e-01,9.999733065063906023e-01,9.999733065177198732e-01,1.000000000000001110e+00,9.999733066365102951e-01,9.999733067381418872e-01,9.999733067409652953e-01,9.999733067411999965e-01,9.999733067412395204e-01,9.999733067412488463e-01,9.999733067412504006e-01,9.999733067412474030e-01,9.999733067412354126e-01,9.999733067411875620e-01,9.999733067409170006e-01,9.999733067378649976e-01,9.999733066221277999e-01,9.999733066221339062e-01,9.999733066365102951e-01,1.000000000000001110e+00,9.999733066398328596e-01,9.999733067412418519e-01,9.999733067440298440e-01,9.999733067442559964e-01,9.999733067442925227e-01,9.999733067442998502e-01,9.999733067442987400e-01,9.999733067442871937e-01,9.999733067442393430e-01,9.999733067439690037e-01,9.999733067409171117e-01,9.999733066251800251e-01,9.999733066251798030e-01,9.999733067381418872e-01,9.999733066398328596e-01,1.000000000000001110e+00,9.999733066401516046e-01,9.999733067415251808e-01,9.999733067443042911e-01,9.999733067445275569e-01,9.999733067445621959e-01,9.999733067445667478e-01,9.999733067445568668e-01,9.999733067445096824e-01,9.999733067442395651e-01,9.999733067411875620e-01,9.999733066254503644e-01,9.999733066254502534e-01,9.999733067409652953e-01,9.999733067412418519e-01,9.999733066401516046e-01,1.000000000000001110e+00,9.999733066402121118e-01,9.999733067415769172e-01,9.999733067443530299e-01,9.999733067445745194e-01,9.999733067446062718e-01,9.999733067446021639e-01,9.999733067445566448e-01,9.999733067442870826e-01,9.999733067412354126e-01,9.999733066254982150e-01,9.999733066254985481e-01,9.999733067411999965e-01,9.999733067440298440e-01,9.999733067415251808e-01,9.999733066402121118e-01,1.000000000000001110e+00,9.999733066402286541e-01,9.999733067415905730e-01,9.999733067443649093e-01,9.999733067445834012e-01,9.999733067446064938e-01,9.999733067445668588e-01,9.999733067442987400e-01,9.999733067412477361e-01,9.999733066255108715e-01,9.999733066255107605e-01,9.999733067412395204e-01,9.999733067442559964e-01,9.999733067443042911e-01,9.999733067415769172e-01,9.999733066402286541e-01,1.000000000000001110e+00,9.999733066402333170e-01,9.999733067415934595e-01,9.999733067443647982e-01,9.999733067445747414e-01,9.999733067445623069e-01,9.999733067442999612e-01,9.999733067412505116e-01,9.999733066255142022e-01,9.999733066255142022e-01,9.999733067412488463e-01,9.999733067442925227e-01,9.999733067445275569e-01,9.999733067443530299e-01,9.999733067415905730e-01,9.999733066402333170e-01,1.000000000000001110e+00,9.999733066402333170e-01,9.999733067415904619e-01,9.999733067443532519e-01,9.999733067445276680e-01,9.999733067442925227e-01,9.999733067412488463e-01,9.999733066255142022e-01,9.999733066255143132e-01,9.999733067412504006e-01,9.999733067442998502e-01,9.999733067445621959e-01,9.999733067445745194e-01,9.999733067443649093e-01,9.999733067415934595e-01,9.999733066402333170e-01,1.000000000000001110e+00,9.999733066402285431e-01,9.999733067415771393e-01,9.999733067443041801e-01,9.999733067442559964e-01,9.999733067412395204e-01,9.999733066255106495e-01,9.999733066255107605e-01,9.999733067412474030e-01,9.999733067442987400e-01,9.999733067445667478e-01,9.999733067446062718e-01,9.999733067445834012e-01,9.999733067443647982e-01,9.999733067415904619e-01,9.999733066402285431e-01,1.000000000000001110e+00,9.999733066402122228e-01,9.999733067415251808e-01,9.999733067440298440e-01,9.999733067412001075e-01,9.999733066254984371e-01,9.999733066254985481e-01,9.999733067412354126e-01,9.999733067442871937e-01,9.999733067445568668e-01,9.999733067446021639e-01,9.999733067446064938e-01,9.999733067445747414e-01,9.999733067443532519e-01,9.999733067415771393e-01,9.999733066402122228e-01,1.000000000000001110e+00,9.999733066401516046e-01,9.999733067412420739e-01,9.999733067409652953e-01,9.999733066254503644e-01,9.999733066254503644e-01,9.999733067411875620e-01,9.999733067442393430e-01,9.999733067445096824e-01,9.999733067445566448e-01,9.999733067445668588e-01,9.999733067445623069e-01,9.999733067445276680e-01,9.999733067443041801e-01,9.999733067415251808e-01,9.999733066401516046e-01,1.000000000000001110e+00,9.999733066398329706e-01,9.999733067381418872e-01,9.999733066251799141e-01,9.999733066251799141e-01,9.999733067409170006e-01,9.999733067439690037e-01,9.999733067442395651e-01,9.999733067442870826e-01,9.999733067442987400e-01,9.999733067442999612e-01,9.999733067442925227e-01,9.999733067442559964e-01,9.999733067440298440e-01,9.999733067412420739e-01,9.999733066398329706e-01,1.000000000000001110e+00,9.999733066365104062e-01,9.999733066221341282e-01,9.999733066221279110e-01,9.999733067378649976e-01,9.999733067409171117e-01,9.999733067411875620e-01,9.999733067412354126e-01,9.999733067412477361e-01,9.999733067412505116e-01,9.999733067412488463e-01,9.999733067412395204e-01,9.999733067412001075e-01,9.999733067409652953e-01,9.999733067381418872e-01,9.999733066365104062e-01,1.000000000000001110e+00,9.999733065177198732e-01,9.999733065063906023e-01,9.999733066221277999e-01,9.999733066251800251e-01,9.999733066254503644e-01,9.999733066254982150e-01,9.999733066255108715e-01,9.999733066255142022e-01,9.999733066255142022e-01,9.999733066255106495e-01,9.999733066254984371e-01,9.999733066254503644e-01,9.999733066251799141e-01,9.999733066221341282e-01,9.999733065177198732e-01,1.000000000000001110e+00
1.000000000000003997e+00,9.999399423706952783e-01,9.999399428992363781e-01,9.999399429146527130e-01,9.999399429160201747e-01,9.999399429162646458e-01,9.999399429163261521e-01,9.999399429163390307e-01,9.999399429163435826e-01,9.999399429163257080e-01,9.999399429162648678e-01,9.999399429160207298e-01,9.999399429146514917e-01,9.999399428992040706e-01,9.999399423133482623e-01,9.999399423706952783e-01,1.000000000000003997e+00,9.999399429720077226e-01,9.999399434864665315e-01,9.999399435007528814e-01,9.999399435019427074e-01,9.999399435021419924e-01,9.999399435021845139e-01,9.999399435021972815e-01,9.999399435021821825e-01,9.999399435021224525e-01,9.999399435018784255e-01,9.999399435005094094e-01,9.999399434850620993e-01,9.999399428992064021e-01,9.999399428992363781e-01,9.999399429720077226e-01,1.000000000000003997e+00,9.999399429888222723e-01,9.999399435021512073e-01,9.999399435162600325e-01,9.999399435174045614e-01,9.999399435175845285e-01,9.999399435176270501e-01,9.999399435176201667e-01,9.999399435175631012e-01,9.999399435173202955e-01,9.999399435159513905e-01,9.999399435005044134e-01,9.999399429146489382e-01,9.999399429146527130e-01,9.999399434864665315e-01,9.999399429888222723e-01,1.000000000000003997e+00,9.999399429904358705e-01,9.999399435035872807e-01,9.999399435176506978e-01,9.999399435187761309e-01,9.999399435189559870e-01,9.999399435189786356e-01,9.999399435189300078e-01,9.999399435186899776e-01,9.999399435173222939e-01,9.999399435018757609e-01,9.999399429160201747e-01,9.999399429160201747e-01,9.999399435007528814e-01,9.999399435021512073e-01,9.999399429904358705e-01,1.000000000000003997e+00,9.999399429907424031e-01,9.999399435038484052e-01,9.999399435178926154e-01,9.999399435190180485e-01,9.999399435191782537e-01,9.999399435191590468e-01,9.999399435189273433e-01,9.999399435175623241e-01,9.999399435021166793e-01,9.999399429162618702e-01,9.999399429162646458e-01,9.999399435019427074e-01,9.999399435162600325e-01,9.999399435035872807e-01,9.999399429907424031e-01,1.000000000000003997e+00,9.999399429908262249e-01,9.999399435039130202e-01,9.999399435179571194e-01,9.999399435190626795e-01,9.999399435191810293e-01,9.999399435189788576e-01,9.999399435176222761e-01,9.999399435021795179e-01,9.999399429163254860e-01,9.999399429163261521e-01,9.999399435021419924e-01,9.999399435174045614e-01,9.999399435176506978e-01,9.999399435038484052e-01,9.999399429908262249e-01,1.000000000000003997e+00,9.999399429908454318e-01,9.999399435039320050e-01,9.999399435179563422e-01,9.999399435190201579e-01,9.999399435189554319e-01,9.999399435176283824e-01,9.999399435021937288e-01,9.999399429163425834e-01,9.999399429163390307e-01,9.999399435021845139e-01,9.999399435175845285e-01,9.999399435187761309e-01,9.999399435178926154e-01,9.999399435039130202e-01,9.999399429908454318e-01,1.000000000000003997e+00,9.999399429908452097e-01,9.999399435039121320e-01,9.999399435178947249e-01,9.999399435187753538e-01,9.999399435175858608e-01,9.999399435021807392e-01,9.999399429163379205e-01,9.999399429163435826e-01,9.999399435021972815e-01,9.999399435176270501e-01,9.999399435189559870e-01,9.999399435190180485e-01,9.999399435179571194e-01,9.999399435039320050e-01,9.999399429908452097e-01,1.000000000000003997e+00,9.999399429908253367e-01,9.999399435038504036e-01,9.999399435176498097e-01,9.999399435174057826e-01,9.999399435021381066e-01,9.999399429163249309e-01,9.999399429163257080e-01,9.999399435021821825e-01,9.999399435176201667e-01,9.999399435189786356e-01,9.999399435191782537e-01,9.999399435190626795e-01,9.999399435179563422e-01,9.999399435039121320e-01,9.999399429908253367e-01,1.000000000000003997e+00,9.999399429907438464e-01,9.999399435035858374e-01,9.999399435162603655e-01,9.999399435019382665e-01,9.999399429162625363e-01,9.999399429162648678e-01,9.999399435021224525e-01,9.999399435175631012e-01,9.999399435189300078e-01,9.999399435191590468e-01,9.999399435191810293e-01,9.999399435190201579e-01,9.999399435178947249e-01,9.999399435038504036e-01,9.999399429907438464e-01,1.000000000000003997e+00,9.999399429904374248e-01,9.999399435021545379e-01,9.999399435007511050e-01,9.999399429160208408e-01,9.999399429160207298e-01,9.999399435018784255e-01,9.999399435173202955e-01,9.999399435186899776e-01,9.999399435189273433e-01,9.999399435189788576e-01,9.999399435189554319e-01,9.999399435187753538e-01,9.999399435176498097e-01,9.999399435035858374e-01,9.999399429904374248e-01,1.000000000000003997e+00,9.999399429888229385e-01,9.999399434864623126e-01,9.999399429146506035e-01,9.999399429146514917e-01,9.999399435005094094e-01,9.999399435159513905e-01,9.999399435173222939e-01,9.999399435175623241e-01,9.999399435176222761e-01,9.999399435176283824e-01,9.999399435175858608e-01,9.999399435174057826e-01,9.999399435162603655e-01,9.999399435021545379e-01,9.999399429888229385e-01,1.000000000000003997e+00,9.999399429720055021e-01,9.999399428992364891e-01,9.999399428992040706e-01,9.999399434850620993e-01,9.999399435005044134e-01,9.999399435018757609e-01,9.999399435021166793e-01,9.999399435021795179e-01,9.999399435021937288e-01,9.999399435021807392e-01,9.999399435021381066e-01,9.999399435019382665e-01,9.999399435007511050e-01,9.999399434864623126e-01,9.999399429720055021e-01,1.000000000000003997e+00,9.999399423706903933e-01,9.999399423133482623e-01,9.999399428992064021e-01,9.999399429146489382e-01,9.999399429160201747e-01,9.999399429162618702e-01,9.999399429163254860e-01,9.999399429163425834e-01,9.999399429163379205e-01,9.999399429163249309e-01,9.999399429162625363e-01,9.999399429160208408e-01,9.999399429146506035e-01,9.999399428992364891e-01,9.999399423706903933e-01,1.000000000000003997e+00
9.999999999999997780e-01,9.998932376148764734e-01,9.998932392850884421e-01,9.998932393337779390e-01,9.998932393381025907e-01,9.998932393388704210e-01,9.998932393390663753e-01,9.998932393391219975e-01,9.998932393391221085e-01,9.998932393390663753e-01,9.998932393388701989e-01,9.998932393381027017e-01,9.998932393337782720e-01,9.998932392850030659e-01,9.998932374336949591e-01,9.998932376148764734e-01,9.999999999999997780e-01,9.998932395150265107e-01,9.998932411407240872e-01,9.998932411858556524e-01,9.998932411896098715e-01,9.998932411902403672e-01,9.998932411903895812e-01,9.998932411904155604e-01,9.998932411903685979e-01,9.998932411901758632e-01,9.998932411894095873e-01,9.998932411850857127e-01,9.998932411363108397e-01,9.998932392850030659e-01,9.998932392850884421e-01,9.998932395150265107e-01,9.999999999999997780e-01,9.998932395681292551e-01,9.998932411902690109e-01,9.998932412348303655e-01,9.998932412384472501e-01,9.998932412390307833e-01,9.998932412391503544e-01,9.998932412391294822e-01,9.998932412389452962e-01,9.998932412381822399e-01,9.998932412338599196e-01,9.998932411850858237e-01,9.998932393337781610e-01,9.998932393337779390e-01,9.998932411407240872e-01,9.998932395681292551e-01,9.999999999999997780e-01,9.998932395732237355e-01,9.998932411947929477e-01,9.998932412392168567e-01,9.998932412427870009e-01,9.998932412433411132e-01,9.998932412434137218e-01,9.998932412432556260e-01,9.998932412425012295e-01,9.998932412381823509e-01,9.998932411894095873e-01,9.998932393381025907e-01,9.998932393381025907e-01,9.998932411858556524e-01,9.998932411902690109e-01,9.998932395732237355e-01,9.999999999999997780e-01,9.998932395741918500e-01,9.998932411956238386e-01,9.998932412400008962e-01,9.998932412435415085e-01,9.998932412440484363e-01,9.998932412439839323e-01,9.998932412432556260e-01,9.998932412389455182e-01,9.998932411901759743e-01,9.998932393388704210e-01,9.998932393388704210e-01,9.998932411896098715e-01,9.998932412348303655e-01,9.998932411947929477e-01,9.998932395741918500e-01,9.999999999999997780e-01,9.998932395744524193e-01,9.998932411958375566e-01,9.998932412401849712e-01,9.998932412436787320e-01,9.998932412440484363e-01,9.998932412434138328e-01,9.998932412391295932e-01,9.998932411903688200e-01,9.998932393390667084e-01,9.998932393390663753e-01,9.998932411902403672e-01,9.998932412384472501e-01,9.998932412392168567e-01,9.998932411956238386e-01,9.998932395744524193e-01,9.999999999999997780e-01,9.998932395745288026e-01,9.998932411958842970e-01,9.998932412401848602e-01,9.998932412435412864e-01,9.998932412433410022e-01,9.998932412391503544e-01,9.998932411904154494e-01,9.998932393391219975e-01,9.998932393391219975e-01,9.998932411903895812e-01,9.998932412390307833e-01,9.998932412427870009e-01,9.998932412400008962e-01,9.998932411958375566e-01,9.998932395745288026e-01,9.999999999999997780e-01,9.998932395745288026e-01,9.998932411958373345e-01,9.998932412400006742e-01,9.998932412427870009e-01,9.998932412390306723e-01,9.998932411903893591e-01,9.998932393391219975e-01,9.998932393391221085e-01,9.998932411904155604e-01,9.998932412391503544e-01,9.998932412433411132e-01,9.998932412435415085e-01,9.998932412401849712e-01,9.998932411958842970e-01,9.998932395745288026e-01,9.999999999999997780e-01,9.998932395744521973e-01,9.998932411956236166e-01,9.998932412392167457e-01,9.998932412384471391e-01,9.998932411902401451e-01,9.998932393390663753e-01,9.998932393390663753e-01,9.998932411903685979e-01,9.998932412391294822e-01,9.998932412434137218e-01,9.998932412440484363e-01,9.998932412436787320e-01,9.998932412401848602e-01,9.998932411958373345e-01,9.998932395744521973e-01,9.999999999999997780e-01,9.998932395741915169e-01,9.998932411947927257e-01,9.998932412348300325e-01,9.998932411896097605e-01,9.998932393388701989e-01,9.998932393388701989e-01,9.998932411901758632e-01,9.998932412389452962e-01,9.998932412432556260e-01,9.998932412439839323e-01,9.998932412440484363e-01,9.998932412435412864e-01,9.998932412400006742e-01,9.998932411956236166e-01,9.998932395741915169e-01,9.999999999999997780e-01,9.998932395732234024e-01,9.998932411902687889e-01,9.998932411858553193e-01,9.998932393381024797e-01,9.998932393381027017e-01,9.998932411894095873e-01,9.998932412381822399e-01,9.998932412425012295e-01,9.998932412432556260e-01,9.998932412434138328e-01,9.998932412433410022e-01,9.998932412427870009e-01,9.998932412392167457e-01,9.998932411947927257e-01,9.998932395732234024e-01,9.999999999999997780e-01,9.998932395681291441e-01,9.998932411407239762e-01,9.998932393337779390e-01,9.998932393337782720e-01,9.998932411850857127e-01,9.998932412338599196e-01,9.998932412381823509e-01,9.998932412389455182e-01,9.998932412391295932e-01,9.998932412391503544e-01,9.998932412390306723e-01,9.998932412384471391e-01,9.998932412348300325e-01,9.998932411902687889e-01,9.998932395681291441e-01,9.999999999999997780e-01,9.998932395150263996e-01,9.998932392850884421e-01,9.998932392850030659e-01,9.998932411363108397e-01,9.998932411850858237e-01,9.998932411894095873e-01,9.998932411901759743e-01,9.998932411903688200e-01,9.998932411904154494e-01,9.998932411903893591e-01,9.998932411902401451e-01,9.998932411896097605e-01,9.998932411858553193e-01,9.998932411407239762e-01,9.998932395150263996e-01,9.999999999999997780e-01,9.998932376148763623e-01,9.998932374336949591e-01,9.998932392850030659e-01,9.998932393337781610e-01,9.998932393381025907e-01,9.998932393388704210e-01,9.998932393390667084e-01,9.998932393391219975e-01,9.998932393391219975e-01,9.998932393390663753e-01,9.998932393388701989e-01,9.998932393381024797e-01,9.998932393337779390e-01,9.998932392850884421e-01,9.998932376148763623e-01,9.999999999999997780e-01
9.999999999999974465e-01,9.998331972983580673e-01,9.998332013752648795e-01,9.998332014940548573e-01,9.998332015046074162e-01,9.998332015064808065e-01,9.998332015069599787e-01,9.998332015070957590e-01,9.998332015070957590e-01,9.998332015069599787e-01,9.998332015064811396e-01,9.998332015046079713e-01,9.998332014940571888e-01,9.998332013750832470e-01,9.998331968561806615e-01,9.998331972983580673e-01,9.999999999999974465e-01,9.998332019364887246e-01,9.998332059047285725e-01,9.998332060148354961e-01,9.998332060239960573e-01,9.998332060255348264e-01,9.998332060258989795e-01,9.998332060259625953e-01,9.998332060258480203e-01,9.998332060253773967e-01,9.998332060235075591e-01,9.998332060129584420e-01,9.998332058939851663e-01,9.998332013750831360e-01,9.998332013752648795e-01,9.998332019364887246e-01,9.999999999999974465e-01,9.998332020660236630e-01,9.998332060255802345e-01,9.998332061342958266e-01,9.998332061431218776e-01,9.998332061445458496e-01,9.998332061448378383e-01,9.998332061447867680e-01,9.998332061443374608e-01,9.998332061424757278e-01,9.998332061319298303e-01,9.998332060129584420e-01,9.998332014940570778e-01,9.998332014940548573e-01,9.998332059047285725e-01,9.998332020660236630e-01,9.999999999999974465e-01,9.998332020784531649e-01,9.998332060366182938e-01,9.998332061449990427e-01,9.998332061537104076e-01,9.998332061550622152e-01,9.998332061552395178e-01,9.998332061548538263e-01,9.998332061530131876e-01,9.998332061424756168e-01,9.998332060235074481e-01,9.998332015046077492e-01,9.998332015046074162e-01,9.998332060148354961e-01,9.998332060255802345e-01,9.998332020784531649e-01,9.999999999999974465e-01,9.998332020808154974e-01,9.998332060386456721e-01,9.998332061469118459e-01,9.998332061555509354e-01,9.998332061567881679e-01,9.998332061566306272e-01,9.998332061548538263e-01,9.998332061443374608e-01,9.998332060253772857e-01,9.998332015064810285e-01,9.998332015064808065e-01,9.998332060239960573e-01,9.998332061342958266e-01,9.998332060366182938e-01,9.998332020808154974e-01,9.999999999999974465e-01,9.998332020814518772e-01,9.998332060391673659e-01,9.998332061473612642e-01,9.998332061558856676e-01,9.998332061567880569e-01,9.998332061552396288e-01,9.998332061447866570e-01,9.998332060258479093e-01,9.998332015069597567e-01,9.998332015069599787e-01,9.998332060255348264e-01,9.998332061431218776e-01,9.998332061449990427e-01,9.998332060386456721e-01,9.998332020814518772e-01,9.999999999999974465e-01,9.998332020816387278e-01,9.998332060392820519e-01,9.998332061473612642e-01,9.998332061555509354e-01,9.998332061550623262e-01,9.998332061448379493e-01,9.998332060259625953e-01,9.998332015070956480e-01,9.998332015070957590e-01,9.998332060258989795e-01,9.998332061445458496e-01,9.998332061537104076e-01,9.998332061469118459e-01,9.998332060391673659e-01,9.998332020816387278e-01,9.999999999999974465e-01,9.998332020816387278e-01,9.998332060391674769e-01,9.998332061469118459e-01,9.998332061537105186e-01,9.998332061445459606e-01,9.998332060258990905e-01,9.998332015070956480e-01,9.998332015070957590e-01,9.998332060259625953e-01,9.998332061448378383e-01,9.998332061550622152e-01,9.998332061555509354e-01,9.998332061473612642e-01,9.998332060392820519e-01,9.998332020816387278e-01,9.999999999999974465e-01,9.998332020814518772e-01,9.998332060386457831e-01,9.998332061449992647e-01,9.998332061431219886e-01,9.998332060255349374e-01,9.998332015069598677e-01,9.998332015069599787e-01,9.998332060258480203e-01,9.998332061447867680e-01,9.998332061552395178e-01,9.998332061567881679e-01,9.998332061558856676e-01,9.998332061473612642e-01,9.998332060391674769e-01,9.998332020814518772e-01,9.999999999999974465e-01,9.998332020808157194e-01,9.998332060366185159e-01,9.998332061342960486e-01,9.998332060239962793e-01,9.998332015064810285e-01,9.998332015064811396e-01,9.998332060253773967e-01,9.998332061443374608e-01,9.998332061548538263e-01,9.998332061566306272e-01,9.998332061567880569e-01,9.998332061555509354e-01,9.998332061469118459e-01,9.998332060386457831e-01,9.998332020808157194e-01,9.999999999999974465e-01,9.998332020784533869e-01,9.998332060255804565e-01,9.998332060148356071e-01,9.998332015046074162e-01,9.998332015046079713e-01,9.998332060235075591e-01,9.998332061424757278e-01,9.998332061530131876e-01,9.998332061548538263e-01,9.998332061552396288e-01,9.998332061550623262e-01,9.998332061537105186e-01,9.998332061449992647e-01,9.998332060366185159e-01,9.998332020784533869e-01,9.999999999999974465e-01,9.998332020660236630e-01,9.998332059047286835e-01,9.998332014940549684e-01,9.998332014940571888e-01,9.998332060129584420e-01,9.998332061319298303e-01,9.998332061424756168e-01,9.998332061443374608e-01,9.998332061447866570e-01,9.998332061448379493e-01,9.998332061445459606e-01,9.998332061431219886e-01,9.998332061342960486e-01,9.998332060255804565e-01,9.998332020660236630e-01,9.999999999999974465e-01,9.998332019364889467e-01,9.998332013752648795e-01,9.998332013750832470e-01,9.998332058939851663e-01,9.998332060129584420e-01,9.998332060235074481e-01,9.998332060253772857e-01,9.998332060258479093e-01,9.998332060259625953e-01,9.998332060258990905e-01,9.998332060255349374e-01,9.998332060239962793e-01,9.998332060148356071e-01,9.998332059047286835e-01,9.998332019364889467e-01,9.999999999999974465e-01,9.998331972983581784e-01,9.998331968561806615e-01,9.998332013750831360e-01,9.998332014940570778e-01,9.998332015046077492e-01,9.998332015064810285e-01,9.998332015069597567e-01,9.998332015070956480e-01,9.998332015070956480e-01,9.998332015069598677e-01,9.998332015064810285e-01,9.998332015046074162e-01,9.998332014940549684e-01,9.998332013752648795e-01,9.998331972983581784e-01,9.999999999999974465e-01
1.000000000000004219e+00,9.997598279088025786e-01,9.997598363607520522e-01,9.997598366068715103e-01,9.997598366287387961e-01,9.997598366326218011e-01,9.997598366336142295e-01,9.997598366338956710e-01,9.997598366338956710e-01,9.997598366336142295e-01,9.997598366326220232e-01,9.997598366287399063e-01,9.997598366068792819e-01,9.997598363604437433e-01,9.997598269923083647e-01,9.997598279088025786e-01,1.000000000000004219e+00,9.997598375241315560e-01,9.997598457507773650e-01,9.997598459788992198e-01,9.997598459978820351e-01,9.997598460010705956e-01,9.997598460018254363e-01,9.997598460019572197e-01,9.997598460017197430e-01,9.997598460007443011e-01,9.997598459968695117e-01,9.997598459750121069e-01,9.997598457285780116e-01,9.997598363604435212e-01,9.997598363607520522e-01,9.997598375241315560e-01,1.000000000000004219e+00,9.997598377924550306e-01,9.997598460011049015e-01,9.997598462263433960e-01,9.997598462446320999e-01,9.997598462475832948e-01,9.997598462481884773e-01,9.997598462480827841e-01,9.997598462471513070e-01,9.997598462432931710e-01,9.997598462214429826e-01,9.997598459750122180e-01,9.997598366068793929e-01,9.997598366068715103e-01,9.997598457507773650e-01,9.997598377924550306e-01,1.000000000000004219e+00,9.997598378182104284e-01,9.997598460239754958e-01,9.997598462485197679e-01,9.997598462665711061e-01,9.997598462693727539e-01,9.997598462697403487e-01,9.997598462689406551e-01,9.997598462651264839e-01,9.997598462432931710e-01,9.997598459968694007e-01,9.997598366287399063e-01,9.997598366287387961e-01,9.997598459788992198e-01,9.997598460011049015e-01,9.997598378182104284e-01,1.000000000000004219e+00,9.997598378231059568e-01,9.997598460281769128e-01,9.997598462524839302e-01,9.997598462703854993e-01,9.997598462729495594e-01,9.997598462726232649e-01,9.997598462689407661e-01,9.997598462471514180e-01,9.997598460007446342e-01,9.997598366326220232e-01,9.997598366326218011e-01,9.997598459978820351e-01,9.997598462263433960e-01,9.997598460239754958e-01,9.997598378231059568e-01,1.000000000000004219e+00,9.997598378244245687e-01,9.997598460292578260e-01,9.997598462534151853e-01,9.997598462710792777e-01,9.997598462729493374e-01,9.997598462697403487e-01,9.997598462480827841e-01,9.997598460017198541e-01,9.997598366336142295e-01,9.997598366336142295e-01,9.997598460010705956e-01,9.997598462446320999e-01,9.997598462485197679e-01,9.997598460281769128e-01,9.997598378244245687e-01,1.000000000000004219e+00,9.997598378248119255e-01,9.997598460294955247e-01,9.997598462534152963e-01,9.997598462703854993e-01,9.997598462693727539e-01,9.997598462481885884e-01,9.997598460019573308e-01,9.997598366338958931e-01,9.997598366338956710e-01,9.997598460018254363e-01,9.997598462475832948e-01,9.997598462665711061e-01,9.997598462524839302e-01,9.997598460292578260e-01,9.997598378248119255e-01,1.000000000000004219e+00,9.997598378248120365e-01,9.997598460292580480e-01,9.997598462524839302e-01,9.997598462665712171e-01,9.997598462475834058e-01,9.997598460018255473e-01,9.997598366338958931e-01,9.997598366338956710e-01,9.997598460019572197e-01,9.997598462481884773e-01,9.997598462693727539e-01,9.997598462703854993e-01,9.997598462534151853e-01,9.997598460294955247e-01,9.997598378248120365e-01,1.000000000000004219e+00,9.997598378244246797e-01,9.997598460281769128e-01,9.997598462485198789e-01,9.997598462446320999e-01,9.997598460010707067e-01,9.997598366336143405e-01,9.997598366336142295e-01,9.997598460017197430e-01,9.997598462480827841e-01,9.997598462697403487e-01,9.997598462729495594e-01,9.997598462710792777e-01,9.997598462534152963e-01,9.997598460292580480e-01,9.997598378244246797e-01,1.000000000000004219e+00,9.997598378231060678e-01,9.997598460239753848e-01,9.997598462263433960e-01,9.997598459978820351e-01,9.997598366326219121e-01,9.997598366326220232e-01,9.997598460007443011e-01,9.997598462471513070e-01,9.997598462689406551e-01,9.997598462726232649e-01,9.997598462729493374e-01,9.997598462703854993e-01,9.997598462524839302e-01,9.997598460281769128e-01,9.997598378231060678e-01,1.000000000000004219e+00,9.997598378182102064e-01,9.997598460011047905e-01,9.997598459788992198e-01,9.997598366287389071e-01,9.997598366287399063e-01,9.997598459968695117e-01,9.997598462432931710e-01,9.997598462651264839e-01,9.997598462689407661e-01,9.997598462697403487e-01,9.997598462693727539e-01,9.997598462665712171e-01,9.997598462485198789e-01,9.997598460239753848e-01,9.997598378182102064e-01,1.000000000000004219e+00,9.997598377924550306e-01,9.997598457507774761e-01,9.997598366068715103e-01,9.997598366068792819e-01,9.997598459750121069e-01,9.997598462214429826e-01,9.997598462432931710e-01,9.997598462471514180e-01,9.997598462480827841e-01,9.997598462481885884e-01,9.997598462475834058e-01,9.997598462446320999e-01,9.997598462263433960e-01,9.997598460011047905e-01,9.997598377924550306e-01,1.000000000000004219e+00,9.997598375241317781e-01,9.997598363607521632e-01,9.997598363604437433e-01,9.997598457285780116e-01,9.997598459750122180e-01,9.997598459968694007e-01,9.997598460007446342e-01,9.997598460017198541e-01,9.997598460019573308e-01,9.997598460018255473e-01,9.997598460010707067e-01,9.997598459978820351e-01,9.997598459788992198e-01,9.997598457507774761e-01,9.997598375241317781e-01,1.000000000000004219e+00,9.997598279088026896e-01,9.997598269923083647e-01,9.997598363604435212e-01,9.997598366068793929e-01,9.997598366287399063e-01,9.997598366326220232e-01,9.997598366336142295e-01,9.997598366338958931e-01,9.997598366338958931e-01,9.997598366336143405e-01,9.997598366326219121e-01,9.997598366287389071e-01,9.997598366068715103e-01,9.997598363607521632e-01,9.997598279088026896e-01,1.000000000000004219e+00
