1.000000000000000444e+00,9.518471257098848337e-01,9.522981681227700168e-01,9.523227694505371765e-01,9.523251641329850692e-01,9.523227694527657272e-01,9.522981681224134132e-01,9.518471257081621006e-01,9.518471257098848337e-01,1.000000000000000444e+00,9.518471257104712535e-01,9.522981681253563924e-01,9.523227694549841749e-01,9.523251641373151610e-01,9.523227694541730459e-01,9.522981681270499266e-01,9.522981681227700168e-01,9.518471257104712535e-01,1.000000000000000444e+00,9.518471257069879288e-01,9.522981681238315010e-01,9.523227694533291654e-01,9.523251641327210582e-01,9.523227694528182408e-01,9.523227694505371765e-01,9.522981681253563924e-01,9.518471257069879288e-01,1.000000000000000444e+00,9.518471257075493686e-01,9.522981681241864393e-01,9.523227694507301333e-01,9.523251641333809747e-01,9.523251641329850692e-01,9.523227694549841749e-01,9.522981681238315010e-01,9.518471257075493686e-01,1.000000000000000444e+00,9.518471257098014560e-01,9.522981681235244134e-01,9.523227694533077381e-01,9.523227694527657272e-01,9.523251641373151610e-01,9.523227694533291654e-01,9.522981681241864393e-01,9.518471257098014560e-01,1.000000000000000444e+00,9.518471257089761162e-01,9.522981681259408138e-01,9.522981681224134132e-01,9.523227694541730459e-01,9.523251641327210582e-01,9.523227694507301333e-01,9.522981681235244134e-01,9.518471257089761162e-01,1.000000000000000444e+00,9.518471257084627490e-01,9.518471257081621006e-01,9.522981681270499266e-01,9.523227694528182408e-01,9.523251641333809747e-01,9.523227694533077381e-01,9.522981681259408138e-01,9.518471257084627490e-01,1.000000000000000444e+00
1.000000000000002220e+00,9.516726898465561746e-01,9.521271884734590074e-01,9.521519916094544067e-01,9.521544053858361778e-01,9.521519916117381355e-01,9.521271884730945212e-01,9.516726898447893657e-01,9.516726898465561746e-01,1.000000000000002220e+00,9.516726898471590257e-01,9.521271884761104420e-01,9.521519916140113171e-01,9.521544053902769589e-01,9.521519916131833128e-01,9.521271884778456096e-01,9.521271884734590074e-01,9.516726898471590257e-01,1.000000000000002220e+00,9.516726898435884374e-01,9.521271884745465819e-01,9.521519916123171168e-01,9.521544053855703904e-01,9.521519916117930915e-01,9.521519916094544067e-01,9.521271884761104420e-01,9.516726898435884374e-01,1.000000000000002220e+00,9.516726898441617566e-01,9.521271884749111791e-01,9.521519916096541358e-01,9.521544053862439627e-01,9.521544053858361778e-01,9.521519916140113171e-01,9.521271884745465819e-01,9.516726898441617566e-01,1.000000000000002220e+00,9.516726898464693551e-01,9.521271884742327218e-01,9.521519916122922478e-01,9.521519916117381355e-01,9.521544053902769589e-01,9.521519916123171168e-01,9.521271884749111791e-01,9.516726898464693551e-01,1.000000000000002220e+00,9.516726898456266959e-01,9.521271884767079641e-01,9.521271884730945212e-01,9.521519916131833128e-01,9.521544053855703904e-01,9.521519916096541358e-01,9.521271884742327218e-01,9.516726898456266959e-01,1.000000000000002220e+00,9.516726898451003391e-01,9.516726898447893657e-01,9.521271884778456096e-01,9.521519916117930915e-01,9.521544053862439627e-01,9.521519916122922478e-01,9.521271884767079641e-01,9.516726898451003391e-01,1.000000000000002220e+00
1.000000000000000666e+00,9.514973423582570033e-01,9.519553289516342609e-01,9.519803358124219184e-01,9.519827688548707645e-01,9.519803358147621575e-01,9.519553289512616701e-01,9.514973423564451194e-01,9.514973423582570033e-01,1.000000000000000666e+00,9.514973423588769519e-01,9.519553289543518648e-01,9.519803358170917384e-01,9.519827688594242332e-01,9.519803358162460816e-01,9.519553289561294429e-01,9.519553289516342609e-01,9.514973423588769519e-01,1.000000000000000666e+00,9.514973423552175458e-01,9.519553289527495910e-01,9.519803358153577921e-01,9.519827688546033118e-01,9.519803358148200001e-01,9.519803358124219184e-01,9.519553289543518648e-01,9.514973423552175458e-01,1.000000000000000666e+00,9.514973423558034105e-01,9.519553289531229590e-01,9.519803358126290860e-01,9.519827688552900957e-01,9.519827688548707645e-01,9.519803358170917384e-01,9.519553289527495910e-01,9.514973423558034105e-01,1.000000000000000666e+00,9.514973423581680745e-01,9.519553289524282924e-01,9.519803358153291484e-01,9.519803358147621575e-01,9.519827688594242332e-01,9.519803358153577921e-01,9.519553289531229590e-01,9.514973423581680745e-01,1.000000000000000666e+00,9.514973423573074296e-01,9.519553289549634867e-01,9.519553289512616701e-01,9.519803358162460816e-01,9.519827688546033118e-01,9.519803358126290860e-01,9.519553289524282924e-01,9.514973423573074296e-01,1.000000000000000666e+00,9.514973423567670840e-01,9.514973423564451194e-01,9.519553289561294429e-01,9.519803358148200001e-01,9.519827688552900957e-01,9.519803358153291484e-01,9.519553289549634867e-01,9.514973423567670840e-01,1.000000000000000666e+00
1.000000000000002220e+00,9.513210771631639417e-01,9.517825838139809536e-01,9.518077963364587335e-01,9.518102488187751842e-01,9.518077963388571483e-01,9.517825838135998140e-01,9.513210771613059835e-01,9.513210771631639417e-01,1.000000000000002220e+00,9.513210771638018759e-01,9.517825838167663921e-01,9.518077963412443498e-01,9.518102488234448932e-01,9.518077963403807074e-01,9.517825838185878240e-01,9.517825838139809536e-01,9.513210771638018759e-01,1.000000000000002220e+00,9.513210771600510984e-01,9.517825838151242612e-01,9.518077963394699914e-01,9.518102488185060661e-01,9.518077963389175444e-01,9.518077963364587335e-01,9.517825838167663921e-01,9.513210771600510984e-01,1.000000000000002220e+00,9.513210771606497307e-01,9.517825838155075102e-01,9.518077963366733396e-01,9.518102488192067279e-01,9.518102488187751842e-01,9.518077963412443498e-01,9.517825838151242612e-01,9.513210771606497307e-01,1.000000000000002220e+00,9.513210771630729035e-01,9.517825838147957462e-01,9.518077963394370178e-01,9.518077963388571483e-01,9.518102488234448932e-01,9.518077963394699914e-01,9.517825838155075102e-01,9.513210771630729035e-01,1.000000000000002220e+00,9.513210771621939399e-01,9.517825838173926689e-01,9.517825838135998140e-01,9.518077963403807074e-01,9.518102488185060661e-01,9.518077963366733396e-01,9.517825838147957462e-01,9.513210771621939399e-01,1.000000000000002220e+00,9.513210771616391614e-01,9.513210771613059835e-01,9.517825838185878240e-01,9.518077963389175444e-01,9.518102488192067279e-01,9.518077963394370178e-01,9.517825838173926689e-01,9.513210771616391614e-01,1.000000000000002220e+00
9.999999999999997780e-01,9.511438881312282989e-01,9.516089472730440146e-01,9.516343674146748866e-01,9.516368395123463442e-01,9.516343674171328093e-01,9.516089472726542153e-01,9.511438881293236003e-01,9.511438881312282989e-01,9.999999999999997780e-01,9.511438881318849958e-01,9.516089472758975099e-01,9.516343674195810731e-01,9.516368395171329597e-01,9.516343674186987789e-01,9.516089472777655711e-01,9.516089472730440146e-01,9.511438881318849958e-01,9.999999999999997780e-01,9.511438881280391833e-01,9.516089472742166322e-01,9.516343674177635270e-01,9.516368395120760049e-01,9.516343674171987566e-01,9.516343674146748866e-01,9.516089472758975099e-01,9.511438881280391833e-01,9.999999999999997780e-01,9.511438881286504721e-01,9.516089472746057654e-01,9.516343674148977083e-01,9.516368395127893232e-01,9.516368395123463442e-01,9.516343674195810731e-01,9.516089472742166322e-01,9.511438881286504721e-01,9.999999999999997780e-01,9.511438881311332638e-01,9.516089472738801236e-01,9.516343674177283329e-01,9.516343674171328093e-01,9.516368395171329597e-01,9.516343674177635270e-01,9.516089472746057654e-01,9.511438881311332638e-01,9.999999999999997780e-01,9.511438881302356485e-01,9.516089472765387747e-01,9.516089472726542153e-01,9.516343674186987789e-01,9.516368395120760049e-01,9.516343674148977083e-01,9.516089472738801236e-01,9.511438881302356485e-01,9.999999999999997780e-01,9.511438881296685466e-01,9.511438881293236003e-01,9.516089472777655711e-01,9.516343674171987566e-01,9.516368395127893232e-01,9.516343674177283329e-01,9.516089472765387747e-01,9.511438881296685466e-01,9.999999999999997780e-01
1.000000000000002887e+00,9.509657690837755029e-01,9.514344134968817368e-01,9.514600432359351379e-01,9.514625351261457586e-01,9.514600432384542339e-01,9.514344134964830557e-01,9.509657690818216214e-01,9.509657690837755029e-01,1.000000000000002887e+00,9.509657690844510736e-01,9.514344134998079516e-01,9.514600432409631159e-01,9.514625351310554979e-01,9.514600432400621699e-01,9.514344135017210879e-01,9.514344134968817368e-01,9.509657690844510736e-01,1.000000000000002887e+00,9.509657690805091157e-01,9.514344134980839973e-01,9.514600432391030482e-01,9.514625351258740871e-01,9.514600432385227347e-01,9.514600432359351379e-01,9.514344134998079516e-01,9.509657690805091157e-01,1.000000000000002887e+00,9.509657690811339492e-01,9.514344134984842327e-01,9.514600432361661753e-01,9.514625351266021713e-01,9.514625351261457586e-01,9.514600432409631159e-01,9.514344134980839973e-01,9.509657690811339492e-01,1.000000000000002887e+00,9.509657690836782473e-01,9.514344134977399392e-01,9.514600432390631912e-01,9.514600432384542339e-01,9.514625351310554979e-01,9.514600432391030482e-01,9.514344134984842327e-01,9.509657690836782473e-01,1.000000000000002887e+00,9.509657690827613141e-01,9.514344135004635383e-01,9.514344134964830557e-01,9.514600432400621699e-01,9.514625351258740871e-01,9.514600432361661753e-01,9.514344134977399392e-01,9.509657690827613141e-01,1.000000000000002887e+00,9.509657690821791132e-01,9.509657690818216214e-01,9.514344135017210879e-01,9.514600432385227347e-01,9.514625351266021713e-01,9.514600432390631912e-01,9.514344135004635383e-01,9.509657690821791132e-01,1.000000000000002887e+00
9.999999999999990008e-01,9.507867137930291479e-01,9.512589766086475551e-01,9.512848179444303165e-01,9.512873298060853244e-01,9.512848179470122512e-01,9.512589766082398812e-01,9.507867137910254174e-01,9.507867137930291479e-01,9.999999999999990008e-01,9.507867137937240365e-01,9.512589766116461565e-01,9.512848179495841938e-01,9.512873298111195197e-01,9.512848179486643740e-01,9.512589766136080316e-01,9.512589766086475551e-01,9.507867137937240365e-01,9.999999999999990008e-01,9.507867137896822696e-01,9.512589766098802357e-01,9.512848179476796062e-01,9.512873298058125426e-01,9.512848179470853038e-01,9.512848179444303165e-01,9.512589766116461565e-01,9.507867137896822696e-01,9.999999999999990008e-01,9.507867137903203147e-01,9.512589766102886868e-01,9.512848179446695696e-01,9.512873298065541716e-01,9.512873298060853244e-01,9.512848179495841938e-01,9.512589766098802357e-01,9.507867137903203147e-01,9.999999999999990008e-01,9.507867137929280066e-01,9.512589766095284061e-01,9.512848179476363075e-01,9.512848179470122512e-01,9.512873298111195197e-01,9.512848179476796062e-01,9.512589766102886868e-01,9.507867137929280066e-01,9.999999999999990008e-01,9.507867137919917555e-01,9.512589766123176194e-01,9.512589766082398812e-01,9.512848179486643740e-01,9.512873298058125426e-01,9.512848179446695696e-01,9.512589766095284061e-01,9.507867137919917555e-01,9.999999999999990008e-01,9.507867137913952327e-01,9.507867137910254174e-01,9.512589766136080316e-01,9.512848179470853038e-01,9.512873298065541716e-01,9.512848179476363075e-01,9.512589766123176194e-01,9.507867137913952327e-01,9.999999999999990008e-01
1.000000000000002442e+00,9.506067159817228607e-01,9.510826306862556478e-01,9.511086856393589084e-01,9.511112176530956974e-01,9.511086856420053470e-01,9.510826306858387591e-01,9.506067159796683930e-01,9.506067159817228607e-01,1.000000000000002442e+00,9.506067159824378443e-01,9.510826306893287452e-01,9.511086856446417936e-01,9.511112176582582345e-01,9.511086856437023229e-01,9.510826306913400252e-01,9.510826306862556478e-01,9.506067159824378443e-01,1.000000000000002442e+00,9.506067159782941589e-01,9.510826306875193037e-01,9.511086856426916869e-01,9.511112176528218054e-01,9.511086856420826185e-01,9.511086856393589084e-01,9.510826306893287452e-01,9.506067159782941589e-01,1.000000000000002442e+00,9.506067159789458598e-01,9.510826306879369696e-01,9.511086856396068212e-01,9.511112176535779783e-01,9.511112176530956974e-01,9.511086856446417936e-01,9.510826306875193037e-01,9.506067159789458598e-01,1.000000000000002442e+00,9.506067159816184997e-01,9.510826306871590363e-01,9.511086856426442804e-01,9.511086856420053470e-01,9.511112176582582345e-01,9.511086856426916869e-01,9.510826306879369696e-01,9.506067159816184997e-01,1.000000000000002442e+00,9.506067159806620426e-01,9.510826306900163063e-01,9.510826306858387591e-01,9.511086856437023229e-01,9.511112176528218054e-01,9.511086856396068212e-01,9.510826306871590363e-01,9.506067159806620426e-01,1.000000000000002442e+00,9.506067159800509758e-01,9.506067159796683930e-01,9.510826306913400252e-01,9.511086856420826185e-01,9.511112176535779783e-01,9.511086856426442804e-01,9.510826306900163063e-01,9.506067159800509758e-01,1.000000000000002442e+00
9.999999999999985567e-01,9.504257693226016990e-01,9.509053697619396228e-01,9.509316403744807467e-01,9.509341927226885316e-01,9.509316403771933546e-01,9.509053697615131862e-01,9.504257693204946067e-01,9.504257693226016990e-01,9.999999999999985567e-01,9.504257693233374438e-01,9.509053697650893255e-01,9.509316403798967476e-01,9.509341927279822970e-01,9.509316403789371819e-01,9.509053697671514538e-01,9.509053697619396228e-01,9.504257693233374438e-01,9.999999999999985567e-01,9.504257693190888423e-01,9.509053697632359192e-01,9.509316403778995674e-01,9.509341927224136404e-01,9.509316403772755111e-01,9.509316403744807467e-01,9.509053697650893255e-01,9.504257693190888423e-01,9.999999999999985567e-01,9.504257693197548651e-01,9.509053697636621338e-01,9.509316403747378743e-01,9.509341927231841352e-01,9.509341927226885316e-01,9.509316403798967476e-01,9.509053697632359192e-01,9.504257693197548651e-01,9.999999999999985567e-01,9.504257693224940073e-01,9.509053697628673252e-01,9.509316403778487192e-01,9.509316403771933546e-01,9.509341927279822970e-01,9.509316403778995674e-01,9.509053697636621338e-01,9.504257693224940073e-01,9.999999999999985567e-01,9.504257693215169001e-01,9.509053697657933180e-01,9.509053697615131862e-01,9.509316403789371819e-01,9.509341927224136404e-01,9.509316403747378743e-01,9.509053697628673252e-01,9.504257693215169001e-01,9.999999999999985567e-01,9.504257693208908453e-01,9.504257693204946067e-01,9.509053697671514538e-01,9.509316403772755111e-01,9.509341927231841352e-01,9.509316403778487192e-01,9.509053697657933180e-01,9.504257693208908453e-01,9.999999999999985567e-01
1.000000000000001998e+00,9.502438674380289108e-01,9.507271878219188954e-01,9.507536761577908280e-01,9.507562490246240783e-01,9.507536761605714926e-01,9.507271878214826888e-01,9.502438674358674175e-01,9.502438674380289108e-01,1.000000000000001998e+00,9.502438674387864159e-01,9.507271878251492003e-01,9.507536761633421651e-01,9.507562490300550673e-01,9.507536761623622823e-01,9.507271878272619547e-01,9.507271878219188954e-01,9.502438674387864159e-01,1.000000000000001998e+00,9.502438674344309000e-01,9.507271878232484985e-01,9.507536761612983556e-01,9.507562490243486319e-01,9.507536761606570908e-01,9.507536761577908280e-01,9.507271878251492003e-01,9.502438674344309000e-01,1.000000000000001998e+00,9.502438674351114667e-01,9.507271878236865925e-01,9.507536761580575035e-01,9.507562490251351139e-01,9.507562490246240783e-01,9.507536761633421651e-01,9.507271878232484985e-01,9.502438674351114667e-01,1.000000000000001998e+00,9.502438674379189987e-01,9.507271878228714668e-01,9.507536761612415122e-01,9.507536761605714926e-01,9.507562490300550673e-01,9.507536761612983556e-01,9.507271878236865925e-01,9.502438674379189987e-01,1.000000000000001998e+00,9.502438674369211302e-01,9.507271878258697351e-01,9.507271878214826888e-01,9.507536761623622823e-01,9.507562490243486319e-01,9.507536761580575035e-01,9.507271878228714668e-01,9.502438674369211302e-01,1.000000000000001998e+00,9.502438674362776450e-01,9.502438674358674175e-01,9.507271878272619547e-01,9.507536761606570908e-01,9.507562490251351139e-01,9.507536761612415122e-01,9.507271878258697351e-01,9.502438674362776450e-01,1.000000000000001998e+00
1.000000000000000444e+00,9.500610038994833362e-01,9.505480788059538222e-01,9.505747869510704495e-01,9.505773805224716488e-01,9.505747869539208361e-01,9.505480788055074015e-01,9.500610038972661098e-01,9.500610038994833362e-01,1.000000000000000444e+00,9.500610039002627127e-01,9.505480788092648403e-01,9.505747869567617858e-01,9.505773805280416378e-01,9.505747869557610308e-01,9.505480788114312185e-01,9.505480788059538222e-01,9.500610039002627127e-01,1.000000000000000444e+00,9.500610038957963965e-01,9.505480788073170650e-01,9.505747869546687934e-01,9.505773805221957584e-01,9.505747869540118744e-01,9.505747869510704495e-01,9.505480788092648403e-01,9.500610038957963965e-01,1.000000000000000444e+00,9.500610038964912851e-01,9.505480788077647070e-01,9.505747869513465620e-01,9.505773805229970064e-01,9.505773805224716488e-01,9.505747869567617858e-01,9.505480788073170650e-01,9.500610038964912851e-01,1.000000000000000444e+00,9.500610038993687612e-01,9.505480788069310405e-01,9.505747869546073980e-01,9.505747869539208361e-01,9.505773805280416378e-01,9.505747869546687934e-01,9.505480788077647070e-01,9.500610038993687612e-01,1.000000000000000444e+00,9.500610038983499095e-01,9.505480788100023615e-01,9.505480788055074015e-01,9.505747869557610308e-01,9.505773805221957584e-01,9.505747869513465620e-01,9.505480788069310405e-01,9.500610038983499095e-01,1.000000000000000444e+00,9.500610038976907701e-01,9.500610038972661098e-01,9.505480788114312185e-01,9.505747869540118744e-01,9.505773805229970064e-01,9.505747869546073980e-01,9.505480788100023615e-01,9.500610038976907701e-01,1.000000000000000444e+00
9.999999999999980016e-01,9.498771722271418527e-01,9.503680366069878760e-01,9.503949666695424847e-01,9.503975811332541213e-01,9.503949666724643697e-01,9.503680366065316854e-01,9.498771722248678939e-01,9.498771722271418527e-01,9.999999999999980016e-01,9.498771722279435448e-01,9.503680366103822719e-01,9.503949666753769288e-01,9.503975811389669959e-01,9.503949666743551905e-01,9.503680366126034951e-01,9.503680366069878760e-01,9.498771722279435448e-01,9.999999999999980016e-01,9.498771722233638748e-01,9.503680366083859798e-01,9.503949666732337542e-01,9.503975811329774537e-01,9.503949666725599599e-01,9.503949666695424847e-01,9.503680366103822719e-01,9.498771722233638748e-01,9.999999999999980016e-01,9.498771722240738624e-01,9.503680366088438358e-01,9.503949666698287002e-01,9.503975811337945778e-01,9.503975811332541213e-01,9.503949666753769288e-01,9.503680366083859798e-01,9.498771722240738624e-01,9.999999999999980016e-01,9.498771722270236140e-01,9.503680366079909625e-01,9.503949666731675849e-01,9.503949666724643697e-01,9.503975811389669959e-01,9.503949666732337542e-01,9.503680366088438358e-01,9.498771722270236140e-01,9.999999999999980016e-01,9.498771722259827799e-01,9.503680366111374456e-01,9.503680366065316854e-01,9.503949666743551905e-01,9.503975811329774537e-01,9.503949666698287002e-01,9.503680366079909625e-01,9.498771722259827799e-01,9.999999999999980016e-01,9.498771722253070982e-01,9.498771722248678939e-01,9.503680366126034951e-01,9.503949666725599599e-01,9.503975811337945778e-01,9.503949666731675849e-01,9.503680366111374456e-01,9.498771722253070982e-01,9.999999999999980016e-01
9.999999999999980016e-01,9.496923658894053100e-01,9.501870550707347540e-01,9.502142091814526070e-01,9.502168447270364915e-01,9.502142091844483218e-01,9.501870550702679052e-01,9.496923658870725093e-01,9.496923658894053100e-01,9.999999999999980016e-01,9.496923658902305387e-01,9.501870550742146371e-01,9.502142091874343777e-01,9.502168447328969147e-01,9.502142091863906570e-01,9.501870550764917045e-01,9.501870550707347540e-01,9.496923658902305387e-01,9.999999999999980016e-01,9.496923658855346284e-01,9.501870550721687181e-01,9.502142091852402439e-01,9.502168447267598239e-01,9.502142091845489080e-01,9.502142091814526070e-01,9.501870550742146371e-01,9.496923658855346284e-01,9.999999999999980016e-01,9.496923658862600481e-01,9.501870550726376763e-01,9.502142091817492586e-01,9.502168447275928242e-01,9.502168447270364915e-01,9.502142091874343777e-01,9.501870550721687181e-01,9.496923658862600481e-01,9.999999999999980016e-01,9.496923658892837405e-01,9.501870550717643749e-01,9.502142091851683015e-01,9.502142091844483218e-01,9.502168447328969147e-01,9.502142091852402439e-01,9.501870550726376763e-01,9.496923658892837405e-01,9.999999999999980016e-01,9.496923658882203689e-01,9.501870550749879074e-01,9.501870550702679052e-01,9.502142091863906570e-01,9.502168447267598239e-01,9.502142091817492586e-01,9.501870550717643749e-01,9.496923658882203689e-01,9.999999999999980016e-01,9.496923658875272567e-01,9.496923658870725093e-01,9.501870550764917045e-01,9.502142091845489080e-01,9.502168447275928242e-01,9.502142091851683015e-01,9.501870550749879074e-01,9.496923658875272567e-01,9.999999999999980016e-01
9.999999999999997780e-01,9.495065783024267958e-01,9.500051279952663741e-01,9.500325083076662791e-01,9.500351651265204200e-01,9.500325083107373780e-01,9.500051279947887561e-01,9.495065783000332660e-01,9.495065783024267958e-01,9.999999999999997780e-01,9.495065783032763385e-01,9.500051279988354080e-01,9.500325083137991511e-01,9.500351651325330549e-01,9.500325083127330039e-01,9.500051280011692079e-01,9.500051279952663741e-01,9.495065783032763385e-01,9.999999999999997780e-01,9.495065782984610792e-01,9.500051279967374196e-01,9.500325083115525038e-01,9.500351651262436414e-01,9.500325083108426272e-01,9.500325083076662791e-01,9.500051279988354080e-01,9.495065782984610792e-01,9.999999999999997780e-01,9.495065782992022640e-01,9.500051279972185903e-01,9.500325083079736999e-01,9.500351651270932951e-01,9.500351651265204200e-01,9.500325083137991511e-01,9.500051279967374196e-01,9.495065782992022640e-01,9.999999999999997780e-01,9.495065783023018957e-01,9.500051279963236395e-01,9.500325083114744551e-01,9.500325083107373780e-01,9.500351651325330549e-01,9.500325083115525038e-01,9.500051279972185903e-01,9.495065783023018957e-01,9.999999999999997780e-01,9.495065783012158755e-01,9.500051279996267750e-01,9.500051279947887561e-01,9.500325083127330039e-01,9.500351651262436414e-01,9.500325083079736999e-01,9.500051279963236395e-01,9.495065783012158755e-01,9.999999999999997780e-01,9.495065783005040005e-01,9.495065783000332660e-01,9.500051280011692079e-01,9.500325083108426272e-01,9.500351651270932951e-01,9.500325083114744551e-01,9.500051279996267750e-01,9.495065783005040005e-01,9.999999999999997780e-01
9.999999999999990008e-01,9.493198028296441215e-01,9.498222491306110848e-01,9.498498578212640764e-01,9.498525361066421091e-01,9.498498578244130019e-01,9.498222491301226977e-01,9.493198028271889743e-01,9.493198028296441215e-01,9.999999999999990008e-01,9.493198028305187552e-01,9.498222491342702689e-01,9.498498578275526016e-01,9.498525361128098421e-01,9.498498578264636949e-01,9.498222491366634657e-01,9.498222491306110848e-01,9.493198028305187552e-01,9.999999999999990008e-01,9.493198028255805943e-01,9.498222491321205441e-01,9.498498578252518865e-01,9.498525361063655525e-01,9.498498578245241353e-01,9.498498578212640764e-01,9.498222491342702689e-01,9.493198028255805943e-01,9.999999999999990008e-01,9.493198028263379884e-01,9.498222491326122618e-01,9.498498578215829324e-01,9.498525361072316375e-01,9.498525361066421091e-01,9.498498578275526016e-01,9.498222491321205441e-01,9.493198028263379884e-01,9.999999999999990008e-01,9.493198028295156687e-01,9.498222491316968830e-01,9.498498578251682867e-01,9.498498578244130019e-01,9.498525361128098421e-01,9.498498578252518865e-01,9.498222491326122618e-01,9.493198028295156687e-01,9.999999999999990008e-01,9.493198028284064449e-01,9.498222491350810648e-01,9.498222491301226977e-01,9.498498578264636949e-01,9.498525361063655525e-01,9.498498578215829324e-01,9.498222491316968830e-01,9.493198028284064449e-01,9.999999999999990008e-01,9.493198028276764733e-01,9.493198028271889743e-01,9.498222491366634657e-01,9.498498578245241353e-01,9.498525361072316375e-01,9.498498578251682867e-01,9.498222491350810648e-01,9.493198028276764733e-01,9.999999999999990008e-01
9.999999999999975575e-01,9.491320327813187463e-01,9.496384121783516541e-01,9.496662514471493344e-01,9.496689513941755090e-01,9.496662514503777519e-01,9.496384121778521648e-01,9.491320327788002054e-01,9.491320327813187463e-01,9.999999999999975575e-01,9.491320327822191372e-01,9.496384121821035418e-01,9.496662514535976207e-01,9.496689514005030031e-01,9.496662514524857324e-01,9.496384121845579118e-01,9.496384121783516541e-01,9.491320327822191372e-01,9.999999999999975575e-01,9.491320327771544108e-01,9.496384121798999711e-01,9.496662514512415054e-01,9.496689513938995075e-01,9.496662514504952135e-01,9.496662514471493344e-01,9.496384121821035418e-01,9.491320327771544108e-01,9.999999999999975575e-01,9.491320327779281252e-01,9.496384121804026801e-01,9.496662514474798478e-01,9.496689513947822459e-01,9.496689513941755090e-01,9.496662514535976207e-01,9.496384121798999711e-01,9.491320327779281252e-01,9.999999999999975575e-01,9.491320327811857416e-01,9.496384121794663180e-01,9.496662514511520214e-01,9.496662514503777519e-01,9.496689514005030031e-01,9.496662514512415054e-01,9.496384121804026801e-01,9.491320327811857416e-01,9.999999999999975575e-01,9.491320327800525369e-01,9.496384121829334335e-01,9.496384121778521648e-01,9.496662514524857324e-01,9.496689513938995075e-01,9.496662514474798478e-01,9.496384121794663180e-01,9.491320327800525369e-01,9.999999999999975575e-01,9.491320327793046907e-01,9.491320327788002054e-01,9.496384121845579118e-01,9.496662514504952135e-01,9.496689513947822459e-01,9.496662514511520214e-01,9.496384121829334335e-01,9.491320327793046907e-01,9.999999999999975575e-01
1.000000000000000222e+00,9.489432614140488331e-01,9.494536107912056044e-01,9.494816828616282622e-01,9.494844046673167615e-01,9.494816828649386142e-01,9.494536107906947908e-01,9.489432614114645670e-01,9.489432614140488331e-01,1.000000000000000222e+00,9.489432614149755363e-01,9.494536107950529713e-01,9.494816828682404175e-01,9.494844046738081245e-01,9.494816828671045483e-01,9.494536107975695138e-01,9.494536107912056044e-01,9.489432614149755363e-01,1.000000000000000222e+00,9.489432614097813579e-01,9.494536107927943336e-01,9.494816828658274588e-01,9.494844046670408710e-01,9.494816828650615159e-01,9.494816828616282622e-01,9.494536107950529713e-01,9.489432614097813579e-01,1.000000000000000222e+00,9.489432614105718367e-01,9.494536107933089220e-01,9.494816828619706550e-01,9.494844046679409288e-01,9.494844046673167615e-01,9.494816828682404175e-01,9.494536107927943336e-01,9.489432614105718367e-01,1.000000000000000222e+00,9.489432614139117206e-01,9.494536107923503554e-01,9.494816828657315355e-01,9.494816828649386142e-01,9.494844046738081245e-01,9.494816828658274588e-01,9.494536107933089220e-01,9.489432614139117206e-01,1.000000000000000222e+00,9.489432614127543131e-01,9.494536107959029581e-01,9.494536107906947908e-01,9.494816828671045483e-01,9.494844046670408710e-01,9.494816828619706550e-01,9.494536107923503554e-01,9.489432614127543131e-01,1.000000000000000222e+00,9.489432614119868159e-01,9.489432614114645670e-01,9.494536107975695138e-01,9.494816828650615159e-01,9.494844046679409288e-01,9.494816828657315355e-01,9.494536107959029581e-01,9.489432614119868159e-01,1.000000000000000222e+00
1.000000000000001776e+00,9.487534819302758660e-01,9.492678385725968893e-01,9.492961456919830621e-01,9.492988895552556539e-01,9.492961456953776800e-01,9.492678385720741963e-01,9.487534819276246534e-01,9.487534819302758660e-01,1.000000000000001776e+00,9.487534819312301027e-01,9.492678385765421778e-01,9.492961456987636382e-01,9.492988895619157708e-01,9.492961456976035661e-01,9.492678385791228912e-01,9.492678385725968893e-01,9.487534819312301027e-01,1.000000000000001776e+00,9.487534819259028085e-01,9.492678385742269187e-01,9.492961456962925038e-01,9.492988895549805406e-01,9.492961456955069099e-01,9.492961456919830621e-01,9.492678385765421778e-01,9.487534819259028085e-01,1.000000000000001776e+00,9.487534819267103847e-01,9.492678385747534975e-01,9.492961456923378893e-01,9.492988895558980289e-01,9.492988895552556539e-01,9.492961456987636382e-01,9.492678385742269187e-01,9.487534819267103847e-01,1.000000000000001776e+00,9.487534819301349787e-01,9.492678385737723934e-01,9.492961456961900302e-01,9.492961456953776800e-01,9.492988895619157708e-01,9.492961456962925038e-01,9.492678385747534975e-01,9.487534819301349787e-01,1.000000000000001776e+00,9.487534819289523691e-01,9.492678385774127037e-01,9.492678385720741963e-01,9.492961456976035661e-01,9.492988895549805406e-01,9.492961456923378893e-01,9.492678385737723934e-01,9.487534819289523691e-01,1.000000000000001776e+00,9.487534819281652210e-01,9.487534819276246534e-01,9.492678385791228912e-01,9.492961456955069099e-01,9.492988895558980289e-01,9.492961456961900302e-01,9.492678385774127037e-01,9.487534819281652210e-01,1.000000000000001776e+00
9.999999999999983347e-01,9.485626874778082529e-01,9.490810890762428897e-01,9.491096335160663644e-01,9.491123996377700545e-01,9.491096335195471356e-01,9.490810890757083174e-01,9.485626874750880955e-01,9.485626874778082529e-01,9.999999999999983347e-01,9.485626874787902452e-01,9.490810890802888755e-01,9.491096335230194692e-01,9.491123996446036992e-01,9.491096335218345281e-01,9.490810890829356472e-01,9.490810890762428897e-01,9.485626874787902452e-01,9.999999999999983347e-01,9.485626874733262826e-01,9.490810890779149966e-01,9.491096335204888268e-01,9.491123996374960514e-01,9.491096335196830269e-01,9.491096335160663644e-01,9.490810890802888755e-01,9.485626874733262826e-01,9.999999999999983347e-01,9.485626874741512893e-01,9.490810890784544540e-01,9.491096335164340703e-01,9.491123996384319694e-01,9.491123996377700545e-01,9.491096335230194692e-01,9.490810890779149966e-01,9.485626874741512893e-01,9.999999999999983347e-01,9.485626874776622586e-01,9.490810890774500352e-01,9.491096335203795809e-01,9.491096335195471356e-01,9.491123996446036992e-01,9.491096335204888268e-01,9.490810890784544540e-01,9.485626874776622586e-01,9.999999999999983347e-01,9.485626874764546690e-01,9.490810890811806066e-01,9.490810890757083174e-01,9.491096335218345281e-01,9.491123996374960514e-01,9.491096335164340703e-01,9.490810890774500352e-01,9.485626874764546690e-01,9.999999999999983347e-01,9.485626874756475368e-01,9.485626874750880955e-01,9.490810890829356472e-01,9.491096335196830269e-01,9.491123996384319694e-01,9.491096335203795809e-01,9.490810890811806066e-01,9.485626874756475368e-01,9.999999999999983347e-01
9.999999999999998890e-01,9.483708711493428201e-01,9.488933558057467410e-01,9.489221398618929992e-01,9.489249284448191268e-01,9.489221398654625883e-01,9.488933558051998451e-01,9.483708711465513863e-01,9.483708711493428201e-01,9.999999999999998890e-01,9.483708711503542332e-01,9.488933558098968657e-01,9.489221398690236287e-01,9.489249284518318506e-01,9.489221398678135966e-01,9.488933558126108059e-01,9.488933558057467410e-01,9.483708711503542332e-01,9.999999999999998890e-01,9.483708711447498274e-01,9.488933558074630348e-01,9.489221398664322571e-01,9.489249284445466781e-01,9.489221398656048079e-01,9.489221398618929992e-01,9.488933558098968657e-01,9.483708711447498274e-01,9.999999999999998890e-01,9.483708711455928198e-01,9.488933558080158148e-01,9.489221398622741388e-01,9.489249284455008038e-01,9.489249284448191268e-01,9.489221398690236287e-01,9.488933558074630348e-01,9.483708711455928198e-01,9.999999999999998890e-01,9.483708711491928289e-01,9.488933558069866381e-01,9.489221398663149065e-01,9.489221398654625883e-01,9.489249284518318506e-01,9.489221398664322571e-01,9.488933558080158148e-01,9.483708711491928289e-01,9.999999999999998890e-01,9.483708711479592601e-01,9.488933558108099131e-01,9.488933558051998451e-01,9.489221398678135966e-01,9.489249284445466781e-01,9.489221398622741388e-01,9.488933558069866381e-01,9.483708711479592601e-01,9.999999999999998890e-01,9.483708711471305897e-01,9.483708711465513863e-01,9.488933558126108059e-01,9.489221398656048079e-01,9.489249284455008038e-01,9.489221398663149065e-01,9.488933558108099131e-01,9.483708711471305897e-01,9.999999999999998890e-01
9.999999999999998890e-01,9.481780259819321266e-01,9.487046322141307053e-01,9.487336582071773661e-01,9.487364694560809220e-01,9.487336582108378824e-01,9.487046322135712639e-01,9.481780259790684173e-01,9.481780259819321266e-01,9.999999999999998890e-01,9.481780259829731827e-01,9.487046322183857461e-01,9.487336582144905162e-01,9.487364694632755002e-01,9.487336582132548379e-01,9.487046322211702964e-01,9.487046322141307053e-01,9.481780259829731827e-01,9.999999999999998890e-01,9.481780259772238928e-01,9.487046322158912970e-01,9.487336582118358619e-01,9.487364694558098055e-01,9.487336582109883176e-01,9.487336582071773661e-01,9.487046322183857461e-01,9.481780259772238928e-01,9.999999999999998890e-01,9.481780259780847597e-01,9.487046322164552903e-01,9.487336582075718283e-01,9.487364694567820278e-01,9.487364694560809220e-01,9.487336582144905162e-01,9.487046322158912970e-01,9.481780259780847597e-01,9.999999999999998890e-01,9.481780259817763623e-01,9.487046322154036870e-01,9.487336582117120720e-01,9.487336582108378824e-01,9.487364694632755002e-01,9.487336582118358619e-01,9.487046322164552903e-01,9.481780259817763623e-01,9.999999999999998890e-01,9.481780259805163702e-01,9.487046322193212200e-01,9.487046322135712639e-01,9.487336582132548379e-01,9.487364694558098055e-01,9.487336582075718283e-01,9.487046322154036870e-01,9.481780259805163702e-01,9.999999999999998890e-01,9.481780259796677157e-01,9.481780259790684173e-01,9.487046322211702964e-01,9.487336582109883176e-01,9.487364694567820278e-01,9.487336582117120720e-01,9.487046322193212200e-01,9.481780259796677157e-01,9.999999999999998890e-01
9.999999999999997780e-01,9.479841449565167277e-01,9.485149117034362698e-01,9.485441819789417472e-01,9.485470161005559175e-01,9.485441819826959664e-01,9.485149117028637278e-01,9.479841449535777453e-01,9.479841449565167277e-01,9.999999999999997780e-01,9.479841449575890922e-01,9.485149117078014447e-01,9.485441819864419699e-01,9.485470161079398999e-01,9.485441819851797574e-01,9.485149117106564942e-01,9.485149117034362698e-01,9.479841449575890922e-01,9.999999999999997780e-01,9.479841449516919205e-01,9.485149117052431578e-01,9.485441819837235888e-01,9.485470161002869105e-01,9.485441819828531740e-01,9.485441819789417472e-01,9.485149117078014447e-01,9.479841449516919205e-01,9.999999999999997780e-01,9.479841449525712171e-01,9.485149117058214729e-01,9.485441819793507534e-01,9.485470161012784507e-01,9.485470161005559175e-01,9.485441819864419699e-01,9.485149117052431578e-01,9.479841449525712171e-01,9.999999999999997780e-01,9.479841449563569666e-01,9.485149117047436684e-01,9.485441819835910282e-01,9.485441819826959664e-01,9.485470161079398999e-01,9.485441819837235888e-01,9.485149117058214729e-01,9.479841449563569666e-01,9.999999999999997780e-01,9.479841449550697741e-01,9.485149117087592341e-01,9.485149117028637278e-01,9.485441819851797574e-01,9.485470161002869105e-01,9.485441819793507534e-01,9.485149117047436684e-01,9.479841449550697741e-01,9.999999999999997780e-01,9.479841449541981380e-01,9.479841449535777453e-01,9.485149117106564942e-01,9.485441819828531740e-01,9.485470161012784507e-01,9.485441819835910282e-01,9.485149117087592341e-01,9.479841449541981380e-01,9.999999999999997780e-01
9.999999999999987788e-01,9.477892209973960425e-01,9.483241876242681778e-01,9.483537045530546772e-01,9.483565617561144911e-01,9.483537045569047086e-01,9.483241876236825352e-01,9.477892209943801216e-01,9.477892209973960425e-01,9.999999999999987788e-01,9.477892209985000482e-01,9.483241876287451522e-01,9.483537045607477456e-01,9.483565617636916523e-01,9.483537045594584436e-01,9.483241876316741426e-01,9.483241876242681778e-01,9.477892209985000482e-01,9.999999999999987788e-01,9.477892209924501099e-01,9.483241876261225833e-01,9.483537045579630842e-01,9.483565617558474825e-01,9.483537045570702428e-01,9.483537045530546772e-01,9.483241876287451522e-01,9.477892209924501099e-01,9.999999999999987788e-01,9.477892209933488354e-01,9.483241876267139991e-01,9.483537045534783383e-01,9.483565617568582296e-01,9.483565617561144911e-01,9.483537045607477456e-01,9.483241876261225833e-01,9.477892209933488354e-01,9.999999999999987788e-01,9.477892209972309523e-01,9.483241876256112146e-01,9.483537045578226410e-01,9.483537045569047086e-01,9.483565617636916523e-01,9.483537045579630842e-01,9.483241876267139991e-01,9.477892209972309523e-01,9.999999999999987788e-01,9.477892209959157821e-01,9.483241876297263673e-01,9.483241876236825352e-01,9.483537045594584436e-01,9.483565617558474825e-01,9.483537045534783383e-01,9.483241876256112146e-01,9.477892209959157821e-01,9.999999999999987788e-01,9.477892209950222746e-01,9.477892209943801216e-01,9.483241876316741426e-01,9.483537045570702428e-01,9.483565617568582296e-01,9.483537045578226410e-01,9.483241876297263673e-01,9.477892209950222746e-01,9.999999999999987788e-01
9.999999999999980016e-01,9.475932469717317508e-01,9.481324532753677703e-01,9.481622192538152749e-01,9.481650997490729260e-01,9.481622192577640051e-01,9.481324532747688050e-01,9.475932469686368931e-01,9.475932469717317508e-01,9.999999999999980016e-01,9.475932469728689522e-01,9.481324532799596527e-01,9.481622192617062961e-01,9.481650997568488171e-01,9.481622192603894606e-01,9.481324532829643603e-01,9.481324532753677703e-01,9.475932469728689522e-01,9.999999999999980016e-01,9.475932469666623614e-01,9.481324532772711366e-01,9.481622192588538001e-01,9.481650997488085819e-01,9.481622192579380881e-01,9.481622192538152749e-01,9.481324532799596527e-01,9.475932469666623614e-01,9.999999999999980016e-01,9.475932469675805159e-01,9.481324532778760972e-01,9.481622192542547012e-01,9.481650997498388689e-01,9.481650997490729260e-01,9.481622192617062961e-01,9.481324532772711366e-01,9.475932469675805159e-01,9.999999999999980016e-01,9.475932469715616646e-01,9.481324532767475555e-01,9.481622192587051412e-01,9.481622192577640051e-01,9.481650997568488171e-01,9.481622192588538001e-01,9.481324532778760972e-01,9.475932469715616646e-01,9.999999999999980016e-01,9.475932469702182948e-01,9.481324532809649597e-01,9.481324532747688050e-01,9.481622192603894606e-01,9.481650997488085819e-01,9.481622192542547012e-01,9.481324532767475555e-01,9.475932469702182948e-01,9.999999999999980016e-01,9.475932469693019167e-01,9.475932469686368931e-01,9.481324532829643603e-01,9.481622192579380881e-01,9.481650997498388689e-01,9.481622192587051412e-01,9.481324532809649597e-01,9.475932469693019167e-01,9.999999999999980016e-01
9.999999999999995559e-01,9.473962156890247677e-01,9.479397019031602367e-01,9.479697193535014943e-01,9.479726233537454361e-01,9.479697193575519210e-01,9.479397019025475046e-01,9.473962156858481976e-01,9.473962156890247677e-01,9.999999999999995559e-01,9.473962156901957199e-01,9.479397019078712461e-01,9.479697193615952422e-01,9.479726233617270514e-01,9.479697193602506511e-01,9.479397019109533362e-01,9.479397019031602367e-01,9.473962156901957199e-01,9.999999999999995559e-01,9.473962156838282578e-01,9.479397019051136741e-01,9.479697193586739123e-01,9.479726233534838675e-01,9.479697193577336645e-01,9.479697193535014943e-01,9.479397019078712461e-01,9.473962156838282578e-01,9.999999999999995559e-01,9.473962156847660632e-01,9.479397019057340668e-01,9.479697193539563527e-01,9.479726233545346936e-01,9.479726233537454361e-01,9.479697193615952422e-01,9.479397019051136741e-01,9.473962156847660632e-01,9.999999999999995559e-01,9.473962156888491304e-01,9.479397019045774364e-01,9.479697193585154835e-01,9.479697193575519210e-01,9.479726233617270514e-01,9.479697193586739123e-01,9.479397019057340668e-01,9.473962156888491304e-01,9.999999999999995559e-01,9.473962156874770058e-01,9.479397019089009779e-01,9.479397019025475046e-01,9.479697193602506511e-01,9.479726233534838675e-01,9.479697193539563527e-01,9.479397019045774364e-01,9.473962156874770058e-01,9.999999999999995559e-01,9.473962156865362028e-01,9.473962156858481976e-01,9.479397019109533362e-01,9.479697193577336645e-01,9.479726233545346936e-01,9.479697193585154835e-01,9.479397019089009779e-01,9.473962156865362028e-01,9.999999999999995559e-01
