1.000000000000000888e+00,4.668568403898368246e-01,4.883951939318997848e-01,4.669653983034067757e-01,4.908531981921608889e-01,4.669653983041896494e-01,4.883951939377854101e-01,4.668568403912735088e-01,4.668568403898368246e-01,1.000000000000000888e+00,4.668568403912085607e-01,4.883951939388639918e-01,4.669653983084370852e-01,4.908531981895421503e-01,4.669653983081479831e-01,4.883951939342863757e-01,4.883951939318997848e-01,4.668568403912085607e-01,1.000000000000000888e+00,4.668568403878897710e-01,4.883951939335377523e-01,4.669653983054956603e-01,4.908531981930184251e-01,4.669653983095961025e-01,4.669653983034067757e-01,4.883951939388639918e-01,4.668568403878897710e-01,1.000000000000000888e+00,4.668568403881917517e-01,4.883951939253294849e-01,4.669653983049702473e-01,4.908531981894009855e-01,4.908531981921608889e-01,4.669653983084370852e-01,4.883951939335377523e-01,4.668568403881917517e-01,1.000000000000000888e+00,4.668568403888105345e-01,4.883951939319941538e-01,4.669653983097144523e-01,4.669653983041896494e-01,4.908531981895421503e-01,4.669653983054956603e-01,4.883951939253294849e-01,4.668568403888105345e-01,1.000000000000000888e+00,4.668568403884632567e-01,4.883951939316468760e-01,4.883951939377854101e-01,4.669653983081479831e-01,4.908531981930184251e-01,4.669653983049702473e-01,4.883951939319941538e-01,4.668568403884632567e-01,1.000000000000000888e+00,4.668568403923911703e-01,4.668568403912735088e-01,4.883951939342863757e-01,4.669653983095961025e-01,4.908531981894009855e-01,4.669653983097144523e-01,4.883951939316468760e-01,4.668568403923911703e-01,1.000000000000000888e+00
9.999999999999991118e-01,4.667405949825669254e-01,4.883543229265934205e-01,4.668499287111959606e-01,4.908245030938480635e-01,4.668499287121437025e-01,4.883543229323785706e-01,4.667405949835381485e-01,4.667405949825669254e-01,9.999999999999991118e-01,4.667405949841751944e-01,4.883543229337433678e-01,4.668499287165370770e-01,4.908245030914042406e-01,4.668499287161123612e-01,4.883543229286677612e-01,4.883543229265934205e-01,4.667405949841751944e-01,9.999999999999991118e-01,4.667405949806210375e-01,4.883543229282918396e-01,4.668499287136805842e-01,4.908245030948202303e-01,4.668499287173920598e-01,4.668499287111959606e-01,4.883543229337433678e-01,4.667405949806210375e-01,9.999999999999991118e-01,4.667405949807631460e-01,4.883543229197817581e-01,4.668499287127036435e-01,4.908245030906343009e-01,4.908245030938480635e-01,4.668499287165370770e-01,4.883543229282918396e-01,4.667405949807631460e-01,9.999999999999991118e-01,4.667405949815401911e-01,4.883543229264194485e-01,4.668499287173459300e-01,4.668499287121437025e-01,4.908245030914042406e-01,4.668499287136805842e-01,4.883543229197817581e-01,4.667405949815401911e-01,9.999999999999991118e-01,4.667405949810546906e-01,4.883543229259244001e-01,4.883543229323785706e-01,4.668499287161123612e-01,4.908245030948202303e-01,4.668499287127036435e-01,4.883543229264194485e-01,4.667405949810546906e-01,9.999999999999991118e-01,4.667405949845877533e-01,4.667405949835381485e-01,4.883543229286677612e-01,4.668499287173920598e-01,4.908245030906343009e-01,4.668499287173459300e-01,4.883543229259244001e-01,4.667405949845877533e-01,9.999999999999991118e-01
9.999999999999994449e-01,4.666237566632068789e-01,4.883132458251598917e-01,4.667338729282399790e-01,4.907956789992206637e-01,4.667338729291089505e-01,4.883132458310666668e-01,4.666237566643782753e-01,4.666237566632068789e-01,9.999999999999994449e-01,4.666237566649561463e-01,4.883132458326623904e-01,4.667338729338196268e-01,4.907956789965975952e-01,4.667338729331884650e-01,4.883132458274583865e-01,4.883132458251598917e-01,4.666237566649561463e-01,9.999999999999994449e-01,4.666237566614521715e-01,4.883132458271211007e-01,4.667338729307810574e-01,4.907956790001465341e-01,4.667338729347277893e-01,4.667338729282399790e-01,4.883132458326623904e-01,4.666237566614521715e-01,9.999999999999994449e-01,4.666237566617431609e-01,4.883132458183214730e-01,4.667338729298344813e-01,4.907956789960660204e-01,4.907956789992206637e-01,4.667338729338196268e-01,4.883132458271211007e-01,4.666237566617431609e-01,9.999999999999994449e-01,4.666237566624347188e-01,4.883132458251481234e-01,4.667338729348262105e-01,4.667338729291089505e-01,4.907956789965975952e-01,4.667338729307810574e-01,4.883132458183214730e-01,4.666237566624347188e-01,9.999999999999994449e-01,4.666237566617406074e-01,4.883132458246512986e-01,4.883132458310666668e-01,4.667338729331884650e-01,4.907956790001465341e-01,4.667338729298344813e-01,4.883132458251481234e-01,4.666237566617406074e-01,9.999999999999994449e-01,4.666237566655027091e-01,4.666237566643782753e-01,4.883132458274583865e-01,4.667338729347277893e-01,4.907956789960660204e-01,4.667338729348262105e-01,4.883132458246512986e-01,4.666237566655027091e-01,9.999999999999994449e-01
9.999999999999996669e-01,4.665063215359566140e-01,4.882719613149025806e-01,4.666172271265577320e-01,4.907667251758640603e-01,4.666172271272780447e-01,4.882719613207635589e-01,4.665063215370067184e-01,4.665063215359566140e-01,9.999999999999996669e-01,4.665063215379721684e-01,4.882719613227529676e-01,4.666172271323594800e-01,4.907667251731304692e-01,4.666172271314912856e-01,4.882719613171164763e-01,4.882719613149025806e-01,4.665063215379721684e-01,9.999999999999996669e-01,4.665063215345207626e-01,4.882719613171114248e-01,4.666172271292107210e-01,4.907667251768307315e-01,4.666172271331379129e-01,4.666172271265577320e-01,4.882719613227529676e-01,4.665063215345207626e-01,9.999999999999996669e-01,4.665063215348215220e-01,4.882719613079778975e-01,4.666172271281947559e-01,4.907667251725982838e-01,4.907667251758640603e-01,4.666172271323594800e-01,4.882719613171114248e-01,4.665063215348215220e-01,9.999999999999996669e-01,4.665063215353583148e-01,4.882719613148772675e-01,4.666172271332417187e-01,4.666172271272780447e-01,4.907667251731304692e-01,4.666172271292107210e-01,4.882719613079778975e-01,4.665063215353583148e-01,9.999999999999996669e-01,4.665063215344253389e-01,4.882719613141829895e-01,4.882719613207635589e-01,4.666172271314912856e-01,4.907667251768307315e-01,4.666172271281947559e-01,4.882719613148772675e-01,4.665063215344253389e-01,9.999999999999996669e-01,4.665063215381619055e-01,4.665063215370067184e-01,4.882719613171164763e-01,4.666172271331379129e-01,4.907667251725982838e-01,4.666172271332417187e-01,4.882719613141829895e-01,4.665063215381619055e-01,9.999999999999996669e-01
1.000000000000000000e+00,4.663882856738325033e-01,4.882304680727931889e-01,4.664999874479575093e-01,4.907376408865014583e-01,4.664999874487669174e-01,4.882304680788993601e-01,4.663882856748981509e-01,4.663882856738325033e-01,1.000000000000000000e+00,4.663882856758727047e-01,4.882304680807511010e-01,4.664999874538123814e-01,4.907376408836723325e-01,4.664999874530368351e-01,4.882304680749074421e-01,4.882304680727931889e-01,4.663882856758727047e-01,1.000000000000000000e+00,4.663882856723814418e-01,4.882304680749977588e-01,4.664999874507183564e-01,4.907376408875902540e-01,4.664999874546174596e-01,4.664999874479575093e-01,4.882304680807511010e-01,4.663882856723814418e-01,1.000000000000000000e+00,4.663882856726719872e-01,4.882304680656894824e-01,4.664999874497052224e-01,4.907376408830447789e-01,4.907376408865014583e-01,4.664999874538123814e-01,4.882304680749977588e-01,4.663882856726719872e-01,1.000000000000000000e+00,4.663882856732914917e-01,4.882304680727996282e-01,4.664999874547068881e-01,4.664999874487669174e-01,4.907376408836723325e-01,4.664999874507183564e-01,4.882304680656894824e-01,4.663882856732914917e-01,1.000000000000000000e+00,4.663882856724493875e-01,4.882304680719868895e-01,4.882304680788993601e-01,4.664999874530368351e-01,4.907376408875902540e-01,4.664999874497052224e-01,4.882304680727996282e-01,4.663882856724493875e-01,1.000000000000000000e+00,4.663882856761522033e-01,4.663882856748981509e-01,4.882304680749074421e-01,4.664999874546174596e-01,4.907376408830447789e-01,4.664999874547068881e-01,4.882304680719868895e-01,4.663882856761522033e-01,1.000000000000000000e+00
9.999999999999986677e-01,4.662696451185577295e-01,4.881887647660015928e-01,4.663821500041277490e-01,4.907084253890358072e-01,4.663821500050664426e-01,4.881887647720670187e-01,4.662696451191903346e-01,4.662696451185577295e-01,9.999999999999986677e-01,4.662696451209577542e-01,4.881887647742770286e-01,4.663821500102875994e-01,4.907084253862620815e-01,4.663821500092039107e-01,4.881887647676201869e-01,4.881887647660015928e-01,4.662696451209577542e-01,9.999999999999986677e-01,4.662696451176161494e-01,4.881887647686214415e-01,4.663821500073715987e-01,4.907084253901816129e-01,4.663821500105640450e-01,4.663821500041277490e-01,4.881887647742770286e-01,4.662696451176161494e-01,9.999999999999986677e-01,4.662696451180027291e-01,4.881887647591546253e-01,4.663821500060270631e-01,4.907084253850748645e-01,4.907084253890358072e-01,4.663821500102875994e-01,4.881887647686214415e-01,4.662696451180027291e-01,9.999999999999986677e-01,4.662696451187451907e-01,4.881887647661791174e-01,4.663821500107456774e-01,4.663821500050664426e-01,4.907084253862620815e-01,4.663821500073715987e-01,4.881887647591546253e-01,4.662696451187451907e-01,9.999999999999986677e-01,4.662696451175937784e-01,4.881887647649325035e-01,4.881887647720670187e-01,4.663821500092039107e-01,4.907084253901816129e-01,4.663821500060270631e-01,4.881887647661791174e-01,4.662696451175937784e-01,9.999999999999986677e-01,4.662696451205841086e-01,4.662696451191903346e-01,4.881887647676201869e-01,4.663821500105640450e-01,4.907084253850748645e-01,4.663821500107456774e-01,4.881887647649325035e-01,4.662696451205841086e-01,9.999999999999986677e-01
1.000000000000002887e+00,4.661503958813956738e-01,4.881468500518940656e-01,4.662637108762519578e-01,4.906790779362010801e-01,4.662637108770151251e-01,4.881468500583290848e-01,4.661503958826848648e-01,4.661503958813956738e-01,1.000000000000002887e+00,4.661503958835080397e-01,4.881468500602388905e-01,4.662637108822796361e-01,4.906790779331059449e-01,4.662637108814873255e-01,4.881468500541744082e-01,4.881468500518940656e-01,4.661503958835080397e-01,1.000000000000002887e+00,4.661503958799366742e-01,4.881468500541487066e-01,4.662637108790261831e-01,4.906790779373559896e-01,4.662637108832865529e-01,4.662637108762519578e-01,4.881468500602388905e-01,4.661503958799366742e-01,1.000000000000002887e+00,4.661503958802505898e-01,4.881468500444040570e-01,4.662637108780857131e-01,4.906790779326867247e-01,4.906790779362010801e-01,4.662637108822796361e-01,4.881468500541487066e-01,4.661503958802505898e-01,1.000000000000002887e+00,4.661503958808113079e-01,4.881468500518734710e-01,4.662637108833913024e-01,4.662637108770151251e-01,4.906790779331059449e-01,4.662637108790261831e-01,4.881468500444040570e-01,4.661503958808113079e-01,1.000000000000002887e+00,4.661503958799496639e-01,4.881468500510666164e-01,4.881468500583290848e-01,4.662637108814873255e-01,4.906790779373559896e-01,4.662637108780857131e-01,4.881468500518734710e-01,4.661503958799496639e-01,1.000000000000002887e+00,4.661503958840016448e-01,4.661503958826848648e-01,4.881468500541744082e-01,4.662637108832865529e-01,4.906790779326867247e-01,4.662637108833913024e-01,4.881468500510666164e-01,4.661503958840016448e-01,1.000000000000002887e+00
1.000000000000001110e+00,4.660305339408133962e-01,4.881047225776149467e-01,4.661446661144779124e-01,4.906495977761158866e-01,4.661446661152585103e-01,4.881047225841982362e-01,4.660305339421547677e-01,4.660305339408133962e-01,1.000000000000001110e+00,4.660305339430059202e-01,4.881047225862813477e-01,4.661446661208767939e-01,4.906495977730104263e-01,4.661446661200144836e-01,4.881047225802350731e-01,4.881047225776149467e-01,4.660305339430059202e-01,1.000000000000001110e+00,4.660305339392006863e-01,4.881047225799789446e-01,4.661446661173430650e-01,4.906495977772848960e-01,4.661446661218777709e-01,4.661446661144779124e-01,4.881047225862813477e-01,4.660305339392006863e-01,1.000000000000001110e+00,4.660305339395734991e-01,4.881047225699149950e-01,4.661446661163844429e-01,4.906495977726006430e-01,4.906495977761158866e-01,4.661446661208767939e-01,4.881047225799789446e-01,4.660305339395734991e-01,1.000000000000001110e+00,4.660305339401452085e-01,4.881047225776515841e-01,4.661446661220370880e-01,4.661446661152585103e-01,4.906495977730104263e-01,4.661446661173430650e-01,4.881047225699149950e-01,4.660305339401452085e-01,1.000000000000001110e+00,4.660305339392122881e-01,4.881047225768870290e-01,4.881047225841982362e-01,4.661446661200144836e-01,4.906495977772848960e-01,4.661446661163844429e-01,4.881047225776515841e-01,4.660305339392122881e-01,1.000000000000001110e+00,4.660305339435323324e-01,4.660305339421547677e-01,4.881047225802350731e-01,4.661446661218777709e-01,4.906495977726006430e-01,4.661446661220370880e-01,4.881047225768870290e-01,4.660305339435323324e-01,1.000000000000001110e+00
9.999999999999986677e-01,4.659100552450852750e-01,4.880623809809765401e-01,4.660250117385358326e-01,4.906199841517589477e-01,4.660250117394940661e-01,4.880623809882622122e-01,4.659100552470279988e-01,4.659100552450852750e-01,9.999999999999986677e-01,4.659100552462298594e-01,4.880623809890404230e-01,4.660250117443266449e-01,4.906199841483777635e-01,4.660250117445050577e-01,4.880623809841853622e-01,4.880623809809765401e-01,4.659100552462298594e-01,9.999999999999986677e-01,4.659100552415098018e-01,4.880623809818623871e-01,4.660250117405229098e-01,4.906199841529237382e-01,4.660250117464025399e-01,4.660250117385358326e-01,4.880623809890404230e-01,4.659100552415098018e-01,9.999999999999986677e-01,4.659100552414097152e-01,4.880623809716422290e-01,4.660250117399653558e-01,4.906199841483472879e-01,4.906199841517589477e-01,4.660250117443266449e-01,4.880623809818623871e-01,4.659100552414097152e-01,9.999999999999986677e-01,4.659100552421524544e-01,4.880623809800358481e-01,4.660250117460846830e-01,4.660250117394940661e-01,4.906199841483777635e-01,4.660250117405229098e-01,4.880623809716422290e-01,4.659100552421524544e-01,9.999999999999986677e-01,4.659100552422587582e-01,4.880623809800989643e-01,4.880623809882622122e-01,4.660250117445050577e-01,4.906199841529237382e-01,4.660250117399653558e-01,4.880623809800358481e-01,4.659100552422587582e-01,9.999999999999986677e-01,4.659100552479167323e-01,4.659100552470279988e-01,4.880623809841853622e-01,4.660250117464025399e-01,4.906199841483472879e-01,4.660250117460846830e-01,4.880623809800989643e-01,4.659100552479167323e-01,9.999999999999986677e-01
9.999999999999987788e-01,4.657889557059257668e-01,4.880198238873305616e-01,4.659047437354472132e-01,4.905902363010097300e-01,4.659047437364597366e-01,4.880198238943977973e-01,4.657889557073424114e-01,4.657889557059257668e-01,9.999999999999987788e-01,4.657889557082490750e-01,4.880198238964130741e-01,4.659047437423181059e-01,4.905902362977824227e-01,4.659047437414546300e-01,4.880198238900859131e-01,4.880198238873305616e-01,4.657889557082490750e-01,9.999999999999987788e-01,4.657889557042708129e-01,4.880198238899319252e-01,4.659047437386605317e-01,4.905902363023071366e-01,4.659047437432232708e-01,4.659047437354472132e-01,4.880198238964130741e-01,4.657889557042708129e-01,9.999999999999987788e-01,4.657889557048152662e-01,4.880198238794441479e-01,4.659047437376629408e-01,4.905902362971763520e-01,4.905902363010097300e-01,4.659047437423181059e-01,4.880198238899319252e-01,4.657889557048152662e-01,9.999999999999987788e-01,4.657889557056056340e-01,4.880198238876838901e-01,4.659047437435461791e-01,4.659047437364597366e-01,4.905902362977824227e-01,4.659047437386605317e-01,4.880198238794441479e-01,4.657889557056056340e-01,9.999999999999987788e-01,4.657889557046692164e-01,4.880198238867252125e-01,4.880198238943977973e-01,4.659047437414546300e-01,4.905902363023071366e-01,4.659047437376629408e-01,4.880198238876838901e-01,4.657889557046692164e-01,9.999999999999987788e-01,4.657889557090044708e-01,4.657889557073424114e-01,4.880198238900859131e-01,4.659047437432232708e-01,4.905902362971763520e-01,4.659047437435461791e-01,4.880198238867252125e-01,4.657889557090044708e-01,9.999999999999987788e-01
1.000000000000000444e+00,4.656672312102539957e-01,4.879770499159084007e-01,4.657838580629460323e-01,4.905603534567849477e-01,4.657838580637837511e-01,4.879770499231727010e-01,4.656672312119566892e-01,4.656672312102539957e-01,1.000000000000000444e+00,4.656672312118081969e-01,4.879770499242775394e-01,4.657838580688316021e-01,4.905603534531570720e-01,4.657838580688236085e-01,4.879770499185371868e-01,4.879770499159084007e-01,4.656672312118081969e-01,1.000000000000000444e+00,4.656672312072236419e-01,4.879770499169635012e-01,4.657838580652070570e-01,4.905603534581657321e-01,4.657838580708436038e-01,4.657838580629460323e-01,4.879770499242775394e-01,4.656672312072236419e-01,1.000000000000000444e+00,4.656672312069479736e-01,4.879770499062250355e-01,4.657838580644311222e-01,4.905603534529653365e-01,4.905603534567849477e-01,4.657838580688316021e-01,4.879770499169635012e-01,4.656672312069479736e-01,1.000000000000000444e+00,4.656672312075567088e-01,4.879770499147062512e-01,4.657838580703419495e-01,4.657838580637837511e-01,4.905603534531570720e-01,4.657838580652070570e-01,4.879770499062250355e-01,4.656672312075567088e-01,1.000000000000000444e+00,4.656672312074743303e-01,4.879770499143951668e-01,4.879770499231727010e-01,4.657838580688236085e-01,4.905603534581657321e-01,4.657838580644311222e-01,4.879770499147062512e-01,4.656672312074743303e-01,1.000000000000000444e+00,4.656672312128759539e-01,4.656672312119566892e-01,4.879770499185371868e-01,4.657838580708436038e-01,4.905603534529653365e-01,4.657838580703419495e-01,4.879770499143951668e-01,4.656672312128759539e-01,1.000000000000000444e+00
1.000000000000000888e+00,4.655448776042783732e-01,4.879340576706111543e-01,4.656623506437761462e-01,4.905303348468322278e-01,4.656623506448364092e-01,4.879340576781459049e-01,4.655448776059916138e-01,4.655448776042783732e-01,1.000000000000000888e+00,4.655448776059057936e-01,4.879340576792866591e-01,4.656623506501048615e-01,4.905303348431491184e-01,4.656623506499304455e-01,4.879340576733782742e-01,4.879340576706111543e-01,4.655448776059057936e-01,1.000000000000000888e+00,4.655448776012249268e-01,4.879340576719699563e-01,4.656623506463246076e-01,4.905303348481254710e-01,4.656623506518515754e-01,4.656623506437761462e-01,4.879340576792866591e-01,4.655448776012249268e-01,1.000000000000000888e+00,4.655448776012251488e-01,4.879340576610116109e-01,4.656623506454481420e-01,4.905303348427314525e-01,4.905303348468322278e-01,4.656623506501048615e-01,4.879340576719699563e-01,4.655448776012251488e-01,1.000000000000000888e+00,4.655448776020491564e-01,4.879340576697740461e-01,4.656623506516214817e-01,4.656623506448364092e-01,4.905303348431491184e-01,4.656623506463246076e-01,4.879340576610116109e-01,4.655448776020491564e-01,1.000000000000000888e+00,4.655448776017993007e-01,4.879340576693198539e-01,4.879340576781459049e-01,4.656623506499304455e-01,4.905303348481254710e-01,4.656623506454481420e-01,4.879340576697740461e-01,4.655448776017993007e-01,1.000000000000000888e+00,4.655448776070846839e-01,4.655448776059916138e-01,4.879340576733782742e-01,4.656623506518515754e-01,4.905303348427314525e-01,4.656623506516214817e-01,4.879340576693198539e-01,4.655448776070846839e-01,1.000000000000000888e+00
1.000000000000000444e+00,4.654218907066426381e-01,4.878908457488079775e-01,4.655402173708642066e-01,4.905001796935969383e-01,4.655402173720400438e-01,4.878908457566550338e-01,4.654218907085471146e-01,4.654218907066426381e-01,1.000000000000000444e+00,4.654218907078787604e-01,4.878908457573914448e-01,4.655402173773274810e-01,4.905001796899253752e-01,4.655402173776289620e-01,4.878908457522058706e-01,4.878908457488079775e-01,4.654218907078787604e-01,1.000000000000000444e+00,4.654218907023454088e-01,4.878908457494524620e-01,4.655402173731277293e-01,4.905001796949702286e-01,4.655402173795895604e-01,4.655402173708642066e-01,4.878908457573914448e-01,4.654218907023454088e-01,1.000000000000000444e+00,4.654218907020215568e-01,4.878908457380649599e-01,4.655402173723002246e-01,4.905001796895553934e-01,4.905001796935969383e-01,4.655402173773274810e-01,4.878908457494524620e-01,4.654218907020215568e-01,1.000000000000000444e+00,4.654218907029538110e-01,4.878908457473575266e-01,4.655402173790310072e-01,4.655402173720400438e-01,4.905001796899253752e-01,4.655402173731277293e-01,4.878908457380649599e-01,4.654218907029538110e-01,1.000000000000000444e+00,4.654218907031784092e-01,4.878908457474064875e-01,4.878908457566550338e-01,4.655402173776289620e-01,4.905001796949702286e-01,4.655402173723002246e-01,4.878908457473575266e-01,4.654218907031784092e-01,1.000000000000000444e+00,4.654218907093908841e-01,4.654218907085471146e-01,4.878908457522058706e-01,4.655402173795895604e-01,4.905001796895553934e-01,4.655402173790310072e-01,4.878908457474064875e-01,4.654218907093908841e-01,1.000000000000000444e+00
1.000000000000001776e+00,4.652982662979595618e-01,4.878474127348908507e-01,4.654174541038232360e-01,4.904698872148499644e-01,4.654174541048735625e-01,4.878474127424152762e-01,4.652982662993461194e-01,4.652982662979595618e-01,1.000000000000001776e+00,4.652982663001924424e-01,4.878474127442771202e-01,4.654174541108042629e-01,4.904698872110829222e-01,4.654174541101074869e-01,4.878474127374037295e-01,4.878474127348908507e-01,4.652982663001924424e-01,1.000000000000001776e+00,4.652982662956203219e-01,4.878474127369165636e-01,4.654174541069491799e-01,4.904698872162212009e-01,4.654174541120635333e-01,4.654174541038232360e-01,4.878474127442771202e-01,4.652982662956203219e-01,1.000000000000001776e+00,4.652982662957809712e-01,4.878474127253996095e-01,4.654174541057472525e-01,4.904698872103161467e-01,4.904698872148499644e-01,4.654174541108042629e-01,4.878474127369165636e-01,4.652982662957809712e-01,1.000000000000001776e+00,4.652982662965801652e-01,4.878474127342878330e-01,4.654174541119853736e-01,4.654174541048735625e-01,4.904698872110829222e-01,4.654174541069491799e-01,4.878474127253996095e-01,4.652982662965801652e-01,1.000000000000001776e+00,4.652982662958058957e-01,4.878474127333647936e-01,4.878474127424152762e-01,4.654174541101074869e-01,4.904698872162212009e-01,4.654174541057472525e-01,4.878474127342878330e-01,4.652982662958058957e-01,1.000000000000001776e+00,4.652982663006641761e-01,4.652982662993461194e-01,4.878474127374037295e-01,4.654174541120635333e-01,4.904698872103161467e-01,4.654174541119853736e-01,4.878474127333647936e-01,4.652982663006641761e-01,1.000000000000001776e+00
9.999999999999995559e-01,4.651740001298551586e-01,4.878037572040972991e-01,4.652940566692011504e-01,4.904394566224470342e-01,4.652940566700496383e-01,4.878037572117974729e-01,4.651740001314316197e-01,4.651740001298551586e-01,9.999999999999995559e-01,4.651740001326222229e-01,4.878037572142581157e-01,4.652940566767823083e-01,4.904394566185257265e-01,4.652940566756559315e-01,4.878037572069374161e-01,4.878037572040972991e-01,4.651740001326222229e-01,9.999999999999995559e-01,4.651740001284224713e-01,4.878037572070187955e-01,4.652940566726500582e-01,4.904394566239130837e-01,4.652940566777902243e-01,4.652940566692011504e-01,4.878037572142581157e-01,4.651740001284224713e-01,9.999999999999995559e-01,4.651740001290240456e-01,4.878037571951976958e-01,4.652940566716748938e-01,4.904394566181072279e-01,4.904394566224470342e-01,4.652940566767823083e-01,4.878037572070187955e-01,4.651740001290240456e-01,9.999999999999995559e-01,4.651740001296139626e-01,4.878037572043575354e-01,4.652940566781488263e-01,4.652940566700496383e-01,4.904394566185257265e-01,4.652940566726500582e-01,4.878037571951976958e-01,4.651740001296139626e-01,9.999999999999995559e-01,4.651740001284090376e-01,4.878037572030240465e-01,4.878037572117974729e-01,4.652940566756559315e-01,4.904394566239130837e-01,4.652940566716748938e-01,4.878037572043575354e-01,4.651740001284090376e-01,9.999999999999995559e-01,4.651740001332854701e-01,4.651740001314316197e-01,4.878037572069374161e-01,4.652940566777902243e-01,4.904394566181072279e-01,4.652940566781488263e-01,4.878037572030240465e-01,4.651740001332854701e-01,9.999999999999995559e-01
1.000000000000000222e+00,4.650490879188357018e-01,4.877598777216780590e-01,4.651700208613929188e-01,4.904088871236806368e-01,4.651700208622757682e-01,4.877598777295257260e-01,4.650490879205141370e-01,4.650490879188357018e-01,1.000000000000000222e+00,4.650490879212282325e-01,4.877598777314078315e-01,4.651700208686915250e-01,4.904088871194979826e-01,4.651700208680162318e-01,4.877598777244500639e-01,4.877598777216780590e-01,4.650490879212282325e-01,1.000000000000000222e+00,4.650490879164715374e-01,4.877598777237627803e-01,4.651700208644913292e-01,4.904088871252113013e-01,4.651700208702631012e-01,4.651700208613929188e-01,4.877598777314078315e-01,4.650490879164715374e-01,1.000000000000000222e+00,4.650490879166110370e-01,4.877598777115133011e-01,4.651700208634850231e-01,4.904088871191218946e-01,4.904088871236806368e-01,4.651700208686915250e-01,4.877598777237627803e-01,4.650490879166110370e-01,1.000000000000000222e+00,4.650490879172277103e-01,4.877598777210491732e-01,4.651700208701551875e-01,4.651700208622757682e-01,4.904088871194979826e-01,4.651700208644913292e-01,4.877598777115133011e-01,4.650490879172277103e-01,1.000000000000000222e+00,4.650490879164728142e-01,4.877598777200018443e-01,4.877598777295257260e-01,4.651700208680162318e-01,4.904088871252113013e-01,4.651700208634850231e-01,4.877598777210491732e-01,4.650490879164728142e-01,1.000000000000000222e+00,4.650490879219727480e-01,4.650490879205141370e-01,4.877598777244500639e-01,4.651700208702631012e-01,4.904088871191218946e-01,4.651700208701551875e-01,4.877598777200018443e-01,4.650490879219727480e-01,1.000000000000000222e+00
1.000000000000000000e+00,4.649235253439831794e-01,4.877157728393546332e-01,4.650453424402125058e-01,4.903781779200310775e-01,4.650453424408936276e-01,4.877157728473164866e-01,4.649235253458745554e-01,4.649235253439831794e-01,1.000000000000000000e+00,4.649235253464886752e-01,4.877157728494053157e-01,4.650453424476241326e-01,4.903781779155915177e-01,4.650453424468109498e-01,4.877157728423028304e-01,4.877157728393546332e-01,4.649235253464886752e-01,1.000000000000000000e+00,4.649235253418317892e-01,4.877157728416058324e-01,4.650453424432117178e-01,4.903781779215243830e-01,4.650453424493051768e-01,4.650453424402125058e-01,4.877157728494053157e-01,4.649235253418317892e-01,1.000000000000000000e+00,4.649235253420743730e-01,4.877157728290978378e-01,4.650453424423866555e-01,4.903781779155892417e-01,4.903781779200310775e-01,4.650453424476241326e-01,4.877157728416058324e-01,4.649235253420743730e-01,1.000000000000000000e+00,4.649235253424816028e-01,4.877157728388197833e-01,4.650453424492961840e-01,4.650453424408936276e-01,4.903781779155915177e-01,4.650453424432117178e-01,4.877157728290978378e-01,4.649235253424816028e-01,1.000000000000000000e+00,4.649235253415882063e-01,4.877157728377249368e-01,4.877157728473164866e-01,4.650453424468109498e-01,4.903781779215243830e-01,4.650453424423866555e-01,4.877157728388197833e-01,4.649235253415882063e-01,1.000000000000000000e+00,4.649235253474020002e-01,4.649235253458745554e-01,4.877157728423028304e-01,4.650453424493051768e-01,4.903781779155892417e-01,4.650453424492961840e-01,4.877157728377249368e-01,4.649235253474020002e-01,1.000000000000000000e+00
9.999999999999991118e-01,4.647973080540659385e-01,4.876714411007037064e-01,4.649200171323657482e-01,4.903473282078685269e-01,4.649200171335468035e-01,4.876714411092709645e-01,4.647973080562524117e-01,4.647973080540659385e-01,9.999999999999991118e-01,4.647973080556073167e-01,4.876714411101756297e-01,4.649200171397070425e-01,4.903473282035257785e-01,4.649200171398761849e-01,4.876714411044409947e-01,4.876714411007037064e-01,4.647973080556073167e-01,9.999999999999991118e-01,4.647973080495699794e-01,4.876714411015306005e-01,4.649200171348898403e-01,4.903473282093567809e-01,4.649200171421662420e-01,4.649200171323657482e-01,4.876714411101756297e-01,4.647973080495699794e-01,9.999999999999991118e-01,4.647973080493289499e-01,4.876714410887429407e-01,4.649200171340777676e-01,4.903473282033132818e-01,4.903473282078685269e-01,4.649200171397070425e-01,4.876714411015306005e-01,4.647973080493289499e-01,9.999999999999991118e-01,4.647973080502283416e-01,4.876714410991847548e-01,4.649200171416692506e-01,4.649200171335468035e-01,4.903473282035257785e-01,4.649200171348898403e-01,4.876714410887429407e-01,4.647973080502283416e-01,9.999999999999991118e-01,4.647973080503164933e-01,4.876714410989945181e-01,4.876714411092709645e-01,4.649200171398761849e-01,4.903473282093567809e-01,4.649200171340777676e-01,4.876714410991847548e-01,4.647973080503164933e-01,9.999999999999991118e-01,4.647973080573047366e-01,4.647973080562524117e-01,4.876714411044409947e-01,4.649200171421662420e-01,4.903473282033132818e-01,4.649200171416692506e-01,4.876714410989945181e-01,4.647973080573047366e-01,9.999999999999991118e-01
9.999999999999986677e-01,4.646704316565570814e-01,4.876268810356034766e-01,4.647940406307201622e-01,4.903163371783401114e-01,4.647940406315045347e-01,4.876268810439218782e-01,4.646704316585439365e-01,4.646704316565570814e-01,9.999999999999986677e-01,4.646704316593053274e-01,4.876268810460974157e-01,4.647940406385510093e-01,4.903163371736493636e-01,4.647940406375422051e-01,4.876268810385214758e-01,4.876268810356034766e-01,4.646704316593053274e-01,9.999999999999986677e-01,4.646704316547858316e-01,4.876268810383030949e-01,4.647940406340444475e-01,4.903163371798241466e-01,4.647940406400058455e-01,4.647940406307201622e-01,4.876268810460974157e-01,4.646704316547858316e-01,9.999999999999986677e-01,4.646704316553478264e-01,4.876268810254902886e-01,4.647940406332694008e-01,4.903163371736119491e-01,4.903163371783401114e-01,4.647940406385510093e-01,4.876268810383030949e-01,4.646704316553478264e-01,9.999999999999986677e-01,4.646704316558435410e-01,4.876268810355702810e-01,4.647940406403083813e-01,4.647940406315045347e-01,4.903163371736493636e-01,4.647940406340444475e-01,4.876268810254902886e-01,4.646704316558435410e-01,9.999999999999986677e-01,4.646704316547544122e-01,4.876268810341238269e-01,4.876268810439218782e-01,4.647940406375422051e-01,4.903163371798241466e-01,4.647940406332694008e-01,4.876268810355702810e-01,4.646704316547544122e-01,9.999999999999986677e-01,4.646704316604205465e-01,4.646704316585439365e-01,4.876268810385214758e-01,4.647940406400058455e-01,4.903163371736119491e-01,4.647940406403083813e-01,4.876268810341238269e-01,4.646704316604205465e-01,9.999999999999986677e-01
9.999999999999992228e-01,4.645428917329764706e-01,4.875820911667098079e-01,4.646674085937545495e-01,4.902852040167962611e-01,4.646674085945562416e-01,4.875820911749801367e-01,4.645428917347991793e-01,4.645428917329764706e-01,9.999999999999992228e-01,4.645428917355066689e-01,4.875820911769411792e-01,4.646674086015019633e-01,4.902852040121075117e-01,4.646674086008119042e-01,4.875820911696047699e-01,4.875820911667098079e-01,4.645428917355066689e-01,9.999999999999992228e-01,4.645428917303933147e-01,4.875820911687178683e-01,4.646674085968671153e-01,4.902852040183311999e-01,4.646674086032472895e-01,4.646674085937545495e-01,4.875820911769411792e-01,4.645428917303933147e-01,9.999999999999992228e-01,4.645428917304990080e-01,4.875820911555860948e-01,4.646674085959516254e-01,4.902852040118907406e-01,4.902852040167962611e-01,4.646674086015019633e-01,4.875820911687178683e-01,4.645428917304990080e-01,9.999999999999992228e-01,4.645428917310052142e-01,4.875820911658300671e-01,4.646674086030895823e-01,4.646674085945562416e-01,4.902852040121075117e-01,4.646674085968671153e-01,4.875820911555860948e-01,4.645428917310052142e-01,9.999999999999992228e-01,4.645428917302351635e-01,4.875820911646444045e-01,4.875820911749801367e-01,4.646674086008119042e-01,4.902852040183311999e-01,4.646674085959516254e-01,4.875820911658300671e-01,4.645428917302351635e-01,9.999999999999992228e-01,4.645428917363118027e-01,4.645428917347991793e-01,4.875820911696047699e-01,4.646674086032472895e-01,4.902852040118907406e-01,4.646674086030895823e-01,4.875820911646444045e-01,4.645428917363118027e-01,9.999999999999992228e-01
1.000000000000000888e+00,4.644146838206273387e-01,4.875370700014642900e-01,4.645401166448150931e-01,4.902539279036141062e-01,4.645401166456870623e-01,4.875370700097402255e-01,4.644146838223273677e-01,4.644146838206273387e-01,1.000000000000000888e+00,4.644146838235909125e-01,4.875370700120932321e-01,4.645401166530971349e-01,4.902539278987576576e-01,4.645401166518429714e-01,4.875370700041158356e-01,4.875370700014642900e-01,4.644146838235909125e-01,1.000000000000000888e+00,4.644146838188809578e-01,4.875370700043186734e-01,4.645401166484201538e-01,4.902539279049694665e-01,4.645401166542100779e-01,4.645401166448150931e-01,4.875370700120932321e-01,4.644146838188809578e-01,1.000000000000000888e+00,4.644146838194939120e-01,4.875370699910360761e-01,4.645401166473930310e-01,4.902539278983557569e-01,4.902539279036141062e-01,4.645401166530971349e-01,4.875370700043186734e-01,4.644146838194939120e-01,1.000000000000000888e+00,4.644146838200635119e-01,4.875370700013592073e-01,4.645401166545563010e-01,4.645401166456870623e-01,4.902539278987576576e-01,4.645401166484201538e-01,4.875370699910360761e-01,4.644146838200635119e-01,1.000000000000000888e+00,4.644146838187303561e-01,4.875370699996016688e-01,4.875370700097402255e-01,4.645401166518429714e-01,4.902539279049694665e-01,4.645401166473930310e-01,4.875370700013592073e-01,4.644146838187303561e-01,1.000000000000000888e+00,4.644146838242086961e-01,4.644146838223273677e-01,4.875370700041158356e-01,4.645401166542100779e-01,4.902539278983557569e-01,4.645401166545563010e-01,4.875370699996016688e-01,4.644146838242086961e-01,1.000000000000000888e+00
1.000000000000000888e+00,4.642858034269059520e-01,4.874918160393415523e-01,4.644121603732536130e-01,4.902225080131172308e-01,4.644121603740594129e-01,4.874918160477825779e-01,4.642858034288567248e-01,4.642858034269059520e-01,1.000000000000000888e+00,4.642858034295011538e-01,4.874918160496961583e-01,4.644121603813947674e-01,4.902225080081134001e-01,4.644121603805947407e-01,4.874918160423713509e-01,4.874918160393415523e-01,4.642858034295011538e-01,1.000000000000000888e+00,4.642858034242344223e-01,4.874918160414808965e-01,4.644121603764120865e-01,4.902225080144888558e-01,4.644121603830828615e-01,4.644121603732536130e-01,4.874918160496961583e-01,4.642858034242344223e-01,1.000000000000000888e+00,4.642858034245211374e-01,4.874918160279220758e-01,4.644121603755945737e-01,4.902225080080134800e-01,4.902225080131172308e-01,4.644121603813947674e-01,4.874918160414808965e-01,4.642858034245211374e-01,1.000000000000000888e+00,4.642858034250177957e-01,4.874918160386298438e-01,4.644121603830988487e-01,4.644121603740594129e-01,4.902225080081134001e-01,4.644121603764120865e-01,4.874918160279220758e-01,4.642858034250177957e-01,1.000000000000000888e+00,4.642858034241394982e-01,4.874918160372637144e-01,4.874918160477825779e-01,4.644121603805947407e-01,4.902225080144888558e-01,4.644121603755945737e-01,4.874918160386298438e-01,4.642858034241394982e-01,1.000000000000000888e+00,4.642858034304895298e-01,4.642858034288567248e-01,4.874918160423713509e-01,4.644121603830828615e-01,4.902225080080134800e-01,4.644121603830988487e-01,4.874918160372637144e-01,4.642858034304895298e-01,1.000000000000000888e+00
9.999999999999984457e-01,4.641562460185258421e-01,4.874463277661791327e-01,4.642835353323664371e-01,4.901909435146969418e-01,4.642835353331414838e-01,4.874463277745312850e-01,4.641562460204090579e-01,4.641562460185258421e-01,9.999999999999984457e-01,4.641562460213963237e-01,4.874463277766419855e-01,4.642835353407145371e-01,4.901909435095692102e-01,4.642835353396849718e-01,4.874463277689869423e-01,4.874463277661791327e-01,4.641562460213963237e-01,9.999999999999984457e-01,4.641562460162922399e-01,4.874463277686190144e-01,4.642835353357573913e-01,4.901909435160433093e-01,4.642835353422357092e-01,4.642835353323664371e-01,4.874463277766419855e-01,4.641562460162922399e-01,9.999999999999984457e-01,4.641562460166760440e-01,4.874463277548803930e-01,4.642835353348540028e-01,4.901909435094369272e-01,4.901909435146969418e-01,4.642835353407145371e-01,4.874463277686190144e-01,4.641562460166760440e-01,9.999999999999984457e-01,4.641562460171349547e-01,4.874463277656294058e-01,4.642835353423452882e-01,4.642835353331414838e-01,4.901909435095692102e-01,4.642835353357573913e-01,4.874463277548803930e-01,4.641562460171349547e-01,9.999999999999984457e-01,4.641562460160278958e-01,4.874463277640075920e-01,4.874463277745312850e-01,4.642835353396849718e-01,4.901909435160433093e-01,4.642835353348540028e-01,4.874463277656294058e-01,4.641562460160278958e-01,9.999999999999984457e-01,4.641562460221766440e-01,4.641562460204090579e-01,4.874463277689869423e-01,4.642835353422357092e-01,4.901909435094369272e-01,4.642835353423452882e-01,4.874463277640075920e-01,4.641562460221766440e-01,9.999999999999984457e-01
9.999999999999987788e-01,4.640260070283424576e-01,4.874006036575615486e-01,4.641542370403085593e-01,4.901592335718485960e-01,4.641542370410755014e-01,4.874006036659552787e-01,4.640260070300538109e-01,4.640260070283424576e-01,9.999999999999987788e-01,4.640260070315022078e-01,4.874006036682613230e-01,4.641542370488775937e-01,4.901592335666230538e-01,4.641542370476350321e-01,4.874006036600576630e-01,4.874006036575615486e-01,4.640260070315022078e-01,9.999999999999987788e-01,4.640260070266714054e-01,4.874006036604203729e-01,4.641542370439685206e-01,4.901592335732007366e-01,4.641542370500165715e-01,4.641542370403085593e-01,4.874006036682613230e-01,4.640260070266714054e-01,9.999999999999987788e-01,4.640260070272633763e-01,4.874006036466209668e-01,4.641542370430841169e-01,4.901592335663362276e-01,4.901592335718485960e-01,4.641542370488775937e-01,4.874006036604203729e-01,4.640260070272633763e-01,9.999999999999987788e-01,4.640260070277067439e-01,4.874006036574113354e-01,4.641542370503307646e-01,4.641542370410755014e-01,4.901592335666230538e-01,4.641542370439685206e-01,4.874006036466209668e-01,4.640260070277067439e-01,9.999999999999987788e-01,4.640260070263874104e-01,4.874006036553314436e-01,4.874006036659552787e-01,4.641542370476350321e-01,4.901592335732007366e-01,4.641542370430841169e-01,4.874006036574113354e-01,4.640260070263874104e-01,9.999999999999987788e-01,4.640260070320973984e-01,4.640260070300538109e-01,4.874006036600576630e-01,4.641542370500165715e-01,4.901592335663362276e-01,4.641542370503307646e-01,4.874006036553314436e-01,4.640260070320973984e-01,9.999999999999987788e-01
9.999999999999995559e-01,4.638950818529442577e-01,4.873546421779419435e-01,4.640242609792322170e-01,4.901273773424827951e-01,4.640242609802154305e-01,4.873546421867135381e-01,4.638950818550201527e-01,4.638950818529442577e-01,9.999999999999995559e-01,4.638950818554004041e-01,4.873546421881460589e-01,4.640242609877128777e-01,4.901273773371365716e-01,4.640242609871515489e-01,4.873546421810613927e-01,4.873546421779419435e-01,4.638950818554004041e-01,9.999999999999995559e-01,4.638950818495924944e-01,4.873546421797338435e-01,4.640242609823927444e-01,4.901273773437571646e-01,4.640242609895745551e-01,4.640242609792322170e-01,4.873546421881460589e-01,4.638950818495924944e-01,9.999999999999995559e-01,4.638950818498255857e-01,4.873546421655979288e-01,4.640242609816291885e-01,4.901273773369869691e-01,4.901273773424827951e-01,4.640242609877128777e-01,4.873546421797338435e-01,4.638950818498255857e-01,9.999999999999995559e-01,4.638950818504772311e-01,4.873546421770090786e-01,4.640242609895259829e-01,4.640242609802154305e-01,4.901273773371365716e-01,4.640242609823927444e-01,4.873546421655979288e-01,4.638950818504772311e-01,9.999999999999995559e-01,4.638950818498387973e-01,4.873546421756019820e-01,4.873546421867135381e-01,4.640242609871515489e-01,4.901273773437571646e-01,4.640242609816291885e-01,4.873546421770090786e-01,4.638950818498387973e-01,9.999999999999995559e-01,4.638950818566738299e-01,4.638950818550201527e-01,4.873546421810613927e-01,4.640242609895745551e-01,4.901273773369869691e-01,4.640242609895259829e-01,4.873546421756019820e-01,4.638950818566738299e-01,9.999999999999995559e-01
