1.000000000000000888e+00,4.652135364920148008e-01,4.800221538848801206e-01,4.940284936070581390e-01,4.700396056548886148e-01,4.854446056521333208e-01,4.796329420713095759e-01,4.743230718422947190e-01,4.652135364920148008e-01,1.000000000000000888e+00,4.643775536775217594e-01,4.798454069851264547e-01,4.854446056496049544e-01,4.600992324728166993e-01,4.846568615349390319e-01,4.798096889796469311e-01,4.800221538848801206e-01,4.643775536775217594e-01,1.000000000000000888e+00,4.734870890267131038e-01,4.796329420730051085e-01,4.846568615382510492e-01,4.683685049646854059e-01,4.932407495102445472e-01,4.940284936070581390e-01,4.798454069851264547e-01,4.734870890267131038e-01,1.000000000000000888e+00,4.743230718366175935e-01,4.798096889867035086e-01,4.932407495084012439e-01,4.783088781560887459e-01,4.700396056548886148e-01,4.854446056496049544e-01,4.796329420730051085e-01,4.743230718366175935e-01,1.000000000000000888e+00,4.652135364854939059e-01,4.800221538800933385e-01,4.940284936030528429e-01,4.854446056521333208e-01,4.600992324728166993e-01,4.846568615382510492e-01,4.798096889867035086e-01,4.652135364854939059e-01,1.000000000000000888e+00,4.643775536743937060e-01,4.798454069747944417e-01,4.796329420713095759e-01,4.846568615349390319e-01,4.683685049646854059e-01,4.932407495084012439e-01,4.800221538800933385e-01,4.643775536743937060e-01,1.000000000000000888e+00,4.734870890266729138e-01,4.743230718422947190e-01,4.798096889796469311e-01,4.932407495102445472e-01,4.783088781560887459e-01,4.940284936030528429e-01,4.798454069747944417e-01,4.734870890266729138e-01,1.000000000000000888e+00
9.999999999999986677e-01,4.736717750147838579e-01,4.795581484180377885e-01,4.847786899641349789e-01,4.687190677612317335e-01,4.934807848089910465e-01,4.799541725246194712e-01,4.644347709154932335e-01,4.736717750147838579e-01,9.999999999999986677e-01,4.740489511250414179e-01,4.797480750132752103e-01,4.934807847946722781e-01,4.783282797864213398e-01,4.938361188706663629e-01,4.797642459283631977e-01,4.795581484180377885e-01,4.740489511250414179e-01,9.999999999999986677e-01,4.648119470279014065e-01,4.799541725260239033e-01,4.938361188745529762e-01,4.694730301628852187e-01,4.851340240315087371e-01,4.847786899641349789e-01,4.797480750132752103e-01,4.648119470279014065e-01,9.999999999999986677e-01,4.644347709269532332e-01,4.797642459397755688e-01,4.851340240500046086e-01,4.598638181399236635e-01,4.687190677612317335e-01,4.934807847946722781e-01,4.799541725260239033e-01,4.644347709269532332e-01,9.999999999999986677e-01,4.736717750348450884e-01,4.795581484320504129e-01,4.847786899830145435e-01,4.934807848089910465e-01,4.783282797864213398e-01,4.938361188745529762e-01,4.797642459397755688e-01,4.736717750348450884e-01,9.999999999999986677e-01,4.740489511424095248e-01,4.797480750213817258e-01,4.799541725246194712e-01,4.938361188706663629e-01,4.694730301628852187e-01,4.851340240500046086e-01,4.795581484320504129e-01,4.740489511424095248e-01,9.999999999999986677e-01,4.648119470323900382e-01,4.644347709154932335e-01,4.797642459283631977e-01,4.851340240315087371e-01,4.598638181399236635e-01,4.847786899830145435e-01,4.797480750213817258e-01,4.648119470323900382e-01,9.999999999999986677e-01
1.000000000000000888e+00,4.644089357939941154e-01,4.798858656609340523e-01,4.936436674818749371e-01,4.689050699832381097e-01,4.848225839854458652e-01,4.794829460036648117e-01,4.737743052919787257e-01,4.644089357939941154e-01,1.000000000000000888e+00,4.644913998728763538e-01,4.796826319425092633e-01,4.848225839825577310e-01,4.596269562806221121e-01,4.849002555028897321e-01,4.796861797312519382e-01,4.798858656609340523e-01,4.644913998728763538e-01,1.000000000000000888e+00,4.738567693693331306e-01,4.794829460049332970e-01,4.849002555061067699e-01,4.690699130121368521e-01,4.937213390210593578e-01,4.936436674818749371e-01,4.796826319425092633e-01,4.738567693693331306e-01,1.000000000000000888e+00,4.737743052851683956e-01,4.796861797382245829e-01,4.937213390189005846e-01,4.783480267249192175e-01,4.689050699832381097e-01,4.848225839825577310e-01,4.794829460049332970e-01,4.737743052851683956e-01,1.000000000000000888e+00,4.644089357865189838e-01,4.798858656556823643e-01,4.936436674776215616e-01,4.848225839854458652e-01,4.596269562806221121e-01,4.849002555061067699e-01,4.796861797382245829e-01,4.644089357865189838e-01,1.000000000000000888e+00,4.644913998696021395e-01,4.796826319317429865e-01,4.794829460036648117e-01,4.849002555028897321e-01,4.690699130121368521e-01,4.937213390189005846e-01,4.798858656556823643e-01,4.644913998696021395e-01,1.000000000000000888e+00,4.738567693698523264e-01,4.737743052919787257e-01,4.796861797312519382e-01,4.937213390210593578e-01,4.783480267249192175e-01,4.936436674776215616e-01,4.796826319317429865e-01,4.738567693698523264e-01,1.000000000000000888e+00
9.999999999999984457e-01,4.640044971092450177e-01,4.798172313453911153e-01,4.934511410570405765e-01,4.683357217869620337e-01,4.845102840532676813e-01,4.794073319422481605e-01,4.734991329272997262e-01,4.640044971092450177e-01,9.999999999999984457e-01,4.645474345783980885e-01,4.796005618886780564e-01,4.845102840500550290e-01,4.593886389978650286e-01,4.850215544491531805e-01,4.796240014081272207e-01,4.798172313453911153e-01,4.645474345783980885e-01,9.999999999999984457e-01,4.740420703945136816e-01,4.794073319430227076e-01,4.850215544521919719e-01,4.694210368467471861e-01,4.939624114753891071e-01,4.934511410570405765e-01,4.796005618886780564e-01,4.740420703945136816e-01,9.999999999999984457e-01,4.734991329195500365e-01,4.796240014148293040e-01,4.939624114729835869e-01,4.783681196462885588e-01,4.683357217869620337e-01,4.845102840500550290e-01,4.794073319430227076e-01,4.734991329195500365e-01,9.999999999999984457e-01,4.640044971010782726e-01,4.798172313398289535e-01,4.934511410526700725e-01,4.845102840532676813e-01,4.593886389978650286e-01,4.850215544521919719e-01,4.796240014148293040e-01,4.640044971010782726e-01,9.999999999999984457e-01,4.645474345751180456e-01,4.796005618778609314e-01,4.794073319422481605e-01,4.850215544491531805e-01,4.694210368467471861e-01,4.939624114729835869e-01,4.798172313398289535e-01,4.645474345751180456e-01,9.999999999999984457e-01,4.740420703956054194e-01,4.734991329272997262e-01,4.796240014081272207e-01,4.939624114753891071e-01,4.783681196462885588e-01,4.934511410526700725e-01,4.796005618778609314e-01,4.740420703956054194e-01,9.999999999999984457e-01
1.000000000000001332e+00,4.742276763784361582e-01,4.793313033254428257e-01,4.851425830922555527e-01,4.697724353215642079e-01,4.942040014606206011e-01,4.797482676030673243e-01,4.646028690105959980e-01,4.742276763784361582e-01,1.000000000000001332e+00,4.732234326417983361e-01,4.795615383051167191e-01,4.942040014551229987e-01,4.783885592231486017e-01,4.932585412020359938e-01,4.795180326269619098e-01,4.793313033254428257e-01,4.732234326417983361e-01,1.000000000000001332e+00,4.635986252843027344e-01,4.797482676106251676e-01,4.932585412266687896e-01,4.677649822363438847e-01,4.841971228403681438e-01,4.851425830922555527e-01,4.795615383051167191e-01,4.635986252843027344e-01,1.000000000000001332e+00,4.646028690387232762e-01,4.795180326451702335e-01,4.841971228716938636e-01,4.591488583412301483e-01,4.697724353215642079e-01,4.942040014551229987e-01,4.797482676106251676e-01,4.646028690387232762e-01,1.000000000000001332e+00,4.742276764125230581e-01,4.793313033525464784e-01,4.851425831122768151e-01,4.942040014606206011e-01,4.783885592231486017e-01,4.932585412266687896e-01,4.795180326451702335e-01,4.742276764125230581e-01,1.000000000000001332e+00,4.732234326608351083e-01,4.795615383177476154e-01,4.797482676030673243e-01,4.932585412020359938e-01,4.677649822363438847e-01,4.841971228716938636e-01,4.793313033525464784e-01,4.732234326608351083e-01,1.000000000000001332e+00,4.635986252758423909e-01,4.646028690105959980e-01,4.795180326269619098e-01,4.841971228403681438e-01,4.591488583412301483e-01,4.851425831122768151e-01,4.795615383177476154e-01,4.635986252758423909e-01,1.000000000000001332e+00
9.999999999999991118e-01,4.744135856396411999e-01,4.792548572711438082e-01,4.852633377161268413e-01,4.701241044267514546e-01,4.944461082124327334e-01,4.796789724449389003e-01,4.646576971206294870e-01,4.744135856396411999e-01,9.999999999999991118e-01,4.729472031019832379e-01,4.794987887005957017e-01,4.944461082477474290e-01,4.784093461381508927e-01,4.930658695538988612e-01,4.794350410264032192e-01,4.792548572711438082e-01,4.729472031019832379e-01,9.999999999999991118e-01,4.631913145962194278e-01,4.796789724614583528e-01,4.930658695867638497e-01,4.671928479925567812e-01,4.838830990488807715e-01,4.852633377161268413e-01,4.794987887005957017e-01,4.631913145962194278e-01,9.999999999999991118e-01,4.646576971349006824e-01,4.794350410196939194e-01,4.838830990675281329e-01,4.589076062795196531e-01,4.701241044267514546e-01,4.944461082477474290e-01,4.796789724614583528e-01,4.646576971349006824e-01,9.999999999999991118e-01,4.744135856289407593e-01,4.792548572481857838e-01,4.852633377026842609e-01,4.944461082124327334e-01,4.784093461381508927e-01,4.930658695867638497e-01,4.794350410196939194e-01,4.744135856289407593e-01,9.999999999999991118e-01,4.729472030730332288e-01,4.794987886831224566e-01,4.796789724449389003e-01,4.930658695538988612e-01,4.671928479925567812e-01,4.838830990675281329e-01,4.792548572481857838e-01,4.729472030730332288e-01,9.999999999999991118e-01,4.631913145657573505e-01,4.646576971206294870e-01,4.794350410264032192e-01,4.838830990488807715e-01,4.589076062795196531e-01,4.852633377026842609e-01,4.794987886831224566e-01,4.631913145657573505e-01,9.999999999999991118e-01
1.000000000000000888e+00,4.745997963077320247e-01,4.791779907569503338e-01,4.853838144980945346e-01,4.704760401043278084e-01,4.946887310353476064e-01,4.796093438769297723e-01,4.647119127880509071e-01,4.745997963077320247e-01,1.000000000000000888e+00,4.726704428028762894e-01,4.794357507795772300e-01,4.946887310239215796e-01,4.784304809952135695e-01,4.928731277910065045e-01,4.793515838564976761e-01,4.791779907569503338e-01,4.726704428028762894e-01,1.000000000000000888e+00,4.627825592870469240e-01,4.796093438823194610e-01,4.928731277981801551e-01,4.666193157085243293e-01,4.835682112580090841e-01,4.853838144980945346e-01,4.794357507795772300e-01,4.627825592870469240e-01,1.000000000000000888e+00,4.647119127979625897e-01,4.793515838676188912e-01,4.835682112727746618e-01,4.586648748184264379e-01,4.704760401043278084e-01,4.946887310239215796e-01,4.796093438823194610e-01,4.647119127979625897e-01,1.000000000000000888e+00,4.745997963199435343e-01,4.791779907638202829e-01,4.853838145075354271e-01,4.946887310353476064e-01,4.784304809952135695e-01,4.928731277981801551e-01,4.793515838676188912e-01,4.745997963199435343e-01,1.000000000000000888e+00,4.726704428108882139e-01,4.794357507799913987e-01,4.796093438769297723e-01,4.928731277910065045e-01,4.666193157085243293e-01,4.835682112727746618e-01,4.791779907638202829e-01,4.726704428108882139e-01,1.000000000000000888e+00,4.627825592850237646e-01,4.647119127880509071e-01,4.793515838564976761e-01,4.835682112580090841e-01,4.586648748184264379e-01,4.853838145075354271e-01,4.794357507799913987e-01,4.627825592850237646e-01,1.000000000000000888e+00
1.000000000000001332e+00,4.623723536172822945e-01,4.795393798753169179e-01,4.926803175125067380e-01,4.660443820355783529e-01,4.832524581691524102e-01,4.791007008599081907e-01,4.723931504084425415e-01,4.623723536172822945e-01,1.000000000000001332e+00,4.647655098466935697e-01,4.792676579429593353e-01,4.832524581656679197e-01,4.584206558482922800e-01,4.855040096911084624e-01,4.793724228025265655e-01,4.795393798753169179e-01,4.647655098466935697e-01,1.000000000000001332e+00,4.747863066359113704e-01,4.791007008610013163e-01,4.855040096947784156e-01,4.708282382516432163e-01,4.949318690595010395e-01,4.926803175125067380e-01,4.792676579429593353e-01,4.747863066359113704e-01,1.000000000000001332e+00,4.723931504001779857e-01,4.793724228102175799e-01,4.949318690569358692e-01,4.784519644505781932e-01,4.660443820355783529e-01,4.832524581656679197e-01,4.791007008610013163e-01,4.723931504001779857e-01,1.000000000000001332e+00,4.623723536084966557e-01,4.795393798692738629e-01,4.926803175076132080e-01,4.832524581691524102e-01,4.584206558482922800e-01,4.855040096947784156e-01,4.793724228102175799e-01,4.623723536084966557e-01,1.000000000000001332e+00,4.647655098431313636e-01,4.792676579309343432e-01,4.791007008599081907e-01,4.855040096911084624e-01,4.708282382516432163e-01,4.949318690569358692e-01,4.795393798692738629e-01,4.647655098431313636e-01,1.000000000000001332e+00,4.747863066368470664e-01,4.723931504084425415e-01,4.793724228025265655e-01,4.949318690595010395e-01,4.784519644505781932e-01,4.926803175076132080e-01,4.792676579309343432e-01,4.747863066368470664e-01,1.000000000000001332e+00
1.000000000000000222e+00,4.619606917823980141e-01,4.794690784175226206e-01,4.924874404128855576e-01,4.654680436228113005e-01,4.829358384130825188e-01,4.790229845670833653e-01,4.721153244502206414e-01,4.619606917823980141e-01,1.000000000000000222e+00,4.648184820895929215e-01,4.791832600193635106e-01,4.829358384102744317e-01,4.581749412585632841e-01,4.856239194538793380e-01,4.793088029765131819e-01,4.794690784175226206e-01,4.648184820895929215e-01,1.000000000000000222e+00,4.749731147569619671e-01,4.790229845701518552e-01,4.856239194589348496e-01,4.711806947256768630e-01,4.951755214791206394e-01,4.924874404128855576e-01,4.791832600193635106e-01,4.749731147569619671e-01,1.000000000000000222e+00,4.721153244447416353e-01,4.793088029865236743e-01,4.951755214774524183e-01,4.784737971018936387e-01,4.654680436228113005e-01,4.829358384102744317e-01,4.790229845701518552e-01,4.721153244447416353e-01,1.000000000000000222e+00,4.619606917755573749e-01,4.794690784121893312e-01,4.924874404078051215e-01,4.829358384130825188e-01,4.581749412585632841e-01,4.856239194589348496e-01,4.793088029865236743e-01,4.619606917755573749e-01,1.000000000000000222e+00,4.648184820860833399e-01,4.791832600062502223e-01,4.790229845670833653e-01,4.856239194538793380e-01,4.711806947256768630e-01,4.951755214774524183e-01,4.794690784121893312e-01,4.648184820860833399e-01,1.000000000000000222e+00,4.749731147558174937e-01,4.721153244502206414e-01,4.793088029765131819e-01,4.951755214791206394e-01,4.784737971018936387e-01,4.924874404078051215e-01,4.791832600062502223e-01,4.749731147558174937e-01,1.000000000000000222e+00
1.000000000000000444e+00,4.615475679731257941e-01,4.793984374591516717e-01,4.922944981707556567e-01,4.648902971114365346e-01,4.826183506977708149e-01,4.789448388555468950e-01,4.718369635003614171e-01,4.615475679731257941e-01,1.000000000000000444e+00,4.648708232574779720e-01,4.790983868287059799e-01,4.826183506943454993e-01,4.579277228814998546e-01,4.857435399366532569e-01,4.792448894972629603e-01,4.793984374591516717e-01,4.648708232574779720e-01,1.000000000000000444e+00,4.751602187827782542e-01,4.789448388569433890e-01,4.857435399405747312e-01,4.715334053014149651e-01,4.954196874359216851e-01,4.922944981707556567e-01,4.790983868287059799e-01,4.751602187827782542e-01,1.000000000000000444e+00,4.718369634918548328e-01,4.792448895052721647e-01,4.954196874331528999e-01,4.784959795438671337e-01,4.648902971114365346e-01,4.826183506943454993e-01,4.789448388569433890e-01,4.718369634918548328e-01,1.000000000000000444e+00,4.615475679638341155e-01,4.793984374527532899e-01,4.922944981655938412e-01,4.826183506977708149e-01,4.579277228814998546e-01,4.857435399405747312e-01,4.792448895052721647e-01,4.615475679638341155e-01,1.000000000000000444e+00,4.648708232534410900e-01,4.790983868158649184e-01,4.789448388555468950e-01,4.857435399366532569e-01,4.715334053014149651e-01,4.954196874331528999e-01,4.793984374527532899e-01,4.648708232534410900e-01,1.000000000000000444e+00,4.751602187834990110e-01,4.718369635003614171e-01,4.792448894972629603e-01,4.954196874359216851e-01,4.784959795438671337e-01,4.922944981655938412e-01,4.790983868158649184e-01,4.751602187834990110e-01,1.000000000000000444e+00
9.999999999999990008e-01,4.753476168136740454e-01,4.788662606984489534e-01,4.858628672378109137e-01,4.718863657165255354e-01,4.956643660231292992e-01,4.793274549581143518e-01,4.649225270504246943e-01,4.753476168136740454e-01,9.999999999999990008e-01,4.715580661035988497e-01,4.791806805598132213e-01,4.956643660397560547e-01,4.785185123548865160e-01,4.921014925078320834e-01,4.790130350833858852e-01,4.788662606984489534e-01,4.715580661035988497e-01,9.999999999999990008e-01,4.611329763286611261e-01,4.793274549454068501e-01,4.921014924617116981e-01,4.643111391461862691e-01,4.822999937316309049e-01,4.858628672378109137e-01,4.791806805598132213e-01,4.611329763286611261e-01,9.999999999999990008e-01,4.649225270172646640e-01,4.790130350730181230e-01,4.822999936988912051e-01,4.576789924936692788e-01,4.718863657165255354e-01,4.956643660397560547e-01,4.793274549454068501e-01,4.649225270172646640e-01,9.999999999999990008e-01,4.753476167841852451e-01,4.788662606453876758e-01,4.858628672628134693e-01,4.956643660231292992e-01,4.785185123548865160e-01,4.921014924617116981e-01,4.790130350730181230e-01,4.753476167841852451e-01,9.999999999999990008e-01,4.715580661042826360e-01,4.791806805338839070e-01,4.793274549581143518e-01,4.921014925078320834e-01,4.643111391461862691e-01,4.822999936988912051e-01,4.788662606453876758e-01,4.715580661042826360e-01,9.999999999999990008e-01,4.611329763483634769e-01,4.649225270504246943e-01,4.790130350833858852e-01,4.822999937316309049e-01,4.576789924936692788e-01,4.858628672628134693e-01,4.791806805338839070e-01,4.611329763483634769e-01,9.999999999999990008e-01
9.999999999999993339e-01,4.755353068194828059e-01,4.787872469469673375e-01,4.859818975143413433e-01,4.722395716340705984e-01,4.959095563576728649e-01,4.792561287703179795e-01,4.649735870600144594e-01,4.755353068194828059e-01,9.999999999999993339e-01,4.712786307999799473e-01,4.791161743059140221e-01,4.959095563508330029e-01,4.785413960833129199e-01,4.919084250218629939e-01,4.789272014461585236e-01,4.787872469469673375e-01,4.712786307999799473e-01,9.999999999999993339e-01,4.607169110698030590e-01,4.792561288220744120e-01,4.919084250754764409e-01,4.637305663444632464e-01,4.819807661684172295e-01,4.859818975143413433e-01,4.791161743059140221e-01,4.607169110698030590e-01,9.999999999999993339e-01,4.649735871112541941e-01,4.789272014600484129e-01,4.819807662542454629e-01,4.574287418992137866e-01,4.722395716340705984e-01,4.959095563508330029e-01,4.792561288220744120e-01,4.649735871112541941e-01,9.999999999999993339e-01,4.755353068443865516e-01,4.787872469476972537e-01,4.859818975136963037e-01,4.959095563576728649e-01,4.785413960833129199e-01,4.919084250754764409e-01,4.789272014600484129e-01,4.755353068443865516e-01,9.999999999999993339e-01,4.712786307860039048e-01,4.791161742879631591e-01,4.792561287703179795e-01,4.919084250218629939e-01,4.637305663444632464e-01,4.819807662542454629e-01,4.787872469476972537e-01,4.712786307860039048e-01,9.999999999999993339e-01,4.607169110234946574e-01,4.649735870600144594e-01,4.789272014461585236e-01,4.819807661684172295e-01,4.574287418992137866e-01,4.859818975136963037e-01,4.791161742879631591e-01,4.607169110234946574e-01,9.999999999999993339e-01
1.000000000000000000e+00,4.602993661861844998e-01,4.791844569181377134e-01,4.917152975916521118e-01,4.631485753548369999e-01,4.816606669151607956e-01,4.787077945649164668e-01,4.709986561062728394e-01,4.602993661861844998e-01,1.000000000000000000e+00,4.650239969571027809e-01,4.788408826167973031e-01,4.816606669121032969e-01,4.571769627381729872e-01,4.861006267429287542e-01,4.790513688788717306e-01,4.791844569181377134e-01,4.650239969571027809e-01,1.000000000000000000e+00,4.757232868769442069e-01,4.787077945684819480e-01,4.861006267487936183e-01,4.725930186488517259e-01,4.961552574475389110e-01,4.917152975916521118e-01,4.788408826167973031e-01,4.757232868769442069e-01,1.000000000000000000e+00,4.709986561006187511e-01,4.790513688902159339e-01,4.961552574458985010e-01,4.785646312789127443e-01,4.631485753548369999e-01,4.816606669121032969e-01,4.787077945684819480e-01,4.709986561006187511e-01,1.000000000000000000e+00,4.602993661789595570e-01,4.791844569124362740e-01,4.917152975859746533e-01,4.816606669151607956e-01,4.571769627381729872e-01,4.861006267487936183e-01,4.790513688902159339e-01,4.602993661789595570e-01,1.000000000000000000e+00,4.650239969533960793e-01,4.788408826023228260e-01,4.787077945649164668e-01,4.861006267429287542e-01,4.725930186488517259e-01,4.961552574458985010e-01,4.791844569124362740e-01,4.650239969533960793e-01,1.000000000000000000e+00,4.757232868754204258e-01,4.709986561062728394e-01,4.790513688788717306e-01,4.961552574475389110e-01,4.785646312789127443e-01,4.917152975859746533e-01,4.788408826023228260e-01,4.757232868754204258e-01,1.000000000000000000e+00
9.999999999999958922e-01,4.759115548998161804e-01,4.786279004006075422e-01,4.862190509967952434e-01,4.729467023802202963e-01,4.964014683032242359e-01,4.791124372254261243e-01,4.650737502072420093e-01,4.759115548998161804e-01,9.999999999999958922e-01,4.707181405541009389e-01,4.789862624658124957e-01,4.964014683299495245e-01,4.785882184475834245e-01,4.915221118191182015e-01,4.787540751591576882e-01,4.786279004006075422e-01,4.707181405541009389e-01,9.999999999999958922e-01,4.598803358927773255e-01,4.791124372388723129e-01,4.915221118807924228e-01,4.625651628101877799e-01,4.813396945272656602e-01,4.862190509967952434e-01,4.789862624658124957e-01,4.598803358927773255e-01,9.999999999999958922e-01,4.650737502797922529e-01,4.787540752080902129e-01,4.813396945855962783e-01,4.569236467415131453e-01,4.729467023802202963e-01,4.964014683299495245e-01,4.791124372388723129e-01,4.650737502797922529e-01,9.999999999999958922e-01,4.759115549437826775e-01,4.786279004386455038e-01,4.862190510630916007e-01,4.964014683032242359e-01,4.785882184475834245e-01,4.915221118807924228e-01,4.787540752080902129e-01,4.759115549437826775e-01,9.999999999999958922e-01,4.707181405344424974e-01,4.789862624776972666e-01,4.791124372254261243e-01,4.915221118191182015e-01,4.625651628101877799e-01,4.813396945855962783e-01,4.786279004386455038e-01,4.707181405344424974e-01,9.999999999999958922e-01,4.598803358387724138e-01,4.650737502072420093e-01,4.787540751591576882e-01,4.813396945272656602e-01,4.569236467415131453e-01,4.862190510630916007e-01,4.789862624776972666e-01,4.598803358387724138e-01,9.999999999999958922e-01
1.000000000000002220e+00,4.761001088634570499e-01,4.785475613369914449e-01,4.863371663074865237e-01,4.733006182681906981e-01,4.966481879329163185e-01,4.790400675948506271e-01,4.651228403573772763e-01,4.761001088634570499e-01,1.000000000000002220e+00,4.704370826175150455e-01,4.789208531691234727e-01,4.966481879375470587e-01,4.786121581308645512e-01,4.913288695539225204e-01,4.786667757642423804e-01,4.785475613369914449e-01,4.704370826175150455e-01,1.000000000000002220e+00,4.594598141132614777e-01,4.790400675985059253e-01,4.913288695538823303e-01,4.619803252896892420e-01,4.810178479219409664e-01,4.863371663074865237e-01,4.789208531691234727e-01,4.594598141132614777e-01,1.000000000000002220e+00,4.651228403596691097e-01,4.786667757647690702e-01,4.810178479270590945e-01,4.566687854272727942e-01,4.733006182681906981e-01,4.966481879375470587e-01,4.790400675985059253e-01,4.651228403596691097e-01,1.000000000000002220e+00,4.761001088624154942e-01,4.785475613353916691e-01,4.863371663033524417e-01,4.966481879329163185e-01,4.786121581308645512e-01,4.913288695538823303e-01,4.786667757647690702e-01,4.761001088624154942e-01,1.000000000000002220e+00,4.704370826138718487e-01,4.789208531681768966e-01,4.790400675948506271e-01,4.913288695539225204e-01,4.619803252896892420e-01,4.810178479270590945e-01,4.785475613353916691e-01,4.704370826138718487e-01,1.000000000000002220e+00,4.594598141093141352e-01,4.651228403573772763e-01,4.786667757642423804e-01,4.810178479219409664e-01,4.566687854272727942e-01,4.863371663033524417e-01,4.789208531681768966e-01,4.594598141093141352e-01,1.000000000000002220e+00
9.999999999999966693e-01,4.762889465972331982e-01,4.784667741453801360e-01,4.864549686011629959e-01,4.736547617866062598e-01,4.968954152628455856e-01,4.789673458920068461e-01,4.651712607991192461e-01,4.762889465972331982e-01,9.999999999999966693e-01,4.701554808082580306e-01,4.788551390980671507e-01,4.968954152669164959e-01,4.786364507722387085e-01,4.911355724677405332e-01,4.785789809374950132e-01,4.784667741453801360e-01,4.701554808082580306e-01,9.999999999999966693e-01,4.590377950081305780e-01,4.789673458837709341e-01,4.911355724721660487e-01,4.613940594550168250e-01,4.806951258133763671e-01,4.864549686011629959e-01,4.788551390980671507e-01,4.590377950081305780e-01,9.999999999999966693e-01,4.651712607919769038e-01,4.785789809325126098e-01,4.806951257983165804e-01,4.564123704690808969e-01,4.736547617866062598e-01,4.968954152669164959e-01,4.789673458837709341e-01,4.651712607919769038e-01,9.999999999999966693e-01,4.762889465879066586e-01,4.784667741415462028e-01,4.864549686014724150e-01,4.968954152628455856e-01,4.786364507722387085e-01,4.911355724721660487e-01,4.785789809325126098e-01,4.762889465879066586e-01,9.999999999999966693e-01,4.701554808041062405e-01,4.788551390945584019e-01,4.789673458920068461e-01,4.911355724677405332e-01,4.613940594550168250e-01,4.806951257983165804e-01,4.784667741415462028e-01,4.701554808041062405e-01,9.999999999999966693e-01,4.590377950101880433e-01,4.651712607991192461e-01,4.785789809374950132e-01,4.806951258133763671e-01,4.564123704690808969e-01,4.864549686014724150e-01,4.788551390945584019e-01,4.590377950101880433e-01,9.999999999999966693e-01
1.000000000000001554e+00,4.586142725616515481e-01,4.788942699481342213e-01,4.909422223626632720e-01,4.608063618977630838e-01,4.803715270131317383e-01,4.783855356266323300e-01,4.698733335933820698e-01,4.586142725616515481e-01,1.000000000000001554e+00,4.652190049163367758e-01,4.784906872436196501e-01,4.803715270087974276e-01,4.561543933671445283e-01,4.865724538379310182e-01,4.787891183440824427e-01,4.788942699481342213e-01,4.652190049163367758e-01,1.000000000000001554e+00,4.764780659457825140e-01,4.783855356279224647e-01,4.865724538428325419e-01,4.740091283041660830e-01,4.971431492187270429e-01,4.909422223626632720e-01,4.784906872436196501e-01,4.764780659457825140e-01,1.000000000000001554e+00,4.698733335834597291e-01,4.787891183538185436e-01,4.971431492159013588e-01,4.786610968496053387e-01,4.608063618977630838e-01,4.803715270087974276e-01,4.783855356279224647e-01,4.698733335834597291e-01,1.000000000000001554e+00,4.586142725513847607e-01,4.788942699413004656e-01,4.909422223567397880e-01,4.803715270131317383e-01,4.561543933671445283e-01,4.865724538428325419e-01,4.787891183538185436e-01,4.586142725513847607e-01,1.000000000000001554e+00,4.652190049126513904e-01,4.784906872291965207e-01,4.783855356266323300e-01,4.865724538379310182e-01,4.740091283041660830e-01,4.971431492159013588e-01,4.788942699413004656e-01,4.652190049126513904e-01,1.000000000000001554e+00,4.764780659471566926e-01,4.698733335933820698e-01,4.787891183440824427e-01,4.971431492187270429e-01,4.786610968496053387e-01,4.909422223567397880e-01,4.784906872291965207e-01,4.764780659471566926e-01,1.000000000000001554e+00
9.999999999999998890e-01,4.581892407542801915e-01,4.788208376298925262e-01,4.907488210224426606e-01,4.602172292364538619e-01,4.800470503439839831e-01,4.783038425624136503e-01,4.695906394357267644e-01,4.581892407542801915e-01,9.999999999999998890e-01,4.652660660608716747e-01,4.784018912060674644e-01,4.800470503403786449e-01,4.558948456126045157e-01,4.866896179487332774e-01,4.787227890003319386e-01,4.788208376298925262e-01,4.652660660608716747e-01,9.999999999999998890e-01,4.766674647419603117e-01,4.783038425659850157e-01,4.866896179552517854e-01,4.743637131709315113e-01,4.973913886586583954e-01,4.907488210224426606e-01,4.784018912060674644e-01,4.766674647419603117e-01,9.999999999999998890e-01,4.695906394290917385e-01,4.787227890127742080e-01,4.973913886569029108e-01,4.786860968100064562e-01,4.602172292364538619e-01,4.800470503403786449e-01,4.783038425659850157e-01,4.695906394290917385e-01,9.999999999999998890e-01,4.581892407460016470e-01,4.788208376235636443e-01,4.907488210159710595e-01,4.800470503439839831e-01,4.558948456126045157e-01,4.866896179552517854e-01,4.787227890127742080e-01,4.581892407460016470e-01,9.999999999999998890e-01,4.652660660569576945e-01,4.784018911901286031e-01,4.783038425624136503e-01,4.866896179487332774e-01,4.743637131709315113e-01,4.973913886569029108e-01,4.788208376235636443e-01,4.652660660569576945e-01,9.999999999999998890e-01,4.766674647405585441e-01,4.695906394357267644e-01,4.787227890003319386e-01,4.973913886586583954e-01,4.786860968100064562e-01,4.907488210159710595e-01,4.784018911901286031e-01,4.766674647405585441e-01,9.999999999999998890e-01
9.999999999999980016e-01,4.577626935611824321e-01,4.787470467466703461e-01,4.905553702403400163e-01,4.596266580717848216e-01,4.797216946508555679e-01,4.782216916865341672e-01,4.693073967910003641e-01,4.577626935611824321e-01,9.999999999999980016e-01,4.653124375021125969e-01,4.783125893149586250e-01,4.797216946461865250e-01,4.556337186504991754e-01,4.868064568152096205e-01,4.786561491315498573e-01,4.787470467466703461e-01,4.653124375021125969e-01,9.999999999999980016e-01,4.768571407293296094e-01,4.782216916874492685e-01,4.868064568200972664e-01,4.747185116399905702e-01,4.976401324371496626e-01,4.905553702403400163e-01,4.783125893149586250e-01,4.768571407293296094e-01,9.999999999999980016e-01,4.693073967801322799e-01,4.786561491411975844e-01,4.976401324340607446e-01,4.787114510767306319e-01,4.596266580717848216e-01,4.797216946461865250e-01,4.782216916874492685e-01,4.693073967801322799e-01,9.999999999999980016e-01,4.577626935500082039e-01,4.787470467393426521e-01,4.905553702340638145e-01,4.797216946508555679e-01,4.556337186504991754e-01,4.868064568200972664e-01,4.786561491411975844e-01,4.577626935500082039e-01,9.999999999999980016e-01,4.653124374981896794e-01,4.783125893001159978e-01,4.782216916865341672e-01,4.868064568152096205e-01,4.747185116399905702e-01,4.976401324340607446e-01,4.787470467393426521e-01,4.653124374981896794e-01,9.999999999999980016e-01,4.768571407310759902e-01,4.693073967910003641e-01,4.786561491315498573e-01,4.976401324371496626e-01,4.787114510767306319e-01,4.905553702340638145e-01,4.783125893001159978e-01,4.768571407310759902e-01,9.999999999999980016e-01
1.000000000000000888e+00,4.770470915862607963e-01,4.781390796920956254e-01,4.869229663670305852e-01,4.750735189465088992e-01,4.978893793637186316e-01,4.786728950109052638e-01,4.653581124061292318e-01,4.770470915862607963e-01,1.000000000000000888e+00,4.690236040722985944e-01,4.785891967687629367e-01,4.978893793494991726e-01,4.787371600567333352e-01,4.903618718277569788e-01,4.782227780071466872e-01,4.781390796920956254e-01,4.690236040722985944e-01,1.000000000000000888e+00,4.573346249577541212e-01,4.786728952022547556e-01,4.903618718270652543e-01,4.590346449930436390e-01,4.793954585902874266e-01,4.869229663670305852e-01,4.785891967687629367e-01,4.573346249577541212e-01,1.000000000000000888e+00,4.653581125522784911e-01,4.782227780516275506e-01,4.793954589656447274e-01,4.553710038867605503e-01,4.750735189465088992e-01,4.978893793494991726e-01,4.786728952022547556e-01,4.653581125522784911e-01,1.000000000000000888e+00,4.770470917150007595e-01,4.781390797358461842e-01,4.869229662338632192e-01,4.978893793637186316e-01,4.787371600567333352e-01,4.903618718270652543e-01,4.782227780516275506e-01,4.770470917150007595e-01,1.000000000000000888e+00,4.690236040885198410e-01,4.785891968218025649e-01,4.786728950109052638e-01,4.903618718277569788e-01,4.590346449930436390e-01,4.793954589656447274e-01,4.781390797358461842e-01,4.690236040885198410e-01,1.000000000000000888e+00,4.573346248621957821e-01,4.653581124061292318e-01,4.782227780071466872e-01,4.793954585902874266e-01,4.553710038867605503e-01,4.869229662338632192e-01,4.785891968218025649e-01,4.573346248621957821e-01,1.000000000000000888e+00
1.000000000000001776e+00,4.772373151325851603e-01,4.780560033068652070e-01,4.870391422238666279e-01,4.754287301615610639e-01,4.981391281921897507e-01,4.785983804869023417e-01,4.654030841221847847e-01,4.772373151325851603e-01,1.000000000000001776e+00,4.687392597594987054e-01,4.785219300032421685e-01,4.981391281941786042e-01,4.787632241257639421e-01,4.901683276000097789e-01,4.781324537966132326e-01,4.780560033068652070e-01,4.687392597594987054e-01,1.000000000000001776e+00,4.569050287551931766e-01,4.785983804986566614e-01,4.901683276048074966e-01,4.584411866306709049e-01,4.790683416164568942e-01,4.870391422238666279e-01,4.785219300032421685e-01,4.569050287551931766e-01,1.000000000000001776e+00,4.654030841342341462e-01,4.781324538026201498e-01,4.790683416368881065e-01,4.551066926679492308e-01,4.754287301615610639e-01,4.981391281941786042e-01,4.785983804986566614e-01,4.654030841342341462e-01,1.000000000000001776e+00,4.772373151377472533e-01,4.780560033152286836e-01,4.870391422176028051e-01,4.981391281921897507e-01,4.787632241257639421e-01,4.901683276048074966e-01,4.781324538026201498e-01,4.772373151377472533e-01,1.000000000000001776e+00,4.687392597543678097e-01,4.785219300075199689e-01,4.785983804869023417e-01,4.901683276000097789e-01,4.584411866306709049e-01,4.790683416368881065e-01,4.780560033152286836e-01,4.687392597543678097e-01,1.000000000000001776e+00,4.569050287447877778e-01,4.654030841221847847e-01,4.781324537966132326e-01,4.790683416164568942e-01,4.551066926679492308e-01,4.870391422176028051e-01,4.785219300075199689e-01,4.569050287447877778e-01,1.000000000000001776e+00
1.000000000000001776e+00,4.564738989500014554e-01,4.785235006695010007e-01,4.899747393931342954e-01,4.578462795398131613e-01,4.787403420936371390e-01,4.779724591353639584e-01,4.684543622110142191e-01,4.564738989500014554e-01,1.000000000000001776e+00,4.654473455838336049e-01,4.780416130259483865e-01,4.787403420886620076e-01,4.548407763111145252e-01,4.871549803631175513e-01,4.784543467928355498e-01,4.785235006695010007e-01,4.654473455838336049e-01,1.000000000000001776e+00,4.774278088428108302e-01,4.779724591366558140e-01,4.871549803687502123e-01,4.757841404058600343e-01,4.983893776962100564e-01,4.899747393931342954e-01,4.780416130259483865e-01,4.774278088428108302e-01,1.000000000000001776e+00,4.684543622007384944e-01,4.784543468037847358e-01,4.983893776936080822e-01,4.787896436508651266e-01,4.578462795398131613e-01,4.787403420886620076e-01,4.779724591366558140e-01,4.684543622007384944e-01,1.000000000000001776e+00,4.564738989390877411e-01,4.785235006620841003e-01,4.899747393862267653e-01,4.787403420936371390e-01,4.548407763111145252e-01,4.871549803687502123e-01,4.784543468037847358e-01,4.564738989390877411e-01,1.000000000000001776e+00,4.654473455800192672e-01,4.780416130103410932e-01,4.779724591353639584e-01,4.871549803631175513e-01,4.757841404058600343e-01,4.983893776936080822e-01,4.785235006620841003e-01,4.654473455800192672e-01,1.000000000000001776e+00,4.774278088438926315e-01,4.684543622110142191e-01,4.784543467928355498e-01,4.983893776962100564e-01,4.787896436508651266e-01,4.899747393862267653e-01,4.780416130103410932e-01,4.774278088438926315e-01,1.000000000000001776e+00
9.999999999999972244e-01,4.560412293787452498e-01,4.784482534115205299e-01,4.897811090561877689e-01,4.572499203212173624e-01,4.784114590670068834e-01,4.778884438270801782e-01,4.681689098388250314e-01,4.560412293787452498e-01,9.999999999999972244e-01,4.654908899200171368e-01,4.779502520786512165e-01,4.784114590618082086e-01,4.545732460879144954e-01,4.872704765230350121e-01,4.783864451740496571e-01,4.784482534115205299e-01,4.654908899200171368e-01,9.999999999999972244e-01,4.776185703775407965e-01,4.778884438278132585e-01,4.872704765283464301e-01,4.761397447227591062e-01,4.986401265462556132e-01,4.897811090561877689e-01,4.779502520786512165e-01,4.776185703775407965e-01,9.999999999999972244e-01,4.681689098276925476e-01,4.783864451844936361e-01,4.986401265434510233e-01,4.788164189727565079e-01,4.572499203212173624e-01,4.784114590618082086e-01,4.778884438278132585e-01,4.681689098276925476e-01,9.999999999999972244e-01,4.560412293673360429e-01,4.784482534040681023e-01,4.897811090494011421e-01,4.784114590670068834e-01,4.545732460879144954e-01,4.872704765283464301e-01,4.783864451844936361e-01,4.560412293673360429e-01,9.999999999999972244e-01,4.654908899163401892e-01,4.779502520632912255e-01,4.778884438270801782e-01,4.872704765230350121e-01,4.761397447227591062e-01,4.986401265434510233e-01,4.784482534040681023e-01,4.654908899163401892e-01,9.999999999999972244e-01,4.776185703794488813e-01,4.681689098388250314e-01,4.783864451740496571e-01,4.986401265462556132e-01,4.788164189727565079e-01,4.897811090494011421e-01,4.779502520632912255e-01,4.776185703794488813e-01,9.999999999999972244e-01
1.000000000000001332e+00,4.778095973291351939e-01,4.778039540212591918e-01,4.873856264979657960e-01,4.764955380881316094e-01,4.988913733319227939e-01,4.783726363899745704e-01,4.655337101042491543e-01,4.778095973291351939e-01,1.000000000000001332e+00,4.678829011025044116e-01,4.783182232135548273e-01,4.988913734905424113e-01,4.788435504218995775e-01,4.895874384044019978e-01,4.778583672584933995e-01,4.778039540212591918e-01,4.678829011025044116e-01,1.000000000000001332e+00,4.556070139398736285e-01,4.783726365253337942e-01,4.895874384729259621e-01,4.566521055888076996e-01,4.780816914817238028e-01,4.873856264979657960e-01,4.783182232135548273e-01,4.556070139398736285e-01,1.000000000000001332e+00,4.655337101749825179e-01,4.778583673400670917e-01,4.780816914969522879e-01,4.543040932182282887e-01,4.764955380881316094e-01,4.988913734905424113e-01,4.783726365253337942e-01,4.655337101749825179e-01,1.000000000000001332e+00,4.778095972749899500e-01,4.778039539767399146e-01,4.873856263987719206e-01,4.988913733319227939e-01,4.788435504218995775e-01,4.895874384729259621e-01,4.778583673400670917e-01,4.778095972749899500e-01,1.000000000000001332e+00,4.678829009689248197e-01,4.783182230971098070e-01,4.783726363899745704e-01,4.895874384044019978e-01,4.566521055888076996e-01,4.780816914969522879e-01,4.778039539767399146e-01,4.678829009689248197e-01,1.000000000000001332e+00,4.556070138066007913e-01,4.655337101042491543e-01,4.778583672584933995e-01,4.780816914817238028e-01,4.543040932182282887e-01,4.873856263987719206e-01,4.783182230971098070e-01,4.556070138066007913e-01,1.000000000000001332e+00
1.000000000000001110e+00,4.551712462737383391e-01,4.782966475150668417e-01,4.893937294390446890e-01,4.560528318258209035e-01,4.777510383278175676e-01,4.777189861499027690e-01,4.675963341386091821e-01,4.551712462737383391e-01,1.000000000000001110e+00,4.655757991837016219e-01,4.777659550427655888e-01,4.777510383227327462e-01,4.540333088790228233e-01,4.875004257787609596e-01,4.782496786369728192e-01,4.782966475150668417e-01,4.655757991837016219e-01,1.000000000000001110e+00,4.780008870469410476e-01,4.777189861515341307e-01,4.875004257849199218e-01,4.768515152885610120e-01,4.991431169246113297e-01,4.893937294390446890e-01,4.777659550427655888e-01,4.780008870469410476e-01,1.000000000000001110e+00,4.675963341288488229e-01,4.782496786489117691e-01,4.991431169224315179e-01,4.788710382525738218e-01,4.560528318258209035e-01,4.777510383227327462e-01,4.777189861515341307e-01,4.675963341288488229e-01,1.000000000000001110e+00,4.551712462630519429e-01,4.782966475077497503e-01,4.893937294317346476e-01,4.777510383278175676e-01,4.540333088790228233e-01,4.875004257849199218e-01,4.782496786489117691e-01,4.551712462630519429e-01,1.000000000000001110e+00,4.655757991799813755e-01,4.777659550264848898e-01,4.777189861499027690e-01,4.875004257787609596e-01,4.768515152885610120e-01,4.991431169224315179e-01,4.782966475077497503e-01,4.655757991799813755e-01,1.000000000000001110e+00,4.780008870476245009e-01,4.675963341386091821e-01,4.782496786369728192e-01,4.991431169246113297e-01,4.788710382525738218e-01,4.893937294317346476e-01,4.777659550264848898e-01,4.780008870476245009e-01,1.000000000000001110e+00
