1.000000000000000000e+00,1.000000000000000000e+00,1.000000000000000000e+00,1.000000000000000000e+00,1.000000000000000000e+00,1.000000000000000000e+00,1.000000000000000000e+00,1.000000000000000000e+00,1.000000000000000000e+00,1.000000000000000000e+00,1.000000000000000000e+00,1.000000000000000000e+00,1.000000000000000000e+00,1.000000000000000000e+00,1.000000000000000000e+00,1.000000000000000000e+00,1.000000000000000000e+00,1.000000000000000000e+00,1.000000000000000000e+00,1.000000000000000000e+00,1.000000000000000000e+00,1.000000000000000000e+00,1.000000000000000000e+00,1.000000000000000000e+00,1.000000000000000000e+00,1.000000000000000000e+00,1.000000000000000000e+00,1.000000000000000000e+00,1.000000000000000000e+00,1.000000000000000000e+00,1.000000000000000000e+00,1.000000000000000000e+00,1.000000000000000000e+00,1.000000000000000000e+00,1.000000000000000000e+00,1.000000000000000000e+00,1.000000000000000000e+00,1.000000000000000000e+00,1.000000000000000000e+00,1.000000000000000000e+00,1.000000000000000000e+00,1.000000000000000000e+00,1.000000000000000000e+00,1.000000000000000000e+00,1.000000000000000000e+00,1.000000000000000000e+00,1.000000000000000000e+00,1.000000000000000000e+00,1.000000000000000000e+00,1.000000000000000000e+00,1.000000000000000000e+00,1.000000000000000000e+00,1.000000000000000000e+00,1.000000000000000000e+00,1.000000000000000000e+00,1.000000000000000000e+00,1.000000000000000000e+00,1.000000000000000000e+00,1.000000000000000000e+00,1.000000000000000000e+00,1.000000000000000000e+00,1.000000000000000000e+00,1.000000000000000000e+00,1.000000000000000000e+00
1.000000000000003331e+00,9.997189163678986690e-01,9.997189340065747443e-01,9.997189345660223436e-01,9.997189346188777304e-01,9.997189345660223436e-01,9.997189340065747443e-01,9.997189163678986690e-01,9.997189163678986690e-01,1.000000000000003331e+00,9.997189163678987800e-01,9.997189340065745222e-01,9.997189345660224546e-01,9.997189346188776193e-01,9.997189345660225657e-01,9.997189340065747443e-01,9.997189340065747443e-01,9.997189163678987800e-01,1.000000000000003331e+00,9.997189163678986690e-01,9.997189340065746332e-01,9.997189345660223436e-01,9.997189346188777304e-01,9.997189345660225657e-01,9.997189345660223436e-01,9.997189340065745222e-01,9.997189163678986690e-01,1.000000000000003331e+00,9.997189163678985580e-01,9.997189340065746332e-01,9.997189345660224546e-01,9.997189346188776193e-01,9.997189346188777304e-01,9.997189345660224546e-01,9.997189340065746332e-01,9.997189163678985580e-01,1.000000000000003331e+00,9.997189163678985580e-01,9.997189340065747443e-01,9.997189345660225657e-01,9.997189345660223436e-01,9.997189346188776193e-01,9.997189345660223436e-01,9.997189340065746332e-01,9.997189163678985580e-01,1.000000000000003331e+00,9.997189163678984469e-01,9.997189340065745222e-01,9.997189340065747443e-01,9.997189345660225657e-01,9.997189346188777304e-01,9.997189345660224546e-01,9.997189340065747443e-01,9.997189163678984469e-01,1.000000000000003331e+00,9.997189163678986690e-01,9.997189163678986690e-01,9.997189340065747443e-01,9.997189345660225657e-01,9.997189346188776193e-01,9.997189345660225657e-01,9.997189340065745222e-01,9.997189163678986690e-01,1.000000000000003331e+00
1.000000000000002220e+00,9.972984426741966502e-01,9.973000089964711989e-01,9.973001086548054506e-01,9.973001183890201071e-01,9.973001086548053395e-01,9.973000089964713100e-01,9.972984426741967612e-01,9.972984426741966502e-01,1.000000000000002220e+00,9.972984426741966502e-01,9.973000089964711989e-01,9.973001086548052285e-01,9.973001183890201071e-01,9.973001086548053395e-01,9.973000089964713100e-01,9.973000089964711989e-01,9.972984426741966502e-01,1.000000000000002220e+00,9.972984426741967612e-01,9.973000089964711989e-01,9.973001086548053395e-01,9.973001183890202181e-01,9.973001086548053395e-01,9.973001086548054506e-01,9.973000089964711989e-01,9.972984426741967612e-01,1.000000000000002220e+00,9.972984426741967612e-01,9.973000089964713100e-01,9.973001086548053395e-01,9.973001183890202181e-01,9.973001183890201071e-01,9.973001086548052285e-01,9.973000089964711989e-01,9.972984426741967612e-01,1.000000000000002220e+00,9.972984426741967612e-01,9.973000089964710879e-01,9.973001086548052285e-01,9.973001086548053395e-01,9.973001183890201071e-01,9.973001086548053395e-01,9.973000089964713100e-01,9.972984426741967612e-01,1.000000000000002220e+00,9.972984426741967612e-01,9.973000089964713100e-01,9.973000089964713100e-01,9.973001086548053395e-01,9.973001183890202181e-01,9.973001086548053395e-01,9.973000089964710879e-01,9.972984426741967612e-01,1.000000000000002220e+00,9.972984426741967612e-01,9.972984426741967612e-01,9.973000089964713100e-01,9.973001086548053395e-01,9.973001183890202181e-01,9.973001086548052285e-01,9.973000089964713100e-01,9.972984426741967612e-01,1.000000000000002220e+00
1.000000000000000888e+00,9.936308542155456447e-01,9.936389261521847427e-01,9.936397121332587457e-01,9.936397917093768850e-01,9.936397121332588567e-01,9.936389261521847427e-01,9.936308542155456447e-01,9.936308542155456447e-01,1.000000000000000888e+00,9.936308542155454226e-01,9.936389261521845206e-01,9.936397121332588567e-01,9.936397917093769960e-01,9.936397121332588567e-01,9.936389261521847427e-01,9.936389261521847427e-01,9.936308542155454226e-01,1.000000000000000888e+00,9.936308542155455337e-01,9.936389261521847427e-01,9.936397121332587457e-01,9.936397917093768850e-01,9.936397121332588567e-01,9.936397121332587457e-01,9.936389261521845206e-01,9.936308542155455337e-01,1.000000000000000888e+00,9.936308542155455337e-01,9.936389261521846317e-01,9.936397121332587457e-01,9.936397917093767740e-01,9.936397917093768850e-01,9.936397121332588567e-01,9.936389261521847427e-01,9.936308542155455337e-01,1.000000000000000888e+00,9.936308542155456447e-01,9.936389261521847427e-01,9.936397121332588567e-01,9.936397121332588567e-01,9.936397917093769960e-01,9.936397121332587457e-01,9.936389261521846317e-01,9.936308542155456447e-01,1.000000000000000888e+00,9.936308542155456447e-01,9.936389261521847427e-01,9.936389261521847427e-01,9.936397121332588567e-01,9.936397917093768850e-01,9.936397121332587457e-01,9.936389261521847427e-01,9.936308542155456447e-01,1.000000000000000888e+00,9.936308542155456447e-01,9.936308542155456447e-01,9.936389261521847427e-01,9.936397121332588567e-01,9.936397917093767740e-01,9.936397121332588567e-01,9.936389261521847427e-01,9.936308542155456447e-01,1.000000000000000888e+00
1.000000000000001110e+00,9.921778008509449798e-01,9.921891762110380819e-01,9.921898572159607577e-01,9.921899244203438162e-01,9.921898572159606466e-01,9.921891762110381929e-01,9.921778008509449798e-01,9.921778008509449798e-01,1.000000000000001110e+00,9.921778008509449798e-01,9.921891762110383040e-01,9.921898572159605356e-01,9.921899244203435941e-01,9.921898572159606466e-01,9.921891762110381929e-01,9.921891762110380819e-01,9.921778008509449798e-01,1.000000000000001110e+00,9.921778008509449798e-01,9.921891762110381929e-01,9.921898572159605356e-01,9.921899244203435941e-01,9.921898572159605356e-01,9.921898572159607577e-01,9.921891762110383040e-01,9.921778008509449798e-01,1.000000000000001110e+00,9.921778008509450908e-01,9.921891762110380819e-01,9.921898572159606466e-01,9.921899244203437052e-01,9.921899244203438162e-01,9.921898572159605356e-01,9.921891762110381929e-01,9.921778008509450908e-01,1.000000000000001110e+00,9.921778008509448687e-01,9.921891762110381929e-01,9.921898572159606466e-01,9.921898572159606466e-01,9.921899244203435941e-01,9.921898572159605356e-01,9.921891762110380819e-01,9.921778008509448687e-01,1.000000000000001110e+00,9.921778008509448687e-01,9.921891762110381929e-01,9.921891762110381929e-01,9.921898572159606466e-01,9.921899244203435941e-01,9.921898572159606466e-01,9.921891762110381929e-01,9.921778008509448687e-01,1.000000000000001110e+00,9.921778008509450908e-01,9.921778008509449798e-01,9.921891762110381929e-01,9.921898572159605356e-01,9.921899244203437052e-01,9.921898572159606466e-01,9.921891762110381929e-01,9.921778008509450908e-01,1.000000000000001110e+00
1.000000000000003775e+00,9.890595789621265954e-01,9.890818614827638910e-01,9.890834290098263759e-01,9.890835848698777966e-01,9.890834290098264869e-01,9.890818614827636690e-01,9.890595789621265954e-01,9.890595789621265954e-01,1.000000000000003775e+00,9.890595789621267064e-01,9.890818614827635580e-01,9.890834290098264869e-01,9.890835848698775745e-01,9.890834290098264869e-01,9.890818614827636690e-01,9.890818614827638910e-01,9.890595789621267064e-01,1.000000000000003775e+00,9.890595789621264844e-01,9.890818614827635580e-01,9.890834290098263759e-01,9.890835848698776855e-01,9.890834290098265980e-01,9.890834290098263759e-01,9.890818614827635580e-01,9.890595789621264844e-01,1.000000000000003775e+00,9.890595789621267064e-01,9.890818614827636690e-01,9.890834290098263759e-01,9.890835848698775745e-01,9.890835848698777966e-01,9.890834290098264869e-01,9.890818614827635580e-01,9.890595789621267064e-01,1.000000000000003775e+00,9.890595789621267064e-01,9.890818614827637800e-01,9.890834290098265980e-01,9.890834290098264869e-01,9.890835848698775745e-01,9.890834290098263759e-01,9.890818614827636690e-01,9.890595789621267064e-01,1.000000000000003775e+00,9.890595789621265954e-01,9.890818614827636690e-01,9.890818614827636690e-01,9.890834290098264869e-01,9.890835848698776855e-01,9.890834290098263759e-01,9.890818614827637800e-01,9.890595789621265954e-01,1.000000000000003775e+00,9.890595789621267064e-01,9.890595789621265954e-01,9.890818614827636690e-01,9.890834290098265980e-01,9.890835848698775745e-01,9.890834290098265980e-01,9.890818614827636690e-01,9.890595789621267064e-01,1.000000000000003775e+00
1.000000000000006217e+00,9.798792335315563706e-01,9.799609799423590895e-01,9.799660372557720267e-01,9.799665287788009715e-01,9.799660372557719157e-01,9.799609799423592005e-01,9.798792335315564817e-01,9.798792335315563706e-01,1.000000000000006217e+00,9.798792335315563706e-01,9.799609799423592005e-01,9.799660372557720267e-01,9.799665287788008605e-01,9.799660372557719157e-01,9.799609799423590895e-01,9.799609799423590895e-01,9.798792335315563706e-01,1.000000000000006217e+00,9.798792335315564817e-01,9.799609799423590895e-01,9.799660372557719157e-01,9.799665287788008605e-01,9.799660372557719157e-01,9.799660372557720267e-01,9.799609799423592005e-01,9.798792335315564817e-01,1.000000000000006217e+00,9.798792335315563706e-01,9.799609799423589784e-01,9.799660372557720267e-01,9.799665287788009715e-01,9.799665287788009715e-01,9.799660372557720267e-01,9.799609799423590895e-01,9.798792335315563706e-01,1.000000000000006217e+00,9.798792335315563706e-01,9.799609799423592005e-01,9.799660372557720267e-01,9.799660372557719157e-01,9.799665287788008605e-01,9.799660372557719157e-01,9.799609799423589784e-01,9.798792335315563706e-01,1.000000000000006217e+00,9.798792335315563706e-01,9.799609799423592005e-01,9.799609799423592005e-01,9.799660372557719157e-01,9.799665287788008605e-01,9.799660372557720267e-01,9.799609799423592005e-01,9.798792335315563706e-01,1.000000000000006217e+00,9.798792335315564817e-01,9.798792335315564817e-01,9.799609799423590895e-01,9.799660372557719157e-01,9.799665287788009715e-01,9.799660372557720267e-01,9.799609799423592005e-01,9.798792335315564817e-01,1.000000000000006217e+00
1.000000000000005551e+00,9.723006749098654922e-01,9.724496949398300227e-01,9.724608623483229630e-01,9.724619483940960540e-01,9.724608623483227410e-01,9.724496949398301338e-01,9.723006749098657142e-01,9.723006749098654922e-01,1.000000000000005551e+00,9.723006749098654922e-01,9.724496949398299117e-01,9.724608623483226300e-01,9.724619483940958320e-01,9.724608623483227410e-01,9.724496949398299117e-01,9.724496949398300227e-01,9.723006749098654922e-01,1.000000000000005551e+00,9.723006749098654922e-01,9.724496949398298007e-01,9.724608623483227410e-01,9.724619483940959430e-01,9.724608623483228520e-01,9.724608623483229630e-01,9.724496949398299117e-01,9.723006749098654922e-01,1.000000000000005551e+00,9.723006749098656032e-01,9.724496949398300227e-01,9.724608623483229630e-01,9.724619483940961651e-01,9.724619483940960540e-01,9.724608623483226300e-01,9.724496949398298007e-01,9.723006749098656032e-01,1.000000000000005551e+00,9.723006749098657142e-01,9.724496949398300227e-01,9.724608623483228520e-01,9.724608623483227410e-01,9.724619483940958320e-01,9.724608623483227410e-01,9.724496949398300227e-01,9.723006749098657142e-01,1.000000000000005551e+00,9.723006749098654922e-01,9.724496949398299117e-01,9.724496949398301338e-01,9.724608623483227410e-01,9.724619483940959430e-01,9.724608623483229630e-01,9.724496949398300227e-01,9.723006749098654922e-01,1.000000000000005551e+00,9.723006749098656032e-01,9.723006749098657142e-01,9.724496949398299117e-01,9.724608623483228520e-01,9.724619483940961651e-01,9.724608623483228520e-01,9.724496949398299117e-01,9.723006749098656032e-01,1.000000000000005551e+00
1.000000000000004441e+00,9.705028115639718900e-01,9.706672408816696684e-01,9.706760244439370799e-01,9.706768817166300245e-01,9.706760244439373020e-01,9.706672408816697795e-01,9.705028115639721120e-01,9.705028115639718900e-01,1.000000000000004441e+00,9.705028115639715569e-01,9.706672408816694464e-01,9.706760244439369689e-01,9.706768817166296914e-01,9.706760244439369689e-01,9.706672408816695574e-01,9.706672408816696684e-01,9.705028115639715569e-01,1.000000000000004441e+00,9.705028115639717790e-01,9.706672408816695574e-01,9.706760244439370799e-01,9.706768817166296914e-01,9.706760244439370799e-01,9.706760244439370799e-01,9.706672408816694464e-01,9.705028115639717790e-01,1.000000000000004441e+00,9.705028115639718900e-01,9.706672408816698905e-01,9.706760244439370799e-01,9.706768817166299135e-01,9.706768817166300245e-01,9.706760244439369689e-01,9.706672408816695574e-01,9.705028115639718900e-01,1.000000000000004441e+00,9.705028115639721120e-01,9.706672408816697795e-01,9.706760244439373020e-01,9.706760244439373020e-01,9.706768817166296914e-01,9.706760244439370799e-01,9.706672408816698905e-01,9.705028115639721120e-01,1.000000000000004441e+00,9.705028115639720010e-01,9.706672408816698905e-01,9.706672408816697795e-01,9.706760244439369689e-01,9.706768817166296914e-01,9.706760244439370799e-01,9.706672408816697795e-01,9.705028115639720010e-01,1.000000000000004441e+00,9.705028115639721120e-01,9.705028115639721120e-01,9.706672408816695574e-01,9.706760244439370799e-01,9.706768817166299135e-01,9.706760244439373020e-01,9.706672408816698905e-01,9.705028115639721120e-01,1.000000000000004441e+00
1.000000000000003775e+00,9.627521681367744444e-01,9.630217198551842550e-01,9.630374193950557160e-01,9.630389543837236666e-01,9.630374193950553829e-01,9.630217198551843660e-01,9.627521681367744444e-01,9.627521681367744444e-01,1.000000000000003775e+00,9.627521681367742223e-01,9.630217198551843660e-01,9.630374193950553829e-01,9.630389543837234445e-01,9.630374193950556050e-01,9.630217198551844771e-01,9.630217198551842550e-01,9.627521681367742223e-01,1.000000000000003775e+00,9.627521681367744444e-01,9.630217198551842550e-01,9.630374193950553829e-01,9.630389543837236666e-01,9.630374193950556050e-01,9.630374193950557160e-01,9.630217198551843660e-01,9.627521681367744444e-01,1.000000000000003775e+00,9.627521681367743334e-01,9.630217198551841440e-01,9.630374193950556050e-01,9.630389543837238886e-01,9.630389543837236666e-01,9.630374193950553829e-01,9.630217198551842550e-01,9.627521681367743334e-01,1.000000000000003775e+00,9.627521681367743334e-01,9.630217198551842550e-01,9.630374193950556050e-01,9.630374193950553829e-01,9.630389543837234445e-01,9.630374193950553829e-01,9.630217198551841440e-01,9.627521681367743334e-01,1.000000000000003775e+00,9.627521681367742223e-01,9.630217198551841440e-01,9.630217198551843660e-01,9.630374193950556050e-01,9.630389543837236666e-01,9.630374193950556050e-01,9.630217198551842550e-01,9.627521681367742223e-01,1.000000000000003775e+00,9.627521681367744444e-01,9.627521681367744444e-01,9.630217198551844771e-01,9.630374193950556050e-01,9.630389543837238886e-01,9.630374193950556050e-01,9.630217198551841440e-01,9.627521681367744444e-01,1.000000000000003775e+00
1.000000000000006217e+00,9.475515556080379431e-01,9.480989994043949043e-01,9.481291949604355729e-01,9.481321269235366556e-01,9.481291949604354619e-01,9.480989994043950153e-01,9.475515556080379431e-01,9.475515556080379431e-01,1.000000000000006217e+00,9.475515556080378321e-01,9.480989994043949043e-01,9.481291949604352398e-01,9.481321269235364335e-01,9.481291949604355729e-01,9.480989994043951263e-01,9.480989994043949043e-01,9.475515556080378321e-01,1.000000000000006217e+00,9.475515556080379431e-01,9.480989994043949043e-01,9.481291949604354619e-01,9.481321269235366556e-01,9.481291949604354619e-01,9.481291949604355729e-01,9.480989994043949043e-01,9.475515556080379431e-01,1.000000000000006217e+00,9.475515556080378321e-01,9.480989994043950153e-01,9.481291949604355729e-01,9.481321269235367666e-01,9.481321269235366556e-01,9.481291949604352398e-01,9.480989994043949043e-01,9.475515556080378321e-01,1.000000000000006217e+00,9.475515556080378321e-01,9.480989994043949043e-01,9.481291949604354619e-01,9.481291949604354619e-01,9.481321269235364335e-01,9.481291949604354619e-01,9.480989994043950153e-01,9.475515556080378321e-01,1.000000000000006217e+00,9.475515556080378321e-01,9.480989994043949043e-01,9.480989994043950153e-01,9.481291949604355729e-01,9.481321269235366556e-01,9.481291949604355729e-01,9.480989994043949043e-01,9.475515556080378321e-01,1.000000000000006217e+00,9.475515556080380541e-01,9.475515556080379431e-01,9.480989994043951263e-01,9.481291949604354619e-01,9.481321269235367666e-01,9.481291949604354619e-01,9.480989994043949043e-01,9.475515556080380541e-01,1.000000000000006217e+00
1.000000000000004441e+00,9.332109019189500643e-01,9.340984675760470868e-01,9.341485837812141257e-01,9.341532810146948584e-01,9.341485837812143478e-01,9.340984675760471978e-01,9.332109019189503973e-01,9.332109019189500643e-01,1.000000000000004441e+00,9.332109019189497312e-01,9.340984675760467537e-01,9.341485837812135706e-01,9.341532810146946364e-01,9.341485837812137927e-01,9.340984675760469758e-01,9.340984675760470868e-01,9.332109019189497312e-01,1.000000000000004441e+00,9.332109019189499532e-01,9.340984675760467537e-01,9.341485837812140147e-01,9.341532810146944144e-01,9.341485837812139037e-01,9.341485837812141257e-01,9.340984675760467537e-01,9.332109019189499532e-01,1.000000000000004441e+00,9.332109019189499532e-01,9.340984675760470868e-01,9.341485837812140147e-01,9.341532810146947474e-01,9.341532810146948584e-01,9.341485837812135706e-01,9.340984675760467537e-01,9.332109019189499532e-01,1.000000000000004441e+00,9.332109019189501753e-01,9.340984675760469758e-01,9.341485837812140147e-01,9.341485837812143478e-01,9.341532810146946364e-01,9.341485837812140147e-01,9.340984675760470868e-01,9.332109019189501753e-01,1.000000000000004441e+00,9.332109019189503973e-01,9.340984675760474198e-01,9.340984675760471978e-01,9.341485837812137927e-01,9.341532810146944144e-01,9.341485837812140147e-01,9.340984675760469758e-01,9.332109019189503973e-01,1.000000000000004441e+00,9.332109019189502863e-01,9.332109019189503973e-01,9.340984675760469758e-01,9.341485837812139037e-01,9.341532810146947474e-01,9.341485837812140147e-01,9.340984675760474198e-01,9.332109019189502863e-01,1.000000000000004441e+00
1.000000000000001998e+00,9.083197660010197128e-01,9.100557744500503699e-01,9.101480640588059945e-01,9.101568007319376097e-01,9.101480640588062165e-01,9.100557744500504809e-01,9.083197660010200458e-01,9.083197660010197128e-01,1.000000000000001998e+00,9.083197660010193797e-01,9.100557744500501478e-01,9.101480640588053284e-01,9.101568007319377207e-01,9.101480640588055504e-01,9.100557744500501478e-01,9.100557744500503699e-01,9.083197660010193797e-01,1.000000000000001998e+00,9.083197660010196017e-01,9.100557744500499258e-01,9.101480640588057724e-01,9.101568007319374987e-01,9.101480640588057724e-01,9.101480640588059945e-01,9.100557744500501478e-01,9.083197660010196017e-01,1.000000000000001998e+00,9.083197660010196017e-01,9.100557744500503699e-01,9.101480640588058835e-01,9.101568007319380538e-01,9.101568007319376097e-01,9.101480640588053284e-01,9.100557744500499258e-01,9.083197660010196017e-01,1.000000000000001998e+00,9.083197660010197128e-01,9.100557744500499258e-01,9.101480640588056614e-01,9.101480640588062165e-01,9.101568007319377207e-01,9.101480640588057724e-01,9.100557744500503699e-01,9.083197660010197128e-01,1.000000000000001998e+00,9.083197660010198238e-01,9.100557744500505919e-01,9.100557744500504809e-01,9.101480640588055504e-01,9.101568007319374987e-01,9.101480640588058835e-01,9.100557744500499258e-01,9.083197660010198238e-01,1.000000000000001998e+00,9.083197660010198238e-01,9.083197660010200458e-01,9.100557744500501478e-01,9.101480640588057724e-01,9.101568007319380538e-01,9.101480640588056614e-01,9.100557744500505919e-01,9.083197660010198238e-01,1.000000000000001998e+00
1.000000000000004885e+00,8.648359834735219742e-01,8.687475714236927438e-01,8.689616022287052211e-01,8.689797295933029408e-01,8.689616022287051100e-01,8.687475714236929658e-01,8.648359834735219742e-01,8.648359834735219742e-01,1.000000000000004885e+00,8.648359834735215301e-01,8.687475714236929658e-01,8.689616022287049990e-01,8.689797295933029408e-01,8.689616022287052211e-01,8.687475714236930768e-01,8.687475714236927438e-01,8.648359834735215301e-01,1.000000000000004885e+00,8.648359834735216412e-01,8.687475714236926327e-01,8.689616022287048880e-01,8.689797295933030519e-01,8.689616022287052211e-01,8.689616022287052211e-01,8.687475714236929658e-01,8.648359834735216412e-01,1.000000000000004885e+00,8.648359834735216412e-01,8.687475714236927438e-01,8.689616022287049990e-01,8.689797295933031629e-01,8.689797295933029408e-01,8.689616022287049990e-01,8.687475714236926327e-01,8.648359834735216412e-01,1.000000000000004885e+00,8.648359834735213081e-01,8.687475714236926327e-01,8.689616022287051100e-01,8.689616022287051100e-01,8.689797295933029408e-01,8.689616022287048880e-01,8.687475714236927438e-01,8.648359834735213081e-01,1.000000000000004885e+00,8.648359834735214191e-01,8.687475714236927438e-01,8.687475714236929658e-01,8.689616022287052211e-01,8.689797295933030519e-01,8.689616022287049990e-01,8.687475714236926327e-01,8.648359834735214191e-01,1.000000000000004885e+00,8.648359834735217522e-01,8.648359834735219742e-01,8.687475714236930768e-01,8.689616022287052211e-01,8.689797295933031629e-01,8.689616022287051100e-01,8.687475714236927438e-01,8.648359834735217522e-01,1.000000000000004885e+00
1.000000000000007327e+00,8.112846206723174358e-01,8.191492453734892099e-01,8.195333813887035745e-01,8.195580738190785253e-01,8.195333813887032415e-01,8.191492453734894319e-01,8.112846206723175468e-01,8.112846206723174358e-01,1.000000000000007327e+00,8.112846206723171028e-01,8.191492453734894319e-01,8.195333813887035745e-01,8.195580738190779702e-01,8.195333813887033525e-01,8.191492453734896539e-01,8.191492453734892099e-01,8.112846206723171028e-01,1.000000000000007327e+00,8.112846206723171028e-01,8.191492453734893209e-01,8.195333813887026864e-01,8.195580738190778591e-01,8.195333813887032415e-01,8.195333813887035745e-01,8.191492453734894319e-01,8.112846206723171028e-01,1.000000000000007327e+00,8.112846206723173248e-01,8.191492453734890988e-01,8.195333813887032415e-01,8.195580738190784142e-01,8.195580738190785253e-01,8.195333813887035745e-01,8.191492453734893209e-01,8.112846206723173248e-01,1.000000000000007327e+00,8.112846206723167697e-01,8.191492453734893209e-01,8.195333813887034635e-01,8.195333813887032415e-01,8.195580738190779702e-01,8.195333813887026864e-01,8.191492453734890988e-01,8.112846206723167697e-01,1.000000000000007327e+00,8.112846206723166587e-01,8.191492453734892099e-01,8.191492453734894319e-01,8.195333813887033525e-01,8.195580738190778591e-01,8.195333813887032415e-01,8.191492453734893209e-01,8.112846206723166587e-01,1.000000000000007327e+00,8.112846206723172138e-01,8.112846206723175468e-01,8.191492453734896539e-01,8.195333813887032415e-01,8.195580738190784142e-01,8.195333813887034635e-01,8.191492453734892099e-01,8.112846206723172138e-01,1.000000000000007327e+00
1.000000000000007550e+00,7.579888103269766253e-01,7.712498412773571843e-01,7.717698461168450708e-01,7.717883892058081674e-01,7.717698461168446267e-01,7.712498412773571843e-01,7.579888103269767363e-01,7.579888103269766253e-01,1.000000000000007550e+00,7.579888103269757371e-01,7.712498412773571843e-01,7.717698461168448487e-01,7.717883892058070572e-01,7.717698461168445156e-01,7.712498412773572953e-01,7.712498412773571843e-01,7.579888103269757371e-01,1.000000000000007550e+00,7.579888103269758481e-01,7.712498412773569623e-01,7.717698461168439605e-01,7.717883892058070572e-01,7.717698461168444046e-01,7.717698461168450708e-01,7.712498412773571843e-01,7.579888103269758481e-01,1.000000000000007550e+00,7.579888103269764033e-01,7.712498412773567402e-01,7.717698461168446267e-01,7.717883892058079454e-01,7.717883892058081674e-01,7.717698461168448487e-01,7.712498412773569623e-01,7.579888103269764033e-01,1.000000000000007550e+00,7.579888103269759592e-01,7.712498412773571843e-01,7.717698461168449597e-01,7.717698461168446267e-01,7.717883892058070572e-01,7.717698461168439605e-01,7.712498412773567402e-01,7.579888103269759592e-01,1.000000000000007550e+00,7.579888103269757371e-01,7.712498412773569623e-01,7.712498412773571843e-01,7.717698461168445156e-01,7.717883892058070572e-01,7.717698461168446267e-01,7.712498412773571843e-01,7.579888103269757371e-01,1.000000000000007550e+00,7.579888103269762922e-01,7.579888103269767363e-01,7.712498412773572953e-01,7.717698461168444046e-01,7.717883892058079454e-01,7.717698461168449597e-01,7.712498412773569623e-01,7.579888103269762922e-01,1.000000000000007550e+00
1.000000000000007772e+00,7.090087480713715973e-01,7.286258802282793434e-01,7.291421483116220514e-01,7.291366164451820175e-01,7.291421483116214963e-01,7.286258802282795655e-01,7.090087480713727075e-01,7.090087480713715973e-01,1.000000000000007772e+00,7.090087480713708201e-01,7.286258802282792324e-01,7.291421483116211633e-01,7.291366164451809073e-01,7.291421483116208302e-01,7.286258802282794544e-01,7.286258802282793434e-01,7.090087480713708201e-01,1.000000000000007772e+00,7.090087480713718193e-01,7.286258802282791214e-01,7.291421483116208302e-01,7.291366164451811294e-01,7.291421483116216073e-01,7.291421483116220514e-01,7.286258802282792324e-01,7.090087480713718193e-01,1.000000000000007772e+00,7.090087480713724855e-01,7.286258802282795655e-01,7.291421483116216073e-01,7.291366164451822396e-01,7.291366164451820175e-01,7.291421483116211633e-01,7.286258802282791214e-01,7.090087480713724855e-01,1.000000000000007772e+00,7.090087480713720414e-01,7.286258802282795655e-01,7.291421483116220514e-01,7.291421483116214963e-01,7.291366164451809073e-01,7.291421483116208302e-01,7.286258802282795655e-01,7.090087480713720414e-01,1.000000000000007772e+00,7.090087480713717083e-01,7.286258802282797875e-01,7.286258802282795655e-01,7.291421483116208302e-01,7.291366164451811294e-01,7.291421483116216073e-01,7.286258802282795655e-01,7.090087480713717083e-01,1.000000000000007772e+00,7.090087480713724855e-01,7.090087480713727075e-01,7.286258802282794544e-01,7.291421483116216073e-01,7.291366164451822396e-01,7.291421483116220514e-01,7.286258802282797875e-01,7.090087480713724855e-01,1.000000000000007772e+00
1.000000000000008660e+00,6.624994230179226395e-01,6.894912893338623894e-01,6.897782510984777904e-01,6.897391765394882412e-01,6.897782510984770132e-01,6.894912893338630555e-01,6.624994230179246379e-01,6.624994230179226395e-01,1.000000000000008660e+00,6.624994230179220844e-01,6.894912893338627224e-01,6.897782510984760140e-01,6.897391765394871310e-01,6.897782510984762361e-01,6.894912893338628335e-01,6.894912893338623894e-01,6.624994230179220844e-01,1.000000000000008660e+00,6.624994230179238608e-01,6.894912893338622784e-01,6.897782510984762361e-01,6.897391765394876861e-01,6.897782510984773463e-01,6.897782510984777904e-01,6.894912893338627224e-01,6.624994230179238608e-01,1.000000000000008660e+00,6.624994230179244159e-01,6.894912893338634996e-01,6.897782510984777904e-01,6.897391765394896845e-01,6.897391765394882412e-01,6.897782510984760140e-01,6.894912893338622784e-01,6.624994230179244159e-01,1.000000000000008660e+00,6.624994230179235277e-01,6.894912893338631665e-01,6.897782510984780124e-01,6.897782510984770132e-01,6.897391765394871310e-01,6.897782510984762361e-01,6.894912893338634996e-01,6.624994230179235277e-01,1.000000000000008660e+00,6.624994230179236387e-01,6.894912893338636106e-01,6.894912893338630555e-01,6.897782510984762361e-01,6.897391765394876861e-01,6.897782510984777904e-01,6.894912893338631665e-01,6.624994230179236387e-01,1.000000000000008660e+00,6.624994230179247490e-01,6.624994230179246379e-01,6.894912893338628335e-01,6.897782510984773463e-01,6.897391765394896845e-01,6.897782510984780124e-01,6.894912893338636106e-01,6.624994230179247490e-01,1.000000000000008660e+00
1.000000000000009326e+00,6.143743858368932997e-01,6.503914773188613774e-01,6.501512414381285243e-01,6.500887822266181448e-01,6.501512414381276361e-01,6.503914773188621545e-01,6.143743858368956312e-01,6.143743858368932997e-01,1.000000000000009326e+00,6.143743858368928557e-01,6.503914773188621545e-01,6.501512414381263039e-01,6.500887822266178118e-01,6.501512414381269700e-01,6.503914773188623766e-01,6.503914773188613774e-01,6.143743858368928557e-01,1.000000000000009326e+00,6.143743858368950761e-01,6.503914773188610443e-01,6.501512414381270810e-01,6.500887822266184779e-01,6.501512414381280802e-01,6.501512414381285243e-01,6.503914773188621545e-01,6.143743858368950761e-01,1.000000000000009326e+00,6.143743858368952981e-01,6.503914773188632648e-01,6.501512414381286353e-01,6.500887822266205873e-01,6.500887822266181448e-01,6.501512414381263039e-01,6.503914773188610443e-01,6.143743858368952981e-01,1.000000000000009326e+00,6.143743858368941879e-01,6.503914773188619325e-01,6.501512414381280802e-01,6.501512414381276361e-01,6.500887822266178118e-01,6.501512414381270810e-01,6.503914773188632648e-01,6.143743858368941879e-01,1.000000000000009326e+00,6.143743858368948541e-01,6.503914773188632648e-01,6.503914773188621545e-01,6.501512414381269700e-01,6.500887822266184779e-01,6.501512414381286353e-01,6.503914773188619325e-01,6.143743858368948541e-01,1.000000000000009326e+00,6.143743858368959643e-01,6.143743858368956312e-01,6.503914773188623766e-01,6.501512414381280802e-01,6.500887822266205873e-01,6.501512414381280802e-01,6.503914773188632648e-01,6.143743858368959643e-01,1.000000000000009326e+00
1.000000000000008438e+00,5.616856447493965288e-01,6.092461034159466493e-01,6.080340132768105033e-01,6.079778364233304755e-01,6.080340132768096151e-01,6.092461034159473154e-01,5.616856447493986382e-01,5.616856447493965288e-01,1.000000000000008438e+00,5.616856447493963067e-01,6.092461034159477595e-01,6.080340132768080608e-01,6.079778364233312526e-01,6.080340132768091710e-01,6.092461034159478706e-01,6.092461034159466493e-01,5.616856447493963067e-01,1.000000000000008438e+00,5.616856447493983051e-01,6.092461034159457611e-01,6.080340132768091710e-01,6.079778364233314747e-01,6.080340132768099481e-01,6.080340132768105033e-01,6.092461034159477595e-01,5.616856447493983051e-01,1.000000000000008438e+00,5.616856447493977500e-01,6.092461034159486477e-01,6.080340132768107253e-01,6.079778364233336951e-01,6.079778364233304755e-01,6.080340132768080608e-01,6.092461034159457611e-01,5.616856447493977500e-01,1.000000000000008438e+00,5.616856447493965288e-01,6.092461034159468714e-01,6.080340132768096151e-01,6.080340132768096151e-01,6.079778364233312526e-01,6.080340132768091710e-01,6.092461034159486477e-01,5.616856447493965288e-01,1.000000000000008438e+00,5.616856447493979720e-01,6.092461034159484257e-01,6.092461034159473154e-01,6.080340132768091710e-01,6.079778364233314747e-01,6.080340132768107253e-01,6.092461034159468714e-01,5.616856447493979720e-01,1.000000000000008438e+00,5.616856447493990823e-01,5.616856447493986382e-01,6.092461034159478706e-01,6.080340132768099481e-01,6.079778364233336951e-01,6.080340132768096151e-01,6.092461034159484257e-01,5.616856447493990823e-01,1.000000000000008438e+00
1.000000000000008216e+00,5.043449214008162151e-01,5.666351050294216041e-01,5.637044781602192911e-01,5.637111457962857841e-01,5.637044781602185139e-01,5.666351050294229363e-01,5.043449214008177695e-01,5.043449214008162151e-01,1.000000000000008216e+00,5.043449214008153270e-01,5.666351050294237135e-01,5.637044781602165155e-01,5.637111457962880046e-01,5.637044781602179588e-01,5.666351050294238245e-01,5.666351050294216041e-01,5.043449214008153270e-01,1.000000000000008216e+00,5.043449214008171033e-01,5.666351050294204938e-01,5.637044781602179588e-01,5.637111457962868943e-01,5.637044781602180699e-01,5.637044781602192911e-01,5.666351050294237135e-01,5.043449214008171033e-01,1.000000000000008216e+00,5.043449214008162151e-01,5.666351050294249347e-01,5.637044781602192911e-01,5.637111457962897809e-01,5.637111457962857841e-01,5.637044781602165155e-01,5.666351050294204938e-01,5.043449214008162151e-01,1.000000000000008216e+00,5.043449214008152159e-01,5.666351050294218261e-01,5.637044781602175147e-01,5.637044781602185139e-01,5.637111457962880046e-01,5.637044781602179588e-01,5.666351050294249347e-01,5.043449214008152159e-01,1.000000000000008216e+00,5.043449214008174364e-01,5.666351050294242686e-01,5.666351050294229363e-01,5.637044781602179588e-01,5.637111457962868943e-01,5.637044781602192911e-01,5.666351050294218261e-01,5.043449214008174364e-01,1.000000000000008216e+00,5.043449214008181025e-01,5.043449214008177695e-01,5.666351050294238245e-01,5.637044781602180699e-01,5.637111457962897809e-01,5.637044781602175147e-01,5.666351050294242686e-01,5.043449214008181025e-01,1.000000000000008216e+00
1.000000000000008438e+00,4.450947698635806526e-01,5.253373055868431063e-01,5.195112498901264253e-01,5.197121909995714439e-01,5.195112498901257592e-01,5.253373055868447716e-01,4.450947698635815963e-01,4.450947698635806526e-01,1.000000000000008438e+00,4.450947698635793204e-01,5.253373055868457708e-01,5.195112498901234277e-01,5.197121909995745526e-01,5.195112498901249820e-01,5.253373055868459929e-01,5.253373055868431063e-01,4.450947698635793204e-01,1.000000000000008438e+00,4.450947698635805971e-01,5.253373055868417740e-01,5.195112498901249820e-01,5.197121909995725542e-01,5.195112498901248710e-01,5.195112498901264253e-01,5.253373055868457708e-01,4.450947698635805971e-01,1.000000000000008438e+00,4.450947698635791538e-01,5.253373055868471031e-01,5.195112498901258702e-01,5.197121909995755518e-01,5.197121909995714439e-01,5.195112498901234277e-01,5.253373055868417740e-01,4.450947698635791538e-01,1.000000000000008438e+00,4.450947698635788763e-01,5.253373055868429953e-01,5.195112498901237608e-01,5.195112498901257592e-01,5.197121909995745526e-01,5.195112498901249820e-01,5.253373055868471031e-01,4.450947698635788763e-01,1.000000000000008438e+00,4.450947698635815408e-01,5.253373055868464370e-01,5.253373055868447716e-01,5.195112498901249820e-01,5.197121909995725542e-01,5.195112498901258702e-01,5.253373055868429953e-01,4.450947698635815408e-01,1.000000000000008438e+00,4.450947698635817074e-01,4.450947698635815963e-01,5.253373055868459929e-01,5.195112498901248710e-01,5.197121909995755518e-01,5.195112498901237608e-01,5.253373055868464370e-01,4.450947698635817074e-01,1.000000000000008438e+00
1.000000000000007105e+00,3.882381732064189017e-01,4.888029139524247002e-01,4.785158071783987555e-01,4.792188430500758378e-01,4.785158071783980338e-01,4.888029139524259215e-01,3.882381732064191793e-01,3.882381732064189017e-01,1.000000000000007105e+00,3.882381732064176250e-01,4.888029139524276423e-01,4.785158071783957023e-01,4.792188430500799456e-01,4.785158071783972566e-01,4.888029139524275868e-01,4.888029139524247002e-01,3.882381732064176250e-01,1.000000000000007105e+00,3.882381732064184576e-01,4.888029139524227573e-01,4.785158071783972566e-01,4.792188430500772256e-01,4.785158071783970901e-01,4.785158071783987555e-01,4.888029139524276423e-01,3.882381732064184576e-01,1.000000000000007105e+00,3.882381732064166258e-01,4.888029139524286415e-01,4.785158071783978118e-01,4.792188430500801122e-01,4.792188430500758378e-01,4.785158071783957023e-01,4.888029139524227573e-01,3.882381732064166258e-01,1.000000000000007105e+00,3.882381732064166813e-01,4.888029139524239230e-01,4.785158071783955913e-01,4.785158071783980338e-01,4.792188430500799456e-01,4.785158071783972566e-01,4.888029139524286415e-01,3.882381732064166813e-01,1.000000000000007105e+00,3.882381732064197344e-01,4.888029139524280864e-01,4.888029139524259215e-01,4.785158071783972566e-01,4.792188430500772256e-01,4.785158071783978118e-01,4.888029139524239230e-01,3.882381732064197344e-01,1.000000000000007105e+00,3.882381732064190127e-01,3.882381732064191793e-01,4.888029139524275868e-01,4.785158071783970901e-01,4.792188430500801122e-01,4.785158071783955913e-01,4.888029139524280864e-01,3.882381732064190127e-01,1.000000000000007105e+00
1.000000000000006883e+00,3.378808176856998857e-01,4.595129558682373161e-01,4.431008683320960539e-01,4.449093301521928057e-01,4.431008683320954433e-01,4.595129558682381488e-01,3.378808176856997192e-01,3.378808176856998857e-01,1.000000000000006883e+00,3.378808176856989420e-01,4.595129558682402027e-01,4.431008683320931674e-01,4.449093301521974131e-01,4.431008683320943886e-01,4.595129558682399251e-01,4.595129558682373161e-01,3.378808176856989420e-01,1.000000000000006883e+00,3.378808176856994971e-01,4.595129558682354287e-01,4.431008683320948327e-01,4.449093301521943045e-01,4.431008683320942776e-01,4.431008683320960539e-01,4.595129558682402027e-01,3.378808176856994971e-01,1.000000000000006883e+00,3.378808176856973877e-01,4.595129558682410909e-01,4.431008683320948882e-01,4.449093301521970245e-01,4.449093301521928057e-01,4.431008683320931674e-01,4.595129558682354287e-01,3.378808176856973877e-01,1.000000000000006883e+00,3.378808176856977763e-01,4.595129558682360393e-01,4.431008683320927233e-01,4.431008683320954433e-01,4.449093301521974131e-01,4.431008683320948327e-01,4.595129558682410909e-01,3.378808176856977763e-01,1.000000000000006883e+00,3.378808176857006074e-01,4.595129558682405913e-01,4.595129558682381488e-01,4.431008683320943886e-01,4.449093301521943045e-01,4.431008683320948882e-01,4.595129558682360393e-01,3.378808176857006074e-01,1.000000000000006883e+00,3.378808176856994416e-01,3.378808176856997192e-01,4.595129558682399251e-01,4.431008683320942776e-01,4.449093301521970245e-01,4.431008683320927233e-01,4.595129558682405913e-01,3.378808176856994416e-01,1.000000000000006883e+00
1.000000000000007327e+00,2.964241113099833624e-01,4.380066213227190586e-01,4.141668169390311793e-01,4.180318892184951562e-01,4.141668169390310683e-01,4.380066213227195582e-01,2.964241113099825853e-01,2.964241113099833624e-01,1.000000000000007327e+00,2.964241113099830294e-01,4.380066213227220007e-01,4.141668169390285703e-01,4.180318892185007074e-01,4.141668169390300136e-01,4.380066213227215011e-01,4.380066213227190586e-01,2.964241113099830294e-01,1.000000000000007327e+00,2.964241113099830849e-01,4.380066213227173932e-01,4.141668169390305132e-01,4.180318892184970436e-01,4.141668169390297360e-01,4.141668169390311793e-01,4.380066213227220007e-01,2.964241113099830849e-01,1.000000000000007327e+00,2.964241113099804759e-01,4.380066213227226668e-01,4.141668169390301246e-01,4.180318892184994861e-01,4.180318892184951562e-01,4.141668169390285703e-01,4.380066213227173932e-01,2.964241113099804759e-01,1.000000000000007327e+00,2.964241113099812530e-01,4.380066213227172822e-01,4.141668169390280707e-01,4.141668169390310683e-01,4.180318892185007074e-01,4.141668169390305132e-01,4.380066213227226668e-01,2.964241113099812530e-01,1.000000000000007327e+00,2.964241113099836955e-01,4.380066213227220562e-01,4.380066213227195582e-01,4.141668169390300136e-01,4.180318892184970436e-01,4.141668169390301246e-01,4.380066213227172822e-01,2.964241113099836955e-01,1.000000000000007327e+00,2.964241113099820302e-01,2.964241113099825853e-01,4.380066213227215011e-01,4.141668169390297360e-01,4.180318892184994861e-01,4.141668169390280707e-01,4.380066213227220562e-01,2.964241113099820302e-01,1.000000000000007327e+00
