1.000000000000000000e+00,1.000000000000000000e+00,1.000000000000000000e+00,1.000000000000000000e+00,1.000000000000000000e+00,1.000000000000000000e+00,1.000000000000000000e+00,1.000000000000000000e+00,1.000000000000000000e+00,1.000000000000000000e+00,1.000000000000000000e+00,1.000000000000000000e+00,1.000000000000000000e+00,1.000000000000000000e+00,1.000000000000000000e+00,1.000000000000000000e+00,1.000000000000000000e+00,1.000000000000000000e+00,1.000000000000000000e+00,1.000000000000000000e+00,1.000000000000000000e+00,1.000000000000000000e+00,1.000000000000000000e+00,1.000000000000000000e+00,1.000000000000000000e+00,1.000000000000000000e+00,1.000000000000000000e+00,1.000000000000000000e+00,1.000000000000000000e+00,1.000000000000000000e+00,1.000000000000000000e+00,1.000000000000000000e+00,1.000000000000000000e+00,1.000000000000000000e+00,1.000000000000000000e+00,1.000000000000000000e+00,1.000000000000000000e+00,1.000000000000000000e+00,1.000000000000000000e+00,1.000000000000000000e+00,1.000000000000000000e+00,1.000000000000000000e+00,1.000000000000000000e+00,1.000000000000000000e+00,1.000000000000000000e+00,1.000000000000000000e+00,1.000000000000000000e+00,1.000000000000000000e+00,1.000000000000000000e+00,1.000000000000000000e+00,1.000000000000000000e+00,1.000000000000000000e+00,1.000000000000000000e+00,1.000000000000000000e+00,1.000000000000000000e+00,1.000000000000000000e+00,1.000000000000000000e+00,1.000000000000000000e+00,1.000000000000000000e+00,1.000000000000000000e+00,1.000000000000000000e+00,1.000000000000000000e+00,1.000000000000000000e+00,1.000000000000000000e+00
1.000000000000003331e+00,9.997189163678986690e-01,9.997189340065747443e-01,9.997189345660223436e-01,9.997189346188777304e-01,9.997189345660223436e-01,9.997189340065747443e-01,9.997189163678986690e-01,9.997189163678986690e-01,1.000000000000003331e+00,9.997189163678987800e-01,9.997189340065745222e-01,9.997189345660224546e-01,9.997189346188776193e-01,9.997189345660225657e-01,9.997189340065747443e-01,9.997189340065747443e-01,9.997189163678987800e-01,1.000000000000003331e+00,9.997189163678986690e-01,9.997189340065746332e-01,9.997189345660223436e-01,9.997189346188777304e-01,9.997189345660225657e-01,9.997189345660223436e-01,9.997189340065745222e-01,9.997189163678986690e-01,1.000000000000003331e+00,9.997189163678985580e-01,9.997189340065746332e-01,9.997189345660224546e-01,9.997189346188776193e-01,9.997189346188777304e-01,9.997189345660224546e-01,9.997189340065746332e-01,9.997189163678985580e-01,1.000000000000003331e+00,9.997189163678985580e-01,9.997189340065747443e-01,9.997189345660225657e-01,9.997189345660223436e-01,9.997189346188776193e-01,9.997189345660223436e-01,9.997189340065746332e-01,9.997189163678985580e-01,1.000000000000003331e+00,9.997189163678984469e-01,9.997189340065745222e-01,9.997189340065747443e-01,9.997189345660225657e-01,9.997189346188777304e-01,9.997189345660224546e-01,9.997189340065747443e-01,9.997189163678984469e-01,1.000000000000003331e+00,9.997189163678986690e-01,9.997189163678986690e-01,9.997189340065747443e-01,9.997189345660225657e-01,9.997189346188776193e-01,9.997189345660225657e-01,9.997189340065745222e-01,9.997189163678986690e-01,1.000000000000003331e+00
1.000000000000002220e+00,9.972984426741966502e-01,9.973000089964711989e-01,9.973001086548054506e-01,9.973001183890201071e-01,9.973001086548053395e-01,9.973000089964713100e-01,9.972984426741967612e-01,9.972984426741966502e-01,1.000000000000002220e+00,9.972984426741966502e-01,9.973000089964711989e-01,9.973001086548052285e-01,9.973001183890201071e-01,9.973001086548053395e-01,9.973000089964713100e-01,9.973000089964711989e-01,9.972984426741966502e-01,1.000000000000002220e+00,9.972984426741967612e-01,9.973000089964711989e-01,9.973001086548053395e-01,9.973001183890202181e-01,9.973001086548053395e-01,9.973001086548054506e-01,9.973000089964711989e-01,9.972984426741967612e-01,1.000000000000002220e+00,9.972984426741967612e-01,9.973000089964713100e-01,9.973001086548053395e-01,9.973001183890202181e-01,9.973001183890201071e-01,9.973001086548052285e-01,9.973000089964711989e-01,9.972984426741967612e-01,1.000000000000002220e+00,9.972984426741967612e-01,9.973000089964710879e-01,9.973001086548052285e-01,9.973001086548053395e-01,9.973001183890201071e-01,9.973001086548053395e-01,9.973000089964713100e-01,9.972984426741967612e-01,1.000000000000002220e+00,9.972984426741967612e-01,9.973000089964713100e-01,9.973000089964713100e-01,9.973001086548053395e-01,9.973001183890202181e-01,9.973001086548053395e-01,9.973000089964710879e-01,9.972984426741967612e-01,1.000000000000002220e+00,9.972984426741967612e-01,9.972984426741967612e-01,9.973000089964713100e-01,9.973001086548053395e-01,9.973001183890202181e-01,9.973001086548052285e-01,9.973000089964713100e-01,9.972984426741967612e-01,1.000000000000002220e+00
1.000000000000000888e+00,9.936308542155456447e-01,9.936389261521847427e-01,9.936397121332587457e-01,9.936397917093768850e-01,9.936397121332588567e-01,9.936389261521847427e-01,9.936308542155456447e-01,9.936308542155456447e-01,1.000000000000000888e+00,9.936308542155454226e-01,9.936389261521845206e-01,9.936397121332588567e-01,9.936397917093769960e-01,9.936397121332588567e-01,9.936389261521847427e-01,9.936389261521847427e-01,9.936308542155454226e-01,1.000000000000000888e+00,9.936308542155455337e-01,9.936389261521847427e-01,9.936397121332587457e-01,9.936397917093768850e-01,9.936397121332588567e-01,9.936397121332587457e-01,9.936389261521845206e-01,9.936308542155455337e-01,1.000000000000000888e+00,9.936308542155455337e-01,9.936389261521846317e-01,9.936397121332587457e-01,9.936397917093767740e-01,9.936397917093768850e-01,9.936397121332588567e-01,9.936389261521847427e-01,9.936308542155455337e-01,1.000000000000000888e+00,9.936308542155456447e-01,9.936389261521847427e-01,9.936397121332588567e-01,9.936397121332588567e-01,9.936397917093769960e-01,9.936397121332587457e-01,9.936389261521846317e-01,9.936308542155456447e-01,1.000000000000000888e+00,9.936308542155456447e-01,9.936389261521847427e-01,9.936389261521847427e-01,9.936397121332588567e-01,9.936397917093768850e-01,9.936397121332587457e-01,9.936389261521847427e-01,9.936308542155456447e-01,1.000000000000000888e+00,9.936308542155456447e-01,9.936308542155456447e-01,9.936389261521847427e-01,9.936397121332588567e-01,9.936397917093767740e-01,9.936397121332588567e-01,9.936389261521847427e-01,9.936308542155456447e-01,1.000000000000000888e+00
1.000000000000001110e+00,9.921778008509449798e-01,9.921891762110380819e-01,9.921898572159607577e-01,9.921899244203438162e-01,9.921898572159606466e-01,9.921891762110381929e-01,9.921778008509449798e-01,9.921778008509449798e-01,1.000000000000001110e+00,9.921778008509449798e-01,9.921891762110383040e-01,9.921898572159605356e-01,9.921899244203435941e-01,9.921898572159606466e-01,9.921891762110381929e-01,9.921891762110380819e-01,9.921778008509449798e-01,1.000000000000001110e+00,9.921778008509449798e-01,9.921891762110381929e-01,9.921898572159605356e-01,9.921899244203435941e-01,9.921898572159605356e-01,9.921898572159607577e-01,9.921891762110383040e-01,9.921778008509449798e-01,1.000000000000001110e+00,9.921778008509450908e-01,9.921891762110380819e-01,9.921898572159606466e-01,9.921899244203437052e-01,9.921899244203438162e-01,9.921898572159605356e-01,9.921891762110381929e-01,9.921778008509450908e-01,1.000000000000001110e+00,9.921778008509448687e-01,9.921891762110381929e-01,9.921898572159606466e-01,9.921898572159606466e-01,9.921899244203435941e-01,9.921898572159605356e-01,9.921891762110380819e-01,9.921778008509448687e-01,1.000000000000001110e+00,9.921778008509448687e-01,9.921891762110381929e-01,9.921891762110381929e-01,9.921898572159606466e-01,9.921899244203435941e-01,9.921898572159606466e-01,9.921891762110381929e-01,9.921778008509448687e-01,1.000000000000001110e+00,9.921778008509450908e-01,9.921778008509449798e-01,9.921891762110381929e-01,9.921898572159605356e-01,9.921899244203437052e-01,9.921898572159606466e-01,9.921891762110381929e-01,9.921778008509450908e-01,1.000000000000001110e+00
1.000000000000003775e+00,9.890595789621265954e-01,9.890818614827638910e-01,9.890834290098263759e-01,9.890835848698777966e-01,9.890834290098264869e-01,9.890818614827636690e-01,9.890595789621265954e-01,9.890595789621265954e-01,1.000000000000003775e+00,9.890595789621267064e-01,9.890818614827635580e-01,9.890834290098264869e-01,9.890835848698775745e-01,9.890834290098264869e-01,9.890818614827636690e-01,9.890818614827638910e-01,9.890595789621267064e-01,1.000000000000003775e+00,9.890595789621264844e-01,9.890818614827635580e-01,9.890834290098263759e-01,9.890835848698776855e-01,9.890834290098265980e-01,9.890834290098263759e-01,9.890818614827635580e-01,9.890595789621264844e-01,1.000000000000003775e+00,9.890595789621267064e-01,9.890818614827636690e-01,9.890834290098263759e-01,9.890835848698775745e-01,9.890835848698777966e-01,9.890834290098264869e-01,9.890818614827635580e-01,9.890595789621267064e-01,1.000000000000003775e+00,9.890595789621267064e-01,9.890818614827637800e-01,9.890834290098265980e-01,9.890834290098264869e-01,9.890835848698775745e-01,9.890834290098263759e-01,9.890818614827636690e-01,9.890595789621267064e-01,1.000000000000003775e+00,9.890595789621265954e-01,9.890818614827636690e-01,9.890818614827636690e-01,9.890834290098264869e-01,9.890835848698776855e-01,9.890834290098263759e-01,9.890818614827637800e-01,9.890595789621265954e-01,1.000000000000003775e+00,9.890595789621267064e-01,9.890595789621265954e-01,9.890818614827636690e-01,9.890834290098265980e-01,9.890835848698775745e-01,9.890834290098265980e-01,9.890818614827636690e-01,9.890595789621267064e-01,1.000000000000003775e+00
1.000000000000006217e+00,9.798792335315563706e-01,9.799609799423590895e-01,9.799660372557720267e-01,9.799665287788009715e-01,9.799660372557719157e-01,9.799609799423592005e-01,9.798792335315564817e-01,9.798792335315563706e-01,1.000000000000006217e+00,9.798792335315563706e-01,9.799609799423592005e-01,9.799660372557720267e-01,9.799665287788008605e-01,9.799660372557719157e-01,9.799609799423590895e-01,9.799609799423590895e-01,9.798792335315563706e-01,1.000000000000006217e+00,9.798792335315564817e-01,9.799609799423590895e-01,9.799660372557719157e-01,9.799665287788008605e-01,9.799660372557719157e-01,9.799660372557720267e-01,9.799609799423592005e-01,9.798792335315564817e-01,1.000000000000006217e+00,9.798792335315563706e-01,9.799609799423589784e-01,9.799660372557720267e-01,9.799665287788009715e-01,9.799665287788009715e-01,9.799660372557720267e-01,9.799609799423590895e-01,9.798792335315563706e-01,1.000000000000006217e+00,9.798792335315563706e-01,9.799609799423592005e-01,9.799660372557720267e-01,9.799660372557719157e-01,9.799665287788008605e-01,9.799660372557719157e-01,9.799609799423589784e-01,9.798792335315563706e-01,1.000000000000006217e+00,9.798792335315563706e-01,9.799609799423592005e-01,9.799609799423592005e-01,9.799660372557719157e-01,9.799665287788008605e-01,9.799660372557720267e-01,9.799609799423592005e-01,9.798792335315563706e-01,1.000000000000006217e+00,9.798792335315564817e-01,9.798792335315564817e-01,9.799609799423590895e-01,9.799660372557719157e-01,9.799665287788009715e-01,9.799660372557720267e-01,9.799609799423592005e-01,9.798792335315564817e-01,1.000000000000006217e+00
1.000000000000005551e+00,9.723006749098654922e-01,9.724496949398300227e-01,9.724608623483229630e-01,9.724619483940960540e-01,9.724608623483227410e-01,9.724496949398301338e-01,9.723006749098657142e-01,9.723006749098654922e-01,1.000000000000005551e+00,9.723006749098654922e-01,9.724496949398299117e-01,9.724608623483226300e-01,9.724619483940958320e-01,9.724608623483227410e-01,9.724496949398299117e-01,9.724496949398300227e-01,9.723006749098654922e-01,1.000000000000005551e+00,9.723006749098654922e-01,9.724496949398298007e-01,9.724608623483227410e-01,9.724619483940959430e-01,9.724608623483228520e-01,9.724608623483229630e-01,9.724496949398299117e-01,9.723006749098654922e-01,1.000000000000005551e+00,9.723006749098656032e-01,9.724496949398300227e-01,9.724608623483229630e-01,9.724619483940961651e-01,9.724619483940960540e-01,9.724608623483226300e-01,9.724496949398298007e-01,9.723006749098656032e-01,1.000000000000005551e+00,9.723006749098657142e-01,9.724496949398300227e-01,9.724608623483228520e-01,9.724608623483227410e-01,9.724619483940958320e-01,9.724608623483227410e-01,9.724496949398300227e-01,9.723006749098657142e-01,1.000000000000005551e+00,9.723006749098654922e-01,9.724496949398299117e-01,9.724496949398301338e-01,9.724608623483227410e-01,9.724619483940959430e-01,9.724608623483229630e-01,9.724496949398300227e-01,9.723006749098654922e-01,1.000000000000005551e+00,9.723006749098656032e-01,9.723006749098657142e-01,9.724496949398299117e-01,9.724608623483228520e-01,9.724619483940961651e-01,9.724608623483228520e-01,9.724496949398299117e-01,9.723006749098656032e-01,1.000000000000005551e+00
1.000000000000004441e+00,9.705028115639718900e-01,9.706672408816696684e-01,9.706760244439370799e-01,9.706768817166300245e-01,9.706760244439373020e-01,9.706672408816697795e-01,9.705028115639721120e-01,9.705028115639718900e-01,1.000000000000004441e+00,9.705028115639715569e-01,9.706672408816694464e-01,9.706760244439369689e-01,9.706768817166296914e-01,9.706760244439369689e-01,9.706672408816695574e-01,9.706672408816696684e-01,9.705028115639715569e-01,1.000000000000004441e+00,9.705028115639717790e-01,9.706672408816695574e-01,9.706760244439370799e-01,9.706768817166296914e-01,9.706760244439370799e-01,9.706760244439370799e-01,9.706672408816694464e-01,9.705028115639717790e-01,1.000000000000004441e+00,9.705028115639718900e-01,9.706672408816698905e-01,9.706760244439370799e-01,9.706768817166299135e-01,9.706768817166300245e-01,9.706760244439369689e-01,9.706672408816695574e-01,9.705028115639718900e-01,1.000000000000004441e+00,9.705028115639721120e-01,9.706672408816697795e-01,9.706760244439373020e-01,9.706760244439373020e-01,9.706768817166296914e-01,9.706760244439370799e-01,9.706672408816698905e-01,9.705028115639721120e-01,1.000000000000004441e+00,9.705028115639720010e-01,9.706672408816698905e-01,9.706672408816697795e-01,9.706760244439369689e-01,9.706768817166296914e-01,9.706760244439370799e-01,9.706672408816697795e-01,9.705028115639720010e-01,1.000000000000004441e+00,9.705028115639721120e-01,9.705028115639721120e-01,9.706672408816695574e-01,9.706760244439370799e-01,9.706768817166299135e-01,9.706760244439373020e-01,9.706672408816698905e-01,9.705028115639721120e-01,1.000000000000004441e+00
1.000000000000003775e+00,9.627521681367744444e-01,9.630217198551842550e-01,9.630374193950557160e-01,9.630389543837236666e-01,9.630374193950553829e-01,9.630217198551843660e-01,9.627521681367744444e-01,9.627521681367744444e-01,1.000000000000003775e+00,9.627521681367742223e-01,9.630217198551843660e-01,9.630374193950553829e-01,9.630389543837234445e-01,9.630374193950556050e-01,9.630217198551844771e-01,9.630217198551842550e-01,9.627521681367742223e-01,1.000000000000003775e+00,9.627521681367744444e-01,9.630217198551842550e-01,9.630374193950553829e-01,9.630389543837236666e-01,9.630374193950556050e-01,9.630374193950557160e-01,9.630217198551843660e-01,9.627521681367744444e-01,1.000000000000003775e+00,9.627521681367743334e-01,9.630217198551841440e-01,9.630374193950556050e-01,9.630389543837238886e-01,9.630389543837236666e-01,9.630374193950553829e-01,9.630217198551842550e-01,9.627521681367743334e-01,1.000000000000003775e+00,9.627521681367743334e-01,9.630217198551842550e-01,9.630374193950556050e-01,9.630374193950553829e-01,9.630389543837234445e-01,9.630374193950553829e-01,9.630217198551841440e-01,9.627521681367743334e-01,1.000000000000003775e+00,9.627521681367742223e-01,9.630217198551841440e-01,9.630217198551843660e-01,9.630374193950556050e-01,9.630389543837236666e-01,9.630374193950556050e-01,9.630217198551842550e-01,9.627521681367742223e-01,1.000000000000003775e+00,9.627521681367744444e-01,9.627521681367744444e-01,9.630217198551844771e-01,9.630374193950556050e-01,9.630389543837238886e-01,9.630374193950556050e-01,9.630217198551841440e-01,9.627521681367744444e-01,1.000000000000003775e+00
1.000000000000006217e+00,9.475515556080379431e-01,9.480989994043949043e-01,9.481291949604355729e-01,9.481321269235366556e-01,9.481291949604354619e-01,9.480989994043950153e-01,9.475515556080379431e-01,9.475515556080379431e-01,1.000000000000006217e+00,9.475515556080378321e-01,9.480989994043949043e-01,9.481291949604352398e-01,9.481321269235364335e-01,9.481291949604355729e-01,9.480989994043951263e-01,9.480989994043949043e-01,9.475515556080378321e-01,1.000000000000006217e+00,9.475515556080379431e-01,9.480989994043949043e-01,9.481291949604354619e-01,9.481321269235366556e-01,9.481291949604354619e-01,9.481291949604355729e-01,9.480989994043949043e-01,9.475515556080379431e-01,1.000000000000006217e+00,9.475515556080378321e-01,9.480989994043950153e-01,9.481291949604355729e-01,9.481321269235367666e-01,9.481321269235366556e-01,9.481291949604352398e-01,9.480989994043949043e-01,9.475515556080378321e-01,1.000000000000006217e+00,9.475515556080378321e-01,9.480989994043949043e-01,9.481291949604354619e-01,9.481291949604354619e-01,9.481321269235364335e-01,9.481291949604354619e-01,9.480989994043950153e-01,9.475515556080378321e-01,1.000000000000006217e+00,9.475515556080378321e-01,9.480989994043949043e-01,9.480989994043950153e-01,9.481291949604355729e-01,9.481321269235366556e-01,9.481291949604355729e-01,9.480989994043949043e-01,9.475515556080378321e-01,1.000000000000006217e+00,9.475515556080380541e-01,9.475515556080379431e-01,9.480989994043951263e-01,9.481291949604354619e-01,9.481321269235367666e-01,9.481291949604354619e-01,9.480989994043949043e-01,9.475515556080380541e-01,1.000000000000006217e+00
1.000000000000003997e+00,9.352672661632684958e-01,9.360969184049792169e-01,9.361443826657406264e-01,9.361488244510606238e-01,9.361443826657408485e-01,9.360969184049793279e-01,9.352672661632688289e-01,9.352672661632684958e-01,1.000000000000003997e+00,9.352672661632683848e-01,9.360969184049789948e-01,9.361443826657402933e-01,9.361488244510606238e-01,9.361443826657404044e-01,9.360969184049792169e-01,9.360969184049792169e-01,9.352672661632683848e-01,1.000000000000003997e+00,9.352672661632683848e-01,9.360969184049792169e-01,9.361443826657407374e-01,9.361488244510606238e-01,9.361443826657406264e-01,9.361443826657406264e-01,9.360969184049789948e-01,9.352672661632683848e-01,1.000000000000003997e+00,9.352672661632686069e-01,9.360969184049793279e-01,9.361443826657405154e-01,9.361488244510607348e-01,9.361488244510606238e-01,9.361443826657402933e-01,9.360969184049792169e-01,9.352672661632686069e-01,1.000000000000003997e+00,9.352672661632688289e-01,9.360969184049792169e-01,9.361443826657406264e-01,9.361443826657408485e-01,9.361488244510606238e-01,9.361443826657407374e-01,9.360969184049793279e-01,9.352672661632688289e-01,1.000000000000003997e+00,9.352672661632688289e-01,9.360969184049795500e-01,9.360969184049793279e-01,9.361443826657404044e-01,9.361488244510606238e-01,9.361443826657405154e-01,9.360969184049792169e-01,9.352672661632688289e-01,1.000000000000003997e+00,9.352672661632688289e-01,9.352672661632688289e-01,9.360969184049792169e-01,9.361443826657406264e-01,9.361488244510607348e-01,9.361443826657406264e-01,9.360969184049795500e-01,9.352672661632688289e-01,1.000000000000003997e+00
1.000000000000003109e+00,9.166725511161617490e-01,9.180925929643187766e-01,9.181688362689714999e-01,9.181761359828406466e-01,9.181688362689716110e-01,9.180925929643187766e-01,9.166725511161618600e-01,9.166725511161617490e-01,1.000000000000003109e+00,9.166725511161617490e-01,9.180925929643186656e-01,9.181688362689716110e-01,9.181761359828404245e-01,9.181688362689714999e-01,9.180925929643187766e-01,9.180925929643187766e-01,9.166725511161617490e-01,1.000000000000003109e+00,9.166725511161615270e-01,9.180925929643186656e-01,9.181688362689712779e-01,9.181761359828403135e-01,9.181688362689716110e-01,9.181688362689714999e-01,9.180925929643186656e-01,9.166725511161615270e-01,1.000000000000003109e+00,9.166725511161615270e-01,9.180925929643185546e-01,9.181688362689713889e-01,9.181761359828404245e-01,9.181761359828406466e-01,9.181688362689716110e-01,9.180925929643186656e-01,9.166725511161615270e-01,1.000000000000003109e+00,9.166725511161616380e-01,9.180925929643186656e-01,9.181688362689718330e-01,9.181688362689716110e-01,9.181761359828404245e-01,9.181688362689712779e-01,9.180925929643185546e-01,9.166725511161616380e-01,1.000000000000003109e+00,9.166725511161613049e-01,9.180925929643186656e-01,9.180925929643187766e-01,9.181688362689714999e-01,9.181761359828403135e-01,9.181688362689713889e-01,9.180925929643186656e-01,9.166725511161613049e-01,1.000000000000003109e+00,9.166725511161616380e-01,9.166725511161618600e-01,9.180925929643187766e-01,9.181688362689716110e-01,9.181761359828404245e-01,9.181688362689718330e-01,9.180925929643186656e-01,9.166725511161616380e-01,1.000000000000003109e+00
1.000000000000001998e+00,8.828064879375782104e-01,8.857136091874462380e-01,8.858776340542754424e-01,8.858919008079498836e-01,8.858776340542753314e-01,8.857136091874461270e-01,8.828064879375777663e-01,8.828064879375782104e-01,1.000000000000001998e+00,8.828064879375777663e-01,8.857136091874463490e-01,8.858776340542755534e-01,8.858919008079497726e-01,8.858776340542753314e-01,8.857136091874464601e-01,8.857136091874462380e-01,8.828064879375777663e-01,1.000000000000001998e+00,8.828064879375773222e-01,8.857136091874459050e-01,8.858776340542748873e-01,8.858919008079493285e-01,8.858776340542751093e-01,8.858776340542754424e-01,8.857136091874463490e-01,8.828064879375773222e-01,1.000000000000001998e+00,8.828064879375773222e-01,8.857136091874456829e-01,8.858776340542748873e-01,8.858919008079495505e-01,8.858919008079498836e-01,8.858776340542755534e-01,8.857136091874459050e-01,8.828064879375773222e-01,1.000000000000001998e+00,8.828064879375772112e-01,8.857136091874459050e-01,8.858776340542752203e-01,8.858776340542753314e-01,8.858919008079497726e-01,8.858776340542748873e-01,8.857136091874456829e-01,8.828064879375772112e-01,1.000000000000001998e+00,8.828064879375771001e-01,8.857136091874459050e-01,8.857136091874461270e-01,8.858776340542753314e-01,8.858919008079493285e-01,8.858776340542748873e-01,8.857136091874459050e-01,8.828064879375771001e-01,1.000000000000001998e+00,8.828064879375772112e-01,8.828064879375777663e-01,8.857136091874464601e-01,8.858776340542751093e-01,8.858919008079495505e-01,8.858776340542752203e-01,8.857136091874459050e-01,8.828064879375772112e-01,1.000000000000001998e+00
9.999999999999995559e-01,8.407383558049232875e-01,8.462685832392708996e-01,8.465568534121542532e-01,8.465775838165946476e-01,8.465568534121540312e-01,8.462685832392710106e-01,8.407383558049230654e-01,8.407383558049232875e-01,9.999999999999995559e-01,8.407383558049223993e-01,8.462685832392707885e-01,8.465568534121535871e-01,8.465775838165944256e-01,8.465568534121539201e-01,8.462685832392710106e-01,8.462685832392708996e-01,8.407383558049223993e-01,9.999999999999995559e-01,8.407383558049221772e-01,8.462685832392700114e-01,8.465568534121532540e-01,8.465775838165939815e-01,8.465568534121535871e-01,8.465568534121542532e-01,8.462685832392707885e-01,8.407383558049221772e-01,9.999999999999995559e-01,8.407383558049219552e-01,8.462685832392701224e-01,8.465568534121534761e-01,8.465775838165943146e-01,8.465775838165946476e-01,8.465568534121535871e-01,8.462685832392700114e-01,8.407383558049219552e-01,9.999999999999995559e-01,8.407383558049219552e-01,8.462685832392700114e-01,8.465568534121533650e-01,8.465568534121540312e-01,8.465775838165944256e-01,8.465568534121532540e-01,8.462685832392701224e-01,8.407383558049219552e-01,9.999999999999995559e-01,8.407383558049219552e-01,8.462685832392704555e-01,8.462685832392710106e-01,8.465568534121539201e-01,8.465775838165939815e-01,8.465568534121534761e-01,8.462685832392700114e-01,8.407383558049219552e-01,9.999999999999995559e-01,8.407383558049221772e-01,8.407383558049230654e-01,8.462685832392710106e-01,8.465568534121535871e-01,8.465775838165943146e-01,8.465568534121533650e-01,8.462685832392704555e-01,8.407383558049221772e-01,9.999999999999995559e-01
9.999999999999963363e-01,8.000553095436410134e-01,8.089503869357395072e-01,8.093656815227724399e-01,8.093889880233167133e-01,8.093656815227723289e-01,8.089503869357399513e-01,8.000553095436413464e-01,8.000553095436410134e-01,9.999999999999963363e-01,8.000553095436397921e-01,8.089503869357393961e-01,8.093656815227713297e-01,8.093889880233161582e-01,8.093656815227712187e-01,8.089503869357393961e-01,8.089503869357395072e-01,8.000553095436397921e-01,9.999999999999963363e-01,8.000553095436402362e-01,8.089503869357386190e-01,8.093656815227711077e-01,8.093889880233154921e-01,8.093656815227712187e-01,8.093656815227724399e-01,8.089503869357393961e-01,8.000553095436402362e-01,9.999999999999963363e-01,8.000553095436402362e-01,8.089503869357396182e-01,8.093656815227715517e-01,8.093889880233164913e-01,8.093889880233167133e-01,8.093656815227713297e-01,8.089503869357386190e-01,8.000553095436402362e-01,9.999999999999963363e-01,8.000553095436401252e-01,8.089503869357388410e-01,8.093656815227713297e-01,8.093656815227723289e-01,8.093889880233161582e-01,8.093656815227711077e-01,8.089503869357396182e-01,8.000553095436401252e-01,9.999999999999963363e-01,8.000553095436403472e-01,8.089503869357396182e-01,8.089503869357399513e-01,8.093656815227712187e-01,8.093889880233154921e-01,8.093656815227715517e-01,8.089503869357388410e-01,8.000553095436403472e-01,9.999999999999963363e-01,8.000553095436403472e-01,8.000553095436413464e-01,8.089503869357393961e-01,8.093656815227712187e-01,8.093889880233164913e-01,8.093656815227713297e-01,8.089503869357396182e-01,8.000553095436403472e-01,9.999999999999963363e-01
9.999999999999970024e-01,7.636868270454785224e-01,7.763344282834339083e-01,7.768260121942580643e-01,7.768431299524011235e-01,7.768260121942577312e-01,7.763344282834343524e-01,7.636868270454794105e-01,7.636868270454785224e-01,9.999999999999970024e-01,7.636868270454768570e-01,7.763344282834336862e-01,7.768260121942558438e-01,7.768431299524000133e-01,7.768260121942560659e-01,7.763344282834335752e-01,7.763344282834339083e-01,7.636868270454768570e-01,9.999999999999970024e-01,7.636868270454778562e-01,7.763344282834327981e-01,7.768260121942561769e-01,7.768431299523996802e-01,7.768260121942565100e-01,7.768260121942580643e-01,7.763344282834336862e-01,7.636868270454778562e-01,9.999999999999970024e-01,7.636868270454783003e-01,7.763344282834342414e-01,7.768260121942569540e-01,7.768431299524011235e-01,7.768431299524011235e-01,7.768260121942558438e-01,7.763344282834327981e-01,7.636868270454783003e-01,9.999999999999970024e-01,7.636868270454778562e-01,7.763344282834333532e-01,7.768260121942567320e-01,7.768260121942577312e-01,7.768431299524000133e-01,7.768260121942561769e-01,7.763344282834342414e-01,7.636868270454778562e-01,9.999999999999970024e-01,7.636868270454780783e-01,7.763344282834341303e-01,7.763344282834343524e-01,7.768260121942560659e-01,7.768431299523996802e-01,7.768260121942569540e-01,7.763344282834333532e-01,7.636868270454780783e-01,9.999999999999970024e-01,7.636868270454783003e-01,7.636868270454794105e-01,7.763344282834335752e-01,7.768260121942565100e-01,7.768431299524011235e-01,7.768260121942567320e-01,7.763344282834341303e-01,7.636868270454783003e-01,9.999999999999970024e-01
9.999999999999962252e-01,7.282958077541338282e-01,7.453234525826730739e-01,7.458041265404374842e-01,7.458081116258217236e-01,7.458041265404370401e-01,7.453234525826736290e-01,7.282958077541350494e-01,7.282958077541338282e-01,9.999999999999962252e-01,7.282958077541324959e-01,7.453234525826730739e-01,7.458041265404355968e-01,7.458081116258206134e-01,7.458041265404353748e-01,7.453234525826729628e-01,7.453234525826730739e-01,7.282958077541324959e-01,9.999999999999962252e-01,7.282958077541339392e-01,7.453234525826726298e-01,7.458041265404358189e-01,7.458081116258205023e-01,7.458041265404362630e-01,7.458041265404374842e-01,7.453234525826730739e-01,7.282958077541339392e-01,9.999999999999962252e-01,7.282958077541346054e-01,7.453234525826738510e-01,7.458041265404367071e-01,7.458081116258221677e-01,7.458081116258217236e-01,7.458041265404355968e-01,7.453234525826726298e-01,7.282958077541346054e-01,9.999999999999962252e-01,7.282958077541343833e-01,7.453234525826732959e-01,7.458041265404369291e-01,7.458041265404370401e-01,7.458081116258206134e-01,7.458041265404358189e-01,7.453234525826738510e-01,7.282958077541343833e-01,9.999999999999962252e-01,7.282958077541340502e-01,7.453234525826739620e-01,7.453234525826736290e-01,7.458041265404353748e-01,7.458081116258205023e-01,7.458041265404367071e-01,7.453234525826732959e-01,7.282958077541340502e-01,9.999999999999962252e-01,7.282958077541344943e-01,7.282958077541350494e-01,7.453234525826729628e-01,7.458041265404362630e-01,7.458081116258221677e-01,7.458041265404369291e-01,7.453234525826739620e-01,7.282958077541344943e-01,9.999999999999962252e-01
9.999999999999957812e-01,6.888246589705180334e-01,7.115619967241113564e-01,7.119343700324789470e-01,7.119250155960682447e-01,7.119343700324780588e-01,7.115619967241118005e-01,6.888246589705195877e-01,6.888246589705180334e-01,9.999999999999957812e-01,6.888246589705175893e-01,7.115619967241118005e-01,7.119343700324776147e-01,7.119250155960673565e-01,7.119343700324776147e-01,7.115619967241118005e-01,7.115619967241113564e-01,6.888246589705175893e-01,9.999999999999957812e-01,6.888246589705192546e-01,7.115619967241115784e-01,7.119343700324775037e-01,7.119250155960679116e-01,7.119343700324785029e-01,7.119343700324789470e-01,7.115619967241118005e-01,6.888246589705192546e-01,9.999999999999957812e-01,6.888246589705199208e-01,7.115619967241124666e-01,7.119343700324788360e-01,7.119250155960695770e-01,7.119250155960682447e-01,7.119343700324776147e-01,7.115619967241115784e-01,6.888246589705199208e-01,9.999999999999957812e-01,6.888246589705189216e-01,7.115619967241120225e-01,7.119343700324789470e-01,7.119343700324780588e-01,7.119250155960673565e-01,7.119343700324775037e-01,7.115619967241124666e-01,6.888246589705189216e-01,9.999999999999957812e-01,6.888246589705186995e-01,7.115619967241123556e-01,7.115619967241118005e-01,7.119343700324776147e-01,7.119250155960679116e-01,7.119343700324788360e-01,7.115619967241120225e-01,6.888246589705186995e-01,9.999999999999957812e-01,6.888246589705196987e-01,6.888246589705195877e-01,7.115619967241118005e-01,7.119343700324785029e-01,7.119250155960695770e-01,7.119343700324789470e-01,7.115619967241123556e-01,6.888246589705196987e-01,9.999999999999957812e-01
9.999999999999981126e-01,6.424145160845896596e-01,6.729921490741948009e-01,6.730920416533823225e-01,6.730664039786597996e-01,6.730920416533811013e-01,6.729921490741953560e-01,6.424145160845911029e-01,6.424145160845896596e-01,9.999999999999981126e-01,6.424145160845897706e-01,6.729921490741959111e-01,6.730920416533815454e-01,6.730664039786593555e-01,6.730920416533817674e-01,6.729921490741961332e-01,6.729921490741948009e-01,6.424145160845897706e-01,9.999999999999981126e-01,6.424145160845913249e-01,6.729921490741953560e-01,6.730920416533813233e-01,6.730664039786602437e-01,6.730920416533825446e-01,6.730920416533823225e-01,6.729921490741959111e-01,6.424145160845913249e-01,9.999999999999981126e-01,6.424145160845915470e-01,6.729921490741961332e-01,6.730920416533828776e-01,6.730664039786619091e-01,6.730664039786597996e-01,6.730920416533815454e-01,6.729921490741953560e-01,6.424145160845915470e-01,9.999999999999981126e-01,6.424145160845903257e-01,6.729921490741960222e-01,6.730920416533827666e-01,6.730920416533811013e-01,6.730664039786593555e-01,6.730920416533813233e-01,6.729921490741961332e-01,6.424145160845903257e-01,9.999999999999981126e-01,6.424145160845903257e-01,6.729921490741960222e-01,6.729921490741953560e-01,6.730920416533817674e-01,6.730664039786602437e-01,6.730920416533828776e-01,6.729921490741960222e-01,6.424145160845903257e-01,9.999999999999981126e-01,6.424145160845917690e-01,6.424145160845911029e-01,6.729921490741961332e-01,6.730920416533825446e-01,6.730664039786619091e-01,6.730920416533827666e-01,6.729921490741960222e-01,6.424145160845917690e-01,9.999999999999981126e-01
9.999999999999982236e-01,5.899164552246281001e-01,6.309688908450523659e-01,6.304403903828179612e-01,6.303869621119110311e-01,6.304403903828168509e-01,6.309688908450528100e-01,5.899164552246292104e-01,5.899164552246281001e-01,9.999999999999982236e-01,5.899164552246282112e-01,6.309688908450532541e-01,6.304403903828170730e-01,6.303869621119110311e-01,6.304403903828178501e-01,6.309688908450535871e-01,6.309688908450523659e-01,5.899164552246282112e-01,9.999999999999982236e-01,5.899164552246292104e-01,6.309688908450521438e-01,6.304403903828168509e-01,6.303869621119118083e-01,6.304403903828182942e-01,6.304403903828179612e-01,6.309688908450532541e-01,5.899164552246292104e-01,9.999999999999982236e-01,5.899164552246287663e-01,6.309688908450530320e-01,6.304403903828184053e-01,6.303869621119130295e-01,6.303869621119110311e-01,6.304403903828170730e-01,6.309688908450521438e-01,5.899164552246287663e-01,9.999999999999982236e-01,5.899164552246273230e-01,6.309688908450528100e-01,6.304403903828179612e-01,6.304403903828168509e-01,6.303869621119110311e-01,6.304403903828168509e-01,6.309688908450530320e-01,5.899164552246273230e-01,9.999999999999982236e-01,5.899164552246282112e-01,6.309688908450531430e-01,6.309688908450528100e-01,6.304403903828178501e-01,6.303869621119118083e-01,6.304403903828184053e-01,6.309688908450528100e-01,5.899164552246282112e-01,9.999999999999982236e-01,5.899164552246298765e-01,5.899164552246292104e-01,6.309688908450535871e-01,6.304403903828182942e-01,6.303869621119130295e-01,6.304403903828179612e-01,6.309688908450531430e-01,5.899164552246298765e-01,9.999999999999982236e-01
9.999999999999982236e-01,5.351892236337827402e-01,5.891915194959980173e-01,5.873981602662617929e-01,5.873224525622816605e-01,5.873981602662605717e-01,5.891915194959982394e-01,5.351892236337832953e-01,5.351892236337827402e-01,9.999999999999982236e-01,5.351892236337824071e-01,5.891915194959984614e-01,5.873981602662602386e-01,5.873224525622821046e-01,5.873981602662614598e-01,5.891915194959989055e-01,5.891915194959980173e-01,5.351892236337824071e-01,9.999999999999982236e-01,5.351892236337825182e-01,5.891915194959964630e-01,5.873981602662602386e-01,5.873224525622826597e-01,5.873981602662615709e-01,5.873981602662617929e-01,5.891915194959984614e-01,5.351892236337825182e-01,9.999999999999982236e-01,5.351892236337812969e-01,5.891915194959975732e-01,5.873981602662616819e-01,5.873224525622836589e-01,5.873224525622816605e-01,5.873981602662602386e-01,5.891915194959964630e-01,5.351892236337812969e-01,9.999999999999982236e-01,5.351892236337799647e-01,5.891915194959970181e-01,5.873981602662605717e-01,5.873981602662605717e-01,5.873224525622821046e-01,5.873981602662602386e-01,5.891915194959975732e-01,5.351892236337799647e-01,9.999999999999982236e-01,5.351892236337814079e-01,5.891915194959977953e-01,5.891915194959982394e-01,5.873981602662614598e-01,5.873224525622826597e-01,5.873981602662616819e-01,5.891915194959970181e-01,5.351892236337814079e-01,9.999999999999982236e-01,5.351892236337832953e-01,5.351892236337832953e-01,5.891915194959989055e-01,5.873981602662615709e-01,5.873224525622836589e-01,5.873981602662605717e-01,5.891915194959977953e-01,5.351892236337832953e-01,9.999999999999982236e-01
9.999999999999983347e-01,4.831696949186525258e-01,5.516714238699553796e-01,5.477451253804084264e-01,5.477310361363407765e-01,5.477451253804075382e-01,5.516714238699556017e-01,4.831696949186524148e-01,4.831696949186525258e-01,9.999999999999983347e-01,4.831696949186510825e-01,5.516714238699556017e-01,5.477451253804060949e-01,5.477310361363418867e-01,5.477451253804077602e-01,5.516714238699559347e-01,5.516714238699553796e-01,4.831696949186510825e-01,9.999999999999983347e-01,4.831696949186504164e-01,5.516714238699527151e-01,5.477451253804066500e-01,5.477310361363414426e-01,5.477451253804073161e-01,5.477451253804084264e-01,5.516714238699556017e-01,4.831696949186504164e-01,9.999999999999983347e-01,4.831696949186487511e-01,5.516714238699547135e-01,5.477451253804072051e-01,5.477310361363423308e-01,5.477310361363407765e-01,5.477451253804060949e-01,5.516714238699527151e-01,4.831696949186487511e-01,9.999999999999983347e-01,4.831696949186480294e-01,5.516714238699532702e-01,5.477451253804058728e-01,5.477451253804075382e-01,5.477310361363418867e-01,5.477451253804066500e-01,5.516714238699547135e-01,4.831696949186480294e-01,9.999999999999983347e-01,4.831696949186499168e-01,5.516714238699547135e-01,5.516714238699556017e-01,5.477451253804077602e-01,5.477310361363414426e-01,5.477451253804072051e-01,5.516714238699532702e-01,4.831696949186499168e-01,9.999999999999983347e-01,4.831696949186513601e-01,4.831696949186524148e-01,5.516714238699559347e-01,5.477451253804073161e-01,5.477310361363423308e-01,5.477451253804058728e-01,5.516714238699547135e-01,4.831696949186513601e-01,9.999999999999983347e-01
9.999999999999981126e-01,4.378028048781590353e-01,5.209931448296245549e-01,5.140422006433269519e-01,5.143187399257140857e-01,5.140422006433265079e-01,5.209931448296249989e-01,4.378028048781584802e-01,4.378028048781590353e-01,9.999999999999981126e-01,4.378028048781565928e-01,5.209931448296243328e-01,5.140422006433239543e-01,5.143187399257154180e-01,5.140422006433252866e-01,5.209931448296247769e-01,5.209931448296245549e-01,4.378028048781565928e-01,9.999999999999981126e-01,4.378028048781555936e-01,5.209931448296215573e-01,5.140422006433247315e-01,5.143187399257140857e-01,5.140422006433247315e-01,5.140422006433269519e-01,5.209931448296243328e-01,4.378028048781555936e-01,9.999999999999981126e-01,4.378028048781537063e-01,5.209931448296243328e-01,5.140422006433246205e-01,5.143187399257148629e-01,5.143187399257140857e-01,5.140422006433239543e-01,5.209931448296215573e-01,4.378028048781537063e-01,9.999999999999981126e-01,4.378028048781537618e-01,5.209931448296221124e-01,5.140422006433235103e-01,5.140422006433265079e-01,5.143187399257154180e-01,5.140422006433247315e-01,5.209931448296243328e-01,4.378028048781537618e-01,9.999999999999981126e-01,4.378028048781559267e-01,5.209931448296239997e-01,5.209931448296249989e-01,5.140422006433252866e-01,5.143187399257140857e-01,5.140422006433246205e-01,5.209931448296221124e-01,4.378028048781559267e-01,9.999999999999981126e-01,4.378028048781562598e-01,4.378028048781584802e-01,5.209931448296247769e-01,5.140422006433247315e-01,5.143187399257148629e-01,5.140422006433235103e-01,5.209931448296239997e-01,4.378028048781562598e-01,9.999999999999981126e-01
9.999999999999993339e-01,4.006589344276256792e-01,4.975447982215500664e-01,4.869239088076586786e-01,4.878851965526350143e-01,4.869239088076589006e-01,4.975447982215507881e-01,4.006589344276249576e-01,4.006589344276256792e-01,9.999999999999993339e-01,4.006589344276225151e-01,4.975447982215495668e-01,4.869239088076554034e-01,4.878851965526364576e-01,4.869239088076563471e-01,4.975447982215497333e-01,4.975447982215500664e-01,4.006589344276225151e-01,9.999999999999993339e-01,4.006589344276216824e-01,4.975447982215470688e-01,4.869239088076564581e-01,4.878851965526347922e-01,4.869239088076559030e-01,4.869239088076586786e-01,4.975447982215495668e-01,4.006589344276216824e-01,9.999999999999993339e-01,4.006589344276199061e-01,4.975447982215505660e-01,4.869239088076557920e-01,4.878851965526352918e-01,4.878851965526350143e-01,4.869239088076554034e-01,4.975447982215470688e-01,4.006589344276199061e-01,9.999999999999993339e-01,4.006589344276207942e-01,4.975447982215475129e-01,4.869239088076547928e-01,4.869239088076589006e-01,4.878851965526364576e-01,4.869239088076564581e-01,4.975447982215505660e-01,4.006589344276207942e-01,9.999999999999993339e-01,4.006589344276228482e-01,4.975447982215498999e-01,4.975447982215507881e-01,4.869239088076563471e-01,4.878851965526347922e-01,4.869239088076557920e-01,4.975447982215475129e-01,4.006589344276228482e-01,9.999999999999993339e-01,4.006589344276219045e-01,4.006589344276249576e-01,4.975447982215497333e-01,4.869239088076559030e-01,4.878851965526352918e-01,4.869239088076547928e-01,4.975447982215498999e-01,4.006589344276219045e-01,9.999999999999993339e-01
