9.999999999999977796e-01,9.999999999999977796e-01,9.999999999999977796e-01,9.999999999999977796e-01,9.999999999999977796e-01,9.999999999999977796e-01,9.999999999999977796e-01,9.999999999999977796e-01,9.999999999999977796e-01,9.999999999999977796e-01,9.999999999999977796e-01,9.999999999999977796e-01,9.999999999999977796e-01,9.999999999999977796e-01,9.999999999999977796e-01,9.999999999999977796e-01,9.999999999999977796e-01,9.999999999999977796e-01,9.999999999999977796e-01,9.999999999999977796e-01,9.999999999999977796e-01,9.999999999999977796e-01,9.999999999999977796e-01,9.999999999999977796e-01,9.999999999999977796e-01,9.999999999999977796e-01,9.999999999999977796e-01,9.999999999999977796e-01,9.999999999999977796e-01,9.999999999999977796e-01,9.999999999999977796e-01,9.999999999999977796e-01,9.999999999999977796e-01,9.999999999999977796e-01,9.999999999999977796e-01,9.999999999999977796e-01,9.999999999999977796e-01,9.999999999999977796e-01,9.999999999999977796e-01,9.999999999999977796e-01,9.999999999999977796e-01,9.999999999999977796e-01,9.999999999999977796e-01,9.999999999999977796e-01,9.999999999999977796e-01,9.999999999999977796e-01,9.999999999999977796e-01,9.999999999999977796e-01,9.999999999999977796e-01,9.999999999999977796e-01,9.999999999999977796e-01,9.999999999999977796e-01,9.999999999999977796e-01,9.999999999999977796e-01,9.999999999999977796e-01,9.999999999999977796e-01,9.999999999999977796e-01,9.999999999999977796e-01,9.999999999999977796e-01,9.999999999999977796e-01,9.999999999999977796e-01,9.999999999999977796e-01,9.999999999999977796e-01,9.999999999999977796e-01
9.999999999999967804e-01,9.994715315167014280e-01,9.994715851931574857e-01,9.994715891163911126e-01,9.994715895078547518e-01,9.994715891163911126e-01,9.994715851931575967e-01,9.994715315167015390e-01,9.994715315167014280e-01,9.999999999999967804e-01,9.994715315167015390e-01,9.994715851931574857e-01,9.994715891163911126e-01,9.994715895078547518e-01,9.994715891163912236e-01,9.994715851931575967e-01,9.994715851931574857e-01,9.994715315167015390e-01,9.999999999999967804e-01,9.994715315167016501e-01,9.994715851931573747e-01,9.994715891163912236e-01,9.994715895078547518e-01,9.994715891163911126e-01,9.994715891163911126e-01,9.994715851931574857e-01,9.994715315167016501e-01,9.999999999999967804e-01,9.994715315167014280e-01,9.994715851931575967e-01,9.994715891163911126e-01,9.994715895078547518e-01,9.994715895078547518e-01,9.994715891163911126e-01,9.994715851931573747e-01,9.994715315167014280e-01,9.999999999999967804e-01,9.994715315167014280e-01,9.994715851931574857e-01,9.994715891163911126e-01,9.994715891163911126e-01,9.994715895078547518e-01,9.994715891163912236e-01,9.994715851931575967e-01,9.994715315167014280e-01,9.999999999999967804e-01,9.994715315167015390e-01,9.994715851931575967e-01,9.994715851931575967e-01,9.994715891163912236e-01,9.994715895078547518e-01,9.994715891163911126e-01,9.994715851931574857e-01,9.994715315167015390e-01,9.999999999999967804e-01,9.994715315167015390e-01,9.994715315167015390e-01,9.994715851931575967e-01,9.994715891163911126e-01,9.994715895078547518e-01,9.994715891163911126e-01,9.994715851931575967e-01,9.994715315167015390e-01,9.999999999999967804e-01
9.999999999999993339e-01,9.978924732401303066e-01,9.978933272718440994e-01,9.978933891707341131e-01,9.978933953355543229e-01,9.978933891707316706e-01,9.978933272718437664e-01,9.978924732401329711e-01,9.978924732401303066e-01,9.999999999999993339e-01,9.978924732401325270e-01,9.978933272718476521e-01,9.978933891707325587e-01,9.978933953355558772e-01,9.978933891707326698e-01,9.978933272718473191e-01,9.978933272718440994e-01,9.978924732401325270e-01,9.999999999999993339e-01,9.978924732401356357e-01,9.978933272718457648e-01,9.978933891707337800e-01,9.978933953355566544e-01,9.978933891707356674e-01,9.978933891707341131e-01,9.978933272718476521e-01,9.978924732401356357e-01,9.999999999999993339e-01,9.978924732401353026e-01,9.978933272718483183e-01,9.978933891707358894e-01,9.978933953355610953e-01,9.978933953355543229e-01,9.978933891707325587e-01,9.978933272718457648e-01,9.978924732401353026e-01,9.999999999999993339e-01,9.978924732401328601e-01,9.978933272718454317e-01,9.978933891707352233e-01,9.978933891707316706e-01,9.978933953355558772e-01,9.978933891707337800e-01,9.978933272718483183e-01,9.978924732401328601e-01,9.999999999999993339e-01,9.978924732401328601e-01,9.978933272718479852e-01,9.978933272718437664e-01,9.978933891707326698e-01,9.978933953355566544e-01,9.978933891707358894e-01,9.978933272718454317e-01,9.978924732401328601e-01,9.999999999999993339e-01,9.978924732401346365e-01,9.978924732401329711e-01,9.978933272718473191e-01,9.978933891707356674e-01,9.978933953355610953e-01,9.978933891707352233e-01,9.978933272718479852e-01,9.978924732401346365e-01,9.999999999999993339e-01
1.000000000000001110e+00,9.952816367448403811e-01,9.952859203600751270e-01,9.952862264933888259e-01,9.952862568921956310e-01,9.952862264933710623e-01,9.952859203600723514e-01,9.952816367448603652e-01,9.952816367448403811e-01,1.000000000000001110e+00,9.952816367448562573e-01,9.952859203601031046e-01,9.952862264933785008e-01,9.952862568922087316e-01,9.952862264933782788e-01,9.952859203600999960e-01,9.952859203600751270e-01,9.952816367448562573e-01,1.000000000000001110e+00,9.952816367448797941e-01,9.952859203600885607e-01,9.952862264933871606e-01,9.952862568922111741e-01,9.952862264934011494e-01,9.952862264933888259e-01,9.952859203601031046e-01,9.952816367448797941e-01,1.000000000000001110e+00,9.952816367448775736e-01,9.952859203601095439e-01,9.952862264934015935e-01,9.952862568922462572e-01,9.952862568921956310e-01,9.952862264933785008e-01,9.952859203600885607e-01,9.952816367448775736e-01,1.000000000000001110e+00,9.952816367448595880e-01,9.952859203600858962e-01,9.952862264933985958e-01,9.952862264933710623e-01,9.952862568922087316e-01,9.952862264933871606e-01,9.952859203601095439e-01,9.952816367448595880e-01,1.000000000000001110e+00,9.952816367448594770e-01,9.952859203601058802e-01,9.952859203600723514e-01,9.952862264933782788e-01,9.952862568922111741e-01,9.952862264934015935e-01,9.952859203600858962e-01,9.952816367448594770e-01,1.000000000000001110e+00,9.952816367448736878e-01,9.952816367448603652e-01,9.952859203600999960e-01,9.952862264934011494e-01,9.952862568922462572e-01,9.952862264933985958e-01,9.952859203601058802e-01,9.952816367448736878e-01,1.000000000000001110e+00
1.000000000000002887e+00,9.916696249566676613e-01,9.916829899608679000e-01,9.916839263736204613e-01,9.916840189988547216e-01,9.916839263735930388e-01,9.916829899608634591e-01,9.916696249566980814e-01,9.916696249566676613e-01,1.000000000000002887e+00,9.916696249566918642e-01,9.916829899609137522e-01,9.916839263736059173e-01,9.916840189988762599e-01,9.916839263736040300e-01,9.916829899609093113e-01,9.916829899608679000e-01,9.916696249566918642e-01,1.000000000000002887e+00,9.916696249567270582e-01,9.916829899608905485e-01,9.916839263736177967e-01,9.916840189988762599e-01,9.916839263736395571e-01,9.916839263736204613e-01,9.916829899609137522e-01,9.916696249567270582e-01,1.000000000000002887e+00,9.916696249567261701e-01,9.916829899609226340e-01,9.916839263736384469e-01,9.916840189989333254e-01,9.916840189988547216e-01,9.916839263736059173e-01,9.916829899608905485e-01,9.916696249567261701e-01,1.000000000000002887e+00,9.916696249566986365e-01,9.916829899608858856e-01,9.916839263736367815e-01,9.916839263735930388e-01,9.916840189988762599e-01,9.916839263736177967e-01,9.916829899609226340e-01,9.916696249566986365e-01,1.000000000000002887e+00,9.916696249566959720e-01,9.916829899609178600e-01,9.916829899608634591e-01,9.916839263736040300e-01,9.916840189988762599e-01,9.916839263736384469e-01,9.916829899608858856e-01,9.916696249566959720e-01,1.000000000000002887e+00,9.916696249567183985e-01,9.916696249566980814e-01,9.916829899609093113e-01,9.916839263736395571e-01,9.916840189989333254e-01,9.916839263736367815e-01,9.916829899609178600e-01,9.916696249567183985e-01,1.000000000000002887e+00
9.999999999999982236e-01,9.870977643152631931e-01,9.871298630084391901e-01,9.871320549905395758e-01,9.871322708413893254e-01,9.871320549905093777e-01,9.871298630084321957e-01,9.870977643152972769e-01,9.870977643152631931e-01,9.999999999999982236e-01,9.870977643152927250e-01,9.871298630085010295e-01,9.871320549905290287e-01,9.871322708414226321e-01,9.871320549905229225e-01,9.871298630084991421e-01,9.871298630084391901e-01,9.870977643152927250e-01,9.999999999999982236e-01,9.870977643153288072e-01,9.871298630084702763e-01,9.871320549905400199e-01,9.871322708414105307e-01,9.871320549905659991e-01,9.871320549905395758e-01,9.871298630085010295e-01,9.870977643153288072e-01,9.999999999999982236e-01,9.870977643153338033e-01,9.871298630085096892e-01,9.871320549905573394e-01,9.871322708414845826e-01,9.871322708413893254e-01,9.871320549905290287e-01,9.871298630084702763e-01,9.870977643153338033e-01,9.999999999999982236e-01,9.870977643153013847e-01,9.871298630084632819e-01,9.871320549905643338e-01,9.871320549905093777e-01,9.871322708414226321e-01,9.871320549905400199e-01,9.871298630085096892e-01,9.870977643153013847e-01,9.999999999999982236e-01,9.870977643152942793e-01,9.871298630085076908e-01,9.871298630084321957e-01,9.871320549905229225e-01,9.871322708414105307e-01,9.871320549905573394e-01,9.871298630084632819e-01,9.870977643152942793e-01,9.999999999999982236e-01,9.870977643153219239e-01,9.870977643152972769e-01,9.871298630084991421e-01,9.871320549905659991e-01,9.871322708414845826e-01,9.871320549905643338e-01,9.871298630085076908e-01,9.870977643153219239e-01,9.999999999999982236e-01
9.999999999999992228e-01,9.816167162445454952e-01,9.816819717708634707e-01,9.816862889220386856e-01,9.816867120653723910e-01,9.816862889220240307e-01,9.816819717708508142e-01,9.816167162445678107e-01,9.816167162445454952e-01,9.999999999999992228e-01,9.816167162445778027e-01,9.816819717709510673e-01,9.816862889220613342e-01,9.816867120654413359e-01,9.816862889220436816e-01,9.816819717709642790e-01,9.816819717708634707e-01,9.816167162445778027e-01,9.999999999999992228e-01,9.816167162445869065e-01,9.816819717709068804e-01,9.816862889220592248e-01,9.816867120653827161e-01,9.816862889220829835e-01,9.816862889220386856e-01,9.816819717709510673e-01,9.816167162445869065e-01,9.999999999999992228e-01,9.816167162446050032e-01,9.816819717709509563e-01,9.816862889220496768e-01,9.816867120654737544e-01,9.816867120653723910e-01,9.816862889220613342e-01,9.816819717709068804e-01,9.816167162446050032e-01,9.999999999999992228e-01,9.816167162445852412e-01,9.816819717708945570e-01,9.816862889220869803e-01,9.816862889220240307e-01,9.816867120654413359e-01,9.816862889220592248e-01,9.816819717709509563e-01,9.816167162445852412e-01,9.999999999999992228e-01,9.816167162445654792e-01,9.816819717709653892e-01,9.816819717708508142e-01,9.816862889220436816e-01,9.816867120653827161e-01,9.816862889220496768e-01,9.816819717708945570e-01,9.816167162445654792e-01,9.999999999999992228e-01,9.816167162445931238e-01,9.816167162445678107e-01,9.816819717709642790e-01,9.816862889220829835e-01,9.816867120654737544e-01,9.816862889220869803e-01,9.816819717709653892e-01,9.816167162445931238e-01,9.999999999999992228e-01
9.999999999999985567e-01,9.752848593539273914e-01,9.754029993969490775e-01,9.754105240415786859e-01,9.754112583970792061e-01,9.754105240416327538e-01,9.754029993969188794e-01,9.752848593539003019e-01,9.752848593539273914e-01,9.999999999999985567e-01,9.752848593539723554e-01,9.754029993971287116e-01,9.754105240417363376e-01,9.754112583972884831e-01,9.754105240416806044e-01,9.754029993971975454e-01,9.754029993969490775e-01,9.752848593539723554e-01,9.999999999999985567e-01,9.752848593538745448e-01,9.754029993970314560e-01,9.754105240416817146e-01,9.754112583970614425e-01,9.754105240416910405e-01,9.754105240415786859e-01,9.754029993971287116e-01,9.752848593538745448e-01,9.999999999999985567e-01,9.752848593539271693e-01,9.754029993970952939e-01,9.754105240415775757e-01,9.754112583971998873e-01,9.754112583970792061e-01,9.754105240417363376e-01,9.754029993970314560e-01,9.752848593539271693e-01,9.999999999999985567e-01,9.752848593539704680e-01,9.754029993970035894e-01,9.754105240417163536e-01,9.754105240416327538e-01,9.754112583972884831e-01,9.754105240416817146e-01,9.754029993970952939e-01,9.752848593539704680e-01,9.999999999999985567e-01,9.752848593539112931e-01,9.754029993971691237e-01,9.754029993969188794e-01,9.754105240416806044e-01,9.754112583970614425e-01,9.754105240415775757e-01,9.754029993970035894e-01,9.752848593539112931e-01,9.999999999999985567e-01,9.752848593539279465e-01,9.752848593539003019e-01,9.754029993971975454e-01,9.754105240416910405e-01,9.754112583971998873e-01,9.754105240417163536e-01,9.754029993971691237e-01,9.752848593539279465e-01,9.999999999999985567e-01
1.000000000000001554e+00,9.681665413908115969e-01,9.683628834928595941e-01,9.683748442079738172e-01,9.683760077244460973e-01,9.683748442082529273e-01,9.683628834927833218e-01,9.681665413906176409e-01,9.681665413908115969e-01,1.000000000000001554e+00,9.681665413909041895e-01,9.683628834933222240e-01,9.683748442085797770e-01,9.683760077251012399e-01,9.683748442084166852e-01,9.683628834935682494e-01,9.683628834928595941e-01,9.681665413909041895e-01,1.000000000000001554e+00,9.681665413904562145e-01,9.683628834930606555e-01,9.683748442083496277e-01,9.683760077243629416e-01,9.683748442083104369e-01,9.683748442079738172e-01,9.683628834933222240e-01,9.681665413904562145e-01,1.000000000000001554e+00,9.681665413905937712e-01,9.683628834931738982e-01,9.683748442079620489e-01,9.683760077246174047e-01,9.683760077244460973e-01,9.683748442085797770e-01,9.683628834930606555e-01,9.681665413905937712e-01,1.000000000000001554e+00,9.681665413908568940e-01,9.683628834929919327e-01,9.683748442084006980e-01,9.683748442082529273e-01,9.683760077251012399e-01,9.683748442083496277e-01,9.683628834931738982e-01,9.681665413908568940e-01,1.000000000000001554e+00,9.681665413906869189e-01,9.683628834934338014e-01,9.683628834927833218e-01,9.683748442084166852e-01,9.683760077243629416e-01,9.683748442079620489e-01,9.683628834929919327e-01,9.681665413906869189e-01,1.000000000000001554e+00,9.681665413906599404e-01,9.681665413906176409e-01,9.683628834935682494e-01,9.683748442083104369e-01,9.683760077246174047e-01,9.683748442084006980e-01,9.683628834934338014e-01,9.681665413906599404e-01,1.000000000000001554e+00
9.999999999999997780e-01,9.603302980415467927e-01,9.606357913480065847e-01,9.606534668647265240e-01,9.606551841508094158e-01,9.606534668656419029e-01,9.606357913478250632e-01,9.603302980408652267e-01,9.603302980415467927e-01,9.999999999999997780e-01,9.603302980417928181e-01,9.606357913492227230e-01,9.606534668666010246e-01,9.606551841527000146e-01,9.606534668661836918e-01,9.606357913499571355e-01,9.606357913480065847e-01,9.603302980417928181e-01,9.999999999999997780e-01,9.603302980403529698e-01,9.606357913485226163e-01,9.606534668658859299e-01,9.606551841506127953e-01,9.606534668657019660e-01,9.606534668647265240e-01,9.606357913492227230e-01,9.603302980403529698e-01,9.999999999999997780e-01,9.603302980406769329e-01,9.606357913487437727e-01,9.606534668647420672e-01,9.606551841510925227e-01,9.606551841508094158e-01,9.606534668666010246e-01,9.606357913485226163e-01,9.603302980406769329e-01,9.999999999999997780e-01,9.603302980415764356e-01,9.606357913483605238e-01,9.606534668659491016e-01,9.606534668656419029e-01,9.606551841527000146e-01,9.606534668658859299e-01,9.606357913487437727e-01,9.603302980415764356e-01,9.999999999999997780e-01,9.603302980411462242e-01,9.606357913495079393e-01,9.606357913478250632e-01,9.606534668661836918e-01,9.606551841506127953e-01,9.606534668647420672e-01,9.606357913483605238e-01,9.603302980411462242e-01,9.999999999999997780e-01,9.603302980409779144e-01,9.603302980408652267e-01,9.606357913499571355e-01,9.606534668657019660e-01,9.606551841510925227e-01,9.606534668659491016e-01,9.606357913495079393e-01,9.603302980409779144e-01,9.999999999999997780e-01
9.999999999999994449e-01,9.518471256979675887e-01,9.522981681015874056e-01,9.523227694470973725e-01,9.523251641217407304e-01,9.523227694419398315e-01,9.522981681037742119e-01,9.518471257038012556e-01,9.518471256979675887e-01,9.999999999999994449e-01,9.518471257072207425e-01,9.522981681296884826e-01,9.523227694541948063e-01,9.523251641409060664e-01,9.523227694490575823e-01,9.522981681364358630e-01,9.522981681015874056e-01,9.518471257072207425e-01,9.999999999999994449e-01,9.518471257098132243e-01,9.522981681216516892e-01,9.523227694512625963e-01,9.523251641234522502e-01,9.523227694578467739e-01,9.523227694470973725e-01,9.522981681296884826e-01,9.518471257098132243e-01,9.999999999999994449e-01,9.518471257155929344e-01,9.522981681301477819e-01,9.523227694494823536e-01,9.523251641492200825e-01,9.523251641217407304e-01,9.523227694541948063e-01,9.522981681216516892e-01,9.518471257155929344e-01,9.999999999999994449e-01,9.518471257120398876e-01,9.522981681192955739e-01,9.523227694611764438e-01,9.523227694419398315e-01,9.523251641409060664e-01,9.523227694512625963e-01,9.522981681301477819e-01,9.518471257120398876e-01,9.999999999999994449e-01,9.518471257033157551e-01,9.522981681309660162e-01,9.522981681037742119e-01,9.523227694490575823e-01,9.523251641234522502e-01,9.523227694494823536e-01,9.522981681192955739e-01,9.518471257033157551e-01,9.999999999999994449e-01,9.518471257101907002e-01,9.518471257038012556e-01,9.522981681364358630e-01,9.523227694578467739e-01,9.523251641492200825e-01,9.523227694611764438e-01,9.522981681309660162e-01,9.518471257101907002e-01,9.999999999999994449e-01
9.999999999999973355e-01,9.275635530614880775e-01,9.286275269363839513e-01,9.286882529833792033e-01,9.286939267865897962e-01,9.286882529917566131e-01,9.286275269353826411e-01,9.275635530547724494e-01,9.275635530614880775e-01,9.999999999999973355e-01,9.275635530646051397e-01,9.286275269449771885e-01,9.286882529997338986e-01,9.286939268029393846e-01,9.286882529981989043e-01,9.286275269510073649e-01,9.286275269363839513e-01,9.275635530646051397e-01,9.999999999999973355e-01,9.275635530515566884e-01,9.286275269397711307e-01,9.286882529948198295e-01,9.286939267882226012e-01,9.286882529925691854e-01,9.286882529833792033e-01,9.286275269449771885e-01,9.275635530515566884e-01,9.999999999999973355e-01,9.275635530520336403e-01,9.286275269406266686e-01,9.286882529857295454e-01,9.286939267881603177e-01,9.286939267865897962e-01,9.286882529997338986e-01,9.286275269397711307e-01,9.275635530520336403e-01,9.999999999999973355e-01,9.275635530607340140e-01,9.286275269388502007e-01,9.286882529932002361e-01,9.286882529917566131e-01,9.286939268029393846e-01,9.286882529948198295e-01,9.286275269406266686e-01,9.275635530607340140e-01,9.999999999999973355e-01,9.275635530592468703e-01,9.286275269468159399e-01,9.286275269353826411e-01,9.286882529981989043e-01,9.286939267882226012e-01,9.286882529857295454e-01,9.286275269388502007e-01,9.275635530592468703e-01,9.999999999999973355e-01,9.275635530569112941e-01,9.275635530547724494e-01,9.286275269510073649e-01,9.286882529925691854e-01,9.286939267881603177e-01,9.286882529932002361e-01,9.286275269468159399e-01,9.275635530569112941e-01,9.999999999999973355e-01
1.000000000000002665e+00,8.967213317625969404e-01,8.989535029572522928e-01,8.990810283698172922e-01,8.990920748427566611e-01,8.990810285050826467e-01,8.989535029386825915e-01,8.967213316512775423e-01,8.967213317625969404e-01,1.000000000000002665e+00,8.967213318333331351e-01,8.989535030763092793e-01,8.990810286187075340e-01,8.990920751173686609e-01,8.990810286227775006e-01,8.989535031681370469e-01,8.989535029572522928e-01,8.967213318333331351e-01,1.000000000000002665e+00,8.967213316229744047e-01,8.989535029986315262e-01,8.990810285729177176e-01,8.990920749162336634e-01,8.990810285316046535e-01,8.990810283698172922e-01,8.989535030763092793e-01,8.967213316229744047e-01,1.000000000000002665e+00,8.967213316002682344e-01,8.989535030101463153e-01,8.990810284241474992e-01,8.990920748775931282e-01,8.990920748427566611e-01,8.990810286187075340e-01,8.989535029986315262e-01,8.967213316002682344e-01,1.000000000000002665e+00,8.967213317433863073e-01,8.989535029831381419e-01,8.990810285118315814e-01,8.990810285050826467e-01,8.990920751173686609e-01,8.990810285729177176e-01,8.989535030101463153e-01,8.967213317433863073e-01,1.000000000000002665e+00,8.967213317500773995e-01,8.989535031058282222e-01,8.989535029386825915e-01,8.990810286227775006e-01,8.990920749162336634e-01,8.990810284241474992e-01,8.989535029831381419e-01,8.967213317500773995e-01,1.000000000000002665e+00,8.967213317061870637e-01,8.967213316512775423e-01,8.989535031681370469e-01,8.990810285316046535e-01,8.990920748775931282e-01,8.990810285118315814e-01,8.989535031058282222e-01,8.967213317061870637e-01,1.000000000000002665e+00
1.000000000000002442e+00,8.592662362555029132e-01,8.635216177467726073e-01,8.637519435448197669e-01,8.637694900814413268e-01,8.637519435468631324e-01,8.635216177484943412e-01,8.592662362542180521e-01,8.592662362555029132e-01,1.000000000000002442e+00,8.592662362566496626e-01,8.635216177488578282e-01,8.637519435484216634e-01,8.637694900872227022e-01,8.637519435484001251e-01,8.635216177500599777e-01,8.635216177467726073e-01,8.592662362566496626e-01,1.000000000000002442e+00,8.592662362540607335e-01,8.635216177480189437e-01,8.637519435508059784e-01,8.637694900854784308e-01,8.637519435472085227e-01,8.637519435448197669e-01,8.635216177488578282e-01,8.592662362540607335e-01,1.000000000000002442e+00,8.592662362531348075e-01,8.635216177473260535e-01,8.637519435499001474e-01,8.637694900819868904e-01,8.637694900814413268e-01,8.637519435484216634e-01,8.635216177480189437e-01,8.592662362531348075e-01,1.000000000000002442e+00,8.592662362552101474e-01,8.635216177480458111e-01,8.637519435483443919e-01,8.637519435468631324e-01,8.637694900872227022e-01,8.637519435508059784e-01,8.635216177473260535e-01,8.592662362552101474e-01,1.000000000000002442e+00,8.592662362556225952e-01,8.635216177499762669e-01,8.635216177484943412e-01,8.637519435484001251e-01,8.637694900854784308e-01,8.637519435499001474e-01,8.635216177480458111e-01,8.592662362556225952e-01,1.000000000000002442e+00,8.592662362548085797e-01,8.592662362542180521e-01,8.635216177500599777e-01,8.637519435472085227e-01,8.637694900819868904e-01,8.637519435483443919e-01,8.635216177499762669e-01,8.592662362548085797e-01,1.000000000000002442e+00
9.999999999999993339e-01,8.157203974320486051e-01,8.231953261707571912e-01,8.235512461969705100e-01,8.235730517852701826e-01,8.235512462078788953e-01,8.231953261780250442e-01,8.157203974169069394e-01,8.157203974320486051e-01,9.999999999999993339e-01,8.157203974455955464e-01,8.231953261850557535e-01,8.235512462254175325e-01,8.235730518398671762e-01,8.235512462213684381e-01,8.231953261946608480e-01,8.231953261707571912e-01,8.157203974455955464e-01,9.999999999999993339e-01,8.157203974177359429e-01,8.231953261701721036e-01,8.235512462516233478e-01,8.235730518140097489e-01,8.235512462183313120e-01,8.235512461969705100e-01,8.231953261850557535e-01,8.157203974177359429e-01,9.999999999999993339e-01,8.157203974048253814e-01,8.231953261721716153e-01,8.235512462428008496e-01,8.235730517817937413e-01,8.235730517852701826e-01,8.235512462254175325e-01,8.231953261701721036e-01,8.157203974048253814e-01,9.999999999999993339e-01,8.157203974263189661e-01,8.231953261725343252e-01,8.235512462239923392e-01,8.235512462078788953e-01,8.235730518398671762e-01,8.235512462516233478e-01,8.231953261721716153e-01,8.157203974263189661e-01,9.999999999999993339e-01,8.157203974350298870e-01,8.231953262014972683e-01,8.231953261780250442e-01,8.235512462213684381e-01,8.235730518140097489e-01,8.235512462428008496e-01,8.231953261725343252e-01,8.157203974350298870e-01,9.999999999999993339e-01,8.157203974253861567e-01,8.157203974169069394e-01,8.231953261946608480e-01,8.235512462183313120e-01,8.235730517817937413e-01,8.235512462239923392e-01,8.231953262014972683e-01,8.157203974253861567e-01,9.999999999999993339e-01
1.000000000000002665e+00,7.671637508547198836e-01,7.793853863726400988e-01,7.798422015685709807e-01,7.798607108496056206e-01,7.798422015662912488e-01,7.793853863742820076e-01,7.671637508545927631e-01,7.671637508547198836e-01,1.000000000000002665e+00,7.671637508549302709e-01,7.793853863728772424e-01,7.798422015682908714e-01,7.798607108503466945e-01,7.798422015684699504e-01,7.793853863735518139e-01,7.793853863726400988e-01,7.671637508549302709e-01,1.000000000000002665e+00,7.671637508545167128e-01,7.793853863746528221e-01,7.798422015674006946e-01,7.798607108471807825e-01,7.798422015694967957e-01,7.798422015685709807e-01,7.793853863728772424e-01,7.671637508545167128e-01,1.000000000000002665e+00,7.671637508542742401e-01,7.793853863710544783e-01,7.798422015720798406e-01,7.798607108458065484e-01,7.798607108496056206e-01,7.798422015682908714e-01,7.793853863746528221e-01,7.671637508542742401e-01,1.000000000000002665e+00,7.671637508546308437e-01,7.793853863731793341e-01,7.798422015679832286e-01,7.798422015662912488e-01,7.798607108503466945e-01,7.798422015674006946e-01,7.793853863710544783e-01,7.671637508546308437e-01,1.000000000000002665e+00,7.671637508548070361e-01,7.793853863730602072e-01,7.793853863742820076e-01,7.798422015684699504e-01,7.798607108471807825e-01,7.798422015720798406e-01,7.793853863731793341e-01,7.671637508548070361e-01,1.000000000000002665e+00,7.671637508545431361e-01,7.671637508545927631e-01,7.793853863735518139e-01,7.798422015694967957e-01,7.798607108458065484e-01,7.798422015679832286e-01,7.793853863730602072e-01,7.671637508545431361e-01,1.000000000000002665e+00
9.999999999999975575e-01,7.150704233136280230e-01,7.338262973106580711e-01,7.342662700090452077e-01,7.342705315158435386e-01,7.342662699884588973e-01,7.338262973208645734e-01,7.150704233111131458e-01,7.150704233136280230e-01,9.999999999999975575e-01,7.150704233149642874e-01,7.338262973101091768e-01,7.342662700127815523e-01,7.342705315160439339e-01,7.342662700120684560e-01,7.338262973121033594e-01,7.338262973106580711e-01,7.150704233149642874e-01,9.999999999999975575e-01,7.150704233115110497e-01,7.338262973203012463e-01,7.342662700059842118e-01,7.342705314888128276e-01,7.342662700244801943e-01,7.342662700090452077e-01,7.338262973101091768e-01,7.150704233115110497e-01,9.999999999999975575e-01,7.150704233088424067e-01,7.338262973004739953e-01,7.342662700457897040e-01,7.342705314803360528e-01,7.342705315158435386e-01,7.342662700127815523e-01,7.338262973203012463e-01,7.150704233088424067e-01,9.999999999999975575e-01,7.150704233115806607e-01,7.338262973093935271e-01,7.342662700043695034e-01,7.342662699884588973e-01,7.342705315160439339e-01,7.342662700059842118e-01,7.338262973004739953e-01,7.150704233115806607e-01,9.999999999999975575e-01,7.150704233135561916e-01,7.338262973229222608e-01,7.338262973208645734e-01,7.342662700120684560e-01,7.342705314888128276e-01,7.342662700457897040e-01,7.338262973093935271e-01,7.150704233135561916e-01,9.999999999999975575e-01,7.150704233117414210e-01,7.150704233111131458e-01,7.338262973121033594e-01,7.342662700244801943e-01,7.342705314803360528e-01,7.342662700043695034e-01,7.338262973229222608e-01,7.150704233117414210e-01,9.999999999999975575e-01
9.999999999999992228e-01,6.610582279386424398e-01,6.882801606122193050e-01,6.884476339947768198e-01,6.884331139875026206e-01,6.884476338766720716e-01,6.882801606496729008e-01,6.610582279243827353e-01,6.610582279386424398e-01,9.999999999999992228e-01,6.610582279435361919e-01,6.882801605996011762e-01,6.884476340141083561e-01,6.884331139488214513e-01,6.884476340044188847e-01,6.882801605978523529e-01,6.882801606122193050e-01,6.610582279435361919e-01,9.999999999999992228e-01,6.610582279256917992e-01,6.882801606340368528e-01,6.884476339836624881e-01,6.884331138179516918e-01,6.884476340934666538e-01,6.884476339947768198e-01,6.882801605996011762e-01,6.610582279256917992e-01,9.999999999999992228e-01,6.610582279138285111e-01,6.882801605781595500e-01,6.884476341619012452e-01,6.884331138132563366e-01,6.884331139875026206e-01,6.884476340141083561e-01,6.882801606340368528e-01,6.610582279138285111e-01,9.999999999999992228e-01,6.610582279258651051e-01,6.882801605901662789e-01,6.884476339484939533e-01,6.884476338766720716e-01,6.884331139488214513e-01,6.884476339836624881e-01,6.882801605781595500e-01,6.610582279258651051e-01,9.999999999999992228e-01,6.610582279345852408e-01,6.882801606926923776e-01,6.882801606496729008e-01,6.884476340044188847e-01,6.884331138179516918e-01,6.884476341619012452e-01,6.882801605901662789e-01,6.610582279345852408e-01,9.999999999999992228e-01,6.610582279262571248e-01,6.610582279243827353e-01,6.882801605978523529e-01,6.884476340934666538e-01,6.884331138132563366e-01,6.884476339484939533e-01,6.882801606926923776e-01,6.610582279262571248e-01,9.999999999999992228e-01
9.999999999999988898e-01,6.066448090585336850e-01,6.442768228527003815e-01,6.437477880763766702e-01,6.437361126089617969e-01,6.437477880694861820e-01,6.442768228475441727e-01,6.066448090580425223e-01,6.066448090585336850e-01,9.999999999999988898e-01,6.066448090589211528e-01,6.442768228481745574e-01,6.437477880790339890e-01,6.437361126058024352e-01,6.437477880902052751e-01,6.442768228378434880e-01,6.442768228527003815e-01,6.066448090589211528e-01,9.999999999999988898e-01,6.066448090586770148e-01,6.442768228530658670e-01,6.437477880751666381e-01,6.437361125960165964e-01,6.437477880876955050e-01,6.437477880763766702e-01,6.442768228481745574e-01,6.066448090586770148e-01,9.999999999999988898e-01,6.066448090584499742e-01,6.442768228422698362e-01,6.437477880975893685e-01,6.437361125920889604e-01,6.437361126089617969e-01,6.437477880790339890e-01,6.442768228530658670e-01,6.066448090584499742e-01,9.999999999999988898e-01,6.066448090579527053e-01,6.442768228414417209e-01,6.437477880776824035e-01,6.437477880694861820e-01,6.437361126058024352e-01,6.437477880751666381e-01,6.442768228422698362e-01,6.066448090579527053e-01,9.999999999999988898e-01,6.066448090586842312e-01,6.442768228574782263e-01,6.442768228475441727e-01,6.437477880902052751e-01,6.437361125960165964e-01,6.437477880975893685e-01,6.442768228414417209e-01,6.066448090586842312e-01,9.999999999999988898e-01,6.066448090589043884e-01,6.066448090580425223e-01,6.442768228378434880e-01,6.437477880876955050e-01,6.437361125920889604e-01,6.437477880776824035e-01,6.442768228574782263e-01,6.066448090589043884e-01,9.999999999999988898e-01
1.000000000000000666e+00,5.530821950507689433e-01,6.029624324611931874e-01,6.011369543772655533e-01,6.012036803329018353e-01,6.011369543382765190e-01,6.029624324354559972e-01,5.530821950478306270e-01,5.530821950507689433e-01,1.000000000000000666e+00,5.530821950535609322e-01,6.029624324339086794e-01,6.011369543922701064e-01,6.012036803169601429e-01,6.011369544450605451e-01,6.029624323821876075e-01,6.029624324611931874e-01,5.530821950535609322e-01,1.000000000000000666e+00,5.530821950516123797e-01,6.029624324500397758e-01,6.011369543823295025e-01,6.012036802730947871e-01,6.011369544272961996e-01,6.011369543772655533e-01,6.029624324339086794e-01,5.530821950516123797e-01,1.000000000000000666e+00,5.530821950504158924e-01,6.029624324135016700e-01,6.011369544661041564e-01,6.012036802584077577e-01,6.012036803329018353e-01,6.011369543922701064e-01,6.029624324500397758e-01,5.530821950504158924e-01,1.000000000000000666e+00,5.530821950475037774e-01,6.029624324006062075e-01,6.011369543751510225e-01,6.011369543382765190e-01,6.012036803169601429e-01,6.011369543823295025e-01,6.029624324135016700e-01,5.530821950475037774e-01,1.000000000000000666e+00,5.530821950518611807e-01,6.029624324937998825e-01,6.029624324354559972e-01,6.011369544450605451e-01,6.012036802730947871e-01,6.011369544661041564e-01,6.029624324006062075e-01,5.530821950518611807e-01,1.000000000000000666e+00,5.530821950536286558e-01,5.530821950478306270e-01,6.029624323821876075e-01,6.011369544272961996e-01,6.012036802584077577e-01,6.011369543751510225e-01,6.029624324937998825e-01,5.530821950536286558e-01,1.000000000000000666e+00
1.000000000000003997e+00,5.012900558979989096e-01,5.650654710552773796e-01,5.611827101523584327e-01,5.614877283796839702e-01,5.611827100030382098e-01,5.650654709704628909e-01,5.012900558875971191e-01,5.012900558979989096e-01,1.000000000000003997e+00,5.012900559105790688e-01,5.650654709675966281e-01,5.611827101823849695e-01,5.614877283363789440e-01,5.611827103623199253e-01,5.650654707897750928e-01,5.650654710552773796e-01,5.012900559105790688e-01,1.000000000000003997e+00,5.012900559031330250e-01,5.650654709886742122e-01,5.611827101892929992e-01,5.614877282120759316e-01,5.611827102812787516e-01,5.611827101523584327e-01,5.650654709675966281e-01,5.012900559031330250e-01,1.000000000000003997e+00,5.012900558980715182e-01,5.650654709158634548e-01,5.611827103760430591e-01,5.614877281895455097e-01,5.614877283796839702e-01,5.611827101823849695e-01,5.650654709886742122e-01,5.012900558980715182e-01,1.000000000000003997e+00,5.012900558892865455e-01,5.650654708797508974e-01,5.611827101264899031e-01,5.611827100030382098e-01,5.614877283363789440e-01,5.611827101892929992e-01,5.650654709158634548e-01,5.012900558892865455e-01,1.000000000000003997e+00,5.012900559056293615e-01,5.650654711801468277e-01,5.650654709704628909e-01,5.611827103623199253e-01,5.614877282120759316e-01,5.611827103760430591e-01,5.650654708797508974e-01,5.012900559056293615e-01,1.000000000000003997e+00,5.012900559114576993e-01,5.012900558875971191e-01,5.650654707897750928e-01,5.611827102812787516e-01,5.614877281895455097e-01,5.611827101264899031e-01,5.650654711801468277e-01,5.012900559114576993e-01,1.000000000000003997e+00
9.999999999999967804e-01,4.518667715764815851e-01,5.309455645004321767e-01,5.241145101835611442e-01,5.249286079091239898e-01,5.241145096983675922e-01,5.309455643224246790e-01,4.518667715517780126e-01,4.518667715764815851e-01,9.999999999999967804e-01,4.518667716194075257e-01,5.309455643107051648e-01,5.241145102289348490e-01,5.249286077968220443e-01,5.241145106669161668e-01,5.309455638539317679e-01,5.309455645004321767e-01,4.518667716194075257e-01,9.999999999999967804e-01,4.518667716017757408e-01,5.309455643009262094e-01,5.241145102981429327e-01,5.249286075075624280e-01,5.241145104380584563e-01,5.241145101835611442e-01,5.309455643107051648e-01,4.518667716017757408e-01,9.999999999999967804e-01,4.518667715856663492e-01,5.309455642375383588e-01,5.241145106081034344e-01,5.249286075708645694e-01,5.249286079091239898e-01,5.241145102289348490e-01,5.309455643009262094e-01,4.518667715856663492e-01,9.999999999999967804e-01,4.518667715762978987e-01,5.309455642418390298e-01,5.241145100463835416e-01,5.241145096983675922e-01,5.249286077968220443e-01,5.241145102981429327e-01,5.309455642375383588e-01,4.518667715762978987e-01,9.999999999999967804e-01,4.518667716247953825e-01,5.309455649212104777e-01,5.309455643224246790e-01,5.241145106669161668e-01,5.249286075075624280e-01,5.241145106081034344e-01,5.309455642418390298e-01,4.518667716247953825e-01,9.999999999999967804e-01,4.518667716273832013e-01,4.518667715517780126e-01,5.309455638539317679e-01,5.241145104380584563e-01,5.249286075708645694e-01,5.241145100463835416e-01,5.309455649212104777e-01,4.518667716273832013e-01,9.999999999999967804e-01
1.000000000000000888e+00,4.051430808497686886e-01,5.006800763241956442e-01,4.899170119748912922e-01,4.916395803183261082e-01,4.899170107367940563e-01,5.006800763822416567e-01,4.051430808316165422e-01,4.051430808497686886e-01,1.000000000000000888e+00,4.051430809378585574e-01,5.006800758331041434e-01,4.899170121936424760e-01,4.916395801381671649e-01,4.899170125157575884e-01,5.006800751816153916e-01,5.006800763241956442e-01,4.051430809378585574e-01,1.000000000000000888e+00,4.051430809263429356e-01,5.006800760022562802e-01,4.899170121002313638e-01,4.916395797389763178e-01,4.899170122671494543e-01,4.899170119748912922e-01,5.006800758331041434e-01,4.051430809263429356e-01,1.000000000000000888e+00,4.051430809758209683e-01,5.006800764876312426e-01,4.899170121887597706e-01,4.916395798589431321e-01,4.916395803183261082e-01,4.899170121936424760e-01,5.006800760022562802e-01,4.051430809758209683e-01,1.000000000000000888e+00,4.051430810114614589e-01,5.006800764597461040e-01,4.899170110030657832e-01,4.899170107367940563e-01,4.916395801381671649e-01,4.899170121002313638e-01,5.006800764876312426e-01,4.051430810114614589e-01,1.000000000000000888e+00,4.051430811034270607e-01,5.006800778254281159e-01,5.006800763822416567e-01,4.899170125157575884e-01,4.916395797389763178e-01,4.899170121887597706e-01,5.006800764597461040e-01,4.051430811034270607e-01,1.000000000000000888e+00,4.051430810626384105e-01,4.051430808316165422e-01,5.006800751816153916e-01,4.899170122671494543e-01,4.916395798589431321e-01,4.899170110030657832e-01,5.006800778254281159e-01,4.051430810626384105e-01,1.000000000000000888e+00
9.999999999999966693e-01,3.612485735208423310e-01,4.741545332590114681e-01,4.584197951908141055e-01,4.615854195442443686e-01,4.584197951650204605e-01,4.741545332216691166e-01,3.612485735155270272e-01,3.612485735208423310e-01,9.999999999999966693e-01,3.612485735292457756e-01,4.741545332675934921e-01,4.584197952176835011e-01,4.615854195386952519e-01,4.584197952965898271e-01,4.741545332157382497e-01,4.741545332590114681e-01,3.612485735292457756e-01,9.999999999999966693e-01,3.612485735269970744e-01,4.741545332252722345e-01,4.584197952303145085e-01,4.615854195223010326e-01,4.584197952173328927e-01,4.584197951908141055e-01,4.741545332675934921e-01,3.612485735269970744e-01,9.999999999999966693e-01,3.612485735166190426e-01,4.741545331834513544e-01,4.584197952224058903e-01,4.615854195416349559e-01,4.615854195442443686e-01,4.584197952176835011e-01,4.741545332252722345e-01,3.612485735166190426e-01,9.999999999999966693e-01,3.612485735183246227e-01,4.741545332459842776e-01,4.584197952233023399e-01,4.584197951650204605e-01,4.615854195386952519e-01,4.584197952303145085e-01,4.741545331834513544e-01,3.612485735183246227e-01,9.999999999999966693e-01,3.612485735251779184e-01,4.741545332660373480e-01,4.741545332216691166e-01,4.584197952965898271e-01,4.615854195223010326e-01,4.584197952224058903e-01,4.741545332459842776e-01,3.612485735251779184e-01,9.999999999999966693e-01,3.612485735208674775e-01,3.612485735155270272e-01,4.741545332157382497e-01,4.584197952173328927e-01,4.615854195416349559e-01,4.584197952233023399e-01,4.741545332660373480e-01,3.612485735208674775e-01,9.999999999999966693e-01
9.999999999999976685e-01,3.201734119271929524e-01,4.511390552263361831e-01,4.293686387174502350e-01,4.346429682184994037e-01,4.293686387450602604e-01,4.511390551612000643e-01,3.201734119133112788e-01,3.201734119271929524e-01,9.999999999999976685e-01,3.201734119431567938e-01,4.511390552142627297e-01,4.293686387886693212e-01,4.346429682353569190e-01,4.293686388939015885e-01,4.511390551628665646e-01,4.511390552263361831e-01,3.201734119431567938e-01,9.999999999999976685e-01,3.201734119357354524e-01,4.511390551134348836e-01,4.293686388068013171e-01,4.346429682474146627e-01,4.293686387487961609e-01,4.293686387174502350e-01,4.511390552142627297e-01,3.201734119357354524e-01,9.999999999999976685e-01,3.201734119228713538e-01,4.511390550991868365e-01,4.293686387306379082e-01,4.346429682749267664e-01,4.346429682184994037e-01,4.293686387886693212e-01,4.511390551134348836e-01,3.201734119228713538e-01,9.999999999999976685e-01,3.201734119345595597e-01,4.511390552166723023e-01,4.293686387485535216e-01,4.293686387450602604e-01,4.346429682353569190e-01,4.293686388068013171e-01,4.511390550991868365e-01,3.201734119345595597e-01,9.999999999999976685e-01,3.201734119423267910e-01,4.511390552486115868e-01,4.511390551612000643e-01,4.293686388939015885e-01,4.346429682474146627e-01,4.293686387306379082e-01,4.511390552166723023e-01,3.201734119423267910e-01,9.999999999999976685e-01,3.201734119251184452e-01,3.201734119133112788e-01,4.511390551628665646e-01,4.293686387487961609e-01,4.346429682749267664e-01,4.293686387485535216e-01,4.511390552486115868e-01,3.201734119251184452e-01,9.999999999999976685e-01
