1.000000000000000000e+00,1.000000000000000000e+00,1.000000000000000000e+00,1.000000000000000000e+00,1.000000000000000000e+00,1.000000000000000000e+00,1.000000000000000000e+00,1.000000000000000000e+00,1.000000000000000000e+00,1.000000000000000000e+00,1.000000000000000000e+00,1.000000000000000000e+00,1.000000000000000000e+00,1.000000000000000000e+00,1.000000000000000000e+00,1.000000000000000000e+00,1.000000000000000000e+00,1.000000000000000000e+00,1.000000000000000000e+00,1.000000000000000000e+00,1.000000000000000000e+00,1.000000000000000000e+00,1.000000000000000000e+00,1.000000000000000000e+00,1.000000000000000000e+00,1.000000000000000000e+00,1.000000000000000000e+00,1.000000000000000000e+00,1.000000000000000000e+00,1.000000000000000000e+00,1.000000000000000000e+00,1.000000000000000000e+00,1.000000000000000000e+00,1.000000000000000000e+00,1.000000000000000000e+00,1.000000000000000000e+00,1.000000000000000000e+00,1.000000000000000000e+00,1.000000000000000000e+00,1.000000000000000000e+00,1.000000000000000000e+00,1.000000000000000000e+00,1.000000000000000000e+00,1.000000000000000000e+00,1.000000000000000000e+00,1.000000000000000000e+00,1.000000000000000000e+00,1.000000000000000000e+00,1.000000000000000000e+00
1.000000000000000000e+00,9.999999092376699039e-01,9.999999092376697929e-01,9.999999092376699039e-01,9.999999092376699039e-01,9.999999092376697929e-01,9.999999092376699039e-01,9.999999092376699039e-01,1.000000000000000000e+00,9.999999092376699039e-01,9.999999092376700149e-01,9.999999092376700149e-01,9.999999092376699039e-01,9.999999092376700149e-01,9.999999092376697929e-01,9.999999092376699039e-01,1.000000000000000000e+00,9.999999092376697929e-01,9.999999092376700149e-01,9.999999092376699039e-01,9.999999092376699039e-01,9.999999092376699039e-01,9.999999092376700149e-01,9.999999092376697929e-01,1.000000000000000000e+00,9.999999092376699039e-01,9.999999092376697929e-01,9.999999092376700149e-01,9.999999092376699039e-01,9.999999092376700149e-01,9.999999092376700149e-01,9.999999092376699039e-01,1.000000000000000000e+00,9.999999092376699039e-01,9.999999092376700149e-01,9.999999092376697929e-01,9.999999092376699039e-01,9.999999092376699039e-01,9.999999092376697929e-01,9.999999092376699039e-01,1.000000000000000000e+00,9.999999092376699039e-01,9.999999092376699039e-01,9.999999092376700149e-01,9.999999092376699039e-01,9.999999092376700149e-01,9.999999092376700149e-01,9.999999092376699039e-01,1.000000000000000000e+00
1.000000000000000222e+00,9.999985548329493046e-01,9.999985548329751728e-01,9.999985548329751728e-01,9.999985548329753948e-01,9.999985548329751728e-01,9.999985548329712870e-01,9.999985548329493046e-01,1.000000000000000222e+00,9.999985548329535234e-01,9.999985548329790586e-01,9.999985548329795026e-01,9.999985548329792806e-01,9.999985548329752838e-01,9.999985548329751728e-01,9.999985548329535234e-01,1.000000000000000222e+00,9.999985548329535234e-01,9.999985548329792806e-01,9.999985548329792806e-01,9.999985548329753948e-01,9.999985548329751728e-01,9.999985548329790586e-01,9.999985548329535234e-01,1.000000000000000222e+00,9.999985548329536345e-01,9.999985548329791696e-01,9.999985548329751728e-01,9.999985548329753948e-01,9.999985548329795026e-01,9.999985548329792806e-01,9.999985548329536345e-01,1.000000000000000222e+00,9.999985548329536345e-01,9.999985548329751728e-01,9.999985548329751728e-01,9.999985548329792806e-01,9.999985548329792806e-01,9.999985548329791696e-01,9.999985548329536345e-01,1.000000000000000222e+00,9.999985548329493046e-01,9.999985548329712870e-01,9.999985548329752838e-01,9.999985548329753948e-01,9.999985548329751728e-01,9.999985548329751728e-01,9.999985548329493046e-01,1.000000000000000222e+00
1.000000000000000222e+00,9.999927370070205157e-01,9.999927370083134814e-01,9.999927370083246947e-01,9.999927370083253608e-01,9.999927370083238065e-01,9.999927370081185263e-01,9.999927370070205157e-01,1.000000000000000222e+00,9.999927370072274613e-01,9.999927370085187617e-01,9.999927370085298639e-01,9.999927370085290868e-01,9.999927370083238065e-01,9.999927370083134814e-01,9.999927370072274613e-01,1.000000000000000222e+00,9.999927370072292376e-01,9.999927370085203160e-01,9.999927370085297529e-01,9.999927370083254718e-01,9.999927370083246947e-01,9.999927370085187617e-01,9.999927370072292376e-01,1.000000000000000222e+00,9.999927370072292376e-01,9.999927370085187617e-01,9.999927370083246947e-01,9.999927370083253608e-01,9.999927370085298639e-01,9.999927370085203160e-01,9.999927370072292376e-01,1.000000000000000222e+00,9.999927370072274613e-01,9.999927370083132594e-01,9.999927370083238065e-01,9.999927370085290868e-01,9.999927370085297529e-01,9.999927370085187617e-01,9.999927370072274613e-01,1.000000000000000222e+00,9.999927370070206267e-01,9.999927370081185263e-01,9.999927370083238065e-01,9.999927370083254718e-01,9.999927370083246947e-01,9.999927370083132594e-01,9.999927370070206267e-01,1.000000000000000222e+00
9.999999999999997780e-01,9.999772764057138774e-01,9.999772764266697811e-01,9.999772764268605174e-01,9.999772764268733960e-01,9.999772764268477498e-01,9.999772764235046463e-01,9.999772764057138774e-01,9.999999999999997780e-01,9.999772764090851807e-01,9.999772764300152161e-01,9.999772764302019556e-01,9.999772764301887440e-01,9.999772764268476388e-01,9.999772764266697811e-01,9.999772764090851807e-01,9.999999999999997780e-01,9.999772764091153787e-01,9.999772764300413064e-01,9.999772764302018446e-01,9.999772764268731740e-01,9.999772764268605174e-01,9.999772764300152161e-01,9.999772764091153787e-01,9.999999999999997780e-01,9.999772764091152677e-01,9.999772764300153272e-01,9.999772764268606284e-01,9.999772764268733960e-01,9.999772764302019556e-01,9.999772764300413064e-01,9.999772764091152677e-01,9.999999999999997780e-01,9.999772764090854027e-01,9.999772764266698921e-01,9.999772764268477498e-01,9.999772764301887440e-01,9.999772764302018446e-01,9.999772764300153272e-01,9.999772764090854027e-01,9.999999999999997780e-01,9.999772764057139884e-01,9.999772764235046463e-01,9.999772764268476388e-01,9.999772764268731740e-01,9.999772764268606284e-01,9.999772764266698921e-01,9.999772764057139884e-01,9.999999999999997780e-01
1.000000000000000222e+00,9.999452388168349470e-01,9.999452389947247610e-01,9.999452389964298415e-01,9.999452389965437504e-01,9.999452389963123800e-01,9.999452389677723207e-01,9.999452388168349470e-01,1.000000000000000222e+00,9.999452388456324670e-01,9.999452390232876908e-01,9.999452390249566891e-01,9.999452390248363409e-01,9.999452389963124910e-01,9.999452389947247610e-01,9.999452388456324670e-01,1.000000000000000222e+00,9.999452388459028063e-01,9.999452390235220589e-01,9.999452390249568001e-01,9.999452389965439725e-01,9.999452389964298415e-01,9.999452390232876908e-01,9.999452388459028063e-01,1.000000000000000222e+00,9.999452388459029173e-01,9.999452390232876908e-01,9.999452389964298415e-01,9.999452389965437504e-01,9.999452390249566891e-01,9.999452390235220589e-01,9.999452388459029173e-01,1.000000000000000222e+00,9.999452388456324670e-01,9.999452389947246500e-01,9.999452389963123800e-01,9.999452390248363409e-01,9.999452390249568001e-01,9.999452390232876908e-01,9.999452388456324670e-01,1.000000000000000222e+00,9.999452388168349470e-01,9.999452389677723207e-01,9.999452389963124910e-01,9.999452389965439725e-01,9.999452389964298415e-01,9.999452389947246500e-01,9.999452388168349470e-01,1.000000000000000222e+00
1.000000000000000222e+00,9.998882385109131299e-01,9.998882395038359849e-01,9.998882395139742085e-01,9.998882395146514446e-01,9.998882395132601131e-01,9.998882393528428780e-01,9.998882385109131299e-01,1.000000000000000222e+00,9.998882386728766836e-01,9.998882396643912207e-01,9.998882396743126177e-01,9.998882396735815359e-01,9.998882395132602241e-01,9.998882395038359849e-01,9.998882386728766836e-01,1.000000000000000222e+00,9.998882386745019391e-01,9.998882396657996496e-01,9.998882396743126177e-01,9.998882395146515556e-01,9.998882395139742085e-01,9.998882396643912207e-01,9.998882386745019391e-01,1.000000000000000222e+00,9.998882386745018280e-01,9.998882396643912207e-01,9.998882395139743196e-01,9.998882395146514446e-01,9.998882396743126177e-01,9.998882396657996496e-01,9.998882386745018280e-01,1.000000000000000222e+00,9.998882386728764615e-01,9.998882395038357629e-01,9.998882395132601131e-01,9.998882396735815359e-01,9.998882396743126177e-01,9.998882396643912207e-01,9.998882386728764615e-01,1.000000000000000222e+00,9.998882385109131299e-01,9.998882393528428780e-01,9.998882395132602241e-01,9.998882395146515556e-01,9.998882395139743196e-01,9.998882395038357629e-01,9.998882385109131299e-01,1.000000000000000222e+00
1.000000000000000222e+00,9.997968093002401746e-01,9.997968134253009120e-01,9.997968134706283205e-01,9.997968134736532342e-01,9.997968134673507201e-01,9.997968127950725981e-01,9.997968093002401746e-01,1.000000000000000222e+00,9.997968099795221386e-01,9.997968140982025353e-01,9.997968141425478406e-01,9.997968141391999630e-01,9.997968134673507201e-01,9.997968134253009120e-01,9.997968099795221386e-01,1.000000000000000222e+00,9.997968099868770331e-01,9.997968141045755486e-01,9.997968141425478406e-01,9.997968134736534562e-01,9.997968134706283205e-01,9.997968140982025353e-01,9.997968099868770331e-01,1.000000000000000222e+00,9.997968099868769221e-01,9.997968140982024243e-01,9.997968134706283205e-01,9.997968134736532342e-01,9.997968141425478406e-01,9.997968141045755486e-01,9.997968099868769221e-01,1.000000000000000222e+00,9.997968099795221386e-01,9.997968134253009120e-01,9.997968134673507201e-01,9.997968141391999630e-01,9.997968141425478406e-01,9.997968140982024243e-01,9.997968099795221386e-01,1.000000000000000222e+00,9.997968093002399526e-01,9.997968127950725981e-01,9.997968134673507201e-01,9.997968134736534562e-01,9.997968134706283205e-01,9.997968134253009120e-01,9.997968093002399526e-01,1.000000000000000222e+00
1.000000000000000000e+00,9.996608298840394813e-01,9.996608436334701864e-01,9.996608437975587069e-01,9.996608438084980675e-01,9.996608437853353735e-01,9.996608415197877351e-01,9.996608298840394813e-01,1.000000000000000000e+00,9.996608321753563953e-01,9.996608459013028858e-01,9.996608460617827374e-01,9.996608460493290327e-01,9.996608437853354845e-01,9.996608436334701864e-01,9.996608321753563953e-01,1.000000000000000000e+00,9.996608322023576854e-01,9.996608459246958400e-01,9.996608460617827374e-01,9.996608438084982895e-01,9.996608437975587069e-01,9.996608459013028858e-01,9.996608322023576854e-01,1.000000000000000000e+00,9.996608322023575743e-01,9.996608459013029968e-01,9.996608437975587069e-01,9.996608438084980675e-01,9.996608460617827374e-01,9.996608459246958400e-01,9.996608322023575743e-01,1.000000000000000000e+00,9.996608321753562842e-01,9.996608436334700754e-01,9.996608437853353735e-01,9.996608460493290327e-01,9.996608460617827374e-01,9.996608459013029968e-01,9.996608321753562842e-01,1.000000000000000000e+00,9.996608298840394813e-01,9.996608415197877351e-01,9.996608437853354845e-01,9.996608438084982895e-01,9.996608437975587069e-01,9.996608436334700754e-01,9.996608298840394813e-01,1.000000000000000000e+00
1.000000000000000444e+00,9.994699880097952516e-01,9.994700266289617829e-01,9.994700271335548170e-01,9.994700271671559388e-01,9.994700270946922371e-01,9.994700206425853883e-01,9.994699880097952516e-01,1.000000000000000444e+00,9.994699945427154564e-01,9.994700330881964856e-01,9.994700335814981074e-01,9.994700335420119153e-01,9.994700270946921261e-01,9.994700266289617829e-01,9.994699945427154564e-01,1.000000000000000444e+00,9.994699946270924062e-01,9.994700331612832445e-01,9.994700335814982184e-01,9.994700271671559388e-01,9.994700271335548170e-01,9.994700330881964856e-01,9.994699946270924062e-01,1.000000000000000444e+00,9.994699946270925173e-01,9.994700330881964856e-01,9.994700271335549280e-01,9.994700271671559388e-01,9.994700335814981074e-01,9.994700331612832445e-01,9.994699946270925173e-01,1.000000000000000444e+00,9.994699945427156784e-01,9.994700266289617829e-01,9.994700270946922371e-01,9.994700335420119153e-01,9.994700335814982184e-01,9.994700330881964856e-01,9.994699945427156784e-01,1.000000000000000444e+00,9.994699880097953626e-01,9.994700206425853883e-01,9.994700270946921261e-01,9.994700271671559388e-01,9.994700271335549280e-01,9.994700266289617829e-01,9.994699880097953626e-01,1.000000000000000444e+00
1.000000000000000222e+00,9.992142664935345087e-01,9.992143610751225147e-01,9.992143624372168409e-01,9.992143625277963848e-01,9.992143623283524789e-01,9.992143462506144491e-01,9.992142664935345087e-01,1.000000000000000222e+00,9.992142827945195149e-01,9.992143771724224521e-01,9.992143785034287573e-01,9.992143783931436429e-01,9.992143623283524789e-01,9.992143610751225147e-01,9.992142827945195149e-01,1.000000000000000222e+00,9.992142830264673092e-01,9.992143773732847789e-01,9.992143785034286463e-01,9.992143625277966068e-01,9.992143624372168409e-01,9.992143771724224521e-01,9.992142830264673092e-01,1.000000000000000222e+00,9.992142830264671982e-01,9.992143771724224521e-01,9.992143624372168409e-01,9.992143625277963848e-01,9.992143785034287573e-01,9.992143773732847789e-01,9.992142830264671982e-01,1.000000000000000222e+00,9.992142827945195149e-01,9.992143610751224037e-01,9.992143623283524789e-01,9.992143783931436429e-01,9.992143785034286463e-01,9.992143771724224521e-01,9.992142827945195149e-01,1.000000000000000222e+00,9.992142664935342866e-01,9.992143462506144491e-01,9.992143623283524789e-01,9.992143625277966068e-01,9.992143624372168409e-01,9.992143610751224037e-01,9.992142664935342866e-01,1.000000000000000222e+00
1.000000000000000222e+00,9.988844332032827955e-01,9.988846402721140993e-01,9.988846435763134579e-01,9.988846437956806490e-01,9.988846433012451564e-01,9.988846073397387171e-01,9.988844332032827955e-01,1.000000000000000222e+00,9.988844697208586476e-01,9.988846762819808545e-01,9.988846795090663422e-01,9.988846792312772171e-01,9.988846433012449344e-01,9.988846402721140993e-01,9.988844697208586476e-01,1.000000000000000222e+00,9.988844702951186205e-01,9.988846767791256243e-01,9.988846795090665642e-01,9.988846437956805380e-01,9.988846435763134579e-01,9.988846762819808545e-01,9.988844702951186205e-01,1.000000000000000222e+00,9.988844702951186205e-01,9.988846762819806324e-01,9.988846435763133469e-01,9.988846437956806490e-01,9.988846795090663422e-01,9.988846767791256243e-01,9.988844702951186205e-01,1.000000000000000222e+00,9.988844697208587586e-01,9.988846402721139883e-01,9.988846433012451564e-01,9.988846792312772171e-01,9.988846795090665642e-01,9.988846762819806324e-01,9.988844697208587586e-01,1.000000000000000222e+00,9.988844332032829065e-01,9.988846073397387171e-01,9.988846433012449344e-01,9.988846437956805380e-01,9.988846435763133469e-01,9.988846402721139883e-01,9.988844332032829065e-01,1.000000000000000222e+00
1.000000000000000222e+00,9.984725166886322389e-01,9.984729296877042914e-01,9.984729370167488849e-01,9.984729375023113640e-01,9.984729363788937828e-01,9.984728627540119250e-01,9.984725166886322389e-01,1.000000000000000222e+00,9.984725915839164356e-01,9.984730034221735995e-01,9.984730105758635732e-01,9.984730099338042786e-01,9.984729363788937828e-01,9.984729296877042914e-01,9.984725915839164356e-01,1.000000000000000222e+00,9.984725928868861677e-01,9.984730045497544060e-01,9.984730105758634622e-01,9.984729375023114750e-01,9.984729370167488849e-01,9.984730034221735995e-01,9.984725928868861677e-01,1.000000000000000222e+00,9.984725928868861677e-01,9.984730034221735995e-01,9.984729370167489959e-01,9.984729375023113640e-01,9.984730105758635732e-01,9.984730045497544060e-01,9.984725928868861677e-01,1.000000000000000222e+00,9.984725915839164356e-01,9.984729296877041804e-01,9.984729363788937828e-01,9.984730099338042786e-01,9.984730105758634622e-01,9.984730034221735995e-01,9.984725915839164356e-01,1.000000000000000222e+00,9.984725166886323500e-01,9.984728627540119250e-01,9.984729363788937828e-01,9.984729375023114750e-01,9.984729370167489959e-01,9.984729296877041804e-01,9.984725166886323500e-01,1.000000000000000222e+00
1.000000000000000666e+00,9.979722492278416679e-01,9.979730108895199514e-01,9.979730259507754164e-01,9.979730269459612391e-01,9.979730245753687390e-01,9.979728844680380018e-01,9.979722492278416679e-01,1.000000000000000666e+00,9.979723920319220065e-01,9.979731512275110683e-01,9.979731659183467274e-01,9.979731645385732097e-01,9.979730245753687390e-01,9.979730108895199514e-01,9.979723920319220065e-01,1.000000000000000666e+00,9.979723947773490034e-01,9.979731536023445093e-01,9.979731659183468384e-01,9.979730269459614611e-01,9.979730259507754164e-01,9.979731512275110683e-01,9.979723947773490034e-01,1.000000000000000666e+00,9.979723947773490034e-01,9.979731512275109573e-01,9.979730259507755274e-01,9.979730269459612391e-01,9.979731659183467274e-01,9.979731536023445093e-01,9.979723947773490034e-01,1.000000000000000666e+00,9.979723920319218955e-01,9.979730108895197294e-01,9.979730245753687390e-01,9.979731645385732097e-01,9.979731659183468384e-01,9.979731512275109573e-01,9.979723920319218955e-01,1.000000000000000666e+00,9.979722492278416679e-01,9.979728844680380018e-01,9.979730245753687390e-01,9.979730269459614611e-01,9.979730259507755274e-01,9.979730108895197294e-01,9.979722492278416679e-01,1.000000000000000666e+00
1.000000000000000222e+00,9.973794597098047943e-01,9.973807741380558145e-01,9.973808031068275293e-01,9.973808050145578363e-01,9.973808003208135542e-01,9.973805494295210350e-01,9.973794597098047943e-01,1.000000000000000222e+00,9.973797159738656548e-01,9.973810254849553303e-01,9.973810537193531500e-01,9.973810509342544428e-01,9.973808003208134432e-01,9.973807741380558145e-01,9.973797159738656548e-01,1.000000000000000222e+00,9.973797214013397916e-01,9.973810301774438392e-01,9.973810537193529280e-01,9.973808050145577253e-01,9.973808031068275293e-01,9.973810254849553303e-01,9.973797214013397916e-01,1.000000000000000222e+00,9.973797214013400136e-01,9.973810254849554413e-01,9.973808031068274182e-01,9.973808050145578363e-01,9.973810537193531500e-01,9.973810301774438392e-01,9.973797214013400136e-01,1.000000000000000222e+00,9.973797159738659879e-01,9.973807741380558145e-01,9.973808003208135542e-01,9.973810509342544428e-01,9.973810537193529280e-01,9.973810254849554413e-01,9.973797159738659879e-01,1.000000000000000222e+00,9.973794597098049053e-01,9.973805494295210350e-01,9.973808003208134432e-01,9.973808050145577253e-01,9.973808031068274182e-01,9.973807741380558145e-01,9.973794597098049053e-01,1.000000000000000222e+00
1.000000000000000444e+00,9.966924000568718744e-01,9.966945433981868607e-01,9.966945959680915124e-01,9.966945994156639621e-01,9.966945906241303499e-01,9.966941636676964755e-01,9.966924000568718744e-01,1.000000000000000444e+00,9.966928371406076348e-01,9.966949712060536593e-01,9.966950223983752633e-01,9.966950170752200133e-01,9.966945906241301278e-01,9.966945433981868607e-01,9.966928371406076348e-01,1.000000000000000444e+00,9.966928472898423097e-01,9.966949799759535766e-01,9.966950223983753743e-01,9.966945994156639621e-01,9.966945959680915124e-01,9.966949712060536593e-01,9.966928472898423097e-01,1.000000000000000444e+00,9.966928472898421987e-01,9.966949712060535482e-01,9.966945959680915124e-01,9.966945994156639621e-01,9.966950223983752633e-01,9.966949799759535766e-01,9.966928472898421987e-01,1.000000000000000444e+00,9.966928371406076348e-01,9.966945433981868607e-01,9.966945906241303499e-01,9.966950170752200133e-01,9.966950223983753743e-01,9.966949712060535482e-01,9.966928371406076348e-01,1.000000000000000444e+00,9.966924000568719855e-01,9.966941636676964755e-01,9.966945906241301278e-01,9.966945994156639621e-01,9.966945959680915124e-01,9.966945433981868607e-01,9.966924000568719855e-01,1.000000000000000444e+00
1.000000000000000000e+00,9.959119908843026003e-01,9.959153195068556341e-01,9.959154100936320475e-01,9.959154160040784021e-01,9.959154003242913777e-01,9.959147043952175649e-01,9.959119908843026003e-01,1.000000000000000000e+00,9.959127049914137109e-01,9.959160169512615290e-01,9.959161050768724488e-01,9.959160953807382199e-01,9.959154003242914888e-01,9.959153195068556341e-01,9.959127049914137109e-01,1.000000000000000000e+00,9.959127230616287019e-01,9.959160325559971438e-01,9.959161050768725598e-01,9.959154160040784021e-01,9.959154100936320475e-01,9.959160169512615290e-01,9.959127230616287019e-01,1.000000000000000000e+00,9.959127230616287019e-01,9.959160169512616401e-01,9.959154100936321585e-01,9.959154160040784021e-01,9.959161050768724488e-01,9.959160325559971438e-01,9.959127230616287019e-01,1.000000000000000000e+00,9.959127049914138219e-01,9.959153195068557451e-01,9.959154003242913777e-01,9.959160953807382199e-01,9.959161050768725598e-01,9.959160169512616401e-01,9.959127049914138219e-01,1.000000000000000000e+00,9.959119908843026003e-01,9.959147043952175649e-01,9.959154003242914888e-01,9.959154160040784021e-01,9.959154100936321585e-01,9.959153195068557451e-01,9.959119908843026003e-01,1.000000000000000000e+00
1.000000000000000444e+00,9.950419747434290363e-01,9.950469296588096979e-01,9.950470786506043774e-01,9.950470883116373511e-01,9.950470615401946217e-01,9.950459683424521806e-01,9.950419747434290363e-01,1.000000000000000444e+00,9.950430991782518442e-01,9.950480254388204271e-01,9.950481702203186618e-01,9.950481532999151391e-01,9.950470615401946217e-01,9.950469296588096979e-01,9.950430991782518442e-01,1.000000000000000444e+00,9.950431299755694292e-01,9.950480520164372011e-01,9.950481702203186618e-01,9.950470883116373511e-01,9.950470786506043774e-01,9.950480254388204271e-01,9.950431299755694292e-01,1.000000000000000444e+00,9.950431299755690961e-01,9.950480254388204271e-01,9.950470786506042664e-01,9.950470883116373511e-01,9.950481702203186618e-01,9.950480520164372011e-01,9.950431299755690961e-01,1.000000000000000444e+00,9.950430991782519552e-01,9.950469296588096979e-01,9.950470615401946217e-01,9.950481532999151391e-01,9.950481702203186618e-01,9.950480254388204271e-01,9.950430991782519552e-01,1.000000000000000444e+00,9.950419747434290363e-01,9.950459683424521806e-01,9.950470615401946217e-01,9.950470883116373511e-01,9.950470786506042664e-01,9.950469296588096979e-01,9.950419747434290363e-01,1.000000000000000444e+00
1.000000000000000222e+00,9.940889684428130257e-01,9.940960742792986915e-01,9.940963091707321064e-01,9.940963242883709139e-01,9.940962803359728595e-01,9.940946175612699331e-01,9.940889684428130257e-01,1.000000000000000222e+00,9.940906828326045996e-01,9.940977412862571638e-01,9.940979692504907650e-01,9.940979408397211392e-01,9.940962803359727484e-01,9.940960742792986915e-01,9.940906828326045996e-01,1.000000000000000222e+00,9.940907332992540146e-01,9.940977848072430900e-01,9.940979692504907650e-01,9.940963242883709139e-01,9.940963091707321064e-01,9.940977412862571638e-01,9.940907332992540146e-01,1.000000000000000222e+00,9.940907332992541257e-01,9.940977412862571638e-01,9.940963091707321064e-01,9.940963242883709139e-01,9.940979692504907650e-01,9.940977848072430900e-01,9.940907332992541257e-01,1.000000000000000222e+00,9.940906828326043776e-01,9.940960742792988025e-01,9.940962803359728595e-01,9.940979408397211392e-01,9.940979692504907650e-01,9.940977412862571638e-01,9.940906828326043776e-01,1.000000000000000222e+00,9.940889684428130257e-01,9.940946175612699331e-01,9.940962803359727484e-01,9.940963242883709139e-01,9.940963091707321064e-01,9.940960742792988025e-01,9.940889684428130257e-01,1.000000000000000222e+00
1.000000000000000222e+00,9.930624093389109897e-01,9.930722657970713074e-01,9.930726219960299694e-01,9.930726447166591253e-01,9.930725750732788404e-01,9.930701174194657144e-01,9.930624093389109897e-01,1.000000000000000222e+00,9.930649493033871789e-01,9.930747301473229482e-01,9.930750753439856471e-01,9.930750292785330835e-01,9.930725750732788404e-01,9.930722657970713074e-01,9.930649493033871789e-01,1.000000000000000222e+00,9.930650291111176031e-01,9.930747989197579173e-01,9.930750753439855361e-01,9.930726447166592363e-01,9.930726219960299694e-01,9.930747301473229482e-01,9.930650291111176031e-01,1.000000000000000222e+00,9.930650291111177141e-01,9.930747301473229482e-01,9.930726219960299694e-01,9.930726447166591253e-01,9.930750753439856471e-01,9.930747989197579173e-01,9.930650291111177141e-01,1.000000000000000222e+00,9.930649493033872899e-01,9.930722657970713074e-01,9.930725750732788404e-01,9.930750292785330835e-01,9.930750753439855361e-01,9.930747301473229482e-01,9.930649493033872899e-01,1.000000000000000222e+00,9.930624093389109897e-01,9.930701174194657144e-01,9.930725750732788404e-01,9.930726447166592363e-01,9.930726219960299694e-01,9.930722657970713074e-01,9.930624093389109897e-01,1.000000000000000222e+00
1.000000000000000222e+00,9.919743939099090468e-01,9.919876577799799922e-01,9.919881788460575001e-01,9.919882117289755552e-01,9.919881048924819034e-01,9.919845654106548283e-01,9.919743939099090468e-01,1.000000000000000222e+00,9.919780604598260609e-01,9.919912075226986481e-01,9.919917116671763679e-01,9.919916393246080988e-01,9.919881048924819034e-01,9.919876577799799922e-01,9.919780604598260609e-01,1.000000000000000222e+00,9.919781826370158706e-01,9.919913127243017437e-01,9.919917116671762569e-01,9.919882117289757772e-01,9.919881788460575001e-01,9.919912075226986481e-01,9.919781826370158706e-01,1.000000000000000222e+00,9.919781826370159816e-01,9.919912075226985371e-01,9.919881788460575001e-01,9.919882117289755552e-01,9.919917116671763679e-01,9.919913127243017437e-01,9.919781826370159816e-01,1.000000000000000222e+00,9.919780604598259499e-01,9.919876577799797701e-01,9.919881048924819034e-01,9.919916393246080988e-01,9.919917116671762569e-01,9.919912075226985371e-01,9.919780604598259499e-01,1.000000000000000222e+00,9.919743939099089358e-01,9.919845654106548283e-01,9.919881048924819034e-01,9.919882117289757772e-01,9.919881788460575001e-01,9.919876577799797701e-01,9.919743939099089358e-01,1.000000000000000222e+00
1.000000000000000000e+00,9.908394102686639560e-01,9.908567671498672569e-01,9.908575042219323059e-01,9.908575501452384637e-01,9.908573910506661697e-01,9.908524135454513937e-01,9.908394102686639560e-01,1.000000000000000000e+00,9.908445781582487788e-01,9.908617599219978755e-01,9.908624717258095460e-01,9.908623614095350973e-01,9.908573910506660587e-01,9.908567671498672569e-01,9.908445781582487788e-01,1.000000000000000000e+00,9.908447597069743873e-01,9.908619161216116744e-01,9.908624717258093240e-01,9.908575501452383527e-01,9.908575042219323059e-01,9.908617599219978755e-01,9.908447597069743873e-01,1.000000000000000000e+00,9.908447597069744983e-01,9.908617599219980976e-01,9.908575042219324169e-01,9.908575501452384637e-01,9.908624717258095460e-01,9.908619161216116744e-01,9.908447597069744983e-01,1.000000000000000000e+00,9.908445781582486678e-01,9.908567671498672569e-01,9.908573910506661697e-01,9.908623614095350973e-01,9.908624717258093240e-01,9.908617599219980976e-01,9.908445781582486678e-01,1.000000000000000000e+00,9.908394102686640670e-01,9.908524135454513937e-01,9.908573910506660587e-01,9.908575501452383527e-01,9.908575042219324169e-01,9.908567671498672569e-01,9.908394102686640670e-01,1.000000000000000000e+00
1.000000000000000666e+00,9.896739695781718860e-01,9.896960963951608736e-01,9.896971066003056317e-01,9.896971685868791724e-01,9.896969380847798758e-01,9.896900911775557974e-01,9.896739695781718860e-01,1.000000000000000666e+00,9.896810939325781931e-01,9.897029654089694040e-01,9.897039388980779506e-01,9.897037751994020027e-01,9.896969380847797648e-01,9.896960963951608736e-01,9.896810939325781931e-01,1.000000000000000666e+00,9.896813563796865720e-01,9.897031910300461144e-01,9.897039388980781727e-01,9.896971685868792834e-01,9.896971066003056317e-01,9.897029654089694040e-01,9.896813563796865720e-01,1.000000000000000666e+00,9.896813563796864610e-01,9.897029654089692929e-01,9.896971066003055206e-01,9.896971685868791724e-01,9.897039388980779506e-01,9.897031910300461144e-01,9.896813563796864610e-01,1.000000000000000666e+00,9.896810939325780820e-01,9.896960963951608736e-01,9.896969380847798758e-01,9.897037751994020027e-01,9.897039388980781727e-01,9.897029654089692929e-01,9.896810939325780820e-01,1.000000000000000666e+00,9.896739695781721080e-01,9.896900911775557974e-01,9.896969380847797648e-01,9.896971685868792834e-01,9.896971066003055206e-01,9.896960963951608736e-01,9.896739695781721080e-01,1.000000000000000666e+00
1.000000000000000444e+00,9.884961447302929027e-01,9.885236664450457456e-01,9.885250101561218194e-01,9.885250911136815866e-01,9.885247655553331958e-01,9.885155388331710036e-01,9.884961447302929027e-01,1.000000000000000444e+00,9.885057654422249040e-01,9.885329243796716625e-01,9.885342160778296527e-01,9.885339792652830804e-01,9.885247655553329738e-01,9.885236664450457456e-01,9.885057654422249040e-01,1.000000000000000444e+00,9.885061352588347949e-01,9.885332420506366402e-01,9.885342160778297638e-01,9.885250911136816976e-01,9.885250101561218194e-01,9.885329243796716625e-01,9.885061352588347949e-01,1.000000000000000444e+00,9.885061352588347949e-01,9.885329243796716625e-01,9.885250101561219305e-01,9.885250911136815866e-01,9.885342160778296527e-01,9.885332420506366402e-01,9.885061352588347949e-01,1.000000000000000444e+00,9.885057654422249040e-01,9.885236664450456345e-01,9.885247655553331958e-01,9.885339792652830804e-01,9.885342160778297638e-01,9.885329243796716625e-01,9.885057654422249040e-01,1.000000000000000444e+00,9.884961447302931248e-01,9.885155388331710036e-01,9.885247655553329738e-01,9.885250911136816976e-01,9.885250101561219305e-01,9.885236664450456345e-01,9.884961447302931248e-01,1.000000000000000444e+00
1.000000000000000444e+00,9.873250282003104283e-01,9.873584738772503977e-01,9.873602108011150236e-01,9.873603131806130140e-01,9.873598641740137793e-01,9.873476667198483048e-01,9.873250282003104283e-01,1.000000000000000444e+00,9.873377717103037909e-01,9.873707143721985879e-01,9.873723793428020867e-01,9.873720448424447849e-01,9.873598641740136683e-01,9.873584738772503977e-01,9.873377717103037909e-01,1.000000000000000444e+00,9.873382805286540220e-01,9.873711511043282707e-01,9.873723793428020867e-01,9.873603131806129030e-01,9.873602108011150236e-01,9.873707143721985879e-01,9.873382805286540220e-01,1.000000000000000444e+00,9.873382805286541331e-01,9.873707143721989210e-01,9.873602108011150236e-01,9.873603131806130140e-01,9.873723793428020867e-01,9.873711511043282707e-01,9.873382805286541331e-01,1.000000000000000444e+00,9.873377717103039020e-01,9.873584738772505087e-01,9.873598641740137793e-01,9.873720448424447849e-01,9.873723793428020867e-01,9.873707143721989210e-01,9.873377717103039020e-01,1.000000000000000444e+00,9.873250282003105394e-01,9.873476667198483048e-01,9.873598641740136683e-01,9.873603131806129030e-01,9.873602108011150236e-01,9.873584738772505087e-01,9.873250282003105394e-01,1.000000000000000444e+00
1.000000000000000666e+00,9.861801245749896028e-01,9.862198883727230081e-01,9.862220726009164329e-01,9.862221979901765190e-01,9.862215923924153582e-01,9.862057540309790982e-01,9.861801245749896028e-01,1.000000000000000666e+00,9.861967026118293456e-01,9.862357847819435142e-01,9.862378716721397209e-01,9.862374097148197682e-01,9.862215923924152472e-01,9.862198883727230081e-01,9.861967026118293456e-01,1.000000000000000666e+00,9.861973871684867055e-01,9.862363719157450914e-01,9.862378716721398320e-01,9.862221979901766300e-01,9.862220726009164329e-01,9.862357847819435142e-01,9.861973871684867055e-01,1.000000000000000666e+00,9.861973871684865944e-01,9.862357847819435142e-01,9.862220726009164329e-01,9.862221979901765190e-01,9.862378716721397209e-01,9.862363719157450914e-01,9.861973871684865944e-01,1.000000000000000666e+00,9.861967026118294566e-01,9.862198883727230081e-01,9.862215923924153582e-01,9.862374097148197682e-01,9.862378716721398320e-01,9.862357847819435142e-01,9.861967026118294566e-01,1.000000000000000666e+00,9.861801245749897138e-01,9.862057540309790982e-01,9.862215923924152472e-01,9.862221979901766300e-01,9.862220726009164329e-01,9.862198883727230081e-01,9.861801245749897138e-01,1.000000000000000666e+00
1.000000000000000666e+00,9.850806965374759860e-01,9.851270080285919883e-01,9.851296823543802539e-01,9.851298310378011625e-01,9.851290312454916709e-01,9.851088070504175898e-01,9.850806965374759860e-01,1.000000000000000666e+00,9.851019011927417690e-01,9.851473088831513847e-01,9.851498542859189467e-01,9.851492298055926078e-01,9.851290312454913378e-01,9.851270080285919883e-01,9.851019011927417690e-01,1.000000000000000666e+00,9.851028029339474745e-01,9.851480817499964626e-01,9.851498542859190577e-01,9.851298310378012735e-01,9.851296823543802539e-01,9.851473088831513847e-01,9.851028029339474745e-01,1.000000000000000666e+00,9.851028029339474745e-01,9.851473088831514957e-01,9.851296823543802539e-01,9.851298310378011625e-01,9.851498542859189467e-01,9.851480817499964626e-01,9.851028029339474745e-01,1.000000000000000666e+00,9.851019011927417690e-01,9.851270080285918773e-01,9.851290312454916709e-01,9.851492298055926078e-01,9.851498542859190577e-01,9.851473088831514957e-01,9.851019011927417690e-01,1.000000000000000666e+00,9.850806965374763191e-01,9.851088070504175898e-01,9.851290312454913378e-01,9.851298310378012735e-01,9.851296823543802539e-01,9.851270080285918773e-01,9.850806965374763191e-01,1.000000000000000666e+00
1.000000000000000444e+00,9.840450856429538984e-01,9.840979916257711624e-01,9.841011816058662376e-01,9.841013521346135828e-01,9.841003167238842053e-01,9.840748955929018438e-01,9.840450856429538984e-01,1.000000000000000444e+00,9.840717799076378336e-01,9.841235119922866481e-01,9.841265346153346139e-01,9.841257074845433106e-01,9.841003167238842053e-01,9.840979916257711624e-01,9.840717799076378336e-01,1.000000000000000444e+00,9.840729442065131449e-01,9.841245092496508917e-01,9.841265346153348359e-01,9.841013521346138049e-01,9.841011816058662376e-01,9.841235119922866481e-01,9.840729442065131449e-01,1.000000000000000444e+00,9.840729442065131449e-01,9.841235119922866481e-01,9.841011816058663486e-01,9.841013521346135828e-01,9.841265346153346139e-01,9.841245092496508917e-01,9.840729442065131449e-01,1.000000000000000444e+00,9.840717799076377226e-01,9.840979916257710514e-01,9.841003167238842053e-01,9.841257074845433106e-01,9.841265346153348359e-01,9.841235119922866481e-01,9.840717799076377226e-01,1.000000000000000444e+00,9.840450856429538984e-01,9.840748955929018438e-01,9.841003167238842053e-01,9.841013521346138049e-01,9.841011816058663486e-01,9.840979916257710514e-01,9.840450856429538984e-01,1.000000000000000444e+00
1.000000000000000000e+00,9.830900306932308652e-01,9.831493884290108953e-01,9.831530968171154905e-01,9.831532856454484604e-01,9.831519703963628176e-01,9.831204886146222011e-01,9.830900306932308652e-01,1.000000000000000000e+00,9.831231334946195499e-01,9.831809962391048208e-01,9.831844915158972631e-01,9.831834171984673576e-01,9.831519703963627066e-01,9.831493884290108953e-01,9.831231334946195499e-01,1.000000000000000000e+00,9.831246084507094807e-01,9.831822588550109820e-01,9.831844915158973741e-01,9.831532856454482383e-01,9.831530968171154905e-01,9.831809962391048208e-01,9.831246084507094807e-01,1.000000000000000000e+00,9.831246084507095917e-01,9.831809962391052649e-01,9.831530968171156015e-01,9.831532856454484604e-01,9.831844915158972631e-01,9.831822588550109820e-01,9.831246084507095917e-01,1.000000000000000000e+00,9.831231334946197720e-01,9.831493884290111174e-01,9.831519703963628176e-01,9.831834171984673576e-01,9.831844915158973741e-01,9.831809962391052649e-01,9.831231334946197720e-01,1.000000000000000000e+00,9.830900306932310873e-01,9.831204886146222011e-01,9.831519703963627066e-01,9.831532856454482383e-01,9.831530968171156015e-01,9.831493884290111174e-01,9.830900306932310873e-01,1.000000000000000000e+00
1.000000000000000444e+00,9.822300068455798172e-01,9.822954874864467945e-01,9.822996897588226473e-01,9.822998910085034563e-01,9.822982503263568699e-01,9.822598108318271182e-01,9.822300068455798172e-01,1.000000000000000444e+00,9.822704718610802965e-01,9.823340841204886154e-01,9.823380199880432651e-01,9.823366506734467762e-01,9.822982503263567589e-01,9.822954874864467945e-01,9.822704718610802965e-01,1.000000000000000444e+00,9.822723066791172464e-01,9.823356540046808139e-01,9.823380199880433761e-01,9.822998910085036783e-01,9.822996897588226473e-01,9.823340841204886154e-01,9.822723066791172464e-01,1.000000000000000444e+00,9.822723066791173574e-01,9.823340841204886154e-01,9.822996897588225362e-01,9.822998910085034563e-01,9.823380199880432651e-01,9.823356540046808139e-01,9.822723066791173574e-01,1.000000000000000444e+00,9.822704718610804075e-01,9.822954874864466834e-01,9.822982503263568699e-01,9.823366506734467762e-01,9.823380199880433761e-01,9.823340841204886154e-01,9.822704718610804075e-01,1.000000000000000444e+00,9.822300068455800393e-01,9.822598108318271182e-01,9.822982503263567589e-01,9.822998910085036783e-01,9.822996897588225362e-01,9.822954874864466834e-01,9.822300068455800393e-01,1.000000000000000444e+00
1.000000000000000222e+00,9.814766080154080363e-01,9.815477092949294047e-01,9.815523509995893736e-01,9.815525564131928338e-01,9.815505451322922292e-01,9.815042426369936512e-01,9.814766080154080363e-01,1.000000000000000222e+00,9.815253961418618500e-01,9.815942042664593803e-01,9.815985188407431172e-01,9.815968050984356097e-01,9.815505451322922292e-01,9.815477092949294047e-01,9.815253961418618500e-01,1.000000000000000222e+00,9.815276391167816472e-01,9.815961225708197402e-01,9.815985188407431172e-01,9.815525564131928338e-01,9.815523509995893736e-01,9.815942042664593803e-01,9.815276391167816472e-01,1.000000000000000222e+00,9.815276391167817582e-01,9.815942042664593803e-01,9.815523509995893736e-01,9.815525564131928338e-01,9.815985188407431172e-01,9.815961225708197402e-01,9.815276391167817582e-01,1.000000000000000222e+00,9.815253961418617390e-01,9.815477092949295157e-01,9.815505451322922292e-01,9.815968050984356097e-01,9.815985188407431172e-01,9.815942042664593803e-01,9.815253961418617390e-01,1.000000000000000222e+00,9.814766080154082584e-01,9.815042426369936512e-01,9.815505451322922292e-01,9.815525564131928338e-01,9.815523509995893736e-01,9.815477092949295157e-01,9.814766080154082584e-01,1.000000000000000222e+00
1.000000000000000222e+00,9.808379940792081308e-01,9.809140625861425544e-01,9.809190591613095034e-01,9.809192582949387562e-01,9.809168338212206351e-01,9.808617851727983172e-01,9.808379940792081308e-01,1.000000000000000222e+00,9.808960402551252233e-01,9.809693429467470915e-01,9.809739447338887697e-01,9.809718376896546799e-01,9.809168338212205240e-01,9.809140625861425544e-01,9.808960402551252233e-01,1.000000000000000222e+00,9.808987364218968441e-01,9.809716480833956531e-01,9.809739447338888807e-01,9.809192582949388672e-01,9.809190591613095034e-01,9.809693429467470915e-01,9.808987364218968441e-01,1.000000000000000222e+00,9.808987364218968441e-01,9.809693429467472026e-01,9.809190591613096144e-01,9.809192582949387562e-01,9.809739447338887697e-01,9.809716480833956531e-01,9.808987364218968441e-01,1.000000000000000222e+00,9.808960402551255564e-01,9.809140625861424434e-01,9.809168338212206351e-01,9.809718376896546799e-01,9.809739447338888807e-01,9.809693429467472026e-01,9.808960402551255564e-01,1.000000000000000222e+00,9.808379940792082419e-01,9.808617851727983172e-01,9.809168338212205240e-01,9.809192582949388672e-01,9.809190591613096144e-01,9.809140625861424434e-01,9.808379940792082419e-01,1.000000000000000222e+00
