1.000000000000000000e+00,1.000000000000000000e+00,1.000000000000000000e+00,1.000000000000000000e+00,1.000000000000000000e+00,1.000000000000000000e+00,1.000000000000000000e+00,1.000000000000000000e+00,1.000000000000000000e+00,1.000000000000000000e+00,1.000000000000000000e+00,1.000000000000000000e+00,1.000000000000000000e+00,1.000000000000000000e+00,1.000000000000000000e+00,1.000000000000000000e+00,1.000000000000000000e+00,1.000000000000000000e+00,1.000000000000000000e+00,1.000000000000000000e+00,1.000000000000000000e+00,1.000000000000000000e+00,1.000000000000000000e+00,1.000000000000000000e+00,1.000000000000000000e+00,1.000000000000000000e+00,1.000000000000000000e+00,1.000000000000000000e+00,1.000000000000000000e+00,1.000000000000000000e+00,1.000000000000000000e+00,1.000000000000000000e+00,1.000000000000000000e+00,1.000000000000000000e+00,1.000000000000000000e+00,1.000000000000000000e+00,1.000000000000000000e+00,1.000000000000000000e+00,1.000000000000000000e+00,1.000000000000000000e+00,1.000000000000000000e+00,1.000000000000000000e+00,1.000000000000000000e+00,1.000000000000000000e+00,1.000000000000000000e+00,1.000000000000000000e+00,1.000000000000000000e+00,1.000000000000000000e+00,1.000000000000000000e+00
9.999999999999996669e-01,9.999927037548175246e-01,9.999927037665802265e-01,9.999927037668117080e-01,9.999927037668266960e-01,9.999927037667872831e-01,9.999927037645554018e-01,9.999927037548175246e-01,9.999999999999996669e-01,9.999927037570925936e-01,9.999927037688159936e-01,9.999927037690414799e-01,9.999927037690171661e-01,9.999927037667872831e-01,9.999927037665802265e-01,9.999927037570925936e-01,9.999999999999996669e-01,9.999927037571375577e-01,9.999927037688550735e-01,9.999927037690411469e-01,9.999927037668268071e-01,9.999927037668117080e-01,9.999927037688159936e-01,9.999927037571375577e-01,9.999999999999996669e-01,9.999927037571377797e-01,9.999927037688158826e-01,9.999927037668118190e-01,9.999927037668266960e-01,9.999927037690414799e-01,9.999927037688550735e-01,9.999927037571377797e-01,9.999999999999996669e-01,9.999927037570924826e-01,9.999927037665802265e-01,9.999927037667872831e-01,9.999927037690171661e-01,9.999927037690411469e-01,9.999927037688158826e-01,9.999927037570924826e-01,9.999999999999996669e-01,9.999927037548175246e-01,9.999927037645554018e-01,9.999927037667872831e-01,9.999927037668268071e-01,9.999927037668118190e-01,9.999927037665802265e-01,9.999927037548175246e-01,9.999999999999996669e-01
9.999999999999984457e-01,9.999286894202009668e-01,9.999286905675368597e-01,9.999286906120591345e-01,9.999286906147974996e-01,9.999286906047288870e-01,9.999286902747746009e-01,9.999286894202009668e-01,9.999999999999984457e-01,9.999286897609304114e-01,9.999286908984009736e-01,9.999286909413698243e-01,9.999286909342537388e-01,9.999286906047288870e-01,9.999286905675368597e-01,9.999286897609304114e-01,9.999999999999984457e-01,9.999286897723383971e-01,9.999286909082553132e-01,9.999286909413699354e-01,9.999286906147977216e-01,9.999286906120591345e-01,9.999286908984009736e-01,9.999286897723383971e-01,9.999999999999984457e-01,9.999286897723381751e-01,9.999286908984008626e-01,9.999286906120591345e-01,9.999286906147974996e-01,9.999286909413698243e-01,9.999286909082553132e-01,9.999286897723381751e-01,9.999999999999984457e-01,9.999286897609301894e-01,9.999286905675366377e-01,9.999286906047288870e-01,9.999286909342537388e-01,9.999286909413699354e-01,9.999286908984008626e-01,9.999286897609301894e-01,9.999999999999984457e-01,9.999286894202009668e-01,9.999286902747746009e-01,9.999286906047288870e-01,9.999286906147977216e-01,9.999286906120591345e-01,9.999286905675366377e-01,9.999286894202009668e-01,9.999999999999984457e-01
1.000000000000000666e+00,9.998273116931543081e-01,9.998273183457522251e-01,9.998273187481011570e-01,9.998273187663850869e-01,9.998273185855346412e-01,9.998273144024800718e-01,9.998273116931543081e-01,1.000000000000000666e+00,9.998273160637788370e-01,9.998273225438440992e-01,9.998273229185741240e-01,9.998273227646606864e-01,9.998273185855347522e-01,9.998273183457522251e-01,9.998273160637788370e-01,1.000000000000000666e+00,9.998273162635924471e-01,9.998273227160405785e-01,9.998273229185742350e-01,9.998273187663850869e-01,9.998273187481011570e-01,9.998273225438440992e-01,9.998273162635924471e-01,1.000000000000000666e+00,9.998273162635925582e-01,9.998273225438442102e-01,9.998273187481011570e-01,9.998273187663850869e-01,9.998273229185741240e-01,9.998273227160405785e-01,9.998273162635925582e-01,1.000000000000000666e+00,9.998273160637787260e-01,9.998273183457522251e-01,9.998273185855346412e-01,9.998273227646606864e-01,9.998273229185742350e-01,9.998273225438442102e-01,9.998273160637787260e-01,1.000000000000000666e+00,9.998273116931543081e-01,9.998273144024800718e-01,9.998273185855347522e-01,9.998273187663850869e-01,9.998273187481011570e-01,9.998273183457522251e-01,9.998273116931543081e-01,1.000000000000000666e+00
9.999999999999995559e-01,9.997831545743482984e-01,9.997831647524294540e-01,9.997831651872657321e-01,9.997831651671446052e-01,9.997831644802318563e-01,9.997831498128220140e-01,9.997831545743482984e-01,9.999999999999995559e-01,9.997831699365262725e-01,9.997831794729180599e-01,9.997831798040975881e-01,9.997831791437629123e-01,9.997831644802318563e-01,9.997831647524294540e-01,9.997831699365262725e-01,9.999999999999995559e-01,9.997831706803886886e-01,9.997831801131287222e-01,9.997831798040975881e-01,9.997831651671446052e-01,9.997831651872657321e-01,9.997831794729180599e-01,9.997831706803886886e-01,9.999999999999995559e-01,9.997831706803885776e-01,9.997831794729179489e-01,9.997831651872658432e-01,9.997831651671446052e-01,9.997831798040975881e-01,9.997831801131287222e-01,9.997831706803885776e-01,9.999999999999995559e-01,9.997831699365261615e-01,9.997831647524294540e-01,9.997831644802318563e-01,9.997831791437629123e-01,9.997831798040975881e-01,9.997831794729179489e-01,9.997831699365261615e-01,9.999999999999995559e-01,9.997831545743482984e-01,9.997831498128220140e-01,9.997831644802318563e-01,9.997831651671446052e-01,9.997831651872658432e-01,9.997831647524294540e-01,9.997831545743482984e-01,9.999999999999995559e-01
9.999999999999982236e-01,9.997073475968164535e-01,9.997073632914963426e-01,9.997073640941348538e-01,9.997073640902134350e-01,9.997073632440141022e-01,9.997073418155180136e-01,9.997073475968164535e-01,9.999999999999982236e-01,9.997073698861379532e-01,9.997073847856036144e-01,9.997073854616341793e-01,9.997073846652646534e-01,9.997073632440139912e-01,9.997073632914963426e-01,9.997073698861379532e-01,9.999999999999982236e-01,9.997073708052024443e-01,9.997073855780477247e-01,9.997073854616344013e-01,9.997073640902134350e-01,9.997073640941348538e-01,9.997073847856036144e-01,9.997073708052024443e-01,9.999999999999982236e-01,9.997073708052024443e-01,9.997073847856037254e-01,9.997073640941348538e-01,9.997073640902134350e-01,9.997073854616341793e-01,9.997073855780477247e-01,9.997073708052024443e-01,9.999999999999982236e-01,9.997073698861379532e-01,9.997073632914963426e-01,9.997073632440141022e-01,9.997073846652646534e-01,9.997073854616344013e-01,9.997073847856037254e-01,9.997073698861379532e-01,9.999999999999982236e-01,9.997073475968165646e-01,9.997073418155180136e-01,9.997073632440139912e-01,9.997073640902134350e-01,9.997073640941348538e-01,9.997073632914963426e-01,9.997073475968165646e-01,9.999999999999982236e-01
9.999999999999984457e-01,9.994629213718453364e-01,9.994629778554057209e-01,9.994629804627775949e-01,9.994629805681817247e-01,9.994629792374299937e-01,9.994629390241691613e-01,9.994629213718453364e-01,9.999999999999984457e-01,9.994629629656146541e-01,9.994630181768451305e-01,9.994630205840190351e-01,9.994630194255570421e-01,9.994629792374302157e-01,9.994629778554057209e-01,9.994629629656146541e-01,9.999999999999984457e-01,9.994629644294796833e-01,9.994630194406852741e-01,9.994630205840189241e-01,9.994629805681818357e-01,9.994629804627775949e-01,9.994630181768451305e-01,9.994629644294796833e-01,9.999999999999984457e-01,9.994629644294796833e-01,9.994630181768449084e-01,9.994629804627774838e-01,9.994629805681817247e-01,9.994630205840190351e-01,9.994630194406852741e-01,9.994629644294796833e-01,9.999999999999984457e-01,9.994629629656145431e-01,9.994629778554056099e-01,9.994629792374299937e-01,9.994630194255570421e-01,9.994630205840189241e-01,9.994630181768449084e-01,9.994629629656145431e-01,9.999999999999984457e-01,9.994629213718453364e-01,9.994629390241691613e-01,9.994629792374302157e-01,9.994629805681818357e-01,9.994629804627774838e-01,9.994629778554056099e-01,9.994629213718453364e-01,9.999999999999984457e-01
9.999999999999982236e-01,9.992154653418001686e-01,9.992155946403651345e-01,9.992156017761844033e-01,9.992156018866960032e-01,9.992155961052219260e-01,9.992154585753990625e-01,9.992154653418001686e-01,9.999999999999982236e-01,9.992156088101141753e-01,9.992157326293186204e-01,9.992157388914691962e-01,9.992157335682350094e-01,9.992155961052219260e-01,9.992155946403651345e-01,9.992156088101141753e-01,9.999999999999982236e-01,9.992156151168867240e-01,9.992157380629580476e-01,9.992157388914693072e-01,9.992156018866960032e-01,9.992156017761844033e-01,9.992157326293186204e-01,9.992156151168867240e-01,9.999999999999982236e-01,9.992156151168868350e-01,9.992157326293186204e-01,9.992156017761844033e-01,9.992156018866960032e-01,9.992157388914691962e-01,9.992157380629580476e-01,9.992156151168868350e-01,9.999999999999982236e-01,9.992156088101141753e-01,9.992155946403651345e-01,9.992155961052219260e-01,9.992157335682350094e-01,9.992157388914693072e-01,9.992157326293186204e-01,9.992156088101141753e-01,9.999999999999982236e-01,9.992154653418001686e-01,9.992154585753990625e-01,9.992155961052219260e-01,9.992156018866960032e-01,9.992156017761844033e-01,9.992155946403651345e-01,9.992154653418001686e-01,9.999999999999982236e-01
9.999999999999987788e-01,9.991334780777051394e-01,9.991336401451150762e-01,9.991336471397331831e-01,9.991336467890326034e-01,9.991336353970700079e-01,9.991333785670942769e-01,9.991334780777051394e-01,9.999999999999987788e-01,9.991337465035453613e-01,9.991338978552465333e-01,9.991339031345650712e-01,9.991338921653634131e-01,9.991336353970701190e-01,9.991336401451150762e-01,9.991337465035453613e-01,9.999999999999987788e-01,9.991337588363096156e-01,9.991339084735336717e-01,9.991339031345650712e-01,9.991336467890327144e-01,9.991336471397331831e-01,9.991338978552465333e-01,9.991337588363096156e-01,9.999999999999987788e-01,9.991337588363092825e-01,9.991338978552465333e-01,9.991336471397331831e-01,9.991336467890326034e-01,9.991339031345650712e-01,9.991339084735336717e-01,9.991337588363092825e-01,9.999999999999987788e-01,9.991337465035453613e-01,9.991336401451150762e-01,9.991336353970700079e-01,9.991338921653634131e-01,9.991339031345650712e-01,9.991338978552465333e-01,9.991337465035453613e-01,9.999999999999987788e-01,9.991334780777052504e-01,9.991333785670942769e-01,9.991336353970701190e-01,9.991336467890327144e-01,9.991336471397331831e-01,9.991336401451150762e-01,9.991334780777052504e-01,9.999999999999987788e-01
9.999999999999978906e-01,9.989687471572128441e-01,9.989689584315509796e-01,9.989689685893137217e-01,9.989689686779525957e-01,9.989689596086716028e-01,9.989687176497802357e-01,9.989687471572128441e-01,9.999999999999978906e-01,9.989689984541845202e-01,9.989692011022053286e-01,9.989692099003540937e-01,9.989692014739274262e-01,9.989689596086716028e-01,9.989689584315509796e-01,9.989689984541845202e-01,9.999999999999978906e-01,9.989690083284735733e-01,9.989692096170700308e-01,9.989692099003543158e-01,9.989689686779527067e-01,9.989689685893137217e-01,9.989692011022053286e-01,9.989690083284735733e-01,9.999999999999978906e-01,9.989690083284734623e-01,9.989692011022052176e-01,9.989689685893136106e-01,9.989689686779525957e-01,9.989692099003540937e-01,9.989692096170700308e-01,9.989690083284734623e-01,9.999999999999978906e-01,9.989689984541845202e-01,9.989689584315508686e-01,9.989689596086716028e-01,9.989692014739274262e-01,9.989692099003543158e-01,9.989692011022052176e-01,9.989689984541845202e-01,9.999999999999978906e-01,9.989687471572128441e-01,9.989687176497802357e-01,9.989689596086716028e-01,9.989689686779527067e-01,9.989689685893136106e-01,9.989689584315508686e-01,9.989687471572128441e-01,9.999999999999978906e-01
9.999999999999973355e-01,9.985334523068755130e-01,9.985338771620921872e-01,9.985338969689154798e-01,9.985338977158436657e-01,9.985338870098942055e-01,9.985335656486747924e-01,9.985334523068755130e-01,9.999999999999973355e-01,9.985337848899307200e-01,9.985341993978046338e-01,9.985342175862546021e-01,9.985342081811050541e-01,9.985338870098940944e-01,9.985338771620921872e-01,9.985337848899307200e-01,9.999999999999973355e-01,9.985337966568856860e-01,9.985342095493029424e-01,9.985342175862547132e-01,9.985338977158435547e-01,9.985338969689154798e-01,9.985341993978046338e-01,9.985337966568856860e-01,9.999999999999973355e-01,9.985337966568857970e-01,9.985341993978047448e-01,9.985338969689154798e-01,9.985338977158436657e-01,9.985342175862546021e-01,9.985342095493029424e-01,9.985337966568857970e-01,9.999999999999973355e-01,9.985337848899306090e-01,9.985338771620922982e-01,9.985338870098942055e-01,9.985342081811050541e-01,9.985342175862547132e-01,9.985341993978047448e-01,9.985337848899306090e-01,9.999999999999973355e-01,9.985334523068756241e-01,9.985335656486747924e-01,9.985338870098940944e-01,9.985338977158435547e-01,9.985338969689154798e-01,9.985338771620922982e-01,9.985334523068756241e-01,9.999999999999973355e-01
9.999999999999967804e-01,9.981635815628627784e-01,9.981642755615033336e-01,9.981643127366677248e-01,9.981643128176043156e-01,9.981642765861836741e-01,9.981634220552635384e-01,9.981635815628627784e-01,9.999999999999967804e-01,9.981644735864076967e-01,9.981651329669620765e-01,9.981651646533520328e-01,9.981651307740324608e-01,9.981642765861836741e-01,9.981642755615033336e-01,9.981644735864076967e-01,9.999999999999967804e-01,9.981645130261765919e-01,9.981651669257619597e-01,9.981651646533521438e-01,9.981643128176043156e-01,9.981643127366677248e-01,9.981651329669620765e-01,9.981645130261765919e-01,9.999999999999967804e-01,9.981645130261765919e-01,9.981651329669618544e-01,9.981643127366677248e-01,9.981643128176043156e-01,9.981651646533520328e-01,9.981651669257619597e-01,9.981645130261765919e-01,9.999999999999967804e-01,9.981644735864078077e-01,9.981642755615033336e-01,9.981642765861836741e-01,9.981651307740324608e-01,9.981651646533521438e-01,9.981651329669618544e-01,9.981644735864078077e-01,9.999999999999967804e-01,9.981635815628627784e-01,9.981634220552635384e-01,9.981642765861836741e-01,9.981643128176043156e-01,9.981643127366677248e-01,9.981642755615033336e-01,9.981635815628627784e-01,9.999999999999967804e-01
9.999999999999958922e-01,9.980534371846992991e-01,9.980542350620119629e-01,9.980542704036274859e-01,9.980542687417018888e-01,9.980542126568190398e-01,9.980529209409024771e-01,9.980534371846992991e-01,9.999999999999958922e-01,9.980547866248485889e-01,9.980555311382507400e-01,9.980555580264737214e-01,9.980555040640513020e-01,9.980542126568189287e-01,9.980542350620119629e-01,9.980547866248485889e-01,9.999999999999958922e-01,9.980548473668822140e-01,9.980555834363229462e-01,9.980555580264736104e-01,9.980542687417018888e-01,9.980542704036274859e-01,9.980555311382507400e-01,9.980548473668822140e-01,9.999999999999958922e-01,9.980548473668822140e-01,9.980555311382507400e-01,9.980542704036273749e-01,9.980542687417018888e-01,9.980555580264737214e-01,9.980555834363229462e-01,9.980548473668822140e-01,9.999999999999958922e-01,9.980547866248485889e-01,9.980542350620119629e-01,9.980542126568190398e-01,9.980555040640513020e-01,9.980555580264736104e-01,9.980555311382507400e-01,9.980547866248485889e-01,9.999999999999958922e-01,9.980534371846994102e-01,9.980529209409024771e-01,9.980542126568189287e-01,9.980542687417018888e-01,9.980542704036273749e-01,9.980542350620119629e-01,9.980534371846994102e-01,9.999999999999958922e-01
9.999999999999965583e-01,9.977758719453959646e-01,9.977768636533266289e-01,9.977769105798846017e-01,9.977769114784049709e-01,9.977768751988680407e-01,9.977758469092543603e-01,9.977758719453959646e-01,9.999999999999965583e-01,9.977769382622766470e-01,9.977778948341297083e-01,9.977779363113444822e-01,9.977779030482764044e-01,9.977768751988680407e-01,9.977768636533266289e-01,9.977769382622766470e-01,9.999999999999965583e-01,9.977769778612187723e-01,9.977779289936774543e-01,9.977779363113444822e-01,9.977769114784049709e-01,9.977769105798846017e-01,9.977778948341297083e-01,9.977769778612187723e-01,9.999999999999965583e-01,9.977769778612188833e-01,9.977778948341295973e-01,9.977769105798846017e-01,9.977769114784049709e-01,9.977779363113444822e-01,9.977779289936774543e-01,9.977769778612188833e-01,9.999999999999965583e-01,9.977769382622766470e-01,9.977768636533266289e-01,9.977768751988680407e-01,9.977779030482764044e-01,9.977779363113444822e-01,9.977778948341295973e-01,9.977769382622766470e-01,9.999999999999965583e-01,9.977758719453958536e-01,9.977758469092543603e-01,9.977768751988680407e-01,9.977769114784049709e-01,9.977769105798846017e-01,9.977768636533266289e-01,9.977758719453958536e-01,9.999999999999965583e-01
9.999999999999965583e-01,9.971446003741271102e-01,9.971462362796568168e-01,9.971463120045692685e-01,9.971463146036906311e-01,9.971462711644638599e-01,9.971449836368636577e-01,9.971446003741271102e-01,9.999999999999965583e-01,9.971459341583470692e-01,9.971475273897814073e-01,9.971475964919367385e-01,9.971475579730562089e-01,9.971462711644638599e-01,9.971462362796568168e-01,9.971459341583470692e-01,9.999999999999965583e-01,9.971459818792250962e-01,9.971475685033979186e-01,9.971475964919370716e-01,9.971463146036908531e-01,9.971463120045692685e-01,9.971475273897814073e-01,9.971459818792250962e-01,9.999999999999965583e-01,9.971459818792248742e-01,9.971475273897814073e-01,9.971463120045692685e-01,9.971463146036906311e-01,9.971475964919367385e-01,9.971475685033979186e-01,9.971459818792248742e-01,9.999999999999965583e-01,9.971459341583472913e-01,9.971462362796568168e-01,9.971462711644638599e-01,9.971475579730562089e-01,9.971475964919370716e-01,9.971475273897814073e-01,9.971459341583472913e-01,9.999999999999965583e-01,9.971446003741271102e-01,9.971449836368636577e-01,9.971462711644638599e-01,9.971463146036908531e-01,9.971463120045692685e-01,9.971462362796568168e-01,9.971446003741271102e-01,9.999999999999965583e-01
9.999999999999988898e-01,9.966804545571498197e-01,9.966827303800845916e-01,9.966828476048744667e-01,9.966828466633463890e-01,9.966827174582674198e-01,9.966796848807496501e-01,9.966804545571498197e-01,9.999999999999988898e-01,9.966836226826436551e-01,9.966857732939300440e-01,9.966858708316629345e-01,9.966857489677737325e-01,9.966827174582676419e-01,9.966827303800845916e-01,9.966836226826436551e-01,9.999999999999988898e-01,9.966837632328650054e-01,9.966858942071447069e-01,9.966858708316629345e-01,9.966828466633466110e-01,9.966828476048744667e-01,9.966857732939300440e-01,9.966837632328650054e-01,9.999999999999988898e-01,9.966837632328648944e-01,9.966857732939300440e-01,9.966828476048744667e-01,9.966828466633463890e-01,9.966858708316629345e-01,9.966858942071447069e-01,9.966837632328648944e-01,9.999999999999988898e-01,9.966836226826436551e-01,9.966827303800844806e-01,9.966827174582674198e-01,9.966857489677737325e-01,9.966858708316629345e-01,9.966857732939300440e-01,9.966836226826436551e-01,9.999999999999988898e-01,9.966804545571497087e-01,9.966796848807496501e-01,9.966827174582676419e-01,9.966828466633466110e-01,9.966828476048744667e-01,9.966827303800844806e-01,9.966804545571497087e-01,9.999999999999988898e-01
9.999999999999992228e-01,9.965467461815887829e-01,9.965492208644253225e-01,9.965493318849932836e-01,9.965493273563830190e-01,9.965491598545802576e-01,9.965451838299239640e-01,9.965467461815887829e-01,9.999999999999992228e-01,9.965508974993795288e-01,9.965532100239875568e-01,9.965532957788915125e-01,9.965531349219369783e-01,9.965491598545800356e-01,9.965492208644253225e-01,9.965508974993795288e-01,9.999999999999992228e-01,9.965510790410410102e-01,9.965533663391813457e-01,9.965532957788914015e-01,9.965493273563829080e-01,9.965493318849932836e-01,9.965532100239875568e-01,9.965510790410410102e-01,9.999999999999992228e-01,9.965510790410408992e-01,9.965532100239875568e-01,9.965493318849932836e-01,9.965493273563830190e-01,9.965532957788915125e-01,9.965533663391813457e-01,9.965510790410408992e-01,9.999999999999992228e-01,9.965508974993796398e-01,9.965492208644255445e-01,9.965491598545802576e-01,9.965531349219369783e-01,9.965532957788914015e-01,9.965532100239875568e-01,9.965508974993796398e-01,9.999999999999992228e-01,9.965467461815891159e-01,9.965451838299239640e-01,9.965491598545800356e-01,9.965493273563829080e-01,9.965493318849932836e-01,9.965492208644255445e-01,9.965467461815891159e-01,9.999999999999992228e-01
9.999999999999997780e-01,9.961288718810591414e-01,9.961318512395817004e-01,9.961319905583734258e-01,9.961319945081500427e-01,9.961319015150573719e-01,9.961290479717598290e-01,9.961288718810591414e-01,9.999999999999997780e-01,9.961318254196149802e-01,9.961347123627678490e-01,9.961348376625422940e-01,9.961347537338888225e-01,9.961319015150572609e-01,9.961318512395817004e-01,9.961318254196149802e-01,9.999999999999997780e-01,9.961319272208551956e-01,9.961348002302056193e-01,9.961348376625421830e-01,9.961319945081497096e-01,9.961319905583734258e-01,9.961347123627678490e-01,9.961319272208551956e-01,9.999999999999997780e-01,9.961319272208550846e-01,9.961347123627676270e-01,9.961319905583733147e-01,9.961319945081500427e-01,9.961348376625422940e-01,9.961348002302056193e-01,9.961319272208550846e-01,9.999999999999997780e-01,9.961318254196149802e-01,9.961318512395818114e-01,9.961319015150573719e-01,9.961347537338888225e-01,9.961348376625421830e-01,9.961347123627676270e-01,9.961318254196149802e-01,9.999999999999997780e-01,9.961288718810591414e-01,9.961290479717598290e-01,9.961319015150572609e-01,9.961319945081497096e-01,9.961319905583733147e-01,9.961318512395818114e-01,9.961288718810591414e-01,9.999999999999997780e-01
1.000000000000000000e+00,9.953033309669097051e-01,9.953077784583576060e-01,9.953079844959198397e-01,9.953079905464785604e-01,9.953078620601851778e-01,9.953041689736479292e-01,9.953033309669097051e-01,1.000000000000000000e+00,9.953071633339595214e-01,9.953114822823727614e-01,9.953116684822181925e-01,9.953115532181888714e-01,9.953078620601853999e-01,9.953077784583576060e-01,9.953071633339595214e-01,1.000000000000000000e+00,9.953073044178379902e-01,9.953116035777082038e-01,9.953116684822179705e-01,9.953079905464784494e-01,9.953079844959198397e-01,9.953114822823727614e-01,9.953073044178379902e-01,1.000000000000000000e+00,9.953073044178379902e-01,9.953114822823727614e-01,9.953079844959198397e-01,9.953079905464785604e-01,9.953116684822181925e-01,9.953116035777082038e-01,9.953073044178379902e-01,1.000000000000000000e+00,9.953071633339595214e-01,9.953077784583577170e-01,9.953078620601851778e-01,9.953115532181888714e-01,9.953116684822179705e-01,9.953114822823727614e-01,9.953071633339595214e-01,1.000000000000000000e+00,9.953033309669094830e-01,9.953041689736479292e-01,9.953078620601853999e-01,9.953079905464784494e-01,9.953079844959198397e-01,9.953077784583577170e-01,9.953033309669094830e-01,1.000000000000000000e+00
9.999999999999987788e-01,9.947773943400576302e-01,9.947830704341816821e-01,9.947833510092609632e-01,9.947833461369322006e-01,9.947830042190498601e-01,9.947749916225935296e-01,9.947773943400576302e-01,9.999999999999987788e-01,9.947857721876359749e-01,9.947911107706747247e-01,9.947913388527576117e-01,9.947910143160235696e-01,9.947830042190497490e-01,9.947830704341816821e-01,9.947857721876359749e-01,9.999999999999987788e-01,9.947861440827771018e-01,9.947914303970449845e-01,9.947913388527576117e-01,9.947833461369324226e-01,9.947833510092609632e-01,9.947911107706747247e-01,9.947861440827771018e-01,9.999999999999987788e-01,9.947861440827769908e-01,9.947911107706747247e-01,9.947833510092610743e-01,9.947833461369322006e-01,9.947913388527576117e-01,9.947914303970449845e-01,9.947861440827769908e-01,9.999999999999987788e-01,9.947857721876359749e-01,9.947830704341815711e-01,9.947830042190498601e-01,9.947910143160235696e-01,9.947913388527576117e-01,9.947911107706747247e-01,9.947857721876359749e-01,9.999999999999987788e-01,9.947773943400577412e-01,9.947749916225935296e-01,9.947830042190497490e-01,9.947833461369324226e-01,9.947833510092610743e-01,9.947830704341815711e-01,9.947773943400577412e-01,9.999999999999987788e-01
9.999999999999967804e-01,9.946177541477921880e-01,9.946237350354365514e-01,9.946240029386392845e-01,9.946239945293299245e-01,9.946236202693494732e-01,9.946142865599186811e-01,9.946177541477921880e-01,9.999999999999967804e-01,9.946274889142328046e-01,9.946330983947936355e-01,9.946333099039799119e-01,9.946329517078725813e-01,9.946236202693494732e-01,9.946237350354365514e-01,9.946274889142328046e-01,9.999999999999967804e-01,9.946278949451402562e-01,9.946334481338032774e-01,9.946333099039799119e-01,9.946239945293299245e-01,9.946240029386392845e-01,9.946330983947936355e-01,9.946278949451402562e-01,9.999999999999967804e-01,9.946278949451404783e-01,9.946330983947937465e-01,9.946240029386392845e-01,9.946239945293299245e-01,9.946333099039799119e-01,9.946334481338032774e-01,9.946278949451404783e-01,9.999999999999967804e-01,9.946274889142329156e-01,9.946237350354364404e-01,9.946236202693494732e-01,9.946329517078725813e-01,9.946333099039799119e-01,9.946330983947937465e-01,9.946274889142329156e-01,9.999999999999967804e-01,9.946177541477921880e-01,9.946142865599186811e-01,9.946236202693494732e-01,9.946239945293299245e-01,9.946240029386392845e-01,9.946237350354364404e-01,9.946177541477921880e-01,9.999999999999967804e-01
9.999999999999972244e-01,9.940289050002779625e-01,9.940359530054377890e-01,9.940362754291338643e-01,9.940362872297888730e-01,9.940361038040149699e-01,9.940298553150314076e-01,9.940289050002779625e-01,9.999999999999972244e-01,9.940353584235910311e-01,9.940422170013952785e-01,9.940425114917446070e-01,9.940423492054494270e-01,9.940361038040149699e-01,9.940359530054377890e-01,9.940353584235910311e-01,9.999999999999972244e-01,9.940355600268443448e-01,9.940423910462943269e-01,9.940425114917447180e-01,9.940362872297888730e-01,9.940362754291338643e-01,9.940422170013952785e-01,9.940355600268443448e-01,9.999999999999972244e-01,9.940355600268442338e-01,9.940422170013953895e-01,9.940362754291338643e-01,9.940362872297888730e-01,9.940425114917446070e-01,9.940423910462943269e-01,9.940355600268442338e-01,9.999999999999972244e-01,9.940353584235909201e-01,9.940359530054377890e-01,9.940361038040149699e-01,9.940423492054494270e-01,9.940425114917447180e-01,9.940422170013953895e-01,9.940353584235909201e-01,9.999999999999972244e-01,9.940289050002779625e-01,9.940298553150314076e-01,9.940361038040149699e-01,9.940362872297888730e-01,9.940362754291338643e-01,9.940359530054377890e-01,9.940289050002779625e-01,9.999999999999972244e-01
9.999999999999965583e-01,9.930198473864640940e-01,9.930296722425843159e-01,9.930301289392838848e-01,9.930301391064049188e-01,9.930298202908010019e-01,9.930210979125415616e-01,9.930198473864640940e-01,9.999999999999965583e-01,9.930289221954640144e-01,9.930384217249399459e-01,9.930388283646617298e-01,9.930385384786847291e-01,9.930298202908011129e-01,9.930296722425843159e-01,9.930289221954640144e-01,9.999999999999965583e-01,9.930292721636212461e-01,9.930387217176658288e-01,9.930388283646615077e-01,9.930301391064050298e-01,9.930301289392838848e-01,9.930384217249399459e-01,9.930292721636212461e-01,9.999999999999965583e-01,9.930292721636211350e-01,9.930384217249399459e-01,9.930301289392838848e-01,9.930301391064049188e-01,9.930388283646617298e-01,9.930387217176658288e-01,9.930292721636211350e-01,9.999999999999965583e-01,9.930289221954641254e-01,9.930296722425842049e-01,9.930298202908010019e-01,9.930385384786847291e-01,9.930388283646615077e-01,9.930384217249399459e-01,9.930289221954641254e-01,9.999999999999965583e-01,9.930198473864639830e-01,9.930210979125415616e-01,9.930298202908011129e-01,9.930301391064050298e-01,9.930301289392838848e-01,9.930296722425842049e-01,9.930198473864639830e-01,9.999999999999965583e-01
9.999999999999962252e-01,9.924681371825665455e-01,9.924799730386159036e-01,9.924805366255009531e-01,9.924805220165749953e-01,9.924797746845557267e-01,9.924621995976800060e-01,9.924681371825665455e-01,9.999999999999962252e-01,9.924865280865002859e-01,9.924976098248302625e-01,9.924980578467664794e-01,9.924973449685361437e-01,9.924797746845556157e-01,9.924799730386159036e-01,9.924865280865002859e-01,9.999999999999962252e-01,9.924873410347325731e-01,9.924983079720556267e-01,9.924980578467664794e-01,9.924805220165749953e-01,9.924805366255009531e-01,9.924976098248302625e-01,9.924873410347325731e-01,9.999999999999962252e-01,9.924873410347324620e-01,9.924976098248302625e-01,9.924805366255010641e-01,9.924805220165749953e-01,9.924980578467664794e-01,9.924983079720556267e-01,9.924873410347324620e-01,9.999999999999962252e-01,9.924865280865005079e-01,9.924799730386159036e-01,9.924797746845557267e-01,9.924973449685361437e-01,9.924980578467664794e-01,9.924976098248302625e-01,9.924865280865005079e-01,9.999999999999962252e-01,9.924681371825668785e-01,9.924621995976800060e-01,9.924797746845556157e-01,9.924805220165749953e-01,9.924805366255010641e-01,9.924799730386159036e-01,9.924681371825668785e-01,9.999999999999962252e-01
9.999999999999952260e-01,9.922706098400916330e-01,9.922828805831469534e-01,9.922834254846167878e-01,9.922834154729015532e-01,9.922827351712528721e-01,9.922643811805369474e-01,9.922706098400916330e-01,9.999999999999952260e-01,9.922897166776308842e-01,9.923012891366171928e-01,9.923017319834787076e-01,9.923010846418042208e-01,9.922827351712530941e-01,9.922828805831469534e-01,9.922897166776308842e-01,9.999999999999952260e-01,9.922904556122126296e-01,9.923019263312824467e-01,9.923017319834784855e-01,9.922834154729015532e-01,9.922834254846167878e-01,9.923012891366171928e-01,9.922904556122126296e-01,9.999999999999952260e-01,9.922904556122125186e-01,9.923012891366170818e-01,9.922834254846166768e-01,9.922834154729015532e-01,9.923017319834787076e-01,9.923019263312824467e-01,9.922904556122125186e-01,9.999999999999952260e-01,9.922897166776308842e-01,9.922828805831469534e-01,9.922827351712528721e-01,9.923010846418042208e-01,9.923017319834784855e-01,9.923012891366170818e-01,9.922897166776308842e-01,9.999999999999952260e-01,9.922706098400916330e-01,9.922643811805369474e-01,9.922827351712530941e-01,9.922834154729015532e-01,9.922834254846166768e-01,9.922828805831469534e-01,9.922706098400916330e-01,9.999999999999952260e-01
9.999999999999958922e-01,9.914782508010338002e-01,9.914926058152625510e-01,9.914932425894459334e-01,9.914932700222907069e-01,9.914929630696910356e-01,9.914811493697914813e-01,9.914782508010338002e-01,9.999999999999958922e-01,9.914904264530610689e-01,9.915044470844710522e-01,9.915050357960339955e-01,9.915047706806072725e-01,9.914929630696910356e-01,9.914926058152625510e-01,9.914904264530610689e-01,9.999999999999958922e-01,9.914907657798913698e-01,9.915047395046806544e-01,9.915050357960339955e-01,9.914932700222905959e-01,9.914932425894459334e-01,9.915044470844710522e-01,9.914907657798913698e-01,9.999999999999958922e-01,9.914907657798914808e-01,9.915044470844712743e-01,9.914932425894460444e-01,9.914932700222907069e-01,9.915050357960339955e-01,9.915047395046806544e-01,9.914907657798914808e-01,9.999999999999958922e-01,9.914904264530610689e-01,9.914926058152626620e-01,9.914929630696910356e-01,9.915047706806072725e-01,9.915050357960339955e-01,9.915044470844712743e-01,9.914904264530610689e-01,9.999999999999958922e-01,9.914782508010338002e-01,9.914811493697914813e-01,9.914929630696910356e-01,9.914932700222905959e-01,9.914932425894460444e-01,9.914926058152626620e-01,9.914782508010338002e-01,9.999999999999958922e-01
9.999999999999956701e-01,9.903083526681766280e-01,9.903273576121837118e-01,9.903282384333452759e-01,9.903282494260565727e-01,9.903275415769398071e-01,9.903093625661091304e-01,9.903083526681766280e-01,9.999999999999956701e-01,9.903273314046606712e-01,9.903455980913362655e-01,9.903463655677228195e-01,9.903457127547173888e-01,9.903275415769395851e-01,9.903273576121837118e-01,9.903273314046606712e-01,9.999999999999956701e-01,9.903281084386373889e-01,9.903462617457253758e-01,9.903463655677229305e-01,9.903282494260566837e-01,9.903282384333452759e-01,9.903455980913362655e-01,9.903281084386373889e-01,9.999999999999956701e-01,9.903281084386373889e-01,9.903455980913361545e-01,9.903282384333452759e-01,9.903282494260565727e-01,9.903463655677228195e-01,9.903462617457253758e-01,9.903281084386373889e-01,9.999999999999956701e-01,9.903273314046605602e-01,9.903273576121837118e-01,9.903275415769398071e-01,9.903457127547173888e-01,9.903463655677229305e-01,9.903455980913361545e-01,9.903273314046605602e-01,9.999999999999956701e-01,9.903083526681766280e-01,9.903093625661091304e-01,9.903275415769395851e-01,9.903282494260566837e-01,9.903282384333452759e-01,9.903273576121837118e-01,9.903083526681766280e-01,9.999999999999956701e-01
9.999999999999946709e-01,9.897683118282288861e-01,9.897901325488662749e-01,9.897911346513393882e-01,9.897911020271304983e-01,9.897896842928392003e-01,9.897558458098703049e-01,9.897683118282288861e-01,9.999999999999946709e-01,9.898037398138425091e-01,9.898240902111629103e-01,9.898248722909455122e-01,9.898235149153492562e-01,9.897896842928393113e-01,9.897901325488662749e-01,9.898037398138425091e-01,9.999999999999946709e-01,9.898052822954426233e-01,9.898254146360121464e-01,9.898248722909455122e-01,9.897911020271303872e-01,9.897911346513393882e-01,9.898240902111629103e-01,9.898052822954426233e-01,9.999999999999946709e-01,9.898052822954427343e-01,9.898240902111630213e-01,9.897911346513392772e-01,9.897911020271304983e-01,9.898248722909455122e-01,9.898254146360121464e-01,9.898052822954427343e-01,9.999999999999946709e-01,9.898037398138426202e-01,9.897901325488663860e-01,9.897896842928392003e-01,9.898235149153492562e-01,9.898248722909455122e-01,9.898240902111630213e-01,9.898037398138426202e-01,9.999999999999946709e-01,9.897683118282289971e-01,9.897558458098703049e-01,9.897896842928393113e-01,9.897911020271303872e-01,9.897911346513392772e-01,9.897901325488663860e-01,9.897683118282289971e-01,9.999999999999946709e-01
9.999999999999933387e-01,9.895082193968817164e-01,9.895305970471058865e-01,9.895315778084222691e-01,9.895315764490928423e-01,9.895305387196893232e-01,9.894988110086848643e-01,9.895082193968817164e-01,9.999999999999933387e-01,9.895411489801215765e-01,9.895624094993427100e-01,9.895632359739240380e-01,9.895622585038567065e-01,9.895305387196893232e-01,9.895305970471058865e-01,9.895411489801215765e-01,9.999999999999933387e-01,9.895422778233804451e-01,9.895633852828075172e-01,9.895632359739242601e-01,9.895315764490930643e-01,9.895315778084222691e-01,9.895624094993427100e-01,9.895422778233804451e-01,9.999999999999933387e-01,9.895422778233804451e-01,9.895624094993428210e-01,9.895315778084223801e-01,9.895315764490928423e-01,9.895632359739240380e-01,9.895633852828075172e-01,9.895422778233804451e-01,9.999999999999933387e-01,9.895411489801215765e-01,9.895305970471057755e-01,9.895305387196893232e-01,9.895622585038567065e-01,9.895632359739242601e-01,9.895624094993428210e-01,9.895411489801215765e-01,9.999999999999933387e-01,9.895082193968819384e-01,9.894988110086848643e-01,9.895305387196893232e-01,9.895315764490930643e-01,9.895315778084223801e-01,9.895305970471057755e-01,9.895082193968819384e-01,9.999999999999933387e-01
9.999999999999921174e-01,9.884809406432463197e-01,9.885072052143890620e-01,9.885083348066946440e-01,9.885083868012234376e-01,9.885079103394682765e-01,9.884875905515687622e-01,9.884809406432463197e-01,9.999999999999921174e-01,9.885018583357102484e-01,9.885275719226529478e-01,9.885286220150398817e-01,9.885282194640812037e-01,9.885079103394680544e-01,9.885072052143890620e-01,9.885018583357102484e-01,9.999999999999921174e-01,9.885023892849581495e-01,9.885280261452188411e-01,9.885286220150399927e-01,9.885083868012234376e-01,9.885083348066946440e-01,9.885275719226529478e-01,9.885023892849581495e-01,9.999999999999921174e-01,9.885023892849581495e-01,9.885275719226529478e-01,9.885083348066947551e-01,9.885083868012234376e-01,9.885286220150398817e-01,9.885280261452188411e-01,9.885023892849581495e-01,9.999999999999921174e-01,9.885018583357103594e-01,9.885072052143891730e-01,9.885079103394682765e-01,9.885282194640812037e-01,9.885286220150399927e-01,9.885275719226529478e-01,9.885018583357103594e-01,9.999999999999921174e-01,9.884809406432464307e-01,9.884875905515687622e-01,9.885079103394680544e-01,9.885083868012234376e-01,9.885083348066947551e-01,9.885072052143891730e-01,9.884809406432464307e-01,9.999999999999921174e-01
9.999999999999916733e-01,9.871879563478744846e-01,9.872214310570844864e-01,9.872229639524517930e-01,9.872229634984217572e-01,9.872215145788916235e-01,9.871868234727312341e-01,9.871879563478744846e-01,9.999999999999916733e-01,9.872243210550254444e-01,9.872562509877853554e-01,9.872575474494136305e-01,9.872561927963152684e-01,9.872215145788914015e-01,9.872214310570844864e-01,9.872243210550254444e-01,9.999999999999916733e-01,9.872259118552300095e-01,9.872576048581057639e-01,9.872575474494137415e-01,9.872229634984217572e-01,9.872229639524517930e-01,9.872562509877853554e-01,9.872259118552300095e-01,9.999999999999916733e-01,9.872259118552301205e-01,9.872562509877853554e-01,9.872229639524516820e-01,9.872229634984217572e-01,9.872575474494136305e-01,9.872576048581057639e-01,9.872259118552301205e-01,9.999999999999916733e-01,9.872243210550254444e-01,9.872214310570845974e-01,9.872215145788916235e-01,9.872561927963152684e-01,9.872575474494137415e-01,9.872562509877853554e-01,9.872243210550254444e-01,9.999999999999916733e-01,9.871879563478747066e-01,9.871868234727312341e-01,9.872215145788914015e-01,9.872229634984217572e-01,9.872229639524516820e-01,9.872214310570845974e-01,9.871879563478747066e-01,9.999999999999916733e-01
9.999999999999914513e-01,9.866942590158678250e-01,9.867311089236254773e-01,9.867327361052976586e-01,9.867326792906112587e-01,9.867302950701803965e-01,9.866712764812984870e-01,9.866942590158678250e-01,9.999999999999914513e-01,9.867560443039272711e-01,9.867903309914692889e-01,9.867915900619398384e-01,9.867893026367882126e-01,9.867302950701805075e-01,9.867311089236254773e-01,9.867560443039272711e-01,9.999999999999914513e-01,9.867586382506786657e-01,9.867925608434491291e-01,9.867915900619397274e-01,9.867326792906113697e-01,9.867327361052976586e-01,9.867903309914692889e-01,9.867586382506786657e-01,9.999999999999914513e-01,9.867586382506785547e-01,9.867903309914692889e-01,9.867327361052976586e-01,9.867326792906112587e-01,9.867915900619398384e-01,9.867925608434491291e-01,9.867586382506785547e-01,9.999999999999914513e-01,9.867560443039272711e-01,9.867311089236254773e-01,9.867302950701803965e-01,9.867893026367882126e-01,9.867915900619397274e-01,9.867903309914692889e-01,9.867560443039272711e-01,9.999999999999914513e-01,9.866942590158678250e-01,9.866712764812984870e-01,9.867302950701805075e-01,9.867326792906113697e-01,9.867327361052976586e-01,9.867311089236254773e-01,9.866942590158678250e-01,9.999999999999914513e-01
