1.000000000000000000e+00,1.000000000000000000e+00,1.000000000000000000e+00,1.000000000000000000e+00,1.000000000000000000e+00,1.000000000000000000e+00,1.000000000000000000e+00,1.000000000000000000e+00,1.000000000000000000e+00,1.000000000000000000e+00,1.000000000000000000e+00,1.000000000000000000e+00,1.000000000000000000e+00,1.000000000000000000e+00,1.000000000000000000e+00,1.000000000000000000e+00,1.000000000000000000e+00,1.000000000000000000e+00,1.000000000000000000e+00,1.000000000000000000e+00,1.000000000000000000e+00,1.000000000000000000e+00,1.000000000000000000e+00,1.000000000000000000e+00,1.000000000000000000e+00,1.000000000000000000e+00,1.000000000000000000e+00,1.000000000000000000e+00,1.000000000000000000e+00,1.000000000000000000e+00,1.000000000000000000e+00,1.000000000000000000e+00,1.000000000000000000e+00,1.000000000000000000e+00,1.000000000000000000e+00,1.000000000000000000e+00,1.000000000000000000e+00,1.000000000000000000e+00,1.000000000000000000e+00,1.000000000000000000e+00,1.000000000000000000e+00,1.000000000000000000e+00,1.000000000000000000e+00,1.000000000000000000e+00,1.000000000000000000e+00,1.000000000000000000e+00,1.000000000000000000e+00,1.000000000000000000e+00,1.000000000000000000e+00
9.999999999999998890e-01,9.999927037548177466e-01,9.999927037665804486e-01,9.999927037668119301e-01,9.999927037668269181e-01,9.999927037667875052e-01,9.999927037645556238e-01,9.999927037548177466e-01,9.999999999999998890e-01,9.999927037570928157e-01,9.999927037688162157e-01,9.999927037690417020e-01,9.999927037690173881e-01,9.999927037667875052e-01,9.999927037665804486e-01,9.999927037570928157e-01,9.999999999999998890e-01,9.999927037571377797e-01,9.999927037688552955e-01,9.999927037690413689e-01,9.999927037668270291e-01,9.999927037668119301e-01,9.999927037688162157e-01,9.999927037571377797e-01,9.999999999999998890e-01,9.999927037571380017e-01,9.999927037688161047e-01,9.999927037668120411e-01,9.999927037668269181e-01,9.999927037690417020e-01,9.999927037688552955e-01,9.999927037571380017e-01,9.999999999999998890e-01,9.999927037570927046e-01,9.999927037665804486e-01,9.999927037667875052e-01,9.999927037690173881e-01,9.999927037690413689e-01,9.999927037688161047e-01,9.999927037570927046e-01,9.999999999999998890e-01,9.999927037548177466e-01,9.999927037645556238e-01,9.999927037667875052e-01,9.999927037668270291e-01,9.999927037668120411e-01,9.999927037665804486e-01,9.999927037548177466e-01,9.999999999999998890e-01
9.999999999999984457e-01,9.999286894202009668e-01,9.999286905675368597e-01,9.999286906120591345e-01,9.999286906147974996e-01,9.999286906047288870e-01,9.999286902747746009e-01,9.999286894202009668e-01,9.999999999999984457e-01,9.999286897609304114e-01,9.999286908984009736e-01,9.999286909413698243e-01,9.999286909342537388e-01,9.999286906047288870e-01,9.999286905675368597e-01,9.999286897609304114e-01,9.999999999999984457e-01,9.999286897723383971e-01,9.999286909082553132e-01,9.999286909413699354e-01,9.999286906147977216e-01,9.999286906120591345e-01,9.999286908984009736e-01,9.999286897723383971e-01,9.999999999999984457e-01,9.999286897723381751e-01,9.999286908984008626e-01,9.999286906120591345e-01,9.999286906147974996e-01,9.999286909413698243e-01,9.999286909082553132e-01,9.999286897723381751e-01,9.999999999999984457e-01,9.999286897609301894e-01,9.999286905675366377e-01,9.999286906047288870e-01,9.999286909342537388e-01,9.999286909413699354e-01,9.999286908984008626e-01,9.999286897609301894e-01,9.999999999999984457e-01,9.999286894202009668e-01,9.999286902747746009e-01,9.999286906047288870e-01,9.999286906147977216e-01,9.999286906120591345e-01,9.999286905675366377e-01,9.999286894202009668e-01,9.999999999999984457e-01
1.000000000000000222e+00,9.998273116931538640e-01,9.998273183457517810e-01,9.998273187481007129e-01,9.998273187663846429e-01,9.998273185855341971e-01,9.998273144024796277e-01,9.998273116931538640e-01,1.000000000000000222e+00,9.998273160637783930e-01,9.998273225438436551e-01,9.998273229185736799e-01,9.998273227646602423e-01,9.998273185855343081e-01,9.998273183457517810e-01,9.998273160637783930e-01,1.000000000000000222e+00,9.998273162635920031e-01,9.998273227160401344e-01,9.998273229185737909e-01,9.998273187663846429e-01,9.998273187481007129e-01,9.998273225438436551e-01,9.998273162635920031e-01,1.000000000000000222e+00,9.998273162635921141e-01,9.998273225438437661e-01,9.998273187481007129e-01,9.998273187663846429e-01,9.998273229185736799e-01,9.998273227160401344e-01,9.998273162635921141e-01,1.000000000000000222e+00,9.998273160637782819e-01,9.998273183457517810e-01,9.998273185855341971e-01,9.998273227646602423e-01,9.998273229185737909e-01,9.998273225438437661e-01,9.998273160637782819e-01,1.000000000000000222e+00,9.998273116931538640e-01,9.998273144024796277e-01,9.998273185855343081e-01,9.998273187663846429e-01,9.998273187481007129e-01,9.998273183457517810e-01,9.998273116931538640e-01,1.000000000000000222e+00
9.999999999999988898e-01,9.997831545743476322e-01,9.997831647524287879e-01,9.997831651872650660e-01,9.997831651671439390e-01,9.997831644802311901e-01,9.997831498128213479e-01,9.997831545743476322e-01,9.999999999999988898e-01,9.997831699365256064e-01,9.997831794729173938e-01,9.997831798040969220e-01,9.997831791437622462e-01,9.997831644802311901e-01,9.997831647524287879e-01,9.997831699365256064e-01,9.999999999999988898e-01,9.997831706803880225e-01,9.997831801131280560e-01,9.997831798040969220e-01,9.997831651671439390e-01,9.997831651872650660e-01,9.997831794729173938e-01,9.997831706803880225e-01,9.999999999999988898e-01,9.997831706803879115e-01,9.997831794729172827e-01,9.997831651872651770e-01,9.997831651671439390e-01,9.997831798040969220e-01,9.997831801131280560e-01,9.997831706803879115e-01,9.999999999999988898e-01,9.997831699365254954e-01,9.997831647524287879e-01,9.997831644802311901e-01,9.997831791437622462e-01,9.997831798040969220e-01,9.997831794729172827e-01,9.997831699365254954e-01,9.999999999999988898e-01,9.997831545743476322e-01,9.997831498128213479e-01,9.997831644802311901e-01,9.997831651671439390e-01,9.997831651872651770e-01,9.997831647524287879e-01,9.997831545743476322e-01,9.999999999999988898e-01
9.999999999999975575e-01,9.997073475968157874e-01,9.997073632914956764e-01,9.997073640941341877e-01,9.997073640902127689e-01,9.997073632440134361e-01,9.997073418155173474e-01,9.997073475968157874e-01,9.999999999999975575e-01,9.997073698861372870e-01,9.997073847856029483e-01,9.997073854616335131e-01,9.997073846652639872e-01,9.997073632440133251e-01,9.997073632914956764e-01,9.997073698861372870e-01,9.999999999999975575e-01,9.997073708052017782e-01,9.997073855780470586e-01,9.997073854616337352e-01,9.997073640902127689e-01,9.997073640941341877e-01,9.997073847856029483e-01,9.997073708052017782e-01,9.999999999999975575e-01,9.997073708052017782e-01,9.997073847856030593e-01,9.997073640941341877e-01,9.997073640902127689e-01,9.997073854616335131e-01,9.997073855780470586e-01,9.997073708052017782e-01,9.999999999999975575e-01,9.997073698861372870e-01,9.997073632914956764e-01,9.997073632440134361e-01,9.997073846652639872e-01,9.997073854616337352e-01,9.997073847856030593e-01,9.997073698861372870e-01,9.999999999999975575e-01,9.997073475968158984e-01,9.997073418155173474e-01,9.997073632440133251e-01,9.997073640902127689e-01,9.997073640941341877e-01,9.997073632914956764e-01,9.997073475968158984e-01,9.999999999999975575e-01
9.999999999999982236e-01,9.994629213718451144e-01,9.994629778554054989e-01,9.994629804627773728e-01,9.994629805681815027e-01,9.994629792374297717e-01,9.994629390241689393e-01,9.994629213718451144e-01,9.999999999999982236e-01,9.994629629656144321e-01,9.994630181768449084e-01,9.994630205840188131e-01,9.994630194255568201e-01,9.994629792374299937e-01,9.994629778554054989e-01,9.994629629656144321e-01,9.999999999999982236e-01,9.994629644294794613e-01,9.994630194406850521e-01,9.994630205840187021e-01,9.994629805681816137e-01,9.994629804627773728e-01,9.994630181768449084e-01,9.994629644294794613e-01,9.999999999999982236e-01,9.994629644294794613e-01,9.994630181768446864e-01,9.994629804627772618e-01,9.994629805681815027e-01,9.994630205840188131e-01,9.994630194406850521e-01,9.994629644294794613e-01,9.999999999999982236e-01,9.994629629656143210e-01,9.994629778554053878e-01,9.994629792374297717e-01,9.994630194255568201e-01,9.994630205840187021e-01,9.994630181768446864e-01,9.994629629656143210e-01,9.999999999999982236e-01,9.994629213718451144e-01,9.994629390241689393e-01,9.994629792374299937e-01,9.994629805681816137e-01,9.994629804627772618e-01,9.994629778554053878e-01,9.994629213718451144e-01,9.999999999999982236e-01
9.999999999999988898e-01,9.992154653418008348e-01,9.992155946403658007e-01,9.992156017761850695e-01,9.992156018866966694e-01,9.992155961052225921e-01,9.992154585753997287e-01,9.992154653418008348e-01,9.999999999999988898e-01,9.992156088101148415e-01,9.992157326293192865e-01,9.992157388914698624e-01,9.992157335682356756e-01,9.992155961052225921e-01,9.992155946403658007e-01,9.992156088101148415e-01,9.999999999999988898e-01,9.992156151168873901e-01,9.992157380629587138e-01,9.992157388914699734e-01,9.992156018866966694e-01,9.992156017761850695e-01,9.992157326293192865e-01,9.992156151168873901e-01,9.999999999999988898e-01,9.992156151168875011e-01,9.992157326293192865e-01,9.992156017761850695e-01,9.992156018866966694e-01,9.992157388914698624e-01,9.992157380629587138e-01,9.992156151168875011e-01,9.999999999999988898e-01,9.992156088101148415e-01,9.992155946403658007e-01,9.992155961052225921e-01,9.992157335682356756e-01,9.992157388914699734e-01,9.992157326293192865e-01,9.992156088101148415e-01,9.999999999999988898e-01,9.992154653418008348e-01,9.992154585753997287e-01,9.992155961052225921e-01,9.992156018866966694e-01,9.992156017761850695e-01,9.992155946403658007e-01,9.992154653418008348e-01,9.999999999999988898e-01
9.999999999999987788e-01,9.991334780777051394e-01,9.991336401451150762e-01,9.991336471397331831e-01,9.991336467890326034e-01,9.991336353970700079e-01,9.991333785670942769e-01,9.991334780777051394e-01,9.999999999999987788e-01,9.991337465035453613e-01,9.991338978552465333e-01,9.991339031345650712e-01,9.991338921653634131e-01,9.991336353970701190e-01,9.991336401451150762e-01,9.991337465035453613e-01,9.999999999999987788e-01,9.991337588363096156e-01,9.991339084735336717e-01,9.991339031345650712e-01,9.991336467890327144e-01,9.991336471397331831e-01,9.991338978552465333e-01,9.991337588363096156e-01,9.999999999999987788e-01,9.991337588363092825e-01,9.991338978552465333e-01,9.991336471397331831e-01,9.991336467890326034e-01,9.991339031345650712e-01,9.991339084735336717e-01,9.991337588363092825e-01,9.999999999999987788e-01,9.991337465035453613e-01,9.991336401451150762e-01,9.991336353970700079e-01,9.991338921653634131e-01,9.991339031345650712e-01,9.991338978552465333e-01,9.991337465035453613e-01,9.999999999999987788e-01,9.991334780777052504e-01,9.991333785670942769e-01,9.991336353970701190e-01,9.991336467890327144e-01,9.991336471397331831e-01,9.991336401451150762e-01,9.991334780777052504e-01,9.999999999999987788e-01
9.999999999999977796e-01,9.989687471572127331e-01,9.989689584315508686e-01,9.989689685893136106e-01,9.989689686779524846e-01,9.989689596086714918e-01,9.989687176497801246e-01,9.989687471572127331e-01,9.999999999999977796e-01,9.989689984541844092e-01,9.989692011022052176e-01,9.989692099003539827e-01,9.989692014739273151e-01,9.989689596086714918e-01,9.989689584315508686e-01,9.989689984541844092e-01,9.999999999999977796e-01,9.989690083284734623e-01,9.989692096170699198e-01,9.989692099003542047e-01,9.989689686779525957e-01,9.989689685893136106e-01,9.989692011022052176e-01,9.989690083284734623e-01,9.999999999999977796e-01,9.989690083284733513e-01,9.989692011022051066e-01,9.989689685893134996e-01,9.989689686779524846e-01,9.989692099003539827e-01,9.989692096170699198e-01,9.989690083284733513e-01,9.999999999999977796e-01,9.989689984541844092e-01,9.989689584315507576e-01,9.989689596086714918e-01,9.989692014739273151e-01,9.989692099003542047e-01,9.989692011022051066e-01,9.989689984541844092e-01,9.999999999999977796e-01,9.989687471572127331e-01,9.989687176497801246e-01,9.989689596086714918e-01,9.989689686779525957e-01,9.989689685893134996e-01,9.989689584315507576e-01,9.989687471572127331e-01,9.999999999999977796e-01
9.999999999999974465e-01,9.985334523068756241e-01,9.985338771620920761e-01,9.985338969689154798e-01,9.985338977158436657e-01,9.985338870098942055e-01,9.985335656486749034e-01,9.985334523068756241e-01,9.999999999999974465e-01,9.985337848899306090e-01,9.985341993978046338e-01,9.985342175862546021e-01,9.985342081811050541e-01,9.985338870098942055e-01,9.985338771620920761e-01,9.985337848899306090e-01,9.999999999999974465e-01,9.985337966568856860e-01,9.985342095493029424e-01,9.985342175862547132e-01,9.985338977158434437e-01,9.985338969689154798e-01,9.985341993978046338e-01,9.985337966568856860e-01,9.999999999999974465e-01,9.985337966568857970e-01,9.985341993978046338e-01,9.985338969689154798e-01,9.985338977158436657e-01,9.985342175862546021e-01,9.985342095493029424e-01,9.985337966568857970e-01,9.999999999999974465e-01,9.985337848899306090e-01,9.985338771620922982e-01,9.985338870098942055e-01,9.985342081811050541e-01,9.985342175862547132e-01,9.985341993978046338e-01,9.985337848899306090e-01,9.999999999999974465e-01,9.985334523068756241e-01,9.985335656486749034e-01,9.985338870098942055e-01,9.985338977158434437e-01,9.985338969689154798e-01,9.985338771620922982e-01,9.985334523068756241e-01,9.999999999999974465e-01
9.999999999999965583e-01,9.981635815628625563e-01,9.981642755615031115e-01,9.981643127366676138e-01,9.981643128176040936e-01,9.981642765861834521e-01,9.981634220552633163e-01,9.981635815628625563e-01,9.999999999999965583e-01,9.981644735864074747e-01,9.981651329669618544e-01,9.981651646533519218e-01,9.981651307740322387e-01,9.981642765861834521e-01,9.981642755615031115e-01,9.981644735864074747e-01,9.999999999999965583e-01,9.981645130261763699e-01,9.981651669257617376e-01,9.981651646533519218e-01,9.981643128176040936e-01,9.981643127366676138e-01,9.981651329669618544e-01,9.981645130261763699e-01,9.999999999999965583e-01,9.981645130261763699e-01,9.981651329669616324e-01,9.981643127366675028e-01,9.981643128176040936e-01,9.981651646533519218e-01,9.981651669257617376e-01,9.981645130261763699e-01,9.999999999999965583e-01,9.981644735864075857e-01,9.981642755615031115e-01,9.981642765861834521e-01,9.981651307740322387e-01,9.981651646533519218e-01,9.981651329669616324e-01,9.981644735864075857e-01,9.999999999999965583e-01,9.981635815628625563e-01,9.981634220552633163e-01,9.981642765861834521e-01,9.981643128176040936e-01,9.981643127366675028e-01,9.981642755615031115e-01,9.981635815628625563e-01,9.999999999999965583e-01
9.999999999999952260e-01,9.980534371846986330e-01,9.980542350620111858e-01,9.980542704036268198e-01,9.980542687417012226e-01,9.980542126568183736e-01,9.980529209409018110e-01,9.980534371846986330e-01,9.999999999999952260e-01,9.980547866248480338e-01,9.980555311382500738e-01,9.980555580264730553e-01,9.980555040640506359e-01,9.980542126568182626e-01,9.980542350620111858e-01,9.980547866248480338e-01,9.999999999999952260e-01,9.980548473668815479e-01,9.980555834363222800e-01,9.980555580264729443e-01,9.980542687417011116e-01,9.980542704036268198e-01,9.980555311382500738e-01,9.980548473668815479e-01,9.999999999999952260e-01,9.980548473668815479e-01,9.980555311382500738e-01,9.980542704036267088e-01,9.980542687417012226e-01,9.980555580264730553e-01,9.980555834363222800e-01,9.980548473668815479e-01,9.999999999999952260e-01,9.980547866248479227e-01,9.980542350620112968e-01,9.980542126568183736e-01,9.980555040640506359e-01,9.980555580264729443e-01,9.980555311382500738e-01,9.980547866248479227e-01,9.999999999999952260e-01,9.980534371846987440e-01,9.980529209409018110e-01,9.980542126568182626e-01,9.980542687417011116e-01,9.980542704036267088e-01,9.980542350620112968e-01,9.980534371846987440e-01,9.999999999999952260e-01
9.999999999999960032e-01,9.977758719453954095e-01,9.977768636533260738e-01,9.977769105798840465e-01,9.977769114784044158e-01,9.977768751988673746e-01,9.977758469092538052e-01,9.977758719453954095e-01,9.999999999999960032e-01,9.977769382622760919e-01,9.977778948341291532e-01,9.977779363113439270e-01,9.977779030482758493e-01,9.977768751988674856e-01,9.977768636533260738e-01,9.977769382622760919e-01,9.999999999999960032e-01,9.977769778612182172e-01,9.977779289936768992e-01,9.977779363113439270e-01,9.977769114784044158e-01,9.977769105798840465e-01,9.977778948341291532e-01,9.977769778612182172e-01,9.999999999999960032e-01,9.977769778612183282e-01,9.977778948341290421e-01,9.977769105798840465e-01,9.977769114784044158e-01,9.977779363113439270e-01,9.977779289936768992e-01,9.977769778612183282e-01,9.999999999999960032e-01,9.977769382622759808e-01,9.977768636533260738e-01,9.977768751988673746e-01,9.977779030482758493e-01,9.977779363113439270e-01,9.977778948341290421e-01,9.977769382622759808e-01,9.999999999999960032e-01,9.977758719453952985e-01,9.977758469092538052e-01,9.977768751988674856e-01,9.977769114784044158e-01,9.977769105798840465e-01,9.977768636533260738e-01,9.977758719453952985e-01,9.999999999999960032e-01
9.999999999999966693e-01,9.971446003741272213e-01,9.971462362796569279e-01,9.971463120045693795e-01,9.971463146036907421e-01,9.971462711644639709e-01,9.971449836368637687e-01,9.971446003741272213e-01,9.999999999999966693e-01,9.971459341583471803e-01,9.971475273897815184e-01,9.971475964919368495e-01,9.971475579730563199e-01,9.971462711644639709e-01,9.971462362796569279e-01,9.971459341583471803e-01,9.999999999999966693e-01,9.971459818792252072e-01,9.971475685033980296e-01,9.971475964919371826e-01,9.971463146036909642e-01,9.971463120045693795e-01,9.971475273897815184e-01,9.971459818792252072e-01,9.999999999999966693e-01,9.971459818792249852e-01,9.971475273897815184e-01,9.971463120045693795e-01,9.971463146036907421e-01,9.971475964919368495e-01,9.971475685033980296e-01,9.971459818792249852e-01,9.999999999999966693e-01,9.971459341583472913e-01,9.971462362796569279e-01,9.971462711644639709e-01,9.971475579730563199e-01,9.971475964919371826e-01,9.971475273897815184e-01,9.971459341583472913e-01,9.999999999999966693e-01,9.971446003741272213e-01,9.971449836368637687e-01,9.971462711644639709e-01,9.971463146036909642e-01,9.971463120045693795e-01,9.971462362796569279e-01,9.971446003741272213e-01,9.999999999999966693e-01
9.999999999999995559e-01,9.966804545571503748e-01,9.966827303800851467e-01,9.966828476048751329e-01,9.966828466633469441e-01,9.966827174582679749e-01,9.966796848807502052e-01,9.966804545571503748e-01,9.999999999999995559e-01,9.966836226826442102e-01,9.966857732939305992e-01,9.966858708316634896e-01,9.966857489677742876e-01,9.966827174582681970e-01,9.966827303800851467e-01,9.966836226826442102e-01,9.999999999999995559e-01,9.966837632328655605e-01,9.966858942071452621e-01,9.966858708316634896e-01,9.966828466633471661e-01,9.966828476048751329e-01,9.966857732939305992e-01,9.966837632328655605e-01,9.999999999999995559e-01,9.966837632328654495e-01,9.966857732939305992e-01,9.966828476048750218e-01,9.966828466633469441e-01,9.966858708316634896e-01,9.966858942071452621e-01,9.966837632328654495e-01,9.999999999999995559e-01,9.966836226826442102e-01,9.966827303800850357e-01,9.966827174582679749e-01,9.966857489677742876e-01,9.966858708316634896e-01,9.966857732939305992e-01,9.966836226826442102e-01,9.999999999999995559e-01,9.966804545571502638e-01,9.966796848807502052e-01,9.966827174582681970e-01,9.966828466633471661e-01,9.966828476048750218e-01,9.966827303800850357e-01,9.966804545571502638e-01,9.999999999999995559e-01
1.000000000000000222e+00,9.965467461815897821e-01,9.965492208644263217e-01,9.965493318849942828e-01,9.965493273563840182e-01,9.965491598545812568e-01,9.965451838299249632e-01,9.965467461815897821e-01,1.000000000000000222e+00,9.965508974993805280e-01,9.965532100239885560e-01,9.965532957788925117e-01,9.965531349219379775e-01,9.965491598545810348e-01,9.965492208644263217e-01,9.965508974993805280e-01,1.000000000000000222e+00,9.965510790410420094e-01,9.965533663391823449e-01,9.965532957788924007e-01,9.965493273563839072e-01,9.965493318849942828e-01,9.965532100239885560e-01,9.965510790410420094e-01,1.000000000000000222e+00,9.965510790410418984e-01,9.965532100239885560e-01,9.965493318849941717e-01,9.965493273563840182e-01,9.965532957788925117e-01,9.965533663391823449e-01,9.965510790410418984e-01,1.000000000000000222e+00,9.965508974993806390e-01,9.965492208644265437e-01,9.965491598545812568e-01,9.965531349219379775e-01,9.965532957788924007e-01,9.965532100239885560e-01,9.965508974993806390e-01,1.000000000000000222e+00,9.965467461815901151e-01,9.965451838299249632e-01,9.965491598545810348e-01,9.965493273563839072e-01,9.965493318849941717e-01,9.965492208644265437e-01,9.965467461815901151e-01,1.000000000000000222e+00
9.999999999999996669e-01,9.961288718810589193e-01,9.961318512395814784e-01,9.961319905583732037e-01,9.961319945081498206e-01,9.961319015150571499e-01,9.961290479717594959e-01,9.961288718810589193e-01,9.999999999999996669e-01,9.961318254196147581e-01,9.961347123627676270e-01,9.961348376625420720e-01,9.961347537338886005e-01,9.961319015150570388e-01,9.961318512395814784e-01,9.961318254196147581e-01,9.999999999999996669e-01,9.961319272208549735e-01,9.961348002302053972e-01,9.961348376625419609e-01,9.961319945081494875e-01,9.961319905583732037e-01,9.961347123627676270e-01,9.961319272208549735e-01,9.999999999999996669e-01,9.961319272208549735e-01,9.961347123627674049e-01,9.961319905583730927e-01,9.961319945081498206e-01,9.961348376625420720e-01,9.961348002302053972e-01,9.961319272208549735e-01,9.999999999999996669e-01,9.961318254196147581e-01,9.961318512395815894e-01,9.961319015150571499e-01,9.961347537338886005e-01,9.961348376625419609e-01,9.961347123627674049e-01,9.961318254196147581e-01,9.999999999999996669e-01,9.961288718810589193e-01,9.961290479717594959e-01,9.961319015150570388e-01,9.961319945081494875e-01,9.961319905583730927e-01,9.961318512395815894e-01,9.961288718810589193e-01,9.999999999999996669e-01
9.999999999999993339e-01,9.953033309669090389e-01,9.953077784583568288e-01,9.953079844959193956e-01,9.953079905464780053e-01,9.953078620601846227e-01,9.953041689736472630e-01,9.953033309669090389e-01,9.999999999999993339e-01,9.953071633339588553e-01,9.953114822823723173e-01,9.953116684822176374e-01,9.953115532181883163e-01,9.953078620601847337e-01,9.953077784583568288e-01,9.953071633339588553e-01,9.999999999999993339e-01,9.953073044178375461e-01,9.953116035777076487e-01,9.953116684822174154e-01,9.953079905464777832e-01,9.953079844959193956e-01,9.953114822823723173e-01,9.953073044178375461e-01,9.999999999999993339e-01,9.953073044178374351e-01,9.953114822823720953e-01,9.953079844959193956e-01,9.953079905464780053e-01,9.953116684822176374e-01,9.953116035777076487e-01,9.953073044178374351e-01,9.999999999999993339e-01,9.953071633339589663e-01,9.953077784583571619e-01,9.953078620601846227e-01,9.953115532181883163e-01,9.953116684822174154e-01,9.953114822823720953e-01,9.953071633339589663e-01,9.999999999999993339e-01,9.953033309669089279e-01,9.953041689736472630e-01,9.953078620601847337e-01,9.953079905464777832e-01,9.953079844959193956e-01,9.953077784583571619e-01,9.953033309669089279e-01,9.999999999999993339e-01
9.999999999999985567e-01,9.947773943400574082e-01,9.947830704341814601e-01,9.947833510092607412e-01,9.947833461369319785e-01,9.947830042190496380e-01,9.947749916225933076e-01,9.947773943400574082e-01,9.999999999999985567e-01,9.947857721876357529e-01,9.947911107706745026e-01,9.947913388527573897e-01,9.947910143160233476e-01,9.947830042190495270e-01,9.947830704341814601e-01,9.947857721876357529e-01,9.999999999999985567e-01,9.947861440827768797e-01,9.947914303970447625e-01,9.947913388527573897e-01,9.947833461369322006e-01,9.947833510092607412e-01,9.947911107706745026e-01,9.947861440827768797e-01,9.999999999999985567e-01,9.947861440827767687e-01,9.947911107706745026e-01,9.947833510092608522e-01,9.947833461369319785e-01,9.947913388527573897e-01,9.947914303970447625e-01,9.947861440827767687e-01,9.999999999999985567e-01,9.947857721876357529e-01,9.947830704341813490e-01,9.947830042190496380e-01,9.947910143160233476e-01,9.947913388527573897e-01,9.947911107706745026e-01,9.947857721876357529e-01,9.999999999999985567e-01,9.947773943400575192e-01,9.947749916225933076e-01,9.947830042190495270e-01,9.947833461369322006e-01,9.947833510092608522e-01,9.947830704341813490e-01,9.947773943400575192e-01,9.999999999999985567e-01
9.999999999999968914e-01,9.946177541477922990e-01,9.946237350354366624e-01,9.946240029386393955e-01,9.946239945293300355e-01,9.946236202693495843e-01,9.946142865599187921e-01,9.946177541477922990e-01,9.999999999999968914e-01,9.946274889142329156e-01,9.946330983947937465e-01,9.946333099039800230e-01,9.946329517078726923e-01,9.946236202693495843e-01,9.946237350354366624e-01,9.946274889142329156e-01,9.999999999999968914e-01,9.946278949451403673e-01,9.946334481338033884e-01,9.946333099039800230e-01,9.946239945293300355e-01,9.946240029386393955e-01,9.946330983947937465e-01,9.946278949451403673e-01,9.999999999999968914e-01,9.946278949451405893e-01,9.946330983947938575e-01,9.946240029386393955e-01,9.946239945293300355e-01,9.946333099039800230e-01,9.946334481338033884e-01,9.946278949451405893e-01,9.999999999999968914e-01,9.946274889142331377e-01,9.946237350354365514e-01,9.946236202693495843e-01,9.946329517078726923e-01,9.946333099039800230e-01,9.946330983947938575e-01,9.946274889142331377e-01,9.999999999999968914e-01,9.946177541477922990e-01,9.946142865599187921e-01,9.946236202693495843e-01,9.946239945293300355e-01,9.946240029386393955e-01,9.946237350354365514e-01,9.946177541477922990e-01,9.999999999999968914e-01
9.999999999999970024e-01,9.940289050002777405e-01,9.940359530054375670e-01,9.940362754291336422e-01,9.940362872297886510e-01,9.940361038040147479e-01,9.940298553150311855e-01,9.940289050002777405e-01,9.999999999999970024e-01,9.940353584235908091e-01,9.940422170013950565e-01,9.940425114917443850e-01,9.940423492054492050e-01,9.940361038040147479e-01,9.940359530054375670e-01,9.940353584235908091e-01,9.999999999999970024e-01,9.940355600268441227e-01,9.940423910462941048e-01,9.940425114917444960e-01,9.940362872297886510e-01,9.940362754291336422e-01,9.940422170013950565e-01,9.940355600268441227e-01,9.999999999999970024e-01,9.940355600268440117e-01,9.940422170013951675e-01,9.940362754291336422e-01,9.940362872297886510e-01,9.940425114917443850e-01,9.940423910462941048e-01,9.940355600268440117e-01,9.999999999999970024e-01,9.940353584235906981e-01,9.940359530054375670e-01,9.940361038040147479e-01,9.940423492054492050e-01,9.940425114917444960e-01,9.940422170013951675e-01,9.940353584235906981e-01,9.999999999999970024e-01,9.940289050002777405e-01,9.940298553150311855e-01,9.940361038040147479e-01,9.940362872297886510e-01,9.940362754291336422e-01,9.940359530054375670e-01,9.940289050002777405e-01,9.999999999999970024e-01
9.999999999999956701e-01,9.930198473864633169e-01,9.930296722425835387e-01,9.930301289392831077e-01,9.930301391064041416e-01,9.930298202908002247e-01,9.930210979125408954e-01,9.930198473864633169e-01,9.999999999999956701e-01,9.930289221954632373e-01,9.930384217249391687e-01,9.930388283646609526e-01,9.930385384786839520e-01,9.930298202908003358e-01,9.930296722425835387e-01,9.930289221954632373e-01,9.999999999999956701e-01,9.930292721636204689e-01,9.930387217176650516e-01,9.930388283646607306e-01,9.930301391064042527e-01,9.930301289392831077e-01,9.930384217249391687e-01,9.930292721636204689e-01,9.999999999999956701e-01,9.930292721636203579e-01,9.930384217249391687e-01,9.930301289392831077e-01,9.930301391064041416e-01,9.930388283646609526e-01,9.930387217176650516e-01,9.930292721636203579e-01,9.999999999999956701e-01,9.930289221954632373e-01,9.930296722425834277e-01,9.930298202908002247e-01,9.930385384786839520e-01,9.930388283646607306e-01,9.930384217249391687e-01,9.930289221954632373e-01,9.999999999999956701e-01,9.930198473864632058e-01,9.930210979125408954e-01,9.930298202908003358e-01,9.930301391064042527e-01,9.930301289392831077e-01,9.930296722425834277e-01,9.930198473864632058e-01,9.999999999999956701e-01
9.999999999999954481e-01,9.924681371825657683e-01,9.924799730386151264e-01,9.924805366255001760e-01,9.924805220165742181e-01,9.924797746845549495e-01,9.924621995976792288e-01,9.924681371825657683e-01,9.999999999999954481e-01,9.924865280864995087e-01,9.924976098248294853e-01,9.924980578467655912e-01,9.924973449685353666e-01,9.924797746845548385e-01,9.924799730386151264e-01,9.924865280864995087e-01,9.999999999999954481e-01,9.924873410347317959e-01,9.924983079720548496e-01,9.924980578467657022e-01,9.924805220165742181e-01,9.924805366255001760e-01,9.924976098248294853e-01,9.924873410347317959e-01,9.999999999999954481e-01,9.924873410347316849e-01,9.924976098248294853e-01,9.924805366255002870e-01,9.924805220165742181e-01,9.924980578467655912e-01,9.924983079720548496e-01,9.924873410347316849e-01,9.999999999999954481e-01,9.924865280864997308e-01,9.924799730386151264e-01,9.924797746845549495e-01,9.924973449685353666e-01,9.924980578467657022e-01,9.924976098248294853e-01,9.924865280864997308e-01,9.999999999999954481e-01,9.924681371825661014e-01,9.924621995976792288e-01,9.924797746845548385e-01,9.924805220165742181e-01,9.924805366255002870e-01,9.924799730386151264e-01,9.924681371825661014e-01,9.999999999999954481e-01
9.999999999999942268e-01,9.922706098400906338e-01,9.922828805831459542e-01,9.922834254846157886e-01,9.922834154729005540e-01,9.922827351712518729e-01,9.922643811805359482e-01,9.922706098400906338e-01,9.999999999999942268e-01,9.922897166776298850e-01,9.923012891366163046e-01,9.923017319834777084e-01,9.923010846418032216e-01,9.922827351712520949e-01,9.922828805831459542e-01,9.922897166776298850e-01,9.999999999999942268e-01,9.922904556122116304e-01,9.923019263312814475e-01,9.923017319834774863e-01,9.922834154729005540e-01,9.922834254846157886e-01,9.923012891366163046e-01,9.922904556122116304e-01,9.999999999999942268e-01,9.922904556122115194e-01,9.923012891366160826e-01,9.922834254846156776e-01,9.922834154729005540e-01,9.923017319834777084e-01,9.923019263312814475e-01,9.922904556122115194e-01,9.999999999999942268e-01,9.922897166776298850e-01,9.922828805831459542e-01,9.922827351712518729e-01,9.923010846418032216e-01,9.923017319834774863e-01,9.923012891366160826e-01,9.922897166776298850e-01,9.999999999999942268e-01,9.922706098400906338e-01,9.922643811805359482e-01,9.922827351712520949e-01,9.922834154729005540e-01,9.922834254846156776e-01,9.922828805831459542e-01,9.922706098400906338e-01,9.999999999999942268e-01
9.999999999999947820e-01,9.914782508010326900e-01,9.914926058152614408e-01,9.914932425894448231e-01,9.914932700222895967e-01,9.914929630696899254e-01,9.914811493697903710e-01,9.914782508010326900e-01,9.999999999999947820e-01,9.914904264530598477e-01,9.915044470844699420e-01,9.915050357960328853e-01,9.915047706806061623e-01,9.914929630696899254e-01,9.914926058152614408e-01,9.914904264530598477e-01,9.999999999999947820e-01,9.914907657798902596e-01,9.915047395046795442e-01,9.915050357960328853e-01,9.914932700222894857e-01,9.914932425894448231e-01,9.915044470844699420e-01,9.914907657798902596e-01,9.999999999999947820e-01,9.914907657798903706e-01,9.915044470844701641e-01,9.914932425894449342e-01,9.914932700222895967e-01,9.915050357960328853e-01,9.915047395046795442e-01,9.914907657798903706e-01,9.999999999999947820e-01,9.914904264530599587e-01,9.914926058152615518e-01,9.914929630696899254e-01,9.915047706806061623e-01,9.915050357960328853e-01,9.915044470844701641e-01,9.914904264530599587e-01,9.999999999999947820e-01,9.914782508010326900e-01,9.914811493697903710e-01,9.914929630696899254e-01,9.914932700222894857e-01,9.914932425894449342e-01,9.914926058152615518e-01,9.914782508010326900e-01,9.999999999999947820e-01
9.999999999999945599e-01,9.903083526681755178e-01,9.903273576121826016e-01,9.903282384333441657e-01,9.903282494260556845e-01,9.903275415769388079e-01,9.903093625661080202e-01,9.903083526681755178e-01,9.999999999999945599e-01,9.903273314046595610e-01,9.903455980913350443e-01,9.903463655677219313e-01,9.903457127547163896e-01,9.903275415769385859e-01,9.903273576121826016e-01,9.903273314046595610e-01,9.999999999999945599e-01,9.903281084386362787e-01,9.903462617457244876e-01,9.903463655677219313e-01,9.903282494260555735e-01,9.903282384333441657e-01,9.903455980913350443e-01,9.903281084386362787e-01,9.999999999999945599e-01,9.903281084386365007e-01,9.903455980913351553e-01,9.903282384333441657e-01,9.903282494260556845e-01,9.903463655677219313e-01,9.903462617457244876e-01,9.903281084386365007e-01,9.999999999999945599e-01,9.903273314046595610e-01,9.903273576121828237e-01,9.903275415769388079e-01,9.903457127547163896e-01,9.903463655677219313e-01,9.903455980913351553e-01,9.903273314046595610e-01,9.999999999999945599e-01,9.903083526681756288e-01,9.903093625661080202e-01,9.903275415769385859e-01,9.903282494260555735e-01,9.903282384333441657e-01,9.903273576121828237e-01,9.903083526681756288e-01,9.999999999999945599e-01
9.999999999999941158e-01,9.897683118282283310e-01,9.897901325488657198e-01,9.897911346513387221e-01,9.897911020271299432e-01,9.897896842928386452e-01,9.897558458098696388e-01,9.897683118282283310e-01,9.999999999999941158e-01,9.898037398138419540e-01,9.898240902111623551e-01,9.898248722909449571e-01,9.898235149153487011e-01,9.897896842928387562e-01,9.897901325488657198e-01,9.898037398138419540e-01,9.999999999999941158e-01,9.898052822954420682e-01,9.898254146360115913e-01,9.898248722909449571e-01,9.897911020271298321e-01,9.897911346513387221e-01,9.898240902111623551e-01,9.898052822954420682e-01,9.999999999999941158e-01,9.898052822954421792e-01,9.898240902111624662e-01,9.897911346513388331e-01,9.897911020271299432e-01,9.898248722909449571e-01,9.898254146360115913e-01,9.898052822954421792e-01,9.999999999999941158e-01,9.898037398138420651e-01,9.897901325488658308e-01,9.897896842928386452e-01,9.898235149153487011e-01,9.898248722909449571e-01,9.898240902111624662e-01,9.898037398138420651e-01,9.999999999999941158e-01,9.897683118282284420e-01,9.897558458098696388e-01,9.897896842928387562e-01,9.897911020271298321e-01,9.897911346513388331e-01,9.897901325488658308e-01,9.897683118282284420e-01,9.999999999999941158e-01
9.999999999999933387e-01,9.895082193968817164e-01,9.895305970471058865e-01,9.895315778084222691e-01,9.895315764490929533e-01,9.895305387196893232e-01,9.894988110086848643e-01,9.895082193968817164e-01,9.999999999999933387e-01,9.895411489801215765e-01,9.895624094993427100e-01,9.895632359739240380e-01,9.895622585038568175e-01,9.895305387196893232e-01,9.895305970471058865e-01,9.895411489801215765e-01,9.999999999999933387e-01,9.895422778233804451e-01,9.895633852828075172e-01,9.895632359739242601e-01,9.895315764490930643e-01,9.895315778084222691e-01,9.895624094993427100e-01,9.895422778233804451e-01,9.999999999999933387e-01,9.895422778233804451e-01,9.895624094993429321e-01,9.895315778084222691e-01,9.895315764490929533e-01,9.895632359739240380e-01,9.895633852828075172e-01,9.895422778233804451e-01,9.999999999999933387e-01,9.895411489801215765e-01,9.895305970471057755e-01,9.895305387196893232e-01,9.895622585038568175e-01,9.895632359739242601e-01,9.895624094993429321e-01,9.895411489801215765e-01,9.999999999999933387e-01,9.895082193968819384e-01,9.894988110086848643e-01,9.895305387196893232e-01,9.895315764490930643e-01,9.895315778084222691e-01,9.895305970471057755e-01,9.895082193968819384e-01,9.999999999999933387e-01
9.999999999999911182e-01,9.884809406432453205e-01,9.885072052143881738e-01,9.885083348066936448e-01,9.885083868012224384e-01,9.885079103394672773e-01,9.884875905515677630e-01,9.884809406432453205e-01,9.999999999999911182e-01,9.885018583357092492e-01,9.885275719226519486e-01,9.885286220150388825e-01,9.885282194640802045e-01,9.885079103394670552e-01,9.885072052143881738e-01,9.885018583357092492e-01,9.999999999999911182e-01,9.885023892849571503e-01,9.885280261452178419e-01,9.885286220150388825e-01,9.885083868012223274e-01,9.885083348066936448e-01,9.885275719226519486e-01,9.885023892849571503e-01,9.999999999999911182e-01,9.885023892849570393e-01,9.885275719226519486e-01,9.885083348066937559e-01,9.885083868012224384e-01,9.885286220150388825e-01,9.885280261452178419e-01,9.885023892849570393e-01,9.999999999999911182e-01,9.885018583357093602e-01,9.885072052143881738e-01,9.885079103394672773e-01,9.885282194640802045e-01,9.885286220150388825e-01,9.885275719226519486e-01,9.885018583357093602e-01,9.999999999999911182e-01,9.884809406432454315e-01,9.884875905515677630e-01,9.885079103394670552e-01,9.885083868012223274e-01,9.885083348066937559e-01,9.885072052143881738e-01,9.884809406432454315e-01,9.999999999999911182e-01
9.999999999999905631e-01,9.871879563478733743e-01,9.872214310570833762e-01,9.872229639524506828e-01,9.872229634984207580e-01,9.872215145788905133e-01,9.871868234727302349e-01,9.871879563478733743e-01,9.999999999999905631e-01,9.872243210550241121e-01,9.872562509877842452e-01,9.872575474494125203e-01,9.872561927963141581e-01,9.872215145788902912e-01,9.872214310570833762e-01,9.872243210550241121e-01,9.999999999999905631e-01,9.872259118552287882e-01,9.872576048581046537e-01,9.872575474494125203e-01,9.872229634984206470e-01,9.872229639524506828e-01,9.872562509877842452e-01,9.872259118552287882e-01,9.999999999999905631e-01,9.872259118552290102e-01,9.872562509877841341e-01,9.872229639524506828e-01,9.872229634984207580e-01,9.872575474494125203e-01,9.872576048581046537e-01,9.872259118552290102e-01,9.999999999999905631e-01,9.872243210550243342e-01,9.872214310570833762e-01,9.872215145788905133e-01,9.872561927963141581e-01,9.872575474494125203e-01,9.872562509877841341e-01,9.872243210550243342e-01,9.999999999999905631e-01,9.871879563478737074e-01,9.871868234727302349e-01,9.872215145788902912e-01,9.872229634984206470e-01,9.872229639524506828e-01,9.872214310570833762e-01,9.871879563478737074e-01,9.999999999999905631e-01
9.999999999999906741e-01,9.866942590158670479e-01,9.867311089236247001e-01,9.867327361052968815e-01,9.867326792906104815e-01,9.867302950701796194e-01,9.866712764812977099e-01,9.866942590158670479e-01,9.999999999999906741e-01,9.867560443039264939e-01,9.867903309914685117e-01,9.867915900619390612e-01,9.867893026367874354e-01,9.867302950701797304e-01,9.867311089236247001e-01,9.867560443039264939e-01,9.999999999999906741e-01,9.867586382506778886e-01,9.867925608434483520e-01,9.867915900619389502e-01,9.867326792906105926e-01,9.867327361052968815e-01,9.867903309914685117e-01,9.867586382506778886e-01,9.999999999999906741e-01,9.867586382506777776e-01,9.867903309914685117e-01,9.867327361052968815e-01,9.867326792906104815e-01,9.867915900619390612e-01,9.867925608434483520e-01,9.867586382506777776e-01,9.999999999999906741e-01,9.867560443039264939e-01,9.867311089236247001e-01,9.867302950701796194e-01,9.867893026367874354e-01,9.867915900619389502e-01,9.867903309914685117e-01,9.867560443039264939e-01,9.999999999999906741e-01,9.866942590158670479e-01,9.866712764812977099e-01,9.867302950701797304e-01,9.867326792906105926e-01,9.867327361052968815e-01,9.867311089236247001e-01,9.866942590158670479e-01,9.999999999999906741e-01
