9.999999999999964473e-01,9.999999999999964473e-01,9.999999999999964473e-01,9.999999999999964473e-01,9.999999999999964473e-01,9.999999999999964473e-01,9.999999999999964473e-01,9.999999999999964473e-01,9.999999999999964473e-01,9.999999999999964473e-01,9.999999999999964473e-01,9.999999999999964473e-01,9.999999999999964473e-01,9.999999999999964473e-01,9.999999999999964473e-01,9.999999999999964473e-01,9.999999999999964473e-01,9.999999999999964473e-01,9.999999999999964473e-01,9.999999999999964473e-01,9.999999999999964473e-01,9.999999999999964473e-01,9.999999999999964473e-01,9.999999999999964473e-01,9.999999999999964473e-01,9.999999999999964473e-01,9.999999999999964473e-01,9.999999999999964473e-01,9.999999999999964473e-01,9.999999999999964473e-01,9.999999999999964473e-01,9.999999999999964473e-01,9.999999999999964473e-01,9.999999999999964473e-01,9.999999999999964473e-01,9.999999999999964473e-01,9.999999999999964473e-01,9.999999999999964473e-01,9.999999999999964473e-01,9.999999999999964473e-01,9.999999999999964473e-01,9.999999999999964473e-01,9.999999999999964473e-01,9.999999999999964473e-01,9.999999999999964473e-01,9.999999999999964473e-01,9.999999999999964473e-01,9.999999999999964473e-01,9.999999999999964473e-01
9.999999999999993339e-01,9.999859378069519966e-01,9.999859378472680804e-01,9.999859378492251816e-01,9.999859378492251816e-01,9.999859378472577554e-01,9.999859377989086529e-01,9.999859378069519966e-01,9.999999999999993339e-01,9.999859378572980573e-01,9.999859378957706157e-01,9.999859378974326196e-01,9.999859378955890943e-01,9.999859378472579774e-01,9.999859378472680804e-01,9.999859378572980573e-01,9.999999999999993339e-01,9.999859378594366799e-01,9.999859378976139190e-01,9.999859378974326196e-01,9.999859378492252926e-01,9.999859378492251816e-01,9.999859378957706157e-01,9.999859378594366799e-01,9.999999999999993339e-01,9.999859378594366799e-01,9.999859378957706157e-01,9.999859378492252926e-01,9.999859378492251816e-01,9.999859378974326196e-01,9.999859378976139190e-01,9.999859378594366799e-01,9.999999999999993339e-01,9.999859378572979463e-01,9.999859378472679694e-01,9.999859378472577554e-01,9.999859378955890943e-01,9.999859378974326196e-01,9.999859378957706157e-01,9.999859378572979463e-01,9.999999999999993339e-01,9.999859378069516636e-01,9.999859377989086529e-01,9.999859378472579774e-01,9.999859378492252926e-01,9.999859378492252926e-01,9.999859378472679694e-01,9.999859378069516636e-01,9.999999999999993339e-01
1.000000000000001776e+00,9.999437549108556311e-01,9.999437555558199353e-01,9.999437555871224514e-01,9.999437555871216743e-01,9.999437555556635049e-01,9.999437547821902195e-01,9.999437549108556311e-01,1.000000000000001776e+00,9.999437557162739187e-01,9.999437563317441491e-01,9.999437563583245536e-01,9.999437563288480213e-01,9.999437555556635049e-01,9.999437555558199353e-01,9.999437557162739187e-01,1.000000000000001776e+00,9.999437557504717855e-01,9.999437563612200153e-01,9.999437563583245536e-01,9.999437555871216743e-01,9.999437555871224514e-01,9.999437563317441491e-01,9.999437557504717855e-01,1.000000000000001776e+00,9.999437557504720075e-01,9.999437563317443711e-01,9.999437555871224514e-01,9.999437555871216743e-01,9.999437563583245536e-01,9.999437563612200153e-01,9.999437557504720075e-01,1.000000000000001776e+00,9.999437557162742518e-01,9.999437555558198243e-01,9.999437555556635049e-01,9.999437563288480213e-01,9.999437563583245536e-01,9.999437563317443711e-01,9.999437557162742518e-01,1.000000000000001776e+00,9.999437549108556311e-01,9.999437547821902195e-01,9.999437555556635049e-01,9.999437555871216743e-01,9.999437555871224514e-01,9.999437555558198243e-01,9.999437549108556311e-01,1.000000000000001776e+00
9.999999999999995559e-01,9.998734623579165204e-01,9.998734656222552086e-01,9.998734657806045423e-01,9.998734657806038761e-01,9.998734656215073624e-01,9.998734617067790431e-01,9.998734623579165204e-01,9.999999999999995559e-01,9.998734664343279510e-01,9.998734695493861624e-01,9.998734696838482705e-01,9.998734695347755164e-01,9.998734656215072514e-01,9.998734656222552086e-01,9.998734664343279510e-01,9.999999999999995559e-01,9.998734666072847110e-01,9.998734696984575843e-01,9.998734696838482705e-01,9.998734657806038761e-01,9.998734657806045423e-01,9.998734695493861624e-01,9.998734666072847110e-01,9.999999999999995559e-01,9.998734666072847110e-01,9.998734695493862734e-01,9.998734657806045423e-01,9.998734657806038761e-01,9.998734696838482705e-01,9.998734696984575843e-01,9.998734666072847110e-01,9.999999999999995559e-01,9.998734664343281731e-01,9.998734656222552086e-01,9.998734656215073624e-01,9.998734695347755164e-01,9.998734696838482705e-01,9.998734695493862734e-01,9.998734664343281731e-01,9.999999999999995559e-01,9.998734623579165204e-01,9.998734617067790431e-01,9.998734656215072514e-01,9.998734657806038761e-01,9.998734657806045423e-01,9.998734656222552086e-01,9.998734623579165204e-01,9.999999999999995559e-01
1.000000000000001554e+00,9.997750785487803382e-01,9.997750888621971255e-01,9.997750893621285551e-01,9.997750893621402124e-01,9.997750888600281938e-01,9.997750764918873490e-01,9.997750785487803382e-01,1.000000000000001554e+00,9.997750914277470091e-01,9.997751012695090811e-01,9.997751016940304991e-01,9.997751012235591705e-01,9.997750888600281938e-01,9.997750888621971255e-01,9.997750914277470091e-01,1.000000000000001554e+00,9.997750919736250186e-01,9.997751017399894025e-01,9.997751016940306101e-01,9.997750893621403234e-01,9.997750893621285551e-01,9.997751012695090811e-01,9.997750919736250186e-01,1.000000000000001554e+00,9.997750919736252406e-01,9.997751012695088590e-01,9.997750893621284440e-01,9.997750893621402124e-01,9.997751016940304991e-01,9.997751017399894025e-01,9.997750919736252406e-01,1.000000000000001554e+00,9.997750914277470091e-01,9.997750888621970144e-01,9.997750888600281938e-01,9.997751012235591705e-01,9.997751016940306101e-01,9.997751012695088590e-01,9.997750914277470091e-01,1.000000000000001554e+00,9.997750785487802272e-01,9.997750764918873490e-01,9.997750888600281938e-01,9.997750893621403234e-01,9.997750893621284440e-01,9.997750888621970144e-01,9.997750785487802272e-01,1.000000000000001554e+00
9.999999999999993339e-01,9.996486292239425975e-01,9.996486543921850876e-01,9.996486556110577570e-01,9.996486556111300326e-01,9.996486543875016118e-01,9.996486242054402060e-01,9.996486292239425975e-01,9.999999999999993339e-01,9.996486606525952778e-01,9.996486846697942852e-01,9.996486857048286767e-01,9.996486845583242298e-01,9.996486543875016118e-01,9.996486543921850876e-01,9.996486606525952778e-01,9.999999999999993339e-01,9.996486619829531017e-01,9.996486858163607936e-01,9.996486857048286767e-01,9.996486556111299215e-01,9.996486556110577570e-01,9.996486846697942852e-01,9.996486619829531017e-01,9.999999999999993339e-01,9.996486619829531017e-01,9.996486846697943962e-01,9.996486556110577570e-01,9.996486556111300326e-01,9.996486857048286767e-01,9.996486858163607936e-01,9.996486619829531017e-01,9.999999999999993339e-01,9.996486606525953889e-01,9.996486543921849766e-01,9.996486543875016118e-01,9.996486845583242298e-01,9.996486857048286767e-01,9.996486846697943962e-01,9.996486606525953889e-01,9.999999999999993339e-01,9.996486292239425975e-01,9.996486242054402060e-01,9.996486543875016118e-01,9.996486556111299215e-01,9.996486556110577570e-01,9.996486543921849766e-01,9.996486292239425975e-01,9.999999999999993339e-01
9.999999999999971134e-01,9.994941474434267947e-01,9.994941996044440780e-01,9.994942021276879141e-01,9.994942021279482613e-01,9.994941995962797199e-01,9.994941370451847495e-01,9.994941474434267947e-01,9.999999999999971134e-01,9.994942125780800213e-01,9.994942623534526227e-01,9.994942644961676281e-01,9.994942621241104108e-01,9.994941995962798309e-01,9.994941996044440780e-01,9.994942125780800213e-01,9.999999999999971134e-01,9.994942153307549981e-01,9.994942647257395452e-01,9.994942644961676281e-01,9.994942021279482613e-01,9.994942021276879141e-01,9.994942623534526227e-01,9.994942153307549981e-01,9.999999999999971134e-01,9.994942153307549981e-01,9.994942623534527337e-01,9.994942021276879141e-01,9.994942021279482613e-01,9.994942644961676281e-01,9.994942647257395452e-01,9.994942153307549981e-01,9.999999999999971134e-01,9.994942125780800213e-01,9.994941996044441890e-01,9.994941995962797199e-01,9.994942621241104108e-01,9.994942644961676281e-01,9.994942623534527337e-01,9.994942125780800213e-01,9.999999999999971134e-01,9.994941474434269058e-01,9.994941370451847495e-01,9.994941995962798309e-01,9.994942021279482613e-01,9.994942021276879141e-01,9.994941996044441890e-01,9.994941474434269058e-01,9.999999999999971134e-01
9.999999999999980016e-01,9.993116735606645262e-01,9.993117701344709225e-01,9.993117747998866429e-01,9.993117748006096202e-01,9.993117701227258731e-01,9.993116543144056063e-01,9.993116735606645262e-01,9.999999999999980016e-01,9.993117941523418368e-01,9.993118863089830439e-01,9.993118902709031692e-01,9.993118858880354338e-01,9.993117701227258731e-01,9.993117701344709225e-01,9.993117941523418368e-01,9.999999999999980016e-01,9.993117992389954907e-01,9.993118906924958189e-01,9.993118902709030582e-01,9.993117748006096202e-01,9.993117747998866429e-01,9.993118863089830439e-01,9.993117992389954907e-01,9.999999999999980016e-01,9.993117992389956017e-01,9.993118863089829329e-01,9.993117747998866429e-01,9.993117748006096202e-01,9.993118902709031692e-01,9.993118906924958189e-01,9.993117992389956017e-01,9.999999999999980016e-01,9.993117941523419479e-01,9.993117701344709225e-01,9.993117701227258731e-01,9.993118858880354338e-01,9.993118902709030582e-01,9.993118863089829329e-01,9.993117941523419479e-01,9.999999999999980016e-01,9.993116735606644152e-01,9.993116543144056063e-01,9.993117701227258731e-01,9.993117748006096202e-01,9.993117747998866429e-01,9.993117701344709225e-01,9.993116735606644152e-01,9.999999999999980016e-01
9.999999999999986677e-01,9.991012551906680583e-01,9.991014198215419917e-01,9.991014277624482576e-01,9.991014277641531161e-01,9.991014198081440423e-01,9.991012223923309010e-01,9.991012551906680583e-01,9.999999999999986677e-01,9.991014607607757725e-01,9.991016178611481502e-01,9.991016246048295413e-01,9.991016171507633992e-01,9.991014198081441533e-01,9.991014198215419917e-01,9.991014607607757725e-01,9.999999999999986677e-01,9.991014694128071971e-01,9.991016253167455119e-01,9.991016246048294303e-01,9.991014277641532271e-01,9.991014277624482576e-01,9.991016178611481502e-01,9.991014694128071971e-01,9.999999999999986677e-01,9.991014694128070861e-01,9.991016178611480392e-01,9.991014277624483686e-01,9.991014277641531161e-01,9.991016246048295413e-01,9.991016253167455119e-01,9.991014694128070861e-01,9.999999999999986677e-01,9.991014607607755504e-01,9.991014198215421027e-01,9.991014198081440423e-01,9.991016171507633992e-01,9.991016246048294303e-01,9.991016178611480392e-01,9.991014607607755504e-01,9.999999999999986677e-01,9.991012551906681693e-01,9.991012223923309010e-01,9.991014198081441533e-01,9.991014277641532271e-01,9.991014277624483686e-01,9.991014198215421027e-01,9.991012551906681693e-01,9.999999999999986677e-01
1.000000000000000888e+00,9.988629471725576359e-01,9.988632106622250539e-01,9.988632233492527046e-01,9.988632233528340620e-01,9.988632106527837173e-01,9.988628946992831326e-01,9.988629471725576359e-01,1.000000000000000888e+00,9.988632761769669077e-01,9.988635276132737939e-01,9.988635383878385898e-01,9.988635264893765964e-01,9.988632106527840504e-01,9.988632106622250539e-01,9.988632761769669077e-01,1.000000000000000888e+00,9.988632899895183437e-01,9.988635395149662033e-01,9.988635383878388119e-01,9.988632233528343951e-01,9.988632233492527046e-01,9.988635276132737939e-01,9.988632899895183437e-01,1.000000000000000888e+00,9.988632899895181216e-01,9.988635276132735719e-01,9.988632233492528156e-01,9.988632233528340620e-01,9.988635383878385898e-01,9.988635395149662033e-01,9.988632899895181216e-01,1.000000000000000888e+00,9.988632761769666857e-01,9.988632106622250539e-01,9.988632106527837173e-01,9.988635264893765964e-01,9.988635383878388119e-01,9.988635276132735719e-01,9.988632761769666857e-01,1.000000000000000888e+00,9.988629471725575248e-01,9.988628946992831326e-01,9.988632106527840504e-01,9.988632233528343951e-01,9.988632233492528156e-01,9.988632106622250539e-01,9.988629471725575248e-01,1.000000000000000888e+00
1.000000000000000444e+00,9.985968115264619582e-01,9.985972127569316958e-01,9.985972320382706657e-01,9.985972320451692585e-01,9.985972127629555439e-01,9.985967316565923513e-01,9.985968115264619582e-01,1.000000000000000444e+00,9.985973125062922451e-01,9.985976953809310164e-01,9.985977117563029637e-01,9.985976936917161373e-01,9.985972127629559880e-01,9.985972127569316958e-01,9.985973125062922451e-01,1.000000000000000444e+00,9.985973334800659629e-01,9.985977134517561860e-01,9.985977117563030747e-01,9.985972320451697026e-01,9.985972320382706657e-01,9.985976953809310164e-01,9.985973334800659629e-01,1.000000000000000444e+00,9.985973334800657408e-01,9.985976953809309054e-01,9.985972320382708878e-01,9.985972320451692585e-01,9.985977117563029637e-01,9.985977134517561860e-01,9.985973334800657408e-01,1.000000000000000444e+00,9.985973125062919120e-01,9.985972127569315848e-01,9.985972127629555439e-01,9.985976936917161373e-01,9.985977117563030747e-01,9.985976953809309054e-01,9.985973125062919120e-01,1.000000000000000444e+00,9.985968115264619582e-01,9.985967316565923513e-01,9.985972127629559880e-01,9.985972320451697026e-01,9.985972320382708878e-01,9.985972127569315848e-01,9.985968115264619582e-01,1.000000000000000444e+00
9.999999999999987788e-01,9.983029174049099508e-01,9.983035042496501976e-01,9.983035323895596003e-01,9.983035324019732260e-01,9.983035042913940282e-01,9.983028006413756650e-01,9.983029174049099508e-01,9.999999999999987788e-01,9.983036501223236936e-01,9.983042101171741844e-01,9.983042340168452045e-01,9.983042076823527289e-01,9.983035042913944723e-01,9.983035042496501976e-01,9.983036501223236936e-01,9.999999999999987788e-01,9.983036807029503912e-01,9.983042364629113319e-01,9.983042340168452045e-01,9.983035324019737811e-01,9.983035323895596003e-01,9.983042101171741844e-01,9.983036807029503912e-01,9.999999999999987788e-01,9.983036807029499471e-01,9.983042101171739624e-01,9.983035323895599333e-01,9.983035324019732260e-01,9.983042340168452045e-01,9.983042364629113319e-01,9.983036807029499471e-01,9.999999999999987788e-01,9.983036501223230275e-01,9.983035042496505307e-01,9.983035042913940282e-01,9.983042076823527289e-01,9.983042340168452045e-01,9.983042101171739624e-01,9.983036501223230275e-01,9.999999999999987788e-01,9.983029174049101728e-01,9.983028006413756650e-01,9.983035042913944723e-01,9.983035324019737811e-01,9.983035323895599333e-01,9.983035042496505307e-01,9.983029174049101728e-01,9.999999999999987788e-01
1.000000000000001998e+00,9.979813410387545769e-01,9.979821712609298068e-01,9.979822109763261118e-01,9.979822109974666455e-01,9.979821713709350339e-01,9.979811759362202661e-01,9.979813410387545769e-01,1.000000000000001998e+00,9.979823775961187415e-01,9.979831698294319153e-01,9.979832035616093000e-01,9.979831664402882829e-01,9.979821713709358111e-01,9.979821712609298068e-01,9.979823775961187415e-01,1.000000000000001998e+00,9.979824207108134448e-01,9.979832069699255959e-01,9.979832035616094110e-01,9.979822109974675337e-01,9.979822109763261118e-01,9.979831698294319153e-01,9.979824207108134448e-01,1.000000000000001998e+00,9.979824207108128897e-01,9.979831698294315823e-01,9.979822109763267779e-01,9.979822109974666455e-01,9.979832035616093000e-01,9.979832069699255959e-01,9.979824207108128897e-01,1.000000000000001998e+00,9.979823775961180754e-01,9.979821712609301398e-01,9.979821713709350339e-01,9.979831664402882829e-01,9.979832035616094110e-01,9.979831698294315823e-01,9.979823775961180754e-01,1.000000000000001998e+00,9.979813410387547989e-01,9.979811759362202661e-01,9.979821713709358111e-01,9.979822109974675337e-01,9.979822109763267779e-01,9.979821712609301398e-01,9.979813410387547989e-01,1.000000000000001998e+00
1.000000000000002442e+00,9.976321656777110691e-01,9.976333078142222144e-01,9.976333623091701019e-01,9.976333623435703624e-01,9.976333080416144306e-01,9.976319386738405903e-01,9.976321656777110691e-01,1.000000000000002442e+00,9.976335916185137265e-01,9.976346814882020020e-01,9.976347277751825837e-01,9.976346769085315813e-01,9.976333080416154298e-01,9.976333078142222144e-01,9.976335916185137265e-01,1.000000000000002442e+00,9.976336507097733897e-01,9.976347323860759175e-01,9.976347277751826947e-01,9.976333623435715836e-01,9.976333623091701019e-01,9.976346814882020020e-01,9.976336507097733897e-01,1.000000000000002442e+00,9.976336507097726125e-01,9.976346814882014469e-01,9.976333623091707681e-01,9.976333623435703624e-01,9.976347277751825837e-01,9.976347323860759175e-01,9.976336507097726125e-01,1.000000000000002442e+00,9.976335916185127273e-01,9.976333078142222144e-01,9.976333080416144306e-01,9.976346769085315813e-01,9.976347277751826947e-01,9.976346814882014469e-01,9.976335916185127273e-01,1.000000000000002442e+00,9.976321656777114022e-01,9.976319386738405903e-01,9.976333080416154298e-01,9.976333623435715836e-01,9.976333623091707681e-01,9.976333078142222144e-01,9.976321656777114022e-01,1.000000000000002442e+00
9.999999999999980016e-01,9.972554815256602367e-01,9.972570157557664183e-01,9.972570887537015594e-01,9.972570888075719120e-01,9.972570161713640857e-01,9.972551767768487174e-01,9.972554815256602367e-01,9.999999999999980016e-01,9.972573969156065532e-01,9.972588609277673877e-01,9.972589229333904681e-01,9.972588548957619370e-01,9.972570161713653070e-01,9.972570157557664183e-01,9.972573969156065532e-01,9.999999999999980016e-01,9.972574759717135473e-01,9.972589290143158980e-01,9.972589229333904681e-01,9.972570888075732443e-01,9.972570887537015594e-01,9.972588609277673877e-01,9.972574759717135473e-01,9.999999999999980016e-01,9.972574759717129922e-01,9.972588609277670546e-01,9.972570887537022255e-01,9.972570888075719120e-01,9.972589229333904681e-01,9.972589290143158980e-01,9.972574759717129922e-01,9.999999999999980016e-01,9.972573969156053320e-01,9.972570157557664183e-01,9.972570161713640857e-01,9.972588548957619370e-01,9.972589229333904681e-01,9.972588609277670546e-01,9.972573969156053320e-01,9.999999999999980016e-01,9.972554815256602367e-01,9.972551767768487174e-01,9.972570161713653070e-01,9.972570888075732443e-01,9.972570887537022255e-01,9.972570157557664183e-01,9.972554815256602367e-01,9.999999999999980016e-01
9.999999999999988898e-01,9.968513856707679199e-01,9.968534046681020167e-01,9.968535004416237966e-01,9.968535005232624924e-01,9.968534053703909104e-01,9.968509848926830896e-01,9.968513856707679199e-01,9.999999999999988898e-01,9.968539061575318883e-01,9.968558327390657503e-01,9.968559140941042340e-01,9.968558249702098584e-01,9.968534053703920206e-01,9.968534046681020167e-01,9.968539061575318883e-01,9.999999999999988898e-01,9.968540097396365596e-01,9.968559219371201374e-01,9.968559140941042340e-01,9.968535005232636026e-01,9.968535004416237966e-01,9.968558327390657503e-01,9.968540097396365596e-01,9.999999999999988898e-01,9.968540097396361155e-01,9.968558327390650842e-01,9.968535004416243517e-01,9.968535005232624924e-01,9.968559140941042340e-01,9.968559219371201374e-01,9.968540097396361155e-01,9.999999999999988898e-01,9.968539061575310001e-01,9.968534046681022387e-01,9.968534053703909104e-01,9.968558249702098584e-01,9.968559140941042340e-01,9.968558327390650842e-01,9.968539061575310001e-01,9.999999999999988898e-01,9.968513856707680310e-01,9.968509848926830896e-01,9.968534053703920206e-01,9.968535005232636026e-01,9.968535004416243517e-01,9.968534046681022387e-01,9.968513856707680310e-01,9.999999999999988898e-01
1.000000000000001332e+00,9.964199820105146266e-01,9.964225917773361640e-01,9.964227151754166956e-01,9.964227152956739442e-01,9.964225928993590831e-01,9.964194643237684890e-01,9.964199820105146266e-01,1.000000000000001332e+00,9.964232398606620578e-01,9.964257301548798962e-01,9.964258349802386228e-01,9.964257203459182533e-01,9.964225928993601933e-01,9.964225917773361640e-01,9.964232398606620578e-01,1.000000000000001332e+00,9.964233731262291949e-01,9.964258448984587568e-01,9.964258349802387338e-01,9.964227152956750544e-01,9.964227151754166956e-01,9.964257301548798962e-01,9.964233731262291949e-01,1.000000000000001332e+00,9.964233731262288618e-01,9.964257301548794521e-01,9.964227151754172507e-01,9.964227152956739442e-01,9.964258349802386228e-01,9.964258448984587568e-01,9.964233731262288618e-01,1.000000000000001332e+00,9.964232398606613916e-01,9.964225917773361640e-01,9.964225928993590831e-01,9.964257203459182533e-01,9.964258349802387338e-01,9.964257301548794521e-01,9.964232398606613916e-01,1.000000000000001332e+00,9.964199820105146266e-01,9.964194643237684890e-01,9.964225928993601933e-01,9.964227152956750544e-01,9.964227151754172507e-01,9.964225917773361640e-01,9.964199820105146266e-01,1.000000000000001332e+00
1.000000000000000444e+00,9.959613811718190934e-01,9.959647018543934527e-01,9.959648583268601030e-01,9.959648584996576570e-01,9.959647035716023833e-01,9.959607229530892392e-01,9.959613811718190934e-01,1.000000000000000444e+00,9.959655262834720135e-01,9.959686949276352896e-01,9.959688278552228935e-01,9.959686827616601734e-01,9.959647035716032715e-01,9.959647018543934527e-01,9.959655262834720135e-01,1.000000000000000444e+00,9.959656950058953795e-01,9.959688401781962019e-01,9.959688278552227825e-01,9.959648584996585452e-01,9.959648583268601030e-01,9.959686949276352896e-01,9.959656950058953795e-01,1.000000000000000444e+00,9.959656950058948244e-01,9.959686949276348455e-01,9.959648583268605471e-01,9.959648584996576570e-01,9.959688278552228935e-01,9.959688401781962019e-01,9.959656950058948244e-01,1.000000000000000444e+00,9.959655262834712364e-01,9.959647018543935637e-01,9.959647035716023833e-01,9.959686827616601734e-01,9.959688278552227825e-01,9.959686949276348455e-01,9.959655262834712364e-01,1.000000000000000444e+00,9.959613811718190934e-01,9.959607229530892392e-01,9.959647035716032715e-01,9.959648584996585452e-01,9.959648583268605471e-01,9.959647018543935637e-01,9.959613811718190934e-01,1.000000000000000444e+00
9.999999999999985567e-01,9.954757004263455888e-01,9.954798671103739505e-01,9.954800627295280480e-01,9.954800629724327443e-01,9.954798696494828736e-01,9.954748751652424676e-01,9.954757004263455888e-01,9.999999999999985567e-01,9.954809013162080333e-01,9.954848771999683654e-01,9.954850433911267560e-01,9.954848623526815210e-01,9.954798696494837618e-01,9.954798671103739505e-01,9.954809013162080333e-01,9.999999999999985567e-01,9.954811119004027820e-01,9.954850584590928531e-01,9.954850433911266450e-01,9.954800629724334105e-01,9.954800627295280480e-01,9.954848771999683654e-01,9.954811119004027820e-01,9.999999999999985567e-01,9.954811119004024489e-01,9.954848771999680324e-01,9.954800627295282700e-01,9.954800629724327443e-01,9.954850433911267560e-01,9.954850584590928531e-01,9.954811119004024489e-01,9.999999999999985567e-01,9.954809013162071452e-01,9.954798671103740615e-01,9.954798696494828736e-01,9.954848623526815210e-01,9.954850433911266450e-01,9.954848771999680324e-01,9.954809013162071452e-01,9.999999999999985567e-01,9.954757004263454778e-01,9.954748751652424676e-01,9.954798696494837618e-01,9.954800629724334105e-01,9.954800627295282700e-01,9.954798671103740615e-01,9.954757004263454778e-01,9.999999999999985567e-01
1.000000000000001776e+00,9.949630636011100870e-01,9.949682270861825995e-01,9.949684685654280880e-01,9.949684689002809002e-01,9.949682307350586896e-01,9.949620417630798963e-01,9.949630636011100870e-01,1.000000000000001776e+00,9.949695083645341276e-01,9.949744353682944409e-01,9.949746405296689966e-01,9.949744175154814352e-01,9.949682307350592447e-01,9.949682270861825995e-01,9.949695083645341276e-01,1.000000000000001776e+00,9.949697678583381277e-01,9.949746586866468068e-01,9.949746405296691076e-01,9.949684689002815663e-01,9.949684685654280880e-01,9.949744353682944409e-01,9.949697678583381277e-01,1.000000000000001776e+00,9.949697678583377947e-01,9.949744353682939968e-01,9.949684685654284211e-01,9.949684689002809002e-01,9.949746405296689966e-01,9.949746586866468068e-01,9.949697678583377947e-01,1.000000000000001776e+00,9.949695083645337945e-01,9.949682270861824884e-01,9.949682307350586896e-01,9.949744175154814352e-01,9.949746405296691076e-01,9.949744353682939968e-01,9.949695083645337945e-01,1.000000000000001776e+00,9.949630636011100870e-01,9.949620417630798963e-01,9.949682307350592447e-01,9.949684689002815663e-01,9.949684685654284211e-01,9.949682270861824884e-01,9.949630636011100870e-01,1.000000000000001776e+00
9.999999999999995559e-01,9.944236009845279778e-01,9.944299285366109409e-01,9.944302232459809598e-01,9.944302236995787858e-01,9.944299336552356872e-01,9.944223498800586203e-01,9.944236009845279778e-01,9.999999999999995559e-01,9.944314982273529946e-01,9.944375359396054881e-01,9.944377863363534908e-01,9.944375147658648384e-01,9.944299336552361313e-01,9.944299285366109409e-01,9.944314982273529946e-01,9.999999999999995559e-01,9.944318143285757472e-01,9.944378079220236311e-01,9.944377863363536019e-01,9.944302236995790079e-01,9.944302232459809598e-01,9.944375359396054881e-01,9.944318143285757472e-01,9.999999999999995559e-01,9.944318143285756362e-01,9.944375359396052660e-01,9.944302232459811819e-01,9.944302236995787858e-01,9.944377863363534908e-01,9.944378079220236311e-01,9.944318143285756362e-01,9.999999999999995559e-01,9.944314982273526615e-01,9.944299285366111629e-01,9.944299336552356872e-01,9.944375147658648384e-01,9.944377863363536019e-01,9.944375359396052660e-01,9.944314982273526615e-01,9.999999999999995559e-01,9.944236009845281998e-01,9.944223498800586203e-01,9.944299336552361313e-01,9.944302236995790079e-01,9.944302232459811819e-01,9.944299285366111629e-01,9.944236009845281998e-01,9.999999999999995559e-01
9.999999999999972244e-01,9.938574492281094797e-01,9.938651253091307369e-01,9.938654812876014377e-01,9.938654818924301804e-01,9.938651323416568539e-01,9.938559328884993826e-01,9.938574492281094797e-01,9.999999999999972244e-01,9.938670289690684223e-01,9.938743533818201747e-01,9.938746558480552329e-01,9.938743285905742297e-01,9.938651323416575201e-01,9.938651253091307369e-01,9.938670289690684223e-01,9.999999999999972244e-01,9.938674100280515677e-01,9.938746811884003884e-01,9.938746558480547888e-01,9.938654818924306245e-01,9.938654812876014377e-01,9.938743533818201747e-01,9.938674100280515677e-01,9.999999999999972244e-01,9.938674100280515677e-01,9.938743533818198417e-01,9.938654812876016598e-01,9.938654818924301804e-01,9.938746558480552329e-01,9.938746811884003884e-01,9.938674100280515677e-01,9.999999999999972244e-01,9.938670289690678672e-01,9.938651253091309590e-01,9.938651323416568539e-01,9.938743285905742297e-01,9.938746558480547888e-01,9.938743533818198417e-01,9.938670289690678672e-01,9.999999999999972244e-01,9.938574492281092576e-01,9.938559328884993826e-01,9.938651323416575201e-01,9.938654818924306245e-01,9.938654812876016598e-01,9.938651253091309590e-01,9.938574492281092576e-01,9.999999999999972244e-01
1.000000000000000222e+00,9.932647512438566029e-01,9.932739782174975218e-01,9.932744041820011915e-01,9.932744049770181327e-01,9.932739877054250766e-01,9.932629303037860957e-01,9.932647512438566029e-01,1.000000000000000222e+00,9.932762657864088185e-01,9.932850699678417161e-01,9.932854319142271349e-01,9.932850412926619299e-01,9.932739877054252986e-01,9.932739782174975218e-01,9.932762657864088185e-01,1.000000000000000222e+00,9.932767208039681162e-01,9.932854613109042274e-01,9.932854319142272459e-01,9.932744049770183548e-01,9.932744041820011915e-01,9.932850699678417161e-01,9.932767208039681162e-01,1.000000000000000222e+00,9.932767208039678941e-01,9.932850699678417161e-01,9.932744041820015246e-01,9.932744049770181327e-01,9.932854319142271349e-01,9.932854613109042274e-01,9.932767208039678941e-01,1.000000000000000222e+00,9.932762657864088185e-01,9.932739782174977439e-01,9.932739877054250766e-01,9.932850412926619299e-01,9.932854319142272459e-01,9.932850699678417161e-01,9.932762657864088185e-01,1.000000000000000222e+00,9.932647512438568249e-01,9.932629303037860957e-01,9.932739877054252986e-01,9.932744049770183548e-01,9.932744041820015246e-01,9.932739782174977439e-01,9.932647512438568249e-01,1.000000000000000222e+00
1.000000000000001110e+00,9.926456560975689403e-01,9.926566549104198778e-01,9.926571602614687739e-01,9.926571612929294686e-01,9.926566675069051771e-01,9.926434876846953470e-01,9.926456560975689403e-01,1.000000000000001110e+00,9.926593808700769905e-01,9.926698756136437263e-01,9.926703050320546673e-01,9.926698428309065347e-01,9.926566675069053991e-01,9.926566549104198778e-01,9.926593808700769905e-01,1.000000000000001110e+00,9.926599194907159696e-01,9.926703387504700604e-01,9.926703050320545563e-01,9.926571612929295796e-01,9.926571602614687739e-01,9.926698756136437263e-01,9.926599194907159696e-01,1.000000000000001110e+00,9.926599194907158585e-01,9.926698756136437263e-01,9.926571602614688850e-01,9.926571612929294686e-01,9.926703050320546673e-01,9.926703387504700604e-01,9.926599194907158585e-01,1.000000000000001110e+00,9.926593808700769905e-01,9.926566549104199888e-01,9.926566675069051771e-01,9.926698428309065347e-01,9.926703050320545563e-01,9.926698756136437263e-01,9.926593808700769905e-01,1.000000000000001110e+00,9.926456560975689403e-01,9.926434876846953470e-01,9.926566675069053991e-01,9.926571612929295796e-01,9.926571602614688850e-01,9.926566549104199888e-01,9.926456560975689403e-01,1.000000000000001110e+00
9.999999999999984457e-01,9.920003188982403630e-01,9.920133297355321345e-01,9.920139245593839750e-01,9.920139258817116668e-01,9.920133462208446939e-01,9.919977565300294176e-01,9.920003188982403630e-01,9.999999999999984457e-01,9.920165532614800830e-01,9.920289677106868265e-01,9.920294731758634299e-01,9.920289306535758911e-01,9.920133462208453601e-01,9.920133297355321345e-01,9.920165532614800830e-01,9.999999999999984457e-01,9.920171857617851030e-01,9.920295114319357399e-01,9.920294731758629858e-01,9.920139258817117778e-01,9.920139245593839750e-01,9.920289677106868265e-01,9.920171857617851030e-01,9.999999999999984457e-01,9.920171857617854361e-01,9.920289677106867154e-01,9.920139245593843080e-01,9.920139258817116668e-01,9.920294731758634299e-01,9.920295114319357399e-01,9.920171857617854361e-01,9.999999999999984457e-01,9.920165532614801940e-01,9.920133297355326896e-01,9.920133462208446939e-01,9.920289306535758911e-01,9.920294731758629858e-01,9.920289677106867154e-01,9.920165532614801940e-01,9.999999999999984457e-01,9.920003188982403630e-01,9.919977565300294176e-01,9.920133462208453601e-01,9.920139258817117778e-01,9.920139245593843080e-01,9.920133297355326896e-01,9.920003188982403630e-01,9.999999999999984457e-01
1.000000000000000444e+00,9.913289006836709660e-01,9.913441835988473505e-01,9.913448786661489542e-01,9.913448803428406286e-01,9.913442048969756115e-01,9.913258941716508454e-01,9.913289006836709660e-01,1.000000000000000444e+00,9.913479687047292988e-01,9.913625509529014890e-01,9.913631416210340053e-01,9.913625095267659670e-01,9.913442048969753895e-01,9.913441835988473505e-01,9.913479687047292988e-01,1.000000000000000444e+00,9.913487059768694154e-01,9.913631845666330822e-01,9.913631416210338942e-01,9.913448803428405176e-01,9.913448786661489542e-01,9.913625509529014890e-01,9.913487059768694154e-01,1.000000000000000444e+00,9.913487059768697485e-01,9.913625509529019331e-01,9.913448786661491763e-01,9.913448803428406286e-01,9.913631416210340053e-01,9.913631845666330822e-01,9.913487059768697485e-01,1.000000000000000444e+00,9.913479687047297428e-01,9.913441835988476836e-01,9.913442048969756115e-01,9.913625095267659670e-01,9.913631416210338942e-01,9.913625509529019331e-01,9.913479687047297428e-01,1.000000000000000444e+00,9.913289006836712991e-01,9.913258941716508454e-01,9.913442048969753895e-01,9.913448803428405176e-01,9.913448786661491763e-01,9.913441835988476836e-01,9.913289006836712991e-01,1.000000000000000444e+00
1.000000000000000666e+00,9.906315683024538021e-01,9.906494038198905283e-01,9.906502105807544201e-01,9.906502126853180545e-01,9.906494310163025396e-01,9.906280636640659720e-01,9.906315683024538021e-01,1.000000000000000666e+00,9.906538194941334474e-01,9.906708371585193351e-01,9.906715227627066467e-01,9.906707913575895086e-01,9.906494310163024286e-01,9.906494038198905283e-01,9.906538194941334474e-01,1.000000000000000666e+00,9.906546730243993570e-01,9.906715704697515168e-01,9.906715227627063136e-01,9.906502126853176105e-01,9.906502105807544201e-01,9.906708371585193351e-01,9.906546730243993570e-01,1.000000000000000666e+00,9.906546730244001342e-01,9.906708371585198902e-01,9.906502105807546421e-01,9.906502126853180545e-01,9.906715227627066467e-01,9.906715704697515168e-01,9.906546730244001342e-01,1.000000000000000666e+00,9.906538194941343356e-01,9.906494038198913055e-01,9.906494310163025396e-01,9.906707913575895086e-01,9.906715227627063136e-01,9.906708371585198902e-01,9.906538194941343356e-01,1.000000000000000666e+00,9.906315683024543572e-01,9.906280636640659720e-01,9.906494310163024286e-01,9.906502126853176105e-01,9.906502105807546421e-01,9.906494038198913055e-01,9.906315683024543572e-01,1.000000000000000666e+00
1.000000000000001776e+00,9.899084942925698849e-01,9.899291839828223694e-01,9.899301145582928285e-01,9.899301171752119544e-01,9.899292183433743286e-01,9.899044336707736313e-01,9.899084942925698849e-01,1.000000000000001776e+00,9.899343043174982926e-01,9.899540450871100461e-01,9.899548359296469480e-01,9.899539950125697541e-01,9.899292183433739956e-01,9.899291839828223694e-01,9.899343043174982926e-01,1.000000000000001776e+00,9.899352861598476050e-01,9.899548883728711557e-01,9.899548359296463929e-01,9.899301171752112882e-01,9.899301145582928285e-01,9.899540450871100461e-01,9.899352861598476050e-01,1.000000000000001776e+00,9.899352861598484932e-01,9.899540450871106012e-01,9.899301145582929395e-01,9.899301171752119544e-01,9.899548359296469480e-01,9.899548883728711557e-01,9.899352861598484932e-01,1.000000000000001776e+00,9.899343043174997359e-01,9.899291839828234796e-01,9.899292183433743286e-01,9.899539950125697541e-01,9.899548359296463929e-01,9.899540450871106012e-01,9.899343043174997359e-01,1.000000000000001776e+00,9.899084942925705510e-01,9.899044336707736313e-01,9.899292183433739956e-01,9.899301171752112882e-01,9.899301145582929395e-01,9.899291839828234796e-01,9.899084942925705510e-01,1.000000000000001776e+00
1.000000000000000888e+00,9.891598567566989297e-01,9.891837237836940133e-01,9.891847909535805838e-01,9.891847941792976107e-01,9.891837667746768981e-01,9.891551783474664683e-01,9.891598567566989297e-01,1.000000000000000888e+00,9.891896280954014520e-01,9.892124002520514825e-01,9.892133071935067523e-01,9.892123461314561439e-01,9.891837667746762319e-01,9.891837237836940133e-01,9.891896280954014520e-01,1.000000000000000888e+00,9.891907508399747639e-01,9.892133642318866604e-01,9.892133071935065303e-01,9.891847941792966115e-01,9.891847909535805838e-01,9.892124002520514825e-01,9.891907508399747639e-01,1.000000000000000888e+00,9.891907508399757631e-01,9.892124002520523707e-01,9.891847909535808059e-01,9.891847941792976107e-01,9.892133071935067523e-01,9.892133642318866604e-01,9.891907508399757631e-01,1.000000000000000888e+00,9.891896280954034504e-01,9.891837237836952346e-01,9.891837667746768981e-01,9.892123461314561439e-01,9.892133071935065303e-01,9.892124002520523707e-01,9.891896280954034504e-01,1.000000000000000888e+00,9.891598567567000400e-01,9.891551783474664683e-01,9.891837667746762319e-01,9.891847941792966115e-01,9.891847909535808059e-01,9.891837237836952346e-01,9.891598567567000400e-01,1.000000000000000888e+00
1.000000000000000222e+00,9.883858392344794241e-01,9.884132288741318551e-01,9.884144460611952177e-01,9.884144500051068594e-01,9.884132821834427096e-01,9.883804772222992696e-01,9.883858392344794241e-01,1.000000000000000222e+00,9.884200018167506041e-01,9.884461347287938349e-01,9.884471691738507815e-01,9.884460769368201838e-01,9.884132821834418214e-01,9.884132288741318551e-01,9.884200018167506041e-01,1.000000000000000222e+00,9.884212785533560419e-01,9.884472305307044904e-01,9.884471691738500043e-01,9.884144500051056381e-01,9.884144460611952177e-01,9.884461347287938349e-01,9.884212785533560419e-01,1.000000000000000222e+00,9.884212785533574852e-01,9.884461347287948341e-01,9.884144460611955507e-01,9.884144500051068594e-01,9.884471691738507815e-01,9.884472305307044904e-01,9.884212785533574852e-01,1.000000000000000222e+00,9.884200018167532686e-01,9.884132288741337424e-01,9.884132821834427096e-01,9.884460769368201838e-01,9.884471691738500043e-01,9.884461347287948341e-01,9.884200018167532686e-01,1.000000000000000222e+00,9.883858392344806454e-01,9.883804772222992696e-01,9.884132821834418214e-01,9.884144500051056381e-01,9.884144460611955507e-01,9.884132288741337424e-01,9.883858392344806454e-01,1.000000000000000222e+00
1.000000000000002220e+00,9.875866305718485894e-01,9.876179107016436198e-01,9.876192919521268321e-01,9.876192967375858611e-01,9.876179762610599600e-01,9.875805150733449889e-01,9.875866305718485894e-01,1.000000000000002220e+00,9.876256423708326126e-01,9.876554869591731567e-01,9.876566608392143287e-01,9.876554260396790408e-01,9.876179762610581836e-01,9.876179107016436198e-01,9.876256423708326126e-01,1.000000000000002220e+00,9.876270866474040622e-01,9.876567260809887561e-01,9.876566608392137736e-01,9.876192967375838627e-01,9.876192919521268321e-01,9.876554869591731567e-01,9.876270866474040622e-01,1.000000000000002220e+00,9.876270866474062826e-01,9.876554869591749330e-01,9.876192919521271651e-01,9.876192967375858611e-01,9.876566608392143287e-01,9.876567260809887561e-01,9.876270866474062826e-01,1.000000000000002220e+00,9.876256423708364984e-01,9.876179107016460623e-01,9.876179762610599600e-01,9.876554260396790408e-01,9.876566608392137736e-01,9.876554869591749330e-01,9.876256423708364984e-01,1.000000000000002220e+00,9.875866305718504767e-01,9.875805150733449889e-01,9.876179762610581836e-01,9.876192967375838627e-01,9.876192919521271651e-01,9.876179107016460623e-01,9.875866305718504767e-01,1.000000000000002220e+00
1.000000000000000444e+00,9.867624247876852772e-01,9.867979863468071544e-01,9.867995463073258033e-01,9.867995520726375869e-01,9.867980663553411746e-01,9.867554818034299791e-01,9.867624247876852772e-01,1.000000000000000444e+00,9.868067723761360099e-01,9.868407015521222236e-01,9.868420273045450664e-01,9.868406382414912636e-01,9.867980663553393983e-01,9.867979863468071544e-01,9.868067723761360099e-01,1.000000000000000444e+00,9.868083981521901249e-01,9.868420958183036218e-01,9.868420273045437341e-01,9.867995520726345893e-01,9.867995463073258033e-01,9.868407015521222236e-01,9.868083981521901249e-01,1.000000000000000444e+00,9.868083981521932335e-01,9.868407015521241110e-01,9.867995463073262474e-01,9.867995520726375869e-01,9.868420273045450664e-01,9.868420958183036218e-01,9.868083981521932335e-01,1.000000000000000444e+00,9.868067723761412280e-01,9.867979863468104851e-01,9.867980663553411746e-01,9.868406382414912636e-01,9.868420273045437341e-01,9.868407015521241110e-01,9.868067723761412280e-01,1.000000000000000444e+00,9.867624247876874977e-01,9.867554818034299791e-01,9.867980663553393983e-01,9.867995520726345893e-01,9.867995463073262474e-01,9.867979863468104851e-01,9.867624247876874977e-01,1.000000000000000444e+00
