9.999999999999993339e-01,9.999999999999993339e-01,9.999999999999993339e-01,9.999999999999993339e-01,9.999999999999993339e-01,9.999999999999993339e-01,9.999999999999993339e-01,9.999999999999993339e-01,9.999999999999993339e-01,9.999999999999993339e-01,9.999999999999993339e-01,9.999999999999993339e-01,9.999999999999993339e-01,9.999999999999993339e-01,9.999999999999993339e-01,9.999999999999993339e-01,9.999999999999993339e-01,9.999999999999993339e-01,9.999999999999993339e-01,9.999999999999993339e-01,9.999999999999993339e-01,9.999999999999993339e-01,9.999999999999993339e-01,9.999999999999993339e-01,9.999999999999993339e-01,9.999999999999993339e-01,9.999999999999993339e-01,9.999999999999993339e-01,9.999999999999993339e-01,9.999999999999993339e-01,9.999999999999993339e-01,9.999999999999993339e-01,9.999999999999993339e-01,9.999999999999993339e-01,9.999999999999993339e-01,9.999999999999993339e-01,9.999999999999993339e-01,9.999999999999993339e-01,9.999999999999993339e-01,9.999999999999993339e-01,9.999999999999993339e-01,9.999999999999993339e-01,9.999999999999993339e-01,9.999999999999993339e-01,9.999999999999993339e-01,9.999999999999993339e-01,9.999999999999993339e-01,9.999999999999993339e-01,9.999999999999993339e-01
9.999999999999985567e-01,9.999859378069512195e-01,9.999859378472673033e-01,9.999859378492244044e-01,9.999859378492244044e-01,9.999859378472569782e-01,9.999859377989078757e-01,9.999859378069512195e-01,9.999999999999985567e-01,9.999859378572971691e-01,9.999859378957698386e-01,9.999859378974318425e-01,9.999859378955883171e-01,9.999859378472572002e-01,9.999859378472673033e-01,9.999859378572971691e-01,9.999999999999985567e-01,9.999859378594359027e-01,9.999859378976130309e-01,9.999859378974317314e-01,9.999859378492245154e-01,9.999859378492244044e-01,9.999859378957698386e-01,9.999859378594359027e-01,9.999999999999985567e-01,9.999859378594359027e-01,9.999859378957698386e-01,9.999859378492245154e-01,9.999859378492244044e-01,9.999859378974318425e-01,9.999859378976130309e-01,9.999859378594359027e-01,9.999999999999985567e-01,9.999859378572971691e-01,9.999859378472671922e-01,9.999859378472569782e-01,9.999859378955883171e-01,9.999859378974317314e-01,9.999859378957698386e-01,9.999859378572971691e-01,9.999999999999985567e-01,9.999859378069508864e-01,9.999859377989078757e-01,9.999859378472572002e-01,9.999859378492245154e-01,9.999859378492245154e-01,9.999859378472671922e-01,9.999859378069508864e-01,9.999999999999985567e-01
9.999999999999965583e-01,9.999437549108505241e-01,9.999437555558147173e-01,9.999437555871172334e-01,9.999437555871165673e-01,9.999437555556583979e-01,9.999437547821850014e-01,9.999437549108505241e-01,9.999999999999965583e-01,9.999437557162688117e-01,9.999437563317389310e-01,9.999437563583193356e-01,9.999437563288429143e-01,9.999437555556582868e-01,9.999437555558147173e-01,9.999437557162688117e-01,9.999999999999965583e-01,9.999437557504666785e-01,9.999437563612147972e-01,9.999437563583194466e-01,9.999437555871164562e-01,9.999437555871172334e-01,9.999437563317389310e-01,9.999437557504666785e-01,9.999999999999965583e-01,9.999437557504667895e-01,9.999437563317390421e-01,9.999437555871172334e-01,9.999437555871165673e-01,9.999437563583193356e-01,9.999437563612147972e-01,9.999437557504667895e-01,9.999999999999965583e-01,9.999437557162690338e-01,9.999437555558146062e-01,9.999437555556583979e-01,9.999437563288429143e-01,9.999437563583194466e-01,9.999437563317390421e-01,9.999437557162690338e-01,9.999999999999965583e-01,9.999437549108505241e-01,9.999437547821850014e-01,9.999437555556582868e-01,9.999437555871164562e-01,9.999437555871172334e-01,9.999437555558146062e-01,9.999437549108505241e-01,9.999999999999965583e-01
1.000000000000001776e+00,9.998734623579184078e-01,9.998734656222572070e-01,9.998734657806065407e-01,9.998734657806058745e-01,9.998734656215093608e-01,9.998734617067811525e-01,9.998734623579184078e-01,1.000000000000001776e+00,9.998734664343299494e-01,9.998734695493881608e-01,9.998734696838502689e-01,9.998734695347775148e-01,9.998734656215091388e-01,9.998734656222572070e-01,9.998734664343299494e-01,1.000000000000001776e+00,9.998734666072868205e-01,9.998734696984595827e-01,9.998734696838502689e-01,9.998734657806058745e-01,9.998734657806065407e-01,9.998734695493881608e-01,9.998734666072868205e-01,1.000000000000001776e+00,9.998734666072867094e-01,9.998734695493882718e-01,9.998734657806065407e-01,9.998734657806058745e-01,9.998734696838502689e-01,9.998734696984595827e-01,9.998734666072867094e-01,1.000000000000001776e+00,9.998734664343301715e-01,9.998734656222572070e-01,9.998734656215093608e-01,9.998734695347775148e-01,9.998734696838502689e-01,9.998734695493882718e-01,9.998734664343301715e-01,1.000000000000001776e+00,9.998734623579185188e-01,9.998734617067811525e-01,9.998734656215091388e-01,9.998734657806058745e-01,9.998734657806065407e-01,9.998734656222572070e-01,9.998734623579185188e-01,1.000000000000001776e+00
9.999999999999984457e-01,9.997750785487771186e-01,9.997750888621940168e-01,9.997750893621254464e-01,9.997750893621371038e-01,9.997750888600250851e-01,9.997750764918842403e-01,9.997750785487771186e-01,9.999999999999984457e-01,9.997750914277439005e-01,9.997751012695058614e-01,9.997751016940273905e-01,9.997751012235560619e-01,9.997750888600251962e-01,9.997750888621940168e-01,9.997750914277439005e-01,9.999999999999984457e-01,9.997750919736219100e-01,9.997751017399862938e-01,9.997751016940275015e-01,9.997750893621372148e-01,9.997750893621254464e-01,9.997751012695058614e-01,9.997750919736219100e-01,9.999999999999984457e-01,9.997750919736221320e-01,9.997751012695058614e-01,9.997750893621255575e-01,9.997750893621371038e-01,9.997751016940273905e-01,9.997751017399862938e-01,9.997750919736221320e-01,9.999999999999984457e-01,9.997750914277439005e-01,9.997750888621939058e-01,9.997750888600250851e-01,9.997751012235560619e-01,9.997751016940275015e-01,9.997751012695058614e-01,9.997750914277439005e-01,9.999999999999984457e-01,9.997750785487771186e-01,9.997750764918842403e-01,9.997750888600251962e-01,9.997750893621372148e-01,9.997750893621255575e-01,9.997750888621939058e-01,9.997750785487771186e-01,9.999999999999984457e-01
1.000000000000001110e+00,9.996486292239442628e-01,9.996486543921867529e-01,9.996486556110594224e-01,9.996486556111316979e-01,9.996486543875032771e-01,9.996486242054418714e-01,9.996486292239442628e-01,1.000000000000001110e+00,9.996486606525969432e-01,9.996486846697959505e-01,9.996486857048303420e-01,9.996486845583258951e-01,9.996486543875032771e-01,9.996486543921867529e-01,9.996486606525969432e-01,1.000000000000001110e+00,9.996486619829547671e-01,9.996486858163624589e-01,9.996486857048303420e-01,9.996486556111315869e-01,9.996486556110594224e-01,9.996486846697959505e-01,9.996486619829547671e-01,1.000000000000001110e+00,9.996486619829547671e-01,9.996486846697960615e-01,9.996486556110594224e-01,9.996486556111316979e-01,9.996486857048303420e-01,9.996486858163624589e-01,9.996486619829547671e-01,1.000000000000001110e+00,9.996486606525970542e-01,9.996486543921866419e-01,9.996486543875032771e-01,9.996486845583258951e-01,9.996486857048303420e-01,9.996486846697960615e-01,9.996486606525970542e-01,1.000000000000001110e+00,9.996486292239442628e-01,9.996486242054418714e-01,9.996486543875032771e-01,9.996486556111315869e-01,9.996486556110594224e-01,9.996486543921866419e-01,9.996486292239442628e-01,1.000000000000001110e+00
1.000000000000000444e+00,9.994941474434301254e-01,9.994941996044474086e-01,9.994942021276912447e-01,9.994942021279517030e-01,9.994941995962830505e-01,9.994941370451879692e-01,9.994941474434301254e-01,1.000000000000000444e+00,9.994942125780833519e-01,9.994942623534559534e-01,9.994942644961709588e-01,9.994942621241137415e-01,9.994941995962831616e-01,9.994941996044474086e-01,9.994942125780833519e-01,1.000000000000000444e+00,9.994942153307583288e-01,9.994942647257428758e-01,9.994942644961709588e-01,9.994942021279515920e-01,9.994942021276912447e-01,9.994942623534559534e-01,9.994942153307583288e-01,1.000000000000000444e+00,9.994942153307583288e-01,9.994942623534561754e-01,9.994942021276912447e-01,9.994942021279517030e-01,9.994942644961709588e-01,9.994942647257428758e-01,9.994942153307583288e-01,1.000000000000000444e+00,9.994942125780833519e-01,9.994941996044475196e-01,9.994941995962830505e-01,9.994942621241137415e-01,9.994942644961709588e-01,9.994942623534561754e-01,9.994942125780833519e-01,1.000000000000000444e+00,9.994941474434301254e-01,9.994941370451879692e-01,9.994941995962831616e-01,9.994942021279515920e-01,9.994942021276912447e-01,9.994941996044475196e-01,9.994941474434301254e-01,1.000000000000000444e+00
9.999999999999983347e-01,9.993116735606648593e-01,9.993117701344712556e-01,9.993117747998869760e-01,9.993117748006098422e-01,9.993117701227262062e-01,9.993116543144059394e-01,9.993116735606648593e-01,9.999999999999983347e-01,9.993117941523421699e-01,9.993118863089832660e-01,9.993118902709035023e-01,9.993118858880357669e-01,9.993117701227262062e-01,9.993117701344712556e-01,9.993117941523421699e-01,9.999999999999983347e-01,9.993117992389958237e-01,9.993118906924961520e-01,9.993118902709033913e-01,9.993117748006099532e-01,9.993117747998869760e-01,9.993118863089832660e-01,9.993117992389958237e-01,9.999999999999983347e-01,9.993117992389959348e-01,9.993118863089832660e-01,9.993117747998869760e-01,9.993117748006098422e-01,9.993118902709035023e-01,9.993118906924961520e-01,9.993117992389959348e-01,9.999999999999983347e-01,9.993117941523422809e-01,9.993117701344712556e-01,9.993117701227262062e-01,9.993118858880357669e-01,9.993118902709033913e-01,9.993118863089832660e-01,9.993117941523422809e-01,9.999999999999983347e-01,9.993116735606648593e-01,9.993116543144059394e-01,9.993117701227262062e-01,9.993117748006099532e-01,9.993117747998869760e-01,9.993117701344712556e-01,9.993116735606648593e-01,9.999999999999983347e-01
9.999999999999994449e-01,9.991012551906688355e-01,9.991014198215427689e-01,9.991014277624490347e-01,9.991014277641540042e-01,9.991014198081448194e-01,9.991012223923316782e-01,9.991012551906688355e-01,9.999999999999994449e-01,9.991014607607765496e-01,9.991016178611489273e-01,9.991016246048303184e-01,9.991016171507641763e-01,9.991014198081449305e-01,9.991014198215427689e-01,9.991014607607765496e-01,9.999999999999994449e-01,9.991014694128079743e-01,9.991016253167462891e-01,9.991016246048302074e-01,9.991014277641540042e-01,9.991014277624490347e-01,9.991016178611489273e-01,9.991014694128079743e-01,9.999999999999994449e-01,9.991014694128078633e-01,9.991016178611488163e-01,9.991014277624491458e-01,9.991014277641540042e-01,9.991016246048303184e-01,9.991016253167462891e-01,9.991014694128078633e-01,9.999999999999994449e-01,9.991014607607763276e-01,9.991014198215427689e-01,9.991014198081448194e-01,9.991016171507641763e-01,9.991016246048302074e-01,9.991016178611488163e-01,9.991014607607763276e-01,9.999999999999994449e-01,9.991012551906689465e-01,9.991012223923316782e-01,9.991014198081449305e-01,9.991014277641540042e-01,9.991014277624491458e-01,9.991014198215427689e-01,9.991012551906689465e-01,9.999999999999994449e-01
1.000000000000000000e+00,9.988629471725567477e-01,9.988632106622240547e-01,9.988632233492518164e-01,9.988632233528332849e-01,9.988632106527829402e-01,9.988628946992823554e-01,9.988629471725567477e-01,1.000000000000000000e+00,9.988632761769662416e-01,9.988635276132730167e-01,9.988635383878378127e-01,9.988635264893755972e-01,9.988632106527833843e-01,9.988632106622240547e-01,9.988632761769662416e-01,1.000000000000000000e+00,9.988632899895174555e-01,9.988635395149652041e-01,9.988635383878378127e-01,9.988632233528335069e-01,9.988632233492518164e-01,9.988635276132730167e-01,9.988632899895174555e-01,1.000000000000000000e+00,9.988632899895172335e-01,9.988635276132726837e-01,9.988632233492521495e-01,9.988632233528332849e-01,9.988635383878378127e-01,9.988635395149652041e-01,9.988632899895172335e-01,1.000000000000000000e+00,9.988632761769660195e-01,9.988632106622242768e-01,9.988632106527829402e-01,9.988635264893755972e-01,9.988635383878378127e-01,9.988635276132726837e-01,9.988632761769660195e-01,1.000000000000000000e+00,9.988629471725565256e-01,9.988628946992823554e-01,9.988632106527833843e-01,9.988632233528335069e-01,9.988632233492521495e-01,9.988632106622242768e-01,9.988629471725565256e-01,1.000000000000000000e+00
9.999999999999998890e-01,9.985968115264615141e-01,9.985972127569312518e-01,9.985972320382702216e-01,9.985972320451688145e-01,9.985972127629550998e-01,9.985967316565919072e-01,9.985968115264615141e-01,9.999999999999998890e-01,9.985973125062918010e-01,9.985976953809306833e-01,9.985977117563025196e-01,9.985976936917156932e-01,9.985972127629555439e-01,9.985972127569312518e-01,9.985973125062918010e-01,9.999999999999998890e-01,9.985973334800655188e-01,9.985977134517557419e-01,9.985977117563026306e-01,9.985972320451692585e-01,9.985972320382702216e-01,9.985976953809306833e-01,9.985973334800655188e-01,9.999999999999998890e-01,9.985973334800652967e-01,9.985976953809304613e-01,9.985972320382704437e-01,9.985972320451688145e-01,9.985977117563025196e-01,9.985977134517557419e-01,9.985973334800652967e-01,9.999999999999998890e-01,9.985973125062914679e-01,9.985972127569311407e-01,9.985972127629550998e-01,9.985976936917156932e-01,9.985977117563026306e-01,9.985976953809304613e-01,9.985973125062914679e-01,9.999999999999998890e-01,9.985968115264615141e-01,9.985967316565919072e-01,9.985972127629555439e-01,9.985972320451692585e-01,9.985972320382704437e-01,9.985972127569311407e-01,9.985968115264615141e-01,9.999999999999998890e-01
9.999999999999990008e-01,9.983029174049102838e-01,9.983035042496505307e-01,9.983035323895599333e-01,9.983035324019735590e-01,9.983035042913942503e-01,9.983028006413759980e-01,9.983029174049102838e-01,9.999999999999990008e-01,9.983036501223239156e-01,9.983042101171745175e-01,9.983042340168454265e-01,9.983042076823530619e-01,9.983035042913948054e-01,9.983035042496505307e-01,9.983036501223239156e-01,9.999999999999990008e-01,9.983036807029507242e-01,9.983042364629116650e-01,9.983042340168454265e-01,9.983035324019741141e-01,9.983035323895599333e-01,9.983042101171745175e-01,9.983036807029507242e-01,9.999999999999990008e-01,9.983036807029505022e-01,9.983042101171742955e-01,9.983035323895602664e-01,9.983035324019735590e-01,9.983042340168454265e-01,9.983042364629116650e-01,9.983036807029505022e-01,9.999999999999990008e-01,9.983036501223233605e-01,9.983035042496508638e-01,9.983035042913942503e-01,9.983042076823530619e-01,9.983042340168454265e-01,9.983042101171742955e-01,9.983036501223233605e-01,9.999999999999990008e-01,9.983029174049105059e-01,9.983028006413759980e-01,9.983035042913948054e-01,9.983035324019741141e-01,9.983035323895602664e-01,9.983035042496508638e-01,9.983029174049105059e-01,9.999999999999990008e-01
1.000000000000000666e+00,9.979813410387533557e-01,9.979821712609285855e-01,9.979822109763247795e-01,9.979822109974653133e-01,9.979821713709337017e-01,9.979811759362190449e-01,9.979813410387533557e-01,1.000000000000000666e+00,9.979823775961175203e-01,9.979831698294304720e-01,9.979832035616079677e-01,9.979831664402870617e-01,9.979821713709345898e-01,9.979821712609285855e-01,9.979823775961175203e-01,1.000000000000000666e+00,9.979824207108120016e-01,9.979832069699242636e-01,9.979832035616080788e-01,9.979822109974663125e-01,9.979822109763247795e-01,9.979831698294304720e-01,9.979824207108120016e-01,1.000000000000000666e+00,9.979824207108115575e-01,9.979831698294302500e-01,9.979822109763253346e-01,9.979822109974653133e-01,9.979832035616079677e-01,9.979832069699242636e-01,9.979824207108115575e-01,1.000000000000000666e+00,9.979823775961167431e-01,9.979821712609286966e-01,9.979821713709337017e-01,9.979831664402870617e-01,9.979832035616080788e-01,9.979831698294302500e-01,9.979823775961167431e-01,1.000000000000000666e+00,9.979813410387534667e-01,9.979811759362190449e-01,9.979821713709345898e-01,9.979822109974663125e-01,9.979822109763253346e-01,9.979821712609286966e-01,9.979813410387534667e-01,1.000000000000000666e+00
1.000000000000003553e+00,9.976321656777120683e-01,9.976333078142231026e-01,9.976333623091711011e-01,9.976333623435712505e-01,9.976333080416154298e-01,9.976319386738415895e-01,9.976321656777120683e-01,1.000000000000003553e+00,9.976335916185148367e-01,9.976346814882030012e-01,9.976347277751834719e-01,9.976346769085325805e-01,9.976333080416164290e-01,9.976333078142231026e-01,9.976335916185148367e-01,1.000000000000003553e+00,9.976336507097743889e-01,9.976347323860768057e-01,9.976347277751836939e-01,9.976333623435724718e-01,9.976333623091711011e-01,9.976346814882030012e-01,9.976336507097743889e-01,1.000000000000003553e+00,9.976336507097736117e-01,9.976346814882024461e-01,9.976333623091717673e-01,9.976333623435712505e-01,9.976347277751834719e-01,9.976347323860768057e-01,9.976336507097736117e-01,1.000000000000003553e+00,9.976335916185136155e-01,9.976333078142231026e-01,9.976333080416154298e-01,9.976346769085325805e-01,9.976347277751836939e-01,9.976346814882024461e-01,9.976335916185136155e-01,1.000000000000003553e+00,9.976321656777124014e-01,9.976319386738415895e-01,9.976333080416164290e-01,9.976333623435724718e-01,9.976333623091717673e-01,9.976333078142231026e-01,9.976321656777124014e-01,1.000000000000003553e+00
9.999999999999995559e-01,9.972554815256616800e-01,9.972570157557679726e-01,9.972570887537030027e-01,9.972570888075734663e-01,9.972570161713654180e-01,9.972551767768502717e-01,9.972554815256616800e-01,9.999999999999995559e-01,9.972573969156078855e-01,9.972588609277689420e-01,9.972589229333918004e-01,9.972588548957633803e-01,9.972570161713666392e-01,9.972570157557679726e-01,9.972573969156078855e-01,9.999999999999995559e-01,9.972574759717151016e-01,9.972589290143174523e-01,9.972589229333919114e-01,9.972570888075746876e-01,9.972570887537030027e-01,9.972588609277689420e-01,9.972574759717151016e-01,9.999999999999995559e-01,9.972574759717145465e-01,9.972588609277684979e-01,9.972570887537036688e-01,9.972570888075734663e-01,9.972589229333918004e-01,9.972589290143174523e-01,9.972574759717145465e-01,9.999999999999995559e-01,9.972573969156067752e-01,9.972570157557678616e-01,9.972570161713654180e-01,9.972588548957633803e-01,9.972589229333919114e-01,9.972588609277684979e-01,9.972573969156067752e-01,9.999999999999995559e-01,9.972554815256616800e-01,9.972551767768502717e-01,9.972570161713666392e-01,9.972570888075746876e-01,9.972570887537036688e-01,9.972570157557678616e-01,9.972554815256616800e-01,9.999999999999995559e-01
9.999999999999991118e-01,9.968513856707681420e-01,9.968534046681022387e-01,9.968535004416240186e-01,9.968535005232627144e-01,9.968534053703911324e-01,9.968509848926833117e-01,9.968513856707681420e-01,9.999999999999991118e-01,9.968539061575321103e-01,9.968558327390658613e-01,9.968559140941044561e-01,9.968558249702100804e-01,9.968534053703922426e-01,9.968534046681022387e-01,9.968539061575321103e-01,9.999999999999991118e-01,9.968540097396367816e-01,9.968559219371203595e-01,9.968559140941044561e-01,9.968535005232638246e-01,9.968535004416240186e-01,9.968558327390658613e-01,9.968540097396367816e-01,9.999999999999991118e-01,9.968540097396363375e-01,9.968558327390653062e-01,9.968535004416245737e-01,9.968535005232627144e-01,9.968559140941044561e-01,9.968559219371203595e-01,9.968540097396363375e-01,9.999999999999991118e-01,9.968539061575312221e-01,9.968534046681024607e-01,9.968534053703911324e-01,9.968558249702100804e-01,9.968559140941044561e-01,9.968558327390653062e-01,9.968539061575312221e-01,9.999999999999991118e-01,9.968513856707682530e-01,9.968509848926833117e-01,9.968534053703922426e-01,9.968535005232638246e-01,9.968535004416245737e-01,9.968534046681024607e-01,9.968513856707682530e-01,9.999999999999991118e-01
1.000000000000001110e+00,9.964199820105142935e-01,9.964225917773358310e-01,9.964227151754163625e-01,9.964227152956737221e-01,9.964225928993587500e-01,9.964194643237681559e-01,9.964199820105142935e-01,1.000000000000001110e+00,9.964232398606617247e-01,9.964257301548796741e-01,9.964258349802382897e-01,9.964257203459179202e-01,9.964225928993598602e-01,9.964225917773358310e-01,9.964232398606617247e-01,1.000000000000001110e+00,9.964233731262288618e-01,9.964258448984585348e-01,9.964258349802384007e-01,9.964227152956747213e-01,9.964227151754163625e-01,9.964257301548796741e-01,9.964233731262288618e-01,1.000000000000001110e+00,9.964233731262285287e-01,9.964257301548791190e-01,9.964227151754169176e-01,9.964227152956737221e-01,9.964258349802382897e-01,9.964258448984585348e-01,9.964233731262285287e-01,1.000000000000001110e+00,9.964232398606610586e-01,9.964225917773358310e-01,9.964225928993587500e-01,9.964257203459179202e-01,9.964258349802384007e-01,9.964257301548791190e-01,9.964232398606610586e-01,1.000000000000001110e+00,9.964199820105142935e-01,9.964194643237681559e-01,9.964225928993598602e-01,9.964227152956747213e-01,9.964227151754169176e-01,9.964225917773358310e-01,9.964199820105142935e-01,1.000000000000001110e+00
9.999999999999981126e-01,9.959613811718166509e-01,9.959647018543910102e-01,9.959648583268576605e-01,9.959648584996552145e-01,9.959647035715999408e-01,9.959607229530867967e-01,9.959613811718166509e-01,9.999999999999981126e-01,9.959655262834695710e-01,9.959686949276328471e-01,9.959688278552204510e-01,9.959686827616578420e-01,9.959647035716008290e-01,9.959647018543910102e-01,9.959655262834695710e-01,9.999999999999981126e-01,9.959656950058930480e-01,9.959688401781938705e-01,9.959688278552203400e-01,9.959648584996561027e-01,9.959648583268576605e-01,9.959686949276328471e-01,9.959656950058930480e-01,9.999999999999981126e-01,9.959656950058923819e-01,9.959686949276324031e-01,9.959648583268581046e-01,9.959648584996552145e-01,9.959688278552204510e-01,9.959688401781938705e-01,9.959656950058923819e-01,9.999999999999981126e-01,9.959655262834687939e-01,9.959647018543910102e-01,9.959647035715999408e-01,9.959686827616578420e-01,9.959688278552203400e-01,9.959686949276324031e-01,9.959655262834687939e-01,9.999999999999981126e-01,9.959613811718166509e-01,9.959607229530867967e-01,9.959647035716008290e-01,9.959648584996561027e-01,9.959648583268581046e-01,9.959647018543910102e-01,9.959613811718166509e-01,9.999999999999981126e-01
9.999999999999992228e-01,9.954757004263460329e-01,9.954798671103747276e-01,9.954800627295284920e-01,9.954800629724334105e-01,9.954798696494836507e-01,9.954748751652431338e-01,9.954757004263460329e-01,9.999999999999992228e-01,9.954809013162084774e-01,9.954848771999690316e-01,9.954850433911274221e-01,9.954848623526822982e-01,9.954798696494840948e-01,9.954798671103747276e-01,9.954809013162084774e-01,9.999999999999992228e-01,9.954811119004034481e-01,9.954850584590935192e-01,9.954850433911274221e-01,9.954800629724340766e-01,9.954800627295284920e-01,9.954848771999690316e-01,9.954811119004034481e-01,9.999999999999992228e-01,9.954811119004030040e-01,9.954848771999686985e-01,9.954800627295289361e-01,9.954800629724334105e-01,9.954850433911274221e-01,9.954850584590935192e-01,9.954811119004030040e-01,9.999999999999992228e-01,9.954809013162078113e-01,9.954798671103747276e-01,9.954798696494836507e-01,9.954848623526822982e-01,9.954850433911274221e-01,9.954848771999686985e-01,9.954809013162078113e-01,9.999999999999992228e-01,9.954757004263461440e-01,9.954748751652431338e-01,9.954798696494840948e-01,9.954800629724340766e-01,9.954800627295289361e-01,9.954798671103747276e-01,9.954757004263461440e-01,9.999999999999992228e-01
1.000000000000001998e+00,9.949630636011105311e-01,9.949682270861828215e-01,9.949684685654284211e-01,9.949684689002813442e-01,9.949682307350589117e-01,9.949620417630802294e-01,9.949630636011105311e-01,1.000000000000001998e+00,9.949695083645343496e-01,9.949744353682945519e-01,9.949746405296694407e-01,9.949744175154817682e-01,9.949682307350596888e-01,9.949682270861828215e-01,9.949695083645343496e-01,1.000000000000001998e+00,9.949697678583383498e-01,9.949746586866472509e-01,9.949746405296692187e-01,9.949684689002817883e-01,9.949684685654284211e-01,9.949744353682945519e-01,9.949697678583383498e-01,1.000000000000001998e+00,9.949697678583380167e-01,9.949744353682943299e-01,9.949684685654287541e-01,9.949684689002813442e-01,9.949746405296694407e-01,9.949746586866472509e-01,9.949697678583380167e-01,1.000000000000001998e+00,9.949695083645340166e-01,9.949682270861830435e-01,9.949682307350589117e-01,9.949744175154817682e-01,9.949746405296692187e-01,9.949744353682943299e-01,9.949695083645340166e-01,1.000000000000001998e+00,9.949630636011104201e-01,9.949620417630802294e-01,9.949682307350596888e-01,9.949684689002817883e-01,9.949684685654287541e-01,9.949682270861830435e-01,9.949630636011104201e-01,1.000000000000001998e+00
1.000000000000000444e+00,9.944236009845287549e-01,9.944299285366117180e-01,9.944302232459817370e-01,9.944302236995793409e-01,9.944299336552364643e-01,9.944223498800593974e-01,9.944236009845287549e-01,1.000000000000000444e+00,9.944314982273536607e-01,9.944375359396062652e-01,9.944377863363543790e-01,9.944375147658656156e-01,9.944299336552369084e-01,9.944299285366117180e-01,9.944314982273536607e-01,1.000000000000000444e+00,9.944318143285765244e-01,9.944378079220244082e-01,9.944377863363542680e-01,9.944302236995797850e-01,9.944302232459817370e-01,9.944375359396062652e-01,9.944318143285765244e-01,1.000000000000000444e+00,9.944318143285764133e-01,9.944375359396060432e-01,9.944302232459819590e-01,9.944302236995793409e-01,9.944377863363543790e-01,9.944378079220244082e-01,9.944318143285764133e-01,1.000000000000000444e+00,9.944314982273533277e-01,9.944299285366118291e-01,9.944299336552364643e-01,9.944375147658656156e-01,9.944377863363542680e-01,9.944375359396060432e-01,9.944314982273533277e-01,1.000000000000000444e+00,9.944236009845289770e-01,9.944223498800593974e-01,9.944299336552369084e-01,9.944302236995797850e-01,9.944302232459819590e-01,9.944299285366118291e-01,9.944236009845289770e-01,1.000000000000000444e+00
9.999999999999998890e-01,9.938574492281119221e-01,9.938651253091332904e-01,9.938654812876041023e-01,9.938654818924329559e-01,9.938651323416595185e-01,9.938559328885020472e-01,9.938574492281119221e-01,9.999999999999998890e-01,9.938670289690709758e-01,9.938743533818228393e-01,9.938746558480576754e-01,9.938743285905766722e-01,9.938651323416599626e-01,9.938651253091332904e-01,9.938670289690709758e-01,9.999999999999998890e-01,9.938674100280542323e-01,9.938746811884030530e-01,9.938746558480573423e-01,9.938654818924331780e-01,9.938654812876041023e-01,9.938743533818228393e-01,9.938674100280542323e-01,9.999999999999998890e-01,9.938674100280542323e-01,9.938743533818225062e-01,9.938654812876043243e-01,9.938654818924329559e-01,9.938746558480576754e-01,9.938746811884030530e-01,9.938674100280542323e-01,9.999999999999998890e-01,9.938670289690705317e-01,9.938651253091336235e-01,9.938651323416595185e-01,9.938743285905766722e-01,9.938746558480573423e-01,9.938743533818225062e-01,9.938670289690705317e-01,9.999999999999998890e-01,9.938574492281119221e-01,9.938559328885020472e-01,9.938651323416599626e-01,9.938654818924331780e-01,9.938654812876043243e-01,9.938651253091336235e-01,9.938574492281119221e-01,9.999999999999998890e-01
1.000000000000000444e+00,9.932647512438569359e-01,9.932739782174978549e-01,9.932744041820016356e-01,9.932744049770184658e-01,9.932739877054252986e-01,9.932629303037863178e-01,9.932647512438569359e-01,1.000000000000000444e+00,9.932762657864091516e-01,9.932850699678419382e-01,9.932854319142274679e-01,9.932850412926622630e-01,9.932739877054256317e-01,9.932739782174978549e-01,9.932762657864091516e-01,1.000000000000000444e+00,9.932767208039684492e-01,9.932854613109045605e-01,9.932854319142274679e-01,9.932744049770186878e-01,9.932744041820016356e-01,9.932850699678419382e-01,9.932767208039684492e-01,1.000000000000000444e+00,9.932767208039682272e-01,9.932850699678417161e-01,9.932744041820018577e-01,9.932744049770184658e-01,9.932854319142274679e-01,9.932854613109045605e-01,9.932767208039682272e-01,1.000000000000000444e+00,9.932762657864089295e-01,9.932739782174980769e-01,9.932739877054252986e-01,9.932850412926622630e-01,9.932854319142274679e-01,9.932850699678417161e-01,9.932762657864089295e-01,1.000000000000000444e+00,9.932647512438569359e-01,9.932629303037863178e-01,9.932739877054256317e-01,9.932744049770186878e-01,9.932744041820018577e-01,9.932739782174980769e-01,9.932647512438569359e-01,1.000000000000000444e+00
1.000000000000002665e+00,9.926456560975704946e-01,9.926566549104212100e-01,9.926571602614702172e-01,9.926571612929309119e-01,9.926566675069067314e-01,9.926434876846969013e-01,9.926456560975704946e-01,1.000000000000002665e+00,9.926593808700786559e-01,9.926698756136452806e-01,9.926703050320563326e-01,9.926698428309083111e-01,9.926566675069070644e-01,9.926566549104212100e-01,9.926593808700786559e-01,1.000000000000002665e+00,9.926599194907173018e-01,9.926703387504713927e-01,9.926703050320562216e-01,9.926571612929311339e-01,9.926571602614702172e-01,9.926698756136452806e-01,9.926599194907173018e-01,1.000000000000002665e+00,9.926599194907173018e-01,9.926698756136453916e-01,9.926571602614703282e-01,9.926571612929309119e-01,9.926703050320563326e-01,9.926703387504713927e-01,9.926599194907173018e-01,1.000000000000002665e+00,9.926593808700786559e-01,9.926566549104214321e-01,9.926566675069067314e-01,9.926698428309083111e-01,9.926703050320562216e-01,9.926698756136453916e-01,9.926593808700786559e-01,1.000000000000002665e+00,9.926456560975707166e-01,9.926434876846969013e-01,9.926566675069070644e-01,9.926571612929311339e-01,9.926571602614703282e-01,9.926566549104214321e-01,9.926456560975707166e-01,1.000000000000002665e+00
9.999999999999978906e-01,9.920003188982395859e-01,9.920133297355315793e-01,9.920139245593834199e-01,9.920139258817112227e-01,9.920133462208443609e-01,9.919977565300286404e-01,9.920003188982395859e-01,9.999999999999978906e-01,9.920165532614793058e-01,9.920289677106859383e-01,9.920294731758626527e-01,9.920289306535753360e-01,9.920133462208443609e-01,9.920133297355315793e-01,9.920165532614793058e-01,9.999999999999978906e-01,9.920171857617846589e-01,9.920295114319354068e-01,9.920294731758626527e-01,9.920139258817110006e-01,9.920139245593834199e-01,9.920289677106859383e-01,9.920171857617846589e-01,9.999999999999978906e-01,9.920171857617847699e-01,9.920289677106862714e-01,9.920139245593835309e-01,9.920139258817112227e-01,9.920294731758626527e-01,9.920295114319354068e-01,9.920171857617847699e-01,9.999999999999978906e-01,9.920165532614795278e-01,9.920133297355320234e-01,9.920133462208443609e-01,9.920289306535753360e-01,9.920294731758626527e-01,9.920289677106862714e-01,9.920165532614795278e-01,9.999999999999978906e-01,9.920003188982398079e-01,9.919977565300286404e-01,9.920133462208443609e-01,9.920139258817110006e-01,9.920139245593835309e-01,9.920133297355320234e-01,9.920003188982398079e-01,9.999999999999978906e-01
9.999999999999995559e-01,9.913289006836704109e-01,9.913441835988464623e-01,9.913448786661483991e-01,9.913448803428398515e-01,9.913442048969747233e-01,9.913258941716501793e-01,9.913289006836704109e-01,9.999999999999995559e-01,9.913479687047285216e-01,9.913625509529010449e-01,9.913631416210333391e-01,9.913625095267655229e-01,9.913442048969749454e-01,9.913441835988464623e-01,9.913479687047285216e-01,9.999999999999995559e-01,9.913487059768686382e-01,9.913631845666321940e-01,9.913631416210330061e-01,9.913448803428396294e-01,9.913448786661483991e-01,9.913625509529010449e-01,9.913487059768686382e-01,9.999999999999995559e-01,9.913487059768688603e-01,9.913625509529010449e-01,9.913448786661486212e-01,9.913448803428398515e-01,9.913631416210333391e-01,9.913631845666321940e-01,9.913487059768688603e-01,9.999999999999995559e-01,9.913479687047291877e-01,9.913441835988471285e-01,9.913442048969747233e-01,9.913625095267655229e-01,9.913631416210330061e-01,9.913625509529010449e-01,9.913479687047291877e-01,9.999999999999995559e-01,9.913289006836707440e-01,9.913258941716501793e-01,9.913442048969749454e-01,9.913448803428396294e-01,9.913448786661486212e-01,9.913441835988471285e-01,9.913289006836707440e-01,9.999999999999995559e-01
9.999999999999993339e-01,9.906315683024522478e-01,9.906494038198890850e-01,9.906502105807528658e-01,9.906502126853163892e-01,9.906494310163010963e-01,9.906280636640643067e-01,9.906315683024522478e-01,9.999999999999993339e-01,9.906538194941318931e-01,9.906708371585178918e-01,9.906715227627047593e-01,9.906707913575880653e-01,9.906494310163008743e-01,9.906494038198890850e-01,9.906538194941318931e-01,9.999999999999993339e-01,9.906546730243978027e-01,9.906715704697497404e-01,9.906715227627049813e-01,9.906502126853160561e-01,9.906502105807528658e-01,9.906708371585178918e-01,9.906546730243978027e-01,9.999999999999993339e-01,9.906546730243983578e-01,9.906708371585182249e-01,9.906502105807529768e-01,9.906502126853163892e-01,9.906715227627047593e-01,9.906715704697497404e-01,9.906546730243983578e-01,9.999999999999993339e-01,9.906538194941327813e-01,9.906494038198895291e-01,9.906494310163010963e-01,9.906707913575880653e-01,9.906715227627049813e-01,9.906708371585182249e-01,9.906538194941327813e-01,9.999999999999993339e-01,9.906315683024526919e-01,9.906280636640643067e-01,9.906494310163008743e-01,9.906502126853160561e-01,9.906502105807529768e-01,9.906494038198895291e-01,9.906315683024526919e-01,9.999999999999993339e-01
1.000000000000001998e+00,9.899084942925697739e-01,9.899291839828225914e-01,9.899301145582927175e-01,9.899301171752119544e-01,9.899292183433744396e-01,9.899044336707735203e-01,9.899084942925697739e-01,1.000000000000001998e+00,9.899343043174984036e-01,9.899540450871099351e-01,9.899548359296467259e-01,9.899539950125696430e-01,9.899292183433738845e-01,9.899291839828225914e-01,9.899343043174984036e-01,1.000000000000001998e+00,9.899352861598476050e-01,9.899548883728711557e-01,9.899548359296463929e-01,9.899301171752112882e-01,9.899301145582927175e-01,9.899540450871099351e-01,9.899352861598476050e-01,1.000000000000001998e+00,9.899352861598482711e-01,9.899540450871103792e-01,9.899301145582928285e-01,9.899301171752119544e-01,9.899548359296467259e-01,9.899548883728711557e-01,9.899352861598482711e-01,1.000000000000001998e+00,9.899343043174994028e-01,9.899291839828232575e-01,9.899292183433744396e-01,9.899539950125696430e-01,9.899548359296463929e-01,9.899540450871103792e-01,9.899343043174994028e-01,1.000000000000001998e+00,9.899084942925704400e-01,9.899044336707735203e-01,9.899292183433738845e-01,9.899301171752112882e-01,9.899301145582928285e-01,9.899291839828232575e-01,9.899084942925704400e-01,1.000000000000001998e+00
1.000000000000001998e+00,9.891598567567004840e-01,9.891837237836952346e-01,9.891847909535818051e-01,9.891847941792988319e-01,9.891837667746781193e-01,9.891551783474676895e-01,9.891598567567004840e-01,1.000000000000001998e+00,9.891896280954027842e-01,9.892124002520527037e-01,9.892133071935080846e-01,9.892123461314574762e-01,9.891837667746775642e-01,9.891837237836952346e-01,9.891896280954027842e-01,1.000000000000001998e+00,9.891907508399758742e-01,9.892133642318879927e-01,9.892133071935074184e-01,9.891847941792978327e-01,9.891847909535818051e-01,9.892124002520527037e-01,9.891907508399758742e-01,1.000000000000001998e+00,9.891907508399769844e-01,9.892124002520533699e-01,9.891847909535819161e-01,9.891847941792988319e-01,9.892133071935080846e-01,9.892133642318879927e-01,9.891907508399769844e-01,1.000000000000001998e+00,9.891896280954046716e-01,9.891837237836964558e-01,9.891837667746781193e-01,9.892123461314574762e-01,9.892133071935074184e-01,9.892124002520533699e-01,9.891896280954046716e-01,1.000000000000001998e+00,9.891598567567011502e-01,9.891551783474676895e-01,9.891837667746775642e-01,9.891847941792978327e-01,9.891847909535819161e-01,9.891837237836964558e-01,9.891598567567011502e-01,1.000000000000001998e+00
9.999999999999986677e-01,9.883858392344773147e-01,9.884132288741301897e-01,9.884144460611933303e-01,9.884144500051050830e-01,9.884132821834408222e-01,9.883804772222972712e-01,9.883858392344773147e-01,9.999999999999986677e-01,9.884200018167488277e-01,9.884461347287916144e-01,9.884471691738487831e-01,9.884460769368180744e-01,9.884132821834399341e-01,9.884132288741301897e-01,9.884200018167488277e-01,9.999999999999986677e-01,9.884212785533541545e-01,9.884472305307027140e-01,9.884471691738482280e-01,9.884144500051037507e-01,9.884144460611933303e-01,9.884461347287916144e-01,9.884212785533541545e-01,9.999999999999986677e-01,9.884212785533557089e-01,9.884461347287926136e-01,9.884144460611935523e-01,9.884144500051050830e-01,9.884471691738487831e-01,9.884472305307027140e-01,9.884212785533557089e-01,9.999999999999986677e-01,9.884200018167514923e-01,9.884132288741317440e-01,9.884132821834408222e-01,9.884460769368180744e-01,9.884471691738482280e-01,9.884461347287926136e-01,9.884200018167514923e-01,9.999999999999986677e-01,9.883858392344786470e-01,9.883804772222972712e-01,9.884132821834399341e-01,9.884144500051037507e-01,9.884144460611935523e-01,9.884132288741317440e-01,9.883858392344786470e-01,9.999999999999986677e-01
9.999999999999984457e-01,9.875866305718450366e-01,9.876179107016399561e-01,9.876192919521233904e-01,9.876192967375821974e-01,9.876179762610560742e-01,9.875805150733415472e-01,9.875866305718450366e-01,9.999999999999984457e-01,9.876256423708289489e-01,9.876554869591698260e-01,9.876566608392107760e-01,9.876554260396753770e-01,9.876179762610548529e-01,9.876179107016399561e-01,9.876256423708289489e-01,9.999999999999984457e-01,9.876270866474003984e-01,9.876567260809847593e-01,9.876566608392098878e-01,9.876192967375801990e-01,9.876192919521233904e-01,9.876554869591698260e-01,9.876270866474003984e-01,9.999999999999984457e-01,9.876270866474027299e-01,9.876554869591710473e-01,9.876192919521237235e-01,9.876192967375821974e-01,9.876566608392107760e-01,9.876567260809847593e-01,9.876270866474027299e-01,9.999999999999984457e-01,9.876256423708326126e-01,9.876179107016423986e-01,9.876179762610560742e-01,9.876554260396753770e-01,9.876566608392098878e-01,9.876554869591710473e-01,9.876256423708326126e-01,9.999999999999984457e-01,9.875866305718468130e-01,9.875805150733415472e-01,9.876179762610548529e-01,9.876192967375801990e-01,9.876192919521237235e-01,9.876179107016423986e-01,9.875866305718468130e-01,9.999999999999984457e-01
9.999999999999992228e-01,9.867624247876836119e-01,9.867979863468057111e-01,9.867995463073241380e-01,9.867995520726361436e-01,9.867980663553396203e-01,9.867554818034283137e-01,9.867624247876836119e-01,9.999999999999992228e-01,9.868067723761343446e-01,9.868407015521204473e-01,9.868420273045435120e-01,9.868406382414897093e-01,9.867980663553378440e-01,9.867979863468057111e-01,9.868067723761343446e-01,9.999999999999992228e-01,9.868083981521884596e-01,9.868420958183022895e-01,9.868420273045424018e-01,9.867995520726332570e-01,9.867995463073241380e-01,9.868407015521204473e-01,9.868083981521884596e-01,9.999999999999992228e-01,9.868083981521915682e-01,9.868407015521225567e-01,9.867995463073245821e-01,9.867995520726361436e-01,9.868420273045435120e-01,9.868420958183022895e-01,9.868083981521915682e-01,9.999999999999992228e-01,9.868067723761396737e-01,9.867979863468090418e-01,9.867980663553396203e-01,9.868406382414897093e-01,9.868420273045424018e-01,9.868407015521225567e-01,9.868067723761396737e-01,9.999999999999992228e-01,9.867624247876860544e-01,9.867554818034283137e-01,9.867980663553378440e-01,9.867995520726332570e-01,9.867995463073245821e-01,9.867979863468090418e-01,9.867624247876860544e-01,9.999999999999992228e-01
