9.999999999999966693e-01,9.999999999999966693e-01,9.999999999999966693e-01,9.999999999999966693e-01,9.999999999999966693e-01,9.999999999999966693e-01,9.999999999999966693e-01,9.999999999999966693e-01,9.999999999999966693e-01,9.999999999999966693e-01,9.999999999999966693e-01,9.999999999999966693e-01,9.999999999999966693e-01,9.999999999999966693e-01,9.999999999999966693e-01,9.999999999999966693e-01,9.999999999999966693e-01,9.999999999999966693e-01,9.999999999999966693e-01,9.999999999999966693e-01,9.999999999999966693e-01,9.999999999999966693e-01,9.999999999999966693e-01,9.999999999999966693e-01,9.999999999999966693e-01,9.999999999999966693e-01,9.999999999999966693e-01,9.999999999999966693e-01,9.999999999999966693e-01,9.999999999999966693e-01,9.999999999999966693e-01,9.999999999999966693e-01,9.999999999999966693e-01,9.999999999999966693e-01,9.999999999999966693e-01,9.999999999999966693e-01,9.999999999999966693e-01,9.999999999999966693e-01,9.999999999999966693e-01,9.999999999999966693e-01,9.999999999999966693e-01,9.999999999999966693e-01,9.999999999999966693e-01,9.999999999999966693e-01,9.999999999999966693e-01,9.999999999999966693e-01,9.999999999999966693e-01,9.999999999999966693e-01,9.999999999999966693e-01
9.999999999999985567e-01,9.999859378069512195e-01,9.999859378472673033e-01,9.999859378492244044e-01,9.999859378492244044e-01,9.999859378472569782e-01,9.999859377989078757e-01,9.999859378069512195e-01,9.999999999999985567e-01,9.999859378572972801e-01,9.999859378957698386e-01,9.999859378974318425e-01,9.999859378955883171e-01,9.999859378472572002e-01,9.999859378472673033e-01,9.999859378572972801e-01,9.999999999999985567e-01,9.999859378594359027e-01,9.999859378976132529e-01,9.999859378974318425e-01,9.999859378492245154e-01,9.999859378492244044e-01,9.999859378957698386e-01,9.999859378594359027e-01,9.999999999999985567e-01,9.999859378594359027e-01,9.999859378957698386e-01,9.999859378492245154e-01,9.999859378492244044e-01,9.999859378974318425e-01,9.999859378976132529e-01,9.999859378594359027e-01,9.999999999999985567e-01,9.999859378572971691e-01,9.999859378472671922e-01,9.999859378472569782e-01,9.999859378955883171e-01,9.999859378974318425e-01,9.999859378957698386e-01,9.999859378572971691e-01,9.999999999999985567e-01,9.999859378069508864e-01,9.999859377989078757e-01,9.999859378472572002e-01,9.999859378492245154e-01,9.999859378492245154e-01,9.999859378472671922e-01,9.999859378069508864e-01,9.999999999999985567e-01
9.999999999999987788e-01,9.999437549108527445e-01,9.999437555558169377e-01,9.999437555871194538e-01,9.999437555871187877e-01,9.999437555556606183e-01,9.999437547821872219e-01,9.999437549108527445e-01,9.999999999999987788e-01,9.999437557162710322e-01,9.999437563317411515e-01,9.999437563583215560e-01,9.999437563288451347e-01,9.999437555556605073e-01,9.999437555558169377e-01,9.999437557162710322e-01,9.999999999999987788e-01,9.999437557504688989e-01,9.999437563612170177e-01,9.999437563583216670e-01,9.999437555871186767e-01,9.999437555871194538e-01,9.999437563317411515e-01,9.999437557504688989e-01,9.999999999999987788e-01,9.999437557504690099e-01,9.999437563317412625e-01,9.999437555871194538e-01,9.999437555871187877e-01,9.999437563583215560e-01,9.999437563612170177e-01,9.999437557504690099e-01,9.999999999999987788e-01,9.999437557162712542e-01,9.999437555558168267e-01,9.999437555556606183e-01,9.999437563288451347e-01,9.999437563583216670e-01,9.999437563317412625e-01,9.999437557162712542e-01,9.999999999999987788e-01,9.999437549108527445e-01,9.999437547821872219e-01,9.999437555556605073e-01,9.999437555871186767e-01,9.999437555871194538e-01,9.999437555558168267e-01,9.999437549108527445e-01,9.999999999999987788e-01
1.000000000000000222e+00,9.998734623579170755e-01,9.998734656222557637e-01,9.998734657806050974e-01,9.998734657806044313e-01,9.998734656215079175e-01,9.998734617067795982e-01,9.998734623579170755e-01,1.000000000000000222e+00,9.998734664343285061e-01,9.998734695493867175e-01,9.998734696838488256e-01,9.998734695347760715e-01,9.998734656215078065e-01,9.998734656222557637e-01,9.998734664343285061e-01,1.000000000000000222e+00,9.998734666072852662e-01,9.998734696984581394e-01,9.998734696838487146e-01,9.998734657806044313e-01,9.998734657806050974e-01,9.998734695493867175e-01,9.998734666072852662e-01,1.000000000000000222e+00,9.998734666072852662e-01,9.998734695493868285e-01,9.998734657806050974e-01,9.998734657806044313e-01,9.998734696838488256e-01,9.998734696984581394e-01,9.998734666072852662e-01,1.000000000000000222e+00,9.998734664343287282e-01,9.998734656222557637e-01,9.998734656215079175e-01,9.998734695347760715e-01,9.998734696838487146e-01,9.998734695493868285e-01,9.998734664343287282e-01,1.000000000000000222e+00,9.998734623579170755e-01,9.998734617067795982e-01,9.998734656215078065e-01,9.998734657806044313e-01,9.998734657806050974e-01,9.998734656222557637e-01,9.998734623579170755e-01,1.000000000000000222e+00
9.999999999999987788e-01,9.997750785487775627e-01,9.997750888621943499e-01,9.997750893621257795e-01,9.997750893621374368e-01,9.997750888600254182e-01,9.997750764918845734e-01,9.997750785487775627e-01,9.999999999999987788e-01,9.997750914277442336e-01,9.997751012695063055e-01,9.997751016940277236e-01,9.997751012235563950e-01,9.997750888600254182e-01,9.997750888621943499e-01,9.997750914277442336e-01,9.999999999999987788e-01,9.997750919736222430e-01,9.997751017399866269e-01,9.997751016940278346e-01,9.997750893621375479e-01,9.997750893621257795e-01,9.997751012695063055e-01,9.997750919736222430e-01,9.999999999999987788e-01,9.997750919736224651e-01,9.997751012695060835e-01,9.997750893621256685e-01,9.997750893621374368e-01,9.997751016940277236e-01,9.997751017399866269e-01,9.997750919736224651e-01,9.999999999999987788e-01,9.997750914277442336e-01,9.997750888621942389e-01,9.997750888600254182e-01,9.997751012235563950e-01,9.997751016940278346e-01,9.997751012695060835e-01,9.997750914277442336e-01,9.999999999999987788e-01,9.997750785487774516e-01,9.997750764918845734e-01,9.997750888600254182e-01,9.997750893621375479e-01,9.997750893621256685e-01,9.997750888621942389e-01,9.997750785487774516e-01,9.999999999999987788e-01
1.000000000000000444e+00,9.996486292239435967e-01,9.996486543921860868e-01,9.996486556110588673e-01,9.996486556111310318e-01,9.996486543875028330e-01,9.996486242054412052e-01,9.996486292239435967e-01,1.000000000000000444e+00,9.996486606525963881e-01,9.996486846697953954e-01,9.996486857048296759e-01,9.996486845583251180e-01,9.996486543875026110e-01,9.996486543921860868e-01,9.996486606525963881e-01,1.000000000000000444e+00,9.996486619829541009e-01,9.996486858163619038e-01,9.996486857048297869e-01,9.996486556111310318e-01,9.996486556110588673e-01,9.996486846697953954e-01,9.996486619829541009e-01,1.000000000000000444e+00,9.996486619829541009e-01,9.996486846697953954e-01,9.996486556110587562e-01,9.996486556111310318e-01,9.996486857048296759e-01,9.996486858163619038e-01,9.996486619829541009e-01,1.000000000000000444e+00,9.996486606525964991e-01,9.996486543921860868e-01,9.996486543875028330e-01,9.996486845583251180e-01,9.996486857048297869e-01,9.996486846697953954e-01,9.996486606525964991e-01,1.000000000000000444e+00,9.996486292239435967e-01,9.996486242054412052e-01,9.996486543875026110e-01,9.996486556111310318e-01,9.996486556110587562e-01,9.996486543921860868e-01,9.996486292239435967e-01,1.000000000000000444e+00
1.000000000000000666e+00,9.994941474434304585e-01,9.994941996044477417e-01,9.994942021276917998e-01,9.994942021279519251e-01,9.994941995962834946e-01,9.994941370451884133e-01,9.994941474434304585e-01,1.000000000000000666e+00,9.994942125780836850e-01,9.994942623534565085e-01,9.994942644961715139e-01,9.994942621241141856e-01,9.994941995962834946e-01,9.994941996044477417e-01,9.994942125780836850e-01,1.000000000000000666e+00,9.994942153307588839e-01,9.994942647257433199e-01,9.994942644961714029e-01,9.994942021279519251e-01,9.994942021276917998e-01,9.994942623534565085e-01,9.994942153307588839e-01,1.000000000000000666e+00,9.994942153307587729e-01,9.994942623534565085e-01,9.994942021276917998e-01,9.994942021279519251e-01,9.994942644961715139e-01,9.994942647257433199e-01,9.994942153307587729e-01,1.000000000000000666e+00,9.994942125780837960e-01,9.994941996044479637e-01,9.994941995962834946e-01,9.994942621241141856e-01,9.994942644961714029e-01,9.994942623534565085e-01,9.994942125780837960e-01,1.000000000000000666e+00,9.994941474434306805e-01,9.994941370451884133e-01,9.994941995962834946e-01,9.994942021279519251e-01,9.994942021276917998e-01,9.994941996044479637e-01,9.994941474434306805e-01,1.000000000000000666e+00
9.999999999999995559e-01,9.993116735606660805e-01,9.993117701344724768e-01,9.993117747998883083e-01,9.993117748006112855e-01,9.993117701227274274e-01,9.993116543144073827e-01,9.993116735606660805e-01,9.999999999999995559e-01,9.993117941523433911e-01,9.993118863089845982e-01,9.993118902709047235e-01,9.993118858880368771e-01,9.993117701227275385e-01,9.993117701344724768e-01,9.993117941523433911e-01,9.999999999999995559e-01,9.993117992389971560e-01,9.993118906924974842e-01,9.993118902709045015e-01,9.993117748006112855e-01,9.993117747998883083e-01,9.993118863089845982e-01,9.993117992389971560e-01,9.999999999999995559e-01,9.993117992389972670e-01,9.993118863089844872e-01,9.993117747998884193e-01,9.993117748006112855e-01,9.993118902709047235e-01,9.993118906924974842e-01,9.993117992389972670e-01,9.999999999999995559e-01,9.993117941523433911e-01,9.993117701344724768e-01,9.993117701227274274e-01,9.993118858880368771e-01,9.993118902709045015e-01,9.993118863089844872e-01,9.993117941523433911e-01,9.999999999999995559e-01,9.993116735606660805e-01,9.993116543144073827e-01,9.993117701227275385e-01,9.993117748006112855e-01,9.993117747998884193e-01,9.993117701344724768e-01,9.993116735606660805e-01,9.999999999999995559e-01
9.999999999999981126e-01,9.991012551906675032e-01,9.991014198215414366e-01,9.991014277624477025e-01,9.991014277641525609e-01,9.991014198081435982e-01,9.991012223923303459e-01,9.991012551906675032e-01,9.999999999999981126e-01,9.991014607607752174e-01,9.991016178611475951e-01,9.991016246048289862e-01,9.991016171507627330e-01,9.991014198081435982e-01,9.991014198215414366e-01,9.991014607607752174e-01,9.999999999999981126e-01,9.991014694128066420e-01,9.991016253167449568e-01,9.991016246048288751e-01,9.991014277641526720e-01,9.991014277624477025e-01,9.991016178611475951e-01,9.991014694128066420e-01,9.999999999999981126e-01,9.991014694128065310e-01,9.991016178611474841e-01,9.991014277624478135e-01,9.991014277641525609e-01,9.991016246048289862e-01,9.991016253167449568e-01,9.991014694128065310e-01,9.999999999999981126e-01,9.991014607607749953e-01,9.991014198215415476e-01,9.991014198081435982e-01,9.991016171507627330e-01,9.991016246048288751e-01,9.991016178611474841e-01,9.991014607607749953e-01,9.999999999999981126e-01,9.991012551906677253e-01,9.991012223923303459e-01,9.991014198081435982e-01,9.991014277641526720e-01,9.991014277624478135e-01,9.991014198215415476e-01,9.991012551906677253e-01,9.999999999999981126e-01
9.999999999999992228e-01,9.988629471725560816e-01,9.988632106622233886e-01,9.988632233492511503e-01,9.988632233528325077e-01,9.988632106527821630e-01,9.988628946992815782e-01,9.988629471725560816e-01,9.999999999999992228e-01,9.988632761769653534e-01,9.988635276132722396e-01,9.988635383878370355e-01,9.988635264893749310e-01,9.988632106527826071e-01,9.988632106622233886e-01,9.988632761769653534e-01,9.999999999999992228e-01,9.988632899895167894e-01,9.988635395149646490e-01,9.988635383878371465e-01,9.988632233528328408e-01,9.988632233492511503e-01,9.988635276132722396e-01,9.988632899895167894e-01,9.999999999999992228e-01,9.988632899895165673e-01,9.988635276132719065e-01,9.988632233492512613e-01,9.988632233528325077e-01,9.988635383878370355e-01,9.988635395149646490e-01,9.988632899895165673e-01,9.999999999999992228e-01,9.988632761769652424e-01,9.988632106622234996e-01,9.988632106527821630e-01,9.988635264893749310e-01,9.988635383878371465e-01,9.988635276132719065e-01,9.988632761769652424e-01,9.999999999999992228e-01,9.988629471725557485e-01,9.988628946992815782e-01,9.988632106527826071e-01,9.988632233528328408e-01,9.988632233492512613e-01,9.988632106622234996e-01,9.988629471725557485e-01,9.999999999999992228e-01
1.000000000000001554e+00,9.985968115264630685e-01,9.985972127569328061e-01,9.985972320382717760e-01,9.985972320451702577e-01,9.985972127629566542e-01,9.985967316565934615e-01,9.985968115264630685e-01,1.000000000000001554e+00,9.985973125062933553e-01,9.985976953809321266e-01,9.985977117563041849e-01,9.985976936917172475e-01,9.985972127629570982e-01,9.985972127569328061e-01,9.985973125062933553e-01,1.000000000000001554e+00,9.985973334800670731e-01,9.985977134517572962e-01,9.985977117563040739e-01,9.985972320451708129e-01,9.985972320382717760e-01,9.985976953809321266e-01,9.985973334800670731e-01,1.000000000000001554e+00,9.985973334800668511e-01,9.985976953809320156e-01,9.985972320382719980e-01,9.985972320451702577e-01,9.985977117563041849e-01,9.985977134517572962e-01,9.985973334800668511e-01,1.000000000000001554e+00,9.985973125062930222e-01,9.985972127569325840e-01,9.985972127629566542e-01,9.985976936917172475e-01,9.985977117563040739e-01,9.985976953809320156e-01,9.985973125062930222e-01,1.000000000000001554e+00,9.985968115264630685e-01,9.985967316565934615e-01,9.985972127629570982e-01,9.985972320451708129e-01,9.985972320382719980e-01,9.985972127569325840e-01,9.985968115264630685e-01,1.000000000000001554e+00
1.000000000000001110e+00,9.983029174049122823e-01,9.983035042496526401e-01,9.983035323895620428e-01,9.983035324019756684e-01,9.983035042913962487e-01,9.983028006413781075e-01,9.983029174049122823e-01,1.000000000000001110e+00,9.983036501223260251e-01,9.983042101171766269e-01,9.983042340168474249e-01,9.983042076823550603e-01,9.983035042913969148e-01,9.983035042496526401e-01,9.983036501223260251e-01,1.000000000000001110e+00,9.983036807029528337e-01,9.983042364629135523e-01,9.983042340168473139e-01,9.983035324019762236e-01,9.983035323895620428e-01,9.983042101171766269e-01,9.983036807029528337e-01,1.000000000000001110e+00,9.983036807029523896e-01,9.983042101171762939e-01,9.983035323895623758e-01,9.983035324019756684e-01,9.983042340168474249e-01,9.983042364629135523e-01,9.983036807029523896e-01,1.000000000000001110e+00,9.983036501223253589e-01,9.983035042496529732e-01,9.983035042913962487e-01,9.983042076823550603e-01,9.983042340168473139e-01,9.983042101171762939e-01,9.983036501223253589e-01,1.000000000000001110e+00,9.983029174049125043e-01,9.983028006413781075e-01,9.983035042913969148e-01,9.983035324019762236e-01,9.983035323895623758e-01,9.983035042496529732e-01,9.983029174049125043e-01,1.000000000000001110e+00
1.000000000000002442e+00,9.979813410387550210e-01,9.979821712609301398e-01,9.979822109763265559e-01,9.979822109974670896e-01,9.979821713709354780e-01,9.979811759362207102e-01,9.979813410387550210e-01,1.000000000000002442e+00,9.979823775961192966e-01,9.979831698294323594e-01,9.979832035616097441e-01,9.979831664402887270e-01,9.979821713709362552e-01,9.979821712609301398e-01,9.979823775961192966e-01,1.000000000000002442e+00,9.979824207108137779e-01,9.979832069699259289e-01,9.979832035616098551e-01,9.979822109974679778e-01,9.979822109763265559e-01,9.979831698294323594e-01,9.979824207108137779e-01,1.000000000000002442e+00,9.979824207108133338e-01,9.979831698294319153e-01,9.979822109763272220e-01,9.979822109974670896e-01,9.979832035616097441e-01,9.979832069699259289e-01,9.979824207108133338e-01,1.000000000000002442e+00,9.979823775961185195e-01,9.979821712609305839e-01,9.979821713709354780e-01,9.979831664402887270e-01,9.979832035616098551e-01,9.979831698294319153e-01,9.979823775961185195e-01,1.000000000000002442e+00,9.979813410387552430e-01,9.979811759362207102e-01,9.979821713709362552e-01,9.979822109974679778e-01,9.979822109763272220e-01,9.979821712609305839e-01,9.979813410387552430e-01,1.000000000000002442e+00
1.000000000000002887e+00,9.976321656777114022e-01,9.976333078142225474e-01,9.976333623091704350e-01,9.976333623435705844e-01,9.976333080416147636e-01,9.976319386738409234e-01,9.976321656777114022e-01,1.000000000000002887e+00,9.976335916185140595e-01,9.976346814882023351e-01,9.976347277751828058e-01,9.976346769085319144e-01,9.976333080416157628e-01,9.976333078142225474e-01,9.976335916185140595e-01,1.000000000000002887e+00,9.976336507097737227e-01,9.976347323860761396e-01,9.976347277751830278e-01,9.976333623435719167e-01,9.976333623091704350e-01,9.976346814882023351e-01,9.976336507097737227e-01,1.000000000000002887e+00,9.976336507097730566e-01,9.976346814882017799e-01,9.976333623091711011e-01,9.976333623435705844e-01,9.976347277751828058e-01,9.976347323860761396e-01,9.976336507097730566e-01,1.000000000000002887e+00,9.976335916185128383e-01,9.976333078142224364e-01,9.976333080416147636e-01,9.976346769085319144e-01,9.976347277751830278e-01,9.976346814882017799e-01,9.976335916185128383e-01,1.000000000000002887e+00,9.976321656777117353e-01,9.976319386738409234e-01,9.976333080416157628e-01,9.976333623435719167e-01,9.976333623091711011e-01,9.976333078142224364e-01,9.976321656777117353e-01,1.000000000000002887e+00
1.000000000000001110e+00,9.972554815256630123e-01,9.972570157557694159e-01,9.972570887537045570e-01,9.972570888075749096e-01,9.972570161713670833e-01,9.972551767768516040e-01,9.972554815256630123e-01,1.000000000000001110e+00,9.972573969156095508e-01,9.972588609277702743e-01,9.972589229333933547e-01,9.972588548957649346e-01,9.972570161713681935e-01,9.972570157557694159e-01,9.972573969156095508e-01,1.000000000000001110e+00,9.972574759717166559e-01,9.972589290143191176e-01,9.972589229333935767e-01,9.972570888075762419e-01,9.972570887537045570e-01,9.972588609277702743e-01,9.972574759717166559e-01,1.000000000000001110e+00,9.972574759717161008e-01,9.972588609277699412e-01,9.972570887537052231e-01,9.972570888075749096e-01,9.972589229333933547e-01,9.972589290143191176e-01,9.972574759717161008e-01,1.000000000000001110e+00,9.972573969156083296e-01,9.972570157557694159e-01,9.972570161713670833e-01,9.972588548957649346e-01,9.972589229333935767e-01,9.972588609277699412e-01,9.972573969156083296e-01,1.000000000000001110e+00,9.972554815256632343e-01,9.972551767768516040e-01,9.972570161713681935e-01,9.972570888075762419e-01,9.972570887537052231e-01,9.972570157557694159e-01,9.972554815256632343e-01,1.000000000000001110e+00
9.999999999999981126e-01,9.968513856707666987e-01,9.968534046681010174e-01,9.968535004416225753e-01,9.968535005232612711e-01,9.968534053703898001e-01,9.968509848926819794e-01,9.968513856707666987e-01,9.999999999999981126e-01,9.968539061575306670e-01,9.968558327390643070e-01,9.968559140941030128e-01,9.968558249702086371e-01,9.968534053703907993e-01,9.968534046681010174e-01,9.968539061575306670e-01,9.999999999999981126e-01,9.968540097396353383e-01,9.968559219371191382e-01,9.968559140941031238e-01,9.968535005232626034e-01,9.968535004416225753e-01,9.968558327390643070e-01,9.968540097396353383e-01,9.999999999999981126e-01,9.968540097396351163e-01,9.968558327390639739e-01,9.968535004416230194e-01,9.968535005232612711e-01,9.968559140941030128e-01,9.968559219371191382e-01,9.968540097396351163e-01,9.999999999999981126e-01,9.968539061575298899e-01,9.968534046681010174e-01,9.968534053703898001e-01,9.968558249702086371e-01,9.968559140941031238e-01,9.968558327390639739e-01,9.968539061575298899e-01,9.999999999999981126e-01,9.968513856707668097e-01,9.968509848926819794e-01,9.968534053703907993e-01,9.968535005232626034e-01,9.968535004416230194e-01,9.968534046681010174e-01,9.968513856707668097e-01,9.999999999999981126e-01
1.000000000000000222e+00,9.964199820105130723e-01,9.964225917773349428e-01,9.964227151754153633e-01,9.964227152956726119e-01,9.964225928993576398e-01,9.964194643237670457e-01,9.964199820105130723e-01,1.000000000000000222e+00,9.964232398606607255e-01,9.964257301548785639e-01,9.964258349802371795e-01,9.964257203459168100e-01,9.964225928993586390e-01,9.964225917773349428e-01,9.964232398606607255e-01,1.000000000000000222e+00,9.964233731262278626e-01,9.964258448984575356e-01,9.964258349802374015e-01,9.964227152956737221e-01,9.964227151754153633e-01,9.964257301548785639e-01,9.964233731262278626e-01,1.000000000000000222e+00,9.964233731262274185e-01,9.964257301548780088e-01,9.964227151754156964e-01,9.964227152956726119e-01,9.964258349802371795e-01,9.964258448984575356e-01,9.964233731262274185e-01,1.000000000000000222e+00,9.964232398606598373e-01,9.964225917773348318e-01,9.964225928993576398e-01,9.964257203459168100e-01,9.964258349802374015e-01,9.964257301548780088e-01,9.964232398606598373e-01,1.000000000000000222e+00,9.964199820105130723e-01,9.964194643237670457e-01,9.964225928993586390e-01,9.964227152956737221e-01,9.964227151754156964e-01,9.964225917773348318e-01,9.964199820105130723e-01,1.000000000000000222e+00
9.999999999999996669e-01,9.959613811718182053e-01,9.959647018543924535e-01,9.959648583268589928e-01,9.959648584996567688e-01,9.959647035716013841e-01,9.959607229530883510e-01,9.959613811718182053e-01,9.999999999999996669e-01,9.959655262834711253e-01,9.959686949276341794e-01,9.959688278552217833e-01,9.959686827616593963e-01,9.959647035716023833e-01,9.959647018543924535e-01,9.959655262834711253e-01,9.999999999999996669e-01,9.959656950058943803e-01,9.959688401781954248e-01,9.959688278552218943e-01,9.959648584996577680e-01,9.959648583268589928e-01,9.959686949276341794e-01,9.959656950058943803e-01,9.999999999999996669e-01,9.959656950058940472e-01,9.959686949276338463e-01,9.959648583268594368e-01,9.959648584996567688e-01,9.959688278552217833e-01,9.959688401781954248e-01,9.959656950058940472e-01,9.999999999999996669e-01,9.959655262834702372e-01,9.959647018543925645e-01,9.959647035716013841e-01,9.959686827616593963e-01,9.959688278552218943e-01,9.959686949276338463e-01,9.959655262834702372e-01,9.999999999999996669e-01,9.959613811718180942e-01,9.959607229530883510e-01,9.959647035716023833e-01,9.959648584996577680e-01,9.959648583268594368e-01,9.959647018543925645e-01,9.959613811718180942e-01,9.999999999999996669e-01
1.000000000000000666e+00,9.954757004263474762e-01,9.954798671103759489e-01,9.954800627295299353e-01,9.954800629724347427e-01,9.954798696494848720e-01,9.954748751652445771e-01,9.954757004263474762e-01,1.000000000000000666e+00,9.954809013162100317e-01,9.954848771999703638e-01,9.954850433911287544e-01,9.954848623526835194e-01,9.954798696494856491e-01,9.954798671103759489e-01,9.954809013162100317e-01,1.000000000000000666e+00,9.954811119004047804e-01,9.954850584590948515e-01,9.954850433911287544e-01,9.954800629724354089e-01,9.954800627295299353e-01,9.954848771999703638e-01,9.954811119004047804e-01,1.000000000000000666e+00,9.954811119004044473e-01,9.954848771999701418e-01,9.954800627295303794e-01,9.954800629724347427e-01,9.954850433911287544e-01,9.954850584590948515e-01,9.954811119004044473e-01,1.000000000000000666e+00,9.954809013162091436e-01,9.954798671103760599e-01,9.954798696494848720e-01,9.954848623526835194e-01,9.954850433911287544e-01,9.954848771999701418e-01,9.954809013162091436e-01,1.000000000000000666e+00,9.954757004263474762e-01,9.954748751652445771e-01,9.954798696494856491e-01,9.954800629724354089e-01,9.954800627295303794e-01,9.954798671103760599e-01,9.954757004263474762e-01,1.000000000000000666e+00
1.000000000000000666e+00,9.949630636011090878e-01,9.949682270861816002e-01,9.949684685654271998e-01,9.949684689002799010e-01,9.949682307350576904e-01,9.949620417630788971e-01,9.949630636011090878e-01,1.000000000000000666e+00,9.949695083645331284e-01,9.949744353682933307e-01,9.949746405296679974e-01,9.949744175154804360e-01,9.949682307350582455e-01,9.949682270861816002e-01,9.949695083645331284e-01,1.000000000000000666e+00,9.949697678583371285e-01,9.949746586866458076e-01,9.949746405296681084e-01,9.949684689002805671e-01,9.949684685654271998e-01,9.949744353682933307e-01,9.949697678583371285e-01,1.000000000000000666e+00,9.949697678583367955e-01,9.949744353682929976e-01,9.949684685654275329e-01,9.949684689002799010e-01,9.949746405296679974e-01,9.949746586866458076e-01,9.949697678583367955e-01,1.000000000000000666e+00,9.949695083645327953e-01,9.949682270861814892e-01,9.949682307350576904e-01,9.949744175154804360e-01,9.949746405296681084e-01,9.949744353682929976e-01,9.949695083645327953e-01,1.000000000000000666e+00,9.949630636011090878e-01,9.949620417630788971e-01,9.949682307350582455e-01,9.949684689002805671e-01,9.949684685654275329e-01,9.949682270861814892e-01,9.949630636011090878e-01,1.000000000000000666e+00
1.000000000000000666e+00,9.944236009845288660e-01,9.944299285366120511e-01,9.944302232459819590e-01,9.944302236995797850e-01,9.944299336552367974e-01,9.944223498800597305e-01,9.944236009845288660e-01,1.000000000000000666e+00,9.944314982273538828e-01,9.944375359396064873e-01,9.944377863363544900e-01,9.944375147658657266e-01,9.944299336552370194e-01,9.944299285366120511e-01,9.944314982273538828e-01,1.000000000000000666e+00,9.944318143285767464e-01,9.944378079220246303e-01,9.944377863363546011e-01,9.944302236995801181e-01,9.944302232459819590e-01,9.944375359396064873e-01,9.944318143285767464e-01,1.000000000000000666e+00,9.944318143285766354e-01,9.944375359396062652e-01,9.944302232459821811e-01,9.944302236995797850e-01,9.944377863363544900e-01,9.944378079220246303e-01,9.944318143285766354e-01,1.000000000000000666e+00,9.944314982273536607e-01,9.944299285366121621e-01,9.944299336552367974e-01,9.944375147658657266e-01,9.944377863363546011e-01,9.944375359396062652e-01,9.944314982273536607e-01,1.000000000000000666e+00,9.944236009845291990e-01,9.944223498800597305e-01,9.944299336552370194e-01,9.944302236995801181e-01,9.944302232459821811e-01,9.944299285366121621e-01,9.944236009845291990e-01,1.000000000000000666e+00
9.999999999999995559e-01,9.938574492281115891e-01,9.938651253091331794e-01,9.938654812876037692e-01,9.938654818924326229e-01,9.938651323416591854e-01,9.938559328885017141e-01,9.938574492281115891e-01,9.999999999999995559e-01,9.938670289690705317e-01,9.938743533818225062e-01,9.938746558480573423e-01,9.938743285905763392e-01,9.938651323416596295e-01,9.938651253091331794e-01,9.938670289690705317e-01,9.999999999999995559e-01,9.938674100280538992e-01,9.938746811884028309e-01,9.938746558480571203e-01,9.938654818924329559e-01,9.938654812876037692e-01,9.938743533818225062e-01,9.938674100280538992e-01,9.999999999999995559e-01,9.938674100280540102e-01,9.938743533818222842e-01,9.938654812876039912e-01,9.938654818924326229e-01,9.938746558480573423e-01,9.938746811884028309e-01,9.938674100280540102e-01,9.999999999999995559e-01,9.938670289690703097e-01,9.938651253091332904e-01,9.938651323416591854e-01,9.938743285905763392e-01,9.938746558480571203e-01,9.938743533818222842e-01,9.938670289690703097e-01,9.999999999999995559e-01,9.938574492281114781e-01,9.938559328885017141e-01,9.938651323416596295e-01,9.938654818924329559e-01,9.938654812876039912e-01,9.938651253091332904e-01,9.938574492281114781e-01,9.999999999999995559e-01
1.000000000000002220e+00,9.932647512438588233e-01,9.932739782174996312e-01,9.932744041820033010e-01,9.932744049770201311e-01,9.932739877054270750e-01,9.932629303037880941e-01,9.932647512438588233e-01,1.000000000000002220e+00,9.932762657864109279e-01,9.932850699678438255e-01,9.932854319142293553e-01,9.932850412926641503e-01,9.932739877054275190e-01,9.932739782174996312e-01,9.932762657864109279e-01,1.000000000000002220e+00,9.932767208039701146e-01,9.932854613109063369e-01,9.932854319142291333e-01,9.932744049770205752e-01,9.932744041820033010e-01,9.932850699678438255e-01,9.932767208039701146e-01,1.000000000000002220e+00,9.932767208039700035e-01,9.932850699678437145e-01,9.932744041820036340e-01,9.932744049770201311e-01,9.932854319142293553e-01,9.932854613109063369e-01,9.932767208039700035e-01,1.000000000000002220e+00,9.932762657864108169e-01,9.932739782174998533e-01,9.932739877054270750e-01,9.932850412926641503e-01,9.932854319142291333e-01,9.932850699678437145e-01,9.932762657864108169e-01,1.000000000000002220e+00,9.932647512438588233e-01,9.932629303037880941e-01,9.932739877054275190e-01,9.932744049770205752e-01,9.932744041820036340e-01,9.932739782174998533e-01,9.932647512438588233e-01,1.000000000000002220e+00
1.000000000000001332e+00,9.926456560975691623e-01,9.926566549104198778e-01,9.926571602614689960e-01,9.926571612929296906e-01,9.926566675069057322e-01,9.926434876846955691e-01,9.926456560975691623e-01,1.000000000000001332e+00,9.926593808700773236e-01,9.926698756136438373e-01,9.926703050320548893e-01,9.926698428309069788e-01,9.926566675069056211e-01,9.926566549104198778e-01,9.926593808700773236e-01,1.000000000000001332e+00,9.926599194907161916e-01,9.926703387504701714e-01,9.926703050320551114e-01,9.926571612929298016e-01,9.926571602614689960e-01,9.926698756136438373e-01,9.926599194907161916e-01,1.000000000000001332e+00,9.926599194907159696e-01,9.926698756136440593e-01,9.926571602614691070e-01,9.926571612929296906e-01,9.926703050320548893e-01,9.926703387504701714e-01,9.926599194907159696e-01,1.000000000000001332e+00,9.926593808700774346e-01,9.926566549104202108e-01,9.926566675069057322e-01,9.926698428309069788e-01,9.926703050320551114e-01,9.926698756136440593e-01,9.926593808700774346e-01,1.000000000000001332e+00,9.926456560975696064e-01,9.926434876846955691e-01,9.926566675069056211e-01,9.926571612929298016e-01,9.926571602614691070e-01,9.926566549104202108e-01,9.926456560975696064e-01,1.000000000000001332e+00
9.999999999999992228e-01,9.920003188982410292e-01,9.920133297355329116e-01,9.920139245593846411e-01,9.920139258817125549e-01,9.920133462208453601e-01,9.919977565300301947e-01,9.920003188982410292e-01,9.999999999999992228e-01,9.920165532614807491e-01,9.920289677106874926e-01,9.920294731758640960e-01,9.920289306535766682e-01,9.920133462208459152e-01,9.920133297355329116e-01,9.920165532614807491e-01,9.999999999999992228e-01,9.920171857617859912e-01,9.920295114319366281e-01,9.920294731758637630e-01,9.920139258817124439e-01,9.920139245593846411e-01,9.920289677106874926e-01,9.920171857617859912e-01,9.999999999999992228e-01,9.920171857617861022e-01,9.920289677106874926e-01,9.920139245593848631e-01,9.920139258817125549e-01,9.920294731758640960e-01,9.920295114319366281e-01,9.920171857617861022e-01,9.999999999999992228e-01,9.920165532614810822e-01,9.920133297355335777e-01,9.920133462208453601e-01,9.920289306535766682e-01,9.920294731758637630e-01,9.920289677106874926e-01,9.920165532614810822e-01,9.999999999999992228e-01,9.920003188982410292e-01,9.919977565300301947e-01,9.920133462208459152e-01,9.920139258817124439e-01,9.920139245593848631e-01,9.920133297355335777e-01,9.920003188982410292e-01,9.999999999999992228e-01
9.999999999999996669e-01,9.913289006836702999e-01,9.913441835988465733e-01,9.913448786661481771e-01,9.913448803428398515e-01,9.913442048969747233e-01,9.913258941716500683e-01,9.913289006836702999e-01,9.999999999999996669e-01,9.913479687047285216e-01,9.913625509529007118e-01,9.913631416210332281e-01,9.913625095267653009e-01,9.913442048969746123e-01,9.913441835988465733e-01,9.913479687047285216e-01,9.999999999999996669e-01,9.913487059768683052e-01,9.913631845666321940e-01,9.913631416210330061e-01,9.913448803428395184e-01,9.913448786661481771e-01,9.913625509529007118e-01,9.913487059768683052e-01,9.999999999999996669e-01,9.913487059768687493e-01,9.913625509529010449e-01,9.913448786661482881e-01,9.913448803428398515e-01,9.913631416210332281e-01,9.913631845666321940e-01,9.913487059768687493e-01,9.999999999999996669e-01,9.913479687047291877e-01,9.913441835988469064e-01,9.913442048969747233e-01,9.913625095267653009e-01,9.913631416210330061e-01,9.913625509529010449e-01,9.913479687047291877e-01,9.999999999999996669e-01,9.913289006836706330e-01,9.913258941716500683e-01,9.913442048969746123e-01,9.913448803428395184e-01,9.913448786661482881e-01,9.913441835988469064e-01,9.913289006836706330e-01,9.999999999999996669e-01
1.000000000000000444e+00,9.906315683024538021e-01,9.906494038198903063e-01,9.906502105807543090e-01,9.906502126853180545e-01,9.906494310163024286e-01,9.906280636640658610e-01,9.906315683024538021e-01,1.000000000000000444e+00,9.906538194941333364e-01,9.906708371585194461e-01,9.906715227627065357e-01,9.906707913575895086e-01,9.906494310163024286e-01,9.906494038198903063e-01,9.906538194941333364e-01,1.000000000000000444e+00,9.906546730243992460e-01,9.906715704697510727e-01,9.906715227627060916e-01,9.906502126853174994e-01,9.906502105807543090e-01,9.906708371585194461e-01,9.906546730243992460e-01,1.000000000000000444e+00,9.906546730243999122e-01,9.906708371585195572e-01,9.906502105807546421e-01,9.906502126853180545e-01,9.906715227627065357e-01,9.906715704697510727e-01,9.906546730243999122e-01,1.000000000000000444e+00,9.906538194941342246e-01,9.906494038198913055e-01,9.906494310163024286e-01,9.906707913575895086e-01,9.906715227627060916e-01,9.906708371585195572e-01,9.906538194941342246e-01,1.000000000000000444e+00,9.906315683024541352e-01,9.906280636640658610e-01,9.906494310163024286e-01,9.906502126853174994e-01,9.906502105807546421e-01,9.906494038198913055e-01,9.906315683024541352e-01,1.000000000000000444e+00
1.000000000000001332e+00,9.899084942925687747e-01,9.899291839828217032e-01,9.899301145582918293e-01,9.899301171752110662e-01,9.899292183433735515e-01,9.899044336707727432e-01,9.899084942925687747e-01,1.000000000000001332e+00,9.899343043174975154e-01,9.899540450871090469e-01,9.899548359296457267e-01,9.899539950125688659e-01,9.899292183433728853e-01,9.899291839828217032e-01,9.899343043174975154e-01,1.000000000000001332e+00,9.899352861598467168e-01,9.899548883728703785e-01,9.899548359296455047e-01,9.899301171752104000e-01,9.899301145582918293e-01,9.899540450871090469e-01,9.899352861598467168e-01,1.000000000000001332e+00,9.899352861598474940e-01,9.899540450871094910e-01,9.899301145582919403e-01,9.899301171752110662e-01,9.899548359296457267e-01,9.899548883728703785e-01,9.899352861598474940e-01,1.000000000000001332e+00,9.899343043174988477e-01,9.899291839828225914e-01,9.899292183433735515e-01,9.899539950125688659e-01,9.899548359296455047e-01,9.899540450871094910e-01,9.899343043174988477e-01,1.000000000000001332e+00,9.899084942925694408e-01,9.899044336707727432e-01,9.899292183433728853e-01,9.899301171752104000e-01,9.899301145582919403e-01,9.899291839828225914e-01,9.899084942925694408e-01,1.000000000000001332e+00
9.999999999999985567e-01,9.891598567566973754e-01,9.891837237836921259e-01,9.891847909535786965e-01,9.891847941792958343e-01,9.891837667746751217e-01,9.891551783474646919e-01,9.891598567566973754e-01,9.999999999999985567e-01,9.891896280953995646e-01,9.892124002520499282e-01,9.892133071935049760e-01,9.892123461314545896e-01,9.891837667746746776e-01,9.891837237836921259e-01,9.891896280953995646e-01,9.999999999999985567e-01,9.891907508399727655e-01,9.892133642318846620e-01,9.892133071935044208e-01,9.891847941792948351e-01,9.891847909535786965e-01,9.892124002520499282e-01,9.891907508399727655e-01,9.999999999999985567e-01,9.891907508399737647e-01,9.892124002520503723e-01,9.891847909535790295e-01,9.891847941792958343e-01,9.892133071935049760e-01,9.892133642318846620e-01,9.891907508399737647e-01,9.999999999999985567e-01,9.891896280954014520e-01,9.891837237836934582e-01,9.891837667746751217e-01,9.892123461314545896e-01,9.892133071935044208e-01,9.892124002520503723e-01,9.891896280954014520e-01,9.999999999999985567e-01,9.891598567566983746e-01,9.891551783474646919e-01,9.891837667746746776e-01,9.891847941792948351e-01,9.891847909535790295e-01,9.891837237836934582e-01,9.891598567566983746e-01,9.999999999999985567e-01
9.999999999999997780e-01,9.883858392344785360e-01,9.884132288741311889e-01,9.884144460611947736e-01,9.884144500051061932e-01,9.884132821834420435e-01,9.883804772222987145e-01,9.883858392344785360e-01,9.999999999999997780e-01,9.884200018167499380e-01,9.884461347287930577e-01,9.884471691738501153e-01,9.884460769368195177e-01,9.884132821834411553e-01,9.884132288741311889e-01,9.884200018167499380e-01,9.999999999999997780e-01,9.884212785533554868e-01,9.884472305307039353e-01,9.884471691738495602e-01,9.884144500051048610e-01,9.884144460611947736e-01,9.884461347287930577e-01,9.884212785533554868e-01,9.999999999999997780e-01,9.884212785533569301e-01,9.884461347287942790e-01,9.884144460611949956e-01,9.884144500051061932e-01,9.884471691738501153e-01,9.884472305307039353e-01,9.884212785533569301e-01,9.999999999999997780e-01,9.884200018167526025e-01,9.884132288741329653e-01,9.884132821834420435e-01,9.884460769368195177e-01,9.884471691738495602e-01,9.884461347287942790e-01,9.884200018167526025e-01,9.999999999999997780e-01,9.883858392344799793e-01,9.883804772222987145e-01,9.884132821834411553e-01,9.884144500051048610e-01,9.884144460611949956e-01,9.884132288741329653e-01,9.883858392344799793e-01,9.999999999999997780e-01
9.999999999999996669e-01,9.875866305718461469e-01,9.876179107016408443e-01,9.876192919521245006e-01,9.876192967375834186e-01,9.876179762610570734e-01,9.875805150733425464e-01,9.875866305718461469e-01,9.999999999999996669e-01,9.876256423708298371e-01,9.876554869591707142e-01,9.876566608392117752e-01,9.876554260396763762e-01,9.876179762610559631e-01,9.876179107016408443e-01,9.876256423708298371e-01,9.999999999999996669e-01,9.876270866474015087e-01,9.876567260809859805e-01,9.876566608392109980e-01,9.876192967375810872e-01,9.876192919521245006e-01,9.876554869591707142e-01,9.876270866474015087e-01,9.999999999999996669e-01,9.876270866474038401e-01,9.876554869591722685e-01,9.876192919521248337e-01,9.876192967375834186e-01,9.876566608392117752e-01,9.876567260809859805e-01,9.876270866474038401e-01,9.999999999999996669e-01,9.876256423708338339e-01,9.876179107016435088e-01,9.876179762610570734e-01,9.876554260396763762e-01,9.876566608392109980e-01,9.876554869591722685e-01,9.876256423708338339e-01,9.999999999999996669e-01,9.875866305718478122e-01,9.875805150733425464e-01,9.876179762610559631e-01,9.876192967375810872e-01,9.876192919521248337e-01,9.876179107016435088e-01,9.875866305718478122e-01,9.999999999999996669e-01
1.000000000000002220e+00,9.867624247876864985e-01,9.867979863468087087e-01,9.867995463073271356e-01,9.867995520726388081e-01,9.867980663553427290e-01,9.867554818034310893e-01,9.867624247876864985e-01,1.000000000000002220e+00,9.868067723761374532e-01,9.868407015521234449e-01,9.868420273045462876e-01,9.868406382414925959e-01,9.867980663553406195e-01,9.867979863468087087e-01,9.868067723761374532e-01,1.000000000000002220e+00,9.868083981521915682e-01,9.868420958183051761e-01,9.868420273045455104e-01,9.867995520726360326e-01,9.867995463073271356e-01,9.868407015521234449e-01,9.868083981521915682e-01,1.000000000000002220e+00,9.868083981521945658e-01,9.868407015521256653e-01,9.867995463073273577e-01,9.867995520726388081e-01,9.868420273045462876e-01,9.868420958183051761e-01,9.868083981521945658e-01,1.000000000000002220e+00,9.868067723761425603e-01,9.867979863468117063e-01,9.867980663553427290e-01,9.868406382414925959e-01,9.868420273045455104e-01,9.868407015521256653e-01,9.868067723761425603e-01,1.000000000000002220e+00,9.867624247876890520e-01,9.867554818034310893e-01,9.867980663553406195e-01,9.867995520726360326e-01,9.867995463073273577e-01,9.867979863468117063e-01,9.867624247876890520e-01,1.000000000000002220e+00
