1.000000000000000000e+00,1.000000000000000000e+00,1.000000000000000000e+00,1.000000000000000000e+00,1.000000000000000000e+00,1.000000000000000000e+00,1.000000000000000000e+00,1.000000000000000000e+00,1.000000000000000000e+00,1.000000000000000000e+00,1.000000000000000000e+00,1.000000000000000000e+00,1.000000000000000000e+00,1.000000000000000000e+00,1.000000000000000000e+00,1.000000000000000000e+00,1.000000000000000000e+00,1.000000000000000000e+00,1.000000000000000000e+00,1.000000000000000000e+00,1.000000000000000000e+00,1.000000000000000000e+00,1.000000000000000000e+00,1.000000000000000000e+00,1.000000000000000000e+00,1.000000000000000000e+00,1.000000000000000000e+00,1.000000000000000000e+00,1.000000000000000000e+00,1.000000000000000000e+00,1.000000000000000000e+00,1.000000000000000000e+00,1.000000000000000000e+00,1.000000000000000000e+00,1.000000000000000000e+00,1.000000000000000000e+00,1.000000000000000000e+00,1.000000000000000000e+00,1.000000000000000000e+00,1.000000000000000000e+00,1.000000000000000000e+00,1.000000000000000000e+00,1.000000000000000000e+00,1.000000000000000000e+00,1.000000000000000000e+00,1.000000000000000000e+00,1.000000000000000000e+00,1.000000000000000000e+00,1.000000000000000000e+00,1.000000000000000000e+00,1.000000000000000000e+00,1.000000000000000000e+00,1.000000000000000000e+00,1.000000000000000000e+00,1.000000000000000000e+00,1.000000000000000000e+00,1.000000000000000000e+00,1.000000000000000000e+00,1.000000000000000000e+00,1.000000000000000000e+00,1.000000000000000000e+00,1.000000000000000000e+00,1.000000000000000000e+00,1.000000000000000000e+00
9.999999999999988898e-01,9.943876125419746081e-01,9.943946508345686830e-01,9.943948695992732567e-01,9.943948904419267487e-01,9.943948695992731457e-01,9.943946508345689050e-01,9.943876125419746081e-01,9.943876125419746081e-01,9.999999999999988898e-01,9.943876125419744971e-01,9.943946508345687940e-01,9.943948695992733677e-01,9.943948904419265267e-01,9.943948695992731457e-01,9.943946508345686830e-01,9.943946508345686830e-01,9.943876125419744971e-01,9.999999999999988898e-01,9.943876125419743861e-01,9.943946508345687940e-01,9.943948695992731457e-01,9.943948904419265267e-01,9.943948695992731457e-01,9.943948695992732567e-01,9.943946508345687940e-01,9.943876125419743861e-01,9.999999999999988898e-01,9.943876125419746081e-01,9.943946508345687940e-01,9.943948695992731457e-01,9.943948904419265267e-01,9.943948904419267487e-01,9.943948695992733677e-01,9.943946508345687940e-01,9.943876125419746081e-01,9.999999999999988898e-01,9.943876125419743861e-01,9.943946508345689050e-01,9.943948695992733677e-01,9.943948695992731457e-01,9.943948904419265267e-01,9.943948695992731457e-01,9.943946508345687940e-01,9.943876125419743861e-01,9.999999999999988898e-01,9.943876125419744971e-01,9.943946508345687940e-01,9.943946508345689050e-01,9.943948695992731457e-01,9.943948904419265267e-01,9.943948695992731457e-01,9.943946508345689050e-01,9.943876125419744971e-01,9.999999999999988898e-01,9.943876125419746081e-01,9.943876125419746081e-01,9.943946508345686830e-01,9.943948695992731457e-01,9.943948904419265267e-01,9.943948695992733677e-01,9.943946508345687940e-01,9.943876125419746081e-01,9.999999999999988898e-01
1.000000000000000666e+00,9.790271943904611529e-01,9.791197217107159290e-01,9.791284525881168710e-01,9.791293039280724031e-01,9.791284525881169820e-01,9.791197217107161510e-01,9.790271943904613750e-01,9.790271943904611529e-01,1.000000000000000666e+00,9.790271943904611529e-01,9.791197217107160400e-01,9.791284525881168710e-01,9.791293039280724031e-01,9.791284525881168710e-01,9.791197217107160400e-01,9.791197217107159290e-01,9.790271943904611529e-01,1.000000000000000666e+00,9.790271943904611529e-01,9.791197217107160400e-01,9.791284525881169820e-01,9.791293039280724031e-01,9.791284525881168710e-01,9.791284525881168710e-01,9.791197217107160400e-01,9.790271943904611529e-01,1.000000000000000666e+00,9.790271943904612639e-01,9.791197217107161510e-01,9.791284525881169820e-01,9.791293039280725141e-01,9.791293039280724031e-01,9.791284525881168710e-01,9.791197217107160400e-01,9.790271943904612639e-01,1.000000000000000666e+00,9.790271943904613750e-01,9.791197217107161510e-01,9.791284525881169820e-01,9.791284525881169820e-01,9.791293039280724031e-01,9.791284525881169820e-01,9.791197217107161510e-01,9.790271943904613750e-01,1.000000000000000666e+00,9.790271943904614860e-01,9.791197217107162620e-01,9.791197217107161510e-01,9.791284525881168710e-01,9.791293039280724031e-01,9.791284525881169820e-01,9.791197217107161510e-01,9.790271943904614860e-01,1.000000000000000666e+00,9.790271943904613750e-01,9.790271943904613750e-01,9.791197217107160400e-01,9.791284525881168710e-01,9.791293039280725141e-01,9.791284525881169820e-01,9.791197217107162620e-01,9.790271943904613750e-01,1.000000000000000666e+00
1.000000000000000666e+00,9.794606716031094562e-01,9.795375173982604489e-01,9.795474112504000130e-01,9.795484107992327161e-01,9.795474112504001241e-01,9.795375173982605599e-01,9.794606716031096783e-01,9.794606716031094562e-01,1.000000000000000666e+00,9.794606716031094562e-01,9.795375173982605599e-01,9.795474112504000130e-01,9.795484107992327161e-01,9.795474112503996800e-01,9.795375173982603378e-01,9.795375173982604489e-01,9.794606716031094562e-01,1.000000000000000666e+00,9.794606716031094562e-01,9.795375173982606709e-01,9.795474112504000130e-01,9.795484107992324940e-01,9.795474112503999020e-01,9.795474112504000130e-01,9.795375173982605599e-01,9.794606716031094562e-01,1.000000000000000666e+00,9.794606716031095672e-01,9.795375173982606709e-01,9.795474112503999020e-01,9.795484107992326051e-01,9.795484107992327161e-01,9.795474112504000130e-01,9.795375173982606709e-01,9.794606716031095672e-01,1.000000000000000666e+00,9.794606716031096783e-01,9.795375173982606709e-01,9.795474112504001241e-01,9.795474112504001241e-01,9.795484107992327161e-01,9.795474112504000130e-01,9.795375173982606709e-01,9.794606716031096783e-01,1.000000000000000666e+00,9.794606716031097893e-01,9.795375173982608930e-01,9.795375173982605599e-01,9.795474112503996800e-01,9.795484107992324940e-01,9.795474112503999020e-01,9.795375173982606709e-01,9.794606716031097893e-01,1.000000000000000666e+00,9.794606716031095672e-01,9.794606716031096783e-01,9.795375173982603378e-01,9.795474112503999020e-01,9.795484107992326051e-01,9.795474112504001241e-01,9.795375173982608930e-01,9.794606716031095672e-01,1.000000000000000666e+00
1.000000000000002220e+00,9.895035761569312971e-01,9.895182708468013288e-01,9.895181337488369033e-01,9.895181142873155089e-01,9.895181337488371254e-01,9.895182708468012178e-01,9.895035761569312971e-01,9.895035761569312971e-01,1.000000000000002220e+00,9.895035761569312971e-01,9.895182708468012178e-01,9.895181337488369033e-01,9.895181142873153979e-01,9.895181337488369033e-01,9.895182708468012178e-01,9.895182708468013288e-01,9.895035761569312971e-01,1.000000000000002220e+00,9.895035761569312971e-01,9.895182708468013288e-01,9.895181337488369033e-01,9.895181142873155089e-01,9.895181337488370144e-01,9.895181337488369033e-01,9.895182708468012178e-01,9.895035761569312971e-01,1.000000000000002220e+00,9.895035761569314081e-01,9.895182708468015509e-01,9.895181337488369033e-01,9.895181142873153979e-01,9.895181142873155089e-01,9.895181337488369033e-01,9.895182708468013288e-01,9.895035761569314081e-01,1.000000000000002220e+00,9.895035761569314081e-01,9.895182708468014399e-01,9.895181337488371254e-01,9.895181337488371254e-01,9.895181142873153979e-01,9.895181337488369033e-01,9.895182708468015509e-01,9.895035761569314081e-01,1.000000000000002220e+00,9.895035761569315191e-01,9.895182708468014399e-01,9.895182708468012178e-01,9.895181337488369033e-01,9.895181142873155089e-01,9.895181337488369033e-01,9.895182708468014399e-01,9.895035761569315191e-01,1.000000000000002220e+00,9.895035761569312971e-01,9.895035761569312971e-01,9.895182708468012178e-01,9.895181337488370144e-01,9.895181142873153979e-01,9.895181337488371254e-01,9.895182708468014399e-01,9.895035761569312971e-01,1.000000000000002220e+00
1.000000000000001554e+00,9.741728083703022900e-01,9.743187751419626341e-01,9.743215688075397285e-01,9.743218906401296397e-01,9.743215688075396175e-01,9.743187751419628562e-01,9.741728083703022900e-01,9.741728083703022900e-01,1.000000000000001554e+00,9.741728083703024010e-01,9.743187751419628562e-01,9.743215688075398395e-01,9.743218906401297508e-01,9.743215688075398395e-01,9.743187751419628562e-01,9.743187751419626341e-01,9.741728083703024010e-01,1.000000000000001554e+00,9.741728083703022900e-01,9.743187751419629672e-01,9.743215688075398395e-01,9.743218906401296397e-01,9.743215688075396175e-01,9.743215688075397285e-01,9.743187751419628562e-01,9.741728083703022900e-01,1.000000000000001554e+00,9.741728083703024010e-01,9.743187751419628562e-01,9.743215688075398395e-01,9.743218906401297508e-01,9.743218906401296397e-01,9.743215688075398395e-01,9.743187751419629672e-01,9.741728083703024010e-01,1.000000000000001554e+00,9.741728083703022900e-01,9.743187751419628562e-01,9.743215688075397285e-01,9.743215688075396175e-01,9.743218906401297508e-01,9.743215688075398395e-01,9.743187751419628562e-01,9.741728083703022900e-01,1.000000000000001554e+00,9.741728083703022900e-01,9.743187751419627451e-01,9.743187751419628562e-01,9.743215688075398395e-01,9.743218906401296397e-01,9.743215688075398395e-01,9.743187751419628562e-01,9.741728083703022900e-01,1.000000000000001554e+00,9.741728083703022900e-01,9.741728083703022900e-01,9.743187751419628562e-01,9.743215688075396175e-01,9.743218906401297508e-01,9.743215688075397285e-01,9.743187751419627451e-01,9.741728083703022900e-01,1.000000000000001554e+00
1.000000000000000000e+00,9.535381173894069695e-01,9.539693146198982010e-01,9.540108250543809509e-01,9.540147603826201195e-01,9.540108250543808399e-01,9.539693146198982010e-01,9.535381173894070805e-01,9.535381173894069695e-01,1.000000000000000000e+00,9.535381173894068585e-01,9.539693146198979790e-01,9.540108250543807289e-01,9.540147603826200084e-01,9.540108250543808399e-01,9.539693146198982010e-01,9.539693146198982010e-01,9.535381173894068585e-01,1.000000000000000000e+00,9.535381173894067475e-01,9.539693146198979790e-01,9.540108250543807289e-01,9.540147603826200084e-01,9.540108250543808399e-01,9.540108250543809509e-01,9.539693146198979790e-01,9.535381173894067475e-01,1.000000000000000000e+00,9.535381173894068585e-01,9.539693146198980900e-01,9.540108250543808399e-01,9.540147603826201195e-01,9.540147603826201195e-01,9.540108250543807289e-01,9.539693146198979790e-01,9.535381173894068585e-01,1.000000000000000000e+00,9.535381173894069695e-01,9.539693146198980900e-01,9.540108250543809509e-01,9.540108250543808399e-01,9.540147603826200084e-01,9.540108250543807289e-01,9.539693146198980900e-01,9.535381173894069695e-01,1.000000000000000000e+00,9.535381173894067475e-01,9.539693146198979790e-01,9.539693146198982010e-01,9.540108250543808399e-01,9.540147603826200084e-01,9.540108250543808399e-01,9.539693146198980900e-01,9.535381173894067475e-01,1.000000000000000000e+00,9.535381173894070805e-01,9.535381173894070805e-01,9.539693146198982010e-01,9.540108250543808399e-01,9.540147603826201195e-01,9.540108250543809509e-01,9.539693146198979790e-01,9.535381173894070805e-01,1.000000000000000000e+00
9.999999999999973355e-01,9.658385421217257072e-01,9.660500666320726015e-01,9.660591397862511309e-01,9.660599096593205370e-01,9.660591397862515750e-01,9.660500666320728236e-01,9.658385421217262623e-01,9.658385421217257072e-01,9.999999999999973355e-01,9.658385421217253741e-01,9.660500666320721574e-01,9.660591397862509089e-01,9.660599096593203150e-01,9.660591397862507979e-01,9.660500666320724905e-01,9.660500666320726015e-01,9.658385421217253741e-01,9.999999999999973355e-01,9.658385421217255962e-01,9.660500666320726015e-01,9.660591397862511309e-01,9.660599096593202040e-01,9.660591397862512419e-01,9.660591397862511309e-01,9.660500666320721574e-01,9.658385421217255962e-01,9.999999999999973355e-01,9.658385421217260403e-01,9.660500666320728236e-01,9.660591397862510199e-01,9.660599096593203150e-01,9.660599096593205370e-01,9.660591397862509089e-01,9.660500666320726015e-01,9.658385421217260403e-01,9.999999999999973355e-01,9.658385421217263733e-01,9.660500666320727126e-01,9.660591397862514640e-01,9.660591397862515750e-01,9.660599096593203150e-01,9.660591397862511309e-01,9.660500666320728236e-01,9.658385421217263733e-01,9.999999999999973355e-01,9.658385421217263733e-01,9.660500666320731566e-01,9.660500666320728236e-01,9.660591397862507979e-01,9.660599096593202040e-01,9.660591397862510199e-01,9.660500666320727126e-01,9.658385421217263733e-01,9.999999999999973355e-01,9.658385421217261513e-01,9.658385421217262623e-01,9.660500666320724905e-01,9.660591397862512419e-01,9.660599096593203150e-01,9.660591397862514640e-01,9.660500666320731566e-01,9.658385421217261513e-01,9.999999999999973355e-01
9.999999999999963363e-01,9.748631917643152400e-01,9.749674433593390477e-01,9.749829702965636669e-01,9.749845618770519584e-01,9.749829702965635558e-01,9.749674433593388256e-01,9.748631917643152400e-01,9.748631917643152400e-01,9.999999999999963363e-01,9.748631917643153511e-01,9.749674433593389367e-01,9.749829702965634448e-01,9.749845618770520694e-01,9.749829702965635558e-01,9.749674433593388256e-01,9.749674433593390477e-01,9.748631917643153511e-01,9.999999999999963363e-01,9.748631917643154621e-01,9.749674433593389367e-01,9.749829702965635558e-01,9.749845618770522915e-01,9.749829702965637779e-01,9.749829702965636669e-01,9.749674433593389367e-01,9.748631917643154621e-01,9.999999999999963363e-01,9.748631917643153511e-01,9.749674433593390477e-01,9.749829702965637779e-01,9.749845618770522915e-01,9.749845618770519584e-01,9.749829702965634448e-01,9.749674433593389367e-01,9.748631917643153511e-01,9.999999999999963363e-01,9.748631917643154621e-01,9.749674433593388256e-01,9.749829702965635558e-01,9.749829702965635558e-01,9.749845618770520694e-01,9.749829702965635558e-01,9.749674433593390477e-01,9.748631917643154621e-01,9.999999999999963363e-01,9.748631917643152400e-01,9.749674433593388256e-01,9.749674433593388256e-01,9.749829702965635558e-01,9.749845618770522915e-01,9.749829702965637779e-01,9.749674433593388256e-01,9.748631917643152400e-01,9.999999999999963363e-01,9.748631917643152400e-01,9.748631917643152400e-01,9.749674433593388256e-01,9.749829702965637779e-01,9.749845618770522915e-01,9.749829702965635558e-01,9.749674433593388256e-01,9.748631917643152400e-01,9.999999999999963363e-01
9.999999999999965583e-01,9.469063792697481885e-01,9.475204170661088998e-01,9.475270916271711918e-01,9.475280435740155438e-01,9.475270916271713029e-01,9.475204170661086778e-01,9.469063792697478554e-01,9.469063792697481885e-01,9.999999999999965583e-01,9.469063792697484105e-01,9.475204170661091219e-01,9.475270916271715249e-01,9.475280435740157658e-01,9.475270916271716359e-01,9.475204170661090108e-01,9.475204170661088998e-01,9.469063792697484105e-01,9.999999999999965583e-01,9.469063792697481885e-01,9.475204170661090108e-01,9.475270916271715249e-01,9.475280435740156548e-01,9.475270916271713029e-01,9.475270916271711918e-01,9.475204170661091219e-01,9.469063792697481885e-01,9.999999999999965583e-01,9.469063792697480775e-01,9.475204170661087888e-01,9.475270916271713029e-01,9.475280435740154328e-01,9.475280435740155438e-01,9.475270916271715249e-01,9.475204170661090108e-01,9.469063792697480775e-01,9.999999999999965583e-01,9.469063792697479665e-01,9.475204170661087888e-01,9.475270916271711918e-01,9.475270916271713029e-01,9.475280435740157658e-01,9.475270916271715249e-01,9.475204170661087888e-01,9.469063792697479665e-01,9.999999999999965583e-01,9.469063792697480775e-01,9.475204170661086778e-01,9.475204170661086778e-01,9.475270916271716359e-01,9.475280435740156548e-01,9.475270916271713029e-01,9.475204170661087888e-01,9.469063792697480775e-01,9.999999999999965583e-01,9.469063792697477444e-01,9.469063792697478554e-01,9.475204170661090108e-01,9.475270916271713029e-01,9.475280435740154328e-01,9.475270916271711918e-01,9.475204170661086778e-01,9.469063792697477444e-01,9.999999999999965583e-01
9.999999999999980016e-01,9.350702922517848403e-01,9.358486343211860348e-01,9.359389636933515000e-01,9.359473394865576168e-01,9.359389636933515000e-01,9.358486343211864789e-01,9.350702922517855065e-01,9.350702922517848403e-01,9.999999999999980016e-01,9.350702922517842852e-01,9.358486343211858127e-01,9.359389636933511669e-01,9.359473394865570617e-01,9.359389636933511669e-01,9.358486343211861458e-01,9.358486343211860348e-01,9.350702922517842852e-01,9.999999999999980016e-01,9.350702922517847293e-01,9.358486343211860348e-01,9.359389636933511669e-01,9.359473394865572837e-01,9.359389636933513890e-01,9.359389636933515000e-01,9.358486343211858127e-01,9.350702922517847293e-01,9.999999999999980016e-01,9.350702922517852844e-01,9.358486343211862568e-01,9.359389636933513890e-01,9.359473394865575058e-01,9.359473394865576168e-01,9.359389636933511669e-01,9.358486343211860348e-01,9.350702922517852844e-01,9.999999999999980016e-01,9.350702922517853954e-01,9.358486343211864789e-01,9.359389636933518331e-01,9.359389636933515000e-01,9.359473394865570617e-01,9.359389636933511669e-01,9.358486343211862568e-01,9.350702922517853954e-01,9.999999999999980016e-01,9.350702922517852844e-01,9.358486343211864789e-01,9.358486343211864789e-01,9.359389636933511669e-01,9.359473394865572837e-01,9.359389636933513890e-01,9.358486343211864789e-01,9.350702922517852844e-01,9.999999999999980016e-01,9.350702922517853954e-01,9.350702922517855065e-01,9.358486343211861458e-01,9.359389636933513890e-01,9.359473394865575058e-01,9.359389636933518331e-01,9.358486343211864789e-01,9.350702922517853954e-01,9.999999999999980016e-01
1.000000000000001554e+00,9.513054360960929712e-01,9.517808888777770093e-01,9.517724846003203787e-01,9.517719263094306381e-01,9.517724846003203787e-01,9.517808888777773424e-01,9.513054360960937483e-01,9.513054360960929712e-01,1.000000000000001554e+00,9.513054360960925271e-01,9.517808888777765652e-01,9.517724846003199346e-01,9.517719263094299720e-01,9.517724846003198236e-01,9.517808888777768983e-01,9.517808888777770093e-01,9.513054360960925271e-01,1.000000000000001554e+00,9.513054360960929712e-01,9.517808888777770093e-01,9.517724846003201566e-01,9.517719263094300830e-01,9.517724846003201566e-01,9.517724846003203787e-01,9.517808888777765652e-01,9.513054360960929712e-01,1.000000000000001554e+00,9.513054360960933042e-01,9.517808888777772314e-01,9.517724846003201566e-01,9.517719263094305271e-01,9.517719263094306381e-01,9.517724846003199346e-01,9.517808888777770093e-01,9.513054360960933042e-01,1.000000000000001554e+00,9.513054360960935263e-01,9.517808888777771203e-01,9.517724846003204897e-01,9.517724846003203787e-01,9.517719263094299720e-01,9.517724846003201566e-01,9.517808888777772314e-01,9.513054360960935263e-01,1.000000000000001554e+00,9.513054360960933042e-01,9.517808888777773424e-01,9.517808888777773424e-01,9.517724846003198236e-01,9.517719263094300830e-01,9.517724846003201566e-01,9.517808888777771203e-01,9.513054360960933042e-01,1.000000000000001554e+00,9.513054360960936373e-01,9.513054360960937483e-01,9.517808888777768983e-01,9.517724846003201566e-01,9.517719263094305271e-01,9.517724846003204897e-01,9.517808888777773424e-01,9.513054360960936373e-01,1.000000000000001554e+00
1.000000000000002220e+00,9.309283351934621864e-01,9.318588813808093008e-01,9.319481380051327646e-01,9.319564099491980391e-01,9.319481380051326536e-01,9.318588813808089677e-01,9.309283351934617423e-01,9.309283351934621864e-01,1.000000000000002220e+00,9.309283351934625195e-01,9.318588813808094118e-01,9.319481380051330976e-01,9.319564099491982612e-01,9.319481380051328756e-01,9.318588813808091897e-01,9.318588813808093008e-01,9.309283351934625195e-01,1.000000000000002220e+00,9.309283351934619644e-01,9.318588813808091897e-01,9.319481380051328756e-01,9.319564099491981501e-01,9.319481380051328756e-01,9.319481380051327646e-01,9.318588813808094118e-01,9.309283351934619644e-01,1.000000000000002220e+00,9.309283351934618533e-01,9.318588813808087457e-01,9.319481380051326536e-01,9.319564099491979281e-01,9.319564099491980391e-01,9.319481380051330976e-01,9.318588813808091897e-01,9.309283351934618533e-01,1.000000000000002220e+00,9.309283351934616313e-01,9.318588813808089677e-01,9.319481380051326536e-01,9.319481380051326536e-01,9.319564099491982612e-01,9.319481380051328756e-01,9.318588813808087457e-01,9.309283351934616313e-01,1.000000000000002220e+00,9.309283351934614092e-01,9.318588813808086346e-01,9.318588813808089677e-01,9.319481380051328756e-01,9.319564099491981501e-01,9.319481380051326536e-01,9.318588813808089677e-01,9.309283351934614092e-01,1.000000000000002220e+00,9.309283351934614092e-01,9.309283351934617423e-01,9.318588813808091897e-01,9.319481380051328756e-01,9.319564099491979281e-01,9.319481380051326536e-01,9.318588813808086346e-01,9.309283351934614092e-01,1.000000000000002220e+00
1.000000000000002220e+00,8.677209154092736521e-01,8.716139285323761809e-01,8.717471163784712429e-01,8.717538264753491584e-01,8.717471163784711319e-01,8.716139285323758479e-01,8.677209154092723198e-01,8.677209154092736521e-01,1.000000000000002220e+00,8.677209154092737631e-01,8.716139285323767361e-01,8.717471163784719090e-01,8.717538264753502686e-01,8.717471163784723531e-01,8.716139285323767361e-01,8.716139285323761809e-01,8.677209154092737631e-01,1.000000000000002220e+00,8.677209154092728749e-01,8.716139285323757369e-01,8.717471163784713539e-01,8.717538264753498245e-01,8.717471163784714649e-01,8.717471163784712429e-01,8.716139285323767361e-01,8.677209154092728749e-01,1.000000000000002220e+00,8.677209154092720977e-01,8.716139285323755148e-01,8.717471163784711319e-01,8.717538264753492694e-01,8.717538264753491584e-01,8.717471163784719090e-01,8.716139285323757369e-01,8.677209154092720977e-01,1.000000000000002220e+00,8.677209154092716537e-01,8.716139285323752928e-01,8.717471163784705768e-01,8.717471163784711319e-01,8.717538264753502686e-01,8.717471163784713539e-01,8.716139285323755148e-01,8.677209154092716537e-01,1.000000000000002220e+00,8.677209154092720977e-01,8.716139285323754038e-01,8.716139285323758479e-01,8.717471163784723531e-01,8.717538264753498245e-01,8.717471163784711319e-01,8.716139285323752928e-01,8.677209154092720977e-01,1.000000000000002220e+00,8.677209154092719867e-01,8.677209154092723198e-01,8.716139285323767361e-01,8.717471163784714649e-01,8.717538264753492694e-01,8.717471163784705768e-01,8.716139285323754038e-01,8.677209154092719867e-01,1.000000000000002220e+00
1.000000000000000444e+00,8.074244071570082504e-01,8.156721836508822321e-01,8.160730153246911200e-01,8.161140783417741851e-01,8.160730153246907870e-01,8.156721836508824541e-01,8.074244071570079173e-01,8.074244071570082504e-01,1.000000000000000444e+00,8.074244071570076953e-01,8.156721836508823431e-01,8.160730153246908980e-01,8.161140783417744071e-01,8.160730153246912311e-01,8.156721836508824541e-01,8.156721836508822321e-01,8.074244071570076953e-01,1.000000000000000444e+00,8.074244071570071402e-01,8.156721836508814549e-01,8.160730153246904539e-01,8.161140783417738520e-01,8.160730153246905649e-01,8.160730153246911200e-01,8.156721836508823431e-01,8.074244071570071402e-01,1.000000000000000444e+00,8.074244071570066961e-01,8.156721836508815660e-01,8.160730153246906760e-01,8.161140783417740741e-01,8.161140783417741851e-01,8.160730153246908980e-01,8.156721836508814549e-01,8.074244071570066961e-01,1.000000000000000444e+00,8.074244071570064740e-01,8.156721836508816770e-01,8.160730153246905649e-01,8.160730153246907870e-01,8.161140783417744071e-01,8.160730153246904539e-01,8.156721836508815660e-01,8.074244071570064740e-01,1.000000000000000444e+00,8.074244071570069181e-01,8.156721836508816770e-01,8.156721836508824541e-01,8.160730153246912311e-01,8.161140783417738520e-01,8.160730153246906760e-01,8.156721836508816770e-01,8.074244071570069181e-01,1.000000000000000444e+00,8.074244071570072512e-01,8.074244071570079173e-01,8.156721836508824541e-01,8.160730153246905649e-01,8.161140783417740741e-01,8.160730153246905649e-01,8.156721836508816770e-01,8.074244071570072512e-01,1.000000000000000444e+00
1.000000000000000444e+00,7.783929647184888445e-01,7.892695806001429615e-01,7.899330651400369163e-01,7.899656226338085396e-01,7.899330651400369163e-01,7.892695806001440717e-01,7.783929647184900658e-01,7.783929647184888445e-01,1.000000000000000444e+00,7.783929647184868461e-01,7.892695806001424064e-01,7.899330651400352510e-01,7.899656226338070963e-01,7.899330651400351400e-01,7.892695806001428505e-01,7.892695806001429615e-01,7.783929647184868461e-01,1.000000000000000444e+00,7.783929647184874012e-01,7.892695806001420733e-01,7.899330651400350289e-01,7.899656226338066523e-01,7.899330651400354730e-01,7.899330651400369163e-01,7.892695806001424064e-01,7.783929647184874012e-01,1.000000000000000444e+00,7.783929647184882894e-01,7.892695806001430725e-01,7.899330651400358061e-01,7.899656226338080955e-01,7.899656226338085396e-01,7.899330651400352510e-01,7.892695806001420733e-01,7.783929647184882894e-01,1.000000000000000444e+00,7.783929647184882894e-01,7.892695806001429615e-01,7.899330651400362502e-01,7.899330651400369163e-01,7.899656226338070963e-01,7.899330651400350289e-01,7.892695806001430725e-01,7.783929647184882894e-01,1.000000000000000444e+00,7.783929647184885114e-01,7.892695806001436276e-01,7.892695806001440717e-01,7.899330651400351400e-01,7.899656226338066523e-01,7.899330651400358061e-01,7.892695806001429615e-01,7.783929647184885114e-01,1.000000000000000444e+00,7.783929647184889555e-01,7.783929647184900658e-01,7.892695806001428505e-01,7.899330651400354730e-01,7.899656226338080955e-01,7.899330651400362502e-01,7.892695806001436276e-01,7.783929647184889555e-01,1.000000000000000444e+00
9.999999999999995559e-01,7.722169984993352276e-01,7.840682734119239772e-01,7.845305575703567236e-01,7.844991265565371963e-01,7.845305575703569456e-01,7.840682734119249764e-01,7.722169984993375591e-01,7.722169984993352276e-01,9.999999999999995559e-01,7.722169984993323411e-01,7.840682734119227559e-01,7.845305575703540590e-01,7.844991265565348648e-01,7.845305575703539480e-01,7.840682734119233110e-01,7.840682734119239772e-01,7.722169984993323411e-01,9.999999999999995559e-01,7.722169984993338954e-01,7.840682734119225339e-01,7.845305575703543921e-01,7.844991265565345318e-01,7.845305575703549472e-01,7.845305575703567236e-01,7.840682734119227559e-01,7.722169984993338954e-01,9.999999999999995559e-01,7.722169984993354497e-01,7.840682734119241992e-01,7.845305575703552803e-01,7.844991265565368632e-01,7.844991265565371963e-01,7.845305575703540590e-01,7.840682734119225339e-01,7.722169984993354497e-01,9.999999999999995559e-01,7.722169984993356717e-01,7.840682734119236441e-01,7.845305575703560574e-01,7.845305575703569456e-01,7.844991265565348648e-01,7.845305575703543921e-01,7.840682734119241992e-01,7.722169984993356717e-01,9.999999999999995559e-01,7.722169984993354497e-01,7.840682734119250874e-01,7.840682734119249764e-01,7.845305575703539480e-01,7.844991265565345318e-01,7.845305575703552803e-01,7.840682734119236441e-01,7.722169984993354497e-01,9.999999999999995559e-01,7.722169984993360048e-01,7.722169984993375591e-01,7.840682734119233110e-01,7.845305575703549472e-01,7.844991265565368632e-01,7.845305575703560574e-01,7.840682734119250874e-01,7.722169984993360048e-01,9.999999999999995559e-01
1.000000000000000444e+00,7.623822725195382732e-01,7.755496168863373896e-01,7.757588460930991969e-01,7.757506925603656622e-01,7.757588460930987528e-01,7.755496168863380557e-01,7.623822725195404937e-01,7.623822725195382732e-01,1.000000000000000444e+00,7.623822725195360528e-01,7.755496168863365014e-01,7.757588460930969765e-01,7.757506925603629977e-01,7.757588460930963103e-01,7.755496168863370565e-01,7.755496168863373896e-01,7.623822725195360528e-01,1.000000000000000444e+00,7.623822725195378291e-01,7.755496168863368345e-01,7.757588460930969765e-01,7.757506925603629977e-01,7.757588460930976426e-01,7.757588460930991969e-01,7.755496168863365014e-01,7.623822725195378291e-01,1.000000000000000444e+00,7.623822725195392724e-01,7.755496168863380557e-01,7.757588460930979757e-01,7.757506925603654402e-01,7.757506925603656622e-01,7.757588460930969765e-01,7.755496168863368345e-01,7.623822725195392724e-01,1.000000000000000444e+00,7.623822725195390504e-01,7.755496168863376116e-01,7.757588460930990859e-01,7.757588460930987528e-01,7.757506925603629977e-01,7.757588460930969765e-01,7.755496168863380557e-01,7.623822725195390504e-01,1.000000000000000444e+00,7.623822725195383843e-01,7.755496168863383888e-01,7.755496168863380557e-01,7.757588460930963103e-01,7.757506925603629977e-01,7.757588460930979757e-01,7.755496168863376116e-01,7.623822725195383843e-01,1.000000000000000444e+00,7.623822725195391614e-01,7.623822725195404937e-01,7.755496168863370565e-01,7.757588460930976426e-01,7.757506925603654402e-01,7.757588460930990859e-01,7.755496168863383888e-01,7.623822725195391614e-01,1.000000000000000444e+00
1.000000000000000666e+00,7.274448926411556382e-01,7.446498319850920478e-01,7.450073484293763260e-01,7.451078265413830781e-01,7.450073484293756598e-01,7.446498319850920478e-01,7.274448926411571925e-01,7.274448926411556382e-01,1.000000000000000666e+00,7.274448926411551941e-01,7.446498319850922698e-01,7.450073484293749937e-01,7.451078265413821899e-01,7.450073484293745496e-01,7.446498319850922698e-01,7.446498319850920478e-01,7.274448926411551941e-01,1.000000000000000666e+00,7.274448926411567484e-01,7.446498319850923808e-01,7.450073484293752157e-01,7.451078265413823010e-01,7.450073484293758819e-01,7.450073484293763260e-01,7.446498319850922698e-01,7.274448926411567484e-01,1.000000000000000666e+00,7.274448926411575256e-01,7.446498319850931580e-01,7.450073484293758819e-01,7.451078265413840773e-01,7.451078265413830781e-01,7.450073484293749937e-01,7.446498319850923808e-01,7.274448926411575256e-01,1.000000000000000666e+00,7.274448926411566374e-01,7.446498319850923808e-01,7.450073484293764370e-01,7.450073484293756598e-01,7.451078265413821899e-01,7.450073484293752157e-01,7.446498319850931580e-01,7.274448926411566374e-01,1.000000000000000666e+00,7.274448926411560823e-01,7.446498319850929359e-01,7.446498319850920478e-01,7.450073484293745496e-01,7.451078265413823010e-01,7.450073484293758819e-01,7.446498319850923808e-01,7.274448926411560823e-01,1.000000000000000666e+00,7.274448926411567484e-01,7.274448926411571925e-01,7.446498319850922698e-01,7.450073484293758819e-01,7.451078265413840773e-01,7.450073484293764370e-01,7.446498319850929359e-01,7.274448926411567484e-01,1.000000000000000666e+00
1.000000000000000222e+00,6.627290320866814355e-01,6.894250869565574646e-01,6.899872469614495296e-01,6.900837844814587951e-01,6.899872469614484194e-01,6.894250869565572426e-01,6.627290320866817686e-01,6.627290320866814355e-01,1.000000000000000222e+00,6.627290320866824347e-01,6.894250869565591300e-01,6.899872469614495296e-01,6.900837844814589062e-01,6.899872469614490855e-01,6.894250869565584638e-01,6.894250869565574646e-01,6.627290320866824347e-01,1.000000000000000222e+00,6.627290320866836559e-01,6.894250869565585749e-01,6.899872469614491965e-01,6.900837844814594613e-01,6.899872469614499737e-01,6.899872469614495296e-01,6.894250869565591300e-01,6.627290320866836559e-01,1.000000000000000222e+00,6.627290320866832118e-01,6.894250869565587969e-01,6.899872469614500847e-01,6.900837844814605715e-01,6.900837844814587951e-01,6.899872469614495296e-01,6.894250869565585749e-01,6.627290320866832118e-01,1.000000000000000222e+00,6.627290320866817686e-01,6.894250869565581308e-01,6.899872469614497517e-01,6.899872469614484194e-01,6.900837844814589062e-01,6.899872469614491965e-01,6.894250869565587969e-01,6.627290320866817686e-01,1.000000000000000222e+00,6.627290320866816575e-01,6.894250869565583528e-01,6.894250869565572426e-01,6.899872469614490855e-01,6.900837844814594613e-01,6.899872469614500847e-01,6.894250869565581308e-01,6.627290320866816575e-01,1.000000000000000222e+00,6.627290320866823237e-01,6.627290320866817686e-01,6.894250869565584638e-01,6.899872469614499737e-01,6.900837844814605715e-01,6.899872469614497517e-01,6.894250869565583528e-01,6.627290320866823237e-01,1.000000000000000222e+00
9.999999999999987788e-01,5.796452515998655741e-01,6.226481612859462444e-01,6.225658250145140737e-01,6.224272852698726766e-01,6.225658250145127415e-01,6.226481612859454673e-01,5.796452515998650190e-01,5.796452515998655741e-01,9.999999999999987788e-01,5.796452515998674615e-01,6.226481612859476877e-01,6.225658250145141848e-01,6.224272852698741199e-01,6.225658250145147399e-01,6.226481612859471326e-01,6.226481612859462444e-01,5.796452515998674615e-01,9.999999999999987788e-01,5.796452515998676835e-01,6.226481612859461334e-01,6.225658250145140737e-01,6.224272852698747860e-01,6.225658250145149619e-01,6.225658250145140737e-01,6.226481612859476877e-01,5.796452515998676835e-01,9.999999999999987788e-01,5.796452515998660182e-01,6.226481612859464665e-01,6.225658250145149619e-01,6.224272852698751191e-01,6.224272852698726766e-01,6.225658250145141848e-01,6.226481612859461334e-01,5.796452515998660182e-01,9.999999999999987788e-01,5.796452515998642419e-01,6.226481612859458004e-01,6.225658250145136297e-01,6.225658250145127415e-01,6.224272852698741199e-01,6.225658250145140737e-01,6.226481612859464665e-01,5.796452515998642419e-01,9.999999999999987788e-01,5.796452515998650190e-01,6.226481612859458004e-01,6.226481612859454673e-01,6.225658250145147399e-01,6.224272852698747860e-01,6.225658250145149619e-01,6.226481612859458004e-01,5.796452515998650190e-01,9.999999999999987788e-01,5.796452515998660182e-01,5.796452515998650190e-01,6.226481612859471326e-01,6.225658250145149619e-01,6.224272852698751191e-01,6.225658250145136297e-01,6.226481612859458004e-01,5.796452515998660182e-01,9.999999999999987788e-01
9.999999999999988898e-01,4.975828801677765201e-01,5.614775743330681079e-01,5.591207127755855044e-01,5.586748015460164529e-01,5.591207127755842832e-01,5.614775743330675528e-01,4.975828801677750768e-01,4.975828801677765201e-01,9.999999999999988898e-01,4.975828801677778523e-01,5.614775743330693292e-01,5.591207127755849493e-01,5.586748015460187844e-01,5.591207127755865036e-01,5.614775743330691071e-01,5.614775743330681079e-01,4.975828801677778523e-01,9.999999999999988898e-01,4.975828801677769642e-01,5.614775743330666646e-01,5.591207127755852824e-01,5.586748015460190064e-01,5.591207127755858375e-01,5.591207127755855044e-01,5.614775743330693292e-01,4.975828801677769642e-01,9.999999999999988898e-01,4.975828801677744107e-01,5.614775743330679969e-01,5.591207127755859485e-01,5.586748015460188954e-01,5.586748015460164529e-01,5.591207127755849493e-01,5.614775743330666646e-01,4.975828801677744107e-01,9.999999999999988898e-01,4.975828801677728563e-01,5.614775743330668867e-01,5.591207127755838391e-01,5.591207127755842832e-01,5.586748015460187844e-01,5.591207127755852824e-01,5.614775743330679969e-01,4.975828801677728563e-01,9.999999999999988898e-01,4.975828801677750768e-01,5.614775743330673308e-01,5.614775743330675528e-01,5.591207127755865036e-01,5.586748015460190064e-01,5.591207127755859485e-01,5.614775743330668867e-01,4.975828801677750768e-01,9.999999999999988898e-01,4.975828801677759650e-01,4.975828801677750768e-01,5.614775743330691071e-01,5.591207127755858375e-01,5.586748015460188954e-01,5.591207127755838391e-01,5.614775743330673308e-01,4.975828801677759650e-01,9.999999999999988898e-01
1.000000000000000000e+00,4.341125571850886766e-01,5.181314126728649994e-01,5.118299497343578031e-01,5.113938618777814638e-01,5.118299497343570259e-01,5.181314126728652214e-01,4.341125571850871223e-01,4.341125571850886766e-01,1.000000000000000000e+00,4.341125571850885101e-01,5.181314126728659986e-01,5.118299497343563598e-01,5.113938618777841283e-01,5.118299497343583582e-01,5.181314126728659986e-01,5.181314126728649994e-01,4.341125571850885101e-01,1.000000000000000000e+00,4.341125571850868448e-01,5.181314126728624458e-01,5.118299497343569149e-01,5.113938618777834622e-01,5.118299497343570259e-01,5.118299497343578031e-01,5.181314126728659986e-01,4.341125571850868448e-01,1.000000000000000000e+00,4.341125571850840692e-01,5.181314126728647773e-01,5.118299497343572479e-01,5.113938618777833511e-01,5.113938618777814638e-01,5.118299497343563598e-01,5.181314126728624458e-01,4.341125571850840692e-01,1.000000000000000000e+00,4.341125571850833476e-01,5.181314126728632230e-01,5.118299497343552495e-01,5.118299497343570259e-01,5.113938618777841283e-01,5.118299497343569149e-01,5.181314126728647773e-01,4.341125571850833476e-01,1.000000000000000000e+00,4.341125571850864562e-01,5.181314126728643332e-01,5.181314126728652214e-01,5.118299497343583582e-01,5.113938618777834622e-01,5.118299497343572479e-01,5.181314126728632230e-01,4.341125571850864562e-01,1.000000000000000000e+00,4.341125571850871223e-01,4.341125571850871223e-01,5.181314126728659986e-01,5.118299497343570259e-01,5.113938618777833511e-01,5.118299497343552495e-01,5.181314126728643332e-01,4.341125571850871223e-01,1.000000000000000000e+00
9.999999999999993339e-01,3.978589935447822690e-01,4.959883499177477062e-01,4.850297839066332051e-01,4.853278776144801521e-01,4.850297839066328720e-01,4.959883499177488719e-01,3.978589935447812698e-01,3.978589935447822690e-01,9.999999999999993339e-01,3.978589935447801595e-01,4.959883499177482058e-01,4.850297839066305960e-01,4.853278776144827611e-01,4.850297839066327610e-01,4.959883499177487609e-01,4.959883499177477062e-01,3.978589935447801595e-01,9.999999999999993339e-01,3.978589935447784942e-01,4.959883499177447641e-01,4.850297839066314842e-01,4.853278776144814843e-01,4.850297839066314287e-01,4.850297839066332051e-01,4.959883499177482058e-01,3.978589935447784942e-01,9.999999999999993339e-01,3.978589935447761627e-01,4.959883499177480393e-01,4.850297839066316508e-01,4.853278776144816509e-01,4.853278776144801521e-01,4.850297839066305960e-01,4.959883499177447641e-01,3.978589935447761627e-01,9.999999999999993339e-01,3.978589935447763848e-01,4.959883499177458743e-01,4.850297839066298189e-01,4.850297839066328720e-01,4.853278776144827611e-01,4.850297839066314842e-01,4.959883499177480393e-01,3.978589935447763848e-01,9.999999999999993339e-01,3.978589935447799375e-01,4.959883499177477617e-01,4.959883499177488719e-01,4.850297839066327610e-01,4.853278776144814843e-01,4.850297839066316508e-01,4.959883499177458743e-01,3.978589935447799375e-01,9.999999999999993339e-01,3.978589935447801595e-01,3.978589935447812698e-01,4.959883499177487609e-01,4.850297839066314287e-01,4.853278776144816509e-01,4.850297839066298189e-01,4.959883499177477617e-01,3.978589935447801595e-01,9.999999999999993339e-01
1.000000000000000222e+00,3.861415908218521764e-01,4.904040512935612939e-01,4.756521791751054939e-01,4.775542459349091939e-01,4.756521791751058270e-01,4.904040512935631257e-01,3.861415908218520099e-01,3.861415908218521764e-01,1.000000000000000222e+00,3.861415908218485127e-01,4.904040512935612384e-01,4.756521791751021633e-01,4.775542459349111923e-01,4.756521791751039951e-01,4.904040512935622376e-01,4.904040512935612939e-01,3.861415908218485127e-01,1.000000000000000222e+00,3.861415908218472914e-01,4.904040512935583518e-01,4.756521791751030515e-01,4.775542459349096380e-01,4.756521791751028294e-01,4.756521791751054939e-01,4.904040512935612384e-01,3.861415908218472914e-01,1.000000000000000222e+00,3.861415908218458481e-01,4.904040512935624596e-01,4.756521791751032180e-01,4.775542459349101376e-01,4.775542459349091939e-01,4.756521791751021633e-01,4.904040512935583518e-01,3.861415908218458481e-01,1.000000000000000222e+00,3.861415908218471249e-01,4.904040512935597951e-01,4.756521791751018857e-01,4.756521791751058270e-01,4.775542459349111923e-01,4.756521791751030515e-01,4.904040512935624596e-01,3.861415908218471249e-01,1.000000000000000222e+00,3.861415908218504001e-01,4.904040512935621821e-01,4.904040512935631257e-01,4.756521791751039951e-01,4.775542459349096380e-01,4.756521791751032180e-01,4.904040512935597951e-01,3.861415908218504001e-01,1.000000000000000222e+00,3.861415908218500670e-01,3.861415908218520099e-01,4.904040512935622376e-01,4.756521791751028294e-01,4.775542459349101376e-01,4.756521791751018857e-01,4.904040512935621821e-01,3.861415908218500670e-01,1.000000000000000222e+00
