9.999999999999977796e-01,9.999999999999977796e-01,9.999999999999977796e-01,9.999999999999977796e-01,9.999999999999977796e-01,9.999999999999977796e-01,9.999999999999977796e-01,9.999999999999977796e-01,9.999999999999977796e-01,9.999999999999977796e-01,9.999999999999977796e-01,9.999999999999977796e-01,9.999999999999977796e-01,9.999999999999977796e-01,9.999999999999977796e-01,9.999999999999977796e-01,9.999999999999977796e-01,9.999999999999977796e-01,9.999999999999977796e-01,9.999999999999977796e-01,9.999999999999977796e-01,9.999999999999977796e-01,9.999999999999977796e-01,9.999999999999977796e-01,9.999999999999977796e-01,9.999999999999977796e-01,9.999999999999977796e-01,9.999999999999977796e-01,9.999999999999977796e-01,9.999999999999977796e-01,9.999999999999977796e-01,9.999999999999977796e-01,9.999999999999977796e-01,9.999999999999977796e-01,9.999999999999977796e-01,9.999999999999977796e-01,9.999999999999977796e-01,9.999999999999977796e-01,9.999999999999977796e-01,9.999999999999977796e-01,9.999999999999977796e-01,9.999999999999977796e-01,9.999999999999977796e-01,9.999999999999977796e-01,9.999999999999977796e-01,9.999999999999977796e-01,9.999999999999977796e-01,9.999999999999977796e-01,9.999999999999977796e-01,9.999999999999977796e-01,9.999999999999977796e-01,9.999999999999977796e-01,9.999999999999977796e-01,9.999999999999977796e-01,9.999999999999977796e-01,9.999999999999977796e-01,9.999999999999977796e-01,9.999999999999977796e-01,9.999999999999977796e-01,9.999999999999977796e-01,9.999999999999977796e-01,9.999999999999977796e-01,9.999999999999977796e-01,9.999999999999977796e-01
9.999999999999967804e-01,9.994715315167014280e-01,9.994715851931574857e-01,9.994715891163911126e-01,9.994715895078547518e-01,9.994715891163911126e-01,9.994715851931575967e-01,9.994715315167015390e-01,9.994715315167014280e-01,9.999999999999967804e-01,9.994715315167015390e-01,9.994715851931574857e-01,9.994715891163911126e-01,9.994715895078547518e-01,9.994715891163912236e-01,9.994715851931575967e-01,9.994715851931574857e-01,9.994715315167015390e-01,9.999999999999967804e-01,9.994715315167016501e-01,9.994715851931573747e-01,9.994715891163912236e-01,9.994715895078547518e-01,9.994715891163911126e-01,9.994715891163911126e-01,9.994715851931574857e-01,9.994715315167016501e-01,9.999999999999967804e-01,9.994715315167014280e-01,9.994715851931575967e-01,9.994715891163911126e-01,9.994715895078547518e-01,9.994715895078547518e-01,9.994715891163911126e-01,9.994715851931573747e-01,9.994715315167014280e-01,9.999999999999967804e-01,9.994715315167014280e-01,9.994715851931574857e-01,9.994715891163911126e-01,9.994715891163911126e-01,9.994715895078547518e-01,9.994715891163912236e-01,9.994715851931575967e-01,9.994715315167014280e-01,9.999999999999967804e-01,9.994715315167015390e-01,9.994715851931575967e-01,9.994715851931575967e-01,9.994715891163912236e-01,9.994715895078547518e-01,9.994715891163911126e-01,9.994715851931574857e-01,9.994715315167015390e-01,9.999999999999967804e-01,9.994715315167015390e-01,9.994715315167015390e-01,9.994715851931575967e-01,9.994715891163911126e-01,9.994715895078547518e-01,9.994715891163911126e-01,9.994715851931575967e-01,9.994715315167015390e-01,9.999999999999967804e-01
9.999999999999993339e-01,9.978924732401303066e-01,9.978933272718440994e-01,9.978933891707341131e-01,9.978933953355543229e-01,9.978933891707316706e-01,9.978933272718437664e-01,9.978924732401329711e-01,9.978924732401303066e-01,9.999999999999993339e-01,9.978924732401325270e-01,9.978933272718476521e-01,9.978933891707325587e-01,9.978933953355558772e-01,9.978933891707326698e-01,9.978933272718473191e-01,9.978933272718440994e-01,9.978924732401325270e-01,9.999999999999993339e-01,9.978924732401356357e-01,9.978933272718457648e-01,9.978933891707337800e-01,9.978933953355566544e-01,9.978933891707356674e-01,9.978933891707341131e-01,9.978933272718476521e-01,9.978924732401356357e-01,9.999999999999993339e-01,9.978924732401353026e-01,9.978933272718483183e-01,9.978933891707358894e-01,9.978933953355610953e-01,9.978933953355543229e-01,9.978933891707325587e-01,9.978933272718457648e-01,9.978924732401353026e-01,9.999999999999993339e-01,9.978924732401328601e-01,9.978933272718454317e-01,9.978933891707352233e-01,9.978933891707316706e-01,9.978933953355558772e-01,9.978933891707337800e-01,9.978933272718483183e-01,9.978924732401328601e-01,9.999999999999993339e-01,9.978924732401328601e-01,9.978933272718479852e-01,9.978933272718437664e-01,9.978933891707326698e-01,9.978933953355566544e-01,9.978933891707358894e-01,9.978933272718454317e-01,9.978924732401328601e-01,9.999999999999993339e-01,9.978924732401346365e-01,9.978924732401329711e-01,9.978933272718473191e-01,9.978933891707356674e-01,9.978933953355610953e-01,9.978933891707352233e-01,9.978933272718479852e-01,9.978924732401346365e-01,9.999999999999993339e-01
1.000000000000001110e+00,9.952816367448403811e-01,9.952859203600751270e-01,9.952862264933888259e-01,9.952862568921956310e-01,9.952862264933710623e-01,9.952859203600723514e-01,9.952816367448603652e-01,9.952816367448403811e-01,1.000000000000001110e+00,9.952816367448562573e-01,9.952859203601031046e-01,9.952862264933785008e-01,9.952862568922087316e-01,9.952862264933782788e-01,9.952859203600999960e-01,9.952859203600751270e-01,9.952816367448562573e-01,1.000000000000001110e+00,9.952816367448797941e-01,9.952859203600885607e-01,9.952862264933871606e-01,9.952862568922111741e-01,9.952862264934011494e-01,9.952862264933888259e-01,9.952859203601031046e-01,9.952816367448797941e-01,1.000000000000001110e+00,9.952816367448775736e-01,9.952859203601095439e-01,9.952862264934015935e-01,9.952862568922462572e-01,9.952862568921956310e-01,9.952862264933785008e-01,9.952859203600885607e-01,9.952816367448775736e-01,1.000000000000001110e+00,9.952816367448595880e-01,9.952859203600858962e-01,9.952862264933985958e-01,9.952862264933710623e-01,9.952862568922087316e-01,9.952862264933871606e-01,9.952859203601095439e-01,9.952816367448595880e-01,1.000000000000001110e+00,9.952816367448594770e-01,9.952859203601058802e-01,9.952859203600723514e-01,9.952862264933782788e-01,9.952862568922111741e-01,9.952862264934015935e-01,9.952859203600858962e-01,9.952816367448594770e-01,1.000000000000001110e+00,9.952816367448736878e-01,9.952816367448603652e-01,9.952859203600999960e-01,9.952862264934011494e-01,9.952862568922462572e-01,9.952862264933985958e-01,9.952859203601058802e-01,9.952816367448736878e-01,1.000000000000001110e+00
1.000000000000002887e+00,9.916696249566676613e-01,9.916829899608679000e-01,9.916839263736204613e-01,9.916840189988547216e-01,9.916839263735930388e-01,9.916829899608634591e-01,9.916696249566980814e-01,9.916696249566676613e-01,1.000000000000002887e+00,9.916696249566918642e-01,9.916829899609137522e-01,9.916839263736059173e-01,9.916840189988762599e-01,9.916839263736040300e-01,9.916829899609093113e-01,9.916829899608679000e-01,9.916696249566918642e-01,1.000000000000002887e+00,9.916696249567270582e-01,9.916829899608905485e-01,9.916839263736177967e-01,9.916840189988762599e-01,9.916839263736395571e-01,9.916839263736204613e-01,9.916829899609137522e-01,9.916696249567270582e-01,1.000000000000002887e+00,9.916696249567261701e-01,9.916829899609226340e-01,9.916839263736384469e-01,9.916840189989333254e-01,9.916840189988547216e-01,9.916839263736059173e-01,9.916829899608905485e-01,9.916696249567261701e-01,1.000000000000002887e+00,9.916696249566986365e-01,9.916829899608858856e-01,9.916839263736367815e-01,9.916839263735930388e-01,9.916840189988762599e-01,9.916839263736177967e-01,9.916829899609226340e-01,9.916696249566986365e-01,1.000000000000002887e+00,9.916696249566959720e-01,9.916829899609178600e-01,9.916829899608634591e-01,9.916839263736040300e-01,9.916840189988762599e-01,9.916839263736384469e-01,9.916829899608858856e-01,9.916696249566959720e-01,1.000000000000002887e+00,9.916696249567183985e-01,9.916696249566980814e-01,9.916829899609093113e-01,9.916839263736395571e-01,9.916840189989333254e-01,9.916839263736367815e-01,9.916829899609178600e-01,9.916696249567183985e-01,1.000000000000002887e+00
9.999999999999982236e-01,9.870977643152631931e-01,9.871298630084391901e-01,9.871320549905395758e-01,9.871322708413893254e-01,9.871320549905093777e-01,9.871298630084321957e-01,9.870977643152972769e-01,9.870977643152631931e-01,9.999999999999982236e-01,9.870977643152927250e-01,9.871298630085010295e-01,9.871320549905290287e-01,9.871322708414226321e-01,9.871320549905229225e-01,9.871298630084991421e-01,9.871298630084391901e-01,9.870977643152927250e-01,9.999999999999982236e-01,9.870977643153288072e-01,9.871298630084702763e-01,9.871320549905400199e-01,9.871322708414105307e-01,9.871320549905659991e-01,9.871320549905395758e-01,9.871298630085010295e-01,9.870977643153288072e-01,9.999999999999982236e-01,9.870977643153338033e-01,9.871298630085096892e-01,9.871320549905573394e-01,9.871322708414845826e-01,9.871322708413893254e-01,9.871320549905290287e-01,9.871298630084702763e-01,9.870977643153338033e-01,9.999999999999982236e-01,9.870977643153013847e-01,9.871298630084632819e-01,9.871320549905643338e-01,9.871320549905093777e-01,9.871322708414226321e-01,9.871320549905400199e-01,9.871298630085096892e-01,9.870977643153013847e-01,9.999999999999982236e-01,9.870977643152942793e-01,9.871298630085076908e-01,9.871298630084321957e-01,9.871320549905229225e-01,9.871322708414105307e-01,9.871320549905573394e-01,9.871298630084632819e-01,9.870977643152942793e-01,9.999999999999982236e-01,9.870977643153219239e-01,9.870977643152972769e-01,9.871298630084991421e-01,9.871320549905659991e-01,9.871322708414845826e-01,9.871320549905643338e-01,9.871298630085076908e-01,9.870977643153219239e-01,9.999999999999982236e-01
9.999999999999992228e-01,9.816167162445454952e-01,9.816819717708634707e-01,9.816862889220386856e-01,9.816867120653723910e-01,9.816862889220240307e-01,9.816819717708508142e-01,9.816167162445678107e-01,9.816167162445454952e-01,9.999999999999992228e-01,9.816167162445778027e-01,9.816819717709510673e-01,9.816862889220613342e-01,9.816867120654413359e-01,9.816862889220436816e-01,9.816819717709642790e-01,9.816819717708634707e-01,9.816167162445778027e-01,9.999999999999992228e-01,9.816167162445869065e-01,9.816819717709068804e-01,9.816862889220592248e-01,9.816867120653827161e-01,9.816862889220829835e-01,9.816862889220386856e-01,9.816819717709510673e-01,9.816167162445869065e-01,9.999999999999992228e-01,9.816167162446050032e-01,9.816819717709509563e-01,9.816862889220496768e-01,9.816867120654737544e-01,9.816867120653723910e-01,9.816862889220613342e-01,9.816819717709068804e-01,9.816167162446050032e-01,9.999999999999992228e-01,9.816167162445852412e-01,9.816819717708945570e-01,9.816862889220869803e-01,9.816862889220240307e-01,9.816867120654413359e-01,9.816862889220592248e-01,9.816819717709509563e-01,9.816167162445852412e-01,9.999999999999992228e-01,9.816167162445654792e-01,9.816819717709653892e-01,9.816819717708508142e-01,9.816862889220436816e-01,9.816867120653827161e-01,9.816862889220496768e-01,9.816819717708945570e-01,9.816167162445654792e-01,9.999999999999992228e-01,9.816167162445931238e-01,9.816167162445678107e-01,9.816819717709642790e-01,9.816862889220829835e-01,9.816867120654737544e-01,9.816862889220869803e-01,9.816819717709653892e-01,9.816167162445931238e-01,9.999999999999992228e-01
9.999999999999985567e-01,9.752848593539273914e-01,9.754029993969490775e-01,9.754105240415786859e-01,9.754112583970792061e-01,9.754105240416327538e-01,9.754029993969188794e-01,9.752848593539003019e-01,9.752848593539273914e-01,9.999999999999985567e-01,9.752848593539723554e-01,9.754029993971287116e-01,9.754105240417363376e-01,9.754112583972884831e-01,9.754105240416806044e-01,9.754029993971975454e-01,9.754029993969490775e-01,9.752848593539723554e-01,9.999999999999985567e-01,9.752848593538745448e-01,9.754029993970314560e-01,9.754105240416817146e-01,9.754112583970614425e-01,9.754105240416910405e-01,9.754105240415786859e-01,9.754029993971287116e-01,9.752848593538745448e-01,9.999999999999985567e-01,9.752848593539271693e-01,9.754029993970952939e-01,9.754105240415775757e-01,9.754112583971998873e-01,9.754112583970792061e-01,9.754105240417363376e-01,9.754029993970314560e-01,9.752848593539271693e-01,9.999999999999985567e-01,9.752848593539704680e-01,9.754029993970035894e-01,9.754105240417163536e-01,9.754105240416327538e-01,9.754112583972884831e-01,9.754105240416817146e-01,9.754029993970952939e-01,9.752848593539704680e-01,9.999999999999985567e-01,9.752848593539112931e-01,9.754029993971691237e-01,9.754029993969188794e-01,9.754105240416806044e-01,9.754112583970614425e-01,9.754105240415775757e-01,9.754029993970035894e-01,9.752848593539112931e-01,9.999999999999985567e-01,9.752848593539279465e-01,9.752848593539003019e-01,9.754029993971975454e-01,9.754105240416910405e-01,9.754112583971998873e-01,9.754105240417163536e-01,9.754029993971691237e-01,9.752848593539279465e-01,9.999999999999985567e-01
1.000000000000001554e+00,9.681665413908115969e-01,9.683628834928595941e-01,9.683748442079738172e-01,9.683760077244460973e-01,9.683748442082529273e-01,9.683628834927833218e-01,9.681665413906176409e-01,9.681665413908115969e-01,1.000000000000001554e+00,9.681665413909041895e-01,9.683628834933222240e-01,9.683748442085797770e-01,9.683760077251012399e-01,9.683748442084166852e-01,9.683628834935682494e-01,9.683628834928595941e-01,9.681665413909041895e-01,1.000000000000001554e+00,9.681665413904562145e-01,9.683628834930606555e-01,9.683748442083496277e-01,9.683760077243629416e-01,9.683748442083104369e-01,9.683748442079738172e-01,9.683628834933222240e-01,9.681665413904562145e-01,1.000000000000001554e+00,9.681665413905937712e-01,9.683628834931738982e-01,9.683748442079620489e-01,9.683760077246174047e-01,9.683760077244460973e-01,9.683748442085797770e-01,9.683628834930606555e-01,9.681665413905937712e-01,1.000000000000001554e+00,9.681665413908568940e-01,9.683628834929919327e-01,9.683748442084006980e-01,9.683748442082529273e-01,9.683760077251012399e-01,9.683748442083496277e-01,9.683628834931738982e-01,9.681665413908568940e-01,1.000000000000001554e+00,9.681665413906869189e-01,9.683628834934338014e-01,9.683628834927833218e-01,9.683748442084166852e-01,9.683760077243629416e-01,9.683748442079620489e-01,9.683628834929919327e-01,9.681665413906869189e-01,1.000000000000001554e+00,9.681665413906599404e-01,9.681665413906176409e-01,9.683628834935682494e-01,9.683748442083104369e-01,9.683760077246174047e-01,9.683748442084006980e-01,9.683628834934338014e-01,9.681665413906599404e-01,1.000000000000001554e+00
9.999999999999997780e-01,9.603302980415467927e-01,9.606357913480065847e-01,9.606534668647265240e-01,9.606551841508094158e-01,9.606534668656419029e-01,9.606357913478250632e-01,9.603302980408652267e-01,9.603302980415467927e-01,9.999999999999997780e-01,9.603302980417928181e-01,9.606357913492227230e-01,9.606534668666010246e-01,9.606551841527000146e-01,9.606534668661836918e-01,9.606357913499571355e-01,9.606357913480065847e-01,9.603302980417928181e-01,9.999999999999997780e-01,9.603302980403529698e-01,9.606357913485226163e-01,9.606534668658859299e-01,9.606551841506127953e-01,9.606534668657019660e-01,9.606534668647265240e-01,9.606357913492227230e-01,9.603302980403529698e-01,9.999999999999997780e-01,9.603302980406769329e-01,9.606357913487437727e-01,9.606534668647420672e-01,9.606551841510925227e-01,9.606551841508094158e-01,9.606534668666010246e-01,9.606357913485226163e-01,9.603302980406769329e-01,9.999999999999997780e-01,9.603302980415764356e-01,9.606357913483605238e-01,9.606534668659491016e-01,9.606534668656419029e-01,9.606551841527000146e-01,9.606534668658859299e-01,9.606357913487437727e-01,9.603302980415764356e-01,9.999999999999997780e-01,9.603302980411462242e-01,9.606357913495079393e-01,9.606357913478250632e-01,9.606534668661836918e-01,9.606551841506127953e-01,9.606534668647420672e-01,9.606357913483605238e-01,9.603302980411462242e-01,9.999999999999997780e-01,9.603302980409779144e-01,9.603302980408652267e-01,9.606357913499571355e-01,9.606534668657019660e-01,9.606551841510925227e-01,9.606534668659491016e-01,9.606357913495079393e-01,9.603302980409779144e-01,9.999999999999997780e-01
9.999999999999994449e-01,9.518471256979675887e-01,9.522981681015874056e-01,9.523227694470973725e-01,9.523251641217407304e-01,9.523227694419398315e-01,9.522981681037742119e-01,9.518471257038012556e-01,9.518471256979675887e-01,9.999999999999994449e-01,9.518471257072207425e-01,9.522981681296884826e-01,9.523227694541948063e-01,9.523251641409060664e-01,9.523227694490575823e-01,9.522981681364358630e-01,9.522981681015874056e-01,9.518471257072207425e-01,9.999999999999994449e-01,9.518471257098132243e-01,9.522981681216516892e-01,9.523227694512625963e-01,9.523251641234522502e-01,9.523227694578467739e-01,9.523227694470973725e-01,9.522981681296884826e-01,9.518471257098132243e-01,9.999999999999994449e-01,9.518471257155929344e-01,9.522981681301477819e-01,9.523227694494823536e-01,9.523251641492200825e-01,9.523251641217407304e-01,9.523227694541948063e-01,9.522981681216516892e-01,9.518471257155929344e-01,9.999999999999994449e-01,9.518471257120398876e-01,9.522981681192955739e-01,9.523227694611764438e-01,9.523227694419398315e-01,9.523251641409060664e-01,9.523227694512625963e-01,9.522981681301477819e-01,9.518471257120398876e-01,9.999999999999994449e-01,9.518471257033157551e-01,9.522981681309660162e-01,9.522981681037742119e-01,9.523227694490575823e-01,9.523251641234522502e-01,9.523227694494823536e-01,9.522981681192955739e-01,9.518471257033157551e-01,9.999999999999994449e-01,9.518471257101907002e-01,9.518471257038012556e-01,9.522981681364358630e-01,9.523227694578467739e-01,9.523251641492200825e-01,9.523227694611764438e-01,9.522981681309660162e-01,9.518471257101907002e-01,9.999999999999994449e-01
9.999999999999996669e-01,9.319853132538213902e-01,9.329177781447272055e-01,9.329707539628998569e-01,9.329757471420510040e-01,9.329707539681362238e-01,9.329177781441083672e-01,9.319853132496546122e-01,9.319853132538213902e-01,9.999999999999996669e-01,9.319853132556522590e-01,9.329177781501929445e-01,9.329707539731804111e-01,9.329757471521964440e-01,9.329707539720522025e-01,9.329177781539993441e-01,9.329177781447272055e-01,9.319853132556522590e-01,9.999999999999996669e-01,9.319853132475102164e-01,9.329177781469156772e-01,9.329707539699401142e-01,9.329757471427904125e-01,9.329707539685615503e-01,9.329707539628998569e-01,9.329177781501929445e-01,9.319853132475102164e-01,9.999999999999996669e-01,9.319853132479681834e-01,9.329177781474714548e-01,9.329707539642552172e-01,9.329757471429815929e-01,9.329757471420510040e-01,9.329707539731804111e-01,9.329177781469156772e-01,9.319853132479681834e-01,9.999999999999996669e-01,9.319853132533956197e-01,9.329177781463301455e-01,9.329707539691183271e-01,9.329707539681362238e-01,9.329757471521964440e-01,9.329707539699401142e-01,9.329177781474714548e-01,9.319853132533956197e-01,9.999999999999996669e-01,9.319853132522873951e-01,9.329177781513554590e-01,9.329177781441083672e-01,9.329707539720522025e-01,9.329757471427904125e-01,9.329707539642552172e-01,9.329177781463301455e-01,9.319853132522873951e-01,9.999999999999996669e-01,9.319853132508587601e-01,9.319853132496546122e-01,9.329177781539993441e-01,9.329707539685615503e-01,9.329757471429815929e-01,9.329707539691183271e-01,9.329177781513554590e-01,9.319853132508587601e-01,9.999999999999996669e-01
9.999999999999993339e-01,9.075715153510577338e-01,9.093422813920541969e-01,9.094439641377032313e-01,9.094530360805834768e-01,9.094439641867344548e-01,9.093422813857026110e-01,9.075715153109481514e-01,9.075715153510577338e-01,9.999999999999993339e-01,9.075715153740924190e-01,9.093422814376604935e-01,9.094439642300931048e-01,9.094530361788161210e-01,9.094439642279917857e-01,9.093422814715035329e-01,9.093422813920541969e-01,9.075715153740924190e-01,9.999999999999993339e-01,9.075715152977773537e-01,9.093422814085855288e-01,9.094439642091920462e-01,9.094530361016255338e-01,9.094439641947338338e-01,9.094439641377032313e-01,9.093422814376604935e-01,9.075715152977773537e-01,9.999999999999993339e-01,9.075715152935196484e-01,9.093422814129359377e-01,9.094439641558011989e-01,9.094530360919382828e-01,9.094530360805834768e-01,9.094439642300931048e-01,9.093422814085855288e-01,9.075715152935196484e-01,9.999999999999993339e-01,9.075715153448282724e-01,9.093422814031791868e-01,9.094439641914312533e-01,9.094439641867344548e-01,9.094530361788161210e-01,9.094439642091920462e-01,9.093422814129359377e-01,9.075715153448282724e-01,9.999999999999993339e-01,9.075715153435602867e-01,9.093422814482703398e-01,9.093422813857026110e-01,9.094439642279917857e-01,9.094530361016255338e-01,9.094439641558011989e-01,9.093422814031791868e-01,9.075715153435602867e-01,9.999999999999993339e-01,9.075715153285288661e-01,9.075715153109481514e-01,9.093422814715035329e-01,9.094439641947338338e-01,9.094530360919382828e-01,9.094439641914312533e-01,9.093422814482703398e-01,9.075715153285288661e-01,9.999999999999993339e-01
9.999999999999987788e-01,8.784959075736671341e-01,8.816283471424305462e-01,8.818038219106288933e-01,8.818181789264838422e-01,8.818038219111624665e-01,8.816283471428022489e-01,8.784959075733541622e-01,8.784959075736671341e-01,9.999999999999987788e-01,8.784959075739352530e-01,8.816283471429419150e-01,8.818038219115615917e-01,8.818181789277496074e-01,8.818038219115753584e-01,8.816283471432851959e-01,8.816283471424305462e-01,8.784959075739352530e-01,9.999999999999987788e-01,8.784959075732778899e-01,8.816283471427770468e-01,8.818038219119275212e-01,8.818181789273488169e-01,8.818038219112483977e-01,8.818038219106288933e-01,8.816283471429419150e-01,8.784959075732778899e-01,9.999999999999987788e-01,8.784959075730733868e-01,8.816283471425958584e-01,8.818038219116610676e-01,8.818181789266754667e-01,8.818181789264838422e-01,8.818038219115615917e-01,8.816283471427770468e-01,8.784959075730733868e-01,9.999999999999987788e-01,8.784959075736269440e-01,8.816283471427435181e-01,8.818038219114626708e-01,8.818038219111624665e-01,8.818181789277496074e-01,8.818038219119275212e-01,8.816283471425958584e-01,8.784959075736269440e-01,9.999999999999987788e-01,8.784959075736700207e-01,8.816283471431084484e-01,8.816283471428022489e-01,8.818038219115753584e-01,8.818181789273488169e-01,8.818038219116610676e-01,8.816283471427435181e-01,8.784959075736700207e-01,9.999999999999987788e-01,8.784959075734657397e-01,8.784959075733541622e-01,8.816283471432851959e-01,8.818038219112483977e-01,8.818181789266754667e-01,8.818038219114626708e-01,8.816283471431084484e-01,8.784959075734657397e-01,9.999999999999987788e-01
1.000000000000000000e+00,8.449208325956889531e-01,8.501318368097989797e-01,8.504043564534404798e-01,8.504238696393363606e-01,8.504043564588625870e-01,8.501318368131359771e-01,8.449208325915054107e-01,8.449208325956889531e-01,1.000000000000000000e+00,8.449208325994683744e-01,8.501318368151109528e-01,8.504043564635124230e-01,8.504238696560003641e-01,8.504043564633595453e-01,8.501318368183006235e-01,8.501318368097989797e-01,8.449208325994683744e-01,1.000000000000000000e+00,8.449208325913043494e-01,8.501318368117555258e-01,8.504043564700943802e-01,8.504238696499000216e-01,8.504043564603754879e-01,8.504043564534404798e-01,8.501318368151109528e-01,8.449208325913043494e-01,1.000000000000000000e+00,8.449208325881303328e-01,8.501318368109349599e-01,8.504043564667082000e-01,8.504238696403035869e-01,8.504238696393363606e-01,8.504043564635124230e-01,8.501318368117555258e-01,8.449208325881303328e-01,1.000000000000000000e+00,8.449208325945057885e-01,8.501318368118802038e-01,8.504043564625982654e-01,8.504043564588625870e-01,8.504238696560003641e-01,8.504043564700943802e-01,8.501318368109349599e-01,8.449208325945057885e-01,1.000000000000000000e+00,8.449208325963063482e-01,8.501318368187698038e-01,8.501318368131359771e-01,8.504043564633595453e-01,8.504238696499000216e-01,8.504043564667082000e-01,8.501318368118802038e-01,8.449208325963063482e-01,1.000000000000000000e+00,8.449208325937058728e-01,8.449208325915054107e-01,8.501318368183006235e-01,8.504043564603754879e-01,8.504238696403035869e-01,8.504043564625982654e-01,8.501318368187698038e-01,8.449208325937058728e-01,1.000000000000000000e+00
9.999999999999992228e-01,8.072987873524968272e-01,8.155077019358087931e-01,8.158857010136081334e-01,8.159076300965584227e-01,8.158857010319666703e-01,8.155077019442027453e-01,8.072987873234676037e-01,8.072987873524968272e-01,9.999999999999992228e-01,8.072987873783640245e-01,8.155077019586747245e-01,8.158857010634614770e-01,8.159076301921591723e-01,8.158857010568522083e-01,8.155077019765303303e-01,8.155077019358087931e-01,8.072987873783640245e-01,9.999999999999992228e-01,8.072987873255136337e-01,8.155077019305758679e-01,8.158857011089596378e-01,8.159076301437632184e-01,8.158857010535968124e-01,8.158857010136081334e-01,8.155077019586747245e-01,8.072987873255136337e-01,9.999999999999992228e-01,8.072987873001314929e-01,8.155077019377181546e-01,8.158857010889859485e-01,8.159076300892225131e-01,8.159076300965584227e-01,8.158857010634614770e-01,8.155077019305758679e-01,8.072987873001314929e-01,9.999999999999992228e-01,8.072987873410588655e-01,8.155077019343763833e-01,8.158857010578557389e-01,8.158857010319666703e-01,8.159076301921591723e-01,8.158857011089596378e-01,8.155077019377181546e-01,8.072987873410588655e-01,9.999999999999992228e-01,8.072987873584757113e-01,8.155077019882061018e-01,8.155077019442027453e-01,8.158857010568522083e-01,8.159076301437632184e-01,8.158857010889859485e-01,8.155077019343763833e-01,8.072987873584757113e-01,9.999999999999992228e-01,8.072987873395883751e-01,8.072987873234676037e-01,8.155077019765303303e-01,8.158857010535968124e-01,8.159076300892225131e-01,8.158857010578557389e-01,8.155077019882061018e-01,8.072987873395883751e-01,9.999999999999992228e-01
1.000000000000001332e+00,7.663379689028431141e-01,7.786512901553435118e-01,7.791090940314413515e-01,7.791274597835600169e-01,7.791090940290789080e-01,7.786512901570454837e-01,7.663379689027060016e-01,7.663379689028431141e-01,1.000000000000001332e+00,7.663379689030538344e-01,7.786512901555787680e-01,7.791090940311738988e-01,7.791274597843238503e-01,7.791090940313584179e-01,7.786512901562774314e-01,7.786512901553435118e-01,7.663379689030538344e-01,1.000000000000001332e+00,7.663379689026346142e-01,7.786512901574186296e-01,7.791090940302453083e-01,7.791274597810282643e-01,7.791090940324267855e-01,7.791090940314413515e-01,7.786512901555787680e-01,7.663379689026346142e-01,1.000000000000001332e+00,7.663379689023794850e-01,7.786512901536902787e-01,7.791090940351128591e-01,7.791274597795926349e-01,7.791274597835600169e-01,7.791090940311738988e-01,7.786512901574186296e-01,7.663379689023794850e-01,1.000000000000001332e+00,7.663379689027406405e-01,7.786512901558857447e-01,7.791090940308377233e-01,7.791090940290789080e-01,7.791274597843238503e-01,7.791090940302453083e-01,7.786512901536902787e-01,7.663379689027406405e-01,1.000000000000001332e+00,7.663379689029257147e-01,7.786512901557989252e-01,7.786512901570454837e-01,7.791090940313584179e-01,7.791274597810282643e-01,7.791090940351128591e-01,7.786512901558857447e-01,7.663379689029257147e-01,1.000000000000001332e+00,7.663379689026625918e-01,7.663379689027060016e-01,7.786512901562774314e-01,7.791090940324267855e-01,7.791274597795926349e-01,7.791090940308377233e-01,7.786512901557989252e-01,7.663379689026625918e-01,1.000000000000001332e+00
1.000000000000000000e+00,7.229207960517415321e-01,7.405924434341958351e-01,7.410472327661529190e-01,7.410542098962170643e-01,7.410472327509951551e-01,7.405924434424202563e-01,7.229207960499099972e-01,7.229207960517415321e-01,1.000000000000000000e+00,7.229207960527456178e-01,7.405924434340349638e-01,7.410472327687367411e-01,7.410542098972924263e-01,7.410472327685171390e-01,7.405924434359381081e-01,7.405924434341958351e-01,7.229207960527456178e-01,1.000000000000000000e+00,7.229207960502672670e-01,7.405924434423126756e-01,7.410472327634526346e-01,7.410542098766389474e-01,7.410472327772036349e-01,7.410472327661529190e-01,7.405924434340349638e-01,7.229207960502672670e-01,1.000000000000000000e+00,7.229207960482508799e-01,7.405924434259911759e-01,7.410472327938827375e-01,7.410542098694534729e-01,7.410542098962170643e-01,7.410472327687367411e-01,7.405924434423126756e-01,7.229207960482508799e-01,1.000000000000000000e+00,7.229207960502976871e-01,7.405924434337667339e-01,7.410472327628947475e-01,7.410472327509951551e-01,7.410542098972924263e-01,7.410472327634526346e-01,7.405924434259911759e-01,7.229207960502976871e-01,1.000000000000000000e+00,7.229207960517555209e-01,7.405924434428104997e-01,7.405924434424202563e-01,7.410472327685171390e-01,7.410542098766389474e-01,7.410472327938827375e-01,7.405924434337667339e-01,7.229207960517555209e-01,1.000000000000000000e+00,7.229207960504155928e-01,7.229207960499099972e-01,7.405924434359381081e-01,7.410472327772036349e-01,7.410542098694534729e-01,7.410472327628947475e-01,7.405924434428104997e-01,7.229207960504155928e-01,1.000000000000000000e+00
9.999999999999973355e-01,6.779975117846771537e-01,7.023710763782439193e-01,7.026606616775905589e-01,7.026513939707226264e-01,7.026606616084137835e-01,7.023710764027834008e-01,6.779975117762333525e-01,6.779975117846771537e-01,9.999999999999973355e-01,6.779975117880083779e-01,7.023710763719835937e-01,7.026606616904857994e-01,7.026513939541350062e-01,7.026606616857044019e-01,7.023710763723203243e-01,7.023710763782439193e-01,6.779975117880083779e-01,9.999999999999973355e-01,6.779975117771622761e-01,7.023710763961358294e-01,7.026606616705416419e-01,7.026513938729416209e-01,7.026606617346847772e-01,7.026606616775905589e-01,7.023710763719835937e-01,6.779975117771622761e-01,9.999999999999973355e-01,6.779975117695907771e-01,7.023710763540157442e-01,7.026606617849379122e-01,7.026513938625182920e-01,7.026513939707226264e-01,7.026606616904857994e-01,7.023710763961358294e-01,6.779975117695907771e-01,9.999999999999973355e-01,6.779975117772798487e-01,7.023710763663848500e-01,7.026606616544545103e-01,7.026606616084137835e-01,7.026513939541350062e-01,7.026606616705416419e-01,7.023710763540157442e-01,6.779975117772798487e-01,9.999999999999973355e-01,6.779975117829207809e-01,7.023710764242575566e-01,7.023710764027834008e-01,7.026606616857044019e-01,7.026513938729416209e-01,7.026606617849379122e-01,7.023710763663848500e-01,6.779975117829207809e-01,9.999999999999973355e-01,6.779975117776593230e-01,6.779975117762333525e-01,7.023710763723203243e-01,7.026606617346847772e-01,7.026513938625182920e-01,7.026606616544545103e-01,7.023710764242575566e-01,6.779975117776593230e-01,9.999999999999973355e-01
1.000000000000002220e+00,6.324832712887297204e-01,6.649268370278351714e-01,6.647931465640077864e-01,6.647747168345359281e-01,6.647931462717001638e-01,6.649268371109552378e-01,6.324832712543290159e-01,6.324832712887297204e-01,1.000000000000002220e+00,6.324832712981429683e-01,6.649268369970910975e-01,6.647931465888120561e-01,6.647747167045979788e-01,6.647931465545666718e-01,6.649268369926120137e-01,6.649268370278351714e-01,6.324832712981429683e-01,1.000000000000002220e+00,6.324832712559924630e-01,6.649268370515585280e-01,6.647931465366185844e-01,6.647747164148483101e-01,6.647931468013159595e-01,6.647931465640077864e-01,6.649268369970910975e-01,6.324832712559924630e-01,1.000000000000002220e+00,6.324832712304383486e-01,6.649268369776011323e-01,6.647931468933766519e-01,6.647747164597564984e-01,6.647747168345359281e-01,6.647931465888120561e-01,6.649268370515585280e-01,6.324832712304383486e-01,1.000000000000002220e+00,6.324832712568910775e-01,6.649268369828973402e-01,6.647931464180910632e-01,6.647931462717001638e-01,6.647747167045979788e-01,6.647931465366185844e-01,6.649268369776011323e-01,6.324832712568910775e-01,1.000000000000002220e+00,6.324832712748036379e-01,6.649268372296290863e-01,6.649268371109552378e-01,6.647931465545666718e-01,6.647747164148483101e-01,6.647931468933766519e-01,6.649268369828973402e-01,6.324832712748036379e-01,1.000000000000002220e+00,6.324832712560318759e-01,6.324832712543290159e-01,6.649268369926120137e-01,6.647931468013159595e-01,6.647747164597564984e-01,6.647931464180910632e-01,6.649268372296290863e-01,6.324832712560318759e-01,1.000000000000002220e+00
9.999999999999992228e-01,5.871808726877985052e-01,6.290253058243173712e-01,6.281069630408347981e-01,6.281110749636762414e-01,6.281069630296749473e-01,6.290253058153844057e-01,5.871808726869401918e-01,5.871808726877985052e-01,9.999999999999992228e-01,5.871808726885386909e-01,6.290253058164416711e-01,6.281069630452854602e-01,6.281110749588220132e-01,6.281069630638645984e-01,6.290253057991317398e-01,6.290253058243173712e-01,5.871808726885386909e-01,9.999999999999992228e-01,5.871808726880785034e-01,6.290253058231614069e-01,6.281069630406261872e-01,6.281110749434981599e-01,6.281069630583830943e-01,6.281069630408347981e-01,6.290253058164416711e-01,5.871808726880785034e-01,9.999999999999992228e-01,5.871808726876939222e-01,6.290253058074188885e-01,6.281069630735640619e-01,6.281110749376053182e-01,6.281110749636762414e-01,6.281069630452854602e-01,6.290253058231614069e-01,5.871808726876939222e-01,9.999999999999992228e-01,5.871808726868066319e-01,6.290253058048212997e-01,6.281069630427600359e-01,6.281069630296749473e-01,6.281110749588220132e-01,6.281069630406261872e-01,6.290253058074188885e-01,5.871808726868066319e-01,9.999999999999992228e-01,5.871808726880671792e-01,6.290253058325989688e-01,6.290253058153844057e-01,6.281069630638645984e-01,6.281110749434981599e-01,6.281069630735640619e-01,6.290253058048212997e-01,5.871808726880671792e-01,9.999999999999992228e-01,5.871808726885173746e-01,5.871808726869401918e-01,6.290253057991317398e-01,6.281069630583830943e-01,6.281110749376053182e-01,6.281069630427600359e-01,6.290253058325989688e-01,5.871808726885173746e-01,9.999999999999992228e-01
1.000000000000000444e+00,5.427382354537566567e-01,5.952269254652109431e-01,5.930617235150877908e-01,5.931595059794232405e-01,5.930617234686395012e-01,5.952269254326453263e-01,5.427382354502811035e-01,5.427382354537566567e-01,1.000000000000000444e+00,5.427382354573947465e-01,5.952269254327273718e-01,5.930617235307984458e-01,5.931595059617388310e-01,5.930617235954069866e-01,5.952269253697154427e-01,5.952269254652109431e-01,5.427382354573947465e-01,1.000000000000000444e+00,5.427382354549823429e-01,5.952269254488113948e-01,5.930617235229104223e-01,5.931595059121097524e-01,5.930617235710273771e-01,5.930617235150877908e-01,5.952269254327273718e-01,5.427382354549823429e-01,1.000000000000000444e+00,5.427382354535233988e-01,5.952269254083843997e-01,5.930617236153115091e-01,5.931595058961871558e-01,5.931595059794232405e-01,5.930617235307984458e-01,5.952269254488113948e-01,5.427382354535233988e-01,1.000000000000000444e+00,5.427382354499952211e-01,5.952269253931177229e-01,5.930617235132454867e-01,5.930617234686395012e-01,5.931595059617388310e-01,5.930617235229104223e-01,5.952269254083843997e-01,5.427382354499952211e-01,1.000000000000000444e+00,5.427382354553353938e-01,5.952269255030560036e-01,5.952269254326453263e-01,5.930617235954069866e-01,5.931595059121097524e-01,5.930617236153115091e-01,5.952269253931177229e-01,5.427382354553353938e-01,1.000000000000000444e+00,5.427382354574433743e-01,5.427382354502811035e-01,5.952269253697154427e-01,5.930617235710273771e-01,5.931595058961871558e-01,5.930617235132454867e-01,5.952269255030560036e-01,5.427382354574433743e-01,1.000000000000000444e+00
9.999999999999968914e-01,4.996377271255159624e-01,5.638915825504728918e-01,5.599272966289631226e-01,5.602439882149709005e-01,5.599272964705972466e-01,5.638915824619472605e-01,4.996377271145673316e-01,4.996377271255159624e-01,9.999999999999968914e-01,4.996377271388262598e-01,5.638915824584773695e-01,5.599272966599710966e-01,5.602439881694903923e-01,5.599272968486541657e-01,5.638915822716831228e-01,5.638915825504728918e-01,4.996377271388262598e-01,9.999999999999968914e-01,4.996377271309434542e-01,5.638915824797665621e-01,5.599272966680539643e-01,5.602439880393175198e-01,5.599272967634596476e-01,5.599272966289631226e-01,5.638915824584773695e-01,4.996377271309434542e-01,9.999999999999968914e-01,4.996377271256360331e-01,5.638915824051431436e-01,5.599272968617173829e-01,5.602439880168617048e-01,5.602439882149709005e-01,5.599272966599710966e-01,5.638915824797665621e-01,4.996377271256360331e-01,9.999999999999968914e-01,4.996377271165344247e-01,5.638915823678174455e-01,5.599272966002556418e-01,5.599272964705972466e-01,5.602439881694903923e-01,5.599272966680539643e-01,5.638915824051431436e-01,4.996377271165344247e-01,9.999999999999968914e-01,4.996377271337616444e-01,5.638915826830734890e-01,5.638915824619472605e-01,5.599272968486541657e-01,5.602439880393175198e-01,5.599272968617173829e-01,5.638915823678174455e-01,4.996377271337616444e-01,9.999999999999968914e-01,4.996377271398151909e-01,4.996377271145673316e-01,5.638915822716831228e-01,5.599272967634596476e-01,5.602439880168617048e-01,5.599272966002556418e-01,5.638915826830734890e-01,4.996377271398151909e-01,9.999999999999968914e-01
1.000000000000001110e+00,4.582079324953847732e-01,5.352057569663739578e-01,5.288163761585512601e-01,5.295437217669389796e-01,5.288163757376138641e-01,5.352057567961981954e-01,4.582079324727883485e-01,4.582079324953847732e-01,1.000000000000001110e+00,4.582079325326906538e-01,5.352057567949569661e-01,5.288163761960119613e-01,5.295437216667111535e-01,5.288163765979110309e-01,5.352057563833537701e-01,5.352057569663739578e-01,4.582079325326906538e-01,1.000000000000001110e+00,4.582079325165294148e-01,5.352057567878822919e-01,5.288163762581536975e-01,5.295437214060055853e-01,5.288163763923134919e-01,5.288163761585512601e-01,5.352057567949569661e-01,4.582079325165294148e-01,1.000000000000001110e+00,4.582079325013832527e-01,5.352057567125454440e-01,5.288163765557243323e-01,5.295437214504916668e-01,5.295437217669389796e-01,5.288163761960119613e-01,5.352057567878822919e-01,4.582079325013832527e-01,1.000000000000001110e+00,4.582079324909851259e-01,5.352057567071353272e-01,5.288163760526063406e-01,5.288163757376138641e-01,5.295437216667111535e-01,5.288163762581536975e-01,5.352057567125454440e-01,4.582079324909851259e-01,1.000000000000001110e+00,4.582079325336143594e-01,5.352057573203203855e-01,5.352057567961981954e-01,5.288163765979110309e-01,5.295437214060055853e-01,5.288163765557243323e-01,5.352057567071353272e-01,4.582079325336143594e-01,1.000000000000001110e+00,4.582079325377007017e-01,4.582079324727883485e-01,5.352057563833537701e-01,5.288163763923134919e-01,5.295437214504916668e-01,5.288163760526063406e-01,5.352057573203203855e-01,4.582079325377007017e-01,1.000000000000001110e+00
1.000000000000000444e+00,4.186474410794885914e-01,5.092194795869975366e-01,4.997237342746764233e-01,5.011285214684049194e-01,4.997237333026213202e-01,5.092194794961317772e-01,4.186474410507198263e-01,4.186474410794885914e-01,1.000000000000000444e+00,4.186474411579480526e-01,5.092194792217323851e-01,4.997237344382847724e-01,5.011285212920359999e-01,4.997237349326431044e-01,5.092194785494602582e-01,5.092194795869975366e-01,4.186474411579480526e-01,1.000000000000000444e+00,4.186474411375221694e-01,5.092194792826651994e-01,4.997237344654502644e-01,5.011285208643060374e-01,4.997237346211330644e-01,4.997237342746764233e-01,5.092194792217323851e-01,4.186474411375221694e-01,1.000000000000000444e+00,4.186474411466538093e-01,5.092194794842365146e-01,4.997237347042154387e-01,5.011285210057955242e-01,5.011285214684049194e-01,4.997237344382847724e-01,5.092194792826651994e-01,4.186474411466538093e-01,1.000000000000000444e+00,4.186474411575474841e-01,5.092194795013527120e-01,4.997237336939515662e-01,4.997237333026213202e-01,5.011285212920359999e-01,4.997237344654502644e-01,5.092194794842365146e-01,4.186474411575474841e-01,1.000000000000000444e+00,4.186474412425159053e-01,5.092194806723810974e-01,5.092194794961317772e-01,4.997237349326431044e-01,5.011285208643060374e-01,4.997237347042154387e-01,5.092194795013527120e-01,4.186474412425159053e-01,1.000000000000000444e+00,4.186474412240636100e-01,4.186474410507198263e-01,5.092194785494602582e-01,4.997237346211330644e-01,5.011285210057955242e-01,4.997237336939515662e-01,5.092194806723810974e-01,4.186474412240636100e-01,1.000000000000000444e+00
