1.000000000000000000e+00,1.000000000000000000e+00,1.000000000000000000e+00,1.000000000000000000e+00,1.000000000000000000e+00,1.000000000000000000e+00,1.000000000000000000e+00,1.000000000000000000e+00,1.000000000000000000e+00,1.000000000000000000e+00,1.000000000000000000e+00,1.000000000000000000e+00,1.000000000000000000e+00,1.000000000000000000e+00,1.000000000000000000e+00,1.000000000000000000e+00,1.000000000000000000e+00,1.000000000000000000e+00,1.000000000000000000e+00,1.000000000000000000e+00,1.000000000000000000e+00,1.000000000000000000e+00,1.000000000000000000e+00,1.000000000000000000e+00,1.000000000000000000e+00,1.000000000000000000e+00,1.000000000000000000e+00,1.000000000000000000e+00,1.000000000000000000e+00,1.000000000000000000e+00,1.000000000000000000e+00,1.000000000000000000e+00,1.000000000000000000e+00,1.000000000000000000e+00,1.000000000000000000e+00,1.000000000000000000e+00,1.000000000000000000e+00,1.000000000000000000e+00,1.000000000000000000e+00,1.000000000000000000e+00,1.000000000000000000e+00,1.000000000000000000e+00,1.000000000000000000e+00,1.000000000000000000e+00,1.000000000000000000e+00,1.000000000000000000e+00,1.000000000000000000e+00,1.000000000000000000e+00,1.000000000000000000e+00,1.000000000000000000e+00,1.000000000000000000e+00,1.000000000000000000e+00,1.000000000000000000e+00,1.000000000000000000e+00,1.000000000000000000e+00,1.000000000000000000e+00,1.000000000000000000e+00,1.000000000000000000e+00,1.000000000000000000e+00,1.000000000000000000e+00,1.000000000000000000e+00,1.000000000000000000e+00,1.000000000000000000e+00,1.000000000000000000e+00,1.000000000000000000e+00,1.000000000000000000e+00,1.000000000000000000e+00,1.000000000000000000e+00,1.000000000000000000e+00,1.000000000000000000e+00,1.000000000000000000e+00,1.000000000000000000e+00,1.000000000000000000e+00,1.000000000000000000e+00,1.000000000000000000e+00,1.000000000000000000e+00,1.000000000000000000e+00,1.000000000000000000e+00,1.000000000000000000e+00,1.000000000000000000e+00,1.000000000000000000e+00,1.000000000000000000e+00,1.000000000000000000e+00,1.000000000000000000e+00,1.000000000000000000e+00,1.000000000000000000e+00,1.000000000000000000e+00,1.000000000000000000e+00,1.000000000000000000e+00,1.000000000000000000e+00,1.000000000000000000e+00,1.000000000000000000e+00,1.000000000000000000e+00,1.000000000000000000e+00,1.000000000000000000e+00,1.000000000000000000e+00,1.000000000000000000e+00,1.000000000000000000e+00,1.000000000000000000e+00,1.000000000000000000e+00,1.000000000000000000e+00,1.000000000000000000e+00,1.000000000000000000e+00,1.000000000000000000e+00,1.000000000000000000e+00,1.000000000000000000e+00,1.000000000000000000e+00,1.000000000000000000e+00,1.000000000000000000e+00,1.000000000000000000e+00,1.000000000000000000e+00,1.000000000000000000e+00,1.000000000000000000e+00,1.000000000000000000e+00,1.000000000000000000e+00,1.000000000000000000e+00,1.000000000000000000e+00,1.000000000000000000e+00,1.000000000000000000e+00,1.000000000000000000e+00,1.000000000000000000e+00,1.000000000000000000e+00,1.000000000000000000e+00,1.000000000000000000e+00,1.000000000000000000e+00,1.000000000000000000e+00,1.000000000000000000e+00,1.000000000000000000e+00,1.000000000000000000e+00,1.000000000000000000e+00,1.000000000000000000e+00,1.000000000000000000e+00,1.000000000000000000e+00,1.000000000000000000e+00,1.000000000000000000e+00,1.000000000000000000e+00,1.000000000000000000e+00,1.000000000000000000e+00,1.000000000000000000e+00,1.000000000000000000e+00,1.000000000000000000e+00,1.000000000000000000e+00,1.000000000000000000e+00,1.000000000000000000e+00,1.000000000000000000e+00,1.000000000000000000e+00,1.000000000000000000e+00,1.000000000000000000e+00,1.000000000000000000e+00,1.000000000000000000e+00,1.000000000000000000e+00,1.000000000000000000e+00,1.000000000000000000e+00,1.000000000000000000e+00,1.000000000000000000e+00,1.000000000000000000e+00,1.000000000000000000e+00,1.000000000000000000e+00,1.000000000000000000e+00,1.000000000000000000e+00,1.000000000000000000e+00,1.000000000000000000e+00,1.000000000000000000e+00,1.000000000000000000e+00,1.000000000000000000e+00,1.000000000000000000e+00,1.000000000000000000e+00,1.000000000000000000e+00,1.000000000000000000e+00,1.000000000000000000e+00,1.000000000000000000e+00,1.000000000000000000e+00,1.000000000000000000e+00,1.000000000000000000e+00,1.000000000000000000e+00,1.000000000000000000e+00,1.000000000000000000e+00,1.000000000000000000e+00,1.000000000000000000e+00,1.000000000000000000e+00,1.000000000000000000e+00,1.000000000000000000e+00,1.000000000000000000e+00,1.000000000000000000e+00,1.000000000000000000e+00,1.000000000000000000e+00,1.000000000000000000e+00,1.000000000000000000e+00,1.000000000000000000e+00,1.000000000000000000e+00,1.000000000000000000e+00,1.000000000000000000e+00,1.000000000000000000e+00,1.000000000000000000e+00,1.000000000000000000e+00,1.000000000000000000e+00,1.000000000000000000e+00,1.000000000000000000e+00,1.000000000000000000e+00,1.000000000000000000e+00,1.000000000000000000e+00,1.000000000000000000e+00,1.000000000000000000e+00,1.000000000000000000e+00,1.000000000000000000e+00,1.000000000000000000e+00,1.000000000000000000e+00,1.000000000000000000e+00,1.000000000000000000e+00,1.000000000000000000e+00,1.000000000000000000e+00,1.000000000000000000e+00,1.000000000000000000e+00,1.000000000000000000e+00,1.000000000000000000e+00,1.000000000000000000e+00,1.000000000000000000e+00,1.000000000000000000e+00,1.000000000000000000e+00,1.000000000000000000e+00,1.000000000000000000e+00,1.000000000000000000e+00,1.000000000000000000e+00,1.000000000000000000e+00,1.000000000000000000e+00,1.000000000000000000e+00,1.000000000000000000e+00,1.000000000000000000e+00,1.000000000000000000e+00,1.000000000000000000e+00,1.000000000000000000e+00,1.000000000000000000e+00,1.000000000000000000e+00,1.000000000000000000e+00,1.000000000000000000e+00,1.000000000000000000e+00,1.000000000000000000e+00,1.000000000000000000e+00,1.000000000000000000e+00,1.000000000000000000e+00,1.000000000000000000e+00,1.000000000000000000e+00,1.000000000000000000e+00,1.000000000000000000e+00,1.000000000000000000e+00,1.000000000000000000e+00,1.000000000000000000e+00,1.000000000000000000e+00,1.000000000000000000e+00,1.000000000000000000e+00,1.000000000000000000e+00,1.000000000000000000e+00,1.000000000000000000e+00,1.000000000000000000e+00,1.000000000000000000e+00,1.000000000000000000e+00,1.000000000000000000e+00,1.000000000000000000e+00,1.000000000000000000e+00,1.000000000000000000e+00,1.000000000000000000e+00,1.000000000000000000e+00,1.000000000000000000e+00,1.000000000000000000e+00,1.000000000000000000e+00,1.000000000000000000e+00,1.000000000000000000e+00,1.000000000000000000e+00,1.000000000000000000e+00,1.000000000000000000e+00,1.000000000000000000e+00,1.000000000000000000e+00,1.000000000000000000e+00,1.000000000000000000e+00,1.000000000000000000e+00,1.000000000000000000e+00,1.000000000000000000e+00,1.000000000000000000e+00,1.000000000000000000e+00,1.000000000000000000e+00,1.000000000000000000e+00,1.000000000000000000e+00,1.000000000000000000e+00,1.000000000000000000e+00,1.000000000000000000e+00,1.000000000000000000e+00,1.000000000000000000e+00,1.000000000000000000e+00,1.000000000000000000e+00,1.000000000000000000e+00,1.000000000000000000e+00,1.000000000000000000e+00,1.000000000000000000e+00,1.000000000000000000e+00,1.000000000000000000e+00,1.000000000000000000e+00,1.000000000000000000e+00,1.000000000000000000e+00,1.000000000000000000e+00,1.000000000000000000e+00,1.000000000000000000e+00,1.000000000000000000e+00,1.000000000000000000e+00,1.000000000000000000e+00,1.000000000000000000e+00,1.000000000000000000e+00,1.000000000000000000e+00,1.000000000000000000e+00,1.000000000000000000e+00,1.000000000000000000e+00,1.000000000000000000e+00,1.000000000000000000e+00,1.000000000000000000e+00,1.000000000000000000e+00,1.000000000000000000e+00,1.000000000000000000e+00,1.000000000000000000e+00,1.000000000000000000e+00,1.000000000000000000e+00,1.000000000000000000e+00,1.000000000000000000e+00,1.000000000000000000e+00,1.000000000000000000e+00,1.000000000000000000e+00,1.000000000000000000e+00,1.000000000000000000e+00,1.000000000000000000e+00,1.000000000000000000e+00,1.000000000000000000e+00,1.000000000000000000e+00,1.000000000000000000e+00,1.000000000000000000e+00,1.000000000000000000e+00,1.000000000000000000e+00,1.000000000000000000e+00,1.000000000000000000e+00,1.000000000000000000e+00,1.000000000000000000e+00,1.000000000000000000e+00,1.000000000000000000e+00,1.000000000000000000e+00,1.000000000000000000e+00,1.000000000000000000e+00,1.000000000000000000e+00,1.000000000000000000e+00,1.000000000000000000e+00,1.000000000000000000e+00,1.000000000000000000e+00,1.000000000000000000e+00,1.000000000000000000e+00,1.000000000000000000e+00,1.000000000000000000e+00,1.000000000000000000e+00,1.000000000000000000e+00,1.000000000000000000e+00,1.000000000000000000e+00,1.000000000000000000e+00,1.000000000000000000e+00,1.000000000000000000e+00,1.000000000000000000e+00,1.000000000000000000e+00,1.000000000000000000e+00,1.000000000000000000e+00,1.000000000000000000e+00,1.000000000000000000e+00,1.000000000000000000e+00,1.000000000000000000e+00,1.000000000000000000e+00,1.000000000000000000e+00,1.000000000000000000e+00,1.000000000000000000e+00,1.000000000000000000e+00,1.000000000000000000e+00,1.000000000000000000e+00,1.000000000000000000e+00,1.000000000000000000e+00,1.000000000000000000e+00,1.000000000000000000e+00,1.000000000000000000e+00,1.000000000000000000e+00,1.000000000000000000e+00,1.000000000000000000e+00,1.000000000000000000e+00,1.000000000000000000e+00,1.000000000000000000e+00,1.000000000000000000e+00,1.000000000000000000e+00,1.000000000000000000e+00,1.000000000000000000e+00,1.000000000000000000e+00,1.000000000000000000e+00,1.000000000000000000e+00,1.000000000000000000e+00,1.000000000000000000e+00,1.000000000000000000e+00,1.000000000000000000e+00,1.000000000000000000e+00,1.000000000000000000e+00,1.000000000000000000e+00,1.000000000000000000e+00
9.999999999999985567e-01,9.949005253130025483e-01,9.949053643887197929e-01,9.949054316576433354e-01,9.949045459124808977e-01,9.949045475517866999e-01,9.949054405635758824e-01,9.949054544104071196e-01,9.949054556142459260e-01,9.949054558337838694e-01,9.949054558920813474e-01,9.949054559070160675e-01,9.949054559015143573e-01,9.949054558752494781e-01,9.949054558096669387e-01,9.949054556390652948e-01,9.949054550987243006e-01,9.949054526803517984e-01,9.949054319114478684e-01,9.949044568349515449e-01,9.949005253130025483e-01,9.999999999999985567e-01,9.949014320718334581e-01,9.949062444724562360e-01,9.949054316576434465e-01,9.949054399004128024e-01,9.949063331286274181e-01,9.949063470427396139e-01,9.949063482724315177e-01,9.949063485039610910e-01,9.949063485692654085e-01,9.949063485899295456e-01,9.949063485914448890e-01,9.949063485771987292e-01,9.949063485375334581e-01,9.949063484343733110e-01,9.949063481096974693e-01,9.949063465976079046e-01,9.949063315648298822e-01,9.949054316941927656e-01,9.949053643887197929e-01,9.949014320718334581e-01,9.999999999999985567e-01,9.949014320718333471e-01,9.949053643887196818e-01,9.949054512790972415e-01,9.949063454136076734e-01,9.949063595428351281e-01,9.949063608398094338e-01,9.949063610971990990e-01,9.949063611744978219e-01,9.949063612021681324e-01,9.949063612094080078e-01,9.949063612021680214e-01,9.949063611744979330e-01,9.949063610971989879e-01,9.949063608398093228e-01,9.949063595428350171e-01,9.949063454136077844e-01,9.949054512790972415e-01,9.949054316576433354e-01,9.949062444724562360e-01,9.949014320718333471e-01,9.999999999999985567e-01,9.949005253130026594e-01,9.949054316941927656e-01,9.949063315648299932e-01,9.949063465976081266e-01,9.949063481096974693e-01,9.949063484343733110e-01,9.949063485375334581e-01,9.949063485771987292e-01,9.949063485914448890e-01,9.949063485899294346e-01,9.949063485692654085e-01,9.949063485039612020e-01,9.949063482724315177e-01,9.949063470427396139e-01,9.949063331286273071e-01,9.949054399004130245e-01,9.949045459124808977e-01,9.949054316576434465e-01,9.949053643887196818e-01,9.949005253130026594e-01,9.999999999999985567e-01,9.949044568349514339e-01,9.949054319114478684e-01,9.949054526803517984e-01,9.949054550987246337e-01,9.949054556390650728e-01,9.949054558096669387e-01,9.949054558752493671e-01,9.949054559015143573e-01,9.949054559070161785e-01,9.949054558920813474e-01,9.949054558337837584e-01,9.949054556142460370e-01,9.949054544104068976e-01,9.949054405635758824e-01,9.949045475517868109e-01,9.949045475517866999e-01,9.949054399004128024e-01,9.949054512790972415e-01,9.949054316941927656e-01,9.949044568349514339e-01,9.999999999999985567e-01,9.949005256814162923e-01,9.949053659407448569e-01,9.949054470067302258e-01,9.949054541510030658e-01,9.949054554399135997e-01,9.949054557878939109e-01,9.949054559073127191e-01,9.949054559506743667e-01,9.949054559547427790e-01,9.949054559091777827e-01,9.949054557023726542e-01,9.949054545175375353e-01,9.949054407085687890e-01,9.949045477901543588e-01,9.949054405635758824e-01,9.949063331286274181e-01,9.949063454136076734e-01,9.949063315648299932e-01,9.949054319114478684e-01,9.949005256814162923e-01,9.999999999999985567e-01,9.949014338429146287e-01,9.949062600386612276e-01,9.949063401159311537e-01,9.949063471042670637e-01,9.949063483551913167e-01,9.949063486896420061e-01,9.949063488002647393e-01,9.949063488301846947e-01,9.949063487966109953e-01,9.949063485968119291e-01,9.949063474177052280e-01,9.949063336157414339e-01,9.949054407085689000e-01,9.949054544104071196e-01,9.949063470427396139e-01,9.949063595428351281e-01,9.949063465976081266e-01,9.949054526803517984e-01,9.949053659407448569e-01,9.949014338429146287e-01,9.999999999999985567e-01,9.949014488392917688e-01,9.949062740472829347e-01,9.949063539704566805e-01,9.949063609211683534e-01,9.949063621586701212e-01,9.949063624843653697e-01,9.949063625815640632e-01,9.949063625738497896e-01,9.949063623860451289e-01,9.949063612139443791e-01,9.949063474177051170e-01,9.949054545175375353e-01,9.949054556142459260e-01,9.949063482724315177e-01,9.949063608398094338e-01,9.949063481096974693e-01,9.949054550987246337e-01,9.949054470067302258e-01,9.949062600386612276e-01,9.949014488392917688e-01,9.999999999999985567e-01,9.949014502323291209e-01,9.949062752846737911e-01,9.949063551702262975e-01,9.949063621075150410e-01,9.949063633362612569e-01,9.949063636485323547e-01,9.949063637080969302e-01,9.949063635461516952e-01,9.949063623860452399e-01,9.949063485968120402e-01,9.949054557023726542e-01,9.949054558337838694e-01,9.949063485039610910e-01,9.949063610971990990e-01,9.949063484343733110e-01,9.949054556390650728e-01,9.949054541510030658e-01,9.949063401159311537e-01,9.949062740472829347e-01,9.949014502323291209e-01,9.999999999999985567e-01,9.949014504976988471e-01,9.949062755121399482e-01,9.949063553842709684e-01,9.949063623128041600e-01,9.949063635281263362e-01,9.949063638027633161e-01,9.949063637080968192e-01,9.949063625738497896e-01,9.949063487966108843e-01,9.949054559091778938e-01,9.949054558920813474e-01,9.949063485692654085e-01,9.949063611744978219e-01,9.949063485375334581e-01,9.949054558096669387e-01,9.949054554399135997e-01,9.949063471042670637e-01,9.949063539704566805e-01,9.949062752846737911e-01,9.949014504976988471e-01,9.999999999999985567e-01,9.949014505710103151e-01,9.949062755719532136e-01,9.949063554353292371e-01,9.949063623504383891e-01,9.949063635281264473e-01,9.949063636485323547e-01,9.949063625815640632e-01,9.949063488301845837e-01,9.949054559547430010e-01,9.949054559070160675e-01,9.949063485899295456e-01,9.949063612021681324e-01,9.949063485771987292e-01,9.949054558752493671e-01,9.949054557878939109e-01,9.949063483551913167e-01,9.949063609211683534e-01,9.949063551702262975e-01,9.949062755121399482e-01,9.949014505710103151e-01,9.999999999999985567e-01,9.949014505932124441e-01,9.949062755853772533e-01,9.949063554353293481e-01,9.949063623128041600e-01,9.949063633362612569e-01,9.949063624843652587e-01,9.949063488002646283e-01,9.949054559506743667e-01,9.949054559015143573e-01,9.949063485914448890e-01,9.949063612094080078e-01,9.949063485914448890e-01,9.949054559015143573e-01,9.949054559073127191e-01,9.949063486896420061e-01,9.949063621586701212e-01,9.949063621075150410e-01,9.949063553842709684e-01,9.949062755719532136e-01,9.949014505932124441e-01,9.999999999999985567e-01,9.949014505932123331e-01,9.949062755719532136e-01,9.949063553842708574e-01,9.949063621075149300e-01,9.949063621586700101e-01,9.949063486896417841e-01,9.949054559073127191e-01,9.949054558752494781e-01,9.949063485771987292e-01,9.949063612021680214e-01,9.949063485899294346e-01,9.949054559070161785e-01,9.949054559506743667e-01,9.949063488002647393e-01,9.949063624843653697e-01,9.949063633362612569e-01,9.949063623128041600e-01,9.949063554353292371e-01,9.949062755853772533e-01,9.949014505932123331e-01,9.999999999999985567e-01,9.949014505710104261e-01,9.949062755121400592e-01,9.949063551702261865e-01,9.949063609211684645e-01,9.949063483551913167e-01,9.949054557878941329e-01,9.949054558096669387e-01,9.949063485375334581e-01,9.949063611744979330e-01,9.949063485692654085e-01,9.949054558920813474e-01,9.949054559547427790e-01,9.949063488301846947e-01,9.949063625815640632e-01,9.949063636485323547e-01,9.949063635281263362e-01,9.949063623504383891e-01,9.949063554353293481e-01,9.949062755719532136e-01,9.949014505710104261e-01,9.999999999999985567e-01,9.949014504976988471e-01,9.949062752846736801e-01,9.949063539704566805e-01,9.949063471042669526e-01,9.949054554399135997e-01,9.949054556390652948e-01,9.949063484343733110e-01,9.949063610971989879e-01,9.949063485039612020e-01,9.949054558337837584e-01,9.949054559091777827e-01,9.949063487966109953e-01,9.949063625738497896e-01,9.949063637080969302e-01,9.949063638027633161e-01,9.949063635281264473e-01,9.949063623128041600e-01,9.949063553842708574e-01,9.949062755121400592e-01,9.949014504976988471e-01,9.999999999999985567e-01,9.949014502323290099e-01,9.949062740472828237e-01,9.949063401159310427e-01,9.949054541510031768e-01,9.949054550987243006e-01,9.949063481096974693e-01,9.949063608398093228e-01,9.949063482724315177e-01,9.949054556142460370e-01,9.949054557023726542e-01,9.949063485968119291e-01,9.949063623860451289e-01,9.949063635461516952e-01,9.949063637080968192e-01,9.949063636485323547e-01,9.949063633362612569e-01,9.949063621075149300e-01,9.949063551702261865e-01,9.949062752846736801e-01,9.949014502323290099e-01,9.999999999999985567e-01,9.949014488392919908e-01,9.949062600386610056e-01,9.949054470067303368e-01,9.949054526803517984e-01,9.949063465976079046e-01,9.949063595428350171e-01,9.949063470427396139e-01,9.949054544104068976e-01,9.949054545175375353e-01,9.949063474177052280e-01,9.949063612139443791e-01,9.949063623860452399e-01,9.949063625738497896e-01,9.949063625815640632e-01,9.949063624843652587e-01,9.949063621586700101e-01,9.949063609211684645e-01,9.949063539704566805e-01,9.949062740472828237e-01,9.949014488392919908e-01,9.999999999999985567e-01,9.949014338429145177e-01,9.949053659407446348e-01,9.949054319114478684e-01,9.949063315648298822e-01,9.949063454136077844e-01,9.949063331286273071e-01,9.949054405635758824e-01,9.949054407085687890e-01,9.949063336157414339e-01,9.949063474177051170e-01,9.949063485968120402e-01,9.949063487966108843e-01,9.949063488301845837e-01,9.949063488002646283e-01,9.949063486896417841e-01,9.949063483551913167e-01,9.949063471042669526e-01,9.949063401159310427e-01,9.949062600386610056e-01,9.949014338429145177e-01,9.999999999999985567e-01,9.949005256814162923e-01,9.949044568349515449e-01,9.949054316941927656e-01,9.949054512790972415e-01,9.949054399004130245e-01,9.949045475517868109e-01,9.949045477901543588e-01,9.949054407085689000e-01,9.949054545175375353e-01,9.949054557023726542e-01,9.949054559091778938e-01,9.949054559547430010e-01,9.949054559506743667e-01,9.949054559073127191e-01,9.949054557878941329e-01,9.949054554399135997e-01,9.949054541510031768e-01,9.949054470067303368e-01,9.949053659407446348e-01,9.949005256814162923e-01,9.999999999999985567e-01
9.999999999999990008e-01,9.808755009677471159e-01,9.809521087299833964e-01,9.809545621840921603e-01,9.809276786545280125e-01,9.809277501835362845e-01,9.809549395803764948e-01,9.809558177268675738e-01,9.809558954395597441e-01,9.809559096125629596e-01,9.809559133844635292e-01,9.809559144324662139e-01,9.809559142904027418e-01,9.809559130481365630e-01,9.809559097955725671e-01,9.809559011460456945e-01,9.809558730935209470e-01,9.809557432145336042e-01,9.809545703115816195e-01,9.809238408870252224e-01,9.808755009677471159e-01,9.999999999999990008e-01,9.809036979318572769e-01,9.809784884359805668e-01,9.809545621840918272e-01,9.809549060124927999e-01,9.809821055001404222e-01,9.809829865583822306e-01,9.809830653850346582e-01,9.809830800754819613e-01,9.809830841507833910e-01,9.809830854481826901e-01,9.809830856129300169e-01,9.809830848968168482e-01,9.809830827774239648e-01,9.809830770677502310e-01,9.809830583682679350e-01,9.809829674479333406e-01,9.809820388136408775e-01,9.809545560731124381e-01,9.809521087299833964e-01,9.809036979318572769e-01,9.999999999999990008e-01,9.809036979318572769e-01,9.809521087299833964e-01,9.809556520780937650e-01,9.809828905478591432e-01,9.809837808094044043e-01,9.809838625268980650e-01,9.809838783322014644e-01,9.809838829257941928e-01,9.809838845264234886e-01,9.809838849391364635e-01,9.809838845264234886e-01,9.809838829257944148e-01,9.809838783322015754e-01,9.809838625268982870e-01,9.809837808094046263e-01,9.809828905478591432e-01,9.809556520780938760e-01,9.809545621840921603e-01,9.809784884359805668e-01,9.809036979318572769e-01,9.999999999999990008e-01,9.808755009677472270e-01,9.809545560731123270e-01,9.809820388136410996e-01,9.809829674479333406e-01,9.809830583682679350e-01,9.809830770677503420e-01,9.809830827774238537e-01,9.809830848968168482e-01,9.809830856129299059e-01,9.809830854481828011e-01,9.809830841507832799e-01,9.809830800754819613e-01,9.809830653850347693e-01,9.809829865583822306e-01,9.809821055001405332e-01,9.809549060124927999e-01,9.809276786545280125e-01,9.809545621840918272e-01,9.809521087299833964e-01,9.808755009677472270e-01,9.999999999999990008e-01,9.809238408870251114e-01,9.809545703115815085e-01,9.809557432145333822e-01,9.809558730935208359e-01,9.809559011460456945e-01,9.809559097955724560e-01,9.809559130481365630e-01,9.809559142904027418e-01,9.809559144324661029e-01,9.809559133844633072e-01,9.809559096125629596e-01,9.809558954395600772e-01,9.809558177268676848e-01,9.809549395803764948e-01,9.809277501835362845e-01,9.809277501835362845e-01,9.809549060124927999e-01,9.809556520780937650e-01,9.809545560731123270e-01,9.809238408870251114e-01,9.999999999999990008e-01,9.808755253425243126e-01,9.809522098339507057e-01,9.809555392331575918e-01,9.809558397558627574e-01,9.809558956640784810e-01,9.809559109984986591e-01,9.809559162513297181e-01,9.809559180292646285e-01,9.809559178042343008e-01,9.809559145844383155e-01,9.809559009635652194e-01,9.809558240740393620e-01,9.809549475657445283e-01,9.809277622502597938e-01,9.809549395803764948e-01,9.809821055001404222e-01,9.809828905478591432e-01,9.809820388136410996e-01,9.809545703115815085e-01,9.808755253425243126e-01,9.999999999999990008e-01,9.809038141716192039e-01,9.809794799707186597e-01,9.809827390509503475e-01,9.809830287499591295e-01,9.809830820369218607e-01,9.809830964435515277e-01,9.809831011027547731e-01,9.809831019889927450e-01,9.809830992860640864e-01,9.809830859680875870e-01,9.809830093258111727e-01,9.809821331002968048e-01,9.809549475657447504e-01,9.809558177268675738e-01,9.809829865583822306e-01,9.809837808094044043e-01,9.809829674479333406e-01,9.809557432145333822e-01,9.809522098339507057e-01,9.809038141716192039e-01,9.999999999999990008e-01,9.809047746411577728e-01,9.809803700398548321e-01,9.809836188250502520e-01,9.809839060309755165e-01,9.809839584295932946e-01,9.809839722576012555e-01,9.809839760316734214e-01,9.809839744430524089e-01,9.809839616432080023e-01,9.809838853040492301e-01,9.809830093258111727e-01,9.809558240740395840e-01,9.809558954395597441e-01,9.809830653850346582e-01,9.809838625268980650e-01,9.809830583682679350e-01,9.809558730935208359e-01,9.809555392331575918e-01,9.809794799707186597e-01,9.809047746411577728e-01,9.999999999999990008e-01,9.809048658735891602e-01,9.809804504736271413e-01,9.809836967667305840e-01,9.809839830863857912e-01,9.809840349071494714e-01,9.809840478503399908e-01,9.809840491496932824e-01,9.809840374642171401e-01,9.809839616432080023e-01,9.809830859680875870e-01,9.809559009635653304e-01,9.809559096125629596e-01,9.809830800754819613e-01,9.809838783322014644e-01,9.809830770677503420e-01,9.809559011460456945e-01,9.809558397558627574e-01,9.809827390509503475e-01,9.809803700398548321e-01,9.809048658735891602e-01,9.999999999999990008e-01,9.809048834053403221e-01,9.809804653957427956e-01,9.809837108009042961e-01,9.809839965427220587e-01,9.809840474787006048e-01,9.809840579471882371e-01,9.809840491496931714e-01,9.809839744430524089e-01,9.809830992860640864e-01,9.809559145844384265e-01,9.809559133844635292e-01,9.809830841507833910e-01,9.809838829257941928e-01,9.809830827774238537e-01,9.809559097955724560e-01,9.809558956640784810e-01,9.809830287499591295e-01,9.809836188250502520e-01,9.809804504736271413e-01,9.809048834053403221e-01,9.999999999999990008e-01,9.809048882654475277e-01,9.809804693336627857e-01,9.809837141604094146e-01,9.809839990174233915e-01,9.809840474787007158e-01,9.809840478503399908e-01,9.809839760316733104e-01,9.809831019889926340e-01,9.809559178042346339e-01,9.809559144324662139e-01,9.809830854481826901e-01,9.809838845264234886e-01,9.809830848968168482e-01,9.809559130481365630e-01,9.809559109984986591e-01,9.809830820369218607e-01,9.809839060309755165e-01,9.809836967667305840e-01,9.809804653957427956e-01,9.809048882654475277e-01,9.999999999999990008e-01,9.809048897393869426e-01,9.809804702186066816e-01,9.809837141604094146e-01,9.809839965427219477e-01,9.809840349071494714e-01,9.809839722576012555e-01,9.809831011027547731e-01,9.809559180292648506e-01,9.809559142904027418e-01,9.809830856129300169e-01,9.809838849391364635e-01,9.809830856129299059e-01,9.809559142904027418e-01,9.809559162513297181e-01,9.809830964435515277e-01,9.809839584295932946e-01,9.809839830863857912e-01,9.809837108009042961e-01,9.809804693336627857e-01,9.809048897393869426e-01,9.999999999999990008e-01,9.809048897393868316e-01,9.809804693336628967e-01,9.809837108009044071e-01,9.809839830863859023e-01,9.809839584295934056e-01,9.809830964435516387e-01,9.809559162513297181e-01,9.809559130481365630e-01,9.809830848968168482e-01,9.809838845264234886e-01,9.809830854481828011e-01,9.809559144324661029e-01,9.809559180292646285e-01,9.809831011027547731e-01,9.809839722576012555e-01,9.809840349071494714e-01,9.809839965427220587e-01,9.809837141604094146e-01,9.809804702186066816e-01,9.809048897393868316e-01,9.999999999999990008e-01,9.809048882654474166e-01,9.809804653957426845e-01,9.809836967667303620e-01,9.809839060309754055e-01,9.809830820369217497e-01,9.809559109984987701e-01,9.809559097955725671e-01,9.809830827774239648e-01,9.809838829257944148e-01,9.809830841507832799e-01,9.809559133844633072e-01,9.809559178042343008e-01,9.809831019889927450e-01,9.809839760316734214e-01,9.809840478503399908e-01,9.809840474787006048e-01,9.809839990174233915e-01,9.809837141604094146e-01,9.809804693336628967e-01,9.809048882654474166e-01,9.999999999999990008e-01,9.809048834053404331e-01,9.809804504736272524e-01,9.809836188250501410e-01,9.809830287499590185e-01,9.809558956640785921e-01,9.809559011460456945e-01,9.809830770677502310e-01,9.809838783322015754e-01,9.809830800754819613e-01,9.809559096125629596e-01,9.809559145844383155e-01,9.809830992860640864e-01,9.809839744430524089e-01,9.809840491496932824e-01,9.809840579471882371e-01,9.809840474787007158e-01,9.809839965427219477e-01,9.809837108009044071e-01,9.809804653957426845e-01,9.809048834053404331e-01,9.999999999999990008e-01,9.809048658735891602e-01,9.809803700398548321e-01,9.809827390509502365e-01,9.809558397558629794e-01,9.809558730935209470e-01,9.809830583682679350e-01,9.809838625268982870e-01,9.809830653850347693e-01,9.809558954395600772e-01,9.809559009635652194e-01,9.809830859680875870e-01,9.809839616432080023e-01,9.809840374642171401e-01,9.809840491496931714e-01,9.809840478503399908e-01,9.809840349071494714e-01,9.809839830863859023e-01,9.809836967667303620e-01,9.809804504736272524e-01,9.809048658735891602e-01,9.999999999999990008e-01,9.809047746411579949e-01,9.809794799707186597e-01,9.809555392331577028e-01,9.809557432145336042e-01,9.809829674479333406e-01,9.809837808094046263e-01,9.809829865583822306e-01,9.809558177268676848e-01,9.809558240740393620e-01,9.809830093258111727e-01,9.809838853040492301e-01,9.809839616432080023e-01,9.809839744430524089e-01,9.809839760316733104e-01,9.809839722576012555e-01,9.809839584295934056e-01,9.809839060309754055e-01,9.809836188250501410e-01,9.809803700398548321e-01,9.809047746411579949e-01,9.999999999999990008e-01,9.809038141716194259e-01,9.809522098339509277e-01,9.809545703115816195e-01,9.809820388136408775e-01,9.809828905478591432e-01,9.809821055001405332e-01,9.809549395803764948e-01,9.809549475657445283e-01,9.809821331002968048e-01,9.809830093258111727e-01,9.809830859680875870e-01,9.809830992860640864e-01,9.809831019889926340e-01,9.809831011027547731e-01,9.809830964435516387e-01,9.809830820369217497e-01,9.809830287499590185e-01,9.809827390509502365e-01,9.809794799707186597e-01,9.809038141716194259e-01,9.999999999999990008e-01,9.808755253425244236e-01,9.809238408870252224e-01,9.809545560731124381e-01,9.809556520780938760e-01,9.809549060124927999e-01,9.809277501835362845e-01,9.809277622502597938e-01,9.809549475657447504e-01,9.809558240740395840e-01,9.809559009635653304e-01,9.809559145844384265e-01,9.809559178042346339e-01,9.809559180292648506e-01,9.809559162513297181e-01,9.809559109984987701e-01,9.809558956640785921e-01,9.809558397558629794e-01,9.809555392331577028e-01,9.809522098339509277e-01,9.808755253425244236e-01,9.999999999999990008e-01
9.999999999999994449e-01,9.810260320983097415e-01,9.810991364522646530e-01,9.810993772348085562e-01,9.809945246342376413e-01,9.809946355446553801e-01,9.810999124560466633e-01,9.811040872792372580e-01,9.811044589262069016e-01,9.811045271104851251e-01,9.811045454031271928e-01,9.811045510873596109e-01,9.811045519396225378e-01,9.811045491887580017e-01,9.811045404925496927e-01,9.811045155833713061e-01,9.811044288020461801e-01,9.811039887728731923e-01,9.810994296368283907e-01,9.809893627525370086e-01,9.810260320983097415e-01,9.999999999999994449e-01,9.811359244925765832e-01,9.812006003538310539e-01,9.810993772348083342e-01,9.810998164389435061e-01,9.812051171487328194e-01,9.812092962042237021e-01,9.812096693528054026e-01,9.812097382291985470e-01,9.812097569304383260e-01,9.812097629556373324e-01,9.812097642328432290e-01,9.812097622131726871e-01,9.812097550846510252e-01,9.812097342020225099e-01,9.812096600202350194e-01,9.812092710739144241e-01,9.812050305375502601e-01,9.810993596665603667e-01,9.810991364522646530e-01,9.811359244925765832e-01,9.999999999999994449e-01,9.811359244925768053e-01,9.810991364522645419e-01,9.811035477821904438e-01,9.812089000140288286e-01,9.812130910787313365e-01,9.812134680303226109e-01,9.812135383869305949e-01,9.812135577808824838e-01,9.812135642133369418e-01,9.812135658245194625e-01,9.812135642133368307e-01,9.812135577808822617e-01,9.812135383869305949e-01,9.812134680303224998e-01,9.812130910787315585e-01,9.812089000140288286e-01,9.811035477821906658e-01,9.810993772348085562e-01,9.812006003538310539e-01,9.811359244925768053e-01,9.999999999999994449e-01,9.810260320983096305e-01,9.810993596665603667e-01,9.812050305375502601e-01,9.812092710739143131e-01,9.812096600202349084e-01,9.812097342020223989e-01,9.812097550846511362e-01,9.812097622131729091e-01,9.812097642328433400e-01,9.812097629556372214e-01,9.812097569304382150e-01,9.812097382291986580e-01,9.812096693528055136e-01,9.812092962042238131e-01,9.812051171487327084e-01,9.810998164389435061e-01,9.809945246342376413e-01,9.810993772348083342e-01,9.810991364522645419e-01,9.810260320983096305e-01,9.999999999999994449e-01,9.809893627525368975e-01,9.810994296368283907e-01,9.811039887728730813e-01,9.811044288020462911e-01,9.811045155833711950e-01,9.811045404925496927e-01,9.811045491887580017e-01,9.811045519396226489e-01,9.811045510873596109e-01,9.811045454031271928e-01,9.811045271104853471e-01,9.811044589262069016e-01,9.811040872792373690e-01,9.810999124560465523e-01,9.809946355446552690e-01,9.809946355446553801e-01,9.810998164389435061e-01,9.811035477821904438e-01,9.810993596665603667e-01,9.809893627525368975e-01,9.999999999999994449e-01,9.810261527634930312e-01,9.810996274498031688e-01,9.811040395923439350e-01,9.811044556759297430e-01,9.811045402230310630e-01,9.811045646775490292e-01,9.811045727533947991e-01,9.811045740959685180e-01,9.811045695232811781e-01,9.811045519791590230e-01,9.811044845435733519e-01,9.811041140094316493e-01,9.810999413969471172e-01,9.809946701455983797e-01,9.810999124560466633e-01,9.812051171487328194e-01,9.812089000140288286e-01,9.812050305375502601e-01,9.810994296368283907e-01,9.810261527634930312e-01,9.999999999999994449e-01,9.811364897084182690e-01,9.812053356095645773e-01,9.812093949048030783e-01,9.812097568464606123e-01,9.812098281947747580e-01,9.812098479644979498e-01,9.812098530514405947e-01,9.812098499366225246e-01,9.812098330747962560e-01,9.812097660384622166e-01,9.812093958050046583e-01,9.812052231714901707e-01,9.810999413969475613e-01,9.811040872792372580e-01,9.812092962042237021e-01,9.812130910787313365e-01,9.812092710739143131e-01,9.811039887728730813e-01,9.810996274498031688e-01,9.811364897084182690e-01,9.999999999999994449e-01,9.811410687797984531e-01,9.812095781306300335e-01,9.812135857649684212e-01,9.812139352451584307e-01,9.812140021416212443e-01,9.812140190113958216e-01,9.812140196800243075e-01,9.812140042946587704e-01,9.812139379497293312e-01,9.812135681216430649e-01,9.812093958050045472e-01,9.811041140094316493e-01,9.811044589262069016e-01,9.812096693528054026e-01,9.812134680303226109e-01,9.812096600202349084e-01,9.811044288020462911e-01,9.811040395923439350e-01,9.812053356095645773e-01,9.811410687797984531e-01,9.999999999999994449e-01,9.811415102794979193e-01,9.812099668765882354e-01,9.812139620464206402e-01,9.812143070956731439e-01,9.812143710998745272e-01,9.812143835544403503e-01,9.812143719539138109e-01,9.812143070860975813e-01,9.812139379497294422e-01,9.812097660384622166e-01,9.811044845435737960e-01,9.811045271104851251e-01,9.812097382291985470e-01,9.812135383869305949e-01,9.812097342020223989e-01,9.811045155833711950e-01,9.811044556759297430e-01,9.812093949048030783e-01,9.812095781306300335e-01,9.811415102794979193e-01,9.999999999999994449e-01,9.811415966996033244e-01,9.812100403857421105e-01,9.812140311047797825e-01,9.812143732619185155e-01,9.812144328512435454e-01,9.812144330368193224e-01,9.812143719539136999e-01,9.812140042946587704e-01,9.812098330747961450e-01,9.811045519791590230e-01,9.811045454031271928e-01,9.812097569304383260e-01,9.812135577808824838e-01,9.812097550846511362e-01,9.811045404925496927e-01,9.811045402230310630e-01,9.812097568464606123e-01,9.812135857649684212e-01,9.812099668765882354e-01,9.811415966996033244e-01,9.999999999999994449e-01,9.811416208770196157e-01,9.812100599686248703e-01,9.812140477888320333e-01,9.812143855308929075e-01,9.812144328512436564e-01,9.812143835544403503e-01,9.812140196800244185e-01,9.812098499366225246e-01,9.811045695232812891e-01,9.811045510873596109e-01,9.812097629556373324e-01,9.812135642133369418e-01,9.812097622131729091e-01,9.811045491887580017e-01,9.811045646775490292e-01,9.812098281947747580e-01,9.812139352451584307e-01,9.812139620464206402e-01,9.812100403857421105e-01,9.811416208770196157e-01,9.999999999999994449e-01,9.811416282385434506e-01,9.812100643853284287e-01,9.812140477888320333e-01,9.812143732619185155e-01,9.812143710998745272e-01,9.812140190113961546e-01,9.812098530514407058e-01,9.811045740959686290e-01,9.811045519396225378e-01,9.812097642328432290e-01,9.812135658245194625e-01,9.812097642328433400e-01,9.811045519396226489e-01,9.811045727533947991e-01,9.812098479644979498e-01,9.812140021416212443e-01,9.812143070956731439e-01,9.812140311047797825e-01,9.812100599686248703e-01,9.811416282385434506e-01,9.999999999999994449e-01,9.811416282385433396e-01,9.812100599686246483e-01,9.812140311047797825e-01,9.812143070956730329e-01,9.812140021416212443e-01,9.812098479644977278e-01,9.811045727533946881e-01,9.811045491887580017e-01,9.812097622131726871e-01,9.812135642133368307e-01,9.812097629556372214e-01,9.811045510873596109e-01,9.811045740959685180e-01,9.812098530514405947e-01,9.812140190113958216e-01,9.812143710998745272e-01,9.812143732619185155e-01,9.812140477888320333e-01,9.812100643853284287e-01,9.811416282385433396e-01,9.999999999999994449e-01,9.811416208770195047e-01,9.812100403857421105e-01,9.812139620464206402e-01,9.812139352451585417e-01,9.812098281947747580e-01,9.811045646775489182e-01,9.811045404925496927e-01,9.812097550846510252e-01,9.812135577808822617e-01,9.812097569304382150e-01,9.811045454031271928e-01,9.811045695232811781e-01,9.812098499366225246e-01,9.812140196800243075e-01,9.812143835544403503e-01,9.812144328512435454e-01,9.812143855308929075e-01,9.812140477888320333e-01,9.812100599686246483e-01,9.811416208770195047e-01,9.999999999999994449e-01,9.811415966996033244e-01,9.812099668765882354e-01,9.812135857649684212e-01,9.812097568464603903e-01,9.811045402230310630e-01,9.811045155833713061e-01,9.812097342020225099e-01,9.812135383869305949e-01,9.812097382291986580e-01,9.811045271104853471e-01,9.811045519791590230e-01,9.812098330747962560e-01,9.812140042946587704e-01,9.812143719539138109e-01,9.812144330368193224e-01,9.812144328512436564e-01,9.812143732619185155e-01,9.812140311047797825e-01,9.812100403857421105e-01,9.811415966996033244e-01,9.999999999999994449e-01,9.811415102794979193e-01,9.812095781306302555e-01,9.812093949048029673e-01,9.811044556759297430e-01,9.811044288020461801e-01,9.812096600202350194e-01,9.812134680303224998e-01,9.812096693528055136e-01,9.811044589262069016e-01,9.811044845435733519e-01,9.812097660384622166e-01,9.812139379497293312e-01,9.812143070860975813e-01,9.812143719539136999e-01,9.812143835544403503e-01,9.812143710998745272e-01,9.812143070956730329e-01,9.812139620464206402e-01,9.812099668765882354e-01,9.811415102794979193e-01,9.999999999999994449e-01,9.811410687797984531e-01,9.812053356095646883e-01,9.811040395923438240e-01,9.811039887728731923e-01,9.812092710739144241e-01,9.812130910787315585e-01,9.812092962042238131e-01,9.811040872792373690e-01,9.811041140094316493e-01,9.812093958050046583e-01,9.812135681216430649e-01,9.812139379497294422e-01,9.812140042946587704e-01,9.812140196800244185e-01,9.812140190113961546e-01,9.812140021416212443e-01,9.812139352451585417e-01,9.812135857649684212e-01,9.812095781306302555e-01,9.811410687797984531e-01,9.999999999999994449e-01,9.811364897084186021e-01,9.810996274498032799e-01,9.810994296368283907e-01,9.812050305375502601e-01,9.812089000140288286e-01,9.812051171487327084e-01,9.810999124560465523e-01,9.810999413969471172e-01,9.812052231714901707e-01,9.812093958050045472e-01,9.812097660384622166e-01,9.812098330747961450e-01,9.812098499366225246e-01,9.812098530514407058e-01,9.812098479644977278e-01,9.812098281947747580e-01,9.812097568464603903e-01,9.812093949048029673e-01,9.812053356095646883e-01,9.811364897084186021e-01,9.999999999999994449e-01,9.810261527634931422e-01,9.809893627525370086e-01,9.810993596665603667e-01,9.811035477821906658e-01,9.810998164389435061e-01,9.809946355446552690e-01,9.809946701455983797e-01,9.810999413969475613e-01,9.811041140094316493e-01,9.811044845435737960e-01,9.811045519791590230e-01,9.811045695232812891e-01,9.811045740959686290e-01,9.811045727533946881e-01,9.811045646775489182e-01,9.811045402230310630e-01,9.811044556759297430e-01,9.811040395923438240e-01,9.810996274498032799e-01,9.810261527634931422e-01,9.999999999999994449e-01
