1.000000000000000000e+00,1.000000000000000000e+00,1.000000000000000000e+00,1.000000000000000000e+00,1.000000000000000000e+00,1.000000000000000000e+00,1.000000000000000000e+00,1.000000000000000000e+00,1.000000000000000000e+00,1.000000000000000000e+00,1.000000000000000000e+00,1.000000000000000000e+00,1.000000000000000000e+00,1.000000000000000000e+00,1.000000000000000000e+00,1.000000000000000000e+00,1.000000000000000000e+00,1.000000000000000000e+00,1.000000000000000000e+00,1.000000000000000000e+00,1.000000000000000000e+00,1.000000000000000000e+00,1.000000000000000000e+00,1.000000000000000000e+00,1.000000000000000000e+00,1.000000000000000000e+00,1.000000000000000000e+00,1.000000000000000000e+00,1.000000000000000000e+00,1.000000000000000000e+00,1.000000000000000000e+00,1.000000000000000000e+00,1.000000000000000000e+00,1.000000000000000000e+00,1.000000000000000000e+00,1.000000000000000000e+00,1.000000000000000000e+00,1.000000000000000000e+00,1.000000000000000000e+00,1.000000000000000000e+00,1.000000000000000000e+00,1.000000000000000000e+00,1.000000000000000000e+00,1.000000000000000000e+00,1.000000000000000000e+00,1.000000000000000000e+00,1.000000000000000000e+00,1.000000000000000000e+00,1.000000000000000000e+00,1.000000000000000000e+00,1.000000000000000000e+00,1.000000000000000000e+00,1.000000000000000000e+00,1.000000000000000000e+00,1.000000000000000000e+00,1.000000000000000000e+00,1.000000000000000000e+00,1.000000000000000000e+00,1.000000000000000000e+00,1.000000000000000000e+00,1.000000000000000000e+00,1.000000000000000000e+00,1.000000000000000000e+00,1.000000000000000000e+00,1.000000000000000000e+00,1.000000000000000000e+00,1.000000000000000000e+00,1.000000000000000000e+00,1.000000000000000000e+00,1.000000000000000000e+00,1.000000000000000000e+00,1.000000000000000000e+00,1.000000000000000000e+00,1.000000000000000000e+00,1.000000000000000000e+00,1.000000000000000000e+00,1.000000000000000000e+00,1.000000000000000000e+00,1.000000000000000000e+00,1.000000000000000000e+00,1.000000000000000000e+00,1.000000000000000000e+00,1.000000000000000000e+00,1.000000000000000000e+00,1.000000000000000000e+00,1.000000000000000000e+00,1.000000000000000000e+00,1.000000000000000000e+00,1.000000000000000000e+00,1.000000000000000000e+00,1.000000000000000000e+00,1.000000000000000000e+00,1.000000000000000000e+00,1.000000000000000000e+00,1.000000000000000000e+00,1.000000000000000000e+00,1.000000000000000000e+00,1.000000000000000000e+00,1.000000000000000000e+00,1.000000000000000000e+00,1.000000000000000000e+00,1.000000000000000000e+00,1.000000000000000000e+00,1.000000000000000000e+00,1.000000000000000000e+00,1.000000000000000000e+00,1.000000000000000000e+00,1.000000000000000000e+00,1.000000000000000000e+00,1.000000000000000000e+00,1.000000000000000000e+00,1.000000000000000000e+00,1.000000000000000000e+00,1.000000000000000000e+00,1.000000000000000000e+00,1.000000000000000000e+00,1.000000000000000000e+00,1.000000000000000000e+00,1.000000000000000000e+00,1.000000000000000000e+00,1.000000000000000000e+00,1.000000000000000000e+00,1.000000000000000000e+00,1.000000000000000000e+00,1.000000000000000000e+00,1.000000000000000000e+00,1.000000000000000000e+00,1.000000000000000000e+00,1.000000000000000000e+00,1.000000000000000000e+00,1.000000000000000000e+00,1.000000000000000000e+00,1.000000000000000000e+00,1.000000000000000000e+00,1.000000000000000000e+00,1.000000000000000000e+00,1.000000000000000000e+00,1.000000000000000000e+00,1.000000000000000000e+00,1.000000000000000000e+00,1.000000000000000000e+00,1.000000000000000000e+00,1.000000000000000000e+00,1.000000000000000000e+00,1.000000000000000000e+00,1.000000000000000000e+00,1.000000000000000000e+00,1.000000000000000000e+00,1.000000000000000000e+00,1.000000000000000000e+00,1.000000000000000000e+00,1.000000000000000000e+00,1.000000000000000000e+00,1.000000000000000000e+00,1.000000000000000000e+00,1.000000000000000000e+00,1.000000000000000000e+00,1.000000000000000000e+00,1.000000000000000000e+00,1.000000000000000000e+00,1.000000000000000000e+00,1.000000000000000000e+00,1.000000000000000000e+00,1.000000000000000000e+00,1.000000000000000000e+00,1.000000000000000000e+00,1.000000000000000000e+00,1.000000000000000000e+00,1.000000000000000000e+00,1.000000000000000000e+00,1.000000000000000000e+00,1.000000000000000000e+00,1.000000000000000000e+00,1.000000000000000000e+00,1.000000000000000000e+00,1.000000000000000000e+00,1.000000000000000000e+00,1.000000000000000000e+00,1.000000000000000000e+00,1.000000000000000000e+00,1.000000000000000000e+00,1.000000000000000000e+00,1.000000000000000000e+00,1.000000000000000000e+00,1.000000000000000000e+00,1.000000000000000000e+00,1.000000000000000000e+00,1.000000000000000000e+00,1.000000000000000000e+00,1.000000000000000000e+00,1.000000000000000000e+00,1.000000000000000000e+00,1.000000000000000000e+00,1.000000000000000000e+00,1.000000000000000000e+00,1.000000000000000000e+00,1.000000000000000000e+00,1.000000000000000000e+00,1.000000000000000000e+00,1.000000000000000000e+00,1.000000000000000000e+00,1.000000000000000000e+00,1.000000000000000000e+00,1.000000000000000000e+00,1.000000000000000000e+00,1.000000000000000000e+00,1.000000000000000000e+00,1.000000000000000000e+00,1.000000000000000000e+00,1.000000000000000000e+00,1.000000000000000000e+00,1.000000000000000000e+00,1.000000000000000000e+00,1.000000000000000000e+00,1.000000000000000000e+00,1.000000000000000000e+00,1.000000000000000000e+00,1.000000000000000000e+00,1.000000000000000000e+00,1.000000000000000000e+00,1.000000000000000000e+00,1.000000000000000000e+00,1.000000000000000000e+00,1.000000000000000000e+00,1.000000000000000000e+00,1.000000000000000000e+00,1.000000000000000000e+00,1.000000000000000000e+00,1.000000000000000000e+00,1.000000000000000000e+00,1.000000000000000000e+00,1.000000000000000000e+00,1.000000000000000000e+00,1.000000000000000000e+00,1.000000000000000000e+00,1.000000000000000000e+00,1.000000000000000000e+00,1.000000000000000000e+00,1.000000000000000000e+00,1.000000000000000000e+00,1.000000000000000000e+00,1.000000000000000000e+00,1.000000000000000000e+00,1.000000000000000000e+00,1.000000000000000000e+00,1.000000000000000000e+00,1.000000000000000000e+00,1.000000000000000000e+00,1.000000000000000000e+00,1.000000000000000000e+00,1.000000000000000000e+00,1.000000000000000000e+00,1.000000000000000000e+00,1.000000000000000000e+00,1.000000000000000000e+00,1.000000000000000000e+00,1.000000000000000000e+00,1.000000000000000000e+00,1.000000000000000000e+00,1.000000000000000000e+00,1.000000000000000000e+00,1.000000000000000000e+00,1.000000000000000000e+00,1.000000000000000000e+00,1.000000000000000000e+00,1.000000000000000000e+00,1.000000000000000000e+00,1.000000000000000000e+00,1.000000000000000000e+00,1.000000000000000000e+00,1.000000000000000000e+00,1.000000000000000000e+00,1.000000000000000000e+00,1.000000000000000000e+00,1.000000000000000000e+00,1.000000000000000000e+00,1.000000000000000000e+00,1.000000000000000000e+00,1.000000000000000000e+00,1.000000000000000000e+00,1.000000000000000000e+00,1.000000000000000000e+00,1.000000000000000000e+00,1.000000000000000000e+00,1.000000000000000000e+00,1.000000000000000000e+00,1.000000000000000000e+00,1.000000000000000000e+00,1.000000000000000000e+00,1.000000000000000000e+00,1.000000000000000000e+00,1.000000000000000000e+00,1.000000000000000000e+00,1.000000000000000000e+00,1.000000000000000000e+00,1.000000000000000000e+00,1.000000000000000000e+00,1.000000000000000000e+00,1.000000000000000000e+00,1.000000000000000000e+00,1.000000000000000000e+00,1.000000000000000000e+00,1.000000000000000000e+00,1.000000000000000000e+00,1.000000000000000000e+00,1.000000000000000000e+00,1.000000000000000000e+00,1.000000000000000000e+00,1.000000000000000000e+00,1.000000000000000000e+00,1.000000000000000000e+00,1.000000000000000000e+00,1.000000000000000000e+00,1.000000000000000000e+00,1.000000000000000000e+00,1.000000000000000000e+00,1.000000000000000000e+00,1.000000000000000000e+00,1.000000000000000000e+00,1.000000000000000000e+00,1.000000000000000000e+00,1.000000000000000000e+00,1.000000000000000000e+00,1.000000000000000000e+00,1.000000000000000000e+00,1.000000000000000000e+00,1.000000000000000000e+00,1.000000000000000000e+00,1.000000000000000000e+00,1.000000000000000000e+00,1.000000000000000000e+00,1.000000000000000000e+00,1.000000000000000000e+00,1.000000000000000000e+00,1.000000000000000000e+00,1.000000000000000000e+00,1.000000000000000000e+00,1.000000000000000000e+00,1.000000000000000000e+00,1.000000000000000000e+00,1.000000000000000000e+00,1.000000000000000000e+00,1.000000000000000000e+00,1.000000000000000000e+00,1.000000000000000000e+00,1.000000000000000000e+00,1.000000000000000000e+00,1.000000000000000000e+00,1.000000000000000000e+00,1.000000000000000000e+00,1.000000000000000000e+00,1.000000000000000000e+00,1.000000000000000000e+00,1.000000000000000000e+00,1.000000000000000000e+00,1.000000000000000000e+00,1.000000000000000000e+00,1.000000000000000000e+00,1.000000000000000000e+00,1.000000000000000000e+00,1.000000000000000000e+00,1.000000000000000000e+00,1.000000000000000000e+00,1.000000000000000000e+00,1.000000000000000000e+00,1.000000000000000000e+00,1.000000000000000000e+00,1.000000000000000000e+00,1.000000000000000000e+00,1.000000000000000000e+00,1.000000000000000000e+00,1.000000000000000000e+00,1.000000000000000000e+00,1.000000000000000000e+00,1.000000000000000000e+00,1.000000000000000000e+00,1.000000000000000000e+00,1.000000000000000000e+00,1.000000000000000000e+00,1.000000000000000000e+00,1.000000000000000000e+00,1.000000000000000000e+00,1.000000000000000000e+00,1.000000000000000000e+00,1.000000000000000000e+00,1.000000000000000000e+00,1.000000000000000000e+00,1.000000000000000000e+00,1.000000000000000000e+00,1.000000000000000000e+00,1.000000000000000000e+00,1.000000000000000000e+00,1.000000000000000000e+00,1.000000000000000000e+00,1.000000000000000000e+00,1.000000000000000000e+00,1.000000000000000000e+00,1.000000000000000000e+00,1.000000000000000000e+00,1.000000000000000000e+00
9.999999999999972244e-01,9.949005255783730517e-01,9.949053656249255972e-01,9.949054455089409998e-01,9.949054388573416174e-01,9.949045472581529159e-01,9.949045477309967911e-01,9.949054406709407772e-01,9.949054544898709995e-01,9.949054556805245753e-01,9.949054558920842339e-01,9.949054559434675760e-01,9.949054559493599736e-01,9.949054559274728149e-01,9.949054558639203183e-01,9.949054556945040595e-01,9.949054551551319570e-01,9.949054527379448398e-01,9.949054319710710637e-01,9.949044568989545700e-01,9.949005255783730517e-01,9.999999999999972244e-01,9.949014334627096501e-01,9.949062584768872952e-01,9.949063247582676794e-01,9.949054388573415064e-01,9.949054404483461678e-01,9.949063334565154681e-01,9.949063473013114445e-01,9.949063485039575383e-01,9.949063487225241476e-01,9.949063487796367955e-01,9.949063487925463578e-01,9.949063487826778074e-01,9.949063487450428012e-01,9.949063486430681502e-01,9.949063483193606450e-01,9.949063468084571316e-01,9.949063317777088189e-01,9.949054319114520872e-01,9.949053656249255972e-01,9.949014334627096501e-01,9.999999999999972244e-01,9.949014470628301243e-01,9.949062584768871842e-01,9.949054455089407778e-01,9.949054537038781731e-01,9.949063469277243943e-01,9.949063608398067693e-01,9.949063620683130660e-01,9.949063622988740807e-01,9.949063623629926800e-01,9.949063623816267743e-01,9.949063623787645083e-01,9.949063623531244627e-01,9.949063622770112358e-01,9.949063620205901293e-01,9.949063607248014307e-01,9.949063465976040188e-01,9.949054524674731947e-01,9.949054455089409998e-01,9.949062584768872952e-01,9.949014470628301243e-01,9.999999999999972244e-01,9.949014334627096501e-01,9.949053656249252642e-01,9.949054524674733058e-01,9.949063465976040188e-01,9.949063607248015417e-01,9.949063620205902403e-01,9.949063622770112358e-01,9.949063623531243516e-01,9.949063623787645083e-01,9.949063623816266633e-01,9.949063623629926800e-01,9.949063622988738587e-01,9.949063620683129550e-01,9.949063608398065472e-01,9.949063469277240612e-01,9.949054537038780621e-01,9.949054388573416174e-01,9.949063247582676794e-01,9.949062584768871842e-01,9.949014334627096501e-01,9.999999999999972244e-01,9.949005255783727186e-01,9.949054319114521983e-01,9.949063317777089299e-01,9.949063468084571316e-01,9.949063483193607560e-01,9.949063486430680392e-01,9.949063487450428012e-01,9.949063487826778074e-01,9.949063487925462468e-01,9.949063487796366845e-01,9.949063487225240365e-01,9.949063485039575383e-01,9.949063473013112224e-01,9.949063334565154681e-01,9.949054404483459457e-01,9.949045472581529159e-01,9.949054388573415064e-01,9.949054455089407778e-01,9.949053656249252642e-01,9.949005255783727186e-01,9.999999999999972244e-01,9.949044568989543480e-01,9.949054319710707306e-01,9.949054527379447288e-01,9.949054551551318459e-01,9.949054556945037264e-01,9.949054558639199852e-01,9.949054559274723708e-01,9.949054559493596406e-01,9.949054559434672429e-01,9.949054558920839009e-01,9.949054556805243532e-01,9.949054544898708885e-01,9.949054406709406662e-01,9.949045477309965690e-01,9.949045477309967911e-01,9.949054404483461678e-01,9.949054537038781731e-01,9.949054524674733058e-01,9.949054319114521983e-01,9.949044568989543480e-01,9.999999999999972244e-01,9.949005256932076380e-01,9.949053659504941693e-01,9.949054470152940421e-01,9.949054541585982125e-01,9.949054554463231392e-01,9.949054557922735187e-01,9.949054559073142734e-01,9.949054559392820352e-01,9.949054559069019366e-01,9.949054557080745376e-01,9.949054545301537766e-01,9.949054407302279079e-01,9.949045478282261268e-01,9.949054406709407772e-01,9.949063334565154681e-01,9.949063469277243943e-01,9.949063465976040188e-01,9.949063317777089299e-01,9.949054319710707306e-01,9.949005256932076380e-01,9.999999999999972244e-01,9.949014338482885522e-01,9.949062600428441039e-01,9.949063401191454714e-01,9.949063471062956632e-01,9.949063483551899845e-01,9.949063486852626204e-01,9.949063487844914677e-01,9.949063487779626902e-01,9.949063485911264770e-01,9.949063474202114454e-01,9.949063336260024482e-01,9.949054407302277969e-01,9.949054544898709995e-01,9.949063473013114445e-01,9.949063608398067693e-01,9.949063607248015417e-01,9.949063468084571316e-01,9.949054527379447288e-01,9.949053659504941693e-01,9.949014338482885522e-01,9.999999999999972244e-01,9.949014488414468227e-01,9.949062740484670986e-01,9.949063539704552372e-01,9.949063609191368673e-01,9.949063621522608036e-01,9.949063624665619443e-01,9.949063625273121270e-01,9.949063623663352285e-01,9.949063612074144913e-01,9.949063474202114454e-01,9.949054545301536656e-01,9.949054556805245753e-01,9.949063485039575383e-01,9.949063620683130660e-01,9.949063620205902403e-01,9.949063483193607560e-01,9.949054551551318459e-01,9.949054470152940421e-01,9.949062600428441039e-01,9.949014488414468227e-01,9.999999999999972244e-01,9.949014502323276776e-01,9.949062752834868517e-01,9.949063551670093153e-01,9.949063620999202273e-01,9.949063633172723353e-01,9.949063635930948113e-01,9.949063634993968730e-01,9.949063623663355616e-01,9.949063485911266991e-01,9.949054557080746486e-01,9.949054558920842339e-01,9.949063487225241476e-01,9.949063622988740807e-01,9.949063622770112358e-01,9.949063486430680392e-01,9.949054556945037264e-01,9.949054541585982125e-01,9.949063401191454714e-01,9.949062740484670986e-01,9.949014502323276776e-01,9.999999999999972244e-01,9.949014504955409066e-01,9.949062755079542963e-01,9.949063553757074851e-01,9.949063622928466799e-01,9.949063634717202342e-01,9.949063635930944782e-01,9.949063625273120159e-01,9.949063487779625792e-01,9.949054559069017145e-01,9.949054559434675760e-01,9.949063487796367955e-01,9.949063623629926800e-01,9.949063623531243516e-01,9.949063487450428012e-01,9.949054558639199852e-01,9.949054554463231392e-01,9.949063471062956632e-01,9.949063539704552372e-01,9.949062752834868517e-01,9.949014504955409066e-01,9.999999999999972244e-01,9.949014505656338381e-01,9.949062755622042342e-01,9.949063554141860388e-01,9.949063622928466799e-01,9.949063633172721133e-01,9.949063624665619443e-01,9.949063487844912457e-01,9.949054559392818131e-01,9.949054559493599736e-01,9.949063487925463578e-01,9.949063623816267743e-01,9.949063623787645083e-01,9.949063487826778074e-01,9.949054559274723708e-01,9.949054557922735187e-01,9.949063483551899845e-01,9.949063609191368673e-01,9.949063551670093153e-01,9.949062755079542963e-01,9.949014505656338381e-01,9.999999999999972244e-01,9.949014505814214315e-01,9.949062755622042342e-01,9.949063553757074851e-01,9.949063620999198942e-01,9.949063621522606926e-01,9.949063486852625093e-01,9.949054559073141624e-01,9.949054559274728149e-01,9.949063487826778074e-01,9.949063623787645083e-01,9.949063623816266633e-01,9.949063487925462468e-01,9.949054559493596406e-01,9.949054559073142734e-01,9.949063486852626204e-01,9.949063621522608036e-01,9.949063620999202273e-01,9.949063553757074851e-01,9.949062755622042342e-01,9.949014505814214315e-01,9.999999999999972244e-01,9.949014505656336160e-01,9.949062755079544074e-01,9.949063551670089822e-01,9.949063609191369784e-01,9.949063483551898734e-01,9.949054557922734077e-01,9.949054558639203183e-01,9.949063487450428012e-01,9.949063623531244627e-01,9.949063623629926800e-01,9.949063487796366845e-01,9.949054559434672429e-01,9.949054559392820352e-01,9.949063487844914677e-01,9.949063624665619443e-01,9.949063633172723353e-01,9.949063622928466799e-01,9.949063554141860388e-01,9.949062755622042342e-01,9.949014505656336160e-01,9.999999999999972244e-01,9.949014504955409066e-01,9.949062752834865186e-01,9.949063539704551262e-01,9.949063471062954411e-01,9.949054554463229172e-01,9.949054556945040595e-01,9.949063486430681502e-01,9.949063622770112358e-01,9.949063622988738587e-01,9.949063487225240365e-01,9.949054558920839009e-01,9.949054559069019366e-01,9.949063487779626902e-01,9.949063625273121270e-01,9.949063635930948113e-01,9.949063634717202342e-01,9.949063622928466799e-01,9.949063553757074851e-01,9.949062755079544074e-01,9.949014504955409066e-01,9.999999999999972244e-01,9.949014502323274556e-01,9.949062740484670986e-01,9.949063401191452494e-01,9.949054541585979905e-01,9.949054551551319570e-01,9.949063483193606450e-01,9.949063620205901293e-01,9.949063620683129550e-01,9.949063485039575383e-01,9.949054556805243532e-01,9.949054557080745376e-01,9.949063485911264770e-01,9.949063623663352285e-01,9.949063634993968730e-01,9.949063635930944782e-01,9.949063633172721133e-01,9.949063620999198942e-01,9.949063551670089822e-01,9.949062752834865186e-01,9.949014502323274556e-01,9.999999999999972244e-01,9.949014488414466006e-01,9.949062600428439929e-01,9.949054470152937091e-01,9.949054527379448398e-01,9.949063468084571316e-01,9.949063607248014307e-01,9.949063608398065472e-01,9.949063473013112224e-01,9.949054544898708885e-01,9.949054545301537766e-01,9.949063474202114454e-01,9.949063612074144913e-01,9.949063623663355616e-01,9.949063625273120159e-01,9.949063624665619443e-01,9.949063621522606926e-01,9.949063609191369784e-01,9.949063539704551262e-01,9.949062740484670986e-01,9.949014488414466006e-01,9.999999999999972244e-01,9.949014338482882192e-01,9.949053659504938363e-01,9.949054319710710637e-01,9.949063317777088189e-01,9.949063465976040188e-01,9.949063469277240612e-01,9.949063334565154681e-01,9.949054406709406662e-01,9.949054407302279079e-01,9.949063336260024482e-01,9.949063474202114454e-01,9.949063485911266991e-01,9.949063487779625792e-01,9.949063487844912457e-01,9.949063486852625093e-01,9.949063483551898734e-01,9.949063471062954411e-01,9.949063401191452494e-01,9.949062600428439929e-01,9.949014338482882192e-01,9.999999999999972244e-01,9.949005256932073049e-01,9.949044568989545700e-01,9.949054319114520872e-01,9.949054524674731947e-01,9.949054537038780621e-01,9.949054404483459457e-01,9.949045477309965690e-01,9.949045478282261268e-01,9.949054407302277969e-01,9.949054545301536656e-01,9.949054557080746486e-01,9.949054559069017145e-01,9.949054559392818131e-01,9.949054559073141624e-01,9.949054557922734077e-01,9.949054554463229172e-01,9.949054541585979905e-01,9.949054470152937091e-01,9.949053659504938363e-01,9.949005256932073049e-01,9.999999999999972244e-01
9.999999999999983347e-01,9.808755185067156157e-01,9.809521890903788455e-01,9.809554417280772487e-01,9.809548663826108683e-01,9.809277384397834254e-01,9.809277594237306719e-01,9.809549455804990048e-01,9.809558224729710840e-01,9.809558995870655274e-01,9.809559133915367601e-01,9.809559168358557013e-01,9.809559174444925089e-01,9.809559164910006679e-01,9.809559133724466973e-01,9.809559048012228555e-01,9.809558768126876993e-01,9.809557470120189304e-01,9.809545742431917681e-01,9.809238451102721967e-01,9.808755185067156157e-01,9.999999999999983347e-01,9.809037890212848332e-01,9.809793782285114450e-01,9.809817614179772161e-01,9.809548663826108683e-01,9.809549345695717237e-01,9.809821244127051587e-01,9.809830024424597283e-01,9.809830800757921576e-01,9.809830941839422502e-01,9.809830978777220878e-01,9.809830987931892343e-01,9.809830983658578418e-01,9.809830963804785364e-01,9.809830907491109420e-01,9.809830721136209020e-01,9.809829812716064357e-01,9.809820527714051552e-01,9.809545703215134527e-01,9.809521890903788455e-01,9.809037890212848332e-01,9.999999999999983347e-01,9.809046580444154007e-01,9.809793782285114450e-01,9.809554417280773597e-01,9.809557823823633615e-01,9.809829816024775440e-01,9.809838625270528301e-01,9.809839412752974219e-01,9.809839559016982902e-01,9.809839598986844766e-01,9.809839610621058359e-01,9.809839609381694192e-01,9.809839594715529243e-01,9.809839549562681116e-01,9.809839392149637405e-01,9.809838575758011991e-01,9.809829674483228068e-01,9.809557292674616624e-01,9.809554417280772487e-01,9.809793782285114450e-01,9.809046580444154007e-01,9.999999999999983347e-01,9.809037890212846111e-01,9.809521890903787344e-01,9.809557292674617734e-01,9.809829674483224737e-01,9.809838575758011991e-01,9.809839392149638515e-01,9.809839549562682226e-01,9.809839594715529243e-01,9.809839609381695302e-01,9.809839610621057249e-01,9.809839598986843656e-01,9.809839559016982902e-01,9.809839412752973109e-01,9.809838625270529411e-01,9.809829816024775440e-01,9.809557823823632505e-01,9.809548663826108683e-01,9.809817614179772161e-01,9.809793782285114450e-01,9.809037890212846111e-01,9.999999999999983347e-01,9.808755185067157267e-01,9.809545703215135637e-01,9.809820527714049332e-01,9.809829812716062136e-01,9.809830721136209020e-01,9.809830907491107199e-01,9.809830963804784254e-01,9.809830983658576198e-01,9.809830987931887902e-01,9.809830978777219768e-01,9.809830941839419172e-01,9.809830800757918245e-01,9.809830024424595063e-01,9.809821244127052697e-01,9.809549345695715017e-01,9.809277384397834254e-01,9.809548663826108683e-01,9.809554417280773597e-01,9.809521890903787344e-01,9.808755185067157267e-01,9.999999999999983347e-01,9.809238451102724188e-01,9.809545742431915460e-01,9.809557470120188194e-01,9.809558768126878103e-01,9.809559048012229665e-01,9.809559133724466973e-01,9.809559164910007789e-01,9.809559174444926199e-01,9.809559168358558123e-01,9.809559133915367601e-01,9.809558995870655274e-01,9.809558224729711950e-01,9.809549455804991158e-01,9.809277594237307829e-01,9.809277594237306719e-01,9.809549345695717237e-01,9.809557823823633615e-01,9.809557292674617734e-01,9.809545703215135637e-01,9.809238451102724188e-01,9.999999999999983347e-01,9.808755261281687510e-01,9.809522104794902164e-01,9.809555398002541837e-01,9.809558402589622084e-01,9.809558960888742352e-01,9.809559112892844990e-01,9.809559162533407761e-01,9.809559172805756289e-01,9.809559146592291556e-01,9.809559014068657268e-01,9.809558248449389284e-01,9.809549487763049580e-01,9.809277642822448184e-01,9.809549455804990048e-01,9.809821244127051587e-01,9.809829816024775440e-01,9.809829674483224737e-01,9.809820527714049332e-01,9.809545742431915460e-01,9.808755261281687510e-01,9.999999999999983347e-01,9.809038145290972510e-01,9.809794802471318853e-01,9.809827392633158061e-01,9.809830288840161172e-01,9.809830820369650484e-01,9.809830961548122730e-01,9.809831000632944775e-01,9.809830985531498015e-01,9.809830858173764767e-01,9.809830095566075547e-01,9.809821337131704455e-01,9.809549487763046249e-01,9.809558224729710840e-01,9.809830024424597283e-01,9.809838625270528301e-01,9.809838575758011991e-01,9.809829812716062136e-01,9.809557470120188194e-01,9.809522104794902164e-01,9.809038145290972510e-01,9.999999999999983347e-01,9.809047747845858201e-01,9.809803701181807334e-01,9.809836188250539157e-01,9.809839058969650472e-01,9.809839580068003828e-01,9.809839710840866367e-01,9.809839724617740453e-01,9.809839608402992628e-01,9.809838850976074776e-01,9.809830095566077768e-01,9.809558248449388174e-01,9.809558995870655274e-01,9.809830800757921576e-01,9.809839412752974219e-01,9.809839392149638515e-01,9.809830721136209020e-01,9.809558768126878103e-01,9.809555398002541837e-01,9.809794802471318853e-01,9.809047747845858201e-01,9.999999999999983347e-01,9.809048658735896042e-01,9.809804503953051258e-01,9.809836965544084242e-01,9.809839825852837425e-01,9.809840336553262707e-01,9.809840442021318108e-01,9.809840354686298891e-01,9.809839608402991518e-01,9.809830858173765877e-01,9.809559014068655047e-01,9.809559133915367601e-01,9.809830941839422502e-01,9.809839559016982902e-01,9.809839549562682226e-01,9.809830907491107199e-01,9.809559048012229665e-01,9.809558402589622084e-01,9.809827392633158061e-01,9.809803701181807334e-01,9.809048658735896042e-01,9.999999999999983347e-01,9.809048832619163827e-01,9.809804651193729796e-01,9.809837102358033301e-01,9.809839952269061580e-01,9.809840437665009460e-01,9.809840442021319218e-01,9.809839724617739343e-01,9.809830985531500236e-01,9.809559146592290446e-01,9.809559168358557013e-01,9.809830978777220878e-01,9.809839598986844766e-01,9.809839594715529243e-01,9.809830963804784254e-01,9.809559133724466973e-01,9.809558960888742352e-01,9.809830288840161172e-01,9.809836188250539157e-01,9.809804503953051258e-01,9.809048832619163827e-01,9.999999999999983347e-01,9.809048879080165539e-01,9.809804686901202331e-01,9.809837127662626166e-01,9.809839952269060470e-01,9.809840336553262707e-01,9.809839710840865257e-01,9.809831000632945885e-01,9.809559172805754068e-01,9.809559174444925089e-01,9.809830987931892343e-01,9.809839610621058359e-01,9.809839609381695302e-01,9.809830983658576198e-01,9.809559164910007789e-01,9.809559112892844990e-01,9.809830820369650484e-01,9.809839058969650472e-01,9.809836965544084242e-01,9.809804651193729796e-01,9.809048879080165539e-01,9.999999999999983347e-01,9.809048889557949735e-01,9.809804686901202331e-01,9.809837102358034411e-01,9.809839825852837425e-01,9.809839580068004938e-01,9.809830961548124950e-01,9.809559162533407761e-01,9.809559164910006679e-01,9.809830983658578418e-01,9.809839609381694192e-01,9.809839610621057249e-01,9.809830987931887902e-01,9.809559174444926199e-01,9.809559162533407761e-01,9.809830961548122730e-01,9.809839580068003828e-01,9.809839825852837425e-01,9.809837102358033301e-01,9.809804686901202331e-01,9.809048889557949735e-01,9.999999999999983347e-01,9.809048879080164429e-01,9.809804651193729796e-01,9.809836965544085352e-01,9.809839058969650472e-01,9.809830820369651594e-01,9.809559112892842769e-01,9.809559133724466973e-01,9.809830963804785364e-01,9.809839594715529243e-01,9.809839598986843656e-01,9.809830978777219768e-01,9.809559168358558123e-01,9.809559172805756289e-01,9.809831000632944775e-01,9.809839710840866367e-01,9.809840336553262707e-01,9.809839952269061580e-01,9.809837127662626166e-01,9.809804686901202331e-01,9.809048879080164429e-01,9.999999999999983347e-01,9.809048832619164937e-01,9.809804503953052368e-01,9.809836188250539157e-01,9.809830288840163393e-01,9.809558960888740131e-01,9.809559048012228555e-01,9.809830907491109420e-01,9.809839549562681116e-01,9.809839559016982902e-01,9.809830941839419172e-01,9.809559133915367601e-01,9.809559146592291556e-01,9.809830985531498015e-01,9.809839724617740453e-01,9.809840442021318108e-01,9.809840437665009460e-01,9.809839952269060470e-01,9.809837102358034411e-01,9.809804651193729796e-01,9.809048832619164937e-01,9.999999999999983347e-01,9.809048658735897153e-01,9.809803701181808444e-01,9.809827392633159171e-01,9.809558402589619863e-01,9.809558768126876993e-01,9.809830721136209020e-01,9.809839392149637405e-01,9.809839412752973109e-01,9.809830800757918245e-01,9.809558995870655274e-01,9.809559014068657268e-01,9.809830858173764767e-01,9.809839608402992628e-01,9.809840354686298891e-01,9.809840442021319218e-01,9.809840336553262707e-01,9.809839825852837425e-01,9.809836965544085352e-01,9.809804503953052368e-01,9.809048658735897153e-01,9.999999999999983347e-01,9.809047747845857090e-01,9.809794802471317743e-01,9.809555398002541837e-01,9.809557470120189304e-01,9.809829812716064357e-01,9.809838575758011991e-01,9.809838625270529411e-01,9.809830024424595063e-01,9.809558224729711950e-01,9.809558248449389284e-01,9.809830095566075547e-01,9.809838850976074776e-01,9.809839608402991518e-01,9.809839724617739343e-01,9.809839710840865257e-01,9.809839580068004938e-01,9.809839058969650472e-01,9.809836188250539157e-01,9.809803701181808444e-01,9.809047747845857090e-01,9.999999999999983347e-01,9.809038145290972510e-01,9.809522104794903274e-01,9.809545742431917681e-01,9.809820527714051552e-01,9.809829674483228068e-01,9.809829816024775440e-01,9.809821244127052697e-01,9.809549455804991158e-01,9.809549487763049580e-01,9.809821337131704455e-01,9.809830095566077768e-01,9.809830858173765877e-01,9.809830985531500236e-01,9.809831000632945885e-01,9.809830961548124950e-01,9.809830820369651594e-01,9.809830288840163393e-01,9.809827392633159171e-01,9.809794802471317743e-01,9.809038145290972510e-01,9.999999999999983347e-01,9.808755261281687510e-01,9.809238451102721967e-01,9.809545703215134527e-01,9.809557292674616624e-01,9.809557823823632505e-01,9.809549345695715017e-01,9.809277594237307829e-01,9.809277642822448184e-01,9.809549487763046249e-01,9.809558248449388174e-01,9.809559014068655047e-01,9.809559146592290446e-01,9.809559172805754068e-01,9.809559162533407761e-01,9.809559112892842769e-01,9.809558960888740131e-01,9.809558402589619863e-01,9.809555398002541837e-01,9.809522104794903274e-01,9.808755261281687510e-01,9.999999999999983347e-01
9.999999999999988898e-01,9.810261186791896515e-01,9.810995249173369848e-01,9.811035667297399732e-01,9.810998118221708753e-01,9.809946288969081385e-01,9.809946635694990480e-01,9.810999349128323166e-01,9.811041075500969155e-01,9.811044780990175740e-01,9.811045455471006926e-01,9.811045631057564442e-01,9.811045677001115628e-01,9.811045663936407424e-01,9.811045583691686556e-01,9.811045338530395288e-01,9.811044473931120891e-01,9.811040077572094065e-01,9.810994492948487133e-01,9.809893838999907967e-01,9.810261186791896515e-01,9.999999999999988898e-01,9.811363653004187002e-01,9.812048415100782517e-01,9.812047294013995780e-01,9.810998118221710973e-01,9.810999057964930881e-01,9.812051924194497010e-01,9.812093669742431024e-01,9.812097382480408081e-01,9.812098061099956414e-01,9.812098240108778624e-01,9.812098290305694137e-01,9.812098284554446881e-01,9.812098219987329673e-01,9.812098015092022285e-01,9.812097276488557229e-01,9.812093390958263051e-01,9.812050992326658561e-01,9.810994298370993016e-01,9.810995249173369848e-01,9.811363653004187002e-01,9.999999999999988898e-01,9.811405018025880498e-01,9.812048415100781407e-01,9.811035667297399732e-01,9.811039899774307571e-01,9.812092896440542944e-01,9.812134680403544751e-01,9.812138407956519925e-01,9.812139093502056930e-01,9.812139276582260150e-01,9.812139330118299085e-01,9.812139328451661147e-01,9.812139270845217087e-01,9.812139080836944638e-01,9.812138380485846412e-01,9.812134614903360585e-01,9.812092710978728149e-01,9.811039203090270444e-01,9.811035667297399732e-01,9.812048415100782517e-01,9.811405018025880498e-01,9.999999999999988898e-01,9.811363653004183671e-01,9.810995249173368737e-01,9.811039203090270444e-01,9.812092710978729260e-01,9.812134614903362806e-01,9.812138380485846412e-01,9.812139080836945748e-01,9.812139270845217087e-01,9.812139328451663367e-01,9.812139330118299085e-01,9.812139276582260150e-01,9.812139093502055820e-01,9.812138407956519925e-01,9.812134680403542530e-01,9.812092896440542944e-01,9.811039899774306461e-01,9.810998118221708753e-01,9.812047294013995780e-01,9.812048415100781407e-01,9.811363653004183671e-01,9.999999999999988898e-01,9.810261186791893184e-01,9.810994298370991906e-01,9.812050992326658561e-01,9.812093390958265271e-01,9.812097276488555009e-01,9.812098015092022285e-01,9.812098219987329673e-01,9.812098284554445771e-01,9.812098290305691917e-01,9.812098240108777514e-01,9.812098061099954194e-01,9.812097382480405861e-01,9.812093669742428803e-01,9.812051924194494790e-01,9.810999057964926440e-01,9.809946288969081385e-01,9.810998118221710973e-01,9.811035667297399732e-01,9.810995249173368737e-01,9.810261186791893184e-01,9.999999999999988898e-01,9.809893838999906857e-01,9.810994492948487133e-01,9.811040077572096285e-01,9.811044473931118670e-01,9.811045338530396398e-01,9.811045583691685446e-01,9.811045663936407424e-01,9.811045677001115628e-01,9.811045631057563332e-01,9.811045455471006926e-01,9.811044780990173519e-01,9.811041075500966935e-01,9.810999349128323166e-01,9.809946635694988260e-01,9.809946635694990480e-01,9.810999057964930881e-01,9.811039899774307571e-01,9.811039203090270444e-01,9.810994298370991906e-01,9.809893838999906857e-01,9.999999999999988898e-01,9.810261567276682415e-01,9.810996307114848713e-01,9.811040424593127085e-01,9.811044582214198950e-01,9.811045423754649608e-01,9.811045661582465938e-01,9.811045727896982038e-01,9.811045703901793980e-01,9.811045539430693907e-01,9.811044872435285003e-01,9.811041174435498613e-01,9.810999459238594067e-01,9.809946769062020122e-01,9.810999349128323166e-01,9.812051924194497010e-01,9.812092896440542944e-01,9.812092710978729260e-01,9.812050992326658561e-01,9.810994492948487133e-01,9.810261567276682415e-01,9.999999999999988898e-01,9.811364915032299017e-01,9.812053369977967732e-01,9.812093959709589086e-01,9.812097575194904664e-01,9.812098281959942270e-01,9.812098465211682718e-01,9.812098478656170464e-01,9.812098328751023280e-01,9.812097668525857630e-01,9.812093974194492363e-01,9.812052257932694088e-01,9.810999459238596287e-01,9.811041075500969155e-01,9.812093669742431024e-01,9.812134680403544751e-01,9.812134614903362806e-01,9.812093390958265271e-01,9.811040077572096285e-01,9.810996307114848713e-01,9.811364915032299017e-01,9.999999999999988898e-01,9.811410695000588600e-01,9.812095785240267931e-01,9.812135857650760018e-01,9.812139345734528506e-01,9.812140000253625205e-01,9.812140131526279063e-01,9.812140019455085627e-01,9.812139373992416758e-01,9.812135686562252213e-01,9.812093974194494583e-01,9.811041174435500833e-01,9.811044780990175740e-01,9.812097382480408081e-01,9.812138407956519925e-01,9.812138380485846412e-01,9.812097276488555009e-01,9.811044473931118670e-01,9.811040424593127085e-01,9.812053369977967732e-01,9.811410695000588600e-01,9.999999999999988898e-01,9.811415102795243426e-01,9.812099664833251467e-01,9.812139609815057062e-01,9.812143045862319335e-01,9.812143648479296765e-01,9.812143654267430071e-01,9.812143046652889167e-01,9.812139373992412317e-01,9.812097668525855410e-01,9.811044872435283892e-01,9.811045455471006926e-01,9.812098061099956414e-01,9.812139093502056930e-01,9.812139080836945748e-01,9.812098015092022285e-01,9.811045338530396398e-01,9.811044582214198950e-01,9.812093959709589086e-01,9.812095785240267931e-01,9.811415102795243426e-01,9.999999999999988898e-01,9.811415959794775876e-01,9.812100389987498117e-01,9.812140282738253116e-01,9.812143666885285720e-01,9.812144144021119896e-01,9.812143654267431181e-01,9.812140019455083406e-01,9.812098328751022169e-01,9.811045539430693907e-01,9.811045631057564442e-01,9.812098240108778624e-01,9.812139276582260150e-01,9.812139270845217087e-01,9.812098219987329673e-01,9.811045583691685446e-01,9.811045423754649608e-01,9.812097575194904664e-01,9.812135857650760018e-01,9.812099664833251467e-01,9.811415959794775876e-01,9.999999999999988898e-01,9.811416190835392515e-01,9.812100567430105391e-01,9.812140408220650922e-01,9.812143666885283499e-01,9.812143648479296765e-01,9.812140131526276843e-01,9.812098478656169354e-01,9.811045703901793980e-01,9.811045677001115628e-01,9.812098290305694137e-01,9.812139330118299085e-01,9.812139328451663367e-01,9.812098284554445771e-01,9.811045663936407424e-01,9.811045661582465938e-01,9.812098281959942270e-01,9.812139345734528506e-01,9.812139609815057062e-01,9.812100389987498117e-01,9.811416190835392515e-01,9.999999999999988898e-01,9.811416243118690206e-01,9.812100567430105391e-01,9.812140282738254227e-01,9.812143045862322666e-01,9.812140000253624095e-01,9.812098465211682718e-01,9.811045727896983148e-01,9.811045663936407424e-01,9.812098284554446881e-01,9.812139328451661147e-01,9.812139330118299085e-01,9.812098290305691917e-01,9.811045677001115628e-01,9.811045727896982038e-01,9.812098465211682718e-01,9.812140000253625205e-01,9.812143045862319335e-01,9.812140282738253116e-01,9.812100567430105391e-01,9.811416243118690206e-01,9.999999999999988898e-01,9.811416190835391404e-01,9.812100389987495896e-01,9.812139609815055952e-01,9.812139345734526286e-01,9.812098281959941160e-01,9.811045661582464827e-01,9.811045583691686556e-01,9.812098219987329673e-01,9.812139270845217087e-01,9.812139276582260150e-01,9.812098240108777514e-01,9.811045631057563332e-01,9.811045703901793980e-01,9.812098478656170464e-01,9.812140131526279063e-01,9.812143648479296765e-01,9.812143666885285720e-01,9.812140408220650922e-01,9.812100567430105391e-01,9.811416190835391404e-01,9.999999999999988898e-01,9.811415959794773656e-01,9.812099664833250356e-01,9.812135857650757798e-01,9.812097575194901333e-01,9.811045423754647388e-01,9.811045338530395288e-01,9.812098015092022285e-01,9.812139080836944638e-01,9.812139093502055820e-01,9.812098061099954194e-01,9.811045455471006926e-01,9.811045539430693907e-01,9.812098328751023280e-01,9.812140019455085627e-01,9.812143654267430071e-01,9.812144144021119896e-01,9.812143666885283499e-01,9.812140282738254227e-01,9.812100389987495896e-01,9.811415959794773656e-01,9.999999999999988898e-01,9.811415102795242316e-01,9.812095785240264600e-01,9.812093959709587976e-01,9.811044582214197840e-01,9.811044473931120891e-01,9.812097276488557229e-01,9.812138380485846412e-01,9.812138407956519925e-01,9.812097382480405861e-01,9.811044780990173519e-01,9.811044872435285003e-01,9.812097668525857630e-01,9.812139373992416758e-01,9.812143046652889167e-01,9.812143654267431181e-01,9.812143648479296765e-01,9.812143045862322666e-01,9.812139609815055952e-01,9.812099664833250356e-01,9.811415102795242316e-01,9.999999999999988898e-01,9.811410695000584159e-01,9.812053369977967732e-01,9.811040424593124865e-01,9.811040077572094065e-01,9.812093390958263051e-01,9.812134614903360585e-01,9.812134680403542530e-01,9.812093669742428803e-01,9.811041075500966935e-01,9.811041174435498613e-01,9.812093974194492363e-01,9.812135686562252213e-01,9.812139373992412317e-01,9.812140019455083406e-01,9.812140131526276843e-01,9.812140000253624095e-01,9.812139345734526286e-01,9.812135857650757798e-01,9.812095785240264600e-01,9.811410695000584159e-01,9.999999999999988898e-01,9.811364915032299017e-01,9.810996307114848713e-01,9.810994492948487133e-01,9.812050992326658561e-01,9.812092710978728149e-01,9.812092896440542944e-01,9.812051924194494790e-01,9.810999349128323166e-01,9.810999459238594067e-01,9.812052257932694088e-01,9.812093974194494583e-01,9.812097668525855410e-01,9.812098328751022169e-01,9.812098478656169354e-01,9.812098465211682718e-01,9.812098281959941160e-01,9.812097575194901333e-01,9.812093959709587976e-01,9.812053369977967732e-01,9.811364915032299017e-01,9.999999999999988898e-01,9.810261567276683525e-01,9.809893838999907967e-01,9.810994298370993016e-01,9.811039203090270444e-01,9.811039899774306461e-01,9.810999057964926440e-01,9.809946635694988260e-01,9.809946769062020122e-01,9.810999459238596287e-01,9.811041174435500833e-01,9.811044872435283892e-01,9.811045539430693907e-01,9.811045703901793980e-01,9.811045727896983148e-01,9.811045661582464827e-01,9.811045423754647388e-01,9.811044582214197840e-01,9.811040424593124865e-01,9.810996307114848713e-01,9.810261567276683525e-01,9.999999999999988898e-01
