1.000000000000000000e+00,1.000000000000000000e+00,1.000000000000000000e+00,1.000000000000000000e+00,1.000000000000000000e+00,1.000000000000000000e+00,1.000000000000000000e+00,1.000000000000000000e+00,1.000000000000000000e+00,1.000000000000000000e+00,1.000000000000000000e+00,1.000000000000000000e+00,1.000000000000000000e+00,1.000000000000000000e+00,1.000000000000000000e+00,1.000000000000000000e+00,1.000000000000000000e+00,1.000000000000000000e+00,1.000000000000000000e+00,1.000000000000000000e+00,1.000000000000000000e+00,1.000000000000000000e+00,1.000000000000000000e+00,1.000000000000000000e+00,1.000000000000000000e+00,1.000000000000000000e+00,1.000000000000000000e+00,1.000000000000000000e+00,1.000000000000000000e+00,1.000000000000000000e+00,1.000000000000000000e+00,1.000000000000000000e+00,1.000000000000000000e+00,1.000000000000000000e+00,1.000000000000000000e+00,1.000000000000000000e+00,1.000000000000000000e+00,1.000000000000000000e+00,1.000000000000000000e+00,1.000000000000000000e+00,1.000000000000000000e+00,1.000000000000000000e+00,1.000000000000000000e+00,1.000000000000000000e+00,1.000000000000000000e+00,1.000000000000000000e+00,1.000000000000000000e+00,1.000000000000000000e+00,1.000000000000000000e+00,1.000000000000000000e+00,1.000000000000000000e+00,1.000000000000000000e+00,1.000000000000000000e+00,1.000000000000000000e+00,1.000000000000000000e+00,1.000000000000000000e+00,1.000000000000000000e+00,1.000000000000000000e+00,1.000000000000000000e+00,1.000000000000000000e+00,1.000000000000000000e+00,1.000000000000000000e+00,1.000000000000000000e+00,1.000000000000000000e+00,1.000000000000000000e+00,1.000000000000000000e+00,1.000000000000000000e+00,1.000000000000000000e+00,1.000000000000000000e+00,1.000000000000000000e+00,1.000000000000000000e+00,1.000000000000000000e+00,1.000000000000000000e+00,1.000000000000000000e+00,1.000000000000000000e+00,1.000000000000000000e+00,1.000000000000000000e+00,1.000000000000000000e+00,1.000000000000000000e+00,1.000000000000000000e+00,1.000000000000000000e+00,1.000000000000000000e+00,1.000000000000000000e+00,1.000000000000000000e+00,1.000000000000000000e+00,1.000000000000000000e+00,1.000000000000000000e+00,1.000000000000000000e+00,1.000000000000000000e+00,1.000000000000000000e+00,1.000000000000000000e+00,1.000000000000000000e+00,1.000000000000000000e+00,1.000000000000000000e+00,1.000000000000000000e+00,1.000000000000000000e+00,1.000000000000000000e+00,1.000000000000000000e+00,1.000000000000000000e+00,1.000000000000000000e+00,1.000000000000000000e+00,1.000000000000000000e+00,1.000000000000000000e+00,1.000000000000000000e+00,1.000000000000000000e+00,1.000000000000000000e+00,1.000000000000000000e+00,1.000000000000000000e+00,1.000000000000000000e+00,1.000000000000000000e+00,1.000000000000000000e+00,1.000000000000000000e+00,1.000000000000000000e+00,1.000000000000000000e+00,1.000000000000000000e+00,1.000000000000000000e+00,1.000000000000000000e+00,1.000000000000000000e+00,1.000000000000000000e+00,1.000000000000000000e+00,1.000000000000000000e+00,1.000000000000000000e+00,1.000000000000000000e+00,1.000000000000000000e+00,1.000000000000000000e+00,1.000000000000000000e+00,1.000000000000000000e+00,1.000000000000000000e+00,1.000000000000000000e+00,1.000000000000000000e+00,1.000000000000000000e+00,1.000000000000000000e+00,1.000000000000000000e+00,1.000000000000000000e+00,1.000000000000000000e+00,1.000000000000000000e+00,1.000000000000000000e+00,1.000000000000000000e+00,1.000000000000000000e+00,1.000000000000000000e+00,1.000000000000000000e+00,1.000000000000000000e+00,1.000000000000000000e+00,1.000000000000000000e+00,1.000000000000000000e+00,1.000000000000000000e+00,1.000000000000000000e+00,1.000000000000000000e+00,1.000000000000000000e+00,1.000000000000000000e+00,1.000000000000000000e+00,1.000000000000000000e+00,1.000000000000000000e+00,1.000000000000000000e+00,1.000000000000000000e+00,1.000000000000000000e+00,1.000000000000000000e+00,1.000000000000000000e+00,1.000000000000000000e+00,1.000000000000000000e+00,1.000000000000000000e+00,1.000000000000000000e+00,1.000000000000000000e+00,1.000000000000000000e+00,1.000000000000000000e+00,1.000000000000000000e+00,1.000000000000000000e+00,1.000000000000000000e+00,1.000000000000000000e+00,1.000000000000000000e+00,1.000000000000000000e+00,1.000000000000000000e+00,1.000000000000000000e+00,1.000000000000000000e+00,1.000000000000000000e+00,1.000000000000000000e+00,1.000000000000000000e+00,1.000000000000000000e+00,1.000000000000000000e+00,1.000000000000000000e+00,1.000000000000000000e+00,1.000000000000000000e+00,1.000000000000000000e+00,1.000000000000000000e+00,1.000000000000000000e+00,1.000000000000000000e+00,1.000000000000000000e+00,1.000000000000000000e+00,1.000000000000000000e+00,1.000000000000000000e+00,1.000000000000000000e+00,1.000000000000000000e+00,1.000000000000000000e+00,1.000000000000000000e+00,1.000000000000000000e+00,1.000000000000000000e+00,1.000000000000000000e+00,1.000000000000000000e+00,1.000000000000000000e+00,1.000000000000000000e+00,1.000000000000000000e+00,1.000000000000000000e+00,1.000000000000000000e+00,1.000000000000000000e+00,1.000000000000000000e+00,1.000000000000000000e+00,1.000000000000000000e+00,1.000000000000000000e+00,1.000000000000000000e+00,1.000000000000000000e+00,1.000000000000000000e+00,1.000000000000000000e+00,1.000000000000000000e+00,1.000000000000000000e+00,1.000000000000000000e+00,1.000000000000000000e+00,1.000000000000000000e+00,1.000000000000000000e+00,1.000000000000000000e+00,1.000000000000000000e+00,1.000000000000000000e+00,1.000000000000000000e+00,1.000000000000000000e+00,1.000000000000000000e+00,1.000000000000000000e+00,1.000000000000000000e+00,1.000000000000000000e+00,1.000000000000000000e+00,1.000000000000000000e+00,1.000000000000000000e+00,1.000000000000000000e+00,1.000000000000000000e+00,1.000000000000000000e+00,1.000000000000000000e+00,1.000000000000000000e+00,1.000000000000000000e+00,1.000000000000000000e+00,1.000000000000000000e+00,1.000000000000000000e+00,1.000000000000000000e+00,1.000000000000000000e+00,1.000000000000000000e+00,1.000000000000000000e+00,1.000000000000000000e+00,1.000000000000000000e+00,1.000000000000000000e+00,1.000000000000000000e+00,1.000000000000000000e+00,1.000000000000000000e+00,1.000000000000000000e+00,1.000000000000000000e+00,1.000000000000000000e+00,1.000000000000000000e+00,1.000000000000000000e+00,1.000000000000000000e+00,1.000000000000000000e+00,1.000000000000000000e+00,1.000000000000000000e+00,1.000000000000000000e+00,1.000000000000000000e+00,1.000000000000000000e+00,1.000000000000000000e+00,1.000000000000000000e+00,1.000000000000000000e+00,1.000000000000000000e+00,1.000000000000000000e+00,1.000000000000000000e+00,1.000000000000000000e+00,1.000000000000000000e+00,1.000000000000000000e+00,1.000000000000000000e+00,1.000000000000000000e+00,1.000000000000000000e+00,1.000000000000000000e+00,1.000000000000000000e+00,1.000000000000000000e+00,1.000000000000000000e+00,1.000000000000000000e+00,1.000000000000000000e+00,1.000000000000000000e+00,1.000000000000000000e+00,1.000000000000000000e+00,1.000000000000000000e+00,1.000000000000000000e+00,1.000000000000000000e+00,1.000000000000000000e+00,1.000000000000000000e+00,1.000000000000000000e+00,1.000000000000000000e+00,1.000000000000000000e+00,1.000000000000000000e+00,1.000000000000000000e+00,1.000000000000000000e+00,1.000000000000000000e+00,1.000000000000000000e+00,1.000000000000000000e+00,1.000000000000000000e+00,1.000000000000000000e+00,1.000000000000000000e+00,1.000000000000000000e+00,1.000000000000000000e+00,1.000000000000000000e+00,1.000000000000000000e+00,1.000000000000000000e+00,1.000000000000000000e+00,1.000000000000000000e+00,1.000000000000000000e+00,1.000000000000000000e+00,1.000000000000000000e+00,1.000000000000000000e+00,1.000000000000000000e+00,1.000000000000000000e+00,1.000000000000000000e+00,1.000000000000000000e+00,1.000000000000000000e+00,1.000000000000000000e+00,1.000000000000000000e+00,1.000000000000000000e+00,1.000000000000000000e+00,1.000000000000000000e+00,1.000000000000000000e+00,1.000000000000000000e+00,1.000000000000000000e+00,1.000000000000000000e+00,1.000000000000000000e+00,1.000000000000000000e+00,1.000000000000000000e+00,1.000000000000000000e+00,1.000000000000000000e+00,1.000000000000000000e+00,1.000000000000000000e+00,1.000000000000000000e+00,1.000000000000000000e+00,1.000000000000000000e+00,1.000000000000000000e+00,1.000000000000000000e+00,1.000000000000000000e+00,1.000000000000000000e+00,1.000000000000000000e+00,1.000000000000000000e+00,1.000000000000000000e+00,1.000000000000000000e+00,1.000000000000000000e+00,1.000000000000000000e+00,1.000000000000000000e+00,1.000000000000000000e+00,1.000000000000000000e+00,1.000000000000000000e+00,1.000000000000000000e+00,1.000000000000000000e+00,1.000000000000000000e+00,1.000000000000000000e+00,1.000000000000000000e+00,1.000000000000000000e+00,1.000000000000000000e+00,1.000000000000000000e+00,1.000000000000000000e+00,1.000000000000000000e+00,1.000000000000000000e+00,1.000000000000000000e+00,1.000000000000000000e+00,1.000000000000000000e+00,1.000000000000000000e+00,1.000000000000000000e+00,1.000000000000000000e+00,1.000000000000000000e+00,1.000000000000000000e+00,1.000000000000000000e+00,1.000000000000000000e+00,1.000000000000000000e+00,1.000000000000000000e+00,1.000000000000000000e+00,1.000000000000000000e+00,1.000000000000000000e+00,1.000000000000000000e+00,1.000000000000000000e+00,1.000000000000000000e+00,1.000000000000000000e+00,1.000000000000000000e+00,1.000000000000000000e+00,1.000000000000000000e+00,1.000000000000000000e+00,1.000000000000000000e+00,1.000000000000000000e+00,1.000000000000000000e+00,1.000000000000000000e+00,1.000000000000000000e+00,1.000000000000000000e+00,1.000000000000000000e+00,1.000000000000000000e+00,1.000000000000000000e+00,1.000000000000000000e+00,1.000000000000000000e+00,1.000000000000000000e+00,1.000000000000000000e+00,1.000000000000000000e+00,1.000000000000000000e+00,1.000000000000000000e+00,1.000000000000000000e+00,1.000000000000000000e+00
9.999999999999975575e-01,9.949005256985854473e-01,9.949053659504965008e-01,9.949054470067344447e-01,9.949054541310511368e-01,9.949054553645255705e-01,9.949054555049935411e-01,9.949054544478140860e-01,9.949054407038647740e-01,9.949045478389988428e-01,9.949045478517335450e-01,9.949054407356007212e-01,9.949054545174098596e-01,9.949054556677430217e-01,9.949054558096730450e-01,9.949054556945071681e-01,9.949054551741227659e-01,9.949054527654977997e-01,9.949054320039936172e-01,9.949044569372488267e-01,9.949005256985854473e-01,9.999999999999975575e-01,9.949014338429135185e-01,9.949062600289125813e-01,9.949063400862263595e-01,9.949063470191261693e-01,9.949063480625377487e-01,9.949063472203890646e-01,9.949063335436886257e-01,9.949054407038646630e-01,9.949054407356006102e-01,9.949063336260027812e-01,9.949063474148418518e-01,9.949063485771947324e-01,9.949063487450422461e-01,9.949063486973183101e-01,9.949063483925981721e-01,9.949063468902568097e-01,9.949063318648785348e-01,9.949054320039938393e-01,9.949053659504965008e-01,9.949014338429135185e-01,9.999999999999975575e-01,9.949014488221258334e-01,9.949062740101785041e-01,9.949063538779160387e-01,9.949063606211147048e-01,9.949063606820172101e-01,9.949063472203889535e-01,9.949054544478138640e-01,9.949054545174097486e-01,9.949063474148418518e-01,9.949063612094055653e-01,9.949063623787647304e-01,9.949063625586072046e-01,9.949063625367446928e-01,9.949063622993111755e-01,9.949063610120844059e-01,9.949063468902568097e-01,9.949054527654976887e-01,9.949054470067344447e-01,9.949062600289125813e-01,9.949014488221258334e-01,9.999999999999975575e-01,9.949014501854297476e-01,9.949062751823863904e-01,9.949063548604254459e-01,9.949063606211148159e-01,9.949063480625376377e-01,9.949054555049935411e-01,9.949054556677429106e-01,9.949063485771947324e-01,9.949063623787648414e-01,9.949063635538483164e-01,9.949063637406969640e-01,9.949063637308287467e-01,9.949063635192552102e-01,9.949063622993108424e-01,9.949063483925982831e-01,9.949054551741227659e-01,9.949054541310511368e-01,9.949063400862263595e-01,9.949062740101785041e-01,9.949014501854297476e-01,9.999999999999975575e-01,9.949014503753311756e-01,9.949062751823863904e-01,9.949063538779158167e-01,9.949063470191259473e-01,9.949054553645254595e-01,9.949054558096729339e-01,9.949063487450422461e-01,9.949063625586073156e-01,9.949063637406968530e-01,9.949063639332700326e-01,9.949063639304077666e-01,9.949063637308286356e-01,9.949063625367444708e-01,9.949063486973184212e-01,9.949054556945072791e-01,9.949054553645255705e-01,9.949063470191261693e-01,9.949063538779160387e-01,9.949062751823863904e-01,9.949014503753311756e-01,9.999999999999975575e-01,9.949014501854296366e-01,9.949062740101786151e-01,9.949063400862264706e-01,9.949054541310512478e-01,9.949054556945073902e-01,9.949063486973184212e-01,9.949063625367446928e-01,9.949063637308287467e-01,9.949063639304078777e-01,9.949063639332700326e-01,9.949063637406969640e-01,9.949063625586072046e-01,9.949063487450422461e-01,9.949054558096730450e-01,9.949054555049935411e-01,9.949063480625377487e-01,9.949063606211147048e-01,9.949063548604254459e-01,9.949062751823863904e-01,9.949014501854296366e-01,9.999999999999975575e-01,9.949014488221259445e-01,9.949062600289126923e-01,9.949054470067345557e-01,9.949054551741230989e-01,9.949063483925985052e-01,9.949063622993111755e-01,9.949063635192554322e-01,9.949063637308287467e-01,9.949063637406970750e-01,9.949063635538482053e-01,9.949063623787647304e-01,9.949063485771947324e-01,9.949054556677430217e-01,9.949054544478140860e-01,9.949063472203890646e-01,9.949063606820172101e-01,9.949063606211148159e-01,9.949063538779158167e-01,9.949062740101786151e-01,9.949014488221259445e-01,9.999999999999975575e-01,9.949014338429136295e-01,9.949053659504967229e-01,9.949054527654979108e-01,9.949063468902569207e-01,9.949063610120845169e-01,9.949063622993112865e-01,9.949063625367445818e-01,9.949063625586074266e-01,9.949063623787645083e-01,9.949063612094055653e-01,9.949063474148418518e-01,9.949054545174098596e-01,9.949054407038647740e-01,9.949063335436886257e-01,9.949063472203889535e-01,9.949063480625376377e-01,9.949063470191259473e-01,9.949063400862264706e-01,9.949062600289126923e-01,9.949014338429136295e-01,9.999999999999975575e-01,9.949005256985854473e-01,9.949054320039938393e-01,9.949063318648786458e-01,9.949063468902569207e-01,9.949063483925986162e-01,9.949063486973183101e-01,9.949063487450423571e-01,9.949063485771945103e-01,9.949063474148418518e-01,9.949063336260028922e-01,9.949054407356006102e-01,9.949045478389988428e-01,9.949054407038646630e-01,9.949054544478138640e-01,9.949054555049935411e-01,9.949054553645254595e-01,9.949054541310512478e-01,9.949054470067345557e-01,9.949053659504967229e-01,9.949005256985854473e-01,9.999999999999975575e-01,9.949044569372489377e-01,9.949054320039937283e-01,9.949054527654979108e-01,9.949054551741229879e-01,9.949054556945073902e-01,9.949054558096731560e-01,9.949054556677427996e-01,9.949054545174098596e-01,9.949054407356004992e-01,9.949045478517334340e-01,9.949045478517335450e-01,9.949054407356006102e-01,9.949054545174097486e-01,9.949054556677429106e-01,9.949054558096729339e-01,9.949054556945073902e-01,9.949054551741230989e-01,9.949054527654979108e-01,9.949054320039938393e-01,9.949044569372489377e-01,9.999999999999975575e-01,9.949005256985853363e-01,9.949053659504967229e-01,9.949054470067345557e-01,9.949054541310512478e-01,9.949054553645256815e-01,9.949054555049933191e-01,9.949054544478139750e-01,9.949054407038646630e-01,9.949045478389989539e-01,9.949054407356007212e-01,9.949063336260027812e-01,9.949063474148418518e-01,9.949063485771947324e-01,9.949063487450422461e-01,9.949063486973184212e-01,9.949063483925985052e-01,9.949063468902569207e-01,9.949063318648786458e-01,9.949054320039937283e-01,9.949005256985853363e-01,9.999999999999975575e-01,9.949014338429137405e-01,9.949062600289128033e-01,9.949063400862265816e-01,9.949063470191262804e-01,9.949063480625375266e-01,9.949063472203891756e-01,9.949063335436885147e-01,9.949054407038646630e-01,9.949054545174098596e-01,9.949063474148418518e-01,9.949063612094055653e-01,9.949063623787648414e-01,9.949063625586073156e-01,9.949063625367446928e-01,9.949063622993111755e-01,9.949063610120845169e-01,9.949063468902569207e-01,9.949054527654979108e-01,9.949053659504967229e-01,9.949014338429137405e-01,9.999999999999975575e-01,9.949014488221261665e-01,9.949062740101786151e-01,9.949063538779160387e-01,9.949063606211145938e-01,9.949063606820174321e-01,9.949063472203889535e-01,9.949054544478139750e-01,9.949054556677430217e-01,9.949063485771947324e-01,9.949063623787647304e-01,9.949063635538483164e-01,9.949063637406968530e-01,9.949063637308287467e-01,9.949063635192554322e-01,9.949063622993112865e-01,9.949063483925986162e-01,9.949054551741229879e-01,9.949054470067345557e-01,9.949062600289128033e-01,9.949014488221261665e-01,9.999999999999975575e-01,9.949014501854296366e-01,9.949062751823865014e-01,9.949063548604252238e-01,9.949063606211148159e-01,9.949063480625377487e-01,9.949054555049935411e-01,9.949054558096730450e-01,9.949063487450422461e-01,9.949063625586072046e-01,9.949063637406969640e-01,9.949063639332700326e-01,9.949063639304078777e-01,9.949063637308287467e-01,9.949063625367445818e-01,9.949063486973183101e-01,9.949054556945073902e-01,9.949054541310512478e-01,9.949063400862265816e-01,9.949062740101786151e-01,9.949014501854296366e-01,9.999999999999975575e-01,9.949014503753312866e-01,9.949062751823862794e-01,9.949063538779160387e-01,9.949063470191260583e-01,9.949054553645254595e-01,9.949054556945071681e-01,9.949063486973183101e-01,9.949063625367446928e-01,9.949063637308287467e-01,9.949063639304077666e-01,9.949063639332700326e-01,9.949063637406970750e-01,9.949063625586074266e-01,9.949063487450423571e-01,9.949054558096731560e-01,9.949054553645256815e-01,9.949063470191262804e-01,9.949063538779160387e-01,9.949062751823865014e-01,9.949014503753312866e-01,9.999999999999975575e-01,9.949014501854294146e-01,9.949062740101786151e-01,9.949063400862263595e-01,9.949054541310510258e-01,9.949054551741227659e-01,9.949063483925981721e-01,9.949063622993111755e-01,9.949063635192552102e-01,9.949063637308286356e-01,9.949063637406969640e-01,9.949063635538482053e-01,9.949063623787645083e-01,9.949063485771945103e-01,9.949054556677427996e-01,9.949054555049933191e-01,9.949063480625375266e-01,9.949063606211145938e-01,9.949063548604252238e-01,9.949062751823862794e-01,9.949014501854294146e-01,9.999999999999975575e-01,9.949014488221257224e-01,9.949062600289125813e-01,9.949054470067344447e-01,9.949054527654977997e-01,9.949063468902568097e-01,9.949063610120844059e-01,9.949063622993108424e-01,9.949063625367444708e-01,9.949063625586072046e-01,9.949063623787647304e-01,9.949063612094055653e-01,9.949063474148418518e-01,9.949054545174098596e-01,9.949054544478139750e-01,9.949063472203891756e-01,9.949063606820174321e-01,9.949063606211148159e-01,9.949063538779160387e-01,9.949062740101786151e-01,9.949014488221257224e-01,9.999999999999975575e-01,9.949014338429135185e-01,9.949053659504963898e-01,9.949054320039936172e-01,9.949063318648785348e-01,9.949063468902568097e-01,9.949063483925982831e-01,9.949063486973184212e-01,9.949063487450422461e-01,9.949063485771947324e-01,9.949063474148418518e-01,9.949063336260028922e-01,9.949054407356004992e-01,9.949054407038646630e-01,9.949063335436885147e-01,9.949063472203889535e-01,9.949063480625377487e-01,9.949063470191260583e-01,9.949063400862263595e-01,9.949062600289125813e-01,9.949014338429135185e-01,9.999999999999975575e-01,9.949005256985854473e-01,9.949044569372488267e-01,9.949054320039938393e-01,9.949054527654976887e-01,9.949054551741227659e-01,9.949054556945072791e-01,9.949054558096730450e-01,9.949054556677430217e-01,9.949054545174098596e-01,9.949054407356006102e-01,9.949045478517334340e-01,9.949045478389989539e-01,9.949054407038646630e-01,9.949054544478139750e-01,9.949054555049935411e-01,9.949054553645254595e-01,9.949054541310510258e-01,9.949054470067344447e-01,9.949053659504963898e-01,9.949005256985854473e-01,9.999999999999975575e-01
9.999999999999980016e-01,9.808755264870245849e-01,9.809522104808894305e-01,9.809555392365669757e-01,9.809558384434935441e-01,9.809558907036061148e-01,9.809558924356567289e-01,9.809558212790735476e-01,9.809549477573472620e-01,9.809277650027073969e-01,9.809277655559347497e-01,9.809549491324988102e-01,9.809558242900271452e-01,9.809558994571645485e-01,9.809559098069682292e-01,9.809559048055452868e-01,9.809558780687980262e-01,9.809557488332091291e-01,9.809545764190489292e-01,9.809238476426376252e-01,9.808755264870245849e-01,9.999999999999980016e-01,9.809038141716970305e-01,9.809794793272491598e-01,9.809827370917766354e-01,9.809830231426008851e-01,9.809830628268182418e-01,9.809830008218994868e-01,9.809821301570389451e-01,9.809549477573473730e-01,9.809549491324989212e-01,9.809821337132258456e-01,9.809830092018589909e-01,9.809830848972681538e-01,9.809830963806197568e-01,9.809830943191518715e-01,9.809830769354845881e-01,9.809829866585633162e-01,9.809820585130114567e-01,9.809545764190488182e-01,9.809522104808894305e-01,9.809038141716970305e-01,9.999999999999980016e-01,9.809047735001424906e-01,9.809803675914630094e-01,9.809836127288817931e-01,9.809838863320965441e-01,9.809838623190674234e-01,9.809830008218994868e-01,9.809558212790735476e-01,9.809558242900271452e-01,9.809830092018591019e-01,9.809838849393325289e-01,9.809839609382096093e-01,9.809839729403360131e-01,9.809839719949542403e-01,9.809839575054739580e-01,9.809838764314058324e-01,9.809829866585633162e-01,9.809557488332090180e-01,9.809555392365669757e-01,9.809794793272491598e-01,9.809047735001424906e-01,9.999999999999980016e-01,9.809048627577739987e-01,9.809804437326179460e-01,9.809836764240611462e-01,9.809838863320964331e-01,9.809830628268181307e-01,9.809558924356566179e-01,9.809558994571646595e-01,9.809830848972680428e-01,9.809839609382096093e-01,9.809840371849654073e-01,9.809840494902826169e-01,9.809840490631978049e-01,9.809840356886222468e-01,9.809839575054740690e-01,9.809830769354844771e-01,9.809558780687979151e-01,9.809558384434935441e-01,9.809827370917766354e-01,9.809803675914630094e-01,9.809048627577739987e-01,9.999999999999980016e-01,9.809048752859937936e-01,9.809804437326182791e-01,9.809836127288819041e-01,9.809830231426008851e-01,9.809558907036062259e-01,9.809559098069683403e-01,9.809830963806198678e-01,9.809839729403361241e-01,9.809840494902828389e-01,9.809840620434484570e-01,9.809840619195262512e-01,9.809840490631975829e-01,9.809839719949543513e-01,9.809830943191517605e-01,9.809559048055451758e-01,9.809558907036061148e-01,9.809830231426008851e-01,9.809836127288817931e-01,9.809804437326179460e-01,9.809048752859937936e-01,9.999999999999980016e-01,9.809048627577735546e-01,9.809803675914625654e-01,9.809827370917763023e-01,9.809558384434929890e-01,9.809559048055449537e-01,9.809830943191515384e-01,9.809839719949539072e-01,9.809840490631974719e-01,9.809840619195259181e-01,9.809840620434481240e-01,9.809840494902826169e-01,9.809839729403359021e-01,9.809830963806196458e-01,9.809559098069678962e-01,9.809558924356567289e-01,9.809830628268182418e-01,9.809838863320965441e-01,9.809836764240611462e-01,9.809804437326182791e-01,9.809048627577735546e-01,9.999999999999980016e-01,9.809047735001421575e-01,9.809794793272489377e-01,9.809555392365666426e-01,9.809558780687979151e-01,9.809830769354842550e-01,9.809839575054739580e-01,9.809840356886221358e-01,9.809840490631974719e-01,9.809840494902823949e-01,9.809840371849655183e-01,9.809839609382097203e-01,9.809830848972679318e-01,9.809558994571645485e-01,9.809558212790735476e-01,9.809830008218994868e-01,9.809838623190674234e-01,9.809838863320964331e-01,9.809836127288819041e-01,9.809803675914625654e-01,9.809047735001421575e-01,9.999999999999980016e-01,9.809038141716966974e-01,9.809522104808892085e-01,9.809557488332089070e-01,9.809829866585630942e-01,9.809838764314054993e-01,9.809839575054738470e-01,9.809839719949540182e-01,9.809839729403357911e-01,9.809839609382094983e-01,9.809838849393325289e-01,9.809830092018588799e-01,9.809558242900270342e-01,9.809549477573472620e-01,9.809821301570389451e-01,9.809830008218994868e-01,9.809830628268181307e-01,9.809830231426008851e-01,9.809827370917763023e-01,9.809794793272489377e-01,9.809038141716966974e-01,9.999999999999980016e-01,9.808755264870243629e-01,9.809545764190488182e-01,9.809820585130114567e-01,9.809829866585632052e-01,9.809830769354842550e-01,9.809830943191515384e-01,9.809830963806195347e-01,9.809830848972679318e-01,9.809830092018591019e-01,9.809821337132258456e-01,9.809549491324986992e-01,9.809277650027073969e-01,9.809549477573473730e-01,9.809558212790735476e-01,9.809558924356566179e-01,9.809558907036062259e-01,9.809558384434929890e-01,9.809555392365666426e-01,9.809522104808892085e-01,9.808755264870243629e-01,9.999999999999980016e-01,9.809238476426375142e-01,9.809545764190487072e-01,9.809557488332089070e-01,9.809558780687978041e-01,9.809559048055449537e-01,9.809559098069678962e-01,9.809558994571645485e-01,9.809558242900271452e-01,9.809549491324986992e-01,9.809277655559346387e-01,9.809277655559347497e-01,9.809549491324989212e-01,9.809558242900271452e-01,9.809558994571646595e-01,9.809559098069683403e-01,9.809559048055449537e-01,9.809558780687979151e-01,9.809557488332089070e-01,9.809545764190488182e-01,9.809238476426375142e-01,9.999999999999980016e-01,9.808755264870243629e-01,9.809522104808893195e-01,9.809555392365667537e-01,9.809558384434931000e-01,9.809558907036060038e-01,9.809558924356566179e-01,9.809558212790736587e-01,9.809549477573472620e-01,9.809277650027073969e-01,9.809549491324988102e-01,9.809821337132258456e-01,9.809830092018591019e-01,9.809830848972680428e-01,9.809830963806198678e-01,9.809830943191515384e-01,9.809830769354842550e-01,9.809829866585630942e-01,9.809820585130114567e-01,9.809545764190487072e-01,9.808755264870243629e-01,9.999999999999980016e-01,9.809038141716964754e-01,9.809794793272489377e-01,9.809827370917764133e-01,9.809830231426007741e-01,9.809830628268182418e-01,9.809830008218994868e-01,9.809821301570388341e-01,9.809549477573472620e-01,9.809558242900271452e-01,9.809830092018589909e-01,9.809838849393325289e-01,9.809839609382096093e-01,9.809839729403361241e-01,9.809839719949539072e-01,9.809839575054739580e-01,9.809838764314054993e-01,9.809829866585632052e-01,9.809557488332089070e-01,9.809522104808893195e-01,9.809038141716964754e-01,9.999999999999980016e-01,9.809047735001420465e-01,9.809803675914626764e-01,9.809836127288815710e-01,9.809838863320963220e-01,9.809838623190673124e-01,9.809830008218991537e-01,9.809558212790733256e-01,9.809558994571645485e-01,9.809830848972681538e-01,9.809839609382096093e-01,9.809840371849654073e-01,9.809840494902828389e-01,9.809840490631974719e-01,9.809840356886221358e-01,9.809839575054738470e-01,9.809830769354842550e-01,9.809558780687978041e-01,9.809555392365667537e-01,9.809794793272489377e-01,9.809047735001420465e-01,9.999999999999980016e-01,9.809048627577737767e-01,9.809804437326179460e-01,9.809836764240610352e-01,9.809838863320963220e-01,9.809830628268181307e-01,9.809558924356566179e-01,9.809559098069682292e-01,9.809830963806197568e-01,9.809839729403360131e-01,9.809840494902826169e-01,9.809840620434484570e-01,9.809840619195259181e-01,9.809840490631974719e-01,9.809839719949540182e-01,9.809830943191515384e-01,9.809559048055449537e-01,9.809558384434931000e-01,9.809827370917764133e-01,9.809803675914626764e-01,9.809048627577737767e-01,9.999999999999980016e-01,9.809048752859934606e-01,9.809804437326181681e-01,9.809836127288816821e-01,9.809830231426006630e-01,9.809558907036060038e-01,9.809559048055452868e-01,9.809830943191518715e-01,9.809839719949542403e-01,9.809840490631978049e-01,9.809840619195262512e-01,9.809840620434481240e-01,9.809840494902823949e-01,9.809839729403357911e-01,9.809830963806195347e-01,9.809559098069678962e-01,9.809558907036060038e-01,9.809830231426007741e-01,9.809836127288815710e-01,9.809804437326179460e-01,9.809048752859934606e-01,9.999999999999980016e-01,9.809048627577737767e-01,9.809803675914630094e-01,9.809827370917764133e-01,9.809558384434932110e-01,9.809558780687980262e-01,9.809830769354845881e-01,9.809839575054739580e-01,9.809840356886222468e-01,9.809840490631975829e-01,9.809840494902826169e-01,9.809840371849655183e-01,9.809839609382094983e-01,9.809830848972679318e-01,9.809558994571645485e-01,9.809558924356566179e-01,9.809830628268182418e-01,9.809838863320963220e-01,9.809836764240610352e-01,9.809804437326181681e-01,9.809048627577737767e-01,9.999999999999980016e-01,9.809047735001422685e-01,9.809794793272488267e-01,9.809555392365666426e-01,9.809557488332091291e-01,9.809829866585633162e-01,9.809838764314058324e-01,9.809839575054740690e-01,9.809839719949543513e-01,9.809839729403359021e-01,9.809839609382097203e-01,9.809838849393325289e-01,9.809830092018591019e-01,9.809558242900271452e-01,9.809558212790736587e-01,9.809830008218994868e-01,9.809838623190673124e-01,9.809838863320963220e-01,9.809836127288816821e-01,9.809803675914630094e-01,9.809047735001422685e-01,9.999999999999980016e-01,9.809038141716965864e-01,9.809522104808892085e-01,9.809545764190489292e-01,9.809820585130114567e-01,9.809829866585633162e-01,9.809830769354844771e-01,9.809830943191517605e-01,9.809830963806196458e-01,9.809830848972679318e-01,9.809830092018588799e-01,9.809821337132258456e-01,9.809549491324986992e-01,9.809549477573472620e-01,9.809821301570388341e-01,9.809830008218991537e-01,9.809830628268181307e-01,9.809830231426006630e-01,9.809827370917764133e-01,9.809794793272488267e-01,9.809038141716965864e-01,9.999999999999980016e-01,9.808755264870244739e-01,9.809238476426376252e-01,9.809545764190488182e-01,9.809557488332090180e-01,9.809558780687979151e-01,9.809559048055451758e-01,9.809559098069678962e-01,9.809558994571645485e-01,9.809558242900270342e-01,9.809549491324986992e-01,9.809277655559346387e-01,9.809277650027073969e-01,9.809549477573472620e-01,9.809558212790733256e-01,9.809558924356566179e-01,9.809558907036060038e-01,9.809558384434932110e-01,9.809555392365666426e-01,9.809522104808892085e-01,9.808755264870244739e-01,9.999999999999980016e-01
9.999999999999976685e-01,9.810261585469098877e-01,9.810996307366141034e-01,9.811040396537660246e-01,9.811044491646742083e-01,9.811045155860922407e-01,9.811044731525212503e-01,9.811041126475738006e-01,9.810999458688686170e-01,9.809946805502650635e-01,9.809946813075796079e-01,9.810999477298664173e-01,9.811041167026040011e-01,9.811044825324134466e-01,9.811045407242724448e-01,9.811045339407888921e-01,9.811044537321292891e-01,9.811040169268321343e-01,9.810994602447088431e-01,9.809893966594911419e-01,9.810261585469098877e-01,9.999999999999976685e-01,9.811364897104087879e-01,9.812053323858278553e-01,9.812093851089676022e-01,9.812097289232100117e-01,9.812097333762735962e-01,9.812093845254800106e-01,9.812052210424684340e-01,9.810999458688686170e-01,9.810999477298665283e-01,9.812052257945494960e-01,9.812093956396772398e-01,9.812097622402283781e-01,9.812098220069499499e-01,9.812098192519668194e-01,9.812097516435572819e-01,9.812093659214079500e-01,9.812051278383144837e-01,9.810994602447085100e-01,9.810996307366141034e-01,9.811364897104087879e-01,9.999999999999976685e-01,9.811410630597692251e-01,9.812095658758124284e-01,9.812135553874143934e-01,9.812138379725802162e-01,9.812135362466513078e-01,9.812093845254800106e-01,9.811041126475736895e-01,9.811041167026041121e-01,9.812093956396773509e-01,9.812135658371390345e-01,9.812139328477440525e-01,9.812139933108139367e-01,9.812139920446105723e-01,9.812139282614680269e-01,9.812135545340991971e-01,9.812093659214080610e-01,9.811040169268321343e-01,9.811040396537660246e-01,9.812053323858278553e-01,9.811410630597692251e-01,9.999999999999976685e-01,9.811414946841969797e-01,9.812099332584860445e-01,9.812138615454673030e-01,9.812138379725798831e-01,9.812097333762733742e-01,9.811044731525208062e-01,9.811044825324134466e-01,9.812097622402282671e-01,9.812139328477439415e-01,9.812143001918136598e-01,9.812143610619142864e-01,9.812143604885141812e-01,9.812142981859376389e-01,9.812139282614679159e-01,9.812097516435570599e-01,9.811044537321289560e-01,9.811044491646742083e-01,9.812093851089676022e-01,9.812095658758124284e-01,9.811414946841969797e-01,9.999999999999976685e-01,9.811415562067372642e-01,9.812099332584862665e-01,9.812135553874145044e-01,9.812097289232099007e-01,9.811045155860920186e-01,9.811045407242723337e-01,9.812098220069499499e-01,9.812139933108138257e-01,9.812143610619143974e-01,9.812144222651860703e-01,9.812144220986164234e-01,9.812143604885141812e-01,9.812139920446102392e-01,9.812098192519668194e-01,9.811045339407883370e-01,9.811045155860922407e-01,9.812097289232100117e-01,9.812135553874143934e-01,9.812099332584860445e-01,9.811415562067372642e-01,9.999999999999976685e-01,9.811414946841967577e-01,9.812095658758119843e-01,9.812093851089672691e-01,9.811044491646736532e-01,9.811045339407885590e-01,9.812098192519664863e-01,9.812139920446101282e-01,9.812143604885140702e-01,9.812144220986163123e-01,9.812144222651858483e-01,9.812143610619145084e-01,9.812139933108136036e-01,9.812098220069499499e-01,9.811045407242717786e-01,9.811044731525212503e-01,9.812097333762735962e-01,9.812138379725802162e-01,9.812138615454673030e-01,9.812099332584862665e-01,9.811414946841967577e-01,9.999999999999976685e-01,9.811410630597692251e-01,9.812053323858278553e-01,9.811040396537658026e-01,9.811044537321292891e-01,9.812097516435571709e-01,9.812139282614678049e-01,9.812142981859376389e-01,9.812143604885141812e-01,9.812143610619142864e-01,9.812143001918138818e-01,9.812139328477437195e-01,9.812097622402282671e-01,9.811044825324131136e-01,9.811041126475738006e-01,9.812093845254800106e-01,9.812135362466513078e-01,9.812138379725798831e-01,9.812135553874145044e-01,9.812095658758119843e-01,9.811410630597692251e-01,9.999999999999976685e-01,9.811364897104085658e-01,9.810996307366135483e-01,9.811040169268323563e-01,9.812093659214080610e-01,9.812135545340991971e-01,9.812139282614678049e-01,9.812139920446102392e-01,9.812139933108137146e-01,9.812139328477439415e-01,9.812135658371387015e-01,9.812093956396770178e-01,9.811041167026035570e-01,9.810999458688686170e-01,9.812052210424684340e-01,9.812093845254800106e-01,9.812097333762733742e-01,9.812097289232099007e-01,9.812093851089672691e-01,9.812053323858278553e-01,9.811364897104085658e-01,9.999999999999976685e-01,9.810261585469095547e-01,9.810994602447087320e-01,9.812051278383142616e-01,9.812093659214078389e-01,9.812097516435570599e-01,9.812098192519663753e-01,9.812098220069497279e-01,9.812097622402282671e-01,9.812093956396766847e-01,9.812052257945494960e-01,9.810999477298658622e-01,9.809946805502650635e-01,9.810999458688686170e-01,9.811041126475736895e-01,9.811044731525208062e-01,9.811045155860920186e-01,9.811044491646736532e-01,9.811040396537658026e-01,9.810996307366135483e-01,9.810261585469095547e-01,9.999999999999976685e-01,9.809893966594913639e-01,9.810994602447086210e-01,9.811040169268319122e-01,9.811044537321289560e-01,9.811045339407883370e-01,9.811045407242720007e-01,9.811044825324132246e-01,9.811041167026035570e-01,9.810999477298660842e-01,9.809946813075790528e-01,9.809946813075796079e-01,9.810999477298665283e-01,9.811041167026041121e-01,9.811044825324134466e-01,9.811045407242723337e-01,9.811045339407885590e-01,9.811044537321292891e-01,9.811040169268323563e-01,9.810994602447087320e-01,9.809893966594913639e-01,9.999999999999976685e-01,9.810261585469098877e-01,9.810996307366135483e-01,9.811040396537660246e-01,9.811044491646739862e-01,9.811045155860921296e-01,9.811044731525211393e-01,9.811041126475734675e-01,9.810999458688687280e-01,9.809946805502647305e-01,9.810999477298664173e-01,9.812052257945494960e-01,9.812093956396773509e-01,9.812097622402282671e-01,9.812098220069499499e-01,9.812098192519664863e-01,9.812097516435571709e-01,9.812093659214080610e-01,9.812051278383142616e-01,9.810994602447086210e-01,9.810261585469098877e-01,9.999999999999976685e-01,9.811364897104085658e-01,9.812053323858278553e-01,9.812093851089674912e-01,9.812097289232101227e-01,9.812097333762735962e-01,9.812093845254797886e-01,9.812052210424684340e-01,9.810999458688683950e-01,9.811041167026040011e-01,9.812093956396772398e-01,9.812135658371390345e-01,9.812139328477439415e-01,9.812139933108138257e-01,9.812139920446101282e-01,9.812139282614678049e-01,9.812135545340991971e-01,9.812093659214078389e-01,9.811040169268319122e-01,9.810996307366135483e-01,9.811364897104085658e-01,9.999999999999976685e-01,9.811410630597692251e-01,9.812095658758120953e-01,9.812135553874145044e-01,9.812138379725801052e-01,9.812135362466508637e-01,9.812093845254800106e-01,9.811041126475733565e-01,9.811044825324134466e-01,9.812097622402283781e-01,9.812139328477440525e-01,9.812143001918136598e-01,9.812143610619143974e-01,9.812143604885140702e-01,9.812142981859376389e-01,9.812139282614678049e-01,9.812097516435570599e-01,9.811044537321289560e-01,9.811040396537660246e-01,9.812053323858278553e-01,9.811410630597692251e-01,9.999999999999976685e-01,9.811414946841967577e-01,9.812099332584862665e-01,9.812138615454674140e-01,9.812138379725799942e-01,9.812097333762734852e-01,9.811044731525208062e-01,9.811045407242724448e-01,9.812098220069499499e-01,9.812139933108139367e-01,9.812143610619142864e-01,9.812144222651860703e-01,9.812144220986163123e-01,9.812143604885141812e-01,9.812139920446102392e-01,9.812098192519663753e-01,9.811045339407883370e-01,9.811044491646739862e-01,9.812093851089674912e-01,9.812095658758120953e-01,9.811414946841967577e-01,9.999999999999976685e-01,9.811415562067371532e-01,9.812099332584861555e-01,9.812135553874142824e-01,9.812097289232099007e-01,9.811045155860917966e-01,9.811045339407888921e-01,9.812098192519668194e-01,9.812139920446105723e-01,9.812143604885141812e-01,9.812144220986164234e-01,9.812144222651858483e-01,9.812143610619142864e-01,9.812139933108137146e-01,9.812098220069497279e-01,9.811045407242720007e-01,9.811045155860921296e-01,9.812097289232101227e-01,9.812135553874145044e-01,9.812099332584862665e-01,9.811415562067371532e-01,9.999999999999976685e-01,9.811414946841969797e-01,9.812095658758122063e-01,9.812093851089676022e-01,9.811044491646738752e-01,9.811044537321292891e-01,9.812097516435572819e-01,9.812139282614680269e-01,9.812142981859376389e-01,9.812143604885141812e-01,9.812143610619145084e-01,9.812143001918138818e-01,9.812139328477439415e-01,9.812097622402282671e-01,9.811044825324132246e-01,9.811044731525211393e-01,9.812097333762735962e-01,9.812138379725801052e-01,9.812138615454674140e-01,9.812099332584861555e-01,9.811414946841969797e-01,9.999999999999976685e-01,9.811410630597691140e-01,9.812053323858280773e-01,9.811040396537658026e-01,9.811040169268321343e-01,9.812093659214079500e-01,9.812135545340991971e-01,9.812139282614679159e-01,9.812139920446102392e-01,9.812139933108136036e-01,9.812139328477437195e-01,9.812135658371387015e-01,9.812093956396766847e-01,9.811041167026035570e-01,9.811041126475734675e-01,9.812093845254797886e-01,9.812135362466508637e-01,9.812138379725799942e-01,9.812135553874142824e-01,9.812095658758122063e-01,9.811410630597691140e-01,9.999999999999976685e-01,9.811364897104085658e-01,9.810996307366132152e-01,9.810994602447088431e-01,9.812051278383144837e-01,9.812093659214080610e-01,9.812097516435570599e-01,9.812098192519668194e-01,9.812098220069499499e-01,9.812097622402282671e-01,9.812093956396770178e-01,9.812052257945494960e-01,9.810999477298660842e-01,9.810999458688687280e-01,9.812052210424684340e-01,9.812093845254800106e-01,9.812097333762734852e-01,9.812097289232099007e-01,9.812093851089676022e-01,9.812053323858280773e-01,9.811364897104085658e-01,9.999999999999976685e-01,9.810261585469094436e-01,9.809893966594911419e-01,9.810994602447085100e-01,9.811040169268321343e-01,9.811044537321289560e-01,9.811045339407883370e-01,9.811045407242717786e-01,9.811044825324131136e-01,9.811041167026035570e-01,9.810999477298658622e-01,9.809946813075790528e-01,9.809946805502647305e-01,9.810999458688683950e-01,9.811041126475733565e-01,9.811044731525208062e-01,9.811045155860917966e-01,9.811044491646738752e-01,9.811040396537658026e-01,9.810996307366132152e-01,9.810261585469094436e-01,9.999999999999976685e-01
