1.000000000000000000e+00,1.000000000000000000e+00,1.000000000000000000e+00,1.000000000000000000e+00,1.000000000000000000e+00,1.000000000000000000e+00,1.000000000000000000e+00,1.000000000000000000e+00,1.000000000000000000e+00,1.000000000000000000e+00,1.000000000000000000e+00,1.000000000000000000e+00,1.000000000000000000e+00,1.000000000000000000e+00,1.000000000000000000e+00,1.000000000000000000e+00,1.000000000000000000e+00,1.000000000000000000e+00,1.000000000000000000e+00,1.000000000000000000e+00,1.000000000000000000e+00,1.000000000000000000e+00,1.000000000000000000e+00,1.000000000000000000e+00,1.000000000000000000e+00,1.000000000000000000e+00,1.000000000000000000e+00,1.000000000000000000e+00,1.000000000000000000e+00,1.000000000000000000e+00,1.000000000000000000e+00,1.000000000000000000e+00,1.000000000000000000e+00,1.000000000000000000e+00,1.000000000000000000e+00,1.000000000000000000e+00,1.000000000000000000e+00,1.000000000000000000e+00,1.000000000000000000e+00,1.000000000000000000e+00,1.000000000000000000e+00,1.000000000000000000e+00,1.000000000000000000e+00,1.000000000000000000e+00,1.000000000000000000e+00,1.000000000000000000e+00,1.000000000000000000e+00,1.000000000000000000e+00,1.000000000000000000e+00,1.000000000000000000e+00,1.000000000000000000e+00,1.000000000000000000e+00,1.000000000000000000e+00,1.000000000000000000e+00,1.000000000000000000e+00,1.000000000000000000e+00,1.000000000000000000e+00,1.000000000000000000e+00,1.000000000000000000e+00,1.000000000000000000e+00,1.000000000000000000e+00,1.000000000000000000e+00,1.000000000000000000e+00,1.000000000000000000e+00,1.000000000000000000e+00,1.000000000000000000e+00,1.000000000000000000e+00,1.000000000000000000e+00,1.000000000000000000e+00,1.000000000000000000e+00,1.000000000000000000e+00,1.000000000000000000e+00,1.000000000000000000e+00,1.000000000000000000e+00,1.000000000000000000e+00,1.000000000000000000e+00,1.000000000000000000e+00,1.000000000000000000e+00,1.000000000000000000e+00,1.000000000000000000e+00,1.000000000000000000e+00,1.000000000000000000e+00,1.000000000000000000e+00,1.000000000000000000e+00,1.000000000000000000e+00,1.000000000000000000e+00,1.000000000000000000e+00,1.000000000000000000e+00,1.000000000000000000e+00,1.000000000000000000e+00,1.000000000000000000e+00,1.000000000000000000e+00,1.000000000000000000e+00,1.000000000000000000e+00,1.000000000000000000e+00,1.000000000000000000e+00,1.000000000000000000e+00,1.000000000000000000e+00,1.000000000000000000e+00,1.000000000000000000e+00,1.000000000000000000e+00,1.000000000000000000e+00,1.000000000000000000e+00,1.000000000000000000e+00,1.000000000000000000e+00,1.000000000000000000e+00,1.000000000000000000e+00,1.000000000000000000e+00,1.000000000000000000e+00,1.000000000000000000e+00,1.000000000000000000e+00,1.000000000000000000e+00,1.000000000000000000e+00,1.000000000000000000e+00,1.000000000000000000e+00,1.000000000000000000e+00,1.000000000000000000e+00,1.000000000000000000e+00,1.000000000000000000e+00,1.000000000000000000e+00,1.000000000000000000e+00,1.000000000000000000e+00,1.000000000000000000e+00,1.000000000000000000e+00,1.000000000000000000e+00,1.000000000000000000e+00,1.000000000000000000e+00,1.000000000000000000e+00,1.000000000000000000e+00,1.000000000000000000e+00,1.000000000000000000e+00,1.000000000000000000e+00,1.000000000000000000e+00,1.000000000000000000e+00,1.000000000000000000e+00,1.000000000000000000e+00,1.000000000000000000e+00,1.000000000000000000e+00,1.000000000000000000e+00,1.000000000000000000e+00,1.000000000000000000e+00,1.000000000000000000e+00,1.000000000000000000e+00,1.000000000000000000e+00,1.000000000000000000e+00,1.000000000000000000e+00,1.000000000000000000e+00,1.000000000000000000e+00,1.000000000000000000e+00,1.000000000000000000e+00,1.000000000000000000e+00,1.000000000000000000e+00,1.000000000000000000e+00,1.000000000000000000e+00,1.000000000000000000e+00,1.000000000000000000e+00,1.000000000000000000e+00,1.000000000000000000e+00,1.000000000000000000e+00,1.000000000000000000e+00,1.000000000000000000e+00,1.000000000000000000e+00,1.000000000000000000e+00,1.000000000000000000e+00,1.000000000000000000e+00,1.000000000000000000e+00,1.000000000000000000e+00,1.000000000000000000e+00,1.000000000000000000e+00,1.000000000000000000e+00,1.000000000000000000e+00,1.000000000000000000e+00,1.000000000000000000e+00,1.000000000000000000e+00,1.000000000000000000e+00,1.000000000000000000e+00,1.000000000000000000e+00,1.000000000000000000e+00,1.000000000000000000e+00,1.000000000000000000e+00,1.000000000000000000e+00,1.000000000000000000e+00,1.000000000000000000e+00,1.000000000000000000e+00,1.000000000000000000e+00,1.000000000000000000e+00,1.000000000000000000e+00,1.000000000000000000e+00,1.000000000000000000e+00,1.000000000000000000e+00,1.000000000000000000e+00,1.000000000000000000e+00,1.000000000000000000e+00,1.000000000000000000e+00,1.000000000000000000e+00,1.000000000000000000e+00,1.000000000000000000e+00,1.000000000000000000e+00,1.000000000000000000e+00,1.000000000000000000e+00,1.000000000000000000e+00,1.000000000000000000e+00,1.000000000000000000e+00,1.000000000000000000e+00,1.000000000000000000e+00,1.000000000000000000e+00,1.000000000000000000e+00,1.000000000000000000e+00,1.000000000000000000e+00,1.000000000000000000e+00,1.000000000000000000e+00,1.000000000000000000e+00,1.000000000000000000e+00,1.000000000000000000e+00,1.000000000000000000e+00,1.000000000000000000e+00,1.000000000000000000e+00,1.000000000000000000e+00,1.000000000000000000e+00,1.000000000000000000e+00,1.000000000000000000e+00,1.000000000000000000e+00,1.000000000000000000e+00,1.000000000000000000e+00,1.000000000000000000e+00,1.000000000000000000e+00,1.000000000000000000e+00,1.000000000000000000e+00,1.000000000000000000e+00,1.000000000000000000e+00,1.000000000000000000e+00,1.000000000000000000e+00,1.000000000000000000e+00,1.000000000000000000e+00,1.000000000000000000e+00,1.000000000000000000e+00,1.000000000000000000e+00,1.000000000000000000e+00,1.000000000000000000e+00,1.000000000000000000e+00,1.000000000000000000e+00,1.000000000000000000e+00,1.000000000000000000e+00,1.000000000000000000e+00,1.000000000000000000e+00,1.000000000000000000e+00,1.000000000000000000e+00,1.000000000000000000e+00,1.000000000000000000e+00,1.000000000000000000e+00,1.000000000000000000e+00,1.000000000000000000e+00,1.000000000000000000e+00,1.000000000000000000e+00,1.000000000000000000e+00,1.000000000000000000e+00,1.000000000000000000e+00,1.000000000000000000e+00,1.000000000000000000e+00,1.000000000000000000e+00,1.000000000000000000e+00,1.000000000000000000e+00,1.000000000000000000e+00,1.000000000000000000e+00,1.000000000000000000e+00,1.000000000000000000e+00,1.000000000000000000e+00,1.000000000000000000e+00,1.000000000000000000e+00,1.000000000000000000e+00,1.000000000000000000e+00,1.000000000000000000e+00,1.000000000000000000e+00,1.000000000000000000e+00,1.000000000000000000e+00,1.000000000000000000e+00,1.000000000000000000e+00,1.000000000000000000e+00,1.000000000000000000e+00,1.000000000000000000e+00,1.000000000000000000e+00,1.000000000000000000e+00,1.000000000000000000e+00,1.000000000000000000e+00,1.000000000000000000e+00,1.000000000000000000e+00,1.000000000000000000e+00,1.000000000000000000e+00,1.000000000000000000e+00,1.000000000000000000e+00,1.000000000000000000e+00,1.000000000000000000e+00,1.000000000000000000e+00,1.000000000000000000e+00,1.000000000000000000e+00,1.000000000000000000e+00,1.000000000000000000e+00,1.000000000000000000e+00,1.000000000000000000e+00,1.000000000000000000e+00,1.000000000000000000e+00,1.000000000000000000e+00,1.000000000000000000e+00,1.000000000000000000e+00,1.000000000000000000e+00,1.000000000000000000e+00,1.000000000000000000e+00,1.000000000000000000e+00,1.000000000000000000e+00,1.000000000000000000e+00,1.000000000000000000e+00,1.000000000000000000e+00,1.000000000000000000e+00,1.000000000000000000e+00,1.000000000000000000e+00,1.000000000000000000e+00,1.000000000000000000e+00,1.000000000000000000e+00,1.000000000000000000e+00,1.000000000000000000e+00,1.000000000000000000e+00,1.000000000000000000e+00,1.000000000000000000e+00,1.000000000000000000e+00,1.000000000000000000e+00,1.000000000000000000e+00,1.000000000000000000e+00,1.000000000000000000e+00,1.000000000000000000e+00,1.000000000000000000e+00,1.000000000000000000e+00,1.000000000000000000e+00,1.000000000000000000e+00,1.000000000000000000e+00,1.000000000000000000e+00,1.000000000000000000e+00,1.000000000000000000e+00,1.000000000000000000e+00,1.000000000000000000e+00,1.000000000000000000e+00,1.000000000000000000e+00,1.000000000000000000e+00,1.000000000000000000e+00,1.000000000000000000e+00,1.000000000000000000e+00,1.000000000000000000e+00,1.000000000000000000e+00,1.000000000000000000e+00,1.000000000000000000e+00,1.000000000000000000e+00,1.000000000000000000e+00,1.000000000000000000e+00,1.000000000000000000e+00,1.000000000000000000e+00,1.000000000000000000e+00,1.000000000000000000e+00,1.000000000000000000e+00,1.000000000000000000e+00,1.000000000000000000e+00,1.000000000000000000e+00,1.000000000000000000e+00,1.000000000000000000e+00,1.000000000000000000e+00,1.000000000000000000e+00,1.000000000000000000e+00,1.000000000000000000e+00,1.000000000000000000e+00,1.000000000000000000e+00,1.000000000000000000e+00,1.000000000000000000e+00,1.000000000000000000e+00,1.000000000000000000e+00,1.000000000000000000e+00,1.000000000000000000e+00,1.000000000000000000e+00,1.000000000000000000e+00,1.000000000000000000e+00,1.000000000000000000e+00,1.000000000000000000e+00,1.000000000000000000e+00,1.000000000000000000e+00,1.000000000000000000e+00,1.000000000000000000e+00,1.000000000000000000e+00,1.000000000000000000e+00,1.000000000000000000e+00,1.000000000000000000e+00,1.000000000000000000e+00,1.000000000000000000e+00,1.000000000000000000e+00,1.000000000000000000e+00,1.000000000000000000e+00,1.000000000000000000e+00,1.000000000000000000e+00,1.000000000000000000e+00,1.000000000000000000e+00,1.000000000000000000e+00,1.000000000000000000e+00,1.000000000000000000e+00,1.000000000000000000e+00
9.999999999999971134e-01,9.949005256932096364e-01,9.949053659407484096e-01,9.949054469855922456e-01,9.949054540734604268e-01,9.949054551536725688e-01,9.949054543230249070e-01,9.949054406507548132e-01,9.949045478137797938e-01,9.949045478476808979e-01,9.949054407384668730e-01,9.949054545293187779e-01,9.949054556960373885e-01,9.949054558752550292e-01,9.949054558639228718e-01,9.949054557123085951e-01,9.949054551805303070e-01,9.949054527675275095e-01,9.949054320039932842e-01,9.949044569360629975e-01,9.949005256932096364e-01,9.999999999999971134e-01,9.949014338311237271e-01,9.949062600057405614e-01,9.949063400266056068e-01,9.949063468062431248e-01,9.949063468785382947e-01,9.949063334212877585e-01,9.949054406507548132e-01,9.949054407225050856e-01,9.949063336211102504e-01,9.949063474177037847e-01,9.949063485914406701e-01,9.949063487826770302e-01,9.949063487972624742e-01,9.949063487130896943e-01,9.949063483969758925e-01,9.949063468902566987e-01,9.949063318628481589e-01,9.949054320007777452e-01,9.949053659407484096e-01,9.949014338311237271e-01,9.999999999999971134e-01,9.949014487945481156e-01,9.949062739461808080e-01,9.949063536606552738e-01,9.949063594327377524e-01,9.949063468785382947e-01,9.949054543230250180e-01,9.949054544879287754e-01,9.949063473985650941e-01,9.949063612021651348e-01,9.949063623816265522e-01,9.949063625798691968e-01,9.949063626064496013e-01,9.949063625481382456e-01,9.949063622993106204e-01,9.949063610077064634e-01,9.949063468838486024e-01,9.949054527579038743e-01,9.949054469855922456e-01,9.949062600057405614e-01,9.949014487945481156e-01,9.999999999999971134e-01,9.949014501099612273e-01,9.949062749537342931e-01,9.949063536606551628e-01,9.949063468062430138e-01,9.949054551536725688e-01,9.949054556009742090e-01,9.949063485375290172e-01,9.949063623531241296e-01,9.949063635395914984e-01,9.949063637435585639e-01,9.949063637771451418e-01,9.949063637308283026e-01,9.949063635078607692e-01,9.949063622835390142e-01,9.949063483747963010e-01,9.949054551551350656e-01,9.949054540734604268e-01,9.949063400266056068e-01,9.949062739461808080e-01,9.949014501099612273e-01,9.999999999999971134e-01,9.949014501099613383e-01,9.949062739461806970e-01,9.949063400266056068e-01,9.949054540734603158e-01,9.949054556390707349e-01,9.949063486430673731e-01,9.949063624845236875e-01,9.949063636829855728e-01,9.949063638939588117e-01,9.949063639332696996e-01,9.949063638939588117e-01,9.949063636829857948e-01,9.949063624845236875e-01,9.949063486430673731e-01,9.949054556390708459e-01,9.949054551536725688e-01,9.949063468062431248e-01,9.949063536606552738e-01,9.949062749537342931e-01,9.949014501099613383e-01,9.999999999999971134e-01,9.949014487945483376e-01,9.949062600057407835e-01,9.949054469855922456e-01,9.949054551551349546e-01,9.949063483747961900e-01,9.949063622835389031e-01,9.949063635078607692e-01,9.949063637308283026e-01,9.949063637771452528e-01,9.949063637435586749e-01,9.949063635395918315e-01,9.949063623531242406e-01,9.949063485375292393e-01,9.949054556009744310e-01,9.949054543230249070e-01,9.949063468785382947e-01,9.949063594327377524e-01,9.949063536606551628e-01,9.949062739461806970e-01,9.949014487945483376e-01,9.999999999999971134e-01,9.949014338311236161e-01,9.949053659407484096e-01,9.949054527579038743e-01,9.949063468838486024e-01,9.949063610077061304e-01,9.949063622993105094e-01,9.949063625481382456e-01,9.949063626064496013e-01,9.949063625798691968e-01,9.949063623816266633e-01,9.949063612021654679e-01,9.949063473985653161e-01,9.949054544879289974e-01,9.949054406507548132e-01,9.949063334212877585e-01,9.949063468785382947e-01,9.949063468062430138e-01,9.949063400266056068e-01,9.949062600057407835e-01,9.949014338311236161e-01,9.999999999999971134e-01,9.949005256932095254e-01,9.949054320007776342e-01,9.949063318628481589e-01,9.949063468902562546e-01,9.949063483969757815e-01,9.949063487130896943e-01,9.949063487972623632e-01,9.949063487826770302e-01,9.949063485914407812e-01,9.949063474177041178e-01,9.949063336211104724e-01,9.949054407225053076e-01,9.949045478137797938e-01,9.949054406507548132e-01,9.949054543230250180e-01,9.949054551536725688e-01,9.949054540734603158e-01,9.949054469855922456e-01,9.949053659407484096e-01,9.949005256932095254e-01,9.999999999999971134e-01,9.949044569360626644e-01,9.949054320039931731e-01,9.949054527675271764e-01,9.949054551805300850e-01,9.949054557123085951e-01,9.949054558639229828e-01,9.949054558752550292e-01,9.949054556960374995e-01,9.949054545293191110e-01,9.949054407384672061e-01,9.949045478476812310e-01,9.949045478476808979e-01,9.949054407225050856e-01,9.949054544879287754e-01,9.949054556009742090e-01,9.949054556390707349e-01,9.949054551551349546e-01,9.949054527579038743e-01,9.949054320007776342e-01,9.949044569360626644e-01,9.999999999999971134e-01,9.949005257007411673e-01,9.949053659546801542e-01,9.949054470152959295e-01,9.949054541510067295e-01,9.949054554209297851e-01,9.949054557146598254e-01,9.949054556285960027e-01,9.949054544997375515e-01,9.949054407278891121e-01,9.949045478498411699e-01,9.949054407384668730e-01,9.949063336211102504e-01,9.949063473985650941e-01,9.949063485375290172e-01,9.949063486430673731e-01,9.949063483747961900e-01,9.949063468838486024e-01,9.949063318628481589e-01,9.949054320039931731e-01,9.949005257007411673e-01,9.999999999999971134e-01,9.949014338482882192e-01,9.949062600386596733e-01,9.949063401073675594e-01,9.949063470767159911e-01,9.949063482733898622e-01,9.949063484023576986e-01,9.949063473407594449e-01,9.949063335947498921e-01,9.949054407278892231e-01,9.949054545293187779e-01,9.949063474177037847e-01,9.949063612021651348e-01,9.949063623531241296e-01,9.949063624845236875e-01,9.949063622835389031e-01,9.949063610077061304e-01,9.949063468902562546e-01,9.949054527675271764e-01,9.949053659546801542e-01,9.949014338482882192e-01,9.999999999999971134e-01,9.949014488339149587e-01,9.949062740333494137e-01,9.949063539375357923e-01,9.949063608339969722e-01,9.949063618660159980e-01,9.949063610194900376e-01,9.949063473407593339e-01,9.949054544997374405e-01,9.949054556960373885e-01,9.949063485914406701e-01,9.949063623816265522e-01,9.949063635395914984e-01,9.949063636829855728e-01,9.949063635078607692e-01,9.949063622993105094e-01,9.949063483969757815e-01,9.949054551805300850e-01,9.949054470152959295e-01,9.949062600386596733e-01,9.949014488339149587e-01,9.999999999999971134e-01,9.949014502130063553e-01,9.949062752463834203e-01,9.949063550776851006e-01,9.949063618094911021e-01,9.949063618660162200e-01,9.949063484023578097e-01,9.949054556285960027e-01,9.949054558752550292e-01,9.949063487826770302e-01,9.949063625798691968e-01,9.949063637435585639e-01,9.949063638939588117e-01,9.949063637308283026e-01,9.949063625481382456e-01,9.949063487130896943e-01,9.949054557123085951e-01,9.949054541510067295e-01,9.949063401073675594e-01,9.949062740333494137e-01,9.949014502130063553e-01,9.999999999999971134e-01,9.949014504507988077e-01,9.949062754110375995e-01,9.949063550776853226e-01,9.949063608339971942e-01,9.949063482733899733e-01,9.949054557146599365e-01,9.949054558639228718e-01,9.949063487972624742e-01,9.949063626064496013e-01,9.949063637771451418e-01,9.949063639332696996e-01,9.949063637771452528e-01,9.949063626064496013e-01,9.949063487972623632e-01,9.949054558639229828e-01,9.949054554209297851e-01,9.949063470767159911e-01,9.949063539375357923e-01,9.949062752463834203e-01,9.949014504507988077e-01,9.999999999999971134e-01,9.949014504507988077e-01,9.949062752463834203e-01,9.949063539375360143e-01,9.949063470767162132e-01,9.949054554209298962e-01,9.949054557123085951e-01,9.949063487130896943e-01,9.949063625481382456e-01,9.949063637308283026e-01,9.949063638939588117e-01,9.949063637435586749e-01,9.949063625798691968e-01,9.949063487826770302e-01,9.949054558752550292e-01,9.949054557146598254e-01,9.949063482733898622e-01,9.949063608339969722e-01,9.949063550776851006e-01,9.949062754110375995e-01,9.949014504507988077e-01,9.999999999999971134e-01,9.949014502130064663e-01,9.949062740333499688e-01,9.949063401073677815e-01,9.949054541510069516e-01,9.949054551805303070e-01,9.949063483969758925e-01,9.949063622993106204e-01,9.949063635078607692e-01,9.949063636829857948e-01,9.949063635395918315e-01,9.949063623816266633e-01,9.949063485914407812e-01,9.949054556960374995e-01,9.949054556285960027e-01,9.949063484023576986e-01,9.949063618660159980e-01,9.949063618094911021e-01,9.949063550776853226e-01,9.949062752463834203e-01,9.949014502130064663e-01,9.999999999999971134e-01,9.949014488339149587e-01,9.949062600386596733e-01,9.949054470152960405e-01,9.949054527675275095e-01,9.949063468902566987e-01,9.949063610077064634e-01,9.949063622835390142e-01,9.949063624845236875e-01,9.949063623531242406e-01,9.949063612021654679e-01,9.949063474177041178e-01,9.949054545293191110e-01,9.949054544997375515e-01,9.949063473407594449e-01,9.949063610194900376e-01,9.949063618660162200e-01,9.949063608339971942e-01,9.949063539375360143e-01,9.949062740333499688e-01,9.949014488339149587e-01,9.999999999999971134e-01,9.949014338482885522e-01,9.949053659546803763e-01,9.949054320039932842e-01,9.949063318628481589e-01,9.949063468838486024e-01,9.949063483747963010e-01,9.949063486430673731e-01,9.949063485375292393e-01,9.949063473985653161e-01,9.949063336211104724e-01,9.949054407384672061e-01,9.949054407278891121e-01,9.949063335947498921e-01,9.949063473407593339e-01,9.949063484023578097e-01,9.949063482733899733e-01,9.949063470767162132e-01,9.949063401073677815e-01,9.949062600386596733e-01,9.949014338482885522e-01,9.999999999999971134e-01,9.949005257007412784e-01,9.949044569360629975e-01,9.949054320007777452e-01,9.949054527579038743e-01,9.949054551551350656e-01,9.949054556390708459e-01,9.949054556009744310e-01,9.949054544879289974e-01,9.949054407225053076e-01,9.949045478476812310e-01,9.949045478498411699e-01,9.949054407278892231e-01,9.949054544997374405e-01,9.949054556285960027e-01,9.949054557146599365e-01,9.949054554209298962e-01,9.949054541510069516e-01,9.949054470152960405e-01,9.949053659546803763e-01,9.949005257007412784e-01,9.999999999999971134e-01
1.000000000000000222e+00,9.808755261293876648e-01,9.809522098371600274e-01,9.809555378422558647e-01,9.809558346528806094e-01,9.809558768804244044e-01,9.809558156714024424e-01,9.809549453356456450e-01,9.809277638299961355e-01,9.809277653520935836e-01,9.809549492577356311e-01,9.809558248546693671e-01,9.809559008332364716e-01,9.809559130593281662e-01,9.809559133765648475e-01,9.809559059788258706e-01,9.809558784913785523e-01,9.809557489670150954e-01,9.809545764188458694e-01,9.809238475641363086e-01,9.808755261293876648e-01,1.000000000000000222e+00,9.809038133881009536e-01,9.809794777987603798e-01,9.809827331671711059e-01,9.809830091851730050e-01,9.809829859265422058e-01,9.809821247199908001e-01,9.809549453356456450e-01,9.809549484893559379e-01,9.809821334552153438e-01,9.809830093258851136e-01,9.809830856133778809e-01,9.809830983659955095e-01,9.809830998165023352e-01,9.809830953586520241e-01,9.809830772242633667e-01,9.809829866585600966e-01,9.809820583789955473e-01,9.809545762067520824e-01,9.809522098371600274e-01,9.809038133881009536e-01,1.000000000000000222e+00,9.809047716687727680e-01,9.809803633771746467e-01,9.809835984823884747e-01,9.809838091426845708e-01,9.809829859265420948e-01,9.809558156714024424e-01,9.809558228354687826e-01,9.809830083517356858e-01,9.809838845266206642e-01,9.809839610621471362e-01,9.809839741181716199e-01,9.809839760874434766e-01,9.809839727456772795e-01,9.809839575054754013e-01,9.809838761426242781e-01,9.809829862357696273e-01,9.809557483321450500e-01,9.809555378422558647e-01,9.809794777987603798e-01,9.809047716687727680e-01,1.000000000000000222e+00,9.809048577542448522e-01,9.809804287321827188e-01,9.809835984823883637e-01,9.809830091851730050e-01,9.809558768804241824e-01,9.809558961263213916e-01,9.809830827778781570e-01,9.809839594715952238e-01,9.809840363103227157e-01,9.809840496142087085e-01,9.809840518866692616e-01,9.809840490631994703e-01,9.809840349379023161e-01,9.809839564659715849e-01,9.809830757619700803e-01,9.809558768170349996e-01,9.809558346528806094e-01,9.809827331671711059e-01,9.809803633771746467e-01,9.809048577542448522e-01,1.000000000000000222e+00,9.809048577542448522e-01,9.809803633771746467e-01,9.809827331671711059e-01,9.809558346528806094e-01,9.809559011574660037e-01,9.809830907492550489e-01,9.809839685590673319e-01,9.809840459160930060e-01,9.809840595231432703e-01,9.809840620434501224e-01,9.809840595231432703e-01,9.809840459160931170e-01,9.809839685590672209e-01,9.809830907492550489e-01,9.809559011574660037e-01,9.809558768804244044e-01,9.809830091851730050e-01,9.809835984823884747e-01,9.809804287321827188e-01,9.809048577542448522e-01,1.000000000000000222e+00,9.809047716687728791e-01,9.809794777987603798e-01,9.809555378422557537e-01,9.809558768170348886e-01,9.809830757619701913e-01,9.809839564659715849e-01,9.809840349379023161e-01,9.809840490631995813e-01,9.809840518866693726e-01,9.809840496142087085e-01,9.809840363103228267e-01,9.809839594715953348e-01,9.809830827778780460e-01,9.809558961263215027e-01,9.809558156714024424e-01,9.809829859265422058e-01,9.809838091426845708e-01,9.809835984823883637e-01,9.809803633771746467e-01,9.809047716687728791e-01,1.000000000000000222e+00,9.809038133881008426e-01,9.809522098371599164e-01,9.809557483321449389e-01,9.809829862357694052e-01,9.809838761426243892e-01,9.809839575054752903e-01,9.809839727456770575e-01,9.809839760874435877e-01,9.809839741181713979e-01,9.809839610621473582e-01,9.809838845266205531e-01,9.809830083517356858e-01,9.809558228354690046e-01,9.809549453356456450e-01,9.809821247199908001e-01,9.809829859265420948e-01,9.809830091851730050e-01,9.809827331671711059e-01,9.809794777987603798e-01,9.809038133881008426e-01,1.000000000000000222e+00,9.808755261293874428e-01,9.809545762067519714e-01,9.809820583789954362e-01,9.809829866585600966e-01,9.809830772242634778e-01,9.809830953586516911e-01,9.809830998165022242e-01,9.809830983659952874e-01,9.809830856133778809e-01,9.809830093258850026e-01,9.809821334552152328e-01,9.809549484893559379e-01,9.809277638299961355e-01,9.809549453356456450e-01,9.809558156714024424e-01,9.809558768804241824e-01,9.809558346528806094e-01,9.809555378422557537e-01,9.809522098371599164e-01,9.808755261293874428e-01,1.000000000000000222e+00,9.809238475641360866e-01,9.809545764188457584e-01,9.809557489670153174e-01,9.809558784913784413e-01,9.809559059788256485e-01,9.809559133765647365e-01,9.809559130593279441e-01,9.809559008332366936e-01,9.809558248546692560e-01,9.809549492577357421e-01,9.809277653520935836e-01,9.809277653520935836e-01,9.809549484893559379e-01,9.809558228354687826e-01,9.809558961263213916e-01,9.809559011574660037e-01,9.809558768170348886e-01,9.809557483321449389e-01,9.809545762067519714e-01,9.809238475641360866e-01,1.000000000000000222e+00,9.808755266304726161e-01,9.809522107572762328e-01,9.809555398016763794e-01,9.809558397592961221e-01,9.809558944157240612e-01,9.809559061803432289e-01,9.809558979648159704e-01,9.809558236221194161e-01,9.809549488481904556e-01,9.809277654963063364e-01,9.809549492577356311e-01,9.809821334552153438e-01,9.809830083517356858e-01,9.809830827778781570e-01,9.809830907492550489e-01,9.809830757619701913e-01,9.809829862357694052e-01,9.809820583789954362e-01,9.809545764188457584e-01,9.808755266304726161e-01,1.000000000000000222e+00,9.809038145291310018e-01,9.809794799707942659e-01,9.809827384859247656e-01,9.809830269331172303e-01,9.809830766501819177e-01,9.809830775880791220e-01,9.809830061245333743e-01,9.809821324375769258e-01,9.809549488481904556e-01,9.809558248546693671e-01,9.809830093258851136e-01,9.809838845266206642e-01,9.809839594715952238e-01,9.809839685590673319e-01,9.809839564659715849e-01,9.809838761426243892e-01,9.809829866585600966e-01,9.809557489670153174e-01,9.809522107572762328e-01,9.809038145291310018e-01,1.000000000000000222e+00,9.809047742837364581e-01,9.809803691199514564e-01,9.809836166534894319e-01,9.809839002895353044e-01,9.809839392194100727e-01,9.809838769245838863e-01,9.809830061245333743e-01,9.809558236221196381e-01,9.809559008332364716e-01,9.809830856133778809e-01,9.809839610621471362e-01,9.809840363103227157e-01,9.809840459160930060e-01,9.809840349379023161e-01,9.809839575054752903e-01,9.809830772242634778e-01,9.809558784913784413e-01,9.809555398016763794e-01,9.809794799707942659e-01,9.809047742837364581e-01,1.000000000000000222e+00,9.809048645891463858e-01,9.809804479469097505e-01,9.809836906705586834e-01,9.809839635215167331e-01,9.809839392194099617e-01,9.809830775880790110e-01,9.809558979648160815e-01,9.809559130593281662e-01,9.809830983659955095e-01,9.809839741181716199e-01,9.809840496142087085e-01,9.809840595231432703e-01,9.809840490631995813e-01,9.809839727456770575e-01,9.809830953586516911e-01,9.809559059788256485e-01,9.809558397592961221e-01,9.809827384859247656e-01,9.809803691199514564e-01,9.809048645891463858e-01,1.000000000000000222e+00,9.809048802895263819e-01,9.809804587330572812e-01,9.809836906705587944e-01,9.809839002895353044e-01,9.809830766501819177e-01,9.809559061803434510e-01,9.809559133765648475e-01,9.809830998165023352e-01,9.809839760874434766e-01,9.809840518866692616e-01,9.809840620434501224e-01,9.809840518866693726e-01,9.809839760874435877e-01,9.809830998165022242e-01,9.809559133765647365e-01,9.809558944157240612e-01,9.809830269331172303e-01,9.809836166534894319e-01,9.809804479469097505e-01,9.809048802895263819e-01,1.000000000000000222e+00,9.809048802895263819e-01,9.809804479469099725e-01,9.809836166534893209e-01,9.809830269331173414e-01,9.809558944157241722e-01,9.809559059788258706e-01,9.809830953586520241e-01,9.809839727456772795e-01,9.809840490631994703e-01,9.809840595231432703e-01,9.809840496142087085e-01,9.809839741181713979e-01,9.809830983659952874e-01,9.809559130593279441e-01,9.809559061803432289e-01,9.809830766501819177e-01,9.809839002895353044e-01,9.809836906705586834e-01,9.809804587330572812e-01,9.809048802895263819e-01,1.000000000000000222e+00,9.809048645891464968e-01,9.809803691199512343e-01,9.809827384859249877e-01,9.809558397592962331e-01,9.809558784913785523e-01,9.809830772242633667e-01,9.809839575054754013e-01,9.809840349379023161e-01,9.809840459160931170e-01,9.809840363103228267e-01,9.809839610621473582e-01,9.809830856133778809e-01,9.809559008332366936e-01,9.809558979648159704e-01,9.809830775880791220e-01,9.809839392194100727e-01,9.809839635215167331e-01,9.809836906705587944e-01,9.809804479469099725e-01,9.809048645891464968e-01,1.000000000000000222e+00,9.809047742837364581e-01,9.809794799707941548e-01,9.809555398016763794e-01,9.809557489670150954e-01,9.809829866585600966e-01,9.809838761426242781e-01,9.809839564659715849e-01,9.809839685590672209e-01,9.809839594715953348e-01,9.809838845266205531e-01,9.809830093258850026e-01,9.809558248546692560e-01,9.809558236221194161e-01,9.809830061245333743e-01,9.809838769245838863e-01,9.809839392194099617e-01,9.809839002895353044e-01,9.809836166534893209e-01,9.809803691199512343e-01,9.809047742837364581e-01,1.000000000000000222e+00,9.809038145291312238e-01,9.809522107572763439e-01,9.809545764188458694e-01,9.809820583789955473e-01,9.809829862357696273e-01,9.809830757619700803e-01,9.809830907492550489e-01,9.809830827778780460e-01,9.809830083517356858e-01,9.809821334552152328e-01,9.809549492577357421e-01,9.809549488481904556e-01,9.809821324375769258e-01,9.809830061245333743e-01,9.809830775880790110e-01,9.809830766501819177e-01,9.809830269331173414e-01,9.809827384859249877e-01,9.809794799707941548e-01,9.809038145291312238e-01,1.000000000000000222e+00,9.808755266304726161e-01,9.809238475641363086e-01,9.809545762067520824e-01,9.809557483321450500e-01,9.809558768170349996e-01,9.809559011574660037e-01,9.809558961263215027e-01,9.809558228354690046e-01,9.809549484893559379e-01,9.809277653520935836e-01,9.809277654963063364e-01,9.809549488481904556e-01,9.809558236221196381e-01,9.809558979648160815e-01,9.809559061803434510e-01,9.809558944157241722e-01,9.809558397592962331e-01,9.809555398016763794e-01,9.809522107572763439e-01,9.808755266304726161e-01,1.000000000000000222e+00
1.000000000000002887e+00,9.810261567488632872e-01,9.810996275070058559e-01,9.811040326834737924e-01,9.811044303201212902e-01,9.811044475860869474e-01,9.811041027878588672e-01,9.810999412962866373e-01,9.809946781281405626e-01,9.809946807365463872e-01,9.810999478994822942e-01,9.811041179622356223e-01,9.811044859507661586e-01,9.811045494162263791e-01,9.811045584526637553e-01,9.811045397947566471e-01,9.811044558440089602e-01,9.811040175943365194e-01,9.810994602405694875e-01,9.809893962626531350e-01,9.810261567488632872e-01,1.000000000000002887e+00,9.811364857833220210e-01,9.812053247431651304e-01,9.812093655936787728e-01,9.812096602474648099e-01,9.812093623031068468e-01,9.812052120547819500e-01,9.810999412962866373e-01,9.810999460730706057e-01,9.812052249554120698e-01,9.812093958066726573e-01,9.812097642595707381e-01,9.812098284633294920e-01,9.812098390693578809e-01,9.812098244386777690e-01,9.812097530877780249e-01,9.812093659210965324e-01,9.812051271662906027e-01,9.810994591802115750e-01,9.810996275070058559e-01,9.811364857833220210e-01,1.000000000000002887e+00,9.811410539046605539e-01,9.812095449058472196e-01,9.812134852640651550e-01,9.812134654504044429e-01,9.812093623031068468e-01,9.811041027878588672e-01,9.811041128875118700e-01,9.812093929482559318e-01,9.812135642259190993e-01,9.812139330143541116e-01,9.812139976268486885e-01,9.812140089290137812e-01,9.812139957870626983e-01,9.812139282614142921e-01,9.812135530895076396e-01,9.812093638051100353e-01,9.811040144182450184e-01,9.811040326834737924e-01,9.812053247431651304e-01,9.811410539046605539e-01,1.000000000000002887e+00,9.811414697865926682e-01,9.812098593560051318e-01,9.812134852640651550e-01,9.812096602474648099e-01,9.811044475860867253e-01,9.811044734437842640e-01,9.812097551118021954e-01,9.812139270870997576e-01,9.812142962827118398e-01,9.812143612284779381e-01,9.812143729376469059e-01,9.812143604884940862e-01,9.812142944434101288e-01,9.812139230744031382e-01,9.812097457848023563e-01,9.811044474814936134e-01,9.811044303201212902e-01,9.812093655936787728e-01,9.812095449058472196e-01,9.811414697865926682e-01,1.000000000000002887e+00,9.811414697865930012e-01,9.812095449058471086e-01,9.812093655936786618e-01,9.811044303201214012e-01,9.811045158157354340e-01,9.812098015175201304e-01,9.812139749818042933e-01,9.812143448702406179e-01,9.812144102228489428e-01,9.812144222651715264e-01,9.812144102228489428e-01,9.812143448702405069e-01,9.812139749818041823e-01,9.812098015175201304e-01,9.811045158157355450e-01,9.811044475860869474e-01,9.812096602474648099e-01,9.812134852640651550e-01,9.812098593560051318e-01,9.811414697865930012e-01,1.000000000000002887e+00,9.811410539046607759e-01,9.812053247431653524e-01,9.811040326834739034e-01,9.811044474814939464e-01,9.812097457848025783e-01,9.812139230744034712e-01,9.812142944434102398e-01,9.812143604884940862e-01,9.812143729376469059e-01,9.812143612284778271e-01,9.812142962827116177e-01,9.812139270870998686e-01,9.812097551118021954e-01,9.811044734437840420e-01,9.811041027878588672e-01,9.812093623031068468e-01,9.812134654504044429e-01,9.812134852640651550e-01,9.812095449058471086e-01,9.811410539046607759e-01,1.000000000000002887e+00,9.811364857833219100e-01,9.810996275070058559e-01,9.811040144182449074e-01,9.812093638051100353e-01,9.812135530895078617e-01,9.812139282614142921e-01,9.812139957870628093e-01,9.812140089290135592e-01,9.812139976268485775e-01,9.812139330143540006e-01,9.812135642259189883e-01,9.812093929482559318e-01,9.811041128875117590e-01,9.810999412962866373e-01,9.812052120547819500e-01,9.812093623031068468e-01,9.812096602474648099e-01,9.812093655936786618e-01,9.812053247431653524e-01,9.811364857833219100e-01,1.000000000000002887e+00,9.810261567488635093e-01,9.810994591802115750e-01,9.812051271662908247e-01,9.812093659210965324e-01,9.812097530877780249e-01,9.812098244386777690e-01,9.812098390693576588e-01,9.812098284633294920e-01,9.812097642595708491e-01,9.812093958066725463e-01,9.812052249554119587e-01,9.810999460730706057e-01,9.809946781281405626e-01,9.810999412962866373e-01,9.811041027878588672e-01,9.811044475860867253e-01,9.811044303201214012e-01,9.811040326834739034e-01,9.810996275070058559e-01,9.810261567488635093e-01,1.000000000000002887e+00,9.809893962626533570e-01,9.810994602405698206e-01,9.811040175943368524e-01,9.811044558440091823e-01,9.811045397947567581e-01,9.811045584526637553e-01,9.811045494162262681e-01,9.811044859507661586e-01,9.811041179622355113e-01,9.810999478994822942e-01,9.809946807365464982e-01,9.809946807365463872e-01,9.810999460730706057e-01,9.811041128875118700e-01,9.811044734437842640e-01,9.811045158157354340e-01,9.811044474814939464e-01,9.811040144182449074e-01,9.810994591802115750e-01,9.809893962626533570e-01,1.000000000000002887e+00,9.810261592678137799e-01,9.810996321241622908e-01,9.811040424850928643e-01,9.811044557380129705e-01,9.811045340338429011e-01,9.811045407557147380e-01,9.811044826152252041e-01,9.811041168215021147e-01,9.810999478703639198e-01,9.809946814629414424e-01,9.810999478994822942e-01,9.812052249554120698e-01,9.812093929482559318e-01,9.812097551118021954e-01,9.812098015175201304e-01,9.812097457848025783e-01,9.812093638051100353e-01,9.812051271662908247e-01,9.810994602405698206e-01,9.810261592678137799e-01,1.000000000000002887e+00,9.811364915040505785e-01,9.812053356115748581e-01,9.812093920758451215e-01,9.812097477656293032e-01,9.812098013794134932e-01,9.812097549256834084e-01,9.812093928368520457e-01,9.812052248961258272e-01,9.810999478703640309e-01,9.811041179622356223e-01,9.812093958066726573e-01,9.812135642259190993e-01,9.812139270870997576e-01,9.812139749818042933e-01,9.812139230744034712e-01,9.812135530895078617e-01,9.812093659210965324e-01,9.811040175943368524e-01,9.810996321241622908e-01,9.811364915040505785e-01,1.000000000000002887e+00,9.811410669864952805e-01,9.812095735181747269e-01,9.812135749024601949e-01,9.812139066482855609e-01,9.812139073210303097e-01,9.812135570132928253e-01,9.812093928368520457e-01,9.811041168215021147e-01,9.811044859507661586e-01,9.812097642595707381e-01,9.812139330143541116e-01,9.812142962827118398e-01,9.812143448702406179e-01,9.812142944434102398e-01,9.812139282614142921e-01,9.812097530877780249e-01,9.811044558440091823e-01,9.811040424850928643e-01,9.812053356115748581e-01,9.811410669864952805e-01,1.000000000000002887e+00,9.811415038392325982e-01,9.812099542283910791e-01,9.812139316687694679e-01,9.812142104947895183e-01,9.812139073210300877e-01,9.812097549256831863e-01,9.811044826152250931e-01,9.811045494162263791e-01,9.812098284633294920e-01,9.812139976268486885e-01,9.812143612284779381e-01,9.812144102228489428e-01,9.812143604884940862e-01,9.812139957870628093e-01,9.812098244386777690e-01,9.811045397947567581e-01,9.811044557380129705e-01,9.812093920758451215e-01,9.812095735181747269e-01,9.811415038392325982e-01,1.000000000000002887e+00,9.811415811043071589e-01,9.812100071609320961e-01,9.812139316687694679e-01,9.812139066482854499e-01,9.812098013794134932e-01,9.811045407557148490e-01,9.811045584526637553e-01,9.812098390693578809e-01,9.812140089290137812e-01,9.812143729376469059e-01,9.812144222651715264e-01,9.812143729376469059e-01,9.812140089290135592e-01,9.812098390693576588e-01,9.811045584526637553e-01,9.811045340338429011e-01,9.812097477656293032e-01,9.812135749024601949e-01,9.812099542283910791e-01,9.811415811043071589e-01,1.000000000000002887e+00,9.811415811043072699e-01,9.812099542283911902e-01,9.812135749024600839e-01,9.812097477656291922e-01,9.811045340338429011e-01,9.811045397947566471e-01,9.812098244386777690e-01,9.812139957870626983e-01,9.812143604884940862e-01,9.812144102228489428e-01,9.812143612284778271e-01,9.812139976268485775e-01,9.812098284633294920e-01,9.811045494162262681e-01,9.811045407557147380e-01,9.812098013794134932e-01,9.812139066482855609e-01,9.812139316687694679e-01,9.812100071609320961e-01,9.811415811043072699e-01,1.000000000000002887e+00,9.811415038392328203e-01,9.812095735181745049e-01,9.812093920758450105e-01,9.811044557380128595e-01,9.811044558440089602e-01,9.812097530877780249e-01,9.812139282614142921e-01,9.812142944434101288e-01,9.812143448702405069e-01,9.812142962827116177e-01,9.812139330143540006e-01,9.812097642595708491e-01,9.811044859507661586e-01,9.811044826152252041e-01,9.812097549256834084e-01,9.812139073210303097e-01,9.812142104947895183e-01,9.812139316687694679e-01,9.812099542283911902e-01,9.811415038392328203e-01,1.000000000000002887e+00,9.811410669864950584e-01,9.812053356115743030e-01,9.811040424850926422e-01,9.811040175943365194e-01,9.812093659210965324e-01,9.812135530895076396e-01,9.812139230744031382e-01,9.812139749818041823e-01,9.812139270870998686e-01,9.812135642259189883e-01,9.812093958066725463e-01,9.811041179622355113e-01,9.811041168215021147e-01,9.812093928368520457e-01,9.812135570132928253e-01,9.812139073210300877e-01,9.812139066482854499e-01,9.812135749024600839e-01,9.812095735181745049e-01,9.811410669864950584e-01,1.000000000000002887e+00,9.811364915040500234e-01,9.810996321241619578e-01,9.810994602405694875e-01,9.812051271662906027e-01,9.812093638051100353e-01,9.812097457848023563e-01,9.812098015175201304e-01,9.812097551118021954e-01,9.812093929482559318e-01,9.812052249554119587e-01,9.810999478994822942e-01,9.810999478703639198e-01,9.812052248961258272e-01,9.812093928368520457e-01,9.812097549256831863e-01,9.812098013794134932e-01,9.812097477656291922e-01,9.812093920758450105e-01,9.812053356115743030e-01,9.811364915040500234e-01,1.000000000000002887e+00,9.810261592678135578e-01,9.809893962626531350e-01,9.810994591802115750e-01,9.811040144182450184e-01,9.811044474814936134e-01,9.811045158157355450e-01,9.811044734437840420e-01,9.811041128875117590e-01,9.810999460730706057e-01,9.809946807365464982e-01,9.809946814629414424e-01,9.810999478703640309e-01,9.811041168215021147e-01,9.811044826152250931e-01,9.811045407557148490e-01,9.811045340338429011e-01,9.811044557380128595e-01,9.811040424850926422e-01,9.810996321241619578e-01,9.810261592678135578e-01,1.000000000000002887e+00
