1.000000000000000000e+00,1.000000000000000000e+00,1.000000000000000000e+00,1.000000000000000000e+00,1.000000000000000000e+00,1.000000000000000000e+00,1.000000000000000000e+00,1.000000000000000000e+00,1.000000000000000000e+00,1.000000000000000000e+00,1.000000000000000000e+00,1.000000000000000000e+00,1.000000000000000000e+00,1.000000000000000000e+00,1.000000000000000000e+00,1.000000000000000000e+00,1.000000000000000000e+00,1.000000000000000000e+00,1.000000000000000000e+00,1.000000000000000000e+00,1.000000000000000000e+00,1.000000000000000000e+00,1.000000000000000000e+00,1.000000000000000000e+00,1.000000000000000000e+00,1.000000000000000000e+00,1.000000000000000000e+00,1.000000000000000000e+00,1.000000000000000000e+00,1.000000000000000000e+00,1.000000000000000000e+00,1.000000000000000000e+00,1.000000000000000000e+00,1.000000000000000000e+00,1.000000000000000000e+00,1.000000000000000000e+00,1.000000000000000000e+00,1.000000000000000000e+00,1.000000000000000000e+00,1.000000000000000000e+00,1.000000000000000000e+00,1.000000000000000000e+00,1.000000000000000000e+00,1.000000000000000000e+00,1.000000000000000000e+00,1.000000000000000000e+00,1.000000000000000000e+00,1.000000000000000000e+00,1.000000000000000000e+00,1.000000000000000000e+00,1.000000000000000000e+00,1.000000000000000000e+00,1.000000000000000000e+00,1.000000000000000000e+00,1.000000000000000000e+00,1.000000000000000000e+00,1.000000000000000000e+00,1.000000000000000000e+00,1.000000000000000000e+00,1.000000000000000000e+00,1.000000000000000000e+00,1.000000000000000000e+00,1.000000000000000000e+00,1.000000000000000000e+00,1.000000000000000000e+00,1.000000000000000000e+00,1.000000000000000000e+00,1.000000000000000000e+00,1.000000000000000000e+00,1.000000000000000000e+00,1.000000000000000000e+00,1.000000000000000000e+00,1.000000000000000000e+00,1.000000000000000000e+00,1.000000000000000000e+00,1.000000000000000000e+00,1.000000000000000000e+00,1.000000000000000000e+00,1.000000000000000000e+00,1.000000000000000000e+00,1.000000000000000000e+00,1.000000000000000000e+00,1.000000000000000000e+00,1.000000000000000000e+00,1.000000000000000000e+00,1.000000000000000000e+00,1.000000000000000000e+00,1.000000000000000000e+00,1.000000000000000000e+00,1.000000000000000000e+00,1.000000000000000000e+00,1.000000000000000000e+00,1.000000000000000000e+00,1.000000000000000000e+00,1.000000000000000000e+00,1.000000000000000000e+00,1.000000000000000000e+00,1.000000000000000000e+00,1.000000000000000000e+00,1.000000000000000000e+00,1.000000000000000000e+00,1.000000000000000000e+00,1.000000000000000000e+00,1.000000000000000000e+00,1.000000000000000000e+00,1.000000000000000000e+00,1.000000000000000000e+00,1.000000000000000000e+00,1.000000000000000000e+00,1.000000000000000000e+00,1.000000000000000000e+00,1.000000000000000000e+00,1.000000000000000000e+00,1.000000000000000000e+00,1.000000000000000000e+00,1.000000000000000000e+00,1.000000000000000000e+00,1.000000000000000000e+00,1.000000000000000000e+00,1.000000000000000000e+00,1.000000000000000000e+00,1.000000000000000000e+00,1.000000000000000000e+00,1.000000000000000000e+00,1.000000000000000000e+00,1.000000000000000000e+00,1.000000000000000000e+00,1.000000000000000000e+00,1.000000000000000000e+00,1.000000000000000000e+00,1.000000000000000000e+00,1.000000000000000000e+00,1.000000000000000000e+00,1.000000000000000000e+00,1.000000000000000000e+00,1.000000000000000000e+00,1.000000000000000000e+00,1.000000000000000000e+00,1.000000000000000000e+00,1.000000000000000000e+00,1.000000000000000000e+00,1.000000000000000000e+00,1.000000000000000000e+00,1.000000000000000000e+00,1.000000000000000000e+00,1.000000000000000000e+00,1.000000000000000000e+00,1.000000000000000000e+00,1.000000000000000000e+00,1.000000000000000000e+00,1.000000000000000000e+00,1.000000000000000000e+00,1.000000000000000000e+00,1.000000000000000000e+00,1.000000000000000000e+00,1.000000000000000000e+00,1.000000000000000000e+00,1.000000000000000000e+00,1.000000000000000000e+00,1.000000000000000000e+00,1.000000000000000000e+00,1.000000000000000000e+00,1.000000000000000000e+00,1.000000000000000000e+00,1.000000000000000000e+00,1.000000000000000000e+00,1.000000000000000000e+00,1.000000000000000000e+00,1.000000000000000000e+00,1.000000000000000000e+00,1.000000000000000000e+00,1.000000000000000000e+00,1.000000000000000000e+00,1.000000000000000000e+00,1.000000000000000000e+00,1.000000000000000000e+00,1.000000000000000000e+00,1.000000000000000000e+00,1.000000000000000000e+00,1.000000000000000000e+00,1.000000000000000000e+00,1.000000000000000000e+00,1.000000000000000000e+00,1.000000000000000000e+00,1.000000000000000000e+00,1.000000000000000000e+00,1.000000000000000000e+00,1.000000000000000000e+00,1.000000000000000000e+00,1.000000000000000000e+00,1.000000000000000000e+00,1.000000000000000000e+00,1.000000000000000000e+00,1.000000000000000000e+00,1.000000000000000000e+00,1.000000000000000000e+00,1.000000000000000000e+00,1.000000000000000000e+00,1.000000000000000000e+00,1.000000000000000000e+00,1.000000000000000000e+00,1.000000000000000000e+00,1.000000000000000000e+00,1.000000000000000000e+00,1.000000000000000000e+00,1.000000000000000000e+00,1.000000000000000000e+00,1.000000000000000000e+00,1.000000000000000000e+00,1.000000000000000000e+00,1.000000000000000000e+00,1.000000000000000000e+00,1.000000000000000000e+00,1.000000000000000000e+00,1.000000000000000000e+00,1.000000000000000000e+00,1.000000000000000000e+00,1.000000000000000000e+00,1.000000000000000000e+00,1.000000000000000000e+00,1.000000000000000000e+00,1.000000000000000000e+00,1.000000000000000000e+00,1.000000000000000000e+00,1.000000000000000000e+00,1.000000000000000000e+00,1.000000000000000000e+00,1.000000000000000000e+00,1.000000000000000000e+00,1.000000000000000000e+00,1.000000000000000000e+00,1.000000000000000000e+00,1.000000000000000000e+00,1.000000000000000000e+00,1.000000000000000000e+00,1.000000000000000000e+00,1.000000000000000000e+00,1.000000000000000000e+00,1.000000000000000000e+00,1.000000000000000000e+00,1.000000000000000000e+00,1.000000000000000000e+00,1.000000000000000000e+00,1.000000000000000000e+00,1.000000000000000000e+00,1.000000000000000000e+00,1.000000000000000000e+00,1.000000000000000000e+00,1.000000000000000000e+00,1.000000000000000000e+00,1.000000000000000000e+00,1.000000000000000000e+00,1.000000000000000000e+00,1.000000000000000000e+00,1.000000000000000000e+00,1.000000000000000000e+00,1.000000000000000000e+00,1.000000000000000000e+00,1.000000000000000000e+00,1.000000000000000000e+00,1.000000000000000000e+00,1.000000000000000000e+00,1.000000000000000000e+00,1.000000000000000000e+00,1.000000000000000000e+00,1.000000000000000000e+00,1.000000000000000000e+00,1.000000000000000000e+00,1.000000000000000000e+00,1.000000000000000000e+00,1.000000000000000000e+00,1.000000000000000000e+00,1.000000000000000000e+00,1.000000000000000000e+00,1.000000000000000000e+00,1.000000000000000000e+00,1.000000000000000000e+00,1.000000000000000000e+00,1.000000000000000000e+00,1.000000000000000000e+00,1.000000000000000000e+00,1.000000000000000000e+00,1.000000000000000000e+00,1.000000000000000000e+00,1.000000000000000000e+00,1.000000000000000000e+00,1.000000000000000000e+00,1.000000000000000000e+00,1.000000000000000000e+00,1.000000000000000000e+00,1.000000000000000000e+00,1.000000000000000000e+00,1.000000000000000000e+00,1.000000000000000000e+00,1.000000000000000000e+00,1.000000000000000000e+00,1.000000000000000000e+00,1.000000000000000000e+00,1.000000000000000000e+00,1.000000000000000000e+00,1.000000000000000000e+00,1.000000000000000000e+00,1.000000000000000000e+00,1.000000000000000000e+00,1.000000000000000000e+00,1.000000000000000000e+00,1.000000000000000000e+00,1.000000000000000000e+00,1.000000000000000000e+00,1.000000000000000000e+00,1.000000000000000000e+00,1.000000000000000000e+00,1.000000000000000000e+00,1.000000000000000000e+00,1.000000000000000000e+00,1.000000000000000000e+00,1.000000000000000000e+00,1.000000000000000000e+00,1.000000000000000000e+00,1.000000000000000000e+00,1.000000000000000000e+00,1.000000000000000000e+00,1.000000000000000000e+00,1.000000000000000000e+00
9.999999999999998890e-01,9.949005267013564247e-01,9.949053659147465423e-01,9.949054478850872796e-01,9.949054552179260602e-01,9.949054565486598056e-01,9.949054568631462425e-01,9.949054567777714242e-01,9.949054556209335765e-01,9.949054416991596206e-01,9.949045490179552198e-01,9.949045489774657192e-01,9.949054415909694971e-01,9.949054553507143961e-01,9.949054559901071570e-01,9.949054537019744737e-01,9.949054326590595076e-01,9.949044569365858015e-01,9.949005267013564247e-01,9.999999999999998890e-01,9.949014347985069007e-01,9.949062598303389793e-01,9.949063407859477515e-01,9.949063479452984193e-01,9.949063491983622942e-01,9.949063493410096326e-01,9.949063482575118966e-01,9.949063343654535041e-01,9.949054416991596206e-01,9.949054416867255668e-01,9.949063343308213181e-01,9.949063481641128304e-01,9.949063490321944370e-01,9.949063476860783295e-01,9.949063325089080312e-01,9.949054326812565296e-01,9.949053659147465423e-01,9.949014347985069007e-01,9.999999999999998890e-01,9.949014499661026356e-01,9.949062739842177150e-01,9.949063547682389652e-01,9.949063618503017903e-01,9.949063629316422519e-01,9.949063620762109705e-01,9.949063482575118966e-01,9.949054556209335765e-01,9.949054556365189983e-01,9.949063482963378391e-01,9.949063621593662310e-01,9.949063631008150388e-01,9.949063619828094618e-01,9.949063477448426562e-01,9.949054537829360445e-01,9.949054478850872796e-01,9.949062598303389793e-01,9.949014499661026356e-01,9.999999999999998890e-01,9.949014513863579934e-01,9.949062752313050373e-01,9.949063559380414423e-01,9.949063628483806321e-01,9.949063629316422519e-01,9.949063493410096326e-01,9.949054567777713132e-01,9.949054568388070452e-01,9.949063495109435884e-01,9.949063633896805259e-01,9.949063643608645480e-01,9.949063633162222864e-01,9.949063493063661223e-01,9.949054562864756424e-01,9.949054552179260602e-01,9.949063407859477515e-01,9.949062739842177150e-01,9.949014513863579934e-01,9.999999999999998890e-01,9.949014516356312621e-01,9.949062754030275624e-01,9.949063559380412203e-01,9.949063618503016793e-01,9.949063491983620722e-01,9.949054568631460205e-01,9.949054570272927167e-01,9.949063497151638957e-01,9.949063636062071003e-01,9.949063645930996680e-01,9.949063635781926207e-01,9.949063496417035468e-01,9.949054568505013574e-01,9.949054565486598056e-01,9.949063479452984193e-01,9.949063547682389652e-01,9.949062752313050373e-01,9.949014516356312621e-01,9.999999999999998890e-01,9.949014516356310400e-01,9.949062752313049263e-01,9.949063547682388542e-01,9.949063479452984193e-01,9.949054565486599166e-01,9.949054570142822351e-01,9.949063497319510230e-01,9.949063636387032172e-01,9.949063646379018300e-01,9.949063636387033283e-01,9.949063497319510230e-01,9.949054570142822351e-01,9.949054568631462425e-01,9.949063491983622942e-01,9.949063618503017903e-01,9.949063559380414423e-01,9.949062754030275624e-01,9.949014516356310400e-01,9.999999999999998890e-01,9.949014513863579934e-01,9.949062739842177150e-01,9.949063407859478625e-01,9.949054552179262823e-01,9.949054568505014684e-01,9.949063496417038799e-01,9.949063635781928427e-01,9.949063645930997790e-01,9.949063636062073224e-01,9.949063497151638957e-01,9.949054570272928277e-01,9.949054567777714242e-01,9.949063493410096326e-01,9.949063629316422519e-01,9.949063628483806321e-01,9.949063559380412203e-01,9.949062752313049263e-01,9.949014513863579934e-01,9.999999999999998890e-01,9.949014499661025246e-01,9.949062598303388683e-01,9.949054478850871686e-01,9.949054562864759754e-01,9.949063493063662333e-01,9.949063633162223974e-01,9.949063643608645480e-01,9.949063633896805259e-01,9.949063495109434774e-01,9.949054568388069342e-01,9.949054556209335765e-01,9.949063482575118966e-01,9.949063620762109705e-01,9.949063629316422519e-01,9.949063618503016793e-01,9.949063547682388542e-01,9.949062739842177150e-01,9.949014499661025246e-01,9.999999999999998890e-01,9.949014347985070117e-01,9.949053659147466533e-01,9.949054537829361555e-01,9.949063477448428783e-01,9.949063619828095728e-01,9.949063631008150388e-01,9.949063621593662310e-01,9.949063482963377281e-01,9.949054556365188873e-01,9.949054416991596206e-01,9.949063343654535041e-01,9.949063482575118966e-01,9.949063493410096326e-01,9.949063491983620722e-01,9.949063479452984193e-01,9.949063407859478625e-01,9.949062598303388683e-01,9.949014347985070117e-01,9.999999999999998890e-01,9.949005267013563136e-01,9.949054326812567517e-01,9.949063325089081422e-01,9.949063476860783295e-01,9.949063490321944370e-01,9.949063481641128304e-01,9.949063343308213181e-01,9.949054416867254558e-01,9.949045490179552198e-01,9.949054416991596206e-01,9.949054556209335765e-01,9.949054567777713132e-01,9.949054568631460205e-01,9.949054565486599166e-01,9.949054552179262823e-01,9.949054478850871686e-01,9.949053659147466533e-01,9.949005267013563136e-01,9.999999999999998890e-01,9.949044569365861346e-01,9.949054326590596187e-01,9.949054537019744737e-01,9.949054559901071570e-01,9.949054553507143961e-01,9.949054415909692750e-01,9.949045489774654971e-01,9.949045489774657192e-01,9.949054416867255668e-01,9.949054556365189983e-01,9.949054568388070452e-01,9.949054570272927167e-01,9.949054570142822351e-01,9.949054568505014684e-01,9.949054562864759754e-01,9.949054537829361555e-01,9.949054326812567517e-01,9.949044569365861346e-01,9.999999999999998890e-01,9.949005266542448878e-01,9.949053658089193064e-01,9.949054475638520190e-01,9.949054536932727677e-01,9.949054411004805143e-01,9.949045487883901862e-01,9.949054415909694971e-01,9.949063343308213181e-01,9.949063482963378391e-01,9.949063495109435884e-01,9.949063497151638957e-01,9.949063497319510230e-01,9.949063496417038799e-01,9.949063493063662333e-01,9.949063477448428783e-01,9.949063325089081422e-01,9.949054326590596187e-01,9.949005266542448878e-01,9.999999999999998890e-01,9.949014346703523026e-01,9.949062594869096943e-01,9.949063392390971039e-01,9.949063324749096715e-01,9.949054411004802922e-01,9.949054553507143961e-01,9.949063481641128304e-01,9.949063621593662310e-01,9.949063633896805259e-01,9.949063636062071003e-01,9.949063636387032172e-01,9.949063635781928427e-01,9.949063633162223974e-01,9.949063619828095728e-01,9.949063476860783295e-01,9.949054537019744737e-01,9.949053658089193064e-01,9.949014346703523026e-01,9.999999999999998890e-01,9.949014495635004618e-01,9.949062723786195050e-01,9.949063392390969929e-01,9.949054536932725457e-01,9.949054559901071570e-01,9.949063490321944370e-01,9.949063631008150388e-01,9.949063643608645480e-01,9.949063645930996680e-01,9.949063646379018300e-01,9.949063645930997790e-01,9.949063643608645480e-01,9.949063631008150388e-01,9.949063490321944370e-01,9.949054559901071570e-01,9.949054475638520190e-01,9.949062594869096943e-01,9.949014495635004618e-01,9.999999999999998890e-01,9.949014495635003508e-01,9.949062594869095832e-01,9.949054475638516859e-01,9.949054537019744737e-01,9.949063476860783295e-01,9.949063619828094618e-01,9.949063633162222864e-01,9.949063635781926207e-01,9.949063636387033283e-01,9.949063636062073224e-01,9.949063633896805259e-01,9.949063621593662310e-01,9.949063481641128304e-01,9.949054553507143961e-01,9.949054536932727677e-01,9.949063392390971039e-01,9.949062723786195050e-01,9.949014495635003508e-01,9.999999999999998890e-01,9.949014346703523026e-01,9.949053658089191954e-01,9.949054326590595076e-01,9.949063325089080312e-01,9.949063477448426562e-01,9.949063493063661223e-01,9.949063496417035468e-01,9.949063497319510230e-01,9.949063497151638957e-01,9.949063495109434774e-01,9.949063482963377281e-01,9.949063343308213181e-01,9.949054415909692750e-01,9.949054411004805143e-01,9.949063324749096715e-01,9.949063392390969929e-01,9.949062594869095832e-01,9.949014346703523026e-01,9.999999999999998890e-01,9.949005266542449988e-01,9.949044569365858015e-01,9.949054326812565296e-01,9.949054537829360445e-01,9.949054562864756424e-01,9.949054568505013574e-01,9.949054570142822351e-01,9.949054570272928277e-01,9.949054568388069342e-01,9.949054556365188873e-01,9.949054416867254558e-01,9.949045489774654971e-01,9.949045487883901862e-01,9.949054411004802922e-01,9.949054536932725457e-01,9.949054475638516859e-01,9.949053658089191954e-01,9.949005266542449988e-01,9.999999999999998890e-01
9.999999999999966693e-01,9.808755920625394920e-01,9.809522350847649230e-01,9.809556029410927414e-01,9.809559115329442580e-01,9.809559688554736478e-01,9.809559814672154099e-01,9.809559730731061133e-01,9.809558968122001898e-01,9.809550125155118705e-01,9.809278419084145328e-01,9.809278398604708293e-01,9.809550070250607767e-01,9.809558829669560165e-01,9.809559320344288791e-01,9.809558120027902506e-01,9.809546256701897615e-01,9.809238746589723501e-01,9.808755920625394920e-01,9.999999999999966693e-01,9.809038765654071179e-01,9.809794936067947058e-01,9.809827893618034977e-01,9.809830859550622284e-01,9.809831380402997958e-01,9.809831393571458724e-01,9.809830662374769972e-01,9.809821831956554439e-01,9.809550125155118705e-01,9.809550116931453623e-01,9.809821809100506274e-01,9.809830600823941094e-01,9.809831190732579698e-01,9.809830395530793057e-01,9.809821030952400323e-01,9.809546271326897715e-01,9.809522350847649230e-01,9.809038765654071179e-01,9.999999999999966693e-01,9.809048480209499044e-01,9.809803928942399942e-01,9.809836771978646119e-01,9.809839686891818067e-01,9.809840095220732081e-01,9.809839461299421082e-01,9.809830662374768862e-01,9.809558968122000788e-01,9.809558972039109648e-01,9.809830671251899004e-01,9.809839475821523491e-01,9.809840097300992490e-01,9.809839399729826104e-01,9.809830434206801009e-01,9.809558173327708186e-01,9.809556029410927414e-01,9.809794936067947058e-01,9.809048480209499044e-01,9.999999999999966693e-01,9.809049410438018812e-01,9.809804739530970652e-01,9.809837531561288460e-01,9.809840333973526283e-01,9.809840095220732081e-01,9.809831393571457614e-01,9.809559730731061133e-01,9.809559754297382250e-01,9.809831458889447520e-01,9.809840270251205530e-01,9.809840904556381691e-01,9.809840238520605160e-01,9.809831370628085967e-01,9.809559514859678142e-01,9.809559115329442580e-01,9.809827893618034977e-01,9.809803928942399942e-01,9.809049410438018812e-01,9.999999999999966693e-01,9.809049575051007608e-01,9.809804852043096934e-01,9.809837531561286239e-01,9.809839686891815846e-01,9.809831380402995737e-01,9.809559814672150768e-01,9.809559882653596796e-01,9.809831594123558096e-01,9.809840410811832001e-01,9.809841051907165488e-01,9.809840398697008412e-01,9.809831562374671243e-01,9.809559805818702793e-01,9.809559688554736478e-01,9.809830859550622284e-01,9.809836771978646119e-01,9.809804739530970652e-01,9.809049575051007608e-01,9.999999999999966693e-01,9.809049575051008718e-01,9.809804739530969542e-01,9.809836771978647230e-01,9.809830859550622284e-01,9.809559688554737589e-01,9.809559885584544503e-01,9.809831610079445818e-01,9.809840433563378204e-01,9.809841079982963841e-01,9.809840433563378204e-01,9.809831610079443598e-01,9.809559885584543393e-01,9.809559814672154099e-01,9.809831380402997958e-01,9.809839686891818067e-01,9.809837531561288460e-01,9.809804852043096934e-01,9.809049575051008718e-01,9.999999999999966693e-01,9.809049410438019923e-01,9.809803928942401052e-01,9.809827893618038308e-01,9.809559115329442580e-01,9.809559805818703904e-01,9.809831562374673464e-01,9.809840398697008412e-01,9.809841051907166598e-01,9.809840410811835332e-01,9.809831594123558096e-01,9.809559882653596796e-01,9.809559730731061133e-01,9.809831393571458724e-01,9.809840095220732081e-01,9.809840333973526283e-01,9.809837531561286239e-01,9.809804739530969542e-01,9.809049410438019923e-01,9.999999999999966693e-01,9.809048480209499044e-01,9.809794936067948168e-01,9.809556029410926303e-01,9.809559514859678142e-01,9.809831370628087077e-01,9.809840238520605160e-01,9.809840904556381691e-01,9.809840270251206640e-01,9.809831458889445299e-01,9.809559754297381140e-01,9.809558968122001898e-01,9.809830662374769972e-01,9.809839461299421082e-01,9.809840095220732081e-01,9.809839686891815846e-01,9.809836771978647230e-01,9.809803928942401052e-01,9.809048480209499044e-01,9.999999999999966693e-01,9.809038765654072289e-01,9.809522350847650340e-01,9.809558173327709296e-01,9.809830434206802119e-01,9.809839399729827214e-01,9.809840097300993600e-01,9.809839475821523491e-01,9.809830671251899004e-01,9.809558972039109648e-01,9.809550125155118705e-01,9.809821831956554439e-01,9.809830662374768862e-01,9.809831393571457614e-01,9.809831380402995737e-01,9.809830859550622284e-01,9.809827893618038308e-01,9.809794936067948168e-01,9.809038765654072289e-01,9.999999999999966693e-01,9.808755920625394920e-01,9.809546271326897715e-01,9.809821030952403653e-01,9.809830395530791947e-01,9.809831190732578587e-01,9.809830600823941094e-01,9.809821809100505163e-01,9.809550116931452513e-01,9.809278419084145328e-01,9.809550125155118705e-01,9.809558968122000788e-01,9.809559730731061133e-01,9.809559814672150768e-01,9.809559688554737589e-01,9.809559115329442580e-01,9.809556029410926303e-01,9.809522350847650340e-01,9.808755920625394920e-01,9.999999999999966693e-01,9.809238746589724611e-01,9.809546256701898725e-01,9.809558120027901396e-01,9.809559320344287681e-01,9.809558829669559055e-01,9.809550070250606657e-01,9.809278398604706073e-01,9.809278398604708293e-01,9.809550116931453623e-01,9.809558972039109648e-01,9.809559754297382250e-01,9.809559882653596796e-01,9.809559885584544503e-01,9.809559805818703904e-01,9.809559514859678142e-01,9.809558173327709296e-01,9.809546271326897715e-01,9.809238746589724611e-01,9.999999999999966693e-01,9.808755889313707232e-01,9.809522281092066809e-01,9.809555818451212161e-01,9.809558122735954067e-01,9.809549856764209208e-01,9.809278313929858939e-01,9.809550070250607767e-01,9.809821809100506274e-01,9.809830671251899004e-01,9.809831458889447520e-01,9.809831594123558096e-01,9.809831610079445818e-01,9.809831562374673464e-01,9.809831370628087077e-01,9.809830434206802119e-01,9.809821030952403653e-01,9.809546256701898725e-01,9.808755889313707232e-01,9.999999999999966693e-01,9.809038680616662953e-01,9.809794710428350051e-01,9.809826886351675768e-01,9.809821012820461039e-01,9.809549856764209208e-01,9.809558829669560165e-01,9.809830600823941094e-01,9.809839475821523491e-01,9.809840270251205530e-01,9.809840410811832001e-01,9.809840433563378204e-01,9.809840398697008412e-01,9.809840238520605160e-01,9.809839399729827214e-01,9.809830395530791947e-01,9.809558120027901396e-01,9.809522281092066809e-01,9.809038680616662953e-01,9.999999999999966693e-01,9.809048213844084874e-01,9.809802882770417565e-01,9.809826886351674657e-01,9.809558122735952956e-01,9.809559320344288791e-01,9.809831190732579698e-01,9.809840097300992490e-01,9.809840904556381691e-01,9.809841051907165488e-01,9.809841079982963841e-01,9.809841051907166598e-01,9.809840904556381691e-01,9.809840097300993600e-01,9.809831190732578587e-01,9.809559320344287681e-01,9.809555818451212161e-01,9.809794710428350051e-01,9.809048213844084874e-01,9.999999999999966693e-01,9.809048213844085984e-01,9.809794710428348941e-01,9.809555818451209941e-01,9.809558120027902506e-01,9.809830395530793057e-01,9.809839399729826104e-01,9.809840238520605160e-01,9.809840398697008412e-01,9.809840433563378204e-01,9.809840410811835332e-01,9.809840270251206640e-01,9.809839475821523491e-01,9.809830600823941094e-01,9.809558829669559055e-01,9.809558122735954067e-01,9.809826886351675768e-01,9.809802882770417565e-01,9.809048213844085984e-01,9.999999999999966693e-01,9.809038680616660733e-01,9.809522281092067919e-01,9.809546256701897615e-01,9.809821030952400323e-01,9.809830434206801009e-01,9.809831370628085967e-01,9.809831562374671243e-01,9.809831610079443598e-01,9.809831594123558096e-01,9.809831458889445299e-01,9.809830671251899004e-01,9.809821809100505163e-01,9.809550070250606657e-01,9.809549856764209208e-01,9.809821012820461039e-01,9.809826886351674657e-01,9.809794710428348941e-01,9.809038680616660733e-01,9.999999999999966693e-01,9.808755889313705012e-01,9.809238746589723501e-01,9.809546271326897715e-01,9.809558173327708186e-01,9.809559514859678142e-01,9.809559805818702793e-01,9.809559885584543393e-01,9.809559882653596796e-01,9.809559754297381140e-01,9.809558972039109648e-01,9.809550116931452513e-01,9.809278398604706073e-01,9.809278313929858939e-01,9.809549856764209208e-01,9.809558122735952956e-01,9.809555818451209941e-01,9.809522281092067919e-01,9.808755889313705012e-01,9.999999999999966693e-01
9.999999999999913403e-01,9.810264848656715664e-01,9.810999376073240574e-01,9.811044044126429053e-01,9.811048312783775538e-01,9.811049136421823302e-01,9.811049209712598973e-01,9.811048603764074283e-01,9.811044844691542144e-01,9.811002691362488148e-01,9.809950669577007787e-01,9.809950611166601275e-01,9.811002533107507917e-01,9.811044433318604208e-01,9.811047322465632492e-01,9.811043496942671860e-01,9.810997541777427555e-01,9.809897167261383277e-01,9.810264848656715664e-01,9.999999999999913403e-01,9.811367988788434191e-01,9.812055877945673465e-01,9.812096927971989402e-01,9.812100596398393160e-01,9.812101158244490584e-01,9.812100676447195191e-01,9.812096957884371973e-01,9.812054816882239683e-01,9.811002691362488148e-01,9.811002649931783726e-01,9.812054702504787729e-01,9.812096651164281536e-01,9.812099674520780024e-01,9.812096381011804480e-01,9.812053688237485360e-01,9.810997614670433631e-01,9.810999376073240574e-01,9.811367988788434191e-01,9.999999999999913403e-01,9.811414315358122362e-01,9.812098751850639733e-01,9.812139227436764699e-01,9.812142641861262282e-01,9.812142651142183869e-01,9.812139057753134219e-01,9.812096957884371973e-01,9.811044844691542144e-01,9.811044819689581642e-01,9.812096885902159560e-01,9.812138851881722079e-01,9.812141917026494520e-01,9.812138750924035424e-01,9.812096573234199148e-01,9.811043762036064653e-01,9.811044044126429053e-01,9.812055877945673465e-01,9.811414315358122362e-01,9.999999999999913403e-01,9.811418818730275326e-01,9.812102669696899371e-01,9.812142891285300372e-01,9.812145753371569468e-01,9.812142651142182759e-01,9.812100676447194081e-01,9.811048603764073173e-01,9.811048605167256298e-01,9.812100679084390098e-01,9.812142654172233414e-01,9.812145736372602789e-01,9.812142611804582915e-01,9.812100561518489750e-01,9.811048282259789977e-01,9.811048312783775538e-01,9.812096927971989402e-01,9.812098751850639733e-01,9.811418818730275326e-01,9.999999999999913403e-01,9.811419629289958033e-01,9.812103222169595851e-01,9.812142891285300372e-01,9.812142641861261172e-01,9.812101158244489474e-01,9.811049209712598973e-01,9.811049270173682890e-01,9.812101353656129676e-01,9.812143335903540375e-01,9.812146427188378484e-01,9.812143319674526687e-01,9.812101311161236517e-01,9.811049165709458952e-01,9.811049136421823302e-01,9.812100596398393160e-01,9.812139227436764699e-01,9.812102669696899371e-01,9.811419629289958033e-01,9.999999999999913403e-01,9.811419629289959143e-01,9.812102669696900481e-01,9.812139227436765809e-01,9.812100596398393160e-01,9.811049136421824413e-01,9.811049365455931648e-01,9.812101466958376150e-01,9.812143458328916878e-01,9.812146556755717564e-01,9.812143458328916878e-01,9.812101466958375040e-01,9.811049365455931648e-01,9.811049209712598973e-01,9.812101158244490584e-01,9.812142641861262282e-01,9.812142891285300372e-01,9.812103222169595851e-01,9.811419629289959143e-01,9.999999999999913403e-01,9.811418818730277547e-01,9.812098751850641953e-01,9.812096927971992733e-01,9.811048312783776648e-01,9.811049165709460063e-01,9.812101311161235406e-01,9.812143319674527797e-01,9.812146427188379594e-01,9.812143335903540375e-01,9.812101353656130787e-01,9.811049270173682890e-01,9.811048603764074283e-01,9.812100676447195191e-01,9.812142651142183869e-01,9.812145753371569468e-01,9.812142891285300372e-01,9.812102669696900481e-01,9.811418818730277547e-01,9.999999999999913403e-01,9.811414315358126803e-01,9.812055877945676796e-01,9.811044044126431274e-01,9.811048282259791087e-01,9.812100561518488639e-01,9.812142611804585135e-01,9.812145736372603899e-01,9.812142654172234524e-01,9.812100679084391208e-01,9.811048605167258518e-01,9.811044844691542144e-01,9.812096957884371973e-01,9.812139057753134219e-01,9.812142651142182759e-01,9.812142641861261172e-01,9.812139227436765809e-01,9.812098751850641953e-01,9.811414315358126803e-01,9.999999999999913403e-01,9.811367988788436412e-01,9.810999376073243905e-01,9.811043762036064653e-01,9.812096573234199148e-01,9.812138750924035424e-01,9.812141917026493410e-01,9.812138851881720969e-01,9.812096885902159560e-01,9.811044819689581642e-01,9.811002691362488148e-01,9.812054816882239683e-01,9.812096957884371973e-01,9.812100676447194081e-01,9.812101158244489474e-01,9.812100596398393160e-01,9.812096927971992733e-01,9.812055877945676796e-01,9.811367988788436412e-01,9.999999999999913403e-01,9.810264848656718994e-01,9.810997614670434741e-01,9.812053688237484250e-01,9.812096381011805590e-01,9.812099674520780024e-01,9.812096651164280425e-01,9.812054702504788839e-01,9.811002649931782615e-01,9.809950669577007787e-01,9.811002691362488148e-01,9.811044844691542144e-01,9.811048603764073173e-01,9.811049209712598973e-01,9.811049136421824413e-01,9.811048312783776648e-01,9.811044044126431274e-01,9.810999376073243905e-01,9.810264848656718994e-01,9.999999999999913403e-01,9.809897167261384388e-01,9.810997541777426445e-01,9.811043496942671860e-01,9.811047322465632492e-01,9.811044433318603097e-01,9.811002533107509027e-01,9.809950611166600165e-01,9.809950611166601275e-01,9.811002649931783726e-01,9.811044819689581642e-01,9.811048605167256298e-01,9.811049270173682890e-01,9.811049365455931648e-01,9.811049165709460063e-01,9.811048282259791087e-01,9.811043762036064653e-01,9.810997614670434741e-01,9.809897167261384388e-01,9.999999999999913403e-01,9.810264691708951990e-01,9.810999027981144316e-01,9.811043001467010249e-01,9.811043497528054713e-01,9.811002221085058927e-01,9.809950466277740366e-01,9.811002533107507917e-01,9.812054702504787729e-01,9.812096885902159560e-01,9.812100679084390098e-01,9.812101353656129676e-01,9.812101466958376150e-01,9.812101311161235406e-01,9.812100561518488639e-01,9.812096573234199148e-01,9.812053688237484250e-01,9.810997541777426445e-01,9.810264691708951990e-01,9.999999999999913403e-01,9.811367564605770752e-01,9.812054761719554152e-01,9.812092039082350725e-01,9.812053602694921217e-01,9.811002221085057817e-01,9.811044433318604208e-01,9.812096651164281536e-01,9.812138851881722079e-01,9.812142654172233414e-01,9.812143335903540375e-01,9.812143458328916878e-01,9.812143319674527797e-01,9.812142611804585135e-01,9.812138750924035424e-01,9.812096381011805590e-01,9.811043496942671860e-01,9.810999027981144316e-01,9.811367564605770752e-01,9.999999999999913403e-01,9.811412997115036561e-01,9.812093668139098002e-01,9.812092039082351835e-01,9.811043497528055823e-01,9.811047322465632492e-01,9.812099674520780024e-01,9.812141917026494520e-01,9.812145736372602789e-01,9.812146427188378484e-01,9.812146556755717564e-01,9.812146427188379594e-01,9.812145736372603899e-01,9.812141917026493410e-01,9.812099674520780024e-01,9.811047322465632492e-01,9.811043001467010249e-01,9.812054761719554152e-01,9.811412997115036561e-01,9.999999999999913403e-01,9.811412997115036561e-01,9.812054761719555263e-01,9.811043001467010249e-01,9.811043496942671860e-01,9.812096381011804480e-01,9.812138750924035424e-01,9.812142611804582915e-01,9.812143319674526687e-01,9.812143458328916878e-01,9.812143335903540375e-01,9.812142654172234524e-01,9.812138851881720969e-01,9.812096651164280425e-01,9.811044433318603097e-01,9.811043497528054713e-01,9.812092039082350725e-01,9.812093668139098002e-01,9.811412997115036561e-01,9.999999999999913403e-01,9.811367564605769642e-01,9.810999027981142095e-01,9.810997541777427555e-01,9.812053688237485360e-01,9.812096573234199148e-01,9.812100561518489750e-01,9.812101311161236517e-01,9.812101466958375040e-01,9.812101353656130787e-01,9.812100679084391208e-01,9.812096885902159560e-01,9.812054702504788839e-01,9.811002533107509027e-01,9.811002221085058927e-01,9.812053602694921217e-01,9.812092039082351835e-01,9.812054761719555263e-01,9.811367564605769642e-01,9.999999999999913403e-01,9.810264691708954210e-01,9.809897167261383277e-01,9.810997614670433631e-01,9.811043762036064653e-01,9.811048282259789977e-01,9.811049165709458952e-01,9.811049365455931648e-01,9.811049270173682890e-01,9.811048605167258518e-01,9.811044819689581642e-01,9.811002649931782615e-01,9.809950611166600165e-01,9.809950466277740366e-01,9.811002221085057817e-01,9.811043497528055823e-01,9.811043001467010249e-01,9.810999027981142095e-01,9.810264691708954210e-01,9.999999999999913403e-01
