1.000000000000000000e+00,1.000000000000000000e+00,1.000000000000000000e+00,1.000000000000000000e+00,1.000000000000000000e+00,1.000000000000000000e+00,1.000000000000000000e+00,1.000000000000000000e+00,1.000000000000000000e+00,1.000000000000000000e+00,1.000000000000000000e+00,1.000000000000000000e+00,1.000000000000000000e+00,1.000000000000000000e+00,1.000000000000000000e+00,1.000000000000000000e+00,1.000000000000000000e+00,1.000000000000000000e+00,1.000000000000000000e+00,1.000000000000000000e+00,1.000000000000000000e+00,1.000000000000000000e+00,1.000000000000000000e+00,1.000000000000000000e+00,1.000000000000000000e+00,1.000000000000000000e+00,1.000000000000000000e+00,1.000000000000000000e+00,1.000000000000000000e+00,1.000000000000000000e+00,1.000000000000000000e+00,1.000000000000000000e+00,1.000000000000000000e+00,1.000000000000000000e+00,1.000000000000000000e+00,1.000000000000000000e+00,1.000000000000000000e+00,1.000000000000000000e+00,1.000000000000000000e+00,1.000000000000000000e+00,1.000000000000000000e+00,1.000000000000000000e+00,1.000000000000000000e+00,1.000000000000000000e+00,1.000000000000000000e+00,1.000000000000000000e+00,1.000000000000000000e+00,1.000000000000000000e+00,1.000000000000000000e+00,1.000000000000000000e+00,1.000000000000000000e+00,1.000000000000000000e+00,1.000000000000000000e+00,1.000000000000000000e+00,1.000000000000000000e+00,1.000000000000000000e+00,1.000000000000000000e+00,1.000000000000000000e+00,1.000000000000000000e+00,1.000000000000000000e+00,1.000000000000000000e+00,1.000000000000000000e+00,1.000000000000000000e+00,1.000000000000000000e+00,1.000000000000000000e+00,1.000000000000000000e+00,1.000000000000000000e+00,1.000000000000000000e+00,1.000000000000000000e+00,1.000000000000000000e+00,1.000000000000000000e+00,1.000000000000000000e+00,1.000000000000000000e+00,1.000000000000000000e+00,1.000000000000000000e+00,1.000000000000000000e+00,1.000000000000000000e+00,1.000000000000000000e+00,1.000000000000000000e+00,1.000000000000000000e+00,1.000000000000000000e+00,1.000000000000000000e+00,1.000000000000000000e+00,1.000000000000000000e+00,1.000000000000000000e+00,1.000000000000000000e+00,1.000000000000000000e+00,1.000000000000000000e+00,1.000000000000000000e+00,1.000000000000000000e+00,1.000000000000000000e+00,1.000000000000000000e+00,1.000000000000000000e+00,1.000000000000000000e+00,1.000000000000000000e+00,1.000000000000000000e+00,1.000000000000000000e+00,1.000000000000000000e+00,1.000000000000000000e+00,1.000000000000000000e+00,1.000000000000000000e+00,1.000000000000000000e+00,1.000000000000000000e+00,1.000000000000000000e+00,1.000000000000000000e+00,1.000000000000000000e+00,1.000000000000000000e+00,1.000000000000000000e+00,1.000000000000000000e+00,1.000000000000000000e+00,1.000000000000000000e+00,1.000000000000000000e+00,1.000000000000000000e+00,1.000000000000000000e+00,1.000000000000000000e+00,1.000000000000000000e+00,1.000000000000000000e+00,1.000000000000000000e+00,1.000000000000000000e+00,1.000000000000000000e+00,1.000000000000000000e+00,1.000000000000000000e+00,1.000000000000000000e+00,1.000000000000000000e+00,1.000000000000000000e+00,1.000000000000000000e+00,1.000000000000000000e+00,1.000000000000000000e+00,1.000000000000000000e+00,1.000000000000000000e+00,1.000000000000000000e+00,1.000000000000000000e+00,1.000000000000000000e+00,1.000000000000000000e+00,1.000000000000000000e+00,1.000000000000000000e+00,1.000000000000000000e+00,1.000000000000000000e+00,1.000000000000000000e+00,1.000000000000000000e+00,1.000000000000000000e+00,1.000000000000000000e+00,1.000000000000000000e+00,1.000000000000000000e+00,1.000000000000000000e+00,1.000000000000000000e+00,1.000000000000000000e+00,1.000000000000000000e+00,1.000000000000000000e+00,1.000000000000000000e+00,1.000000000000000000e+00,1.000000000000000000e+00,1.000000000000000000e+00,1.000000000000000000e+00,1.000000000000000000e+00,1.000000000000000000e+00,1.000000000000000000e+00,1.000000000000000000e+00,1.000000000000000000e+00,1.000000000000000000e+00,1.000000000000000000e+00,1.000000000000000000e+00,1.000000000000000000e+00,1.000000000000000000e+00,1.000000000000000000e+00,1.000000000000000000e+00,1.000000000000000000e+00,1.000000000000000000e+00,1.000000000000000000e+00,1.000000000000000000e+00,1.000000000000000000e+00,1.000000000000000000e+00,1.000000000000000000e+00,1.000000000000000000e+00,1.000000000000000000e+00,1.000000000000000000e+00,1.000000000000000000e+00,1.000000000000000000e+00,1.000000000000000000e+00,1.000000000000000000e+00,1.000000000000000000e+00,1.000000000000000000e+00,1.000000000000000000e+00,1.000000000000000000e+00,1.000000000000000000e+00,1.000000000000000000e+00,1.000000000000000000e+00,1.000000000000000000e+00,1.000000000000000000e+00,1.000000000000000000e+00,1.000000000000000000e+00,1.000000000000000000e+00,1.000000000000000000e+00,1.000000000000000000e+00,1.000000000000000000e+00,1.000000000000000000e+00,1.000000000000000000e+00,1.000000000000000000e+00,1.000000000000000000e+00,1.000000000000000000e+00,1.000000000000000000e+00,1.000000000000000000e+00,1.000000000000000000e+00,1.000000000000000000e+00,1.000000000000000000e+00,1.000000000000000000e+00,1.000000000000000000e+00,1.000000000000000000e+00,1.000000000000000000e+00,1.000000000000000000e+00,1.000000000000000000e+00,1.000000000000000000e+00,1.000000000000000000e+00,1.000000000000000000e+00,1.000000000000000000e+00,1.000000000000000000e+00,1.000000000000000000e+00,1.000000000000000000e+00,1.000000000000000000e+00,1.000000000000000000e+00,1.000000000000000000e+00,1.000000000000000000e+00,1.000000000000000000e+00,1.000000000000000000e+00,1.000000000000000000e+00,1.000000000000000000e+00,1.000000000000000000e+00,1.000000000000000000e+00,1.000000000000000000e+00,1.000000000000000000e+00,1.000000000000000000e+00,1.000000000000000000e+00,1.000000000000000000e+00,1.000000000000000000e+00,1.000000000000000000e+00,1.000000000000000000e+00,1.000000000000000000e+00,1.000000000000000000e+00,1.000000000000000000e+00,1.000000000000000000e+00,1.000000000000000000e+00,1.000000000000000000e+00,1.000000000000000000e+00,1.000000000000000000e+00,1.000000000000000000e+00,1.000000000000000000e+00,1.000000000000000000e+00,1.000000000000000000e+00,1.000000000000000000e+00,1.000000000000000000e+00,1.000000000000000000e+00,1.000000000000000000e+00,1.000000000000000000e+00,1.000000000000000000e+00,1.000000000000000000e+00,1.000000000000000000e+00,1.000000000000000000e+00,1.000000000000000000e+00,1.000000000000000000e+00,1.000000000000000000e+00,1.000000000000000000e+00,1.000000000000000000e+00,1.000000000000000000e+00,1.000000000000000000e+00,1.000000000000000000e+00,1.000000000000000000e+00,1.000000000000000000e+00,1.000000000000000000e+00,1.000000000000000000e+00,1.000000000000000000e+00,1.000000000000000000e+00,1.000000000000000000e+00,1.000000000000000000e+00,1.000000000000000000e+00,1.000000000000000000e+00,1.000000000000000000e+00,1.000000000000000000e+00,1.000000000000000000e+00,1.000000000000000000e+00,1.000000000000000000e+00,1.000000000000000000e+00,1.000000000000000000e+00,1.000000000000000000e+00,1.000000000000000000e+00,1.000000000000000000e+00,1.000000000000000000e+00,1.000000000000000000e+00,1.000000000000000000e+00,1.000000000000000000e+00,1.000000000000000000e+00,1.000000000000000000e+00,1.000000000000000000e+00,1.000000000000000000e+00,1.000000000000000000e+00,1.000000000000000000e+00,1.000000000000000000e+00,1.000000000000000000e+00,1.000000000000000000e+00,1.000000000000000000e+00,1.000000000000000000e+00,1.000000000000000000e+00,1.000000000000000000e+00,1.000000000000000000e+00,1.000000000000000000e+00,1.000000000000000000e+00,1.000000000000000000e+00,1.000000000000000000e+00,1.000000000000000000e+00,1.000000000000000000e+00,1.000000000000000000e+00,1.000000000000000000e+00,1.000000000000000000e+00,1.000000000000000000e+00,1.000000000000000000e+00,1.000000000000000000e+00,1.000000000000000000e+00,1.000000000000000000e+00,1.000000000000000000e+00,1.000000000000000000e+00,1.000000000000000000e+00,1.000000000000000000e+00,1.000000000000000000e+00,1.000000000000000000e+00,1.000000000000000000e+00,1.000000000000000000e+00,1.000000000000000000e+00,1.000000000000000000e+00,1.000000000000000000e+00,1.000000000000000000e+00,1.000000000000000000e+00,1.000000000000000000e+00,1.000000000000000000e+00,1.000000000000000000e+00,1.000000000000000000e+00,1.000000000000000000e+00,1.000000000000000000e+00,1.000000000000000000e+00,1.000000000000000000e+00,1.000000000000000000e+00,1.000000000000000000e+00,1.000000000000000000e+00,1.000000000000000000e+00,1.000000000000000000e+00,1.000000000000000000e+00,1.000000000000000000e+00,1.000000000000000000e+00,1.000000000000000000e+00,1.000000000000000000e+00,1.000000000000000000e+00,1.000000000000000000e+00,1.000000000000000000e+00,1.000000000000000000e+00,1.000000000000000000e+00,1.000000000000000000e+00,1.000000000000000000e+00,1.000000000000000000e+00,1.000000000000000000e+00,1.000000000000000000e+00,1.000000000000000000e+00,1.000000000000000000e+00,1.000000000000000000e+00,1.000000000000000000e+00,1.000000000000000000e+00,1.000000000000000000e+00,1.000000000000000000e+00,1.000000000000000000e+00,1.000000000000000000e+00,1.000000000000000000e+00,1.000000000000000000e+00,1.000000000000000000e+00,1.000000000000000000e+00,1.000000000000000000e+00,1.000000000000000000e+00,1.000000000000000000e+00,1.000000000000000000e+00,1.000000000000000000e+00,1.000000000000000000e+00,1.000000000000000000e+00,1.000000000000000000e+00,1.000000000000000000e+00,1.000000000000000000e+00,1.000000000000000000e+00,1.000000000000000000e+00,1.000000000000000000e+00,1.000000000000000000e+00,1.000000000000000000e+00,1.000000000000000000e+00,1.000000000000000000e+00,1.000000000000000000e+00,1.000000000000000000e+00,1.000000000000000000e+00,1.000000000000000000e+00,1.000000000000000000e+00,1.000000000000000000e+00,1.000000000000000000e+00,1.000000000000000000e+00,1.000000000000000000e+00,1.000000000000000000e+00,1.000000000000000000e+00,1.000000000000000000e+00
9.999999999999986677e-01,9.949035469973679380e-01,9.949045232644397885e-01,9.949045442405398676e-01,9.949045467135151366e-01,9.949045472729493023e-01,9.949045474521531762e-01,9.949045475231231839e-01,9.949045475547660944e-01,9.949045475688327311e-01,9.949045475728846011e-01,9.949045475688327311e-01,9.949045475547659834e-01,9.949045475231230728e-01,9.949045474521531762e-01,9.949045472729490802e-01,9.949045467135152476e-01,9.949045442405397566e-01,9.949045232644397885e-01,9.949035469973679380e-01,9.949035469973679380e-01,9.999999999999986677e-01,9.949005239198830397e-01,9.949053643865042318e-01,9.949054455067257718e-01,9.949054526699852019e-01,9.949054539674575537e-01,9.949054543208079027e-01,9.949054544455964155e-01,9.949054544975202141e-01,9.949054545205762157e-01,9.949054545292617124e-01,9.949054545279386597e-01,9.949054545153239726e-01,9.949054544822726331e-01,9.949054543963870012e-01,9.949054541199511270e-01,9.949054527685601279e-01,9.949054384332418621e-01,9.949045431218432878e-01,9.949045232644397885e-01,9.949005239198830397e-01,9.999999999999986677e-01,9.949014334626850031e-01,9.949062597130696739e-01,9.949063398093240806e-01,9.949063468062220306e-01,9.949063480625162104e-01,9.949063484023366044e-01,9.949063485215214886e-01,9.949063485704289223e-01,9.949063485911058269e-01,9.949063485967896137e-01,9.949063485899040105e-01,9.949063485638698356e-01,9.949063484900030341e-01,9.949063482394847613e-01,9.949063469555380346e-01,9.949063328359148972e-01,9.949054384332416401e-01,9.949045442405398676e-01,9.949053643865042318e-01,9.949014334626850031e-01,9.999999999999986677e-01,9.949014487190787071e-01,9.949062739461796978e-01,9.949063538779147065e-01,9.949063608339961950e-01,9.949063620768676675e-01,9.949063624111249560e-01,9.949063625273112388e-01,9.949063625738474581e-01,9.949063625915255393e-01,9.949063625916459985e-01,9.949063625713364667e-01,9.949063625044758385e-01,9.949063622659527484e-01,9.949063610078680009e-01,9.949063469555382566e-01,9.949054527685603500e-01,9.949045467135151366e-01,9.949054455067257718e-01,9.949062597130696739e-01,9.949014487190787071e-01,9.999999999999986677e-01,9.949014501854299697e-01,9.949062752463845305e-01,9.949063551373066305e-01,9.949063620799650787e-01,9.949063633172734455e-01,9.949063636485320217e-01,9.949063637623470902e-01,9.949063638058844861e-01,9.949063638179994618e-01,9.949063638046957703e-01,9.949063637435595631e-01,9.949063635120426463e-01,9.949063622659525263e-01,9.949063482394847613e-01,9.949054541199511270e-01,9.949045472729493023e-01,9.949054526699852019e-01,9.949063398093240806e-01,9.949062739461796978e-01,9.949014501854299697e-01,9.999999999999986677e-01,9.949014504783775248e-01,9.949062754982082035e-01,9.949063553757089284e-01,9.949063623128041600e-01,9.949063635471139255e-01,9.949063638760012873e-01,9.949063639868176434e-01,9.949063640247918228e-01,9.949063640234825368e-01,9.949063639693525030e-01,9.949063637435595631e-01,9.949063625044757275e-01,9.949063484900030341e-01,9.949054543963870012e-01,9.949045474521531762e-01,9.949054539674575537e-01,9.949063468062220306e-01,9.949063538779147065e-01,9.949062752463845305e-01,9.949014504783775248e-01,9.999999999999986677e-01,9.949014505656350593e-01,9.949062755719532136e-01,9.949063554438912771e-01,9.949063623779879073e-01,9.949063636099263475e-01,9.949063639358151079e-01,9.949063640410680254e-01,9.949063640656181651e-01,9.949063640234823147e-01,9.949063638046957703e-01,9.949063625713362446e-01,9.949063485638697246e-01,9.949054544822727442e-01,9.949045475231231839e-01,9.949054543208079027e-01,9.949063480625162104e-01,9.949063608339961950e-01,9.949063551373066305e-01,9.949062754982082035e-01,9.949014505656350593e-01,9.999999999999986677e-01,9.949014505985876999e-01,9.949062755993089979e-01,9.949063554682486821e-01,9.949063623999740980e-01,9.949063636289139367e-01,9.949063639492391475e-01,9.949063640410681364e-01,9.949063640247917117e-01,9.949063638179993507e-01,9.949063625916458875e-01,9.949063485899038994e-01,9.949054545153240836e-01,9.949045475547660944e-01,9.949054544455964155e-01,9.949063484023366044e-01,9.949063620768676675e-01,9.949063620799650787e-01,9.949063553757089284e-01,9.949062755719532136e-01,9.949014505985876999e-01,9.999999999999986677e-01,9.949014506125336554e-01,9.949062756102420302e-01,9.949063554768106110e-01,9.949063624055375366e-01,9.949063636289137147e-01,9.949063639358151079e-01,9.949063639868175324e-01,9.949063638058845971e-01,9.949063625915254283e-01,9.949063485967895026e-01,9.949054545279388817e-01,9.949045475688327311e-01,9.949054544975202141e-01,9.949063485215214886e-01,9.949063624111249560e-01,9.949063633172734455e-01,9.949063623128041600e-01,9.949063554438912771e-01,9.949062755993089979e-01,9.949014506125336554e-01,9.999999999999986677e-01,9.949014506179089112e-01,9.949062756132406316e-01,9.949063554768107220e-01,9.949063623999739869e-01,9.949063636099263475e-01,9.949063638760011763e-01,9.949063637623469791e-01,9.949063625738472361e-01,9.949063485911057159e-01,9.949054545292617124e-01,9.949045475728846011e-01,9.949054545205762157e-01,9.949063485704289223e-01,9.949063625273112388e-01,9.949063636485320217e-01,9.949063635471139255e-01,9.949063623779879073e-01,9.949063554682486821e-01,9.949062756102420302e-01,9.949014506179089112e-01,9.999999999999986677e-01,9.949014506179089112e-01,9.949062756102421412e-01,9.949063554682485711e-01,9.949063623779879073e-01,9.949063635471137035e-01,9.949063636485319106e-01,9.949063625273110167e-01,9.949063485704288112e-01,9.949054545205763267e-01,9.949045475688327311e-01,9.949054545292617124e-01,9.949063485911058269e-01,9.949063625738474581e-01,9.949063637623470902e-01,9.949063638760012873e-01,9.949063636099263475e-01,9.949063623999740980e-01,9.949063554768106110e-01,9.949062756132406316e-01,9.949014506179089112e-01,9.999999999999986677e-01,9.949014506125335444e-01,9.949062755993088869e-01,9.949063554438911661e-01,9.949063623128041600e-01,9.949063633172734455e-01,9.949063624111247339e-01,9.949063485215214886e-01,9.949054544975201031e-01,9.949045475547659834e-01,9.949054545279386597e-01,9.949063485967896137e-01,9.949063625915255393e-01,9.949063638058844861e-01,9.949063639868176434e-01,9.949063639358151079e-01,9.949063636289139367e-01,9.949063624055375366e-01,9.949063554768107220e-01,9.949062756102421412e-01,9.949014506125335444e-01,9.999999999999986677e-01,9.949014505985875889e-01,9.949062755719531026e-01,9.949063553757085954e-01,9.949063620799649676e-01,9.949063620768675564e-01,9.949063484023364934e-01,9.949054544455964155e-01,9.949045475231230728e-01,9.949054545153239726e-01,9.949063485899040105e-01,9.949063625916459985e-01,9.949063638179994618e-01,9.949063640247918228e-01,9.949063640410680254e-01,9.949063639492391475e-01,9.949063636289137147e-01,9.949063623999739869e-01,9.949063554682485711e-01,9.949062755993088869e-01,9.949014505985875889e-01,9.999999999999986677e-01,9.949014505656349483e-01,9.949062754982078705e-01,9.949063551373066305e-01,9.949063608339959730e-01,9.949063480625159883e-01,9.949054543208080137e-01,9.949045474521531762e-01,9.949054544822726331e-01,9.949063485638698356e-01,9.949063625713364667e-01,9.949063638046957703e-01,9.949063640234825368e-01,9.949063640656181651e-01,9.949063640410681364e-01,9.949063639358151079e-01,9.949063636099263475e-01,9.949063623779879073e-01,9.949063554438911661e-01,9.949062755719531026e-01,9.949014505656349483e-01,9.999999999999986677e-01,9.949014504783771917e-01,9.949062752463844195e-01,9.949063538779143734e-01,9.949063468062218085e-01,9.949054539674576647e-01,9.949045472729490802e-01,9.949054543963870012e-01,9.949063484900030341e-01,9.949063625044758385e-01,9.949063637435595631e-01,9.949063639693525030e-01,9.949063640234823147e-01,9.949063640247917117e-01,9.949063639868175324e-01,9.949063638760011763e-01,9.949063635471137035e-01,9.949063623128041600e-01,9.949063553757085954e-01,9.949062754982078705e-01,9.949014504783771917e-01,9.999999999999986677e-01,9.949014501854301917e-01,9.949062739461795868e-01,9.949063398093241917e-01,9.949054526699853129e-01,9.949045467135152476e-01,9.949054541199511270e-01,9.949063482394847613e-01,9.949063622659527484e-01,9.949063635120426463e-01,9.949063637435595631e-01,9.949063638046957703e-01,9.949063638179993507e-01,9.949063638058845971e-01,9.949063637623469791e-01,9.949063636485319106e-01,9.949063633172734455e-01,9.949063620799649676e-01,9.949063551373066305e-01,9.949062752463844195e-01,9.949014501854301917e-01,9.999999999999986677e-01,9.949014487190788181e-01,9.949062597130698959e-01,9.949054455067258829e-01,9.949045442405397566e-01,9.949054527685601279e-01,9.949063469555380346e-01,9.949063610078680009e-01,9.949063622659525263e-01,9.949063625044757275e-01,9.949063625713362446e-01,9.949063625916458875e-01,9.949063625915254283e-01,9.949063625738472361e-01,9.949063625273110167e-01,9.949063624111247339e-01,9.949063620768675564e-01,9.949063608339959730e-01,9.949063538779143734e-01,9.949062739461795868e-01,9.949014487190788181e-01,9.999999999999986677e-01,9.949014334626847811e-01,9.949053643865043428e-01,9.949045232644397885e-01,9.949054384332418621e-01,9.949063328359148972e-01,9.949063469555382566e-01,9.949063482394847613e-01,9.949063484900030341e-01,9.949063485638697246e-01,9.949063485899038994e-01,9.949063485967895026e-01,9.949063485911057159e-01,9.949063485704288112e-01,9.949063485215214886e-01,9.949063484023364934e-01,9.949063480625159883e-01,9.949063468062218085e-01,9.949063398093241917e-01,9.949062597130698959e-01,9.949014334626847811e-01,9.999999999999986677e-01,9.949005239198829287e-01,9.949035469973679380e-01,9.949045431218432878e-01,9.949054384332416401e-01,9.949054527685603500e-01,9.949054541199511270e-01,9.949054543963870012e-01,9.949054544822727442e-01,9.949054545153240836e-01,9.949054545279388817e-01,9.949054545292617124e-01,9.949054545205763267e-01,9.949054544975201031e-01,9.949054544455964155e-01,9.949054543208080137e-01,9.949054539674576647e-01,9.949054526699853129e-01,9.949054455067258829e-01,9.949053643865043428e-01,9.949005239198829287e-01,9.999999999999986677e-01
9.999999999999958922e-01,9.808955188449408613e-01,9.809263328716554264e-01,9.809275200209212064e-01,9.809276536231115173e-01,9.809276829721943480e-01,9.809276922034452229e-01,9.809276958178013706e-01,9.809276974179443886e-01,9.809276981263482798e-01,9.809276983300104780e-01,9.809276981263483908e-01,9.809276974179444997e-01,9.809276958178012595e-01,9.809276922034452229e-01,9.809276829721944591e-01,9.809276536231114063e-01,9.809275200209210954e-01,9.809263328716552044e-01,9.808955188449408613e-01,9.808955188449408613e-01,9.999999999999958922e-01,9.808754088175625219e-01,9.809521077014848878e-01,9.809554406950207195e-01,9.809557424719016483e-01,9.809557989456785254e-01,9.809558146348453800e-01,9.809558202423308559e-01,9.809558225853599600e-01,9.809558236121230790e-01,9.809558239621237741e-01,9.809558238095953397e-01,9.809558230406915103e-01,9.809558210816583523e-01,9.809558159146806178e-01,9.809557988380238625e-01,9.809557134965676273e-01,9.809548095721136729e-01,9.809274937314306220e-01,9.809263328716554264e-01,9.808754088175625219e-01,9.999999999999958922e-01,9.809037889870809712e-01,9.809794585523650134e-01,9.809827188894617578e-01,9.809830091540726604e-01,9.809830627957598637e-01,9.809830775570363981e-01,9.809830827813411647e-01,9.809830849194046687e-01,9.809830857863738318e-01,9.809830859371206913e-01,9.809830854175757286e-01,9.809830837653519264e-01,9.809830791245656156e-01,9.809830631812419544e-01,9.809829807805184876e-01,9.809820862193064928e-01,9.809548095721135619e-01,9.809275200209212064e-01,9.809521077014848878e-01,9.809037889870809712e-01,9.999999999999958922e-01,9.809047666613696093e-01,9.809803633737832484e-01,9.809836127256190696e-01,9.809839002863159907e-01,9.809839530395823015e-01,9.809839674326911174e-01,9.809839724585891485e-01,9.809839744398690664e-01,9.809839751087600090e-01,9.809839748923954161e-01,9.809839734881237172e-01,9.809839691507509229e-01,9.809839537262722287e-01,9.809838724420981704e-01,9.809829807805183766e-01,9.809557134965675163e-01,9.809276536231115173e-01,9.809554406950207195e-01,9.809794585523650134e-01,9.809047666613696093e-01,9.999999999999958922e-01,9.809048627568395240e-01,9.809804479461068372e-01,9.809836945944069297e-01,9.809839812687328742e-01,9.809840336545990747e-01,9.809840478496155702e-01,9.809840527188700143e-01,9.809840545021305536e-01,9.809840548039195918e-01,9.809840537027938456e-01,9.809840496132792298e-01,9.809840344920113253e-01,9.809839537262722287e-01,9.809830631812417323e-01,9.809557988380237514e-01,9.809276829721943480e-01,9.809557424719016483e-01,9.809827188894617578e-01,9.809803633737832484e-01,9.809048627568395240e-01,9.999999999999958922e-01,9.809048821205461621e-01,9.809804644755309999e-01,9.809837102355229987e-01,9.809839965424494990e-01,9.809840487302542433e-01,9.809840627686429171e-01,9.809840674398851990e-01,9.809840688560461652e-01,9.809840682730729400e-01,9.809840644866989479e-01,9.809840496132791188e-01,9.809839691507509229e-01,9.809830791245655046e-01,9.809558159146806178e-01,9.809276922034452229e-01,9.809557989456785254e-01,9.809830091540726604e-01,9.809836127256190696e-01,9.809804479461068372e-01,9.809048821205461621e-01,9.999999999999958922e-01,9.809048879078425820e-01,9.809804693335092418e-01,9.809837147253644973e-01,9.809840008341983442e-01,9.809840528653749336e-01,9.809840667057531105e-01,9.809840710098963745e-01,9.809840715412949663e-01,9.809840682730730510e-01,9.809840537027937346e-01,9.809839734881238282e-01,9.809830837653517044e-01,9.809558210816582413e-01,9.809276958178013706e-01,9.809558146348453800e-01,9.809830627957598637e-01,9.809839002863159907e-01,9.809836945944069297e-01,9.809804644755309999e-01,9.809048879078425820e-01,9.999999999999958922e-01,9.809048900967090034e-01,9.809804711384187970e-01,9.809837163318815279e-01,9.809840022840714546e-01,9.809840541172362149e-01,9.809840675905152629e-01,9.809840710098962635e-01,9.809840688560462763e-01,9.809840548039194807e-01,9.809839748923955272e-01,9.809830854175755066e-01,9.809558230406912882e-01,9.809276974179443886e-01,9.809558202423308559e-01,9.809830775570363981e-01,9.809839530395823015e-01,9.809839812687328742e-01,9.809837102355229987e-01,9.809804693335092418e-01,9.809048900967090034e-01,9.999999999999958922e-01,9.809048910237517793e-01,9.809804718603051255e-01,9.809837168969989252e-01,9.809840026511706945e-01,9.809840541172361039e-01,9.809840667057527774e-01,9.809840674398853100e-01,9.809840545021304425e-01,9.809839751087600090e-01,9.809830859371203582e-01,9.809558238095952287e-01,9.809276981263482798e-01,9.809558225853599600e-01,9.809830827813411647e-01,9.809839674326911174e-01,9.809840336545990747e-01,9.809839965424494990e-01,9.809837147253644973e-01,9.809804711384187970e-01,9.809048910237517793e-01,9.999999999999958922e-01,9.809048913811931891e-01,9.809804720583581439e-01,9.809837168969988141e-01,9.809840022840713436e-01,9.809840528653747116e-01,9.809840627686429171e-01,9.809840527188696813e-01,9.809839744398689554e-01,9.809830857863733877e-01,9.809558239621236631e-01,9.809276983300104780e-01,9.809558236121230790e-01,9.809830849194046687e-01,9.809839724585891485e-01,9.809840478496155702e-01,9.809840487302542433e-01,9.809840008341983442e-01,9.809837163318815279e-01,9.809804718603051255e-01,9.809048913811931891e-01,9.999999999999958922e-01,9.809048913811931891e-01,9.809804718603051255e-01,9.809837163318813058e-01,9.809840008341980111e-01,9.809840487302541323e-01,9.809840478496154592e-01,9.809839724585891485e-01,9.809830849194044466e-01,9.809558236121229680e-01,9.809276981263483908e-01,9.809558239621237741e-01,9.809830857863738318e-01,9.809839744398690664e-01,9.809840527188700143e-01,9.809840627686429171e-01,9.809840528653749336e-01,9.809840022840714546e-01,9.809837168969989252e-01,9.809804720583581439e-01,9.809048913811931891e-01,9.999999999999958922e-01,9.809048910237520014e-01,9.809804711384189080e-01,9.809837147253644973e-01,9.809839965424494990e-01,9.809840336545990747e-01,9.809839674326913395e-01,9.809830827813411647e-01,9.809558225853599600e-01,9.809276974179444997e-01,9.809558238095953397e-01,9.809830859371206913e-01,9.809839751087600090e-01,9.809840545021305536e-01,9.809840674398851990e-01,9.809840667057531105e-01,9.809840541172362149e-01,9.809840026511706945e-01,9.809837168969988141e-01,9.809804718603051255e-01,9.809048910237520014e-01,9.999999999999958922e-01,9.809048900967088924e-01,9.809804693335090198e-01,9.809837102355229987e-01,9.809839812687328742e-01,9.809839530395825236e-01,9.809830775570362871e-01,9.809558202423307449e-01,9.809276958178012595e-01,9.809558230406915103e-01,9.809830854175757286e-01,9.809839748923954161e-01,9.809840548039195918e-01,9.809840688560461652e-01,9.809840710098963745e-01,9.809840675905152629e-01,9.809840541172361039e-01,9.809840022840713436e-01,9.809837163318813058e-01,9.809804711384189080e-01,9.809048900967088924e-01,9.999999999999958922e-01,9.809048879078423600e-01,9.809804644755308889e-01,9.809836945944068187e-01,9.809839002863161017e-01,9.809830627957597526e-01,9.809558146348452690e-01,9.809276922034452229e-01,9.809558210816583523e-01,9.809830837653519264e-01,9.809839734881237172e-01,9.809840537027938456e-01,9.809840682730729400e-01,9.809840715412949663e-01,9.809840710098962635e-01,9.809840667057527774e-01,9.809840528653747116e-01,9.809840008341980111e-01,9.809837147253644973e-01,9.809804693335090198e-01,9.809048879078423600e-01,9.999999999999958922e-01,9.809048821205461621e-01,9.809804479461065041e-01,9.809836127256190696e-01,9.809830091540725494e-01,9.809557989456781923e-01,9.809276829721944591e-01,9.809558159146806178e-01,9.809830791245656156e-01,9.809839691507509229e-01,9.809840496132792298e-01,9.809840644866989479e-01,9.809840682730730510e-01,9.809840688560462763e-01,9.809840674398853100e-01,9.809840627686429171e-01,9.809840487302541323e-01,9.809839965424494990e-01,9.809837102355229987e-01,9.809804644755308889e-01,9.809048821205461621e-01,9.999999999999958922e-01,9.809048627568393020e-01,9.809803633737835815e-01,9.809827188894617578e-01,9.809557424719016483e-01,9.809276536231114063e-01,9.809557988380238625e-01,9.809830631812419544e-01,9.809839537262722287e-01,9.809840344920113253e-01,9.809840496132791188e-01,9.809840537027937346e-01,9.809840548039194807e-01,9.809840545021304425e-01,9.809840527188696813e-01,9.809840478496154592e-01,9.809840336545990747e-01,9.809839812687328742e-01,9.809836945944068187e-01,9.809804479461065041e-01,9.809048627568393020e-01,9.999999999999958922e-01,9.809047666613698313e-01,9.809794585523650134e-01,9.809554406950206085e-01,9.809275200209210954e-01,9.809557134965676273e-01,9.809829807805184876e-01,9.809838724420981704e-01,9.809839537262722287e-01,9.809839691507509229e-01,9.809839734881238282e-01,9.809839748923955272e-01,9.809839751087600090e-01,9.809839744398689554e-01,9.809839724585891485e-01,9.809839674326913395e-01,9.809839530395825236e-01,9.809839002863161017e-01,9.809836127256190696e-01,9.809803633737835815e-01,9.809047666613698313e-01,9.999999999999958922e-01,9.809037889870807492e-01,9.809521077014847767e-01,9.809263328716552044e-01,9.809548095721136729e-01,9.809820862193064928e-01,9.809829807805183766e-01,9.809830631812417323e-01,9.809830791245655046e-01,9.809830837653517044e-01,9.809830854175755066e-01,9.809830859371203582e-01,9.809830857863733877e-01,9.809830849194044466e-01,9.809830827813411647e-01,9.809830775570362871e-01,9.809830627957597526e-01,9.809830091540725494e-01,9.809827188894617578e-01,9.809794585523650134e-01,9.809037889870807492e-01,9.999999999999958922e-01,9.808754088175619668e-01,9.808955188449408613e-01,9.809274937314306220e-01,9.809548095721135619e-01,9.809557134965675163e-01,9.809557988380237514e-01,9.809558159146806178e-01,9.809558210816582413e-01,9.809558230406912882e-01,9.809558238095952287e-01,9.809558239621236631e-01,9.809558236121229680e-01,9.809558225853599600e-01,9.809558202423307449e-01,9.809558146348452690e-01,9.809557989456781923e-01,9.809557424719016483e-01,9.809554406950206085e-01,9.809521077014847767e-01,9.808754088175619668e-01,9.999999999999958922e-01
9.999999999999962252e-01,9.808781084260734806e-01,9.809886071450178990e-01,9.809932379722373641e-01,9.809936967624376392e-01,9.809937900888974216e-01,9.809938179360813137e-01,9.809938284573994638e-01,9.809938330084381208e-01,9.809938349952975756e-01,9.809938355627737527e-01,9.809938349952977976e-01,9.809938330084383429e-01,9.809938284573994638e-01,9.809938179360809807e-01,9.809937900888973106e-01,9.809936967624377502e-01,9.809932379722374751e-01,9.809886071450176770e-01,9.808781084260733696e-01,9.808781084260734806e-01,9.999999999999962252e-01,9.810255743949787277e-01,9.810991202271238665e-01,9.811035504097443960e-01,9.811039727762526086e-01,9.811040601607876610e-01,9.811040863966269399e-01,9.811040962524562037e-01,9.811041004258804765e-01,9.811041021045574517e-01,9.811041022930286903e-01,9.811041010735622736e-01,9.811040976754036302e-01,9.811040894444148508e-01,9.811040671776023459e-01,9.811039904709923931e-01,9.811035955146368837e-01,9.810993371857253953e-01,9.809936094135522922e-01,9.809886071450178990e-01,9.810255743949787277e-01,9.999999999999962252e-01,9.811363645291847346e-01,9.812052291509859581e-01,9.812092947610244753e-01,9.812096595406838428e-01,9.812097326701659794e-01,9.812097542198724431e-01,9.812097621378784718e-01,9.812097652750612076e-01,9.812097661477351407e-01,9.812097653346615322e-01,9.812097622765864058e-01,9.812097544699118767e-01,9.812097329332212237e-01,9.812096577906743722e-01,9.812092668406451335e-01,9.812050208894366188e-01,9.810993371857252843e-01,9.809932379722373641e-01,9.810991202271238665e-01,9.811363645291847346e-01,9.999999999999962252e-01,9.811410289191659917e-01,9.812095448288822297e-01,9.812135553132755872e-01,9.812139065751492861e-01,9.812139752516187974e-01,9.812139949524553151e-01,9.812140018731025926e-01,9.812140042223105318e-01,9.812140041009232982e-01,9.812140014497482410e-01,9.812139939769326524e-01,9.812139728487669910e-01,9.812138984026296251e-01,9.812135089431937018e-01,9.812092668406451335e-01,9.811035955146367726e-01,9.809936967624376392e-01,9.811035504097443960e-01,9.812052291509859581e-01,9.811410289191659917e-01,9.999999999999962252e-01,9.811414946630011569e-01,9.812099542102157290e-01,9.812139511666542191e-01,9.812142979961546718e-01,9.812143648314374245e-01,9.812143835380243706e-01,9.812143896720779690e-01,9.812143910278310344e-01,9.812143890685091074e-01,9.812143820024034069e-01,9.812143612074629706e-01,9.812142871684560452e-01,9.812138984026294031e-01,9.812096577906741501e-01,9.811039904709918380e-01,9.809937900888974216e-01,9.811039727762526086e-01,9.812092947610244753e-01,9.812095448288822297e-01,9.811414946630011569e-01,9.999999999999962252e-01,9.811415902514516452e-01,9.812100357663704475e-01,9.812140282675052561e-01,9.812143732557941922e-01,9.812144390971407892e-01,9.812144570172982583e-01,9.812144621579745873e-01,9.812144616758239346e-01,9.812144553015701431e-01,9.812144349133082866e-01,9.812143612074633037e-01,9.812139728487668799e-01,9.812097329332213347e-01,9.811040671776022348e-01,9.809938179360813137e-01,9.811040601607876610e-01,9.812096595406838428e-01,9.812135553132755872e-01,9.812099542102157290e-01,9.811415902514516452e-01,9.999999999999962252e-01,9.811416190796456993e-01,9.812100599652020527e-01,9.812140506165605291e-01,9.812143946105745806e-01,9.812144596654889250e-01,9.812144765922822254e-01,9.812144798950621638e-01,9.812144749979820890e-01,9.812144553015703652e-01,9.812143820024038510e-01,9.812139939769328745e-01,9.812097544699119878e-01,9.811040894444149618e-01,9.809938284573994638e-01,9.811040863966269399e-01,9.812097326701659794e-01,9.812139065751492861e-01,9.812139511666542191e-01,9.812100357663704475e-01,9.811416190796456993e-01,9.999999999999962252e-01,9.811416300296329496e-01,9.812100689957571342e-01,9.812140586493673933e-01,9.812144018567772186e-01,9.812144659183134054e-01,9.812144810072105372e-01,9.812144798950621638e-01,9.812144616758238236e-01,9.812143890685092185e-01,9.812140014497481300e-01,9.812097622765864058e-01,9.811040976754035192e-01,9.809938330084381208e-01,9.811040962524562037e-01,9.812097542198724431e-01,9.812139752516187974e-01,9.812142979961546718e-01,9.812140282675052561e-01,9.812100599652020527e-01,9.811416300296329496e-01,9.999999999999962252e-01,9.811416346770764907e-01,9.812100726151533614e-01,9.812140614807147720e-01,9.812144036946779391e-01,9.812144659183131834e-01,9.812144765922820033e-01,9.812144621579745873e-01,9.812143910278311454e-01,9.812140041009229652e-01,9.812097653346614212e-01,9.811041010735619405e-01,9.809938349952975756e-01,9.811041004258804765e-01,9.812097621378784718e-01,9.812139949524553151e-01,9.812143648314374245e-01,9.812143732557941922e-01,9.812140506165605291e-01,9.812100689957571342e-01,9.811416346770764907e-01,9.999999999999962252e-01,9.811416364708044346e-01,9.812100736090024755e-01,9.812140614807145500e-01,9.812144018567768855e-01,9.812144596654884809e-01,9.812144570172980362e-01,9.812143896720779690e-01,9.812140042223103098e-01,9.812097661477349186e-01,9.811041022930282463e-01,9.809938355627737527e-01,9.811041021045574517e-01,9.812097652750612076e-01,9.812140018731025926e-01,9.812143835380243706e-01,9.812144390971407892e-01,9.812143946105745806e-01,9.812140586493673933e-01,9.812100726151533614e-01,9.811416364708044346e-01,9.999999999999962252e-01,9.811416364708047677e-01,9.812100726151535834e-01,9.812140586493673933e-01,9.812143946105744696e-01,9.812144390971407892e-01,9.812143835380245926e-01,9.812140018731024815e-01,9.812097652750610965e-01,9.811041021045574517e-01,9.809938349952977976e-01,9.811041022930286903e-01,9.812097661477351407e-01,9.812140042223105318e-01,9.812143896720779690e-01,9.812144570172982583e-01,9.812144596654889250e-01,9.812144018567772186e-01,9.812140614807147720e-01,9.812100736090024755e-01,9.811416364708047677e-01,9.999999999999962252e-01,9.811416346770769348e-01,9.812100689957574673e-01,9.812140506165606402e-01,9.812143732557944142e-01,9.812143648314379796e-01,9.812139949524553151e-01,9.812097621378786938e-01,9.811041004258805875e-01,9.809938330084383429e-01,9.811041010735622736e-01,9.812097653346615322e-01,9.812140041009232982e-01,9.812143910278310344e-01,9.812144621579745873e-01,9.812144765922822254e-01,9.812144659183134054e-01,9.812144036946779391e-01,9.812140614807145500e-01,9.812100726151535834e-01,9.811416346770769348e-01,9.999999999999962252e-01,9.811416300296331716e-01,9.812100599652020527e-01,9.812140282675054781e-01,9.812142979961551159e-01,9.812139752516190194e-01,9.812097542198725542e-01,9.811040962524563147e-01,9.809938284573994638e-01,9.811040976754036302e-01,9.812097622765864058e-01,9.812140014497482410e-01,9.812143890685091074e-01,9.812144616758239346e-01,9.812144798950621638e-01,9.812144810072105372e-01,9.812144659183131834e-01,9.812144018567768855e-01,9.812140586493673933e-01,9.812100689957574673e-01,9.811416300296331716e-01,9.999999999999962252e-01,9.811416190796454773e-01,9.812100357663704475e-01,9.812139511666544411e-01,9.812139065751492861e-01,9.812097326701658684e-01,9.811040863966267178e-01,9.809938179360809807e-01,9.811040894444148508e-01,9.812097544699118767e-01,9.812139939769326524e-01,9.812143820024034069e-01,9.812144553015701431e-01,9.812144749979820890e-01,9.812144798950621638e-01,9.812144765922820033e-01,9.812144596654884809e-01,9.812143946105744696e-01,9.812140506165606402e-01,9.812100599652020527e-01,9.811416190796454773e-01,9.999999999999962252e-01,9.811415902514515341e-01,9.812099542102156180e-01,9.812135553132752541e-01,9.812096595406835098e-01,9.811040601607873279e-01,9.809937900888973106e-01,9.811040671776023459e-01,9.812097329332212237e-01,9.812139728487669910e-01,9.812143612074629706e-01,9.812144349133082866e-01,9.812144553015703652e-01,9.812144616758238236e-01,9.812144621579745873e-01,9.812144570172980362e-01,9.812144390971407892e-01,9.812143732557944142e-01,9.812140282675054781e-01,9.812100357663704475e-01,9.811415902514515341e-01,9.999999999999962252e-01,9.811414946630011569e-01,9.812095448288820076e-01,9.812092947610242533e-01,9.811039727762524976e-01,9.809936967624377502e-01,9.811039904709923931e-01,9.812096577906743722e-01,9.812138984026296251e-01,9.812142871684560452e-01,9.812143612074633037e-01,9.812143820024038510e-01,9.812143890685092185e-01,9.812143910278311454e-01,9.812143896720779690e-01,9.812143835380245926e-01,9.812143648314379796e-01,9.812142979961551159e-01,9.812139511666544411e-01,9.812099542102156180e-01,9.811414946630011569e-01,9.999999999999962252e-01,9.811410289191661027e-01,9.812052291509857360e-01,9.811035504097445070e-01,9.809932379722374751e-01,9.811035955146368837e-01,9.812092668406451335e-01,9.812135089431937018e-01,9.812138984026294031e-01,9.812139728487668799e-01,9.812139939769328745e-01,9.812140014497481300e-01,9.812140041009229652e-01,9.812140042223103098e-01,9.812140018731024815e-01,9.812139949524553151e-01,9.812139752516190194e-01,9.812139065751492861e-01,9.812135553132752541e-01,9.812095448288820076e-01,9.811410289191661027e-01,9.999999999999962252e-01,9.811363645291847346e-01,9.810991202271239775e-01,9.809886071450176770e-01,9.810993371857253953e-01,9.812050208894366188e-01,9.812092668406451335e-01,9.812096577906741501e-01,9.812097329332213347e-01,9.812097544699119878e-01,9.812097622765864058e-01,9.812097653346614212e-01,9.812097661477349186e-01,9.812097652750610965e-01,9.812097621378786938e-01,9.812097542198725542e-01,9.812097326701658684e-01,9.812096595406835098e-01,9.812092947610242533e-01,9.812052291509857360e-01,9.811363645291847346e-01,9.999999999999962252e-01,9.810255743949782836e-01,9.808781084260733696e-01,9.809936094135522922e-01,9.810993371857252843e-01,9.811035955146367726e-01,9.811039904709918380e-01,9.811040671776022348e-01,9.811040894444149618e-01,9.811040976754035192e-01,9.811041010735619405e-01,9.811041022930282463e-01,9.811041021045574517e-01,9.811041004258805875e-01,9.811040962524563147e-01,9.811040863966267178e-01,9.811040601607873279e-01,9.811039727762524976e-01,9.811035504097445070e-01,9.810991202271239775e-01,9.810255743949782836e-01,9.999999999999962252e-01
