1.000000000000000000e+00,1.000000000000000000e+00,1.000000000000000000e+00,1.000000000000000000e+00,1.000000000000000000e+00,1.000000000000000000e+00,1.000000000000000000e+00,1.000000000000000000e+00,1.000000000000000000e+00,1.000000000000000000e+00,1.000000000000000000e+00,1.000000000000000000e+00,1.000000000000000000e+00,1.000000000000000000e+00,1.000000000000000000e+00,1.000000000000000000e+00,1.000000000000000000e+00,1.000000000000000000e+00,1.000000000000000000e+00,1.000000000000000000e+00,1.000000000000000000e+00,1.000000000000000000e+00,1.000000000000000000e+00,1.000000000000000000e+00,1.000000000000000000e+00,1.000000000000000000e+00,1.000000000000000000e+00,1.000000000000000000e+00,1.000000000000000000e+00,1.000000000000000000e+00,1.000000000000000000e+00,1.000000000000000000e+00,1.000000000000000000e+00,1.000000000000000000e+00,1.000000000000000000e+00,1.000000000000000000e+00,1.000000000000000000e+00,1.000000000000000000e+00,1.000000000000000000e+00,1.000000000000000000e+00,1.000000000000000000e+00,1.000000000000000000e+00,1.000000000000000000e+00,1.000000000000000000e+00,1.000000000000000000e+00,1.000000000000000000e+00,1.000000000000000000e+00,1.000000000000000000e+00,1.000000000000000000e+00,1.000000000000000000e+00,1.000000000000000000e+00,1.000000000000000000e+00,1.000000000000000000e+00,1.000000000000000000e+00,1.000000000000000000e+00,1.000000000000000000e+00,1.000000000000000000e+00,1.000000000000000000e+00,1.000000000000000000e+00,1.000000000000000000e+00,1.000000000000000000e+00,1.000000000000000000e+00,1.000000000000000000e+00,1.000000000000000000e+00,1.000000000000000000e+00,1.000000000000000000e+00,1.000000000000000000e+00,1.000000000000000000e+00,1.000000000000000000e+00,1.000000000000000000e+00,1.000000000000000000e+00,1.000000000000000000e+00,1.000000000000000000e+00,1.000000000000000000e+00,1.000000000000000000e+00,1.000000000000000000e+00,1.000000000000000000e+00,1.000000000000000000e+00,1.000000000000000000e+00,1.000000000000000000e+00,1.000000000000000000e+00,1.000000000000000000e+00,1.000000000000000000e+00,1.000000000000000000e+00,1.000000000000000000e+00,1.000000000000000000e+00,1.000000000000000000e+00,1.000000000000000000e+00,1.000000000000000000e+00,1.000000000000000000e+00,1.000000000000000000e+00,1.000000000000000000e+00,1.000000000000000000e+00,1.000000000000000000e+00,1.000000000000000000e+00,1.000000000000000000e+00,1.000000000000000000e+00,1.000000000000000000e+00,1.000000000000000000e+00,1.000000000000000000e+00,1.000000000000000000e+00,1.000000000000000000e+00,1.000000000000000000e+00,1.000000000000000000e+00,1.000000000000000000e+00,1.000000000000000000e+00,1.000000000000000000e+00,1.000000000000000000e+00,1.000000000000000000e+00,1.000000000000000000e+00,1.000000000000000000e+00,1.000000000000000000e+00,1.000000000000000000e+00,1.000000000000000000e+00,1.000000000000000000e+00,1.000000000000000000e+00,1.000000000000000000e+00,1.000000000000000000e+00,1.000000000000000000e+00,1.000000000000000000e+00,1.000000000000000000e+00,1.000000000000000000e+00,1.000000000000000000e+00,1.000000000000000000e+00,1.000000000000000000e+00,1.000000000000000000e+00,1.000000000000000000e+00,1.000000000000000000e+00,1.000000000000000000e+00,1.000000000000000000e+00,1.000000000000000000e+00,1.000000000000000000e+00,1.000000000000000000e+00,1.000000000000000000e+00,1.000000000000000000e+00,1.000000000000000000e+00,1.000000000000000000e+00,1.000000000000000000e+00,1.000000000000000000e+00,1.000000000000000000e+00,1.000000000000000000e+00,1.000000000000000000e+00,1.000000000000000000e+00,1.000000000000000000e+00,1.000000000000000000e+00,1.000000000000000000e+00,1.000000000000000000e+00,1.000000000000000000e+00,1.000000000000000000e+00,1.000000000000000000e+00,1.000000000000000000e+00,1.000000000000000000e+00,1.000000000000000000e+00,1.000000000000000000e+00,1.000000000000000000e+00,1.000000000000000000e+00,1.000000000000000000e+00,1.000000000000000000e+00,1.000000000000000000e+00,1.000000000000000000e+00,1.000000000000000000e+00,1.000000000000000000e+00,1.000000000000000000e+00,1.000000000000000000e+00,1.000000000000000000e+00,1.000000000000000000e+00,1.000000000000000000e+00,1.000000000000000000e+00,1.000000000000000000e+00,1.000000000000000000e+00,1.000000000000000000e+00,1.000000000000000000e+00,1.000000000000000000e+00,1.000000000000000000e+00,1.000000000000000000e+00,1.000000000000000000e+00,1.000000000000000000e+00,1.000000000000000000e+00,1.000000000000000000e+00,1.000000000000000000e+00,1.000000000000000000e+00,1.000000000000000000e+00,1.000000000000000000e+00,1.000000000000000000e+00,1.000000000000000000e+00,1.000000000000000000e+00,1.000000000000000000e+00,1.000000000000000000e+00,1.000000000000000000e+00,1.000000000000000000e+00,1.000000000000000000e+00,1.000000000000000000e+00,1.000000000000000000e+00,1.000000000000000000e+00,1.000000000000000000e+00,1.000000000000000000e+00,1.000000000000000000e+00,1.000000000000000000e+00,1.000000000000000000e+00,1.000000000000000000e+00,1.000000000000000000e+00,1.000000000000000000e+00,1.000000000000000000e+00,1.000000000000000000e+00,1.000000000000000000e+00,1.000000000000000000e+00,1.000000000000000000e+00,1.000000000000000000e+00,1.000000000000000000e+00,1.000000000000000000e+00,1.000000000000000000e+00,1.000000000000000000e+00,1.000000000000000000e+00,1.000000000000000000e+00,1.000000000000000000e+00,1.000000000000000000e+00,1.000000000000000000e+00,1.000000000000000000e+00,1.000000000000000000e+00,1.000000000000000000e+00,1.000000000000000000e+00,1.000000000000000000e+00,1.000000000000000000e+00,1.000000000000000000e+00,1.000000000000000000e+00,1.000000000000000000e+00,1.000000000000000000e+00,1.000000000000000000e+00,1.000000000000000000e+00,1.000000000000000000e+00,1.000000000000000000e+00,1.000000000000000000e+00,1.000000000000000000e+00,1.000000000000000000e+00,1.000000000000000000e+00,1.000000000000000000e+00,1.000000000000000000e+00,1.000000000000000000e+00,1.000000000000000000e+00,1.000000000000000000e+00,1.000000000000000000e+00,1.000000000000000000e+00,1.000000000000000000e+00,1.000000000000000000e+00,1.000000000000000000e+00,1.000000000000000000e+00,1.000000000000000000e+00,1.000000000000000000e+00,1.000000000000000000e+00,1.000000000000000000e+00,1.000000000000000000e+00,1.000000000000000000e+00,1.000000000000000000e+00,1.000000000000000000e+00,1.000000000000000000e+00,1.000000000000000000e+00,1.000000000000000000e+00,1.000000000000000000e+00,1.000000000000000000e+00,1.000000000000000000e+00,1.000000000000000000e+00,1.000000000000000000e+00,1.000000000000000000e+00,1.000000000000000000e+00,1.000000000000000000e+00,1.000000000000000000e+00,1.000000000000000000e+00,1.000000000000000000e+00,1.000000000000000000e+00,1.000000000000000000e+00,1.000000000000000000e+00,1.000000000000000000e+00,1.000000000000000000e+00,1.000000000000000000e+00,1.000000000000000000e+00,1.000000000000000000e+00,1.000000000000000000e+00,1.000000000000000000e+00,1.000000000000000000e+00,1.000000000000000000e+00,1.000000000000000000e+00,1.000000000000000000e+00,1.000000000000000000e+00,1.000000000000000000e+00,1.000000000000000000e+00,1.000000000000000000e+00,1.000000000000000000e+00,1.000000000000000000e+00,1.000000000000000000e+00,1.000000000000000000e+00,1.000000000000000000e+00,1.000000000000000000e+00,1.000000000000000000e+00,1.000000000000000000e+00,1.000000000000000000e+00,1.000000000000000000e+00,1.000000000000000000e+00,1.000000000000000000e+00,1.000000000000000000e+00,1.000000000000000000e+00,1.000000000000000000e+00,1.000000000000000000e+00,1.000000000000000000e+00,1.000000000000000000e+00,1.000000000000000000e+00,1.000000000000000000e+00,1.000000000000000000e+00,1.000000000000000000e+00,1.000000000000000000e+00,1.000000000000000000e+00,1.000000000000000000e+00,1.000000000000000000e+00,1.000000000000000000e+00,1.000000000000000000e+00,1.000000000000000000e+00,1.000000000000000000e+00,1.000000000000000000e+00,1.000000000000000000e+00,1.000000000000000000e+00,1.000000000000000000e+00,1.000000000000000000e+00,1.000000000000000000e+00,1.000000000000000000e+00,1.000000000000000000e+00,1.000000000000000000e+00,1.000000000000000000e+00,1.000000000000000000e+00,1.000000000000000000e+00,1.000000000000000000e+00,1.000000000000000000e+00,1.000000000000000000e+00,1.000000000000000000e+00,1.000000000000000000e+00,1.000000000000000000e+00,1.000000000000000000e+00,1.000000000000000000e+00,1.000000000000000000e+00,1.000000000000000000e+00,1.000000000000000000e+00,1.000000000000000000e+00,1.000000000000000000e+00,1.000000000000000000e+00,1.000000000000000000e+00,1.000000000000000000e+00,1.000000000000000000e+00,1.000000000000000000e+00,1.000000000000000000e+00,1.000000000000000000e+00,1.000000000000000000e+00,1.000000000000000000e+00,1.000000000000000000e+00,1.000000000000000000e+00,1.000000000000000000e+00,1.000000000000000000e+00,1.000000000000000000e+00,1.000000000000000000e+00,1.000000000000000000e+00,1.000000000000000000e+00,1.000000000000000000e+00,1.000000000000000000e+00,1.000000000000000000e+00,1.000000000000000000e+00,1.000000000000000000e+00,1.000000000000000000e+00,1.000000000000000000e+00,1.000000000000000000e+00,1.000000000000000000e+00,1.000000000000000000e+00,1.000000000000000000e+00,1.000000000000000000e+00,1.000000000000000000e+00,1.000000000000000000e+00,1.000000000000000000e+00,1.000000000000000000e+00,1.000000000000000000e+00,1.000000000000000000e+00,1.000000000000000000e+00,1.000000000000000000e+00,1.000000000000000000e+00,1.000000000000000000e+00,1.000000000000000000e+00,1.000000000000000000e+00,1.000000000000000000e+00,1.000000000000000000e+00,1.000000000000000000e+00,1.000000000000000000e+00,1.000000000000000000e+00,1.000000000000000000e+00,1.000000000000000000e+00,1.000000000000000000e+00,1.000000000000000000e+00,1.000000000000000000e+00,1.000000000000000000e+00,1.000000000000000000e+00,1.000000000000000000e+00,1.000000000000000000e+00,1.000000000000000000e+00,1.000000000000000000e+00,1.000000000000000000e+00,1.000000000000000000e+00
9.999999999999966693e-01,9.949005256985835599e-01,9.949053659546791550e-01,9.949054470185104693e-01,9.949054541606290325e-01,9.949054554463239164e-01,9.949054557878965754e-01,9.949054558915433333e-01,9.949054558870623621e-01,9.949054557014201938e-01,9.949054545314776066e-01,9.949054407384658738e-01,9.949045478455191827e-01,9.949045478019691302e-01,9.949054406231324643e-01,9.949054542474349283e-01,9.949054548878765170e-01,9.949054526803562393e-01,9.949054319710729510e-01,9.949044569221284773e-01,9.949005256985835599e-01,9.999999999999966693e-01,9.949014338504442723e-01,9.949062600440291559e-01,9.949063401191449163e-01,9.949063471042651763e-01,9.949063483487817772e-01,9.949063486674604162e-01,9.949063487302405306e-01,9.949063485704496834e-01,9.949063474124973938e-01,9.949063336264798441e-01,9.949054407384659848e-01,9.949054407139549250e-01,9.949063335618288928e-01,9.949063472535852881e-01,9.949063481096926953e-01,9.949063468084559103e-01,9.949063318352981966e-01,9.949054319922139289e-01,9.949053659546791550e-01,9.949014338504442723e-01,9.999999999999966693e-01,9.949014488414464896e-01,9.949062740472810473e-01,9.949063539672393652e-01,9.949063609115430529e-01,9.949063621332728813e-01,9.949063624111254001e-01,9.949063623186132910e-01,9.949063611865203161e-01,9.949063474124971718e-01,9.949054545314776066e-01,9.949054545196995836e-01,9.949063473795780599e-01,9.949063610971958793e-01,9.949063620205894631e-01,9.949063609344679371e-01,9.949063468648609021e-01,9.949054527579022089e-01,9.949054470185104693e-01,9.949062600440291559e-01,9.949014488414464896e-01,9.999999999999966693e-01,9.949014502301708474e-01,9.949062752793019770e-01,9.949063551584469423e-01,9.949063620799637464e-01,9.949063632608672325e-01,9.949063633834275278e-01,9.949063623186134020e-01,9.949063485704495724e-01,9.949054557014203048e-01,9.949054557023745415e-01,9.949063485692610787e-01,9.949063622988735256e-01,9.949063632481269792e-01,9.949063622292878550e-01,9.949063483747960790e-01,9.949054551741207675e-01,9.949054541606290325e-01,9.949063401191449163e-01,9.949062740472810473e-01,9.949014502301708474e-01,9.999999999999966693e-01,9.949014504901649847e-01,9.949062754982063161e-01,9.949063553545652860e-01,9.949063622352558589e-01,9.949063632608672325e-01,9.949063624111252890e-01,9.949063487302404196e-01,9.949054558870622511e-01,9.949054559070201753e-01,9.949063487796359073e-01,9.949063625162544167e-01,9.949063634775026088e-01,9.949063624845233544e-01,9.949063486973175330e-01,9.949054557123069298e-01,9.949054554463239164e-01,9.949063471042651763e-01,9.949063539672393652e-01,9.949062752793019770e-01,9.949014504901649847e-01,9.999999999999966693e-01,9.949014505538436026e-01,9.949062755390322144e-01,9.949063553545652860e-01,9.949063620799635244e-01,9.949063621332728813e-01,9.949063486674604162e-01,9.949054558915432223e-01,9.949054559493610839e-01,9.949063488289939805e-01,9.949063625713369108e-01,9.949063635395912764e-01,9.949063625586063164e-01,9.949063487972623632e-01,9.949054558796931458e-01,9.949054557878965754e-01,9.949063483487817772e-01,9.949063609115430529e-01,9.949063551584469423e-01,9.949062754982063161e-01,9.949014505538436026e-01,9.999999999999966693e-01,9.949014505538437136e-01,9.949062754982063161e-01,9.949063551584468312e-01,9.949063609115430529e-01,9.949063483487817772e-01,9.949054557878965754e-01,9.949054559388680330e-01,9.949063488305195380e-01,9.949063625798688637e-01,9.949063635538474282e-01,9.949063625798689747e-01,9.949063488305193159e-01,9.949054559388678109e-01,9.949054558915433333e-01,9.949063486674604162e-01,9.949063621332728813e-01,9.949063620799637464e-01,9.949063553545652860e-01,9.949062755390322144e-01,9.949014505538437136e-01,9.999999999999966693e-01,9.949014504901652067e-01,9.949062752793020881e-01,9.949063539672391432e-01,9.949063471042652873e-01,9.949054554463239164e-01,9.949054558796933678e-01,9.949063487972622521e-01,9.949063625586065385e-01,9.949063635395912764e-01,9.949063625713370218e-01,9.949063488289937585e-01,9.949054559493609728e-01,9.949054558870623621e-01,9.949063487302405306e-01,9.949063624111254001e-01,9.949063632608672325e-01,9.949063622352558589e-01,9.949063553545652860e-01,9.949062754982063161e-01,9.949014504901652067e-01,9.999999999999966693e-01,9.949014502301708474e-01,9.949062740472810473e-01,9.949063401191450273e-01,9.949054541606290325e-01,9.949054557123071518e-01,9.949063486973178660e-01,9.949063624845233544e-01,9.949063634775026088e-01,9.949063625162545277e-01,9.949063487796356853e-01,9.949054559070200643e-01,9.949054557014201938e-01,9.949063485704496834e-01,9.949063623186132910e-01,9.949063633834275278e-01,9.949063632608672325e-01,9.949063620799635244e-01,9.949063551584468312e-01,9.949062752793020881e-01,9.949014502301708474e-01,9.999999999999966693e-01,9.949014488414462676e-01,9.949062600440291559e-01,9.949054470185104693e-01,9.949054551741209895e-01,9.949063483747960790e-01,9.949063622292879661e-01,9.949063632481270902e-01,9.949063622988735256e-01,9.949063485692608566e-01,9.949054557023745415e-01,9.949054545314776066e-01,9.949063474124973938e-01,9.949063611865203161e-01,9.949063623186134020e-01,9.949063624111252890e-01,9.949063621332728813e-01,9.949063609115430529e-01,9.949063539672391432e-01,9.949062740472810473e-01,9.949014488414462676e-01,9.999999999999966693e-01,9.949014338504444943e-01,9.949053659546791550e-01,9.949054527579024310e-01,9.949063468648609021e-01,9.949063609344679371e-01,9.949063620205895742e-01,9.949063610971959903e-01,9.949063473795777268e-01,9.949054545196993615e-01,9.949054407384658738e-01,9.949063336264798441e-01,9.949063474124971718e-01,9.949063485704495724e-01,9.949063487302404196e-01,9.949063486674604162e-01,9.949063483487817772e-01,9.949063471042652873e-01,9.949063401191450273e-01,9.949062600440291559e-01,9.949014338504444943e-01,9.999999999999966693e-01,9.949005256985835599e-01,9.949054319922140399e-01,9.949063318352985297e-01,9.949063468084561324e-01,9.949063481096928063e-01,9.949063472535853991e-01,9.949063335618285597e-01,9.949054407139545919e-01,9.949045478455191827e-01,9.949054407384659848e-01,9.949054545314776066e-01,9.949054557014203048e-01,9.949054558870622511e-01,9.949054558915432223e-01,9.949054557878965754e-01,9.949054554463239164e-01,9.949054541606290325e-01,9.949054470185104693e-01,9.949053659546791550e-01,9.949005256985835599e-01,9.999999999999966693e-01,9.949044569221285883e-01,9.949054319710729510e-01,9.949054526803563503e-01,9.949054548878767390e-01,9.949054542474349283e-01,9.949054406231322423e-01,9.949045478019690192e-01,9.949045478019691302e-01,9.949054407139549250e-01,9.949054545196995836e-01,9.949054557023745415e-01,9.949054559070201753e-01,9.949054559493610839e-01,9.949054559388680330e-01,9.949054558796933678e-01,9.949054557123071518e-01,9.949054551741209895e-01,9.949054527579024310e-01,9.949054319922140399e-01,9.949044569221285883e-01,9.999999999999966693e-01,9.949005256538415720e-01,9.949053658535783606e-01,9.949054467087105058e-01,9.949054526722010960e-01,9.949054401662071889e-01,9.949045476273838950e-01,9.949054406231324643e-01,9.949063335618288928e-01,9.949063473795780599e-01,9.949063485692610787e-01,9.949063487796359073e-01,9.949063488289939805e-01,9.949063488305195380e-01,9.949063487972622521e-01,9.949063486973178660e-01,9.949063483747960790e-01,9.949063468648609021e-01,9.949063318352985297e-01,9.949054319710729510e-01,9.949005256538415720e-01,9.999999999999966693e-01,9.949014337280781550e-01,9.949062597130914343e-01,9.949063386095757799e-01,9.949063318029953695e-01,9.949054401662072999e-01,9.949054542474349283e-01,9.949063472535852881e-01,9.949063610971958793e-01,9.949063622988735256e-01,9.949063625162544167e-01,9.949063625713369108e-01,9.949063625798688637e-01,9.949063625586065385e-01,9.949063624845233544e-01,9.949063622292879661e-01,9.949063609344679371e-01,9.949063468084561324e-01,9.949054526803563503e-01,9.949053658535783606e-01,9.949014337280781550e-01,9.999999999999966693e-01,9.949014484537102021e-01,9.949062724813235725e-01,9.949063386095755579e-01,9.949054526722008740e-01,9.949054548878765170e-01,9.949063481096926953e-01,9.949063620205894631e-01,9.949063632481269792e-01,9.949063634775026088e-01,9.949063635395912764e-01,9.949063635538474282e-01,9.949063635395912764e-01,9.949063634775026088e-01,9.949063632481270902e-01,9.949063620205895742e-01,9.949063481096928063e-01,9.949054548878767390e-01,9.949054467087105058e-01,9.949062597130914343e-01,9.949014484537102021e-01,9.999999999999966693e-01,9.949014484537100911e-01,9.949062597130912122e-01,9.949054467087103948e-01,9.949054526803562393e-01,9.949063468084559103e-01,9.949063609344679371e-01,9.949063622292878550e-01,9.949063624845233544e-01,9.949063625586063164e-01,9.949063625798689747e-01,9.949063625713370218e-01,9.949063625162545277e-01,9.949063622988735256e-01,9.949063610971959903e-01,9.949063472535853991e-01,9.949054542474349283e-01,9.949054526722010960e-01,9.949063386095757799e-01,9.949062724813235725e-01,9.949014484537100911e-01,9.999999999999966693e-01,9.949014337280783771e-01,9.949053658535781386e-01,9.949054319710729510e-01,9.949063318352981966e-01,9.949063468648609021e-01,9.949063483747960790e-01,9.949063486973175330e-01,9.949063487972623632e-01,9.949063488305193159e-01,9.949063488289937585e-01,9.949063487796356853e-01,9.949063485692608566e-01,9.949063473795777268e-01,9.949063335618285597e-01,9.949054406231322423e-01,9.949054401662071889e-01,9.949063318029953695e-01,9.949063386095755579e-01,9.949062597130912122e-01,9.949014337280783771e-01,9.999999999999966693e-01,9.949005256538414610e-01,9.949044569221284773e-01,9.949054319922139289e-01,9.949054527579022089e-01,9.949054551741207675e-01,9.949054557123069298e-01,9.949054558796931458e-01,9.949054559388678109e-01,9.949054559493609728e-01,9.949054559070200643e-01,9.949054557023745415e-01,9.949054545196993615e-01,9.949054407139545919e-01,9.949045478019690192e-01,9.949045476273838950e-01,9.949054401662072999e-01,9.949054526722008740e-01,9.949054467087103948e-01,9.949053658535781386e-01,9.949005256538414610e-01,9.999999999999966693e-01
9.999999999999968914e-01,9.808755264864872370e-01,9.809522107567243410e-01,9.809555400134413183e-01,9.809558403938434257e-01,9.809558960897453161e-01,9.809559110013807981e-01,9.809559152147367955e-01,9.809559138456553917e-01,9.809559011917423632e-01,9.809558249983314493e-01,9.809549492574027862e-01,9.809277652072332376e-01,9.809277630414539040e-01,9.809549434967839154e-01,9.809558106481932604e-01,9.809558592814068279e-01,9.809557432253975806e-01,9.809545742469645280e-01,9.809238466421299485e-01,9.808755264864872370e-01,9.999999999999968914e-01,9.809038146725393981e-01,9.809794803254711093e-01,9.809827392633330145e-01,9.809830287500194146e-01,9.809830816141859033e-01,9.809830949813120871e-01,9.809830964934117548e-01,9.809830849504223016e-01,9.809830092718585526e-01,9.809821338099754540e-01,9.809549492574030083e-01,9.809549479262656968e-01,9.809821302649532893e-01,9.809830003803373666e-01,9.809830583687019212e-01,9.809829812717270059e-01,9.809820565620205324e-01,9.809545756398605487e-01,9.809522107567243410e-01,9.809038146725393981e-01,9.999999999999968914e-01,9.809047747845862641e-01,9.809803700398588289e-01,9.809836186127318669e-01,9.809839053958629984e-01,9.809839567549772932e-01,9.809839674358786787e-01,9.809839587807117622e-01,9.809838842163880468e-01,9.809830092718585526e-01,9.809558249983315603e-01,9.809558242196599886e-01,9.809830071001962581e-01,9.809838783323843181e-01,9.809839392149950488e-01,9.809838713208833827e-01,9.809829849838908045e-01,9.809557483303424918e-01,9.809555400134413183e-01,9.809794803254711093e-01,9.809047747845862641e-01,9.999999999999968914e-01,9.809048657301648877e-01,9.809804501189347548e-01,9.809836959893066810e-01,9.809839812694670647e-01,9.809840299431257238e-01,9.809840304570748293e-01,9.809839587807117622e-01,9.809830849504221906e-01,9.809559011917423632e-01,9.809559009651960260e-01,9.809830841511807398e-01,9.809839559017253796e-01,9.809840178992447202e-01,9.809839528960535571e-01,9.809830757619137920e-01,9.809558780670200040e-01,9.809558403938434257e-01,9.809827392633330145e-01,9.809803700398588289e-01,9.809048657301648877e-01,9.999999999999968914e-01,9.809048829044846318e-01,9.809804644758295389e-01,9.809837088416559769e-01,9.809839914363882585e-01,9.809840299431259458e-01,9.809839674358789008e-01,9.809830964934116437e-01,9.809559138456556138e-01,9.809559144420838539e-01,9.809830978778096844e-01,9.809839699315694439e-01,9.809840324473382278e-01,9.809839685590520109e-01,9.809830943190982477e-01,9.809559059772519074e-01,9.809558960897453161e-01,9.809830287500194146e-01,9.809836186127318669e-01,9.809804501189347548e-01,9.809048829044846318e-01,9.999999999999968914e-01,9.809048871244235857e-01,9.809804671616328964e-01,9.809837088416560880e-01,9.809839812694672867e-01,9.809839567549775152e-01,9.809830949813123091e-01,9.809559152147369065e-01,9.809559174470369181e-01,9.809831011896592567e-01,9.809839734913735620e-01,9.809840363103121685e-01,9.809839729403232456e-01,9.809830998164521532e-01,9.809559144144657239e-01,9.809559110013807981e-01,9.809830816141859033e-01,9.809839053958629984e-01,9.809836959893066810e-01,9.809804644758295389e-01,9.809048871244235857e-01,9.999999999999968914e-01,9.809048871244234746e-01,9.809804644758295389e-01,9.809836959893067920e-01,9.809839053958631094e-01,9.809830816141857923e-01,9.809559110013809091e-01,9.809559172442453567e-01,9.809831015130489051e-01,9.809839741181574091e-01,9.809840371849567475e-01,9.809839741181576311e-01,9.809831015130492382e-01,9.809559172442454678e-01,9.809559152147367955e-01,9.809830949813120871e-01,9.809839567549772932e-01,9.809839812694670647e-01,9.809837088416559769e-01,9.809804671616328964e-01,9.809048871244234746e-01,9.999999999999968914e-01,9.809048829044846318e-01,9.809804501189347548e-01,9.809836186127319779e-01,9.809830287500193036e-01,9.809558960897452051e-01,9.809559144144656129e-01,9.809830998164520421e-01,9.809839729403230235e-01,9.809840363103120575e-01,9.809839734913735620e-01,9.809831011896594788e-01,9.809559174470366960e-01,9.809559138456553917e-01,9.809830964934117548e-01,9.809839674358786787e-01,9.809840299431257238e-01,9.809839914363882585e-01,9.809837088416560880e-01,9.809804644758295389e-01,9.809048829044846318e-01,9.999999999999968914e-01,9.809048657301651097e-01,9.809803700398590509e-01,9.809827392633329035e-01,9.809558403938434257e-01,9.809559059772519074e-01,9.809830943190980257e-01,9.809839685590521219e-01,9.809840324473383388e-01,9.809839699315696659e-01,9.809830978778099064e-01,9.809559144420838539e-01,9.809559011917423632e-01,9.809830849504223016e-01,9.809839587807117622e-01,9.809840304570748293e-01,9.809840299431259458e-01,9.809839812694672867e-01,9.809836959893067920e-01,9.809804501189347548e-01,9.809048657301651097e-01,9.999999999999968914e-01,9.809047747845864862e-01,9.809794803254713313e-01,9.809555400134416514e-01,9.809558780670200040e-01,9.809830757619135699e-01,9.809839528960535571e-01,9.809840178992447202e-01,9.809839559017258237e-01,9.809830841511811839e-01,9.809559009651962480e-01,9.809558249983314493e-01,9.809830092718585526e-01,9.809838842163880468e-01,9.809839587807117622e-01,9.809839674358789008e-01,9.809839567549775152e-01,9.809839053958631094e-01,9.809836186127319779e-01,9.809803700398590509e-01,9.809047747845864862e-01,9.999999999999968914e-01,9.809038146725396201e-01,9.809522107567245630e-01,9.809557483303424918e-01,9.809829849838908045e-01,9.809838713208836047e-01,9.809839392149950488e-01,9.809838783323844291e-01,9.809830071001965912e-01,9.809558242196600997e-01,9.809549492574027862e-01,9.809821338099754540e-01,9.809830092718585526e-01,9.809830849504221906e-01,9.809830964934116437e-01,9.809830949813123091e-01,9.809830816141857923e-01,9.809830287500193036e-01,9.809827392633329035e-01,9.809794803254713313e-01,9.809038146725396201e-01,9.999999999999968914e-01,9.808755264864872370e-01,9.809545756398605487e-01,9.809820565620204214e-01,9.809829812717271169e-01,9.809830583687018102e-01,9.809830003803374776e-01,9.809821302649535113e-01,9.809549479262655858e-01,9.809277652072332376e-01,9.809549492574030083e-01,9.809558249983315603e-01,9.809559011917423632e-01,9.809559138456556138e-01,9.809559152147369065e-01,9.809559110013809091e-01,9.809558960897452051e-01,9.809558403938434257e-01,9.809555400134416514e-01,9.809522107567245630e-01,9.808755264864872370e-01,9.999999999999968914e-01,9.809238466421298375e-01,9.809545742469645280e-01,9.809557432253978027e-01,9.809558592814068279e-01,9.809558106481935935e-01,9.809549434967842485e-01,9.809277630414540150e-01,9.809277630414539040e-01,9.809549479262656968e-01,9.809558242196599886e-01,9.809559009651960260e-01,9.809559144420838539e-01,9.809559174470369181e-01,9.809559172442453567e-01,9.809559144144656129e-01,9.809559059772519074e-01,9.809558780670200040e-01,9.809557483303424918e-01,9.809545756398605487e-01,9.809238466421298375e-01,9.999999999999968914e-01,9.808755235128309158e-01,9.809522040929627984e-01,9.809555196700949775e-01,9.809557435070539455e-01,9.809549236132026895e-01,9.809277552176578485e-01,9.809549434967839154e-01,9.809821302649532893e-01,9.809830071001962581e-01,9.809830841511807398e-01,9.809830978778096844e-01,9.809831011896592567e-01,9.809831015130489051e-01,9.809830998164520421e-01,9.809830943190980257e-01,9.809830757619135699e-01,9.809829849838908045e-01,9.809820565620204214e-01,9.809545742469645280e-01,9.808755235128309158e-01,9.999999999999968914e-01,9.809038065531431316e-01,9.809794585839960446e-01,9.809826409790309842e-01,9.809820548496620551e-01,9.809549236132024674e-01,9.809558106481932604e-01,9.809830003803373666e-01,9.809838783323843181e-01,9.809839559017253796e-01,9.809839699315694439e-01,9.809839734913735620e-01,9.809839741181574091e-01,9.809839729403230235e-01,9.809839685590521219e-01,9.809839528960535571e-01,9.809838713208836047e-01,9.809829812717271169e-01,9.809557432253978027e-01,9.809522040929627984e-01,9.809038065531431316e-01,9.999999999999968914e-01,9.809047491334722535e-01,9.809802680212772463e-01,9.809826409790309842e-01,9.809557435070539455e-01,9.809558592814068279e-01,9.809830583687019212e-01,9.809839392149950488e-01,9.809840178992447202e-01,9.809840324473382278e-01,9.809840363103121685e-01,9.809840371849567475e-01,9.809840363103120575e-01,9.809840324473383388e-01,9.809840178992447202e-01,9.809839392149950488e-01,9.809830583687018102e-01,9.809558592814068279e-01,9.809555196700949775e-01,9.809794585839960446e-01,9.809047491334722535e-01,9.999999999999968914e-01,9.809047491334721425e-01,9.809794585839959336e-01,9.809555196700949775e-01,9.809557432253975806e-01,9.809829812717270059e-01,9.809838713208833827e-01,9.809839528960535571e-01,9.809839685590520109e-01,9.809839729403232456e-01,9.809839741181576311e-01,9.809839734913735620e-01,9.809839699315696659e-01,9.809839559017258237e-01,9.809838783323844291e-01,9.809830003803374776e-01,9.809558106481935935e-01,9.809557435070539455e-01,9.809826409790309842e-01,9.809802680212772463e-01,9.809047491334721425e-01,9.999999999999968914e-01,9.809038065531433537e-01,9.809522040929627984e-01,9.809545742469645280e-01,9.809820565620205324e-01,9.809829849838908045e-01,9.809830757619137920e-01,9.809830943190982477e-01,9.809830998164521532e-01,9.809831015130492382e-01,9.809831011896594788e-01,9.809830978778099064e-01,9.809830841511811839e-01,9.809830071001965912e-01,9.809821302649535113e-01,9.809549434967842485e-01,9.809549236132026895e-01,9.809820548496620551e-01,9.809826409790309842e-01,9.809794585839959336e-01,9.809038065531433537e-01,9.999999999999968914e-01,9.808755235128310268e-01,9.809238466421299485e-01,9.809545756398605487e-01,9.809557483303424918e-01,9.809558780670200040e-01,9.809559059772519074e-01,9.809559144144657239e-01,9.809559172442454678e-01,9.809559174470366960e-01,9.809559144420838539e-01,9.809559009651962480e-01,9.809558242196600997e-01,9.809549479262655858e-01,9.809277630414540150e-01,9.809277552176578485e-01,9.809549236132024674e-01,9.809557435070539455e-01,9.809555196700949775e-01,9.809522040929627984e-01,9.808755235128310268e-01,9.999999999999968914e-01
9.999999999999987788e-01,9.810261585375459337e-01,9.810996321142700927e-01,9.811040435400294468e-01,9.811044589090507362e-01,9.811045423913573593e-01,9.811045647297450545e-01,9.811045676191040288e-01,9.811045533451627776e-01,9.811044877426383648e-01,9.811041186787582413e-01,9.810999478942739049e-01,9.809946800001323464e-01,9.809946741574644413e-01,9.810999321172858556e-01,9.811040778422833730e-01,9.811043610283531891e-01,9.811039889947574810e-01,9.810994493710377684e-01,9.809893916089001964e-01,9.810261585375459337e-01,9.999999999999987788e-01,9.811364922239250719e-01,9.812053373916055365e-01,9.812093959714783820e-01,9.812097568481994436e-01,9.812098260801564997e-01,9.812098406628368963e-01,9.812098301315884674e-01,9.812097659803831196e-01,9.812093975610856056e-01,9.812052267358071234e-01,9.810999478942739049e-01,9.810999432208560300e-01,9.812052140240167253e-01,9.812093642215525824e-01,9.812096600466789775e-01,9.812093391031979639e-01,9.812051180806075079e-01,9.810994563130264190e-01,9.810996321142700927e-01,9.811364922239250719e-01,9.999999999999987788e-01,9.811410695001072657e-01,9.812095781307841325e-01,9.812135847001817179e-01,9.812139320640330675e-01,9.812139937734400963e-01,9.812139950249577636e-01,9.812139346569310749e-01,9.812135677125672917e-01,9.812093975610853835e-01,9.811041186787581303e-01,9.811041147563834830e-01,9.812093866954949561e-01,9.812135383988258575e-01,9.812138380506785218e-01,9.812135291022398009e-01,9.812093575501408260e-01,9.811040143815793479e-01,9.811040435400294468e-01,9.812053373916055365e-01,9.811410695001072657e-01,9.999999999999987788e-01,9.811415095593983837e-01,9.812099650963324038e-01,9.812139581505513464e-01,9.812142980128423231e-01,9.812143463987992309e-01,9.812142978166731311e-01,9.812139346569312970e-01,9.812097659803830085e-01,9.811044877426382538e-01,9.811044845689187444e-01,9.812097569545112918e-01,9.812139093520485522e-01,9.812142104845711366e-01,9.812139053390466215e-01,9.812097457817245960e-01,9.811044536960521478e-01,9.811044589090507362e-01,9.812093959714783820e-01,9.812095781307841325e-01,9.811415095593983837e-01,9.999999999999987788e-01,9.811415941859950030e-01,9.812100357731339262e-01,9.812140213070569272e-01,9.812143478461630153e-01,9.812143463987996750e-01,9.812139950249582077e-01,9.812098301315885784e-01,9.811045533451629996e-01,9.811045512830000037e-01,9.812098240161070128e-01,9.812139768209913182e-01,9.812142786460170685e-01,9.812139749810583345e-01,9.812098192489788762e-01,9.811045397629286624e-01,9.811045423913573593e-01,9.812097568481994436e-01,9.812135847001817179e-01,9.812099650963324038e-01,9.811415941859950030e-01,9.999999999999987788e-01,9.811416151568629340e-01,9.812100491006909841e-01,9.812140213070569272e-01,9.812142980128426561e-01,9.812139937734406514e-01,9.812098406628372294e-01,9.811045676191044729e-01,9.811045677517784558e-01,9.812098409114958786e-01,9.812139940503290525e-01,9.812142962822314463e-01,9.812139933100737510e-01,9.812098390667018943e-01,9.811045636073222331e-01,9.811045647297450545e-01,9.812098260801564997e-01,9.812139320640330675e-01,9.812139581505513464e-01,9.812100357731339262e-01,9.811416151568629340e-01,9.999999999999987788e-01,9.811416151568629340e-01,9.812100357731340372e-01,9.812139581505515684e-01,9.812139320640336226e-01,9.812098260801568328e-01,9.811045647297453876e-01,9.811045701874006042e-01,9.812098440788649123e-01,9.812139976261663454e-01,9.812143001913173901e-01,9.812139976261663454e-01,9.812098440788648013e-01,9.811045701874002711e-01,9.811045676191040288e-01,9.812098406628368963e-01,9.812139937734400963e-01,9.812142980128423231e-01,9.812140213070569272e-01,9.812100491006909841e-01,9.811416151568629340e-01,9.999999999999987788e-01,9.811415941859952250e-01,9.812099650963327369e-01,9.812135847001819400e-01,9.812097568481996657e-01,9.811045423913575814e-01,9.811045636073223442e-01,9.812098390667017833e-01,9.812139933100737510e-01,9.812142962822315573e-01,9.812139940503289415e-01,9.812098409114958786e-01,9.811045677517782337e-01,9.811045533451627776e-01,9.812098301315884674e-01,9.812139950249577636e-01,9.812143463987992309e-01,9.812143478461630153e-01,9.812140213070569272e-01,9.812100357731340372e-01,9.811415941859952250e-01,9.999999999999987788e-01,9.811415095593986058e-01,9.812095781307846876e-01,9.812093959714786040e-01,9.811044589090511803e-01,9.811045397629289955e-01,9.812098192489790982e-01,9.812139749810586675e-01,9.812142786460171795e-01,9.812139768209914292e-01,9.812098240161071239e-01,9.811045512829998927e-01,9.811044877426383648e-01,9.812097659803831196e-01,9.812139346569310749e-01,9.812142978166731311e-01,9.812143463987996750e-01,9.812142980128426561e-01,9.812139581505515684e-01,9.812099650963327369e-01,9.811415095593986058e-01,9.999999999999987788e-01,9.811410695001079318e-01,9.812053373916059806e-01,9.811040435400300019e-01,9.811044536960524809e-01,9.812097457817247070e-01,9.812139053390469545e-01,9.812142104845714696e-01,9.812139093520487743e-01,9.812097569545116249e-01,9.811044845689188554e-01,9.811041186787582413e-01,9.812093975610856056e-01,9.812135677125672917e-01,9.812139346569312970e-01,9.812139950249582077e-01,9.812139937734406514e-01,9.812139320640336226e-01,9.812135847001819400e-01,9.812095781307846876e-01,9.811410695001079318e-01,9.999999999999987788e-01,9.811364922239256270e-01,9.810996321142707588e-01,9.811040143815797920e-01,9.812093575501411591e-01,9.812135291022403560e-01,9.812138380506787438e-01,9.812135383988260795e-01,9.812093866954952892e-01,9.811041147563837050e-01,9.810999478942739049e-01,9.812052267358071234e-01,9.812093975610853835e-01,9.812097659803830085e-01,9.812098301315885784e-01,9.812098406628372294e-01,9.812098260801568328e-01,9.812097568481996657e-01,9.812093959714786040e-01,9.812053373916059806e-01,9.811364922239256270e-01,9.999999999999987788e-01,9.810261585375464888e-01,9.810994563130266410e-01,9.812051180806076189e-01,9.812093391031982970e-01,9.812096600466788665e-01,9.812093642215525824e-01,9.812052140240169473e-01,9.810999432208560300e-01,9.809946800001323464e-01,9.810999478942739049e-01,9.811041186787581303e-01,9.811044877426382538e-01,9.811045533451629996e-01,9.811045676191044729e-01,9.811045647297453876e-01,9.811045423913575814e-01,9.811044589090511803e-01,9.811040435400300019e-01,9.810996321142707588e-01,9.810261585375464888e-01,9.999999999999987788e-01,9.809893916089006405e-01,9.810994493710381015e-01,9.811039889947579251e-01,9.811043610283531891e-01,9.811040778422833730e-01,9.810999321172859666e-01,9.809946741574645523e-01,9.809946741574644413e-01,9.810999432208560300e-01,9.811041147563834830e-01,9.811044845689187444e-01,9.811045512830000037e-01,9.811045677517784558e-01,9.811045701874006042e-01,9.811045636073223442e-01,9.811045397629289955e-01,9.811044536960524809e-01,9.811040143815797920e-01,9.810994563130266410e-01,9.809893916089006405e-01,9.999999999999987788e-01,9.810261436330225404e-01,9.810995988653576916e-01,9.811039430228716274e-01,9.811039891390271883e-01,9.810999030405774812e-01,9.809946607054194079e-01,9.810999321172858556e-01,9.812052140240167253e-01,9.812093866954949561e-01,9.812097569545112918e-01,9.812098240161070128e-01,9.812098409114958786e-01,9.812098440788649123e-01,9.812098390667017833e-01,9.812098192489790982e-01,9.812097457817247070e-01,9.812093575501411591e-01,9.812051180806076189e-01,9.810994493710381015e-01,9.810261436330225404e-01,9.999999999999987788e-01,9.811364517274698827e-01,9.812052298681632756e-01,9.812089191877868544e-01,9.812051100159943084e-01,9.810999030405772592e-01,9.811040778422833730e-01,9.812093642215525824e-01,9.812135383988258575e-01,9.812139093520485522e-01,9.812139768209913182e-01,9.812139940503290525e-01,9.812139976261663454e-01,9.812139933100737510e-01,9.812139749810586675e-01,9.812139053390469545e-01,9.812135291022403560e-01,9.812093391031982970e-01,9.811039889947579251e-01,9.810995988653576916e-01,9.811364517274698827e-01,9.999999999999987788e-01,9.811409425858835798e-01,9.812090826496797646e-01,9.812089191877869654e-01,9.811039891390272993e-01,9.811043610283531891e-01,9.812096600466789775e-01,9.812138380506785218e-01,9.812142104845711366e-01,9.812142786460170685e-01,9.812142962822314463e-01,9.812143001913173901e-01,9.812142962822315573e-01,9.812142786460171795e-01,9.812142104845714696e-01,9.812138380506787438e-01,9.812096600466788665e-01,9.811043610283531891e-01,9.811039430228716274e-01,9.812052298681632756e-01,9.811409425858835798e-01,9.999999999999987788e-01,9.811409425858834688e-01,9.812052298681633866e-01,9.811039430228716274e-01,9.811039889947574810e-01,9.812093391031979639e-01,9.812135291022398009e-01,9.812139053390466215e-01,9.812139749810583345e-01,9.812139933100737510e-01,9.812139976261663454e-01,9.812139940503289415e-01,9.812139768209914292e-01,9.812139093520487743e-01,9.812135383988260795e-01,9.812093642215525824e-01,9.811040778422833730e-01,9.811039891390271883e-01,9.812089191877868544e-01,9.812090826496797646e-01,9.811409425858834688e-01,9.999999999999987788e-01,9.811364517274699937e-01,9.810995988653573585e-01,9.810994493710377684e-01,9.812051180806075079e-01,9.812093575501408260e-01,9.812097457817245960e-01,9.812098192489788762e-01,9.812098390667018943e-01,9.812098440788648013e-01,9.812098409114958786e-01,9.812098240161071239e-01,9.812097569545116249e-01,9.812093866954952892e-01,9.812052140240169473e-01,9.810999321172859666e-01,9.810999030405774812e-01,9.812051100159943084e-01,9.812089191877869654e-01,9.812052298681633866e-01,9.811364517274699937e-01,9.999999999999987788e-01,9.810261436330224294e-01,9.809893916089001964e-01,9.810994563130264190e-01,9.811040143815793479e-01,9.811044536960521478e-01,9.811045397629286624e-01,9.811045636073222331e-01,9.811045701874002711e-01,9.811045677517782337e-01,9.811045512829998927e-01,9.811044845689188554e-01,9.811041147563837050e-01,9.810999432208560300e-01,9.809946741574645523e-01,9.809946607054194079e-01,9.810999030405772592e-01,9.811039891390272993e-01,9.811039430228716274e-01,9.810995988653573585e-01,9.810261436330224294e-01,9.999999999999987788e-01
