1.000000000000000000e+00,1.000000000000000000e+00,1.000000000000000000e+00,1.000000000000000000e+00,1.000000000000000000e+00,1.000000000000000000e+00,1.000000000000000000e+00,1.000000000000000000e+00,1.000000000000000000e+00,1.000000000000000000e+00,1.000000000000000000e+00,1.000000000000000000e+00,1.000000000000000000e+00,1.000000000000000000e+00,1.000000000000000000e+00,1.000000000000000000e+00,1.000000000000000000e+00,1.000000000000000000e+00,1.000000000000000000e+00,1.000000000000000000e+00,1.000000000000000000e+00,1.000000000000000000e+00,1.000000000000000000e+00,1.000000000000000000e+00,1.000000000000000000e+00,1.000000000000000000e+00,1.000000000000000000e+00,1.000000000000000000e+00,1.000000000000000000e+00,1.000000000000000000e+00,1.000000000000000000e+00,1.000000000000000000e+00,1.000000000000000000e+00,1.000000000000000000e+00,1.000000000000000000e+00,1.000000000000000000e+00,1.000000000000000000e+00,1.000000000000000000e+00,1.000000000000000000e+00,1.000000000000000000e+00,1.000000000000000000e+00,1.000000000000000000e+00,1.000000000000000000e+00,1.000000000000000000e+00,1.000000000000000000e+00,1.000000000000000000e+00,1.000000000000000000e+00,1.000000000000000000e+00,1.000000000000000000e+00,1.000000000000000000e+00,1.000000000000000000e+00,1.000000000000000000e+00,1.000000000000000000e+00,1.000000000000000000e+00,1.000000000000000000e+00,1.000000000000000000e+00,1.000000000000000000e+00,1.000000000000000000e+00,1.000000000000000000e+00,1.000000000000000000e+00,1.000000000000000000e+00,1.000000000000000000e+00,1.000000000000000000e+00,1.000000000000000000e+00,1.000000000000000000e+00,1.000000000000000000e+00,1.000000000000000000e+00,1.000000000000000000e+00,1.000000000000000000e+00,1.000000000000000000e+00,1.000000000000000000e+00,1.000000000000000000e+00,1.000000000000000000e+00,1.000000000000000000e+00,1.000000000000000000e+00,1.000000000000000000e+00,1.000000000000000000e+00,1.000000000000000000e+00,1.000000000000000000e+00,1.000000000000000000e+00,1.000000000000000000e+00,1.000000000000000000e+00,1.000000000000000000e+00,1.000000000000000000e+00,1.000000000000000000e+00,1.000000000000000000e+00,1.000000000000000000e+00,1.000000000000000000e+00,1.000000000000000000e+00,1.000000000000000000e+00,1.000000000000000000e+00,1.000000000000000000e+00,1.000000000000000000e+00,1.000000000000000000e+00,1.000000000000000000e+00,1.000000000000000000e+00,1.000000000000000000e+00,1.000000000000000000e+00,1.000000000000000000e+00,1.000000000000000000e+00,1.000000000000000000e+00,1.000000000000000000e+00,1.000000000000000000e+00,1.000000000000000000e+00,1.000000000000000000e+00,1.000000000000000000e+00,1.000000000000000000e+00,1.000000000000000000e+00,1.000000000000000000e+00,1.000000000000000000e+00,1.000000000000000000e+00,1.000000000000000000e+00,1.000000000000000000e+00,1.000000000000000000e+00,1.000000000000000000e+00,1.000000000000000000e+00,1.000000000000000000e+00,1.000000000000000000e+00,1.000000000000000000e+00,1.000000000000000000e+00,1.000000000000000000e+00,1.000000000000000000e+00,1.000000000000000000e+00,1.000000000000000000e+00,1.000000000000000000e+00,1.000000000000000000e+00,1.000000000000000000e+00,1.000000000000000000e+00,1.000000000000000000e+00,1.000000000000000000e+00,1.000000000000000000e+00,1.000000000000000000e+00,1.000000000000000000e+00,1.000000000000000000e+00,1.000000000000000000e+00,1.000000000000000000e+00,1.000000000000000000e+00,1.000000000000000000e+00,1.000000000000000000e+00,1.000000000000000000e+00,1.000000000000000000e+00,1.000000000000000000e+00,1.000000000000000000e+00,1.000000000000000000e+00,1.000000000000000000e+00,1.000000000000000000e+00,1.000000000000000000e+00,1.000000000000000000e+00,1.000000000000000000e+00,1.000000000000000000e+00,1.000000000000000000e+00,1.000000000000000000e+00,1.000000000000000000e+00,1.000000000000000000e+00,1.000000000000000000e+00,1.000000000000000000e+00,1.000000000000000000e+00,1.000000000000000000e+00,1.000000000000000000e+00,1.000000000000000000e+00,1.000000000000000000e+00,1.000000000000000000e+00,1.000000000000000000e+00,1.000000000000000000e+00,1.000000000000000000e+00,1.000000000000000000e+00,1.000000000000000000e+00,1.000000000000000000e+00,1.000000000000000000e+00,1.000000000000000000e+00,1.000000000000000000e+00,1.000000000000000000e+00,1.000000000000000000e+00,1.000000000000000000e+00,1.000000000000000000e+00,1.000000000000000000e+00,1.000000000000000000e+00,1.000000000000000000e+00,1.000000000000000000e+00,1.000000000000000000e+00,1.000000000000000000e+00,1.000000000000000000e+00,1.000000000000000000e+00,1.000000000000000000e+00,1.000000000000000000e+00,1.000000000000000000e+00,1.000000000000000000e+00,1.000000000000000000e+00,1.000000000000000000e+00,1.000000000000000000e+00,1.000000000000000000e+00,1.000000000000000000e+00,1.000000000000000000e+00,1.000000000000000000e+00,1.000000000000000000e+00,1.000000000000000000e+00,1.000000000000000000e+00,1.000000000000000000e+00,1.000000000000000000e+00,1.000000000000000000e+00,1.000000000000000000e+00,1.000000000000000000e+00,1.000000000000000000e+00,1.000000000000000000e+00,1.000000000000000000e+00,1.000000000000000000e+00,1.000000000000000000e+00,1.000000000000000000e+00,1.000000000000000000e+00,1.000000000000000000e+00,1.000000000000000000e+00,1.000000000000000000e+00,1.000000000000000000e+00,1.000000000000000000e+00,1.000000000000000000e+00,1.000000000000000000e+00,1.000000000000000000e+00,1.000000000000000000e+00,1.000000000000000000e+00,1.000000000000000000e+00,1.000000000000000000e+00,1.000000000000000000e+00,1.000000000000000000e+00,1.000000000000000000e+00,1.000000000000000000e+00,1.000000000000000000e+00,1.000000000000000000e+00,1.000000000000000000e+00,1.000000000000000000e+00,1.000000000000000000e+00,1.000000000000000000e+00,1.000000000000000000e+00,1.000000000000000000e+00,1.000000000000000000e+00,1.000000000000000000e+00,1.000000000000000000e+00,1.000000000000000000e+00,1.000000000000000000e+00,1.000000000000000000e+00,1.000000000000000000e+00,1.000000000000000000e+00,1.000000000000000000e+00,1.000000000000000000e+00,1.000000000000000000e+00,1.000000000000000000e+00,1.000000000000000000e+00,1.000000000000000000e+00,1.000000000000000000e+00,1.000000000000000000e+00,1.000000000000000000e+00,1.000000000000000000e+00,1.000000000000000000e+00,1.000000000000000000e+00,1.000000000000000000e+00,1.000000000000000000e+00,1.000000000000000000e+00,1.000000000000000000e+00,1.000000000000000000e+00,1.000000000000000000e+00,1.000000000000000000e+00,1.000000000000000000e+00,1.000000000000000000e+00,1.000000000000000000e+00,1.000000000000000000e+00,1.000000000000000000e+00,1.000000000000000000e+00,1.000000000000000000e+00,1.000000000000000000e+00,1.000000000000000000e+00,1.000000000000000000e+00,1.000000000000000000e+00,1.000000000000000000e+00,1.000000000000000000e+00,1.000000000000000000e+00,1.000000000000000000e+00,1.000000000000000000e+00,1.000000000000000000e+00,1.000000000000000000e+00,1.000000000000000000e+00,1.000000000000000000e+00,1.000000000000000000e+00,1.000000000000000000e+00,1.000000000000000000e+00,1.000000000000000000e+00,1.000000000000000000e+00,1.000000000000000000e+00,1.000000000000000000e+00,1.000000000000000000e+00,1.000000000000000000e+00,1.000000000000000000e+00,1.000000000000000000e+00,1.000000000000000000e+00,1.000000000000000000e+00,1.000000000000000000e+00,1.000000000000000000e+00,1.000000000000000000e+00,1.000000000000000000e+00,1.000000000000000000e+00,1.000000000000000000e+00,1.000000000000000000e+00,1.000000000000000000e+00,1.000000000000000000e+00,1.000000000000000000e+00,1.000000000000000000e+00,1.000000000000000000e+00,1.000000000000000000e+00,1.000000000000000000e+00,1.000000000000000000e+00,1.000000000000000000e+00,1.000000000000000000e+00,1.000000000000000000e+00,1.000000000000000000e+00,1.000000000000000000e+00,1.000000000000000000e+00,1.000000000000000000e+00,1.000000000000000000e+00,1.000000000000000000e+00,1.000000000000000000e+00,1.000000000000000000e+00,1.000000000000000000e+00,1.000000000000000000e+00,1.000000000000000000e+00,1.000000000000000000e+00,1.000000000000000000e+00,1.000000000000000000e+00,1.000000000000000000e+00,1.000000000000000000e+00,1.000000000000000000e+00,1.000000000000000000e+00,1.000000000000000000e+00,1.000000000000000000e+00,1.000000000000000000e+00,1.000000000000000000e+00,1.000000000000000000e+00,1.000000000000000000e+00,1.000000000000000000e+00,1.000000000000000000e+00,1.000000000000000000e+00,1.000000000000000000e+00,1.000000000000000000e+00,1.000000000000000000e+00,1.000000000000000000e+00,1.000000000000000000e+00,1.000000000000000000e+00,1.000000000000000000e+00,1.000000000000000000e+00,1.000000000000000000e+00,1.000000000000000000e+00,1.000000000000000000e+00,1.000000000000000000e+00,1.000000000000000000e+00,1.000000000000000000e+00,1.000000000000000000e+00,1.000000000000000000e+00,1.000000000000000000e+00,1.000000000000000000e+00,1.000000000000000000e+00,1.000000000000000000e+00,1.000000000000000000e+00,1.000000000000000000e+00,1.000000000000000000e+00,1.000000000000000000e+00,1.000000000000000000e+00,1.000000000000000000e+00,1.000000000000000000e+00,1.000000000000000000e+00,1.000000000000000000e+00,1.000000000000000000e+00,1.000000000000000000e+00,1.000000000000000000e+00,1.000000000000000000e+00,1.000000000000000000e+00,1.000000000000000000e+00,1.000000000000000000e+00,1.000000000000000000e+00,1.000000000000000000e+00,1.000000000000000000e+00,1.000000000000000000e+00,1.000000000000000000e+00,1.000000000000000000e+00,1.000000000000000000e+00,1.000000000000000000e+00,1.000000000000000000e+00,1.000000000000000000e+00,1.000000000000000000e+00,1.000000000000000000e+00,1.000000000000000000e+00,1.000000000000000000e+00,1.000000000000000000e+00,1.000000000000000000e+00,1.000000000000000000e+00,1.000000000000000000e+00,1.000000000000000000e+00,1.000000000000000000e+00,1.000000000000000000e+00,1.000000000000000000e+00,1.000000000000000000e+00,1.000000000000000000e+00,1.000000000000000000e+00,1.000000000000000000e+00
9.999999999999966693e-01,9.949005089311985239e-01,9.949044562967851446e-01,9.949045445192633563e-01,9.949054387011929679e-01,9.949054528462855096e-01,9.949054541497067694e-01,9.949054544103294040e-01,9.949054544897903973e-01,9.949054545196176491e-01,9.949054545300725083e-01,9.949054545292355112e-01,9.949054545173261488e-01,9.949054544878453976e-01,9.949054544201086925e-01,9.949054542473526608e-01,9.949054537037965718e-01,9.949054512790160842e-01,9.949054304943413252e-01,9.949044553699790683e-01,9.949005089311985239e-01,9.999999999999966693e-01,9.949005089311985239e-01,9.949054166432285129e-01,9.949063165617230142e-01,9.949063316102713106e-01,9.949063331287680834e-01,9.949063334566595751e-01,9.949063335619738879e-01,9.949063336037933247e-01,9.949063336212552455e-01,9.949063336261474433e-01,9.949063336212553565e-01,9.949063336037933247e-01,9.949063335619739989e-01,9.949063334566596861e-01,9.949063331287680834e-01,9.949063316102713106e-01,9.949063165617230142e-01,9.949054166432282909e-01,9.949044562967851446e-01,9.949005089311985239e-01,9.999999999999966693e-01,9.949044553699792903e-01,9.949054304943415472e-01,9.949054512790163063e-01,9.949054537037966828e-01,9.949054542473527718e-01,9.949054544201089145e-01,9.949054544878456197e-01,9.949054545173261488e-01,9.949054545292358442e-01,9.949054545300726193e-01,9.949054545196177601e-01,9.949054544897906194e-01,9.949054544103296260e-01,9.949054541497068804e-01,9.949054528462856206e-01,9.949054387011929679e-01,9.949045445192631343e-01,9.949045445192633563e-01,9.949054166432285129e-01,9.949044553699792903e-01,9.999999999999966693e-01,9.949005255783294199e-01,9.949053658535342848e-01,9.949054469259268618e-01,9.949054540734152408e-01,9.949054553644799404e-01,9.949054557146147504e-01,9.949054558372489865e-01,9.949054558870183973e-01,9.949054559068587489e-01,9.949054559091365935e-01,9.949054558920417124e-01,9.949054558315844066e-01,9.949054556088220425e-01,9.949054543985589305e-01,9.949054405359144537e-01,9.949045474761181174e-01,9.949054387011929679e-01,9.949063165617230142e-01,9.949054304943415472e-01,9.949005255783294199e-01,9.999999999999966693e-01,9.949014338035456761e-01,9.949062600057400063e-01,9.949063400862252493e-01,9.949063470767154360e-01,9.949063483297938548e-01,9.949063486674600831e-01,9.949063487844906906e-01,9.949063488301824743e-01,9.949063488444515047e-01,9.949063488343635742e-01,9.949063487796351302e-01,9.949063485638904858e-01,9.949063473656446499e-01,9.949063335289074494e-01,9.949054405359142317e-01,9.949054528462855096e-01,9.949063316102713106e-01,9.949054512790163063e-01,9.949053658535342848e-01,9.949014338035456761e-01,9.999999999999966693e-01,9.949014488221250563e-01,9.949062740333491917e-01,9.949063539586771032e-01,9.949063609115430529e-01,9.949063621522602485e-01,9.949063624843632603e-01,9.949063625973340041e-01,9.949063626374623492e-01,9.949063626393688242e-01,9.949063625916464426e-01,9.949063623816258861e-01,9.949063611903867788e-01,9.949063473656447609e-01,9.949054543985587085e-01,9.949054541497067694e-01,9.949063331287680834e-01,9.949054537037966828e-01,9.949054469259268618e-01,9.949062600057400063e-01,9.949014488221250563e-01,9.999999999999966693e-01,9.949014502247954805e-01,9.949062752793020881e-01,9.949063551670087602e-01,9.949063621075130426e-01,9.949063633426671327e-01,9.949063636707100589e-01,9.949063637781173641e-01,9.949063638058831538e-01,9.949063637701550666e-01,9.949063635671407946e-01,9.949063623816258861e-01,9.949063485638903748e-01,9.949054556088222645e-01,9.949054544103294040e-01,9.949063334566595751e-01,9.949054542473527718e-01,9.949054540734152408e-01,9.949063400862252493e-01,9.949062740333491917e-01,9.949014502247954805e-01,9.999999999999966693e-01,9.949014504955404625e-01,9.949062755121380608e-01,9.949063553874846200e-01,9.949063623224256858e-01,9.949063635535196903e-01,9.949063638759992889e-01,9.949063639710439277e-01,9.949063639611752663e-01,9.949063637701551777e-01,9.949063625916463316e-01,9.949063487796353522e-01,9.949054558315841845e-01,9.949054544897903973e-01,9.949063335619738879e-01,9.949054544201089145e-01,9.949054553644799404e-01,9.949063470767154360e-01,9.949063539586771032e-01,9.949062752793020881e-01,9.949014504955404625e-01,9.999999999999966693e-01,9.949014505731649249e-01,9.949062755773211419e-01,9.949063554471049287e-01,9.949063623779860199e-01,9.949063636035165858e-01,9.949063639136336290e-01,9.949063639710438167e-01,9.949063638058830428e-01,9.949063626393684912e-01,9.949063488343634631e-01,9.949054558920416014e-01,9.949054545196176491e-01,9.949063336037933247e-01,9.949054544878456197e-01,9.949054557146147504e-01,9.949063483297938548e-01,9.949063609115430529e-01,9.949063551670087602e-01,9.949062755121380608e-01,9.949014505731649249e-01,9.999999999999966693e-01,9.949014506007421987e-01,9.949062755993069995e-01,9.949063554650311447e-01,9.949063623903486864e-01,9.949063636035166969e-01,9.949063638759992889e-01,9.949063637781173641e-01,9.949063626374621272e-01,9.949063488444515047e-01,9.949054559091362604e-01,9.949054545300725083e-01,9.949063336212552455e-01,9.949054545173261488e-01,9.949054558372489865e-01,9.949063486674600831e-01,9.949063621522602485e-01,9.949063621075130426e-01,9.949063553874846200e-01,9.949062755773211419e-01,9.949014506007421987e-01,9.999999999999966693e-01,9.949014506103752709e-01,9.949062756048703271e-01,9.949063554650310337e-01,9.949063623779861310e-01,9.949063635535195793e-01,9.949063636707100589e-01,9.949063625973337821e-01,9.949063488301824743e-01,9.949054559068585268e-01,9.949054545292355112e-01,9.949063336261474433e-01,9.949054545292358442e-01,9.949054558870183973e-01,9.949063487844906906e-01,9.949063624843632603e-01,9.949063633426671327e-01,9.949063623224256858e-01,9.949063554471049287e-01,9.949062755993069995e-01,9.949014506103752709e-01,9.999999999999966693e-01,9.949014506103753819e-01,9.949062755993069995e-01,9.949063554471049287e-01,9.949063623224257968e-01,9.949063633426671327e-01,9.949063624843631493e-01,9.949063487844905795e-01,9.949054558870181753e-01,9.949054545173261488e-01,9.949063336212553565e-01,9.949054545300726193e-01,9.949054559068587489e-01,9.949063488301824743e-01,9.949063625973340041e-01,9.949063636707100589e-01,9.949063635535196903e-01,9.949063623779860199e-01,9.949063554650311447e-01,9.949062756048703271e-01,9.949014506103753819e-01,9.999999999999966693e-01,9.949014506007420877e-01,9.949062755773210309e-01,9.949063553874846200e-01,9.949063621075130426e-01,9.949063621522601375e-01,9.949063486674599721e-01,9.949054558372487644e-01,9.949054544878453976e-01,9.949063336037933247e-01,9.949054545196177601e-01,9.949054559091365935e-01,9.949063488444515047e-01,9.949063626374623492e-01,9.949063637781173641e-01,9.949063638759992889e-01,9.949063636035165858e-01,9.949063623903486864e-01,9.949063554650310337e-01,9.949062755993069995e-01,9.949014506007420877e-01,9.999999999999966693e-01,9.949014505731649249e-01,9.949062755121381718e-01,9.949063551670088712e-01,9.949063609115428308e-01,9.949063483297939658e-01,9.949054557146145283e-01,9.949054544201086925e-01,9.949063335619739989e-01,9.949054544897906194e-01,9.949054558920417124e-01,9.949063488343635742e-01,9.949063626393688242e-01,9.949063638058831538e-01,9.949063639710439277e-01,9.949063639136336290e-01,9.949063636035166969e-01,9.949063623779861310e-01,9.949063554471049287e-01,9.949062755773210309e-01,9.949014505731649249e-01,9.999999999999966693e-01,9.949014504955404625e-01,9.949062752793020881e-01,9.949063539586768812e-01,9.949063470767152140e-01,9.949054553644797183e-01,9.949054542473526608e-01,9.949063334566596861e-01,9.949054544103296260e-01,9.949054558315844066e-01,9.949063487796351302e-01,9.949063625916464426e-01,9.949063637701550666e-01,9.949063639611752663e-01,9.949063639710438167e-01,9.949063638759992889e-01,9.949063635535195793e-01,9.949063623224257968e-01,9.949063553874846200e-01,9.949062755121381718e-01,9.949014504955404625e-01,9.999999999999966693e-01,9.949014502247955916e-01,9.949062740333490806e-01,9.949063400862252493e-01,9.949054540734150187e-01,9.949054537037965718e-01,9.949063331287680834e-01,9.949054541497068804e-01,9.949054556088220425e-01,9.949063485638904858e-01,9.949063623816258861e-01,9.949063635671407946e-01,9.949063637701551777e-01,9.949063638058830428e-01,9.949063637781173641e-01,9.949063636707100589e-01,9.949063633426671327e-01,9.949063621075130426e-01,9.949063551670088712e-01,9.949062752793020881e-01,9.949014502247955916e-01,9.999999999999966693e-01,9.949014488221251673e-01,9.949062600057400063e-01,9.949054469259267508e-01,9.949054512790160842e-01,9.949063316102713106e-01,9.949054528462856206e-01,9.949054543985589305e-01,9.949063473656446499e-01,9.949063611903867788e-01,9.949063623816258861e-01,9.949063625916463316e-01,9.949063626393684912e-01,9.949063626374621272e-01,9.949063625973337821e-01,9.949063624843631493e-01,9.949063621522601375e-01,9.949063609115428308e-01,9.949063539586768812e-01,9.949062740333490806e-01,9.949014488221251673e-01,9.999999999999966693e-01,9.949014338035456761e-01,9.949053658535342848e-01,9.949054304943413252e-01,9.949063165617230142e-01,9.949054387011929679e-01,9.949054405359144537e-01,9.949063335289074494e-01,9.949063473656447609e-01,9.949063485638903748e-01,9.949063487796353522e-01,9.949063488343634631e-01,9.949063488444515047e-01,9.949063488301824743e-01,9.949063487844905795e-01,9.949063486674599721e-01,9.949063483297939658e-01,9.949063470767152140e-01,9.949063400862252493e-01,9.949062600057400063e-01,9.949014338035456761e-01,9.999999999999966693e-01,9.949005255783294199e-01,9.949044553699790683e-01,9.949054166432282909e-01,9.949045445192631343e-01,9.949045474761181174e-01,9.949054405359142317e-01,9.949054543985587085e-01,9.949054556088222645e-01,9.949054558315841845e-01,9.949054558920416014e-01,9.949054559091362604e-01,9.949054559068585268e-01,9.949054558870181753e-01,9.949054558372487644e-01,9.949054557146145283e-01,9.949054553644797183e-01,9.949054540734150187e-01,9.949054469259267508e-01,9.949053658535342848e-01,9.949005255783294199e-01,9.999999999999966693e-01
9.999999999999986677e-01,9.808744495955951104e-01,9.809239499081747748e-01,9.809275870519271745e-01,9.809548280669715403e-01,9.809557193876750070e-01,9.809558015422739086e-01,9.809558175666281965e-01,9.809558223056564774e-01,9.809558240498001958e-01,9.809558246746997723e-01,9.809558246832351669e-01,9.809558241183889971e-01,9.809558226638066536e-01,9.809558192689403766e-01,9.809558104770895737e-01,9.809557822121500736e-01,9.809556519099956740e-01,9.809544779652463742e-01,9.809237453502999138e-01,9.808744495955951104e-01,9.999999999999986677e-01,9.808744495955951104e-01,9.809535985540587255e-01,9.809810844586015488e-01,9.809820141359711920e-01,9.809821054802099205e-01,9.809821243924292666e-01,9.809821302445738134e-01,9.809821325063324826e-01,9.809821334347759159e-01,9.809821336927844193e-01,9.809821334347761379e-01,9.809821325063325936e-01,9.809821302445739244e-01,9.809821243924293777e-01,9.809821054802101425e-01,9.809820141359715251e-01,9.809810844586015488e-01,9.809535985540585035e-01,9.809239499081747748e-01,9.808744495955951104e-01,9.999999999999986677e-01,9.809237453503001358e-01,9.809544779652464852e-01,9.809556519099954519e-01,9.809557822121498516e-01,9.809558104770894627e-01,9.809558192689404876e-01,9.809558226638065426e-01,9.809558241183888860e-01,9.809558246832352779e-01,9.809558246746997723e-01,9.809558240498000847e-01,9.809558223056563664e-01,9.809558175666279745e-01,9.809558015422737975e-01,9.809557193876750070e-01,9.809548280669717624e-01,9.809275870519270635e-01,9.809275870519271745e-01,9.809535985540587255e-01,9.809237453503001358e-01,9.999999999999986677e-01,9.808755184833947149e-01,9.809522040676411647e-01,9.809555338909076161e-01,9.809558346260341954e-01,9.809558906765574182e-01,9.809559061532703295e-01,9.809559116184142225e-01,9.809559138191339400e-01,9.809559146335782298e-01,9.809559145607984476e-01,9.809559133688102728e-01,9.809559094529228807e-01,9.809558950650689724e-01,9.809558169245108372e-01,9.809549377256504554e-01,9.809277451210530741e-01,9.809548280669715403e-01,9.809810844586015488e-01,9.809544779652464852e-01,9.808755184833947149e-01,9.999999999999986677e-01,9.809038115560326787e-01,9.809794777981124536e-01,9.809827370911331501e-01,9.809830269324727459e-01,9.809830803617337613e-01,9.809830949806825906e-01,9.809831000626819675e-01,9.809831019884236447e-01,9.809831024325985638e-01,9.809831015438500446e-01,9.809830978772200449e-01,9.809830837958045668e-01,9.809830061794141409e-01,9.809821280911814601e-01,9.809549377256504554e-01,9.809557193876750070e-01,9.809820141359711920e-01,9.809556519099954519e-01,9.809522040676411647e-01,9.809038115560326787e-01,9.999999999999986677e-01,9.809047735000687718e-01,9.809803691198842879e-01,9.809836180475706158e-01,9.809839053958030464e-01,9.809839580067410969e-01,9.809839722575455223e-01,9.809839770711221707e-01,9.809839786296076225e-01,9.809839782590016322e-01,9.809839748955475613e-01,9.809839610620730843e-01,9.809838837490564289e-01,9.809830061794141409e-01,9.809558169245110593e-01,9.809558015422739086e-01,9.809821054802099205e-01,9.809557822121498516e-01,9.809555338909076161e-01,9.809794777981124536e-01,9.809047735000687718e-01,9.999999999999986677e-01,9.809048653727193701e-01,9.809804501189219872e-01,9.809836965543954346e-01,9.809839830863733567e-01,9.809840353299336124e-01,9.809840493126287253e-01,9.809840537590884813e-01,9.809840545028518655e-01,9.809840516575514258e-01,9.809840381272231236e-01,9.809839610620731953e-01,9.809830837958046779e-01,9.809558950650688613e-01,9.809558175666281965e-01,9.809821243924292666e-01,9.809558104770894627e-01,9.809558346260341954e-01,9.809827370911331501e-01,9.809803691198842879e-01,9.809048653727193701e-01,9.999999999999986677e-01,9.809048832619109426e-01,9.809804653957376885e-01,9.809837110132219040e-01,9.809839971778335777e-01,9.809840491533160511e-01,9.809840627689102588e-01,9.809840664006553856e-01,9.809840646697268740e-01,9.809840516575514258e-01,9.809839748955477834e-01,9.809830978772202670e-01,9.809559094529228807e-01,9.809558223056564774e-01,9.809821302445738134e-01,9.809558192689404876e-01,9.809558906765574182e-01,9.809830269324727459e-01,9.809836180475706158e-01,9.809804501189219872e-01,9.809048832619109426e-01,9.999999999999986677e-01,9.809048884088680254e-01,9.809804696883517305e-01,9.809837149378295429e-01,9.809840008343385653e-01,9.809840524427207997e-01,9.809840652436015995e-01,9.809840664006553856e-01,9.809840545028520875e-01,9.809839782590017432e-01,9.809831015438503776e-01,9.809559133688101618e-01,9.809558240498001958e-01,9.809821325063324826e-01,9.809558226638065426e-01,9.809559061532703295e-01,9.809830803617337613e-01,9.809839053958030464e-01,9.809836965543954346e-01,9.809804653957376885e-01,9.809048884088680254e-01,9.999999999999986677e-01,9.809048902402390802e-01,9.809804711385163856e-01,9.809837161196542921e-01,9.809840016490523062e-01,9.809840524427205777e-01,9.809840627689101478e-01,9.809840537590884813e-01,9.809839786296078445e-01,9.809831024325987858e-01,9.809559145607983366e-01,9.809558246746997723e-01,9.809821334347759159e-01,9.809558241183888860e-01,9.809559116184142225e-01,9.809830949806825906e-01,9.809839580067410969e-01,9.809839830863733567e-01,9.809837110132219040e-01,9.809804696883517305e-01,9.809048902402390802e-01,9.999999999999986677e-01,9.809048908804072209e-01,9.809804715056896773e-01,9.809837161196542921e-01,9.809840008343384543e-01,9.809840491533159401e-01,9.809840493126287253e-01,9.809839770711223927e-01,9.809831019884237557e-01,9.809559146335781188e-01,9.809558246832351669e-01,9.809821336927844193e-01,9.809558246832352779e-01,9.809559138191339400e-01,9.809831000626819675e-01,9.809839722575455223e-01,9.809840353299336124e-01,9.809839971778335777e-01,9.809837149378295429e-01,9.809804711385163856e-01,9.809048908804072209e-01,9.999999999999986677e-01,9.809048908804073319e-01,9.809804711385164966e-01,9.809837149378294319e-01,9.809839971778335777e-01,9.809840353299337234e-01,9.809839722575456333e-01,9.809831000626823005e-01,9.809559138191337180e-01,9.809558241183889971e-01,9.809821334347761379e-01,9.809558246746997723e-01,9.809559146335782298e-01,9.809831019884236447e-01,9.809839770711221707e-01,9.809840493126287253e-01,9.809840491533160511e-01,9.809840008343385653e-01,9.809837161196542921e-01,9.809804715056896773e-01,9.809048908804073319e-01,9.999999999999986677e-01,9.809048902402390802e-01,9.809804696883517305e-01,9.809837110132217930e-01,9.809839830863734678e-01,9.809839580067410969e-01,9.809830949806828126e-01,9.809559116184142225e-01,9.809558226638066536e-01,9.809821325063325936e-01,9.809558240498000847e-01,9.809559145607984476e-01,9.809831024325985638e-01,9.809839786296076225e-01,9.809840537590884813e-01,9.809840627689102588e-01,9.809840524427207997e-01,9.809840016490523062e-01,9.809837161196542921e-01,9.809804711385164966e-01,9.809048902402390802e-01,9.999999999999986677e-01,9.809048884088678033e-01,9.809804653957374665e-01,9.809836965543954346e-01,9.809839053958032684e-01,9.809830803617340944e-01,9.809559061532702184e-01,9.809558192689403766e-01,9.809821302445739244e-01,9.809558223056563664e-01,9.809559133688102728e-01,9.809831015438500446e-01,9.809839782590016322e-01,9.809840545028518655e-01,9.809840664006553856e-01,9.809840652436015995e-01,9.809840524427205777e-01,9.809840008343384543e-01,9.809837149378294319e-01,9.809804696883517305e-01,9.809048884088678033e-01,9.999999999999986677e-01,9.809048832619109426e-01,9.809804501189220982e-01,9.809836180475708378e-01,9.809830269324729679e-01,9.809558906765573072e-01,9.809558104770895737e-01,9.809821243924293777e-01,9.809558175666279745e-01,9.809559094529228807e-01,9.809830978772200449e-01,9.809839748955475613e-01,9.809840516575514258e-01,9.809840646697268740e-01,9.809840664006553856e-01,9.809840627689101478e-01,9.809840491533159401e-01,9.809839971778335777e-01,9.809837110132217930e-01,9.809804653957374665e-01,9.809048832619109426e-01,9.999999999999986677e-01,9.809048653727193701e-01,9.809803691198845099e-01,9.809827370911332611e-01,9.809558346260339734e-01,9.809557822121500736e-01,9.809821054802101425e-01,9.809558015422737975e-01,9.809558950650689724e-01,9.809830837958045668e-01,9.809839610620730843e-01,9.809840381272231236e-01,9.809840516575514258e-01,9.809840545028520875e-01,9.809840537590884813e-01,9.809840493126287253e-01,9.809840353299337234e-01,9.809839830863734678e-01,9.809836965543954346e-01,9.809804501189220982e-01,9.809048653727193701e-01,9.999999999999986677e-01,9.809047735000688828e-01,9.809794777981126757e-01,9.809555338909076161e-01,9.809556519099956740e-01,9.809820141359715251e-01,9.809557193876750070e-01,9.809558169245108372e-01,9.809830061794141409e-01,9.809838837490564289e-01,9.809839610620731953e-01,9.809839748955477834e-01,9.809839782590017432e-01,9.809839786296078445e-01,9.809839770711223927e-01,9.809839722575456333e-01,9.809839580067410969e-01,9.809839053958032684e-01,9.809836180475708378e-01,9.809803691198845099e-01,9.809047735000688828e-01,9.999999999999986677e-01,9.809038115560325677e-01,9.809522040676412757e-01,9.809544779652463742e-01,9.809810844586015488e-01,9.809548280669717624e-01,9.809549377256504554e-01,9.809821280911814601e-01,9.809830061794141409e-01,9.809830837958046779e-01,9.809830978772202670e-01,9.809831015438503776e-01,9.809831024325987858e-01,9.809831019884237557e-01,9.809831000626823005e-01,9.809830949806828126e-01,9.809830803617340944e-01,9.809830269324729679e-01,9.809827370911332611e-01,9.809794777981126757e-01,9.809038115560325677e-01,9.999999999999986677e-01,9.808755184833946039e-01,9.809237453502999138e-01,9.809535985540585035e-01,9.809275870519270635e-01,9.809277451210530741e-01,9.809549377256504554e-01,9.809558169245110593e-01,9.809558950650688613e-01,9.809559094529228807e-01,9.809559133688101618e-01,9.809559145607983366e-01,9.809559146335781188e-01,9.809559138191337180e-01,9.809559116184142225e-01,9.809559061532702184e-01,9.809558906765573072e-01,9.809558346260339734e-01,9.809555338909076161e-01,9.809522040676412757e-01,9.808755184833946039e-01,9.999999999999986677e-01
9.999999999999965583e-01,9.810210096572274940e-01,9.809891954789894397e-01,9.809940798384116922e-01,9.810994373611610087e-01,9.811036334446562313e-01,9.811040125762883202e-01,9.811040840349782854e-01,9.811041041618133729e-01,9.811041113164098437e-01,9.811041139926408583e-01,9.811041144904317779e-01,9.811041132265656550e-01,9.811041094108725602e-01,9.811041000001193835e-01,9.811040743761395566e-01,9.811039865288148087e-01,9.811035443787273769e-01,9.810989800233607117e-01,9.809888969039997075e-01,9.810210096572274940e-01,9.999999999999965583e-01,9.810210096572274940e-01,9.810947924539364928e-01,9.812004790775620267e-01,9.812047248364633711e-01,9.812051159102916920e-01,9.812051911611520127e-01,9.812052127600259244e-01,9.812052206037733537e-01,9.812052236885387968e-01,9.812052245274608397e-01,9.812052236885387968e-01,9.812052206037732427e-01,9.812052127600258133e-01,9.812051911611519017e-01,9.812051159102920250e-01,9.812047248364632601e-01,9.812004790775622487e-01,9.810947924539366038e-01,9.809891954789894397e-01,9.810210096572274940e-01,9.999999999999965583e-01,9.809888969039995965e-01,9.810989800233608227e-01,9.811035443787273769e-01,9.811039865288146977e-01,9.811040743761395566e-01,9.811041000001192725e-01,9.811041094108725602e-01,9.811041132265654330e-01,9.811041144904316669e-01,9.811041139926409693e-01,9.811041113164097327e-01,9.811041041618133729e-01,9.811040840349781744e-01,9.811040125762885422e-01,9.811036334446562313e-01,9.810994373611610087e-01,9.809940798384120253e-01,9.809940798384116922e-01,9.810947924539364928e-01,9.809888969039995965e-01,9.999999999999965583e-01,9.810261182850981143e-01,9.810995984284101024e-01,9.811040127023539226e-01,9.811044298520341655e-01,9.811045151137672837e-01,9.811045402827317519e-01,9.811045494233646691e-01,9.811045528820695472e-01,9.811045534958678926e-01,9.811045515682592644e-01,9.811045451625246550e-01,9.811045261483476443e-01,9.811044568885411987e-01,9.811040831034222309e-01,9.810999030292764100e-01,9.809946099486255289e-01,9.810994373611610087e-01,9.812004790775620267e-01,9.810989800233608227e-01,9.810261182850981143e-01,9.999999999999965583e-01,9.811364766108068292e-01,9.812053247268806011e-01,9.812093850925102112e-01,9.812097477490863140e-01,9.812098198119415526e-01,9.812098406465661338e-01,9.812098478498660903e-01,9.812098499220905934e-01,9.812098486784531781e-01,9.812098426785100802e-01,9.812098240026375651e-01,9.812097551604082035e-01,9.812093820676563993e-01,9.812052031256461859e-01,9.810999030292762990e-01,9.811036334446562313e-01,9.812047248364633711e-01,9.811035443787273769e-01,9.810995984284101024e-01,9.811364766108068292e-01,9.999999999999965583e-01,9.811410630580129633e-01,9.812095735165851096e-01,9.812135818676923638e-01,9.812139320625226091e-01,9.812140000239004678e-01,9.812140190100421266e-01,9.812140248657351682e-01,9.812140250986247647e-01,9.812140197903421734e-01,9.812140015212947874e-01,9.812139330126641301e-01,9.812135603271083806e-01,9.812093820676562883e-01,9.811040831034223419e-01,9.811040125762883202e-01,9.812051159102916920e-01,9.811039865288146977e-01,9.811040127023539226e-01,9.812053247268806011e-01,9.811410630580129633e-01,9.999999999999965583e-01,9.811415077655080141e-01,9.812099650959835717e-01,9.812139609811820762e-01,9.812143070953776025e-01,9.812143732159468446e-01,9.812143908575783335e-01,9.812143948753135891e-01,9.812143910441694095e-01,9.812143734669691586e-01,9.812143053650334013e-01,9.812139330126639081e-01,9.812097551604082035e-01,9.811044568885413097e-01,9.811040840349782854e-01,9.812051911611520127e-01,9.811040743761395566e-01,9.811044298520341655e-01,9.812093850925102112e-01,9.812095735165851096e-01,9.811415077655080141e-01,9.999999999999965583e-01,9.811415959793337027e-01,9.812100403856249820e-01,9.812140321696057876e-01,9.812143764430848458e-01,9.812144412194669929e-01,9.812144570233052310e-01,9.812144569770839819e-01,9.812144408770538950e-01,9.812143734669692696e-01,9.812140015212947874e-01,9.812098240026377871e-01,9.811045261483480884e-01,9.811041041618133729e-01,9.812052127600259244e-01,9.811041000001192725e-01,9.811045151137672837e-01,9.812097477490863140e-01,9.812135818676923638e-01,9.812099650959835717e-01,9.811415959793337027e-01,9.999999999999965583e-01,9.811416215970859556e-01,9.812100617488492826e-01,9.812140516846711291e-01,9.812143946136930861e-01,9.812144575522878664e-01,9.812144692921842548e-01,9.812144569770842040e-01,9.812143910441696315e-01,9.812140197903422845e-01,9.812098426785101912e-01,9.811045451625250990e-01,9.811041113164098437e-01,9.812052206037733537e-01,9.811041094108725602e-01,9.811045402827317519e-01,9.812098198119415526e-01,9.812139320625226091e-01,9.812139609811820762e-01,9.812100403856249820e-01,9.811416215970859556e-01,9.999999999999965583e-01,9.811416307521180213e-01,9.812100689979040835e-01,9.812140575865215819e-01,9.812143986776395987e-01,9.812144575522877554e-01,9.812144570233052310e-01,9.812143948753137002e-01,9.812140250986247647e-01,9.812098486784532891e-01,9.811045515682593754e-01,9.811041139926408583e-01,9.812052236885387968e-01,9.811041132265654330e-01,9.811045494233646691e-01,9.812098406465661338e-01,9.812140000239004678e-01,9.812143070953776025e-01,9.812140321696057876e-01,9.812100617488492826e-01,9.811416307521180213e-01,9.999999999999965583e-01,9.811416339586691571e-01,9.812100708365268931e-01,9.812140575865215819e-01,9.812143946136928641e-01,9.812144412194669929e-01,9.812143908575785556e-01,9.812140248657350572e-01,9.812098499220905934e-01,9.811045534958682257e-01,9.811041144904317779e-01,9.812052245274608397e-01,9.811041144904316669e-01,9.811045528820695472e-01,9.812098478498660903e-01,9.812140190100421266e-01,9.812143732159468446e-01,9.812143764430848458e-01,9.812140516846711291e-01,9.812100689979040835e-01,9.811416339586691571e-01,9.999999999999965583e-01,9.811416339586691571e-01,9.812100689979040835e-01,9.812140516846710181e-01,9.812143764430847348e-01,9.812143732159469556e-01,9.812140190100421266e-01,9.812098478498663123e-01,9.811045528820696582e-01,9.811041132265656550e-01,9.812052236885387968e-01,9.811041139926409693e-01,9.811045534958678926e-01,9.812098499220905934e-01,9.812140248657351682e-01,9.812143908575783335e-01,9.812144412194669929e-01,9.812143946136930861e-01,9.812140575865215819e-01,9.812100708365268931e-01,9.811416339586691571e-01,9.999999999999965583e-01,9.811416307521179103e-01,9.812100617488491716e-01,9.812140321696057876e-01,9.812143070953777135e-01,9.812140000239004678e-01,9.812098406465662448e-01,9.811045494233648911e-01,9.811041094108725602e-01,9.812052206037732427e-01,9.811041113164097327e-01,9.811045515682592644e-01,9.812098486784531781e-01,9.812140250986247647e-01,9.812143948753135891e-01,9.812144570233052310e-01,9.812144575522878664e-01,9.812143986776395987e-01,9.812140575865215819e-01,9.812100689979040835e-01,9.811416307521179103e-01,9.999999999999965583e-01,9.811416215970857335e-01,9.812100403856247599e-01,9.812139609811820762e-01,9.812139320625226091e-01,9.812098198119415526e-01,9.811045402827319739e-01,9.811041000001193835e-01,9.812052127600258133e-01,9.811041041618133729e-01,9.811045451625246550e-01,9.812098426785100802e-01,9.812140197903421734e-01,9.812143910441694095e-01,9.812144569770839819e-01,9.812144692921842548e-01,9.812144575522877554e-01,9.812143946136928641e-01,9.812140516846710181e-01,9.812100617488491716e-01,9.811416215970857335e-01,9.999999999999965583e-01,9.811415959793333696e-01,9.812099650959835717e-01,9.812135818676923638e-01,9.812097477490863140e-01,9.811045151137675058e-01,9.811040743761395566e-01,9.812051911611519017e-01,9.811040840349781744e-01,9.811045261483476443e-01,9.812098240026375651e-01,9.812140015212947874e-01,9.812143734669691586e-01,9.812144408770538950e-01,9.812144569770842040e-01,9.812144570233052310e-01,9.812144412194669929e-01,9.812143764430847348e-01,9.812140321696057876e-01,9.812100403856247599e-01,9.811415959793333696e-01,9.999999999999965583e-01,9.811415077655081252e-01,9.812095735165851096e-01,9.812093850925103222e-01,9.811044298520343876e-01,9.811039865288148087e-01,9.812051159102920250e-01,9.811040125762885422e-01,9.811044568885411987e-01,9.812097551604082035e-01,9.812139330126641301e-01,9.812143053650334013e-01,9.812143734669692696e-01,9.812143910441696315e-01,9.812143948753137002e-01,9.812143908575785556e-01,9.812143732159469556e-01,9.812143070953777135e-01,9.812139609811820762e-01,9.812099650959835717e-01,9.811415077655081252e-01,9.999999999999965583e-01,9.811410630580128522e-01,9.812053247268806011e-01,9.811040127023541446e-01,9.811035443787273769e-01,9.812047248364632601e-01,9.811036334446562313e-01,9.811040831034222309e-01,9.812093820676563993e-01,9.812135603271083806e-01,9.812139330126639081e-01,9.812140015212947874e-01,9.812140197903422845e-01,9.812140250986247647e-01,9.812140248657350572e-01,9.812140190100421266e-01,9.812140000239004678e-01,9.812139320625226091e-01,9.812135818676923638e-01,9.812095735165851096e-01,9.811410630580128522e-01,9.999999999999965583e-01,9.811364766108068292e-01,9.810995984284099913e-01,9.810989800233607117e-01,9.812004790775622487e-01,9.810994373611610087e-01,9.810999030292764100e-01,9.812052031256461859e-01,9.812093820676562883e-01,9.812097551604082035e-01,9.812098240026377871e-01,9.812098426785101912e-01,9.812098486784532891e-01,9.812098499220905934e-01,9.812098478498663123e-01,9.812098406465662448e-01,9.812098198119415526e-01,9.812097477490863140e-01,9.812093850925103222e-01,9.812053247268806011e-01,9.811364766108068292e-01,9.999999999999965583e-01,9.810261182850981143e-01,9.809888969039997075e-01,9.810947924539366038e-01,9.809940798384120253e-01,9.809946099486255289e-01,9.810999030292762990e-01,9.811040831034223419e-01,9.811044568885413097e-01,9.811045261483480884e-01,9.811045451625250990e-01,9.811045515682593754e-01,9.811045534958682257e-01,9.811045528820696582e-01,9.811045494233648911e-01,9.811045402827319739e-01,9.811045151137675058e-01,9.811044298520343876e-01,9.811040127023541446e-01,9.810995984284099913e-01,9.810261182850981143e-01,9.999999999999965583e-01
