1.000000000000000000e+00,1.000000000000000000e+00,1.000000000000000000e+00,1.000000000000000000e+00,1.000000000000000000e+00,1.000000000000000000e+00,1.000000000000000000e+00,1.000000000000000000e+00,1.000000000000000000e+00,1.000000000000000000e+00,1.000000000000000000e+00,1.000000000000000000e+00,1.000000000000000000e+00,1.000000000000000000e+00,1.000000000000000000e+00,1.000000000000000000e+00,1.000000000000000000e+00,1.000000000000000000e+00,1.000000000000000000e+00,1.000000000000000000e+00,1.000000000000000000e+00,1.000000000000000000e+00,1.000000000000000000e+00,1.000000000000000000e+00,1.000000000000000000e+00,1.000000000000000000e+00,1.000000000000000000e+00,1.000000000000000000e+00,1.000000000000000000e+00,1.000000000000000000e+00,1.000000000000000000e+00,1.000000000000000000e+00,1.000000000000000000e+00,1.000000000000000000e+00,1.000000000000000000e+00,1.000000000000000000e+00,1.000000000000000000e+00,1.000000000000000000e+00,1.000000000000000000e+00,1.000000000000000000e+00,1.000000000000000000e+00,1.000000000000000000e+00,1.000000000000000000e+00,1.000000000000000000e+00,1.000000000000000000e+00,1.000000000000000000e+00,1.000000000000000000e+00,1.000000000000000000e+00,1.000000000000000000e+00,1.000000000000000000e+00,1.000000000000000000e+00,1.000000000000000000e+00,1.000000000000000000e+00,1.000000000000000000e+00,1.000000000000000000e+00,1.000000000000000000e+00,1.000000000000000000e+00,1.000000000000000000e+00,1.000000000000000000e+00,1.000000000000000000e+00,1.000000000000000000e+00,1.000000000000000000e+00,1.000000000000000000e+00,1.000000000000000000e+00,1.000000000000000000e+00,1.000000000000000000e+00,1.000000000000000000e+00,1.000000000000000000e+00,1.000000000000000000e+00,1.000000000000000000e+00,1.000000000000000000e+00,1.000000000000000000e+00,1.000000000000000000e+00,1.000000000000000000e+00,1.000000000000000000e+00,1.000000000000000000e+00,1.000000000000000000e+00,1.000000000000000000e+00,1.000000000000000000e+00,1.000000000000000000e+00,1.000000000000000000e+00,1.000000000000000000e+00,1.000000000000000000e+00,1.000000000000000000e+00,1.000000000000000000e+00,1.000000000000000000e+00,1.000000000000000000e+00,1.000000000000000000e+00,1.000000000000000000e+00,1.000000000000000000e+00,1.000000000000000000e+00,1.000000000000000000e+00,1.000000000000000000e+00,1.000000000000000000e+00,1.000000000000000000e+00,1.000000000000000000e+00,1.000000000000000000e+00,1.000000000000000000e+00,1.000000000000000000e+00,1.000000000000000000e+00,1.000000000000000000e+00,1.000000000000000000e+00,1.000000000000000000e+00,1.000000000000000000e+00,1.000000000000000000e+00,1.000000000000000000e+00,1.000000000000000000e+00,1.000000000000000000e+00,1.000000000000000000e+00,1.000000000000000000e+00,1.000000000000000000e+00,1.000000000000000000e+00,1.000000000000000000e+00,1.000000000000000000e+00,1.000000000000000000e+00,1.000000000000000000e+00,1.000000000000000000e+00,1.000000000000000000e+00,1.000000000000000000e+00,1.000000000000000000e+00,1.000000000000000000e+00,1.000000000000000000e+00,1.000000000000000000e+00,1.000000000000000000e+00,1.000000000000000000e+00,1.000000000000000000e+00,1.000000000000000000e+00,1.000000000000000000e+00,1.000000000000000000e+00,1.000000000000000000e+00,1.000000000000000000e+00,1.000000000000000000e+00,1.000000000000000000e+00,1.000000000000000000e+00,1.000000000000000000e+00,1.000000000000000000e+00,1.000000000000000000e+00,1.000000000000000000e+00,1.000000000000000000e+00,1.000000000000000000e+00,1.000000000000000000e+00,1.000000000000000000e+00,1.000000000000000000e+00,1.000000000000000000e+00,1.000000000000000000e+00,1.000000000000000000e+00,1.000000000000000000e+00,1.000000000000000000e+00,1.000000000000000000e+00,1.000000000000000000e+00,1.000000000000000000e+00,1.000000000000000000e+00,1.000000000000000000e+00,1.000000000000000000e+00,1.000000000000000000e+00,1.000000000000000000e+00,1.000000000000000000e+00,1.000000000000000000e+00,1.000000000000000000e+00,1.000000000000000000e+00,1.000000000000000000e+00,1.000000000000000000e+00,1.000000000000000000e+00,1.000000000000000000e+00,1.000000000000000000e+00,1.000000000000000000e+00,1.000000000000000000e+00,1.000000000000000000e+00,1.000000000000000000e+00,1.000000000000000000e+00,1.000000000000000000e+00,1.000000000000000000e+00,1.000000000000000000e+00,1.000000000000000000e+00,1.000000000000000000e+00,1.000000000000000000e+00,1.000000000000000000e+00,1.000000000000000000e+00,1.000000000000000000e+00,1.000000000000000000e+00,1.000000000000000000e+00,1.000000000000000000e+00,1.000000000000000000e+00,1.000000000000000000e+00,1.000000000000000000e+00,1.000000000000000000e+00,1.000000000000000000e+00,1.000000000000000000e+00,1.000000000000000000e+00,1.000000000000000000e+00,1.000000000000000000e+00,1.000000000000000000e+00,1.000000000000000000e+00,1.000000000000000000e+00,1.000000000000000000e+00,1.000000000000000000e+00,1.000000000000000000e+00,1.000000000000000000e+00,1.000000000000000000e+00,1.000000000000000000e+00,1.000000000000000000e+00,1.000000000000000000e+00,1.000000000000000000e+00,1.000000000000000000e+00,1.000000000000000000e+00,1.000000000000000000e+00,1.000000000000000000e+00,1.000000000000000000e+00,1.000000000000000000e+00,1.000000000000000000e+00,1.000000000000000000e+00,1.000000000000000000e+00,1.000000000000000000e+00,1.000000000000000000e+00,1.000000000000000000e+00,1.000000000000000000e+00,1.000000000000000000e+00,1.000000000000000000e+00,1.000000000000000000e+00,1.000000000000000000e+00,1.000000000000000000e+00,1.000000000000000000e+00,1.000000000000000000e+00,1.000000000000000000e+00,1.000000000000000000e+00,1.000000000000000000e+00,1.000000000000000000e+00,1.000000000000000000e+00,1.000000000000000000e+00,1.000000000000000000e+00,1.000000000000000000e+00,1.000000000000000000e+00,1.000000000000000000e+00,1.000000000000000000e+00,1.000000000000000000e+00,1.000000000000000000e+00,1.000000000000000000e+00,1.000000000000000000e+00,1.000000000000000000e+00,1.000000000000000000e+00,1.000000000000000000e+00,1.000000000000000000e+00,1.000000000000000000e+00,1.000000000000000000e+00,1.000000000000000000e+00,1.000000000000000000e+00,1.000000000000000000e+00,1.000000000000000000e+00,1.000000000000000000e+00,1.000000000000000000e+00,1.000000000000000000e+00,1.000000000000000000e+00,1.000000000000000000e+00,1.000000000000000000e+00,1.000000000000000000e+00,1.000000000000000000e+00,1.000000000000000000e+00,1.000000000000000000e+00,1.000000000000000000e+00,1.000000000000000000e+00,1.000000000000000000e+00,1.000000000000000000e+00,1.000000000000000000e+00,1.000000000000000000e+00,1.000000000000000000e+00,1.000000000000000000e+00,1.000000000000000000e+00,1.000000000000000000e+00,1.000000000000000000e+00,1.000000000000000000e+00,1.000000000000000000e+00,1.000000000000000000e+00,1.000000000000000000e+00,1.000000000000000000e+00,1.000000000000000000e+00,1.000000000000000000e+00,1.000000000000000000e+00,1.000000000000000000e+00,1.000000000000000000e+00,1.000000000000000000e+00,1.000000000000000000e+00,1.000000000000000000e+00,1.000000000000000000e+00,1.000000000000000000e+00,1.000000000000000000e+00,1.000000000000000000e+00,1.000000000000000000e+00,1.000000000000000000e+00,1.000000000000000000e+00,1.000000000000000000e+00,1.000000000000000000e+00,1.000000000000000000e+00,1.000000000000000000e+00,1.000000000000000000e+00,1.000000000000000000e+00,1.000000000000000000e+00,1.000000000000000000e+00,1.000000000000000000e+00,1.000000000000000000e+00,1.000000000000000000e+00,1.000000000000000000e+00,1.000000000000000000e+00,1.000000000000000000e+00,1.000000000000000000e+00,1.000000000000000000e+00,1.000000000000000000e+00,1.000000000000000000e+00,1.000000000000000000e+00,1.000000000000000000e+00,1.000000000000000000e+00,1.000000000000000000e+00,1.000000000000000000e+00,1.000000000000000000e+00,1.000000000000000000e+00,1.000000000000000000e+00,1.000000000000000000e+00,1.000000000000000000e+00,1.000000000000000000e+00,1.000000000000000000e+00,1.000000000000000000e+00,1.000000000000000000e+00,1.000000000000000000e+00,1.000000000000000000e+00,1.000000000000000000e+00,1.000000000000000000e+00,1.000000000000000000e+00,1.000000000000000000e+00,1.000000000000000000e+00,1.000000000000000000e+00,1.000000000000000000e+00,1.000000000000000000e+00,1.000000000000000000e+00,1.000000000000000000e+00,1.000000000000000000e+00,1.000000000000000000e+00,1.000000000000000000e+00,1.000000000000000000e+00,1.000000000000000000e+00,1.000000000000000000e+00,1.000000000000000000e+00,1.000000000000000000e+00,1.000000000000000000e+00,1.000000000000000000e+00,1.000000000000000000e+00,1.000000000000000000e+00,1.000000000000000000e+00,1.000000000000000000e+00,1.000000000000000000e+00,1.000000000000000000e+00,1.000000000000000000e+00,1.000000000000000000e+00,1.000000000000000000e+00,1.000000000000000000e+00,1.000000000000000000e+00,1.000000000000000000e+00,1.000000000000000000e+00,1.000000000000000000e+00,1.000000000000000000e+00,1.000000000000000000e+00,1.000000000000000000e+00,1.000000000000000000e+00,1.000000000000000000e+00,1.000000000000000000e+00,1.000000000000000000e+00,1.000000000000000000e+00,1.000000000000000000e+00,1.000000000000000000e+00,1.000000000000000000e+00,1.000000000000000000e+00,1.000000000000000000e+00,1.000000000000000000e+00,1.000000000000000000e+00,1.000000000000000000e+00,1.000000000000000000e+00,1.000000000000000000e+00,1.000000000000000000e+00,1.000000000000000000e+00,1.000000000000000000e+00,1.000000000000000000e+00,1.000000000000000000e+00,1.000000000000000000e+00,1.000000000000000000e+00,1.000000000000000000e+00,1.000000000000000000e+00,1.000000000000000000e+00,1.000000000000000000e+00,1.000000000000000000e+00,1.000000000000000000e+00,1.000000000000000000e+00,1.000000000000000000e+00,1.000000000000000000e+00,1.000000000000000000e+00,1.000000000000000000e+00,1.000000000000000000e+00,1.000000000000000000e+00,1.000000000000000000e+00,1.000000000000000000e+00,1.000000000000000000e+00,1.000000000000000000e+00,1.000000000000000000e+00
9.999999999999995559e-01,9.948996007804981057e-01,9.949045235423984446e-01,9.949054236152371500e-01,9.949054387005749067e-01,9.949054402305711475e-01,9.949054405628802167e-01,9.949054406702422249e-01,9.949054407132551514e-01,9.949054407316886284e-01,9.949054407377658782e-01,9.949054407348988383e-01,9.949054407218037577e-01,9.949054406913544479e-01,9.949054406224321356e-01,9.949054404476461722e-01,9.949054398997126958e-01,9.949054374635394327e-01,9.949054166424253776e-01,9.949044413647714080e-01,9.948996007804981057e-01,9.999999999999995559e-01,9.949044413647712970e-01,9.949054166424251555e-01,9.949054374635394327e-01,9.949054398997126958e-01,9.949054404476460611e-01,9.949054406224321356e-01,9.949054406913544479e-01,9.949054407218036467e-01,9.949054407348988383e-01,9.949054407377658782e-01,9.949054407316887394e-01,9.949054407132551514e-01,9.949054406702423359e-01,9.949054405628803277e-01,9.949054402305710365e-01,9.949054387005751288e-01,9.949054236152373720e-01,9.949045235423985556e-01,9.949045235423984446e-01,9.949044413647712970e-01,9.999999999999995559e-01,9.949005253127871651e-01,9.949053656247115462e-01,9.949054467084955666e-01,9.949054538603614439e-01,9.949054551534562973e-01,9.949054555047764925e-01,9.949054556283793982e-01,9.949054556793344162e-01,9.949054557012049216e-01,9.949054557078603755e-01,9.949054557021598244e-01,9.949054556781509184e-01,9.949054556086511791e-01,9.949054553695034775e-01,9.949054541219520820e-01,9.949054401554651150e-01,9.949045467261334874e-01,9.949054236152371500e-01,9.949054166424251555e-01,9.949005253127871651e-01,9.999999999999995559e-01,9.949014337280788212e-01,9.949062599417443087e-01,9.949063400266064949e-01,9.949063470191265024e-01,9.949063482733907504e-01,9.949063486120254263e-01,9.949063487302417519e-01,9.949063487779635784e-01,9.949063487966102182e-01,9.949063487979165066e-01,9.949063487796367955e-01,9.949063487171539988e-01,9.949063484900251275e-01,9.949063472683905562e-01,9.949063333693405342e-01,9.949054401554653371e-01,9.949054387005749067e-01,9.949054374635394327e-01,9.949053656247115462e-01,9.949014337280788212e-01,9.999999999999995559e-01,9.949014487945504470e-01,9.949062740101803914e-01,9.949063539375381238e-01,9.949063608915896806e-01,9.949063621332755458e-01,9.949063624665641647e-01,9.949063625815647294e-01,9.949063626260710169e-01,9.949063626393712667e-01,9.949063626280978401e-01,9.949063625713395753e-01,9.949063623512170995e-01,9.949063611415773778e-01,9.949063472683905562e-01,9.949054541219519709e-01,9.949054402305711475e-01,9.949054398997126958e-01,9.949054467084955666e-01,9.949062599417443087e-01,9.949014487945504470e-01,9.999999999999995559e-01,9.949014502130089088e-01,9.949062752695574385e-01,9.949063551584497178e-01,9.949063620999226698e-01,9.949063633362623671e-01,9.949063636663353360e-01,9.949063637781203617e-01,9.949063638172801483e-01,9.949063638180007940e-01,9.949063637682484806e-01,9.949063635538504258e-01,9.949063623512169885e-01,9.949063484900250165e-01,9.949054553695034775e-01,9.949054405628802167e-01,9.949054404476460611e-01,9.949054538603614439e-01,9.949063400266064949e-01,9.949062740101803914e-01,9.949014502130089088e-01,9.999999999999995559e-01,9.949014504901679823e-01,9.949062755079567388e-01,9.949063553842718566e-01,9.949063623203986406e-01,9.949063635535226879e-01,9.949063638803801179e-01,9.949063639868186426e-01,9.949063640133988251e-01,9.949063639756408062e-01,9.949063637682485917e-01,9.949063625713396863e-01,9.949063487171541098e-01,9.949054556086514012e-01,9.949054406702422249e-01,9.949054406224321356e-01,9.949054551534562973e-01,9.949063470191265024e-01,9.949063539375381238e-01,9.949062752695574385e-01,9.949014504901679823e-01,9.999999999999995559e-01,9.949014505710113143e-01,9.949062755761384214e-01,9.949063554471079263e-01,9.949063623800190603e-01,9.949063636099274577e-01,9.949063639314383867e-01,9.949063640252974183e-01,9.949063640133988251e-01,9.949063638180007940e-01,9.949063626280979511e-01,9.949063487796369065e-01,9.949054556781513625e-01,9.949054407132551514e-01,9.949054406913544479e-01,9.949054555047764925e-01,9.949063482733907504e-01,9.949063608915896806e-01,9.949063551584497178e-01,9.949062755079567388e-01,9.949014505710113143e-01,9.999999999999995559e-01,9.949014506007449743e-01,9.949062756004954933e-01,9.949063554682495703e-01,9.949063623979451654e-01,9.949063636225071727e-01,9.949063639314383867e-01,9.949063639868186426e-01,9.949063638172800372e-01,9.949063626393714888e-01,9.949063487979165066e-01,9.949054557021600464e-01,9.949054407316886284e-01,9.949054407218036467e-01,9.949054556283793982e-01,9.949063486120254263e-01,9.949063621332755458e-01,9.949063620999226698e-01,9.949063553842718566e-01,9.949062755761384214e-01,9.949014506007449743e-01,9.999999999999995559e-01,9.949014506125345436e-01,9.949062756090576443e-01,9.949063554735960713e-01,9.949063623979451654e-01,9.949063636099274577e-01,9.949063638803800069e-01,9.949063637781202507e-01,9.949063626260711279e-01,9.949063487966104402e-01,9.949054557078607086e-01,9.949054407377658782e-01,9.949054407348988383e-01,9.949054556793344162e-01,9.949063487302417519e-01,9.949063624665641647e-01,9.949063633362623671e-01,9.949063623203986406e-01,9.949063554471079263e-01,9.949062756004954933e-01,9.949014506125345436e-01,9.999999999999995559e-01,9.949014506157536353e-01,9.949062756090575332e-01,9.949063554682496813e-01,9.949063623800189493e-01,9.949063635535226879e-01,9.949063636663352250e-01,9.949063625815649514e-01,9.949063487779636894e-01,9.949054557012053657e-01,9.949054407348988383e-01,9.949054407377658782e-01,9.949054557012049216e-01,9.949063487779635784e-01,9.949063625815647294e-01,9.949063636663353360e-01,9.949063635535226879e-01,9.949063623800190603e-01,9.949063554682495703e-01,9.949062756090576443e-01,9.949014506157536353e-01,9.999999999999995559e-01,9.949014506125346546e-01,9.949062756004956043e-01,9.949063554471079263e-01,9.949063623203986406e-01,9.949063633362621450e-01,9.949063624665641647e-01,9.949063487302418629e-01,9.949054556793347492e-01,9.949054407218037577e-01,9.949054407316887394e-01,9.949054557078603755e-01,9.949063487966102182e-01,9.949063626260710169e-01,9.949063637781203617e-01,9.949063638803801179e-01,9.949063636099274577e-01,9.949063623979451654e-01,9.949063554735960713e-01,9.949062756090575332e-01,9.949014506125346546e-01,9.999999999999995559e-01,9.949014506007450853e-01,9.949062755761385324e-01,9.949063553842719676e-01,9.949063620999225588e-01,9.949063621332756568e-01,9.949063486120255373e-01,9.949054556283798423e-01,9.949054406913544479e-01,9.949054407132551514e-01,9.949054557021598244e-01,9.949063487979165066e-01,9.949063626393712667e-01,9.949063638172801483e-01,9.949063639868186426e-01,9.949063639314383867e-01,9.949063636225071727e-01,9.949063623979451654e-01,9.949063554682496813e-01,9.949062756004956043e-01,9.949014506007450853e-01,9.999999999999995559e-01,9.949014505710114253e-01,9.949062755079567388e-01,9.949063551584497178e-01,9.949063608915897916e-01,9.949063482733908614e-01,9.949054555047768256e-01,9.949054406224321356e-01,9.949054406702423359e-01,9.949054556781509184e-01,9.949063487796367955e-01,9.949063626280978401e-01,9.949063638180007940e-01,9.949063640133988251e-01,9.949063640252974183e-01,9.949063639314383867e-01,9.949063636099274577e-01,9.949063623800189493e-01,9.949063554471079263e-01,9.949062755761385324e-01,9.949014505710114253e-01,9.999999999999995559e-01,9.949014504901679823e-01,9.949062752695574385e-01,9.949063539375381238e-01,9.949063470191267244e-01,9.949054551534564084e-01,9.949054404476461722e-01,9.949054405628803277e-01,9.949054556086511791e-01,9.949063487171539988e-01,9.949063625713395753e-01,9.949063637682484806e-01,9.949063639756408062e-01,9.949063640133988251e-01,9.949063639868186426e-01,9.949063638803800069e-01,9.949063635535226879e-01,9.949063623203986406e-01,9.949063553842719676e-01,9.949062755079567388e-01,9.949014504901679823e-01,9.999999999999995559e-01,9.949014502130087978e-01,9.949062740101803914e-01,9.949063400266064949e-01,9.949054538603617770e-01,9.949054398997126958e-01,9.949054402305710365e-01,9.949054553695034775e-01,9.949063484900251275e-01,9.949063623512170995e-01,9.949063635538504258e-01,9.949063637682485917e-01,9.949063638180007940e-01,9.949063638172800372e-01,9.949063637781202507e-01,9.949063636663352250e-01,9.949063633362621450e-01,9.949063620999225588e-01,9.949063551584497178e-01,9.949062752695574385e-01,9.949014502130087978e-01,9.999999999999995559e-01,9.949014487945507801e-01,9.949062599417441977e-01,9.949054467084955666e-01,9.949054374635394327e-01,9.949054387005751288e-01,9.949054541219520820e-01,9.949063472683905562e-01,9.949063611415773778e-01,9.949063623512169885e-01,9.949063625713396863e-01,9.949063626280979511e-01,9.949063626393714888e-01,9.949063626260711279e-01,9.949063625815649514e-01,9.949063624665641647e-01,9.949063621332756568e-01,9.949063608915897916e-01,9.949063539375381238e-01,9.949062740101803914e-01,9.949014487945507801e-01,9.999999999999995559e-01,9.949014337280790432e-01,9.949053656247113242e-01,9.949054166424253776e-01,9.949054236152373720e-01,9.949054401554651150e-01,9.949063333693405342e-01,9.949063472683905562e-01,9.949063484900250165e-01,9.949063487171541098e-01,9.949063487796369065e-01,9.949063487979165066e-01,9.949063487966104402e-01,9.949063487779636894e-01,9.949063487302418629e-01,9.949063486120255373e-01,9.949063482733908614e-01,9.949063470191267244e-01,9.949063400266064949e-01,9.949062599417441977e-01,9.949014337280790432e-01,9.999999999999995559e-01,9.949005253127872761e-01,9.949044413647714080e-01,9.949045235423985556e-01,9.949045467261334874e-01,9.949054401554653371e-01,9.949054541219519709e-01,9.949054553695034775e-01,9.949054556086514012e-01,9.949054556781513625e-01,9.949054557021600464e-01,9.949054557078607086e-01,9.949054557012053657e-01,9.949054556793347492e-01,9.949054556283798423e-01,9.949054555047768256e-01,9.949054551534564084e-01,9.949054538603617770e-01,9.949054467084955666e-01,9.949053656247113242e-01,9.949005253127872761e-01,9.999999999999995559e-01
9.999999999999961142e-01,9.808461586670207399e-01,9.809263983777866125e-01,9.809538943986617632e-01,9.809548265976630876e-01,9.809549187338070242e-01,9.809549379505312361e-01,9.809549439435475415e-01,9.809549462867552805e-01,9.809549472804182102e-01,9.809549476166425919e-01,9.809549474912027112e-01,9.809549468480398549e-01,9.809549453293998633e-01,9.809549418560594702e-01,9.809549329297940767e-01,9.809549043749886676e-01,9.809547733183361373e-01,9.809535969567010349e-01,9.809228540261804019e-01,9.808461586670207399e-01,9.999999999999961142e-01,9.809228540261805129e-01,9.809535969567011460e-01,9.809547733183362483e-01,9.809549043749888897e-01,9.809549329297940767e-01,9.809549418560594702e-01,9.809549453293998633e-01,9.809549468480398549e-01,9.809549474912024891e-01,9.809549476166425919e-01,9.809549472804182102e-01,9.809549462867552805e-01,9.809549439435474305e-01,9.809549379505311251e-01,9.809549187338068021e-01,9.809548265976628656e-01,9.809538943986618742e-01,9.809263983777863904e-01,9.809263983777866125e-01,9.809228540261805129e-01,9.999999999999961142e-01,9.808755008577004775e-01,9.809521889761438906e-01,9.809555195535388794e-01,9.809558205777513251e-01,9.809558767623441922e-01,9.809558923173762324e-01,9.809558978465119372e-01,9.809559001255355737e-01,9.809559010739901108e-01,9.809559012899838892e-01,9.809559008486936627e-01,9.809558993291185303e-01,9.809558949738319544e-01,9.809558797744194480e-01,9.809557997568454368e-01,9.809549152308587594e-01,9.809277030128473740e-01,9.809538943986617632e-01,9.809535969567011460e-01,9.808755008577004775e-01,9.999999999999961142e-01,9.809038065498020265e-01,9.809794735813318622e-01,9.809827331640709192e-01,9.809830231395084699e-01,9.809830766470900576e-01,9.809830913300312538e-01,9.809830964903362149e-01,9.809830985500914702e-01,9.809830992830486096e-01,9.809830991450202431e-01,9.809830978747707819e-01,9.809830938262007471e-01,9.809830791526500393e-01,9.809830002666600768e-01,9.809821186625431455e-01,9.809549152308586484e-01,9.809548265976630876e-01,9.809547733183362483e-01,9.809521889761438906e-01,9.809038065498020265e-01,9.999999999999961142e-01,9.809047716684011764e-01,9.809803675911373810e-01,9.809836166531729074e-01,9.809839040797393439e-01,9.809839567546707606e-01,9.809839710837807703e-01,9.809839760313714407e-01,9.809839778786392239e-01,9.809839782587541634e-01,9.809839772916830736e-01,9.809839734910607012e-01,9.809839591209145171e-01,9.809838807537626382e-01,9.809830002666600768e-01,9.809557997568453258e-01,9.809549187338070242e-01,9.809549043749888897e-01,9.809555195535388794e-01,9.809794735813318622e-01,9.809047716684011764e-01,9.999999999999961142e-01,9.809048645890556806e-01,9.809804494753175952e-01,9.809836959892358488e-01,9.809839825852134654e-01,9.809840349070799714e-01,9.809840490237888844e-01,9.809840537590311937e-01,9.809840552535157299e-01,9.809840548045980491e-01,9.809840513071217405e-01,9.809840371848349561e-01,9.809839591209144061e-01,9.809830791526502614e-01,9.809558797744195591e-01,9.809549379505312361e-01,9.809549329297940767e-01,9.809558205777513251e-01,9.809827331640709192e-01,9.809803675911373810e-01,9.809048645890556806e-01,9.999999999999961142e-01,9.809048829044522133e-01,9.809804651193435587e-01,9.809837108008763185e-01,9.809839970437969070e-01,9.809840491532935136e-01,9.809840630576700526e-01,9.809840674401363314e-01,9.809840681055906897e-01,9.809840651262666800e-01,9.809840513071216295e-01,9.809839734910605902e-01,9.809830938262009692e-01,9.809558949738319544e-01,9.809549439435475415e-01,9.809549418560594702e-01,9.809558767623441922e-01,9.809830231395084699e-01,9.809836166531729074e-01,9.809804494753175952e-01,9.809048829044522133e-01,9.999999999999961142e-01,9.809048882654290979e-01,9.809804696100157262e-01,9.809837149378163312e-01,9.809840009683394868e-01,9.809840528655038305e-01,9.809840664171057822e-01,9.809840699705424383e-01,9.809840681055905787e-01,9.809840548045980491e-01,9.809839772916826295e-01,9.809830978747710040e-01,9.809558993291184192e-01,9.809549462867552805e-01,9.809549453293998633e-01,9.809558923173762324e-01,9.809830766470900576e-01,9.809839040797393439e-01,9.809836959892358488e-01,9.809804651193435587e-01,9.809048882654290979e-01,9.999999999999961142e-01,9.809048902402285330e-01,9.809804712168288532e-01,9.809837163319667930e-01,9.809840021501443630e-01,9.809840536945333422e-01,9.809840664171057822e-01,9.809840674401363314e-01,9.809840552535156188e-01,9.809839782587539414e-01,9.809830991450203541e-01,9.809559008486935516e-01,9.809549472804182102e-01,9.809549468480398549e-01,9.809558978465119372e-01,9.809830913300312538e-01,9.809839567546707606e-01,9.809839825852134654e-01,9.809837108008763185e-01,9.809804696100157262e-01,9.809048902402285330e-01,9.999999999999961142e-01,9.809048910238223895e-01,9.809804717820506115e-01,9.809837166847460432e-01,9.809840021501444740e-01,9.809840528655037195e-01,9.809840630576699416e-01,9.809840537590310827e-01,9.809839778786388909e-01,9.809830992830486096e-01,9.809559012899837782e-01,9.809549476166425919e-01,9.809549474912024891e-01,9.809559001255355737e-01,9.809830964903362149e-01,9.809839710837807703e-01,9.809840349070799714e-01,9.809839970437969070e-01,9.809837149378163312e-01,9.809804712168288532e-01,9.809048910238223895e-01,9.999999999999961142e-01,9.809048912378300900e-01,9.809804717820505005e-01,9.809837163319666820e-01,9.809840009683393758e-01,9.809840491532932916e-01,9.809840490237888844e-01,9.809839760313711077e-01,9.809830985500915812e-01,9.809559010739898888e-01,9.809549474912027112e-01,9.809549476166425919e-01,9.809559010739901108e-01,9.809830985500914702e-01,9.809839760313714407e-01,9.809840490237888844e-01,9.809840491532935136e-01,9.809840009683394868e-01,9.809837163319667930e-01,9.809804717820506115e-01,9.809048912378300900e-01,9.999999999999961142e-01,9.809048910238222785e-01,9.809804712168288532e-01,9.809837149378162202e-01,9.809839970437967960e-01,9.809840349070799714e-01,9.809839710837806592e-01,9.809830964903362149e-01,9.809559001255353516e-01,9.809549468480398549e-01,9.809549472804182102e-01,9.809559012899838892e-01,9.809830992830486096e-01,9.809839778786392239e-01,9.809840537590311937e-01,9.809840630576700526e-01,9.809840528655038305e-01,9.809840021501443630e-01,9.809837166847460432e-01,9.809804717820505005e-01,9.809048910238222785e-01,9.999999999999961142e-01,9.809048902402285330e-01,9.809804696100157262e-01,9.809837108008763185e-01,9.809839825852133544e-01,9.809839567546704275e-01,9.809830913300312538e-01,9.809558978465116041e-01,9.809549453293998633e-01,9.809549462867552805e-01,9.809559008486936627e-01,9.809830991450202431e-01,9.809839782587541634e-01,9.809840552535157299e-01,9.809840674401363314e-01,9.809840664171057822e-01,9.809840536945333422e-01,9.809840021501444740e-01,9.809837163319666820e-01,9.809804712168288532e-01,9.809048902402285330e-01,9.999999999999961142e-01,9.809048882654290979e-01,9.809804651193435587e-01,9.809836959892358488e-01,9.809839040797390108e-01,9.809830766470899466e-01,9.809558923173760103e-01,9.809549418560594702e-01,9.809549439435474305e-01,9.809558993291185303e-01,9.809830978747707819e-01,9.809839772916830736e-01,9.809840548045980491e-01,9.809840681055906897e-01,9.809840699705424383e-01,9.809840664171057822e-01,9.809840528655037195e-01,9.809840009683393758e-01,9.809837149378162202e-01,9.809804696100157262e-01,9.809048882654290979e-01,9.999999999999961142e-01,9.809048829044519913e-01,9.809804494753172621e-01,9.809836166531724633e-01,9.809830231395082478e-01,9.809558767623439701e-01,9.809549329297940767e-01,9.809549379505311251e-01,9.809558949738319544e-01,9.809830938262007471e-01,9.809839734910607012e-01,9.809840513071217405e-01,9.809840651262666800e-01,9.809840681055905787e-01,9.809840674401363314e-01,9.809840630576699416e-01,9.809840491532932916e-01,9.809839970437967960e-01,9.809837108008763185e-01,9.809804651193435587e-01,9.809048829044519913e-01,9.999999999999961142e-01,9.809048645890553475e-01,9.809803675911369369e-01,9.809827331640706971e-01,9.809558205777509921e-01,9.809549043749886676e-01,9.809549187338068021e-01,9.809558797744194480e-01,9.809830791526500393e-01,9.809839591209145171e-01,9.809840371848349561e-01,9.809840513071216295e-01,9.809840548045980491e-01,9.809840552535156188e-01,9.809840537590310827e-01,9.809840490237888844e-01,9.809840349070799714e-01,9.809839825852133544e-01,9.809836959892358488e-01,9.809804494753172621e-01,9.809048645890553475e-01,9.999999999999961142e-01,9.809047716684011764e-01,9.809794735813319733e-01,9.809555195535389904e-01,9.809547733183361373e-01,9.809548265976628656e-01,9.809557997568454368e-01,9.809830002666600768e-01,9.809838807537626382e-01,9.809839591209144061e-01,9.809839734910605902e-01,9.809839772916826295e-01,9.809839782587539414e-01,9.809839778786388909e-01,9.809839760313711077e-01,9.809839710837806592e-01,9.809839567546704275e-01,9.809839040797390108e-01,9.809836166531724633e-01,9.809803675911369369e-01,9.809047716684011764e-01,9.999999999999961142e-01,9.809038065498019154e-01,9.809521889761438906e-01,9.809535969567010349e-01,9.809538943986618742e-01,9.809549152308587594e-01,9.809821186625431455e-01,9.809830002666600768e-01,9.809830791526502614e-01,9.809830938262009692e-01,9.809830978747710040e-01,9.809830991450203541e-01,9.809830992830486096e-01,9.809830985500915812e-01,9.809830964903362149e-01,9.809830913300312538e-01,9.809830766470899466e-01,9.809830231395082478e-01,9.809827331640706971e-01,9.809794735813319733e-01,9.809038065498019154e-01,9.999999999999961142e-01,9.808755008577001444e-01,9.809228540261804019e-01,9.809263983777863904e-01,9.809277030128473740e-01,9.809549152308586484e-01,9.809557997568453258e-01,9.809558797744195591e-01,9.809558949738319544e-01,9.809558993291184192e-01,9.809559008486935516e-01,9.809559012899837782e-01,9.809559010739898888e-01,9.809559001255353516e-01,9.809558978465116041e-01,9.809558923173760103e-01,9.809558767623439701e-01,9.809558205777509921e-01,9.809555195535389904e-01,9.809521889761438906e-01,9.808755008577001444e-01,9.999999999999961142e-01
9.999999999999967804e-01,9.809106170013445203e-01,9.809894184090791613e-01,9.810951494233617343e-01,9.810994076151794419e-01,9.810998026686649220e-01,9.810998794576861748e-01,9.810999017695333224e-01,9.810999100254594874e-01,9.810999134395282928e-01,9.810999146720532638e-01,9.810999144982984754e-01,9.810999128411693748e-01,9.810999087033646093e-01,9.810998988977985835e-01,9.810998725978631319e-01,9.810997832944685637e-01,9.810993373602597822e-01,9.810947608860073332e-01,9.809846250859531880e-01,9.809106170013445203e-01,9.999999999999967804e-01,9.809846250859534100e-01,9.810947608860072222e-01,9.810993373602600043e-01,9.810997832944688968e-01,9.810998725978634649e-01,9.810998988977988056e-01,9.810999087033647204e-01,9.810999128411693748e-01,9.810999144982984754e-01,9.810999146720535968e-01,9.810999134395285148e-01,9.810999100254594874e-01,9.810999017695334334e-01,9.810998794576861748e-01,9.810998026686649220e-01,9.810994076151795529e-01,9.810951494233618453e-01,9.809894184090791613e-01,9.809894184090791613e-01,9.809846250859534100e-01,9.999999999999967804e-01,9.810260302908671015e-01,9.810995230165089342e-01,9.811039410741504430e-01,9.811043596721072957e-01,9.811044456063661157e-01,9.811044711686005559e-01,9.811044806306632449e-01,9.811044844824347022e-01,9.811044857679723785e-01,9.811044852847465858e-01,9.811044826210750802e-01,9.811044754812641155e-01,9.811044553768274445e-01,9.811043839568389657e-01,9.811040048901519262e-01,9.810998089017918256e-01,9.809944519769219218e-01,9.810951494233617343e-01,9.810947608860072222e-01,9.810260302908671015e-01,9.999999999999967804e-01,9.811364516491264398e-01,9.812053036977771425e-01,9.812093655190894381e-01,9.812097288485243096e-01,9.812098013046846035e-01,9.812098224607586072e-01,9.812098300571593379e-01,9.812098328011928938e-01,9.812098330020964099e-01,9.812098307446264212e-01,9.812098239444092540e-01,9.812098042628250028e-01,9.812097335673150011e-01,9.812093560321395458e-01,9.812051636651382136e-01,9.810998089017914925e-01,9.810994076151794419e-01,9.810993373602600043e-01,9.810995230165089342e-01,9.811364516491264398e-01,9.999999999999967804e-01,9.811410538961139460e-01,9.812095658682224997e-01,9.812135748951004155e-01,9.812139254833815993e-01,9.812139937662218703e-01,9.812140131454657466e-01,9.812140196729698394e-01,9.812140213504065844e-01,9.812140197846139777e-01,9.812140133912723439e-01,9.812139940434818630e-01,9.812139237562854666e-01,9.812135469165502721e-01,9.812093560321398789e-01,9.811040048901517041e-01,9.810998026686649220e-01,9.810997832944688968e-01,9.811039410741504430e-01,9.812053036977771425e-01,9.811410538961139460e-01,9.999999999999967804e-01,9.811415038372108821e-01,9.812099618689765768e-01,9.812139581489096596e-01,9.812143045846362099e-01,9.812143710983147749e-01,9.812143894117584253e-01,9.812143948740412736e-01,9.812143947853884107e-01,9.812143890838976867e-01,9.812143701428124309e-01,9.812143001888368188e-01,9.812139237562853555e-01,9.812097335673153342e-01,9.811043839568388547e-01,9.810998794576861748e-01,9.810998725978634649e-01,9.811043596721072957e-01,9.812093655190894381e-01,9.812095658682224997e-01,9.811415038372108821e-01,9.999999999999967804e-01,9.811415941852553724e-01,9.812100389981133208e-01,9.812140311041893659e-01,9.812143757708053915e-01,9.812144412190018095e-01,9.812144584673877512e-01,9.812144621636582631e-01,9.812144579393382582e-01,9.812144396901050225e-01,9.812143701428125420e-01,9.812139940434816410e-01,9.812098042628252248e-01,9.811044553768274445e-01,9.810999017695333224e-01,9.810998988977988056e-01,9.811044456063661157e-01,9.812097288485243096e-01,9.812135748951004155e-01,9.812099618689765768e-01,9.811415941852553724e-01,9.999999999999967804e-01,9.811416208766566838e-01,9.812100613553026429e-01,9.812140516844231053e-01,9.812143952852593332e-01,9.812144596683998188e-01,9.812144751507871909e-01,9.812144747113981103e-01,9.812144579393381472e-01,9.812143890838976867e-01,9.812140133912720108e-01,9.812098239444093650e-01,9.811044754812642266e-01,9.810999100254594874e-01,9.810999087033647204e-01,9.811044711686005559e-01,9.812098013046846035e-01,9.812139254833815993e-01,9.812139581489096596e-01,9.812100389981133208e-01,9.811416208766566838e-01,9.999999999999967804e-01,9.811416307519336133e-01,9.812100693910196236e-01,9.812140586512900775e-01,9.812144011869260440e-01,9.812144638040584121e-01,9.812144751507870799e-01,9.812144621636580410e-01,9.812143947853882997e-01,9.812140197846136447e-01,9.812098307446265322e-01,9.811044826210749692e-01,9.810999134395282928e-01,9.810999128411693748e-01,9.811044806306632449e-01,9.812098224607586072e-01,9.812139937662218703e-01,9.812143045846362099e-01,9.812140311041893659e-01,9.812100613553026429e-01,9.811416307519336133e-01,9.999999999999967804e-01,9.811416346786643317e-01,9.812100722233904060e-01,9.812140604173391623e-01,9.812144011869259330e-01,9.812144596683997078e-01,9.812144584673876402e-01,9.812143948740410515e-01,9.812140213504061403e-01,9.812098330020962988e-01,9.811044852847464748e-01,9.810999146720532638e-01,9.810999144982984754e-01,9.811044844824347022e-01,9.812098300571593379e-01,9.812140131454657466e-01,9.812143710983147749e-01,9.812143757708053915e-01,9.812140516844231053e-01,9.812100693910196236e-01,9.811416346786643317e-01,9.999999999999967804e-01,9.811416357520288400e-01,9.812100722233904060e-01,9.812140586512899665e-01,9.812143952852592221e-01,9.812144412190015874e-01,9.812143894117582033e-01,9.812140196729692843e-01,9.812098328011927828e-01,9.811044857679721565e-01,9.810999144982984754e-01,9.810999146720535968e-01,9.811044857679723785e-01,9.812098328011928938e-01,9.812140196729698394e-01,9.812143894117584253e-01,9.812144412190018095e-01,9.812143952852593332e-01,9.812140586512900775e-01,9.812100722233904060e-01,9.811416357520288400e-01,9.999999999999967804e-01,9.811416346786645537e-01,9.812100693910198457e-01,9.812140516844231053e-01,9.812143757708051695e-01,9.812143710983146638e-01,9.812140131454654135e-01,9.812098300571596710e-01,9.811044844824347022e-01,9.810999128411693748e-01,9.810999134395285148e-01,9.811044852847465858e-01,9.812098330020964099e-01,9.812140213504065844e-01,9.812143948740412736e-01,9.812144584673877512e-01,9.812144596683998188e-01,9.812144011869260440e-01,9.812140604173391623e-01,9.812100722233904060e-01,9.811416346786645537e-01,9.999999999999967804e-01,9.811416307519337243e-01,9.812100613553025319e-01,9.812140311041892549e-01,9.812143045846362099e-01,9.812139937662215372e-01,9.812098224607588293e-01,9.811044806306631338e-01,9.810999087033646093e-01,9.810999100254594874e-01,9.811044826210750802e-01,9.812098307446264212e-01,9.812140197846139777e-01,9.812143947853884107e-01,9.812144621636582631e-01,9.812144751507871909e-01,9.812144638040584121e-01,9.812144011869259330e-01,9.812140586512899665e-01,9.812100693910198457e-01,9.811416307519337243e-01,9.999999999999967804e-01,9.811416208766563507e-01,9.812100389981129878e-01,9.812139581489094375e-01,9.812139254833811552e-01,9.812098013046847145e-01,9.811044711686004449e-01,9.810998988977985835e-01,9.810999017695334334e-01,9.811044754812641155e-01,9.812098239444092540e-01,9.812140133912723439e-01,9.812143890838976867e-01,9.812144579393382582e-01,9.812144747113981103e-01,9.812144751507870799e-01,9.812144596683997078e-01,9.812143952852592221e-01,9.812140516844231053e-01,9.812100613553025319e-01,9.811416208766563507e-01,9.999999999999967804e-01,9.811415941852549283e-01,9.812099618689763547e-01,9.812135748950998604e-01,9.812097288485243096e-01,9.811044456063657826e-01,9.810998725978631319e-01,9.810998794576861748e-01,9.811044553768274445e-01,9.812098042628250028e-01,9.812139940434818630e-01,9.812143701428124309e-01,9.812144396901050225e-01,9.812144579393381472e-01,9.812144621636580410e-01,9.812144584673876402e-01,9.812144412190015874e-01,9.812143757708051695e-01,9.812140311041892549e-01,9.812100389981129878e-01,9.811415941852549283e-01,9.999999999999967804e-01,9.811415038372105490e-01,9.812095658682219446e-01,9.812093655190893271e-01,9.811043596721070736e-01,9.810997832944685637e-01,9.810998026686649220e-01,9.811043839568389657e-01,9.812097335673150011e-01,9.812139237562854666e-01,9.812143001888368188e-01,9.812143701428125420e-01,9.812143890838976867e-01,9.812143947853882997e-01,9.812143948740410515e-01,9.812143894117582033e-01,9.812143710983146638e-01,9.812143045846362099e-01,9.812139581489094375e-01,9.812099618689763547e-01,9.811415038372105490e-01,9.999999999999967804e-01,9.811410538961138350e-01,9.812053036977771425e-01,9.811039410741503319e-01,9.810993373602597822e-01,9.810994076151795529e-01,9.811040048901519262e-01,9.812093560321395458e-01,9.812135469165502721e-01,9.812139237562853555e-01,9.812139940434816410e-01,9.812140133912720108e-01,9.812140197846136447e-01,9.812140213504061403e-01,9.812140196729692843e-01,9.812140131454654135e-01,9.812139937662215372e-01,9.812139254833811552e-01,9.812135748950998604e-01,9.812095658682219446e-01,9.811410538961138350e-01,9.999999999999967804e-01,9.811364516491263288e-01,9.810995230165084902e-01,9.810947608860073332e-01,9.810951494233618453e-01,9.810998089017918256e-01,9.812051636651382136e-01,9.812093560321398789e-01,9.812097335673153342e-01,9.812098042628252248e-01,9.812098239444093650e-01,9.812098307446265322e-01,9.812098330020962988e-01,9.812098328011927828e-01,9.812098300571596710e-01,9.812098224607588293e-01,9.812098013046847145e-01,9.812097288485243096e-01,9.812093655190893271e-01,9.812053036977771425e-01,9.811364516491263288e-01,9.999999999999967804e-01,9.810260302908668795e-01,9.809846250859531880e-01,9.809894184090791613e-01,9.809944519769219218e-01,9.810998089017914925e-01,9.811040048901517041e-01,9.811043839568388547e-01,9.811044553768274445e-01,9.811044754812642266e-01,9.811044826210749692e-01,9.811044852847464748e-01,9.811044857679721565e-01,9.811044844824347022e-01,9.811044806306631338e-01,9.811044711686004449e-01,9.811044456063657826e-01,9.811043596721070736e-01,9.811039410741503319e-01,9.810995230165084902e-01,9.810260302908668795e-01,9.999999999999967804e-01
