1.000000000000000000e+00,1.000000000000000000e+00,1.000000000000000000e+00,1.000000000000000000e+00,1.000000000000000000e+00,1.000000000000000000e+00,1.000000000000000000e+00,1.000000000000000000e+00,1.000000000000000000e+00,1.000000000000000000e+00,1.000000000000000000e+00,1.000000000000000000e+00,1.000000000000000000e+00,1.000000000000000000e+00,1.000000000000000000e+00,1.000000000000000000e+00,1.000000000000000000e+00,1.000000000000000000e+00,1.000000000000000000e+00,1.000000000000000000e+00,1.000000000000000000e+00,1.000000000000000000e+00,1.000000000000000000e+00,1.000000000000000000e+00,1.000000000000000000e+00,1.000000000000000000e+00,1.000000000000000000e+00,1.000000000000000000e+00,1.000000000000000000e+00,1.000000000000000000e+00,1.000000000000000000e+00,1.000000000000000000e+00,1.000000000000000000e+00,1.000000000000000000e+00,1.000000000000000000e+00,1.000000000000000000e+00,1.000000000000000000e+00,1.000000000000000000e+00,1.000000000000000000e+00,1.000000000000000000e+00,1.000000000000000000e+00,1.000000000000000000e+00,1.000000000000000000e+00,1.000000000000000000e+00,1.000000000000000000e+00,1.000000000000000000e+00,1.000000000000000000e+00,1.000000000000000000e+00,1.000000000000000000e+00,1.000000000000000000e+00,1.000000000000000000e+00,1.000000000000000000e+00,1.000000000000000000e+00,1.000000000000000000e+00,1.000000000000000000e+00,1.000000000000000000e+00,1.000000000000000000e+00,1.000000000000000000e+00,1.000000000000000000e+00,1.000000000000000000e+00,1.000000000000000000e+00,1.000000000000000000e+00,1.000000000000000000e+00,1.000000000000000000e+00,1.000000000000000000e+00,1.000000000000000000e+00,1.000000000000000000e+00,1.000000000000000000e+00,1.000000000000000000e+00,1.000000000000000000e+00,1.000000000000000000e+00,1.000000000000000000e+00,1.000000000000000000e+00,1.000000000000000000e+00,1.000000000000000000e+00,1.000000000000000000e+00,1.000000000000000000e+00,1.000000000000000000e+00,1.000000000000000000e+00,1.000000000000000000e+00,1.000000000000000000e+00,1.000000000000000000e+00,1.000000000000000000e+00,1.000000000000000000e+00,1.000000000000000000e+00,1.000000000000000000e+00,1.000000000000000000e+00,1.000000000000000000e+00,1.000000000000000000e+00,1.000000000000000000e+00,1.000000000000000000e+00,1.000000000000000000e+00,1.000000000000000000e+00,1.000000000000000000e+00,1.000000000000000000e+00,1.000000000000000000e+00,1.000000000000000000e+00,1.000000000000000000e+00,1.000000000000000000e+00,1.000000000000000000e+00,1.000000000000000000e+00,1.000000000000000000e+00,1.000000000000000000e+00,1.000000000000000000e+00,1.000000000000000000e+00,1.000000000000000000e+00,1.000000000000000000e+00,1.000000000000000000e+00,1.000000000000000000e+00,1.000000000000000000e+00,1.000000000000000000e+00,1.000000000000000000e+00,1.000000000000000000e+00,1.000000000000000000e+00,1.000000000000000000e+00,1.000000000000000000e+00,1.000000000000000000e+00,1.000000000000000000e+00,1.000000000000000000e+00,1.000000000000000000e+00,1.000000000000000000e+00,1.000000000000000000e+00,1.000000000000000000e+00,1.000000000000000000e+00,1.000000000000000000e+00,1.000000000000000000e+00,1.000000000000000000e+00,1.000000000000000000e+00,1.000000000000000000e+00,1.000000000000000000e+00,1.000000000000000000e+00,1.000000000000000000e+00,1.000000000000000000e+00,1.000000000000000000e+00,1.000000000000000000e+00,1.000000000000000000e+00,1.000000000000000000e+00,1.000000000000000000e+00,1.000000000000000000e+00,1.000000000000000000e+00,1.000000000000000000e+00,1.000000000000000000e+00,1.000000000000000000e+00,1.000000000000000000e+00,1.000000000000000000e+00,1.000000000000000000e+00,1.000000000000000000e+00,1.000000000000000000e+00,1.000000000000000000e+00,1.000000000000000000e+00,1.000000000000000000e+00,1.000000000000000000e+00,1.000000000000000000e+00,1.000000000000000000e+00,1.000000000000000000e+00,1.000000000000000000e+00,1.000000000000000000e+00,1.000000000000000000e+00,1.000000000000000000e+00,1.000000000000000000e+00,1.000000000000000000e+00,1.000000000000000000e+00,1.000000000000000000e+00,1.000000000000000000e+00,1.000000000000000000e+00,1.000000000000000000e+00,1.000000000000000000e+00,1.000000000000000000e+00,1.000000000000000000e+00,1.000000000000000000e+00,1.000000000000000000e+00,1.000000000000000000e+00,1.000000000000000000e+00,1.000000000000000000e+00,1.000000000000000000e+00,1.000000000000000000e+00,1.000000000000000000e+00,1.000000000000000000e+00,1.000000000000000000e+00,1.000000000000000000e+00,1.000000000000000000e+00,1.000000000000000000e+00,1.000000000000000000e+00,1.000000000000000000e+00,1.000000000000000000e+00,1.000000000000000000e+00,1.000000000000000000e+00,1.000000000000000000e+00,1.000000000000000000e+00,1.000000000000000000e+00,1.000000000000000000e+00,1.000000000000000000e+00,1.000000000000000000e+00,1.000000000000000000e+00,1.000000000000000000e+00,1.000000000000000000e+00,1.000000000000000000e+00,1.000000000000000000e+00,1.000000000000000000e+00,1.000000000000000000e+00,1.000000000000000000e+00,1.000000000000000000e+00,1.000000000000000000e+00,1.000000000000000000e+00,1.000000000000000000e+00,1.000000000000000000e+00,1.000000000000000000e+00,1.000000000000000000e+00,1.000000000000000000e+00,1.000000000000000000e+00,1.000000000000000000e+00,1.000000000000000000e+00,1.000000000000000000e+00,1.000000000000000000e+00,1.000000000000000000e+00,1.000000000000000000e+00,1.000000000000000000e+00,1.000000000000000000e+00,1.000000000000000000e+00,1.000000000000000000e+00,1.000000000000000000e+00,1.000000000000000000e+00,1.000000000000000000e+00,1.000000000000000000e+00,1.000000000000000000e+00,1.000000000000000000e+00,1.000000000000000000e+00,1.000000000000000000e+00,1.000000000000000000e+00,1.000000000000000000e+00,1.000000000000000000e+00,1.000000000000000000e+00,1.000000000000000000e+00,1.000000000000000000e+00,1.000000000000000000e+00,1.000000000000000000e+00,1.000000000000000000e+00,1.000000000000000000e+00,1.000000000000000000e+00,1.000000000000000000e+00,1.000000000000000000e+00,1.000000000000000000e+00,1.000000000000000000e+00,1.000000000000000000e+00,1.000000000000000000e+00,1.000000000000000000e+00,1.000000000000000000e+00,1.000000000000000000e+00,1.000000000000000000e+00,1.000000000000000000e+00,1.000000000000000000e+00,1.000000000000000000e+00,1.000000000000000000e+00,1.000000000000000000e+00,1.000000000000000000e+00,1.000000000000000000e+00,1.000000000000000000e+00,1.000000000000000000e+00,1.000000000000000000e+00,1.000000000000000000e+00,1.000000000000000000e+00,1.000000000000000000e+00,1.000000000000000000e+00,1.000000000000000000e+00,1.000000000000000000e+00,1.000000000000000000e+00,1.000000000000000000e+00,1.000000000000000000e+00,1.000000000000000000e+00,1.000000000000000000e+00,1.000000000000000000e+00,1.000000000000000000e+00,1.000000000000000000e+00,1.000000000000000000e+00,1.000000000000000000e+00,1.000000000000000000e+00,1.000000000000000000e+00,1.000000000000000000e+00,1.000000000000000000e+00,1.000000000000000000e+00,1.000000000000000000e+00,1.000000000000000000e+00,1.000000000000000000e+00,1.000000000000000000e+00,1.000000000000000000e+00,1.000000000000000000e+00,1.000000000000000000e+00,1.000000000000000000e+00,1.000000000000000000e+00,1.000000000000000000e+00,1.000000000000000000e+00,1.000000000000000000e+00,1.000000000000000000e+00,1.000000000000000000e+00,1.000000000000000000e+00,1.000000000000000000e+00,1.000000000000000000e+00,1.000000000000000000e+00,1.000000000000000000e+00,1.000000000000000000e+00,1.000000000000000000e+00,1.000000000000000000e+00,1.000000000000000000e+00,1.000000000000000000e+00,1.000000000000000000e+00,1.000000000000000000e+00,1.000000000000000000e+00,1.000000000000000000e+00,1.000000000000000000e+00,1.000000000000000000e+00,1.000000000000000000e+00,1.000000000000000000e+00,1.000000000000000000e+00,1.000000000000000000e+00,1.000000000000000000e+00,1.000000000000000000e+00,1.000000000000000000e+00,1.000000000000000000e+00,1.000000000000000000e+00,1.000000000000000000e+00,1.000000000000000000e+00,1.000000000000000000e+00,1.000000000000000000e+00,1.000000000000000000e+00,1.000000000000000000e+00,1.000000000000000000e+00,1.000000000000000000e+00,1.000000000000000000e+00,1.000000000000000000e+00,1.000000000000000000e+00,1.000000000000000000e+00,1.000000000000000000e+00,1.000000000000000000e+00,1.000000000000000000e+00,1.000000000000000000e+00,1.000000000000000000e+00,1.000000000000000000e+00,1.000000000000000000e+00,1.000000000000000000e+00,1.000000000000000000e+00,1.000000000000000000e+00,1.000000000000000000e+00,1.000000000000000000e+00,1.000000000000000000e+00,1.000000000000000000e+00,1.000000000000000000e+00,1.000000000000000000e+00,1.000000000000000000e+00,1.000000000000000000e+00,1.000000000000000000e+00,1.000000000000000000e+00,1.000000000000000000e+00,1.000000000000000000e+00,1.000000000000000000e+00,1.000000000000000000e+00,1.000000000000000000e+00,1.000000000000000000e+00,1.000000000000000000e+00,1.000000000000000000e+00,1.000000000000000000e+00,1.000000000000000000e+00,1.000000000000000000e+00,1.000000000000000000e+00,1.000000000000000000e+00,1.000000000000000000e+00,1.000000000000000000e+00,1.000000000000000000e+00,1.000000000000000000e+00,1.000000000000000000e+00,1.000000000000000000e+00,1.000000000000000000e+00,1.000000000000000000e+00,1.000000000000000000e+00,1.000000000000000000e+00,1.000000000000000000e+00,1.000000000000000000e+00,1.000000000000000000e+00,1.000000000000000000e+00,1.000000000000000000e+00,1.000000000000000000e+00,1.000000000000000000e+00,1.000000000000000000e+00,1.000000000000000000e+00,1.000000000000000000e+00,1.000000000000000000e+00,1.000000000000000000e+00,1.000000000000000000e+00,1.000000000000000000e+00,1.000000000000000000e+00,1.000000000000000000e+00,1.000000000000000000e+00,1.000000000000000000e+00,1.000000000000000000e+00,1.000000000000000000e+00,1.000000000000000000e+00,1.000000000000000000e+00,1.000000000000000000e+00,1.000000000000000000e+00,1.000000000000000000e+00,1.000000000000000000e+00
9.999999999999970024e-01,9.949005256932076380e-01,9.949053659504939473e-01,9.949054470152941532e-01,9.949054541585981015e-01,9.949054554463232503e-01,9.949054557922734077e-01,9.949054559073141624e-01,9.949054559392818131e-01,9.949054559069018255e-01,9.949054557080748706e-01,9.949054545301538877e-01,9.949054407302280190e-01,9.949045478282264598e-01,9.949045477309967911e-01,9.949054404483462788e-01,9.949054537038781731e-01,9.949054524674733058e-01,9.949054319114524203e-01,9.949044568989546811e-01,9.949005256932076380e-01,9.999999999999970024e-01,9.949014338482885522e-01,9.949062600428442149e-01,9.949063401191453604e-01,9.949063471062957742e-01,9.949063483551899845e-01,9.949063486852627314e-01,9.949063487844914677e-01,9.949063487779628012e-01,9.949063485911269211e-01,9.949063474202115565e-01,9.949063336260026702e-01,9.949054407302281300e-01,9.949054406709407772e-01,9.949063334565155792e-01,9.949063469277245053e-01,9.949063465976041298e-01,9.949063317777092630e-01,9.949054319710711747e-01,9.949053659504939473e-01,9.949014338482885522e-01,9.999999999999970024e-01,9.949014488414468227e-01,9.949062740484669876e-01,9.949063539704553483e-01,9.949063609191369784e-01,9.949063621522608036e-01,9.949063624665619443e-01,9.949063625273121270e-01,9.949063623663356726e-01,9.949063612074146024e-01,9.949063474202116675e-01,9.949054545301538877e-01,9.949054544898709995e-01,9.949063473013114445e-01,9.949063608398068803e-01,9.949063607248015417e-01,9.949063468084573536e-01,9.949054527379449508e-01,9.949054470152941532e-01,9.949062600428442149e-01,9.949014488414468227e-01,9.999999999999970024e-01,9.949014502323277886e-01,9.949062752834869627e-01,9.949063551670094263e-01,9.949063620999202273e-01,9.949063633172723353e-01,9.949063635930948113e-01,9.949063634993972061e-01,9.949063623663356726e-01,9.949063485911268101e-01,9.949054557080749817e-01,9.949054556805245753e-01,9.949063485039577603e-01,9.949063620683132880e-01,9.949063620205902403e-01,9.949063483193610891e-01,9.949054551551320680e-01,9.949054541585981015e-01,9.949063401191453604e-01,9.949062740484669876e-01,9.949014502323277886e-01,9.999999999999970024e-01,9.949014504955410176e-01,9.949062755079542963e-01,9.949063553757073741e-01,9.949063622928465689e-01,9.949063634717201232e-01,9.949063635930947003e-01,9.949063625273120159e-01,9.949063487779625792e-01,9.949054559069019366e-01,9.949054558920841229e-01,9.949063487225241476e-01,9.949063622988741917e-01,9.949063622770112358e-01,9.949063486430681502e-01,9.949054556945040595e-01,9.949054554463232503e-01,9.949063471062957742e-01,9.949063539704553483e-01,9.949062752834869627e-01,9.949014504955410176e-01,9.999999999999970024e-01,9.949014505656336160e-01,9.949062755622041232e-01,9.949063554141860388e-01,9.949063622928464579e-01,9.949063633172722243e-01,9.949063624665618333e-01,9.949063487844912457e-01,9.949054559392818131e-01,9.949054559434675760e-01,9.949063487796367955e-01,9.949063623629927910e-01,9.949063623531243516e-01,9.949063487450429122e-01,9.949054558639200962e-01,9.949054557922734077e-01,9.949063483551899845e-01,9.949063609191369784e-01,9.949063551670094263e-01,9.949062755079542963e-01,9.949014505656336160e-01,9.999999999999970024e-01,9.949014505814212095e-01,9.949062755622041232e-01,9.949063553757073741e-01,9.949063620999201163e-01,9.949063621522606926e-01,9.949063486852625093e-01,9.949054559073141624e-01,9.949054559493598626e-01,9.949063487925462468e-01,9.949063623816267743e-01,9.949063623787646193e-01,9.949063487826779184e-01,9.949054559274725928e-01,9.949054559073141624e-01,9.949063486852627314e-01,9.949063621522608036e-01,9.949063620999202273e-01,9.949063553757073741e-01,9.949062755622041232e-01,9.949014505814212095e-01,9.999999999999970024e-01,9.949014505656336160e-01,9.949062755079542963e-01,9.949063551670093153e-01,9.949063609191368673e-01,9.949063483551897624e-01,9.949054557922734077e-01,9.949054559274725928e-01,9.949063487826778074e-01,9.949063623787646193e-01,9.949063623816268853e-01,9.949063487925463578e-01,9.949054559493598626e-01,9.949054559392818131e-01,9.949063487844914677e-01,9.949063624665619443e-01,9.949063633172723353e-01,9.949063622928465689e-01,9.949063554141860388e-01,9.949062755622041232e-01,9.949014505656336160e-01,9.999999999999970024e-01,9.949014504955407956e-01,9.949062752834866297e-01,9.949063539704552372e-01,9.949063471062954411e-01,9.949054554463229172e-01,9.949054558639200962e-01,9.949063487450426901e-01,9.949063623531244627e-01,9.949063623629927910e-01,9.949063487796370175e-01,9.949054559434675760e-01,9.949054559069018255e-01,9.949063487779628012e-01,9.949063625273121270e-01,9.949063635930948113e-01,9.949063634717201232e-01,9.949063622928464579e-01,9.949063553757073741e-01,9.949062755079542963e-01,9.949014504955407956e-01,9.999999999999970024e-01,9.949014502323275666e-01,9.949062740484668765e-01,9.949063401191451383e-01,9.949054541585979905e-01,9.949054556945039485e-01,9.949063486430681502e-01,9.949063622770112358e-01,9.949063622988740807e-01,9.949063487225243696e-01,9.949054558920841229e-01,9.949054557080748706e-01,9.949063485911269211e-01,9.949063623663356726e-01,9.949063634993972061e-01,9.949063635930947003e-01,9.949063633172722243e-01,9.949063620999201163e-01,9.949063551670093153e-01,9.949062752834866297e-01,9.949014502323275666e-01,9.999999999999970024e-01,9.949014488414467117e-01,9.949062600428438818e-01,9.949054470152938201e-01,9.949054551551320680e-01,9.949063483193608670e-01,9.949063620205902403e-01,9.949063620683131770e-01,9.949063485039577603e-01,9.949054556805245753e-01,9.949054545301538877e-01,9.949063474202115565e-01,9.949063612074146024e-01,9.949063623663356726e-01,9.949063625273120159e-01,9.949063624665618333e-01,9.949063621522606926e-01,9.949063609191368673e-01,9.949063539704552372e-01,9.949062740484668765e-01,9.949014488414467117e-01,9.999999999999970024e-01,9.949014338482883302e-01,9.949053659504939473e-01,9.949054527379448398e-01,9.949063468084570205e-01,9.949063607248015417e-01,9.949063608398068803e-01,9.949063473013116665e-01,9.949054544898709995e-01,9.949054407302280190e-01,9.949063336260026702e-01,9.949063474202116675e-01,9.949063485911268101e-01,9.949063487779625792e-01,9.949063487844912457e-01,9.949063486852625093e-01,9.949063483551897624e-01,9.949063471062954411e-01,9.949063401191451383e-01,9.949062600428438818e-01,9.949014338482883302e-01,9.999999999999970024e-01,9.949005256932075270e-01,9.949054319710709526e-01,9.949063317777090409e-01,9.949063465976040188e-01,9.949063469277243943e-01,9.949063334565154681e-01,9.949054406709406662e-01,9.949045478282264598e-01,9.949054407302281300e-01,9.949054545301538877e-01,9.949054557080749817e-01,9.949054559069019366e-01,9.949054559392818131e-01,9.949054559073141624e-01,9.949054557922734077e-01,9.949054554463229172e-01,9.949054541585979905e-01,9.949054470152938201e-01,9.949053659504939473e-01,9.949005256932075270e-01,9.999999999999970024e-01,9.949044568989545700e-01,9.949054319114521983e-01,9.949054524674733058e-01,9.949054537038782842e-01,9.949054404483462788e-01,9.949045477309966801e-01,9.949045477309967911e-01,9.949054406709407772e-01,9.949054544898709995e-01,9.949054556805245753e-01,9.949054558920841229e-01,9.949054559434675760e-01,9.949054559493598626e-01,9.949054559274725928e-01,9.949054558639200962e-01,9.949054556945039485e-01,9.949054551551320680e-01,9.949054527379448398e-01,9.949054319710709526e-01,9.949044568989545700e-01,9.999999999999970024e-01,9.949005255783728296e-01,9.949053656249257083e-01,9.949054455089408888e-01,9.949054388573418395e-01,9.949045472581533600e-01,9.949054404483462788e-01,9.949063334565155792e-01,9.949063473013114445e-01,9.949063485039577603e-01,9.949063487225241476e-01,9.949063487796367955e-01,9.949063487925462468e-01,9.949063487826778074e-01,9.949063487450426901e-01,9.949063486430681502e-01,9.949063483193608670e-01,9.949063468084570205e-01,9.949063317777090409e-01,9.949054319114521983e-01,9.949005255783728296e-01,9.999999999999970024e-01,9.949014334627097611e-01,9.949062584768874062e-01,9.949063247582680125e-01,9.949054388573418395e-01,9.949054537038781731e-01,9.949063469277245053e-01,9.949063608398068803e-01,9.949063620683132880e-01,9.949063622988741917e-01,9.949063623629927910e-01,9.949063623816267743e-01,9.949063623787646193e-01,9.949063623531244627e-01,9.949063622770112358e-01,9.949063620205902403e-01,9.949063607248015417e-01,9.949063465976040188e-01,9.949054524674733058e-01,9.949053656249257083e-01,9.949014334627097611e-01,9.999999999999970024e-01,9.949014470628302353e-01,9.949062584768874062e-01,9.949054455089408888e-01,9.949054524674733058e-01,9.949063465976041298e-01,9.949063607248015417e-01,9.949063620205902403e-01,9.949063622770112358e-01,9.949063623531243516e-01,9.949063623787646193e-01,9.949063623816268853e-01,9.949063623629927910e-01,9.949063622988740807e-01,9.949063620683131770e-01,9.949063608398068803e-01,9.949063469277243943e-01,9.949054537038782842e-01,9.949054455089408888e-01,9.949062584768874062e-01,9.949014470628302353e-01,9.999999999999970024e-01,9.949014334627098721e-01,9.949053656249257083e-01,9.949054319114524203e-01,9.949063317777092630e-01,9.949063468084573536e-01,9.949063483193610891e-01,9.949063486430681502e-01,9.949063487450429122e-01,9.949063487826779184e-01,9.949063487925463578e-01,9.949063487796370175e-01,9.949063487225243696e-01,9.949063485039577603e-01,9.949063473013116665e-01,9.949063334565154681e-01,9.949054404483462788e-01,9.949054388573418395e-01,9.949063247582680125e-01,9.949062584768874062e-01,9.949014334627098721e-01,9.999999999999970024e-01,9.949005255783730517e-01,9.949044568989546811e-01,9.949054319710711747e-01,9.949054527379449508e-01,9.949054551551320680e-01,9.949054556945040595e-01,9.949054558639200962e-01,9.949054559274725928e-01,9.949054559493598626e-01,9.949054559434675760e-01,9.949054558920841229e-01,9.949054556805245753e-01,9.949054544898709995e-01,9.949054406709406662e-01,9.949045477309966801e-01,9.949045472581533600e-01,9.949054388573418395e-01,9.949054455089408888e-01,9.949053656249257083e-01,9.949005255783730517e-01,9.999999999999970024e-01
9.999999999999995559e-01,9.808755261281701943e-01,9.809522104794915487e-01,9.809555398002555160e-01,9.809558402589635406e-01,9.809558960888755674e-01,9.809559112892858312e-01,9.809559162533422194e-01,9.809559172805768501e-01,9.809559146592305989e-01,9.809559014068670590e-01,9.809558248449402607e-01,9.809549487763061792e-01,9.809277642822463728e-01,9.809277594237320042e-01,9.809549345695728340e-01,9.809557823823646938e-01,9.809557292674629947e-01,9.809545703215146739e-01,9.809238451102737510e-01,9.808755261281701943e-01,9.999999999999995559e-01,9.809038145290985833e-01,9.809794802471331066e-01,9.809827392633173604e-01,9.809830288840173385e-01,9.809830820369663806e-01,9.809830961548138273e-01,9.809831000632956988e-01,9.809830985531513559e-01,9.809830858173778090e-01,9.809830095566089980e-01,9.809821337131717778e-01,9.809549487763062903e-01,9.809549455805004481e-01,9.809821244127064910e-01,9.809829816024789872e-01,9.809829674483239170e-01,9.809820527714060434e-01,9.809545742431929893e-01,9.809522104794915487e-01,9.809038145290985833e-01,9.999999999999995559e-01,9.809047747845870413e-01,9.809803701181820657e-01,9.809836188250550260e-01,9.809839058969662684e-01,9.809839580068017151e-01,9.809839710840877469e-01,9.809839724617752665e-01,9.809839608403004840e-01,9.809838850976086988e-01,9.809830095566087760e-01,9.809558248449401496e-01,9.809558224729721942e-01,9.809830024424607275e-01,9.809838625270538293e-01,9.809838575758023094e-01,9.809829812716071018e-01,9.809557470120199296e-01,9.809555398002555160e-01,9.809794802471331066e-01,9.809047747845870413e-01,9.999999999999995559e-01,9.809048658735907145e-01,9.809804503953063470e-01,9.809836965544096454e-01,9.809839825852850748e-01,9.809840336553273810e-01,9.809840442021331430e-01,9.809840354686309993e-01,9.809839608403005951e-01,9.809830858173778090e-01,9.809559014068670590e-01,9.809558995870666376e-01,9.809830800757932678e-01,9.809839412752985321e-01,9.809839392149650728e-01,9.809830721136219012e-01,9.809558768126889206e-01,9.809558402589635406e-01,9.809827392633173604e-01,9.809803701181820657e-01,9.809048658735907145e-01,9.999999999999995559e-01,9.809048832619176039e-01,9.809804651193743119e-01,9.809837102358047733e-01,9.809839952269072683e-01,9.809840437665022783e-01,9.809840442021331430e-01,9.809839724617752665e-01,9.809830985531512448e-01,9.809559146592303769e-01,9.809559133915378704e-01,9.809830941839431384e-01,9.809839559016992894e-01,9.809839549562696659e-01,9.809830907491118301e-01,9.809559048012240767e-01,9.809558960888755674e-01,9.809830288840173385e-01,9.809836188250550260e-01,9.809804503953063470e-01,9.809048832619176039e-01,9.999999999999995559e-01,9.809048879080175531e-01,9.809804686901213433e-01,9.809837127662637268e-01,9.809839952269072683e-01,9.809840336553273810e-01,9.809839710840877469e-01,9.809831000632958098e-01,9.809559172805767391e-01,9.809559168358570336e-01,9.809830978777233090e-01,9.809839598986854758e-01,9.809839594715540345e-01,9.809830963804796466e-01,9.809559133724479185e-01,9.809559112892858312e-01,9.809830820369663806e-01,9.809839058969662684e-01,9.809836965544096454e-01,9.809804651193743119e-01,9.809048879080175531e-01,9.999999999999995559e-01,9.809048889557960837e-01,9.809804686901213433e-01,9.809837102358046623e-01,9.809839825852850748e-01,9.809839580068017151e-01,9.809830961548137163e-01,9.809559162533419974e-01,9.809559174444936192e-01,9.809830987931902335e-01,9.809839610621071682e-01,9.809839609381707515e-01,9.809830983658587300e-01,9.809559164910021112e-01,9.809559162533422194e-01,9.809830961548138273e-01,9.809839580068017151e-01,9.809839825852850748e-01,9.809837102358047733e-01,9.809804686901213433e-01,9.809048889557960837e-01,9.999999999999995559e-01,9.809048879080175531e-01,9.809804651193742009e-01,9.809836965544096454e-01,9.809839058969662684e-01,9.809830820369663806e-01,9.809559112892856092e-01,9.809559164910020002e-01,9.809830983658589521e-01,9.809839609381707515e-01,9.809839610621071682e-01,9.809830987931900115e-01,9.809559174444937302e-01,9.809559172805768501e-01,9.809831000632956988e-01,9.809839710840877469e-01,9.809840336553273810e-01,9.809839952269072683e-01,9.809837127662637268e-01,9.809804686901213433e-01,9.809048879080175531e-01,9.999999999999995559e-01,9.809048832619177150e-01,9.809804503953064581e-01,9.809836188250551370e-01,9.809830288840174495e-01,9.809558960888754564e-01,9.809559133724476965e-01,9.809830963804796466e-01,9.809839594715541455e-01,9.809839598986856979e-01,9.809830978777229760e-01,9.809559168358570336e-01,9.809559146592305989e-01,9.809830985531513559e-01,9.809839724617752665e-01,9.809840442021331430e-01,9.809840437665022783e-01,9.809839952269072683e-01,9.809837102358046623e-01,9.809804651193742009e-01,9.809048832619177150e-01,9.999999999999995559e-01,9.809048658735908255e-01,9.809803701181820657e-01,9.809827392633171383e-01,9.809558402589634296e-01,9.809559048012239657e-01,9.809830907491119412e-01,9.809839549562695549e-01,9.809839559016995114e-01,9.809830941839430274e-01,9.809559133915379814e-01,9.809559014068670590e-01,9.809830858173778090e-01,9.809839608403004840e-01,9.809840354686309993e-01,9.809840442021331430e-01,9.809840336553273810e-01,9.809839825852850748e-01,9.809836965544096454e-01,9.809804503953064581e-01,9.809048658735908255e-01,9.999999999999995559e-01,9.809047747845870413e-01,9.809794802471331066e-01,9.809555398002552939e-01,9.809558768126890316e-01,9.809830721136221232e-01,9.809839392149651838e-01,9.809839412752986432e-01,9.809830800757929348e-01,9.809558995870667486e-01,9.809558248449402607e-01,9.809830095566089980e-01,9.809838850976086988e-01,9.809839608403005951e-01,9.809839724617752665e-01,9.809839710840877469e-01,9.809839580068017151e-01,9.809839058969662684e-01,9.809836188250551370e-01,9.809803701181820657e-01,9.809047747845870413e-01,9.999999999999995559e-01,9.809038145290985833e-01,9.809522104794915487e-01,9.809557470120200406e-01,9.809829812716074349e-01,9.809838575758026424e-01,9.809838625270541623e-01,9.809830024424606165e-01,9.809558224729723053e-01,9.809549487763061792e-01,9.809821337131717778e-01,9.809830095566087760e-01,9.809830858173778090e-01,9.809830985531512448e-01,9.809831000632958098e-01,9.809830961548137163e-01,9.809830820369663806e-01,9.809830288840174495e-01,9.809827392633171383e-01,9.809794802471331066e-01,9.809038145290985833e-01,9.999999999999995559e-01,9.808755261281700832e-01,9.809545742431928783e-01,9.809820527714061544e-01,9.809829674483238060e-01,9.809829816024788762e-01,9.809821244127060469e-01,9.809549455805003371e-01,9.809277642822463728e-01,9.809549487763062903e-01,9.809558248449401496e-01,9.809559014068670590e-01,9.809559146592303769e-01,9.809559172805767391e-01,9.809559162533419974e-01,9.809559112892856092e-01,9.809558960888754564e-01,9.809558402589634296e-01,9.809555398002552939e-01,9.809522104794915487e-01,9.808755261281700832e-01,9.999999999999995559e-01,9.809238451102736400e-01,9.809545703215148960e-01,9.809557292674631057e-01,9.809557823823645828e-01,9.809549345695726119e-01,9.809277594237318931e-01,9.809277594237320042e-01,9.809549455805004481e-01,9.809558224729721942e-01,9.809558995870666376e-01,9.809559133915378704e-01,9.809559168358570336e-01,9.809559174444936192e-01,9.809559164910020002e-01,9.809559133724476965e-01,9.809559048012239657e-01,9.809558768126890316e-01,9.809557470120200406e-01,9.809545742431928783e-01,9.809238451102736400e-01,9.999999999999995559e-01,9.808755185067167259e-01,9.809521890903801777e-01,9.809554417280786920e-01,9.809548663826118675e-01,9.809277384397846467e-01,9.809549345695728340e-01,9.809821244127064910e-01,9.809830024424607275e-01,9.809830800757932678e-01,9.809830941839431384e-01,9.809830978777233090e-01,9.809830987931902335e-01,9.809830983658589521e-01,9.809830963804796466e-01,9.809830907491119412e-01,9.809830721136221232e-01,9.809829812716074349e-01,9.809820527714061544e-01,9.809545703215148960e-01,9.808755185067167259e-01,9.999999999999995559e-01,9.809037890212862765e-01,9.809793782285127772e-01,9.809817614179782153e-01,9.809548663826120896e-01,9.809557823823646938e-01,9.809829816024789872e-01,9.809838625270538293e-01,9.809839412752985321e-01,9.809839559016992894e-01,9.809839598986854758e-01,9.809839610621071682e-01,9.809839609381707515e-01,9.809839594715541455e-01,9.809839549562695549e-01,9.809839392149651838e-01,9.809838575758026424e-01,9.809829674483238060e-01,9.809557292674631057e-01,9.809521890903801777e-01,9.809037890212862765e-01,9.999999999999995559e-01,9.809046580444165109e-01,9.809793782285126662e-01,9.809554417280786920e-01,9.809557292674629947e-01,9.809829674483239170e-01,9.809838575758023094e-01,9.809839392149650728e-01,9.809839549562696659e-01,9.809839594715540345e-01,9.809839609381707515e-01,9.809839610621071682e-01,9.809839598986856979e-01,9.809839559016995114e-01,9.809839412752986432e-01,9.809838625270541623e-01,9.809829816024788762e-01,9.809557823823645828e-01,9.809554417280786920e-01,9.809793782285127772e-01,9.809046580444165109e-01,9.999999999999995559e-01,9.809037890212861655e-01,9.809521890903799557e-01,9.809545703215146739e-01,9.809820527714060434e-01,9.809829812716071018e-01,9.809830721136219012e-01,9.809830907491118301e-01,9.809830963804796466e-01,9.809830983658587300e-01,9.809830987931900115e-01,9.809830978777229760e-01,9.809830941839430274e-01,9.809830800757929348e-01,9.809830024424606165e-01,9.809821244127060469e-01,9.809549345695726119e-01,9.809548663826118675e-01,9.809817614179782153e-01,9.809793782285126662e-01,9.809037890212861655e-01,9.999999999999995559e-01,9.808755185067169480e-01,9.809238451102737510e-01,9.809545742431929893e-01,9.809557470120199296e-01,9.809558768126889206e-01,9.809559048012240767e-01,9.809559133724479185e-01,9.809559164910021112e-01,9.809559174444937302e-01,9.809559168358570336e-01,9.809559133915379814e-01,9.809558995870667486e-01,9.809558224729723053e-01,9.809549455805003371e-01,9.809277594237318931e-01,9.809277384397846467e-01,9.809548663826120896e-01,9.809554417280786920e-01,9.809521890903799557e-01,9.808755185067169480e-01,9.999999999999995559e-01
1.000000000000000000e+00,9.810261567276697958e-01,9.810996307114859816e-01,9.811040424593138187e-01,9.811044582214211163e-01,9.811045423754659600e-01,9.811045661582475930e-01,9.811045727896995361e-01,9.811045703901805082e-01,9.811045539430705009e-01,9.811044872435294995e-01,9.811041174435511936e-01,9.810999459238608500e-01,9.809946769062032335e-01,9.809946635695000472e-01,9.810999057964939762e-01,9.811039899774323114e-01,9.811039203090282657e-01,9.810994298371004119e-01,9.809893838999922400e-01,9.810261567276697958e-01,1.000000000000000000e+00,9.811364915032312339e-01,9.812053369977981054e-01,9.812093959709603519e-01,9.812097575194916876e-01,9.812098281959955592e-01,9.812098465211697151e-01,9.812098478656183786e-01,9.812098328751036602e-01,9.812097668525870953e-01,9.812093974194509016e-01,9.812052257932710742e-01,9.810999459238609610e-01,9.810999349128336489e-01,9.812051924194508112e-01,9.812092896440558487e-01,9.812092710978743693e-01,9.812050992326670773e-01,9.810994492948503787e-01,9.810996307114859816e-01,9.811364915032312339e-01,1.000000000000000000e+00,9.811410695000598592e-01,9.812095785240279033e-01,9.812135857650765569e-01,9.812139345734536278e-01,9.812140000253634087e-01,9.812140131526286835e-01,9.812140019455093398e-01,9.812139373992423419e-01,9.812135686562264425e-01,9.812093974194506796e-01,9.811041174435509715e-01,9.811041075500976927e-01,9.812093669742438795e-01,9.812134680403554743e-01,9.812134614903373908e-01,9.812093390958274153e-01,9.811040077572106277e-01,9.811040424593138187e-01,9.812053369977981054e-01,9.811410695000598592e-01,1.000000000000000000e+00,9.811415102795252308e-01,9.812099664833260348e-01,9.812139609815065944e-01,9.812143045862331547e-01,9.812143648479305647e-01,9.812143654267441173e-01,9.812143046652899159e-01,9.812139373992425639e-01,9.812097668525868732e-01,9.811044872435293884e-01,9.811044780990185732e-01,9.812097382480416963e-01,9.812138407956532138e-01,9.812138380485857514e-01,9.812097276488565001e-01,9.811044473931130883e-01,9.811044582214211163e-01,9.812093959709603519e-01,9.812095785240279033e-01,9.811415102795252308e-01,1.000000000000000000e+00,9.811415959794785868e-01,9.812100389987509219e-01,9.812140282738266439e-01,9.812143666885296822e-01,9.812144144021132108e-01,9.812143654267443393e-01,9.812140019455096729e-01,9.812098328751037712e-01,9.811045539430707230e-01,9.811045455471018029e-01,9.812098061099966406e-01,9.812139093502068032e-01,9.812139080836955740e-01,9.812098015092032277e-01,9.811045338530408610e-01,9.811045423754659600e-01,9.812097575194916876e-01,9.812135857650765569e-01,9.812099664833260348e-01,9.811415959794785868e-01,1.000000000000000000e+00,9.811416190835399176e-01,9.812100567430114273e-01,9.812140408220658694e-01,9.812143666885294602e-01,9.812143648479305647e-01,9.812140131526289055e-01,9.812098478656181566e-01,9.811045703901805082e-01,9.811045631057572214e-01,9.812098240108786396e-01,9.812139276582271252e-01,9.812139270845227079e-01,9.812098219987336334e-01,9.811045583691695438e-01,9.811045661582475930e-01,9.812098281959955592e-01,9.812139345734536278e-01,9.812139609815065944e-01,9.812100389987509219e-01,9.811416190835399176e-01,1.000000000000000000e+00,9.811416243118700198e-01,9.812100567430115383e-01,9.812140282738263108e-01,9.812143045862331547e-01,9.812140000253635197e-01,9.812098465211694931e-01,9.811045727896993141e-01,9.811045677001125620e-01,9.812098290305699688e-01,9.812139330118311298e-01,9.812139328451673359e-01,9.812098284554454652e-01,9.811045663936419636e-01,9.811045727896995361e-01,9.812098465211697151e-01,9.812140000253634087e-01,9.812143045862331547e-01,9.812140282738266439e-01,9.812100567430114273e-01,9.811416243118700198e-01,1.000000000000000000e+00,9.811416190835401396e-01,9.812100389987505888e-01,9.812139609815065944e-01,9.812139345734537388e-01,9.812098281959954482e-01,9.811045661582474819e-01,9.811045663936417416e-01,9.812098284554454652e-01,9.812139328451673359e-01,9.812139330118311298e-01,9.812098290305700798e-01,9.811045677001127840e-01,9.811045703901805082e-01,9.812098478656183786e-01,9.812140131526286835e-01,9.812143648479305647e-01,9.812143666885296822e-01,9.812140408220658694e-01,9.812100567430115383e-01,9.811416190835401396e-01,1.000000000000000000e+00,9.811415959794782538e-01,9.812099664833260348e-01,9.812135857650767790e-01,9.812097575194914656e-01,9.811045423754657380e-01,9.811045583691695438e-01,9.812098219987337444e-01,9.812139270845228189e-01,9.812139276582271252e-01,9.812098240108786396e-01,9.811045631057574434e-01,9.811045539430705009e-01,9.812098328751036602e-01,9.812140019455093398e-01,9.812143654267441173e-01,9.812144144021132108e-01,9.812143666885294602e-01,9.812140282738263108e-01,9.812100389987505888e-01,9.811415959794782538e-01,1.000000000000000000e+00,9.811415102795252308e-01,9.812095785240277923e-01,9.812093959709600188e-01,9.811044582214207832e-01,9.811045338530406390e-01,9.812098015092030057e-01,9.812139080836956850e-01,9.812139093502069143e-01,9.812098061099964186e-01,9.811045455471019139e-01,9.811044872435294995e-01,9.812097668525870953e-01,9.812139373992423419e-01,9.812143046652899159e-01,9.812143654267443393e-01,9.812143648479305647e-01,9.812143045862331547e-01,9.812139609815065944e-01,9.812099664833260348e-01,9.811415102795252308e-01,1.000000000000000000e+00,9.811410695000598592e-01,9.812053369977978834e-01,9.811040424593135967e-01,9.811044473931130883e-01,9.812097276488565001e-01,9.812138380485859734e-01,9.812138407956533248e-01,9.812097382480416963e-01,9.811044780990187952e-01,9.811041174435511936e-01,9.812093974194509016e-01,9.812135686562264425e-01,9.812139373992425639e-01,9.812140019455096729e-01,9.812140131526289055e-01,9.812140000253635197e-01,9.812139345734537388e-01,9.812135857650767790e-01,9.812095785240277923e-01,9.811410695000598592e-01,1.000000000000000000e+00,9.811364915032310119e-01,9.810996307114858705e-01,9.811040077572106277e-01,9.812093390958275263e-01,9.812134614903375018e-01,9.812134680403556963e-01,9.812093669742439905e-01,9.811041075500981368e-01,9.810999459238608500e-01,9.812052257932710742e-01,9.812093974194506796e-01,9.812097668525868732e-01,9.812098328751037712e-01,9.812098478656181566e-01,9.812098465211694931e-01,9.812098281959954482e-01,9.812097575194914656e-01,9.812093959709600188e-01,9.812053369977978834e-01,9.811364915032310119e-01,1.000000000000000000e+00,9.810261567276694628e-01,9.810994492948499346e-01,9.812050992326668553e-01,9.812092710978743693e-01,9.812092896440556267e-01,9.812051924194507002e-01,9.810999349128336489e-01,9.809946769062032335e-01,9.810999459238609610e-01,9.811041174435509715e-01,9.811044872435293884e-01,9.811045539430707230e-01,9.811045703901805082e-01,9.811045727896993141e-01,9.811045661582474819e-01,9.811045423754657380e-01,9.811044582214207832e-01,9.811040424593135967e-01,9.810996307114858705e-01,9.810261567276694628e-01,1.000000000000000000e+00,9.809893838999919069e-01,9.810994298371001898e-01,9.811039203090282657e-01,9.811039899774320894e-01,9.810999057964939762e-01,9.809946635695001582e-01,9.809946635695000472e-01,9.810999349128336489e-01,9.811041075500976927e-01,9.811044780990185732e-01,9.811045455471018029e-01,9.811045631057572214e-01,9.811045677001125620e-01,9.811045663936417416e-01,9.811045583691695438e-01,9.811045338530406390e-01,9.811044473931130883e-01,9.811040077572106277e-01,9.810994492948499346e-01,9.809893838999919069e-01,1.000000000000000000e+00,9.810261186791903176e-01,9.810995249173382060e-01,9.811035667297409724e-01,9.810998118221719855e-01,9.809946288969093597e-01,9.810999057964939762e-01,9.812051924194508112e-01,9.812093669742438795e-01,9.812097382480416963e-01,9.812098061099966406e-01,9.812098240108786396e-01,9.812098290305699688e-01,9.812098284554454652e-01,9.812098219987337444e-01,9.812098015092030057e-01,9.812097276488565001e-01,9.812093390958275263e-01,9.812050992326668553e-01,9.810994298371001898e-01,9.810261186791903176e-01,1.000000000000000000e+00,9.811363653004198104e-01,9.812048415100792509e-01,9.812047294014004661e-01,9.810998118221720965e-01,9.811039899774323114e-01,9.812092896440558487e-01,9.812134680403554743e-01,9.812138407956532138e-01,9.812139093502068032e-01,9.812139276582271252e-01,9.812139330118311298e-01,9.812139328451673359e-01,9.812139270845228189e-01,9.812139080836956850e-01,9.812138380485859734e-01,9.812134614903375018e-01,9.812092710978743693e-01,9.811039203090282657e-01,9.810995249173382060e-01,9.811363653004198104e-01,1.000000000000000000e+00,9.811405018025888269e-01,9.812048415100791399e-01,9.811035667297409724e-01,9.811039203090282657e-01,9.812092710978743693e-01,9.812134614903373908e-01,9.812138380485857514e-01,9.812139080836955740e-01,9.812139270845227079e-01,9.812139328451673359e-01,9.812139330118311298e-01,9.812139276582271252e-01,9.812139093502069143e-01,9.812138407956533248e-01,9.812134680403556963e-01,9.812092896440556267e-01,9.811039899774320894e-01,9.811035667297409724e-01,9.812048415100792509e-01,9.811405018025888269e-01,1.000000000000000000e+00,9.811363653004196994e-01,9.810995249173382060e-01,9.810994298371004119e-01,9.812050992326670773e-01,9.812093390958274153e-01,9.812097276488565001e-01,9.812098015092032277e-01,9.812098219987336334e-01,9.812098284554454652e-01,9.812098290305700798e-01,9.812098240108786396e-01,9.812098061099964186e-01,9.812097382480416963e-01,9.812093669742439905e-01,9.812051924194507002e-01,9.810999057964939762e-01,9.810998118221719855e-01,9.812047294014004661e-01,9.812048415100791399e-01,9.811363653004196994e-01,1.000000000000000000e+00,9.810261186791903176e-01,9.809893838999922400e-01,9.810994492948503787e-01,9.811040077572106277e-01,9.811044473931130883e-01,9.811045338530408610e-01,9.811045583691695438e-01,9.811045663936419636e-01,9.811045677001127840e-01,9.811045631057574434e-01,9.811045455471019139e-01,9.811044780990187952e-01,9.811041075500981368e-01,9.810999349128336489e-01,9.809946635695001582e-01,9.809946288969093597e-01,9.810998118221720965e-01,9.811035667297409724e-01,9.810995249173382060e-01,9.810261186791903176e-01,1.000000000000000000e+00
