1.000000000000000000e+00,1.000000000000000000e+00,1.000000000000000000e+00,1.000000000000000000e+00,1.000000000000000000e+00,1.000000000000000000e+00,1.000000000000000000e+00,1.000000000000000000e+00,1.000000000000000000e+00,1.000000000000000000e+00,1.000000000000000000e+00,1.000000000000000000e+00,1.000000000000000000e+00,1.000000000000000000e+00,1.000000000000000000e+00,1.000000000000000000e+00,1.000000000000000000e+00,1.000000000000000000e+00,1.000000000000000000e+00,1.000000000000000000e+00,1.000000000000000000e+00,1.000000000000000000e+00,1.000000000000000000e+00,1.000000000000000000e+00,1.000000000000000000e+00,1.000000000000000000e+00,1.000000000000000000e+00,1.000000000000000000e+00,1.000000000000000000e+00,1.000000000000000000e+00,1.000000000000000000e+00,1.000000000000000000e+00,1.000000000000000000e+00,1.000000000000000000e+00,1.000000000000000000e+00,1.000000000000000000e+00,1.000000000000000000e+00,1.000000000000000000e+00,1.000000000000000000e+00,1.000000000000000000e+00,1.000000000000000000e+00,1.000000000000000000e+00,1.000000000000000000e+00,1.000000000000000000e+00,1.000000000000000000e+00,1.000000000000000000e+00,1.000000000000000000e+00,1.000000000000000000e+00,1.000000000000000000e+00,1.000000000000000000e+00,1.000000000000000000e+00,1.000000000000000000e+00,1.000000000000000000e+00,1.000000000000000000e+00,1.000000000000000000e+00,1.000000000000000000e+00,1.000000000000000000e+00,1.000000000000000000e+00,1.000000000000000000e+00,1.000000000000000000e+00,1.000000000000000000e+00,1.000000000000000000e+00,1.000000000000000000e+00,1.000000000000000000e+00,1.000000000000000000e+00,1.000000000000000000e+00,1.000000000000000000e+00,1.000000000000000000e+00,1.000000000000000000e+00,1.000000000000000000e+00,1.000000000000000000e+00,1.000000000000000000e+00,1.000000000000000000e+00,1.000000000000000000e+00,1.000000000000000000e+00,1.000000000000000000e+00,1.000000000000000000e+00,1.000000000000000000e+00,1.000000000000000000e+00,1.000000000000000000e+00,1.000000000000000000e+00,1.000000000000000000e+00,1.000000000000000000e+00,1.000000000000000000e+00,1.000000000000000000e+00,1.000000000000000000e+00,1.000000000000000000e+00,1.000000000000000000e+00,1.000000000000000000e+00,1.000000000000000000e+00,1.000000000000000000e+00,1.000000000000000000e+00,1.000000000000000000e+00,1.000000000000000000e+00,1.000000000000000000e+00,1.000000000000000000e+00,1.000000000000000000e+00,1.000000000000000000e+00,1.000000000000000000e+00,1.000000000000000000e+00,1.000000000000000000e+00,1.000000000000000000e+00,1.000000000000000000e+00,1.000000000000000000e+00,1.000000000000000000e+00,1.000000000000000000e+00,1.000000000000000000e+00,1.000000000000000000e+00,1.000000000000000000e+00,1.000000000000000000e+00,1.000000000000000000e+00,1.000000000000000000e+00,1.000000000000000000e+00,1.000000000000000000e+00,1.000000000000000000e+00,1.000000000000000000e+00,1.000000000000000000e+00,1.000000000000000000e+00,1.000000000000000000e+00,1.000000000000000000e+00,1.000000000000000000e+00,1.000000000000000000e+00,1.000000000000000000e+00,1.000000000000000000e+00,1.000000000000000000e+00,1.000000000000000000e+00,1.000000000000000000e+00,1.000000000000000000e+00,1.000000000000000000e+00,1.000000000000000000e+00,1.000000000000000000e+00,1.000000000000000000e+00,1.000000000000000000e+00,1.000000000000000000e+00,1.000000000000000000e+00,1.000000000000000000e+00,1.000000000000000000e+00,1.000000000000000000e+00,1.000000000000000000e+00,1.000000000000000000e+00,1.000000000000000000e+00,1.000000000000000000e+00,1.000000000000000000e+00,1.000000000000000000e+00,1.000000000000000000e+00,1.000000000000000000e+00,1.000000000000000000e+00,1.000000000000000000e+00,1.000000000000000000e+00,1.000000000000000000e+00,1.000000000000000000e+00,1.000000000000000000e+00,1.000000000000000000e+00,1.000000000000000000e+00,1.000000000000000000e+00,1.000000000000000000e+00,1.000000000000000000e+00,1.000000000000000000e+00,1.000000000000000000e+00,1.000000000000000000e+00,1.000000000000000000e+00,1.000000000000000000e+00,1.000000000000000000e+00,1.000000000000000000e+00,1.000000000000000000e+00,1.000000000000000000e+00,1.000000000000000000e+00,1.000000000000000000e+00,1.000000000000000000e+00,1.000000000000000000e+00,1.000000000000000000e+00,1.000000000000000000e+00,1.000000000000000000e+00,1.000000000000000000e+00,1.000000000000000000e+00,1.000000000000000000e+00,1.000000000000000000e+00,1.000000000000000000e+00,1.000000000000000000e+00,1.000000000000000000e+00,1.000000000000000000e+00,1.000000000000000000e+00,1.000000000000000000e+00,1.000000000000000000e+00,1.000000000000000000e+00,1.000000000000000000e+00,1.000000000000000000e+00,1.000000000000000000e+00,1.000000000000000000e+00,1.000000000000000000e+00,1.000000000000000000e+00,1.000000000000000000e+00,1.000000000000000000e+00,1.000000000000000000e+00,1.000000000000000000e+00,1.000000000000000000e+00,1.000000000000000000e+00,1.000000000000000000e+00,1.000000000000000000e+00,1.000000000000000000e+00,1.000000000000000000e+00,1.000000000000000000e+00,1.000000000000000000e+00,1.000000000000000000e+00,1.000000000000000000e+00,1.000000000000000000e+00,1.000000000000000000e+00,1.000000000000000000e+00,1.000000000000000000e+00,1.000000000000000000e+00,1.000000000000000000e+00,1.000000000000000000e+00,1.000000000000000000e+00,1.000000000000000000e+00,1.000000000000000000e+00,1.000000000000000000e+00,1.000000000000000000e+00,1.000000000000000000e+00,1.000000000000000000e+00,1.000000000000000000e+00,1.000000000000000000e+00,1.000000000000000000e+00,1.000000000000000000e+00,1.000000000000000000e+00,1.000000000000000000e+00,1.000000000000000000e+00,1.000000000000000000e+00,1.000000000000000000e+00,1.000000000000000000e+00,1.000000000000000000e+00,1.000000000000000000e+00,1.000000000000000000e+00,1.000000000000000000e+00,1.000000000000000000e+00,1.000000000000000000e+00,1.000000000000000000e+00,1.000000000000000000e+00,1.000000000000000000e+00,1.000000000000000000e+00,1.000000000000000000e+00,1.000000000000000000e+00,1.000000000000000000e+00,1.000000000000000000e+00,1.000000000000000000e+00,1.000000000000000000e+00,1.000000000000000000e+00,1.000000000000000000e+00,1.000000000000000000e+00,1.000000000000000000e+00,1.000000000000000000e+00,1.000000000000000000e+00,1.000000000000000000e+00,1.000000000000000000e+00,1.000000000000000000e+00,1.000000000000000000e+00,1.000000000000000000e+00,1.000000000000000000e+00,1.000000000000000000e+00,1.000000000000000000e+00,1.000000000000000000e+00,1.000000000000000000e+00,1.000000000000000000e+00,1.000000000000000000e+00,1.000000000000000000e+00,1.000000000000000000e+00,1.000000000000000000e+00,1.000000000000000000e+00,1.000000000000000000e+00,1.000000000000000000e+00,1.000000000000000000e+00,1.000000000000000000e+00,1.000000000000000000e+00,1.000000000000000000e+00,1.000000000000000000e+00,1.000000000000000000e+00,1.000000000000000000e+00,1.000000000000000000e+00,1.000000000000000000e+00,1.000000000000000000e+00,1.000000000000000000e+00,1.000000000000000000e+00,1.000000000000000000e+00,1.000000000000000000e+00,1.000000000000000000e+00,1.000000000000000000e+00,1.000000000000000000e+00,1.000000000000000000e+00,1.000000000000000000e+00,1.000000000000000000e+00,1.000000000000000000e+00,1.000000000000000000e+00,1.000000000000000000e+00,1.000000000000000000e+00,1.000000000000000000e+00,1.000000000000000000e+00,1.000000000000000000e+00,1.000000000000000000e+00,1.000000000000000000e+00,1.000000000000000000e+00,1.000000000000000000e+00,1.000000000000000000e+00,1.000000000000000000e+00,1.000000000000000000e+00,1.000000000000000000e+00,1.000000000000000000e+00,1.000000000000000000e+00,1.000000000000000000e+00,1.000000000000000000e+00,1.000000000000000000e+00,1.000000000000000000e+00,1.000000000000000000e+00,1.000000000000000000e+00,1.000000000000000000e+00,1.000000000000000000e+00,1.000000000000000000e+00,1.000000000000000000e+00,1.000000000000000000e+00,1.000000000000000000e+00,1.000000000000000000e+00,1.000000000000000000e+00,1.000000000000000000e+00,1.000000000000000000e+00,1.000000000000000000e+00,1.000000000000000000e+00
1.000000000000003109e+00,9.949035469689270217e-01,9.949045239433310650e-01,9.949045452669299516e-01,9.949045478343471194e-01,9.949045484283766116e-01,9.949045486220911005e-01,9.949045486986253239e-01,9.949045487302939916e-01,9.949045487391144915e-01,9.949045487302939916e-01,9.949045486986254350e-01,9.949045486220911005e-01,9.949045484283767227e-01,9.949045478343471194e-01,9.949045452669301737e-01,9.949045239433309540e-01,9.949035469689267996e-01,9.949035469689270217e-01,1.000000000000003109e+00,9.949005248590385708e-01,9.949053642944699627e-01,9.949054463283006911e-01,9.949054536910286739e-01,9.949054550516521767e-01,9.949054554296438146e-01,9.949054555644171183e-01,9.949054556186895937e-01,9.949054556378985614e-01,9.949054556342752376e-01,9.949054556032550511e-01,9.949054555128280519e-01,9.949054552209037894e-01,9.949054538238077949e-01,9.949054393062899404e-01,9.949045441062837059e-01,9.949045239433310650e-01,9.949005248590385708e-01,1.000000000000003109e+00,9.949014343911360969e-01,9.949062594868886000e-01,9.949063404723841320e-01,9.949063476616244461e-01,9.949063489781936331e-01,9.949063493409894265e-01,9.949063494686030129e-01,9.949063495175402005e-01,9.949063495296267545e-01,9.949063495109231603e-01,9.949063494362307969e-01,9.949063491741043652e-01,9.949063478505451030e-01,9.949063335617465142e-01,9.949054393062900514e-01,9.949045452669299516e-01,9.949053642944699627e-01,9.949014343911360969e-01,1.000000000000003109e+00,9.949014498426931308e-01,9.949062738908237558e-01,9.949063547047338751e-01,9.949063618503022344e-01,9.949063631517910400e-01,9.949063635074710810e-01,9.949063636297676982e-01,9.949063636715888004e-01,9.949063636685935297e-01,9.949063636062075444e-01,9.949063633597902134e-01,9.949063620659683860e-01,9.949063478505447700e-01,9.949054538238077949e-01,9.949045478343471194e-01,9.949054463283006911e-01,9.949062594868886000e-01,9.949014498426931308e-01,1.000000000000003109e+00,9.949014513564401474e-01,9.949062752313075908e-01,9.949063560015493080e-01,9.949063631320369527e-01,9.949063644264098949e-01,9.949063647767728558e-01,9.949063648919533875e-01,9.949063649186925540e-01,9.949063648720148922e-01,9.949063646379036063e-01,9.949063633597903245e-01,9.949063491741043652e-01,9.949054552209036784e-01,9.949045484283766116e-01,9.949054536910286739e-01,9.949063404723841320e-01,9.949062738908237558e-01,9.949014513564401474e-01,1.000000000000003109e+00,9.949014516655538820e-01,9.949062754964247413e-01,9.949063562515875203e-01,9.949063633749594127e-01,9.949063646640152747e-01,9.949063650072621501e-01,9.949063651073606351e-01,9.949063650904174105e-01,9.949063648720145592e-01,9.949063636062073224e-01,9.949063494362306859e-01,9.949054555128280519e-01,9.949045486220911005e-01,9.949054550516521767e-01,9.949063476616244461e-01,9.949063547047338751e-01,9.949062752313075908e-01,9.949014516655538820e-01,1.000000000000003109e+00,9.949014517590433204e-01,9.949062755747375419e-01,9.949063563227851237e-01,9.949063634408399359e-01,9.949063647227796015e-01,9.949063650509447632e-01,9.949063651073608572e-01,9.949063649186925540e-01,9.949063636685936407e-01,9.949063495109229383e-01,9.949054556032549401e-01,9.949045486986253239e-01,9.949054554296438146e-01,9.949063489781936331e-01,9.949063618503022344e-01,9.949063560015493080e-01,9.949062754964247413e-01,9.949014517590433204e-01,1.000000000000003109e+00,9.949014517937092572e-01,9.949062756022523102e-01,9.949063563449830339e-01,9.949063634559216496e-01,9.949063647227797125e-01,9.949063650072621501e-01,9.949063648919532765e-01,9.949063636715888004e-01,9.949063495296266435e-01,9.949054556342751265e-01,9.949045487302939916e-01,9.949054555644171183e-01,9.949063493409894265e-01,9.949063631517910400e-01,9.949063631320369527e-01,9.949063562515875203e-01,9.949062755747375419e-01,9.949014517937092572e-01,1.000000000000003109e+00,9.949014518061548573e-01,9.949062756093682847e-01,9.949063563449829228e-01,9.949063634408398249e-01,9.949063646640153857e-01,9.949063647767727447e-01,9.949063636297678093e-01,9.949063495175399785e-01,9.949054556378984504e-01,9.949045487391144915e-01,9.949054556186895937e-01,9.949063494686030129e-01,9.949063635074710810e-01,9.949063644264098949e-01,9.949063633749594127e-01,9.949063563227851237e-01,9.949062756022523102e-01,9.949014518061548573e-01,1.000000000000003109e+00,9.949014518061548573e-01,9.949062756022521992e-01,9.949063563227851237e-01,9.949063633749594127e-01,9.949063644264097839e-01,9.949063635074710810e-01,9.949063494686029019e-01,9.949054556186893716e-01,9.949045487302939916e-01,9.949054556378985614e-01,9.949063495175402005e-01,9.949063636297676982e-01,9.949063647767728558e-01,9.949063646640152747e-01,9.949063634408399359e-01,9.949063563449830339e-01,9.949062756093682847e-01,9.949014518061548573e-01,1.000000000000003109e+00,9.949014517937092572e-01,9.949062755747375419e-01,9.949063562515876313e-01,9.949063631320368417e-01,9.949063631517911510e-01,9.949063493409893155e-01,9.949054555644170073e-01,9.949045486986254350e-01,9.949054556342752376e-01,9.949063495296267545e-01,9.949063636715888004e-01,9.949063648919533875e-01,9.949063650072621501e-01,9.949063647227796015e-01,9.949063634559216496e-01,9.949063563449829228e-01,9.949062756022521992e-01,9.949014517937092572e-01,1.000000000000003109e+00,9.949014517590433204e-01,9.949062754964248523e-01,9.949063560015491969e-01,9.949063618503023454e-01,9.949063489781936331e-01,9.949054554296438146e-01,9.949045486220911005e-01,9.949054556032550511e-01,9.949063495109231603e-01,9.949063636685935297e-01,9.949063649186925540e-01,9.949063651073606351e-01,9.949063650509447632e-01,9.949063647227797125e-01,9.949063634408398249e-01,9.949063563227851237e-01,9.949062755747375419e-01,9.949014517590433204e-01,1.000000000000003109e+00,9.949014516655539930e-01,9.949062752313074798e-01,9.949063547047338751e-01,9.949063476616245572e-01,9.949054550516519546e-01,9.949045484283767227e-01,9.949054555128280519e-01,9.949063494362307969e-01,9.949063636062075444e-01,9.949063648720148922e-01,9.949063650904174105e-01,9.949063651073608572e-01,9.949063650072621501e-01,9.949063646640153857e-01,9.949063633749594127e-01,9.949063562515876313e-01,9.949062754964248523e-01,9.949014516655539930e-01,1.000000000000003109e+00,9.949014513564403694e-01,9.949062738908238668e-01,9.949063404723841320e-01,9.949054536910287849e-01,9.949045478343471194e-01,9.949054552209037894e-01,9.949063491741043652e-01,9.949063633597902134e-01,9.949063646379036063e-01,9.949063648720145592e-01,9.949063649186925540e-01,9.949063648919532765e-01,9.949063647767727447e-01,9.949063644264097839e-01,9.949063631320368417e-01,9.949063560015491969e-01,9.949062752313074798e-01,9.949014513564403694e-01,1.000000000000003109e+00,9.949014498426932418e-01,9.949062594868883780e-01,9.949054463283006911e-01,9.949045452669301737e-01,9.949054538238077949e-01,9.949063478505451030e-01,9.949063620659683860e-01,9.949063633597903245e-01,9.949063636062073224e-01,9.949063636685936407e-01,9.949063636715888004e-01,9.949063636297678093e-01,9.949063635074710810e-01,9.949063631517911510e-01,9.949063618503023454e-01,9.949063547047338751e-01,9.949062738908238668e-01,9.949014498426932418e-01,1.000000000000003109e+00,9.949014343911359859e-01,9.949053642944698517e-01,9.949045239433309540e-01,9.949054393062899404e-01,9.949063335617465142e-01,9.949063478505447700e-01,9.949063491741043652e-01,9.949063494362306859e-01,9.949063495109229383e-01,9.949063495296266435e-01,9.949063495175399785e-01,9.949063494686029019e-01,9.949063493409893155e-01,9.949063489781936331e-01,9.949063476616245572e-01,9.949063404723841320e-01,9.949062594868883780e-01,9.949014343911359859e-01,1.000000000000003109e+00,9.949005248590385708e-01,9.949035469689267996e-01,9.949045441062837059e-01,9.949054393062900514e-01,9.949054538238077949e-01,9.949054552209036784e-01,9.949054555128280519e-01,9.949054556032549401e-01,9.949054556342751265e-01,9.949054556378984504e-01,9.949054556186893716e-01,9.949054555644170073e-01,9.949054554296438146e-01,9.949054550516519546e-01,9.949054536910287849e-01,9.949054463283006911e-01,9.949053642944698517e-01,9.949005248590385708e-01,1.000000000000003109e+00
1.000000000000002220e+00,9.808955439840942869e-01,9.809263837319840418e-01,9.809275891697225580e-01,9.809277276652391686e-01,9.809277587806459753e-01,9.809277687466341211e-01,9.809277726416533172e-01,9.809277742434274749e-01,9.809277746883077187e-01,9.809277742434275860e-01,9.809277726416532062e-01,9.809277687466341211e-01,9.809277587806457532e-01,9.809277276652393907e-01,9.809275891697226690e-01,9.809263837319840418e-01,9.808955439840941759e-01,9.808955439840942869e-01,1.000000000000002220e+00,9.808754701707942392e-01,9.809521285934884594e-01,9.809555006562543644e-01,9.809558112220007065e-01,9.809558705164019843e-01,9.809558873088767283e-01,9.809558933494345601e-01,9.809558957594917139e-01,9.809558965317770607e-01,9.809558961524991183e-01,9.809558942434882800e-01,9.809558887766324231e-01,9.809558707663738053e-01,9.809557826485397758e-01,9.809548675891599512e-01,9.809275600707493270e-01,9.809263837319840418e-01,9.808754701707942392e-01,1.000000000000002220e+00,9.809038495779406341e-01,9.809794710102841542e-01,9.809827687420875630e-01,9.809830673072933438e-01,9.809831235733430521e-01,9.809831393252388398e-01,9.809831448787119657e-01,9.809831469304001184e-01,9.809831472303153221e-01,9.809831458570140716e-01,9.809831410775941007e-01,9.809831243699077552e-01,9.809830394591346758e-01,9.809821343323026355e-01,9.809548675891600622e-01,9.809275891697225580e-01,9.809521285934884594e-01,9.809038495779406341e-01,1.000000000000002220e+00,9.809048398287111281e-01,9.809803867370953112e-01,9.809836730136221039e-01,9.809839686857825258e-01,9.809840239537366280e-01,9.809840392348350147e-01,9.809840444368174150e-01,9.809840460187029265e-01,9.809840453243930947e-01,9.809840410776085040e-01,9.809840250495690528e-01,9.809839414231382726e-01,9.809830394591347869e-01,9.809557826485398868e-01,9.809277276652391686e-01,9.809555006562543644e-01,9.809794710102841542e-01,9.809048398287111281e-01,1.000000000000002220e+00,9.809049390556888737e-01,9.809804739522135497e-01,9.809837573360892238e-01,9.809840520123496166e-01,9.809841068103409834e-01,9.809841217402867075e-01,9.809841264726002485e-01,9.809841270602827068e-01,9.809841234924148168e-01,9.809841079967993593e-01,9.809840250495689418e-01,9.809831243699077552e-01,9.809558707663739163e-01,9.809277587806459753e-01,9.809558112220007065e-01,9.809827687420875630e-01,9.809803867370953112e-01,9.809049390556888737e-01,1.000000000000002220e+00,9.809049594917841342e-01,9.809804913575185248e-01,9.809837737434211613e-01,9.809840679497200400e-01,9.809841223965923840e-01,9.809841368568859021e-01,9.809841405950016080e-01,9.809841383091232325e-01,9.809841234924150388e-01,9.809840410776085040e-01,9.809831410775942118e-01,9.809558887766325341e-01,9.809277687466341211e-01,9.809558705164019843e-01,9.809830673072933438e-01,9.809836730136221039e-01,9.809804739522135497e-01,9.809049594917841342e-01,1.000000000000002220e+00,9.809049656930270977e-01,9.809804965168341662e-01,9.809837784319825893e-01,9.809840722871295826e-01,9.809841262643496096e-01,9.809841397304464028e-01,9.809841405950017190e-01,9.809841270602830399e-01,9.809840453243932057e-01,9.809831458570140716e-01,9.809558942434882800e-01,9.809277726416533172e-01,9.809558873088767283e-01,9.809831235733430521e-01,9.809839686857825258e-01,9.809837573360892238e-01,9.809804913575185248e-01,9.809049656930270977e-01,1.000000000000002220e+00,9.809049679957306811e-01,9.809804983321535055e-01,9.809837798958463972e-01,9.809840732813268627e-01,9.809841262643494986e-01,9.809841368568859021e-01,9.809841264726005816e-01,9.809840460187030375e-01,9.809831472303154332e-01,9.809558961524991183e-01,9.809277742434274749e-01,9.809558933494345601e-01,9.809831393252388398e-01,9.809840239537366280e-01,9.809840520123496166e-01,9.809837737434211613e-01,9.809804965168341662e-01,9.809049679957306811e-01,1.000000000000002220e+00,9.809049688229559694e-01,9.809804988019008576e-01,9.809837798958461752e-01,9.809840722871294716e-01,9.809841223965922730e-01,9.809841217402869296e-01,9.809840444368173040e-01,9.809831469304000073e-01,9.809558965317769497e-01,9.809277746883077187e-01,9.809558957594917139e-01,9.809831448787119657e-01,9.809840392348350147e-01,9.809841068103409834e-01,9.809840679497200400e-01,9.809837784319825893e-01,9.809804983321535055e-01,9.809049688229559694e-01,1.000000000000002220e+00,9.809049688229560804e-01,9.809804983321533944e-01,9.809837784319825893e-01,9.809840679497201510e-01,9.809841068103412054e-01,9.809840392348349036e-01,9.809831448787118546e-01,9.809558957594916029e-01,9.809277742434275860e-01,9.809558965317770607e-01,9.809831469304001184e-01,9.809840444368174150e-01,9.809841217402867075e-01,9.809841223965923840e-01,9.809840722871295826e-01,9.809837798958463972e-01,9.809804988019008576e-01,9.809049688229560804e-01,1.000000000000002220e+00,9.809049679957306811e-01,9.809804965168341662e-01,9.809837737434213834e-01,9.809840520123499497e-01,9.809840239537367390e-01,9.809831393252389509e-01,9.809558933494345601e-01,9.809277726416532062e-01,9.809558961524991183e-01,9.809831472303153221e-01,9.809840460187029265e-01,9.809841264726002485e-01,9.809841368568859021e-01,9.809841262643496096e-01,9.809840732813268627e-01,9.809837798958461752e-01,9.809804983321533944e-01,9.809049679957306811e-01,1.000000000000002220e+00,9.809049656930269867e-01,9.809804913575185248e-01,9.809837573360893348e-01,9.809839686857825258e-01,9.809831235733429411e-01,9.809558873088765063e-01,9.809277687466341211e-01,9.809558942434882800e-01,9.809831458570140716e-01,9.809840453243930947e-01,9.809841270602827068e-01,9.809841405950016080e-01,9.809841397304464028e-01,9.809841262643494986e-01,9.809840722871294716e-01,9.809837784319825893e-01,9.809804965168341662e-01,9.809049656930269867e-01,1.000000000000002220e+00,9.809049594917841342e-01,9.809804739522137718e-01,9.809836730136222149e-01,9.809830673072932328e-01,9.809558705164017622e-01,9.809277587806457532e-01,9.809558887766324231e-01,9.809831410775941007e-01,9.809840410776085040e-01,9.809841234924148168e-01,9.809841383091232325e-01,9.809841405950017190e-01,9.809841368568859021e-01,9.809841223965922730e-01,9.809840679497201510e-01,9.809837737434213834e-01,9.809804913575185248e-01,9.809049594917841342e-01,1.000000000000002220e+00,9.809049390556888737e-01,9.809803867370954222e-01,9.809827687420876741e-01,9.809558112220007065e-01,9.809277276652393907e-01,9.809558707663738053e-01,9.809831243699077552e-01,9.809840250495690528e-01,9.809841079967993593e-01,9.809841234924150388e-01,9.809841270602830399e-01,9.809841264726005816e-01,9.809841217402869296e-01,9.809841068103412054e-01,9.809840520123499497e-01,9.809837573360893348e-01,9.809804739522137718e-01,9.809049390556888737e-01,1.000000000000002220e+00,9.809048398287111281e-01,9.809794710102844872e-01,9.809555006562542534e-01,9.809275891697226690e-01,9.809557826485397758e-01,9.809830394591346758e-01,9.809839414231382726e-01,9.809840250495689418e-01,9.809840410776085040e-01,9.809840453243932057e-01,9.809840460187030375e-01,9.809840444368173040e-01,9.809840392348349036e-01,9.809840239537367390e-01,9.809839686857825258e-01,9.809836730136222149e-01,9.809803867370954222e-01,9.809048398287111281e-01,1.000000000000002220e+00,9.809038495779406341e-01,9.809521285934882373e-01,9.809263837319840418e-01,9.809548675891599512e-01,9.809821343323026355e-01,9.809830394591347869e-01,9.809831243699077552e-01,9.809831410775942118e-01,9.809831458570140716e-01,9.809831472303154332e-01,9.809831469304000073e-01,9.809831448787118546e-01,9.809831393252389509e-01,9.809831235733429411e-01,9.809830673072932328e-01,9.809827687420876741e-01,9.809794710102844872e-01,9.809038495779406341e-01,1.000000000000002220e+00,9.808754701707937951e-01,9.808955439840941759e-01,9.809275600707493270e-01,9.809548675891600622e-01,9.809557826485398868e-01,9.809558707663739163e-01,9.809558887766325341e-01,9.809558942434882800e-01,9.809558961524991183e-01,9.809558965317769497e-01,9.809558957594916029e-01,9.809558933494345601e-01,9.809558873088765063e-01,9.809558705164017622e-01,9.809558112220007065e-01,9.809555006562542534e-01,9.809521285934882373e-01,9.808754701707937951e-01,1.000000000000002220e+00
1.000000000000001998e+00,9.808784200388726005e-01,9.809889102805944283e-01,9.809936017090795657e-01,9.809940756074134738e-01,9.809941741242118596e-01,9.809942040716431721e-01,9.809942153848271174e-01,9.809942199437923227e-01,9.809942211980763327e-01,9.809942199437926558e-01,9.809942153848270063e-01,9.809942040716431721e-01,9.809941741242117486e-01,9.809940756074134738e-01,9.809936017090793436e-01,9.809889102805944283e-01,9.808784200388728225e-01,9.808784200388726005e-01,1.000000000000001998e+00,9.810258795026137735e-01,9.810994084297559592e-01,9.811038963516988121e-01,9.811043331073278084e-01,9.811044253346866695e-01,9.811044534588244659e-01,9.811044639054846694e-01,9.811044677994475993e-01,9.811044682020373386e-01,9.811044653270429849e-01,9.811044567578643960e-01,9.811044329909606176e-01,9.811043522402076444e-01,9.811039450660312689e-01,9.810996359260369948e-01,9.809939588899549978e-01,9.809889102805944283e-01,9.810258795026137735e-01,1.000000000000001998e+00,9.811366646667885050e-01,9.812054754332131257e-01,9.812095903602000568e-01,9.812099670676663887e-01,9.812100440491686726e-01,9.812100669183798640e-01,9.812100749040324477e-01,9.812100769917024845e-01,9.812100750237852109e-01,9.812100671835870536e-01,9.812100443646019077e-01,9.812099654101217316e-01,9.812095626100002521e-01,9.812052666333272999e-01,9.810996359260367727e-01,9.809936017090795657e-01,9.810994084297559592e-01,9.811366646667885050e-01,1.000000000000001998e+00,9.811413906108819027e-01,9.812098444343690939e-01,9.812139018689145509e-01,9.812142641086399886e-01,9.812143360859771901e-01,9.812143565908139076e-01,9.812143628113850768e-01,9.812143625448551676e-01,9.812143556128434252e-01,9.812143335094308805e-01,9.812142554675306050e-01,9.812138543837497506e-01,9.812095626100003631e-01,9.811039450660316019e-01,9.809940756074134738e-01,9.811038963516988121e-01,9.812054754332131257e-01,9.811413906108819027e-01,1.000000000000001998e+00,9.811418719140001521e-01,9.812102669494801033e-01,9.812143099056089834e-01,9.812146671632120398e-01,9.812147367845224233e-01,9.812147555276469202e-01,9.812147593954040348e-01,9.812147541651499161e-01,9.812147329695093401e-01,9.812146556417710164e-01,9.812142554675304940e-01,9.812099654101216206e-01,9.811043522402075334e-01,9.809941741242118596e-01,9.811043331073278084e-01,9.812095903602000568e-01,9.812098444343690939e-01,9.811418719140001521e-01,1.000000000000001998e+00,9.811419728552656094e-01,9.812103528778403083e-01,9.812143908273347481e-01,9.812147457288850072e-01,9.812148135888275613e-01,9.812148299793133077e-01,9.812148288834150467e-01,9.812148093895317613e-01,9.812147329695097842e-01,9.812143335094311025e-01,9.812100443646019077e-01,9.811044329909607287e-01,9.809942040716431721e-01,9.811044253346866695e-01,9.812099670676663887e-01,9.812139018689145509e-01,9.812102669494801033e-01,9.811419728552656094e-01,1.000000000000001998e+00,9.811420037555047546e-01,9.812103785847251514e-01,9.812144141689655985e-01,9.812147673087899813e-01,9.812148328160937849e-01,9.812148442429377004e-01,9.812148288834148246e-01,9.812147541651500271e-01,9.812143556128434252e-01,9.812100671835871646e-01,9.811044567578649511e-01,9.809942153848271174e-01,9.811044534588244659e-01,9.812100440491686726e-01,9.812142641086399886e-01,9.812143099056089834e-01,9.812103528778403083e-01,9.811420037555047546e-01,1.000000000000001998e+00,9.811420152755804258e-01,9.812103876664070023e-01,9.812144214854079394e-01,9.812147722724393617e-01,9.812148328160937849e-01,9.812148299793131967e-01,9.812147593954042568e-01,9.812143625448553896e-01,9.812100750237854330e-01,9.811044653270435401e-01,9.809942199437923227e-01,9.811044639054846694e-01,9.812100669183798640e-01,9.812143360859771901e-01,9.812146671632120398e-01,9.812143908273347481e-01,9.812103785847251514e-01,9.811420152755804258e-01,1.000000000000001998e+00,9.811420194214265367e-01,9.812103900201364359e-01,9.812144214854074953e-01,9.812147673087896482e-01,9.812148135888271172e-01,9.812147555276468092e-01,9.812143628113848548e-01,9.812100769917022625e-01,9.811044682020371166e-01,9.809942211980763327e-01,9.811044677994475993e-01,9.812100749040324477e-01,9.812143565908139076e-01,9.812147367845224233e-01,9.812147457288850072e-01,9.812144141689655985e-01,9.812103876664070023e-01,9.811420194214265367e-01,1.000000000000001998e+00,9.811420194214268697e-01,9.812103876664067803e-01,9.812144141689654875e-01,9.812147457288848962e-01,9.812147367845225343e-01,9.812143565908140186e-01,9.812100749040323366e-01,9.811044677994477103e-01,9.809942199437926558e-01,9.811044682020373386e-01,9.812100769917024845e-01,9.812143628113850768e-01,9.812147555276469202e-01,9.812148135888275613e-01,9.812147673087899813e-01,9.812144214854079394e-01,9.812103900201364359e-01,9.811420194214268697e-01,1.000000000000001998e+00,9.811420152755805368e-01,9.812103785847253734e-01,9.812143908273347481e-01,9.812146671632123729e-01,9.812143360859775232e-01,9.812100669183800861e-01,9.811044639054851135e-01,9.809942153848270063e-01,9.811044653270429849e-01,9.812100750237852109e-01,9.812143625448551676e-01,9.812147593954040348e-01,9.812148299793133077e-01,9.812148328160937849e-01,9.812147722724393617e-01,9.812144214854074953e-01,9.812103876664067803e-01,9.811420152755805368e-01,1.000000000000001998e+00,9.811420037555044216e-01,9.812103528778399752e-01,9.812143099056088724e-01,9.812142641086397665e-01,9.812100440491684505e-01,9.811044534588243549e-01,9.809942040716431721e-01,9.811044567578643960e-01,9.812100671835870536e-01,9.812143556128434252e-01,9.812147541651499161e-01,9.812148288834150467e-01,9.812148442429377004e-01,9.812148328160937849e-01,9.812147673087896482e-01,9.812144141689654875e-01,9.812103785847253734e-01,9.811420037555044216e-01,1.000000000000001998e+00,9.811419728552652764e-01,9.812102669494801033e-01,9.812139018689143288e-01,9.812099670676661667e-01,9.811044253346866695e-01,9.809941741242117486e-01,9.811044329909606176e-01,9.812100443646019077e-01,9.812143335094308805e-01,9.812147329695093401e-01,9.812148093895317613e-01,9.812148288834148246e-01,9.812148299793131967e-01,9.812148135888271172e-01,9.812147457288848962e-01,9.812143908273347481e-01,9.812103528778399752e-01,9.811419728552652764e-01,1.000000000000001998e+00,9.811418719140000411e-01,9.812098444343689829e-01,9.812095903601999458e-01,9.811043331073279194e-01,9.809940756074134738e-01,9.811043522402076444e-01,9.812099654101217316e-01,9.812142554675306050e-01,9.812146556417710164e-01,9.812147329695097842e-01,9.812147541651500271e-01,9.812147593954042568e-01,9.812147555276468092e-01,9.812147367845225343e-01,9.812146671632123729e-01,9.812143099056088724e-01,9.812102669494801033e-01,9.811418719140000411e-01,1.000000000000001998e+00,9.811413906108820138e-01,9.812054754332132367e-01,9.811038963516989231e-01,9.809936017090793436e-01,9.811039450660312689e-01,9.812095626100002521e-01,9.812138543837497506e-01,9.812142554675304940e-01,9.812143335094311025e-01,9.812143556128434252e-01,9.812143625448553896e-01,9.812143628113848548e-01,9.812143565908140186e-01,9.812143360859775232e-01,9.812142641086397665e-01,9.812139018689143288e-01,9.812098444343689829e-01,9.811413906108820138e-01,1.000000000000001998e+00,9.811366646667885050e-01,9.810994084297561812e-01,9.809889102805944283e-01,9.810996359260369948e-01,9.812052666333272999e-01,9.812095626100003631e-01,9.812099654101216206e-01,9.812100443646019077e-01,9.812100671835871646e-01,9.812100750237854330e-01,9.812100769917022625e-01,9.812100749040323366e-01,9.812100669183800861e-01,9.812100440491684505e-01,9.812099670676661667e-01,9.812095903601999458e-01,9.812054754332132367e-01,9.811366646667885050e-01,1.000000000000001998e+00,9.810258795026138845e-01,9.808784200388728225e-01,9.809939588899549978e-01,9.810996359260367727e-01,9.811039450660316019e-01,9.811043522402075334e-01,9.811044329909607287e-01,9.811044567578649511e-01,9.811044653270435401e-01,9.811044682020371166e-01,9.811044677994477103e-01,9.811044639054851135e-01,9.811044534588243549e-01,9.811044253346866695e-01,9.811043331073279194e-01,9.811038963516989231e-01,9.810994084297561812e-01,9.810258795026138845e-01,1.000000000000001998e+00
