1.000000000000000000e+00,1.000000000000000000e+00,1.000000000000000000e+00,1.000000000000000000e+00,1.000000000000000000e+00,1.000000000000000000e+00,1.000000000000000000e+00,1.000000000000000000e+00,1.000000000000000000e+00,1.000000000000000000e+00,1.000000000000000000e+00,1.000000000000000000e+00,1.000000000000000000e+00,1.000000000000000000e+00,1.000000000000000000e+00,1.000000000000000000e+00,1.000000000000000000e+00,1.000000000000000000e+00,1.000000000000000000e+00,1.000000000000000000e+00,1.000000000000000000e+00,1.000000000000000000e+00,1.000000000000000000e+00,1.000000000000000000e+00,1.000000000000000000e+00,1.000000000000000000e+00,1.000000000000000000e+00,1.000000000000000000e+00,1.000000000000000000e+00,1.000000000000000000e+00,1.000000000000000000e+00,1.000000000000000000e+00,1.000000000000000000e+00,1.000000000000000000e+00,1.000000000000000000e+00,1.000000000000000000e+00,1.000000000000000000e+00,1.000000000000000000e+00,1.000000000000000000e+00,1.000000000000000000e+00,1.000000000000000000e+00,1.000000000000000000e+00,1.000000000000000000e+00,1.000000000000000000e+00,1.000000000000000000e+00,1.000000000000000000e+00,1.000000000000000000e+00,1.000000000000000000e+00,1.000000000000000000e+00,1.000000000000000000e+00,1.000000000000000000e+00,1.000000000000000000e+00,1.000000000000000000e+00,1.000000000000000000e+00,1.000000000000000000e+00,1.000000000000000000e+00,1.000000000000000000e+00,1.000000000000000000e+00,1.000000000000000000e+00,1.000000000000000000e+00,1.000000000000000000e+00,1.000000000000000000e+00,1.000000000000000000e+00,1.000000000000000000e+00,1.000000000000000000e+00,1.000000000000000000e+00,1.000000000000000000e+00,1.000000000000000000e+00,1.000000000000000000e+00,1.000000000000000000e+00,1.000000000000000000e+00,1.000000000000000000e+00,1.000000000000000000e+00,1.000000000000000000e+00,1.000000000000000000e+00,1.000000000000000000e+00,1.000000000000000000e+00,1.000000000000000000e+00,1.000000000000000000e+00,1.000000000000000000e+00,1.000000000000000000e+00,1.000000000000000000e+00,1.000000000000000000e+00,1.000000000000000000e+00,1.000000000000000000e+00,1.000000000000000000e+00,1.000000000000000000e+00,1.000000000000000000e+00,1.000000000000000000e+00,1.000000000000000000e+00,1.000000000000000000e+00,1.000000000000000000e+00,1.000000000000000000e+00,1.000000000000000000e+00,1.000000000000000000e+00,1.000000000000000000e+00,1.000000000000000000e+00,1.000000000000000000e+00,1.000000000000000000e+00,1.000000000000000000e+00,1.000000000000000000e+00,1.000000000000000000e+00,1.000000000000000000e+00,1.000000000000000000e+00,1.000000000000000000e+00,1.000000000000000000e+00,1.000000000000000000e+00,1.000000000000000000e+00,1.000000000000000000e+00,1.000000000000000000e+00,1.000000000000000000e+00,1.000000000000000000e+00,1.000000000000000000e+00,1.000000000000000000e+00,1.000000000000000000e+00,1.000000000000000000e+00,1.000000000000000000e+00,1.000000000000000000e+00,1.000000000000000000e+00,1.000000000000000000e+00,1.000000000000000000e+00,1.000000000000000000e+00,1.000000000000000000e+00,1.000000000000000000e+00,1.000000000000000000e+00,1.000000000000000000e+00,1.000000000000000000e+00,1.000000000000000000e+00,1.000000000000000000e+00,1.000000000000000000e+00,1.000000000000000000e+00,1.000000000000000000e+00,1.000000000000000000e+00,1.000000000000000000e+00,1.000000000000000000e+00,1.000000000000000000e+00,1.000000000000000000e+00,1.000000000000000000e+00,1.000000000000000000e+00,1.000000000000000000e+00,1.000000000000000000e+00,1.000000000000000000e+00,1.000000000000000000e+00,1.000000000000000000e+00,1.000000000000000000e+00,1.000000000000000000e+00,1.000000000000000000e+00,1.000000000000000000e+00,1.000000000000000000e+00,1.000000000000000000e+00,1.000000000000000000e+00,1.000000000000000000e+00,1.000000000000000000e+00,1.000000000000000000e+00,1.000000000000000000e+00,1.000000000000000000e+00,1.000000000000000000e+00,1.000000000000000000e+00,1.000000000000000000e+00,1.000000000000000000e+00,1.000000000000000000e+00,1.000000000000000000e+00,1.000000000000000000e+00,1.000000000000000000e+00,1.000000000000000000e+00,1.000000000000000000e+00,1.000000000000000000e+00,1.000000000000000000e+00,1.000000000000000000e+00,1.000000000000000000e+00,1.000000000000000000e+00,1.000000000000000000e+00,1.000000000000000000e+00,1.000000000000000000e+00,1.000000000000000000e+00,1.000000000000000000e+00,1.000000000000000000e+00,1.000000000000000000e+00,1.000000000000000000e+00,1.000000000000000000e+00,1.000000000000000000e+00,1.000000000000000000e+00,1.000000000000000000e+00,1.000000000000000000e+00,1.000000000000000000e+00,1.000000000000000000e+00,1.000000000000000000e+00,1.000000000000000000e+00,1.000000000000000000e+00,1.000000000000000000e+00,1.000000000000000000e+00,1.000000000000000000e+00,1.000000000000000000e+00,1.000000000000000000e+00,1.000000000000000000e+00,1.000000000000000000e+00,1.000000000000000000e+00,1.000000000000000000e+00,1.000000000000000000e+00,1.000000000000000000e+00,1.000000000000000000e+00,1.000000000000000000e+00,1.000000000000000000e+00,1.000000000000000000e+00,1.000000000000000000e+00,1.000000000000000000e+00,1.000000000000000000e+00,1.000000000000000000e+00,1.000000000000000000e+00,1.000000000000000000e+00,1.000000000000000000e+00,1.000000000000000000e+00,1.000000000000000000e+00,1.000000000000000000e+00,1.000000000000000000e+00,1.000000000000000000e+00,1.000000000000000000e+00,1.000000000000000000e+00,1.000000000000000000e+00,1.000000000000000000e+00,1.000000000000000000e+00,1.000000000000000000e+00,1.000000000000000000e+00,1.000000000000000000e+00,1.000000000000000000e+00,1.000000000000000000e+00,1.000000000000000000e+00,1.000000000000000000e+00,1.000000000000000000e+00,1.000000000000000000e+00,1.000000000000000000e+00,1.000000000000000000e+00,1.000000000000000000e+00,1.000000000000000000e+00,1.000000000000000000e+00,1.000000000000000000e+00,1.000000000000000000e+00,1.000000000000000000e+00,1.000000000000000000e+00,1.000000000000000000e+00,1.000000000000000000e+00,1.000000000000000000e+00,1.000000000000000000e+00,1.000000000000000000e+00,1.000000000000000000e+00,1.000000000000000000e+00,1.000000000000000000e+00,1.000000000000000000e+00,1.000000000000000000e+00,1.000000000000000000e+00,1.000000000000000000e+00,1.000000000000000000e+00,1.000000000000000000e+00,1.000000000000000000e+00,1.000000000000000000e+00,1.000000000000000000e+00,1.000000000000000000e+00,1.000000000000000000e+00,1.000000000000000000e+00,1.000000000000000000e+00,1.000000000000000000e+00,1.000000000000000000e+00,1.000000000000000000e+00,1.000000000000000000e+00,1.000000000000000000e+00,1.000000000000000000e+00,1.000000000000000000e+00,1.000000000000000000e+00,1.000000000000000000e+00,1.000000000000000000e+00,1.000000000000000000e+00,1.000000000000000000e+00,1.000000000000000000e+00,1.000000000000000000e+00,1.000000000000000000e+00,1.000000000000000000e+00,1.000000000000000000e+00,1.000000000000000000e+00,1.000000000000000000e+00,1.000000000000000000e+00,1.000000000000000000e+00,1.000000000000000000e+00,1.000000000000000000e+00,1.000000000000000000e+00,1.000000000000000000e+00,1.000000000000000000e+00,1.000000000000000000e+00,1.000000000000000000e+00,1.000000000000000000e+00,1.000000000000000000e+00,1.000000000000000000e+00,1.000000000000000000e+00,1.000000000000000000e+00,1.000000000000000000e+00,1.000000000000000000e+00,1.000000000000000000e+00,1.000000000000000000e+00,1.000000000000000000e+00,1.000000000000000000e+00,1.000000000000000000e+00,1.000000000000000000e+00,1.000000000000000000e+00,1.000000000000000000e+00,1.000000000000000000e+00,1.000000000000000000e+00,1.000000000000000000e+00,1.000000000000000000e+00,1.000000000000000000e+00,1.000000000000000000e+00,1.000000000000000000e+00,1.000000000000000000e+00,1.000000000000000000e+00,1.000000000000000000e+00,1.000000000000000000e+00,1.000000000000000000e+00,1.000000000000000000e+00,1.000000000000000000e+00,1.000000000000000000e+00,1.000000000000000000e+00,1.000000000000000000e+00,1.000000000000000000e+00,1.000000000000000000e+00,1.000000000000000000e+00,1.000000000000000000e+00,1.000000000000000000e+00,1.000000000000000000e+00,1.000000000000000000e+00,1.000000000000000000e+00,1.000000000000000000e+00,1.000000000000000000e+00,1.000000000000000000e+00,1.000000000000000000e+00,1.000000000000000000e+00,1.000000000000000000e+00,1.000000000000000000e+00,1.000000000000000000e+00,1.000000000000000000e+00,1.000000000000000000e+00,1.000000000000000000e+00,1.000000000000000000e+00,1.000000000000000000e+00,1.000000000000000000e+00,1.000000000000000000e+00,1.000000000000000000e+00,1.000000000000000000e+00,1.000000000000000000e+00,1.000000000000000000e+00,1.000000000000000000e+00,1.000000000000000000e+00,1.000000000000000000e+00,1.000000000000000000e+00,1.000000000000000000e+00,1.000000000000000000e+00,1.000000000000000000e+00,1.000000000000000000e+00,1.000000000000000000e+00,1.000000000000000000e+00,1.000000000000000000e+00,1.000000000000000000e+00,1.000000000000000000e+00,1.000000000000000000e+00,1.000000000000000000e+00,1.000000000000000000e+00,1.000000000000000000e+00,1.000000000000000000e+00,1.000000000000000000e+00,1.000000000000000000e+00,1.000000000000000000e+00,1.000000000000000000e+00,1.000000000000000000e+00,1.000000000000000000e+00,1.000000000000000000e+00,1.000000000000000000e+00,1.000000000000000000e+00,1.000000000000000000e+00,1.000000000000000000e+00,1.000000000000000000e+00,1.000000000000000000e+00,1.000000000000000000e+00,1.000000000000000000e+00,1.000000000000000000e+00,1.000000000000000000e+00,1.000000000000000000e+00,1.000000000000000000e+00,1.000000000000000000e+00,1.000000000000000000e+00,1.000000000000000000e+00,1.000000000000000000e+00,1.000000000000000000e+00,1.000000000000000000e+00,1.000000000000000000e+00,1.000000000000000000e+00,1.000000000000000000e+00,1.000000000000000000e+00,1.000000000000000000e+00,1.000000000000000000e+00,1.000000000000000000e+00,1.000000000000000000e+00,1.000000000000000000e+00,1.000000000000000000e+00
9.999999999999996669e-01,9.949005239198835948e-01,9.949053643865052310e-01,9.949054455067265490e-01,9.949054526699858680e-01,9.949054539674584419e-01,9.949054543208087908e-01,9.949054544455973037e-01,9.949054544975211023e-01,9.949054545205771038e-01,9.949054545292626006e-01,9.949054545279395478e-01,9.949054545153249718e-01,9.949054544822736323e-01,9.949054543963878894e-01,9.949054541199517931e-01,9.949054527685609051e-01,9.949054384332424172e-01,9.949045431218441760e-01,9.949035469973686041e-01,9.949005239198835948e-01,9.999999999999996669e-01,9.949014334626856693e-01,9.949062597130705621e-01,9.949063398093247468e-01,9.949063468062224747e-01,9.949063480625169875e-01,9.949063484023373816e-01,9.949063485215222657e-01,9.949063485704295884e-01,9.949063485911064930e-01,9.949063485967902798e-01,9.949063485899046766e-01,9.949063485638705018e-01,9.949063484900035892e-01,9.949063482394854274e-01,9.949063469555389227e-01,9.949063328359154523e-01,9.949054384332425283e-01,9.949045232644403436e-01,9.949053643865052310e-01,9.949014334626856693e-01,9.999999999999996669e-01,9.949014487190794842e-01,9.949062739461801419e-01,9.949063538779151505e-01,9.949063608339969722e-01,9.949063620768684446e-01,9.949063624111257331e-01,9.949063625273120159e-01,9.949063625738482353e-01,9.949063625915264275e-01,9.949063625916468867e-01,9.949063625713373549e-01,9.949063625044768377e-01,9.949063622659535255e-01,9.949063610078690001e-01,9.949063469555389227e-01,9.949054527685609051e-01,9.949045442405405337e-01,9.949054455067265490e-01,9.949062597130705621e-01,9.949014487190794842e-01,9.999999999999996669e-01,9.949014501854307468e-01,9.949062752463850856e-01,9.949063551373074077e-01,9.949063620799658558e-01,9.949063633172742227e-01,9.949063636485327988e-01,9.949063637623478673e-01,9.949063638058853742e-01,9.949063638180001279e-01,9.949063638046965474e-01,9.949063637435603402e-01,9.949063635120433124e-01,9.949063622659534145e-01,9.949063482394852054e-01,9.949054541199515711e-01,9.949045467135158027e-01,9.949054526699858680e-01,9.949063398093247468e-01,9.949062739461801419e-01,9.949014501854307468e-01,9.999999999999996669e-01,9.949014504783780799e-01,9.949062754982087586e-01,9.949063553757094835e-01,9.949063623128047151e-01,9.949063635471143696e-01,9.949063638760018424e-01,9.949063639868183095e-01,9.949063640247922669e-01,9.949063640234830919e-01,9.949063639693528360e-01,9.949063637435602292e-01,9.949063625044766157e-01,9.949063484900035892e-01,9.949054543963875563e-01,9.949045472729497464e-01,9.949054539674584419e-01,9.949063468062224747e-01,9.949063538779151505e-01,9.949062752463850856e-01,9.949014504783780799e-01,9.999999999999996669e-01,9.949014505656358365e-01,9.949062755719539908e-01,9.949063554438920542e-01,9.949063623779886845e-01,9.949063636099271246e-01,9.949063639358159961e-01,9.949063640410690246e-01,9.949063640656189422e-01,9.949063640234830919e-01,9.949063638046966584e-01,9.949063625713369108e-01,9.949063485638702797e-01,9.949054544822734103e-01,9.949045474521537313e-01,9.949054543208087908e-01,9.949063480625169875e-01,9.949063608339969722e-01,9.949063551373074077e-01,9.949062754982087586e-01,9.949014505656358365e-01,9.999999999999996669e-01,9.949014505985886991e-01,9.949062755993098861e-01,9.949063554682496813e-01,9.949063623999750972e-01,9.949063636289148249e-01,9.949063639492401467e-01,9.949063640410690246e-01,9.949063640247925999e-01,9.949063638180002389e-01,9.949063625916467757e-01,9.949063485899046766e-01,9.949054545153246387e-01,9.949045475231238500e-01,9.949054544455973037e-01,9.949063484023373816e-01,9.949063620768684446e-01,9.949063620799658558e-01,9.949063553757094835e-01,9.949062755719539908e-01,9.949014505985886991e-01,9.999999999999996669e-01,9.949014506125345436e-01,9.949062756102431404e-01,9.949063554768117212e-01,9.949063624055384247e-01,9.949063636289148249e-01,9.949063639358159961e-01,9.949063639868184206e-01,9.949063638058853742e-01,9.949063625915262055e-01,9.949063485967901688e-01,9.949054545279394368e-01,9.949045475547667605e-01,9.949054544975211023e-01,9.949063485215222657e-01,9.949063624111257331e-01,9.949063633172742227e-01,9.949063623128047151e-01,9.949063554438920542e-01,9.949062755993098861e-01,9.949014506125345436e-01,9.999999999999996669e-01,9.949014506179099104e-01,9.949062756132417418e-01,9.949063554768116102e-01,9.949063623999750972e-01,9.949063636099273467e-01,9.949063638760020645e-01,9.949063637623478673e-01,9.949063625738481242e-01,9.949063485911062710e-01,9.949054545292623786e-01,9.949045475688333973e-01,9.949054545205771038e-01,9.949063485704295884e-01,9.949063625273120159e-01,9.949063636485327988e-01,9.949063635471143696e-01,9.949063623779886845e-01,9.949063554682496813e-01,9.949062756102431404e-01,9.949014506179099104e-01,9.999999999999996669e-01,9.949014506179099104e-01,9.949062756102430294e-01,9.949063554682495703e-01,9.949063623779887955e-01,9.949063635471144806e-01,9.949063636485327988e-01,9.949063625273119049e-01,9.949063485704294774e-01,9.949054545205768818e-01,9.949045475728852672e-01,9.949054545292626006e-01,9.949063485911064930e-01,9.949063625738482353e-01,9.949063637623478673e-01,9.949063638760018424e-01,9.949063636099271246e-01,9.949063623999750972e-01,9.949063554768117212e-01,9.949062756132417418e-01,9.949014506179099104e-01,9.999999999999996669e-01,9.949014506125345436e-01,9.949062755993098861e-01,9.949063554438921653e-01,9.949063623128049372e-01,9.949063633172741117e-01,9.949063624111256221e-01,9.949063485215220437e-01,9.949054544975207692e-01,9.949045475688335083e-01,9.949054545279395478e-01,9.949063485967902798e-01,9.949063625915264275e-01,9.949063638058853742e-01,9.949063639868183095e-01,9.949063639358159961e-01,9.949063636289148249e-01,9.949063624055384247e-01,9.949063554768116102e-01,9.949062756102430294e-01,9.949014506125345436e-01,9.999999999999996669e-01,9.949014505985885881e-01,9.949062755719541018e-01,9.949063553757095946e-01,9.949063620799659668e-01,9.949063620768683336e-01,9.949063484023372705e-01,9.949054544455969706e-01,9.949045475547667605e-01,9.949054545153249718e-01,9.949063485899046766e-01,9.949063625916468867e-01,9.949063638180001279e-01,9.949063640247922669e-01,9.949063640410690246e-01,9.949063639492401467e-01,9.949063636289148249e-01,9.949063623999750972e-01,9.949063554682495703e-01,9.949062755993098861e-01,9.949014505985885881e-01,9.999999999999996669e-01,9.949014505656360585e-01,9.949062754982089807e-01,9.949063551373072967e-01,9.949063608339968612e-01,9.949063480625169875e-01,9.949054543208086798e-01,9.949045475231239610e-01,9.949054544822736323e-01,9.949063485638705018e-01,9.949063625713373549e-01,9.949063638046965474e-01,9.949063640234830919e-01,9.949063640656189422e-01,9.949063640410690246e-01,9.949063639358159961e-01,9.949063636099273467e-01,9.949063623779887955e-01,9.949063554438921653e-01,9.949062755719541018e-01,9.949014505656360585e-01,9.999999999999996669e-01,9.949014504783781909e-01,9.949062752463853077e-01,9.949063538779151505e-01,9.949063468062226967e-01,9.949054539674584419e-01,9.949045474521539534e-01,9.949054543963878894e-01,9.949063484900035892e-01,9.949063625044768377e-01,9.949063637435603402e-01,9.949063639693528360e-01,9.949063640234830919e-01,9.949063640247925999e-01,9.949063639868184206e-01,9.949063638760020645e-01,9.949063635471144806e-01,9.949063623128049372e-01,9.949063553757095946e-01,9.949062754982089807e-01,9.949014504783781909e-01,9.999999999999996669e-01,9.949014501854309689e-01,9.949062739461802529e-01,9.949063398093249688e-01,9.949054526699858680e-01,9.949045472729498574e-01,9.949054541199517931e-01,9.949063482394854274e-01,9.949063622659535255e-01,9.949063635120433124e-01,9.949063637435602292e-01,9.949063638046966584e-01,9.949063638180002389e-01,9.949063638058853742e-01,9.949063637623478673e-01,9.949063636485327988e-01,9.949063633172741117e-01,9.949063620799659668e-01,9.949063551373072967e-01,9.949062752463853077e-01,9.949014501854309689e-01,9.999999999999996669e-01,9.949014487190795952e-01,9.949062597130704511e-01,9.949054455067265490e-01,9.949045467135160248e-01,9.949054527685609051e-01,9.949063469555389227e-01,9.949063610078690001e-01,9.949063622659534145e-01,9.949063625044766157e-01,9.949063625713369108e-01,9.949063625916467757e-01,9.949063625915262055e-01,9.949063625738481242e-01,9.949063625273119049e-01,9.949063624111256221e-01,9.949063620768683336e-01,9.949063608339968612e-01,9.949063538779151505e-01,9.949062739461802529e-01,9.949014487190795952e-01,9.999999999999996669e-01,9.949014334626857803e-01,9.949053643865048979e-01,9.949045442405405337e-01,9.949054384332424172e-01,9.949063328359154523e-01,9.949063469555389227e-01,9.949063482394852054e-01,9.949063484900035892e-01,9.949063485638702797e-01,9.949063485899046766e-01,9.949063485967901688e-01,9.949063485911062710e-01,9.949063485704294774e-01,9.949063485215220437e-01,9.949063484023372705e-01,9.949063480625169875e-01,9.949063468062226967e-01,9.949063398093249688e-01,9.949062597130704511e-01,9.949014334626857803e-01,9.999999999999996669e-01,9.949005239198837058e-01,9.949045232644404546e-01,9.949045431218441760e-01,9.949054384332425283e-01,9.949054527685609051e-01,9.949054541199515711e-01,9.949054543963875563e-01,9.949054544822734103e-01,9.949054545153246387e-01,9.949054545279394368e-01,9.949054545292623786e-01,9.949054545205768818e-01,9.949054544975207692e-01,9.949054544455969706e-01,9.949054543208086798e-01,9.949054539674584419e-01,9.949054526699858680e-01,9.949054455067265490e-01,9.949053643865048979e-01,9.949005239198837058e-01,9.999999999999996669e-01,9.949035469973683821e-01,9.949035469973686041e-01,9.949045232644403436e-01,9.949045442405405337e-01,9.949045467135158027e-01,9.949045472729497464e-01,9.949045474521537313e-01,9.949045475231238500e-01,9.949045475547667605e-01,9.949045475688333973e-01,9.949045475728852672e-01,9.949045475688335083e-01,9.949045475547667605e-01,9.949045475231239610e-01,9.949045474521539534e-01,9.949045472729498574e-01,9.949045467135160248e-01,9.949045442405405337e-01,9.949045232644404546e-01,9.949035469973683821e-01,9.999999999999996669e-01
9.999999999999927836e-01,9.808754088175591912e-01,9.809521077014816681e-01,9.809554406950177219e-01,9.809557424718987617e-01,9.809557989456753058e-01,9.809558146348421603e-01,9.809558202423277473e-01,9.809558225853569624e-01,9.809558236121199704e-01,9.809558239621207765e-01,9.809558238095922311e-01,9.809558230406882906e-01,9.809558210816552437e-01,9.809558159146775091e-01,9.809557988380208648e-01,9.809557134965645186e-01,9.809548095721105643e-01,9.809274937314276244e-01,9.808955188449379747e-01,9.808754088175591912e-01,9.999999999999927836e-01,9.809037889870777516e-01,9.809794585523617938e-01,9.809827188894587602e-01,9.809830091540694408e-01,9.809830627957568661e-01,9.809830775570332895e-01,9.809830827813381671e-01,9.809830849194014490e-01,9.809830857863705011e-01,9.809830859371175826e-01,9.809830854175727310e-01,9.809830837653488178e-01,9.809830791245625070e-01,9.809830631812390678e-01,9.809829807805153790e-01,9.809820862193033841e-01,9.809548095721106753e-01,9.809263328716524288e-01,9.809521077014816681e-01,9.809037889870777516e-01,9.999999999999927836e-01,9.809047666613667227e-01,9.809803633737804729e-01,9.809836127256161831e-01,9.809839002863131041e-01,9.809839530395794149e-01,9.809839674326882308e-01,9.809839724585860399e-01,9.809839744398659578e-01,9.809839751087569004e-01,9.809839748923923075e-01,9.809839734881206086e-01,9.809839691507479253e-01,9.809839537262692311e-01,9.809838724420950617e-01,9.809829807805156010e-01,9.809557134965645186e-01,9.809275200209183199e-01,9.809554406950177219e-01,9.809794585523617938e-01,9.809047666613667227e-01,9.999999999999927836e-01,9.809048627568364154e-01,9.809804479461037285e-01,9.809836945944041542e-01,9.809839812687300986e-01,9.809840336545961881e-01,9.809840478496127947e-01,9.809840527188670167e-01,9.809840545021275560e-01,9.809840548039165942e-01,9.809840537027909591e-01,9.809840496132762322e-01,9.809840344920083277e-01,9.809839537262692311e-01,9.809830631812390678e-01,9.809557988380208648e-01,9.809276536231082977e-01,9.809557424718987617e-01,9.809827188894587602e-01,9.809803633737804729e-01,9.809048627568364154e-01,9.999999999999927836e-01,9.809048821205431645e-01,9.809804644755280023e-01,9.809837102355200011e-01,9.809839965424465014e-01,9.809840487302511347e-01,9.809840627686399195e-01,9.809840674398823124e-01,9.809840688560433897e-01,9.809840682730699424e-01,9.809840644866959503e-01,9.809840496132762322e-01,9.809839691507479253e-01,9.809830791245625070e-01,9.809558159146775091e-01,9.809276829721914615e-01,9.809557989456753058e-01,9.809830091540694408e-01,9.809836127256161831e-01,9.809804479461037285e-01,9.809048821205431645e-01,9.999999999999927836e-01,9.809048879078394734e-01,9.809804693335059111e-01,9.809837147253613887e-01,9.809840008341950135e-01,9.809840528653718250e-01,9.809840667057500019e-01,9.809840710098932659e-01,9.809840715412919687e-01,9.809840682730699424e-01,9.809840537027908480e-01,9.809839734881206086e-01,9.809830837653489288e-01,9.809558210816553547e-01,9.809276922034422252e-01,9.809558146348421603e-01,9.809830627957568661e-01,9.809839002863131041e-01,9.809836945944041542e-01,9.809804644755280023e-01,9.809048879078394734e-01,9.999999999999927836e-01,9.809048900967058948e-01,9.809804711384157994e-01,9.809837163318783082e-01,9.809840022840683460e-01,9.809840541172332173e-01,9.809840675905122653e-01,9.809840710098934879e-01,9.809840688560432787e-01,9.809840548039167052e-01,9.809839748923924185e-01,9.809830854175727310e-01,9.809558230406884016e-01,9.809276958177984840e-01,9.809558202423277473e-01,9.809830775570332895e-01,9.809839530395794149e-01,9.809839812687300986e-01,9.809837102355200011e-01,9.809804693335059111e-01,9.809048900967058948e-01,9.999999999999927836e-01,9.809048910237487817e-01,9.809804718603019058e-01,9.809837168969958165e-01,9.809840026511678079e-01,9.809840541172331063e-01,9.809840667057500019e-01,9.809840674398822014e-01,9.809840545021275560e-01,9.809839751087570114e-01,9.809830859371174716e-01,9.809558238095922311e-01,9.809276974179415021e-01,9.809558225853569624e-01,9.809830827813381671e-01,9.809839674326882308e-01,9.809840336545961881e-01,9.809839965424465014e-01,9.809837147253613887e-01,9.809804711384157994e-01,9.809048910237487817e-01,9.999999999999927836e-01,9.809048913811900805e-01,9.809804720583550353e-01,9.809837168969960386e-01,9.809840022840683460e-01,9.809840528653718250e-01,9.809840627686399195e-01,9.809840527188669057e-01,9.809839744398659578e-01,9.809830857863706122e-01,9.809558239621206654e-01,9.809276981263452821e-01,9.809558236121199704e-01,9.809830849194014490e-01,9.809839724585860399e-01,9.809840478496127947e-01,9.809840487302511347e-01,9.809840008341950135e-01,9.809837163318783082e-01,9.809804718603019058e-01,9.809048913811900805e-01,9.999999999999927836e-01,9.809048913811900805e-01,9.809804718603020168e-01,9.809837163318783082e-01,9.809840008341952355e-01,9.809840487302511347e-01,9.809840478496126837e-01,9.809839724585862619e-01,9.809830849194016711e-01,9.809558236121199704e-01,9.809276983300074804e-01,9.809558239621207765e-01,9.809830857863705011e-01,9.809839744398659578e-01,9.809840527188670167e-01,9.809840627686399195e-01,9.809840528653718250e-01,9.809840022840683460e-01,9.809837168969958165e-01,9.809804720583550353e-01,9.809048913811900805e-01,9.999999999999927836e-01,9.809048910237488927e-01,9.809804711384157994e-01,9.809837147253616108e-01,9.809839965424466124e-01,9.809840336545961881e-01,9.809839674326882308e-01,9.809830827813382781e-01,9.809558225853569624e-01,9.809276981263453932e-01,9.809558238095922311e-01,9.809830859371175826e-01,9.809839751087569004e-01,9.809840545021275560e-01,9.809840674398823124e-01,9.809840667057500019e-01,9.809840541172332173e-01,9.809840026511678079e-01,9.809837168969960386e-01,9.809804718603020168e-01,9.809048910237488927e-01,9.999999999999927836e-01,9.809048900967058948e-01,9.809804693335060222e-01,9.809837102355200011e-01,9.809839812687298766e-01,9.809839530395795260e-01,9.809830775570334005e-01,9.809558202423278583e-01,9.809276974179415021e-01,9.809558230406882906e-01,9.809830854175727310e-01,9.809839748923923075e-01,9.809840548039165942e-01,9.809840688560433897e-01,9.809840710098932659e-01,9.809840675905122653e-01,9.809840541172331063e-01,9.809840022840683460e-01,9.809837163318783082e-01,9.809804711384157994e-01,9.809048900967058948e-01,9.999999999999927836e-01,9.809048879078394734e-01,9.809804644755280023e-01,9.809836945944038211e-01,9.809839002863129931e-01,9.809830627957567550e-01,9.809558146348420493e-01,9.809276958177984840e-01,9.809558210816552437e-01,9.809830837653488178e-01,9.809839734881206086e-01,9.809840537027909591e-01,9.809840682730699424e-01,9.809840715412919687e-01,9.809840710098934879e-01,9.809840667057500019e-01,9.809840528653718250e-01,9.809840008341952355e-01,9.809837147253616108e-01,9.809804693335060222e-01,9.809048879078394734e-01,9.999999999999927836e-01,9.809048821205430535e-01,9.809804479461038396e-01,9.809836127256160720e-01,9.809830091540696628e-01,9.809557989456754168e-01,9.809276922034423363e-01,9.809558159146775091e-01,9.809830791245625070e-01,9.809839691507479253e-01,9.809840496132762322e-01,9.809840644866959503e-01,9.809840682730699424e-01,9.809840688560432787e-01,9.809840674398822014e-01,9.809840627686399195e-01,9.809840487302511347e-01,9.809839965424466124e-01,9.809837102355200011e-01,9.809804644755280023e-01,9.809048821205430535e-01,9.999999999999927836e-01,9.809048627568364154e-01,9.809803633737804729e-01,9.809827188894587602e-01,9.809557424718987617e-01,9.809276829721913504e-01,9.809557988380208648e-01,9.809830631812390678e-01,9.809839537262692311e-01,9.809840344920083277e-01,9.809840496132762322e-01,9.809840537027908480e-01,9.809840548039167052e-01,9.809840545021275560e-01,9.809840527188669057e-01,9.809840478496126837e-01,9.809840336545961881e-01,9.809839812687298766e-01,9.809836945944038211e-01,9.809804479461038396e-01,9.809048627568364154e-01,9.999999999999927836e-01,9.809047666613667227e-01,9.809794585523619048e-01,9.809554406950178329e-01,9.809276536231085197e-01,9.809557134965645186e-01,9.809829807805153790e-01,9.809838724420950617e-01,9.809839537262692311e-01,9.809839691507479253e-01,9.809839734881206086e-01,9.809839748923924185e-01,9.809839751087570114e-01,9.809839744398659578e-01,9.809839724585862619e-01,9.809839674326882308e-01,9.809839530395795260e-01,9.809839002863129931e-01,9.809836127256160720e-01,9.809803633737804729e-01,9.809047666613667227e-01,9.999999999999927836e-01,9.809037889870779736e-01,9.809521077014818902e-01,9.809275200209182088e-01,9.809548095721105643e-01,9.809820862193033841e-01,9.809829807805156010e-01,9.809830631812390678e-01,9.809830791245625070e-01,9.809830837653489288e-01,9.809830854175727310e-01,9.809830859371174716e-01,9.809830857863706122e-01,9.809830849194016711e-01,9.809830827813382781e-01,9.809830775570334005e-01,9.809830627957567550e-01,9.809830091540696628e-01,9.809827188894587602e-01,9.809794585523619048e-01,9.809037889870779736e-01,9.999999999999927836e-01,9.808754088175594132e-01,9.809263328716524288e-01,9.809274937314276244e-01,9.809548095721106753e-01,9.809557134965645186e-01,9.809557988380208648e-01,9.809558159146775091e-01,9.809558210816553547e-01,9.809558230406884016e-01,9.809558238095922311e-01,9.809558239621206654e-01,9.809558236121199704e-01,9.809558225853569624e-01,9.809558202423278583e-01,9.809558146348420493e-01,9.809557989456754168e-01,9.809557424718987617e-01,9.809554406950178329e-01,9.809521077014818902e-01,9.808754088175594132e-01,9.999999999999927836e-01,9.808955188449378637e-01,9.808955188449379747e-01,9.809263328716524288e-01,9.809275200209183199e-01,9.809276536231082977e-01,9.809276829721914615e-01,9.809276922034422252e-01,9.809276958177984840e-01,9.809276974179415021e-01,9.809276981263452821e-01,9.809276983300074804e-01,9.809276981263453932e-01,9.809276974179415021e-01,9.809276958177984840e-01,9.809276922034423363e-01,9.809276829721913504e-01,9.809276536231085197e-01,9.809275200209182088e-01,9.809263328716524288e-01,9.808955188449378637e-01,9.999999999999927836e-01
9.999999999999943379e-01,9.810255743949761742e-01,9.810991202271217571e-01,9.811035504097425086e-01,9.811039727762501661e-01,9.811040601607851075e-01,9.811040863966247194e-01,9.811040962524539832e-01,9.811041004258783671e-01,9.811041021045552313e-01,9.811041022930263589e-01,9.811041010735600532e-01,9.811040976754014098e-01,9.811040894444127414e-01,9.811040671776002364e-01,9.811039904709898396e-01,9.811035955146346632e-01,9.810993371857232859e-01,9.809936094135501827e-01,9.808781084260708161e-01,9.810255743949761742e-01,9.999999999999943379e-01,9.811363645291825142e-01,9.812052291509838486e-01,9.812092947610220328e-01,9.812096595406814004e-01,9.812097326701636479e-01,9.812097542198701117e-01,9.812097621378763623e-01,9.812097652750588761e-01,9.812097661477329202e-01,9.812097653346593118e-01,9.812097622765842964e-01,9.812097544699096563e-01,9.812097329332191142e-01,9.812096577906721517e-01,9.812092668406430240e-01,9.812050208894341763e-01,9.810993371857229528e-01,9.809886071450153455e-01,9.810991202271217571e-01,9.811363645291825142e-01,9.999999999999943379e-01,9.811410289191638823e-01,9.812095448288800092e-01,9.812135553132734778e-01,9.812139065751476208e-01,9.812139752516170210e-01,9.812139949524535387e-01,9.812140018731008162e-01,9.812140042223087555e-01,9.812140041009214109e-01,9.812140014497462426e-01,9.812139939769309871e-01,9.812139728487652146e-01,9.812138984026276267e-01,9.812135089431919255e-01,9.812092668406430240e-01,9.811035955146349963e-01,9.809932379722353657e-01,9.811035504097425086e-01,9.812052291509838486e-01,9.811410289191638823e-01,9.999999999999943379e-01,9.811414946629988254e-01,9.812099542102135086e-01,9.812139511666523317e-01,9.812142979961527844e-01,9.812143648314356481e-01,9.812143835380224832e-01,9.812143896720760816e-01,9.812143910278291470e-01,9.812143890685072201e-01,9.812143820024015195e-01,9.812143612074610832e-01,9.812142871684541579e-01,9.812138984026275157e-01,9.812096577906721517e-01,9.811039904709898396e-01,9.809936967624354187e-01,9.811039727762501661e-01,9.812092947610220328e-01,9.812095448288800092e-01,9.811414946629988254e-01,9.999999999999943379e-01,9.811415902514495357e-01,9.812100357663684491e-01,9.812140282675032577e-01,9.812143732557923048e-01,9.812144390971387908e-01,9.812144570172962599e-01,9.812144621579724779e-01,9.812144616758217142e-01,9.812144553015681447e-01,9.812144349133061771e-01,9.812143612074608612e-01,9.812139728487651036e-01,9.812097329332192253e-01,9.811040671776001254e-01,9.809937900888952012e-01,9.811040601607851075e-01,9.812096595406814004e-01,9.812135553132734778e-01,9.812099542102135086e-01,9.811415902514495357e-01,9.999999999999943379e-01,9.811416190796435899e-01,9.812100599651999433e-01,9.812140506165584197e-01,9.812143946105723602e-01,9.812144596654867046e-01,9.812144765922797829e-01,9.812144798950599434e-01,9.812144749979797576e-01,9.812144553015680337e-01,9.812143820024015195e-01,9.812139939769309871e-01,9.812097544699097673e-01,9.811040894444126303e-01,9.809938179360790933e-01,9.811040863966247194e-01,9.812097326701636479e-01,9.812139065751476208e-01,9.812139511666523317e-01,9.812100357663684491e-01,9.811416190796435899e-01,9.999999999999943379e-01,9.811416300296312842e-01,9.812100689957554689e-01,9.812140586493656169e-01,9.812144018567754422e-01,9.812144659183115181e-01,9.812144810072088719e-01,9.812144798950603874e-01,9.812144616758220472e-01,9.812143890685074421e-01,9.812140014497462426e-01,9.812097622765844074e-01,9.811040976754015208e-01,9.809938284573973544e-01,9.811040962524539832e-01,9.812097542198701117e-01,9.812139752516170210e-01,9.812142979961527844e-01,9.812140282675032577e-01,9.812100599651999433e-01,9.811416300296312842e-01,9.999999999999943379e-01,9.811416346770747143e-01,9.812100726151515850e-01,9.812140614807128847e-01,9.812144036946759407e-01,9.812144659183114070e-01,9.812144765922801160e-01,9.812144621579727000e-01,9.812143910278292580e-01,9.812140041009210778e-01,9.812097653346593118e-01,9.811041010735599421e-01,9.809938330084360114e-01,9.811041004258783671e-01,9.812097621378763623e-01,9.812139949524535387e-01,9.812143648314356481e-01,9.812143732557923048e-01,9.812140506165584197e-01,9.812100689957554689e-01,9.811416346770747143e-01,9.999999999999943379e-01,9.811416364708026583e-01,9.812100736090008102e-01,9.812140614807128847e-01,9.812144018567751091e-01,9.812144596654867046e-01,9.812144570172963709e-01,9.812143896720763037e-01,9.812140042223085334e-01,9.812097661477329202e-01,9.811041022930262478e-01,9.809938349952955772e-01,9.811041021045552313e-01,9.812097652750588761e-01,9.812140018731008162e-01,9.812143835380224832e-01,9.812144390971387908e-01,9.812143946105723602e-01,9.812140586493656169e-01,9.812100726151515850e-01,9.811416364708026583e-01,9.999999999999943379e-01,9.811416364708028803e-01,9.812100726151516961e-01,9.812140586493656169e-01,9.812143946105725822e-01,9.812144390971389019e-01,9.812143835380225942e-01,9.812140018731005942e-01,9.812097652750589871e-01,9.811041021045553423e-01,9.809938355627716433e-01,9.811041022930263589e-01,9.812097661477329202e-01,9.812140042223087555e-01,9.812143896720760816e-01,9.812144570172962599e-01,9.812144596654867046e-01,9.812144018567754422e-01,9.812140614807128847e-01,9.812100736090008102e-01,9.811416364708028803e-01,9.999999999999943379e-01,9.811416346770751584e-01,9.812100689957555799e-01,9.812140506165588638e-01,9.812143732557926379e-01,9.812143648314359812e-01,9.812139949524535387e-01,9.812097621378766954e-01,9.811041004258785891e-01,9.809938349952957992e-01,9.811041010735600532e-01,9.812097653346593118e-01,9.812140041009214109e-01,9.812143910278291470e-01,9.812144621579724779e-01,9.812144765922797829e-01,9.812144659183115181e-01,9.812144036946759407e-01,9.812140614807128847e-01,9.812100726151516961e-01,9.811416346770751584e-01,9.999999999999943379e-01,9.811416300296312842e-01,9.812100599652001653e-01,9.812140282675034797e-01,9.812142979961530065e-01,9.812139752516169100e-01,9.812097542198703337e-01,9.811040962524539832e-01,9.809938330084360114e-01,9.811040976754014098e-01,9.812097622765842964e-01,9.812140014497462426e-01,9.812143890685072201e-01,9.812144616758217142e-01,9.812144798950599434e-01,9.812144810072088719e-01,9.812144659183114070e-01,9.812144018567751091e-01,9.812140586493656169e-01,9.812100689957555799e-01,9.811416300296312842e-01,9.999999999999943379e-01,9.811416190796435899e-01,9.812100357663685601e-01,9.812139511666524427e-01,9.812139065751471767e-01,9.812097326701636479e-01,9.811040863966246084e-01,9.809938284573972433e-01,9.811040894444127414e-01,9.812097544699096563e-01,9.812139939769309871e-01,9.812143820024015195e-01,9.812144553015681447e-01,9.812144749979797576e-01,9.812144798950603874e-01,9.812144765922801160e-01,9.812144596654867046e-01,9.812143946105725822e-01,9.812140506165588638e-01,9.812100599652001653e-01,9.811416190796435899e-01,9.999999999999943379e-01,9.811415902514495357e-01,9.812099542102138416e-01,9.812135553132734778e-01,9.812096595406815114e-01,9.811040601607852185e-01,9.809938179360789823e-01,9.811040671776002364e-01,9.812097329332191142e-01,9.812139728487652146e-01,9.812143612074610832e-01,9.812144349133061771e-01,9.812144553015680337e-01,9.812144616758220472e-01,9.812144621579727000e-01,9.812144570172963709e-01,9.812144390971389019e-01,9.812143732557926379e-01,9.812140282675034797e-01,9.812100357663685601e-01,9.811415902514495357e-01,9.999999999999943379e-01,9.811414946629991585e-01,9.812095448288801203e-01,9.812092947610221438e-01,9.811039727762503881e-01,9.809937900888950901e-01,9.811039904709898396e-01,9.812096577906721517e-01,9.812138984026276267e-01,9.812142871684541579e-01,9.812143612074608612e-01,9.812143820024015195e-01,9.812143890685074421e-01,9.812143910278292580e-01,9.812143896720763037e-01,9.812143835380225942e-01,9.812143648314359812e-01,9.812142979961530065e-01,9.812139511666524427e-01,9.812099542102138416e-01,9.811414946629991585e-01,9.999999999999943379e-01,9.811410289191638823e-01,9.812052291509837376e-01,9.811035504097422866e-01,9.809936967624354187e-01,9.811035955146346632e-01,9.812092668406430240e-01,9.812135089431919255e-01,9.812138984026275157e-01,9.812139728487651036e-01,9.812139939769309871e-01,9.812140014497462426e-01,9.812140041009210778e-01,9.812140042223085334e-01,9.812140018731005942e-01,9.812139949524535387e-01,9.812139752516169100e-01,9.812139065751471767e-01,9.812135553132734778e-01,9.812095448288801203e-01,9.811410289191638823e-01,9.999999999999943379e-01,9.811363645291826252e-01,9.810991202271218681e-01,9.809932379722352547e-01,9.810993371857232859e-01,9.812050208894341763e-01,9.812092668406430240e-01,9.812096577906721517e-01,9.812097329332192253e-01,9.812097544699097673e-01,9.812097622765844074e-01,9.812097653346593118e-01,9.812097661477329202e-01,9.812097652750589871e-01,9.812097621378766954e-01,9.812097542198703337e-01,9.812097326701636479e-01,9.812096595406815114e-01,9.812092947610221438e-01,9.812052291509837376e-01,9.811363645291826252e-01,9.999999999999943379e-01,9.810255743949762852e-01,9.809886071450154565e-01,9.809936094135501827e-01,9.810993371857229528e-01,9.811035955146349963e-01,9.811039904709898396e-01,9.811040671776001254e-01,9.811040894444126303e-01,9.811040976754015208e-01,9.811041010735599421e-01,9.811041022930262478e-01,9.811041021045553423e-01,9.811041004258785891e-01,9.811040962524539832e-01,9.811040863966246084e-01,9.811040601607852185e-01,9.811039727762503881e-01,9.811035504097422866e-01,9.810991202271218681e-01,9.810255743949762852e-01,9.999999999999943379e-01,9.808781084260709271e-01,9.808781084260708161e-01,9.809886071450153455e-01,9.809932379722353657e-01,9.809936967624354187e-01,9.809937900888952012e-01,9.809938179360790933e-01,9.809938284573973544e-01,9.809938330084360114e-01,9.809938349952955772e-01,9.809938355627716433e-01,9.809938349952957992e-01,9.809938330084360114e-01,9.809938284573972433e-01,9.809938179360789823e-01,9.809937900888950901e-01,9.809936967624354187e-01,9.809932379722352547e-01,9.809886071450154565e-01,9.808781084260709271e-01,9.999999999999943379e-01
