1.000000000000000000e+00,1.000000000000000000e+00,1.000000000000000000e+00,1.000000000000000000e+00,1.000000000000000000e+00,1.000000000000000000e+00,1.000000000000000000e+00,1.000000000000000000e+00,1.000000000000000000e+00,1.000000000000000000e+00,1.000000000000000000e+00,1.000000000000000000e+00,1.000000000000000000e+00,1.000000000000000000e+00,1.000000000000000000e+00,1.000000000000000000e+00,1.000000000000000000e+00,1.000000000000000000e+00,1.000000000000000000e+00,1.000000000000000000e+00,1.000000000000000000e+00,1.000000000000000000e+00,1.000000000000000000e+00,1.000000000000000000e+00,1.000000000000000000e+00,1.000000000000000000e+00,1.000000000000000000e+00,1.000000000000000000e+00,1.000000000000000000e+00,1.000000000000000000e+00,1.000000000000000000e+00,1.000000000000000000e+00,1.000000000000000000e+00,1.000000000000000000e+00,1.000000000000000000e+00,1.000000000000000000e+00,1.000000000000000000e+00,1.000000000000000000e+00,1.000000000000000000e+00,1.000000000000000000e+00,1.000000000000000000e+00,1.000000000000000000e+00,1.000000000000000000e+00,1.000000000000000000e+00,1.000000000000000000e+00,1.000000000000000000e+00,1.000000000000000000e+00,1.000000000000000000e+00,1.000000000000000000e+00,1.000000000000000000e+00,1.000000000000000000e+00,1.000000000000000000e+00,1.000000000000000000e+00,1.000000000000000000e+00,1.000000000000000000e+00,1.000000000000000000e+00,1.000000000000000000e+00,1.000000000000000000e+00,1.000000000000000000e+00,1.000000000000000000e+00,1.000000000000000000e+00,1.000000000000000000e+00,1.000000000000000000e+00,1.000000000000000000e+00,1.000000000000000000e+00,1.000000000000000000e+00,1.000000000000000000e+00,1.000000000000000000e+00,1.000000000000000000e+00,1.000000000000000000e+00,1.000000000000000000e+00,1.000000000000000000e+00,1.000000000000000000e+00,1.000000000000000000e+00,1.000000000000000000e+00,1.000000000000000000e+00,1.000000000000000000e+00,1.000000000000000000e+00,1.000000000000000000e+00,1.000000000000000000e+00,1.000000000000000000e+00,1.000000000000000000e+00,1.000000000000000000e+00,1.000000000000000000e+00,1.000000000000000000e+00,1.000000000000000000e+00,1.000000000000000000e+00,1.000000000000000000e+00,1.000000000000000000e+00,1.000000000000000000e+00,1.000000000000000000e+00,1.000000000000000000e+00,1.000000000000000000e+00,1.000000000000000000e+00,1.000000000000000000e+00,1.000000000000000000e+00,1.000000000000000000e+00,1.000000000000000000e+00,1.000000000000000000e+00,1.000000000000000000e+00,1.000000000000000000e+00,1.000000000000000000e+00,1.000000000000000000e+00,1.000000000000000000e+00,1.000000000000000000e+00,1.000000000000000000e+00,1.000000000000000000e+00,1.000000000000000000e+00,1.000000000000000000e+00,1.000000000000000000e+00,1.000000000000000000e+00,1.000000000000000000e+00,1.000000000000000000e+00,1.000000000000000000e+00,1.000000000000000000e+00,1.000000000000000000e+00,1.000000000000000000e+00,1.000000000000000000e+00,1.000000000000000000e+00,1.000000000000000000e+00,1.000000000000000000e+00,1.000000000000000000e+00,1.000000000000000000e+00,1.000000000000000000e+00,1.000000000000000000e+00,1.000000000000000000e+00,1.000000000000000000e+00,1.000000000000000000e+00,1.000000000000000000e+00,1.000000000000000000e+00,1.000000000000000000e+00,1.000000000000000000e+00,1.000000000000000000e+00,1.000000000000000000e+00,1.000000000000000000e+00,1.000000000000000000e+00,1.000000000000000000e+00,1.000000000000000000e+00,1.000000000000000000e+00,1.000000000000000000e+00,1.000000000000000000e+00,1.000000000000000000e+00,1.000000000000000000e+00,1.000000000000000000e+00,1.000000000000000000e+00,1.000000000000000000e+00,1.000000000000000000e+00,1.000000000000000000e+00,1.000000000000000000e+00,1.000000000000000000e+00,1.000000000000000000e+00,1.000000000000000000e+00,1.000000000000000000e+00,1.000000000000000000e+00,1.000000000000000000e+00,1.000000000000000000e+00,1.000000000000000000e+00,1.000000000000000000e+00,1.000000000000000000e+00,1.000000000000000000e+00,1.000000000000000000e+00,1.000000000000000000e+00,1.000000000000000000e+00,1.000000000000000000e+00,1.000000000000000000e+00,1.000000000000000000e+00,1.000000000000000000e+00,1.000000000000000000e+00,1.000000000000000000e+00,1.000000000000000000e+00,1.000000000000000000e+00,1.000000000000000000e+00,1.000000000000000000e+00,1.000000000000000000e+00,1.000000000000000000e+00,1.000000000000000000e+00,1.000000000000000000e+00,1.000000000000000000e+00,1.000000000000000000e+00,1.000000000000000000e+00,1.000000000000000000e+00,1.000000000000000000e+00,1.000000000000000000e+00,1.000000000000000000e+00,1.000000000000000000e+00,1.000000000000000000e+00,1.000000000000000000e+00,1.000000000000000000e+00,1.000000000000000000e+00,1.000000000000000000e+00,1.000000000000000000e+00,1.000000000000000000e+00,1.000000000000000000e+00,1.000000000000000000e+00,1.000000000000000000e+00,1.000000000000000000e+00,1.000000000000000000e+00,1.000000000000000000e+00,1.000000000000000000e+00,1.000000000000000000e+00,1.000000000000000000e+00,1.000000000000000000e+00,1.000000000000000000e+00,1.000000000000000000e+00,1.000000000000000000e+00,1.000000000000000000e+00,1.000000000000000000e+00,1.000000000000000000e+00,1.000000000000000000e+00,1.000000000000000000e+00,1.000000000000000000e+00,1.000000000000000000e+00,1.000000000000000000e+00,1.000000000000000000e+00,1.000000000000000000e+00,1.000000000000000000e+00,1.000000000000000000e+00,1.000000000000000000e+00,1.000000000000000000e+00,1.000000000000000000e+00,1.000000000000000000e+00,1.000000000000000000e+00,1.000000000000000000e+00,1.000000000000000000e+00,1.000000000000000000e+00,1.000000000000000000e+00,1.000000000000000000e+00,1.000000000000000000e+00,1.000000000000000000e+00,1.000000000000000000e+00,1.000000000000000000e+00,1.000000000000000000e+00,1.000000000000000000e+00,1.000000000000000000e+00,1.000000000000000000e+00,1.000000000000000000e+00,1.000000000000000000e+00,1.000000000000000000e+00,1.000000000000000000e+00,1.000000000000000000e+00,1.000000000000000000e+00,1.000000000000000000e+00,1.000000000000000000e+00,1.000000000000000000e+00,1.000000000000000000e+00,1.000000000000000000e+00,1.000000000000000000e+00,1.000000000000000000e+00,1.000000000000000000e+00,1.000000000000000000e+00,1.000000000000000000e+00,1.000000000000000000e+00,1.000000000000000000e+00,1.000000000000000000e+00,1.000000000000000000e+00,1.000000000000000000e+00,1.000000000000000000e+00,1.000000000000000000e+00,1.000000000000000000e+00,1.000000000000000000e+00,1.000000000000000000e+00,1.000000000000000000e+00,1.000000000000000000e+00,1.000000000000000000e+00,1.000000000000000000e+00,1.000000000000000000e+00,1.000000000000000000e+00,1.000000000000000000e+00,1.000000000000000000e+00,1.000000000000000000e+00,1.000000000000000000e+00,1.000000000000000000e+00,1.000000000000000000e+00,1.000000000000000000e+00,1.000000000000000000e+00,1.000000000000000000e+00,1.000000000000000000e+00,1.000000000000000000e+00,1.000000000000000000e+00,1.000000000000000000e+00,1.000000000000000000e+00,1.000000000000000000e+00,1.000000000000000000e+00,1.000000000000000000e+00,1.000000000000000000e+00,1.000000000000000000e+00,1.000000000000000000e+00,1.000000000000000000e+00,1.000000000000000000e+00,1.000000000000000000e+00,1.000000000000000000e+00,1.000000000000000000e+00,1.000000000000000000e+00,1.000000000000000000e+00,1.000000000000000000e+00,1.000000000000000000e+00,1.000000000000000000e+00,1.000000000000000000e+00,1.000000000000000000e+00,1.000000000000000000e+00,1.000000000000000000e+00,1.000000000000000000e+00,1.000000000000000000e+00,1.000000000000000000e+00,1.000000000000000000e+00,1.000000000000000000e+00,1.000000000000000000e+00,1.000000000000000000e+00,1.000000000000000000e+00,1.000000000000000000e+00,1.000000000000000000e+00,1.000000000000000000e+00,1.000000000000000000e+00,1.000000000000000000e+00,1.000000000000000000e+00,1.000000000000000000e+00,1.000000000000000000e+00,1.000000000000000000e+00,1.000000000000000000e+00,1.000000000000000000e+00,1.000000000000000000e+00,1.000000000000000000e+00,1.000000000000000000e+00,1.000000000000000000e+00
9.999999999999988898e-01,9.949005266966103322e-01,9.949053659023132656e-01,9.949054478551971892e-01,9.949054551369639343e-01,9.949054562697472459e-01,9.949054554318876864e-01,9.949054416209369700e-01,9.949045489899320804e-01,9.949045490179555529e-01,9.949054416944059787e-01,9.949054556084677703e-01,9.949054567478031741e-01,9.949054567819725081e-01,9.949054562690192727e-01,9.949054537829363776e-01,9.949054326889490429e-01,9.949044569490197443e-01,9.949005266966103322e-01,9.999999999999988898e-01,9.949014347813147641e-01,9.949062597957071263e-01,9.949063407002436410e-01,9.949063476616438750e-01,9.949063477623605323e-01,9.949063341794198712e-01,9.949054416209367480e-01,9.949054416944058676e-01,9.949063343839842366e-01,9.949063483137930985e-01,9.949063494829269994e-01,9.949063495906304011e-01,9.949063493063649011e-01,9.949063477622981377e-01,9.949063325340560260e-01,9.949054326889488209e-01,9.949053659023132656e-01,9.949014347813147641e-01,9.999999999999988898e-01,9.949014499237360809e-01,9.949062738908225345e-01,9.949063544768924627e-01,9.949063604066084032e-01,9.949063477623607543e-01,9.949054554318875754e-01,9.949054556084677703e-01,9.949063483137930985e-01,9.949063622559086717e-01,9.949063634407515622e-01,9.949063635781916215e-01,9.949063633672935447e-01,9.949063620513374229e-01,9.949063477622984708e-01,9.949054537829362665e-01,9.949054478551971892e-01,9.949062597957071263e-01,9.949014499237360809e-01,9.999999999999988898e-01,9.949014512753934225e-01,9.949062749225051627e-01,9.949063544768924627e-01,9.949063476616438750e-01,9.949054562697472459e-01,9.949054567478030631e-01,9.949063494829271104e-01,9.949063634407515622e-01,9.949063646379007197e-01,9.949063647910492136e-01,9.949063646098863511e-01,9.949063633672935447e-01,9.949063493063649011e-01,9.949054562690191617e-01,9.949054551369639343e-01,9.949063407002436410e-01,9.949062738908225345e-01,9.949014512753934225e-01,9.999999999999988898e-01,9.949014512753936446e-01,9.949062738908226455e-01,9.949063407002437520e-01,9.949054551369639343e-01,9.949054567819723971e-01,9.949063495906305121e-01,9.949063635781917325e-01,9.949063647910492136e-01,9.949063649565036416e-01,9.949063647910491026e-01,9.949063635781916215e-01,9.949063495906304011e-01,9.949054567819725081e-01,9.949054562697472459e-01,9.949063476616438750e-01,9.949063544768924627e-01,9.949062749225051627e-01,9.949014512753936446e-01,9.999999999999988898e-01,9.949014499237359699e-01,9.949062597957073484e-01,9.949054478551970782e-01,9.949054562690191617e-01,9.949063493063650121e-01,9.949063633672935447e-01,9.949063646098862401e-01,9.949063647910491026e-01,9.949063646379006087e-01,9.949063634407515622e-01,9.949063494829271104e-01,9.949054567478030631e-01,9.949054554318876864e-01,9.949063477623605323e-01,9.949063604066084032e-01,9.949063544768924627e-01,9.949062738908226455e-01,9.949014499237359699e-01,9.999999999999988898e-01,9.949014347813146530e-01,9.949053659023132656e-01,9.949054537829361555e-01,9.949063477622983598e-01,9.949063620513376449e-01,9.949063633672934337e-01,9.949063635781916215e-01,9.949063634407514511e-01,9.949063622559085607e-01,9.949063483137932096e-01,9.949054556084678813e-01,9.949054416209369700e-01,9.949063341794198712e-01,9.949063477623607543e-01,9.949063476616438750e-01,9.949063407002437520e-01,9.949062597957073484e-01,9.949014347813146530e-01,9.999999999999988898e-01,9.949005266966102212e-01,9.949054326889488209e-01,9.949063325340558039e-01,9.949063477622984708e-01,9.949063493063649011e-01,9.949063495906302901e-01,9.949063494829268883e-01,9.949063483137929875e-01,9.949063343839843476e-01,9.949054416944060897e-01,9.949045489899320804e-01,9.949054416209367480e-01,9.949054554318875754e-01,9.949054562697472459e-01,9.949054551369639343e-01,9.949054478551970782e-01,9.949053659023132656e-01,9.949005266966102212e-01,9.999999999999988898e-01,9.949044569490196332e-01,9.949054326889488209e-01,9.949054537829361555e-01,9.949054562690190506e-01,9.949054567819723971e-01,9.949054567478029520e-01,9.949054556084677703e-01,9.949054416944059787e-01,9.949045490179555529e-01,9.949045490179555529e-01,9.949054416944058676e-01,9.949054556084677703e-01,9.949054567478030631e-01,9.949054567819723971e-01,9.949054562690191617e-01,9.949054537829361555e-01,9.949054326889488209e-01,9.949044569490196332e-01,9.999999999999988898e-01,9.949005266966103322e-01,9.949053659023134877e-01,9.949054478551968561e-01,9.949054551369638233e-01,9.949054562697471349e-01,9.949054554318875754e-01,9.949054416209368590e-01,9.949045489899320804e-01,9.949054416944059787e-01,9.949063343839842366e-01,9.949063483137930985e-01,9.949063494829271104e-01,9.949063495906305121e-01,9.949063493063650121e-01,9.949063477622983598e-01,9.949063325340558039e-01,9.949054326889488209e-01,9.949005266966103322e-01,9.999999999999988898e-01,9.949014347813147641e-01,9.949062597957072374e-01,9.949063407002436410e-01,9.949063476616437640e-01,9.949063477623606433e-01,9.949063341794200932e-01,9.949054416209369700e-01,9.949054556084677703e-01,9.949063483137930985e-01,9.949063622559086717e-01,9.949063634407515622e-01,9.949063635781917325e-01,9.949063633672935447e-01,9.949063620513376449e-01,9.949063477622984708e-01,9.949054537829361555e-01,9.949053659023134877e-01,9.949014347813147641e-01,9.999999999999988898e-01,9.949014499237358589e-01,9.949062738908226455e-01,9.949063544768922407e-01,9.949063604066084032e-01,9.949063477623606433e-01,9.949054554318877974e-01,9.949054567478031741e-01,9.949063494829269994e-01,9.949063634407515622e-01,9.949063646379007197e-01,9.949063647910492136e-01,9.949063646098862401e-01,9.949063633672934337e-01,9.949063493063649011e-01,9.949054562690190506e-01,9.949054478551968561e-01,9.949062597957072374e-01,9.949014499237358589e-01,9.999999999999988898e-01,9.949014512753934225e-01,9.949062749225050517e-01,9.949063544768922407e-01,9.949063476616437640e-01,9.949054562697472459e-01,9.949054567819725081e-01,9.949063495906304011e-01,9.949063635781916215e-01,9.949063647910492136e-01,9.949063649565036416e-01,9.949063647910491026e-01,9.949063635781916215e-01,9.949063495906302901e-01,9.949054567819723971e-01,9.949054551369638233e-01,9.949063407002436410e-01,9.949062738908226455e-01,9.949014512753934225e-01,9.999999999999988898e-01,9.949014512753933115e-01,9.949062738908225345e-01,9.949063407002437520e-01,9.949054551369640453e-01,9.949054562690192727e-01,9.949063493063649011e-01,9.949063633672935447e-01,9.949063646098863511e-01,9.949063647910491026e-01,9.949063646379006087e-01,9.949063634407514511e-01,9.949063494829268883e-01,9.949054567478029520e-01,9.949054562697471349e-01,9.949063476616437640e-01,9.949063544768922407e-01,9.949062749225050517e-01,9.949014512753933115e-01,9.999999999999988898e-01,9.949014499237360809e-01,9.949062597957073484e-01,9.949054478551971892e-01,9.949054537829363776e-01,9.949063477622981377e-01,9.949063620513374229e-01,9.949063633672935447e-01,9.949063635781916215e-01,9.949063634407515622e-01,9.949063622559085607e-01,9.949063483137929875e-01,9.949054556084677703e-01,9.949054554318875754e-01,9.949063477623606433e-01,9.949063604066084032e-01,9.949063544768922407e-01,9.949062738908225345e-01,9.949014499237360809e-01,9.999999999999988898e-01,9.949014347813146530e-01,9.949053659023134877e-01,9.949054326889490429e-01,9.949063325340560260e-01,9.949063477622984708e-01,9.949063493063649011e-01,9.949063495906304011e-01,9.949063494829271104e-01,9.949063483137932096e-01,9.949063343839843476e-01,9.949054416944059787e-01,9.949054416209368590e-01,9.949063341794200932e-01,9.949063477623606433e-01,9.949063476616437640e-01,9.949063407002437520e-01,9.949062597957073484e-01,9.949014347813146530e-01,9.999999999999988898e-01,9.949005266966103322e-01,9.949044569490197443e-01,9.949054326889488209e-01,9.949054537829362665e-01,9.949054562690191617e-01,9.949054567819725081e-01,9.949054567478030631e-01,9.949054556084678813e-01,9.949054416944060897e-01,9.949045490179555529e-01,9.949045489899320804e-01,9.949054416209369700e-01,9.949054554318877974e-01,9.949054562697472459e-01,9.949054551369640453e-01,9.949054478551971892e-01,9.949053659023134877e-01,9.949005266966103322e-01,9.999999999999988898e-01
9.999999999999987788e-01,9.808755917472815611e-01,9.809522342642058579e-01,9.809556009699881285e-01,9.809559062019358455e-01,9.809559505535978552e-01,9.809558883618930691e-01,9.809550090202087125e-01,9.809278406927843807e-01,9.809278419089849654e-01,9.809550121990168181e-01,9.809558959820541268e-01,9.809559710785719089e-01,9.809559760728550071e-01,9.809559503368776578e-01,9.809558173343749798e-01,9.809546276419077726e-01,9.809238754816987926e-01,9.808755917472815611e-01,9.999999999999987788e-01,9.809038754226633294e-01,9.809794913218045087e-01,9.809827837172011566e-01,9.809830673392742062e-01,9.809830446189585773e-01,9.809821749637539501e-01,9.809550090202087125e-01,9.809550121990168181e-01,9.809821837806282918e-01,9.809830682756630615e-01,9.809831446767505181e-01,9.809831528774995979e-01,9.809831370628592229e-01,9.809830445714567970e-01,9.809821047536373406e-01,9.809546276419075506e-01,9.809522342642058579e-01,9.809038754226633294e-01,9.999999999999987788e-01,9.809048452066655432e-01,9.809803867406838851e-01,9.809836580740645129e-01,9.809838747597726671e-01,9.809830446189584663e-01,9.809558883618928471e-01,9.809558959820541268e-01,9.809830682756630615e-01,9.809839533043768212e-01,9.809840303851116161e-01,9.809840398697138308e-01,9.809840272120946558e-01,9.809839444837437084e-01,9.809830445714566860e-01,9.809558173343750909e-01,9.809556009699881285e-01,9.809794913218045087e-01,9.809048452066655432e-01,9.999999999999987788e-01,9.809049336828644661e-01,9.809804536741666414e-01,9.809836580740645129e-01,9.809830673392743172e-01,9.809559505535977442e-01,9.809559710785717979e-01,9.809831446767502960e-01,9.809840303851117271e-01,9.809841079983055989e-01,9.809841181619658457e-01,9.809841067869078390e-01,9.809840272120947668e-01,9.809831370628592229e-01,9.809559503368776578e-01,9.809559062019358455e-01,9.809827837172011566e-01,9.809803867406838851e-01,9.809049336828644661e-01,9.999999999999987788e-01,9.809049336828645771e-01,9.809803867406838851e-01,9.809827837172012677e-01,9.809559062019360676e-01,9.809559760728550071e-01,9.809831528774995979e-01,9.809840398697138308e-01,9.809841181619659567e-01,9.809841288580237739e-01,9.809841181619658457e-01,9.809840398697137198e-01,9.809831528774993759e-01,9.809559760728548961e-01,9.809559505535978552e-01,9.809830673392742062e-01,9.809836580740645129e-01,9.809804536741666414e-01,9.809049336828645771e-01,9.999999999999987788e-01,9.809048452066655432e-01,9.809794913218045087e-01,9.809556009699882395e-01,9.809559503368776578e-01,9.809831370628592229e-01,9.809840272120948779e-01,9.809841067869078390e-01,9.809841181619658457e-01,9.809841079983057099e-01,9.809840303851116161e-01,9.809831446767502960e-01,9.809559710785719089e-01,9.809558883618930691e-01,9.809830446189585773e-01,9.809838747597726671e-01,9.809836580740645129e-01,9.809803867406838851e-01,9.809048452066655432e-01,9.999999999999987788e-01,9.809038754226636625e-01,9.809522342642063020e-01,9.809558173343753129e-01,9.809830445714570191e-01,9.809839444837439304e-01,9.809840272120950999e-01,9.809840398697139419e-01,9.809840303851118382e-01,9.809839533043770432e-01,9.809830682756629505e-01,9.809558959820541268e-01,9.809550090202087125e-01,9.809821749637539501e-01,9.809830446189584663e-01,9.809830673392743172e-01,9.809827837172012677e-01,9.809794913218045087e-01,9.809038754226636625e-01,9.999999999999987788e-01,9.808755917472818942e-01,9.809546276419079947e-01,9.809821047536376737e-01,9.809830445714569080e-01,9.809831370628595559e-01,9.809831528774995979e-01,9.809831446767505181e-01,9.809830682756631726e-01,9.809821837806280698e-01,9.809550121990167071e-01,9.809278406927843807e-01,9.809550090202087125e-01,9.809558883618928471e-01,9.809559505535977442e-01,9.809559062019360676e-01,9.809556009699882395e-01,9.809522342642063020e-01,9.808755917472818942e-01,9.999999999999987788e-01,9.809238754816992367e-01,9.809546276419079947e-01,9.809558173343753129e-01,9.809559503368778799e-01,9.809559760728550071e-01,9.809559710785720199e-01,9.809558959820543489e-01,9.809550121990164850e-01,9.809278419089849654e-01,9.809278419089849654e-01,9.809550121990168181e-01,9.809558959820541268e-01,9.809559710785717979e-01,9.809559760728550071e-01,9.809559503368776578e-01,9.809558173343753129e-01,9.809546276419079947e-01,9.809238754816992367e-01,9.999999999999987788e-01,9.808755917472820052e-01,9.809522342642064130e-01,9.809556009699884616e-01,9.809559062019360676e-01,9.809559505535981883e-01,9.809558883618932912e-01,9.809550090202086015e-01,9.809278406927844918e-01,9.809550121990168181e-01,9.809821837806282918e-01,9.809830682756630615e-01,9.809831446767502960e-01,9.809831528774995979e-01,9.809831370628592229e-01,9.809830445714570191e-01,9.809821047536376737e-01,9.809546276419079947e-01,9.808755917472820052e-01,9.999999999999987788e-01,9.809038754226637735e-01,9.809794913218049528e-01,9.809827837172013787e-01,9.809830673392745393e-01,9.809830446189589104e-01,9.809821749637539501e-01,9.809550090202087125e-01,9.809558959820541268e-01,9.809830682756630615e-01,9.809839533043768212e-01,9.809840303851117271e-01,9.809840398697138308e-01,9.809840272120948779e-01,9.809839444837439304e-01,9.809830445714569080e-01,9.809558173343753129e-01,9.809522342642064130e-01,9.809038754226637735e-01,9.999999999999987788e-01,9.809048452066658763e-01,9.809803867406841071e-01,9.809836580740647349e-01,9.809838747597730002e-01,9.809830446189585773e-01,9.809558883618930691e-01,9.809559710785719089e-01,9.809831446767505181e-01,9.809840303851116161e-01,9.809841079983055989e-01,9.809841181619659567e-01,9.809841067869078390e-01,9.809840272120950999e-01,9.809831370628595559e-01,9.809559503368778799e-01,9.809556009699884616e-01,9.809794913218049528e-01,9.809048452066658763e-01,9.999999999999987788e-01,9.809049336828647991e-01,9.809804536741671965e-01,9.809836580740647349e-01,9.809830673392743172e-01,9.809559505535979662e-01,9.809559760728550071e-01,9.809831528774995979e-01,9.809840398697138308e-01,9.809841181619658457e-01,9.809841288580237739e-01,9.809841181619658457e-01,9.809840398697139419e-01,9.809831528774995979e-01,9.809559760728550071e-01,9.809559062019360676e-01,9.809827837172013787e-01,9.809803867406841071e-01,9.809049336828647991e-01,9.999999999999987788e-01,9.809049336828649102e-01,9.809803867406841071e-01,9.809827837172011566e-01,9.809559062019359565e-01,9.809559503368776578e-01,9.809831370628592229e-01,9.809840272120946558e-01,9.809841067869078390e-01,9.809841181619658457e-01,9.809841079983057099e-01,9.809840303851118382e-01,9.809831446767505181e-01,9.809559710785720199e-01,9.809559505535981883e-01,9.809830673392745393e-01,9.809836580740647349e-01,9.809804536741671965e-01,9.809049336828649102e-01,9.999999999999987788e-01,9.809048452066657653e-01,9.809794913218045087e-01,9.809556009699883505e-01,9.809558173343749798e-01,9.809830445714567970e-01,9.809839444837437084e-01,9.809840272120947668e-01,9.809840398697137198e-01,9.809840303851116161e-01,9.809839533043770432e-01,9.809830682756631726e-01,9.809558959820543489e-01,9.809558883618932912e-01,9.809830446189589104e-01,9.809838747597730002e-01,9.809836580740647349e-01,9.809803867406841071e-01,9.809048452066657653e-01,9.999999999999987788e-01,9.809038754226634405e-01,9.809522342642060799e-01,9.809546276419077726e-01,9.809821047536373406e-01,9.809830445714566860e-01,9.809831370628592229e-01,9.809831528774993759e-01,9.809831446767502960e-01,9.809830682756629505e-01,9.809821837806280698e-01,9.809550121990164850e-01,9.809550090202086015e-01,9.809821749637539501e-01,9.809830446189585773e-01,9.809830673392743172e-01,9.809827837172011566e-01,9.809794913218045087e-01,9.809038754226634405e-01,9.999999999999987788e-01,9.808755917472820052e-01,9.809238754816987926e-01,9.809546276419075506e-01,9.809558173343750909e-01,9.809559503368776578e-01,9.809559760728548961e-01,9.809559710785719089e-01,9.809558959820541268e-01,9.809550121990167071e-01,9.809278419089849654e-01,9.809278406927844918e-01,9.809550090202087125e-01,9.809558883618930691e-01,9.809559505535979662e-01,9.809559062019359565e-01,9.809556009699883505e-01,9.809522342642060799e-01,9.808755917472820052e-01,9.999999999999987788e-01
1.000000000000001554e+00,9.810264832869380891e-01,9.810999334972503316e-01,9.811043945604237537e-01,9.811048047458411636e-01,9.811048233832143639e-01,9.811044701334045159e-01,9.811002632713295979e-01,9.809950653066588089e-01,9.809950669665512546e-01,9.811002675545195117e-01,9.811044803205568599e-01,9.811048504274055837e-01,9.811048941791836731e-01,9.811048225147673829e-01,9.811043762362706699e-01,9.810997640415345389e-01,9.809897208775516519e-01,9.810264832869380891e-01,1.000000000000001554e+00,9.811367931503222062e-01,9.812055763605501690e-01,9.812096646855257287e-01,9.812099677953526333e-01,9.812096633620557284e-01,9.812054684670180604e-01,9.811002632713294869e-01,9.811002675545194007e-01,9.812054801679245264e-01,9.812096943355583800e-01,9.812100662830749442e-01,9.812101144366145444e-01,9.812100561546783783e-01,9.812096630707379807e-01,9.812053771130672120e-01,9.810997640415345389e-01,9.810999334972503316e-01,9.811367931503222062e-01,1.000000000000001554e+00,9.811414174549037970e-01,9.812098445160429838e-01,9.812138283526282700e-01,9.812138091757897085e-01,9.812096633620559505e-01,9.811044701334046270e-01,9.811044803205570819e-01,9.812096943355587131e-01,9.812139092386130690e-01,9.812142821000784387e-01,9.812143319681716491e-01,9.812142778635867257e-01,9.812138975200382918e-01,9.812096630707378697e-01,9.811043762362706699e-01,9.811043945604237537e-01,9.812055763605501690e-01,9.811414174549037970e-01,1.000000000000001554e+00,9.811418451867854884e-01,9.812101667839566721e-01,9.812138283526282700e-01,9.812099677953528554e-01,9.811048233832144749e-01,9.811048504274055837e-01,9.812100662830750553e-01,9.812142821000782167e-01,9.812146556760589222e-01,9.812147064528806695e-01,9.812146540537087791e-01,9.812142778635863927e-01,9.812100561546786004e-01,9.811048225147672719e-01,9.811048047458411636e-01,9.812096646855257287e-01,9.812098445160429838e-01,9.811418451867854884e-01,1.000000000000001554e+00,9.811418451867855994e-01,9.812098445160430948e-01,9.812096646855260618e-01,9.811048047458411636e-01,9.811048941791835620e-01,9.812101144366146555e-01,9.812143319681716491e-01,9.812147064528807805e-01,9.812147579437165978e-01,9.812147064528806695e-01,9.812143319681717601e-01,9.812101144366142114e-01,9.811048941791832290e-01,9.811048233832143639e-01,9.812099677953526333e-01,9.812138283526282700e-01,9.812101667839566721e-01,9.811418451867855994e-01,1.000000000000001554e+00,9.811414174549036860e-01,9.812055763605502801e-01,9.811043945604237537e-01,9.811048225147673829e-01,9.812100561546786004e-01,9.812142778635865037e-01,9.812146540537088901e-01,9.812147064528808915e-01,9.812146556760589222e-01,9.812142821000784387e-01,9.812100662830751663e-01,9.811048504274054727e-01,9.811044701334045159e-01,9.812096633620557284e-01,9.812138091757897085e-01,9.812138283526282700e-01,9.812098445160430948e-01,9.811414174549036860e-01,1.000000000000001554e+00,9.811367931503223172e-01,9.810999334972505537e-01,9.811043762362708920e-01,9.812096630707383138e-01,9.812138975200384028e-01,9.812142778635865037e-01,9.812143319681718712e-01,9.812142821000783277e-01,9.812139092386130690e-01,9.812096943355583800e-01,9.811044803205567488e-01,9.811002632713295979e-01,9.812054684670180604e-01,9.812096633620559505e-01,9.812099677953528554e-01,9.812096646855260618e-01,9.812055763605502801e-01,9.811367931503223172e-01,1.000000000000001554e+00,9.810264832869385332e-01,9.810997640415349830e-01,9.812053771130676560e-01,9.812096630707382028e-01,9.812100561546786004e-01,9.812101144366146555e-01,9.812100662830751663e-01,9.812096943355586021e-01,9.812054801679244154e-01,9.811002675545192897e-01,9.809950653066588089e-01,9.811002632713294869e-01,9.811044701334046270e-01,9.811048233832144749e-01,9.811048047458411636e-01,9.811043945604237537e-01,9.810999334972505537e-01,9.810264832869385332e-01,1.000000000000001554e+00,9.809897208775519850e-01,9.810997640415349830e-01,9.811043762362706699e-01,9.811048225147673829e-01,9.811048941791835620e-01,9.811048504274055837e-01,9.811044803205568599e-01,9.811002675545192897e-01,9.809950669665511436e-01,9.809950669665512546e-01,9.811002675545194007e-01,9.811044803205570819e-01,9.811048504274055837e-01,9.811048941791835620e-01,9.811048225147673829e-01,9.811043762362708920e-01,9.810997640415349830e-01,9.809897208775519850e-01,1.000000000000001554e+00,9.810264832869389773e-01,9.810999334972507757e-01,9.811043945604241978e-01,9.811048047458416077e-01,9.811048233832148080e-01,9.811044701334048490e-01,9.811002632713298199e-01,9.809950653066590309e-01,9.811002675545195117e-01,9.812054801679245264e-01,9.812096943355587131e-01,9.812100662830750553e-01,9.812101144366146555e-01,9.812100561546786004e-01,9.812096630707383138e-01,9.812053771130676560e-01,9.810997640415349830e-01,9.810264832869389773e-01,1.000000000000001554e+00,9.811367931503225392e-01,9.812055763605508352e-01,9.812096646855265059e-01,9.812099677953532995e-01,9.812096633620561725e-01,9.812054684670185045e-01,9.811002632713297089e-01,9.811044803205568599e-01,9.812096943355583800e-01,9.812139092386130690e-01,9.812142821000782167e-01,9.812143319681716491e-01,9.812142778635865037e-01,9.812138975200384028e-01,9.812096630707382028e-01,9.811043762362706699e-01,9.810999334972507757e-01,9.811367931503225392e-01,1.000000000000001554e+00,9.811414174549041300e-01,9.812098445160433169e-01,9.812138283526287141e-01,9.812138091757900416e-01,9.812096633620559505e-01,9.811044701334046270e-01,9.811048504274055837e-01,9.812100662830749442e-01,9.812142821000784387e-01,9.812146556760589222e-01,9.812147064528807805e-01,9.812146540537088901e-01,9.812142778635865037e-01,9.812100561546786004e-01,9.811048225147673829e-01,9.811043945604241978e-01,9.812055763605508352e-01,9.811414174549041300e-01,1.000000000000001554e+00,9.811418451867860435e-01,9.812101667839571162e-01,9.812138283526286031e-01,9.812099677953531884e-01,9.811048233832145860e-01,9.811048941791836731e-01,9.812101144366145444e-01,9.812143319681716491e-01,9.812147064528806695e-01,9.812147579437165978e-01,9.812147064528808915e-01,9.812143319681718712e-01,9.812101144366146555e-01,9.811048941791835620e-01,9.811048047458416077e-01,9.812096646855265059e-01,9.812098445160433169e-01,9.811418451867860435e-01,1.000000000000001554e+00,9.811418451867860435e-01,9.812098445160434279e-01,9.812096646855261728e-01,9.811048047458413857e-01,9.811048225147673829e-01,9.812100561546783783e-01,9.812142778635867257e-01,9.812146540537087791e-01,9.812147064528806695e-01,9.812146556760589222e-01,9.812142821000783277e-01,9.812100662830751663e-01,9.811048504274055837e-01,9.811048233832148080e-01,9.812099677953532995e-01,9.812138283526287141e-01,9.812101667839571162e-01,9.811418451867860435e-01,1.000000000000001554e+00,9.811414174549040190e-01,9.812055763605506131e-01,9.811043945604239758e-01,9.811043762362706699e-01,9.812096630707379807e-01,9.812138975200382918e-01,9.812142778635863927e-01,9.812143319681717601e-01,9.812142821000784387e-01,9.812139092386130690e-01,9.812096943355586021e-01,9.811044803205568599e-01,9.811044701334048490e-01,9.812096633620561725e-01,9.812138091757900416e-01,9.812138283526286031e-01,9.812098445160434279e-01,9.811414174549040190e-01,1.000000000000001554e+00,9.811367931503223172e-01,9.810999334972505537e-01,9.810997640415345389e-01,9.812053771130672120e-01,9.812096630707378697e-01,9.812100561546786004e-01,9.812101144366142114e-01,9.812100662830751663e-01,9.812096943355583800e-01,9.812054801679244154e-01,9.811002675545192897e-01,9.811002632713298199e-01,9.812054684670185045e-01,9.812096633620559505e-01,9.812099677953531884e-01,9.812096646855261728e-01,9.812055763605506131e-01,9.811367931503223172e-01,1.000000000000001554e+00,9.810264832869387552e-01,9.809897208775516519e-01,9.810997640415345389e-01,9.811043762362706699e-01,9.811048225147672719e-01,9.811048941791832290e-01,9.811048504274054727e-01,9.811044803205567488e-01,9.811002675545192897e-01,9.809950669665511436e-01,9.809950653066590309e-01,9.811002632713297089e-01,9.811044701334046270e-01,9.811048233832145860e-01,9.811048047458413857e-01,9.811043945604239758e-01,9.810999334972505537e-01,9.810264832869387552e-01,1.000000000000001554e+00
