1.000000000000000000e+00,1.000000000000000000e+00,1.000000000000000000e+00,1.000000000000000000e+00,1.000000000000000000e+00,1.000000000000000000e+00,1.000000000000000000e+00,1.000000000000000000e+00,1.000000000000000000e+00,1.000000000000000000e+00,1.000000000000000000e+00,1.000000000000000000e+00,1.000000000000000000e+00,1.000000000000000000e+00,1.000000000000000000e+00,1.000000000000000000e+00,1.000000000000000000e+00,1.000000000000000000e+00,1.000000000000000000e+00,1.000000000000000000e+00,1.000000000000000000e+00,1.000000000000000000e+00,1.000000000000000000e+00,1.000000000000000000e+00,1.000000000000000000e+00,1.000000000000000000e+00,1.000000000000000000e+00,1.000000000000000000e+00,1.000000000000000000e+00,1.000000000000000000e+00,1.000000000000000000e+00,1.000000000000000000e+00,1.000000000000000000e+00,1.000000000000000000e+00,1.000000000000000000e+00,1.000000000000000000e+00,1.000000000000000000e+00,1.000000000000000000e+00,1.000000000000000000e+00,1.000000000000000000e+00,1.000000000000000000e+00,1.000000000000000000e+00,1.000000000000000000e+00,1.000000000000000000e+00,1.000000000000000000e+00,1.000000000000000000e+00,1.000000000000000000e+00,1.000000000000000000e+00,1.000000000000000000e+00,1.000000000000000000e+00,1.000000000000000000e+00,1.000000000000000000e+00,1.000000000000000000e+00,1.000000000000000000e+00,1.000000000000000000e+00,1.000000000000000000e+00,1.000000000000000000e+00,1.000000000000000000e+00,1.000000000000000000e+00,1.000000000000000000e+00,1.000000000000000000e+00,1.000000000000000000e+00,1.000000000000000000e+00,1.000000000000000000e+00,1.000000000000000000e+00,1.000000000000000000e+00,1.000000000000000000e+00,1.000000000000000000e+00,1.000000000000000000e+00,1.000000000000000000e+00,1.000000000000000000e+00,1.000000000000000000e+00,1.000000000000000000e+00,1.000000000000000000e+00,1.000000000000000000e+00,1.000000000000000000e+00,1.000000000000000000e+00,1.000000000000000000e+00,1.000000000000000000e+00,1.000000000000000000e+00,1.000000000000000000e+00,1.000000000000000000e+00,1.000000000000000000e+00,1.000000000000000000e+00,1.000000000000000000e+00,1.000000000000000000e+00,1.000000000000000000e+00,1.000000000000000000e+00,1.000000000000000000e+00,1.000000000000000000e+00,1.000000000000000000e+00,1.000000000000000000e+00,1.000000000000000000e+00,1.000000000000000000e+00,1.000000000000000000e+00,1.000000000000000000e+00,1.000000000000000000e+00,1.000000000000000000e+00,1.000000000000000000e+00,1.000000000000000000e+00,1.000000000000000000e+00,1.000000000000000000e+00,1.000000000000000000e+00,1.000000000000000000e+00,1.000000000000000000e+00,1.000000000000000000e+00,1.000000000000000000e+00,1.000000000000000000e+00,1.000000000000000000e+00,1.000000000000000000e+00,1.000000000000000000e+00,1.000000000000000000e+00,1.000000000000000000e+00,1.000000000000000000e+00,1.000000000000000000e+00,1.000000000000000000e+00,1.000000000000000000e+00,1.000000000000000000e+00,1.000000000000000000e+00,1.000000000000000000e+00,1.000000000000000000e+00,1.000000000000000000e+00,1.000000000000000000e+00,1.000000000000000000e+00,1.000000000000000000e+00,1.000000000000000000e+00,1.000000000000000000e+00,1.000000000000000000e+00,1.000000000000000000e+00,1.000000000000000000e+00,1.000000000000000000e+00,1.000000000000000000e+00,1.000000000000000000e+00,1.000000000000000000e+00,1.000000000000000000e+00,1.000000000000000000e+00,1.000000000000000000e+00,1.000000000000000000e+00,1.000000000000000000e+00,1.000000000000000000e+00,1.000000000000000000e+00,1.000000000000000000e+00,1.000000000000000000e+00,1.000000000000000000e+00,1.000000000000000000e+00,1.000000000000000000e+00,1.000000000000000000e+00,1.000000000000000000e+00,1.000000000000000000e+00,1.000000000000000000e+00,1.000000000000000000e+00,1.000000000000000000e+00,1.000000000000000000e+00,1.000000000000000000e+00,1.000000000000000000e+00,1.000000000000000000e+00,1.000000000000000000e+00,1.000000000000000000e+00,1.000000000000000000e+00,1.000000000000000000e+00,1.000000000000000000e+00,1.000000000000000000e+00,1.000000000000000000e+00,1.000000000000000000e+00,1.000000000000000000e+00,1.000000000000000000e+00,1.000000000000000000e+00,1.000000000000000000e+00,1.000000000000000000e+00,1.000000000000000000e+00,1.000000000000000000e+00,1.000000000000000000e+00,1.000000000000000000e+00,1.000000000000000000e+00,1.000000000000000000e+00,1.000000000000000000e+00,1.000000000000000000e+00,1.000000000000000000e+00,1.000000000000000000e+00,1.000000000000000000e+00,1.000000000000000000e+00,1.000000000000000000e+00,1.000000000000000000e+00,1.000000000000000000e+00,1.000000000000000000e+00,1.000000000000000000e+00,1.000000000000000000e+00,1.000000000000000000e+00,1.000000000000000000e+00,1.000000000000000000e+00,1.000000000000000000e+00,1.000000000000000000e+00,1.000000000000000000e+00,1.000000000000000000e+00,1.000000000000000000e+00,1.000000000000000000e+00,1.000000000000000000e+00,1.000000000000000000e+00,1.000000000000000000e+00,1.000000000000000000e+00,1.000000000000000000e+00,1.000000000000000000e+00,1.000000000000000000e+00,1.000000000000000000e+00,1.000000000000000000e+00,1.000000000000000000e+00,1.000000000000000000e+00,1.000000000000000000e+00,1.000000000000000000e+00,1.000000000000000000e+00,1.000000000000000000e+00,1.000000000000000000e+00,1.000000000000000000e+00,1.000000000000000000e+00,1.000000000000000000e+00,1.000000000000000000e+00,1.000000000000000000e+00,1.000000000000000000e+00,1.000000000000000000e+00,1.000000000000000000e+00,1.000000000000000000e+00,1.000000000000000000e+00,1.000000000000000000e+00,1.000000000000000000e+00,1.000000000000000000e+00,1.000000000000000000e+00,1.000000000000000000e+00,1.000000000000000000e+00,1.000000000000000000e+00,1.000000000000000000e+00,1.000000000000000000e+00,1.000000000000000000e+00,1.000000000000000000e+00,1.000000000000000000e+00,1.000000000000000000e+00,1.000000000000000000e+00,1.000000000000000000e+00,1.000000000000000000e+00,1.000000000000000000e+00,1.000000000000000000e+00,1.000000000000000000e+00,1.000000000000000000e+00,1.000000000000000000e+00,1.000000000000000000e+00,1.000000000000000000e+00,1.000000000000000000e+00,1.000000000000000000e+00,1.000000000000000000e+00,1.000000000000000000e+00,1.000000000000000000e+00,1.000000000000000000e+00,1.000000000000000000e+00,1.000000000000000000e+00,1.000000000000000000e+00,1.000000000000000000e+00,1.000000000000000000e+00,1.000000000000000000e+00,1.000000000000000000e+00,1.000000000000000000e+00,1.000000000000000000e+00,1.000000000000000000e+00,1.000000000000000000e+00,1.000000000000000000e+00,1.000000000000000000e+00,1.000000000000000000e+00,1.000000000000000000e+00,1.000000000000000000e+00,1.000000000000000000e+00,1.000000000000000000e+00,1.000000000000000000e+00,1.000000000000000000e+00,1.000000000000000000e+00,1.000000000000000000e+00,1.000000000000000000e+00,1.000000000000000000e+00,1.000000000000000000e+00,1.000000000000000000e+00,1.000000000000000000e+00,1.000000000000000000e+00,1.000000000000000000e+00,1.000000000000000000e+00,1.000000000000000000e+00,1.000000000000000000e+00,1.000000000000000000e+00,1.000000000000000000e+00,1.000000000000000000e+00,1.000000000000000000e+00,1.000000000000000000e+00,1.000000000000000000e+00,1.000000000000000000e+00,1.000000000000000000e+00,1.000000000000000000e+00,1.000000000000000000e+00,1.000000000000000000e+00,1.000000000000000000e+00,1.000000000000000000e+00,1.000000000000000000e+00,1.000000000000000000e+00,1.000000000000000000e+00,1.000000000000000000e+00,1.000000000000000000e+00,1.000000000000000000e+00,1.000000000000000000e+00,1.000000000000000000e+00,1.000000000000000000e+00,1.000000000000000000e+00,1.000000000000000000e+00,1.000000000000000000e+00,1.000000000000000000e+00,1.000000000000000000e+00,1.000000000000000000e+00,1.000000000000000000e+00,1.000000000000000000e+00,1.000000000000000000e+00,1.000000000000000000e+00,1.000000000000000000e+00,1.000000000000000000e+00,1.000000000000000000e+00,1.000000000000000000e+00,1.000000000000000000e+00,1.000000000000000000e+00,1.000000000000000000e+00,1.000000000000000000e+00,1.000000000000000000e+00,1.000000000000000000e+00,1.000000000000000000e+00,1.000000000000000000e+00,1.000000000000000000e+00,1.000000000000000000e+00,1.000000000000000000e+00,1.000000000000000000e+00,1.000000000000000000e+00,1.000000000000000000e+00,1.000000000000000000e+00,1.000000000000000000e+00,1.000000000000000000e+00,1.000000000000000000e+00,1.000000000000000000e+00,1.000000000000000000e+00,1.000000000000000000e+00,1.000000000000000000e+00,1.000000000000000000e+00,1.000000000000000000e+00,1.000000000000000000e+00,1.000000000000000000e+00,1.000000000000000000e+00,1.000000000000000000e+00,1.000000000000000000e+00,1.000000000000000000e+00,1.000000000000000000e+00,1.000000000000000000e+00,1.000000000000000000e+00,1.000000000000000000e+00,1.000000000000000000e+00,1.000000000000000000e+00,1.000000000000000000e+00,1.000000000000000000e+00,1.000000000000000000e+00,1.000000000000000000e+00,1.000000000000000000e+00,1.000000000000000000e+00,1.000000000000000000e+00,1.000000000000000000e+00,1.000000000000000000e+00,1.000000000000000000e+00,1.000000000000000000e+00,1.000000000000000000e+00,1.000000000000000000e+00,1.000000000000000000e+00,1.000000000000000000e+00,1.000000000000000000e+00,1.000000000000000000e+00,1.000000000000000000e+00,1.000000000000000000e+00,1.000000000000000000e+00,1.000000000000000000e+00,1.000000000000000000e+00,1.000000000000000000e+00,1.000000000000000000e+00,1.000000000000000000e+00,1.000000000000000000e+00,1.000000000000000000e+00,1.000000000000000000e+00,1.000000000000000000e+00,1.000000000000000000e+00,1.000000000000000000e+00,1.000000000000000000e+00,1.000000000000000000e+00,1.000000000000000000e+00,1.000000000000000000e+00,1.000000000000000000e+00,1.000000000000000000e+00,1.000000000000000000e+00,1.000000000000000000e+00,1.000000000000000000e+00,1.000000000000000000e+00,1.000000000000000000e+00,1.000000000000000000e+00,1.000000000000000000e+00,1.000000000000000000e+00
1.000000000000003775e+00,9.949005088008024966e-01,9.949053502559569440e-01,9.949054315294718620e-01,9.949054387292012303e-01,9.949054400380753505e-01,9.949054403958065285e-01,9.949054405226264164e-01,9.949054405757363773e-01,9.949054405997612704e-01,9.949054406096322634e-01,9.949054406103391424e-01,9.949054406021013985e-01,9.949054405804425016e-01,9.949054405310016058e-01,9.949054404078178093e-01,9.949054400275091359e-01,9.949054383071408436e-01,9.949054220926948355e-01,9.949045082719509825e-01,9.949005088008024966e-01,1.000000000000003775e+00,9.949014320696116798e-01,9.949062584748378235e-01,9.949063386075588378e-01,9.949063456158587782e-01,9.949063468765337870e-01,9.949063472183855561e-01,9.949063473387567136e-01,9.949063473886329279e-01,9.949063474104954397e-01,9.949063474182092692e-01,9.949063474157007203e-01,9.949063474010592101e-01,9.949063473636378108e-01,9.949063472663729479e-01,9.949063469535136539e-01,9.949063454488524805e-01,9.949063301411856797e-01,9.949054220926948355e-01,9.949053502559569440e-01,9.949014320696116798e-01,1.000000000000003775e+00,9.949014484534548508e-01,9.949062737173050008e-01,9.949063536604402236e-01,9.949063606209027633e-01,9.949063618658057218e-01,9.949063622012491725e-01,9.949063623184043470e-01,9.949063623661261735e-01,9.949063623858341865e-01,9.949063623903319220e-01,9.949063623814149437e-01,9.949063623509998289e-01,9.949063622657302597e-01,9.949063619787326118e-01,9.949063605413615008e-01,9.949063454488523695e-01,9.949054383071409546e-01,9.949054315294718620e-01,9.949062584748378235e-01,9.949014484534548508e-01,1.000000000000003775e+00,9.949014501099028296e-01,9.949062751823367634e-01,9.949063550776393594e-01,9.949063620223291826e-01,9.949063632608237118e-01,9.949063635930512906e-01,9.949063637080518552e-01,9.949063637536191829e-01,9.949063637701111018e-01,9.949063637682001859e-01,9.949063637435096030e-01,9.949063636652460962e-01,9.949063633902431869e-01,9.949063619787328339e-01,9.949063469535135429e-01,9.949054400275089138e-01,9.949054387292012303e-01,9.949063386075588378e-01,9.949062737173050008e-01,9.949014501099028296e-01,1.000000000000003775e+00,9.949014504507813772e-01,9.949062754750210846e-01,9.949063553545529626e-01,9.949063622928344675e-01,9.949063635281130136e-01,9.949063638581860936e-01,9.949063639710321594e-01,9.949063640133835040e-01,9.949063640234669936e-01,9.949063640057822511e-01,9.949063639332431652e-01,9.949063636652462073e-01,9.949063622657301487e-01,9.949063472663729479e-01,9.949054404078176983e-01,9.949054400380753505e-01,9.949063456158587782e-01,9.949063536604402236e-01,9.949062751823367634e-01,9.949014504507813772e-01,1.000000000000003775e+00,9.949014505538389397e-01,9.949062755622004595e-01,9.949063554353245742e-01,9.949063623703902071e-01,9.949063636035142544e-01,9.949063639314328356e-01,9.949063640410629183e-01,9.949063640770057226e-01,9.949063640713152745e-01,9.949063640057822511e-01,9.949063637435096030e-01,9.949063623509998289e-01,9.949063473636378108e-01,9.949054405310014948e-01,9.949054403958065285e-01,9.949063468765337870e-01,9.949063606209027633e-01,9.949063550776393594e-01,9.949062754750210846e-01,9.949014505538389397e-01,1.000000000000003775e+00,9.949014505932104457e-01,9.949062755951233461e-01,9.949063554650319219e-01,9.949063623979430560e-01,9.949063636289127155e-01,9.949063639536152026e-01,9.949063640568367450e-01,9.949063640770057226e-01,9.949063640234669936e-01,9.949063637682002970e-01,9.949063623814149437e-01,9.949063474010593211e-01,9.949054405804425016e-01,9.949054405226264164e-01,9.949063472183855561e-01,9.949063618658057218e-01,9.949063620223291826e-01,9.949063553545529626e-01,9.949062755622004595e-01,9.949014505932104457e-01,1.000000000000003775e+00,9.949014506103772693e-01,9.949062756090568671e-01,9.949063554768110551e-01,9.949063624075676904e-01,9.949063636353213669e-01,9.949063639536152026e-01,9.949063640410629183e-01,9.949063640133836151e-01,9.949063637701112128e-01,9.949063623903319220e-01,9.949063474157007203e-01,9.949054406021013985e-01,9.949054405757363773e-01,9.949063473387567136e-01,9.949063622012491725e-01,9.949063632608237118e-01,9.949063622928344675e-01,9.949063554353245742e-01,9.949062755951233461e-01,9.949014506103772693e-01,1.000000000000003775e+00,9.949014506179099104e-01,9.949062756144273489e-01,9.949063554800271492e-01,9.949063624075678014e-01,9.949063636289127155e-01,9.949063639314328356e-01,9.949063639710322704e-01,9.949063637536192939e-01,9.949063623858341865e-01,9.949063474182092692e-01,9.949054406103391424e-01,9.949054405997612704e-01,9.949063473886329279e-01,9.949063623184043470e-01,9.949063635930512906e-01,9.949063635281130136e-01,9.949063623703902071e-01,9.949063554650319219e-01,9.949062756090568671e-01,9.949014506179099104e-01,1.000000000000003775e+00,9.949014506200665187e-01,9.949062756144274600e-01,9.949063554768111661e-01,9.949063623979431670e-01,9.949063636035142544e-01,9.949063638581860936e-01,9.949063637080519662e-01,9.949063623661262845e-01,9.949063474104956617e-01,9.949054406096322634e-01,9.949054406096322634e-01,9.949063474104954397e-01,9.949063623661261735e-01,9.949063637080518552e-01,9.949063638581860936e-01,9.949063636035142544e-01,9.949063623979430560e-01,9.949063554768110551e-01,9.949062756144273489e-01,9.949014506200665187e-01,1.000000000000003775e+00,9.949014506179100215e-01,9.949062756090569781e-01,9.949063554650321439e-01,9.949063623703902071e-01,9.949063635281131246e-01,9.949063635930512906e-01,9.949063623184043470e-01,9.949063473886330389e-01,9.949054405997611594e-01,9.949054406103391424e-01,9.949063474182092692e-01,9.949063623858341865e-01,9.949063637536191829e-01,9.949063639710321594e-01,9.949063639314328356e-01,9.949063636289127155e-01,9.949063624075676904e-01,9.949063554800271492e-01,9.949062756144274600e-01,9.949014506179100215e-01,1.000000000000003775e+00,9.949014506103773803e-01,9.949062755951234571e-01,9.949063554353246852e-01,9.949063622928345785e-01,9.949063632608238228e-01,9.949063622012491725e-01,9.949063473387568246e-01,9.949054405757362662e-01,9.949054406021013985e-01,9.949063474157007203e-01,9.949063623903319220e-01,9.949063637701111018e-01,9.949063640133835040e-01,9.949063640410629183e-01,9.949063639536152026e-01,9.949063636353213669e-01,9.949063624075678014e-01,9.949063554768111661e-01,9.949062756090569781e-01,9.949014506103773803e-01,1.000000000000003775e+00,9.949014505932104457e-01,9.949062755622004595e-01,9.949063553545529626e-01,9.949063620223290716e-01,9.949063618658056107e-01,9.949063472183857781e-01,9.949054405226263054e-01,9.949054405804425016e-01,9.949063474010592101e-01,9.949063623814149437e-01,9.949063637682001859e-01,9.949063640234669936e-01,9.949063640770057226e-01,9.949063640568367450e-01,9.949063639536152026e-01,9.949063636289127155e-01,9.949063623979431670e-01,9.949063554650321439e-01,9.949062755951234571e-01,9.949014505932104457e-01,1.000000000000003775e+00,9.949014505538389397e-01,9.949062754750210846e-01,9.949063550776393594e-01,9.949063606209027633e-01,9.949063468765338980e-01,9.949054403958065285e-01,9.949054405310016058e-01,9.949063473636378108e-01,9.949063623509998289e-01,9.949063637435096030e-01,9.949063640057822511e-01,9.949063640713152745e-01,9.949063640770057226e-01,9.949063640410629183e-01,9.949063639314328356e-01,9.949063636035142544e-01,9.949063623703902071e-01,9.949063554353246852e-01,9.949062755622004595e-01,9.949014505538389397e-01,1.000000000000003775e+00,9.949014504507814882e-01,9.949062751823368744e-01,9.949063536604403346e-01,9.949063456158587782e-01,9.949054400380752394e-01,9.949054404078178093e-01,9.949063472663729479e-01,9.949063622657302597e-01,9.949063636652460962e-01,9.949063639332431652e-01,9.949063640057822511e-01,9.949063640234669936e-01,9.949063640133836151e-01,9.949063639710322704e-01,9.949063638581860936e-01,9.949063635281131246e-01,9.949063622928345785e-01,9.949063553545529626e-01,9.949062754750210846e-01,9.949014504507814882e-01,1.000000000000003775e+00,9.949014501099030516e-01,9.949062737173048898e-01,9.949063386075590598e-01,9.949054387292012303e-01,9.949054400275091359e-01,9.949063469535136539e-01,9.949063619787326118e-01,9.949063633902431869e-01,9.949063636652462073e-01,9.949063637435096030e-01,9.949063637682002970e-01,9.949063637701112128e-01,9.949063637536192939e-01,9.949063637080519662e-01,9.949063635930512906e-01,9.949063632608238228e-01,9.949063620223290716e-01,9.949063550776393594e-01,9.949062751823368744e-01,9.949014501099030516e-01,1.000000000000003775e+00,9.949014484534548508e-01,9.949062584748380456e-01,9.949054315294720841e-01,9.949054383071408436e-01,9.949063454488524805e-01,9.949063605413615008e-01,9.949063619787328339e-01,9.949063622657301487e-01,9.949063623509998289e-01,9.949063623814149437e-01,9.949063623903319220e-01,9.949063623858341865e-01,9.949063623661262845e-01,9.949063623184043470e-01,9.949063622012491725e-01,9.949063618658056107e-01,9.949063606209027633e-01,9.949063536604403346e-01,9.949062737173048898e-01,9.949014484534548508e-01,1.000000000000003775e+00,9.949014320696115687e-01,9.949053502559568329e-01,9.949054220926948355e-01,9.949063301411856797e-01,9.949063454488523695e-01,9.949063469535135429e-01,9.949063472663729479e-01,9.949063473636378108e-01,9.949063474010593211e-01,9.949063474157007203e-01,9.949063474182092692e-01,9.949063474104956617e-01,9.949063473886330389e-01,9.949063473387568246e-01,9.949063472183857781e-01,9.949063468765338980e-01,9.949063456158587782e-01,9.949063386075590598e-01,9.949062584748380456e-01,9.949014320696115687e-01,1.000000000000003775e+00,9.949005088008026076e-01,9.949045082719509825e-01,9.949054220926948355e-01,9.949054383071409546e-01,9.949054400275089138e-01,9.949054404078176983e-01,9.949054405310014948e-01,9.949054405804425016e-01,9.949054406021013985e-01,9.949054406103391424e-01,9.949054406096322634e-01,9.949054405997611594e-01,9.949054405757362662e-01,9.949054405226263054e-01,9.949054403958065285e-01,9.949054400380752394e-01,9.949054387292012303e-01,9.949054315294720841e-01,9.949053502559568329e-01,9.949005088008026076e-01,1.000000000000003775e+00
1.000000000000000444e+00,9.808744142462618720e-01,9.809511846889091835e-01,9.809545280150385738e-01,9.809548322254726394e-01,9.809548894588709933e-01,9.809549054398023493e-01,9.809549111825179857e-01,9.809549136043943518e-01,9.809549146953657761e-01,9.809549151236854891e-01,9.809549151049878901e-01,9.809549146243971007e-01,9.809549134150546967e-01,9.809549106420697440e-01,9.809549035918612159e-01,9.809548811719871475e-01,9.809547763621849770e-01,9.809537692976609824e-01,9.809253675576178333e-01,9.808744142462618720e-01,1.000000000000000444e+00,9.809036966596262896e-01,9.809793770607193597e-01,9.809826398297281091e-01,9.809829308517276081e-01,9.809829847843610784e-01,9.809829996805347063e-01,9.809830049835392973e-01,9.809830071857499334e-01,9.809830081310295657e-01,9.809830084156471175e-01,9.809830081845241079e-01,9.809830072822334213e-01,9.809830050360113241e-01,9.809829991206983069e-01,9.809829796469196062e-01,9.809828842239650681e-01,9.809819164976438799e-01,9.809537692976612044e-01,9.809511846889091835e-01,9.809036966596262896e-01,1.000000000000000444e+00,9.809047489805428066e-01,9.809803482432688515e-01,9.809835983541820292e-01,9.809838862058091191e-01,9.809839390939399939e-01,9.809839535657323140e-01,9.809839586557701496e-01,9.809839607153582053e-01,9.809839615181212835e-01,9.809839615901841947e-01,9.809839609358591561e-01,9.809839589930795523e-01,9.809839535966733415e-01,9.809839352395123280e-01,9.809838427136873262e-01,9.809828842239650681e-01,9.809547763621850880e-01,9.809545280150385738e-01,9.809793770607193597e-01,9.809047489805428066e-01,1.000000000000000444e+00,9.809048577163824723e-01,9.809804437002679345e-01,9.809836906401280254e-01,9.809839774493434028e-01,9.809840299138926634e-01,9.809840441730477423e-01,9.809840491206095470e-01,9.809840510377423328e-01,9.809840516279595413e-01,9.809840512767818987e-01,9.809840495818626938e-01,9.809840444886686051e-01,9.809840266498989214e-01,9.809839352395121059e-01,9.809829796469193841e-01,9.809548811719872585e-01,9.809548322254726394e-01,9.809826398297281091e-01,9.809803482432688515e-01,9.809048577163824723e-01,1.000000000000000444e+00,9.809048802754645191e-01,9.809804629353019445e-01,9.809837088304363961e-01,9.809839952160592791e-01,9.809840474680036060e-01,9.809840615846998624e-01,9.809840663898141688e-01,9.809840680944034164e-01,9.809840682613782947e-01,9.809840668695998245e-01,9.809840620242518128e-01,9.809840444886686051e-01,9.809839535966732305e-01,9.809829991206981958e-01,9.809549035918611049e-01,9.809548894588709933e-01,9.809829308517276081e-01,9.809835983541820292e-01,9.809804437002679345e-01,9.809048802754645191e-01,1.000000000000000444e+00,9.809048871175740647e-01,9.809804686841381294e-01,9.809837141548017891e-01,9.809840003277815468e-01,9.809840524372662740e-01,9.809840664115164754e-01,9.809840710040881318e-01,9.809840722854350492e-01,9.809840714118084337e-01,9.809840668695997135e-01,9.809840495818628048e-01,9.809839589930793302e-01,9.809830050360114351e-01,9.809549106420695219e-01,9.809549054398023493e-01,9.809829847843610784e-01,9.809838862058091191e-01,9.809836906401280254e-01,9.809804629353019445e-01,9.809048871175740647e-01,1.000000000000000444e+00,9.809048897352919960e-01,9.809804708584572985e-01,9.809837161161152341e-01,9.809840021466159632e-01,9.809840541136530812e-01,9.809840678753605214e-01,9.809840720446896256e-01,9.809840722854350492e-01,9.809840682613784058e-01,9.809840512767818987e-01,9.809839609358592671e-01,9.809830072822330882e-01,9.809549134150544747e-01,9.809549111825179857e-01,9.809829996805347063e-01,9.809839390939399939e-01,9.809839774493434028e-01,9.809837088304363961e-01,9.809804686841381294e-01,9.809048897352919960e-01,1.000000000000000444e+00,9.809048908775164222e-01,9.809804717793388917e-01,9.809837168943578156e-01,9.809840027824020536e-01,9.809840545368955222e-01,9.809840678753602994e-01,9.809840710040881318e-01,9.809840680944034164e-01,9.809840516279595413e-01,9.809839615901841947e-01,9.809830081845236638e-01,9.809549146243968787e-01,9.809549136043943518e-01,9.809830049835392973e-01,9.809839535657323140e-01,9.809840299138926634e-01,9.809839952160592791e-01,9.809837141548017891e-01,9.809804708584572985e-01,9.809048908775164222e-01,1.000000000000000444e+00,9.809048913788984692e-01,9.809804721344044243e-01,9.809837171069040185e-01,9.809840027824020536e-01,9.809840541136529701e-01,9.809840664115164754e-01,9.809840663898141688e-01,9.809840510377422218e-01,9.809839615181211725e-01,9.809830084156467844e-01,9.809549151049875571e-01,9.809549146953657761e-01,9.809830071857499334e-01,9.809839586557701496e-01,9.809840441730477423e-01,9.809840474680036060e-01,9.809840003277815468e-01,9.809837161161152341e-01,9.809804717793388917e-01,9.809048913788984692e-01,1.000000000000000444e+00,9.809048915224731768e-01,9.809804721344045353e-01,9.809837168943579266e-01,9.809840021466159632e-01,9.809840524372662740e-01,9.809840615846998624e-01,9.809840491206096580e-01,9.809839607153580943e-01,9.809830081310292327e-01,9.809549151236852671e-01,9.809549151236854891e-01,9.809830081310295657e-01,9.809839607153582053e-01,9.809840491206095470e-01,9.809840615846998624e-01,9.809840524372662740e-01,9.809840021466159632e-01,9.809837168943578156e-01,9.809804721344044243e-01,9.809048915224731768e-01,1.000000000000000444e+00,9.809048913788985802e-01,9.809804717793390028e-01,9.809837161161151231e-01,9.809840003277814358e-01,9.809840474680034950e-01,9.809840441730478533e-01,9.809839586557700386e-01,9.809830071857496003e-01,9.809549146953656651e-01,9.809549151049878901e-01,9.809830084156471175e-01,9.809839615181212835e-01,9.809840510377423328e-01,9.809840663898141688e-01,9.809840664115164754e-01,9.809840541136530812e-01,9.809840027824020536e-01,9.809837171069040185e-01,9.809804721344045353e-01,9.809048913788985802e-01,1.000000000000000444e+00,9.809048908775166442e-01,9.809804708584574096e-01,9.809837141548019002e-01,9.809839952160593901e-01,9.809840299138928854e-01,9.809839535657323140e-01,9.809830049835391863e-01,9.809549136043943518e-01,9.809549146243971007e-01,9.809830081845241079e-01,9.809839615901841947e-01,9.809840516279595413e-01,9.809840680944034164e-01,9.809840710040881318e-01,9.809840678753605214e-01,9.809840545368955222e-01,9.809840027824020536e-01,9.809837168943579266e-01,9.809804717793390028e-01,9.809048908775166442e-01,1.000000000000000444e+00,9.809048897352922181e-01,9.809804686841382404e-01,9.809837088304363961e-01,9.809839774493435138e-01,9.809839390939399939e-01,9.809829996805344843e-01,9.809549111825177636e-01,9.809549134150546967e-01,9.809830072822334213e-01,9.809839609358591561e-01,9.809840512767818987e-01,9.809840682613782947e-01,9.809840722854350492e-01,9.809840720446896256e-01,9.809840678753602994e-01,9.809840541136529701e-01,9.809840021466159632e-01,9.809837161161151231e-01,9.809804708584574096e-01,9.809048897352922181e-01,1.000000000000000444e+00,9.809048871175740647e-01,9.809804629353018335e-01,9.809836906401280254e-01,9.809838862058091191e-01,9.809829847843608563e-01,9.809549054398021273e-01,9.809549106420697440e-01,9.809830050360113241e-01,9.809839589930795523e-01,9.809840495818626938e-01,9.809840668695998245e-01,9.809840714118084337e-01,9.809840722854350492e-01,9.809840710040881318e-01,9.809840664115164754e-01,9.809840524372662740e-01,9.809840003277814358e-01,9.809837141548019002e-01,9.809804686841382404e-01,9.809048871175740647e-01,1.000000000000000444e+00,9.809048802754646301e-01,9.809804437002678235e-01,9.809835983541818072e-01,9.809829308517272750e-01,9.809548894588708823e-01,9.809549035918612159e-01,9.809829991206983069e-01,9.809839535966733415e-01,9.809840444886686051e-01,9.809840620242518128e-01,9.809840668695997135e-01,9.809840682613784058e-01,9.809840680944034164e-01,9.809840663898141688e-01,9.809840615846998624e-01,9.809840474680034950e-01,9.809839952160593901e-01,9.809837088304363961e-01,9.809804629353018335e-01,9.809048802754646301e-01,1.000000000000000444e+00,9.809048577163824723e-01,9.809803482432687405e-01,9.809826398297281091e-01,9.809548322254725283e-01,9.809548811719871475e-01,9.809829796469196062e-01,9.809839352395123280e-01,9.809840266498989214e-01,9.809840444886686051e-01,9.809840495818628048e-01,9.809840512767818987e-01,9.809840516279595413e-01,9.809840510377422218e-01,9.809840491206096580e-01,9.809840441730478533e-01,9.809840299138928854e-01,9.809839774493435138e-01,9.809836906401280254e-01,9.809804437002678235e-01,9.809048577163824723e-01,1.000000000000000444e+00,9.809047489805428066e-01,9.809793770607193597e-01,9.809545280150386848e-01,9.809547763621849770e-01,9.809828842239650681e-01,9.809838427136873262e-01,9.809839352395121059e-01,9.809839535966732305e-01,9.809839589930793302e-01,9.809839609358592671e-01,9.809839615901841947e-01,9.809839615181211725e-01,9.809839607153580943e-01,9.809839586557700386e-01,9.809839535657323140e-01,9.809839390939399939e-01,9.809838862058091191e-01,9.809835983541818072e-01,9.809803482432687405e-01,9.809047489805428066e-01,1.000000000000000444e+00,9.809036966596261786e-01,9.809511846889089615e-01,9.809537692976609824e-01,9.809819164976438799e-01,9.809828842239650681e-01,9.809829796469193841e-01,9.809829991206981958e-01,9.809830050360114351e-01,9.809830072822330882e-01,9.809830081845236638e-01,9.809830084156467844e-01,9.809830081310292327e-01,9.809830071857496003e-01,9.809830049835391863e-01,9.809829996805344843e-01,9.809829847843608563e-01,9.809829308517272750e-01,9.809826398297281091e-01,9.809793770607193597e-01,9.809036966596261786e-01,1.000000000000000444e+00,9.808744142462615390e-01,9.809253675576178333e-01,9.809537692976612044e-01,9.809547763621850880e-01,9.809548811719872585e-01,9.809549035918611049e-01,9.809549106420695219e-01,9.809549134150544747e-01,9.809549146243968787e-01,9.809549151049875571e-01,9.809549151236852671e-01,9.809549146953656651e-01,9.809549136043943518e-01,9.809549111825177636e-01,9.809549054398021273e-01,9.809548894588708823e-01,9.809548322254725283e-01,9.809545280150386848e-01,9.809511846889089615e-01,9.808744142462615390e-01,1.000000000000000444e+00
1.000000000000001554e+00,9.810205740217834425e-01,9.810944756075068440e-01,9.810989588524807736e-01,9.810993936089821288e-01,9.810994848647865973e-01,9.810995125893139379e-01,9.810995231351633539e-01,9.810995277098463196e-01,9.810995297132472093e-01,9.810995302950342722e-01,9.810995297446344354e-01,9.810995277839743567e-01,9.810995232799962773e-01,9.810995128529879095e-01,9.810994852108669839e-01,9.810993923294579755e-01,9.810989339932697506e-01,9.810943036540912265e-01,9.809840271499399300e-01,9.810205740217834425e-01,1.000000000000001554e+00,9.811359030214319432e-01,9.812048218075496431e-01,9.812088998040071619e-01,9.812092684316854330e-01,9.812093430413734163e-01,9.812093652776849861e-01,9.812093735954442453e-01,9.812093770567090756e-01,9.812093783225646071e-01,9.812093781788654434e-01,9.812093765592073691e-01,9.812093724816629559e-01,9.812093627899420856e-01,9.812093367269403288e-01,9.812092479118182942e-01,9.812088023782382651e-01,9.812042253714584605e-01,9.810943036540910045e-01,9.810944756075068440e-01,9.811359030214319432e-01,1.000000000000001554e+00,9.811409399540023113e-01,9.812094687078372068e-01,9.812134830604446467e-01,9.812138358023402285e-01,9.812139051650627941e-01,9.812139252654772381e-01,9.812139325101256748e-01,9.812139352524849034e-01,9.812139358004774436e-01,9.812139345877634033e-01,9.812139308441866214e-01,9.812139215612383225e-01,9.812138961952545646e-01,9.812138088722553997e-01,9.812133671819406322e-01,9.812088023782387092e-01,9.810989339932699727e-01,9.810989588524807736e-01,9.812048218075496431e-01,9.811409399540023113e-01,1.000000000000001554e+00,9.811414691289910284e-01,9.812099326967635982e-01,9.812139311406371522e-01,9.812142786566635522e-01,9.812143458915195682e-01,9.812143649220934627e-01,9.812143714492905788e-01,9.812143734744217527e-01,9.812143729535645065e-01,9.812143696167082707e-01,9.812143606670065132e-01,9.812143357081791750e-01,9.812142490786038840e-01,9.812138088722549556e-01,9.812092479118182942e-01,9.810993923294577534e-01,9.810993936089821288e-01,9.812088998040071619e-01,9.812094687078372068e-01,9.811414691289910284e-01,1.000000000000001554e+00,9.811415808591077425e-01,9.812100279208140208e-01,9.812140211114426247e-01,9.812143664994521508e-01,9.812144326647976866e-01,9.812144509780984514e-01,9.812144567881522228e-01,9.812144577444663618e-01,9.812144550994633674e-01,9.812144465564415219e-01,9.812144219307668003e-01,9.812143357081793971e-01,9.812138961952541205e-01,9.812093367269403288e-01,9.810994852108667619e-01,9.810994848647865973e-01,9.812092684316854330e-01,9.812134830604446467e-01,9.812099326967635982e-01,9.811415808591077425e-01,1.000000000000001554e+00,9.811416150371562450e-01,9.812100566384877043e-01,9.812140476908810527e-01,9.812143920089645421e-01,9.812144574570292876e-01,9.812144750532004744e-01,9.812144797944457597e-01,9.812144786266162599e-01,9.812144707754441031e-01,9.812144465564411888e-01,9.812143606670067353e-01,9.812139215612379894e-01,9.812093627899420856e-01,9.810995128529876874e-01,9.810995125893139379e-01,9.812093430413734163e-01,9.812138358023402285e-01,9.812139311406371522e-01,9.812100279208140208e-01,9.811416150371562450e-01,1.000000000000001554e+00,9.811416281669250727e-01,9.812100675463806265e-01,9.812140575246445229e-01,9.812144011252336151e-01,9.812144658561503530e-01,9.812144823835128316e-01,9.812144850006150332e-01,9.812144786266163710e-01,9.812144550994632564e-01,9.812143696167086038e-01,9.812139308441861774e-01,9.812093724816632889e-01,9.810995232799961663e-01,9.810995231351633539e-01,9.812093652776849861e-01,9.812139051650627941e-01,9.812142786566635522e-01,9.812140211114426247e-01,9.812100566384877043e-01,9.811416281669250727e-01,1.000000000000001554e+00,9.811416339080841764e-01,9.812100721759332567e-01,9.812140614348504597e-01,9.812144043181952879e-01,9.812144679802938807e-01,9.812144823835126095e-01,9.812144797944456487e-01,9.812144577444661397e-01,9.812143729535647285e-01,9.812139345877629593e-01,9.812093765592074801e-01,9.810995277839740236e-01,9.810995277098463196e-01,9.812093735954442453e-01,9.812139252654772381e-01,9.812143458915195682e-01,9.812143664994521508e-01,9.812140476908810527e-01,9.812100675463806265e-01,9.811416339080841764e-01,1.000000000000001554e+00,9.811416364309238913e-01,9.812100739627510615e-01,9.812140625036961383e-01,9.812144043181951769e-01,9.812144658561501309e-01,9.812144750532002524e-01,9.812144567881517787e-01,9.812143734744218637e-01,9.812139358004767775e-01,9.812093781788655544e-01,9.810995297446339913e-01,9.810995297132472093e-01,9.812093770567090756e-01,9.812139325101256748e-01,9.812143649220934627e-01,9.812144326647976866e-01,9.812143920089645421e-01,9.812140575246445229e-01,9.812100721759332567e-01,9.811416364309238913e-01,1.000000000000001554e+00,9.811416371536995085e-01,9.812100739627512835e-01,9.812140614348505707e-01,9.812144011252336151e-01,9.812144574570290656e-01,9.812144509780982293e-01,9.812143714492910229e-01,9.812139352524844593e-01,9.812093783225647181e-01,9.810995302950340502e-01,9.810995302950342722e-01,9.812093783225646071e-01,9.812139352524849034e-01,9.812143714492905788e-01,9.812144509780984514e-01,9.812144574570292876e-01,9.812144011252336151e-01,9.812140614348504597e-01,9.812100739627510615e-01,9.811416371536995085e-01,1.000000000000001554e+00,9.811416364309241134e-01,9.812100721759333677e-01,9.812140575246445229e-01,9.812143920089643201e-01,9.812144326647973536e-01,9.812143649220939068e-01,9.812139325101253418e-01,9.812093770567092976e-01,9.810995297132468762e-01,9.810995297446344354e-01,9.812093781788654434e-01,9.812139358004774436e-01,9.812143734744217527e-01,9.812144567881522228e-01,9.812144750532004744e-01,9.812144658561503530e-01,9.812144043181952879e-01,9.812140625036961383e-01,9.812100739627512835e-01,9.811416364309241134e-01,1.000000000000001554e+00,9.811416339080843985e-01,9.812100675463806265e-01,9.812140476908811637e-01,9.812143664994520398e-01,9.812143458915200123e-01,9.812139252654769050e-01,9.812093735954444673e-01,9.810995277098462086e-01,9.810995277839743567e-01,9.812093765592073691e-01,9.812139345877634033e-01,9.812143729535645065e-01,9.812144577444663618e-01,9.812144797944457597e-01,9.812144823835128316e-01,9.812144679802938807e-01,9.812144043181951769e-01,9.812140614348505707e-01,9.812100721759333677e-01,9.811416339080843985e-01,1.000000000000001554e+00,9.811416281669250727e-01,9.812100566384875933e-01,9.812140211114425137e-01,9.812142786566638852e-01,9.812139051650623500e-01,9.812093652776852082e-01,9.810995231351631318e-01,9.810995232799962773e-01,9.812093724816629559e-01,9.812139308441866214e-01,9.812143696167082707e-01,9.812144550994633674e-01,9.812144786266162599e-01,9.812144850006150332e-01,9.812144823835126095e-01,9.812144658561501309e-01,9.812144011252336151e-01,9.812140575246445229e-01,9.812100675463806265e-01,9.811416281669250727e-01,1.000000000000001554e+00,9.811416150371560230e-01,9.812100279208135767e-01,9.812139311406373743e-01,9.812138358023397844e-01,9.812093430413735273e-01,9.810995125893136048e-01,9.810995128529879095e-01,9.812093627899420856e-01,9.812139215612383225e-01,9.812143606670065132e-01,9.812144465564415219e-01,9.812144707754441031e-01,9.812144786266163710e-01,9.812144797944456487e-01,9.812144750532002524e-01,9.812144574570290656e-01,9.812143920089643201e-01,9.812140476908811637e-01,9.812100566384875933e-01,9.811416150371560230e-01,1.000000000000001554e+00,9.811415808591074095e-01,9.812099326967635982e-01,9.812134830604440916e-01,9.812092684316855440e-01,9.810994848647861533e-01,9.810994852108669839e-01,9.812093367269403288e-01,9.812138961952545646e-01,9.812143357081791750e-01,9.812144219307668003e-01,9.812144465564411888e-01,9.812144550994632564e-01,9.812144577444661397e-01,9.812144567881517787e-01,9.812144509780982293e-01,9.812144326647973536e-01,9.812143664994520398e-01,9.812140211114425137e-01,9.812100279208135767e-01,9.811415808591074095e-01,1.000000000000001554e+00,9.811414691289909173e-01,9.812094687078366517e-01,9.812088998040070509e-01,9.810993936089816847e-01,9.810993923294579755e-01,9.812092479118182942e-01,9.812138088722553997e-01,9.812142490786038840e-01,9.812143357081793971e-01,9.812143606670067353e-01,9.812143696167086038e-01,9.812143729535647285e-01,9.812143734744218637e-01,9.812143714492910229e-01,9.812143649220939068e-01,9.812143458915200123e-01,9.812142786566638852e-01,9.812139311406373743e-01,9.812099326967635982e-01,9.811414691289909173e-01,1.000000000000001554e+00,9.811409399540020893e-01,9.812048218075494210e-01,9.810989588524804406e-01,9.810989339932697506e-01,9.812088023782382651e-01,9.812133671819406322e-01,9.812138088722549556e-01,9.812138961952541205e-01,9.812139215612379894e-01,9.812139308441861774e-01,9.812139345877629593e-01,9.812139358004767775e-01,9.812139352524844593e-01,9.812139325101253418e-01,9.812139252654769050e-01,9.812139051650623500e-01,9.812138358023397844e-01,9.812134830604440916e-01,9.812094687078366517e-01,9.811409399540020893e-01,1.000000000000001554e+00,9.811359030214313881e-01,9.810944756075061779e-01,9.810943036540912265e-01,9.812042253714584605e-01,9.812088023782387092e-01,9.812092479118182942e-01,9.812093367269403288e-01,9.812093627899420856e-01,9.812093724816632889e-01,9.812093765592074801e-01,9.812093781788655544e-01,9.812093783225647181e-01,9.812093770567092976e-01,9.812093735954444673e-01,9.812093652776852082e-01,9.812093430413735273e-01,9.812092684316855440e-01,9.812088998040070509e-01,9.812048218075494210e-01,9.811359030214313881e-01,1.000000000000001554e+00,9.810205740217829984e-01,9.809840271499399300e-01,9.810943036540910045e-01,9.810989339932699727e-01,9.810993923294577534e-01,9.810994852108667619e-01,9.810995128529876874e-01,9.810995232799961663e-01,9.810995277839740236e-01,9.810995297446339913e-01,9.810995302950340502e-01,9.810995297132468762e-01,9.810995277098462086e-01,9.810995231351631318e-01,9.810995125893136048e-01,9.810994848647861533e-01,9.810993936089816847e-01,9.810989588524804406e-01,9.810944756075061779e-01,9.810205740217829984e-01,1.000000000000001554e+00
