1.000000000000000000e+00,1.000000000000000000e+00,1.000000000000000000e+00,1.000000000000000000e+00,1.000000000000000000e+00,1.000000000000000000e+00,1.000000000000000000e+00,1.000000000000000000e+00,1.000000000000000000e+00,1.000000000000000000e+00,1.000000000000000000e+00,1.000000000000000000e+00,1.000000000000000000e+00,1.000000000000000000e+00,1.000000000000000000e+00,1.000000000000000000e+00,1.000000000000000000e+00,1.000000000000000000e+00,1.000000000000000000e+00,1.000000000000000000e+00,1.000000000000000000e+00,1.000000000000000000e+00,1.000000000000000000e+00,1.000000000000000000e+00,1.000000000000000000e+00,1.000000000000000000e+00,1.000000000000000000e+00,1.000000000000000000e+00,1.000000000000000000e+00,1.000000000000000000e+00,1.000000000000000000e+00,1.000000000000000000e+00,1.000000000000000000e+00,1.000000000000000000e+00,1.000000000000000000e+00,1.000000000000000000e+00,1.000000000000000000e+00,1.000000000000000000e+00,1.000000000000000000e+00,1.000000000000000000e+00,1.000000000000000000e+00,1.000000000000000000e+00,1.000000000000000000e+00,1.000000000000000000e+00,1.000000000000000000e+00,1.000000000000000000e+00,1.000000000000000000e+00,1.000000000000000000e+00,1.000000000000000000e+00,1.000000000000000000e+00,1.000000000000000000e+00,1.000000000000000000e+00,1.000000000000000000e+00,1.000000000000000000e+00,1.000000000000000000e+00,1.000000000000000000e+00,1.000000000000000000e+00,1.000000000000000000e+00,1.000000000000000000e+00,1.000000000000000000e+00,1.000000000000000000e+00,1.000000000000000000e+00,1.000000000000000000e+00,1.000000000000000000e+00,1.000000000000000000e+00,1.000000000000000000e+00,1.000000000000000000e+00,1.000000000000000000e+00,1.000000000000000000e+00,1.000000000000000000e+00,1.000000000000000000e+00,1.000000000000000000e+00,1.000000000000000000e+00,1.000000000000000000e+00,1.000000000000000000e+00,1.000000000000000000e+00,1.000000000000000000e+00,1.000000000000000000e+00,1.000000000000000000e+00,1.000000000000000000e+00,1.000000000000000000e+00,1.000000000000000000e+00,1.000000000000000000e+00,1.000000000000000000e+00,1.000000000000000000e+00,1.000000000000000000e+00,1.000000000000000000e+00,1.000000000000000000e+00,1.000000000000000000e+00,1.000000000000000000e+00,1.000000000000000000e+00,1.000000000000000000e+00,1.000000000000000000e+00,1.000000000000000000e+00,1.000000000000000000e+00,1.000000000000000000e+00,1.000000000000000000e+00,1.000000000000000000e+00,1.000000000000000000e+00,1.000000000000000000e+00,1.000000000000000000e+00,1.000000000000000000e+00,1.000000000000000000e+00,1.000000000000000000e+00,1.000000000000000000e+00,1.000000000000000000e+00,1.000000000000000000e+00,1.000000000000000000e+00,1.000000000000000000e+00,1.000000000000000000e+00,1.000000000000000000e+00,1.000000000000000000e+00,1.000000000000000000e+00,1.000000000000000000e+00,1.000000000000000000e+00,1.000000000000000000e+00,1.000000000000000000e+00,1.000000000000000000e+00,1.000000000000000000e+00,1.000000000000000000e+00,1.000000000000000000e+00,1.000000000000000000e+00,1.000000000000000000e+00,1.000000000000000000e+00,1.000000000000000000e+00,1.000000000000000000e+00,1.000000000000000000e+00,1.000000000000000000e+00,1.000000000000000000e+00,1.000000000000000000e+00,1.000000000000000000e+00,1.000000000000000000e+00,1.000000000000000000e+00,1.000000000000000000e+00,1.000000000000000000e+00,1.000000000000000000e+00,1.000000000000000000e+00,1.000000000000000000e+00,1.000000000000000000e+00,1.000000000000000000e+00,1.000000000000000000e+00,1.000000000000000000e+00,1.000000000000000000e+00,1.000000000000000000e+00,1.000000000000000000e+00,1.000000000000000000e+00,1.000000000000000000e+00,1.000000000000000000e+00,1.000000000000000000e+00,1.000000000000000000e+00,1.000000000000000000e+00,1.000000000000000000e+00,1.000000000000000000e+00,1.000000000000000000e+00,1.000000000000000000e+00,1.000000000000000000e+00,1.000000000000000000e+00,1.000000000000000000e+00,1.000000000000000000e+00,1.000000000000000000e+00,1.000000000000000000e+00,1.000000000000000000e+00,1.000000000000000000e+00,1.000000000000000000e+00,1.000000000000000000e+00,1.000000000000000000e+00,1.000000000000000000e+00,1.000000000000000000e+00,1.000000000000000000e+00,1.000000000000000000e+00,1.000000000000000000e+00,1.000000000000000000e+00,1.000000000000000000e+00,1.000000000000000000e+00,1.000000000000000000e+00,1.000000000000000000e+00,1.000000000000000000e+00,1.000000000000000000e+00,1.000000000000000000e+00,1.000000000000000000e+00,1.000000000000000000e+00,1.000000000000000000e+00,1.000000000000000000e+00,1.000000000000000000e+00,1.000000000000000000e+00,1.000000000000000000e+00,1.000000000000000000e+00,1.000000000000000000e+00,1.000000000000000000e+00,1.000000000000000000e+00,1.000000000000000000e+00,1.000000000000000000e+00,1.000000000000000000e+00,1.000000000000000000e+00,1.000000000000000000e+00,1.000000000000000000e+00,1.000000000000000000e+00,1.000000000000000000e+00,1.000000000000000000e+00,1.000000000000000000e+00,1.000000000000000000e+00,1.000000000000000000e+00,1.000000000000000000e+00,1.000000000000000000e+00,1.000000000000000000e+00,1.000000000000000000e+00,1.000000000000000000e+00,1.000000000000000000e+00,1.000000000000000000e+00,1.000000000000000000e+00,1.000000000000000000e+00,1.000000000000000000e+00,1.000000000000000000e+00,1.000000000000000000e+00,1.000000000000000000e+00,1.000000000000000000e+00,1.000000000000000000e+00,1.000000000000000000e+00,1.000000000000000000e+00,1.000000000000000000e+00,1.000000000000000000e+00,1.000000000000000000e+00,1.000000000000000000e+00,1.000000000000000000e+00,1.000000000000000000e+00,1.000000000000000000e+00,1.000000000000000000e+00,1.000000000000000000e+00,1.000000000000000000e+00,1.000000000000000000e+00,1.000000000000000000e+00,1.000000000000000000e+00,1.000000000000000000e+00,1.000000000000000000e+00,1.000000000000000000e+00,1.000000000000000000e+00,1.000000000000000000e+00,1.000000000000000000e+00,1.000000000000000000e+00,1.000000000000000000e+00,1.000000000000000000e+00,1.000000000000000000e+00,1.000000000000000000e+00,1.000000000000000000e+00,1.000000000000000000e+00,1.000000000000000000e+00,1.000000000000000000e+00,1.000000000000000000e+00,1.000000000000000000e+00,1.000000000000000000e+00,1.000000000000000000e+00,1.000000000000000000e+00,1.000000000000000000e+00,1.000000000000000000e+00,1.000000000000000000e+00,1.000000000000000000e+00,1.000000000000000000e+00,1.000000000000000000e+00,1.000000000000000000e+00,1.000000000000000000e+00,1.000000000000000000e+00,1.000000000000000000e+00,1.000000000000000000e+00,1.000000000000000000e+00,1.000000000000000000e+00,1.000000000000000000e+00,1.000000000000000000e+00,1.000000000000000000e+00,1.000000000000000000e+00,1.000000000000000000e+00,1.000000000000000000e+00,1.000000000000000000e+00,1.000000000000000000e+00,1.000000000000000000e+00,1.000000000000000000e+00,1.000000000000000000e+00,1.000000000000000000e+00,1.000000000000000000e+00,1.000000000000000000e+00,1.000000000000000000e+00,1.000000000000000000e+00,1.000000000000000000e+00,1.000000000000000000e+00,1.000000000000000000e+00,1.000000000000000000e+00,1.000000000000000000e+00,1.000000000000000000e+00,1.000000000000000000e+00,1.000000000000000000e+00,1.000000000000000000e+00,1.000000000000000000e+00,1.000000000000000000e+00,1.000000000000000000e+00,1.000000000000000000e+00,1.000000000000000000e+00,1.000000000000000000e+00,1.000000000000000000e+00,1.000000000000000000e+00,1.000000000000000000e+00,1.000000000000000000e+00,1.000000000000000000e+00,1.000000000000000000e+00,1.000000000000000000e+00,1.000000000000000000e+00,1.000000000000000000e+00,1.000000000000000000e+00,1.000000000000000000e+00,1.000000000000000000e+00,1.000000000000000000e+00,1.000000000000000000e+00,1.000000000000000000e+00,1.000000000000000000e+00,1.000000000000000000e+00,1.000000000000000000e+00,1.000000000000000000e+00,1.000000000000000000e+00,1.000000000000000000e+00,1.000000000000000000e+00,1.000000000000000000e+00,1.000000000000000000e+00,1.000000000000000000e+00,1.000000000000000000e+00,1.000000000000000000e+00,1.000000000000000000e+00,1.000000000000000000e+00,1.000000000000000000e+00,1.000000000000000000e+00,1.000000000000000000e+00,1.000000000000000000e+00,1.000000000000000000e+00,1.000000000000000000e+00,1.000000000000000000e+00,1.000000000000000000e+00,1.000000000000000000e+00,1.000000000000000000e+00,1.000000000000000000e+00,1.000000000000000000e+00,1.000000000000000000e+00,1.000000000000000000e+00,1.000000000000000000e+00,1.000000000000000000e+00,1.000000000000000000e+00,1.000000000000000000e+00,1.000000000000000000e+00,1.000000000000000000e+00,1.000000000000000000e+00,1.000000000000000000e+00,1.000000000000000000e+00,1.000000000000000000e+00,1.000000000000000000e+00,1.000000000000000000e+00,1.000000000000000000e+00,1.000000000000000000e+00,1.000000000000000000e+00,1.000000000000000000e+00,1.000000000000000000e+00,1.000000000000000000e+00,1.000000000000000000e+00,1.000000000000000000e+00,1.000000000000000000e+00,1.000000000000000000e+00,1.000000000000000000e+00,1.000000000000000000e+00,1.000000000000000000e+00,1.000000000000000000e+00,1.000000000000000000e+00,1.000000000000000000e+00,1.000000000000000000e+00,1.000000000000000000e+00,1.000000000000000000e+00,1.000000000000000000e+00,1.000000000000000000e+00,1.000000000000000000e+00,1.000000000000000000e+00,1.000000000000000000e+00,1.000000000000000000e+00,1.000000000000000000e+00,1.000000000000000000e+00,1.000000000000000000e+00,1.000000000000000000e+00,1.000000000000000000e+00,1.000000000000000000e+00,1.000000000000000000e+00,1.000000000000000000e+00,1.000000000000000000e+00,1.000000000000000000e+00,1.000000000000000000e+00,1.000000000000000000e+00,1.000000000000000000e+00,1.000000000000000000e+00,1.000000000000000000e+00,1.000000000000000000e+00,1.000000000000000000e+00,1.000000000000000000e+00,1.000000000000000000e+00,1.000000000000000000e+00,1.000000000000000000e+00,1.000000000000000000e+00,1.000000000000000000e+00,1.000000000000000000e+00
9.999999999999983347e-01,9.949005256814160703e-01,9.949053659407445238e-01,9.949054470067301148e-01,9.949054541510026217e-01,9.949054554399131556e-01,9.949054557878937999e-01,9.949054559073123860e-01,9.949054559506741446e-01,9.949054559547426679e-01,9.949054559091776717e-01,9.949054557023723211e-01,9.949054545175373132e-01,9.949054407085686780e-01,9.949045477901541368e-01,9.949045475517865889e-01,9.949054399004128024e-01,9.949054512790969085e-01,9.949054316941925435e-01,9.949044568349512119e-01,9.949005256814160703e-01,9.999999999999983347e-01,9.949014338429144066e-01,9.949062600386608946e-01,9.949063401159309317e-01,9.949063471042666196e-01,9.949063483551909837e-01,9.949063486896414510e-01,9.949063488002642952e-01,9.949063488301841396e-01,9.949063487966105512e-01,9.949063485968117071e-01,9.949063474177047839e-01,9.949063336157412119e-01,9.949054407085685670e-01,9.949054405635754383e-01,9.949063331286268630e-01,9.949063454136070073e-01,9.949063315648296602e-01,9.949054319114475353e-01,9.949053659407445238e-01,9.949014338429144066e-01,9.999999999999983347e-01,9.949014488392915467e-01,9.949062740472823796e-01,9.949063539704564585e-01,9.949063609211680204e-01,9.949063621586696771e-01,9.949063624843648146e-01,9.949063625815636192e-01,9.949063625738493455e-01,9.949063623860449068e-01,9.949063612139439350e-01,9.949063474177047839e-01,9.949054545175370912e-01,9.949054544104066755e-01,9.949063470427395028e-01,9.949063595428345730e-01,9.949063465976076825e-01,9.949054526803513543e-01,9.949054470067301148e-01,9.949062600386608946e-01,9.949014488392915467e-01,9.999999999999983347e-01,9.949014502323287878e-01,9.949062752846733471e-01,9.949063551702259645e-01,9.949063621075145969e-01,9.949063633362609238e-01,9.949063636485319106e-01,9.949063637080964861e-01,9.949063635461514732e-01,9.949063623860449068e-01,9.949063485968117071e-01,9.949054557023722101e-01,9.949054556142453709e-01,9.949063482724310736e-01,9.949063608398089897e-01,9.949063481096971362e-01,9.949054550987243006e-01,9.949054541510026217e-01,9.949063401159309317e-01,9.949062740472823796e-01,9.949014502323287878e-01,9.999999999999983347e-01,9.949014504976985140e-01,9.949062755121395041e-01,9.949063553842704133e-01,9.949063623128037159e-01,9.949063635281257811e-01,9.949063638027626499e-01,9.949063637080964861e-01,9.949063625738492345e-01,9.949063487966105512e-01,9.949054559091775607e-01,9.949054558337833143e-01,9.949063485039607579e-01,9.949063610971987659e-01,9.949063484343729780e-01,9.949054556390648507e-01,9.949054554399131556e-01,9.949063471042666196e-01,9.949063539704564585e-01,9.949062752846733471e-01,9.949014504976985140e-01,9.999999999999983347e-01,9.949014505710098710e-01,9.949062755719526585e-01,9.949063554353286820e-01,9.949063623504378340e-01,9.949063635281257811e-01,9.949063636485320217e-01,9.949063625815636192e-01,9.949063488301842506e-01,9.949054559547425569e-01,9.949054558920807922e-01,9.949063485692652975e-01,9.949063611744973779e-01,9.949063485375332361e-01,9.949054558096664946e-01,9.949054557878937999e-01,9.949063483551909837e-01,9.949063609211680204e-01,9.949063551702259645e-01,9.949062755121395041e-01,9.949014505710098710e-01,9.999999999999983347e-01,9.949014505932121111e-01,9.949062755853768092e-01,9.949063554353289041e-01,9.949063623128038270e-01,9.949063633362609238e-01,9.949063624843649256e-01,9.949063488002641842e-01,9.949054559506740336e-01,9.949054559070158454e-01,9.949063485899289905e-01,9.949063612021675773e-01,9.949063485771985071e-01,9.949054558752490340e-01,9.949054559073123860e-01,9.949063486896414510e-01,9.949063621586696771e-01,9.949063621075145969e-01,9.949063553842704133e-01,9.949062755719526585e-01,9.949014505932121111e-01,9.999999999999983347e-01,9.949014505932121111e-01,9.949062755719528806e-01,9.949063553842706353e-01,9.949063621075147079e-01,9.949063621586696771e-01,9.949063486896414510e-01,9.949054559073123860e-01,9.949054559015141352e-01,9.949063485914444449e-01,9.949063612094074527e-01,9.949063485914447780e-01,9.949054559015140242e-01,9.949054559506741446e-01,9.949063488002642952e-01,9.949063624843648146e-01,9.949063633362609238e-01,9.949063623128037159e-01,9.949063554353286820e-01,9.949062755853768092e-01,9.949014505932121111e-01,9.999999999999983347e-01,9.949014505710100931e-01,9.949062755121396151e-01,9.949063551702260755e-01,9.949063609211681314e-01,9.949063483551909837e-01,9.949054557878936889e-01,9.949054558752491451e-01,9.949063485771982851e-01,9.949063612021674663e-01,9.949063485899292125e-01,9.949054559070157344e-01,9.949054559547426679e-01,9.949063488301841396e-01,9.949063625815636192e-01,9.949063636485319106e-01,9.949063635281257811e-01,9.949063623504378340e-01,9.949063554353289041e-01,9.949062755719528806e-01,9.949014505710100931e-01,9.999999999999983347e-01,9.949014504976984030e-01,9.949062752846734581e-01,9.949063539704564585e-01,9.949063471042666196e-01,9.949054554399132666e-01,9.949054558096666057e-01,9.949063485375330140e-01,9.949063611744973779e-01,9.949063485692652975e-01,9.949054558920807922e-01,9.949054559091776717e-01,9.949063487966105512e-01,9.949063625738493455e-01,9.949063637080964861e-01,9.949063638027626499e-01,9.949063635281257811e-01,9.949063623128038270e-01,9.949063553842706353e-01,9.949062755121396151e-01,9.949014504976984030e-01,9.999999999999983347e-01,9.949014502323287878e-01,9.949062740472826016e-01,9.949063401159308206e-01,9.949054541510028438e-01,9.949054556390647397e-01,9.949063484343729780e-01,9.949063610971985439e-01,9.949063485039609800e-01,9.949054558337834253e-01,9.949054557023723211e-01,9.949063485968117071e-01,9.949063623860449068e-01,9.949063635461514732e-01,9.949063637080964861e-01,9.949063636485320217e-01,9.949063633362609238e-01,9.949063621075147079e-01,9.949063551702260755e-01,9.949062752846734581e-01,9.949014502323287878e-01,9.999999999999983347e-01,9.949014488392914357e-01,9.949062600386608946e-01,9.949054470067301148e-01,9.949054550987241896e-01,9.949063481096969142e-01,9.949063608398089897e-01,9.949063482724312957e-01,9.949054556142454819e-01,9.949054545175373132e-01,9.949063474177047839e-01,9.949063612139439350e-01,9.949063623860449068e-01,9.949063625738492345e-01,9.949063625815636192e-01,9.949063624843649256e-01,9.949063621586696771e-01,9.949063609211681314e-01,9.949063539704564585e-01,9.949062740472826016e-01,9.949014488392914357e-01,9.999999999999983347e-01,9.949014338429141846e-01,9.949053659407446348e-01,9.949054526803514653e-01,9.949063465976076825e-01,9.949063595428345730e-01,9.949063470427395028e-01,9.949054544104067865e-01,9.949054407085686780e-01,9.949063336157412119e-01,9.949063474177047839e-01,9.949063485968117071e-01,9.949063487966105512e-01,9.949063488301842506e-01,9.949063488002641842e-01,9.949063486896414510e-01,9.949063483551909837e-01,9.949063471042666196e-01,9.949063401159308206e-01,9.949062600386608946e-01,9.949014338429141846e-01,9.999999999999983347e-01,9.949005256814161813e-01,9.949054319114476463e-01,9.949063315648295491e-01,9.949063454136071183e-01,9.949063331286273071e-01,9.949054405635755494e-01,9.949045477901541368e-01,9.949054407085685670e-01,9.949054545175370912e-01,9.949054557023722101e-01,9.949054559091775607e-01,9.949054559547425569e-01,9.949054559506740336e-01,9.949054559073123860e-01,9.949054557878936889e-01,9.949054554399132666e-01,9.949054541510028438e-01,9.949054470067301148e-01,9.949053659407446348e-01,9.949005256814161813e-01,9.999999999999983347e-01,9.949044568349511009e-01,9.949054316941924325e-01,9.949054512790967975e-01,9.949054399004129134e-01,9.949045475517864778e-01,9.949045475517865889e-01,9.949054405635754383e-01,9.949054544104066755e-01,9.949054556142453709e-01,9.949054558337833143e-01,9.949054558920807922e-01,9.949054559070158454e-01,9.949054559015141352e-01,9.949054558752491451e-01,9.949054558096666057e-01,9.949054556390647397e-01,9.949054550987241896e-01,9.949054526803514653e-01,9.949054319114476463e-01,9.949044568349511009e-01,9.999999999999983347e-01,9.949005253130023263e-01,9.949053643887193488e-01,9.949054316576432244e-01,9.949045459124803426e-01,9.949054399004128024e-01,9.949063331286268630e-01,9.949063470427395028e-01,9.949063482724310736e-01,9.949063485039607579e-01,9.949063485692652975e-01,9.949063485899289905e-01,9.949063485914444449e-01,9.949063485771982851e-01,9.949063485375330140e-01,9.949063484343729780e-01,9.949063481096969142e-01,9.949063465976076825e-01,9.949063315648295491e-01,9.949054316941924325e-01,9.949005253130023263e-01,9.999999999999983347e-01,9.949014320718331250e-01,9.949062444724557919e-01,9.949054316576430024e-01,9.949054512790969085e-01,9.949063454136070073e-01,9.949063595428345730e-01,9.949063608398089897e-01,9.949063610971987659e-01,9.949063611744973779e-01,9.949063612021675773e-01,9.949063612094074527e-01,9.949063612021674663e-01,9.949063611744973779e-01,9.949063610971985439e-01,9.949063608398089897e-01,9.949063595428345730e-01,9.949063454136071183e-01,9.949054512790967975e-01,9.949053643887193488e-01,9.949014320718331250e-01,9.999999999999983347e-01,9.949014320718331250e-01,9.949053643887192377e-01,9.949054316941925435e-01,9.949063315648296602e-01,9.949063465976076825e-01,9.949063481096971362e-01,9.949063484343729780e-01,9.949063485375332361e-01,9.949063485771985071e-01,9.949063485914447780e-01,9.949063485899292125e-01,9.949063485692652975e-01,9.949063485039609800e-01,9.949063482724312957e-01,9.949063470427395028e-01,9.949063331286273071e-01,9.949054399004129134e-01,9.949054316576432244e-01,9.949062444724557919e-01,9.949014320718331250e-01,9.999999999999983347e-01,9.949005253130023263e-01,9.949044568349512119e-01,9.949054319114475353e-01,9.949054526803513543e-01,9.949054550987243006e-01,9.949054556390648507e-01,9.949054558096664946e-01,9.949054558752490340e-01,9.949054559015140242e-01,9.949054559070157344e-01,9.949054558920807922e-01,9.949054558337834253e-01,9.949054556142454819e-01,9.949054544104067865e-01,9.949054405635755494e-01,9.949045475517864778e-01,9.949045459124803426e-01,9.949054316576430024e-01,9.949053643887192377e-01,9.949005253130023263e-01,9.999999999999983347e-01
9.999999999999984457e-01,9.808755253425238685e-01,9.809522098339504836e-01,9.809555392331571477e-01,9.809558397558626464e-01,9.809558956640783700e-01,9.809559109984984371e-01,9.809559162513292740e-01,9.809559180292642955e-01,9.809559178042340788e-01,9.809559145844379824e-01,9.809559009635646643e-01,9.809558240740391399e-01,9.809549475657440842e-01,9.809277622502594607e-01,9.809277501835358404e-01,9.809549060124923558e-01,9.809556520780934319e-01,9.809545560731117719e-01,9.809238408870247783e-01,9.808755253425238685e-01,9.999999999999984457e-01,9.809038141716189818e-01,9.809794799707181046e-01,9.809827390509501255e-01,9.809830287499586854e-01,9.809830820369213056e-01,9.809830964435510836e-01,9.809831011027544401e-01,9.809831019889923009e-01,9.809830992860637533e-01,9.809830859680870319e-01,9.809830093258108397e-01,9.809821331002964717e-01,9.809549475657440842e-01,9.809549395803759397e-01,9.809821055001399781e-01,9.809828905478585881e-01,9.809820388136405445e-01,9.809545703115811754e-01,9.809522098339504836e-01,9.809038141716189818e-01,9.999999999999984457e-01,9.809047746411573288e-01,9.809803700398543880e-01,9.809836188250496969e-01,9.809839060309750725e-01,9.809839584295929615e-01,9.809839722576009224e-01,9.809839760316728663e-01,9.809839744430520758e-01,9.809839616432076692e-01,9.809838853040487860e-01,9.809830093258108397e-01,9.809558240740389179e-01,9.809558177268672408e-01,9.809829865583817865e-01,9.809837808094038492e-01,9.809829674479326744e-01,9.809557432145330491e-01,9.809555392331571477e-01,9.809794799707181046e-01,9.809047746411573288e-01,9.999999999999984457e-01,9.809048658735889381e-01,9.809804504736269193e-01,9.809836967667299179e-01,9.809839830863853471e-01,9.809840349071489163e-01,9.809840478503394356e-01,9.809840491496927273e-01,9.809840374642168070e-01,9.809839616432076692e-01,9.809830859680870319e-01,9.809559009635646643e-01,9.809558954395593000e-01,9.809830653850343252e-01,9.809838625268977319e-01,9.809830583682673799e-01,9.809558730935205029e-01,9.809558397558626464e-01,9.809827390509501255e-01,9.809803700398543880e-01,9.809048658735889381e-01,9.999999999999984457e-01,9.809048834053401000e-01,9.809804653957424625e-01,9.809837108009040740e-01,9.809839965427217257e-01,9.809840474787002718e-01,9.809840579471880151e-01,9.809840491496928383e-01,9.809839744430521868e-01,9.809830992860637533e-01,9.809559145844378714e-01,9.809559096125626265e-01,9.809830800754815172e-01,9.809838783322009093e-01,9.809830770677497869e-01,9.809559011460451394e-01,9.809558956640783700e-01,9.809830287499586854e-01,9.809836188250496969e-01,9.809804504736269193e-01,9.809048834053401000e-01,9.999999999999984457e-01,9.809048882654470836e-01,9.809804693336624526e-01,9.809837141604089705e-01,9.809839990174229474e-01,9.809840474787002718e-01,9.809840478503396577e-01,9.809839760316730883e-01,9.809831019889924120e-01,9.809559178042343008e-01,9.809559133844631962e-01,9.809830841507828358e-01,9.809838829257936377e-01,9.809830827774231876e-01,9.809559097955720119e-01,9.809559109984984371e-01,9.809830820369213056e-01,9.809839060309750725e-01,9.809836967667299179e-01,9.809804653957424625e-01,9.809048882654470836e-01,9.999999999999984457e-01,9.809048897393863875e-01,9.809804702186062375e-01,9.809837141604088595e-01,9.809839965427215036e-01,9.809840349071489163e-01,9.809839722576007004e-01,9.809831011027542180e-01,9.809559180292642955e-01,9.809559144324658808e-01,9.809830854481822460e-01,9.809838845264229334e-01,9.809830848968161821e-01,9.809559130481362299e-01,9.809559162513292740e-01,9.809830964435510836e-01,9.809839584295929615e-01,9.809839830863853471e-01,9.809837108009040740e-01,9.809804693336624526e-01,9.809048897393863875e-01,9.999999999999984457e-01,9.809048897393862765e-01,9.809804693336623416e-01,9.809837108009038520e-01,9.809839830863853471e-01,9.809839584295928505e-01,9.809830964435509726e-01,9.809559162513292740e-01,9.809559142904022977e-01,9.809830856129294618e-01,9.809838849391359084e-01,9.809830856129293508e-01,9.809559142904022977e-01,9.809559180292642955e-01,9.809831011027544401e-01,9.809839722576009224e-01,9.809840349071489163e-01,9.809839965427217257e-01,9.809837141604089705e-01,9.809804702186062375e-01,9.809048897393862765e-01,9.999999999999984457e-01,9.809048882654468615e-01,9.809804653957421294e-01,9.809836967667298069e-01,9.809839060309749614e-01,9.809830820369210835e-01,9.809559109984983261e-01,9.809559130481362299e-01,9.809830848968164041e-01,9.809838845264229334e-01,9.809830854481822460e-01,9.809559144324659918e-01,9.809559178042340788e-01,9.809831019889923009e-01,9.809839760316728663e-01,9.809840478503394356e-01,9.809840474787002718e-01,9.809839990174229474e-01,9.809837141604088595e-01,9.809804693336623416e-01,9.809048882654468615e-01,9.999999999999984457e-01,9.809048834053397670e-01,9.809804504736265862e-01,9.809836188250498079e-01,9.809830287499584633e-01,9.809558956640781480e-01,9.809559097955721230e-01,9.809830827774234097e-01,9.809838829257938597e-01,9.809830841507826138e-01,9.809559133844631962e-01,9.809559145844379824e-01,9.809830992860637533e-01,9.809839744430520758e-01,9.809840491496927273e-01,9.809840579471880151e-01,9.809840474787002718e-01,9.809839965427215036e-01,9.809837108009038520e-01,9.809804653957421294e-01,9.809048834053397670e-01,9.999999999999984457e-01,9.809048658735886050e-01,9.809803700398542770e-01,9.809827390509497924e-01,9.809558397558625353e-01,9.809559011460453615e-01,9.809830770677498979e-01,9.809838783322010203e-01,9.809830800754814062e-01,9.809559096125626265e-01,9.809559009635646643e-01,9.809830859680870319e-01,9.809839616432076692e-01,9.809840374642168070e-01,9.809840491496928383e-01,9.809840478503396577e-01,9.809840349071489163e-01,9.809839830863853471e-01,9.809836967667298069e-01,9.809804504736265862e-01,9.809048658735886050e-01,9.999999999999984457e-01,9.809047746411574398e-01,9.809794799707181046e-01,9.809555392331572587e-01,9.809558730935203918e-01,9.809830583682672689e-01,9.809838625268975099e-01,9.809830653850341031e-01,9.809558954395593000e-01,9.809558240740391399e-01,9.809830093258108397e-01,9.809838853040487860e-01,9.809839616432076692e-01,9.809839744430521868e-01,9.809839760316730883e-01,9.809839722576007004e-01,9.809839584295928505e-01,9.809839060309749614e-01,9.809836188250498079e-01,9.809803700398542770e-01,9.809047746411574398e-01,9.999999999999984457e-01,9.809038141716188708e-01,9.809522098339504836e-01,9.809557432145329381e-01,9.809829674479328965e-01,9.809837808094040712e-01,9.809829865583817865e-01,9.809558177268674628e-01,9.809549475657440842e-01,9.809821331002964717e-01,9.809830093258108397e-01,9.809830859680870319e-01,9.809830992860637533e-01,9.809831019889924120e-01,9.809831011027542180e-01,9.809830964435509726e-01,9.809830820369210835e-01,9.809830287499584633e-01,9.809827390509497924e-01,9.809794799707181046e-01,9.809038141716188708e-01,9.999999999999984457e-01,9.808755253425238685e-01,9.809545703115809534e-01,9.809820388136405445e-01,9.809828905478586991e-01,9.809821055001398671e-01,9.809549395803760508e-01,9.809277622502594607e-01,9.809549475657440842e-01,9.809558240740389179e-01,9.809559009635646643e-01,9.809559145844378714e-01,9.809559178042343008e-01,9.809559180292642955e-01,9.809559162513292740e-01,9.809559109984983261e-01,9.809558956640781480e-01,9.809558397558625353e-01,9.809555392331572587e-01,9.809522098339504836e-01,9.808755253425238685e-01,9.999999999999984457e-01,9.809238408870246673e-01,9.809545560731117719e-01,9.809556520780933209e-01,9.809549060124922448e-01,9.809277501835358404e-01,9.809277501835358404e-01,9.809549395803759397e-01,9.809558177268672408e-01,9.809558954395593000e-01,9.809559096125626265e-01,9.809559133844631962e-01,9.809559144324658808e-01,9.809559142904022977e-01,9.809559130481362299e-01,9.809559097955721230e-01,9.809559011460453615e-01,9.809558730935203918e-01,9.809557432145329381e-01,9.809545703115809534e-01,9.809238408870246673e-01,9.999999999999984457e-01,9.808755009677466719e-01,9.809521087299828412e-01,9.809545621840916052e-01,9.809276786545276794e-01,9.809549060124923558e-01,9.809821055001399781e-01,9.809829865583817865e-01,9.809830653850343252e-01,9.809830800754815172e-01,9.809830841507828358e-01,9.809830854481822460e-01,9.809830856129294618e-01,9.809830848968164041e-01,9.809830827774234097e-01,9.809830770677498979e-01,9.809830583682672689e-01,9.809829674479328965e-01,9.809820388136405445e-01,9.809545560731117719e-01,9.808755009677466719e-01,9.999999999999984457e-01,9.809036979318568328e-01,9.809784884359804558e-01,9.809545621840914942e-01,9.809556520780934319e-01,9.809828905478585881e-01,9.809837808094038492e-01,9.809838625268977319e-01,9.809838783322009093e-01,9.809838829257936377e-01,9.809838845264229334e-01,9.809838849391359084e-01,9.809838845264229334e-01,9.809838829257938597e-01,9.809838783322010203e-01,9.809838625268975099e-01,9.809837808094040712e-01,9.809828905478586991e-01,9.809556520780933209e-01,9.809521087299828412e-01,9.809036979318568328e-01,9.999999999999984457e-01,9.809036979318567218e-01,9.809521087299828412e-01,9.809545560731117719e-01,9.809820388136405445e-01,9.809829674479326744e-01,9.809830583682673799e-01,9.809830770677497869e-01,9.809830827774231876e-01,9.809830848968161821e-01,9.809830856129293508e-01,9.809830854481822460e-01,9.809830841507826138e-01,9.809830800754814062e-01,9.809830653850341031e-01,9.809829865583817865e-01,9.809821055001398671e-01,9.809549060124922448e-01,9.809545621840916052e-01,9.809784884359804558e-01,9.809036979318567218e-01,9.999999999999984457e-01,9.808755009677467829e-01,9.809238408870247783e-01,9.809545703115811754e-01,9.809557432145330491e-01,9.809558730935205029e-01,9.809559011460451394e-01,9.809559097955720119e-01,9.809559130481362299e-01,9.809559142904022977e-01,9.809559144324659918e-01,9.809559133844631962e-01,9.809559096125626265e-01,9.809558954395593000e-01,9.809558177268674628e-01,9.809549395803760508e-01,9.809277501835358404e-01,9.809276786545276794e-01,9.809545621840914942e-01,9.809521087299828412e-01,9.808755009677467829e-01,9.999999999999984457e-01
9.999999999999995559e-01,9.810261527634933643e-01,9.810996274498035019e-01,9.811040395923441571e-01,9.811044556759299651e-01,9.811045402230312851e-01,9.811045646775492513e-01,9.811045727533949101e-01,9.811045740959688510e-01,9.811045695232814001e-01,9.811045519791593561e-01,9.811044845435737960e-01,9.811041140094318713e-01,9.810999413969475613e-01,9.809946701455986018e-01,9.809946355446554911e-01,9.810998164389438392e-01,9.811035477821907769e-01,9.810993596665605887e-01,9.809893627525370086e-01,9.810261527634933643e-01,9.999999999999995559e-01,9.811364897084182690e-01,9.812053356095647993e-01,9.812093949048031893e-01,9.812097568464606123e-01,9.812098281947748690e-01,9.812098479644978388e-01,9.812098530514409278e-01,9.812098499366227466e-01,9.812098330747963670e-01,9.812097660384624387e-01,9.812093958050047693e-01,9.812052231714901707e-01,9.810999413969475613e-01,9.810999124560467743e-01,9.812051171487329304e-01,9.812089000140290507e-01,9.812050305375503712e-01,9.810994296368283907e-01,9.810996274498035019e-01,9.811364897084182690e-01,9.999999999999995559e-01,9.811410687797984531e-01,9.812095781306301445e-01,9.812135857649684212e-01,9.812139352451585417e-01,9.812140021416211333e-01,9.812140190113962657e-01,9.812140196800245295e-01,9.812140042946588814e-01,9.812139379497296643e-01,9.812135681216432870e-01,9.812093958050047693e-01,9.811041140094317603e-01,9.811040872792373690e-01,9.812092962042239241e-01,9.812130910787317806e-01,9.812092710739144241e-01,9.811039887728730813e-01,9.811040395923441571e-01,9.812053356095647993e-01,9.811410687797984531e-01,9.999999999999995559e-01,9.811415102794982523e-01,9.812099668765883465e-01,9.812139620464208623e-01,9.812143070956730329e-01,9.812143710998746382e-01,9.812143835544404613e-01,9.812143719539139219e-01,9.812143070860979144e-01,9.812139379497297753e-01,9.812097660384622166e-01,9.811044845435736850e-01,9.811044589262070126e-01,9.812096693528057356e-01,9.812134680303227219e-01,9.812096600202351304e-01,9.811044288020461801e-01,9.811044556759299651e-01,9.812093949048031893e-01,9.812095781306301445e-01,9.811415102794982523e-01,9.999999999999995559e-01,9.811415966996034355e-01,9.812100403857422215e-01,9.812140311047796715e-01,9.812143732619187375e-01,9.812144328512436564e-01,9.812144330368194334e-01,9.812143719539136999e-01,9.812140042946588814e-01,9.812098330747962560e-01,9.811045519791590230e-01,9.811045271104852361e-01,9.812097382291989911e-01,9.812135383869308169e-01,9.812097342020223989e-01,9.811045155833710840e-01,9.811045402230312851e-01,9.812097568464606123e-01,9.812135857649684212e-01,9.812099668765883465e-01,9.811415966996034355e-01,9.999999999999995559e-01,9.811416208770197267e-01,9.812100599686247593e-01,9.812140477888322554e-01,9.812143855308930185e-01,9.812144328512437674e-01,9.812143835544404613e-01,9.812140196800246406e-01,9.812098499366226356e-01,9.811045695232811781e-01,9.811045454031270818e-01,9.812097569304384370e-01,9.812135577808827058e-01,9.812097550846513583e-01,9.811045404925496927e-01,9.811045646775492513e-01,9.812098281947748690e-01,9.812139352451585417e-01,9.812139620464208623e-01,9.812100403857422215e-01,9.811416208770197267e-01,9.999999999999995559e-01,9.811416282385435617e-01,9.812100643853286508e-01,9.812140477888322554e-01,9.812143732619188485e-01,9.812143710998747492e-01,9.812140190113963767e-01,9.812098530514408168e-01,9.811045740959687400e-01,9.811045510873596109e-01,9.812097629556374434e-01,9.812135642133370528e-01,9.812097622131729091e-01,9.811045491887578907e-01,9.811045727533949101e-01,9.812098479644978388e-01,9.812140021416211333e-01,9.812143070956730329e-01,9.812140311047796715e-01,9.812100599686247593e-01,9.811416282385435617e-01,9.999999999999995559e-01,9.811416282385435617e-01,9.812100599686248703e-01,9.812140311047798935e-01,9.812143070956731439e-01,9.812140021416214664e-01,9.812098479644977278e-01,9.811045727533947991e-01,9.811045519396226489e-01,9.812097642328434510e-01,9.812135658245195735e-01,9.812097642328433400e-01,9.811045519396224268e-01,9.811045740959688510e-01,9.812098530514409278e-01,9.812140190113962657e-01,9.812143710998746382e-01,9.812143732619187375e-01,9.812140477888322554e-01,9.812100643853286508e-01,9.811416282385435617e-01,9.999999999999995559e-01,9.811416208770198377e-01,9.812100403857424435e-01,9.812139620464209733e-01,9.812139352451588747e-01,9.812098281947749800e-01,9.811045646775491402e-01,9.811045491887581127e-01,9.812097622131730201e-01,9.812135642133370528e-01,9.812097629556373324e-01,9.811045510873593889e-01,9.811045695232814001e-01,9.812098499366227466e-01,9.812140196800245295e-01,9.812143835544404613e-01,9.812144328512436564e-01,9.812143855308930185e-01,9.812140477888322554e-01,9.812100599686248703e-01,9.811416208770198377e-01,9.999999999999995559e-01,9.811415966996035465e-01,9.812099668765883465e-01,9.812135857649687543e-01,9.812097568464607233e-01,9.811045402230311741e-01,9.811045404925498037e-01,9.812097550846513583e-01,9.812135577808824838e-01,9.812097569304383260e-01,9.811045454031269708e-01,9.811045519791593561e-01,9.812098330747963670e-01,9.812140042946588814e-01,9.812143719539139219e-01,9.812144330368194334e-01,9.812144328512437674e-01,9.812143732619188485e-01,9.812140311047798935e-01,9.812100403857424435e-01,9.811415966996035465e-01,9.999999999999995559e-01,9.811415102794981413e-01,9.812095781306305886e-01,9.812093949048031893e-01,9.811044556759298541e-01,9.811045155833711950e-01,9.812097342020227320e-01,9.812135383869307059e-01,9.812097382291987691e-01,9.811045271104851251e-01,9.811044845435737960e-01,9.812097660384624387e-01,9.812139379497296643e-01,9.812143070860979144e-01,9.812143719539136999e-01,9.812143835544404613e-01,9.812143710998747492e-01,9.812143070956731439e-01,9.812139620464209733e-01,9.812099668765883465e-01,9.811415102794981413e-01,9.999999999999995559e-01,9.811410687797987862e-01,9.812053356095647993e-01,9.811040395923440460e-01,9.811044288020461801e-01,9.812096600202353525e-01,9.812134680303226109e-01,9.812096693528054026e-01,9.811044589262066795e-01,9.811041140094318713e-01,9.812093958050047693e-01,9.812135681216432870e-01,9.812139379497297753e-01,9.812140042946588814e-01,9.812140196800246406e-01,9.812140190113963767e-01,9.812140021416214664e-01,9.812139352451588747e-01,9.812135857649687543e-01,9.812095781306305886e-01,9.811410687797987862e-01,9.999999999999995559e-01,9.811364897084184911e-01,9.810996274498035019e-01,9.811039887728731923e-01,9.812092710739146462e-01,9.812130910787315585e-01,9.812092962042239241e-01,9.811040872792373690e-01,9.810999413969475613e-01,9.812052231714901707e-01,9.812093958050047693e-01,9.812097660384622166e-01,9.812098330747962560e-01,9.812098499366226356e-01,9.812098530514408168e-01,9.812098479644977278e-01,9.812098281947749800e-01,9.812097568464607233e-01,9.812093949048031893e-01,9.812053356095647993e-01,9.811364897084184911e-01,9.999999999999995559e-01,9.810261527634931422e-01,9.810994296368285017e-01,9.812050305375503712e-01,9.812089000140289397e-01,9.812051171487327084e-01,9.810999124560464413e-01,9.809946701455986018e-01,9.810999413969475613e-01,9.811041140094317603e-01,9.811044845435736850e-01,9.811045519791590230e-01,9.811045695232811781e-01,9.811045740959687400e-01,9.811045727533947991e-01,9.811045646775491402e-01,9.811045402230311741e-01,9.811044556759298541e-01,9.811040395923440460e-01,9.810996274498035019e-01,9.810261527634931422e-01,9.999999999999995559e-01,9.809893627525368975e-01,9.810993596665603667e-01,9.811035477821906658e-01,9.810998164389436171e-01,9.809946355446551580e-01,9.809946355446554911e-01,9.810999124560467743e-01,9.811040872792373690e-01,9.811044589262070126e-01,9.811045271104852361e-01,9.811045454031270818e-01,9.811045510873596109e-01,9.811045519396226489e-01,9.811045491887581127e-01,9.811045404925498037e-01,9.811045155833711950e-01,9.811044288020461801e-01,9.811039887728731923e-01,9.810994296368285017e-01,9.809893627525368975e-01,9.999999999999995559e-01,9.810260320983098525e-01,9.810991364522646530e-01,9.810993772348083342e-01,9.809945246342374192e-01,9.810998164389438392e-01,9.812051171487329304e-01,9.812092962042239241e-01,9.812096693528057356e-01,9.812097382291989911e-01,9.812097569304384370e-01,9.812097629556374434e-01,9.812097642328434510e-01,9.812097622131730201e-01,9.812097550846513583e-01,9.812097342020227320e-01,9.812096600202353525e-01,9.812092710739146462e-01,9.812050305375503712e-01,9.810993596665603667e-01,9.810260320983098525e-01,9.999999999999995559e-01,9.811359244925768053e-01,9.812006003538309429e-01,9.810993772348083342e-01,9.811035477821907769e-01,9.812089000140290507e-01,9.812130910787317806e-01,9.812134680303227219e-01,9.812135383869308169e-01,9.812135577808827058e-01,9.812135642133370528e-01,9.812135658245195735e-01,9.812135642133370528e-01,9.812135577808824838e-01,9.812135383869307059e-01,9.812134680303226109e-01,9.812130910787315585e-01,9.812089000140289397e-01,9.811035477821906658e-01,9.810991364522646530e-01,9.811359244925768053e-01,9.999999999999995559e-01,9.811359244925768053e-01,9.810991364522645419e-01,9.810993596665605887e-01,9.812050305375503712e-01,9.812092710739144241e-01,9.812096600202351304e-01,9.812097342020223989e-01,9.812097550846513583e-01,9.812097622131729091e-01,9.812097642328433400e-01,9.812097629556373324e-01,9.812097569304383260e-01,9.812097382291987691e-01,9.812096693528054026e-01,9.812092962042239241e-01,9.812051171487327084e-01,9.810998164389436171e-01,9.810993772348083342e-01,9.812006003538309429e-01,9.811359244925768053e-01,9.999999999999995559e-01,9.810260320983097415e-01,9.809893627525370086e-01,9.810994296368283907e-01,9.811039887728730813e-01,9.811044288020461801e-01,9.811045155833710840e-01,9.811045404925496927e-01,9.811045491887578907e-01,9.811045519396224268e-01,9.811045510873593889e-01,9.811045454031269708e-01,9.811045271104851251e-01,9.811044589262066795e-01,9.811040872792373690e-01,9.810999124560464413e-01,9.809946355446551580e-01,9.809945246342374192e-01,9.810993772348083342e-01,9.810991364522645419e-01,9.810260320983097415e-01,9.999999999999995559e-01
