1.000000000000000000e+00,1.000000000000000000e+00,1.000000000000000000e+00,1.000000000000000000e+00,1.000000000000000000e+00,1.000000000000000000e+00,1.000000000000000000e+00,1.000000000000000000e+00,1.000000000000000000e+00,1.000000000000000000e+00,1.000000000000000000e+00,1.000000000000000000e+00,1.000000000000000000e+00,1.000000000000000000e+00,1.000000000000000000e+00,1.000000000000000000e+00,1.000000000000000000e+00,1.000000000000000000e+00,1.000000000000000000e+00,1.000000000000000000e+00,1.000000000000000000e+00,1.000000000000000000e+00,1.000000000000000000e+00,1.000000000000000000e+00,1.000000000000000000e+00,1.000000000000000000e+00,1.000000000000000000e+00,1.000000000000000000e+00,1.000000000000000000e+00,1.000000000000000000e+00,1.000000000000000000e+00,1.000000000000000000e+00,1.000000000000000000e+00,1.000000000000000000e+00,1.000000000000000000e+00,1.000000000000000000e+00,1.000000000000000000e+00,1.000000000000000000e+00,1.000000000000000000e+00,1.000000000000000000e+00,1.000000000000000000e+00,1.000000000000000000e+00,1.000000000000000000e+00,1.000000000000000000e+00,1.000000000000000000e+00,1.000000000000000000e+00,1.000000000000000000e+00,1.000000000000000000e+00,1.000000000000000000e+00,1.000000000000000000e+00,1.000000000000000000e+00,1.000000000000000000e+00,1.000000000000000000e+00,1.000000000000000000e+00,1.000000000000000000e+00,1.000000000000000000e+00,1.000000000000000000e+00,1.000000000000000000e+00,1.000000000000000000e+00,1.000000000000000000e+00,1.000000000000000000e+00,1.000000000000000000e+00,1.000000000000000000e+00,1.000000000000000000e+00,1.000000000000000000e+00,1.000000000000000000e+00,1.000000000000000000e+00,1.000000000000000000e+00,1.000000000000000000e+00,1.000000000000000000e+00,1.000000000000000000e+00,1.000000000000000000e+00,1.000000000000000000e+00,1.000000000000000000e+00,1.000000000000000000e+00,1.000000000000000000e+00,1.000000000000000000e+00,1.000000000000000000e+00,1.000000000000000000e+00,1.000000000000000000e+00,1.000000000000000000e+00,1.000000000000000000e+00,1.000000000000000000e+00,1.000000000000000000e+00,1.000000000000000000e+00,1.000000000000000000e+00,1.000000000000000000e+00,1.000000000000000000e+00,1.000000000000000000e+00,1.000000000000000000e+00,1.000000000000000000e+00,1.000000000000000000e+00,1.000000000000000000e+00,1.000000000000000000e+00,1.000000000000000000e+00,1.000000000000000000e+00,1.000000000000000000e+00,1.000000000000000000e+00,1.000000000000000000e+00,1.000000000000000000e+00,1.000000000000000000e+00,1.000000000000000000e+00,1.000000000000000000e+00,1.000000000000000000e+00,1.000000000000000000e+00,1.000000000000000000e+00,1.000000000000000000e+00,1.000000000000000000e+00,1.000000000000000000e+00,1.000000000000000000e+00,1.000000000000000000e+00,1.000000000000000000e+00,1.000000000000000000e+00,1.000000000000000000e+00,1.000000000000000000e+00,1.000000000000000000e+00,1.000000000000000000e+00,1.000000000000000000e+00,1.000000000000000000e+00,1.000000000000000000e+00,1.000000000000000000e+00,1.000000000000000000e+00,1.000000000000000000e+00,1.000000000000000000e+00,1.000000000000000000e+00,1.000000000000000000e+00,1.000000000000000000e+00,1.000000000000000000e+00,1.000000000000000000e+00,1.000000000000000000e+00,1.000000000000000000e+00,1.000000000000000000e+00,1.000000000000000000e+00,1.000000000000000000e+00,1.000000000000000000e+00,1.000000000000000000e+00,1.000000000000000000e+00,1.000000000000000000e+00,1.000000000000000000e+00,1.000000000000000000e+00,1.000000000000000000e+00,1.000000000000000000e+00,1.000000000000000000e+00,1.000000000000000000e+00,1.000000000000000000e+00,1.000000000000000000e+00,1.000000000000000000e+00,1.000000000000000000e+00,1.000000000000000000e+00,1.000000000000000000e+00,1.000000000000000000e+00,1.000000000000000000e+00,1.000000000000000000e+00,1.000000000000000000e+00,1.000000000000000000e+00,1.000000000000000000e+00,1.000000000000000000e+00,1.000000000000000000e+00,1.000000000000000000e+00,1.000000000000000000e+00,1.000000000000000000e+00,1.000000000000000000e+00,1.000000000000000000e+00,1.000000000000000000e+00,1.000000000000000000e+00,1.000000000000000000e+00,1.000000000000000000e+00,1.000000000000000000e+00,1.000000000000000000e+00,1.000000000000000000e+00,1.000000000000000000e+00,1.000000000000000000e+00,1.000000000000000000e+00,1.000000000000000000e+00,1.000000000000000000e+00,1.000000000000000000e+00,1.000000000000000000e+00,1.000000000000000000e+00,1.000000000000000000e+00,1.000000000000000000e+00,1.000000000000000000e+00,1.000000000000000000e+00,1.000000000000000000e+00,1.000000000000000000e+00,1.000000000000000000e+00,1.000000000000000000e+00,1.000000000000000000e+00,1.000000000000000000e+00,1.000000000000000000e+00,1.000000000000000000e+00,1.000000000000000000e+00,1.000000000000000000e+00,1.000000000000000000e+00,1.000000000000000000e+00,1.000000000000000000e+00,1.000000000000000000e+00,1.000000000000000000e+00,1.000000000000000000e+00,1.000000000000000000e+00,1.000000000000000000e+00,1.000000000000000000e+00,1.000000000000000000e+00,1.000000000000000000e+00,1.000000000000000000e+00,1.000000000000000000e+00,1.000000000000000000e+00,1.000000000000000000e+00,1.000000000000000000e+00,1.000000000000000000e+00,1.000000000000000000e+00,1.000000000000000000e+00,1.000000000000000000e+00,1.000000000000000000e+00,1.000000000000000000e+00,1.000000000000000000e+00,1.000000000000000000e+00,1.000000000000000000e+00,1.000000000000000000e+00,1.000000000000000000e+00,1.000000000000000000e+00,1.000000000000000000e+00,1.000000000000000000e+00,1.000000000000000000e+00,1.000000000000000000e+00,1.000000000000000000e+00,1.000000000000000000e+00,1.000000000000000000e+00,1.000000000000000000e+00,1.000000000000000000e+00,1.000000000000000000e+00,1.000000000000000000e+00,1.000000000000000000e+00,1.000000000000000000e+00,1.000000000000000000e+00,1.000000000000000000e+00,1.000000000000000000e+00,1.000000000000000000e+00,1.000000000000000000e+00,1.000000000000000000e+00,1.000000000000000000e+00,1.000000000000000000e+00,1.000000000000000000e+00,1.000000000000000000e+00,1.000000000000000000e+00,1.000000000000000000e+00,1.000000000000000000e+00,1.000000000000000000e+00,1.000000000000000000e+00,1.000000000000000000e+00,1.000000000000000000e+00,1.000000000000000000e+00,1.000000000000000000e+00,1.000000000000000000e+00,1.000000000000000000e+00,1.000000000000000000e+00,1.000000000000000000e+00,1.000000000000000000e+00,1.000000000000000000e+00,1.000000000000000000e+00,1.000000000000000000e+00,1.000000000000000000e+00,1.000000000000000000e+00,1.000000000000000000e+00,1.000000000000000000e+00,1.000000000000000000e+00,1.000000000000000000e+00,1.000000000000000000e+00,1.000000000000000000e+00,1.000000000000000000e+00,1.000000000000000000e+00,1.000000000000000000e+00,1.000000000000000000e+00,1.000000000000000000e+00,1.000000000000000000e+00,1.000000000000000000e+00,1.000000000000000000e+00,1.000000000000000000e+00,1.000000000000000000e+00,1.000000000000000000e+00,1.000000000000000000e+00,1.000000000000000000e+00,1.000000000000000000e+00,1.000000000000000000e+00,1.000000000000000000e+00,1.000000000000000000e+00,1.000000000000000000e+00,1.000000000000000000e+00,1.000000000000000000e+00,1.000000000000000000e+00,1.000000000000000000e+00,1.000000000000000000e+00,1.000000000000000000e+00,1.000000000000000000e+00,1.000000000000000000e+00,1.000000000000000000e+00,1.000000000000000000e+00,1.000000000000000000e+00,1.000000000000000000e+00,1.000000000000000000e+00,1.000000000000000000e+00,1.000000000000000000e+00,1.000000000000000000e+00,1.000000000000000000e+00,1.000000000000000000e+00,1.000000000000000000e+00,1.000000000000000000e+00,1.000000000000000000e+00,1.000000000000000000e+00,1.000000000000000000e+00,1.000000000000000000e+00,1.000000000000000000e+00,1.000000000000000000e+00,1.000000000000000000e+00,1.000000000000000000e+00,1.000000000000000000e+00,1.000000000000000000e+00,1.000000000000000000e+00,1.000000000000000000e+00,1.000000000000000000e+00,1.000000000000000000e+00,1.000000000000000000e+00,1.000000000000000000e+00,1.000000000000000000e+00,1.000000000000000000e+00,1.000000000000000000e+00,1.000000000000000000e+00,1.000000000000000000e+00,1.000000000000000000e+00,1.000000000000000000e+00,1.000000000000000000e+00,1.000000000000000000e+00,1.000000000000000000e+00,1.000000000000000000e+00,1.000000000000000000e+00,1.000000000000000000e+00,1.000000000000000000e+00,1.000000000000000000e+00,1.000000000000000000e+00,1.000000000000000000e+00,1.000000000000000000e+00,1.000000000000000000e+00,1.000000000000000000e+00,1.000000000000000000e+00,1.000000000000000000e+00,1.000000000000000000e+00,1.000000000000000000e+00,1.000000000000000000e+00,1.000000000000000000e+00,1.000000000000000000e+00,1.000000000000000000e+00,1.000000000000000000e+00,1.000000000000000000e+00,1.000000000000000000e+00,1.000000000000000000e+00,1.000000000000000000e+00,1.000000000000000000e+00,1.000000000000000000e+00,1.000000000000000000e+00,1.000000000000000000e+00,1.000000000000000000e+00,1.000000000000000000e+00,1.000000000000000000e+00,1.000000000000000000e+00,1.000000000000000000e+00,1.000000000000000000e+00,1.000000000000000000e+00,1.000000000000000000e+00,1.000000000000000000e+00,1.000000000000000000e+00,1.000000000000000000e+00,1.000000000000000000e+00,1.000000000000000000e+00,1.000000000000000000e+00,1.000000000000000000e+00,1.000000000000000000e+00,1.000000000000000000e+00,1.000000000000000000e+00,1.000000000000000000e+00,1.000000000000000000e+00,1.000000000000000000e+00,1.000000000000000000e+00,1.000000000000000000e+00,1.000000000000000000e+00,1.000000000000000000e+00,1.000000000000000000e+00,1.000000000000000000e+00,1.000000000000000000e+00,1.000000000000000000e+00,1.000000000000000000e+00,1.000000000000000000e+00,1.000000000000000000e+00,1.000000000000000000e+00,1.000000000000000000e+00,1.000000000000000000e+00,1.000000000000000000e+00,1.000000000000000000e+00,1.000000000000000000e+00,1.000000000000000000e+00,1.000000000000000000e+00,1.000000000000000000e+00
9.999999999999995559e-01,9.949005239221218044e-01,9.949053503842952839e-01,9.949045385577887091e-01,9.949045469923322171e-01,9.949054402312539347e-01,9.949054541497719395e-01,9.949054553815103175e-01,9.949054556142333805e-01,9.949054556805092542e-01,9.949054557023581102e-01,9.949054557058988335e-01,9.949054556960194029e-01,9.949054556677242589e-01,9.949054556009562233e-01,9.949054554293856878e-01,9.949054548878597526e-01,9.949054524674567634e-01,9.949054316941753351e-01,9.949044566062787975e-01,9.949005239221218044e-01,9.999999999999995559e-01,9.949014170808572199e-01,9.949053503842952839e-01,9.949054374642438692e-01,9.949063316101431909e-01,9.949063457437476998e-01,9.949063470427519373e-01,9.949063473013272096e-01,9.949063473795947132e-01,9.949063474084504088e-01,9.949063474177203270e-01,9.949063474148580610e-01,9.949063473985818584e-01,9.949063473577310912e-01,9.949063472536022745e-01,9.949063469277408256e-01,9.949063454136215512e-01,9.949063303764661415e-01,9.949054304944282556e-01,9.949053503842952839e-01,9.949014170808572199e-01,9.999999999999995559e-01,9.949005239221216934e-01,9.949054304944281446e-01,9.949063303764658084e-01,9.949063454136214402e-01,9.949063469277408256e-01,9.949063472536022745e-01,9.949063473577310912e-01,9.949063473985817474e-01,9.949063474148580610e-01,9.949063474177204380e-01,9.949063474084505199e-01,9.949063473795946022e-01,9.949063473013272096e-01,9.949063470427521594e-01,9.949063457437479219e-01,9.949063316101430798e-01,9.949054374642438692e-01,9.949045385577887091e-01,9.949053503842952839e-01,9.949005239221216934e-01,9.999999999999995559e-01,9.949044566062790196e-01,9.949054316941753351e-01,9.949054524674568745e-01,9.949054548878597526e-01,9.949054554293856878e-01,9.949054556009562233e-01,9.949054556677243699e-01,9.949054556960194029e-01,9.949054557058988335e-01,9.949054557023579992e-01,9.949054556805090321e-01,9.949054556142331585e-01,9.949054553815102064e-01,9.949054541497718285e-01,9.949054402312539347e-01,9.949045469923323282e-01,9.949045469923322171e-01,9.949054374642438692e-01,9.949054304944281446e-01,9.949044566062790196e-01,9.999999999999995559e-01,9.949005256538316910e-01,9.949053659175658426e-01,9.949054469855811433e-01,9.949054541310395905e-01,9.949054554209186829e-01,9.949054557700847123e-01,9.949054558915332303e-01,9.949054559392728203e-01,9.949054559547354515e-01,9.949054559456190772e-01,9.949054558920757962e-01,9.949054556783563097e-01,9.949054544844788683e-01,9.949054406591241184e-01,9.949045477033553464e-01,9.949054402312539347e-01,9.949063316101431909e-01,9.949063303764658084e-01,9.949054316941753351e-01,9.949005256538316910e-01,9.999999999999995559e-01,9.949014338311261696e-01,9.949062600289148017e-01,9.949063401073702240e-01,9.949063470966748035e-01,9.949063483487846637e-01,9.949063486852651739e-01,9.949063488002658495e-01,9.949063488415796908e-01,9.949063488444548353e-01,9.949063487979181719e-01,9.949063485899275472e-01,9.949063474030660492e-01,9.949063335897182503e-01,9.949054406591238964e-01,9.949054541497719395e-01,9.949063457437476998e-01,9.949063454136214402e-01,9.949054524674568745e-01,9.949053659175658426e-01,9.949014338311261696e-01,9.999999999999995559e-01,9.949014488339175122e-01,9.949062740430996143e-01,9.949063539672420298e-01,9.949063609191393098e-01,9.949063621586710093e-01,9.949063624887439783e-01,9.949063625973368907e-01,9.949063626260712390e-01,9.949063625915288700e-01,9.949063623905446407e-01,9.949063612094075637e-01,9.949063474030661602e-01,9.949054544844786463e-01,9.949054553815103175e-01,9.949063470427519373e-01,9.949063469277408256e-01,9.949054548878597526e-01,9.949054469855811433e-01,9.949062600289148017e-01,9.949014488339175122e-01,9.999999999999995559e-01,9.949014502301737339e-01,9.949062752834891832e-01,9.949063551702274077e-01,9.949063621095459720e-01,9.949063633426700193e-01,9.949063636663353360e-01,9.949063637623484224e-01,9.949063637536654792e-01,9.949063635646755444e-01,9.949063623905445297e-01,9.949063485899276582e-01,9.949054556783561987e-01,9.949054556142333805e-01,9.949063473013272096e-01,9.949063472536022745e-01,9.949054554293856878e-01,9.949054541310395905e-01,9.949063401073702240e-01,9.949062740430996143e-01,9.949014502301737339e-01,9.999999999999995559e-01,9.949014504976997353e-01,9.949062755133265545e-01,9.949063553874875065e-01,9.949063623203985296e-01,9.949063635471148137e-01,9.949063638582003044e-01,9.949063639167962103e-01,9.949063637536655902e-01,9.949063625915288700e-01,9.949063487979181719e-01,9.949054558920756852e-01,9.949054556805092542e-01,9.949063473795947132e-01,9.949063473577310912e-01,9.949054556009562233e-01,9.949054554209186829e-01,9.949063470966748035e-01,9.949063539672420298e-01,9.949062752834891832e-01,9.949014504976997353e-01,9.999999999999995559e-01,9.949014505731678115e-01,9.949062755761385324e-01,9.949063554438921653e-01,9.949063623703956472e-01,9.949063635845321052e-01,9.949063638582003044e-01,9.949063637623485334e-01,9.949063626260711279e-01,9.949063488444547243e-01,9.949054559456189661e-01,9.949054557023581102e-01,9.949063474084504088e-01,9.949063473985817474e-01,9.949054556677243699e-01,9.949054557700847123e-01,9.949063483487846637e-01,9.949063609191393098e-01,9.949063551702274077e-01,9.949062755133265545e-01,9.949014505731678115e-01,9.999999999999995559e-01,9.949014505985885881e-01,9.949062755951256776e-01,9.949063554564718803e-01,9.949063623703954251e-01,9.949063635471148137e-01,9.949063636663353360e-01,9.949063625973367797e-01,9.949063488415798018e-01,9.949054559547354515e-01,9.949054557058988335e-01,9.949063474177203270e-01,9.949063474148580610e-01,9.949054556960194029e-01,9.949054558915332303e-01,9.949063486852651739e-01,9.949063621586710093e-01,9.949063621095459720e-01,9.949063553874875065e-01,9.949062755761385324e-01,9.949014505985885881e-01,9.999999999999995559e-01,9.949014506050027906e-01,9.949062755951256776e-01,9.949063554438920542e-01,9.949063623203985296e-01,9.949063633426701303e-01,9.949063624887440893e-01,9.949063488002657385e-01,9.949054559392728203e-01,9.949054556960194029e-01,9.949063474148580610e-01,9.949063474177204380e-01,9.949054557058988335e-01,9.949054559392728203e-01,9.949063488002658495e-01,9.949063624887439783e-01,9.949063633426700193e-01,9.949063623203985296e-01,9.949063554438921653e-01,9.949062755951256776e-01,9.949014506050027906e-01,9.999999999999995559e-01,9.949014505985884771e-01,9.949062755761383103e-01,9.949063553874875065e-01,9.949063621095461940e-01,9.949063621586708983e-01,9.949063486852651739e-01,9.949054558915334523e-01,9.949054556677242589e-01,9.949063473985818584e-01,9.949063474084505199e-01,9.949054557023579992e-01,9.949054559547354515e-01,9.949063488415796908e-01,9.949063625973368907e-01,9.949063636663353360e-01,9.949063635471148137e-01,9.949063623703956472e-01,9.949063554564718803e-01,9.949062755951256776e-01,9.949014505985884771e-01,9.999999999999995559e-01,9.949014505731677005e-01,9.949062755133265545e-01,9.949063551702274077e-01,9.949063609191393098e-01,9.949063483487846637e-01,9.949054557700848234e-01,9.949054556009562233e-01,9.949063473577310912e-01,9.949063473795946022e-01,9.949054556805090321e-01,9.949054559456190772e-01,9.949063488444548353e-01,9.949063626260712390e-01,9.949063637623484224e-01,9.949063638582003044e-01,9.949063635845321052e-01,9.949063623703954251e-01,9.949063554438920542e-01,9.949062755761383103e-01,9.949014505731677005e-01,9.999999999999995559e-01,9.949014504976996243e-01,9.949062752834892942e-01,9.949063539672420298e-01,9.949063470966746925e-01,9.949054554209186829e-01,9.949054554293856878e-01,9.949063472536022745e-01,9.949063473013272096e-01,9.949054556142331585e-01,9.949054558920757962e-01,9.949063487979181719e-01,9.949063625915288700e-01,9.949063637536654792e-01,9.949063639167962103e-01,9.949063638582003044e-01,9.949063635471148137e-01,9.949063623203985296e-01,9.949063553874875065e-01,9.949062755133265545e-01,9.949014504976996243e-01,9.999999999999995559e-01,9.949014502301737339e-01,9.949062740430996143e-01,9.949063401073702240e-01,9.949054541310394795e-01,9.949054548878597526e-01,9.949063469277408256e-01,9.949063470427521594e-01,9.949054553815102064e-01,9.949054556783563097e-01,9.949063485899275472e-01,9.949063623905446407e-01,9.949063635646755444e-01,9.949063637536655902e-01,9.949063637623485334e-01,9.949063636663353360e-01,9.949063633426701303e-01,9.949063621095461940e-01,9.949063551702274077e-01,9.949062752834892942e-01,9.949014502301737339e-01,9.999999999999995559e-01,9.949014488339172901e-01,9.949062600289145797e-01,9.949054469855813654e-01,9.949054524674567634e-01,9.949063454136215512e-01,9.949063457437479219e-01,9.949054541497718285e-01,9.949054544844788683e-01,9.949063474030660492e-01,9.949063612094075637e-01,9.949063623905445297e-01,9.949063625915288700e-01,9.949063626260711279e-01,9.949063625973367797e-01,9.949063624887440893e-01,9.949063621586708983e-01,9.949063609191393098e-01,9.949063539672420298e-01,9.949062740430996143e-01,9.949014488339172901e-01,9.999999999999995559e-01,9.949014338311259475e-01,9.949053659175659536e-01,9.949054316941753351e-01,9.949063303764661415e-01,9.949063316101430798e-01,9.949054402312539347e-01,9.949054406591241184e-01,9.949063335897182503e-01,9.949063474030661602e-01,9.949063485899276582e-01,9.949063487979181719e-01,9.949063488444547243e-01,9.949063488415798018e-01,9.949063488002657385e-01,9.949063486852651739e-01,9.949063483487846637e-01,9.949063470966746925e-01,9.949063401073702240e-01,9.949062600289145797e-01,9.949014338311259475e-01,9.999999999999995559e-01,9.949005256538315800e-01,9.949044566062787975e-01,9.949054304944282556e-01,9.949054374642438692e-01,9.949045469923323282e-01,9.949045477033553464e-01,9.949054406591238964e-01,9.949054544844786463e-01,9.949054556783561987e-01,9.949054558920756852e-01,9.949054559456189661e-01,9.949054559547354515e-01,9.949054559392728203e-01,9.949054558915334523e-01,9.949054557700848234e-01,9.949054554209186829e-01,9.949054541310394795e-01,9.949054469855813654e-01,9.949053659175659536e-01,9.949005256538315800e-01,9.999999999999995559e-01
1.000000000000001776e+00,9.808754098526222265e-01,9.809512189352850298e-01,9.809273636519774131e-01,9.809277208042758156e-01,9.809549203382390559e-01,9.809558016771789957e-01,9.809558806426791344e-01,9.809558954142286735e-01,9.809558995546608928e-01,9.809559009302472044e-01,9.809559012275510526e-01,9.809559007967136868e-01,9.809558994204374827e-01,9.809558960895696789e-01,9.809558873760518827e-01,9.809558592452097825e-01,9.809557292321530175e-01,9.809545560400405595e-01,9.809238258563465207e-01,9.808754098526222265e-01,1.000000000000001776e+00,9.809027378167110012e-01,9.809512189352851408e-01,9.809547749491166480e-01,9.809820141542070493e-01,9.809829047049214434e-01,9.809829865567647467e-01,9.809830024405306048e-01,9.809830070981785388e-01,9.809830087771248541e-01,9.809830093238167681e-01,9.809830091997874257e-01,9.809830083496617892e-01,9.809830061519606570e-01,9.809830003782873398e-01,9.809829816004703718e-01,9.809828905460372672e-01,9.809819616226301831e-01,9.809544781267179880e-01,9.809512189352850298e-01,9.809027378167110012e-01,1.000000000000001776e+00,9.808754098526222265e-01,9.809544781267180991e-01,9.809819616226301831e-01,9.809828905460377113e-01,9.809829816004709269e-01,9.809830003782874508e-01,9.809830061519606570e-01,9.809830083496619002e-01,9.809830091997875368e-01,9.809830093238168791e-01,9.809830087771248541e-01,9.809830070981784278e-01,9.809830024405303828e-01,9.809829865567644136e-01,9.809829047049212214e-01,9.809820141542068272e-01,9.809547749491165369e-01,9.809273636519774131e-01,9.809512189352851408e-01,9.808754098526222265e-01,1.000000000000001776e+00,9.809238258563467427e-01,9.809545560400406705e-01,9.809557292321533506e-01,9.809558592452098935e-01,9.809558873760517717e-01,9.809558960895695678e-01,9.809558994204374827e-01,9.809559007967135758e-01,9.809559012275510526e-01,9.809559009302470933e-01,9.809558995546606708e-01,9.809558954142285625e-01,9.809558806426790234e-01,9.809558016771787736e-01,9.809549203382391669e-01,9.809277208042755936e-01,9.809277208042758156e-01,9.809547749491166480e-01,9.809544781267180991e-01,9.809238258563467427e-01,1.000000000000001776e+00,9.808755235056599853e-01,9.809522083001239734e-01,9.809555378336769493e-01,9.809558384347122351e-01,9.809558944069186603e-01,9.809559098196419802e-01,9.809559152064826204e-01,9.809559172731922017e-01,9.809559177988622647e-01,9.809559169753822028e-01,9.809559133870778824e-01,9.809558994386198272e-01,9.809558221096694730e-01,9.809549447892221830e-01,9.809277575733051924e-01,9.809549203382390559e-01,9.809820141542070493e-01,9.809819616226301831e-01,9.809545560400406705e-01,9.808755235056599853e-01,1.000000000000001776e+00,9.809038133878958954e-01,9.809794793270547597e-01,9.809827384857295884e-01,9.809830282487369546e-01,9.809830816140054921e-01,9.809830961546491812e-01,9.809831011026347580e-01,9.809831027395939929e-01,9.809831024330476490e-01,9.809830991479169260e-01,9.809830854484398177e-01,9.809830084242094905e-01,9.809821316062536933e-01,9.809549447892219609e-01,9.809558016771789957e-01,9.809829047049214434e-01,9.809828905460377113e-01,9.809557292321533506e-01,9.809522083001239734e-01,9.809038133878958954e-01,1.000000000000001776e+00,9.809047742837160300e-01,9.809803697634758013e-01,9.809836186127188773e-01,9.809839058969525016e-01,9.809839584295845238e-01,9.809839725463752602e-01,9.809839770711691331e-01,9.809839778789326559e-01,9.809839751119422413e-01,9.809839617156336233e-01,9.809838849393003324e-01,9.809830084242096016e-01,9.809558221096693620e-01,9.809558806426791344e-01,9.809829865567647467e-01,9.809829816004709269e-01,9.809558592452098935e-01,9.809555378336769493e-01,9.809794793270547597e-01,9.809047742837160300e-01,1.000000000000001776e+00,9.809048657301651097e-01,9.809804503953050148e-01,9.809836967667305840e-01,9.809839832204001464e-01,9.809840353299464910e-01,9.809840490238587174e-01,9.809840527195965443e-01,9.809840510669755043e-01,9.809840381888200733e-01,9.809839617156335123e-01,9.809830854484398177e-01,9.809558994386196051e-01,9.809558954142286735e-01,9.809830024405306048e-01,9.809830003782874508e-01,9.809558873760517717e-01,9.809558384347122351e-01,9.809827384857295884e-01,9.809803697634758013e-01,9.809048657301651097e-01,1.000000000000001776e+00,9.809048834053420984e-01,9.809804654740668095e-01,9.809837110132286764e-01,9.809839970438264389e-01,9.809840487305261369e-01,9.809840615953985266e-01,9.809840628307590071e-01,9.809840510669755043e-01,9.809839751119421303e-01,9.809830991479167039e-01,9.809559133870777714e-01,9.809558995546608928e-01,9.809830070981785388e-01,9.809830061519606570e-01,9.809558960895695678e-01,9.809558944069186603e-01,9.809830282487369546e-01,9.809836186127188773e-01,9.809804503953050148e-01,9.809048834053420984e-01,1.000000000000001776e+00,9.809048884088733544e-01,9.809804696100347110e-01,9.809837147255124901e-01,9.809840003332414016e-01,9.809840511909022620e-01,9.809840615953985266e-01,9.809840527195966553e-01,9.809839778789325448e-01,9.809831024330477600e-01,9.809559169753820917e-01,9.809559009302472044e-01,9.809830087771248541e-01,9.809830083496619002e-01,9.809558994204374827e-01,9.809559098196419802e-01,9.809830816140054921e-01,9.809839058969525016e-01,9.809836967667305840e-01,9.809804654740668095e-01,9.809048884088733544e-01,1.000000000000001776e+00,9.809048900968201368e-01,9.809804708621516767e-01,9.809837155545581000e-01,9.809840003332411795e-01,9.809840487305260259e-01,9.809840490238586064e-01,9.809839770711689111e-01,9.809831027395938818e-01,9.809559177988621537e-01,9.809559012275510526e-01,9.809830093238167681e-01,9.809830091997875368e-01,9.809559007967135758e-01,9.809559152064826204e-01,9.809830961546491812e-01,9.809839584295845238e-01,9.809839832204001464e-01,9.809837110132286764e-01,9.809804696100347110e-01,9.809048900968201368e-01,1.000000000000001776e+00,9.809048905229811322e-01,9.809804708621516767e-01,9.809837147255121570e-01,9.809839970438263279e-01,9.809840353299462690e-01,9.809839725463750382e-01,9.809831011026346470e-01,9.809559172731919796e-01,9.809559007967136868e-01,9.809830091997874257e-01,9.809830093238168791e-01,9.809559012275510526e-01,9.809559172731922017e-01,9.809831011026347580e-01,9.809839725463752602e-01,9.809840353299464910e-01,9.809839970438264389e-01,9.809837147255124901e-01,9.809804708621516767e-01,9.809048905229811322e-01,1.000000000000001776e+00,9.809048900968201368e-01,9.809804696100346000e-01,9.809837110132285654e-01,9.809839832204001464e-01,9.809839584295845238e-01,9.809830961546490702e-01,9.809559152064823984e-01,9.809558994204374827e-01,9.809830083496617892e-01,9.809830087771248541e-01,9.809559009302470933e-01,9.809559177988622647e-01,9.809831027395939929e-01,9.809839770711691331e-01,9.809840490238587174e-01,9.809840487305261369e-01,9.809840003332414016e-01,9.809837155545581000e-01,9.809804708621516767e-01,9.809048900968201368e-01,1.000000000000001776e+00,9.809048884088732434e-01,9.809804654740668095e-01,9.809836967667304730e-01,9.809839058969523906e-01,9.809830816140054921e-01,9.809559098196416471e-01,9.809558960895696789e-01,9.809830061519606570e-01,9.809830070981784278e-01,9.809558995546606708e-01,9.809559169753822028e-01,9.809831024330476490e-01,9.809839778789326559e-01,9.809840527195965443e-01,9.809840615953985266e-01,9.809840511909022620e-01,9.809840003332411795e-01,9.809837147255121570e-01,9.809804696100346000e-01,9.809048884088732434e-01,1.000000000000001776e+00,9.809048834053418764e-01,9.809804503953049037e-01,9.809836186127186552e-01,9.809830282487368436e-01,9.809558944069182163e-01,9.809558873760518827e-01,9.809830003782873398e-01,9.809830024405303828e-01,9.809558954142285625e-01,9.809559133870778824e-01,9.809830991479169260e-01,9.809839751119422413e-01,9.809840510669755043e-01,9.809840628307590071e-01,9.809840615953985266e-01,9.809840487305260259e-01,9.809839970438263279e-01,9.809837110132285654e-01,9.809804654740668095e-01,9.809048834053418764e-01,1.000000000000001776e+00,9.809048657301652208e-01,9.809803697634756903e-01,9.809827384857294774e-01,9.809558384347119020e-01,9.809558592452097825e-01,9.809829816004703718e-01,9.809829865567644136e-01,9.809558806426790234e-01,9.809558994386198272e-01,9.809830854484398177e-01,9.809839617156336233e-01,9.809840381888200733e-01,9.809840510669755043e-01,9.809840527195966553e-01,9.809840490238586064e-01,9.809840353299462690e-01,9.809839832204001464e-01,9.809836967667304730e-01,9.809804503953049037e-01,9.809048657301652208e-01,1.000000000000001776e+00,9.809047742837159189e-01,9.809794793270547597e-01,9.809555378336766163e-01,9.809557292321530175e-01,9.809828905460372672e-01,9.809829047049212214e-01,9.809558016771787736e-01,9.809558221096694730e-01,9.809830084242094905e-01,9.809838849393003324e-01,9.809839617156335123e-01,9.809839751119421303e-01,9.809839778789325448e-01,9.809839770711689111e-01,9.809839725463750382e-01,9.809839584295845238e-01,9.809839058969523906e-01,9.809836186127186552e-01,9.809803697634756903e-01,9.809047742837159189e-01,1.000000000000001776e+00,9.809038133878958954e-01,9.809522083001236403e-01,9.809545560400405595e-01,9.809819616226301831e-01,9.809820141542068272e-01,9.809549203382391669e-01,9.809549447892221830e-01,9.809821316062536933e-01,9.809830084242096016e-01,9.809830854484398177e-01,9.809830991479167039e-01,9.809831024330477600e-01,9.809831027395938818e-01,9.809831011026346470e-01,9.809830961546490702e-01,9.809830816140054921e-01,9.809830282487368436e-01,9.809827384857294774e-01,9.809794793270547597e-01,9.809038133878958954e-01,1.000000000000001776e+00,9.808755235056598742e-01,9.809238258563465207e-01,9.809544781267179880e-01,9.809547749491165369e-01,9.809277208042755936e-01,9.809277575733051924e-01,9.809549447892219609e-01,9.809558221096693620e-01,9.809558994386196051e-01,9.809559133870777714e-01,9.809559169753820917e-01,9.809559177988621537e-01,9.809559172731919796e-01,9.809559152064823984e-01,9.809559098196416471e-01,9.809558944069182163e-01,9.809558384347119020e-01,9.809555378336766163e-01,9.809522083001236403e-01,9.808755235056598742e-01,1.000000000000001776e+00
1.000000000000002442e+00,9.810255907115437157e-01,9.810948951409786956e-01,9.809940353187049933e-01,9.809945416169336685e-01,9.810998351490066716e-01,9.811040153047569934e-01,9.811043891285509133e-01,9.811044584105073074e-01,9.811044774393407053e-01,9.811044838575734284e-01,9.811044857997219815e-01,9.811044852075941902e-01,9.811044817849909894e-01,9.811044726957252049e-01,9.811044474651391400e-01,9.811043602905845651e-01,9.811039195888793252e-01,9.810993590024215116e-01,9.809892882487472043e-01,9.810255907115437157e-01,1.000000000000002442e+00,9.811313470040826656e-01,9.810948951409789176e-01,9.810993703138457533e-01,9.812047259716236702e-01,9.812089184770445005e-01,9.812092961030963734e-01,9.812093668542285485e-01,9.812093865702252726e-01,9.812093933959494807e-01,9.812093956787428795e-01,9.812093955114357113e-01,9.812093928199564496e-01,9.812093852983071463e-01,9.812093640941664807e-01,9.812092895189684638e-01,9.812088998998540479e-01,9.812046579143163250e-01,9.810989832309890968e-01,9.810948951409786956e-01,9.811313470040826656e-01,1.000000000000002442e+00,9.810255907115440488e-01,9.810989832309892078e-01,9.812046579143166580e-01,9.812088998998541589e-01,9.812092895189682418e-01,9.812093640941664807e-01,9.812093852983072573e-01,9.812093928199564496e-01,9.812093955114357113e-01,9.812093956787428795e-01,9.812093933959493697e-01,9.812093865702251616e-01,9.812093668542283265e-01,9.812092961030964844e-01,9.812089184770445005e-01,9.812047259716236702e-01,9.810993703138455313e-01,9.809940353187049933e-01,9.810948951409789176e-01,9.810255907115440488e-01,1.000000000000002442e+00,9.809892882487474264e-01,9.810993590024219557e-01,9.811039195888797693e-01,9.811043602905847871e-01,9.811044474651394731e-01,9.811044726957256490e-01,9.811044817849911004e-01,9.811044852075940792e-01,9.811044857997222035e-01,9.811044838575733174e-01,9.811044774393405943e-01,9.811044584105071964e-01,9.811043891285511354e-01,9.811040153047568824e-01,9.810998351490070046e-01,9.809945416169337795e-01,9.809945416169336685e-01,9.810993703138457533e-01,9.810989832309892078e-01,9.809892882487474264e-01,1.000000000000002442e+00,9.810261435098492910e-01,9.810996197126531371e-01,9.811040325309414722e-01,9.811044490078999480e-01,9.811045338764069479e-01,9.811045587239742849e-01,9.811045674715557219e-01,9.811045702585234896e-01,9.811045694279285634e-01,9.811045637582296308e-01,9.811045454780751296e-01,9.811044773084522941e-01,9.811041056838669672e-01,9.810999309053697326e-01,9.809946541961516164e-01,9.810998351490066716e-01,9.812047259716236702e-01,9.812046579143166580e-01,9.810993590024219557e-01,9.810261435098492910e-01,1.000000000000002442e+00,9.811364857781680326e-01,9.812053323806348981e-01,9.812093920705687866e-01,9.812097543337344741e-01,9.812098260751470624e-01,9.812098465166784189e-01,9.812098530481702108e-01,9.812098536758461220e-01,9.812098486897162797e-01,9.812098308140789760e-01,9.812097629775009544e-01,9.812093917382238573e-01,9.812052172476474210e-01,9.810999309053696216e-01,9.811040153047569934e-01,9.812089184770445005e-01,9.812088998998541589e-01,9.811039195888797693e-01,9.810996197126531371e-01,9.811364857781680326e-01,1.000000000000002442e+00,9.811410669859639277e-01,9.812095767433224314e-01,9.812135846997344091e-01,9.812139345730522821e-01,9.812140021413281454e-01,9.812140204556581979e-01,9.812140248667965414e-01,9.812140213571777236e-01,9.812140041731512996e-01,9.812139367431974568e-01,9.812135658363134727e-01,9.812093917382236352e-01,9.811041056838670782e-01,9.811043891285509133e-01,9.812092961030963734e-01,9.812092895189682418e-01,9.811043602905847871e-01,9.811040325309414722e-01,9.812053323806348981e-01,9.811410669859639277e-01,1.000000000000002442e+00,9.811415095592882496e-01,9.812099664832382162e-01,9.812139620463601331e-01,9.812143077674259084e-01,9.812143732161811016e-01,9.812143894132575594e-01,9.812143896884829575e-01,9.812143739815905041e-01,9.812143072434678093e-01,9.812139367431972348e-01,9.812097629775006213e-01,9.811044773084521831e-01,9.811044584105073074e-01,9.812093668542285485e-01,9.812093640941664807e-01,9.811044474651394731e-01,9.811044490078999480e-01,9.812093920705687866e-01,9.812095767433224314e-01,9.811415095592882496e-01,1.000000000000002442e+00,9.811415966995788995e-01,9.812100407790071976e-01,9.812140321696969369e-01,9.812143757713618353e-01,9.812144391031908386e-01,9.812144511645196632e-01,9.812144392425485862e-01,9.812143739815905041e-01,9.812140041731511886e-01,9.812098308140788649e-01,9.811045454780751296e-01,9.811044774393407053e-01,9.812093865702252726e-01,9.812093852983072573e-01,9.811044726957256490e-01,9.811045338764069479e-01,9.812097543337344741e-01,9.812135846997344091e-01,9.812099664832382162e-01,9.811415966995788995e-01,1.000000000000002442e+00,9.811416215971437982e-01,9.812100613556156148e-01,9.812140506197849499e-01,9.812143921042812966e-01,9.812144513003735469e-01,9.812144511645196632e-01,9.812143896884830685e-01,9.812140213571777236e-01,9.812098486897162797e-01,9.811045637582298529e-01,9.811044838575734284e-01,9.812093933959494807e-01,9.812093928199564496e-01,9.811044817849911004e-01,9.811045587239742849e-01,9.812098260751470624e-01,9.812139345730522821e-01,9.812139620463601331e-01,9.812100407790071976e-01,9.811416215971437982e-01,1.000000000000002442e+00,9.811416300320222605e-01,9.812100676109410946e-01,9.812140547555973091e-01,9.812143921042811856e-01,9.812144391031907276e-01,9.812143894132575594e-01,9.812140248667963194e-01,9.812098536758459000e-01,9.811045694279285634e-01,9.811044857997219815e-01,9.812093956787428795e-01,9.812093955114357113e-01,9.811044852075940792e-01,9.811045674715557219e-01,9.812098465166784189e-01,9.812140021413281454e-01,9.812143077674259084e-01,9.812140321696969369e-01,9.812100613556156148e-01,9.811416300320222605e-01,1.000000000000002442e+00,9.811416321652164374e-01,9.812100676109408726e-01,9.812140506197846168e-01,9.812143757713615022e-01,9.812143732161809906e-01,9.812140204556576428e-01,9.812098530481698777e-01,9.811045702585233785e-01,9.811044852075941902e-01,9.812093955114357113e-01,9.812093956787428795e-01,9.811044857997222035e-01,9.811045702585234896e-01,9.812098530481702108e-01,9.812140204556581979e-01,9.812143732161811016e-01,9.812143757713618353e-01,9.812140506197849499e-01,9.812100676109410946e-01,9.811416321652164374e-01,1.000000000000002442e+00,9.811416300320222605e-01,9.812100613556155038e-01,9.812140321696968259e-01,9.812143077674259084e-01,9.812140021413279234e-01,9.812098465166781969e-01,9.811045674715557219e-01,9.811044817849909894e-01,9.812093928199564496e-01,9.812093933959493697e-01,9.811044838575733174e-01,9.811045694279285634e-01,9.812098536758461220e-01,9.812140248667965414e-01,9.812143894132575594e-01,9.812144391031908386e-01,9.812143921042812966e-01,9.812140547555973091e-01,9.812100676109408726e-01,9.811416300320222605e-01,1.000000000000002442e+00,9.811416215971434651e-01,9.812100407790069756e-01,9.812139620463599110e-01,9.812139345730518381e-01,9.812098260751467294e-01,9.811045587239740629e-01,9.811044726957252049e-01,9.812093852983071463e-01,9.812093865702251616e-01,9.811044774393405943e-01,9.811045637582296308e-01,9.812098486897162797e-01,9.812140213571777236e-01,9.812143896884829575e-01,9.812144511645196632e-01,9.812144513003735469e-01,9.812143921042811856e-01,9.812140506197846168e-01,9.812100613556155038e-01,9.811416215971434651e-01,1.000000000000002442e+00,9.811415966995785665e-01,9.812099664832379942e-01,9.812135846997339650e-01,9.812097543337340300e-01,9.811045338764066148e-01,9.811044474651391400e-01,9.812093640941664807e-01,9.812093668542283265e-01,9.811044584105071964e-01,9.811045454780751296e-01,9.812098308140789760e-01,9.812140041731512996e-01,9.812143739815905041e-01,9.812144392425485862e-01,9.812144511645196632e-01,9.812144391031907276e-01,9.812143757713615022e-01,9.812140321696968259e-01,9.812100407790069756e-01,9.811415966995785665e-01,1.000000000000002442e+00,9.811415095592880276e-01,9.812095767433219873e-01,9.812093920705684535e-01,9.811044490078996150e-01,9.811043602905845651e-01,9.812092895189684638e-01,9.812092961030964844e-01,9.811043891285511354e-01,9.811044773084522941e-01,9.812097629775009544e-01,9.812139367431974568e-01,9.812143072434678093e-01,9.812143739815905041e-01,9.812143896884830685e-01,9.812143894132575594e-01,9.812143732161809906e-01,9.812143077674259084e-01,9.812139620463599110e-01,9.812099664832379942e-01,9.811415095592880276e-01,1.000000000000002442e+00,9.811410669859638167e-01,9.812053323806347871e-01,9.811040325309412502e-01,9.811039195888793252e-01,9.812088998998540479e-01,9.812089184770445005e-01,9.811040153047568824e-01,9.811041056838669672e-01,9.812093917382238573e-01,9.812135658363134727e-01,9.812139367431972348e-01,9.812140041731511886e-01,9.812140213571777236e-01,9.812140248667963194e-01,9.812140204556576428e-01,9.812140021413279234e-01,9.812139345730518381e-01,9.812135846997339650e-01,9.812095767433219873e-01,9.811410669859638167e-01,1.000000000000002442e+00,9.811364857781678106e-01,9.810996197126529150e-01,9.810993590024215116e-01,9.812046579143163250e-01,9.812047259716236702e-01,9.810998351490070046e-01,9.810999309053697326e-01,9.812052172476474210e-01,9.812093917382236352e-01,9.812097629775006213e-01,9.812098308140788649e-01,9.812098486897162797e-01,9.812098536758459000e-01,9.812098530481698777e-01,9.812098465166781969e-01,9.812098260751467294e-01,9.812097543337340300e-01,9.812093920705684535e-01,9.812053323806347871e-01,9.811364857781678106e-01,1.000000000000002442e+00,9.810261435098490690e-01,9.809892882487472043e-01,9.810989832309890968e-01,9.810993703138455313e-01,9.809945416169337795e-01,9.809946541961516164e-01,9.810999309053696216e-01,9.811041056838670782e-01,9.811044773084521831e-01,9.811045454780751296e-01,9.811045637582298529e-01,9.811045694279285634e-01,9.811045702585233785e-01,9.811045674715557219e-01,9.811045587239740629e-01,9.811045338764066148e-01,9.811044490078996150e-01,9.811040325309412502e-01,9.810996197126529150e-01,9.810261435098490690e-01,1.000000000000002442e+00
