1.000000000000000000e+00,1.000000000000000000e+00,1.000000000000000000e+00,1.000000000000000000e+00,1.000000000000000000e+00,1.000000000000000000e+00,1.000000000000000000e+00,1.000000000000000000e+00,1.000000000000000000e+00,1.000000000000000000e+00,1.000000000000000000e+00,1.000000000000000000e+00,1.000000000000000000e+00,1.000000000000000000e+00,1.000000000000000000e+00,1.000000000000000000e+00,1.000000000000000000e+00,1.000000000000000000e+00,1.000000000000000000e+00,1.000000000000000000e+00,1.000000000000000000e+00,1.000000000000000000e+00,1.000000000000000000e+00,1.000000000000000000e+00,1.000000000000000000e+00,1.000000000000000000e+00,1.000000000000000000e+00,1.000000000000000000e+00,1.000000000000000000e+00,1.000000000000000000e+00,1.000000000000000000e+00,1.000000000000000000e+00,1.000000000000000000e+00,1.000000000000000000e+00,1.000000000000000000e+00,1.000000000000000000e+00,1.000000000000000000e+00,1.000000000000000000e+00,1.000000000000000000e+00,1.000000000000000000e+00,1.000000000000000000e+00,1.000000000000000000e+00,1.000000000000000000e+00,1.000000000000000000e+00,1.000000000000000000e+00,1.000000000000000000e+00,1.000000000000000000e+00,1.000000000000000000e+00,1.000000000000000000e+00,1.000000000000000000e+00,1.000000000000000000e+00,1.000000000000000000e+00,1.000000000000000000e+00,1.000000000000000000e+00,1.000000000000000000e+00,1.000000000000000000e+00,1.000000000000000000e+00,1.000000000000000000e+00,1.000000000000000000e+00,1.000000000000000000e+00,1.000000000000000000e+00,1.000000000000000000e+00,1.000000000000000000e+00,1.000000000000000000e+00,1.000000000000000000e+00,1.000000000000000000e+00,1.000000000000000000e+00,1.000000000000000000e+00,1.000000000000000000e+00,1.000000000000000000e+00,1.000000000000000000e+00,1.000000000000000000e+00,1.000000000000000000e+00,1.000000000000000000e+00,1.000000000000000000e+00,1.000000000000000000e+00,1.000000000000000000e+00,1.000000000000000000e+00,1.000000000000000000e+00,1.000000000000000000e+00,1.000000000000000000e+00,1.000000000000000000e+00,1.000000000000000000e+00,1.000000000000000000e+00,1.000000000000000000e+00,1.000000000000000000e+00,1.000000000000000000e+00,1.000000000000000000e+00,1.000000000000000000e+00,1.000000000000000000e+00,1.000000000000000000e+00,1.000000000000000000e+00,1.000000000000000000e+00,1.000000000000000000e+00,1.000000000000000000e+00,1.000000000000000000e+00,1.000000000000000000e+00,1.000000000000000000e+00,1.000000000000000000e+00,1.000000000000000000e+00,1.000000000000000000e+00,1.000000000000000000e+00,1.000000000000000000e+00,1.000000000000000000e+00,1.000000000000000000e+00,1.000000000000000000e+00,1.000000000000000000e+00,1.000000000000000000e+00,1.000000000000000000e+00,1.000000000000000000e+00,1.000000000000000000e+00,1.000000000000000000e+00,1.000000000000000000e+00,1.000000000000000000e+00,1.000000000000000000e+00,1.000000000000000000e+00,1.000000000000000000e+00,1.000000000000000000e+00,1.000000000000000000e+00,1.000000000000000000e+00,1.000000000000000000e+00,1.000000000000000000e+00,1.000000000000000000e+00,1.000000000000000000e+00,1.000000000000000000e+00,1.000000000000000000e+00,1.000000000000000000e+00,1.000000000000000000e+00,1.000000000000000000e+00,1.000000000000000000e+00,1.000000000000000000e+00,1.000000000000000000e+00,1.000000000000000000e+00,1.000000000000000000e+00,1.000000000000000000e+00,1.000000000000000000e+00,1.000000000000000000e+00,1.000000000000000000e+00,1.000000000000000000e+00,1.000000000000000000e+00,1.000000000000000000e+00,1.000000000000000000e+00,1.000000000000000000e+00,1.000000000000000000e+00,1.000000000000000000e+00,1.000000000000000000e+00,1.000000000000000000e+00,1.000000000000000000e+00,1.000000000000000000e+00,1.000000000000000000e+00,1.000000000000000000e+00,1.000000000000000000e+00,1.000000000000000000e+00,1.000000000000000000e+00,1.000000000000000000e+00,1.000000000000000000e+00,1.000000000000000000e+00,1.000000000000000000e+00,1.000000000000000000e+00,1.000000000000000000e+00,1.000000000000000000e+00,1.000000000000000000e+00,1.000000000000000000e+00,1.000000000000000000e+00,1.000000000000000000e+00,1.000000000000000000e+00,1.000000000000000000e+00,1.000000000000000000e+00,1.000000000000000000e+00,1.000000000000000000e+00,1.000000000000000000e+00,1.000000000000000000e+00,1.000000000000000000e+00,1.000000000000000000e+00,1.000000000000000000e+00,1.000000000000000000e+00,1.000000000000000000e+00,1.000000000000000000e+00,1.000000000000000000e+00,1.000000000000000000e+00,1.000000000000000000e+00,1.000000000000000000e+00,1.000000000000000000e+00,1.000000000000000000e+00,1.000000000000000000e+00,1.000000000000000000e+00,1.000000000000000000e+00,1.000000000000000000e+00,1.000000000000000000e+00,1.000000000000000000e+00,1.000000000000000000e+00,1.000000000000000000e+00,1.000000000000000000e+00,1.000000000000000000e+00,1.000000000000000000e+00,1.000000000000000000e+00,1.000000000000000000e+00,1.000000000000000000e+00,1.000000000000000000e+00,1.000000000000000000e+00,1.000000000000000000e+00,1.000000000000000000e+00,1.000000000000000000e+00,1.000000000000000000e+00,1.000000000000000000e+00,1.000000000000000000e+00,1.000000000000000000e+00,1.000000000000000000e+00,1.000000000000000000e+00,1.000000000000000000e+00,1.000000000000000000e+00,1.000000000000000000e+00,1.000000000000000000e+00,1.000000000000000000e+00,1.000000000000000000e+00,1.000000000000000000e+00,1.000000000000000000e+00,1.000000000000000000e+00,1.000000000000000000e+00,1.000000000000000000e+00,1.000000000000000000e+00,1.000000000000000000e+00,1.000000000000000000e+00,1.000000000000000000e+00,1.000000000000000000e+00,1.000000000000000000e+00,1.000000000000000000e+00,1.000000000000000000e+00,1.000000000000000000e+00,1.000000000000000000e+00,1.000000000000000000e+00,1.000000000000000000e+00,1.000000000000000000e+00,1.000000000000000000e+00,1.000000000000000000e+00,1.000000000000000000e+00,1.000000000000000000e+00,1.000000000000000000e+00,1.000000000000000000e+00,1.000000000000000000e+00,1.000000000000000000e+00,1.000000000000000000e+00,1.000000000000000000e+00,1.000000000000000000e+00,1.000000000000000000e+00,1.000000000000000000e+00,1.000000000000000000e+00,1.000000000000000000e+00,1.000000000000000000e+00,1.000000000000000000e+00,1.000000000000000000e+00,1.000000000000000000e+00,1.000000000000000000e+00,1.000000000000000000e+00,1.000000000000000000e+00,1.000000000000000000e+00,1.000000000000000000e+00,1.000000000000000000e+00,1.000000000000000000e+00,1.000000000000000000e+00,1.000000000000000000e+00,1.000000000000000000e+00,1.000000000000000000e+00,1.000000000000000000e+00,1.000000000000000000e+00,1.000000000000000000e+00,1.000000000000000000e+00,1.000000000000000000e+00,1.000000000000000000e+00,1.000000000000000000e+00,1.000000000000000000e+00,1.000000000000000000e+00,1.000000000000000000e+00,1.000000000000000000e+00,1.000000000000000000e+00,1.000000000000000000e+00,1.000000000000000000e+00,1.000000000000000000e+00,1.000000000000000000e+00,1.000000000000000000e+00,1.000000000000000000e+00,1.000000000000000000e+00,1.000000000000000000e+00,1.000000000000000000e+00,1.000000000000000000e+00,1.000000000000000000e+00,1.000000000000000000e+00,1.000000000000000000e+00,1.000000000000000000e+00,1.000000000000000000e+00,1.000000000000000000e+00,1.000000000000000000e+00,1.000000000000000000e+00,1.000000000000000000e+00,1.000000000000000000e+00,1.000000000000000000e+00,1.000000000000000000e+00,1.000000000000000000e+00,1.000000000000000000e+00,1.000000000000000000e+00,1.000000000000000000e+00,1.000000000000000000e+00,1.000000000000000000e+00,1.000000000000000000e+00,1.000000000000000000e+00,1.000000000000000000e+00,1.000000000000000000e+00,1.000000000000000000e+00,1.000000000000000000e+00,1.000000000000000000e+00,1.000000000000000000e+00,1.000000000000000000e+00,1.000000000000000000e+00,1.000000000000000000e+00,1.000000000000000000e+00,1.000000000000000000e+00,1.000000000000000000e+00,1.000000000000000000e+00,1.000000000000000000e+00,1.000000000000000000e+00,1.000000000000000000e+00,1.000000000000000000e+00,1.000000000000000000e+00,1.000000000000000000e+00,1.000000000000000000e+00,1.000000000000000000e+00,1.000000000000000000e+00,1.000000000000000000e+00,1.000000000000000000e+00,1.000000000000000000e+00,1.000000000000000000e+00,1.000000000000000000e+00,1.000000000000000000e+00,1.000000000000000000e+00,1.000000000000000000e+00,1.000000000000000000e+00,1.000000000000000000e+00,1.000000000000000000e+00,1.000000000000000000e+00,1.000000000000000000e+00,1.000000000000000000e+00,1.000000000000000000e+00,1.000000000000000000e+00,1.000000000000000000e+00,1.000000000000000000e+00,1.000000000000000000e+00,1.000000000000000000e+00,1.000000000000000000e+00,1.000000000000000000e+00,1.000000000000000000e+00,1.000000000000000000e+00,1.000000000000000000e+00,1.000000000000000000e+00,1.000000000000000000e+00,1.000000000000000000e+00,1.000000000000000000e+00,1.000000000000000000e+00,1.000000000000000000e+00,1.000000000000000000e+00,1.000000000000000000e+00,1.000000000000000000e+00,1.000000000000000000e+00,1.000000000000000000e+00,1.000000000000000000e+00,1.000000000000000000e+00,1.000000000000000000e+00,1.000000000000000000e+00,1.000000000000000000e+00,1.000000000000000000e+00,1.000000000000000000e+00,1.000000000000000000e+00,1.000000000000000000e+00,1.000000000000000000e+00,1.000000000000000000e+00,1.000000000000000000e+00,1.000000000000000000e+00,1.000000000000000000e+00,1.000000000000000000e+00,1.000000000000000000e+00,1.000000000000000000e+00,1.000000000000000000e+00,1.000000000000000000e+00,1.000000000000000000e+00,1.000000000000000000e+00,1.000000000000000000e+00,1.000000000000000000e+00,1.000000000000000000e+00,1.000000000000000000e+00,1.000000000000000000e+00,1.000000000000000000e+00,1.000000000000000000e+00,1.000000000000000000e+00,1.000000000000000000e+00,1.000000000000000000e+00,1.000000000000000000e+00,1.000000000000000000e+00,1.000000000000000000e+00,1.000000000000000000e+00,1.000000000000000000e+00,1.000000000000000000e+00
9.999999999999967804e-01,9.949005257007409453e-01,9.949053659546800432e-01,9.949054470152957075e-01,9.949054541510066185e-01,9.949054554209295631e-01,9.949054557146593813e-01,9.949054556285955586e-01,9.949054544997369964e-01,9.949054407278885570e-01,9.949045478498406148e-01,9.949045478476805648e-01,9.949054407225047525e-01,9.949054544879284423e-01,9.949054556009739869e-01,9.949054556390702908e-01,9.949054551551348435e-01,9.949054527579033191e-01,9.949054320007771901e-01,9.949044569360623314e-01,9.949005257007409453e-01,9.999999999999967804e-01,9.949014338482881081e-01,9.949062600386595623e-01,9.949063401073673374e-01,9.949063470767158801e-01,9.949063482733895292e-01,9.949063484023573656e-01,9.949063473407587788e-01,9.949063335947495590e-01,9.949054407278886680e-01,9.949054407384666510e-01,9.949063336211100284e-01,9.949063473985647610e-01,9.949063485375289062e-01,9.949063486430670400e-01,9.949063483747958569e-01,9.949063468838482693e-01,9.949063318628478259e-01,9.949054320039927291e-01,9.949053659546800432e-01,9.949014338482881081e-01,9.999999999999967804e-01,9.949014488339148476e-01,9.949062740333493027e-01,9.949063539375355703e-01,9.949063608339967502e-01,9.949063618660156649e-01,9.949063610194894824e-01,9.949063473407588898e-01,9.949054544997368854e-01,9.949054545293185559e-01,9.949063474177035626e-01,9.949063612021649128e-01,9.949063623531240186e-01,9.949063624845233544e-01,9.949063622835384590e-01,9.949063610077059083e-01,9.949063468902561436e-01,9.949054527675269544e-01,9.949054470152957075e-01,9.949062600386595623e-01,9.949014488339148476e-01,9.999999999999967804e-01,9.949014502130062443e-01,9.949062752463833093e-01,9.949063550776847675e-01,9.949063618094906580e-01,9.949063618660155539e-01,9.949063484023572546e-01,9.949054556285955586e-01,9.949054556960371665e-01,9.949063485914402261e-01,9.949063623816261082e-01,9.949063635395912764e-01,9.949063636829852397e-01,9.949063635078604362e-01,9.949063622993102873e-01,9.949063483969758925e-01,9.949054551805297519e-01,9.949054541510066185e-01,9.949063401073673374e-01,9.949062740333493027e-01,9.949014502130062443e-01,9.999999999999967804e-01,9.949014504507986967e-01,9.949062754110375995e-01,9.949063550776849896e-01,9.949063608339967502e-01,9.949063482733897512e-01,9.949054557146596034e-01,9.949054558752546962e-01,9.949063487826769192e-01,9.949063625798689747e-01,9.949063637435585639e-01,9.949063638939585896e-01,9.949063637308280805e-01,9.949063625481379125e-01,9.949063487130893613e-01,9.949054557123083731e-01,9.949054554209295631e-01,9.949063470767158801e-01,9.949063539375355703e-01,9.949062752463833093e-01,9.949014504507986967e-01,9.999999999999967804e-01,9.949014504507985857e-01,9.949062752463831982e-01,9.949063539375356813e-01,9.949063470767158801e-01,9.949054554209296741e-01,9.949054558639228718e-01,9.949063487972623632e-01,9.949063626064493793e-01,9.949063637771450308e-01,9.949063639332692555e-01,9.949063637771449198e-01,9.949063626064494903e-01,9.949063487972621411e-01,9.949054558639228718e-01,9.949054557146593813e-01,9.949063482733895292e-01,9.949063608339967502e-01,9.949063550776847675e-01,9.949062754110375995e-01,9.949014504507985857e-01,9.999999999999967804e-01,9.949014502130061333e-01,9.949062740333491917e-01,9.949063401073673374e-01,9.949054541510063965e-01,9.949054557123082621e-01,9.949063487130892502e-01,9.949063625481379125e-01,9.949063637308279695e-01,9.949063638939583676e-01,9.949063637435585639e-01,9.949063625798688637e-01,9.949063487826766972e-01,9.949054558752545852e-01,9.949054556285955586e-01,9.949063484023573656e-01,9.949063618660156649e-01,9.949063618094906580e-01,9.949063550776849896e-01,9.949062752463831982e-01,9.949014502130061333e-01,9.999999999999967804e-01,9.949014488339146256e-01,9.949062600386594513e-01,9.949054470152957075e-01,9.949054551805298630e-01,9.949063483969754484e-01,9.949063622993102873e-01,9.949063635078604362e-01,9.949063636829852397e-01,9.949063635395914984e-01,9.949063623816261082e-01,9.949063485914403371e-01,9.949054556960370554e-01,9.949054544997369964e-01,9.949063473407587788e-01,9.949063610194894824e-01,9.949063618660155539e-01,9.949063608339967502e-01,9.949063539375356813e-01,9.949062740333491917e-01,9.949014488339146256e-01,9.999999999999967804e-01,9.949014338482881081e-01,9.949053659546800432e-01,9.949054527675268433e-01,9.949063468902560325e-01,9.949063610077059083e-01,9.949063622835384590e-01,9.949063624845233544e-01,9.949063623531240186e-01,9.949063612021648018e-01,9.949063474177034516e-01,9.949054545293184448e-01,9.949054407278885570e-01,9.949063335947495590e-01,9.949063473407588898e-01,9.949063484023572546e-01,9.949063482733897512e-01,9.949063470767158801e-01,9.949063401073673374e-01,9.949062600386594513e-01,9.949014338482881081e-01,9.999999999999967804e-01,9.949005257007408343e-01,9.949054320039928401e-01,9.949063318628477148e-01,9.949063468838481583e-01,9.949063483747957459e-01,9.949063486430670400e-01,9.949063485375290172e-01,9.949063473985646500e-01,9.949063336211100284e-01,9.949054407384665399e-01,9.949045478498406148e-01,9.949054407278886680e-01,9.949054544997368854e-01,9.949054556285955586e-01,9.949054557146596034e-01,9.949054554209296741e-01,9.949054541510063965e-01,9.949054470152957075e-01,9.949053659546800432e-01,9.949005257007408343e-01,9.999999999999967804e-01,9.949044569360623314e-01,9.949054320007771901e-01,9.949054527579034302e-01,9.949054551551346215e-01,9.949054556390704018e-01,9.949054556009742090e-01,9.949054544879284423e-01,9.949054407225047525e-01,9.949045478476805648e-01,9.949045478476805648e-01,9.949054407384666510e-01,9.949054545293185559e-01,9.949054556960371665e-01,9.949054558752546962e-01,9.949054558639228718e-01,9.949054557123082621e-01,9.949054551805298630e-01,9.949054527675268433e-01,9.949054320039928401e-01,9.949044569360623314e-01,9.999999999999967804e-01,9.949005256932091923e-01,9.949053659407481875e-01,9.949054469855918015e-01,9.949054540734599827e-01,9.949054551536724578e-01,9.949054543230246850e-01,9.949054406507547021e-01,9.949045478137794607e-01,9.949054407225047525e-01,9.949063336211100284e-01,9.949063474177035626e-01,9.949063485914402261e-01,9.949063487826769192e-01,9.949063487972623632e-01,9.949063487130892502e-01,9.949063483969754484e-01,9.949063468902560325e-01,9.949063318628477148e-01,9.949054320007771901e-01,9.949005256932091923e-01,9.999999999999967804e-01,9.949014338311231720e-01,9.949062600057404504e-01,9.949063400266053847e-01,9.949063468062429028e-01,9.949063468785379616e-01,9.949063334212875365e-01,9.949054406507545911e-01,9.949054544879284423e-01,9.949063473985647610e-01,9.949063612021649128e-01,9.949063623816261082e-01,9.949063625798689747e-01,9.949063626064493793e-01,9.949063625481379125e-01,9.949063622993102873e-01,9.949063610077059083e-01,9.949063468838481583e-01,9.949054527579034302e-01,9.949053659407481875e-01,9.949014338311231720e-01,9.999999999999967804e-01,9.949014487945477825e-01,9.949062739461802529e-01,9.949063536606551628e-01,9.949063594327374194e-01,9.949063468785379616e-01,9.949054543230246850e-01,9.949054556009739869e-01,9.949063485375289062e-01,9.949063623531240186e-01,9.949063635395912764e-01,9.949063637435585639e-01,9.949063637771450308e-01,9.949063637308279695e-01,9.949063635078604362e-01,9.949063622835384590e-01,9.949063483747957459e-01,9.949054551551346215e-01,9.949054469855918015e-01,9.949062600057404504e-01,9.949014487945477825e-01,9.999999999999967804e-01,9.949014501099606722e-01,9.949062749537340711e-01,9.949063536606549407e-01,9.949063468062429028e-01,9.949054551536722357e-01,9.949054556390702908e-01,9.949063486430670400e-01,9.949063624845233544e-01,9.949063636829852397e-01,9.949063638939585896e-01,9.949063639332692555e-01,9.949063638939583676e-01,9.949063636829852397e-01,9.949063624845233544e-01,9.949063486430670400e-01,9.949054556390704018e-01,9.949054540734599827e-01,9.949063400266053847e-01,9.949062739461802529e-01,9.949014501099606722e-01,9.999999999999967804e-01,9.949014501099608943e-01,9.949062739461802529e-01,9.949063400266053847e-01,9.949054540734598717e-01,9.949054551551348435e-01,9.949063483747958569e-01,9.949063622835384590e-01,9.949063635078604362e-01,9.949063637308280805e-01,9.949063637771449198e-01,9.949063637435585639e-01,9.949063635395914984e-01,9.949063623531240186e-01,9.949063485375290172e-01,9.949054556009742090e-01,9.949054551536724578e-01,9.949063468062429028e-01,9.949063536606551628e-01,9.949062749537340711e-01,9.949014501099608943e-01,9.999999999999967804e-01,9.949014487945478935e-01,9.949062600057405614e-01,9.949054469855920235e-01,9.949054527579033191e-01,9.949063468838482693e-01,9.949063610077059083e-01,9.949063622993102873e-01,9.949063625481379125e-01,9.949063626064494903e-01,9.949063625798688637e-01,9.949063623816261082e-01,9.949063612021648018e-01,9.949063473985646500e-01,9.949054544879284423e-01,9.949054543230246850e-01,9.949063468785379616e-01,9.949063594327374194e-01,9.949063536606549407e-01,9.949062739461802529e-01,9.949014487945478935e-01,9.999999999999967804e-01,9.949014338311233940e-01,9.949053659407481875e-01,9.949054320007771901e-01,9.949063318628478259e-01,9.949063468902561436e-01,9.949063483969758925e-01,9.949063487130893613e-01,9.949063487972621411e-01,9.949063487826766972e-01,9.949063485914403371e-01,9.949063474177034516e-01,9.949063336211100284e-01,9.949054407225047525e-01,9.949054406507547021e-01,9.949063334212875365e-01,9.949063468785379616e-01,9.949063468062429028e-01,9.949063400266053847e-01,9.949062600057405614e-01,9.949014338311233940e-01,9.999999999999967804e-01,9.949005256932094143e-01,9.949044569360623314e-01,9.949054320039927291e-01,9.949054527675269544e-01,9.949054551805297519e-01,9.949054557123083731e-01,9.949054558639228718e-01,9.949054558752545852e-01,9.949054556960370554e-01,9.949054545293184448e-01,9.949054407384665399e-01,9.949045478476805648e-01,9.949045478137794607e-01,9.949054406507545911e-01,9.949054543230246850e-01,9.949054551536722357e-01,9.949054540734598717e-01,9.949054469855920235e-01,9.949053659407481875e-01,9.949005256932094143e-01,9.999999999999967804e-01
9.999999999999998890e-01,9.808755266304720610e-01,9.809522107572757887e-01,9.809555398016759353e-01,9.809558397592961221e-01,9.809558944157236171e-01,9.809559061803428959e-01,9.809558979648154153e-01,9.809558236221190830e-01,9.809549488481900115e-01,9.809277654963057813e-01,9.809277653520929174e-01,9.809549484893554938e-01,9.809558228354683385e-01,9.809558961263209476e-01,9.809559011574655596e-01,9.809558768170346665e-01,9.809557483321444948e-01,9.809545762067515273e-01,9.809238475641357535e-01,9.808755266304720610e-01,9.999999999999998890e-01,9.809038145291305577e-01,9.809794799707939328e-01,9.809827384859246546e-01,9.809830269331170083e-01,9.809830766501814736e-01,9.809830775880784559e-01,9.809830061245329302e-01,9.809821324375763707e-01,9.809549488481899004e-01,9.809549492577352980e-01,9.809821334552148997e-01,9.809830083517351307e-01,9.809830827778774909e-01,9.809830907492543828e-01,9.809830757619697472e-01,9.809829862357690722e-01,9.809820583789951032e-01,9.809545764188454253e-01,9.809522107572757887e-01,9.809038145291305577e-01,9.999999999999998890e-01,9.809047742837360140e-01,9.809803691199513453e-01,9.809836166534892099e-01,9.809839002895348603e-01,9.809839392194094065e-01,9.809838769245833312e-01,9.809830061245330413e-01,9.809558236221189720e-01,9.809558248546689230e-01,9.809830093258847805e-01,9.809838845266202201e-01,9.809839594715945577e-01,9.809839685590667768e-01,9.809839564659712519e-01,9.809838761426240561e-01,9.809829866585597635e-01,9.809557489670150954e-01,9.809555398016759353e-01,9.809794799707939328e-01,9.809047742837360140e-01,9.999999999999998890e-01,9.809048645891461637e-01,9.809804479469095284e-01,9.809836906705583504e-01,9.809839635215162890e-01,9.809839392194095176e-01,9.809830775880786780e-01,9.809558979648155264e-01,9.809559008332362495e-01,9.809830856133775479e-01,9.809839610621469141e-01,9.809840363103223826e-01,9.809840459160925619e-01,9.809840349379019830e-01,9.809839575054749572e-01,9.809830772242629227e-01,9.809558784913779972e-01,9.809558397592961221e-01,9.809827384859246546e-01,9.809803691199513453e-01,9.809048645891461637e-01,9.999999999999998890e-01,9.809048802895262709e-01,9.809804587330573922e-01,9.809836906705587944e-01,9.809839002895353044e-01,9.809830766501820287e-01,9.809559061803434510e-01,9.809559130593280551e-01,9.809830983659955095e-01,9.809839741181715089e-01,9.809840496142085975e-01,9.809840595231431593e-01,9.809840490631991372e-01,9.809839727456769465e-01,9.809830953586515800e-01,9.809559059788255375e-01,9.809558944157236171e-01,9.809830269331170083e-01,9.809836166534892099e-01,9.809804479469095284e-01,9.809048802895262709e-01,9.999999999999998890e-01,9.809048802895260488e-01,9.809804479469095284e-01,9.809836166534889879e-01,9.809830269331170083e-01,9.809558944157236171e-01,9.809559133765644034e-01,9.809830998165018912e-01,9.809839760874431436e-01,9.809840518866688175e-01,9.809840620434496783e-01,9.809840518866689285e-01,9.809839760874433656e-01,9.809830998165018912e-01,9.809559133765644034e-01,9.809559061803428959e-01,9.809830766501814736e-01,9.809839002895348603e-01,9.809836906705583504e-01,9.809804587330573922e-01,9.809048802895260488e-01,9.999999999999998890e-01,9.809048645891459417e-01,9.809803691199511233e-01,9.809827384859245436e-01,9.809558397592959000e-01,9.809559059788254265e-01,9.809830953586515800e-01,9.809839727456768355e-01,9.809840490631990262e-01,9.809840595231427152e-01,9.809840496142083754e-01,9.809839741181711759e-01,9.809830983659950654e-01,9.809559130593278331e-01,9.809558979648154153e-01,9.809830775880784559e-01,9.809839392194094065e-01,9.809839635215162890e-01,9.809836906705587944e-01,9.809804479469095284e-01,9.809048645891459417e-01,9.999999999999998890e-01,9.809047742837360140e-01,9.809794799707939328e-01,9.809555398016760464e-01,9.809558784913779972e-01,9.809830772242631447e-01,9.809839575054748462e-01,9.809840349379018720e-01,9.809840459160924508e-01,9.809840363103223826e-01,9.809839610621469141e-01,9.809830856133774368e-01,9.809559008332362495e-01,9.809558236221190830e-01,9.809830061245329302e-01,9.809838769245833312e-01,9.809839392194095176e-01,9.809839002895353044e-01,9.809836166534889879e-01,9.809803691199511233e-01,9.809047742837360140e-01,9.999999999999998890e-01,9.809038145291305577e-01,9.809522107572758998e-01,9.809557489670148733e-01,9.809829866585596525e-01,9.809838761426238340e-01,9.809839564659710298e-01,9.809839685590667768e-01,9.809839594715947797e-01,9.809838845266203311e-01,9.809830093258847805e-01,9.809558248546690340e-01,9.809549488481900115e-01,9.809821324375763707e-01,9.809830061245330413e-01,9.809830775880786780e-01,9.809830766501820287e-01,9.809830269331170083e-01,9.809827384859245436e-01,9.809794799707939328e-01,9.809038145291305577e-01,9.999999999999998890e-01,9.808755266304723941e-01,9.809545764188454253e-01,9.809820583789952142e-01,9.809829862357689612e-01,9.809830757619697472e-01,9.809830907492544938e-01,9.809830827778778239e-01,9.809830083517354637e-01,9.809821334552150107e-01,9.809549492577354091e-01,9.809277654963057813e-01,9.809549488481899004e-01,9.809558236221189720e-01,9.809558979648155264e-01,9.809559061803434510e-01,9.809558944157236171e-01,9.809558397592959000e-01,9.809555398016760464e-01,9.809522107572758998e-01,9.808755266304723941e-01,9.999999999999998890e-01,9.809238475641358646e-01,9.809545762067517494e-01,9.809557483321446059e-01,9.809558768170345555e-01,9.809559011574655596e-01,9.809558961263211696e-01,9.809558228354685605e-01,9.809549484893556048e-01,9.809277653520932505e-01,9.809277653520929174e-01,9.809549492577352980e-01,9.809558248546689230e-01,9.809559008332362495e-01,9.809559130593280551e-01,9.809559133765644034e-01,9.809559059788254265e-01,9.809558784913779972e-01,9.809557489670148733e-01,9.809545764188454253e-01,9.809238475641358646e-01,9.999999999999998890e-01,9.808755261293871097e-01,9.809522098371595833e-01,9.809555378422553096e-01,9.809558346528801653e-01,9.809558768804238493e-01,9.809558156714021093e-01,9.809549453356453119e-01,9.809277638299958024e-01,9.809549484893554938e-01,9.809821334552148997e-01,9.809830093258847805e-01,9.809830856133775479e-01,9.809830983659955095e-01,9.809830998165018912e-01,9.809830953586515800e-01,9.809830772242631447e-01,9.809829866585596525e-01,9.809820583789952142e-01,9.809545762067517494e-01,9.808755261293871097e-01,9.999999999999998890e-01,9.809038133881006205e-01,9.809794777987599357e-01,9.809827331671706618e-01,9.809830091851726719e-01,9.809829859265418728e-01,9.809821247199905780e-01,9.809549453356453119e-01,9.809558228354683385e-01,9.809830083517351307e-01,9.809838845266202201e-01,9.809839610621469141e-01,9.809839741181715089e-01,9.809839760874431436e-01,9.809839727456768355e-01,9.809839575054748462e-01,9.809838761426238340e-01,9.809829862357689612e-01,9.809557483321446059e-01,9.809522098371595833e-01,9.809038133881006205e-01,9.999999999999998890e-01,9.809047716687723240e-01,9.809803633771740916e-01,9.809835984823880306e-01,9.809838091426842377e-01,9.809829859265418728e-01,9.809558156714019983e-01,9.809558961263209476e-01,9.809830827778774909e-01,9.809839594715945577e-01,9.809840363103223826e-01,9.809840496142085975e-01,9.809840518866688175e-01,9.809840490631990262e-01,9.809840349379018720e-01,9.809839564659710298e-01,9.809830757619697472e-01,9.809558768170345555e-01,9.809555378422553096e-01,9.809794777987599357e-01,9.809047716687723240e-01,9.999999999999998890e-01,9.809048577542441860e-01,9.809804287321826077e-01,9.809835984823879196e-01,9.809830091851725609e-01,9.809558768804237383e-01,9.809559011574655596e-01,9.809830907492543828e-01,9.809839685590667768e-01,9.809840459160925619e-01,9.809840595231431593e-01,9.809840620434496783e-01,9.809840595231427152e-01,9.809840459160924508e-01,9.809839685590667768e-01,9.809830907492544938e-01,9.809559011574655596e-01,9.809558346528801653e-01,9.809827331671706618e-01,9.809803633771740916e-01,9.809048577542441860e-01,9.999999999999998890e-01,9.809048577542444081e-01,9.809803633771742026e-01,9.809827331671706618e-01,9.809558346528802764e-01,9.809558768170346665e-01,9.809830757619697472e-01,9.809839564659712519e-01,9.809840349379019830e-01,9.809840490631991372e-01,9.809840518866689285e-01,9.809840496142083754e-01,9.809840363103223826e-01,9.809839594715947797e-01,9.809830827778778239e-01,9.809558961263211696e-01,9.809558768804238493e-01,9.809830091851726719e-01,9.809835984823880306e-01,9.809804287321826077e-01,9.809048577542444081e-01,9.999999999999998890e-01,9.809047716687725460e-01,9.809794777987599357e-01,9.809555378422553096e-01,9.809557483321444948e-01,9.809829862357690722e-01,9.809838761426240561e-01,9.809839575054749572e-01,9.809839727456769465e-01,9.809839760874433656e-01,9.809839741181711759e-01,9.809839610621469141e-01,9.809838845266203311e-01,9.809830083517354637e-01,9.809558228354685605e-01,9.809558156714021093e-01,9.809829859265418728e-01,9.809838091426842377e-01,9.809835984823879196e-01,9.809803633771742026e-01,9.809047716687725460e-01,9.999999999999998890e-01,9.809038133881005095e-01,9.809522098371595833e-01,9.809545762067515273e-01,9.809820583789951032e-01,9.809829866585597635e-01,9.809830772242629227e-01,9.809830953586515800e-01,9.809830998165018912e-01,9.809830983659950654e-01,9.809830856133774368e-01,9.809830093258847805e-01,9.809821334552150107e-01,9.809549484893556048e-01,9.809549453356453119e-01,9.809821247199905780e-01,9.809829859265418728e-01,9.809830091851725609e-01,9.809827331671706618e-01,9.809794777987599357e-01,9.809038133881005095e-01,9.999999999999998890e-01,9.808755261293871097e-01,9.809238475641357535e-01,9.809545764188454253e-01,9.809557489670150954e-01,9.809558784913779972e-01,9.809559059788255375e-01,9.809559133765644034e-01,9.809559130593278331e-01,9.809559008332362495e-01,9.809558248546690340e-01,9.809549492577354091e-01,9.809277653520932505e-01,9.809277638299958024e-01,9.809549453356453119e-01,9.809558156714019983e-01,9.809558768804237383e-01,9.809558346528802764e-01,9.809555378422553096e-01,9.809522098371595833e-01,9.808755261293871097e-01,9.999999999999998890e-01
1.000000000000002442e+00,9.810261592678130027e-01,9.810996321241614027e-01,9.811040424850918651e-01,9.811044557380125264e-01,9.811045340338424570e-01,9.811045407557142939e-01,9.811044826152245379e-01,9.811041168215015595e-01,9.810999478703632537e-01,9.809946814629407763e-01,9.809946807365457211e-01,9.810999460730700505e-01,9.811041128875110928e-01,9.811044734437835979e-01,9.811045158157347679e-01,9.811044474814933913e-01,9.811040144182441303e-01,9.810994591802107978e-01,9.809893962626524688e-01,9.810261592678130027e-01,1.000000000000002442e+00,9.811364915040499124e-01,9.812053356115738589e-01,9.812093920758446774e-01,9.812097477656286371e-01,9.812098013794129381e-01,9.812097549256826312e-01,9.812093928368513795e-01,9.812052248961251610e-01,9.810999478703633647e-01,9.810999478994818501e-01,9.812052249554115146e-01,9.812093929482553767e-01,9.812097551118016403e-01,9.812098015175195753e-01,9.812097457848019122e-01,9.812093638051093691e-01,9.812051271662901586e-01,9.810994602405690435e-01,9.810996321241614027e-01,9.811364915040499124e-01,1.000000000000002442e+00,9.811410669864943923e-01,9.812095735181743938e-01,9.812135749024598619e-01,9.812139066482850058e-01,9.812139073210296436e-01,9.812135570132921591e-01,9.812093928368516016e-01,9.811041168215016706e-01,9.811041179622351782e-01,9.812093958066721022e-01,9.812135642259184332e-01,9.812139270870990915e-01,9.812139749818036272e-01,9.812139230744028051e-01,9.812135530895071955e-01,9.812093659210957552e-01,9.811040175943360753e-01,9.811040424850918651e-01,9.812053356115738589e-01,9.811410669864943923e-01,1.000000000000002442e+00,9.811415038392322652e-01,9.812099542283906350e-01,9.812139316687689128e-01,9.812142104947887411e-01,9.812139073210294216e-01,9.812097549256826312e-01,9.811044826152246490e-01,9.811044859507653815e-01,9.812097642595701830e-01,9.812139330143531124e-01,9.812142962827110626e-01,9.812143448702398407e-01,9.812142944434096847e-01,9.812139282614136260e-01,9.812097530877770257e-01,9.811044558440082941e-01,9.811044557380125264e-01,9.812093920758446774e-01,9.812095735181743938e-01,9.811415038392322652e-01,1.000000000000002442e+00,9.811415811043068258e-01,9.812100071609318741e-01,9.812139316687692459e-01,9.812139066482850058e-01,9.812098013794132711e-01,9.811045407557145159e-01,9.811045494162259351e-01,9.812098284633292700e-01,9.812139976268482444e-01,9.812143612284773830e-01,9.812144102228483877e-01,9.812143604884938641e-01,9.812139957870625873e-01,9.812098244386773249e-01,9.811045397947563140e-01,9.811045340338424570e-01,9.812097477656286371e-01,9.812135749024598619e-01,9.812099542283906350e-01,9.811415811043068258e-01,1.000000000000002442e+00,9.811415811043066038e-01,9.812099542283905240e-01,9.812135749024596398e-01,9.812097477656287481e-01,9.811045340338423459e-01,9.811045584526633112e-01,9.812098390693573258e-01,9.812140089290130041e-01,9.812143729376463508e-01,9.812144222651709713e-01,9.812143729376465728e-01,9.812140089290132261e-01,9.812098390693573258e-01,9.811045584526632002e-01,9.811045407557142939e-01,9.812098013794129381e-01,9.812139066482850058e-01,9.812139316687689128e-01,9.812100071609318741e-01,9.811415811043066038e-01,1.000000000000002442e+00,9.811415038392322652e-01,9.812095735181741718e-01,9.812093920758446774e-01,9.811044557380125264e-01,9.811045397947562030e-01,9.812098244386774359e-01,9.812139957870621432e-01,9.812143604884935311e-01,9.812144102228484988e-01,9.812143612284772720e-01,9.812139976268480224e-01,9.812098284633289369e-01,9.811045494162258240e-01,9.811044826152245379e-01,9.812097549256826312e-01,9.812139073210296436e-01,9.812142104947887411e-01,9.812139316687692459e-01,9.812099542283905240e-01,9.811415038392322652e-01,1.000000000000002442e+00,9.811410669864946144e-01,9.812053356115741920e-01,9.811040424850923092e-01,9.811044558440085162e-01,9.812097530877775808e-01,9.812139282614135150e-01,9.812142944434096847e-01,9.812143448702401738e-01,9.812142962827111736e-01,9.812139330143533344e-01,9.812097642595701830e-01,9.811044859507656035e-01,9.811041168215015595e-01,9.812093928368513795e-01,9.812135570132921591e-01,9.812139073210294216e-01,9.812139066482850058e-01,9.812135749024596398e-01,9.812095735181741718e-01,9.811410669864946144e-01,1.000000000000002442e+00,9.811364915040499124e-01,9.810996321241616247e-01,9.811040175943360753e-01,9.812093659210959773e-01,9.812135530895070845e-01,9.812139230744028051e-01,9.812139749818037382e-01,9.812139270870990915e-01,9.812135642259183221e-01,9.812093958066718802e-01,9.811041179622349562e-01,9.810999478703632537e-01,9.812052248961251610e-01,9.812093928368516016e-01,9.812097549256826312e-01,9.812098013794132711e-01,9.812097477656287481e-01,9.812093920758446774e-01,9.812053356115741920e-01,9.811364915040499124e-01,1.000000000000002442e+00,9.810261592678133358e-01,9.810994602405692655e-01,9.812051271662904917e-01,9.812093638051093691e-01,9.812097457848020232e-01,9.812098015175196863e-01,9.812097551118016403e-01,9.812093929482553767e-01,9.812052249554112926e-01,9.810999478994817391e-01,9.809946814629407763e-01,9.810999478703633647e-01,9.811041168215016706e-01,9.811044826152246490e-01,9.811045407557145159e-01,9.811045340338423459e-01,9.811044557380125264e-01,9.811040424850923092e-01,9.810996321241616247e-01,9.810261592678133358e-01,1.000000000000002442e+00,9.809893962626528019e-01,9.810994591802113529e-01,9.811040144182443523e-01,9.811044474814933913e-01,9.811045158157351009e-01,9.811044734437837089e-01,9.811041128875113149e-01,9.810999460730700505e-01,9.809946807365459431e-01,9.809946807365457211e-01,9.810999478994818501e-01,9.811041179622351782e-01,9.811044859507653815e-01,9.811045494162259351e-01,9.811045584526633112e-01,9.811045397947562030e-01,9.811044558440085162e-01,9.811040175943360753e-01,9.810994602405692655e-01,9.809893962626528019e-01,1.000000000000002442e+00,9.810261567488629542e-01,9.810996275070053008e-01,9.811040326834733483e-01,9.811044303201208461e-01,9.811044475860861702e-01,9.811041027878582010e-01,9.810999412962860822e-01,9.809946781281398964e-01,9.810999460730700505e-01,9.812052249554115146e-01,9.812093958066721022e-01,9.812097642595701830e-01,9.812098284633292700e-01,9.812098390693573258e-01,9.812098244386774359e-01,9.812097530877775808e-01,9.812093659210959773e-01,9.812051271662904917e-01,9.810994591802113529e-01,9.810261567488629542e-01,1.000000000000002442e+00,9.811364857833216879e-01,9.812053247431647973e-01,9.812093655936781067e-01,9.812096602474643658e-01,9.812093623031064027e-01,9.812052120547815059e-01,9.810999412962859711e-01,9.811041128875110928e-01,9.812093929482553767e-01,9.812135642259184332e-01,9.812139330143531124e-01,9.812139976268482444e-01,9.812140089290130041e-01,9.812139957870621432e-01,9.812139282614135150e-01,9.812135530895070845e-01,9.812093638051093691e-01,9.811040144182443523e-01,9.810996275070053008e-01,9.811364857833216879e-01,1.000000000000002442e+00,9.811410539046601098e-01,9.812095449058465535e-01,9.812134852640645999e-01,9.812134654504037767e-01,9.812093623031061806e-01,9.811041027878582010e-01,9.811044734437835979e-01,9.812097551118016403e-01,9.812139270870990915e-01,9.812142962827110626e-01,9.812143612284773830e-01,9.812143729376463508e-01,9.812143604884935311e-01,9.812142944434096847e-01,9.812139230744028051e-01,9.812097457848020232e-01,9.811044474814933913e-01,9.811040326834733483e-01,9.812053247431647973e-01,9.811410539046601098e-01,1.000000000000002442e+00,9.811414697865923351e-01,9.812098593560046877e-01,9.812134852640643778e-01,9.812096602474642548e-01,9.811044475860860592e-01,9.811045158157347679e-01,9.812098015175195753e-01,9.812139749818036272e-01,9.812143448702398407e-01,9.812144102228483877e-01,9.812144222651709713e-01,9.812144102228484988e-01,9.812143448702401738e-01,9.812139749818037382e-01,9.812098015175196863e-01,9.811045158157351009e-01,9.811044303201208461e-01,9.812093655936781067e-01,9.812095449058465535e-01,9.811414697865923351e-01,1.000000000000002442e+00,9.811414697865924461e-01,9.812095449058464425e-01,9.812093655936781067e-01,9.811044303201206240e-01,9.811044474814933913e-01,9.812097457848019122e-01,9.812139230744028051e-01,9.812142944434096847e-01,9.812143604884938641e-01,9.812143729376465728e-01,9.812143612284772720e-01,9.812142962827111736e-01,9.812139270870990915e-01,9.812097551118016403e-01,9.811044734437837089e-01,9.811044475860861702e-01,9.812096602474643658e-01,9.812134852640645999e-01,9.812098593560046877e-01,9.811414697865924461e-01,1.000000000000002442e+00,9.811410539046601098e-01,9.812053247431647973e-01,9.811040326834732372e-01,9.811040144182441303e-01,9.812093638051093691e-01,9.812135530895071955e-01,9.812139282614136260e-01,9.812139957870625873e-01,9.812140089290132261e-01,9.812139976268480224e-01,9.812139330143533344e-01,9.812135642259183221e-01,9.812093929482553767e-01,9.811041128875113149e-01,9.811041027878582010e-01,9.812093623031064027e-01,9.812134654504037767e-01,9.812134852640643778e-01,9.812095449058464425e-01,9.811410539046601098e-01,1.000000000000002442e+00,9.811364857833214659e-01,9.810996275070054118e-01,9.810994591802107978e-01,9.812051271662901586e-01,9.812093659210957552e-01,9.812097530877770257e-01,9.812098244386773249e-01,9.812098390693573258e-01,9.812098284633289369e-01,9.812097642595701830e-01,9.812093958066718802e-01,9.812052249554112926e-01,9.810999460730700505e-01,9.810999412962860822e-01,9.812052120547815059e-01,9.812093623031061806e-01,9.812096602474642548e-01,9.812093655936781067e-01,9.812053247431647973e-01,9.811364857833214659e-01,1.000000000000002442e+00,9.810261567488626211e-01,9.809893962626524688e-01,9.810994602405690435e-01,9.811040175943360753e-01,9.811044558440082941e-01,9.811045397947563140e-01,9.811045584526632002e-01,9.811045494162258240e-01,9.811044859507656035e-01,9.811041179622349562e-01,9.810999478994817391e-01,9.809946807365459431e-01,9.809946781281398964e-01,9.810999412962859711e-01,9.811041027878582010e-01,9.811044475860860592e-01,9.811044303201206240e-01,9.811040326834732372e-01,9.810996275070054118e-01,9.810261567488626211e-01,1.000000000000002442e+00
