1.000000000000000000e+00,1.000000000000000000e+00,1.000000000000000000e+00,1.000000000000000000e+00,1.000000000000000000e+00,1.000000000000000000e+00,1.000000000000000000e+00,1.000000000000000000e+00,1.000000000000000000e+00,1.000000000000000000e+00,1.000000000000000000e+00,1.000000000000000000e+00,1.000000000000000000e+00,1.000000000000000000e+00,1.000000000000000000e+00,1.000000000000000000e+00,1.000000000000000000e+00,1.000000000000000000e+00,1.000000000000000000e+00,1.000000000000000000e+00,1.000000000000000000e+00,1.000000000000000000e+00,1.000000000000000000e+00,1.000000000000000000e+00,1.000000000000000000e+00,1.000000000000000000e+00,1.000000000000000000e+00,1.000000000000000000e+00,1.000000000000000000e+00,1.000000000000000000e+00,1.000000000000000000e+00,1.000000000000000000e+00,1.000000000000000000e+00,1.000000000000000000e+00,1.000000000000000000e+00,1.000000000000000000e+00,1.000000000000000000e+00,1.000000000000000000e+00,1.000000000000000000e+00,1.000000000000000000e+00,1.000000000000000000e+00,1.000000000000000000e+00,1.000000000000000000e+00,1.000000000000000000e+00,1.000000000000000000e+00,1.000000000000000000e+00,1.000000000000000000e+00,1.000000000000000000e+00,1.000000000000000000e+00,1.000000000000000000e+00,1.000000000000000000e+00,1.000000000000000000e+00,1.000000000000000000e+00,1.000000000000000000e+00,1.000000000000000000e+00,1.000000000000000000e+00,1.000000000000000000e+00,1.000000000000000000e+00,1.000000000000000000e+00,1.000000000000000000e+00,1.000000000000000000e+00,1.000000000000000000e+00,1.000000000000000000e+00,1.000000000000000000e+00,1.000000000000000000e+00,1.000000000000000000e+00,1.000000000000000000e+00,1.000000000000000000e+00,1.000000000000000000e+00,1.000000000000000000e+00,1.000000000000000000e+00,1.000000000000000000e+00,1.000000000000000000e+00,1.000000000000000000e+00,1.000000000000000000e+00,1.000000000000000000e+00,1.000000000000000000e+00,1.000000000000000000e+00,1.000000000000000000e+00,1.000000000000000000e+00,1.000000000000000000e+00,1.000000000000000000e+00,1.000000000000000000e+00,1.000000000000000000e+00,1.000000000000000000e+00,1.000000000000000000e+00,1.000000000000000000e+00,1.000000000000000000e+00,1.000000000000000000e+00,1.000000000000000000e+00,1.000000000000000000e+00,1.000000000000000000e+00,1.000000000000000000e+00,1.000000000000000000e+00,1.000000000000000000e+00,1.000000000000000000e+00,1.000000000000000000e+00,1.000000000000000000e+00,1.000000000000000000e+00,1.000000000000000000e+00,1.000000000000000000e+00,1.000000000000000000e+00,1.000000000000000000e+00,1.000000000000000000e+00,1.000000000000000000e+00,1.000000000000000000e+00,1.000000000000000000e+00,1.000000000000000000e+00,1.000000000000000000e+00,1.000000000000000000e+00,1.000000000000000000e+00,1.000000000000000000e+00,1.000000000000000000e+00,1.000000000000000000e+00,1.000000000000000000e+00,1.000000000000000000e+00,1.000000000000000000e+00,1.000000000000000000e+00,1.000000000000000000e+00,1.000000000000000000e+00,1.000000000000000000e+00,1.000000000000000000e+00,1.000000000000000000e+00,1.000000000000000000e+00,1.000000000000000000e+00,1.000000000000000000e+00,1.000000000000000000e+00,1.000000000000000000e+00,1.000000000000000000e+00,1.000000000000000000e+00,1.000000000000000000e+00,1.000000000000000000e+00,1.000000000000000000e+00,1.000000000000000000e+00,1.000000000000000000e+00,1.000000000000000000e+00,1.000000000000000000e+00,1.000000000000000000e+00,1.000000000000000000e+00,1.000000000000000000e+00,1.000000000000000000e+00,1.000000000000000000e+00,1.000000000000000000e+00,1.000000000000000000e+00,1.000000000000000000e+00,1.000000000000000000e+00,1.000000000000000000e+00,1.000000000000000000e+00,1.000000000000000000e+00,1.000000000000000000e+00,1.000000000000000000e+00,1.000000000000000000e+00,1.000000000000000000e+00,1.000000000000000000e+00,1.000000000000000000e+00,1.000000000000000000e+00,1.000000000000000000e+00,1.000000000000000000e+00,1.000000000000000000e+00,1.000000000000000000e+00,1.000000000000000000e+00,1.000000000000000000e+00,1.000000000000000000e+00,1.000000000000000000e+00,1.000000000000000000e+00,1.000000000000000000e+00,1.000000000000000000e+00,1.000000000000000000e+00,1.000000000000000000e+00,1.000000000000000000e+00,1.000000000000000000e+00,1.000000000000000000e+00,1.000000000000000000e+00,1.000000000000000000e+00,1.000000000000000000e+00,1.000000000000000000e+00,1.000000000000000000e+00,1.000000000000000000e+00,1.000000000000000000e+00,1.000000000000000000e+00,1.000000000000000000e+00,1.000000000000000000e+00,1.000000000000000000e+00,1.000000000000000000e+00,1.000000000000000000e+00,1.000000000000000000e+00,1.000000000000000000e+00,1.000000000000000000e+00,1.000000000000000000e+00,1.000000000000000000e+00,1.000000000000000000e+00,1.000000000000000000e+00,1.000000000000000000e+00,1.000000000000000000e+00,1.000000000000000000e+00,1.000000000000000000e+00,1.000000000000000000e+00,1.000000000000000000e+00,1.000000000000000000e+00,1.000000000000000000e+00,1.000000000000000000e+00,1.000000000000000000e+00,1.000000000000000000e+00,1.000000000000000000e+00,1.000000000000000000e+00,1.000000000000000000e+00,1.000000000000000000e+00,1.000000000000000000e+00,1.000000000000000000e+00,1.000000000000000000e+00,1.000000000000000000e+00,1.000000000000000000e+00,1.000000000000000000e+00,1.000000000000000000e+00,1.000000000000000000e+00,1.000000000000000000e+00,1.000000000000000000e+00,1.000000000000000000e+00,1.000000000000000000e+00,1.000000000000000000e+00,1.000000000000000000e+00,1.000000000000000000e+00,1.000000000000000000e+00,1.000000000000000000e+00,1.000000000000000000e+00,1.000000000000000000e+00,1.000000000000000000e+00,1.000000000000000000e+00,1.000000000000000000e+00,1.000000000000000000e+00,1.000000000000000000e+00,1.000000000000000000e+00,1.000000000000000000e+00,1.000000000000000000e+00,1.000000000000000000e+00,1.000000000000000000e+00,1.000000000000000000e+00,1.000000000000000000e+00,1.000000000000000000e+00,1.000000000000000000e+00,1.000000000000000000e+00,1.000000000000000000e+00,1.000000000000000000e+00,1.000000000000000000e+00,1.000000000000000000e+00,1.000000000000000000e+00,1.000000000000000000e+00,1.000000000000000000e+00,1.000000000000000000e+00,1.000000000000000000e+00,1.000000000000000000e+00,1.000000000000000000e+00,1.000000000000000000e+00,1.000000000000000000e+00,1.000000000000000000e+00,1.000000000000000000e+00,1.000000000000000000e+00,1.000000000000000000e+00,1.000000000000000000e+00,1.000000000000000000e+00,1.000000000000000000e+00,1.000000000000000000e+00,1.000000000000000000e+00,1.000000000000000000e+00,1.000000000000000000e+00,1.000000000000000000e+00,1.000000000000000000e+00,1.000000000000000000e+00,1.000000000000000000e+00,1.000000000000000000e+00,1.000000000000000000e+00,1.000000000000000000e+00,1.000000000000000000e+00,1.000000000000000000e+00,1.000000000000000000e+00,1.000000000000000000e+00,1.000000000000000000e+00,1.000000000000000000e+00,1.000000000000000000e+00,1.000000000000000000e+00,1.000000000000000000e+00,1.000000000000000000e+00,1.000000000000000000e+00,1.000000000000000000e+00,1.000000000000000000e+00,1.000000000000000000e+00,1.000000000000000000e+00,1.000000000000000000e+00,1.000000000000000000e+00,1.000000000000000000e+00,1.000000000000000000e+00,1.000000000000000000e+00,1.000000000000000000e+00,1.000000000000000000e+00,1.000000000000000000e+00,1.000000000000000000e+00,1.000000000000000000e+00,1.000000000000000000e+00,1.000000000000000000e+00,1.000000000000000000e+00,1.000000000000000000e+00,1.000000000000000000e+00,1.000000000000000000e+00,1.000000000000000000e+00,1.000000000000000000e+00,1.000000000000000000e+00,1.000000000000000000e+00,1.000000000000000000e+00,1.000000000000000000e+00,1.000000000000000000e+00,1.000000000000000000e+00,1.000000000000000000e+00,1.000000000000000000e+00,1.000000000000000000e+00,1.000000000000000000e+00,1.000000000000000000e+00,1.000000000000000000e+00,1.000000000000000000e+00,1.000000000000000000e+00,1.000000000000000000e+00,1.000000000000000000e+00,1.000000000000000000e+00,1.000000000000000000e+00,1.000000000000000000e+00,1.000000000000000000e+00,1.000000000000000000e+00,1.000000000000000000e+00,1.000000000000000000e+00,1.000000000000000000e+00,1.000000000000000000e+00,1.000000000000000000e+00,1.000000000000000000e+00,1.000000000000000000e+00,1.000000000000000000e+00,1.000000000000000000e+00,1.000000000000000000e+00,1.000000000000000000e+00,1.000000000000000000e+00,1.000000000000000000e+00,1.000000000000000000e+00,1.000000000000000000e+00,1.000000000000000000e+00,1.000000000000000000e+00,1.000000000000000000e+00,1.000000000000000000e+00,1.000000000000000000e+00,1.000000000000000000e+00,1.000000000000000000e+00,1.000000000000000000e+00,1.000000000000000000e+00,1.000000000000000000e+00,1.000000000000000000e+00,1.000000000000000000e+00,1.000000000000000000e+00,1.000000000000000000e+00,1.000000000000000000e+00,1.000000000000000000e+00,1.000000000000000000e+00,1.000000000000000000e+00,1.000000000000000000e+00,1.000000000000000000e+00,1.000000000000000000e+00,1.000000000000000000e+00,1.000000000000000000e+00,1.000000000000000000e+00,1.000000000000000000e+00,1.000000000000000000e+00,1.000000000000000000e+00,1.000000000000000000e+00,1.000000000000000000e+00,1.000000000000000000e+00,1.000000000000000000e+00,1.000000000000000000e+00,1.000000000000000000e+00,1.000000000000000000e+00,1.000000000000000000e+00,1.000000000000000000e+00,1.000000000000000000e+00,1.000000000000000000e+00,1.000000000000000000e+00,1.000000000000000000e+00,1.000000000000000000e+00,1.000000000000000000e+00,1.000000000000000000e+00,1.000000000000000000e+00,1.000000000000000000e+00,1.000000000000000000e+00,1.000000000000000000e+00,1.000000000000000000e+00,1.000000000000000000e+00,1.000000000000000000e+00,1.000000000000000000e+00,1.000000000000000000e+00,1.000000000000000000e+00,1.000000000000000000e+00,1.000000000000000000e+00,1.000000000000000000e+00,1.000000000000000000e+00,1.000000000000000000e+00,1.000000000000000000e+00
9.999999999999964473e-01,9.949005257007402792e-01,9.949053659558648732e-01,9.949054470185106913e-01,9.949054541585992117e-01,9.949054554399160422e-01,9.949054557700948154e-01,9.949054558372929513e-01,9.949054556795500215e-01,9.949054545227923319e-01,9.949054407377589948e-01,9.949045478517316576e-01,9.949045478336129289e-01,9.949054406920548876e-01,9.949054544201910710e-01,9.949054554294028963e-01,9.949054550987292966e-01,9.949054527379468382e-01,9.949054319922145950e-01,9.949044569318772346e-01,9.949005257007402792e-01,9.999999999999964473e-01,9.949014338504439392e-01,9.949062600428433267e-01,9.949063401159289333e-01,9.949063470966712508e-01,9.949063483297937438e-01,9.949063486120237609e-01,9.949063485215416947e-01,9.949063473906343269e-01,9.949063336175800742e-01,9.949054407377588838e-01,9.949054407323887350e-01,9.949063336036476635e-01,9.949063473577136607e-01,9.949063484343683150e-01,9.949063483193593127e-01,9.949063468648603470e-01,9.949063318552539004e-01,9.949054320007765240e-01,9.949053659558648732e-01,9.949014338504439392e-01,9.999999999999964473e-01,9.949014488392896594e-01,9.949062740430962837e-01,9.949063539586766591e-01,9.949063608915865720e-01,9.949063620768676675e-01,9.949063622014580055e-01,9.949063611378293759e-01,9.949063473906343269e-01,9.949054545227922208e-01,9.949054545301547758e-01,9.949063474084330894e-01,9.949063611744941582e-01,9.949063622770102366e-01,9.949063622292876330e-01,9.949063609899034821e-01,9.949063468838479363e-01,9.949054527654961344e-01,9.949054470185106913e-01,9.949062600428433267e-01,9.949014488392896594e-01,9.999999999999964473e-01,9.949014502247950364e-01,9.949062752695542189e-01,9.949063551373048542e-01,9.949063620223730364e-01,9.949063630500142308e-01,9.949063622014582275e-01,9.949063485215419167e-01,9.949054556795501325e-01,9.949054557059159309e-01,9.949063485899244386e-01,9.949063623629919029e-01,9.949063634775021647e-01,9.949063634556396529e-01,9.949063622835382370e-01,9.949063483925973950e-01,9.949054551805288638e-01,9.949054541585992117e-01,9.949063401159289333e-01,9.949062740430962837e-01,9.949014502247950364e-01,9.999999999999964473e-01,9.949014504783753043e-01,9.949062754750345183e-01,9.949063552949445333e-01,9.949063620223729254e-01,9.949063620768677785e-01,9.949063486120238720e-01,9.949054558372931734e-01,9.949054559015190202e-01,9.949063487925449145e-01,9.949063625713367998e-01,9.949063636928531240e-01,9.949063636829849067e-01,9.949063625367434716e-01,9.949063487130891392e-01,9.949054557166852053e-01,9.949054554399160422e-01,9.949063470966712508e-01,9.949063539586766591e-01,9.949062752695542189e-01,9.949014504783753043e-01,9.999999999999964473e-01,9.949014505262659958e-01,9.949062754750344073e-01,9.949063551373046321e-01,9.949063608915863499e-01,9.949063483297936328e-01,9.949054557700948154e-01,9.949054559274742582e-01,9.949063488305189829e-01,9.949063626163170415e-01,9.949063637435578977e-01,9.949063637406957428e-01,9.949063626064489352e-01,9.949063488086558049e-01,9.949054558796938119e-01,9.949054557700948154e-01,9.949063483297937438e-01,9.949063608915865720e-01,9.949063551373048542e-01,9.949062754750345183e-01,9.949014505262659958e-01,9.999999999999964473e-01,9.949014504783753043e-01,9.949062752695542189e-01,9.949063539586768812e-01,9.949063470966714728e-01,9.949054554399164862e-01,9.949054558796938119e-01,9.949063488086558049e-01,9.949063626064489352e-01,9.949063637406958538e-01,9.949063637435580087e-01,9.949063626163171525e-01,9.949063488305188718e-01,9.949054559274743692e-01,9.949054558372929513e-01,9.949063486120237609e-01,9.949063620768676675e-01,9.949063620223730364e-01,9.949063552949445333e-01,9.949062754750344073e-01,9.949014504783753043e-01,9.999999999999964473e-01,9.949014502247952585e-01,9.949062740430965057e-01,9.949063401159290443e-01,9.949054541585993228e-01,9.949054557166853163e-01,9.949063487130891392e-01,9.949063625367435826e-01,9.949063636829849067e-01,9.949063636928531240e-01,9.949063625713365777e-01,9.949063487925446925e-01,9.949054559015189092e-01,9.949054556795500215e-01,9.949063485215416947e-01,9.949063622014580055e-01,9.949063630500142308e-01,9.949063620223729254e-01,9.949063551373046321e-01,9.949062752695542189e-01,9.949014502247952585e-01,9.999999999999964473e-01,9.949014488392896594e-01,9.949062600428433267e-01,9.949054470185108023e-01,9.949054551805291968e-01,9.949063483925975060e-01,9.949063622835381260e-01,9.949063634556396529e-01,9.949063634775021647e-01,9.949063623629917918e-01,9.949063485899243275e-01,9.949054557059159309e-01,9.949054545227923319e-01,9.949063473906343269e-01,9.949063611378293759e-01,9.949063622014582275e-01,9.949063620768677785e-01,9.949063608915863499e-01,9.949063539586768812e-01,9.949062740430965057e-01,9.949014488392896594e-01,9.999999999999964473e-01,9.949014338504440502e-01,9.949053659558650953e-01,9.949054527654962454e-01,9.949063468838480473e-01,9.949063609899037042e-01,9.949063622292876330e-01,9.949063622770102366e-01,9.949063611744943803e-01,9.949063474084330894e-01,9.949054545301547758e-01,9.949054407377589948e-01,9.949063336175800742e-01,9.949063473906343269e-01,9.949063485215419167e-01,9.949063486120238720e-01,9.949063483297936328e-01,9.949063470966714728e-01,9.949063401159290443e-01,9.949062600428433267e-01,9.949014338504440502e-01,9.999999999999964473e-01,9.949005257007403902e-01,9.949054320007764129e-01,9.949063318552541224e-01,9.949063468648604580e-01,9.949063483193594237e-01,9.949063484343683150e-01,9.949063473577136607e-01,9.949063336036475524e-01,9.949054407323887350e-01,9.949045478517316576e-01,9.949054407377588838e-01,9.949054545227922208e-01,9.949054556795501325e-01,9.949054558372931734e-01,9.949054557700948154e-01,9.949054554399164862e-01,9.949054541585993228e-01,9.949054470185108023e-01,9.949053659558650953e-01,9.949005257007403902e-01,9.999999999999964473e-01,9.949044569318772346e-01,9.949054319922148171e-01,9.949054527379468382e-01,9.949054550987294077e-01,9.949054554294028963e-01,9.949054544201910710e-01,9.949054406920548876e-01,9.949045478336129289e-01,9.949045478336129289e-01,9.949054407323887350e-01,9.949054545301547758e-01,9.949054557059159309e-01,9.949054559015190202e-01,9.949054559274742582e-01,9.949054558796938119e-01,9.949054557166853163e-01,9.949054551805291968e-01,9.949054527654962454e-01,9.949054320007764129e-01,9.949044569318772346e-01,9.999999999999964473e-01,9.949005256814191789e-01,9.949053659175759456e-01,9.949054469259708267e-01,9.949054538605769382e-01,9.949054539696736699e-01,9.949054405239354804e-01,9.949045477586214714e-01,9.949054406920548876e-01,9.949063336036476635e-01,9.949063474084330894e-01,9.949063485899244386e-01,9.949063487925449145e-01,9.949063488305189829e-01,9.949063488086558049e-01,9.949063487130891392e-01,9.949063483925975060e-01,9.949063468838480473e-01,9.949063318552541224e-01,9.949054319922148171e-01,9.949005256814191789e-01,9.999999999999964473e-01,9.949014338035457872e-01,9.949062599417427544e-01,9.949063398093448418e-01,9.949063456178659504e-01,9.949063330750592682e-01,9.949054405239354804e-01,9.949054544201910710e-01,9.949063473577136607e-01,9.949063611744941582e-01,9.949063623629919029e-01,9.949063625713367998e-01,9.949063626163170415e-01,9.949063626064489352e-01,9.949063625367435826e-01,9.949063622835381260e-01,9.949063609899037042e-01,9.949063468648604580e-01,9.949054527379468382e-01,9.949053659175759456e-01,9.949014338035457872e-01,9.999999999999964473e-01,9.949014487190795952e-01,9.949062737175282667e-01,9.949063524608851017e-01,9.949063456178658393e-01,9.949054539696737809e-01,9.949054554294028963e-01,9.949063484343683150e-01,9.949063622770102366e-01,9.949063634775021647e-01,9.949063636928531240e-01,9.949063637435578977e-01,9.949063637406958538e-01,9.949063636829849067e-01,9.949063634556396529e-01,9.949063622292876330e-01,9.949063483193594237e-01,9.949054550987294077e-01,9.949054469259708267e-01,9.949062599417427544e-01,9.949014487190795952e-01,9.999999999999964473e-01,9.949014498445907240e-01,9.949062737175281557e-01,9.949063398093448418e-01,9.949054538605768272e-01,9.949054550987292966e-01,9.949063483193593127e-01,9.949063622292876330e-01,9.949063634556396529e-01,9.949063636829849067e-01,9.949063637406957428e-01,9.949063637435580087e-01,9.949063636928531240e-01,9.949063634775021647e-01,9.949063622770102366e-01,9.949063484343683150e-01,9.949054554294028963e-01,9.949054538605769382e-01,9.949063398093448418e-01,9.949062737175282667e-01,9.949014498445907240e-01,9.999999999999964473e-01,9.949014487190793732e-01,9.949062599417426433e-01,9.949054469259707156e-01,9.949054527379468382e-01,9.949063468648603470e-01,9.949063609899034821e-01,9.949063622835382370e-01,9.949063625367434716e-01,9.949063626064489352e-01,9.949063626163171525e-01,9.949063625713365777e-01,9.949063623629917918e-01,9.949063611744943803e-01,9.949063473577136607e-01,9.949054544201910710e-01,9.949054539696736699e-01,9.949063456178659504e-01,9.949063524608851017e-01,9.949062737175281557e-01,9.949014487190793732e-01,9.999999999999964473e-01,9.949014338035457872e-01,9.949053659175761677e-01,9.949054319922145950e-01,9.949063318552539004e-01,9.949063468838479363e-01,9.949063483925973950e-01,9.949063487130891392e-01,9.949063488086558049e-01,9.949063488305188718e-01,9.949063487925446925e-01,9.949063485899243275e-01,9.949063474084330894e-01,9.949063336036475524e-01,9.949054406920548876e-01,9.949054405239354804e-01,9.949063330750592682e-01,9.949063456178658393e-01,9.949063398093448418e-01,9.949062599417426433e-01,9.949014338035457872e-01,9.999999999999964473e-01,9.949005256814190679e-01,9.949044569318772346e-01,9.949054320007765240e-01,9.949054527654961344e-01,9.949054551805288638e-01,9.949054557166852053e-01,9.949054558796938119e-01,9.949054559274743692e-01,9.949054559015189092e-01,9.949054557059159309e-01,9.949054545301547758e-01,9.949054407323887350e-01,9.949045478336129289e-01,9.949045477586214714e-01,9.949054405239354804e-01,9.949054539696737809e-01,9.949054538605768272e-01,9.949054469259707156e-01,9.949053659175761677e-01,9.949005256814190679e-01,9.999999999999964473e-01
9.999999999999940048e-01,9.808755266303128550e-01,9.809522108354393755e-01,9.809555400138358916e-01,9.809558402602273075e-01,9.809558956673551933e-01,9.809559098282905065e-01,9.809559116453303584e-01,9.809559002436821773e-01,9.809558246487233291e-01,9.809549492763500744e-01,9.809277655556724040e-01,9.809277646430489828e-01,9.809549469705469704e-01,9.809558194404440767e-01,9.809558874126461658e-01,9.809558731047839375e-01,9.809557470162078019e-01,9.809545756414973505e-01,9.809238472871254499e-01,9.808755266303128550e-01,9.999999999999940048e-01,9.809038146725453933e-01,9.809794802471540898e-01,9.809827390510157397e-01,9.809830282489229170e-01,9.809830803623689199e-01,9.809830913331126778e-01,9.809830828123666802e-01,9.809830083265850265e-01,9.809821334469028820e-01,9.809549492763501854e-01,9.809549489210103168e-01,9.809821325267492620e-01,9.809830061540231183e-01,9.809830770681943202e-01,9.809830721137547949e-01,9.809829849839355465e-01,9.809820578778716271e-01,9.809545762060279950e-01,9.809522108354393755e-01,9.809038146725453933e-01,9.999999999999940048e-01,9.809047746411606594e-01,9.809803697634872366e-01,9.809836180476291245e-01,9.809839040800453214e-01,9.809839530427760801e-01,9.809839536908216973e-01,9.809838820927989644e-01,9.809830083265848044e-01,9.809558246487231070e-01,9.809558248456349272e-01,9.809830087791727715e-01,9.809838829259823756e-01,9.809839549563024175e-01,9.809839528960606625e-01,9.809838749690970028e-01,9.809829862357438701e-01,9.809557488325060248e-01,9.809555400138358916e-01,9.809794802471540898e-01,9.809047746411606594e-01,9.999999999999940048e-01,9.809048653727316935e-01,9.809804494753897597e-01,9.809836945951576626e-01,9.809839774789476108e-01,9.809840161197492803e-01,9.809839536908216973e-01,9.809830828123664581e-01,9.809559002436819553e-01,9.809559012635750141e-01,9.809830854486103480e-01,9.809839598987165621e-01,9.809840324473410034e-01,9.809840315020050827e-01,9.809839564659615929e-01,9.809830769354607183e-01,9.809558784908792850e-01,9.809558402602273075e-01,9.809827390510157397e-01,9.809803697634872366e-01,9.809048653727316935e-01,9.999999999999940048e-01,9.809048821208903313e-01,9.809804629473405369e-01,9.809837049170477830e-01,9.809839774789477218e-01,9.809839530427760801e-01,9.809830913331125668e-01,9.809559116453304695e-01,9.809559143010954108e-01,9.809830987933065849e-01,9.809839734913784470e-01,9.809840463431733770e-01,9.809840459160847903e-01,9.809839719949464687e-01,9.809830953586319291e-01,9.809559062671013852e-01,9.809558956673551933e-01,9.809830282489229170e-01,9.809836180476291245e-01,9.809804494753897597e-01,9.809048821208903313e-01,9.999999999999940048e-01,9.809048852930505324e-01,9.809804629473405369e-01,9.809836945951577736e-01,9.809839040800454324e-01,9.809830803623686979e-01,9.809559098282902845e-01,9.809559164946202170e-01,9.809831015130788812e-01,9.809839765145472734e-01,9.809840496142008259e-01,9.809840494902766217e-01,9.809839760874344838e-01,9.809831005672032811e-01,9.809559144155406418e-01,9.809559098282905065e-01,9.809830803623689199e-01,9.809839040800453214e-01,9.809836945951576626e-01,9.809804629473405369e-01,9.809048852930505324e-01,9.999999999999940048e-01,9.809048821208903313e-01,9.809804494753898707e-01,9.809836180476292355e-01,9.809830282489228059e-01,9.809558956673549712e-01,9.809559144155408639e-01,9.809831005672032811e-01,9.809839760874345949e-01,9.809840494902766217e-01,9.809840496142009370e-01,9.809839765145473844e-01,9.809831015130789922e-01,9.809559164946199949e-01,9.809559116453303584e-01,9.809830913331126778e-01,9.809839530427760801e-01,9.809839774789476108e-01,9.809837049170477830e-01,9.809804629473405369e-01,9.809048821208903313e-01,9.999999999999940048e-01,9.809048653727316935e-01,9.809803697634873476e-01,9.809827390510160727e-01,9.809558402602274185e-01,9.809559062671014962e-01,9.809830953586317071e-01,9.809839719949463577e-01,9.809840459160849013e-01,9.809840463431733770e-01,9.809839734913786691e-01,9.809830987933065849e-01,9.809559143010951887e-01,9.809559002436821773e-01,9.809830828123666802e-01,9.809839536908216973e-01,9.809840161197492803e-01,9.809839774789477218e-01,9.809836945951577736e-01,9.809804494753898707e-01,9.809048653727316935e-01,9.999999999999940048e-01,9.809047746411607704e-01,9.809794802471544228e-01,9.809555400138357806e-01,9.809558784908795070e-01,9.809830769354608293e-01,9.809839564659615929e-01,9.809840315020049717e-01,9.809840324473411144e-01,9.809839598987168952e-01,9.809830854486105700e-01,9.809559012635750141e-01,9.809558246487233291e-01,9.809830083265850265e-01,9.809838820927989644e-01,9.809839536908216973e-01,9.809839530427760801e-01,9.809839040800454324e-01,9.809836180476292355e-01,9.809803697634873476e-01,9.809047746411607704e-01,9.999999999999940048e-01,9.809038146725455043e-01,9.809522108354393755e-01,9.809557488325062469e-01,9.809829862357437591e-01,9.809838749690968918e-01,9.809839528960607735e-01,9.809839549563026395e-01,9.809838829259827087e-01,9.809830087791731046e-01,9.809558248456350382e-01,9.809549492763500744e-01,9.809821334469028820e-01,9.809830083265848044e-01,9.809830828123664581e-01,9.809830913331125668e-01,9.809830803623686979e-01,9.809830282489228059e-01,9.809827390510160727e-01,9.809794802471544228e-01,9.809038146725455043e-01,9.999999999999940048e-01,9.808755266303126330e-01,9.809545762060281060e-01,9.809820578778712941e-01,9.809829849839354354e-01,9.809830721137547949e-01,9.809830770681942091e-01,9.809830061540232293e-01,9.809821325267492620e-01,9.809549489210102058e-01,9.809277655556724040e-01,9.809549492763501854e-01,9.809558246487231070e-01,9.809559002436819553e-01,9.809559116453304695e-01,9.809559098282902845e-01,9.809558956673549712e-01,9.809558402602274185e-01,9.809555400138357806e-01,9.809522108354393755e-01,9.808755266303126330e-01,9.999999999999940048e-01,9.809238472871253389e-01,9.809545756414972395e-01,9.809557470162075798e-01,9.809558731047837155e-01,9.809558874126461658e-01,9.809558194404440767e-01,9.809549469705469704e-01,9.809277646430487607e-01,9.809277646430489828e-01,9.809549489210103168e-01,9.809558248456349272e-01,9.809559012635750141e-01,9.809559143010954108e-01,9.809559164946202170e-01,9.809559144155408639e-01,9.809559062671014962e-01,9.809558784908795070e-01,9.809557488325062469e-01,9.809545762060281060e-01,9.809238472871253389e-01,9.999999999999940048e-01,9.808755253452908773e-01,9.809522083082156119e-01,9.809555339172624233e-01,9.809558206953429282e-01,9.809557999817816176e-01,9.809549395932618543e-01,9.809277612665424639e-01,9.809549469705469704e-01,9.809821325267492620e-01,9.809830087791727715e-01,9.809830854486103480e-01,9.809830987933065849e-01,9.809831015130788812e-01,9.809831005672032811e-01,9.809830953586317071e-01,9.809830769354608293e-01,9.809829862357437591e-01,9.809820578778712941e-01,9.809545756414972395e-01,9.808755253452908773e-01,9.999999999999940048e-01,9.809038115567086935e-01,9.809794735844534763e-01,9.809827189206679066e-01,9.809829319958067728e-01,9.809821095347661668e-01,9.809549395932618543e-01,9.809558194404440767e-01,9.809830061540231183e-01,9.809838829259823756e-01,9.809839598987165621e-01,9.809839734913784470e-01,9.809839765145472734e-01,9.809839760874345949e-01,9.809839719949463577e-01,9.809839564659615929e-01,9.809838749690968918e-01,9.809829849839354354e-01,9.809557470162075798e-01,9.809522083082156119e-01,9.809038115567086935e-01,9.999999999999940048e-01,9.809047666652320752e-01,9.809803483767284282e-01,9.809835205407088088e-01,9.809829319958067728e-01,9.809557999817812846e-01,9.809558874126461658e-01,9.809830770681943202e-01,9.809839549563024175e-01,9.809840324473410034e-01,9.809840463431733770e-01,9.809840496142008259e-01,9.809840494902766217e-01,9.809840459160849013e-01,9.809840315020049717e-01,9.809839528960607735e-01,9.809830721137547949e-01,9.809558731047837155e-01,9.809555339172624233e-01,9.809794735844534763e-01,9.809047666652320752e-01,9.999999999999940048e-01,9.809048402224854746e-01,9.809803483767285393e-01,9.809827189206681286e-01,9.809558206953429282e-01,9.809558731047839375e-01,9.809830721137547949e-01,9.809839528960606625e-01,9.809840315020050827e-01,9.809840459160847903e-01,9.809840494902766217e-01,9.809840496142009370e-01,9.809840463431733770e-01,9.809840324473411144e-01,9.809839549563026395e-01,9.809830770681942091e-01,9.809558874126461658e-01,9.809558206953429282e-01,9.809827189206679066e-01,9.809803483767284282e-01,9.809048402224854746e-01,9.999999999999940048e-01,9.809047666652322972e-01,9.809794735844534763e-01,9.809555339172624233e-01,9.809557470162078019e-01,9.809829849839355465e-01,9.809838749690970028e-01,9.809839564659615929e-01,9.809839719949464687e-01,9.809839760874344838e-01,9.809839765145473844e-01,9.809839734913786691e-01,9.809839598987168952e-01,9.809838829259827087e-01,9.809830061540232293e-01,9.809558194404440767e-01,9.809557999817816176e-01,9.809829319958067728e-01,9.809835205407088088e-01,9.809803483767285393e-01,9.809047666652322972e-01,9.999999999999940048e-01,9.809038115567089156e-01,9.809522083082155008e-01,9.809545756414973505e-01,9.809820578778716271e-01,9.809829862357438701e-01,9.809830769354607183e-01,9.809830953586319291e-01,9.809831005672032811e-01,9.809831015130789922e-01,9.809830987933065849e-01,9.809830854486105700e-01,9.809830087791731046e-01,9.809821325267492620e-01,9.809549469705469704e-01,9.809549395932618543e-01,9.809821095347661668e-01,9.809829319958067728e-01,9.809827189206681286e-01,9.809794735844534763e-01,9.809038115567089156e-01,9.999999999999940048e-01,9.808755253452909884e-01,9.809238472871254499e-01,9.809545762060279950e-01,9.809557488325060248e-01,9.809558784908792850e-01,9.809559062671013852e-01,9.809559144155406418e-01,9.809559164946199949e-01,9.809559143010951887e-01,9.809559012635750141e-01,9.809558248456350382e-01,9.809549489210102058e-01,9.809277646430487607e-01,9.809277612665424639e-01,9.809549395932618543e-01,9.809557999817812846e-01,9.809558206953429282e-01,9.809555339172624233e-01,9.809522083082155008e-01,9.808755253452909884e-01,9.999999999999940048e-01
9.999999999999943379e-01,9.810261592651154938e-01,9.810996325147550712e-01,9.811040435472579979e-01,9.811044582445406226e-01,9.811045402824557504e-01,9.811045588787512539e-01,9.811045498936870057e-01,9.811044864643292396e-01,9.811041184974736984e-01,9.810999484494474787e-01,9.809946813035562707e-01,9.809946787371899291e-01,9.810999419318600090e-01,9.811041034739411693e-01,9.811044482104538389e-01,9.811044290316609517e-01,9.811040078427480937e-01,9.810994563461258311e-01,9.809893948631721594e-01,9.810261592651154938e-01,9.999999999999943379e-01,9.811364922241477826e-01,9.812053369985304085e-01,9.812093949067541843e-01,9.812097543389562970e-01,9.812098198284266992e-01,9.812098225354096703e-01,9.812097628434629515e-01,9.812093962954533399e-01,9.812052264840125382e-01,9.810999484494472567e-01,9.810999466569304550e-01,9.812052218698258388e-01,9.812093854263909121e-01,9.812097342290333479e-01,9.812097276570244109e-01,9.812093575529547973e-01,9.812051246560243856e-01,9.810994591657120623e-01,9.810996325147550712e-01,9.811364922241477826e-01,9.999999999999943379e-01,9.811410687799824171e-01,9.812095767437928329e-01,9.812135818692292455e-01,9.812139254906470098e-01,9.812139753243177553e-01,9.812139274149144219e-01,9.812135646487211149e-01,9.812093962954532289e-01,9.811041184974733653e-01,9.811041174544483656e-01,9.812093935230945529e-01,9.812135577932863395e-01,9.812139080861698170e-01,9.812139053396790045e-01,9.812135472304565065e-01,9.812093638039557364e-01,9.811040169126009625e-01,9.811040435472579979e-01,9.812053369985304085e-01,9.811410687799824171e-01,9.999999999999943379e-01,9.811415077659094708e-01,9.812099618707105231e-01,9.812139511837770778e-01,9.812142791704715483e-01,9.812142783954851399e-01,9.812139274149144219e-01,9.812097628434630625e-01,9.811044864643291286e-01,9.811044865328940601e-01,9.812097629815766942e-01,9.812139276605686966e-01,9.812142786463915467e-01,9.812142773804872764e-01,9.812139230741678819e-01,9.812097516424411747e-01,9.811044558340084043e-01,9.811044582445406226e-01,9.812093949067541843e-01,9.812095767437928329e-01,9.811415077659094708e-01,9.999999999999943379e-01,9.811415902593124683e-01,9.812100281308078209e-01,9.812140017920422119e-01,9.812142791704715483e-01,9.812139753243177553e-01,9.812098225354096703e-01,9.811045498936868947e-01,9.811045521570893602e-01,9.812098290376647380e-01,9.812139940508283198e-01,9.812143454435464651e-01,9.812143448701239334e-01,9.812139920443699870e-01,9.812098244378882894e-01,9.811045412291485857e-01,9.811045402824557504e-01,9.812097543389562970e-01,9.812135818692292455e-01,9.812099618707105231e-01,9.811415902593124683e-01,9.999999999999943379e-01,9.811416060018502971e-01,9.812100281308077099e-01,9.812139511837769668e-01,9.812139254906468988e-01,9.812098198284266992e-01,9.811045588787510319e-01,9.811045664671339539e-01,9.812098440807309752e-01,9.812140095024137754e-01,9.812143612283705796e-01,9.812143610617871659e-01,9.812140089288304834e-01,9.812098428110624937e-01,9.811045636291487737e-01,9.811045588787512539e-01,9.812098198284266992e-01,9.812139254906470098e-01,9.812139511837770778e-01,9.812100281308078209e-01,9.811416060018502971e-01,9.999999999999943379e-01,9.811415902593123572e-01,9.812099618707106341e-01,9.812135818692294675e-01,9.812097543389564080e-01,9.811045402824555284e-01,9.811045636291486627e-01,9.812098428110623827e-01,9.812140089288304834e-01,9.812143610617870548e-01,9.812143612283705796e-01,9.812140095024137754e-01,9.812098440807311972e-01,9.811045664671338429e-01,9.811045498936870057e-01,9.812098225354096703e-01,9.812139753243177553e-01,9.812142791704715483e-01,9.812140017920422119e-01,9.812100281308077099e-01,9.811415902593123572e-01,9.999999999999943379e-01,9.811415077659095818e-01,9.812095767437929439e-01,9.812093949067542953e-01,9.811044582445406226e-01,9.811045412291489187e-01,9.812098244378882894e-01,9.812139920443697649e-01,9.812143448701239334e-01,9.812143454435465761e-01,9.812139940508284308e-01,9.812098290376647380e-01,9.811045521570891381e-01,9.811044864643292396e-01,9.812097628434629515e-01,9.812139274149144219e-01,9.812142783954851399e-01,9.812142791704715483e-01,9.812139511837769668e-01,9.812099618707106341e-01,9.811415077659095818e-01,9.999999999999943379e-01,9.811410687799826391e-01,9.812053369985306306e-01,9.811040435472579979e-01,9.811044558340088484e-01,9.812097516424412857e-01,9.812139230741681040e-01,9.812142773804873874e-01,9.812142786463914357e-01,9.812139276605688076e-01,9.812097629815768052e-01,9.811044865328938380e-01,9.811041184974736984e-01,9.812093962954533399e-01,9.812135646487211149e-01,9.812139274149144219e-01,9.812139753243177553e-01,9.812139254906468988e-01,9.812135818692294675e-01,9.812095767437929439e-01,9.811410687799826391e-01,9.999999999999943379e-01,9.811364922241477826e-01,9.810996325147549602e-01,9.811040169126014066e-01,9.812093638039555143e-01,9.812135472304567285e-01,9.812139053396791155e-01,9.812139080861698170e-01,9.812135577932864505e-01,9.812093935230946640e-01,9.811041174544481436e-01,9.810999484494474787e-01,9.812052264840125382e-01,9.812093962954532289e-01,9.812097628434630625e-01,9.812098225354096703e-01,9.812098198284266992e-01,9.812097543389564080e-01,9.812093949067542953e-01,9.812053369985306306e-01,9.811364922241477826e-01,9.999999999999943379e-01,9.810261592651154938e-01,9.810994591657123953e-01,9.812051246560242745e-01,9.812093575529547973e-01,9.812097276570244109e-01,9.812097342290333479e-01,9.812093854263910231e-01,9.812052218698259498e-01,9.810999466569303440e-01,9.809946813035562707e-01,9.810999484494472567e-01,9.811041184974733653e-01,9.811044864643291286e-01,9.811045498936868947e-01,9.811045588787510319e-01,9.811045402824555284e-01,9.811044582445406226e-01,9.811040435472579979e-01,9.810996325147549602e-01,9.810261592651154938e-01,9.999999999999943379e-01,9.809893948631721594e-01,9.810994563461254980e-01,9.811040078427478717e-01,9.811044290316607297e-01,9.811044482104536169e-01,9.811041034739411693e-01,9.810999419318601200e-01,9.809946787371895960e-01,9.809946787371899291e-01,9.810999466569304550e-01,9.811041174544483656e-01,9.811044865328940601e-01,9.811045521570893602e-01,9.811045664671339539e-01,9.811045636291486627e-01,9.811045412291489187e-01,9.811044558340088484e-01,9.811040169126014066e-01,9.810994591657123953e-01,9.809893948631721594e-01,9.999999999999943379e-01,9.810261528114977425e-01,9.810996198553210146e-01,9.811040131605334169e-01,9.811043616420007663e-01,9.811040765429112076e-01,9.810999307543653014e-01,9.809946728252236792e-01,9.810999419318600090e-01,9.812052218698258388e-01,9.812093935230945529e-01,9.812097629815766942e-01,9.812098290376647380e-01,9.812098440807309752e-01,9.812098428110623827e-01,9.812098244378882894e-01,9.812097516424412857e-01,9.812093638039555143e-01,9.812051246560242745e-01,9.810994563461254980e-01,9.810261528114977425e-01,9.999999999999943379e-01,9.811364766273557025e-01,9.812053037724886018e-01,9.812092954698293790e-01,9.812092877260052415e-01,9.812051883758716730e-01,9.810999307543651904e-01,9.811041034739411693e-01,9.812093854263909121e-01,9.812135577932863395e-01,9.812139276605686966e-01,9.812139940508283198e-01,9.812140095024137754e-01,9.812140089288304834e-01,9.812139920443697649e-01,9.812139230741681040e-01,9.812135472304567285e-01,9.812093575529547973e-01,9.811040078427478717e-01,9.810996198553210146e-01,9.811364766273557025e-01,9.999999999999943379e-01,9.811410290068306450e-01,9.812094710031652456e-01,9.812131089825075758e-01,9.812092877260053525e-01,9.811040765429112076e-01,9.811044482104538389e-01,9.812097342290333479e-01,9.812139080861698170e-01,9.812142786463915467e-01,9.812143454435464651e-01,9.812143612283705796e-01,9.812143610617870548e-01,9.812143448701239334e-01,9.812142773804873874e-01,9.812139053396791155e-01,9.812097276570244109e-01,9.811044290316607297e-01,9.811040131605334169e-01,9.812053037724886018e-01,9.811410290068306450e-01,9.999999999999943379e-01,9.811413833662920858e-01,9.812094710031653566e-01,9.812092954698296010e-01,9.811043616420006552e-01,9.811044290316609517e-01,9.812097276570244109e-01,9.812139053396790045e-01,9.812142773804872764e-01,9.812143448701239334e-01,9.812143610617871659e-01,9.812143612283705796e-01,9.812143454435465761e-01,9.812142786463914357e-01,9.812139080861698170e-01,9.812097342290333479e-01,9.811044482104536169e-01,9.811043616420007663e-01,9.812092954698293790e-01,9.812094710031652456e-01,9.811413833662920858e-01,9.999999999999943379e-01,9.811410290068307560e-01,9.812053037724887128e-01,9.811040131605335279e-01,9.811040078427480937e-01,9.812093575529547973e-01,9.812135472304565065e-01,9.812139230741678819e-01,9.812139920443699870e-01,9.812140089288304834e-01,9.812140095024137754e-01,9.812139940508284308e-01,9.812139276605688076e-01,9.812135577932864505e-01,9.812093854263910231e-01,9.811041034739411693e-01,9.811040765429112076e-01,9.812092877260052415e-01,9.812131089825075758e-01,9.812094710031653566e-01,9.811410290068307560e-01,9.999999999999943379e-01,9.811364766273559246e-01,9.810996198553210146e-01,9.810994563461258311e-01,9.812051246560243856e-01,9.812093638039557364e-01,9.812097516424411747e-01,9.812098244378882894e-01,9.812098428110624937e-01,9.812098440807311972e-01,9.812098290376647380e-01,9.812097629815768052e-01,9.812093935230946640e-01,9.812052218698259498e-01,9.810999419318601200e-01,9.810999307543653014e-01,9.812051883758716730e-01,9.812092877260053525e-01,9.812092954698296010e-01,9.812053037724887128e-01,9.811364766273559246e-01,9.999999999999943379e-01,9.810261528114976315e-01,9.809893948631721594e-01,9.810994591657120623e-01,9.811040169126009625e-01,9.811044558340084043e-01,9.811045412291485857e-01,9.811045636291487737e-01,9.811045664671338429e-01,9.811045521570891381e-01,9.811044865328938380e-01,9.811041174544481436e-01,9.810999466569303440e-01,9.809946787371895960e-01,9.809946728252236792e-01,9.810999307543651904e-01,9.811040765429112076e-01,9.811043616420006552e-01,9.811040131605335279e-01,9.810996198553210146e-01,9.810261528114976315e-01,9.999999999999943379e-01
