1.000000000000000000e+00,1.000000000000000000e+00,1.000000000000000000e+00,1.000000000000000000e+00,1.000000000000000000e+00,1.000000000000000000e+00,1.000000000000000000e+00,1.000000000000000000e+00,1.000000000000000000e+00,1.000000000000000000e+00,1.000000000000000000e+00,1.000000000000000000e+00,1.000000000000000000e+00,1.000000000000000000e+00,1.000000000000000000e+00,1.000000000000000000e+00,1.000000000000000000e+00,1.000000000000000000e+00,1.000000000000000000e+00,1.000000000000000000e+00,1.000000000000000000e+00,1.000000000000000000e+00,1.000000000000000000e+00,1.000000000000000000e+00,1.000000000000000000e+00,1.000000000000000000e+00,1.000000000000000000e+00,1.000000000000000000e+00,1.000000000000000000e+00,1.000000000000000000e+00,1.000000000000000000e+00,1.000000000000000000e+00,1.000000000000000000e+00,1.000000000000000000e+00,1.000000000000000000e+00,1.000000000000000000e+00,1.000000000000000000e+00,1.000000000000000000e+00,1.000000000000000000e+00,1.000000000000000000e+00,1.000000000000000000e+00,1.000000000000000000e+00,1.000000000000000000e+00,1.000000000000000000e+00,1.000000000000000000e+00,1.000000000000000000e+00,1.000000000000000000e+00,1.000000000000000000e+00,1.000000000000000000e+00,1.000000000000000000e+00,1.000000000000000000e+00,1.000000000000000000e+00,1.000000000000000000e+00,1.000000000000000000e+00,1.000000000000000000e+00,1.000000000000000000e+00,1.000000000000000000e+00,1.000000000000000000e+00,1.000000000000000000e+00,1.000000000000000000e+00,1.000000000000000000e+00,1.000000000000000000e+00,1.000000000000000000e+00,1.000000000000000000e+00,1.000000000000000000e+00,1.000000000000000000e+00,1.000000000000000000e+00,1.000000000000000000e+00,1.000000000000000000e+00,1.000000000000000000e+00,1.000000000000000000e+00,1.000000000000000000e+00,1.000000000000000000e+00,1.000000000000000000e+00,1.000000000000000000e+00,1.000000000000000000e+00,1.000000000000000000e+00,1.000000000000000000e+00,1.000000000000000000e+00,1.000000000000000000e+00,1.000000000000000000e+00,1.000000000000000000e+00,1.000000000000000000e+00,1.000000000000000000e+00,1.000000000000000000e+00,1.000000000000000000e+00,1.000000000000000000e+00,1.000000000000000000e+00,1.000000000000000000e+00,1.000000000000000000e+00,1.000000000000000000e+00,1.000000000000000000e+00,1.000000000000000000e+00,1.000000000000000000e+00,1.000000000000000000e+00,1.000000000000000000e+00,1.000000000000000000e+00,1.000000000000000000e+00,1.000000000000000000e+00,1.000000000000000000e+00,1.000000000000000000e+00,1.000000000000000000e+00,1.000000000000000000e+00,1.000000000000000000e+00,1.000000000000000000e+00,1.000000000000000000e+00,1.000000000000000000e+00,1.000000000000000000e+00,1.000000000000000000e+00,1.000000000000000000e+00,1.000000000000000000e+00,1.000000000000000000e+00,1.000000000000000000e+00,1.000000000000000000e+00,1.000000000000000000e+00,1.000000000000000000e+00,1.000000000000000000e+00,1.000000000000000000e+00,1.000000000000000000e+00,1.000000000000000000e+00,1.000000000000000000e+00,1.000000000000000000e+00,1.000000000000000000e+00,1.000000000000000000e+00,1.000000000000000000e+00,1.000000000000000000e+00,1.000000000000000000e+00,1.000000000000000000e+00,1.000000000000000000e+00,1.000000000000000000e+00,1.000000000000000000e+00,1.000000000000000000e+00,1.000000000000000000e+00,1.000000000000000000e+00,1.000000000000000000e+00,1.000000000000000000e+00,1.000000000000000000e+00,1.000000000000000000e+00,1.000000000000000000e+00,1.000000000000000000e+00,1.000000000000000000e+00,1.000000000000000000e+00,1.000000000000000000e+00,1.000000000000000000e+00,1.000000000000000000e+00,1.000000000000000000e+00,1.000000000000000000e+00,1.000000000000000000e+00,1.000000000000000000e+00,1.000000000000000000e+00,1.000000000000000000e+00,1.000000000000000000e+00,1.000000000000000000e+00,1.000000000000000000e+00,1.000000000000000000e+00,1.000000000000000000e+00,1.000000000000000000e+00,1.000000000000000000e+00,1.000000000000000000e+00,1.000000000000000000e+00,1.000000000000000000e+00,1.000000000000000000e+00,1.000000000000000000e+00,1.000000000000000000e+00,1.000000000000000000e+00,1.000000000000000000e+00,1.000000000000000000e+00,1.000000000000000000e+00,1.000000000000000000e+00,1.000000000000000000e+00,1.000000000000000000e+00,1.000000000000000000e+00,1.000000000000000000e+00,1.000000000000000000e+00,1.000000000000000000e+00,1.000000000000000000e+00,1.000000000000000000e+00,1.000000000000000000e+00,1.000000000000000000e+00,1.000000000000000000e+00,1.000000000000000000e+00,1.000000000000000000e+00,1.000000000000000000e+00,1.000000000000000000e+00,1.000000000000000000e+00,1.000000000000000000e+00,1.000000000000000000e+00,1.000000000000000000e+00,1.000000000000000000e+00,1.000000000000000000e+00,1.000000000000000000e+00,1.000000000000000000e+00,1.000000000000000000e+00,1.000000000000000000e+00,1.000000000000000000e+00,1.000000000000000000e+00,1.000000000000000000e+00,1.000000000000000000e+00,1.000000000000000000e+00,1.000000000000000000e+00,1.000000000000000000e+00,1.000000000000000000e+00,1.000000000000000000e+00,1.000000000000000000e+00,1.000000000000000000e+00,1.000000000000000000e+00,1.000000000000000000e+00,1.000000000000000000e+00,1.000000000000000000e+00,1.000000000000000000e+00,1.000000000000000000e+00,1.000000000000000000e+00,1.000000000000000000e+00,1.000000000000000000e+00,1.000000000000000000e+00,1.000000000000000000e+00,1.000000000000000000e+00,1.000000000000000000e+00,1.000000000000000000e+00,1.000000000000000000e+00,1.000000000000000000e+00,1.000000000000000000e+00,1.000000000000000000e+00,1.000000000000000000e+00,1.000000000000000000e+00,1.000000000000000000e+00,1.000000000000000000e+00,1.000000000000000000e+00,1.000000000000000000e+00,1.000000000000000000e+00,1.000000000000000000e+00,1.000000000000000000e+00,1.000000000000000000e+00,1.000000000000000000e+00,1.000000000000000000e+00,1.000000000000000000e+00,1.000000000000000000e+00,1.000000000000000000e+00,1.000000000000000000e+00,1.000000000000000000e+00,1.000000000000000000e+00,1.000000000000000000e+00,1.000000000000000000e+00,1.000000000000000000e+00,1.000000000000000000e+00,1.000000000000000000e+00,1.000000000000000000e+00,1.000000000000000000e+00,1.000000000000000000e+00,1.000000000000000000e+00,1.000000000000000000e+00,1.000000000000000000e+00,1.000000000000000000e+00,1.000000000000000000e+00,1.000000000000000000e+00,1.000000000000000000e+00,1.000000000000000000e+00,1.000000000000000000e+00,1.000000000000000000e+00,1.000000000000000000e+00,1.000000000000000000e+00,1.000000000000000000e+00,1.000000000000000000e+00,1.000000000000000000e+00,1.000000000000000000e+00,1.000000000000000000e+00,1.000000000000000000e+00,1.000000000000000000e+00,1.000000000000000000e+00,1.000000000000000000e+00,1.000000000000000000e+00,1.000000000000000000e+00,1.000000000000000000e+00,1.000000000000000000e+00,1.000000000000000000e+00,1.000000000000000000e+00,1.000000000000000000e+00,1.000000000000000000e+00,1.000000000000000000e+00,1.000000000000000000e+00,1.000000000000000000e+00,1.000000000000000000e+00,1.000000000000000000e+00,1.000000000000000000e+00,1.000000000000000000e+00,1.000000000000000000e+00,1.000000000000000000e+00,1.000000000000000000e+00,1.000000000000000000e+00,1.000000000000000000e+00,1.000000000000000000e+00,1.000000000000000000e+00,1.000000000000000000e+00,1.000000000000000000e+00,1.000000000000000000e+00,1.000000000000000000e+00,1.000000000000000000e+00,1.000000000000000000e+00,1.000000000000000000e+00,1.000000000000000000e+00,1.000000000000000000e+00,1.000000000000000000e+00,1.000000000000000000e+00,1.000000000000000000e+00,1.000000000000000000e+00,1.000000000000000000e+00,1.000000000000000000e+00,1.000000000000000000e+00,1.000000000000000000e+00,1.000000000000000000e+00,1.000000000000000000e+00,1.000000000000000000e+00,1.000000000000000000e+00,1.000000000000000000e+00,1.000000000000000000e+00,1.000000000000000000e+00,1.000000000000000000e+00,1.000000000000000000e+00,1.000000000000000000e+00,1.000000000000000000e+00,1.000000000000000000e+00,1.000000000000000000e+00,1.000000000000000000e+00,1.000000000000000000e+00,1.000000000000000000e+00,1.000000000000000000e+00,1.000000000000000000e+00,1.000000000000000000e+00,1.000000000000000000e+00,1.000000000000000000e+00,1.000000000000000000e+00,1.000000000000000000e+00,1.000000000000000000e+00,1.000000000000000000e+00,1.000000000000000000e+00,1.000000000000000000e+00,1.000000000000000000e+00,1.000000000000000000e+00,1.000000000000000000e+00,1.000000000000000000e+00,1.000000000000000000e+00,1.000000000000000000e+00,1.000000000000000000e+00,1.000000000000000000e+00,1.000000000000000000e+00,1.000000000000000000e+00,1.000000000000000000e+00,1.000000000000000000e+00,1.000000000000000000e+00,1.000000000000000000e+00,1.000000000000000000e+00,1.000000000000000000e+00,1.000000000000000000e+00,1.000000000000000000e+00,1.000000000000000000e+00,1.000000000000000000e+00,1.000000000000000000e+00,1.000000000000000000e+00,1.000000000000000000e+00,1.000000000000000000e+00,1.000000000000000000e+00,1.000000000000000000e+00,1.000000000000000000e+00,1.000000000000000000e+00,1.000000000000000000e+00,1.000000000000000000e+00,1.000000000000000000e+00,1.000000000000000000e+00,1.000000000000000000e+00,1.000000000000000000e+00,1.000000000000000000e+00,1.000000000000000000e+00,1.000000000000000000e+00,1.000000000000000000e+00,1.000000000000000000e+00,1.000000000000000000e+00,1.000000000000000000e+00,1.000000000000000000e+00,1.000000000000000000e+00,1.000000000000000000e+00,1.000000000000000000e+00,1.000000000000000000e+00,1.000000000000000000e+00,1.000000000000000000e+00,1.000000000000000000e+00,1.000000000000000000e+00,1.000000000000000000e+00,1.000000000000000000e+00,1.000000000000000000e+00,1.000000000000000000e+00,1.000000000000000000e+00,1.000000000000000000e+00,1.000000000000000000e+00,1.000000000000000000e+00,1.000000000000000000e+00,1.000000000000000000e+00,1.000000000000000000e+00,1.000000000000000000e+00,1.000000000000000000e+00,1.000000000000000000e+00
1.000000000000003553e+00,9.949005088008022746e-01,9.949053502559567219e-01,9.949054315294715289e-01,9.949054387292010082e-01,9.949054400380751284e-01,9.949054403958063064e-01,9.949054405226261943e-01,9.949054405757361552e-01,9.949054405997610484e-01,9.949054406096320413e-01,9.949054406103389203e-01,9.949054406021011765e-01,9.949054405804422796e-01,9.949054405310014948e-01,9.949054404078175873e-01,9.949054400275088028e-01,9.949054383071405105e-01,9.949054220926945025e-01,9.949045082719506494e-01,9.949005088008022746e-01,1.000000000000003553e+00,9.949014320696114577e-01,9.949062584748376015e-01,9.949063386075586157e-01,9.949063456158585561e-01,9.949063468765335649e-01,9.949063472183853341e-01,9.949063473387564915e-01,9.949063473886327058e-01,9.949063474104952176e-01,9.949063474182090472e-01,9.949063474157004983e-01,9.949063474010589880e-01,9.949063473636375887e-01,9.949063472663728369e-01,9.949063469535134319e-01,9.949063454488521474e-01,9.949063301411853466e-01,9.949054220926945025e-01,9.949053502559567219e-01,9.949014320696114577e-01,1.000000000000003553e+00,9.949014484534546288e-01,9.949062737173047788e-01,9.949063536604400015e-01,9.949063606209025412e-01,9.949063618658054997e-01,9.949063622012489505e-01,9.949063623184041250e-01,9.949063623661259514e-01,9.949063623858340755e-01,9.949063623903317000e-01,9.949063623814147217e-01,9.949063623509996068e-01,9.949063622657300376e-01,9.949063619787322788e-01,9.949063605413611677e-01,9.949063454488521474e-01,9.949054383071406216e-01,9.949054315294715289e-01,9.949062584748376015e-01,9.949014484534546288e-01,1.000000000000003553e+00,9.949014501099026075e-01,9.949062751823366524e-01,9.949063550776392484e-01,9.949063620223290716e-01,9.949063632608236007e-01,9.949063635930511795e-01,9.949063637080517442e-01,9.949063637536190718e-01,9.949063637701111018e-01,9.949063637682000749e-01,9.949063637435094920e-01,9.949063636652459852e-01,9.949063633902428538e-01,9.949063619787325008e-01,9.949063469535132098e-01,9.949054400275085808e-01,9.949054387292010082e-01,9.949063386075586157e-01,9.949062737173047788e-01,9.949014501099026075e-01,1.000000000000003553e+00,9.949014504507811552e-01,9.949062754750208626e-01,9.949063553545527405e-01,9.949063622928342454e-01,9.949063635281127915e-01,9.949063638581858715e-01,9.949063639710319373e-01,9.949063640133832820e-01,9.949063640234667716e-01,9.949063640057820290e-01,9.949063639332430542e-01,9.949063636652459852e-01,9.949063622657298156e-01,9.949063472663727259e-01,9.949054404078173652e-01,9.949054400380751284e-01,9.949063456158585561e-01,9.949063536604400015e-01,9.949062751823366524e-01,9.949014504507811552e-01,1.000000000000003553e+00,9.949014505538387176e-01,9.949062755622002374e-01,9.949063554353244632e-01,9.949063623703899850e-01,9.949063636035140323e-01,9.949063639314326135e-01,9.949063640410626963e-01,9.949063640770055006e-01,9.949063640713150525e-01,9.949063640057820290e-01,9.949063637435092700e-01,9.949063623509994958e-01,9.949063473636374777e-01,9.949054405310011617e-01,9.949054403958063064e-01,9.949063468765335649e-01,9.949063606209025412e-01,9.949063550776392484e-01,9.949062754750208626e-01,9.949014505538387176e-01,1.000000000000003553e+00,9.949014505932102237e-01,9.949062755951231241e-01,9.949063554650316998e-01,9.949063623979428339e-01,9.949063636289124934e-01,9.949063639536149806e-01,9.949063640568365230e-01,9.949063640770055006e-01,9.949063640234667716e-01,9.949063637681999639e-01,9.949063623814146107e-01,9.949063474010589880e-01,9.949054405804421686e-01,9.949054405226261943e-01,9.949063472183853341e-01,9.949063618658054997e-01,9.949063620223290716e-01,9.949063553545527405e-01,9.949062755622002374e-01,9.949014505932102237e-01,1.000000000000003553e+00,9.949014506103770472e-01,9.949062756090566451e-01,9.949063554768108331e-01,9.949063624075674683e-01,9.949063636353211448e-01,9.949063639536149806e-01,9.949063640410626963e-01,9.949063640133833930e-01,9.949063637701108798e-01,9.949063623903315889e-01,9.949063474157003872e-01,9.949054406021010655e-01,9.949054405757361552e-01,9.949063473387564915e-01,9.949063622012489505e-01,9.949063632608236007e-01,9.949063622928342454e-01,9.949063554353244632e-01,9.949062755951231241e-01,9.949014506103770472e-01,1.000000000000003553e+00,9.949014506179096884e-01,9.949062756144271269e-01,9.949063554800269271e-01,9.949063624075675794e-01,9.949063636289124934e-01,9.949063639314326135e-01,9.949063639710320484e-01,9.949063637536189608e-01,9.949063623858338534e-01,9.949063474182089362e-01,9.949054406103388093e-01,9.949054405997610484e-01,9.949063473886327058e-01,9.949063623184041250e-01,9.949063635930511795e-01,9.949063635281127915e-01,9.949063623703899850e-01,9.949063554650316998e-01,9.949062756090566451e-01,9.949014506179096884e-01,1.000000000000003553e+00,9.949014506200662966e-01,9.949062756144272379e-01,9.949063554768109441e-01,9.949063623979429449e-01,9.949063636035140323e-01,9.949063638581858715e-01,9.949063637080516331e-01,9.949063623661259514e-01,9.949063474104953286e-01,9.949054406096319303e-01,9.949054406096320413e-01,9.949063474104952176e-01,9.949063623661259514e-01,9.949063637080517442e-01,9.949063638581858715e-01,9.949063636035140323e-01,9.949063623979428339e-01,9.949063554768108331e-01,9.949062756144271269e-01,9.949014506200662966e-01,1.000000000000003553e+00,9.949014506179097994e-01,9.949062756090567561e-01,9.949063554650319219e-01,9.949063623703899850e-01,9.949063635281129026e-01,9.949063635930509575e-01,9.949063623184040139e-01,9.949063473886327058e-01,9.949054405997608264e-01,9.949054406103389203e-01,9.949063474182090472e-01,9.949063623858340755e-01,9.949063637536190718e-01,9.949063639710319373e-01,9.949063639314326135e-01,9.949063636289124934e-01,9.949063624075674683e-01,9.949063554800269271e-01,9.949062756144272379e-01,9.949014506179097994e-01,1.000000000000003553e+00,9.949014506103771582e-01,9.949062755951232351e-01,9.949063554353244632e-01,9.949063622928343564e-01,9.949063632608234897e-01,9.949063622012488395e-01,9.949063473387564915e-01,9.949054405757359332e-01,9.949054406021011765e-01,9.949063474157004983e-01,9.949063623903317000e-01,9.949063637701111018e-01,9.949063640133832820e-01,9.949063640410626963e-01,9.949063639536149806e-01,9.949063636353211448e-01,9.949063624075675794e-01,9.949063554768109441e-01,9.949062756090567561e-01,9.949014506103771582e-01,1.000000000000003553e+00,9.949014505932102237e-01,9.949062755622002374e-01,9.949063553545527405e-01,9.949063620223287385e-01,9.949063618658052777e-01,9.949063472183854451e-01,9.949054405226259723e-01,9.949054405804422796e-01,9.949063474010589880e-01,9.949063623814147217e-01,9.949063637682000749e-01,9.949063640234667716e-01,9.949063640770055006e-01,9.949063640568365230e-01,9.949063639536149806e-01,9.949063636289124934e-01,9.949063623979429449e-01,9.949063554650319219e-01,9.949062755951232351e-01,9.949014505932102237e-01,1.000000000000003553e+00,9.949014505538387176e-01,9.949062754750209736e-01,9.949063550776390263e-01,9.949063606209024302e-01,9.949063468765335649e-01,9.949054403958061954e-01,9.949054405310014948e-01,9.949063473636375887e-01,9.949063623509996068e-01,9.949063637435094920e-01,9.949063640057820290e-01,9.949063640713150525e-01,9.949063640770055006e-01,9.949063640410626963e-01,9.949063639314326135e-01,9.949063636035140323e-01,9.949063623703899850e-01,9.949063554353244632e-01,9.949062755622002374e-01,9.949014505538387176e-01,1.000000000000003553e+00,9.949014504507812662e-01,9.949062751823365414e-01,9.949063536604400015e-01,9.949063456158584451e-01,9.949054400380750174e-01,9.949054404078175873e-01,9.949063472663728369e-01,9.949063622657300376e-01,9.949063636652459852e-01,9.949063639332430542e-01,9.949063640057820290e-01,9.949063640234667716e-01,9.949063640133833930e-01,9.949063639710320484e-01,9.949063638581858715e-01,9.949063635281129026e-01,9.949063622928343564e-01,9.949063553545527405e-01,9.949062754750209736e-01,9.949014504507812662e-01,1.000000000000003553e+00,9.949014501099027186e-01,9.949062737173045567e-01,9.949063386075587267e-01,9.949054387292010082e-01,9.949054400275088028e-01,9.949063469535134319e-01,9.949063619787322788e-01,9.949063633902428538e-01,9.949063636652459852e-01,9.949063637435092700e-01,9.949063637681999639e-01,9.949063637701108798e-01,9.949063637536189608e-01,9.949063637080516331e-01,9.949063635930509575e-01,9.949063632608234897e-01,9.949063620223287385e-01,9.949063550776390263e-01,9.949062751823365414e-01,9.949014501099027186e-01,1.000000000000003553e+00,9.949014484534545177e-01,9.949062584748377125e-01,9.949054315294717510e-01,9.949054383071405105e-01,9.949063454488521474e-01,9.949063605413611677e-01,9.949063619787325008e-01,9.949063622657298156e-01,9.949063623509994958e-01,9.949063623814146107e-01,9.949063623903315889e-01,9.949063623858338534e-01,9.949063623661259514e-01,9.949063623184040139e-01,9.949063622012488395e-01,9.949063618658052777e-01,9.949063606209024302e-01,9.949063536604400015e-01,9.949062737173045567e-01,9.949014484534545177e-01,1.000000000000003553e+00,9.949014320696113467e-01,9.949053502559564999e-01,9.949054220926945025e-01,9.949063301411853466e-01,9.949063454488521474e-01,9.949063469535132098e-01,9.949063472663727259e-01,9.949063473636374777e-01,9.949063474010589880e-01,9.949063474157003872e-01,9.949063474182089362e-01,9.949063474104953286e-01,9.949063473886327058e-01,9.949063473387564915e-01,9.949063472183854451e-01,9.949063468765335649e-01,9.949063456158584451e-01,9.949063386075587267e-01,9.949062584748377125e-01,9.949014320696113467e-01,1.000000000000003553e+00,9.949005088008023856e-01,9.949045082719506494e-01,9.949054220926945025e-01,9.949054383071406216e-01,9.949054400275085808e-01,9.949054404078173652e-01,9.949054405310011617e-01,9.949054405804421686e-01,9.949054406021010655e-01,9.949054406103388093e-01,9.949054406096319303e-01,9.949054405997608264e-01,9.949054405757359332e-01,9.949054405226259723e-01,9.949054403958061954e-01,9.949054400380750174e-01,9.949054387292010082e-01,9.949054315294717510e-01,9.949053502559564999e-01,9.949005088008023856e-01,1.000000000000003553e+00
9.999999999999976685e-01,9.808744142462586524e-01,9.809511846889061859e-01,9.809545280150356872e-01,9.809548322254696417e-01,9.809548894588681067e-01,9.809549054397994627e-01,9.809549111825150991e-01,9.809549136043914652e-01,9.809549146953628895e-01,9.809549151236826026e-01,9.809549151049850035e-01,9.809549146243942142e-01,9.809549134150518102e-01,9.809549106420669684e-01,9.809549035918583293e-01,9.809548811719843719e-01,9.809547763621822014e-01,9.809537692976582068e-01,9.809253675576149467e-01,9.808744142462586524e-01,9.999999999999976685e-01,9.809036966596236251e-01,9.809793770607166952e-01,9.809826398297256667e-01,9.809829308517248325e-01,9.809829847843583028e-01,9.809829996805319308e-01,9.809830049835366328e-01,9.809830071857471578e-01,9.809830081310267902e-01,9.809830084156443419e-01,9.809830081845212213e-01,9.809830072822306457e-01,9.809830050360086595e-01,9.809829991206955313e-01,9.809829796469167196e-01,9.809828842239621816e-01,9.809819164976411043e-01,9.809537692976584289e-01,9.809511846889061859e-01,9.809036966596236251e-01,9.999999999999976685e-01,9.809047489805401421e-01,9.809803482432659649e-01,9.809835983541792537e-01,9.809838862058064546e-01,9.809839390939373294e-01,9.809839535657295384e-01,9.809839586557673741e-01,9.809839607153554297e-01,9.809839615181185080e-01,9.809839615901814192e-01,9.809839609358563806e-01,9.809839589930768877e-01,9.809839535966706769e-01,9.809839352395095524e-01,9.809838427136844397e-01,9.809828842239625146e-01,9.809547763621823124e-01,9.809545280150356872e-01,9.809793770607166952e-01,9.809047489805401421e-01,9.999999999999976685e-01,9.809048577163795857e-01,9.809804437002651589e-01,9.809836906401252499e-01,9.809839774493406273e-01,9.809840299138898878e-01,9.809840441730449667e-01,9.809840491206067714e-01,9.809840510377395573e-01,9.809840516279567657e-01,9.809840512767791232e-01,9.809840495818600292e-01,9.809840444886658295e-01,9.809840266498960348e-01,9.809839352395095524e-01,9.809829796469168306e-01,9.809548811719842609e-01,9.809548322254696417e-01,9.809826398297256667e-01,9.809803482432659649e-01,9.809048577163795857e-01,9.999999999999976685e-01,9.809048802754618546e-01,9.809804629352992800e-01,9.809837088304335095e-01,9.809839952160565035e-01,9.809840474680007194e-01,9.809840615846970868e-01,9.809840663898115043e-01,9.809840680944006408e-01,9.809840682613756302e-01,9.809840668695971599e-01,9.809840620242490372e-01,9.809840444886658295e-01,9.809839535966705659e-01,9.809829991206955313e-01,9.809549035918583293e-01,9.809548894588681067e-01,9.809829308517248325e-01,9.809835983541792537e-01,9.809804437002651589e-01,9.809048802754618546e-01,9.999999999999976685e-01,9.809048871175714002e-01,9.809804686841354648e-01,9.809837141547990136e-01,9.809840003277786602e-01,9.809840524372634984e-01,9.809840664115136999e-01,9.809840710040852452e-01,9.809840722854322737e-01,9.809840714118057692e-01,9.809840668695971599e-01,9.809840495818599182e-01,9.809839589930766657e-01,9.809830050360085485e-01,9.809549106420668574e-01,9.809549054397994627e-01,9.809829847843583028e-01,9.809838862058064546e-01,9.809836906401252499e-01,9.809804629352992800e-01,9.809048871175714002e-01,9.999999999999976685e-01,9.809048897352892205e-01,9.809804708584544120e-01,9.809837161161123475e-01,9.809840021466130766e-01,9.809840541136501946e-01,9.809840678753575238e-01,9.809840720446867390e-01,9.809840722854321626e-01,9.809840682613755192e-01,9.809840512767790122e-01,9.809839609358563806e-01,9.809830072822305347e-01,9.809549134150520322e-01,9.809549111825150991e-01,9.809829996805319308e-01,9.809839390939373294e-01,9.809839774493406273e-01,9.809837088304335095e-01,9.809804686841354648e-01,9.809048897352892205e-01,9.999999999999976685e-01,9.809048908775135356e-01,9.809804717793360052e-01,9.809837168943549290e-01,9.809840027823991671e-01,9.809840545368925246e-01,9.809840678753574128e-01,9.809840710040852452e-01,9.809840680944005298e-01,9.809840516279566547e-01,9.809839615901813081e-01,9.809830081845211103e-01,9.809549146243944362e-01,9.809549136043914652e-01,9.809830049835366328e-01,9.809839535657295384e-01,9.809840299138898878e-01,9.809839952160565035e-01,9.809837141547990136e-01,9.809804708584544120e-01,9.809048908775135356e-01,9.999999999999976685e-01,9.809048913788955826e-01,9.809804721344015377e-01,9.809837171069011319e-01,9.809840027823990560e-01,9.809840541136500836e-01,9.809840664115135889e-01,9.809840663898112822e-01,9.809840510377394462e-01,9.809839615181183969e-01,9.809830084156442309e-01,9.809549151049850035e-01,9.809549146953628895e-01,9.809830071857471578e-01,9.809839586557673741e-01,9.809840441730449667e-01,9.809840474680007194e-01,9.809840003277786602e-01,9.809837161161123475e-01,9.809804717793360052e-01,9.809048913788955826e-01,9.999999999999976685e-01,9.809048915224701792e-01,9.809804721344016487e-01,9.809837168943548180e-01,9.809840021466130766e-01,9.809840524372633874e-01,9.809840615846968648e-01,9.809840491206067714e-01,9.809839607153552077e-01,9.809830081310264571e-01,9.809549151236827136e-01,9.809549151236826026e-01,9.809830081310267902e-01,9.809839607153554297e-01,9.809840491206067714e-01,9.809840615846970868e-01,9.809840524372634984e-01,9.809840021466130766e-01,9.809837168943549290e-01,9.809804721344015377e-01,9.809048915224701792e-01,9.999999999999976685e-01,9.809048913788956936e-01,9.809804717793360052e-01,9.809837161161122365e-01,9.809840003277786602e-01,9.809840474680006084e-01,9.809840441730449667e-01,9.809839586557671520e-01,9.809830071857469358e-01,9.809549146953631116e-01,9.809549151049850035e-01,9.809830084156443419e-01,9.809839615181185080e-01,9.809840510377395573e-01,9.809840663898115043e-01,9.809840664115136999e-01,9.809840541136501946e-01,9.809840027823991671e-01,9.809837171069011319e-01,9.809804721344016487e-01,9.809048913788956936e-01,9.999999999999976685e-01,9.809048908775136466e-01,9.809804708584546340e-01,9.809837141547990136e-01,9.809839952160565035e-01,9.809840299138899988e-01,9.809839535657295384e-01,9.809830049835365218e-01,9.809549136043915762e-01,9.809549146243942142e-01,9.809830081845212213e-01,9.809839615901814192e-01,9.809840516279567657e-01,9.809840680944006408e-01,9.809840710040852452e-01,9.809840678753575238e-01,9.809840545368925246e-01,9.809840027823990560e-01,9.809837168943548180e-01,9.809804717793360052e-01,9.809048908775136466e-01,9.999999999999976685e-01,9.809048897352892205e-01,9.809804686841352428e-01,9.809837088304335095e-01,9.809839774493406273e-01,9.809839390939371073e-01,9.809829996805318197e-01,9.809549111825150991e-01,9.809549134150518102e-01,9.809830072822306457e-01,9.809839609358563806e-01,9.809840512767791232e-01,9.809840682613756302e-01,9.809840722854322737e-01,9.809840720446867390e-01,9.809840678753574128e-01,9.809840541136500836e-01,9.809840021466130766e-01,9.809837161161122365e-01,9.809804708584546340e-01,9.809048897352892205e-01,9.999999999999976685e-01,9.809048871175711781e-01,9.809804629352990579e-01,9.809836906401252499e-01,9.809838862058062325e-01,9.809829847843581918e-01,9.809549054397995738e-01,9.809549106420669684e-01,9.809830050360086595e-01,9.809839589930768877e-01,9.809840495818600292e-01,9.809840668695971599e-01,9.809840714118057692e-01,9.809840722854321626e-01,9.809840710040852452e-01,9.809840664115135889e-01,9.809840524372633874e-01,9.809840003277786602e-01,9.809837141547990136e-01,9.809804686841352428e-01,9.809048871175711781e-01,9.999999999999976685e-01,9.809048802754618546e-01,9.809804437002649369e-01,9.809835983541789206e-01,9.809829308517247215e-01,9.809548894588683288e-01,9.809549035918583293e-01,9.809829991206955313e-01,9.809839535966706769e-01,9.809840444886658295e-01,9.809840620242490372e-01,9.809840668695971599e-01,9.809840682613755192e-01,9.809840680944005298e-01,9.809840663898112822e-01,9.809840615846968648e-01,9.809840474680006084e-01,9.809839952160565035e-01,9.809837088304335095e-01,9.809804629352990579e-01,9.809048802754618546e-01,9.999999999999976685e-01,9.809048577163796967e-01,9.809803482432658539e-01,9.809826398297254446e-01,9.809548322254698638e-01,9.809548811719843719e-01,9.809829796469167196e-01,9.809839352395095524e-01,9.809840266498960348e-01,9.809840444886658295e-01,9.809840495818599182e-01,9.809840512767790122e-01,9.809840516279566547e-01,9.809840510377394462e-01,9.809840491206067714e-01,9.809840441730449667e-01,9.809840299138899988e-01,9.809839774493406273e-01,9.809836906401252499e-01,9.809804437002649369e-01,9.809048577163796967e-01,9.999999999999976685e-01,9.809047489805400311e-01,9.809793770607166952e-01,9.809545280150357982e-01,9.809547763621822014e-01,9.809828842239621816e-01,9.809838427136844397e-01,9.809839352395095524e-01,9.809839535966705659e-01,9.809839589930766657e-01,9.809839609358563806e-01,9.809839615901813081e-01,9.809839615181183969e-01,9.809839607153552077e-01,9.809839586557671520e-01,9.809839535657295384e-01,9.809839390939371073e-01,9.809838862058062325e-01,9.809835983541789206e-01,9.809803482432658539e-01,9.809047489805400311e-01,9.999999999999976685e-01,9.809036966596235141e-01,9.809511846889062969e-01,9.809537692976582068e-01,9.809819164976411043e-01,9.809828842239625146e-01,9.809829796469168306e-01,9.809829991206955313e-01,9.809830050360085485e-01,9.809830072822305347e-01,9.809830081845211103e-01,9.809830084156442309e-01,9.809830081310264571e-01,9.809830071857469358e-01,9.809830049835365218e-01,9.809829996805318197e-01,9.809829847843581918e-01,9.809829308517247215e-01,9.809826398297254446e-01,9.809793770607166952e-01,9.809036966596235141e-01,9.999999999999976685e-01,9.808744142462586524e-01,9.809253675576149467e-01,9.809537692976584289e-01,9.809547763621823124e-01,9.809548811719842609e-01,9.809549035918583293e-01,9.809549106420668574e-01,9.809549134150520322e-01,9.809549146243944362e-01,9.809549151049850035e-01,9.809549151236827136e-01,9.809549146953631116e-01,9.809549136043915762e-01,9.809549111825150991e-01,9.809549054397995738e-01,9.809548894588683288e-01,9.809548322254698638e-01,9.809545280150357982e-01,9.809511846889062969e-01,9.808744142462586524e-01,9.999999999999976685e-01
9.999999999999987788e-01,9.810205740217803339e-01,9.810944756075036244e-01,9.810989588524775540e-01,9.810993936089787981e-01,9.810994848647832667e-01,9.810995125893108293e-01,9.810995231351602452e-01,9.810995277098432110e-01,9.810995297132438786e-01,9.810995302950310526e-01,9.810995297446312158e-01,9.810995277839710260e-01,9.810995232799932797e-01,9.810995128529849119e-01,9.810994852108640973e-01,9.810993923294547558e-01,9.810989339932664199e-01,9.810943036540877848e-01,9.809840271499368214e-01,9.810205740217803339e-01,9.999999999999987788e-01,9.811359030214289456e-01,9.812048218075468675e-01,9.812088998040040533e-01,9.812092684316827684e-01,9.812093430413707518e-01,9.812093652776823216e-01,9.812093735954415807e-01,9.812093770567061890e-01,9.812093783225618315e-01,9.812093781788625568e-01,9.812093765592043715e-01,9.812093724816601803e-01,9.812093627899394210e-01,9.812093367269375532e-01,9.812092479118154076e-01,9.812088023782353785e-01,9.812042253714551299e-01,9.810943036540881179e-01,9.810944756075036244e-01,9.811359030214289456e-01,9.999999999999987788e-01,9.811409399539993137e-01,9.812094687078339872e-01,9.812134830604415381e-01,9.812138358023372309e-01,9.812139051650597965e-01,9.812139252654741295e-01,9.812139325101225662e-01,9.812139352524817948e-01,9.812139358004741130e-01,9.812139345877602947e-01,9.812139308441836238e-01,9.812139215612352139e-01,9.812138961952516780e-01,9.812138088722521800e-01,9.812133671819378566e-01,9.812088023782356005e-01,9.810989339932669751e-01,9.810989588524775540e-01,9.812048218075468675e-01,9.811409399539993137e-01,9.999999999999987788e-01,9.811414691289879197e-01,9.812099326967607116e-01,9.812139311406343767e-01,9.812142786566607766e-01,9.812143458915167926e-01,9.812143649220905761e-01,9.812143714492876923e-01,9.812143734744187551e-01,9.812143729535615089e-01,9.812143696167053841e-01,9.812143606670036267e-01,9.812143357081762884e-01,9.812142490786009974e-01,9.812138088722521800e-01,9.812092479118151855e-01,9.810993923294547558e-01,9.810993936089787981e-01,9.812088998040040533e-01,9.812094687078339872e-01,9.811414691289879197e-01,9.999999999999987788e-01,9.811415808591045229e-01,9.812100279208109121e-01,9.812140211114395161e-01,9.812143664994489312e-01,9.812144326647943560e-01,9.812144509780952317e-01,9.812144567881490032e-01,9.812144577444631421e-01,9.812144550994602588e-01,9.812144465564384133e-01,9.812144219307635806e-01,9.812143357081765105e-01,9.812138961952512339e-01,9.812093367269374422e-01,9.810994852108639863e-01,9.810994848647832667e-01,9.812092684316827684e-01,9.812134830604415381e-01,9.812099326967607116e-01,9.811415808591045229e-01,9.999999999999987788e-01,9.811416150371534695e-01,9.812100566384849287e-01,9.812140476908782771e-01,9.812143920089615445e-01,9.812144574570262900e-01,9.812144750531976989e-01,9.812144797944429842e-01,9.812144786266135954e-01,9.812144707754416606e-01,9.812144465564386353e-01,9.812143606670037377e-01,9.812139215612351029e-01,9.812093627899390880e-01,9.810995128529848008e-01,9.810995125893108293e-01,9.812093430413707518e-01,9.812138358023372309e-01,9.812139311406343767e-01,9.812100279208109121e-01,9.811416150371534695e-01,9.999999999999987788e-01,9.811416281669222972e-01,9.812100675463778510e-01,9.812140575246415253e-01,9.812144011252308395e-01,9.812144658561475774e-01,9.812144823835098340e-01,9.812144850006122576e-01,9.812144786266137064e-01,9.812144550994604808e-01,9.812143696167056062e-01,9.812139308441834018e-01,9.812093724816601803e-01,9.810995232799933907e-01,9.810995231351602452e-01,9.812093652776823216e-01,9.812139051650597965e-01,9.812142786566607766e-01,9.812140211114395161e-01,9.812100566384849287e-01,9.811416281669222972e-01,9.999999999999987788e-01,9.811416339080814009e-01,9.812100721759302591e-01,9.812140614348476841e-01,9.812144043181924014e-01,9.812144679802908831e-01,9.812144823835098340e-01,9.812144797944429842e-01,9.812144577444632532e-01,9.812143729535617309e-01,9.812139345877601837e-01,9.812093765592043715e-01,9.810995277839712481e-01,9.810995277098432110e-01,9.812093735954415807e-01,9.812139252654741295e-01,9.812143458915167926e-01,9.812143664994489312e-01,9.812140476908782771e-01,9.812100675463778510e-01,9.811416339080814009e-01,9.999999999999987788e-01,9.811416364309210048e-01,9.812100739627482859e-01,9.812140625036933628e-01,9.812144043181920683e-01,9.812144658561472443e-01,9.812144750531975879e-01,9.812144567881490032e-01,9.812143734744187551e-01,9.812139358004738909e-01,9.812093781788623348e-01,9.810995297446312158e-01,9.810995297132438786e-01,9.812093770567061890e-01,9.812139325101225662e-01,9.812143649220905761e-01,9.812144326647943560e-01,9.812143920089615445e-01,9.812140575246415253e-01,9.812100721759302591e-01,9.811416364309210048e-01,9.999999999999987788e-01,9.811416371536965109e-01,9.812100739627482859e-01,9.812140614348474621e-01,9.812144011252306175e-01,9.812144574570262900e-01,9.812144509780953427e-01,9.812143714492876923e-01,9.812139352524814617e-01,9.812093783225614985e-01,9.810995302950310526e-01,9.810995302950310526e-01,9.812093783225618315e-01,9.812139352524817948e-01,9.812143714492876923e-01,9.812144509780952317e-01,9.812144574570262900e-01,9.812144011252308395e-01,9.812140614348476841e-01,9.812100739627482859e-01,9.811416371536965109e-01,9.999999999999987788e-01,9.811416364309212268e-01,9.812100721759302591e-01,9.812140575246416363e-01,9.812143920089615445e-01,9.812144326647944670e-01,9.812143649220907982e-01,9.812139325101224552e-01,9.812093770567060780e-01,9.810995297132439896e-01,9.810995297446312158e-01,9.812093781788625568e-01,9.812139358004741130e-01,9.812143734744187551e-01,9.812144567881490032e-01,9.812144750531976989e-01,9.812144658561475774e-01,9.812144043181924014e-01,9.812140625036933628e-01,9.812100739627482859e-01,9.811416364309212268e-01,9.999999999999987788e-01,9.811416339080814009e-01,9.812100675463778510e-01,9.812140476908784992e-01,9.812143664994492642e-01,9.812143458915170147e-01,9.812139252654741295e-01,9.812093735954413587e-01,9.810995277098434331e-01,9.810995277839710260e-01,9.812093765592043715e-01,9.812139345877602947e-01,9.812143729535615089e-01,9.812144577444631421e-01,9.812144797944429842e-01,9.812144823835098340e-01,9.812144679802908831e-01,9.812144043181920683e-01,9.812140614348474621e-01,9.812100721759302591e-01,9.811416339080814009e-01,9.999999999999987788e-01,9.811416281669221862e-01,9.812100566384849287e-01,9.812140211114395161e-01,9.812142786566607766e-01,9.812139051650594634e-01,9.812093652776819885e-01,9.810995231351601342e-01,9.810995232799932797e-01,9.812093724816601803e-01,9.812139308441836238e-01,9.812143696167053841e-01,9.812144550994602588e-01,9.812144786266135954e-01,9.812144850006122576e-01,9.812144823835098340e-01,9.812144658561472443e-01,9.812144011252306175e-01,9.812140575246416363e-01,9.812100675463778510e-01,9.811416281669221862e-01,9.999999999999987788e-01,9.811416150371532474e-01,9.812100279208109121e-01,9.812139311406342657e-01,9.812138358023368978e-01,9.812093430413705297e-01,9.810995125893107183e-01,9.810995128529849119e-01,9.812093627899394210e-01,9.812139215612352139e-01,9.812143606670036267e-01,9.812144465564384133e-01,9.812144707754416606e-01,9.812144786266137064e-01,9.812144797944429842e-01,9.812144750531975879e-01,9.812144574570262900e-01,9.812143920089615445e-01,9.812140476908784992e-01,9.812100566384849287e-01,9.811416150371532474e-01,9.999999999999987788e-01,9.811415808591046339e-01,9.812099326967607116e-01,9.812134830604413160e-01,9.812092684316824354e-01,9.810994848647834887e-01,9.810994852108640973e-01,9.812093367269375532e-01,9.812138961952516780e-01,9.812143357081762884e-01,9.812144219307635806e-01,9.812144465564386353e-01,9.812144550994604808e-01,9.812144577444632532e-01,9.812144567881490032e-01,9.812144509780953427e-01,9.812144326647944670e-01,9.812143664994492642e-01,9.812140211114395161e-01,9.812100279208109121e-01,9.811415808591046339e-01,9.999999999999987788e-01,9.811414691289878087e-01,9.812094687078338762e-01,9.812088998040039423e-01,9.810993936089789091e-01,9.810993923294547558e-01,9.812092479118154076e-01,9.812138088722521800e-01,9.812142490786009974e-01,9.812143357081765105e-01,9.812143606670037377e-01,9.812143696167056062e-01,9.812143729535617309e-01,9.812143734744187551e-01,9.812143714492876923e-01,9.812143649220907982e-01,9.812143458915170147e-01,9.812142786566607766e-01,9.812139311406342657e-01,9.812099326967607116e-01,9.811414691289878087e-01,9.999999999999987788e-01,9.811409399539994247e-01,9.812048218075465345e-01,9.810989588524778870e-01,9.810989339932664199e-01,9.812088023782353785e-01,9.812133671819378566e-01,9.812138088722521800e-01,9.812138961952512339e-01,9.812139215612351029e-01,9.812139308441834018e-01,9.812139345877601837e-01,9.812139358004738909e-01,9.812139352524814617e-01,9.812139325101224552e-01,9.812139252654741295e-01,9.812139051650594634e-01,9.812138358023368978e-01,9.812134830604413160e-01,9.812094687078338762e-01,9.811409399539994247e-01,9.999999999999987788e-01,9.811359030214287236e-01,9.810944756075035134e-01,9.810943036540877848e-01,9.812042253714551299e-01,9.812088023782356005e-01,9.812092479118151855e-01,9.812093367269374422e-01,9.812093627899390880e-01,9.812093724816601803e-01,9.812093765592043715e-01,9.812093781788623348e-01,9.812093783225614985e-01,9.812093770567060780e-01,9.812093735954413587e-01,9.812093652776819885e-01,9.812093430413705297e-01,9.812092684316824354e-01,9.812088998040039423e-01,9.812048218075465345e-01,9.811359030214287236e-01,9.999999999999987788e-01,9.810205740217803339e-01,9.809840271499368214e-01,9.810943036540881179e-01,9.810989339932669751e-01,9.810993923294547558e-01,9.810994852108639863e-01,9.810995128529848008e-01,9.810995232799933907e-01,9.810995277839712481e-01,9.810995297446312158e-01,9.810995302950310526e-01,9.810995297132439896e-01,9.810995277098434331e-01,9.810995231351601342e-01,9.810995125893107183e-01,9.810994848647834887e-01,9.810993936089789091e-01,9.810989588524778870e-01,9.810944756075035134e-01,9.810205740217803339e-01,9.999999999999987788e-01
