1.000000000000000000e+00,1.000000000000000000e+00,1.000000000000000000e+00,1.000000000000000000e+00,1.000000000000000000e+00,1.000000000000000000e+00,1.000000000000000000e+00,1.000000000000000000e+00,1.000000000000000000e+00,1.000000000000000000e+00,1.000000000000000000e+00,1.000000000000000000e+00,1.000000000000000000e+00,1.000000000000000000e+00,1.000000000000000000e+00,1.000000000000000000e+00,1.000000000000000000e+00,1.000000000000000000e+00,1.000000000000000000e+00,1.000000000000000000e+00,1.000000000000000000e+00,1.000000000000000000e+00,1.000000000000000000e+00,1.000000000000000000e+00,1.000000000000000000e+00,1.000000000000000000e+00,1.000000000000000000e+00,1.000000000000000000e+00,1.000000000000000000e+00,1.000000000000000000e+00,1.000000000000000000e+00,1.000000000000000000e+00,1.000000000000000000e+00,1.000000000000000000e+00,1.000000000000000000e+00,1.000000000000000000e+00,1.000000000000000000e+00,1.000000000000000000e+00,1.000000000000000000e+00,1.000000000000000000e+00,1.000000000000000000e+00,1.000000000000000000e+00,1.000000000000000000e+00,1.000000000000000000e+00,1.000000000000000000e+00,1.000000000000000000e+00,1.000000000000000000e+00,1.000000000000000000e+00,1.000000000000000000e+00,1.000000000000000000e+00,1.000000000000000000e+00,1.000000000000000000e+00,1.000000000000000000e+00,1.000000000000000000e+00,1.000000000000000000e+00,1.000000000000000000e+00,1.000000000000000000e+00,1.000000000000000000e+00,1.000000000000000000e+00,1.000000000000000000e+00,1.000000000000000000e+00,1.000000000000000000e+00,1.000000000000000000e+00,1.000000000000000000e+00,1.000000000000000000e+00,1.000000000000000000e+00,1.000000000000000000e+00,1.000000000000000000e+00,1.000000000000000000e+00,1.000000000000000000e+00,1.000000000000000000e+00,1.000000000000000000e+00,1.000000000000000000e+00,1.000000000000000000e+00,1.000000000000000000e+00,1.000000000000000000e+00,1.000000000000000000e+00,1.000000000000000000e+00,1.000000000000000000e+00,1.000000000000000000e+00,1.000000000000000000e+00,1.000000000000000000e+00,1.000000000000000000e+00,1.000000000000000000e+00,1.000000000000000000e+00,1.000000000000000000e+00,1.000000000000000000e+00,1.000000000000000000e+00,1.000000000000000000e+00,1.000000000000000000e+00,1.000000000000000000e+00,1.000000000000000000e+00,1.000000000000000000e+00,1.000000000000000000e+00,1.000000000000000000e+00,1.000000000000000000e+00,1.000000000000000000e+00,1.000000000000000000e+00,1.000000000000000000e+00,1.000000000000000000e+00,1.000000000000000000e+00,1.000000000000000000e+00,1.000000000000000000e+00,1.000000000000000000e+00,1.000000000000000000e+00,1.000000000000000000e+00,1.000000000000000000e+00,1.000000000000000000e+00,1.000000000000000000e+00,1.000000000000000000e+00,1.000000000000000000e+00,1.000000000000000000e+00,1.000000000000000000e+00,1.000000000000000000e+00,1.000000000000000000e+00,1.000000000000000000e+00,1.000000000000000000e+00,1.000000000000000000e+00,1.000000000000000000e+00,1.000000000000000000e+00,1.000000000000000000e+00,1.000000000000000000e+00,1.000000000000000000e+00,1.000000000000000000e+00,1.000000000000000000e+00,1.000000000000000000e+00,1.000000000000000000e+00,1.000000000000000000e+00,1.000000000000000000e+00,1.000000000000000000e+00,1.000000000000000000e+00,1.000000000000000000e+00,1.000000000000000000e+00,1.000000000000000000e+00,1.000000000000000000e+00,1.000000000000000000e+00,1.000000000000000000e+00,1.000000000000000000e+00,1.000000000000000000e+00,1.000000000000000000e+00,1.000000000000000000e+00,1.000000000000000000e+00,1.000000000000000000e+00,1.000000000000000000e+00,1.000000000000000000e+00,1.000000000000000000e+00,1.000000000000000000e+00,1.000000000000000000e+00,1.000000000000000000e+00,1.000000000000000000e+00,1.000000000000000000e+00,1.000000000000000000e+00,1.000000000000000000e+00,1.000000000000000000e+00,1.000000000000000000e+00,1.000000000000000000e+00,1.000000000000000000e+00,1.000000000000000000e+00,1.000000000000000000e+00,1.000000000000000000e+00,1.000000000000000000e+00,1.000000000000000000e+00,1.000000000000000000e+00,1.000000000000000000e+00,1.000000000000000000e+00,1.000000000000000000e+00,1.000000000000000000e+00,1.000000000000000000e+00,1.000000000000000000e+00,1.000000000000000000e+00,1.000000000000000000e+00,1.000000000000000000e+00,1.000000000000000000e+00,1.000000000000000000e+00,1.000000000000000000e+00,1.000000000000000000e+00,1.000000000000000000e+00,1.000000000000000000e+00,1.000000000000000000e+00,1.000000000000000000e+00,1.000000000000000000e+00,1.000000000000000000e+00,1.000000000000000000e+00,1.000000000000000000e+00,1.000000000000000000e+00,1.000000000000000000e+00,1.000000000000000000e+00,1.000000000000000000e+00,1.000000000000000000e+00,1.000000000000000000e+00,1.000000000000000000e+00,1.000000000000000000e+00,1.000000000000000000e+00,1.000000000000000000e+00,1.000000000000000000e+00,1.000000000000000000e+00,1.000000000000000000e+00,1.000000000000000000e+00,1.000000000000000000e+00,1.000000000000000000e+00,1.000000000000000000e+00,1.000000000000000000e+00,1.000000000000000000e+00,1.000000000000000000e+00,1.000000000000000000e+00,1.000000000000000000e+00,1.000000000000000000e+00,1.000000000000000000e+00,1.000000000000000000e+00,1.000000000000000000e+00,1.000000000000000000e+00,1.000000000000000000e+00,1.000000000000000000e+00,1.000000000000000000e+00,1.000000000000000000e+00,1.000000000000000000e+00,1.000000000000000000e+00,1.000000000000000000e+00,1.000000000000000000e+00,1.000000000000000000e+00,1.000000000000000000e+00,1.000000000000000000e+00,1.000000000000000000e+00,1.000000000000000000e+00,1.000000000000000000e+00,1.000000000000000000e+00,1.000000000000000000e+00,1.000000000000000000e+00,1.000000000000000000e+00,1.000000000000000000e+00,1.000000000000000000e+00,1.000000000000000000e+00,1.000000000000000000e+00,1.000000000000000000e+00,1.000000000000000000e+00,1.000000000000000000e+00,1.000000000000000000e+00,1.000000000000000000e+00,1.000000000000000000e+00,1.000000000000000000e+00,1.000000000000000000e+00,1.000000000000000000e+00,1.000000000000000000e+00,1.000000000000000000e+00,1.000000000000000000e+00,1.000000000000000000e+00,1.000000000000000000e+00,1.000000000000000000e+00,1.000000000000000000e+00,1.000000000000000000e+00,1.000000000000000000e+00,1.000000000000000000e+00,1.000000000000000000e+00,1.000000000000000000e+00,1.000000000000000000e+00,1.000000000000000000e+00,1.000000000000000000e+00,1.000000000000000000e+00,1.000000000000000000e+00,1.000000000000000000e+00,1.000000000000000000e+00,1.000000000000000000e+00,1.000000000000000000e+00,1.000000000000000000e+00,1.000000000000000000e+00,1.000000000000000000e+00,1.000000000000000000e+00,1.000000000000000000e+00,1.000000000000000000e+00,1.000000000000000000e+00,1.000000000000000000e+00,1.000000000000000000e+00,1.000000000000000000e+00,1.000000000000000000e+00,1.000000000000000000e+00,1.000000000000000000e+00,1.000000000000000000e+00,1.000000000000000000e+00,1.000000000000000000e+00,1.000000000000000000e+00,1.000000000000000000e+00,1.000000000000000000e+00,1.000000000000000000e+00,1.000000000000000000e+00,1.000000000000000000e+00,1.000000000000000000e+00,1.000000000000000000e+00,1.000000000000000000e+00,1.000000000000000000e+00,1.000000000000000000e+00,1.000000000000000000e+00,1.000000000000000000e+00,1.000000000000000000e+00,1.000000000000000000e+00,1.000000000000000000e+00,1.000000000000000000e+00,1.000000000000000000e+00,1.000000000000000000e+00,1.000000000000000000e+00,1.000000000000000000e+00,1.000000000000000000e+00,1.000000000000000000e+00,1.000000000000000000e+00,1.000000000000000000e+00,1.000000000000000000e+00,1.000000000000000000e+00,1.000000000000000000e+00,1.000000000000000000e+00,1.000000000000000000e+00,1.000000000000000000e+00,1.000000000000000000e+00,1.000000000000000000e+00,1.000000000000000000e+00,1.000000000000000000e+00,1.000000000000000000e+00,1.000000000000000000e+00,1.000000000000000000e+00,1.000000000000000000e+00,1.000000000000000000e+00,1.000000000000000000e+00,1.000000000000000000e+00,1.000000000000000000e+00,1.000000000000000000e+00,1.000000000000000000e+00,1.000000000000000000e+00,1.000000000000000000e+00,1.000000000000000000e+00,1.000000000000000000e+00,1.000000000000000000e+00,1.000000000000000000e+00,1.000000000000000000e+00,1.000000000000000000e+00,1.000000000000000000e+00,1.000000000000000000e+00,1.000000000000000000e+00,1.000000000000000000e+00,1.000000000000000000e+00,1.000000000000000000e+00,1.000000000000000000e+00,1.000000000000000000e+00,1.000000000000000000e+00,1.000000000000000000e+00,1.000000000000000000e+00,1.000000000000000000e+00,1.000000000000000000e+00,1.000000000000000000e+00,1.000000000000000000e+00,1.000000000000000000e+00,1.000000000000000000e+00,1.000000000000000000e+00,1.000000000000000000e+00,1.000000000000000000e+00,1.000000000000000000e+00,1.000000000000000000e+00,1.000000000000000000e+00,1.000000000000000000e+00,1.000000000000000000e+00,1.000000000000000000e+00,1.000000000000000000e+00,1.000000000000000000e+00,1.000000000000000000e+00,1.000000000000000000e+00,1.000000000000000000e+00,1.000000000000000000e+00,1.000000000000000000e+00,1.000000000000000000e+00,1.000000000000000000e+00,1.000000000000000000e+00,1.000000000000000000e+00,1.000000000000000000e+00,1.000000000000000000e+00,1.000000000000000000e+00,1.000000000000000000e+00,1.000000000000000000e+00,1.000000000000000000e+00,1.000000000000000000e+00,1.000000000000000000e+00,1.000000000000000000e+00,1.000000000000000000e+00,1.000000000000000000e+00,1.000000000000000000e+00,1.000000000000000000e+00,1.000000000000000000e+00,1.000000000000000000e+00,1.000000000000000000e+00,1.000000000000000000e+00,1.000000000000000000e+00,1.000000000000000000e+00,1.000000000000000000e+00,1.000000000000000000e+00,1.000000000000000000e+00,1.000000000000000000e+00,1.000000000000000000e+00,1.000000000000000000e+00,1.000000000000000000e+00,1.000000000000000000e+00,1.000000000000000000e+00,1.000000000000000000e+00,1.000000000000000000e+00,1.000000000000000000e+00
9.999999999999963363e-01,9.949005256814191789e-01,9.949053659175760567e-01,9.949054469259708267e-01,9.949054538605770492e-01,9.949054539696736699e-01,9.949054405239357024e-01,9.949045477586216935e-01,9.949045478336131509e-01,9.949054407323888460e-01,9.949054545301548869e-01,9.949054557059159309e-01,9.949054559015190202e-01,9.949054559274744802e-01,9.949054558796938119e-01,9.949054557166854273e-01,9.949054551805291968e-01,9.949054527654962454e-01,9.949054320007765240e-01,9.949044569318772346e-01,9.949005256814191789e-01,9.999999999999963363e-01,9.949014338035457872e-01,9.949062599417426433e-01,9.949063398093448418e-01,9.949063456178657283e-01,9.949063330750593792e-01,9.949054405239355914e-01,9.949054406920551097e-01,9.949063336036478855e-01,9.949063474084333114e-01,9.949063485899245496e-01,9.949063487925449145e-01,9.949063488305193159e-01,9.949063488086560270e-01,9.949063487130892502e-01,9.949063483925975060e-01,9.949063468838482693e-01,9.949063318552542334e-01,9.949054319922149281e-01,9.949053659175760567e-01,9.949014338035457872e-01,9.999999999999963363e-01,9.949014487190795952e-01,9.949062737175282667e-01,9.949063524608849907e-01,9.949063456178660614e-01,9.949054539696737809e-01,9.949054544201911821e-01,9.949063473577137717e-01,9.949063611744943803e-01,9.949063623629920139e-01,9.949063625713367998e-01,9.949063626163172636e-01,9.949063626064489352e-01,9.949063625367435826e-01,9.949063622835381260e-01,9.949063609899038152e-01,9.949063468648604580e-01,9.949054527379469492e-01,9.949054469259708267e-01,9.949062599417426433e-01,9.949014487190795952e-01,9.999999999999963363e-01,9.949014498445908350e-01,9.949062737175282667e-01,9.949063398093448418e-01,9.949054538605768272e-01,9.949054554294028963e-01,9.949063484343682040e-01,9.949063622770102366e-01,9.949063634775021647e-01,9.949063636928531240e-01,9.949063637435580087e-01,9.949063637406957428e-01,9.949063636829849067e-01,9.949063634556398750e-01,9.949063622292875220e-01,9.949063483193594237e-01,9.949054550987294077e-01,9.949054538605770492e-01,9.949063398093448418e-01,9.949062737175282667e-01,9.949014498445908350e-01,9.999999999999963363e-01,9.949014487190793732e-01,9.949062599417428654e-01,9.949054469259710487e-01,9.949054550987294077e-01,9.949063483193595347e-01,9.949063622292877440e-01,9.949063634556396529e-01,9.949063636829850177e-01,9.949063637406959648e-01,9.949063637435581198e-01,9.949063636928533461e-01,9.949063634775023868e-01,9.949063622770103477e-01,9.949063484343683150e-01,9.949054554294030073e-01,9.949054539696736699e-01,9.949063456178657283e-01,9.949063524608849907e-01,9.949062737175282667e-01,9.949014487190793732e-01,9.999999999999963363e-01,9.949014338035456761e-01,9.949053659175759456e-01,9.949054527379467272e-01,9.949063468648602360e-01,9.949063609899035932e-01,9.949063622835381260e-01,9.949063625367434716e-01,9.949063626064488242e-01,9.949063626163171525e-01,9.949063625713365777e-01,9.949063623629917918e-01,9.949063611744944913e-01,9.949063473577136607e-01,9.949054544201910710e-01,9.949054405239357024e-01,9.949063330750593792e-01,9.949063456178660614e-01,9.949063398093448418e-01,9.949062599417428654e-01,9.949014338035456761e-01,9.999999999999963363e-01,9.949005256814190679e-01,9.949054319922147060e-01,9.949063318552541224e-01,9.949063468838480473e-01,9.949063483925976170e-01,9.949063487130890282e-01,9.949063488086558049e-01,9.949063488305190939e-01,9.949063487925449145e-01,9.949063485899245496e-01,9.949063474084333114e-01,9.949063336036477745e-01,9.949054406920551097e-01,9.949045477586216935e-01,9.949054405239355914e-01,9.949054539696737809e-01,9.949054538605768272e-01,9.949054469259710487e-01,9.949053659175759456e-01,9.949005256814190679e-01,9.999999999999963363e-01,9.949044569318771236e-01,9.949054320007764129e-01,9.949054527654962454e-01,9.949054551805291968e-01,9.949054557166852053e-01,9.949054558796937009e-01,9.949054559274743692e-01,9.949054559015190202e-01,9.949054557059159309e-01,9.949054545301548869e-01,9.949054407323888460e-01,9.949045478336132620e-01,9.949045478336131509e-01,9.949054406920551097e-01,9.949054544201911821e-01,9.949054554294028963e-01,9.949054550987294077e-01,9.949054527379467272e-01,9.949054319922147060e-01,9.949044569318771236e-01,9.999999999999963363e-01,9.949005257007402792e-01,9.949053659558649843e-01,9.949054470185108023e-01,9.949054541585992117e-01,9.949054554399163752e-01,9.949054557700949264e-01,9.949054558372931734e-01,9.949054556795500215e-01,9.949054545227924429e-01,9.949054407377589948e-01,9.949045478517318797e-01,9.949054407323888460e-01,9.949063336036478855e-01,9.949063473577137717e-01,9.949063484343682040e-01,9.949063483193595347e-01,9.949063468648602360e-01,9.949063318552541224e-01,9.949054320007764129e-01,9.949005257007402792e-01,9.999999999999963363e-01,9.949014338504440502e-01,9.949062600428433267e-01,9.949063401159290443e-01,9.949063470966714728e-01,9.949063483297939658e-01,9.949063486120238720e-01,9.949063485215419167e-01,9.949063473906345489e-01,9.949063336175800742e-01,9.949054407377591058e-01,9.949054545301548869e-01,9.949063474084333114e-01,9.949063611744943803e-01,9.949063622770102366e-01,9.949063622292877440e-01,9.949063609899035932e-01,9.949063468838480473e-01,9.949054527654962454e-01,9.949053659558649843e-01,9.949014338504440502e-01,9.999999999999963363e-01,9.949014488392896594e-01,9.949062740430963947e-01,9.949063539586768812e-01,9.949063608915867940e-01,9.949063620768677785e-01,9.949063622014581165e-01,9.949063611378295979e-01,9.949063473906344379e-01,9.949054545227924429e-01,9.949054557059159309e-01,9.949063485899245496e-01,9.949063623629920139e-01,9.949063634775021647e-01,9.949063634556396529e-01,9.949063622835381260e-01,9.949063483925976170e-01,9.949054551805291968e-01,9.949054470185108023e-01,9.949062600428433267e-01,9.949014488392896594e-01,9.999999999999963363e-01,9.949014502247952585e-01,9.949062752695543299e-01,9.949063551373047432e-01,9.949063620223730364e-01,9.949063630500142308e-01,9.949063622014581165e-01,9.949063485215419167e-01,9.949054556795500215e-01,9.949054559015190202e-01,9.949063487925449145e-01,9.949063625713367998e-01,9.949063636928531240e-01,9.949063636829850177e-01,9.949063625367434716e-01,9.949063487130890282e-01,9.949054557166852053e-01,9.949054541585992117e-01,9.949063401159290443e-01,9.949062740430963947e-01,9.949014502247952585e-01,9.999999999999963363e-01,9.949014504783753043e-01,9.949062754750346294e-01,9.949063552949445333e-01,9.949063620223729254e-01,9.949063620768677785e-01,9.949063486120238720e-01,9.949054558372932844e-01,9.949054559274744802e-01,9.949063488305193159e-01,9.949063626163172636e-01,9.949063637435580087e-01,9.949063637406959648e-01,9.949063626064488242e-01,9.949063488086558049e-01,9.949054558796937009e-01,9.949054554399163752e-01,9.949063470966714728e-01,9.949063539586768812e-01,9.949062752695543299e-01,9.949014504783753043e-01,9.999999999999963363e-01,9.949014505262662178e-01,9.949062754750345183e-01,9.949063551373047432e-01,9.949063608915866830e-01,9.949063483297939658e-01,9.949054557700949264e-01,9.949054558796938119e-01,9.949063488086560270e-01,9.949063626064489352e-01,9.949063637406957428e-01,9.949063637435581198e-01,9.949063626163171525e-01,9.949063488305190939e-01,9.949054559274743692e-01,9.949054557700949264e-01,9.949063483297939658e-01,9.949063608915867940e-01,9.949063551373047432e-01,9.949062754750346294e-01,9.949014505262662178e-01,9.999999999999963363e-01,9.949014504783753043e-01,9.949062752695543299e-01,9.949063539586768812e-01,9.949063470966714728e-01,9.949054554399163752e-01,9.949054557166854273e-01,9.949063487130892502e-01,9.949063625367435826e-01,9.949063636829849067e-01,9.949063636928533461e-01,9.949063625713365777e-01,9.949063487925449145e-01,9.949054559015190202e-01,9.949054558372931734e-01,9.949063486120238720e-01,9.949063620768677785e-01,9.949063620223730364e-01,9.949063552949445333e-01,9.949062754750345183e-01,9.949014504783753043e-01,9.999999999999963363e-01,9.949014502247951475e-01,9.949062740430966167e-01,9.949063401159290443e-01,9.949054541585994338e-01,9.949054551805291968e-01,9.949063483925975060e-01,9.949063622835381260e-01,9.949063634556398750e-01,9.949063634775023868e-01,9.949063623629917918e-01,9.949063485899245496e-01,9.949054557059159309e-01,9.949054556795500215e-01,9.949063485215419167e-01,9.949063622014581165e-01,9.949063630500142308e-01,9.949063620223729254e-01,9.949063551373047432e-01,9.949062752695543299e-01,9.949014502247951475e-01,9.999999999999963363e-01,9.949014488392896594e-01,9.949062600428432157e-01,9.949054470185106913e-01,9.949054527654962454e-01,9.949063468838482693e-01,9.949063609899038152e-01,9.949063622292875220e-01,9.949063622770103477e-01,9.949063611744944913e-01,9.949063474084333114e-01,9.949054545301548869e-01,9.949054545227924429e-01,9.949063473906345489e-01,9.949063611378295979e-01,9.949063622014581165e-01,9.949063620768677785e-01,9.949063608915866830e-01,9.949063539586768812e-01,9.949062740430966167e-01,9.949014488392896594e-01,9.999999999999963363e-01,9.949014338504440502e-01,9.949053659558648732e-01,9.949054320007765240e-01,9.949063318552542334e-01,9.949063468648604580e-01,9.949063483193594237e-01,9.949063484343683150e-01,9.949063473577136607e-01,9.949063336036477745e-01,9.949054407323888460e-01,9.949054407377589948e-01,9.949063336175800742e-01,9.949063473906344379e-01,9.949063485215419167e-01,9.949063486120238720e-01,9.949063483297939658e-01,9.949063470966714728e-01,9.949063401159290443e-01,9.949062600428432157e-01,9.949014338504440502e-01,9.999999999999963363e-01,9.949005257007401681e-01,9.949044569318772346e-01,9.949054319922149281e-01,9.949054527379469492e-01,9.949054550987294077e-01,9.949054554294030073e-01,9.949054544201910710e-01,9.949054406920551097e-01,9.949045478336132620e-01,9.949045478517318797e-01,9.949054407377591058e-01,9.949054545227924429e-01,9.949054556795500215e-01,9.949054558372932844e-01,9.949054557700949264e-01,9.949054554399163752e-01,9.949054541585994338e-01,9.949054470185106913e-01,9.949053659558648732e-01,9.949005257007401681e-01,9.999999999999963363e-01
9.999999999999941158e-01,9.808755253452913214e-01,9.809522083082158339e-01,9.809555339172626454e-01,9.809558206953431503e-01,9.809557999817815066e-01,9.809549395932620763e-01,9.809277612665427970e-01,9.809277646430490938e-01,9.809549489210103168e-01,9.809558248456352603e-01,9.809559012635752362e-01,9.809559143010955218e-01,9.809559164946202170e-01,9.809559144155409749e-01,9.809559062671014962e-01,9.809558784908796181e-01,9.809557488325061358e-01,9.809545762060279950e-01,9.809238472871254499e-01,9.808755253452913214e-01,9.999999999999941158e-01,9.809038115567092486e-01,9.809794735844539204e-01,9.809827189206683506e-01,9.809829319958068838e-01,9.809821095347664999e-01,9.809549395932622984e-01,9.809549469705475255e-01,9.809821325267495951e-01,9.809830087791734377e-01,9.809830854486107921e-01,9.809830987933069180e-01,9.809831015130792142e-01,9.809831005672036142e-01,9.809830953586320401e-01,9.809830769354609403e-01,9.809829862357438701e-01,9.809820578778716271e-01,9.809545756414971285e-01,9.809522083082158339e-01,9.809038115567092486e-01,9.999999999999941158e-01,9.809047666652321862e-01,9.809803483767284282e-01,9.809835205407086978e-01,9.809829319958068838e-01,9.809557999817815066e-01,9.809558194404441878e-01,9.809830061540232293e-01,9.809838829259825976e-01,9.809839598987171172e-01,9.809839734913786691e-01,9.809839765145473844e-01,9.809839760874347059e-01,9.809839719949465797e-01,9.809839564659614819e-01,9.809838749690968918e-01,9.809829849839355465e-01,9.809557470162075798e-01,9.809555339172626454e-01,9.809794735844539204e-01,9.809047666652321862e-01,9.999999999999941158e-01,9.809048402224855856e-01,9.809803483767285393e-01,9.809827189206681286e-01,9.809558206953430393e-01,9.809558874126461658e-01,9.809830770681943202e-01,9.809839549563026395e-01,9.809840324473412254e-01,9.809840463431735991e-01,9.809840496142009370e-01,9.809840494902768437e-01,9.809840459160851234e-01,9.809840315020051937e-01,9.809839528960606625e-01,9.809830721137551279e-01,9.809558731047837155e-01,9.809558206953431503e-01,9.809827189206683506e-01,9.809803483767284282e-01,9.809048402224855856e-01,9.999999999999941158e-01,9.809047666652322972e-01,9.809794735844535873e-01,9.809555339172625343e-01,9.809558731047838265e-01,9.809830721137550169e-01,9.809839528960608845e-01,9.809840315020051937e-01,9.809840459160850124e-01,9.809840494902767327e-01,9.809840496142009370e-01,9.809840463431734880e-01,9.809840324473410034e-01,9.809839549563026395e-01,9.809830770681943202e-01,9.809558874126461658e-01,9.809557999817815066e-01,9.809829319958068838e-01,9.809835205407086978e-01,9.809803483767285393e-01,9.809047666652322972e-01,9.999999999999941158e-01,9.809038115567088045e-01,9.809522083082155008e-01,9.809557470162075798e-01,9.809829849839354354e-01,9.809838749690968918e-01,9.809839564659615929e-01,9.809839719949463577e-01,9.809839760874344838e-01,9.809839765145471624e-01,9.809839734913783360e-01,9.809839598987170062e-01,9.809838829259824866e-01,9.809830061540228963e-01,9.809558194404440767e-01,9.809549395932620763e-01,9.809821095347664999e-01,9.809829319958068838e-01,9.809827189206681286e-01,9.809794735844535873e-01,9.809038115567088045e-01,9.999999999999941158e-01,9.808755253452912104e-01,9.809545756414974615e-01,9.809820578778715161e-01,9.809829862357439811e-01,9.809830769354610513e-01,9.809830953586319291e-01,9.809831005672035031e-01,9.809831015130792142e-01,9.809830987933066959e-01,9.809830854486103480e-01,9.809830087791728825e-01,9.809821325267493730e-01,9.809549469705470814e-01,9.809277612665427970e-01,9.809549395932622984e-01,9.809557999817815066e-01,9.809558206953430393e-01,9.809555339172625343e-01,9.809522083082155008e-01,9.808755253452912104e-01,9.999999999999941158e-01,9.809238472871255610e-01,9.809545762060281060e-01,9.809557488325063579e-01,9.809558784908796181e-01,9.809559062671016072e-01,9.809559144155408639e-01,9.809559164946203280e-01,9.809559143010952997e-01,9.809559012635749031e-01,9.809558248456349272e-01,9.809549489210104278e-01,9.809277646430489828e-01,9.809277646430490938e-01,9.809549469705475255e-01,9.809558194404441878e-01,9.809558874126461658e-01,9.809558731047838265e-01,9.809557470162075798e-01,9.809545756414974615e-01,9.809238472871255610e-01,9.999999999999941158e-01,9.808755266303129661e-01,9.809522108354395975e-01,9.809555400138360026e-01,9.809558402602276406e-01,9.809558956673551933e-01,9.809559098282906175e-01,9.809559116453302474e-01,9.809559002436820663e-01,9.809558246487232180e-01,9.809549492763502965e-01,9.809277655556724040e-01,9.809549489210103168e-01,9.809821325267495951e-01,9.809830061540232293e-01,9.809830770681943202e-01,9.809830721137550169e-01,9.809829849839354354e-01,9.809820578778715161e-01,9.809545762060281060e-01,9.808755266303129661e-01,9.999999999999941158e-01,9.809038146725457263e-01,9.809794802471546449e-01,9.809827390510162948e-01,9.809830282489228059e-01,9.809830803623689199e-01,9.809830913331124558e-01,9.809830828123664581e-01,9.809830083265846934e-01,9.809821334469028820e-01,9.809549492763500744e-01,9.809558248456352603e-01,9.809830087791734377e-01,9.809838829259825976e-01,9.809839549563026395e-01,9.809839528960608845e-01,9.809838749690968918e-01,9.809829862357439811e-01,9.809557488325063579e-01,9.809522108354395975e-01,9.809038146725457263e-01,9.999999999999941158e-01,9.809047746411607704e-01,9.809803697634874586e-01,9.809836180476293466e-01,9.809839040800455434e-01,9.809839530427760801e-01,9.809839536908216973e-01,9.809838820927988534e-01,9.809830083265850265e-01,9.809558246487232180e-01,9.809559012635752362e-01,9.809830854486107921e-01,9.809839598987171172e-01,9.809840324473412254e-01,9.809840315020051937e-01,9.809839564659615929e-01,9.809830769354610513e-01,9.809558784908796181e-01,9.809555400138360026e-01,9.809794802471546449e-01,9.809047746411607704e-01,9.999999999999941158e-01,9.809048653727318046e-01,9.809804494753899817e-01,9.809836945951578846e-01,9.809839774789479439e-01,9.809840161197493913e-01,9.809839536908218083e-01,9.809830828123665691e-01,9.809559002436821773e-01,9.809559143010955218e-01,9.809830987933069180e-01,9.809839734913786691e-01,9.809840463431735991e-01,9.809840459160850124e-01,9.809839719949463577e-01,9.809830953586319291e-01,9.809559062671016072e-01,9.809558402602276406e-01,9.809827390510162948e-01,9.809803697634874586e-01,9.809048653727318046e-01,9.999999999999941158e-01,9.809048821208904423e-01,9.809804629473407589e-01,9.809837049170477830e-01,9.809839774789476108e-01,9.809839530427759691e-01,9.809830913331126778e-01,9.809559116453304695e-01,9.809559164946202170e-01,9.809831015130792142e-01,9.809839765145473844e-01,9.809840496142009370e-01,9.809840494902767327e-01,9.809839760874344838e-01,9.809831005672035031e-01,9.809559144155408639e-01,9.809558956673551933e-01,9.809830282489228059e-01,9.809836180476293466e-01,9.809804494753899817e-01,9.809048821208904423e-01,9.999999999999941158e-01,9.809048852930507545e-01,9.809804629473406479e-01,9.809836945951576626e-01,9.809839040800453214e-01,9.809830803623688089e-01,9.809559098282902845e-01,9.809559144155409749e-01,9.809831005672036142e-01,9.809839760874347059e-01,9.809840494902768437e-01,9.809840496142009370e-01,9.809839765145471624e-01,9.809831015130792142e-01,9.809559164946203280e-01,9.809559098282906175e-01,9.809830803623689199e-01,9.809839040800455434e-01,9.809836945951578846e-01,9.809804629473407589e-01,9.809048852930507545e-01,9.999999999999941158e-01,9.809048821208903313e-01,9.809804494753896487e-01,9.809836180476290135e-01,9.809830282489228059e-01,9.809558956673549712e-01,9.809559062671014962e-01,9.809830953586320401e-01,9.809839719949465797e-01,9.809840459160851234e-01,9.809840463431734880e-01,9.809839734913783360e-01,9.809830987933066959e-01,9.809559143010952997e-01,9.809559116453302474e-01,9.809830913331124558e-01,9.809839530427760801e-01,9.809839774789479439e-01,9.809837049170477830e-01,9.809804629473406479e-01,9.809048821208903313e-01,9.999999999999941158e-01,9.809048653727315825e-01,9.809803697634871256e-01,9.809827390510160727e-01,9.809558402602274185e-01,9.809558784908796181e-01,9.809830769354609403e-01,9.809839564659614819e-01,9.809840315020051937e-01,9.809840324473410034e-01,9.809839598987170062e-01,9.809830854486103480e-01,9.809559012635749031e-01,9.809559002436820663e-01,9.809830828123664581e-01,9.809839536908216973e-01,9.809840161197493913e-01,9.809839774789476108e-01,9.809836945951576626e-01,9.809804494753896487e-01,9.809048653727315825e-01,9.999999999999941158e-01,9.809047746411607704e-01,9.809794802471544228e-01,9.809555400138357806e-01,9.809557488325061358e-01,9.809829862357438701e-01,9.809838749690968918e-01,9.809839528960606625e-01,9.809839549563026395e-01,9.809838829259824866e-01,9.809830087791728825e-01,9.809558248456349272e-01,9.809558246487232180e-01,9.809830083265846934e-01,9.809838820927988534e-01,9.809839536908218083e-01,9.809839530427759691e-01,9.809839040800453214e-01,9.809836180476290135e-01,9.809803697634871256e-01,9.809047746411607704e-01,9.999999999999941158e-01,9.809038146725455043e-01,9.809522108354391534e-01,9.809545762060279950e-01,9.809820578778716271e-01,9.809829849839355465e-01,9.809830721137551279e-01,9.809830770681943202e-01,9.809830061540228963e-01,9.809821325267493730e-01,9.809549489210104278e-01,9.809549492763502965e-01,9.809821334469028820e-01,9.809830083265850265e-01,9.809830828123665691e-01,9.809830913331126778e-01,9.809830803623688089e-01,9.809830282489228059e-01,9.809827390510160727e-01,9.809794802471544228e-01,9.809038146725455043e-01,9.999999999999941158e-01,9.808755266303126330e-01,9.809238472871254499e-01,9.809545756414971285e-01,9.809557470162075798e-01,9.809558731047837155e-01,9.809558874126461658e-01,9.809558194404440767e-01,9.809549469705470814e-01,9.809277646430489828e-01,9.809277655556724040e-01,9.809549492763500744e-01,9.809558246487232180e-01,9.809559002436821773e-01,9.809559116453304695e-01,9.809559098282902845e-01,9.809558956673549712e-01,9.809558402602274185e-01,9.809555400138357806e-01,9.809522108354391534e-01,9.808755266303126330e-01,9.999999999999941158e-01
9.999999999999942268e-01,9.810261528114979646e-01,9.810996198553210146e-01,9.811040131605334169e-01,9.811043616420007663e-01,9.811040765429110966e-01,9.810999307543651904e-01,9.809946728252236792e-01,9.809946787371895960e-01,9.810999466569304550e-01,9.811041174544482546e-01,9.811044865328940601e-01,9.811045521570892491e-01,9.811045664671338429e-01,9.811045636291484406e-01,9.811045412291488077e-01,9.811044558340086263e-01,9.811040169126010735e-01,9.810994591657119512e-01,9.809893948631719374e-01,9.810261528114979646e-01,9.999999999999942268e-01,9.811364766273558136e-01,9.812053037724888238e-01,9.812092954698297120e-01,9.812092877260053525e-01,9.812051883758715620e-01,9.810999307543651904e-01,9.810999419318600090e-01,9.812052218698258388e-01,9.812093935230946640e-01,9.812097629815769162e-01,9.812098290376647380e-01,9.812098440807309752e-01,9.812098428110623827e-01,9.812098244378881784e-01,9.812097516424412857e-01,9.812093638039554033e-01,9.812051246560240525e-01,9.810994563461252760e-01,9.810996198553210146e-01,9.811364766273558136e-01,9.999999999999942268e-01,9.811410290068307560e-01,9.812094710031654676e-01,9.812131089825073538e-01,9.812092877260052415e-01,9.811040765429109856e-01,9.811041034739410582e-01,9.812093854263909121e-01,9.812135577932862285e-01,9.812139276605685856e-01,9.812139940508284308e-01,9.812140095024134423e-01,9.812140089288302613e-01,9.812139920443696539e-01,9.812139230741681040e-01,9.812135472304562844e-01,9.812093575529546863e-01,9.811040078427475386e-01,9.811040131605334169e-01,9.812053037724888238e-01,9.811410290068307560e-01,9.999999999999942268e-01,9.811413833662924189e-01,9.812094710031651346e-01,9.812092954698297120e-01,9.811043616420008773e-01,9.811044482104537279e-01,9.812097342290333479e-01,9.812139080861700391e-01,9.812142786463916577e-01,9.812143454435465761e-01,9.812143612283706906e-01,9.812143610617869438e-01,9.812143448701240445e-01,9.812142773804873874e-01,9.812139053396791155e-01,9.812097276570241888e-01,9.811044290316605077e-01,9.811043616420007663e-01,9.812092954698297120e-01,9.812094710031654676e-01,9.811413833662924189e-01,9.999999999999942268e-01,9.811410290068308671e-01,9.812053037724887128e-01,9.811040131605334169e-01,9.811044290316609517e-01,9.812097276570244109e-01,9.812139053396792265e-01,9.812142773804877205e-01,9.812143448701240445e-01,9.812143610617869438e-01,9.812143612283705796e-01,9.812143454435465761e-01,9.812142786463916577e-01,9.812139080861698170e-01,9.812097342290331259e-01,9.811044482104533948e-01,9.811040765429110966e-01,9.812092877260053525e-01,9.812131089825073538e-01,9.812094710031651346e-01,9.811410290068308671e-01,9.999999999999942268e-01,9.811364766273554805e-01,9.810996198553206815e-01,9.811040078427475386e-01,9.812093575529544642e-01,9.812135472304562844e-01,9.812139230741678819e-01,9.812139920443694319e-01,9.812140089288301503e-01,9.812140095024134423e-01,9.812139940508279867e-01,9.812139276605686966e-01,9.812135577932861175e-01,9.812093854263908010e-01,9.811041034739407252e-01,9.810999307543651904e-01,9.812051883758715620e-01,9.812092877260052415e-01,9.812092954698297120e-01,9.812053037724887128e-01,9.811364766273554805e-01,9.999999999999942268e-01,9.810261528114977425e-01,9.810994563461256091e-01,9.812051246560242745e-01,9.812093638039556254e-01,9.812097516424411747e-01,9.812098244378881784e-01,9.812098428110622717e-01,9.812098440807309752e-01,9.812098290376644050e-01,9.812097629815768052e-01,9.812093935230943309e-01,9.812052218698256167e-01,9.810999419318597869e-01,9.809946728252236792e-01,9.810999307543651904e-01,9.811040765429109856e-01,9.811043616420008773e-01,9.811040131605334169e-01,9.810996198553206815e-01,9.810261528114977425e-01,9.999999999999942268e-01,9.809893948631721594e-01,9.810994591657121733e-01,9.811040169126011845e-01,9.811044558340087374e-01,9.811045412291488077e-01,9.811045636291484406e-01,9.811045664671338429e-01,9.811045521570889161e-01,9.811044865328940601e-01,9.811041174544480326e-01,9.810999466569301219e-01,9.809946787371893739e-01,9.809946787371895960e-01,9.810999419318600090e-01,9.811041034739410582e-01,9.811044482104537279e-01,9.811044290316609517e-01,9.811040078427475386e-01,9.810994563461256091e-01,9.809893948631721594e-01,9.999999999999942268e-01,9.810261592651154938e-01,9.810996325147549602e-01,9.811040435472578869e-01,9.811044582445405116e-01,9.811045402824553063e-01,9.811045588787510319e-01,9.811045498936866727e-01,9.811044864643292396e-01,9.811041184974732543e-01,9.810999484494470346e-01,9.809946813035558266e-01,9.810999466569304550e-01,9.812052218698258388e-01,9.812093854263909121e-01,9.812097342290333479e-01,9.812097276570244109e-01,9.812093575529544642e-01,9.812051246560242745e-01,9.810994591657121733e-01,9.810261592651154938e-01,9.999999999999942268e-01,9.811364922241477826e-01,9.812053369985305196e-01,9.812093949067540732e-01,9.812097543389561860e-01,9.812098198284266992e-01,9.812098225354094483e-01,9.812097628434629515e-01,9.812093962954530069e-01,9.812052264840122051e-01,9.810999484494470346e-01,9.811041174544482546e-01,9.812093935230946640e-01,9.812135577932862285e-01,9.812139080861700391e-01,9.812139053396792265e-01,9.812135472304562844e-01,9.812093638039556254e-01,9.811040169126011845e-01,9.810996325147549602e-01,9.811364922241477826e-01,9.999999999999942268e-01,9.811410687799826391e-01,9.812095767437929439e-01,9.812135818692292455e-01,9.812139254906467878e-01,9.812139753243175333e-01,9.812139274149144219e-01,9.812135646487210039e-01,9.812093962954530069e-01,9.811041184974732543e-01,9.811044865328940601e-01,9.812097629815769162e-01,9.812139276605685856e-01,9.812142786463916577e-01,9.812142773804877205e-01,9.812139230741678819e-01,9.812097516424411747e-01,9.811044558340087374e-01,9.811040435472578869e-01,9.812053369985305196e-01,9.811410687799826391e-01,9.999999999999942268e-01,9.811415077659095818e-01,9.812099618707106341e-01,9.812139511837768557e-01,9.812142791704714373e-01,9.812142783954852510e-01,9.812139274149143109e-01,9.812097628434628405e-01,9.811044864643287955e-01,9.811045521570892491e-01,9.812098290376647380e-01,9.812139940508284308e-01,9.812143454435465761e-01,9.812143448701240445e-01,9.812139920443694319e-01,9.812098244378881784e-01,9.811045412291488077e-01,9.811044582445405116e-01,9.812093949067540732e-01,9.812095767437929439e-01,9.811415077659095818e-01,9.999999999999942268e-01,9.811415902593121352e-01,9.812100281308075989e-01,9.812140017920421009e-01,9.812142791704715483e-01,9.812139753243176443e-01,9.812098225354095593e-01,9.811045498936865616e-01,9.811045664671338429e-01,9.812098440807309752e-01,9.812140095024134423e-01,9.812143612283706906e-01,9.812143610617869438e-01,9.812140089288301503e-01,9.812098428110622717e-01,9.811045636291484406e-01,9.811045402824553063e-01,9.812097543389561860e-01,9.812135818692292455e-01,9.812099618707106341e-01,9.811415902593121352e-01,9.999999999999942268e-01,9.811416060018501861e-01,9.812100281308073768e-01,9.812139511837769668e-01,9.812139254906465657e-01,9.812098198284264772e-01,9.811045588787505878e-01,9.811045636291484406e-01,9.812098428110623827e-01,9.812140089288302613e-01,9.812143610617869438e-01,9.812143612283705796e-01,9.812140095024134423e-01,9.812098440807309752e-01,9.811045664671338429e-01,9.811045588787510319e-01,9.812098198284266992e-01,9.812139254906467878e-01,9.812139511837768557e-01,9.812100281308075989e-01,9.811416060018501861e-01,9.999999999999942268e-01,9.811415902593119132e-01,9.812099618707106341e-01,9.812135818692291345e-01,9.812097543389560750e-01,9.811045402824551953e-01,9.811045412291488077e-01,9.812098244378881784e-01,9.812139920443696539e-01,9.812143448701240445e-01,9.812143454435465761e-01,9.812139940508279867e-01,9.812098290376644050e-01,9.811045521570889161e-01,9.811045498936866727e-01,9.812098225354094483e-01,9.812139753243175333e-01,9.812142791704714373e-01,9.812140017920421009e-01,9.812100281308073768e-01,9.811415902593119132e-01,9.999999999999942268e-01,9.811415077659095818e-01,9.812095767437928329e-01,9.812093949067539622e-01,9.811044582445401785e-01,9.811044558340086263e-01,9.812097516424412857e-01,9.812139230741681040e-01,9.812142773804873874e-01,9.812142786463916577e-01,9.812139276605686966e-01,9.812097629815768052e-01,9.811044865328940601e-01,9.811044864643292396e-01,9.812097628434629515e-01,9.812139274149144219e-01,9.812142783954852510e-01,9.812142791704715483e-01,9.812139511837769668e-01,9.812099618707106341e-01,9.811415077659095818e-01,9.999999999999942268e-01,9.811410687799826391e-01,9.812053369985305196e-01,9.811040435472578869e-01,9.811040169126010735e-01,9.812093638039554033e-01,9.812135472304562844e-01,9.812139053396791155e-01,9.812139080861698170e-01,9.812135577932861175e-01,9.812093935230943309e-01,9.811041174544480326e-01,9.811041184974732543e-01,9.812093962954530069e-01,9.812135646487210039e-01,9.812139274149143109e-01,9.812139753243176443e-01,9.812139254906465657e-01,9.812135818692291345e-01,9.812095767437928329e-01,9.811410687799826391e-01,9.999999999999942268e-01,9.811364922241474495e-01,9.810996325147545161e-01,9.810994591657119512e-01,9.812051246560240525e-01,9.812093575529546863e-01,9.812097276570241888e-01,9.812097342290331259e-01,9.812093854263908010e-01,9.812052218698256167e-01,9.810999466569301219e-01,9.810999484494470346e-01,9.812052264840122051e-01,9.812093962954530069e-01,9.812097628434628405e-01,9.812098225354095593e-01,9.812098198284264772e-01,9.812097543389560750e-01,9.812093949067539622e-01,9.812053369985305196e-01,9.811364922241474495e-01,9.999999999999942268e-01,9.810261592651151608e-01,9.809893948631719374e-01,9.810994563461252760e-01,9.811040078427475386e-01,9.811044290316605077e-01,9.811044482104533948e-01,9.811041034739407252e-01,9.810999419318597869e-01,9.809946787371893739e-01,9.809946813035558266e-01,9.810999484494470346e-01,9.811041184974732543e-01,9.811044864643287955e-01,9.811045498936865616e-01,9.811045588787505878e-01,9.811045402824551953e-01,9.811044582445401785e-01,9.811040435472578869e-01,9.810996325147545161e-01,9.810261592651151608e-01,9.999999999999942268e-01
