1.000000000000003109e+00,1.000000000000003109e+00,1.000000000000003109e+00,1.000000000000003109e+00,1.000000000000003109e+00,1.000000000000003109e+00,1.000000000000003109e+00,1.000000000000003109e+00,1.000000000000003109e+00,1.000000000000003109e+00,1.000000000000003109e+00,1.000000000000003109e+00,1.000000000000003109e+00,1.000000000000003109e+00,1.000000000000003109e+00,1.000000000000003109e+00,1.000000000000003109e+00,1.000000000000003109e+00,1.000000000000003109e+00,1.000000000000003109e+00,1.000000000000003109e+00,1.000000000000003109e+00,1.000000000000003109e+00,1.000000000000003109e+00,1.000000000000003109e+00,1.000000000000003109e+00,1.000000000000003109e+00,1.000000000000003109e+00,1.000000000000003109e+00,1.000000000000003109e+00,1.000000000000003109e+00,1.000000000000003109e+00,1.000000000000003109e+00,1.000000000000003109e+00,1.000000000000003109e+00,1.000000000000003109e+00,1.000000000000003109e+00,1.000000000000003109e+00,1.000000000000003109e+00,1.000000000000003109e+00,1.000000000000003109e+00,1.000000000000003109e+00,1.000000000000003109e+00,1.000000000000003109e+00,1.000000000000003109e+00,1.000000000000003109e+00,1.000000000000003109e+00,1.000000000000003109e+00,1.000000000000003109e+00,1.000000000000003109e+00,1.000000000000003109e+00,1.000000000000003109e+00,1.000000000000003109e+00,1.000000000000003109e+00,1.000000000000003109e+00,1.000000000000003109e+00,1.000000000000003109e+00,1.000000000000003109e+00,1.000000000000003109e+00,1.000000000000003109e+00,1.000000000000003109e+00,1.000000000000003109e+00,1.000000000000003109e+00,1.000000000000003109e+00,1.000000000000003109e+00,1.000000000000003109e+00,1.000000000000003109e+00,1.000000000000003109e+00,1.000000000000003109e+00,1.000000000000003109e+00,1.000000000000003109e+00,1.000000000000003109e+00,1.000000000000003109e+00,1.000000000000003109e+00,1.000000000000003109e+00,1.000000000000003109e+00,1.000000000000003109e+00,1.000000000000003109e+00,1.000000000000003109e+00,1.000000000000003109e+00,1.000000000000003109e+00,1.000000000000003109e+00,1.000000000000003109e+00,1.000000000000003109e+00,1.000000000000003109e+00,1.000000000000003109e+00,1.000000000000003109e+00,1.000000000000003109e+00,1.000000000000003109e+00,1.000000000000003109e+00,1.000000000000003109e+00,1.000000000000003109e+00,1.000000000000003109e+00,1.000000000000003109e+00,1.000000000000003109e+00,1.000000000000003109e+00,1.000000000000003109e+00,1.000000000000003109e+00,1.000000000000003109e+00,1.000000000000003109e+00,1.000000000000003109e+00,1.000000000000003109e+00,1.000000000000003109e+00,1.000000000000003109e+00,1.000000000000003109e+00,1.000000000000003109e+00,1.000000000000003109e+00,1.000000000000003109e+00,1.000000000000003109e+00,1.000000000000003109e+00,1.000000000000003109e+00,1.000000000000003109e+00,1.000000000000003109e+00,1.000000000000003109e+00,1.000000000000003109e+00,1.000000000000003109e+00,1.000000000000003109e+00,1.000000000000003109e+00,1.000000000000003109e+00,1.000000000000003109e+00,1.000000000000003109e+00,1.000000000000003109e+00,1.000000000000003109e+00,1.000000000000003109e+00,1.000000000000003109e+00,1.000000000000003109e+00,1.000000000000003109e+00,1.000000000000003109e+00,1.000000000000003109e+00,1.000000000000003109e+00,1.000000000000003109e+00,1.000000000000003109e+00,1.000000000000003109e+00,1.000000000000003109e+00,1.000000000000003109e+00,1.000000000000003109e+00,1.000000000000003109e+00,1.000000000000003109e+00,1.000000000000003109e+00,1.000000000000003109e+00,1.000000000000003109e+00,1.000000000000003109e+00,1.000000000000003109e+00,1.000000000000003109e+00,1.000000000000003109e+00,1.000000000000003109e+00,1.000000000000003109e+00,1.000000000000003109e+00,1.000000000000003109e+00,1.000000000000003109e+00,1.000000000000003109e+00,1.000000000000003109e+00,1.000000000000003109e+00,1.000000000000003109e+00,1.000000000000003109e+00,1.000000000000003109e+00,1.000000000000003109e+00,1.000000000000003109e+00,1.000000000000003109e+00,1.000000000000003109e+00,1.000000000000003109e+00,1.000000000000003109e+00,1.000000000000003109e+00,1.000000000000003109e+00,1.000000000000003109e+00,1.000000000000003109e+00,1.000000000000003109e+00,1.000000000000003109e+00,1.000000000000003109e+00,1.000000000000003109e+00,1.000000000000003109e+00,1.000000000000003109e+00,1.000000000000003109e+00,1.000000000000003109e+00,1.000000000000003109e+00,1.000000000000003109e+00,1.000000000000003109e+00,1.000000000000003109e+00,1.000000000000003109e+00,1.000000000000003109e+00,1.000000000000003109e+00,1.000000000000003109e+00,1.000000000000003109e+00,1.000000000000003109e+00,1.000000000000003109e+00,1.000000000000003109e+00,1.000000000000003109e+00,1.000000000000003109e+00,1.000000000000003109e+00,1.000000000000003109e+00,1.000000000000003109e+00,1.000000000000003109e+00,1.000000000000003109e+00,1.000000000000003109e+00,1.000000000000003109e+00,1.000000000000003109e+00,1.000000000000003109e+00,1.000000000000003109e+00,1.000000000000003109e+00,1.000000000000003109e+00,1.000000000000003109e+00,1.000000000000003109e+00,1.000000000000003109e+00,1.000000000000003109e+00,1.000000000000003109e+00,1.000000000000003109e+00,1.000000000000003109e+00,1.000000000000003109e+00,1.000000000000003109e+00,1.000000000000003109e+00,1.000000000000003109e+00,1.000000000000003109e+00,1.000000000000003109e+00,1.000000000000003109e+00,1.000000000000003109e+00,1.000000000000003109e+00,1.000000000000003109e+00,1.000000000000003109e+00,1.000000000000003109e+00,1.000000000000003109e+00,1.000000000000003109e+00,1.000000000000003109e+00,1.000000000000003109e+00,1.000000000000003109e+00,1.000000000000003109e+00,1.000000000000003109e+00,1.000000000000003109e+00,1.000000000000003109e+00,1.000000000000003109e+00,1.000000000000003109e+00,1.000000000000003109e+00,1.000000000000003109e+00,1.000000000000003109e+00,1.000000000000003109e+00,1.000000000000003109e+00,1.000000000000003109e+00,1.000000000000003109e+00,1.000000000000003109e+00,1.000000000000003109e+00,1.000000000000003109e+00,1.000000000000003109e+00,1.000000000000003109e+00,1.000000000000003109e+00,1.000000000000003109e+00,1.000000000000003109e+00,1.000000000000003109e+00,1.000000000000003109e+00,1.000000000000003109e+00,1.000000000000003109e+00,1.000000000000003109e+00,1.000000000000003109e+00,1.000000000000003109e+00,1.000000000000003109e+00,1.000000000000003109e+00,1.000000000000003109e+00,1.000000000000003109e+00,1.000000000000003109e+00,1.000000000000003109e+00,1.000000000000003109e+00,1.000000000000003109e+00,1.000000000000003109e+00,1.000000000000003109e+00,1.000000000000003109e+00,1.000000000000003109e+00,1.000000000000003109e+00,1.000000000000003109e+00,1.000000000000003109e+00,1.000000000000003109e+00,1.000000000000003109e+00,1.000000000000003109e+00,1.000000000000003109e+00,1.000000000000003109e+00,1.000000000000003109e+00,1.000000000000003109e+00,1.000000000000003109e+00,1.000000000000003109e+00,1.000000000000003109e+00,1.000000000000003109e+00,1.000000000000003109e+00,1.000000000000003109e+00,1.000000000000003109e+00,1.000000000000003109e+00,1.000000000000003109e+00,1.000000000000003109e+00,1.000000000000003109e+00,1.000000000000003109e+00,1.000000000000003109e+00,1.000000000000003109e+00,1.000000000000003109e+00,1.000000000000003109e+00,1.000000000000003109e+00,1.000000000000003109e+00,1.000000000000003109e+00,1.000000000000003109e+00,1.000000000000003109e+00,1.000000000000003109e+00,1.000000000000003109e+00,1.000000000000003109e+00,1.000000000000003109e+00,1.000000000000003109e+00,1.000000000000003109e+00,1.000000000000003109e+00,1.000000000000003109e+00,1.000000000000003109e+00,1.000000000000003109e+00,1.000000000000003109e+00,1.000000000000003109e+00,1.000000000000003109e+00,1.000000000000003109e+00,1.000000000000003109e+00,1.000000000000003109e+00,1.000000000000003109e+00,1.000000000000003109e+00,1.000000000000003109e+00,1.000000000000003109e+00,1.000000000000003109e+00,1.000000000000003109e+00,1.000000000000003109e+00,1.000000000000003109e+00,1.000000000000003109e+00,1.000000000000003109e+00,1.000000000000003109e+00,1.000000000000003109e+00,1.000000000000003109e+00,1.000000000000003109e+00,1.000000000000003109e+00,1.000000000000003109e+00,1.000000000000003109e+00,1.000000000000003109e+00,1.000000000000003109e+00,1.000000000000003109e+00,1.000000000000003109e+00,1.000000000000003109e+00,1.000000000000003109e+00,1.000000000000003109e+00,1.000000000000003109e+00,1.000000000000003109e+00,1.000000000000003109e+00,1.000000000000003109e+00,1.000000000000003109e+00,1.000000000000003109e+00,1.000000000000003109e+00,1.000000000000003109e+00,1.000000000000003109e+00,1.000000000000003109e+00,1.000000000000003109e+00,1.000000000000003109e+00,1.000000000000003109e+00,1.000000000000003109e+00,1.000000000000003109e+00,1.000000000000003109e+00,1.000000000000003109e+00,1.000000000000003109e+00,1.000000000000003109e+00,1.000000000000003109e+00,1.000000000000003109e+00,1.000000000000003109e+00,1.000000000000003109e+00,1.000000000000003109e+00,1.000000000000003109e+00,1.000000000000003109e+00,1.000000000000003109e+00,1.000000000000003109e+00,1.000000000000003109e+00,1.000000000000003109e+00,1.000000000000003109e+00,1.000000000000003109e+00,1.000000000000003109e+00,1.000000000000003109e+00,1.000000000000003109e+00,1.000000000000003109e+00,1.000000000000003109e+00,1.000000000000003109e+00,1.000000000000003109e+00,1.000000000000003109e+00,1.000000000000003109e+00,1.000000000000003109e+00,1.000000000000003109e+00,1.000000000000003109e+00,1.000000000000003109e+00,1.000000000000003109e+00,1.000000000000003109e+00,1.000000000000003109e+00,1.000000000000003109e+00,1.000000000000003109e+00,1.000000000000003109e+00,1.000000000000003109e+00,1.000000000000003109e+00,1.000000000000003109e+00,1.000000000000003109e+00,1.000000000000003109e+00,1.000000000000003109e+00,1.000000000000003109e+00,1.000000000000003109e+00,1.000000000000003109e+00,1.000000000000003109e+00,1.000000000000003109e+00,1.000000000000003109e+00,1.000000000000003109e+00,1.000000000000003109e+00
9.999999999999971134e-01,9.952286888621513228e-01,9.952327808732357450e-01,9.952329376996225108e-01,9.952329526381529234e-01,9.952329555139656225e-01,9.952329563189696859e-01,9.952329565800713818e-01,9.952329566213359291e-01,9.952329564683357610e-01,9.952329558860161240e-01,9.952329536364008522e-01,9.952329411322352604e-01,9.952327992243117372e-01,9.952282238652457869e-01,9.952282227413539184e-01,9.952327951104774639e-01,9.952329221890261479e-01,9.952327799576236034e-01,9.952280572583148688e-01,9.952286888621513228e-01,9.999999999999971134e-01,9.952334148785556556e-01,9.952373691001282774e-01,9.952375153352425174e-01,9.952375285873092947e-01,9.952375310499059768e-01,9.952375317073547389e-01,9.952375318728520215e-01,9.952375317676414035e-01,9.952375312074890346e-01,9.952375289708644823e-01,9.952375164773084038e-01,9.952373745818123840e-01,9.952327992243553689e-01,9.952327982749511470e-01,9.952373710656581274e-01,9.952374998245719917e-01,9.952373681786625959e-01,9.952327822933396684e-01,9.952327808732357450e-01,9.952334148785556556e-01,9.999999999999971134e-01,9.952335695582379405e-01,9.952375132577282457e-01,9.952376578274778618e-01,9.952376706713620402e-01,9.952376729878947836e-01,9.952376735502960203e-01,9.952376735695371845e-01,9.952376730572974894e-01,9.952376708429012675e-01,9.952376583623320228e-01,9.952375164774440730e-01,9.952329411324238873e-01,9.952329402533618419e-01,9.952375131690690546e-01,9.952376423255360205e-01,9.952375123454786365e-01,9.952329370455740287e-01,9.952329376996225108e-01,9.952373691001282774e-01,9.952335695582379405e-01,9.999999999999971134e-01,9.952335843398150139e-01,9.952375263582022846e-01,9.952376705197405471e-01,9.952376832176601518e-01,9.952376854391737915e-01,9.952376858553566574e-01,9.952376854675554219e-01,9.952376833010676549e-01,9.952376708427396190e-01,9.952375289708406125e-01,9.952329536364243889e-01,9.952329527926895292e-01,9.952375257562295907e-01,9.952376550372122876e-01,9.952375254546967920e-01,9.952329518345696124e-01,9.952329526381529234e-01,9.952375153352425174e-01,9.952375132577282457e-01,9.952335843398150139e-01,9.999999999999971134e-01,9.952335872009585582e-01,9.952375288069604808e-01,9.952376728224392455e-01,9.952376854253378591e-01,9.952376875006143653e-01,9.952376875097684872e-01,9.952376854677252860e-01,9.952376730572922714e-01,9.952375312076398028e-01,9.952329558861990888e-01,9.952329550661174196e-01,9.952375280518840350e-01,9.952376573807597548e-01,9.952375279228246052e-01,9.952329547038135660e-01,9.952329555139656225e-01,9.952375285873092947e-01,9.952376578274778618e-01,9.952375263582022846e-01,9.952335872009585582e-01,9.999999999999971134e-01,9.952335879965729104e-01,9.952375294552516793e-01,9.952376733756731486e-01,9.952376858323465081e-01,9.952376875005916057e-01,9.952376858554929928e-01,9.952376735695250831e-01,9.952375317677555344e-01,9.952329564684987417e-01,9.952329556721122295e-01,9.952375286708442514e-01,9.952376580219719493e-01,9.952375286119724551e-01,9.952329555186494314e-01,9.952329563189696859e-01,9.952375310499059768e-01,9.952376706713620402e-01,9.952376705197405471e-01,9.952375288069604808e-01,9.952335879965729104e-01,9.999999999999971134e-01,9.952335882380558552e-01,9.952375296012876404e-01,9.952376733754734195e-01,9.952376854251133720e-01,9.952376854391159489e-01,9.952376735500702010e-01,9.952375318727628706e-01,9.952329566213014012e-01,9.952329558602166504e-01,9.952375288696156952e-01,9.952376582337298938e-01,9.952375288459734959e-01,9.952329558010331034e-01,9.952329565800713818e-01,9.952375317073547389e-01,9.952376729878947836e-01,9.952376832176601518e-01,9.952376728224392455e-01,9.952375294552516793e-01,9.952335882380558552e-01,9.999999999999971134e-01,9.952335882381625476e-01,9.952375294551832896e-01,9.952376728223546465e-01,9.952376832177379784e-01,9.952376729878132933e-01,9.952375317074158012e-01,9.952329565801640854e-01,9.952329558893864281e-01,9.952375289118738921e-01,9.952376582866123700e-01,9.952375289118635671e-01,9.952329558893490136e-01,9.952329566213359291e-01,9.952375318728520215e-01,9.952376735502960203e-01,9.952376854391737915e-01,9.952376854253378591e-01,9.952376733756731486e-01,9.952375296012876404e-01,9.952335882381625476e-01,9.999999999999971134e-01,9.952335879966188736e-01,9.952375288070112180e-01,9.952376705199621476e-01,9.952376706714149979e-01,9.952375310500984895e-01,9.952329563192142681e-01,9.952329558012047439e-01,9.952375288461364766e-01,9.952376582338731126e-01,9.952375288697389299e-01,9.952329558603204562e-01,9.952329564683357610e-01,9.952375317676414035e-01,9.952376735695371845e-01,9.952376858553566574e-01,9.952376875006143653e-01,9.952376858323465081e-01,9.952376733754734195e-01,9.952375294551832896e-01,9.952335879966188736e-01,9.999999999999971134e-01,9.952335872007880280e-01,9.952375263582121656e-01,9.952376578273318675e-01,9.952375285872984145e-01,9.952329555140060346e-01,9.952329555186285592e-01,9.952375286119186093e-01,9.952376580219171043e-01,9.952375286707715318e-01,9.952329556720105330e-01,9.952329558860161240e-01,9.952375312074890346e-01,9.952376730572974894e-01,9.952376854675554219e-01,9.952376875097684872e-01,9.952376875005916057e-01,9.952376854251133720e-01,9.952376728223546465e-01,9.952375288070112180e-01,9.952335872007880280e-01,9.999999999999971134e-01,9.952335843397857040e-01,9.952375132575609351e-01,9.952375153352148729e-01,9.952329526381662461e-01,9.952329547037642721e-01,9.952375279227586580e-01,9.952376573806722693e-01,9.952375280517827827e-01,9.952329550660058421e-01,9.952329536364008522e-01,9.952375289708644823e-01,9.952376708429012675e-01,9.952376833010676549e-01,9.952376854677252860e-01,9.952376858554929928e-01,9.952376854391159489e-01,9.952376832177379784e-01,9.952376705199621476e-01,9.952375263582121656e-01,9.952335843397857040e-01,9.999999999999971134e-01,9.952335695582156250e-01,9.952373691002553979e-01,9.952329376998038102e-01,9.952329518346747506e-01,9.952375254547909389e-01,9.952376550372922237e-01,9.952375257562957600e-01,9.952329527927209485e-01,9.952329411322352604e-01,9.952375164773084038e-01,9.952376583623320228e-01,9.952376708427396190e-01,9.952376730572922714e-01,9.952376735695250831e-01,9.952376735500702010e-01,9.952376729878132933e-01,9.952376706714149979e-01,9.952376578273318675e-01,9.952375132575609351e-01,9.952335695582156250e-01,9.999999999999971134e-01,9.952334148784905965e-01,9.952327808732561731e-01,9.952329370455408331e-01,9.952375123453996997e-01,9.952376423254479798e-01,9.952375131689716881e-01,9.952329402532464897e-01,9.952327992243117372e-01,9.952373745818123840e-01,9.952375164774440730e-01,9.952375289708406125e-01,9.952375312076398028e-01,9.952375317677555344e-01,9.952375318727628706e-01,9.952375317074158012e-01,9.952375310500984895e-01,9.952375285872984145e-01,9.952375153352148729e-01,9.952373691002553979e-01,9.952334148784905965e-01,9.999999999999971134e-01,9.952286888623096406e-01,9.952327822934277091e-01,9.952373681787297643e-01,9.952374998246333870e-01,9.952373710656914341e-01,9.952327982749711310e-01,9.952282238652457869e-01,9.952327992243553689e-01,9.952329411324238873e-01,9.952329536364243889e-01,9.952329558861990888e-01,9.952329564684987417e-01,9.952329566213014012e-01,9.952329565801640854e-01,9.952329563192142681e-01,9.952329555140060346e-01,9.952329526381662461e-01,9.952329376998038102e-01,9.952327808732561731e-01,9.952286888623096406e-01,9.999999999999971134e-01,9.952280572584525364e-01,9.952327799577382894e-01,9.952329221891140776e-01,9.952327951105712778e-01,9.952282227414139815e-01,9.952282227413539184e-01,9.952327982749511470e-01,9.952329402533618419e-01,9.952329527926895292e-01,9.952329550661174196e-01,9.952329556721122295e-01,9.952329558602166504e-01,9.952329558893864281e-01,9.952329558012047439e-01,9.952329555186285592e-01,9.952329547037642721e-01,9.952329518346747506e-01,9.952329370455408331e-01,9.952327822934277091e-01,9.952280572584525364e-01,9.999999999999971134e-01,9.952286848789999585e-01,9.952327643753534625e-01,9.952327793342776729e-01,9.952282190277512708e-01,9.952327951104774639e-01,9.952373710656581274e-01,9.952375131690690546e-01,9.952375257562295907e-01,9.952375280518840350e-01,9.952375286708442514e-01,9.952375288696156952e-01,9.952375289118738921e-01,9.952375288461364766e-01,9.952375286119186093e-01,9.952375279227586580e-01,9.952375254547909389e-01,9.952375123453996997e-01,9.952373681787297643e-01,9.952327799577382894e-01,9.952286848789999585e-01,9.999999999999971134e-01,9.952333960107762056e-01,9.952372083861357188e-01,9.952327793342538031e-01,9.952329221890261479e-01,9.952374998245719917e-01,9.952376423255360205e-01,9.952376550372122876e-01,9.952376573807597548e-01,9.952376580219719493e-01,9.952376582337298938e-01,9.952376582866123700e-01,9.952376582338731126e-01,9.952376580219171043e-01,9.952376573806722693e-01,9.952376550372922237e-01,9.952376423254479798e-01,9.952374998246333870e-01,9.952329221891140776e-01,9.952327643753534625e-01,9.952333960107762056e-01,9.999999999999971134e-01,9.952333960107930810e-01,9.952327643753132724e-01,9.952327799576236034e-01,9.952373681786625959e-01,9.952375123454786365e-01,9.952375254546967920e-01,9.952375279228246052e-01,9.952375286119724551e-01,9.952375288459734959e-01,9.952375289118635671e-01,9.952375288697389299e-01,9.952375286707715318e-01,9.952375280517827827e-01,9.952375257562957600e-01,9.952375131689716881e-01,9.952373710656914341e-01,9.952327951105712778e-01,9.952327793342776729e-01,9.952372083861357188e-01,9.952333960107930810e-01,9.999999999999971134e-01,9.952286848789659857e-01,9.952280572583148688e-01,9.952327822933396684e-01,9.952329370455740287e-01,9.952329518345696124e-01,9.952329547038135660e-01,9.952329555186494314e-01,9.952329558010331034e-01,9.952329558893490136e-01,9.952329558603204562e-01,9.952329556720105330e-01,9.952329550660058421e-01,9.952329527927209485e-01,9.952329402532464897e-01,9.952327982749711310e-01,9.952282227414139815e-01,9.952282190277512708e-01,9.952327793342538031e-01,9.952327643753132724e-01,9.952286848789659857e-01,9.999999999999971134e-01
1.000000000000003109e+00,9.905236337299081484e-01,9.905397483581120932e-01,9.905403428214236694e-01,9.905403998351859363e-01,9.905404109219849706e-01,9.905404140404591162e-01,9.905404150547137965e-01,9.905404152165256937e-01,9.905404146280519795e-01,9.905404123909222758e-01,9.905404038069588468e-01,9.905403568512706203e-01,9.905398306717581036e-01,9.905218255120201709e-01,9.905218211603528111e-01,9.905398148647136525e-01,9.905402850615195876e-01,9.905397562263174027e-01,9.905211704199204936e-01,9.905236337299081484e-01,1.000000000000003109e+00,9.905422337330762605e-01,9.905578035557549565e-01,9.905583570723617282e-01,9.905584075468327754e-01,9.905584170256711563e-01,9.905584195686251148e-01,9.905584202107532432e-01,9.905584198072819868e-01,9.905584176560443543e-01,9.905584091224521881e-01,9.905583622075283534e-01,9.905578360696621898e-01,9.905398306721993062e-01,9.905398270049247111e-01,9.905578225972184736e-01,9.905582993314339113e-01,9.905578114495570130e-01,9.905397651357655819e-01,9.905397483581120932e-01,9.905422337330762605e-01,1.000000000000003109e+00,9.905428089297085847e-01,9.905583383650269358e-01,9.905588855073795829e-01,9.905589344129012153e-01,9.905589433277968148e-01,9.905589455029309987e-01,9.905589455815312361e-01,9.905589436162354211e-01,9.905589351689613187e-01,9.905588883045196580e-01,9.905583622077392958e-01,9.905403568519667301e-01,9.905403534585116576e-01,9.905583495415292150e-01,9.905588278134405122e-01,9.905583463515158504e-01,9.905403409901104572e-01,9.905403428214236694e-01,9.905578035557549565e-01,9.905428089297085847e-01,1.000000000000003109e+00,9.905428646775465973e-01,9.905583876162197265e-01,9.905589331893726035e-01,9.905589815316336866e-01,9.905589900789257829e-01,9.905589916907270309e-01,9.905589902074676267e-01,9.905589819461242396e-01,9.905589351680743615e-01,9.905584091217541909e-01,9.905404038067209260e-01,9.905404005508869902e-01,9.905583968197160250e-01,9.905588755741721041e-01,9.905583956497445719e-01,9.905403968165639172e-01,9.905403998351859363e-01,9.905583570723617282e-01,9.905583383650269358e-01,9.905428646775465973e-01,1.000000000000003109e+00,9.905428756324617945e-01,9.905583969697333568e-01,9.905589419789291306e-01,9.905589899535888199e-01,9.905589979374732623e-01,9.905589979874646067e-01,9.905589902081929354e-01,9.905589436159947248e-01,9.905584176560964238e-01,9.905404123913703618e-01,9.905404092277005912e-01,9.905584055828372536e-01,9.905588845231526607e-01,9.905584050817199948e-01,9.905404078136649249e-01,9.905404109219849706e-01,9.905584075468327754e-01,9.905588855073795829e-01,9.905583876162197265e-01,9.905428756324617945e-01,1.000000000000003109e+00,9.905428786990604362e-01,9.905583994626380173e-01,9.905589441039666099e-01,9.905589915152631653e-01,9.905589979373198295e-01,9.905589916912510562e-01,9.905589455812149335e-01,9.905584198071231139e-01,9.905404146283613986e-01,9.905404115570326518e-01,9.905584079625704419e-01,9.905588869893388049e-01,9.905584077340259253e-01,9.905404109575878246e-01,9.905404140404591162e-01,9.905584170256711563e-01,9.905589344129012153e-01,9.905589331893726035e-01,9.905583969697333568e-01,9.905428786990604362e-01,1.000000000000003109e+00,9.905428796329902585e-01,9.905584000256829613e-01,9.905589441035829168e-01,9.905589899530450326e-01,9.905589900791034186e-01,9.905589455021756029e-01,9.905584202102096780e-01,9.905404152164745124e-01,9.905404122826241275e-01,9.905584087298046070e-01,9.905588878070593628e-01,9.905584086381884479e-01,9.905404120512846244e-01,9.905404150547137965e-01,9.905584195686251148e-01,9.905589433277968148e-01,9.905589815316336866e-01,9.905589419789291306e-01,9.905583994626380173e-01,9.905428796329902585e-01,1.000000000000003109e+00,9.905428796331585684e-01,9.905583994624894695e-01,9.905589419786785532e-01,9.905589815320823277e-01,9.905589433273490618e-01,9.905584195683926341e-01,9.905404150548816622e-01,9.905404123946200956e-01,9.905584088930220465e-01,9.905588880116025230e-01,9.905584088933141462e-01,9.905404123942931349e-01,9.905404152165256937e-01,9.905584202107532432e-01,9.905589455029309987e-01,9.905589900789257829e-01,9.905589899535888199e-01,9.905589441039666099e-01,9.905584000256829613e-01,9.905428796331585684e-01,1.000000000000003109e+00,9.905428786991347101e-01,9.905583969697555613e-01,9.905589331901348826e-01,9.905589344127230245e-01,9.905584170257133447e-01,9.905404140409688196e-01,9.905404120518761513e-01,9.905584086382580589e-01,9.905588878073708914e-01,9.905584087303773710e-01,9.905404122826259039e-01,9.905404146280519795e-01,9.905584198072819868e-01,9.905589455815312361e-01,9.905589916907270309e-01,9.905589979374732623e-01,9.905589915152631653e-01,9.905589441035829168e-01,9.905583994624894695e-01,9.905428786991347101e-01,1.000000000000003109e+00,9.905428756320306949e-01,9.905583876165142687e-01,9.905588855068270249e-01,9.905584075464696214e-01,9.905404109221140896e-01,9.905404109578438421e-01,9.905584077336405668e-01,9.905588869892794079e-01,9.905584079627810512e-01,9.905404115566194267e-01,9.905404123909222758e-01,9.905584176560443543e-01,9.905589436162354211e-01,9.905589902074676267e-01,9.905589979874646067e-01,9.905589979373198295e-01,9.905589899530450326e-01,9.905589419786785532e-01,9.905583969697555613e-01,9.905428756320306949e-01,1.000000000000003109e+00,9.905428646776592849e-01,9.905583383643348228e-01,9.905583570718805575e-01,9.905403998351327566e-01,9.905404078137232116e-01,9.905584050812227259e-01,9.905588845228876504e-01,9.905584055828675627e-01,9.905404092271904437e-01,9.905404038069588468e-01,9.905584091224521881e-01,9.905589351689613187e-01,9.905589819461242396e-01,9.905589902081929354e-01,9.905589916912510562e-01,9.905589900791034186e-01,9.905589815320823277e-01,9.905589331901348826e-01,9.905583876165142687e-01,9.905428646776592849e-01,1.000000000000003109e+00,9.905428089296548499e-01,9.905578035559087224e-01,9.905403428220932449e-01,9.905403968172802331e-01,9.905583956499230958e-01,9.905588755746309593e-01,9.905583968204627610e-01,9.905404005509871324e-01,9.905403568512706203e-01,9.905583622075283534e-01,9.905588883045196580e-01,9.905589351680743615e-01,9.905589436159947248e-01,9.905589455812149335e-01,9.905589455021756029e-01,9.905589433273490618e-01,9.905589344127230245e-01,9.905588855068270249e-01,9.905583383643348228e-01,9.905428089296548499e-01,1.000000000000003109e+00,9.905422337322373760e-01,9.905397483578970430e-01,9.905403409900158662e-01,9.905583463507339204e-01,9.905588278129571211e-01,9.905583495413394779e-01,9.905403534577640334e-01,9.905398306717581036e-01,9.905578360696621898e-01,9.905583622077392958e-01,9.905584091217541909e-01,9.905584176560964238e-01,9.905584198071231139e-01,9.905584202102096780e-01,9.905584195683926341e-01,9.905584170257133447e-01,9.905584075464696214e-01,9.905583570718805575e-01,9.905578035559087224e-01,9.905422337322373760e-01,1.000000000000003109e+00,9.905236337298709559e-01,9.905397651358028854e-01,9.905578114490272146e-01,9.905582993312074258e-01,9.905578225972121453e-01,9.905398270043777043e-01,9.905218255120201709e-01,9.905398306721993062e-01,9.905403568519667301e-01,9.905404038067209260e-01,9.905404123913703618e-01,9.905404146283613986e-01,9.905404152164745124e-01,9.905404150548816622e-01,9.905404140409688196e-01,9.905404109221140896e-01,9.905403998351327566e-01,9.905403428220932449e-01,9.905397483578970430e-01,9.905236337298709559e-01,1.000000000000003109e+00,9.905211704204428536e-01,9.905397562262628908e-01,9.905402850616743526e-01,9.905398148652418966e-01,9.905218211602261347e-01,9.905218211603528111e-01,9.905398270049247111e-01,9.905403534585116576e-01,9.905404005508869902e-01,9.905404092277005912e-01,9.905404115570326518e-01,9.905404122826241275e-01,9.905404123946200956e-01,9.905404120518761513e-01,9.905404109578438421e-01,9.905404078137232116e-01,9.905403968172802331e-01,9.905403409900158662e-01,9.905397651358028854e-01,9.905211704204428536e-01,1.000000000000003109e+00,9.905236184360941554e-01,9.905396860926546365e-01,9.905397545336692700e-01,9.905218067936765181e-01,9.905398148647136525e-01,9.905578225972184736e-01,9.905583495415292150e-01,9.905583968197160250e-01,9.905584055828372536e-01,9.905584079625704419e-01,9.905584087298046070e-01,9.905584088930220465e-01,9.905584086382580589e-01,9.905584077336405668e-01,9.905584050812227259e-01,9.905583956499230958e-01,9.905583463507339204e-01,9.905578114490272146e-01,9.905397562262628908e-01,9.905236184360941554e-01,1.000000000000003109e+00,9.905421623001993137e-01,9.905572062608720696e-01,9.905397545330817399e-01,9.905402850615195876e-01,9.905582993314339113e-01,9.905588278134405122e-01,9.905588755741721041e-01,9.905588845231526607e-01,9.905588869893388049e-01,9.905588878070593628e-01,9.905588880116025230e-01,9.905588878073708914e-01,9.905588869892794079e-01,9.905588845228876504e-01,9.905588755746309593e-01,9.905588278129571211e-01,9.905582993312074258e-01,9.905402850616743526e-01,9.905396860926546365e-01,9.905421623001993137e-01,1.000000000000003109e+00,9.905421623005942200e-01,9.905396860923184610e-01,9.905397562263174027e-01,9.905578114495570130e-01,9.905583463515158504e-01,9.905583956497445719e-01,9.905584050817199948e-01,9.905584077340259253e-01,9.905584086381884479e-01,9.905584088933141462e-01,9.905584087303773710e-01,9.905584079627810512e-01,9.905584055828675627e-01,9.905583968204627610e-01,9.905583495413394779e-01,9.905578225972121453e-01,9.905398148652418966e-01,9.905397545336692700e-01,9.905572062608720696e-01,9.905421623005942200e-01,1.000000000000003109e+00,9.905236184361042584e-01,9.905211704199204936e-01,9.905397651357655819e-01,9.905403409901104572e-01,9.905403968165639172e-01,9.905404078136649249e-01,9.905404109575878246e-01,9.905404120512846244e-01,9.905404123942931349e-01,9.905404122826259039e-01,9.905404115566194267e-01,9.905404092271904437e-01,9.905404005509871324e-01,9.905403534577640334e-01,9.905398270043777043e-01,9.905218211602261347e-01,9.905218067936765181e-01,9.905397545330817399e-01,9.905396860923184610e-01,9.905236184361042584e-01,1.000000000000003109e+00
1.000000000000002887e+00,9.858831977713983230e-01,9.859188998212568000e-01,9.859201664817536237e-01,9.859202889977277673e-01,9.859203130594372810e-01,9.859203198584680639e-01,9.859203220751719954e-01,9.859203224330388426e-01,9.859203211586099469e-01,9.859203163201140097e-01,9.859202978737028333e-01,9.859201985660885903e-01,9.859191039077481733e-01,9.858792422133327848e-01,9.858792327293238733e-01,9.859190697099325940e-01,9.859200453384097118e-01,9.859189420487773914e-01,9.858777930953317448e-01,9.858831977713983230e-01,1.000000000000002887e+00,9.859243809952078497e-01,9.859588713818873140e-01,9.859600489655618860e-01,9.859601572068276143e-01,9.859601777468960382e-01,9.859601832824930190e-01,9.859601846853919271e-01,9.859601838139746555e-01,9.859601791628301859e-01,9.859601608261022720e-01,9.859600616057718758e-01,9.859589670160732178e-01,9.859191039092523035e-01,9.859190959354652284e-01,9.859589379493436390e-01,9.859599278985420323e-01,9.859589137272011250e-01,9.859189611867461567e-01,9.859188998212568000e-01,9.859243809952078497e-01,1.000000000000002887e+00,9.859255814648173466e-01,9.859599846793574152e-01,9.859611485328590996e-01,9.859612533800521383e-01,9.859612726945662375e-01,9.859612774304140626e-01,9.859612776099766496e-01,9.859612733647720173e-01,9.859612552167592581e-01,9.859611561068388763e-01,9.859600616064428946e-01,9.859201985683049285e-01,9.859201911943713537e-01,9.859600343000940459e-01,9.859610275965390302e-01,9.859600273472292065e-01,9.859201639209662638e-01,9.859201664817536237e-01,9.859588713818873140e-01,9.859255814648173466e-01,1.000000000000002887e+00,9.859256998783580972e-01,9.859600889607781360e-01,9.859612494193447096e-01,9.859613530430022532e-01,9.859613715584449878e-01,9.859613750713372982e-01,9.859613718771690349e-01,9.859613541351318622e-01,9.859612552140262220e-01,9.859601608239917381e-01,9.859202978731206324e-01,9.859202908007757005e-01,9.859601343136428220e-01,9.859611286624246906e-01,9.859601317594229863e-01,9.859202826105313289e-01,9.859202889977277673e-01,9.859600489655618860e-01,9.859599846793574152e-01,9.859256998783580972e-01,1.000000000000002887e+00,9.859257234987679475e-01,9.859601090813732149e-01,9.859612683141887324e-01,9.859613711387719137e-01,9.859613884312135035e-01,9.859613885704259229e-01,9.859613718794730808e-01,9.859612733642462157e-01,9.859601791630437928e-01,9.859203163217937771e-01,9.859203094516499899e-01,9.859601531530869378e-01,9.859611479078566054e-01,9.859601520585650203e-01,9.859203063461086103e-01,9.859203130594372810e-01,9.859601572068276143e-01,9.859611485328590996e-01,9.859600889607781360e-01,9.859257234987679475e-01,1.000000000000002887e+00,9.859257301518049577e-01,9.859601144770490100e-01,9.859612729100223349e-01,9.859613745116351247e-01,9.859613884303678466e-01,9.859613750727403980e-01,9.859612776086899011e-01,9.859601838132935336e-01,9.859203211594655958e-01,9.859203144916867112e-01,9.859601583035864092e-01,9.859611532472992712e-01,9.859601578046351955e-01,9.859203131741663961e-01,9.859203198584680639e-01,9.859601777468960382e-01,9.859612533800521383e-01,9.859612494193447096e-01,9.859601090813732149e-01,9.859257301518049577e-01,1.000000000000002887e+00,9.859257321839969279e-01,9.859601156995406734e-01,9.859612729093519823e-01,9.859613711372414713e-01,9.859613715592235872e-01,9.859612774283977865e-01,9.859601846840485573e-01,9.859203224332485638e-01,9.859203160668271737e-01,9.859601599701264263e-01,9.859611550243412292e-01,9.859601597707394749e-01,9.859203155579094879e-01,9.859203220751719954e-01,9.859601832824930190e-01,9.859612726945662375e-01,9.859613530430022532e-01,9.859612683141887324e-01,9.859601144770490100e-01,9.859257321839969279e-01,1.000000000000002887e+00,9.859257321843701849e-01,9.859601144768037617e-01,9.859612683131618871e-01,9.859613530442556950e-01,9.859612726930618853e-01,9.859601832816417000e-01,9.859203220757954966e-01,9.859203163083749555e-01,9.859601603244927404e-01,9.859611554691305457e-01,9.859601603261798353e-01,9.859203163071957876e-01,9.859203224330388426e-01,9.859601846853919271e-01,9.859612774304140626e-01,9.859613715584449878e-01,9.859613711387719137e-01,9.859612729100223349e-01,9.859601156995406734e-01,9.859257321843701849e-01,1.000000000000002887e+00,9.859257301519994687e-01,9.859601090808316481e-01,9.859612494211272837e-01,9.859612533790316213e-01,9.859601777465440975e-01,9.859203198596369067e-01,9.859203155595482881e-01,9.859601597696302511e-01,9.859611550248489342e-01,9.859601599723221144e-01,9.859203160662258769e-01,9.859203211586099469e-01,9.859601838139746555e-01,9.859612776099766496e-01,9.859613750713372982e-01,9.859613884312135035e-01,9.859613745116351247e-01,9.859612729093519823e-01,9.859601144768037617e-01,9.859257301519994687e-01,1.000000000000002887e+00,9.859257234974794226e-01,9.859600889617752273e-01,9.859611485311691181e-01,9.859601572057778984e-01,9.859203130599543119e-01,9.859203131751927973e-01,9.859601578027736846e-01,9.859611532471497242e-01,9.859601583051258444e-01,9.859203144903601057e-01,9.859203163201140097e-01,9.859601791628301859e-01,9.859612733647720173e-01,9.859613718771690349e-01,9.859613885704259229e-01,9.859613884303678466e-01,9.859613711372414713e-01,9.859612683131618871e-01,9.859601090808316481e-01,9.859257234974794226e-01,1.000000000000002887e+00,9.859256998785027593e-01,9.859599846768408726e-01,9.859600489637102561e-01,9.859202889973605055e-01,9.859203063462266270e-01,9.859601520559045928e-01,9.859611479068166595e-01,9.859601531537449670e-01,9.859203094495316844e-01,9.859202978737028333e-01,9.859601608261022720e-01,9.859612552167592581e-01,9.859613541351318622e-01,9.859613718794730808e-01,9.859613750727403980e-01,9.859613715592235872e-01,9.859613530442556950e-01,9.859612494211272837e-01,9.859600889617752273e-01,9.859256998785027593e-01,1.000000000000002887e+00,9.859255814645309091e-01,9.859588713822255990e-01,9.859201664837008439e-01,9.859202826128861119e-01,9.859601317590142022e-01,9.859611286636897898e-01,9.859601343166035647e-01,9.859202908008509736e-01,9.859201985660885903e-01,9.859600616057718758e-01,9.859611561068388763e-01,9.859612552140262220e-01,9.859612733642462157e-01,9.859612776086899011e-01,9.859612774283977865e-01,9.859612726930618853e-01,9.859612533790316213e-01,9.859611485311691181e-01,9.859599846768408726e-01,9.859255814645309091e-01,1.000000000000002887e+00,9.859243809926977464e-01,9.859188998204689858e-01,9.859201639206368606e-01,9.859600273439882434e-01,9.859610275949980407e-01,9.859600343002425937e-01,9.859201911917341299e-01,9.859191039077481733e-01,9.859589670160732178e-01,9.859600616064428946e-01,9.859601608239917381e-01,9.859601791630437928e-01,9.859601838132935336e-01,9.859601846840485573e-01,9.859601832816417000e-01,9.859601777465440975e-01,9.859601572057778984e-01,9.859600489637102561e-01,9.859588713822255990e-01,9.859243809926977464e-01,1.000000000000002887e+00,9.858831977712063654e-01,9.859189611870138314e-01,9.859589137246700385e-01,9.859599278977076997e-01,9.859589379501231265e-01,9.859190959334821480e-01,9.858792422133327848e-01,9.859191039092523035e-01,9.859201985683049285e-01,9.859202978731206324e-01,9.859203163217937771e-01,9.859203211594655958e-01,9.859203224332485638e-01,9.859203220757954966e-01,9.859203198596369067e-01,9.859203130599543119e-01,9.859202889973605055e-01,9.859201664837008439e-01,9.859188998204689858e-01,9.858831977712063654e-01,1.000000000000002887e+00,9.858777930971532877e-01,9.859189420477920685e-01,9.859200453390327690e-01,9.859190697123367819e-01,9.858792327288165014e-01,9.858792327293238733e-01,9.859190959354652284e-01,9.859201911943713537e-01,9.859202908007757005e-01,9.859203094516499899e-01,9.859203144916867112e-01,9.859203160668271737e-01,9.859203163083749555e-01,9.859203155595482881e-01,9.859203131751927973e-01,9.859203063462266270e-01,9.859202826128861119e-01,9.859201639206368606e-01,9.859189611870138314e-01,9.858777930971532877e-01,1.000000000000002887e+00,9.858831647082914040e-01,9.859187674691691772e-01,9.859189398155769890e-01,9.858792014432301576e-01,9.859190697099325940e-01,9.859589379493436390e-01,9.859600343000940459e-01,9.859601343136428220e-01,9.859601531530869378e-01,9.859601583035864092e-01,9.859601599701264263e-01,9.859601603244927404e-01,9.859601597696302511e-01,9.859601578027736846e-01,9.859601520559045928e-01,9.859601317590142022e-01,9.859600273439882434e-01,9.859589137246700385e-01,9.859189420477920685e-01,9.858831647082914040e-01,1.000000000000002887e+00,9.859242286829839053e-01,9.859576252676576225e-01,9.859189398127561343e-01,9.859200453384097118e-01,9.859599278985420323e-01,9.859610275965390302e-01,9.859611286624246906e-01,9.859611479078566054e-01,9.859611532472992712e-01,9.859611550243412292e-01,9.859611554691305457e-01,9.859611550248489342e-01,9.859611532471497242e-01,9.859611479068166595e-01,9.859611286636897898e-01,9.859610275949980407e-01,9.859599278977076997e-01,9.859200453390327690e-01,9.859187674691691772e-01,9.859242286829839053e-01,1.000000000000002887e+00,9.859242286847903491e-01,9.859187674679914526e-01,9.859189420487773914e-01,9.859589137272011250e-01,9.859600273472292065e-01,9.859601317594229863e-01,9.859601520585650203e-01,9.859601578046351955e-01,9.859601597707394749e-01,9.859601603261798353e-01,9.859601599723221144e-01,9.859601583051258444e-01,9.859601531537449670e-01,9.859601343166035647e-01,9.859600343002425937e-01,9.859589379501231265e-01,9.859190697123367819e-01,9.859189398155769890e-01,9.859576252676576225e-01,9.859242286847903491e-01,1.000000000000002887e+00,9.858831647088528438e-01,9.858777930953317448e-01,9.859189611867461567e-01,9.859201639209662638e-01,9.859202826105313289e-01,9.859203063461086103e-01,9.859203131741663961e-01,9.859203155579094879e-01,9.859203163071957876e-01,9.859203160662258769e-01,9.859203144903601057e-01,9.859203094495316844e-01,9.859202908008509736e-01,9.859201911917341299e-01,9.859190959334821480e-01,9.858792327288165014e-01,9.858792014432301576e-01,9.859189398127561343e-01,9.859187674679914526e-01,9.858831647088528438e-01,1.000000000000002887e+00
