9.999999999999975575e-01,9.999999999999975575e-01,9.999999999999975575e-01,9.999999999999975575e-01,9.999999999999975575e-01,9.999999999999975575e-01,9.999999999999975575e-01,9.999999999999975575e-01,9.999999999999975575e-01,9.999999999999975575e-01,9.999999999999975575e-01,9.999999999999975575e-01,9.999999999999975575e-01,9.999999999999975575e-01,9.999999999999975575e-01,9.999999999999975575e-01,9.999999999999975575e-01,9.999999999999975575e-01,9.999999999999975575e-01,9.999999999999975575e-01,9.999999999999975575e-01,9.999999999999975575e-01,9.999999999999975575e-01,9.999999999999975575e-01,9.999999999999975575e-01,9.999999999999975575e-01,9.999999999999975575e-01,9.999999999999975575e-01,9.999999999999975575e-01,9.999999999999975575e-01,9.999999999999975575e-01,9.999999999999975575e-01,9.999999999999975575e-01,9.999999999999975575e-01,9.999999999999975575e-01,9.999999999999975575e-01,9.999999999999975575e-01,9.999999999999975575e-01,9.999999999999975575e-01,9.999999999999975575e-01,9.999999999999975575e-01,9.999999999999975575e-01,9.999999999999975575e-01,9.999999999999975575e-01,9.999999999999975575e-01,9.999999999999975575e-01,9.999999999999975575e-01,9.999999999999975575e-01,9.999999999999975575e-01,9.999999999999975575e-01,9.999999999999975575e-01,9.999999999999975575e-01,9.999999999999975575e-01,9.999999999999975575e-01,9.999999999999975575e-01,9.999999999999975575e-01,9.999999999999975575e-01,9.999999999999975575e-01,9.999999999999975575e-01,9.999999999999975575e-01,9.999999999999975575e-01,9.999999999999975575e-01,9.999999999999975575e-01,9.999999999999975575e-01,9.999999999999975575e-01,9.999999999999975575e-01,9.999999999999975575e-01,9.999999999999975575e-01,9.999999999999975575e-01,9.999999999999975575e-01,9.999999999999975575e-01,9.999999999999975575e-01,9.999999999999975575e-01,9.999999999999975575e-01,9.999999999999975575e-01,9.999999999999975575e-01,9.999999999999975575e-01,9.999999999999975575e-01,9.999999999999975575e-01,9.999999999999975575e-01,9.999999999999975575e-01,9.999999999999975575e-01,9.999999999999975575e-01,9.999999999999975575e-01,9.999999999999975575e-01,9.999999999999975575e-01,9.999999999999975575e-01,9.999999999999975575e-01,9.999999999999975575e-01,9.999999999999975575e-01,9.999999999999975575e-01,9.999999999999975575e-01,9.999999999999975575e-01,9.999999999999975575e-01,9.999999999999975575e-01,9.999999999999975575e-01,9.999999999999975575e-01,9.999999999999975575e-01,9.999999999999975575e-01,9.999999999999975575e-01,9.999999999999975575e-01,9.999999999999975575e-01,9.999999999999975575e-01,9.999999999999975575e-01,9.999999999999975575e-01,9.999999999999975575e-01,9.999999999999975575e-01,9.999999999999975575e-01,9.999999999999975575e-01,9.999999999999975575e-01,9.999999999999975575e-01,9.999999999999975575e-01,9.999999999999975575e-01,9.999999999999975575e-01,9.999999999999975575e-01,9.999999999999975575e-01,9.999999999999975575e-01,9.999999999999975575e-01,9.999999999999975575e-01,9.999999999999975575e-01,9.999999999999975575e-01,9.999999999999975575e-01,9.999999999999975575e-01,9.999999999999975575e-01,9.999999999999975575e-01,9.999999999999975575e-01,9.999999999999975575e-01,9.999999999999975575e-01,9.999999999999975575e-01,9.999999999999975575e-01,9.999999999999975575e-01,9.999999999999975575e-01,9.999999999999975575e-01,9.999999999999975575e-01,9.999999999999975575e-01,9.999999999999975575e-01,9.999999999999975575e-01,9.999999999999975575e-01,9.999999999999975575e-01,9.999999999999975575e-01,9.999999999999975575e-01,9.999999999999975575e-01,9.999999999999975575e-01,9.999999999999975575e-01,9.999999999999975575e-01,9.999999999999975575e-01,9.999999999999975575e-01,9.999999999999975575e-01,9.999999999999975575e-01,9.999999999999975575e-01,9.999999999999975575e-01,9.999999999999975575e-01,9.999999999999975575e-01,9.999999999999975575e-01,9.999999999999975575e-01,9.999999999999975575e-01,9.999999999999975575e-01,9.999999999999975575e-01,9.999999999999975575e-01,9.999999999999975575e-01,9.999999999999975575e-01,9.999999999999975575e-01,9.999999999999975575e-01,9.999999999999975575e-01,9.999999999999975575e-01,9.999999999999975575e-01,9.999999999999975575e-01,9.999999999999975575e-01,9.999999999999975575e-01,9.999999999999975575e-01,9.999999999999975575e-01,9.999999999999975575e-01,9.999999999999975575e-01,9.999999999999975575e-01,9.999999999999975575e-01,9.999999999999975575e-01,9.999999999999975575e-01,9.999999999999975575e-01,9.999999999999975575e-01,9.999999999999975575e-01,9.999999999999975575e-01,9.999999999999975575e-01,9.999999999999975575e-01,9.999999999999975575e-01,9.999999999999975575e-01,9.999999999999975575e-01,9.999999999999975575e-01,9.999999999999975575e-01,9.999999999999975575e-01,9.999999999999975575e-01,9.999999999999975575e-01,9.999999999999975575e-01,9.999999999999975575e-01,9.999999999999975575e-01,9.999999999999975575e-01,9.999999999999975575e-01,9.999999999999975575e-01,9.999999999999975575e-01,9.999999999999975575e-01,9.999999999999975575e-01,9.999999999999975575e-01,9.999999999999975575e-01,9.999999999999975575e-01,9.999999999999975575e-01,9.999999999999975575e-01,9.999999999999975575e-01,9.999999999999975575e-01,9.999999999999975575e-01,9.999999999999975575e-01,9.999999999999975575e-01,9.999999999999975575e-01,9.999999999999975575e-01,9.999999999999975575e-01,9.999999999999975575e-01,9.999999999999975575e-01,9.999999999999975575e-01,9.999999999999975575e-01,9.999999999999975575e-01,9.999999999999975575e-01,9.999999999999975575e-01,9.999999999999975575e-01,9.999999999999975575e-01,9.999999999999975575e-01,9.999999999999975575e-01,9.999999999999975575e-01,9.999999999999975575e-01,9.999999999999975575e-01,9.999999999999975575e-01,9.999999999999975575e-01,9.999999999999975575e-01,9.999999999999975575e-01,9.999999999999975575e-01,9.999999999999975575e-01,9.999999999999975575e-01,9.999999999999975575e-01,9.999999999999975575e-01,9.999999999999975575e-01,9.999999999999975575e-01,9.999999999999975575e-01,9.999999999999975575e-01,9.999999999999975575e-01,9.999999999999975575e-01,9.999999999999975575e-01,9.999999999999975575e-01,9.999999999999975575e-01,9.999999999999975575e-01,9.999999999999975575e-01,9.999999999999975575e-01,9.999999999999975575e-01,9.999999999999975575e-01,9.999999999999975575e-01,9.999999999999975575e-01,9.999999999999975575e-01,9.999999999999975575e-01,9.999999999999975575e-01,9.999999999999975575e-01,9.999999999999975575e-01,9.999999999999975575e-01,9.999999999999975575e-01,9.999999999999975575e-01,9.999999999999975575e-01,9.999999999999975575e-01,9.999999999999975575e-01,9.999999999999975575e-01,9.999999999999975575e-01,9.999999999999975575e-01,9.999999999999975575e-01,9.999999999999975575e-01,9.999999999999975575e-01,9.999999999999975575e-01,9.999999999999975575e-01,9.999999999999975575e-01,9.999999999999975575e-01,9.999999999999975575e-01,9.999999999999975575e-01,9.999999999999975575e-01,9.999999999999975575e-01,9.999999999999975575e-01,9.999999999999975575e-01,9.999999999999975575e-01,9.999999999999975575e-01,9.999999999999975575e-01,9.999999999999975575e-01,9.999999999999975575e-01,9.999999999999975575e-01,9.999999999999975575e-01,9.999999999999975575e-01,9.999999999999975575e-01,9.999999999999975575e-01,9.999999999999975575e-01,9.999999999999975575e-01,9.999999999999975575e-01,9.999999999999975575e-01,9.999999999999975575e-01,9.999999999999975575e-01,9.999999999999975575e-01,9.999999999999975575e-01,9.999999999999975575e-01,9.999999999999975575e-01,9.999999999999975575e-01,9.999999999999975575e-01,9.999999999999975575e-01,9.999999999999975575e-01,9.999999999999975575e-01,9.999999999999975575e-01,9.999999999999975575e-01,9.999999999999975575e-01,9.999999999999975575e-01,9.999999999999975575e-01,9.999999999999975575e-01,9.999999999999975575e-01,9.999999999999975575e-01,9.999999999999975575e-01,9.999999999999975575e-01,9.999999999999975575e-01,9.999999999999975575e-01,9.999999999999975575e-01,9.999999999999975575e-01,9.999999999999975575e-01,9.999999999999975575e-01,9.999999999999975575e-01,9.999999999999975575e-01,9.999999999999975575e-01,9.999999999999975575e-01,9.999999999999975575e-01,9.999999999999975575e-01,9.999999999999975575e-01,9.999999999999975575e-01,9.999999999999975575e-01,9.999999999999975575e-01,9.999999999999975575e-01,9.999999999999975575e-01,9.999999999999975575e-01,9.999999999999975575e-01,9.999999999999975575e-01,9.999999999999975575e-01,9.999999999999975575e-01,9.999999999999975575e-01,9.999999999999975575e-01,9.999999999999975575e-01,9.999999999999975575e-01,9.999999999999975575e-01,9.999999999999975575e-01,9.999999999999975575e-01,9.999999999999975575e-01,9.999999999999975575e-01,9.999999999999975575e-01,9.999999999999975575e-01,9.999999999999975575e-01,9.999999999999975575e-01,9.999999999999975575e-01,9.999999999999975575e-01,9.999999999999975575e-01,9.999999999999975575e-01,9.999999999999975575e-01,9.999999999999975575e-01,9.999999999999975575e-01,9.999999999999975575e-01,9.999999999999975575e-01,9.999999999999975575e-01,9.999999999999975575e-01,9.999999999999975575e-01,9.999999999999975575e-01,9.999999999999975575e-01,9.999999999999975575e-01,9.999999999999975575e-01,9.999999999999975575e-01,9.999999999999975575e-01,9.999999999999975575e-01,9.999999999999975575e-01,9.999999999999975575e-01,9.999999999999975575e-01,9.999999999999975575e-01,9.999999999999975575e-01,9.999999999999975575e-01,9.999999999999975575e-01,9.999999999999975575e-01,9.999999999999975575e-01,9.999999999999975575e-01,9.999999999999975575e-01,9.999999999999975575e-01,9.999999999999975575e-01,9.999999999999975575e-01,9.999999999999975575e-01,9.999999999999975575e-01,9.999999999999975575e-01,9.999999999999975575e-01,9.999999999999975575e-01,9.999999999999975575e-01,9.999999999999975575e-01,9.999999999999975575e-01,9.999999999999975575e-01,9.999999999999975575e-01,9.999999999999975575e-01,9.999999999999975575e-01,9.999999999999975575e-01,9.999999999999975575e-01,9.999999999999975575e-01,9.999999999999975575e-01,9.999999999999975575e-01
9.999999999999997780e-01,9.952286888629934269e-01,9.952327806219243289e-01,9.952329368241138452e-01,9.952329495077658628e-01,9.952329399082758821e-01,9.952327988822420313e-01,9.952282239540393149e-01,9.952282241426986253e-01,9.952327993954201979e-01,9.952329412447896706e-01,9.952329537016857408e-01,9.952329558925486763e-01,9.952329563696877823e-01,9.952329562809032470e-01,9.952329555487512414e-01,9.952329527252091745e-01,9.952329379726743142e-01,9.952327832660916584e-01,9.952280583149316628e-01,9.952286888629934269e-01,9.999999999999997780e-01,9.952334144495649237e-01,9.952373680476424012e-01,9.952375120279272069e-01,9.952375128046357933e-01,9.952373734355085544e-01,9.952327988820522942e-01,9.952327992431456716e-01,9.952373745392948390e-01,9.952375164022917442e-01,9.952375288699123468e-01,9.952375310738851288e-01,9.952375315734510730e-01,9.952375315330326266e-01,9.952375309265861780e-01,9.952375285041670239e-01,9.952375154313803929e-01,9.952373713102312669e-01,9.952327831729850249e-01,9.952327806219243289e-01,9.952334144495649237e-01,9.999999999999997780e-01,9.952335682512515325e-01,9.952375096980103919e-01,9.952376417925610230e-01,9.952375128046115904e-01,9.952329399080618311e-01,9.952329407917563930e-01,9.952375161369175771e-01,9.952376580221987679e-01,9.952376705028112003e-01,9.952376727173987137e-01,9.952376732299693662e-01,9.952376732118003444e-01,9.952376726532803364e-01,9.952376703554474124e-01,9.952376576802079988e-01,9.952375152249097745e-01,9.952329376730800758e-01,9.952329368241138452e-01,9.952373680476424012e-01,9.952335682512515325e-01,9.999999999999997780e-01,9.952335801483080946e-01,9.952375096978157698e-01,9.952375120276975018e-01,9.952329495073564125e-01,9.952329524520148185e-01,9.952375279229428440e-01,9.952376698561384849e-01,9.952376823589987875e-01,9.952376845865879007e-01,9.952376851097739507e-01,9.952376851046018658e-01,9.952376845683292839e-01,9.952376823183884946e-01,9.952376697676696971e-01,9.952375277099139161e-01,9.952329518378650874e-01,9.952329495077658628e-01,9.952375120279272069e-01,9.952375096980103919e-01,9.952335801483080946e-01,9.999999999999997780e-01,9.952335682514831250e-01,9.952373680478356910e-01,9.952329368241260577e-01,9.952329518380711448e-01,9.952375277101144224e-01,9.952376697679085060e-01,9.952376823186639410e-01,9.952376845684857143e-01,9.952376851046799144e-01,9.952376851101266686e-01,9.952376845868295963e-01,9.952376823591492228e-01,9.952376698563258905e-01,9.952375279231511218e-01,9.952329524522285364e-01,9.952329399082758821e-01,9.952375128046357933e-01,9.952376417925610230e-01,9.952375096978157698e-01,9.952335682514831250e-01,9.999999999999997780e-01,9.952334144495589285e-01,9.952327806217383666e-01,9.952329376730910671e-01,9.952375152249164358e-01,9.952376576802396402e-01,9.952376703555163573e-01,9.952376726532554674e-01,9.952376732116728908e-01,9.952376732301111417e-01,9.952376727174597759e-01,9.952376705027485837e-01,9.952376580221781177e-01,9.952375161369412249e-01,9.952329407917628323e-01,9.952327988822420313e-01,9.952373734355085544e-01,9.952375128046115904e-01,9.952375120276975018e-01,9.952373680478356910e-01,9.952334144495589285e-01,9.999999999999997780e-01,9.952286888627890349e-01,9.952327831729695928e-01,9.952373713102008468e-01,9.952375154313999328e-01,9.952375285042163178e-01,9.952375309265180103e-01,9.952375315328805261e-01,9.952375315735736416e-01,9.952375310739091097e-01,9.952375288698337430e-01,9.952375164022512211e-01,9.952373745392762983e-01,9.952327992431310166e-01,9.952282239540393149e-01,9.952327988820522942e-01,9.952329399080618311e-01,9.952329495073564125e-01,9.952329368241260577e-01,9.952327806217383666e-01,9.952286888627890349e-01,9.999999999999997780e-01,9.952280583147288251e-01,9.952327832658910411e-01,9.952329379724899061e-01,9.952329527250692864e-01,9.952329555485135426e-01,9.952329562805635188e-01,9.952329563696202808e-01,9.952329558923961317e-01,9.952329537014200644e-01,9.952329412445508616e-01,9.952327993952320151e-01,9.952282241424988962e-01,9.952282241426986253e-01,9.952327992431456716e-01,9.952329407917563930e-01,9.952329524520148185e-01,9.952329518380711448e-01,9.952329376730910671e-01,9.952327831729695928e-01,9.952280583147288251e-01,9.999999999999997780e-01,9.952286890740555947e-01,9.952327810391562446e-01,9.952329378291244755e-01,9.952329527218413130e-01,9.952329555148601292e-01,9.952329561265567115e-01,9.952329558221006955e-01,9.952329537014330541e-01,9.952329412798762709e-01,9.952327994542229384e-01,9.952282242252979971e-01,9.952327993954201979e-01,9.952373745392948390e-01,9.952375161369175771e-01,9.952375279229428440e-01,9.952375277101144224e-01,9.952375152249164358e-01,9.952373713102008468e-01,9.952327832658910411e-01,9.952286890740555947e-01,9.999999999999997780e-01,9.952334149608011993e-01,9.952373691458388238e-01,9.952375153351409320e-01,9.952375285044138264e-01,9.952375307737009180e-01,9.952375308656064012e-01,9.952375288691337474e-01,9.952375164953242148e-01,9.952373746911973296e-01,9.952327994542243816e-01,9.952329412447896706e-01,9.952375164022917442e-01,9.952376580221987679e-01,9.952376698561384849e-01,9.952376697679085060e-01,9.952376576802396402e-01,9.952375154313999328e-01,9.952329379724899061e-01,9.952327810391562446e-01,9.952334149608011993e-01,9.999999999999997780e-01,9.952335695583084396e-01,9.952375132119951617e-01,9.952376576989584445e-01,9.952376703495204868e-01,9.952376721005159466e-01,9.952376705009652325e-01,9.952376582515853887e-01,9.952375164953525255e-01,9.952329412799052477e-01,9.952329537016857408e-01,9.952375288699123468e-01,9.952376705028112003e-01,9.952376823589987875e-01,9.952376823186639410e-01,9.952376703555163573e-01,9.952375285042163178e-01,9.952329527250692864e-01,9.952329378291244755e-01,9.952373691458388238e-01,9.952335695583084396e-01,9.999999999999997780e-01,9.952335842575047442e-01,9.952375261932643324e-01,9.952376701615064380e-01,9.952376822938777678e-01,9.952376823534359040e-01,9.952376705010022029e-01,9.952375288692042465e-01,9.952329537014887872e-01,9.952329558925486763e-01,9.952375310738851288e-01,9.952376727173987137e-01,9.952376845865879007e-01,9.952376845684857143e-01,9.952376726532554674e-01,9.952375309265180103e-01,9.952329555485135426e-01,9.952329527218413130e-01,9.952375153351409320e-01,9.952375132119951617e-01,9.952335842575047442e-01,9.999999999999997780e-01,9.952335869897890319e-01,9.952375284028690539e-01,9.952376718528250787e-01,9.952376822937679668e-01,9.952376721004381199e-01,9.952375308655747599e-01,9.952329558220585071e-01,9.952329563696877823e-01,9.952375315734510730e-01,9.952376732299693662e-01,9.952376851097739507e-01,9.952376851046799144e-01,9.952376732116728908e-01,9.952375315328805261e-01,9.952329562805635188e-01,9.952329555148601292e-01,9.952375285044138264e-01,9.952376576989584445e-01,9.952375261932643324e-01,9.952335869897890319e-01,9.999999999999997780e-01,9.952335875088083039e-01,9.952375284027725755e-01,9.952376701612997145e-01,9.952376703493641674e-01,9.952375307735541465e-01,9.952329561264250390e-01,9.952329562809032470e-01,9.952375315330326266e-01,9.952376732118003444e-01,9.952376851046018658e-01,9.952376851101266686e-01,9.952376732301111417e-01,9.952375315735736416e-01,9.952329563696202808e-01,9.952329561265567115e-01,9.952375307737009180e-01,9.952376703495204868e-01,9.952376701615064380e-01,9.952375284028690539e-01,9.952335875088083039e-01,9.999999999999997780e-01,9.952335869899817666e-01,9.952375261933394945e-01,9.952376576990680235e-01,9.952375285045635955e-01,9.952329555149910245e-01,9.952329555487512414e-01,9.952375309265861780e-01,9.952376726532803364e-01,9.952376845683292839e-01,9.952376845868295963e-01,9.952376727174597759e-01,9.952375310739091097e-01,9.952329558923961317e-01,9.952329558221006955e-01,9.952375308656064012e-01,9.952376721005159466e-01,9.952376822938777678e-01,9.952376718528250787e-01,9.952375284027725755e-01,9.952335869899817666e-01,9.999999999999997780e-01,9.952335842574965286e-01,9.952375132120104828e-01,9.952375153351843418e-01,9.952329527218877203e-01,9.952329527252091745e-01,9.952375285041670239e-01,9.952376703554474124e-01,9.952376823183884946e-01,9.952376823591492228e-01,9.952376705027485837e-01,9.952375288698337430e-01,9.952329537014200644e-01,9.952329537014330541e-01,9.952375288691337474e-01,9.952376705009652325e-01,9.952376823534359040e-01,9.952376822937679668e-01,9.952376701612997145e-01,9.952375261933394945e-01,9.952335842574965286e-01,9.999999999999997780e-01,9.952335695582131825e-01,9.952373691457807592e-01,9.952329378290597495e-01,9.952329379726743142e-01,9.952375154313803929e-01,9.952376576802079988e-01,9.952376697676696971e-01,9.952376698563258905e-01,9.952376580221781177e-01,9.952375164022512211e-01,9.952329412445508616e-01,9.952329412798762709e-01,9.952375164953242148e-01,9.952376582515853887e-01,9.952376705010022029e-01,9.952376721004381199e-01,9.952376703493641674e-01,9.952376576990680235e-01,9.952375132120104828e-01,9.952335695582131825e-01,9.999999999999997780e-01,9.952334149608015323e-01,9.952327810391259355e-01,9.952327832660916584e-01,9.952373713102312669e-01,9.952375152249097745e-01,9.952375277099139161e-01,9.952375279231511218e-01,9.952375161369412249e-01,9.952373745392762983e-01,9.952327993952320151e-01,9.952327994542229384e-01,9.952373746911973296e-01,9.952375164953525255e-01,9.952375288692042465e-01,9.952375308655747599e-01,9.952375307735541465e-01,9.952375285045635955e-01,9.952375153351843418e-01,9.952373691457807592e-01,9.952334149608015323e-01,9.999999999999997780e-01,9.952286890740947856e-01,9.952280583149316628e-01,9.952327831729850249e-01,9.952329376730800758e-01,9.952329518378650874e-01,9.952329524522285364e-01,9.952329407917628323e-01,9.952327992431310166e-01,9.952282241424988962e-01,9.952282242252979971e-01,9.952327994542243816e-01,9.952329412799052477e-01,9.952329537014887872e-01,9.952329558220585071e-01,9.952329561264250390e-01,9.952329555149910245e-01,9.952329527218877203e-01,9.952329378290597495e-01,9.952327810391259355e-01,9.952286890740947856e-01,9.999999999999997780e-01
9.999999999999973355e-01,9.905236337361638110e-01,9.905397473909692829e-01,9.905403394544817219e-01,9.905403878633919357e-01,9.905403521070439421e-01,9.905398293446567859e-01,9.905218258594941094e-01,9.905218265943294131e-01,9.905398313379140118e-01,9.905403572897336639e-01,9.905404040619428807e-01,9.905404124182474179e-01,9.905404142476889051e-01,9.905404139007981668e-01,9.905404110764701731e-01,9.905404002562262500e-01,9.905403445711689070e-01,9.905397688935301259e-01,9.905211745052463490e-01,9.905236337361638110e-01,9.999999999999973355e-01,9.905422320731838148e-01,9.905577995014622772e-01,9.905583444134895554e-01,9.905583480439819066e-01,9.905578316321546062e-01,9.905398293440645929e-01,9.905398307473897157e-01,9.905578359058160309e-01,9.905583619176269172e-01,9.905584087323084930e-01,9.905584171400478866e-01,9.905584190574054926e-01,9.905584188999920769e-01,9.905584165673689823e-01,9.905584073122722932e-01,9.905583581553195627e-01,9.905578234301330998e-01,9.905397685338321878e-01,9.905397473909692829e-01,9.905422320731838148e-01,9.999999999999973355e-01,9.905428038840201621e-01,9.905583247309472927e-01,9.905588250304708797e-01,9.905583480444097866e-01,9.905403521068917305e-01,9.905403555348651912e-01,9.905583608922547967e-01,9.905588869909016658e-01,9.905589338560839563e-01,9.905589423051236464e-01,9.905589442730748928e-01,9.905589442021410784e-01,9.905589420555780400e-01,9.905589332835008642e-01,9.905588856640680229e-01,9.905583573588160329e-01,9.905403434148950526e-01,9.905403394544817219e-01,9.905577995014622772e-01,9.905428038840201621e-01,9.999999999999973355e-01,9.905428485857690202e-01,9.905583247303523242e-01,9.905583444132682880e-01,9.905403878626188874e-01,9.905403992333893237e-01,9.905584050833544651e-01,9.905589313680381869e-01,9.905589783196817599e-01,9.905589868192601344e-01,9.905589888284732636e-01,9.905589888080595928e-01,9.905589867479464017e-01,9.905589781617200051e-01,9.905589310248519297e-01,9.905584042571011771e-01,9.905403968414505655e-01,9.905403878633919357e-01,9.905583444134895554e-01,9.905583247309472927e-01,9.905428485857690202e-01,9.999999999999973355e-01,9.905428038843724359e-01,9.905577995021835891e-01,9.905403394546564710e-01,9.905403968421154781e-01,9.905584042572991299e-01,9.905589310250597634e-01,9.905589781625807611e-01,9.905589867485288247e-01,9.905589888083189409e-01,9.905589888292047895e-01,9.905589868195228131e-01,9.905589783197940035e-01,9.905589313688016873e-01,9.905584050840527954e-01,9.905403992336828667e-01,9.905403521070439421e-01,9.905583480439819066e-01,9.905588250304708797e-01,9.905583247303523242e-01,9.905428038843724359e-01,9.999999999999973355e-01,9.905422320732946151e-01,9.905397473905397376e-01,9.905403434149359088e-01,9.905583573584031409e-01,9.905588856635927364e-01,9.905589332836698402e-01,9.905589420555921398e-01,9.905589442017314061e-01,9.905589442731193017e-01,9.905589423048326569e-01,9.905589338555141898e-01,9.905588869909814909e-01,9.905583608923788086e-01,9.905403555344712840e-01,9.905398293446567859e-01,9.905578316321546062e-01,9.905583480444097866e-01,9.905583444132682880e-01,9.905577995021835891e-01,9.905422320732946151e-01,9.999999999999973355e-01,9.905236337361720267e-01,9.905397685343151348e-01,9.905578234301199991e-01,9.905583581553399908e-01,9.905584073129071188e-01,9.905584165677520092e-01,9.905584189000493645e-01,9.905584190579268533e-01,9.905584171401312643e-01,9.905584087322034659e-01,9.905583619181790311e-01,9.905578359062899851e-01,9.905398307474583275e-01,9.905218258594941094e-01,9.905398293440645929e-01,9.905403521068917305e-01,9.905403878626188874e-01,9.905403394546564710e-01,9.905397473905397376e-01,9.905236337361720267e-01,9.999999999999973355e-01,9.905211745051324401e-01,9.905397688930105415e-01,9.905403445705455168e-01,9.905404002562729904e-01,9.905404110763483816e-01,9.905404139002517150e-01,9.905404142475979778e-01,9.905404124178078806e-01,9.905404040612502126e-01,9.905403572896569475e-01,9.905398313378726005e-01,9.905218265938178224e-01,9.905218265943294131e-01,9.905398307473897157e-01,9.905403555348651912e-01,9.905403992333893237e-01,9.905403968421154781e-01,9.905403434149359088e-01,9.905397685343151348e-01,9.905211745051324401e-01,9.999999999999973355e-01,9.905236345549331967e-01,9.905397490035395824e-01,9.905403433260586699e-01,9.905404001627393651e-01,9.905404109294876358e-01,9.905404133016805224e-01,9.905404121430592124e-01,9.905404040600773730e-01,9.905403574260049915e-01,9.905398315664648567e-01,9.905218269156825794e-01,9.905398313379140118e-01,9.905578359058160309e-01,9.905583608922547967e-01,9.905584050833544651e-01,9.905584042572991299e-01,9.905583573584031409e-01,9.905578234301199991e-01,9.905397688930105415e-01,9.905236345549331967e-01,9.999999999999973355e-01,9.905422340520404489e-01,9.905578037329273444e-01,9.905583570724739717e-01,9.905584072268847073e-01,9.905584159594389426e-01,9.905584163295442224e-01,9.905584087266123827e-01,9.905583622767609731e-01,9.905578364936349356e-01,9.905398315660325359e-01,9.905403572897336639e-01,9.905583619176269172e-01,9.905588869909016658e-01,9.905589313680381869e-01,9.905589310250597634e-01,9.905588856635927364e-01,9.905583581553399908e-01,9.905403445705455168e-01,9.905397490035395824e-01,9.905422340520404489e-01,9.999999999999973355e-01,9.905428089300997163e-01,9.905583381883679150e-01,9.905588850107013288e-01,9.905589331698784195e-01,9.905589399119520966e-01,9.905589338420902612e-01,9.905588878742078718e-01,9.905583622767272223e-01,9.905403574255321475e-01,9.905404040619428807e-01,9.905584087323084930e-01,9.905589338560839563e-01,9.905589783196817599e-01,9.905589781625807611e-01,9.905589332836698402e-01,9.905584073129071188e-01,9.905404002562729904e-01,9.905403433260586699e-01,9.905578037329273444e-01,9.905428089300997163e-01,9.999999999999973355e-01,9.905428643589772042e-01,9.905583869787357720e-01,9.905589318057127501e-01,9.905589779750950674e-01,9.905589782773911445e-01,9.905589338427277513e-01,9.905584087272307769e-01,9.905404040602080462e-01,9.905404124182474179e-01,9.905584171400478866e-01,9.905589423051236464e-01,9.905589868192601344e-01,9.905589867485288247e-01,9.905589420555921398e-01,9.905584165677520092e-01,9.905404110763483816e-01,9.905404001627393651e-01,9.905583570724739717e-01,9.905583381883679150e-01,9.905428643589772042e-01,9.999999999999973355e-01,9.905428748148514817e-01,9.905583954087140430e-01,9.905589382452220093e-01,9.905589779748761314e-01,9.905589399123422290e-01,9.905584163299622213e-01,9.905404121430075870e-01,9.905404142476889051e-01,9.905584190574054926e-01,9.905589442730748928e-01,9.905589888284732636e-01,9.905589888083189409e-01,9.905589442017314061e-01,9.905584189000493645e-01,9.905404139002517150e-01,9.905404109294876358e-01,9.905584072268847073e-01,9.905588850107013288e-01,9.905583869787357720e-01,9.905428748148514817e-01,9.999999999999973355e-01,9.905428768112050086e-01,9.905583954083055920e-01,9.905589318050911363e-01,9.905589331699529154e-01,9.905584159593987525e-01,9.905404133012731815e-01,9.905404139007981668e-01,9.905584188999920769e-01,9.905589442021410784e-01,9.905589888080595928e-01,9.905589888292047895e-01,9.905589442731193017e-01,9.905584190579268533e-01,9.905404142475979778e-01,9.905404133016805224e-01,9.905584159594389426e-01,9.905589331698784195e-01,9.905589318057127501e-01,9.905583954087140430e-01,9.905428768112050086e-01,9.999999999999973355e-01,9.905428748149770479e-01,9.905583869786189766e-01,9.905588850111987087e-01,9.905584072274070673e-01,9.905404109294767556e-01,9.905404110764701731e-01,9.905584165673689823e-01,9.905589420555780400e-01,9.905589867479464017e-01,9.905589868195228131e-01,9.905589423048326569e-01,9.905584171401312643e-01,9.905404124178078806e-01,9.905404121430592124e-01,9.905584163295442224e-01,9.905589399119520966e-01,9.905589779750950674e-01,9.905589382452220093e-01,9.905583954083055920e-01,9.905428748149770479e-01,9.999999999999973355e-01,9.905428643585044712e-01,9.905583381884830452e-01,9.905583570725405851e-01,9.905404001623899779e-01,9.905404002562262500e-01,9.905584073122722932e-01,9.905589332835008642e-01,9.905589781617200051e-01,9.905589783197940035e-01,9.905589338555141898e-01,9.905584087322034659e-01,9.905404040612502126e-01,9.905404040600773730e-01,9.905584087266123827e-01,9.905589338420902612e-01,9.905589782773911445e-01,9.905589779748761314e-01,9.905589318050911363e-01,9.905583869786189766e-01,9.905428643585044712e-01,9.999999999999973355e-01,9.905428089300032379e-01,9.905578037328128804e-01,9.905403433254750256e-01,9.905403445711689070e-01,9.905583581553195627e-01,9.905588856640680229e-01,9.905589310248519297e-01,9.905589313688016873e-01,9.905588869909814909e-01,9.905583619181790311e-01,9.905403572896569475e-01,9.905403574260049915e-01,9.905583622767609731e-01,9.905588878742078718e-01,9.905589338427277513e-01,9.905589399123422290e-01,9.905589331699529154e-01,9.905588850111987087e-01,9.905583381884830452e-01,9.905428089300032379e-01,9.999999999999973355e-01,9.905422340526612857e-01,9.905397490035852126e-01,9.905397688935301259e-01,9.905578234301330998e-01,9.905583573588160329e-01,9.905584042571011771e-01,9.905584050840527954e-01,9.905583608923788086e-01,9.905578359062899851e-01,9.905398313378726005e-01,9.905398315664648567e-01,9.905578364936349356e-01,9.905583622767272223e-01,9.905584087272307769e-01,9.905584163299622213e-01,9.905584159593987525e-01,9.905584072274070673e-01,9.905583570725405851e-01,9.905578037328128804e-01,9.905422340526612857e-01,9.999999999999973355e-01,9.905236345550955113e-01,9.905211745052463490e-01,9.905397685338321878e-01,9.905403434148950526e-01,9.905403968414505655e-01,9.905403992336828667e-01,9.905403555344712840e-01,9.905398307474583275e-01,9.905218265938178224e-01,9.905218269156825794e-01,9.905398315660325359e-01,9.905403574255321475e-01,9.905404040602080462e-01,9.905404121430075870e-01,9.905404133012731815e-01,9.905404109294767556e-01,9.905404001623899779e-01,9.905403433254750256e-01,9.905397490035852126e-01,9.905236345550955113e-01,9.999999999999973355e-01
9.999999999999954481e-01,9.858831977915850642e-01,9.859188977266455378e-01,9.859201591933123288e-01,9.859202632165060542e-01,9.859201882171927389e-01,9.859191010101638897e-01,9.858792429773441945e-01,9.858792445889222877e-01,9.859191053667922811e-01,9.859201995275935770e-01,9.859202984342612108e-01,9.859203163846362861e-01,9.859203203333106735e-01,9.859203195713351908e-01,9.859203134380862821e-01,9.859202900876583575e-01,9.859201717070845694e-01,9.859189693578337410e-01,9.858778019861208497e-01,9.858831977915850642e-01,9.999999999999954481e-01,9.859243773806413147e-01,9.859588625910242765e-01,9.859600216824772057e-01,9.859600308587869177e-01,9.859589573478226843e-01,9.859191010081393980e-01,9.859191040780643789e-01,9.859589666601874525e-01,9.859600609756375977e-01,9.859601599776086633e-01,9.859601780415973016e-01,9.859601821843144709e-01,9.859601818399836848e-01,9.859601767888339641e-01,9.859601568748697087e-01,9.859600527715601803e-01,9.859589395365121467e-01,9.859189685755495036e-01,9.859188977266455378e-01,9.859243773806413147e-01,9.999999999999954481e-01,9.859255705008860282e-01,9.859599552759296115e-01,9.859610200679819192e-01,9.859600308610272368e-01,9.859201882174308817e-01,9.859201957022420970e-01,9.859600587460386478e-01,9.859611532518863797e-01,9.859612523644361026e-01,9.859612705188529613e-01,9.859612747722545922e-01,9.859612746170332009e-01,9.859612699724443763e-01,9.859612511122058942e-01,9.859611503552392353e-01,9.859600510421406838e-01,9.859201691953755065e-01,9.859201591933123288e-01,9.859588625910242765e-01,9.859255705008860282e-01,9.999999999999954481e-01,9.859256650946079947e-01,9.859599552742507322e-01,9.859600216829885744e-01,9.859202632150304568e-01,9.859202879333633929e-01,9.859601520632749194e-01,9.859612469757528253e-01,9.859613462772751635e-01,9.859613645422136141e-01,9.859613688859382163e-01,9.859613688412327548e-01,9.859613643855925647e-01,9.859613459313656403e-01,9.859612462267556277e-01,9.859601502599782963e-01,9.859202826907905726e-01,9.859202632165060542e-01,9.859600216824772057e-01,9.859599552759296115e-01,9.859256650946079947e-01,9.999999999999954481e-01,9.859255705015507187e-01,9.859588625938708883e-01,9.859201591941992859e-01,9.859202826930003605e-01,9.859601502600102707e-01,9.859612462262993260e-01,9.859613459338720798e-01,9.859613643876578015e-01,9.859613688419436306e-01,9.859613688876169846e-01,9.859613645424082362e-01,9.859613462771552594e-01,9.859612469785821176e-01,9.859601520655408846e-01,9.859202879335349223e-01,9.859201882171927389e-01,9.859600308587869177e-01,9.859610200679819192e-01,9.859599552742507322e-01,9.859255705015507187e-01,9.999999999999954481e-01,9.859243773818120449e-01,9.859188977258396269e-01,9.859201691958542346e-01,9.859600510404742391e-01,9.859611503529951415e-01,9.859612511129053347e-01,9.859612699728377283e-01,9.859612746159808205e-01,9.859612747721543391e-01,9.859612705173944613e-01,9.859612523625554958e-01,9.859611532529419797e-01,9.859600587466387234e-01,9.859201957006175077e-01,9.859191010101638897e-01,9.859589573478226843e-01,9.859600308610272368e-01,9.859600216829885744e-01,9.859588625938708883e-01,9.859243773818120449e-01,9.999999999999954481e-01,9.858831977930342383e-01,9.859189685783128487e-01,9.859589395370921272e-01,9.859600527716384510e-01,9.859601568778623149e-01,9.859601767914373260e-01,9.859601818412544461e-01,9.859601821865352500e-01,9.859601780423261630e-01,9.859601599780101200e-01,9.859600609790050152e-01,9.859589666629587912e-01,9.859191040787419480e-01,9.858792429773441945e-01,9.859191010081393980e-01,9.859201882174308817e-01,9.859202632150304568e-01,9.859201591941992859e-01,9.859188977258396269e-01,9.858831977930342383e-01,9.999999999999954481e-01,9.858778019868358333e-01,9.859189693564582857e-01,9.859201717051003788e-01,9.859202900886326892e-01,9.859203134387396483e-01,9.859203195705452671e-01,9.859203203334614418e-01,9.859203163834138195e-01,9.859202984326298491e-01,9.859201995288917608e-01,9.859191053675977479e-01,9.858792445875610433e-01,9.858792445889222877e-01,9.859191040780643789e-01,9.859201957022420970e-01,9.859202879333633929e-01,9.859202826930003605e-01,9.859201691958542346e-01,9.859189685783128487e-01,9.858778019868358333e-01,9.999999999999954481e-01,9.858831995796218939e-01,9.859189012345005443e-01,9.859201675886989369e-01,9.859202897191466919e-01,9.859203130845813901e-01,9.859203182628351048e-01,9.859203157801205153e-01,9.859202984282947613e-01,9.859201998259584654e-01,9.859191058670092600e-01,9.858792452925098093e-01,9.859191053667922811e-01,9.859589666601874525e-01,9.859600587460386478e-01,9.859601520632749194e-01,9.859601502600102707e-01,9.859600510404742391e-01,9.859589395370921272e-01,9.859189693564582857e-01,9.858831995796218939e-01,9.999999999999954481e-01,9.859243816917493408e-01,9.859588717686981196e-01,9.859600489668480794e-01,9.859601565117949162e-01,9.859601754310308719e-01,9.859601762670826552e-01,9.859601599594656207e-01,9.859600617562518377e-01,9.859589679406526308e-01,9.859191058648640871e-01,9.859201995275935770e-01,9.859600609756375977e-01,9.859611532518863797e-01,9.859612469757528253e-01,9.859612462262993260e-01,9.859611503529951415e-01,9.859600527716384510e-01,9.859201717051003788e-01,9.859189012345005443e-01,9.859243816917493408e-01,9.999999999999954481e-01,9.859255814661485040e-01,9.859599842951379811e-01,9.859611474524003771e-01,9.859612506787404085e-01,9.859612652937169708e-01,9.859612523190817157e-01,9.859611551666765950e-01,9.859600617557251478e-01,9.859201998232791642e-01,9.859202984342612108e-01,9.859601599776086633e-01,9.859612523644361026e-01,9.859613462772751635e-01,9.859613459338720798e-01,9.859612511129053347e-01,9.859601568778623149e-01,9.859202900886326892e-01,9.859201675886989369e-01,9.859588717686981196e-01,9.859255814661485040e-01,9.999999999999954481e-01,9.859256991843389217e-01,9.859600875740093251e-01,9.859612464120447450e-01,9.859613453361135704e-01,9.859613461411012025e-01,9.859612523220101510e-01,9.859601599618708079e-01,9.859202984285239113e-01,9.859203163846362861e-01,9.859601780415973016e-01,9.859612705188529613e-01,9.859613645422136141e-01,9.859613643876578015e-01,9.859612699728377283e-01,9.859601767914373260e-01,9.859203134387396483e-01,9.859202897191466919e-01,9.859600489668480794e-01,9.859599842951379811e-01,9.859256991843389217e-01,9.999999999999954481e-01,9.859257217168478915e-01,9.859601056878203318e-01,9.859612602215912514e-01,9.859613453357548574e-01,9.859612652962502777e-01,9.859601762691302396e-01,9.859203157799977246e-01,9.859203203333106735e-01,9.859601821843144709e-01,9.859612747722545922e-01,9.859613688859382163e-01,9.859613688419436306e-01,9.859612746159808205e-01,9.859601818412544461e-01,9.859203195705452671e-01,9.859203130845813901e-01,9.859601565117949162e-01,9.859611474524003771e-01,9.859600875740093251e-01,9.859257217168478915e-01,9.999999999999954481e-01,9.859257260399159062e-01,9.859601056863859236e-01,9.859612464102452956e-01,9.859612506799376730e-01,9.859601754316241751e-01,9.859203182613575089e-01,9.859203195713351908e-01,9.859601818399836848e-01,9.859612746170332009e-01,9.859613688412327548e-01,9.859613688876169846e-01,9.859612747721543391e-01,9.859601821865352500e-01,9.859203203334614418e-01,9.859203182628351048e-01,9.859601754310308719e-01,9.859612506787404085e-01,9.859612464120447450e-01,9.859601056878203318e-01,9.859257260399159062e-01,9.999999999999954481e-01,9.859257217164359988e-01,9.859600875732158487e-01,9.859611474545171284e-01,9.859601565134266110e-01,9.859203130839692131e-01,9.859203134380862821e-01,9.859601767888339641e-01,9.859612699724443763e-01,9.859613643855925647e-01,9.859613645424082362e-01,9.859612705173944613e-01,9.859601780423261630e-01,9.859203163834138195e-01,9.859203157801205153e-01,9.859601762670826552e-01,9.859612652937169708e-01,9.859613453361135704e-01,9.859612602215912514e-01,9.859601056863859236e-01,9.859257217164359988e-01,9.999999999999954481e-01,9.859256991821486737e-01,9.859599842958497451e-01,9.859600489669867462e-01,9.859202897171808200e-01,9.859202900876583575e-01,9.859601568748697087e-01,9.859612511122058942e-01,9.859613459313656403e-01,9.859613462771552594e-01,9.859612523625554958e-01,9.859601599780101200e-01,9.859202984326298491e-01,9.859202984282947613e-01,9.859601599594656207e-01,9.859612523190817157e-01,9.859613461411012025e-01,9.859613453357548574e-01,9.859612464102452956e-01,9.859600875732158487e-01,9.859256991821486737e-01,9.999999999999954481e-01,9.859255814665073281e-01,9.859588717685229264e-01,9.859201675863422665e-01,9.859201717070845694e-01,9.859600527715601803e-01,9.859611503552392353e-01,9.859612462267556277e-01,9.859612469785821176e-01,9.859611532529419797e-01,9.859600609790050152e-01,9.859201995288917608e-01,9.859201998259584654e-01,9.859600617562518377e-01,9.859611551666765950e-01,9.859612523220101510e-01,9.859612652962502777e-01,9.859612506799376730e-01,9.859611474545171284e-01,9.859599842958497451e-01,9.859255814665073281e-01,9.999999999999954481e-01,9.859243816946244854e-01,9.859189012350766390e-01,9.859189693578337410e-01,9.859589395365121467e-01,9.859600510421406838e-01,9.859601502599782963e-01,9.859601520655408846e-01,9.859600587466387234e-01,9.859589666629587912e-01,9.859191053675977479e-01,9.859191058670092600e-01,9.859589679406526308e-01,9.859600617557251478e-01,9.859601599618708079e-01,9.859601762691302396e-01,9.859601754316241751e-01,9.859601565134266110e-01,9.859600489669867462e-01,9.859588717685229264e-01,9.859243816946244854e-01,9.999999999999954481e-01,9.858831995797986414e-01,9.858778019861208497e-01,9.859189685755495036e-01,9.859201691953755065e-01,9.859202826907905726e-01,9.859202879335349223e-01,9.859201957006175077e-01,9.859191040787419480e-01,9.858792445875610433e-01,9.858792452925098093e-01,9.859191058648640871e-01,9.859201998232791642e-01,9.859202984285239113e-01,9.859203157799977246e-01,9.859203182613575089e-01,9.859203130839692131e-01,9.859202897171808200e-01,9.859201675863422665e-01,9.859189012350766390e-01,9.858831995797986414e-01,9.999999999999954481e-01
