1.000000000000001776e+00,1.000000000000001776e+00,1.000000000000001776e+00,1.000000000000001776e+00,1.000000000000001776e+00,1.000000000000001776e+00,1.000000000000001776e+00,1.000000000000001776e+00,1.000000000000001776e+00,1.000000000000001776e+00,1.000000000000001776e+00,1.000000000000001776e+00,1.000000000000001776e+00,1.000000000000001776e+00,1.000000000000001776e+00,1.000000000000001776e+00,1.000000000000001776e+00,1.000000000000001776e+00,1.000000000000001776e+00,1.000000000000001776e+00,1.000000000000001776e+00,1.000000000000001776e+00,1.000000000000001776e+00,1.000000000000001776e+00,1.000000000000001776e+00,1.000000000000001776e+00,1.000000000000001776e+00,1.000000000000001776e+00,1.000000000000001776e+00,1.000000000000001776e+00,1.000000000000001776e+00,1.000000000000001776e+00,1.000000000000001776e+00,1.000000000000001776e+00,1.000000000000001776e+00,1.000000000000001776e+00,1.000000000000001776e+00,1.000000000000001776e+00,1.000000000000001776e+00,1.000000000000001776e+00,1.000000000000001776e+00,1.000000000000001776e+00,1.000000000000001776e+00,1.000000000000001776e+00,1.000000000000001776e+00,1.000000000000001776e+00,1.000000000000001776e+00,1.000000000000001776e+00,1.000000000000001776e+00,1.000000000000001776e+00,1.000000000000001776e+00,1.000000000000001776e+00,1.000000000000001776e+00,1.000000000000001776e+00,1.000000000000001776e+00,1.000000000000001776e+00,1.000000000000001776e+00,1.000000000000001776e+00,1.000000000000001776e+00,1.000000000000001776e+00,1.000000000000001776e+00,1.000000000000001776e+00,1.000000000000001776e+00,1.000000000000001776e+00,1.000000000000001776e+00,1.000000000000001776e+00,1.000000000000001776e+00,1.000000000000001776e+00,1.000000000000001776e+00,1.000000000000001776e+00,1.000000000000001776e+00,1.000000000000001776e+00,1.000000000000001776e+00,1.000000000000001776e+00,1.000000000000001776e+00,1.000000000000001776e+00,1.000000000000001776e+00,1.000000000000001776e+00,1.000000000000001776e+00,1.000000000000001776e+00,1.000000000000001776e+00,1.000000000000001776e+00,1.000000000000001776e+00,1.000000000000001776e+00,1.000000000000001776e+00,1.000000000000001776e+00,1.000000000000001776e+00,1.000000000000001776e+00,1.000000000000001776e+00,1.000000000000001776e+00,1.000000000000001776e+00,1.000000000000001776e+00,1.000000000000001776e+00,1.000000000000001776e+00,1.000000000000001776e+00,1.000000000000001776e+00,1.000000000000001776e+00,1.000000000000001776e+00,1.000000000000001776e+00,1.000000000000001776e+00,1.000000000000001776e+00,1.000000000000001776e+00,1.000000000000001776e+00,1.000000000000001776e+00,1.000000000000001776e+00,1.000000000000001776e+00,1.000000000000001776e+00,1.000000000000001776e+00,1.000000000000001776e+00,1.000000000000001776e+00,1.000000000000001776e+00,1.000000000000001776e+00,1.000000000000001776e+00,1.000000000000001776e+00,1.000000000000001776e+00,1.000000000000001776e+00,1.000000000000001776e+00,1.000000000000001776e+00,1.000000000000001776e+00,1.000000000000001776e+00,1.000000000000001776e+00,1.000000000000001776e+00,1.000000000000001776e+00,1.000000000000001776e+00,1.000000000000001776e+00,1.000000000000001776e+00,1.000000000000001776e+00,1.000000000000001776e+00,1.000000000000001776e+00,1.000000000000001776e+00,1.000000000000001776e+00,1.000000000000001776e+00,1.000000000000001776e+00,1.000000000000001776e+00,1.000000000000001776e+00,1.000000000000001776e+00,1.000000000000001776e+00,1.000000000000001776e+00,1.000000000000001776e+00,1.000000000000001776e+00,1.000000000000001776e+00,1.000000000000001776e+00,1.000000000000001776e+00,1.000000000000001776e+00,1.000000000000001776e+00,1.000000000000001776e+00,1.000000000000001776e+00,1.000000000000001776e+00,1.000000000000001776e+00,1.000000000000001776e+00,1.000000000000001776e+00,1.000000000000001776e+00,1.000000000000001776e+00,1.000000000000001776e+00,1.000000000000001776e+00,1.000000000000001776e+00,1.000000000000001776e+00,1.000000000000001776e+00,1.000000000000001776e+00,1.000000000000001776e+00,1.000000000000001776e+00,1.000000000000001776e+00,1.000000000000001776e+00,1.000000000000001776e+00,1.000000000000001776e+00,1.000000000000001776e+00,1.000000000000001776e+00,1.000000000000001776e+00,1.000000000000001776e+00,1.000000000000001776e+00,1.000000000000001776e+00,1.000000000000001776e+00,1.000000000000001776e+00,1.000000000000001776e+00,1.000000000000001776e+00,1.000000000000001776e+00,1.000000000000001776e+00,1.000000000000001776e+00,1.000000000000001776e+00,1.000000000000001776e+00,1.000000000000001776e+00,1.000000000000001776e+00,1.000000000000001776e+00,1.000000000000001776e+00,1.000000000000001776e+00,1.000000000000001776e+00,1.000000000000001776e+00,1.000000000000001776e+00,1.000000000000001776e+00,1.000000000000001776e+00,1.000000000000001776e+00,1.000000000000001776e+00,1.000000000000001776e+00,1.000000000000001776e+00,1.000000000000001776e+00,1.000000000000001776e+00,1.000000000000001776e+00,1.000000000000001776e+00,1.000000000000001776e+00,1.000000000000001776e+00,1.000000000000001776e+00,1.000000000000001776e+00,1.000000000000001776e+00,1.000000000000001776e+00,1.000000000000001776e+00,1.000000000000001776e+00,1.000000000000001776e+00,1.000000000000001776e+00,1.000000000000001776e+00,1.000000000000001776e+00,1.000000000000001776e+00,1.000000000000001776e+00,1.000000000000001776e+00,1.000000000000001776e+00,1.000000000000001776e+00,1.000000000000001776e+00,1.000000000000001776e+00,1.000000000000001776e+00,1.000000000000001776e+00,1.000000000000001776e+00,1.000000000000001776e+00,1.000000000000001776e+00,1.000000000000001776e+00,1.000000000000001776e+00,1.000000000000001776e+00,1.000000000000001776e+00,1.000000000000001776e+00,1.000000000000001776e+00,1.000000000000001776e+00,1.000000000000001776e+00,1.000000000000001776e+00,1.000000000000001776e+00,1.000000000000001776e+00,1.000000000000001776e+00,1.000000000000001776e+00,1.000000000000001776e+00,1.000000000000001776e+00,1.000000000000001776e+00,1.000000000000001776e+00,1.000000000000001776e+00,1.000000000000001776e+00,1.000000000000001776e+00,1.000000000000001776e+00,1.000000000000001776e+00,1.000000000000001776e+00,1.000000000000001776e+00,1.000000000000001776e+00,1.000000000000001776e+00,1.000000000000001776e+00,1.000000000000001776e+00,1.000000000000001776e+00,1.000000000000001776e+00,1.000000000000001776e+00,1.000000000000001776e+00,1.000000000000001776e+00,1.000000000000001776e+00,1.000000000000001776e+00,1.000000000000001776e+00,1.000000000000001776e+00,1.000000000000001776e+00,1.000000000000001776e+00,1.000000000000001776e+00,1.000000000000001776e+00,1.000000000000001776e+00,1.000000000000001776e+00,1.000000000000001776e+00,1.000000000000001776e+00,1.000000000000001776e+00,1.000000000000001776e+00,1.000000000000001776e+00,1.000000000000001776e+00,1.000000000000001776e+00,1.000000000000001776e+00,1.000000000000001776e+00,1.000000000000001776e+00,1.000000000000001776e+00,1.000000000000001776e+00,1.000000000000001776e+00,1.000000000000001776e+00,1.000000000000001776e+00,1.000000000000001776e+00,1.000000000000001776e+00,1.000000000000001776e+00,1.000000000000001776e+00,1.000000000000001776e+00,1.000000000000001776e+00,1.000000000000001776e+00,1.000000000000001776e+00,1.000000000000001776e+00,1.000000000000001776e+00,1.000000000000001776e+00,1.000000000000001776e+00,1.000000000000001776e+00,1.000000000000001776e+00,1.000000000000001776e+00,1.000000000000001776e+00,1.000000000000001776e+00,1.000000000000001776e+00,1.000000000000001776e+00,1.000000000000001776e+00,1.000000000000001776e+00,1.000000000000001776e+00,1.000000000000001776e+00,1.000000000000001776e+00,1.000000000000001776e+00,1.000000000000001776e+00,1.000000000000001776e+00,1.000000000000001776e+00,1.000000000000001776e+00,1.000000000000001776e+00,1.000000000000001776e+00,1.000000000000001776e+00,1.000000000000001776e+00,1.000000000000001776e+00,1.000000000000001776e+00,1.000000000000001776e+00,1.000000000000001776e+00,1.000000000000001776e+00,1.000000000000001776e+00,1.000000000000001776e+00,1.000000000000001776e+00,1.000000000000001776e+00,1.000000000000001776e+00,1.000000000000001776e+00,1.000000000000001776e+00,1.000000000000001776e+00,1.000000000000001776e+00,1.000000000000001776e+00,1.000000000000001776e+00,1.000000000000001776e+00,1.000000000000001776e+00,1.000000000000001776e+00,1.000000000000001776e+00,1.000000000000001776e+00,1.000000000000001776e+00,1.000000000000001776e+00,1.000000000000001776e+00,1.000000000000001776e+00,1.000000000000001776e+00,1.000000000000001776e+00,1.000000000000001776e+00,1.000000000000001776e+00,1.000000000000001776e+00,1.000000000000001776e+00,1.000000000000001776e+00,1.000000000000001776e+00,1.000000000000001776e+00,1.000000000000001776e+00,1.000000000000001776e+00,1.000000000000001776e+00,1.000000000000001776e+00,1.000000000000001776e+00,1.000000000000001776e+00,1.000000000000001776e+00,1.000000000000001776e+00,1.000000000000001776e+00,1.000000000000001776e+00,1.000000000000001776e+00,1.000000000000001776e+00,1.000000000000001776e+00,1.000000000000001776e+00,1.000000000000001776e+00,1.000000000000001776e+00,1.000000000000001776e+00,1.000000000000001776e+00,1.000000000000001776e+00,1.000000000000001776e+00,1.000000000000001776e+00,1.000000000000001776e+00,1.000000000000001776e+00,1.000000000000001776e+00,1.000000000000001776e+00,1.000000000000001776e+00,1.000000000000001776e+00,1.000000000000001776e+00,1.000000000000001776e+00,1.000000000000001776e+00,1.000000000000001776e+00,1.000000000000001776e+00,1.000000000000001776e+00,1.000000000000001776e+00,1.000000000000001776e+00,1.000000000000001776e+00,1.000000000000001776e+00,1.000000000000001776e+00,1.000000000000001776e+00,1.000000000000001776e+00,1.000000000000001776e+00,1.000000000000001776e+00,1.000000000000001776e+00,1.000000000000001776e+00,1.000000000000001776e+00,1.000000000000001776e+00,1.000000000000001776e+00,1.000000000000001776e+00,1.000000000000001776e+00,1.000000000000001776e+00,1.000000000000001776e+00,1.000000000000001776e+00,1.000000000000001776e+00
1.000000000000001554e+00,9.952286890503846406e-01,9.952327810260519492e-01,9.952329378288989892e-01,9.952329527439134349e-01,9.952329555846404219e-01,9.952329563198594187e-01,9.952329564095373504e-01,9.952329559328563224e-01,9.952329537420432359e-01,9.952329412851390611e-01,9.952327994358439733e-01,9.952282241831659215e-01,9.952282239950491771e-01,9.952327989241342987e-01,9.952329399531951726e-01,9.952329495698650774e-01,9.952329370486765470e-01,9.952327829427649597e-01,9.952280582082189131e-01,9.952286890503846406e-01,1.000000000000001554e+00,9.952334149608581537e-01,9.952373691587522719e-01,9.952375153703479915e-01,9.952375285873279465e-01,9.952375309801400061e-01,9.952375314661626726e-01,9.952375311137133806e-01,9.952375289706806294e-01,9.952375165358877673e-01,9.952373746989429115e-01,9.952327994359401186e-01,9.952327992834197889e-01,9.952373742817847146e-01,9.952375154371967403e-01,9.952375254550459571e-01,9.952375146136155371e-01,9.952373710931412543e-01,9.952327831725170659e-01,9.952327810260519492e-01,9.952334149608581537e-01,1.000000000000001554e+00,9.952335695818245176e-01,9.952375132577563344e-01,9.952376577924190171e-01,9.952376705665187950e-01,9.952376727116261090e-01,9.952376727560795500e-01,9.952376707374983589e-01,9.952376583506173935e-01,9.952375165358796627e-01,9.952329412852023438e-01,9.952329411563655137e-01,9.952375161775901535e-01,9.952376573809458282e-01,9.952376675233828296e-01,9.952376570794996269e-01,9.952375152248769119e-01,9.952329378896680456e-01,9.952329378288989892e-01,9.952373691587522719e-01,9.952335695818245176e-01,1.000000000000001554e+00,9.952335843162708473e-01,9.952375262996104865e-01,9.952376703913680123e-01,9.952376829178627426e-01,9.952376846214291417e-01,9.952376829997900964e-01,9.952376707373455922e-01,9.952375289705124306e-01,9.952329537419730698e-01,9.952329536368025309e-01,9.952375286710766211e-01,9.952376698966803881e-01,9.952376800870089690e-01,9.952376697676469375e-01,9.952375283105661108e-01,9.952329526551354499e-01,9.952329527439134349e-01,9.952375153703479915e-01,9.952375132577563344e-01,9.952335843162708473e-01,1.000000000000001554e+00,9.952335871187032446e-01,9.952375286550619871e-01,9.952376724991256474e-01,9.952376845840780195e-01,9.952376846215316153e-01,9.952376727560432457e-01,9.952375311136473224e-01,9.952329559328825237e-01,9.952329558630396145e-01,9.952375309079760646e-01,9.952376721465561182e-01,9.952376823591454480e-01,9.952376720876785487e-01,9.952375307551787342e-01,9.952329555008643247e-01,9.952329555846404219e-01,9.952375285873279465e-01,9.952376577924190171e-01,9.952375262996104865e-01,9.952335871187032446e-01,1.000000000000001554e+00,9.952335878092489763e-01,9.952375290968238364e-01,9.952376724993203805e-01,9.952376829181740492e-01,9.952376727117741018e-01,9.952375314663091110e-01,9.952329564097666115e-01,9.952329564102119219e-01,9.952375314682319063e-01,9.952376727174599980e-01,9.952376829430178429e-01,9.952376726938038098e-01,9.952375314092404279e-01,9.952329562806131458e-01,9.952329563198594187e-01,9.952375309801400061e-01,9.952376705665187950e-01,9.952376703913680123e-01,9.952375286550619871e-01,9.952335878092489763e-01,1.000000000000001554e+00,9.952335878090684540e-01,9.952375286550788624e-01,9.952376703914963540e-01,9.952376705664939260e-01,9.952375309800943759e-01,9.952329563199013851e-01,9.952329564931281514e-01,9.952375315735992878e-01,9.952376728358135471e-01,9.952376830720053302e-01,9.952376728357771318e-01,9.952375315734562911e-01,9.952329564932134165e-01,9.952329564095373504e-01,9.952375314661626726e-01,9.952376727116261090e-01,9.952376829178627426e-01,9.952376724991256474e-01,9.952375290968238364e-01,9.952335878090684540e-01,1.000000000000001554e+00,9.952335871185026273e-01,9.952375262995433181e-01,9.952376577922092959e-01,9.952375285870970201e-01,9.952329555845043085e-01,9.952329562803593488e-01,9.952375314091872482e-01,9.952376726936534856e-01,9.952376829428402072e-01,9.952376727172345117e-01,9.952375314679215990e-01,9.952329564101045634e-01,9.952329559328563224e-01,9.952375311137133806e-01,9.952376727560795500e-01,9.952376846214291417e-01,9.952376845840780195e-01,9.952376724993203805e-01,9.952375286550788624e-01,9.952335871185026273e-01,1.000000000000001554e+00,9.952335843163804263e-01,9.952375132577455652e-01,9.952375153703195698e-01,9.952329527439806034e-01,9.952329555008043727e-01,9.952375307553325001e-01,9.952376720877303962e-01,9.952376823591605470e-01,9.952376721465479026e-01,9.952375309078489440e-01,9.952329558631308748e-01,9.952329537420432359e-01,9.952375289706806294e-01,9.952376707374983589e-01,9.952376829997900964e-01,9.952376846215316153e-01,9.952376829181740492e-01,9.952376703914963540e-01,9.952375262995433181e-01,9.952335843163804263e-01,1.000000000000001554e+00,9.952335695819064521e-01,9.952373691588245475e-01,9.952329378290695194e-01,9.952329526551646488e-01,9.952375283108337856e-01,9.952376697677983719e-01,9.952376800871313156e-01,9.952376698967707602e-01,9.952375286710596347e-01,9.952329536370084773e-01,9.952329412851390611e-01,9.952375165358877673e-01,9.952376583506173935e-01,9.952376707373455922e-01,9.952376727560432457e-01,9.952376727117741018e-01,9.952376705664939260e-01,9.952376577922092959e-01,9.952375132577455652e-01,9.952335695819064521e-01,1.000000000000001554e+00,9.952334149607563463e-01,9.952327810260737095e-01,9.952329378895707901e-01,9.952375152249760548e-01,9.952376570795083977e-01,9.952376675233536307e-01,9.952376573808826565e-01,9.952375161774307255e-01,9.952329411564179162e-01,9.952327994358439733e-01,9.952373746989429115e-01,9.952375165358796627e-01,9.952375289705124306e-01,9.952375311136473224e-01,9.952375314663091110e-01,9.952375309800943759e-01,9.952375285870970201e-01,9.952375153703195698e-01,9.952373691588245475e-01,9.952334149607563463e-01,1.000000000000001554e+00,9.952286890503675432e-01,9.952327831723931650e-01,9.952373710932299611e-01,9.952375146136035466e-01,9.952375254550011041e-01,9.952375154371203569e-01,9.952373742816045255e-01,9.952327992834462123e-01,9.952282241831659215e-01,9.952327994359401186e-01,9.952329412852023438e-01,9.952329537419730698e-01,9.952329559328825237e-01,9.952329564097666115e-01,9.952329563199013851e-01,9.952329555845043085e-01,9.952329527439806034e-01,9.952329378290695194e-01,9.952327810260737095e-01,9.952286890503675432e-01,1.000000000000001554e+00,9.952280582081849403e-01,9.952327829429431505e-01,9.952329370487564830e-01,9.952329495699084871e-01,9.952329399532053866e-01,9.952327989240464801e-01,9.952282239951703025e-01,9.952282239950491771e-01,9.952327992834197889e-01,9.952329411563655137e-01,9.952329536368025309e-01,9.952329558630396145e-01,9.952329564102119219e-01,9.952329564931281514e-01,9.952329562803593488e-01,9.952329555008043727e-01,9.952329526551646488e-01,9.952329378895707901e-01,9.952327831723931650e-01,9.952280582081849403e-01,1.000000000000001554e+00,9.952286885623502499e-01,9.952327799274865994e-01,9.952329344861029492e-01,9.952329369386915259e-01,9.952327979704224115e-01,9.952282235633962415e-01,9.952327989241342987e-01,9.952373742817847146e-01,9.952375161775901535e-01,9.952375286710766211e-01,9.952375309079760646e-01,9.952375314682319063e-01,9.952375315735992878e-01,9.952375314091872482e-01,9.952375307553325001e-01,9.952375283108337856e-01,9.952375152249760548e-01,9.952373710932299611e-01,9.952327829429431505e-01,9.952286885623502499e-01,1.000000000000001554e+00,9.952334136303162548e-01,9.952373655861349588e-01,9.952374993354018429e-01,9.952373707426716010e-01,9.952327979706410144e-01,9.952329399531951726e-01,9.952375154371967403e-01,9.952376573809458282e-01,9.952376698966803881e-01,9.952376721465561182e-01,9.952376727174599980e-01,9.952376728358135471e-01,9.952376726936534856e-01,9.952376720877303962e-01,9.952376697677983719e-01,9.952376570795083977e-01,9.952375146136035466e-01,9.952329370487564830e-01,9.952327799274865994e-01,9.952334136303162548e-01,1.000000000000001554e+00,9.952335653902723012e-01,9.952374966101925624e-01,9.952374993352957055e-01,9.952329369388001057e-01,9.952329495698650774e-01,9.952375254550459571e-01,9.952376675233828296e-01,9.952376800870089690e-01,9.952376823591454480e-01,9.952376829430178429e-01,9.952376830720053302e-01,9.952376829428402072e-01,9.952376823591605470e-01,9.952376800871313156e-01,9.952376675233536307e-01,9.952375254550011041e-01,9.952329495699084871e-01,9.952329344861029492e-01,9.952373655861349588e-01,9.952335653902723012e-01,1.000000000000001554e+00,9.952335653902222301e-01,9.952373655859977353e-01,9.952329344861822191e-01,9.952329370486765470e-01,9.952375146136155371e-01,9.952376570794996269e-01,9.952376697676469375e-01,9.952376720876785487e-01,9.952376726938038098e-01,9.952376728357771318e-01,9.952376727172345117e-01,9.952376721465479026e-01,9.952376698967707602e-01,9.952376573808826565e-01,9.952375154371203569e-01,9.952329399532053866e-01,9.952329369386915259e-01,9.952374993354018429e-01,9.952374966101925624e-01,9.952335653902222301e-01,1.000000000000001554e+00,9.952334136301725920e-01,9.952327799275295650e-01,9.952327829427649597e-01,9.952373710931412543e-01,9.952375152248769119e-01,9.952375283105661108e-01,9.952375307551787342e-01,9.952375314092404279e-01,9.952375315734562911e-01,9.952375314679215990e-01,9.952375309078489440e-01,9.952375286710596347e-01,9.952375161774307255e-01,9.952373742816045255e-01,9.952327989240464801e-01,9.952327979704224115e-01,9.952373707426716010e-01,9.952374993352957055e-01,9.952373655859977353e-01,9.952334136301725920e-01,1.000000000000001554e+00,9.952286885623014001e-01,9.952280582082189131e-01,9.952327831725170659e-01,9.952329378896680456e-01,9.952329526551354499e-01,9.952329555008643247e-01,9.952329562806131458e-01,9.952329564932134165e-01,9.952329564101045634e-01,9.952329558631308748e-01,9.952329536370084773e-01,9.952329411564179162e-01,9.952327992834462123e-01,9.952282239951703025e-01,9.952282235633962415e-01,9.952327979706410144e-01,9.952329369388001057e-01,9.952329344861822191e-01,9.952327799275295650e-01,9.952286885623014001e-01,1.000000000000001554e+00
1.000000000000002220e+00,9.905236344625513167e-01,9.905397489522836940e-01,9.905403433243797906e-01,9.905404002471579483e-01,9.905404111982194504e-01,9.905404140470078778e-01,9.905404144004211764e-01,9.905404125732657494e-01,9.905404042173612256e-01,9.905403574457529725e-01,9.905398314945775828e-01,9.905218267513746788e-01,9.905218260194780244e-01,9.905398295110894313e-01,9.905403522982263453e-01,9.905403881855556758e-01,9.905403410143225340e-01,9.905397676453115974e-01,9.905211740910685458e-01,9.905236344625513167e-01,1.000000000000002220e+00,9.905422340522170854e-01,9.905578037826143767e-01,9.905583572082141686e-01,9.905584075469449079e-01,9.905584167560913533e-01,9.905584186381944933e-01,9.905584172913177721e-01,9.905584091202740415e-01,9.905583624337499504e-01,9.905578365235430116e-01,9.905398314950059069e-01,9.905398309028762283e-01,9.905578349102938107e-01,9.905583581986416863e-01,9.905583956519616873e-01,9.905583550089928080e-01,9.905578225924798197e-01,9.905397685302809174e-01,9.905397489522836940e-01,9.905422340522170854e-01,1.000000000000002220e+00,9.905428090210338654e-01,9.905583383650369278e-01,9.905588853716440489e-01,9.905589340074769655e-01,9.905589422615201922e-01,9.905589424476496374e-01,9.905589347586735149e-01,9.905588882580641519e-01,9.905583624338962778e-01,9.905403574462383620e-01,9.905403569464460434e-01,9.905583610495656277e-01,9.905588845242345730e-01,9.905589224605922949e-01,9.905588833551478567e-01,9.905583573585723389e-01,9.905403442487403787e-01,9.905403433243797906e-01,9.905578037826143767e-01,9.905428090210338654e-01,1.000000000000002220e+00,9.905428645860876458e-01,9.905583873893236690e-01,9.905589326928180283e-01,9.905589803742297361e-01,9.905589869325175378e-01,9.905589807767406496e-01,9.905589347581650328e-01,9.905584091198815777e-01,9.905404042174053014e-01,9.905404038098272190e-01,9.905584079642799633e-01,9.905589315254128557e-01,9.905589696476289063e-01,9.905589310247460144e-01,9.905584065656716231e-01,9.905403999840630691e-01,9.905404002471579483e-01,9.905583572082141686e-01,9.905583383650369278e-01,9.905428645860876458e-01,1.000000000000002220e+00,9.905428753134379871e-01,9.905583963821141813e-01,9.905589407305286365e-01,9.905589867161925799e-01,9.905589869325016616e-01,9.905589424471686888e-01,9.905584172909089880e-01,9.905404125732728549e-01,9.905404123032923724e-01,9.905584164994614138e-01,9.905589401110409531e-01,9.905589783197470410e-01,9.905589398827436831e-01,9.905584159066658234e-01,9.905404108901850746e-01,9.905404111982194504e-01,9.905584075469449079e-01,9.905588853716440489e-01,9.905583873893236690e-01,9.905428753134379871e-01,1.000000000000002220e+00,9.905428779730923727e-01,9.905583980783012610e-01,9.905589407307898719e-01,9.905589803745261657e-01,9.905589422612520734e-01,9.905584186380915757e-01,9.905404144007037281e-01,9.905404144042216918e-01,9.905584186516338541e-01,9.905589423046162745e-01,9.905589805637400325e-01,9.905589422131901856e-01,9.905584184232342215e-01,9.905404138983735507e-01,9.905404140470078778e-01,9.905584167560913533e-01,9.905589340074769655e-01,9.905589326928180283e-01,9.905583963821141813e-01,9.905428779730923727e-01,1.000000000000002220e+00,9.905428779730008904e-01,9.905583963822942595e-01,9.905589326930087646e-01,9.905589340071525584e-01,9.905584167558695308e-01,9.905404140471758545e-01,9.905404147219071254e-01,9.905584190573183401e-01,9.905589427607923714e-01,9.905589810612847046e-01,9.905589427612184750e-01,9.905584190577062520e-01,9.905404147223829669e-01,9.905404144004211764e-01,9.905584186381944933e-01,9.905589422615201922e-01,9.905589803742297361e-01,9.905589407305286365e-01,9.905583980783012610e-01,9.905428779730008904e-01,1.000000000000002220e+00,9.905428753134128961e-01,9.905583873893449853e-01,9.905588853712092856e-01,9.905584075466100646e-01,9.905404111983158177e-01,9.905404138978496364e-01,9.905584184226883249e-01,9.905589422126747090e-01,9.905589805636649814e-01,9.905589423049097064e-01,9.905584186519788004e-01,9.905404144045526493e-01,9.905404125732657494e-01,9.905584172913177721e-01,9.905589424476496374e-01,9.905589869325175378e-01,9.905589867161925799e-01,9.905589407307898719e-01,9.905583963822942595e-01,9.905428753134128961e-01,1.000000000000002220e+00,9.905428645863447734e-01,9.905583383648807194e-01,9.905583572081735344e-01,9.905404002475369785e-01,9.905404108899117377e-01,9.905584159064158012e-01,9.905589398825109804e-01,9.905589783199291176e-01,9.905589401116740023e-01,9.905584165000363983e-01,9.905404123039150965e-01,9.905404042173612256e-01,9.905584091202740415e-01,9.905589347586735149e-01,9.905589807767406496e-01,9.905589869325016616e-01,9.905589803745261657e-01,9.905589326930087646e-01,9.905583873893449853e-01,9.905428645863447734e-01,1.000000000000002220e+00,9.905428090208282521e-01,9.905578037825190085e-01,9.905403433247416123e-01,9.905403999837207873e-01,9.905584065654496895e-01,9.905589310244876655e-01,9.905589696478179773e-01,9.905589315260091565e-01,9.905584079648681595e-01,9.905404038104772546e-01,9.905403574457529725e-01,9.905583624337499504e-01,9.905588882580641519e-01,9.905589347581650328e-01,9.905589424471686888e-01,9.905589422612520734e-01,9.905589340071525584e-01,9.905588853712092856e-01,9.905583383648807194e-01,9.905428090208282521e-01,1.000000000000002220e+00,9.905422340515533941e-01,9.905397489521624577e-01,9.905403442479863152e-01,9.905583573577655399e-01,9.905588833543974570e-01,9.905589224602520115e-01,9.905588845243019636e-01,9.905583610496606628e-01,9.905403569465686120e-01,9.905398314945775828e-01,9.905578365235430116e-01,9.905583624338962778e-01,9.905584091198815777e-01,9.905584172909089880e-01,9.905584186380915757e-01,9.905584167558695308e-01,9.905584075466100646e-01,9.905583572081735344e-01,9.905578037825190085e-01,9.905422340515533941e-01,1.000000000000002220e+00,9.905236344624613887e-01,9.905397685295940224e-01,9.905578225918315605e-01,9.905583550083374433e-01,9.905583956517376443e-01,9.905583581988525177e-01,9.905578349105126357e-01,9.905398309031010484e-01,9.905218267513746788e-01,9.905398314950059069e-01,9.905403574462383620e-01,9.905404042174053014e-01,9.905404125732728549e-01,9.905404144007037281e-01,9.905404140471758545e-01,9.905404111983158177e-01,9.905404002475369785e-01,9.905403433247416123e-01,9.905397489521624577e-01,9.905236344624613887e-01,1.000000000000002220e+00,9.905211740907871043e-01,9.905397676450627964e-01,9.905403410140845022e-01,9.905403881857328674e-01,9.905403522988327492e-01,9.905398295117132657e-01,9.905218260201248404e-01,9.905218260194780244e-01,9.905398309028762283e-01,9.905403569464460434e-01,9.905404038098272190e-01,9.905404123032923724e-01,9.905404144042216918e-01,9.905404147219071254e-01,9.905404138978496364e-01,9.905404108899117377e-01,9.905403999837207873e-01,9.905403442479863152e-01,9.905397685295940224e-01,9.905211740907871043e-01,1.000000000000002220e+00,9.905236325713526746e-01,9.905397447179805637e-01,9.905403305269321335e-01,9.905403406567215852e-01,9.905398258119716415e-01,9.905218243390283561e-01,9.905398295110894313e-01,9.905578349102938107e-01,9.905583610495656277e-01,9.905584079642799633e-01,9.905584164994614138e-01,9.905584186516338541e-01,9.905584190573183401e-01,9.905584184226883249e-01,9.905584159064158012e-01,9.905584065654496895e-01,9.905583573577655399e-01,9.905578225918315605e-01,9.905397676450627964e-01,9.905236325713526746e-01,1.000000000000002220e+00,9.905422289143535064e-01,9.905577900980392370e-01,9.905582967309614073e-01,9.905578212637992097e-01,9.905398258120114985e-01,9.905403522982263453e-01,9.905583581986416863e-01,9.905588845242345730e-01,9.905589315254128557e-01,9.905589401110409531e-01,9.905589423046162745e-01,9.905589427607923714e-01,9.905589422126747090e-01,9.905589398825109804e-01,9.905589310244876655e-01,9.905588833543974570e-01,9.905583550083374433e-01,9.905403410140845022e-01,9.905397447179805637e-01,9.905422289143535064e-01,1.000000000000002220e+00,9.905427929291767963e-01,9.905582755291942876e-01,9.905582967309424225e-01,9.905403406567415692e-01,9.905403881855556758e-01,9.905583956519616873e-01,9.905589224605922949e-01,9.905589696476289063e-01,9.905589783197470410e-01,9.905589805637400325e-01,9.905589810612847046e-01,9.905589805636649814e-01,9.905589783199291176e-01,9.905589696478179773e-01,9.905589224602520115e-01,9.905583956517376443e-01,9.905403881857328674e-01,9.905403305269321335e-01,9.905577900980392370e-01,9.905427929291767963e-01,1.000000000000002220e+00,9.905427929295369527e-01,9.905577900984453565e-01,9.905403305273865477e-01,9.905403410143225340e-01,9.905583550089928080e-01,9.905588833551478567e-01,9.905589310247460144e-01,9.905589398827436831e-01,9.905589422131901856e-01,9.905589427612184750e-01,9.905589423049097064e-01,9.905589401116740023e-01,9.905589315260091565e-01,9.905588845243019636e-01,9.905583581988525177e-01,9.905403522988327492e-01,9.905403406567215852e-01,9.905582967309614073e-01,9.905582755291942876e-01,9.905427929295369527e-01,1.000000000000002220e+00,9.905422289152978621e-01,9.905397447188525328e-01,9.905397676453115974e-01,9.905578225924798197e-01,9.905583573585723389e-01,9.905584065656716231e-01,9.905584159066658234e-01,9.905584184232342215e-01,9.905584190577062520e-01,9.905584186519788004e-01,9.905584165000363983e-01,9.905584079648681595e-01,9.905583610496606628e-01,9.905578349105126357e-01,9.905398295117132657e-01,9.905398258119716415e-01,9.905578212637992097e-01,9.905582967309424225e-01,9.905577900984453565e-01,9.905422289152978621e-01,1.000000000000002220e+00,9.905236325722656110e-01,9.905211740910685458e-01,9.905397685302809174e-01,9.905403442487403787e-01,9.905403999840630691e-01,9.905404108901850746e-01,9.905404138983735507e-01,9.905404147223829669e-01,9.905404144045526493e-01,9.905404123039150965e-01,9.905404038104772546e-01,9.905403569465686120e-01,9.905398309031010484e-01,9.905218260201248404e-01,9.905218243390283561e-01,9.905398258120114985e-01,9.905403406567415692e-01,9.905403305273865477e-01,9.905397447188525328e-01,9.905236325722656110e-01,1.000000000000002220e+00
9.999999999999995559e-01,9.858831993762001700e-01,9.859189011214766207e-01,9.859201675830475686e-01,9.859202899009902321e-01,9.859203136670534606e-01,9.859203198796094858e-01,9.859203206624145288e-01,9.859203167205295992e-01,9.859202987716169098e-01,9.859201998670008571e-01,9.859191057078104947e-01,9.858792449316995388e-01,9.858792433289440549e-01,9.859191013821538840e-01,9.859201886702709805e-01,9.859202640859835443e-01,9.859201640000615496e-01,9.859189666458023638e-01,9.858778010815244519e-01,9.858831993762001700e-01,9.999999999999995559e-01,9.859243816916801739e-01,9.859588718759489945e-01,9.859600492615134826e-01,9.859601572071222675e-01,9.859601771606874010e-01,9.859601812623379757e-01,9.859601783653030305e-01,9.859601608187260613e-01,9.859600620976693985e-01,9.859589680046697557e-01,9.859191057092440147e-01,9.859191044153257089e-01,9.859589644947047704e-01,9.859600529089872500e-01,9.859601317651396357e-01,9.859600459572307463e-01,9.859589377173949565e-01,9.859189685640796785e-01,9.859189011214766207e-01,9.859243816916801739e-01,9.999999999999995559e-01,9.859255816638887726e-01,9.859599846793101197e-01,9.859611482371456459e-01,9.859612524978427217e-01,9.859612703784048637e-01,9.859612708143195015e-01,9.859612543187076250e-01,9.859611560034673428e-01,9.859600620979829255e-01,9.859201998686766277e-01,9.859201987772522324e-01,9.859600590888178973e-01,9.859611479108189025e-01,9.859612278207922076e-01,9.859611453592460606e-01,9.859600510413648600e-01,9.859201710021795462e-01,9.859201675830475686e-01,9.859588718759489945e-01,9.859255816638887726e-01,9.999999999999995559e-01,9.859256996785403793e-01,9.859600884662966802e-01,9.859612483384609938e-01,9.859613505281761281e-01,9.859613647436877848e-01,9.859613515813943074e-01,9.859612543171882848e-01,9.859601608174991538e-01,9.859202987718299616e-01,9.859202978826530073e-01,9.859601583086115006e-01,9.859612473196424087e-01,9.859613276356469225e-01,9.859612462264503163e-01,9.859601552548885595e-01,9.859202894930682026e-01,9.859202899009902321e-01,9.859600492615134826e-01,9.859599846793101197e-01,9.859256996785403793e-01,9.999999999999995559e-01,9.859257228025291031e-01,9.859601078022044440e-01,9.859612656012873844e-01,9.859613641259638017e-01,9.859613647432332595e-01,9.859612708123755009e-01,9.859601783636249284e-01,9.859203167202731377e-01,9.859203161325764686e-01,9.859601766505311504e-01,9.859612657720372431e-01,9.859613462770031589e-01,9.859612652738511951e-01,9.859601753560032211e-01,9.859203130306283258e-01,9.859203136670534606e-01,9.859601572071222675e-01,9.859611482371456459e-01,9.859600884662966802e-01,9.859257228025291031e-01,9.999999999999995559e-01,9.859257285684998040e-01,9.859601114678869793e-01,9.859612656014338228e-01,9.859613505279158918e-01,9.859612703765652242e-01,9.859601812608246307e-01,9.859203206623118332e-01,9.859203206735136504e-01,9.859601813044658325e-01,9.859612705164556568e-01,9.859613511318477963e-01,9.859612703176379167e-01,9.859601808064214490e-01,9.859203195630533711e-01,9.859203198796094858e-01,9.859601771606874010e-01,9.859612524978427217e-01,9.859612483384609938e-01,9.859601078022044440e-01,9.859257285684998040e-01,9.999999999999995559e-01,9.859257285689885242e-01,9.859601078028495946e-01,9.859612483386840376e-01,9.859612524965248870e-01,9.859601771596476771e-01,9.859203198799743051e-01,9.859203213585383541e-01,9.859601821835073387e-01,9.859612715060468435e-01,9.859613522118905182e-01,9.859612715081756962e-01,9.859601821860273230e-01,9.859203213603113802e-01,9.859203206624145288e-01,9.859601812623379757e-01,9.859612703784048637e-01,9.859613505281761281e-01,9.859612656012873844e-01,9.859601114678869793e-01,9.859257285689885242e-01,9.999999999999995559e-01,9.859257228035719356e-01,9.859600884669145193e-01,9.859611482362904411e-01,9.859601572065552766e-01,9.859203136679259849e-01,9.859203195618023718e-01,9.859601808043212401e-01,9.859612703160286484e-01,9.859613511323513935e-01,9.859612705190138326e-01,9.859601813075118404e-01,9.859203206757103377e-01,9.859203167205295992e-01,9.859601783653030305e-01,9.859612708143195015e-01,9.859613647436877848e-01,9.859613641259638017e-01,9.859612656014338228e-01,9.859601078028495946e-01,9.859257228035719356e-01,9.999999999999995559e-01,9.859256996793055450e-01,9.859599846786243349e-01,9.859600492611255707e-01,9.859202899020206301e-01,9.859203130295181028e-01,9.859601753540722102e-01,9.859612652724157877e-01,9.859613462776546378e-01,9.859612657748013653e-01,9.859601766537211542e-01,9.859203161349761046e-01,9.859202987716169098e-01,9.859601608187260613e-01,9.859612543187076250e-01,9.859613515813943074e-01,9.859613647432332595e-01,9.859613505279158918e-01,9.859612483386840376e-01,9.859600884669145193e-01,9.859256996793055450e-01,9.999999999999995559e-01,9.859255816627150448e-01,9.859588718750539327e-01,9.859201675836394285e-01,9.859202894914600446e-01,9.859601552525454338e-01,9.859612462245472830e-01,9.859613276358717426e-01,9.859612473219325768e-01,9.859601583113677403e-01,9.859202978846254295e-01,9.859201998670008571e-01,9.859600620976693985e-01,9.859611560034673428e-01,9.859612543171882848e-01,9.859612708123755009e-01,9.859612703765652242e-01,9.859612524965248870e-01,9.859611482362904411e-01,9.859599846786243349e-01,9.859255816627150448e-01,9.999999999999995559e-01,9.859243816892031553e-01,9.859189011205682363e-01,9.859201709991283202e-01,9.859600510374246785e-01,9.859611453558249083e-01,9.859612278194618273e-01,9.859611479115670818e-01,9.859600590900461370e-01,9.859201987776764486e-01,9.859191057078104947e-01,9.859589680046697557e-01,9.859600620979829255e-01,9.859601608174991538e-01,9.859601783636249284e-01,9.859601812608246307e-01,9.859601771596476771e-01,9.859601572065552766e-01,9.859600492611255707e-01,9.859588718750539327e-01,9.859243816892031553e-01,9.999999999999995559e-01,9.858831993754989531e-01,9.859189685612741449e-01,9.859589377138100463e-01,9.859600459540738271e-01,9.859601317640993567e-01,9.859600529100616129e-01,9.859589644962540866e-01,9.859191044160589001e-01,9.858792449316995388e-01,9.859191057092440147e-01,9.859201998686766277e-01,9.859202987718299616e-01,9.859203167202731377e-01,9.859203206623118332e-01,9.859203198799743051e-01,9.859203136679259849e-01,9.859202899020206301e-01,9.859201675836394285e-01,9.859189011205682363e-01,9.858831993754989531e-01,9.999999999999995559e-01,9.858778010801343417e-01,9.859189666436085631e-01,9.859201639983309340e-01,9.859202640863559131e-01,9.859201886727573250e-01,9.859191013851142937e-01,9.858792433311048820e-01,9.858792433289440549e-01,9.859191044153257089e-01,9.859201987772522324e-01,9.859202978826530073e-01,9.859203161325764686e-01,9.859203206735136504e-01,9.859203213585383541e-01,9.859203195618023718e-01,9.859203130295181028e-01,9.859202894914600446e-01,9.859201709991283202e-01,9.859189685612741449e-01,9.858778010801343417e-01,9.999999999999995559e-01,9.858831952521432962e-01,9.859188919348808033e-01,9.859201399950414668e-01,9.859201633619000260e-01,9.859190933067051299e-01,9.858792396475355435e-01,9.859191013821538840e-01,9.859589644947047704e-01,9.859600590888178973e-01,9.859601583086115006e-01,9.859601766505311504e-01,9.859601813044658325e-01,9.859601821835073387e-01,9.859601808043212401e-01,9.859601753540722102e-01,9.859601552525454338e-01,9.859600510374246785e-01,9.859589377138100463e-01,9.859189666436085631e-01,9.858831952521432962e-01,9.999999999999995559e-01,9.859243705257608736e-01,9.859588423617234865e-01,9.859599207958333889e-01,9.859589348741658599e-01,9.859190933059028827e-01,9.859201886702709805e-01,9.859600529089872500e-01,9.859611479108189025e-01,9.859612473196424087e-01,9.859612657720372431e-01,9.859612705164556568e-01,9.859612715060468435e-01,9.859612703160286484e-01,9.859612652724157877e-01,9.859612462245472830e-01,9.859611453558249083e-01,9.859600459540738271e-01,9.859201639983309340e-01,9.859188919348808033e-01,9.859243705257608736e-01,9.999999999999995559e-01,9.859255468800747213e-01,9.859598511025732259e-01,9.859599207962581602e-01,9.859201633615413130e-01,9.859202640859835443e-01,9.859601317651396357e-01,9.859612278207922076e-01,9.859613276356469225e-01,9.859613462770031589e-01,9.859613511318477963e-01,9.859613522118905182e-01,9.859613511323513935e-01,9.859613462776546378e-01,9.859613276358717426e-01,9.859612278194618273e-01,9.859601317640993567e-01,9.859202640863559131e-01,9.859201399950414668e-01,9.859588423617234865e-01,9.859255468800747213e-01,9.999999999999995559e-01,9.859255468821250812e-01,9.859588423642585697e-01,9.859201399967988388e-01,9.859201640000615496e-01,9.859600459572307463e-01,9.859611453592460606e-01,9.859612462264503163e-01,9.859612652738511951e-01,9.859612703176379167e-01,9.859612715081756962e-01,9.859612705190138326e-01,9.859612657748013653e-01,9.859612473219325768e-01,9.859611479115670818e-01,9.859600529100616129e-01,9.859201886727573250e-01,9.859201633619000260e-01,9.859599207958333889e-01,9.859598511025732259e-01,9.859255468821250812e-01,9.999999999999995559e-01,9.859243705305407168e-01,9.859188919387371630e-01,9.859189666458023638e-01,9.859589377173949565e-01,9.859600510413648600e-01,9.859601552548885595e-01,9.859601753560032211e-01,9.859601808064214490e-01,9.859601821860273230e-01,9.859601813075118404e-01,9.859601766537211542e-01,9.859601583113677403e-01,9.859600590900461370e-01,9.859589644962540866e-01,9.859191013851142937e-01,9.859190933067051299e-01,9.859589348741658599e-01,9.859599207962581602e-01,9.859588423642585697e-01,9.859243705305407168e-01,9.999999999999995559e-01,9.858831952565133561e-01,9.858778010815244519e-01,9.859189685640796785e-01,9.859201710021795462e-01,9.859202894930682026e-01,9.859203130306283258e-01,9.859203195630533711e-01,9.859203213603113802e-01,9.859203206757103377e-01,9.859203161349761046e-01,9.859202978846254295e-01,9.859201987776764486e-01,9.859191044160589001e-01,9.858792433311048820e-01,9.858792396475355435e-01,9.859190933059028827e-01,9.859201633615413130e-01,9.859201399967988388e-01,9.859188919387371630e-01,9.858831952565133561e-01,9.999999999999995559e-01
