9.999999999999973355e-01,9.999999999999973355e-01,9.999999999999973355e-01,9.999999999999973355e-01,9.999999999999973355e-01,9.999999999999973355e-01,9.999999999999973355e-01,9.999999999999973355e-01,9.999999999999973355e-01,9.999999999999973355e-01,9.999999999999973355e-01,9.999999999999973355e-01,9.999999999999973355e-01,9.999999999999973355e-01,9.999999999999973355e-01,9.999999999999973355e-01,9.999999999999973355e-01,9.999999999999973355e-01,9.999999999999973355e-01,9.999999999999973355e-01,9.999999999999973355e-01,9.999999999999973355e-01,9.999999999999973355e-01,9.999999999999973355e-01,9.999999999999973355e-01,9.999999999999973355e-01,9.999999999999973355e-01,9.999999999999973355e-01,9.999999999999973355e-01,9.999999999999973355e-01,9.999999999999973355e-01,9.999999999999973355e-01,9.999999999999973355e-01,9.999999999999973355e-01,9.999999999999973355e-01,9.999999999999973355e-01,9.999999999999973355e-01,9.999999999999973355e-01,9.999999999999973355e-01,9.999999999999973355e-01,9.999999999999973355e-01,9.999999999999973355e-01,9.999999999999973355e-01,9.999999999999973355e-01,9.999999999999973355e-01,9.999999999999973355e-01,9.999999999999973355e-01,9.999999999999973355e-01,9.999999999999973355e-01,9.999999999999973355e-01,9.999999999999973355e-01,9.999999999999973355e-01,9.999999999999973355e-01,9.999999999999973355e-01,9.999999999999973355e-01,9.999999999999973355e-01,9.999999999999973355e-01,9.999999999999973355e-01,9.999999999999973355e-01,9.999999999999973355e-01,9.999999999999973355e-01,9.999999999999973355e-01,9.999999999999973355e-01,9.999999999999973355e-01,9.999999999999973355e-01,9.999999999999973355e-01,9.999999999999973355e-01,9.999999999999973355e-01,9.999999999999973355e-01,9.999999999999973355e-01,9.999999999999973355e-01,9.999999999999973355e-01,9.999999999999973355e-01,9.999999999999973355e-01,9.999999999999973355e-01,9.999999999999973355e-01,9.999999999999973355e-01,9.999999999999973355e-01,9.999999999999973355e-01,9.999999999999973355e-01,9.999999999999973355e-01,9.999999999999973355e-01,9.999999999999973355e-01,9.999999999999973355e-01,9.999999999999973355e-01,9.999999999999973355e-01,9.999999999999973355e-01,9.999999999999973355e-01,9.999999999999973355e-01,9.999999999999973355e-01,9.999999999999973355e-01,9.999999999999973355e-01,9.999999999999973355e-01,9.999999999999973355e-01,9.999999999999973355e-01,9.999999999999973355e-01,9.999999999999973355e-01,9.999999999999973355e-01,9.999999999999973355e-01,9.999999999999973355e-01,9.999999999999973355e-01,9.999999999999973355e-01,9.999999999999973355e-01,9.999999999999973355e-01,9.999999999999973355e-01,9.999999999999973355e-01,9.999999999999973355e-01,9.999999999999973355e-01,9.999999999999973355e-01,9.999999999999973355e-01,9.999999999999973355e-01,9.999999999999973355e-01,9.999999999999973355e-01,9.999999999999973355e-01,9.999999999999973355e-01,9.999999999999973355e-01,9.999999999999973355e-01,9.999999999999973355e-01,9.999999999999973355e-01,9.999999999999973355e-01,9.999999999999973355e-01,9.999999999999973355e-01,9.999999999999973355e-01,9.999999999999973355e-01,9.999999999999973355e-01,9.999999999999973355e-01,9.999999999999973355e-01,9.999999999999973355e-01,9.999999999999973355e-01,9.999999999999973355e-01,9.999999999999973355e-01,9.999999999999973355e-01,9.999999999999973355e-01,9.999999999999973355e-01,9.999999999999973355e-01,9.999999999999973355e-01,9.999999999999973355e-01,9.999999999999973355e-01,9.999999999999973355e-01,9.999999999999973355e-01,9.999999999999973355e-01,9.999999999999973355e-01,9.999999999999973355e-01,9.999999999999973355e-01,9.999999999999973355e-01,9.999999999999973355e-01,9.999999999999973355e-01,9.999999999999973355e-01,9.999999999999973355e-01,9.999999999999973355e-01,9.999999999999973355e-01,9.999999999999973355e-01,9.999999999999973355e-01,9.999999999999973355e-01,9.999999999999973355e-01,9.999999999999973355e-01,9.999999999999973355e-01,9.999999999999973355e-01,9.999999999999973355e-01,9.999999999999973355e-01,9.999999999999973355e-01,9.999999999999973355e-01,9.999999999999973355e-01,9.999999999999973355e-01,9.999999999999973355e-01,9.999999999999973355e-01,9.999999999999973355e-01,9.999999999999973355e-01,9.999999999999973355e-01,9.999999999999973355e-01,9.999999999999973355e-01,9.999999999999973355e-01,9.999999999999973355e-01,9.999999999999973355e-01,9.999999999999973355e-01,9.999999999999973355e-01,9.999999999999973355e-01,9.999999999999973355e-01,9.999999999999973355e-01,9.999999999999973355e-01,9.999999999999973355e-01,9.999999999999973355e-01,9.999999999999973355e-01,9.999999999999973355e-01,9.999999999999973355e-01,9.999999999999973355e-01,9.999999999999973355e-01,9.999999999999973355e-01,9.999999999999973355e-01,9.999999999999973355e-01,9.999999999999973355e-01,9.999999999999973355e-01,9.999999999999973355e-01,9.999999999999973355e-01,9.999999999999973355e-01,9.999999999999973355e-01,9.999999999999973355e-01,9.999999999999973355e-01,9.999999999999973355e-01,9.999999999999973355e-01,9.999999999999973355e-01,9.999999999999973355e-01,9.999999999999973355e-01,9.999999999999973355e-01,9.999999999999973355e-01,9.999999999999973355e-01,9.999999999999973355e-01,9.999999999999973355e-01,9.999999999999973355e-01,9.999999999999973355e-01,9.999999999999973355e-01,9.999999999999973355e-01,9.999999999999973355e-01,9.999999999999973355e-01,9.999999999999973355e-01,9.999999999999973355e-01,9.999999999999973355e-01,9.999999999999973355e-01,9.999999999999973355e-01,9.999999999999973355e-01,9.999999999999973355e-01,9.999999999999973355e-01,9.999999999999973355e-01,9.999999999999973355e-01,9.999999999999973355e-01,9.999999999999973355e-01,9.999999999999973355e-01,9.999999999999973355e-01,9.999999999999973355e-01,9.999999999999973355e-01,9.999999999999973355e-01,9.999999999999973355e-01,9.999999999999973355e-01,9.999999999999973355e-01,9.999999999999973355e-01,9.999999999999973355e-01,9.999999999999973355e-01,9.999999999999973355e-01,9.999999999999973355e-01,9.999999999999973355e-01,9.999999999999973355e-01,9.999999999999973355e-01,9.999999999999973355e-01,9.999999999999973355e-01,9.999999999999973355e-01,9.999999999999973355e-01,9.999999999999973355e-01,9.999999999999973355e-01,9.999999999999973355e-01,9.999999999999973355e-01,9.999999999999973355e-01,9.999999999999973355e-01,9.999999999999973355e-01,9.999999999999973355e-01,9.999999999999973355e-01,9.999999999999973355e-01,9.999999999999973355e-01,9.999999999999973355e-01,9.999999999999973355e-01,9.999999999999973355e-01,9.999999999999973355e-01,9.999999999999973355e-01,9.999999999999973355e-01,9.999999999999973355e-01,9.999999999999973355e-01,9.999999999999973355e-01,9.999999999999973355e-01,9.999999999999973355e-01,9.999999999999973355e-01,9.999999999999973355e-01,9.999999999999973355e-01,9.999999999999973355e-01,9.999999999999973355e-01,9.999999999999973355e-01,9.999999999999973355e-01,9.999999999999973355e-01,9.999999999999973355e-01,9.999999999999973355e-01,9.999999999999973355e-01,9.999999999999973355e-01,9.999999999999973355e-01,9.999999999999973355e-01,9.999999999999973355e-01,9.999999999999973355e-01,9.999999999999973355e-01,9.999999999999973355e-01,9.999999999999973355e-01,9.999999999999973355e-01,9.999999999999973355e-01,9.999999999999973355e-01,9.999999999999973355e-01,9.999999999999973355e-01,9.999999999999973355e-01,9.999999999999973355e-01,9.999999999999973355e-01,9.999999999999973355e-01,9.999999999999973355e-01,9.999999999999973355e-01,9.999999999999973355e-01,9.999999999999973355e-01,9.999999999999973355e-01,9.999999999999973355e-01,9.999999999999973355e-01,9.999999999999973355e-01,9.999999999999973355e-01,9.999999999999973355e-01,9.999999999999973355e-01,9.999999999999973355e-01,9.999999999999973355e-01,9.999999999999973355e-01,9.999999999999973355e-01,9.999999999999973355e-01,9.999999999999973355e-01,9.999999999999973355e-01,9.999999999999973355e-01,9.999999999999973355e-01,9.999999999999973355e-01,9.999999999999973355e-01,9.999999999999973355e-01,9.999999999999973355e-01,9.999999999999973355e-01,9.999999999999973355e-01,9.999999999999973355e-01,9.999999999999973355e-01,9.999999999999973355e-01,9.999999999999973355e-01,9.999999999999973355e-01,9.999999999999973355e-01,9.999999999999973355e-01,9.999999999999973355e-01,9.999999999999973355e-01,9.999999999999973355e-01,9.999999999999973355e-01,9.999999999999973355e-01,9.999999999999973355e-01,9.999999999999973355e-01,9.999999999999973355e-01,9.999999999999973355e-01,9.999999999999973355e-01,9.999999999999973355e-01,9.999999999999973355e-01,9.999999999999973355e-01,9.999999999999973355e-01,9.999999999999973355e-01,9.999999999999973355e-01,9.999999999999973355e-01,9.999999999999973355e-01,9.999999999999973355e-01,9.999999999999973355e-01,9.999999999999973355e-01,9.999999999999973355e-01,9.999999999999973355e-01,9.999999999999973355e-01,9.999999999999973355e-01,9.999999999999973355e-01,9.999999999999973355e-01,9.999999999999973355e-01,9.999999999999973355e-01,9.999999999999973355e-01,9.999999999999973355e-01,9.999999999999973355e-01,9.999999999999973355e-01,9.999999999999973355e-01,9.999999999999973355e-01,9.999999999999973355e-01,9.999999999999973355e-01,9.999999999999973355e-01,9.999999999999973355e-01,9.999999999999973355e-01,9.999999999999973355e-01,9.999999999999973355e-01,9.999999999999973355e-01,9.999999999999973355e-01,9.999999999999973355e-01,9.999999999999973355e-01,9.999999999999973355e-01,9.999999999999973355e-01,9.999999999999973355e-01,9.999999999999973355e-01,9.999999999999973355e-01,9.999999999999973355e-01,9.999999999999973355e-01,9.999999999999973355e-01,9.999999999999973355e-01,9.999999999999973355e-01,9.999999999999973355e-01,9.999999999999973355e-01,9.999999999999973355e-01,9.999999999999973355e-01,9.999999999999973355e-01,9.999999999999973355e-01,9.999999999999973355e-01,9.999999999999973355e-01,9.999999999999973355e-01,9.999999999999973355e-01,9.999999999999973355e-01,9.999999999999973355e-01,9.999999999999973355e-01,9.999999999999973355e-01,9.999999999999973355e-01
9.999999999999987788e-01,9.952286877421805400e-01,9.952327774652254266e-01,9.952329217929496430e-01,9.952327948767153432e-01,9.952282225250225212e-01,9.952282236526579506e-01,9.952327990119321788e-01,9.952329409203378718e-01,9.952329534244209741e-01,9.952329556740795447e-01,9.952329562563816401e-01,9.952329564094504200e-01,9.952329563686410641e-01,9.952329561084460874e-01,9.952329553064929168e-01,9.952329524478656930e-01,9.952329376718179743e-01,9.952327829417009220e-01,9.952280579550806250e-01,9.952286877421805400e-01,9.999999999999987788e-01,9.952334107692073495e-01,9.952373524982411901e-01,9.952373568781164304e-01,9.952327948765316012e-01,9.952327980630414350e-01,9.952373735687781720e-01,9.952375155256785177e-01,9.952375280520131540e-01,9.952375303146521190e-01,9.952375309076244569e-01,9.952375310737937575e-01,9.952375310554085752e-01,9.952375308435787993e-01,9.952375301673309638e-01,9.952375277098265416e-01,9.952375146135263861e-01,9.952373704688447509e-01,9.952327822961628545e-01,9.952327774652254266e-01,9.952334107692073495e-01,9.999999999999987788e-01,9.952335506323154446e-01,9.952373524985141939e-01,9.952329217930443450e-01,9.952329370487085214e-01,9.952375129562143208e-01,9.952376550376853537e-01,9.952376676119286669e-01,9.952376698968214974e-01,9.952376705027831116e-01,9.952376706795670325e-01,9.952376706741863366e-01,9.952376704846063182e-01,9.952376698562844792e-01,9.952376675233669534e-01,9.952376548246135712e-01,9.952375123457832817e-01,9.952329347585295860e-01,9.952329217929496430e-01,9.952373524982411901e-01,9.952335506323154446e-01,9.999999999999987788e-01,9.952334107691529486e-01,9.952327774649948333e-01,9.952329347582128394e-01,9.952375123455311501e-01,9.952376548245591703e-01,9.952376675233212122e-01,9.952376698561021806e-01,9.952376704843118871e-01,9.952376706740979628e-01,9.952376706793328864e-01,9.952376705027495829e-01,9.952376698966756141e-01,9.952376676116487797e-01,9.952376550374165687e-01,9.952375129561291667e-01,9.952329370487099647e-01,9.952327948767153432e-01,9.952373568781164304e-01,9.952373524985141939e-01,9.952334107691529486e-01,9.999999999999987788e-01,9.952286877422324984e-01,9.952327822961160031e-01,9.952373704688676215e-01,9.952375146137590889e-01,9.952375277100526940e-01,9.952375301674323271e-01,9.952375308435609247e-01,9.952375310555900967e-01,9.952375310738386105e-01,9.952375309078764776e-01,9.952375303147776853e-01,9.952375280520121548e-01,9.952375155256730777e-01,9.952373735689806766e-01,9.952327980633153270e-01,9.952282225250225212e-01,9.952327948765316012e-01,9.952329217930443450e-01,9.952327774649948333e-01,9.952286877422324984e-01,9.999999999999987788e-01,9.952280579548520301e-01,9.952327829415468230e-01,9.952329376718450638e-01,9.952329524479184286e-01,9.952329553064015455e-01,9.952329561082408071e-01,9.952329563686420633e-01,9.952329564093124192e-01,9.952329562564327103e-01,9.952329556740251437e-01,9.952329534242312370e-01,9.952329409201547961e-01,9.952327990119407275e-01,9.952282236527476567e-01,9.952282236526579506e-01,9.952327980630414350e-01,9.952329370487085214e-01,9.952329347582128394e-01,9.952327822961160031e-01,9.952280579548520301e-01,9.999999999999987788e-01,9.952286889911999834e-01,9.952327809801126968e-01,9.952329377935688060e-01,9.952329527213484850e-01,9.952329555841392672e-01,9.952329563671672430e-01,9.952329565806198319e-01,9.952329564980501031e-01,9.952329559509431878e-01,9.952329537248345570e-01,9.952329412444198553e-01,9.952327993715327503e-01,9.952282240833320026e-01,9.952327990119321788e-01,9.952373735687781720e-01,9.952375129562143208e-01,9.952375123455311501e-01,9.952373704688676215e-01,9.952327829415468230e-01,9.952286889911999834e-01,9.999999999999987788e-01,9.952334149372227268e-01,9.952373691457960803e-01,9.952375153701594757e-01,9.952375286092091100e-01,9.952375310498341454e-01,9.952375316596436816e-01,9.952375317012858158e-01,9.952375312019609011e-01,9.952375289980311956e-01,9.952375165305533677e-01,9.952373746676776989e-01,9.952327993716121313e-01,9.952329409203378718e-01,9.952375155256785177e-01,9.952376550376853537e-01,9.952376548245591703e-01,9.952375146137590889e-01,9.952329376718450638e-01,9.952327809801126968e-01,9.952334149372227268e-01,9.999999999999987788e-01,9.952335695819990447e-01,9.952375132707093064e-01,9.952376578274443331e-01,9.952376706493522018e-01,9.952376729182437209e-01,9.952376733568063516e-01,9.952376729819309986e-01,9.952376708259033089e-01,9.952376583806560317e-01,9.952375165307473237e-01,9.952329412446963008e-01,9.952329534244209741e-01,9.952375280520131540e-01,9.952376676119286669e-01,9.952376675233212122e-01,9.952375277100526940e-01,9.952329524479184286e-01,9.952329377935688060e-01,9.952373691457960803e-01,9.952335695819990447e-01,9.999999999999987788e-01,9.952335843398587567e-01,9.952375263452478693e-01,9.952376704848239219e-01,9.952376831350906450e-01,9.952376852327732282e-01,9.952376852548237007e-01,9.952376832232466830e-01,9.952376708259137450e-01,9.952375289982294815e-01,9.952329537251126679e-01,9.952329556740795447e-01,9.952375303146521190e-01,9.952376698968214974e-01,9.952376698561021806e-01,9.952375301674323271e-01,9.952329553064015455e-01,9.952329527213484850e-01,9.952375153701594757e-01,9.952375132707093064e-01,9.952335843398587567e-01,9.999999999999987788e-01,9.952335871771804676e-01,9.952375287612709176e-01,9.952376727291109004e-01,9.952376852081608050e-01,9.952376868893367812e-01,9.952376852546962471e-01,9.952376729818007695e-01,9.952375312020333986e-01,9.952329559510847412e-01,9.952329562563816401e-01,9.952375309076244569e-01,9.952376705027831116e-01,9.952376704843118871e-01,9.952375308435609247e-01,9.952329561082408071e-01,9.952329555841392672e-01,9.952375286092091100e-01,9.952376578274443331e-01,9.952375263452478693e-01,9.952335871771804676e-01,9.999999999999987788e-01,9.952335879377430805e-01,9.952375293489025276e-01,9.952376731454959380e-01,9.952376852080456748e-01,9.952376852325155454e-01,9.952376733565675426e-01,9.952375317012369660e-01,9.952329564980746390e-01,9.952329564094504200e-01,9.952375310737937575e-01,9.952376706795670325e-01,9.952376706740979628e-01,9.952375310555900967e-01,9.952329563686420633e-01,9.952329563671672430e-01,9.952375310498341454e-01,9.952376706493522018e-01,9.952376704848239219e-01,9.952375287612709176e-01,9.952335879377430805e-01,9.999999999999987788e-01,9.952335881094638292e-01,9.952375293491081409e-01,9.952376727291917247e-01,9.952376831350436825e-01,9.952376729181994230e-01,9.952375316598044419e-01,9.952329565808504253e-01,9.952329563686410641e-01,9.952375310554085752e-01,9.952376706741863366e-01,9.952376706793328864e-01,9.952375310738386105e-01,9.952329564093124192e-01,9.952329565806198319e-01,9.952375316596436816e-01,9.952376729182437209e-01,9.952376831350906450e-01,9.952376727291109004e-01,9.952375293489025276e-01,9.952335881094638292e-01,9.999999999999987788e-01,9.952335879378235717e-01,9.952375287612104104e-01,9.952376704846251920e-01,9.952376706491745662e-01,9.952375310498321470e-01,9.952329563672684953e-01,9.952329561084460874e-01,9.952375308435787993e-01,9.952376704846063182e-01,9.952376705027495829e-01,9.952375309078764776e-01,9.952329562564327103e-01,9.952329564980501031e-01,9.952375317012858158e-01,9.952376733568063516e-01,9.952376852327732282e-01,9.952376852081608050e-01,9.952376731454959380e-01,9.952375293491081409e-01,9.952335879378235717e-01,9.999999999999987788e-01,9.952335871773304588e-01,9.952375263452637455e-01,9.952376578274676477e-01,9.952375286094308215e-01,9.952329555844235953e-01,9.952329553064929168e-01,9.952375301673309638e-01,9.952376698562844792e-01,9.952376698966756141e-01,9.952375303147776853e-01,9.952329556740251437e-01,9.952329559509431878e-01,9.952375312019609011e-01,9.952376729819309986e-01,9.952376852548237007e-01,9.952376868893367812e-01,9.952376852080456748e-01,9.952376727291917247e-01,9.952375287612104104e-01,9.952335871773304588e-01,9.999999999999987788e-01,9.952335843397612791e-01,9.952375132706121619e-01,9.952375153702498478e-01,9.952329527215191263e-01,9.952329524478656930e-01,9.952375277098265416e-01,9.952376675233669534e-01,9.952376676116487797e-01,9.952375280520121548e-01,9.952329534242312370e-01,9.952329537248345570e-01,9.952375289980311956e-01,9.952376708259033089e-01,9.952376832232466830e-01,9.952376852546962471e-01,9.952376852325155454e-01,9.952376831350436825e-01,9.952376704846251920e-01,9.952375263452637455e-01,9.952335843397612791e-01,9.999999999999987788e-01,9.952335695817695616e-01,9.952373691457606641e-01,9.952329377936058874e-01,9.952329376718179743e-01,9.952375146135263861e-01,9.952376548246135712e-01,9.952376550374165687e-01,9.952375155256730777e-01,9.952329409201547961e-01,9.952329412444198553e-01,9.952375165305533677e-01,9.952376583806560317e-01,9.952376708259137450e-01,9.952376729818007695e-01,9.952376733565675426e-01,9.952376729181994230e-01,9.952376706491745662e-01,9.952376578274676477e-01,9.952375132706121619e-01,9.952335695817695616e-01,9.999999999999987788e-01,9.952334149372236149e-01,9.952327809801544412e-01,9.952327829417009220e-01,9.952373704688447509e-01,9.952375123457832817e-01,9.952375129561291667e-01,9.952373735689806766e-01,9.952327990119407275e-01,9.952327993715327503e-01,9.952373746676776989e-01,9.952375165307473237e-01,9.952375289982294815e-01,9.952375312020333986e-01,9.952375317012369660e-01,9.952375316598044419e-01,9.952375310498321470e-01,9.952375286094308215e-01,9.952375153702498478e-01,9.952373691457606641e-01,9.952334149372236149e-01,9.999999999999987788e-01,9.952286889914409018e-01,9.952280579550806250e-01,9.952327822961628545e-01,9.952329347585295860e-01,9.952329370487099647e-01,9.952327980633153270e-01,9.952282236527476567e-01,9.952282240833320026e-01,9.952327993716121313e-01,9.952329412446963008e-01,9.952329537251126679e-01,9.952329559510847412e-01,9.952329564980746390e-01,9.952329565808504253e-01,9.952329563672684953e-01,9.952329555844235953e-01,9.952329527215191263e-01,9.952329377936058874e-01,9.952327809801544412e-01,9.952286889914409018e-01,9.999999999999987788e-01
1.000000000000000444e+00,9.905236294078153536e-01,9.905397353099509861e-01,9.905402828401597137e-01,9.905398138807042230e-01,9.905218203086566531e-01,9.905218246899714085e-01,9.905398298515152300e-01,9.905403560326085932e-01,9.905404029875826133e-01,9.905404115723943637e-01,9.905404138103338640e-01,9.905404143992823096e-01,9.905404142396562195e-01,9.905404132320527744e-01,9.905404101380415050e-01,9.905403991819818899e-01,9.905403434059014689e-01,9.905397676370859550e-01,9.905211731101665196e-01,9.905236294078153536e-01,1.000000000000000444e+00,9.905422179595740895e-01,9.905577408959755914e-01,9.905577684311611675e-01,9.905398138800001195e-01,9.905398261878658461e-01,9.905578321663305319e-01,9.905583585423067827e-01,9.905584055841768487e-01,9.905584142195431596e-01,9.905584164991426688e-01,9.905584171393838622e-01,9.905584170676388078e-01,9.905584162495005840e-01,9.905584136471887735e-01,9.905584042562740610e-01,9.905583550082983635e-01,9.905578201919424952e-01,9.905397651572125373e-01,9.905397353099509861e-01,9.905422179595740895e-01,1.000000000000000444e+00,9.905427372726901547e-01,9.905577408967868314e-01,9.905402828402964932e-01,9.905403411639134292e-01,9.905583487170087631e-01,9.905588755761385311e-01,9.905589228039385352e-01,9.905589315257857796e-01,9.905589338558596912e-01,9.905589345373972954e-01,9.905589345162445492e-01,9.905589337845854825e-01,9.905589313683340613e-01,9.905589224604379739e-01,9.905588747499819435e-01,9.905583463535656552e-01,9.905403322713750569e-01,9.905402828401597137e-01,9.905577408959755914e-01,9.905427372726901547e-01,1.000000000000000444e+00,9.905422179596418131e-01,9.905397353093601254e-01,9.905403322709576130e-01,9.905583463530417410e-01,9.905588747497330315e-01,9.905589224600901410e-01,9.905589313677801711e-01,9.905589337843120346e-01,9.905589345163916537e-01,9.905589345365028997e-01,9.905589338553649759e-01,9.905589315255624028e-01,9.905589228035178717e-01,9.905588755756253860e-01,9.905583487167284318e-01,9.905403411636067856e-01,9.905398138807042230e-01,9.905577684311611675e-01,9.905577408967868314e-01,9.905422179596418131e-01,1.000000000000000444e+00,9.905236294080560500e-01,9.905397651576305362e-01,9.905578201922707882e-01,9.905583550089493983e-01,9.905584042567524561e-01,9.905584136475129586e-01,9.905584162500947754e-01,9.905584170686224654e-01,9.905584171393462256e-01,9.905584164995235863e-01,9.905584142201546705e-01,9.905584055846057279e-01,9.905583585425936644e-01,9.905578321669272768e-01,9.905398261883886502e-01,9.905218203086566531e-01,9.905398138800001195e-01,9.905402828402964932e-01,9.905397353093601254e-01,9.905236294080560500e-01,1.000000000000000444e+00,9.905211731098922945e-01,9.905397676367443394e-01,9.905403434057543643e-01,9.905403991817967047e-01,9.905404101376185100e-01,9.905404132319133303e-01,9.905404142399216738e-01,9.905404143985403476e-01,9.905404138099341838e-01,9.905404115723068781e-01,9.905404029872724170e-01,9.905403560321972556e-01,9.905398298513590216e-01,9.905218246897609102e-01,9.905218246899714085e-01,9.905398261878658461e-01,9.905403411639134292e-01,9.905403322709576130e-01,9.905397651576305362e-01,9.905211731098922945e-01,1.000000000000000444e+00,9.905236342329437615e-01,9.905397487740499329e-01,9.905403431868566866e-01,9.905404001593951513e-01,9.905404111964571934e-01,9.905404142292683067e-01,9.905404150591046175e-01,9.905404147440624030e-01,9.905404126439115720e-01,9.905404041512002600e-01,9.905403572883365593e-01,9.905398312451437759e-01,9.905218263623397634e-01,9.905398298515152300e-01,9.905578321663305319e-01,9.905583487170087631e-01,9.905583463530417410e-01,9.905578201922707882e-01,9.905397676367443394e-01,9.905236342329437615e-01,1.000000000000000444e+00,9.905422339610518989e-01,9.905578037325619700e-01,9.905583572079480481e-01,9.905584076327005327e-01,9.905584170259021937e-01,9.905584193844599872e-01,9.905584195496516253e-01,9.905584176344772729e-01,9.905584092276081831e-01,9.905583624143966537e-01,9.905578364032433525e-01,9.905398312450857112e-01,9.905403560326085932e-01,9.905583585423067827e-01,9.905588755761385311e-01,9.905588747497330315e-01,9.905583550089493983e-01,9.905403434057543643e-01,9.905397487740499329e-01,9.905422339610518989e-01,1.000000000000000444e+00,9.905428090215281367e-01,9.905583384153230364e-01,9.905588855079630051e-01,9.905589343278181635e-01,9.905589430583241484e-01,9.905589447565696926e-01,9.905589433234771590e-01,9.905589351024886025e-01,9.905588883756012430e-01,9.905583624146711008e-01,9.905403572885724817e-01,9.905404029875826133e-01,9.905584055841768487e-01,9.905589228039385352e-01,9.905589224600901410e-01,9.905584042567524561e-01,9.905403991817967047e-01,9.905403431868566866e-01,9.905578037325619700e-01,9.905428090215281367e-01,1.000000000000000444e+00,9.905428646773644097e-01,9.905583875663531712e-01,9.905589330539343873e-01,9.905589812117561177e-01,9.905589892821997644e-01,9.905589893822327463e-01,9.905589816433423289e-01,9.905589351023827982e-01,9.905584092277661679e-01,9.905404041513018454e-01,9.905404115723943637e-01,9.905584142195431596e-01,9.905589315257857796e-01,9.905589313677801711e-01,9.905584136475129586e-01,9.905404101376185100e-01,9.905404001593951513e-01,9.905583572079480481e-01,9.905583384153230364e-01,9.905428646773644097e-01,1.000000000000000444e+00,9.905428755409513286e-01,9.905583967929648681e-01,9.905589416177902340e-01,9.905589891155190951e-01,9.905589955877719399e-01,9.905589893820564429e-01,9.905589433231379859e-01,9.905584176344589542e-01,9.905404126438124290e-01,9.905404138103338640e-01,9.905584164991426688e-01,9.905589338558596912e-01,9.905589337843120346e-01,9.905584162500947754e-01,9.905404132319133303e-01,9.905404111964571934e-01,9.905584076327005327e-01,9.905588855079630051e-01,9.905583875663531712e-01,9.905428755409513286e-01,1.000000000000000444e+00,9.905428784716995283e-01,9.905583990517167203e-01,9.905589432162418273e-01,9.905589891157906557e-01,9.905589892822430631e-01,9.905589447565502637e-01,9.905584195498825517e-01,9.905404147442188334e-01,9.905404143992823096e-01,9.905584171393838622e-01,9.905589345373972954e-01,9.905589345163916537e-01,9.905584170686224654e-01,9.905404142399216738e-01,9.905404142292683067e-01,9.905584170259021937e-01,9.905589343278181635e-01,9.905589330539343873e-01,9.905583967929648681e-01,9.905428784716995283e-01,1.000000000000000444e+00,9.905428791345082251e-01,9.905583990521326099e-01,9.905589416184318319e-01,9.905589812122257420e-01,9.905589430586626554e-01,9.905584193851155739e-01,9.905404150596615054e-01,9.905404142396562195e-01,9.905584170676388078e-01,9.905589345162445492e-01,9.905589345365028997e-01,9.905584171393462256e-01,9.905404143985403476e-01,9.905404150591046175e-01,9.905584193844599872e-01,9.905589430583241484e-01,9.905589812117561177e-01,9.905589416177902340e-01,9.905583990517167203e-01,9.905428791345082251e-01,1.000000000000000444e+00,9.905428784711247658e-01,9.905583967925766231e-01,9.905589330533456360e-01,9.905589343271695713e-01,9.905584170254497778e-01,9.905404142288597447e-01,9.905404132320527744e-01,9.905584162495005840e-01,9.905589337845854825e-01,9.905589338553649759e-01,9.905584164995235863e-01,9.905404138099341838e-01,9.905404147440624030e-01,9.905584195496516253e-01,9.905589447565696926e-01,9.905589892821997644e-01,9.905589891155190951e-01,9.905589432162418273e-01,9.905583990521326099e-01,9.905428784711247658e-01,1.000000000000000444e+00,9.905428755410099484e-01,9.905583875662207216e-01,9.905588855076945531e-01,9.905584076327328402e-01,9.905404111963513891e-01,9.905404101380415050e-01,9.905584136471887735e-01,9.905589313683340613e-01,9.905589315255624028e-01,9.905584142201546705e-01,9.905404115723068781e-01,9.905404126439115720e-01,9.905584176344772729e-01,9.905589433234771590e-01,9.905589893822327463e-01,9.905589955877719399e-01,9.905589891157906557e-01,9.905589416184318319e-01,9.905583967925766231e-01,9.905428755410099484e-01,1.000000000000000444e+00,9.905428646775134016e-01,9.905583384153185955e-01,9.905583572081793076e-01,9.905404001595805585e-01,9.905403991819818899e-01,9.905584042562740610e-01,9.905589224604379739e-01,9.905589228035178717e-01,9.905584055846057279e-01,9.905404029872724170e-01,9.905404041512002600e-01,9.905584092276081831e-01,9.905589351024886025e-01,9.905589816433423289e-01,9.905589893820564429e-01,9.905589892822430631e-01,9.905589812122257420e-01,9.905589330533456360e-01,9.905583875662207216e-01,9.905428646775134016e-01,1.000000000000000444e+00,9.905428090213296288e-01,9.905578037326331353e-01,9.905403431868486930e-01,9.905403434059014689e-01,9.905583550082983635e-01,9.905588747499819435e-01,9.905588755756253860e-01,9.905583585425936644e-01,9.905403560321972556e-01,9.905403572883365593e-01,9.905583624143966537e-01,9.905588883756012430e-01,9.905589351023827982e-01,9.905589433231379859e-01,9.905589447565502637e-01,9.905589430586626554e-01,9.905589343271695713e-01,9.905588855076945531e-01,9.905583384153185955e-01,9.905428090213296288e-01,1.000000000000000444e+00,9.905422339611149596e-01,9.905397487739063811e-01,9.905397676370859550e-01,9.905578201919424952e-01,9.905583463535656552e-01,9.905583487167284318e-01,9.905578321669272768e-01,9.905398298513590216e-01,9.905398312451437759e-01,9.905578364032433525e-01,9.905583624146711008e-01,9.905584092277661679e-01,9.905584176344589542e-01,9.905584195498825517e-01,9.905584193851155739e-01,9.905584170254497778e-01,9.905584076327328402e-01,9.905583572081793076e-01,9.905578037326331353e-01,9.905422339611149596e-01,1.000000000000000444e+00,9.905236342330874244e-01,9.905211731101665196e-01,9.905397651572125373e-01,9.905403322713750569e-01,9.905403411636067856e-01,9.905398261883886502e-01,9.905218246897609102e-01,9.905218263623397634e-01,9.905398312450857112e-01,9.905403572885724817e-01,9.905404041513018454e-01,9.905404126438124290e-01,9.905404147442188334e-01,9.905404150596615054e-01,9.905404142288597447e-01,9.905404111963513891e-01,9.905404001595805585e-01,9.905403431868486930e-01,9.905397487739063811e-01,9.905236342330874244e-01,1.000000000000000444e+00
9.999999999999994449e-01,9.858831883832633869e-01,9.859188716918184658e-01,9.859200390964366623e-01,9.859190674040696489e-01,9.858792308433398377e-01,9.858792404236849105e-01,9.859191021241731079e-01,9.859201967871923378e-01,9.859202960918990177e-01,9.859203145413081293e-01,9.859203193827866807e-01,9.859203206589152169e-01,9.859203203073004795e-01,9.859203181119865489e-01,9.859203113923510342e-01,9.859202877459568581e-01,9.859201691671386492e-01,9.859189666190456558e-01,9.858777989424757360e-01,9.858831883832633869e-01,9.999999999999994449e-01,9.859243469054546072e-01,9.859587381874556078e-01,9.859588215229310171e-01,9.859190674012439093e-01,9.859190941618877213e-01,9.859589585495648345e-01,9.859600536606782928e-01,9.859601531570990618e-01,9.859601717175635605e-01,9.859601766505361464e-01,9.859601780396040072e-01,9.859601778818584128e-01,9.859601761041306700e-01,9.859601704665704736e-01,9.859601502566281983e-01,9.859600459550691420e-01,9.859589325212048116e-01,9.859189612561123361e-01,9.859188716918184658e-01,9.859243469054546072e-01,9.999999999999994449e-01,9.859254286661651712e-01,9.859587381898657910e-01,9.859200390960701776e-01,9.859201646343997982e-01,9.859600325024806544e-01,9.859611286683349629e-01,9.859612285708854174e-01,9.859612473203160921e-01,9.859612523637525383e-01,9.859612538432295237e-01,9.859612537961630618e-01,9.859612522075430485e-01,9.859612469765439702e-01,9.859612278203269131e-01,9.859611268651108373e-01,9.859600273532151959e-01,9.859201452030516011e-01,9.859200390964366623e-01,9.859587381874556078e-01,9.859254286661651712e-01,9.999999999999994449e-01,9.859243469068088572e-01,9.859188716904025984e-01,9.859201452031174373e-01,9.859600273524857794e-01,9.859611268647724414e-01,9.859612278196793200e-01,9.859612469751172226e-01,9.859612522075159591e-01,9.859612537975243063e-01,9.859612538407867000e-01,9.859612523626855030e-01,9.859612473206345040e-01,9.859612285704278944e-01,9.859611286675690200e-01,9.859600325020820843e-01,9.859201646332683699e-01,9.859190674040696489e-01,9.859588215229310171e-01,9.859587381898657910e-01,9.859243469068088572e-01,9.999999999999994449e-01,9.858831883842630317e-01,9.859189612586495288e-01,9.859589325229562995e-01,9.859600459572465114e-01,9.859601502584076638e-01,9.859601704676341782e-01,9.859601761065995840e-01,9.859601778856910137e-01,9.859601780396216597e-01,9.859601766519466848e-01,9.859601717203350102e-01,9.859601531591057899e-01,9.859600536623331912e-01,9.859589585516383980e-01,9.859190941631882366e-01,9.858792308433398377e-01,9.859190674012439093e-01,9.859200390960701776e-01,9.859188716904025984e-01,9.858831883842630317e-01,9.999999999999994449e-01,9.858777989422017329e-01,9.859189666179880573e-01,9.859201691663936895e-01,9.859202877449584346e-01,9.859203113905365967e-01,9.859203181115909764e-01,9.859203203082670397e-01,9.859203206561040211e-01,9.859203193812907662e-01,9.859203145412497316e-01,9.859202960910281588e-01,9.859201967860128368e-01,9.859191021233730812e-01,9.858792404221171646e-01,9.858792404236849105e-01,9.859190941618877213e-01,9.859201646343997982e-01,9.859201452031174373e-01,9.859189612586495288e-01,9.858777989422017329e-01,9.999999999999994449e-01,9.858831988743761432e-01,9.859189007326525367e-01,9.859201672819167817e-01,9.859202897079419881e-01,9.859203136625460662e-01,9.859203202745371319e-01,9.859203220897435616e-01,9.859203214138623217e-01,9.859203168751810020e-01,9.859202986273375435e-01,9.859201995245883143e-01,9.859191051637445913e-01,9.858792440783468169e-01,9.859191021241731079e-01,9.859589585495648345e-01,9.859600325024806544e-01,9.859600273524857794e-01,9.859589325229562995e-01,9.859189666179880573e-01,9.858831988743761432e-01,9.999999999999994449e-01,9.859243814945506390e-01,9.859588717675745739e-01,9.859600492612992095e-01,9.859601573954586140e-01,9.859601777484989782e-01,9.859601828825989012e-01,9.859601832516576847e-01,9.859601791158808526e-01,9.859601610548915929e-01,9.859600620585443620e-01,9.859589677447631040e-01,9.859191051629688785e-01,9.859201967871923378e-01,9.859600536606782928e-01,9.859611286683349629e-01,9.859611268647724414e-01,9.859600459572465114e-01,9.859201691663936895e-01,9.859189007326525367e-01,9.859243814945506390e-01,9.999999999999994449e-01,9.859255816658608618e-01,9.859599847894116031e-01,9.859611485357931970e-01,9.859612531959501824e-01,9.859612721089813236e-01,9.859612758109984609e-01,9.859612727262381249e-01,9.859612550711041035e-01,9.859611562634110760e-01,9.859600620589512587e-01,9.859201995242417027e-01,9.859202960918990177e-01,9.859601531570990618e-01,9.859612285708854174e-01,9.859612278196793200e-01,9.859601502584076638e-01,9.859202877449584346e-01,9.859201672819167817e-01,9.859588717675745739e-01,9.859255816658608618e-01,9.999999999999994449e-01,9.859256998773152647e-01,9.859600888526334206e-01,9.859612491242883969e-01,9.859613523463989226e-01,9.859613698280685901e-01,9.859613700765451627e-01,9.859613534725183426e-01,9.859612550707663736e-01,9.859601610549657558e-01,9.859202986266456525e-01,9.859203145413081293e-01,9.859601717175635605e-01,9.859612473203160921e-01,9.859612469751172226e-01,9.859601704676341782e-01,9.859203113905365967e-01,9.859202897079419881e-01,9.859600492612992095e-01,9.859599847894116031e-01,9.859256998773152647e-01,9.999999999999994449e-01,9.859257232995551901e-01,9.859601086962261896e-01,9.859612675276129279e-01,9.859613693183527650e-01,9.859613833465145083e-01,9.859613700757906551e-01,9.859612727250915976e-01,9.859601791151920702e-01,9.859203168737226131e-01,9.859203193827866807e-01,9.859601766505361464e-01,9.859612523637525383e-01,9.859612522075159591e-01,9.859601761065995840e-01,9.859203181115909764e-01,9.859203136625460662e-01,9.859601573954586140e-01,9.859611485357931970e-01,9.859600888526334206e-01,9.859257232995551901e-01,9.999999999999994449e-01,9.859257296568477713e-01,9.859601135831842500e-01,9.859612709825366084e-01,9.859613693197469830e-01,9.859613698286766592e-01,9.859612758113176501e-01,9.859601832523440246e-01,9.859203214137793880e-01,9.859203206589152169e-01,9.859601780396040072e-01,9.859612538432295237e-01,9.859612537975243063e-01,9.859601778856910137e-01,9.859203203082670397e-01,9.859203202745371319e-01,9.859601777484989782e-01,9.859612531959501824e-01,9.859612491242883969e-01,9.859601086962261896e-01,9.859257296568477713e-01,9.999999999999994449e-01,9.859257310971671906e-01,9.859601135845730280e-01,9.859612675303358609e-01,9.859613523483889974e-01,9.859612721106162381e-01,9.859601828846815685e-01,9.859203220910068843e-01,9.859203203073004795e-01,9.859601778818584128e-01,9.859612537961630618e-01,9.859612538407867000e-01,9.859601780396216597e-01,9.859203206561040211e-01,9.859203220897435616e-01,9.859601828825989012e-01,9.859612721089813236e-01,9.859613523463989226e-01,9.859612675276129279e-01,9.859601135831842500e-01,9.859257310971671906e-01,9.999999999999994449e-01,9.859257296544425841e-01,9.859601086951655935e-01,9.859612491224398756e-01,9.859612531938375390e-01,9.859601777467119632e-01,9.859203202720767667e-01,9.859203181119865489e-01,9.859601761041306700e-01,9.859612522075430485e-01,9.859612523626855030e-01,9.859601766519466848e-01,9.859203193812907662e-01,9.859203214138623217e-01,9.859601832516576847e-01,9.859612758109984609e-01,9.859613698280685901e-01,9.859613693183527650e-01,9.859612709825366084e-01,9.859601135845730280e-01,9.859257296544425841e-01,9.999999999999994449e-01,9.859257232999141252e-01,9.859600888522338513e-01,9.859611485350309179e-01,9.859601573951184417e-01,9.859203136613500229e-01,9.859203113923510342e-01,9.859601704665704736e-01,9.859612469765439702e-01,9.859612473206345040e-01,9.859601717203350102e-01,9.859203145412497316e-01,9.859203168751810020e-01,9.859601791158808526e-01,9.859612727262381249e-01,9.859613700765451627e-01,9.859613833465145083e-01,9.859613693197469830e-01,9.859612675303358609e-01,9.859601086951655935e-01,9.859257232999141252e-01,9.999999999999994449e-01,9.859256998783256787e-01,9.859599847900398784e-01,9.859600492622727641e-01,9.859202897081754680e-01,9.859202877459568581e-01,9.859601502566281983e-01,9.859612278203269131e-01,9.859612285704278944e-01,9.859601531591057899e-01,9.859202960910281588e-01,9.859202986273375435e-01,9.859601610548915929e-01,9.859612550711041035e-01,9.859613534725183426e-01,9.859613700757906551e-01,9.859613698286766592e-01,9.859613523483889974e-01,9.859612491224398756e-01,9.859600888522338513e-01,9.859256998783256787e-01,9.999999999999994449e-01,9.859255816657183091e-01,9.859588717678274827e-01,9.859201672813673323e-01,9.859201691671386492e-01,9.859600459550691420e-01,9.859611268651108373e-01,9.859611286675690200e-01,9.859600536623331912e-01,9.859201967860128368e-01,9.859201995245883143e-01,9.859600620585443620e-01,9.859611562634110760e-01,9.859612550707663736e-01,9.859612727250915976e-01,9.859612758113176501e-01,9.859612721106162381e-01,9.859612531938375390e-01,9.859611485350309179e-01,9.859599847900398784e-01,9.859255816657183091e-01,9.999999999999994449e-01,9.859243814945726214e-01,9.859189007317614717e-01,9.859189666190456558e-01,9.859589325212048116e-01,9.859600273532151959e-01,9.859600325020820843e-01,9.859589585516383980e-01,9.859191021233730812e-01,9.859191051637445913e-01,9.859589677447631040e-01,9.859600620589512587e-01,9.859601610549657558e-01,9.859601791151920702e-01,9.859601832523440246e-01,9.859601828846815685e-01,9.859601777467119632e-01,9.859601573951184417e-01,9.859600492622727641e-01,9.859588717678274827e-01,9.859243814945726214e-01,9.999999999999994449e-01,9.858831988738844254e-01,9.858777989424757360e-01,9.859189612561123361e-01,9.859201452030516011e-01,9.859201646332683699e-01,9.859190941631882366e-01,9.858792404221171646e-01,9.858792440783468169e-01,9.859191051629688785e-01,9.859201995242417027e-01,9.859202986266456525e-01,9.859203168737226131e-01,9.859203214137793880e-01,9.859203220910068843e-01,9.859203202720767667e-01,9.859203136613500229e-01,9.859202897081754680e-01,9.859201672813673323e-01,9.859189007317614717e-01,9.858831988738844254e-01,9.999999999999994449e-01
