9.999999999999951150e-01,9.999999999999951150e-01,9.999999999999951150e-01,9.999999999999951150e-01,9.999999999999951150e-01,9.999999999999951150e-01,9.999999999999951150e-01,9.999999999999951150e-01,9.999999999999951150e-01,9.999999999999951150e-01,9.999999999999951150e-01,9.999999999999951150e-01,9.999999999999951150e-01,9.999999999999951150e-01,9.999999999999951150e-01,9.999999999999951150e-01,9.999999999999951150e-01,9.999999999999951150e-01,9.999999999999951150e-01,9.999999999999951150e-01,9.999999999999951150e-01,9.999999999999951150e-01,9.999999999999951150e-01,9.999999999999951150e-01,9.999999999999951150e-01,9.999999999999951150e-01,9.999999999999951150e-01,9.999999999999951150e-01,9.999999999999951150e-01,9.999999999999951150e-01,9.999999999999951150e-01,9.999999999999951150e-01,9.999999999999951150e-01,9.999999999999951150e-01,9.999999999999951150e-01,9.999999999999951150e-01,9.999999999999951150e-01,9.999999999999951150e-01,9.999999999999951150e-01,9.999999999999951150e-01,9.999999999999951150e-01,9.999999999999951150e-01,9.999999999999951150e-01,9.999999999999951150e-01,9.999999999999951150e-01,9.999999999999951150e-01,9.999999999999951150e-01,9.999999999999951150e-01,9.999999999999951150e-01,9.999999999999951150e-01,9.999999999999951150e-01,9.999999999999951150e-01,9.999999999999951150e-01,9.999999999999951150e-01,9.999999999999951150e-01,9.999999999999951150e-01,9.999999999999951150e-01,9.999999999999951150e-01,9.999999999999951150e-01,9.999999999999951150e-01,9.999999999999951150e-01,9.999999999999951150e-01,9.999999999999951150e-01,9.999999999999951150e-01,9.999999999999951150e-01,9.999999999999951150e-01,9.999999999999951150e-01,9.999999999999951150e-01,9.999999999999951150e-01,9.999999999999951150e-01,9.999999999999951150e-01,9.999999999999951150e-01,9.999999999999951150e-01,9.999999999999951150e-01,9.999999999999951150e-01,9.999999999999951150e-01,9.999999999999951150e-01,9.999999999999951150e-01,9.999999999999951150e-01,9.999999999999951150e-01,9.999999999999951150e-01,9.999999999999951150e-01,9.999999999999951150e-01,9.999999999999951150e-01,9.999999999999951150e-01,9.999999999999951150e-01,9.999999999999951150e-01,9.999999999999951150e-01,9.999999999999951150e-01,9.999999999999951150e-01,9.999999999999951150e-01,9.999999999999951150e-01,9.999999999999951150e-01,9.999999999999951150e-01,9.999999999999951150e-01,9.999999999999951150e-01,9.999999999999951150e-01,9.999999999999951150e-01,9.999999999999951150e-01,9.999999999999951150e-01,9.999999999999951150e-01,9.999999999999951150e-01,9.999999999999951150e-01,9.999999999999951150e-01,9.999999999999951150e-01,9.999999999999951150e-01,9.999999999999951150e-01,9.999999999999951150e-01,9.999999999999951150e-01,9.999999999999951150e-01,9.999999999999951150e-01,9.999999999999951150e-01,9.999999999999951150e-01,9.999999999999951150e-01,9.999999999999951150e-01,9.999999999999951150e-01,9.999999999999951150e-01,9.999999999999951150e-01,9.999999999999951150e-01,9.999999999999951150e-01,9.999999999999951150e-01,9.999999999999951150e-01,9.999999999999951150e-01,9.999999999999951150e-01,9.999999999999951150e-01,9.999999999999951150e-01,9.999999999999951150e-01,9.999999999999951150e-01,9.999999999999951150e-01,9.999999999999951150e-01,9.999999999999951150e-01,9.999999999999951150e-01,9.999999999999951150e-01,9.999999999999951150e-01,9.999999999999951150e-01,9.999999999999951150e-01,9.999999999999951150e-01,9.999999999999951150e-01,9.999999999999951150e-01,9.999999999999951150e-01,9.999999999999951150e-01,9.999999999999951150e-01,9.999999999999951150e-01,9.999999999999951150e-01,9.999999999999951150e-01,9.999999999999951150e-01,9.999999999999951150e-01,9.999999999999951150e-01,9.999999999999951150e-01,9.999999999999951150e-01,9.999999999999951150e-01,9.999999999999951150e-01,9.999999999999951150e-01,9.999999999999951150e-01,9.999999999999951150e-01,9.999999999999951150e-01,9.999999999999951150e-01,9.999999999999951150e-01,9.999999999999951150e-01,9.999999999999951150e-01,9.999999999999951150e-01,9.999999999999951150e-01,9.999999999999951150e-01,9.999999999999951150e-01,9.999999999999951150e-01,9.999999999999951150e-01,9.999999999999951150e-01,9.999999999999951150e-01,9.999999999999951150e-01,9.999999999999951150e-01,9.999999999999951150e-01,9.999999999999951150e-01,9.999999999999951150e-01,9.999999999999951150e-01,9.999999999999951150e-01,9.999999999999951150e-01,9.999999999999951150e-01,9.999999999999951150e-01,9.999999999999951150e-01,9.999999999999951150e-01,9.999999999999951150e-01,9.999999999999951150e-01,9.999999999999951150e-01,9.999999999999951150e-01,9.999999999999951150e-01,9.999999999999951150e-01,9.999999999999951150e-01,9.999999999999951150e-01,9.999999999999951150e-01,9.999999999999951150e-01,9.999999999999951150e-01,9.999999999999951150e-01,9.999999999999951150e-01,9.999999999999951150e-01,9.999999999999951150e-01,9.999999999999951150e-01,9.999999999999951150e-01,9.999999999999951150e-01,9.999999999999951150e-01,9.999999999999951150e-01,9.999999999999951150e-01,9.999999999999951150e-01,9.999999999999951150e-01,9.999999999999951150e-01,9.999999999999951150e-01,9.999999999999951150e-01,9.999999999999951150e-01,9.999999999999951150e-01,9.999999999999951150e-01,9.999999999999951150e-01,9.999999999999951150e-01,9.999999999999951150e-01,9.999999999999951150e-01,9.999999999999951150e-01,9.999999999999951150e-01,9.999999999999951150e-01,9.999999999999951150e-01,9.999999999999951150e-01,9.999999999999951150e-01,9.999999999999951150e-01,9.999999999999951150e-01,9.999999999999951150e-01,9.999999999999951150e-01,9.999999999999951150e-01,9.999999999999951150e-01,9.999999999999951150e-01,9.999999999999951150e-01,9.999999999999951150e-01,9.999999999999951150e-01,9.999999999999951150e-01,9.999999999999951150e-01,9.999999999999951150e-01,9.999999999999951150e-01,9.999999999999951150e-01,9.999999999999951150e-01,9.999999999999951150e-01,9.999999999999951150e-01,9.999999999999951150e-01,9.999999999999951150e-01,9.999999999999951150e-01,9.999999999999951150e-01,9.999999999999951150e-01,9.999999999999951150e-01,9.999999999999951150e-01,9.999999999999951150e-01,9.999999999999951150e-01,9.999999999999951150e-01,9.999999999999951150e-01,9.999999999999951150e-01,9.999999999999951150e-01,9.999999999999951150e-01,9.999999999999951150e-01,9.999999999999951150e-01,9.999999999999951150e-01,9.999999999999951150e-01,9.999999999999951150e-01,9.999999999999951150e-01,9.999999999999951150e-01,9.999999999999951150e-01,9.999999999999951150e-01,9.999999999999951150e-01,9.999999999999951150e-01,9.999999999999951150e-01,9.999999999999951150e-01,9.999999999999951150e-01,9.999999999999951150e-01,9.999999999999951150e-01,9.999999999999951150e-01,9.999999999999951150e-01,9.999999999999951150e-01,9.999999999999951150e-01,9.999999999999951150e-01,9.999999999999951150e-01,9.999999999999951150e-01,9.999999999999951150e-01,9.999999999999951150e-01,9.999999999999951150e-01,9.999999999999951150e-01,9.999999999999951150e-01,9.999999999999951150e-01,9.999999999999951150e-01,9.999999999999951150e-01,9.999999999999951150e-01,9.999999999999951150e-01,9.999999999999951150e-01,9.999999999999951150e-01,9.999999999999951150e-01,9.999999999999951150e-01,9.999999999999951150e-01,9.999999999999951150e-01,9.999999999999951150e-01,9.999999999999951150e-01,9.999999999999951150e-01,9.999999999999951150e-01,9.999999999999951150e-01,9.999999999999951150e-01,9.999999999999951150e-01,9.999999999999951150e-01,9.999999999999951150e-01,9.999999999999951150e-01,9.999999999999951150e-01,9.999999999999951150e-01,9.999999999999951150e-01,9.999999999999951150e-01,9.999999999999951150e-01,9.999999999999951150e-01,9.999999999999951150e-01,9.999999999999951150e-01,9.999999999999951150e-01,9.999999999999951150e-01,9.999999999999951150e-01,9.999999999999951150e-01,9.999999999999951150e-01,9.999999999999951150e-01,9.999999999999951150e-01,9.999999999999951150e-01,9.999999999999951150e-01,9.999999999999951150e-01,9.999999999999951150e-01,9.999999999999951150e-01,9.999999999999951150e-01,9.999999999999951150e-01,9.999999999999951150e-01,9.999999999999951150e-01,9.999999999999951150e-01,9.999999999999951150e-01,9.999999999999951150e-01,9.999999999999951150e-01,9.999999999999951150e-01,9.999999999999951150e-01,9.999999999999951150e-01,9.999999999999951150e-01,9.999999999999951150e-01,9.999999999999951150e-01,9.999999999999951150e-01,9.999999999999951150e-01,9.999999999999951150e-01,9.999999999999951150e-01,9.999999999999951150e-01,9.999999999999951150e-01,9.999999999999951150e-01,9.999999999999951150e-01,9.999999999999951150e-01,9.999999999999951150e-01,9.999999999999951150e-01,9.999999999999951150e-01,9.999999999999951150e-01,9.999999999999951150e-01,9.999999999999951150e-01,9.999999999999951150e-01,9.999999999999951150e-01,9.999999999999951150e-01,9.999999999999951150e-01,9.999999999999951150e-01,9.999999999999951150e-01,9.999999999999951150e-01,9.999999999999951150e-01,9.999999999999951150e-01,9.999999999999951150e-01,9.999999999999951150e-01,9.999999999999951150e-01,9.999999999999951150e-01,9.999999999999951150e-01,9.999999999999951150e-01,9.999999999999951150e-01,9.999999999999951150e-01,9.999999999999951150e-01,9.999999999999951150e-01,9.999999999999951150e-01,9.999999999999951150e-01,9.999999999999951150e-01,9.999999999999951150e-01,9.999999999999951150e-01,9.999999999999951150e-01,9.999999999999951150e-01,9.999999999999951150e-01,9.999999999999951150e-01,9.999999999999951150e-01,9.999999999999951150e-01,9.999999999999951150e-01,9.999999999999951150e-01,9.999999999999951150e-01,9.999999999999951150e-01,9.999999999999951150e-01,9.999999999999951150e-01,9.999999999999951150e-01,9.999999999999951150e-01,9.999999999999951150e-01,9.999999999999951150e-01,9.999999999999951150e-01,9.999999999999951150e-01,9.999999999999951150e-01,9.999999999999951150e-01,9.999999999999951150e-01,9.999999999999951150e-01,9.999999999999951150e-01,9.999999999999951150e-01,9.999999999999951150e-01,9.999999999999951150e-01,9.999999999999951150e-01
9.999999999999973355e-01,9.952237886880346274e-01,9.952280467899902172e-01,9.952326372173564417e-01,9.952327819564134037e-01,9.952327952610664497e-01,9.952327978122876839e-01,9.952327985473075067e-01,9.952327988181579599e-01,9.952327989297209410e-01,9.952327989701743594e-01,9.952327989647483664e-01,9.952327989113129991e-01,9.952327987771819595e-01,9.952327984583448917e-01,9.952327975977877106e-01,9.952327946458265906e-01,9.952327796629863998e-01,9.952326243430555941e-01,9.952278971018538867e-01,9.952237886880346274e-01,9.999999999999973355e-01,9.952278971015385833e-01,9.952326243427997987e-01,9.952327796628277490e-01,9.952327946457451002e-01,9.952327975975568952e-01,9.952327984580032760e-01,9.952327987771382167e-01,9.952327989110948403e-01,9.952327989646033712e-01,9.952327989698843691e-01,9.952327989295434163e-01,9.952327988177904761e-01,9.952327985472053662e-01,9.952327978121121577e-01,9.952327952607186168e-01,9.952327819561469502e-01,9.952326372171860225e-01,9.952280467898899641e-01,9.952280467899902172e-01,9.952278971015385833e-01,9.999999999999973355e-01,9.952286848463515190e-01,9.952327774314092546e-01,9.952329344518006105e-01,9.952329494728562320e-01,9.952329523942609057e-01,9.952329532360075781e-01,9.952329535427311136e-01,9.952329536665616150e-01,9.952329537071504806e-01,9.952329536904743756e-01,9.952329536024032697e-01,9.952329533671478989e-01,9.952329527023857647e-01,9.952329503239023545e-01,9.952329375426370861e-01,9.952327948720093298e-01,9.952282167392451084e-01,9.952326372173564417e-01,9.952326243427997987e-01,9.952286848463515190e-01,9.999999999999973355e-01,9.952334136290257316e-01,9.952373680466093386e-01,9.952375143642961941e-01,9.952375276619742639e-01,9.952375301613006764e-01,9.952375308644033636e-01,9.952375311124287416e-01,9.952375312008135966e-01,9.952375312063358459e-01,9.952375311312458006e-01,9.952375309066479048e-01,9.952375302549831826e-01,9.952375278989079588e-01,9.952375151659763608e-01,9.952373726205040461e-01,9.952327948720864903e-01,9.952327819564134037e-01,9.952327796628277490e-01,9.952327774314092546e-01,9.952334136290257316e-01,9.999999999999973355e-01,9.952335690706156646e-01,9.952375128534793891e-01,9.952376574688599487e-01,9.952376703494792975e-01,9.952376727116372113e-01,9.952376733566087319e-01,9.952376735694289378e-01,9.952376736228423226e-01,9.952376735700014798e-01,9.952376733583978563e-01,9.952376727173323223e-01,9.952376703742842334e-01,9.952376576635852956e-01,9.952375151660667330e-01,9.952329375428079494e-01,9.952327952610664497e-01,9.952327946457451002e-01,9.952329344518006105e-01,9.952373680466093386e-01,9.952335690706156646e-01,9.999999999999973355e-01,9.952335841289500218e-01,9.952375261933175121e-01,9.952376703916039347e-01,9.952376831351632536e-01,9.952376854392205319e-01,9.952376860489868804e-01,9.952376862268671465e-01,9.952376862219087794e-01,9.952376860325353736e-01,9.952376854044940879e-01,9.952376830720356393e-01,9.952376703743505137e-01,9.952375278990837071e-01,9.952329503241308384e-01,9.952327978122876839e-01,9.952327975975568952e-01,9.952329494728562320e-01,9.952375143642961941e-01,9.952375128534793891e-01,9.952335841289500218e-01,9.999999999999973355e-01,9.952335871184331273e-01,9.952375287613157706e-01,9.952376728224326952e-01,9.952376855078880480e-01,9.952376877767538099e-01,9.952376883515543504e-01,9.952376884710669724e-01,9.952376883296008003e-01,9.952376877237797403e-01,9.952376854043316623e-01,9.952376727172548287e-01,9.952375302549821834e-01,9.952329527024791345e-01,9.952327985473075067e-01,9.952327984580032760e-01,9.952329523942609057e-01,9.952375276619742639e-01,9.952376574688599487e-01,9.952375261933175121e-01,9.952335871184331273e-01,9.999999999999973355e-01,9.952335879965039656e-01,9.952375295008459855e-01,9.952376735038321875e-01,9.952376861540755959e-01,9.952376883880019731e-01,9.952376889044360908e-01,9.952376888874245875e-01,9.952376883295076526e-01,9.952376860322940111e-01,9.952376733582145585e-01,9.952375309065728537e-01,9.952329533671394612e-01,9.952327988181579599e-01,9.952327987771382167e-01,9.952329532360075781e-01,9.952375301613006764e-01,9.952376703494792975e-01,9.952376703916039347e-01,9.952375287613157706e-01,9.952335879965039656e-01,9.999999999999973355e-01,9.952335883205051248e-01,9.952375297661784082e-01,9.952376737339405643e-01,9.952376863492392589e-01,9.952376885247916638e-01,9.952376889047147568e-01,9.952376884712533789e-01,9.952376862219457498e-01,9.952376735700990684e-01,9.952375311314430872e-01,9.952329536026741641e-01,9.952327989297209410e-01,9.952327989110948403e-01,9.952329535427311136e-01,9.952375308644033636e-01,9.952376727116372113e-01,9.952376831351632536e-01,9.952376728224326952e-01,9.952375295008459855e-01,9.952335883205051248e-01,9.999999999999973355e-01,9.952335884490851603e-01,9.952375298593182373e-01,9.952376737921295735e-01,9.952376863490526304e-01,9.952376883880984515e-01,9.952376883515627881e-01,9.952376862267052759e-01,9.952376736227750431e-01,9.952375312063442836e-01,9.952329536905666352e-01,9.952327989701743594e-01,9.952327989646033712e-01,9.952329536665616150e-01,9.952375311124287416e-01,9.952376733566087319e-01,9.952376854392205319e-01,9.952376855078880480e-01,9.952376735038321875e-01,9.952375297661784082e-01,9.952335884490851603e-01,9.999999999999973355e-01,9.952335884841946312e-01,9.952375298594190456e-01,9.952376737338571866e-01,9.952376861542652220e-01,9.952376877768569496e-01,9.952376860489360322e-01,9.952376735694410392e-01,9.952375312009300590e-01,9.952329537073293375e-01,9.952327989647483664e-01,9.952327989698843691e-01,9.952329537071504806e-01,9.952375312008135966e-01,9.952376735694289378e-01,9.952376860489868804e-01,9.952376877767538099e-01,9.952376861540755959e-01,9.952376737339405643e-01,9.952375298593182373e-01,9.952335884841946312e-01,9.999999999999973355e-01,9.952335884490299822e-01,9.952375297659425968e-01,9.952376735038721556e-01,9.952376855078344242e-01,9.952376854390244665e-01,9.952376733564783917e-01,9.952375311124023183e-01,9.952329536665910359e-01,9.952327989113129991e-01,9.952327989295434163e-01,9.952329536904743756e-01,9.952375312063358459e-01,9.952376736228423226e-01,9.952376862268671465e-01,9.952376883515543504e-01,9.952376883880019731e-01,9.952376863492392589e-01,9.952376737921295735e-01,9.952375298594190456e-01,9.952335884490299822e-01,9.999999999999973355e-01,9.952335883203643485e-01,9.952375295009900924e-01,9.952376728224781033e-01,9.952376831350494557e-01,9.952376727116069022e-01,9.952375308644680896e-01,9.952329535428653395e-01,9.952327987771819595e-01,9.952327988177904761e-01,9.952329536024032697e-01,9.952375311312458006e-01,9.952376735700014798e-01,9.952376862219087794e-01,9.952376884710669724e-01,9.952376889044360908e-01,9.952376885247916638e-01,9.952376863490526304e-01,9.952376737338571866e-01,9.952375297659425968e-01,9.952335883203643485e-01,9.999999999999973355e-01,9.952335879964833154e-01,9.952375287611739951e-01,9.952376703913098366e-01,9.952376703492622489e-01,9.952375301611738889e-01,9.952329532359643904e-01,9.952327984583448917e-01,9.952327985472053662e-01,9.952329533671478989e-01,9.952375309066479048e-01,9.952376733583978563e-01,9.952376860325353736e-01,9.952376883296008003e-01,9.952376888874245875e-01,9.952376889047147568e-01,9.952376883880984515e-01,9.952376861542652220e-01,9.952376735038721556e-01,9.952375295009900924e-01,9.952335879964833154e-01,9.999999999999973355e-01,9.952335871185514771e-01,9.952375261933018580e-01,9.952376574689189015e-01,9.952375276621383549e-01,9.952329523944835055e-01,9.952327975977877106e-01,9.952327978121121577e-01,9.952329527023857647e-01,9.952375302549831826e-01,9.952376727173323223e-01,9.952376854044940879e-01,9.952376877237797403e-01,9.952376883295076526e-01,9.952376884712533789e-01,9.952376883515627881e-01,9.952376877768569496e-01,9.952376855078344242e-01,9.952376728224781033e-01,9.952375287611739951e-01,9.952335871185514771e-01,9.999999999999973355e-01,9.952335841288323381e-01,9.952375128534455273e-01,9.952375143643660271e-01,9.952329494729913462e-01,9.952327946458265906e-01,9.952327952607186168e-01,9.952329503239023545e-01,9.952375278989079588e-01,9.952376703742842334e-01,9.952376830720356393e-01,9.952376854043316623e-01,9.952376860322940111e-01,9.952376862219457498e-01,9.952376862267052759e-01,9.952376860489360322e-01,9.952376854390244665e-01,9.952376831350494557e-01,9.952376703913098366e-01,9.952375261933018580e-01,9.952335841288323381e-01,9.999999999999973355e-01,9.952335690703982829e-01,9.952373680465128603e-01,9.952329344517760745e-01,9.952327796629863998e-01,9.952327819561469502e-01,9.952329375426370861e-01,9.952375151659763608e-01,9.952376576635852956e-01,9.952376703743505137e-01,9.952376727172548287e-01,9.952376733582145585e-01,9.952376735700990684e-01,9.952376736227750431e-01,9.952376735694410392e-01,9.952376733564783917e-01,9.952376727116069022e-01,9.952376703492622489e-01,9.952376574689189015e-01,9.952375128534455273e-01,9.952335690703982829e-01,9.999999999999973355e-01,9.952334136290131861e-01,9.952327774314589925e-01,9.952326243430555941e-01,9.952326372171860225e-01,9.952327948720093298e-01,9.952373726205040461e-01,9.952375151660667330e-01,9.952375278990837071e-01,9.952375302549821834e-01,9.952375309065728537e-01,9.952375311314430872e-01,9.952375312063442836e-01,9.952375312009300590e-01,9.952375311124023183e-01,9.952375308644680896e-01,9.952375301611738889e-01,9.952375276621383549e-01,9.952375143643660271e-01,9.952373680465128603e-01,9.952334136290131861e-01,9.999999999999973355e-01,9.952286848465127234e-01,9.952278971018538867e-01,9.952280467898899641e-01,9.952282167392451084e-01,9.952327948720864903e-01,9.952329375428079494e-01,9.952329503241308384e-01,9.952329527024791345e-01,9.952329533671394612e-01,9.952329536026741641e-01,9.952329536905666352e-01,9.952329537073293375e-01,9.952329536665910359e-01,9.952329535428653395e-01,9.952329532359643904e-01,9.952329523944835055e-01,9.952329494729913462e-01,9.952329344517760745e-01,9.952327774314589925e-01,9.952286848465127234e-01,9.999999999999973355e-01
9.999999999999976685e-01,9.905043814818809134e-01,9.905211630060075656e-01,9.905392266418423519e-01,9.905397637616975004e-01,9.905398138195579127e-01,9.905398235755979996e-01,9.905398264067201142e-01,9.905398274532505321e-01,9.905398278850698901e-01,9.905398280415662615e-01,9.905398280209416484e-01,9.905398278132167000e-01,9.905398272928855885e-01,9.905398260583844205e-01,9.905398227374812015e-01,9.905398114202738080e-01,9.905397548456287282e-01,9.905391768035939348e-01,9.905205735139032130e-01,9.905043814818809134e-01,9.999999999999976685e-01,9.905205735132663891e-01,9.905391768026995392e-01,9.905397548448798828e-01,9.905398114198374904e-01,9.905398227368699127e-01,9.905398260577003011e-01,9.905398272929463177e-01,9.905398278123549449e-01,9.905398280199355643e-01,9.905398280412212042e-01,9.905398278847312721e-01,9.905398274519275903e-01,9.905398264060271130e-01,9.905398235749749425e-01,9.905398138186836121e-01,9.905397637611313977e-01,9.905392266414427827e-01,9.905211630053970540e-01,9.905211630060075656e-01,9.905205735132663891e-01,9.999999999999976685e-01,9.905236181921976968e-01,9.905397350564734138e-01,9.905403302688190470e-01,9.905403876022635945e-01,9.905403988658240122e-01,9.905404021258114033e-01,9.905404033163538458e-01,9.905404037975688025e-01,9.905404039563471263e-01,9.905404038921034049e-01,9.905404035516274242e-01,9.905404026433793918e-01,9.905404000860736913e-01,9.905403910019194846e-01,9.905403429739798593e-01,9.905398138494910798e-01,9.905217979194969047e-01,9.905392266418423519e-01,9.905391768026995392e-01,9.905236181921976968e-01,9.999999999999976685e-01,9.905422289067025154e-01,9.905577994939008812e-01,9.905583533305631905e-01,9.905584039818846609e-01,9.905584136021845509e-01,9.905584163215604976e-01,9.905584172829426937e-01,9.905584176267765439e-01,9.905584176485748849e-01,9.905584173585191277e-01,9.905584164918292966e-01,9.905584139857760428e-01,9.905584049893193521e-01,9.905583571501316298e-01,9.905578285085638868e-01,9.905398138492869098e-01,9.905397637616975004e-01,9.905397548448798828e-01,9.905397350564734138e-01,9.905422289067025154e-01,9.999999999999976685e-01,9.905428070417851005e-01,9.905583368033641367e-01,9.905588841227144226e-01,9.905589331697324251e-01,9.905589422609362149e-01,9.905589447554743465e-01,9.905589455813317290e-01,9.905589457889600880e-01,9.905589455853349712e-01,9.905589447691673932e-01,9.905589423043328345e-01,9.905589333585389511e-01,9.905588856057432334e-01,9.905583571502792894e-01,9.905403429739446652e-01,9.905398138195579127e-01,9.905398114198374904e-01,9.905403302688190470e-01,9.905577994939008812e-01,9.905428070417851005e-01,9.999999999999976685e-01,9.905428638602586933e-01,9.905583869786346307e-01,9.905589326933703642e-01,9.905589812120040305e-01,9.905589900785922719e-01,9.905589924376503319e-01,9.905589931274425552e-01,9.905589931096414613e-01,9.905589923798298058e-01,9.905589899656110919e-01,9.905589810610022639e-01,9.905589333587958567e-01,9.905584049897999677e-01,9.905403910021001179e-01,9.905398235755979996e-01,9.905398227368699127e-01,9.905403876022635945e-01,9.905583533305631905e-01,9.905583368033641367e-01,9.905428638602586933e-01,9.999999999999976685e-01,9.905428753133115327e-01,9.905583967931935740e-01,9.905589419787562688e-01,9.905589902727622853e-01,9.905589990039451731e-01,9.905590012268481459e-01,9.905590016912219076e-01,9.905590011473044409e-01,9.905589988193963524e-01,9.905589899653810537e-01,9.905589423044287578e-01,9.905584139859592296e-01,9.905404000861323111e-01,9.905398264067201142e-01,9.905398260577003011e-01,9.905403988658240122e-01,9.905584039818846609e-01,9.905588841227144226e-01,9.905583869786346307e-01,9.905428753133115327e-01,9.999999999999976685e-01,9.905428786992277468e-01,9.905583996392504087e-01,9.905589445999605225e-01,9.905589927584759202e-01,9.905590013535875427e-01,9.905590033510685011e-01,9.905590032892764851e-01,9.905590011472887868e-01,9.905589923796235263e-01,9.905589447692021432e-01,9.905584164920715473e-01,9.905404026433719533e-01,9.905398274532505321e-01,9.905398272929463177e-01,9.905404021258114033e-01,9.905584136021845509e-01,9.905589331697324251e-01,9.905589326933703642e-01,9.905583967931935740e-01,9.905428786992277468e-01,9.999999999999976685e-01,9.905428799521494021e-01,9.905584006631936722e-01,9.905589454883058087e-01,9.905589935107156352e-01,9.905590018803962504e-01,9.905590033517592818e-01,9.905590016918984775e-01,9.905589931101398404e-01,9.905589455860739356e-01,9.905584173594417230e-01,9.905404035523310835e-01,9.905398278850698901e-01,9.905398278123549449e-01,9.905404033163538458e-01,9.905584163215604976e-01,9.905589422609362149e-01,9.905589812120040305e-01,9.905589419787562688e-01,9.905583996392504087e-01,9.905428799521494021e-01,9.999999999999976685e-01,9.905428804500111539e-01,9.905584010237937775e-01,9.905589457127785824e-01,9.905589935097511844e-01,9.905590013533233096e-01,9.905590012265921285e-01,9.905589931269338511e-01,9.905589457888009930e-01,9.905584176485059400e-01,9.905404038918753651e-01,9.905398280415662615e-01,9.905398280199355643e-01,9.905404037975688025e-01,9.905584172829426937e-01,9.905589447554743465e-01,9.905589900785922719e-01,9.905589902727622853e-01,9.905589445999605225e-01,9.905584006631936722e-01,9.905428804500111539e-01,9.999999999999976685e-01,9.905428805865580388e-01,9.905584010237775683e-01,9.905589454873127142e-01,9.905589927581472942e-01,9.905589990036369752e-01,9.905589924371546173e-01,9.905589455810606125e-01,9.905584176267104857e-01,9.905404039560493645e-01,9.905398280209416484e-01,9.905398280412212042e-01,9.905404039563471263e-01,9.905584176267765439e-01,9.905589455813317290e-01,9.905589924376503319e-01,9.905589990039451731e-01,9.905589927584759202e-01,9.905589454883058087e-01,9.905584010237937775e-01,9.905428805865580388e-01,9.999999999999976685e-01,9.905428804506053453e-01,9.905584006628207483e-01,9.905589446002743825e-01,9.905589902730483898e-01,9.905589900787339364e-01,9.905589447558681426e-01,9.905584172835278922e-01,9.905404037978914333e-01,9.905398278132167000e-01,9.905398278847312721e-01,9.905404038921034049e-01,9.905584176485748849e-01,9.905589457889600880e-01,9.905589931274425552e-01,9.905590012268481459e-01,9.905590013535875427e-01,9.905589935107156352e-01,9.905589457127785824e-01,9.905584010237775683e-01,9.905428804506053453e-01,9.999999999999976685e-01,9.905428799517230765e-01,9.905583996395553870e-01,9.905589419790118422e-01,9.905589812120366711e-01,9.905589422613001460e-01,9.905584163220828575e-01,9.905404033166692601e-01,9.905398272928855885e-01,9.905398274519275903e-01,9.905404035516274242e-01,9.905584173585191277e-01,9.905589455853349712e-01,9.905589931096414613e-01,9.905590016912219076e-01,9.905590033510685011e-01,9.905590018803962504e-01,9.905589935097511844e-01,9.905589454873127142e-01,9.905584006628207483e-01,9.905428799517230765e-01,9.999999999999976685e-01,9.905428786986165690e-01,9.905583967924598277e-01,9.905589326924628679e-01,9.905589331691180277e-01,9.905584136017265839e-01,9.905404021251857927e-01,9.905398260583844205e-01,9.905398264060271130e-01,9.905404026433793918e-01,9.905584164918292966e-01,9.905589447691673932e-01,9.905589923798298058e-01,9.905590011473044409e-01,9.905590032892764851e-01,9.905590033517592818e-01,9.905590013533233096e-01,9.905589927581472942e-01,9.905589446002743825e-01,9.905583996395553870e-01,9.905428786986165690e-01,9.999999999999976685e-01,9.905428753132051733e-01,9.905583869784083673e-01,9.905588841227817021e-01,9.905584039821594411e-01,9.905403988658278980e-01,9.905398227374812015e-01,9.905398235749749425e-01,9.905404000860736913e-01,9.905584139857760428e-01,9.905589423043328345e-01,9.905589899656110919e-01,9.905589988193963524e-01,9.905590011472887868e-01,9.905590016918984775e-01,9.905590012265921285e-01,9.905589990036369752e-01,9.905589902730483898e-01,9.905589419790118422e-01,9.905583967924598277e-01,9.905428753132051733e-01,9.999999999999976685e-01,9.905428638599939051e-01,9.905583368034154290e-01,9.905583533307981137e-01,9.905403876022764731e-01,9.905398114202738080e-01,9.905398138186836121e-01,9.905403910019194846e-01,9.905584049893193521e-01,9.905589333585389511e-01,9.905589810610022639e-01,9.905589899653810537e-01,9.905589923796235263e-01,9.905589931101398404e-01,9.905589931269338511e-01,9.905589924371546173e-01,9.905589900787339364e-01,9.905589812120366711e-01,9.905589326924628679e-01,9.905583869784083673e-01,9.905428638599939051e-01,9.999999999999976685e-01,9.905428070415442932e-01,9.905577994938787878e-01,9.905403302686213163e-01,9.905397548456287282e-01,9.905397637611313977e-01,9.905403429739798593e-01,9.905583571501316298e-01,9.905588856057432334e-01,9.905589333587958567e-01,9.905589423044287578e-01,9.905589447692021432e-01,9.905589455860739356e-01,9.905589457888009930e-01,9.905589455810606125e-01,9.905589447558681426e-01,9.905589422613001460e-01,9.905589331691180277e-01,9.905588841227817021e-01,9.905583368034154290e-01,9.905428070415442932e-01,9.999999999999976685e-01,9.905422289070443531e-01,9.905397350565544601e-01,9.905391768035939348e-01,9.905392266414427827e-01,9.905398138494910798e-01,9.905578285085638868e-01,9.905583571502792894e-01,9.905584049897999677e-01,9.905584139859592296e-01,9.905584164920715473e-01,9.905584173594417230e-01,9.905584176485059400e-01,9.905584176267104857e-01,9.905584172835278922e-01,9.905584163220828575e-01,9.905584136017265839e-01,9.905584039821594411e-01,9.905583533307981137e-01,9.905577994938787878e-01,9.905422289070443531e-01,9.999999999999976685e-01,9.905236181925081151e-01,9.905205735139032130e-01,9.905211630053970540e-01,9.905217979194969047e-01,9.905398138492869098e-01,9.905403429739446652e-01,9.905403910021001179e-01,9.905404000861323111e-01,9.905404026433719533e-01,9.905404035523310835e-01,9.905404038918753651e-01,9.905404039560493645e-01,9.905404037978914333e-01,9.905404033166692601e-01,9.905404021251857927e-01,9.905403988658278980e-01,9.905403876022764731e-01,9.905403302686213163e-01,9.905397350565544601e-01,9.905236181925081151e-01,9.999999999999976685e-01
1.000000000000001998e+00,9.858406431688807592e-01,9.858778503446008479e-01,9.859178396972864133e-01,9.859189581466192287e-01,9.859190642194329834e-01,9.859190852286980888e-01,9.859190913666949774e-01,9.859190936432057351e-01,9.859190945832827513e-01,9.859190949239969859e-01,9.859190948795548692e-01,9.859190944257832934e-01,9.859190932893922010e-01,9.859190906000803167e-01,9.859190833862163661e-01,9.859190589534769789e-01,9.859189386394228150e-01,9.859177311619069517e-01,9.858765443352626168e-01,9.858406431688807592e-01,1.000000000000001998e+00,9.858765443336556800e-01,9.859177311587825621e-01,9.859189386368034658e-01,9.859190589521921178e-01,9.859190833844051483e-01,9.859190905983513664e-01,9.859190932897677895e-01,9.859190944225999509e-01,9.859190948759022355e-01,9.859190949236819046e-01,9.859190945826625807e-01,9.859190936389534698e-01,9.859190913644394483e-01,9.859190852266918048e-01,9.859190642168204066e-01,9.859189581453146056e-01,9.859178396965139202e-01,9.858778503423674122e-01,9.858778503446008479e-01,9.858765443336556800e-01,1.000000000000001998e+00,9.858831639359419974e-01,9.859188708881456709e-01,9.859201391761285294e-01,9.859202623880259919e-01,9.859202868352608951e-01,9.859202939418422185e-01,9.859202965418946141e-01,9.859202975942216174e-01,9.859202979433688840e-01,9.859202978046746058e-01,9.859202970634355356e-01,9.859202950906701401e-01,9.859202895525537302e-01,9.859202700128312236e-01,9.859201683709901687e-01,9.859190673123017223e-01,9.858791820806086514e-01,9.859178396972864133e-01,9.859177311587825621e-01,9.858831639359419974e-01,1.000000000000001998e+00,9.859243705041873529e-01,9.859588625686929175e-01,9.859600408495607926e-01,9.859601494765017904e-01,9.859601703240565840e-01,9.859601762431668970e-01,9.859601783403932895e-01,9.859601790926757481e-01,9.859601791416253702e-01,9.859601785106661964e-01,9.859601766290725378e-01,9.859601712036718535e-01,9.859601518570195733e-01,9.859600506290475685e-01,9.859589506107222512e-01,9.859190673108402247e-01,9.859189581466192287e-01,9.859189386368034658e-01,9.859188708881456709e-01,9.859243705041873529e-01,1.000000000000001998e+00,9.859255773522845878e-01,9.859599812842489985e-01,9.859611455239253308e-01,9.859612506786893382e-01,9.859612703765864294e-01,9.859612758069030702e-01,9.859612776101286391e-01,9.859612780648948638e-01,9.859612776227978381e-01,9.859612758517343201e-01,9.859612705166324043e-01,9.859612512807188756e-01,9.859611502416986140e-01,9.859600506295620459e-01,9.859201683700836716e-01,9.859190642194329834e-01,9.859190589521921178e-01,9.859201391761285294e-01,9.859588625686929175e-01,9.859255773522845878e-01,1.000000000000001998e+00,9.859256980958484018e-01,9.859600875732807967e-01,9.859612483396585914e-01,9.859613523467815055e-01,9.859613715565739289e-01,9.859613766931162315e-01,9.859613781990632653e-01,9.859613781628304707e-01,9.859613765805610441e-01,9.859613713560632098e-01,9.859613522103918282e-01,9.859612512819841967e-01,9.859601518588902991e-01,9.859202700131380892e-01,9.859190852286980888e-01,9.859190833844051483e-01,9.859202623880259919e-01,9.859600408495607926e-01,9.859599812842489985e-01,9.859256980958484018e-01,1.000000000000001998e+00,9.859257228032138887e-01,9.859601086970429806e-01,9.859612683133646138e-01,9.859613718323495535e-01,9.859613907484960915e-01,9.859613955876772584e-01,9.859613966026368193e-01,9.859613954262810287e-01,9.859613903905175558e-01,9.859613713554620240e-01,9.859612705173753655e-01,9.859601712048534639e-01,9.859202895523859755e-01,9.859190913666949774e-01,9.859190905983513664e-01,9.859202868352608951e-01,9.859601494765017904e-01,9.859611455239253308e-01,9.859600875732807967e-01,9.859257228032138887e-01,1.000000000000001998e+00,9.859257301529492645e-01,9.859601148617621602e-01,9.859612739891532307e-01,9.859613772143729360e-01,9.859613958332240635e-01,9.859614001814070994e-01,9.859614000562005875e-01,9.859613954264241364e-01,9.859613765801323870e-01,9.859612758525676535e-01,9.859601766304783022e-01,9.859202950905606722e-01,9.859190936432057351e-01,9.859190932897677895e-01,9.859202939418422185e-01,9.859601703240565840e-01,9.859612506786893382e-01,9.859612483396585914e-01,9.859601086970429806e-01,9.859257301529492645e-01,1.000000000000001998e+00,9.859257328798978204e-01,9.859601170864051856e-01,9.859612759196627607e-01,9.859613788475425356e-01,9.859613969754145169e-01,9.859614001834704489e-01,9.859613966048457190e-01,9.859613781644979147e-01,9.859612776257142830e-01,9.859601785141460795e-01,9.859202970654373788e-01,9.859190945832827513e-01,9.859190944225999509e-01,9.859202965418946141e-01,9.859601762431668970e-01,9.859612703765864294e-01,9.859613523467815055e-01,9.859612683133646138e-01,9.859601148617621602e-01,9.859257328798978204e-01,1.000000000000001998e+00,9.859257339642537588e-01,9.859601178712413816e-01,9.859612764070796453e-01,9.859613788439521853e-01,9.859613958316970628e-01,9.859613955863214541e-01,9.859613781970849589e-01,9.859612780642658114e-01,9.859601791414610572e-01,9.859202978031185172e-01,9.859190949239969859e-01,9.859190948759022355e-01,9.859202975942216174e-01,9.859601783403932895e-01,9.859612758069030702e-01,9.859613715565739289e-01,9.859613718323495535e-01,9.859612739891532307e-01,9.859601170864051856e-01,9.859257339642537588e-01,1.000000000000001998e+00,9.859257342628243714e-01,9.859601178709275215e-01,9.859612759157230233e-01,9.859613772124620201e-01,9.859613907467786875e-01,9.859613766908504884e-01,9.859612776090707076e-01,9.859601790922022380e-01,9.859202979414356527e-01,9.859190948795548692e-01,9.859190949236819046e-01,9.859202979433688840e-01,9.859601790926757481e-01,9.859612776101286391e-01,9.859613766931162315e-01,9.859613907484960915e-01,9.859613772143729360e-01,9.859612759196627607e-01,9.859601178712413816e-01,9.859257342628243714e-01,1.000000000000001998e+00,9.859257339672287124e-01,9.859601170857497099e-01,9.859612739905571077e-01,9.859613718338814392e-01,9.859613715576075466e-01,9.859612758091816920e-01,9.859601783432294653e-01,9.859202975955699833e-01,9.859190944257832934e-01,9.859190945826625807e-01,9.859202978046746058e-01,9.859601791416253702e-01,9.859612780648948638e-01,9.859613781990632653e-01,9.859613955876772584e-01,9.859613958332240635e-01,9.859613788475425356e-01,9.859612764070796453e-01,9.859601178709275215e-01,9.859257339672287124e-01,1.000000000000001998e+00,9.859257328788672003e-01,9.859601148628683864e-01,9.859612683145355660e-01,9.859613523473742536e-01,9.859612703785329835e-01,9.859601762456317031e-01,9.859202965429252341e-01,9.859190932893922010e-01,9.859190936389534698e-01,9.859202970634355356e-01,9.859601785106661964e-01,9.859612776227978381e-01,9.859613781628304707e-01,9.859613966026368193e-01,9.859614001814070994e-01,9.859613969754145169e-01,9.859613788439521853e-01,9.859612759157230233e-01,9.859601170857497099e-01,9.859257328788672003e-01,1.000000000000001998e+00,9.859257301504646964e-01,9.859601086946035986e-01,9.859612483366713143e-01,9.859612506770140117e-01,9.859601703229129432e-01,9.859202939392911480e-01,9.859190906000803167e-01,9.859190913644394483e-01,9.859202950906701401e-01,9.859601766290725378e-01,9.859612758517343201e-01,9.859613765805610441e-01,9.859613954262810287e-01,9.859614000562005875e-01,9.859614001834704489e-01,9.859613958316970628e-01,9.859613772124620201e-01,9.859612739905571077e-01,9.859601148628683864e-01,9.859257301504646964e-01,1.000000000000001998e+00,9.859257228027643594e-01,9.859600875723637525e-01,9.859611455243102451e-01,9.859601494774620223e-01,9.859202868347076709e-01,9.859190833862163661e-01,9.859190852266918048e-01,9.859202895525537302e-01,9.859601712036718535e-01,9.859612705166324043e-01,9.859613713560632098e-01,9.859613903905175558e-01,9.859613954264241364e-01,9.859613966048457190e-01,9.859613955863214541e-01,9.859613907467786875e-01,9.859613718338814392e-01,9.859612683145355660e-01,9.859601086946035986e-01,9.859257228027643594e-01,1.000000000000001998e+00,9.859256980950419358e-01,9.859599812847765765e-01,9.859600408506268288e-01,9.859202623876407445e-01,9.859190589534769789e-01,9.859190642168204066e-01,9.859202700128312236e-01,9.859601518570195733e-01,9.859612512807188756e-01,9.859613522103918282e-01,9.859613713554620240e-01,9.859613765801323870e-01,9.859613781644979147e-01,9.859613781970849589e-01,9.859613766908504884e-01,9.859613715576075466e-01,9.859613523473742536e-01,9.859612483366713143e-01,9.859600875723637525e-01,9.859256980950419358e-01,1.000000000000001998e+00,9.859255773521513611e-01,9.859588625691164676e-01,9.859201391751479804e-01,9.859189386394228150e-01,9.859189581453146056e-01,9.859201683709901687e-01,9.859600506290475685e-01,9.859611502416986140e-01,9.859612512819841967e-01,9.859612705173753655e-01,9.859612758525676535e-01,9.859612776257142830e-01,9.859612780642658114e-01,9.859612776090707076e-01,9.859612758091816920e-01,9.859612703785329835e-01,9.859612506770140117e-01,9.859611455243102451e-01,9.859599812847765765e-01,9.859255773521513611e-01,1.000000000000001998e+00,9.859243705060370955e-01,9.859188708884705221e-01,9.859177311619069517e-01,9.859178396965139202e-01,9.859190673123017223e-01,9.859589506107222512e-01,9.859600506295620459e-01,9.859601518588902991e-01,9.859601712048534639e-01,9.859601766304783022e-01,9.859601785141460795e-01,9.859601791414610572e-01,9.859601790922022380e-01,9.859601783432294653e-01,9.859601762456317031e-01,9.859601703229129432e-01,9.859601494774620223e-01,9.859600408506268288e-01,9.859588625691164676e-01,9.859243705060370955e-01,1.000000000000001998e+00,9.858831639368734745e-01,9.858765443352626168e-01,9.858778503423674122e-01,9.858791820806086514e-01,9.859190673108402247e-01,9.859201683700836716e-01,9.859202700131380892e-01,9.859202895523859755e-01,9.859202950905606722e-01,9.859202970654373788e-01,9.859202978031185172e-01,9.859202979414356527e-01,9.859202975955699833e-01,9.859202965429252341e-01,9.859202939392911480e-01,9.859202868347076709e-01,9.859202623876407445e-01,9.859201391751479804e-01,9.859188708884705221e-01,9.858831639368734745e-01,1.000000000000001998e+00
