1.000000000000001332e+00,1.000000000000001332e+00,1.000000000000001332e+00,1.000000000000001332e+00,1.000000000000001332e+00,1.000000000000001332e+00,1.000000000000001332e+00,1.000000000000001332e+00,1.000000000000001332e+00,1.000000000000001332e+00,1.000000000000001332e+00,1.000000000000001332e+00,1.000000000000001332e+00,1.000000000000001332e+00,1.000000000000001332e+00,1.000000000000001332e+00,1.000000000000001332e+00,1.000000000000001332e+00,1.000000000000001332e+00,1.000000000000001332e+00,1.000000000000001332e+00,1.000000000000001332e+00,1.000000000000001332e+00,1.000000000000001332e+00,1.000000000000001332e+00,1.000000000000001332e+00,1.000000000000001332e+00,1.000000000000001332e+00,1.000000000000001332e+00,1.000000000000001332e+00,1.000000000000001332e+00,1.000000000000001332e+00,1.000000000000001332e+00,1.000000000000001332e+00,1.000000000000001332e+00,1.000000000000001332e+00,1.000000000000001332e+00,1.000000000000001332e+00,1.000000000000001332e+00,1.000000000000001332e+00,1.000000000000001332e+00,1.000000000000001332e+00,1.000000000000001332e+00,1.000000000000001332e+00,1.000000000000001332e+00,1.000000000000001332e+00,1.000000000000001332e+00,1.000000000000001332e+00,1.000000000000001332e+00,1.000000000000001332e+00,1.000000000000001332e+00,1.000000000000001332e+00,1.000000000000001332e+00,1.000000000000001332e+00,1.000000000000001332e+00,1.000000000000001332e+00,1.000000000000001332e+00,1.000000000000001332e+00,1.000000000000001332e+00,1.000000000000001332e+00,1.000000000000001332e+00,1.000000000000001332e+00,1.000000000000001332e+00,1.000000000000001332e+00,1.000000000000001332e+00,1.000000000000001332e+00,1.000000000000001332e+00,1.000000000000001332e+00,1.000000000000001332e+00,1.000000000000001332e+00,1.000000000000001332e+00,1.000000000000001332e+00,1.000000000000001332e+00,1.000000000000001332e+00,1.000000000000001332e+00,1.000000000000001332e+00,1.000000000000001332e+00,1.000000000000001332e+00,1.000000000000001332e+00,1.000000000000001332e+00,1.000000000000001332e+00,1.000000000000001332e+00,1.000000000000001332e+00,1.000000000000001332e+00,1.000000000000001332e+00,1.000000000000001332e+00,1.000000000000001332e+00,1.000000000000001332e+00,1.000000000000001332e+00,1.000000000000001332e+00,1.000000000000001332e+00,1.000000000000001332e+00,1.000000000000001332e+00,1.000000000000001332e+00,1.000000000000001332e+00,1.000000000000001332e+00,1.000000000000001332e+00,1.000000000000001332e+00,1.000000000000001332e+00,1.000000000000001332e+00,1.000000000000001332e+00,1.000000000000001332e+00,1.000000000000001332e+00,1.000000000000001332e+00,1.000000000000001332e+00,1.000000000000001332e+00,1.000000000000001332e+00,1.000000000000001332e+00,1.000000000000001332e+00,1.000000000000001332e+00,1.000000000000001332e+00,1.000000000000001332e+00,1.000000000000001332e+00,1.000000000000001332e+00,1.000000000000001332e+00,1.000000000000001332e+00,1.000000000000001332e+00,1.000000000000001332e+00,1.000000000000001332e+00,1.000000000000001332e+00,1.000000000000001332e+00,1.000000000000001332e+00,1.000000000000001332e+00,1.000000000000001332e+00,1.000000000000001332e+00,1.000000000000001332e+00,1.000000000000001332e+00,1.000000000000001332e+00,1.000000000000001332e+00,1.000000000000001332e+00,1.000000000000001332e+00,1.000000000000001332e+00,1.000000000000001332e+00,1.000000000000001332e+00,1.000000000000001332e+00,1.000000000000001332e+00,1.000000000000001332e+00,1.000000000000001332e+00,1.000000000000001332e+00,1.000000000000001332e+00,1.000000000000001332e+00,1.000000000000001332e+00,1.000000000000001332e+00,1.000000000000001332e+00,1.000000000000001332e+00,1.000000000000001332e+00,1.000000000000001332e+00,1.000000000000001332e+00,1.000000000000001332e+00,1.000000000000001332e+00,1.000000000000001332e+00,1.000000000000001332e+00,1.000000000000001332e+00,1.000000000000001332e+00,1.000000000000001332e+00,1.000000000000001332e+00,1.000000000000001332e+00,1.000000000000001332e+00,1.000000000000001332e+00,1.000000000000001332e+00,1.000000000000001332e+00,1.000000000000001332e+00,1.000000000000001332e+00,1.000000000000001332e+00,1.000000000000001332e+00,1.000000000000001332e+00,1.000000000000001332e+00,1.000000000000001332e+00,1.000000000000001332e+00,1.000000000000001332e+00,1.000000000000001332e+00,1.000000000000001332e+00,1.000000000000001332e+00,1.000000000000001332e+00,1.000000000000001332e+00,1.000000000000001332e+00,1.000000000000001332e+00,1.000000000000001332e+00,1.000000000000001332e+00,1.000000000000001332e+00,1.000000000000001332e+00,1.000000000000001332e+00,1.000000000000001332e+00,1.000000000000001332e+00,1.000000000000001332e+00,1.000000000000001332e+00,1.000000000000001332e+00,1.000000000000001332e+00,1.000000000000001332e+00,1.000000000000001332e+00,1.000000000000001332e+00,1.000000000000001332e+00,1.000000000000001332e+00,1.000000000000001332e+00,1.000000000000001332e+00,1.000000000000001332e+00,1.000000000000001332e+00,1.000000000000001332e+00,1.000000000000001332e+00,1.000000000000001332e+00,1.000000000000001332e+00,1.000000000000001332e+00,1.000000000000001332e+00,1.000000000000001332e+00,1.000000000000001332e+00,1.000000000000001332e+00,1.000000000000001332e+00,1.000000000000001332e+00,1.000000000000001332e+00,1.000000000000001332e+00,1.000000000000001332e+00,1.000000000000001332e+00,1.000000000000001332e+00,1.000000000000001332e+00,1.000000000000001332e+00,1.000000000000001332e+00,1.000000000000001332e+00,1.000000000000001332e+00,1.000000000000001332e+00,1.000000000000001332e+00,1.000000000000001332e+00,1.000000000000001332e+00,1.000000000000001332e+00,1.000000000000001332e+00,1.000000000000001332e+00,1.000000000000001332e+00,1.000000000000001332e+00,1.000000000000001332e+00,1.000000000000001332e+00,1.000000000000001332e+00,1.000000000000001332e+00,1.000000000000001332e+00,1.000000000000001332e+00,1.000000000000001332e+00,1.000000000000001332e+00,1.000000000000001332e+00,1.000000000000001332e+00,1.000000000000001332e+00,1.000000000000001332e+00,1.000000000000001332e+00,1.000000000000001332e+00,1.000000000000001332e+00,1.000000000000001332e+00,1.000000000000001332e+00,1.000000000000001332e+00,1.000000000000001332e+00,1.000000000000001332e+00,1.000000000000001332e+00,1.000000000000001332e+00,1.000000000000001332e+00,1.000000000000001332e+00,1.000000000000001332e+00,1.000000000000001332e+00,1.000000000000001332e+00,1.000000000000001332e+00,1.000000000000001332e+00,1.000000000000001332e+00,1.000000000000001332e+00,1.000000000000001332e+00,1.000000000000001332e+00,1.000000000000001332e+00,1.000000000000001332e+00,1.000000000000001332e+00,1.000000000000001332e+00,1.000000000000001332e+00,1.000000000000001332e+00,1.000000000000001332e+00,1.000000000000001332e+00,1.000000000000001332e+00,1.000000000000001332e+00,1.000000000000001332e+00,1.000000000000001332e+00,1.000000000000001332e+00,1.000000000000001332e+00,1.000000000000001332e+00,1.000000000000001332e+00,1.000000000000001332e+00,1.000000000000001332e+00,1.000000000000001332e+00,1.000000000000001332e+00,1.000000000000001332e+00,1.000000000000001332e+00,1.000000000000001332e+00,1.000000000000001332e+00,1.000000000000001332e+00,1.000000000000001332e+00,1.000000000000001332e+00,1.000000000000001332e+00,1.000000000000001332e+00,1.000000000000001332e+00,1.000000000000001332e+00,1.000000000000001332e+00,1.000000000000001332e+00,1.000000000000001332e+00,1.000000000000001332e+00,1.000000000000001332e+00,1.000000000000001332e+00,1.000000000000001332e+00,1.000000000000001332e+00,1.000000000000001332e+00,1.000000000000001332e+00,1.000000000000001332e+00,1.000000000000001332e+00,1.000000000000001332e+00,1.000000000000001332e+00,1.000000000000001332e+00,1.000000000000001332e+00,1.000000000000001332e+00,1.000000000000001332e+00,1.000000000000001332e+00,1.000000000000001332e+00,1.000000000000001332e+00,1.000000000000001332e+00,1.000000000000001332e+00,1.000000000000001332e+00,1.000000000000001332e+00,1.000000000000001332e+00,1.000000000000001332e+00,1.000000000000001332e+00,1.000000000000001332e+00,1.000000000000001332e+00,1.000000000000001332e+00,1.000000000000001332e+00,1.000000000000001332e+00,1.000000000000001332e+00,1.000000000000001332e+00,1.000000000000001332e+00,1.000000000000001332e+00,1.000000000000001332e+00,1.000000000000001332e+00,1.000000000000001332e+00,1.000000000000001332e+00,1.000000000000001332e+00,1.000000000000001332e+00,1.000000000000001332e+00,1.000000000000001332e+00,1.000000000000001332e+00,1.000000000000001332e+00,1.000000000000001332e+00,1.000000000000001332e+00,1.000000000000001332e+00,1.000000000000001332e+00,1.000000000000001332e+00,1.000000000000001332e+00,1.000000000000001332e+00,1.000000000000001332e+00,1.000000000000001332e+00,1.000000000000001332e+00,1.000000000000001332e+00,1.000000000000001332e+00,1.000000000000001332e+00,1.000000000000001332e+00,1.000000000000001332e+00,1.000000000000001332e+00,1.000000000000001332e+00,1.000000000000001332e+00,1.000000000000001332e+00,1.000000000000001332e+00,1.000000000000001332e+00,1.000000000000001332e+00,1.000000000000001332e+00,1.000000000000001332e+00,1.000000000000001332e+00,1.000000000000001332e+00,1.000000000000001332e+00,1.000000000000001332e+00,1.000000000000001332e+00,1.000000000000001332e+00,1.000000000000001332e+00,1.000000000000001332e+00,1.000000000000001332e+00,1.000000000000001332e+00,1.000000000000001332e+00,1.000000000000001332e+00,1.000000000000001332e+00,1.000000000000001332e+00,1.000000000000001332e+00,1.000000000000001332e+00,1.000000000000001332e+00,1.000000000000001332e+00,1.000000000000001332e+00,1.000000000000001332e+00,1.000000000000001332e+00,1.000000000000001332e+00,1.000000000000001332e+00,1.000000000000001332e+00,1.000000000000001332e+00,1.000000000000001332e+00,1.000000000000001332e+00,1.000000000000001332e+00,1.000000000000001332e+00,1.000000000000001332e+00,1.000000000000001332e+00,1.000000000000001332e+00,1.000000000000001332e+00,1.000000000000001332e+00,1.000000000000001332e+00,1.000000000000001332e+00,1.000000000000001332e+00,1.000000000000001332e+00
1.000000000000000222e+00,9.952286698089329864e-01,9.952327640733653613e-01,9.952329214896153964e-01,9.952329366349154105e-01,9.952329396041011966e-01,9.952329404677295877e-01,9.952329407874255240e-01,9.952329409220161960e-01,9.952329409754969713e-01,9.952329409809449468e-01,9.952329409405229477e-01,9.952329408289471990e-01,9.952329405583377753e-01,9.952329398236879898e-01,9.952329372732028334e-01,9.952329239713388898e-01,9.952327792480004653e-01,9.952281889272428517e-01,9.952232964075127253e-01,9.952286698089329864e-01,1.000000000000000222e+00,9.952334107573475031e-01,9.952373655749658932e-01,9.952375120170088296e-01,9.952375253624502482e-01,9.952375278836718131e-01,9.952375285997114851e-01,9.952375288585371127e-01,9.952375289598086594e-01,9.952375289874244579e-01,9.952375289600046138e-01,9.952375288590964431e-01,9.952375286015595623e-01,9.952375278893471622e-01,9.952375253872347560e-01,9.952375122110677097e-01,9.952373678888054576e-01,9.952327792478321555e-01,9.952280344793911215e-01,9.952327640733653613e-01,9.952334107573475031e-01,1.000000000000000222e+00,9.952335682498822944e-01,9.952375121584005058e-01,9.952376568215868247e-01,9.952376697240982173e-01,9.952376720992233139e-01,9.952376727549510083e-01,9.952376729806742262e-01,9.952376730562045859e-01,9.952376730510130720e-01,9.952376729630925123e-01,9.952376727161823533e-01,9.952376720169721080e-01,9.952376695371011328e-01,9.952376564088869504e-01,9.952375122112970818e-01,9.952329239714036158e-01,9.952281914835331422e-01,9.952329214896153964e-01,9.952373655749658932e-01,9.952335682498822944e-01,1.000000000000000222e+00,9.952335838282160285e-01,9.952375259408825503e-01,9.952376701610730070e-01,9.952376829175862971e-01,9.952376852324272827e-01,9.952376858550929795e-01,9.952376860550594673e-01,9.952376860977772965e-01,9.952376860320989449e-01,9.952376857981783953e-01,9.952376851095892096e-01,9.952376826427242751e-01,9.952376695367325388e-01,9.952375253870948679e-01,9.952329372728950796e-01,9.952282068673200532e-01,9.952329366349154105e-01,9.952375120170088296e-01,9.952375121584005058e-01,9.952335838282160285e-01,1.000000000000000222e+00,9.952335869899385790e-01,9.952375286549459688e-01,9.952376727290285219e-01,9.952376854252544813e-01,9.952376877070121530e-01,9.952376883039365518e-01,9.952376884710977256e-01,9.952376884533138401e-01,9.952376882416424930e-01,9.952376875660471356e-01,9.952376851097815003e-01,9.952376720168106816e-01,9.952375278894074473e-01,9.952329398235774116e-01,9.952282099449513142e-01,9.952329396041011966e-01,9.952375253624502482e-01,9.952376568215868247e-01,9.952375259408825503e-01,9.952335869899385790e-01,1.000000000000000222e+00,9.952335879378122474e-01,9.952375294551936147e-01,9.952376734689428739e-01,9.952376861320983981e-01,9.952376883881114411e-01,9.952376889522185355e-01,9.952376890589010872e-01,9.952376888951138811e-01,9.952376882417495185e-01,9.952376857985053560e-01,9.952376727161263981e-01,9.952375286017393075e-01,9.952329405583547617e-01,9.952282108537643390e-01,9.952329404677295877e-01,9.952375278836718131e-01,9.952376697240982173e-01,9.952376701610730070e-01,9.952375286549459688e-01,9.952335879378122474e-01,1.000000000000000222e+00,9.952335882967273673e-01,9.952375297531897980e-01,9.952376737338486379e-01,9.952376863712565358e-01,9.952376885944634877e-01,9.952376890980675350e-01,9.952376890587503189e-01,9.952376884532924128e-01,9.952376860322694752e-01,9.952376729629002217e-01,9.952375288591246427e-01,9.952329408288214108e-01,9.952282111950329080e-01,9.952329407874255240e-01,9.952375285997114851e-01,9.952376720992233139e-01,9.952376829175862971e-01,9.952376727290285219e-01,9.952375294551936147e-01,9.952335882967273673e-01,1.000000000000000222e+00,9.952335884490429718e-01,9.952375298721801711e-01,9.952376738270958256e-01,9.952376864316799798e-01,9.952376885944081986e-01,9.952376889520134773e-01,9.952376884710106841e-01,9.952376860978916495e-01,9.952376730507568325e-01,9.952375289599786345e-01,9.952329409403398719e-01,9.952282113420604093e-01,9.952329409220161960e-01,9.952375288585371127e-01,9.952376727549510083e-01,9.952376852324272827e-01,9.952376854252544813e-01,9.952376734689428739e-01,9.952375297531897980e-01,9.952335884490429718e-01,1.000000000000000222e+00,9.952335885078723576e-01,9.952375299051605673e-01,9.952376738272533663e-01,9.952376863713546795e-01,9.952376883880774683e-01,9.952376883040092714e-01,9.952376860553461269e-01,9.952376730561164342e-01,9.952375289875705633e-01,9.952329409809077543e-01,9.952282114064036067e-01,9.952329409754969713e-01,9.952375289598086594e-01,9.952376729806742262e-01,9.952376858550929795e-01,9.952376877070121530e-01,9.952376861320983981e-01,9.952376737338486379e-01,9.952375298721801711e-01,9.952335885078723576e-01,1.000000000000000222e+00,9.952335885077852051e-01,9.952375298722493380e-01,9.952376737338610724e-01,9.952376861319559564e-01,9.952376877070090444e-01,9.952376858552723915e-01,9.952376729804930378e-01,9.952375289598597297e-01,9.952329409753770673e-01,9.952282114245815103e-01,9.952329409809449468e-01,9.952375289874244579e-01,9.952376730562045859e-01,9.952376860550594673e-01,9.952376883039365518e-01,9.952376883881114411e-01,9.952376863712565358e-01,9.952376738270958256e-01,9.952375299051605673e-01,9.952335885077852051e-01,1.000000000000000222e+00,9.952335884490195461e-01,9.952375297531017573e-01,9.952376734687164994e-01,9.952376854251347993e-01,9.952376852325237611e-01,9.952376727546804469e-01,9.952375288584778268e-01,9.952329409218039213e-01,9.952282114063064622e-01,9.952329409405229477e-01,9.952375289600046138e-01,9.952376730510130720e-01,9.952376860977772965e-01,9.952376884710977256e-01,9.952376889522185355e-01,9.952376885944634877e-01,9.952376864316799798e-01,9.952376738272533663e-01,9.952375298722493380e-01,9.952335884490195461e-01,1.000000000000000222e+00,9.952335882967805469e-01,9.952375294551213392e-01,9.952376727290779268e-01,9.952376829178407602e-01,9.952376720991067405e-01,9.952375285998387167e-01,9.952329407873607980e-01,9.952282113421182519e-01,9.952329408289471990e-01,9.952375288590964431e-01,9.952376729630925123e-01,9.952376860320989449e-01,9.952376884533138401e-01,9.952376890589010872e-01,9.952376890980675350e-01,9.952376885944081986e-01,9.952376863713546795e-01,9.952376737338610724e-01,9.952375297531017573e-01,9.952335882967805469e-01,1.000000000000000222e+00,9.952335879376570382e-01,9.952375286549359767e-01,9.952376701612698495e-01,9.952376697239192493e-01,9.952375278837207739e-01,9.952329404676302227e-01,9.952282111950339072e-01,9.952329405583377753e-01,9.952375286015595623e-01,9.952376727161823533e-01,9.952376857981783953e-01,9.952376882416424930e-01,9.952376888951138811e-01,9.952376890587503189e-01,9.952376889520134773e-01,9.952376883880774683e-01,9.952376861319559564e-01,9.952376734687164994e-01,9.952375294551213392e-01,9.952335879376570382e-01,1.000000000000000222e+00,9.952335869897794840e-01,9.952375259409246278e-01,9.952376568212591978e-01,9.952375253623648721e-01,9.952329396038299691e-01,9.952282108536389948e-01,9.952329398236879898e-01,9.952375278893471622e-01,9.952376720169721080e-01,9.952376851095892096e-01,9.952376875660471356e-01,9.952376882417495185e-01,9.952376884532924128e-01,9.952376884710106841e-01,9.952376883040092714e-01,9.952376877070090444e-01,9.952376854251347993e-01,9.952376727290779268e-01,9.952375286549359767e-01,9.952335869897794840e-01,1.000000000000000222e+00,9.952335838283685732e-01,9.952375121582014428e-01,9.952375120170403600e-01,9.952329366347862916e-01,9.952282099449301089e-01,9.952329372732028334e-01,9.952375253872347560e-01,9.952376695371011328e-01,9.952376826427242751e-01,9.952376851097815003e-01,9.952376857985053560e-01,9.952376860322694752e-01,9.952376860978916495e-01,9.952376860553461269e-01,9.952376858552723915e-01,9.952376852325237611e-01,9.952376829178407602e-01,9.952376701612698495e-01,9.952375259409246278e-01,9.952335838283685732e-01,1.000000000000000222e+00,9.952335682498799629e-01,9.952373655751916015e-01,9.952329214896804555e-01,9.952282068675035731e-01,9.952329239713388898e-01,9.952375122110677097e-01,9.952376564088869504e-01,9.952376695367325388e-01,9.952376720168106816e-01,9.952376727161263981e-01,9.952376729629002217e-01,9.952376730507568325e-01,9.952376730561164342e-01,9.952376729804930378e-01,9.952376727546804469e-01,9.952376720991067405e-01,9.952376697239192493e-01,9.952376568212591978e-01,9.952375121582014428e-01,9.952335682498799629e-01,1.000000000000000222e+00,9.952334107571825239e-01,9.952327640730630476e-01,9.952281914833629450e-01,9.952327792480004653e-01,9.952373678888054576e-01,9.952375122112970818e-01,9.952375253870948679e-01,9.952375278894074473e-01,9.952375286017393075e-01,9.952375288591246427e-01,9.952375289599786345e-01,9.952375289875705633e-01,9.952375289598597297e-01,9.952375288584778268e-01,9.952375285998387167e-01,9.952375278837207739e-01,9.952375253623648721e-01,9.952375120170403600e-01,9.952373655751916015e-01,9.952334107571825239e-01,1.000000000000000222e+00,9.952286698088655958e-01,9.952280344794330880e-01,9.952281889272428517e-01,9.952327792478321555e-01,9.952329239714036158e-01,9.952329372728950796e-01,9.952329398235774116e-01,9.952329405583547617e-01,9.952329408288214108e-01,9.952329409403398719e-01,9.952329409809077543e-01,9.952329409753770673e-01,9.952329409218039213e-01,9.952329407873607980e-01,9.952329404676302227e-01,9.952329396038299691e-01,9.952329366347862916e-01,9.952329214896804555e-01,9.952327640730630476e-01,9.952286698088655958e-01,1.000000000000000222e+00,9.952232964073944865e-01,9.952232964075127253e-01,9.952280344793911215e-01,9.952281914835331422e-01,9.952282068673200532e-01,9.952282099449513142e-01,9.952282108537643390e-01,9.952282111950329080e-01,9.952282113420604093e-01,9.952282114064036067e-01,9.952282114245815103e-01,9.952282114063064622e-01,9.952282113421182519e-01,9.952282111950339072e-01,9.952282108536389948e-01,9.952282099449301089e-01,9.952282068675035731e-01,9.952281914833629450e-01,9.952280344794330880e-01,9.952232964073944865e-01,1.000000000000000222e+00
9.999999999999958922e-01,9.905235604808597660e-01,9.905396838670817994e-01,9.905402806046739173e-01,9.905403384165690772e-01,9.905403498646571103e-01,9.905403532100576225e-01,9.905403544512100256e-01,9.905403549734793645e-01,9.905403551818239283e-01,9.905403552032905345e-01,9.905403550474825014e-01,9.905403546156545946e-01,9.905403535702341777e-01,9.905403507412621211e-01,9.905403409916456736e-01,9.905402909566110026e-01,9.905397539563071119e-01,9.905216911725535089e-01,9.905024208518090623e-01,9.905235604808597660e-01,9.999999999999958922e-01,9.905422178772802511e-01,9.905577900219751930e-01,9.905583443378647157e-01,9.905583951736898207e-01,9.905584048794039420e-01,9.905584076493312295e-01,9.905584086518509634e-01,9.905584090452012047e-01,9.905584091526801194e-01,9.905584090473490422e-01,9.905584086570845548e-01,9.905584076628854984e-01,9.905584049218316700e-01,9.905583953615941795e-01,9.905583458177591449e-01,9.905578103775658505e-01,9.905397539562184051e-01,9.905210668303591204e-01,9.905396838670817994e-01,9.905422178772802511e-01,9.999999999999958922e-01,9.905428038747794428e-01,9.905583341255939089e-01,9.905588816297070665e-01,9.905589307621399664e-01,9.905589399039705922e-01,9.905589424395507825e-01,9.905589433149901701e-01,9.905589436083229726e-01,9.905589435893624728e-01,9.905589432496182400e-01,9.905589422967312485e-01,9.905589396062339791e-01,9.905589301324717599e-01,9.905588807747985891e-01,9.905583458181498324e-01,9.905402909569130943e-01,9.905216514279987505e-01,9.905402806046739173e-01,9.905577900219751930e-01,9.905428038747794428e-01,9.999999999999958922e-01,9.905428626964751793e-01,9.905583860034592458e-01,9.905589318037292257e-01,9.905589803729305531e-01,9.905589892806542229e-01,9.905589916892506563e-01,9.905589924647150157e-01,9.905589926316276106e-01,9.905589923782611717e-01,9.905589914758906600e-01,9.905589888266911336e-01,9.905589794034557194e-01,9.905589301321963136e-01,9.905583953617105308e-01,9.905403409916736512e-01,9.905217095667006033e-01,9.905403384165690772e-01,9.905583443378647157e-01,9.905583341255939089e-01,9.905428626964751793e-01,9.999999999999958922e-01,9.905428748142297568e-01,9.905583963813369142e-01,9.905589416175324402e-01,9.905589899526185960e-01,9.905589987333677238e-01,9.905590010419945690e-01,9.905590016910413853e-01,9.905590016235481521e-01,9.905590008075558783e-01,9.905589982088737200e-01,9.905589888269340504e-01,9.905589396062023377e-01,9.905584049221911602e-01,9.905403507415330155e-01,9.905217213743956473e-01,9.905403498646571103e-01,9.905583951736898207e-01,9.905588816297070665e-01,9.905583860034592458e-01,9.905428748142297568e-01,9.999999999999958922e-01,9.905428784710629264e-01,9.905583994624505006e-01,9.905589444642164398e-01,9.905589926723143979e-01,9.905590013530930493e-01,9.905590035353022405e-01,9.905590039499444499e-01,9.905590033198259370e-01,9.905590008075214614e-01,9.905589914760991599e-01,9.905589422966638580e-01,9.905584076632102386e-01,9.905403535704696560e-01,9.905217248843243283e-01,9.905403532100576225e-01,9.905584048794039420e-01,9.905589307621399664e-01,9.905589318037292257e-01,9.905583963813369142e-01,9.905428784710629264e-01,9.999999999999958922e-01,9.905428798604616336e-01,9.905584006128684837e-01,9.905589454875176614e-01,9.905589935956379266e-01,9.905590021499999231e-01,9.905590040978038413e-01,9.905590039498207711e-01,9.905590016233895012e-01,9.905589923783442163e-01,9.905589432494277258e-01,9.905584086572849500e-01,9.905403546157653949e-01,9.905217262068599648e-01,9.905403544512100256e-01,9.905584076493312295e-01,9.905589399039705922e-01,9.905589803729305531e-01,9.905589416175324402e-01,9.905583994624505006e-01,9.905428798604616336e-01,9.999999999999958922e-01,9.905428804503049189e-01,9.905584010736347977e-01,9.905589458482533249e-01,9.905589938299538266e-01,9.905590021499097730e-01,9.905590035350883005e-01,9.905590016907923623e-01,9.905589926316216154e-01,9.905589435890819194e-01,9.905584090474590653e-01,9.905403550475034846e-01,9.905217267777484125e-01,9.905403549734793645e-01,9.905584086518509634e-01,9.905589424395507825e-01,9.905589892806542229e-01,9.905589899526185960e-01,9.905589444642164398e-01,9.905584006128684837e-01,9.905428804503049189e-01,9.999999999999958922e-01,9.905428806778565631e-01,9.905584012003950667e-01,9.905589458485782872e-01,9.905589935958730718e-01,9.905590013532045157e-01,9.905590010420700642e-01,9.905589924650343159e-01,9.905589436083672705e-01,9.905584091531153268e-01,9.905403552036367021e-01,9.905217270268603658e-01,9.905403551818239283e-01,9.905584090452012047e-01,9.905589433149901701e-01,9.905589916892506563e-01,9.905589987333677238e-01,9.905589926723143979e-01,9.905589454875176614e-01,9.905584010736347977e-01,9.905428806778565631e-01,9.999999999999958922e-01,9.905428806776435113e-01,9.905584010737482625e-01,9.905589454875411981e-01,9.905589926722133676e-01,9.905589987332321655e-01,9.905589916893577929e-01,9.905589433148228595e-01,9.905584090454243595e-01,9.905403551819585983e-01,9.905217270977060284e-01,9.905403552032905345e-01,9.905584091526801194e-01,9.905589436083229726e-01,9.905589924647150157e-01,9.905590010419945690e-01,9.905590013530930493e-01,9.905589935956379266e-01,9.905589458482533249e-01,9.905584012003950667e-01,9.905428806776435113e-01,9.999999999999958922e-01,9.905428804502059981e-01,9.905584006126800789e-01,9.905589444639038010e-01,9.905589899522710962e-01,9.905589892805499730e-01,9.905589424391716413e-01,9.905584086518622877e-01,9.905403549734029811e-01,9.905217270266490903e-01,9.905403550474825014e-01,9.905584090473490422e-01,9.905589435893624728e-01,9.905589926316276106e-01,9.905590016910413853e-01,9.905590035353022405e-01,9.905590021499999231e-01,9.905589938299538266e-01,9.905589458485782872e-01,9.905584010737482625e-01,9.905428804502059981e-01,9.999999999999958922e-01,9.905428798605999674e-01,9.905583994624632682e-01,9.905589416175097917e-01,9.905589803731508214e-01,9.905589399039166354e-01,9.905584076496680712e-01,9.905403544514572722e-01,9.905217267778622103e-01,9.905403546156545946e-01,9.905584086570845548e-01,9.905589432496182400e-01,9.905589923782611717e-01,9.905590016235481521e-01,9.905590039499444499e-01,9.905590040978038413e-01,9.905590021499097730e-01,9.905589935958730718e-01,9.905589454875411981e-01,9.905584006126800789e-01,9.905428798605999674e-01,9.999999999999958922e-01,9.905428784709865431e-01,9.905583963812247816e-01,9.905589318038594548e-01,9.905589307619966366e-01,9.905584048796500785e-01,9.905403532102161623e-01,9.905217262068831685e-01,9.905403535702341777e-01,9.905584076628854984e-01,9.905589422967312485e-01,9.905589914758906600e-01,9.905590008075558783e-01,9.905590033198259370e-01,9.905590039498207711e-01,9.905590035350883005e-01,9.905590013532045157e-01,9.905589926722133676e-01,9.905589444639038010e-01,9.905583994624632682e-01,9.905428784709865431e-01,9.999999999999958922e-01,9.905428748139927242e-01,9.905583860034661292e-01,9.905588816294381704e-01,9.905583951738126114e-01,9.905403498646906391e-01,9.905217248842244082e-01,9.905403507412621211e-01,9.905584049218316700e-01,9.905589396062339791e-01,9.905589888266911336e-01,9.905589982088737200e-01,9.905590008075214614e-01,9.905590016233895012e-01,9.905590016907923623e-01,9.905590010420700642e-01,9.905589987332321655e-01,9.905589899522710962e-01,9.905589416175097917e-01,9.905583963812247816e-01,9.905428748139927242e-01,9.999999999999958922e-01,9.905428626964474237e-01,9.905583341252905960e-01,9.905583443379527564e-01,9.905403384165683001e-01,9.905217213742593119e-01,9.905403409916456736e-01,9.905583953615941795e-01,9.905589301324717599e-01,9.905589794034557194e-01,9.905589888269340504e-01,9.905589914760991599e-01,9.905589923783442163e-01,9.905589926316216154e-01,9.905589924650343159e-01,9.905589916893577929e-01,9.905589892805499730e-01,9.905589803731508214e-01,9.905589318038594548e-01,9.905583860034661292e-01,9.905428626964474237e-01,9.999999999999958922e-01,9.905428038747190467e-01,9.905577900223059284e-01,9.905402806049156128e-01,9.905217095668075178e-01,9.905402909566110026e-01,9.905583458177591449e-01,9.905588807747985891e-01,9.905589301321963136e-01,9.905589396062023377e-01,9.905589422966638580e-01,9.905589432494277258e-01,9.905589435890819194e-01,9.905589436083672705e-01,9.905589433148228595e-01,9.905589424391716413e-01,9.905589399039166354e-01,9.905589307619966366e-01,9.905588816294381704e-01,9.905583341252905960e-01,9.905428038747190467e-01,9.999999999999958922e-01,9.905422178773375386e-01,9.905396838670497139e-01,9.905216514278315509e-01,9.905397539563071119e-01,9.905578103775658505e-01,9.905583458181498324e-01,9.905583953617105308e-01,9.905584049221911602e-01,9.905584076632102386e-01,9.905584086572849500e-01,9.905584090474590653e-01,9.905584091531153268e-01,9.905584090454243595e-01,9.905584086518622877e-01,9.905584076496680712e-01,9.905584048796500785e-01,9.905583951738126114e-01,9.905583443379527564e-01,9.905577900223059284e-01,9.905422178773375386e-01,9.999999999999958922e-01,9.905235604812187011e-01,9.905210668305824973e-01,9.905216911725535089e-01,9.905397539562184051e-01,9.905402909569130943e-01,9.905403409916736512e-01,9.905403507415330155e-01,9.905403535704696560e-01,9.905403546157653949e-01,9.905403550475034846e-01,9.905403552036367021e-01,9.905403551819585983e-01,9.905403549734029811e-01,9.905403544514572722e-01,9.905403532102161623e-01,9.905403498646906391e-01,9.905403384165683001e-01,9.905402806049156128e-01,9.905396838670497139e-01,9.905235604812187011e-01,9.999999999999958922e-01,9.905024208519456197e-01,9.905024208518090623e-01,9.905210668303591204e-01,9.905216514279987505e-01,9.905217095667006033e-01,9.905217213743956473e-01,9.905217248843243283e-01,9.905217262068599648e-01,9.905217267777484125e-01,9.905217270268603658e-01,9.905217270977060284e-01,9.905217270266490903e-01,9.905217267778622103e-01,9.905217262068831685e-01,9.905217248842244082e-01,9.905217213742593119e-01,9.905217095668075178e-01,9.905216514278315509e-01,9.905210668305824973e-01,9.905024208519456197e-01,9.999999999999958922e-01
9.999999999999976685e-01,9.858830393661180969e-01,9.859187605655972408e-01,9.859200321586003568e-01,9.859201564097705983e-01,9.859201812576099400e-01,9.859201885507934415e-01,9.859201912616151198e-01,9.859201924043690113e-01,9.859201928591477815e-01,9.859201929069983938e-01,9.859201925689489165e-01,9.859201916288338197e-01,9.859201893545609385e-01,9.859201832242068253e-01,9.859201622366190465e-01,9.859200562368056753e-01,9.859189381766553240e-01,9.858789516470286562e-01,9.858362521816818047e-01,9.858830393661180969e-01,9.999999999999976685e-01,9.859243466667365619e-01,9.859588421411141779e-01,9.859600214635011461e-01,9.859601304909566544e-01,9.859601515251839032e-01,9.859601575548503360e-01,9.859601597427007924e-01,9.859601606005641283e-01,9.859601608359060965e-01,9.859601606083090442e-01,9.859601597594879197e-01,9.859601575978745869e-01,9.859601516613043515e-01,9.859601310908334693e-01,9.859600261702499147e-01,9.859589115160047879e-01,9.859189381757361703e-01,9.858775333019563769e-01,9.859187605655972408e-01,9.859243466667365619e-01,9.999999999999976685e-01,9.859255704738746351e-01,9.859599754800030258e-01,9.859611401210787163e-01,9.859612454624836486e-01,9.859612652710929570e-01,9.859612707918643526e-01,9.859612727006861199e-01,9.859612733420473063e-01,9.859612733031398735e-01,9.859612725648341236e-01,9.859612704937256167e-01,9.859612646677999859e-01,9.859612442863132653e-01,9.859611397725297488e-01,9.859600261733337812e-01,9.859200562389820455e-01,9.858787551277300443e-01,9.859200321586003568e-01,9.859588421411141779e-01,9.859255704738746351e-01,9.999999999999976685e-01,9.859256955613934226e-01,9.859600854526274771e-01,9.859612464059347436e-01,9.859613505237256881e-01,9.859613698240945467e-01,9.859613750662864495e-01,9.859613767586089539e-01,9.859613771257325077e-01,9.859613765762582638e-01,9.859613746155823089e-01,9.859613688800062947e-01,9.859613486091595158e-01,9.859612442841305668e-01,9.859601310917757155e-01,9.859201622366758899e-01,9.858788788735234343e-01,9.859201564097705983e-01,9.859600214635011461e-01,9.859599754800030258e-01,9.859256955613934226e-01,9.999999999999976685e-01,9.859257217143215790e-01,9.859601078005694186e-01,9.859612675277293903e-01,9.859613711372576805e-01,9.859613901589424634e-01,9.859613951847110425e-01,9.859613966028725196e-01,9.859613964592693902e-01,9.859613946875007695e-01,9.859613890624556731e-01,9.859613688818243959e-01,9.859612646675168790e-01,9.859601516641420815e-01,9.859201832261047516e-01,9.858789043847592248e-01,9.859201812576099400e-01,9.859601304909566544e-01,9.859611401210787163e-01,9.859600854526274771e-01,9.859257217143215790e-01,9.999999999999976685e-01,9.859257296542525140e-01,9.859601144762908387e-01,9.859612736941952837e-01,9.859613770250927889e-01,9.859613958303051762e-01,9.859614005818225779e-01,9.859614014894257927e-01,9.859614001235087466e-01,9.859613946872438639e-01,9.859613746172609661e-01,9.859612704931383087e-01,9.859601576004948242e-01,9.859201893562353769e-01,9.858789120139908047e-01,9.859201885507934415e-01,9.859601515251839032e-01,9.859612454624836486e-01,9.859612464059347436e-01,9.859601078005694186e-01,9.859257296542525140e-01,9.999999999999976685e-01,9.859257326800875409e-01,9.859601169780531915e-01,9.859612759169242846e-01,9.859613790313079829e-01,9.859613975624129667e-01,9.859614018032263338e-01,9.859614014885207389e-01,9.859613964581758205e-01,9.859613765768858729e-01,9.859612725634329111e-01,9.859601597611286072e-01,9.859201916296013168e-01,9.858789148984218320e-01,9.859201912616151198e-01,9.859601575548503360e-01,9.859612652710929570e-01,9.859613505237256881e-01,9.859612675277293903e-01,9.859601144762908387e-01,9.859257326800875409e-01,9.999999999999976685e-01,9.859257339664766473e-01,9.859601179791108727e-01,9.859612767014482859e-01,9.859613795415952398e-01,9.859613975620941106e-01,9.859614005805819037e-01,9.859613966013838215e-01,9.859613771261224180e-01,9.859612733014064823e-01,9.859601606096376480e-01,9.859201925693940050e-01,9.858789161447678584e-01,9.859201924043690113e-01,9.859601597427007924e-01,9.859612707918643526e-01,9.859613698240945467e-01,9.859613711372576805e-01,9.859612736941952837e-01,9.859601169780531915e-01,9.859257339664766473e-01,9.999999999999976685e-01,9.859257344622972541e-01,9.859601182558798138e-01,9.859612767038999914e-01,9.859613790334017525e-01,9.859613958316053584e-01,9.859613951856613934e-01,9.859613767615511559e-01,9.859612733427960407e-01,9.859601608397760009e-01,9.859201929098484474e-01,9.858789166899322165e-01,9.859201928591477815e-01,9.859601606005641283e-01,9.859612727006861199e-01,9.859613750662864495e-01,9.859613901589424634e-01,9.859613770250927889e-01,9.859612759169242846e-01,9.859601179791108727e-01,9.859257344622972541e-01,9.999999999999976685e-01,9.859257344604178686e-01,9.859601179796753101e-01,9.859612759171706431e-01,9.859613770243511599e-01,9.859613901581254503e-01,9.859613750672454602e-01,9.859612726995736764e-01,9.859601606024934739e-01,9.859201928601469822e-01,9.858789168434342054e-01,9.859201929069983938e-01,9.859601608359060965e-01,9.859612733420473063e-01,9.859613767586089539e-01,9.859613951847110425e-01,9.859613958303051762e-01,9.859613790313079829e-01,9.859612767014482859e-01,9.859601182558798138e-01,9.859257344604178686e-01,9.999999999999976685e-01,9.859257339651017471e-01,9.859601169763516637e-01,9.859612736916313347e-01,9.859613711343838682e-01,9.859613698232276846e-01,9.859612707888606442e-01,9.859601597426366215e-01,9.859201924035236875e-01,9.858789166880349564e-01,9.859201925689489165e-01,9.859601606083090442e-01,9.859612733031398735e-01,9.859613771257325077e-01,9.859613966028725196e-01,9.859614005818225779e-01,9.859613975624129667e-01,9.859613795415952398e-01,9.859612767038999914e-01,9.859601179796753101e-01,9.859257339651017471e-01,9.999999999999976685e-01,9.859257326806942778e-01,9.859601144760875568e-01,9.859612675273630167e-01,9.859613505252207144e-01,9.859612652704919933e-01,9.859601575573810894e-01,9.859201912630690678e-01,9.858789161453065386e-01,9.859201916288338197e-01,9.859601597594879197e-01,9.859612725648341236e-01,9.859613765762582638e-01,9.859613964592693902e-01,9.859614014894257927e-01,9.859614018032263338e-01,9.859613975620941106e-01,9.859613790334017525e-01,9.859612759171706431e-01,9.859601169763516637e-01,9.859257326806942778e-01,9.999999999999976685e-01,9.859257296535347548e-01,9.859601077998858543e-01,9.859612464071194626e-01,9.859612454615322985e-01,9.859601515272728989e-01,9.859201885520775255e-01,9.858789148986049078e-01,9.859201893545609385e-01,9.859601575978745869e-01,9.859612704937256167e-01,9.859613746155823089e-01,9.859613946875007695e-01,9.859614001235087466e-01,9.859614014885207389e-01,9.859614005805819037e-01,9.859613958316053584e-01,9.859613770243511599e-01,9.859612736916313347e-01,9.859601144760875568e-01,9.859257296535347548e-01,9.999999999999976685e-01,9.859257217126745632e-01,9.859600854527736935e-01,9.859611401191609170e-01,9.859601304921846721e-01,9.859201812578491930e-01,9.858789120134215933e-01,9.859201832242068253e-01,9.859601516613043515e-01,9.859612646677999859e-01,9.859613688800062947e-01,9.859613890624556731e-01,9.859613946872438639e-01,9.859613964581758205e-01,9.859613966013838215e-01,9.859613951856613934e-01,9.859613901581254503e-01,9.859613711343838682e-01,9.859612675273630167e-01,9.859601077998858543e-01,9.859257217126745632e-01,9.999999999999976685e-01,9.859256955613433515e-01,9.859599754779843073e-01,9.859600214645298788e-01,9.859201564099364656e-01,9.858789043837715704e-01,9.859201622366190465e-01,9.859601310908334693e-01,9.859612442863132653e-01,9.859613486091595158e-01,9.859613688818243959e-01,9.859613746172609661e-01,9.859613765768858729e-01,9.859613771261224180e-01,9.859613767615511559e-01,9.859613750672454602e-01,9.859613698232276846e-01,9.859613505252207144e-01,9.859612464071194626e-01,9.859600854527736935e-01,9.859256955613433515e-01,9.999999999999976685e-01,9.859255704737062143e-01,9.859588421438886252e-01,9.859200321605374739e-01,9.858788788744697884e-01,9.859200562368056753e-01,9.859600261702499147e-01,9.859611397725297488e-01,9.859612442841305668e-01,9.859612646675168790e-01,9.859612704931383087e-01,9.859612725634329111e-01,9.859612733014064823e-01,9.859612733427960407e-01,9.859612726995736764e-01,9.859612707888606442e-01,9.859612652704919933e-01,9.859612454615322985e-01,9.859611401191609170e-01,9.859599754779843073e-01,9.859255704737062143e-01,9.999999999999976685e-01,9.859243466672950040e-01,9.859187605654641251e-01,9.858787551266495752e-01,9.859189381766553240e-01,9.859589115160047879e-01,9.859600261733337812e-01,9.859601310917757155e-01,9.859601516641420815e-01,9.859601576004948242e-01,9.859601597611286072e-01,9.859601606096376480e-01,9.859601608397760009e-01,9.859601606024934739e-01,9.859601597426366215e-01,9.859601575573810894e-01,9.859601515272728989e-01,9.859601304921846721e-01,9.859600214645298788e-01,9.859588421438886252e-01,9.859243466672950040e-01,9.999999999999976685e-01,9.858830393691097038e-01,9.858775333038019006e-01,9.858789516470286562e-01,9.859189381757361703e-01,9.859200562389820455e-01,9.859201622366758899e-01,9.859201832261047516e-01,9.859201893562353769e-01,9.859201916296013168e-01,9.859201925693940050e-01,9.859201929098484474e-01,9.859201928601469822e-01,9.859201924035236875e-01,9.859201912630690678e-01,9.859201885520775255e-01,9.859201812578491930e-01,9.859201564099364656e-01,9.859200321605374739e-01,9.859187605654641251e-01,9.858830393691097038e-01,9.999999999999976685e-01,9.858362521827123137e-01,9.858362521816818047e-01,9.858775333019563769e-01,9.858787551277300443e-01,9.858788788735234343e-01,9.858789043847592248e-01,9.858789120139908047e-01,9.858789148984218320e-01,9.858789161447678584e-01,9.858789166899322165e-01,9.858789168434342054e-01,9.858789166880349564e-01,9.858789161453065386e-01,9.858789148986049078e-01,9.858789120134215933e-01,9.858789043837715704e-01,9.858788788744697884e-01,9.858787551266495752e-01,9.858775333038019006e-01,9.858362521827123137e-01,9.999999999999976685e-01
