9.999999999999941158e-01,9.999999999999941158e-01,9.999999999999941158e-01,9.999999999999941158e-01,9.999999999999941158e-01,9.999999999999941158e-01,9.999999999999941158e-01,9.999999999999941158e-01,9.999999999999941158e-01,9.999999999999941158e-01,9.999999999999941158e-01,9.999999999999941158e-01,9.999999999999941158e-01,9.999999999999941158e-01,9.999999999999941158e-01,9.999999999999941158e-01,9.999999999999941158e-01,9.999999999999941158e-01,9.999999999999941158e-01,9.999999999999941158e-01,9.999999999999941158e-01,9.999999999999941158e-01,9.999999999999941158e-01,9.999999999999941158e-01,9.999999999999941158e-01,9.999999999999941158e-01,9.999999999999941158e-01,9.999999999999941158e-01,9.999999999999941158e-01,9.999999999999941158e-01,9.999999999999941158e-01,9.999999999999941158e-01,9.999999999999941158e-01,9.999999999999941158e-01,9.999999999999941158e-01,9.999999999999941158e-01,9.999999999999941158e-01,9.999999999999941158e-01,9.999999999999941158e-01,9.999999999999941158e-01,9.999999999999941158e-01,9.999999999999941158e-01,9.999999999999941158e-01,9.999999999999941158e-01,9.999999999999941158e-01,9.999999999999941158e-01,9.999999999999941158e-01,9.999999999999941158e-01,9.999999999999941158e-01,9.999999999999941158e-01,9.999999999999941158e-01,9.999999999999941158e-01,9.999999999999941158e-01,9.999999999999941158e-01,9.999999999999941158e-01,9.999999999999941158e-01,9.999999999999941158e-01,9.999999999999941158e-01,9.999999999999941158e-01,9.999999999999941158e-01,9.999999999999941158e-01,9.999999999999941158e-01,9.999999999999941158e-01,9.999999999999941158e-01,9.999999999999941158e-01,9.999999999999941158e-01,9.999999999999941158e-01,9.999999999999941158e-01,9.999999999999941158e-01,9.999999999999941158e-01,9.999999999999941158e-01,9.999999999999941158e-01,9.999999999999941158e-01,9.999999999999941158e-01,9.999999999999941158e-01,9.999999999999941158e-01,9.999999999999941158e-01,9.999999999999941158e-01,9.999999999999941158e-01,9.999999999999941158e-01,9.999999999999941158e-01,9.999999999999941158e-01,9.999999999999941158e-01,9.999999999999941158e-01,9.999999999999941158e-01,9.999999999999941158e-01,9.999999999999941158e-01,9.999999999999941158e-01,9.999999999999941158e-01,9.999999999999941158e-01,9.999999999999941158e-01,9.999999999999941158e-01,9.999999999999941158e-01,9.999999999999941158e-01,9.999999999999941158e-01,9.999999999999941158e-01,9.999999999999941158e-01,9.999999999999941158e-01,9.999999999999941158e-01,9.999999999999941158e-01,9.999999999999941158e-01,9.999999999999941158e-01,9.999999999999941158e-01,9.999999999999941158e-01,9.999999999999941158e-01,9.999999999999941158e-01,9.999999999999941158e-01,9.999999999999941158e-01,9.999999999999941158e-01,9.999999999999941158e-01,9.999999999999941158e-01,9.999999999999941158e-01,9.999999999999941158e-01,9.999999999999941158e-01,9.999999999999941158e-01,9.999999999999941158e-01,9.999999999999941158e-01,9.999999999999941158e-01,9.999999999999941158e-01,9.999999999999941158e-01,9.999999999999941158e-01,9.999999999999941158e-01,9.999999999999941158e-01,9.999999999999941158e-01,9.999999999999941158e-01,9.999999999999941158e-01,9.999999999999941158e-01,9.999999999999941158e-01,9.999999999999941158e-01,9.999999999999941158e-01,9.999999999999941158e-01,9.999999999999941158e-01,9.999999999999941158e-01,9.999999999999941158e-01,9.999999999999941158e-01,9.999999999999941158e-01,9.999999999999941158e-01,9.999999999999941158e-01,9.999999999999941158e-01,9.999999999999941158e-01,9.999999999999941158e-01,9.999999999999941158e-01,9.999999999999941158e-01,9.999999999999941158e-01,9.999999999999941158e-01,9.999999999999941158e-01,9.999999999999941158e-01,9.999999999999941158e-01,9.999999999999941158e-01,9.999999999999941158e-01,9.999999999999941158e-01,9.999999999999941158e-01,9.999999999999941158e-01,9.999999999999941158e-01,9.999999999999941158e-01,9.999999999999941158e-01,9.999999999999941158e-01,9.999999999999941158e-01,9.999999999999941158e-01,9.999999999999941158e-01,9.999999999999941158e-01,9.999999999999941158e-01,9.999999999999941158e-01,9.999999999999941158e-01,9.999999999999941158e-01,9.999999999999941158e-01,9.999999999999941158e-01,9.999999999999941158e-01,9.999999999999941158e-01,9.999999999999941158e-01,9.999999999999941158e-01,9.999999999999941158e-01,9.999999999999941158e-01,9.999999999999941158e-01,9.999999999999941158e-01,9.999999999999941158e-01,9.999999999999941158e-01,9.999999999999941158e-01,9.999999999999941158e-01,9.999999999999941158e-01,9.999999999999941158e-01,9.999999999999941158e-01,9.999999999999941158e-01,9.999999999999941158e-01,9.999999999999941158e-01,9.999999999999941158e-01,9.999999999999941158e-01,9.999999999999941158e-01,9.999999999999941158e-01,9.999999999999941158e-01,9.999999999999941158e-01,9.999999999999941158e-01,9.999999999999941158e-01,9.999999999999941158e-01,9.999999999999941158e-01,9.999999999999941158e-01,9.999999999999941158e-01,9.999999999999941158e-01,9.999999999999941158e-01,9.999999999999941158e-01,9.999999999999941158e-01,9.999999999999941158e-01,9.999999999999941158e-01,9.999999999999941158e-01,9.999999999999941158e-01,9.999999999999941158e-01,9.999999999999941158e-01,9.999999999999941158e-01,9.999999999999941158e-01,9.999999999999941158e-01,9.999999999999941158e-01,9.999999999999941158e-01,9.999999999999941158e-01,9.999999999999941158e-01,9.999999999999941158e-01,9.999999999999941158e-01,9.999999999999941158e-01,9.999999999999941158e-01,9.999999999999941158e-01,9.999999999999941158e-01,9.999999999999941158e-01,9.999999999999941158e-01,9.999999999999941158e-01,9.999999999999941158e-01,9.999999999999941158e-01,9.999999999999941158e-01,9.999999999999941158e-01,9.999999999999941158e-01,9.999999999999941158e-01,9.999999999999941158e-01,9.999999999999941158e-01,9.999999999999941158e-01,9.999999999999941158e-01,9.999999999999941158e-01,9.999999999999941158e-01,9.999999999999941158e-01,9.999999999999941158e-01,9.999999999999941158e-01,9.999999999999941158e-01,9.999999999999941158e-01,9.999999999999941158e-01,9.999999999999941158e-01,9.999999999999941158e-01,9.999999999999941158e-01,9.999999999999941158e-01,9.999999999999941158e-01,9.999999999999941158e-01,9.999999999999941158e-01,9.999999999999941158e-01,9.999999999999941158e-01,9.999999999999941158e-01,9.999999999999941158e-01,9.999999999999941158e-01,9.999999999999941158e-01,9.999999999999941158e-01,9.999999999999941158e-01,9.999999999999941158e-01,9.999999999999941158e-01,9.999999999999941158e-01,9.999999999999941158e-01,9.999999999999941158e-01,9.999999999999941158e-01,9.999999999999941158e-01,9.999999999999941158e-01,9.999999999999941158e-01,9.999999999999941158e-01,9.999999999999941158e-01,9.999999999999941158e-01,9.999999999999941158e-01,9.999999999999941158e-01,9.999999999999941158e-01,9.999999999999941158e-01,9.999999999999941158e-01,9.999999999999941158e-01,9.999999999999941158e-01,9.999999999999941158e-01,9.999999999999941158e-01,9.999999999999941158e-01,9.999999999999941158e-01,9.999999999999941158e-01,9.999999999999941158e-01,9.999999999999941158e-01,9.999999999999941158e-01,9.999999999999941158e-01,9.999999999999941158e-01,9.999999999999941158e-01,9.999999999999941158e-01,9.999999999999941158e-01,9.999999999999941158e-01,9.999999999999941158e-01,9.999999999999941158e-01,9.999999999999941158e-01,9.999999999999941158e-01,9.999999999999941158e-01,9.999999999999941158e-01,9.999999999999941158e-01,9.999999999999941158e-01,9.999999999999941158e-01,9.999999999999941158e-01,9.999999999999941158e-01,9.999999999999941158e-01,9.999999999999941158e-01,9.999999999999941158e-01,9.999999999999941158e-01,9.999999999999941158e-01,9.999999999999941158e-01,9.999999999999941158e-01,9.999999999999941158e-01,9.999999999999941158e-01,9.999999999999941158e-01,9.999999999999941158e-01,9.999999999999941158e-01,9.999999999999941158e-01,9.999999999999941158e-01,9.999999999999941158e-01,9.999999999999941158e-01,9.999999999999941158e-01,9.999999999999941158e-01,9.999999999999941158e-01,9.999999999999941158e-01,9.999999999999941158e-01,9.999999999999941158e-01,9.999999999999941158e-01,9.999999999999941158e-01,9.999999999999941158e-01,9.999999999999941158e-01,9.999999999999941158e-01,9.999999999999941158e-01,9.999999999999941158e-01,9.999999999999941158e-01,9.999999999999941158e-01,9.999999999999941158e-01,9.999999999999941158e-01,9.999999999999941158e-01,9.999999999999941158e-01,9.999999999999941158e-01,9.999999999999941158e-01,9.999999999999941158e-01,9.999999999999941158e-01,9.999999999999941158e-01,9.999999999999941158e-01,9.999999999999941158e-01,9.999999999999941158e-01,9.999999999999941158e-01,9.999999999999941158e-01,9.999999999999941158e-01,9.999999999999941158e-01,9.999999999999941158e-01,9.999999999999941158e-01,9.999999999999941158e-01,9.999999999999941158e-01,9.999999999999941158e-01,9.999999999999941158e-01,9.999999999999941158e-01,9.999999999999941158e-01,9.999999999999941158e-01,9.999999999999941158e-01,9.999999999999941158e-01,9.999999999999941158e-01,9.999999999999941158e-01,9.999999999999941158e-01,9.999999999999941158e-01,9.999999999999941158e-01,9.999999999999941158e-01,9.999999999999941158e-01,9.999999999999941158e-01,9.999999999999941158e-01,9.999999999999941158e-01,9.999999999999941158e-01,9.999999999999941158e-01,9.999999999999941158e-01,9.999999999999941158e-01,9.999999999999941158e-01,9.999999999999941158e-01,9.999999999999941158e-01,9.999999999999941158e-01,9.999999999999941158e-01,9.999999999999941158e-01,9.999999999999941158e-01,9.999999999999941158e-01,9.999999999999941158e-01,9.999999999999941158e-01,9.999999999999941158e-01,9.999999999999941158e-01,9.999999999999941158e-01,9.999999999999941158e-01,9.999999999999941158e-01,9.999999999999941158e-01,9.999999999999941158e-01,9.999999999999941158e-01,9.999999999999941158e-01,9.999999999999941158e-01,9.999999999999941158e-01,9.999999999999941158e-01,9.999999999999941158e-01,9.999999999999941158e-01,9.999999999999941158e-01,9.999999999999941158e-01,9.999999999999941158e-01,9.999999999999941158e-01
1.000000000000004885e+00,9.952286890740722480e-01,9.952327810391196072e-01,9.952329378290253326e-01,9.952329527218981564e-01,9.952329555149597162e-01,9.952329561264320335e-01,9.952329558219168426e-01,9.952329537016278982e-01,9.952329412798005537e-01,9.952327994543126444e-01,9.952282242250353184e-01,9.952282241425579601e-01,9.952327992430757275e-01,9.952329407917457349e-01,9.952329524521454918e-01,9.952329518378068007e-01,9.952329376730166821e-01,9.952327831729239627e-01,9.952280583149244464e-01,9.952286890740722480e-01,1.000000000000004885e+00,9.952334149608648151e-01,9.952373691458178406e-01,9.952375153352722714e-01,9.952375285045872433e-01,9.952375307736519572e-01,9.952375308654799468e-01,9.952375288694147448e-01,9.952375164953206621e-01,9.952373746913484309e-01,9.952327994540409728e-01,9.952327993953746788e-01,9.952373745392963933e-01,9.952375161369813039e-01,9.952375279231431282e-01,9.952375277099374529e-01,9.952375152248983392e-01,9.952373713102401487e-01,9.952327832661548301e-01,9.952327810391196072e-01,9.952334149608648151e-01,1.000000000000004885e+00,9.952335695582698039e-01,9.952375132121001888e-01,9.952376576991006640e-01,9.952376703494536514e-01,9.952376721003661775e-01,9.952376705012037084e-01,9.952376582515592984e-01,9.952375164954777587e-01,9.952329412796994124e-01,9.952329412446999646e-01,9.952375164022736476e-01,9.952376580222274116e-01,9.952376698563167867e-01,9.952376697676973416e-01,9.952376576802053343e-01,9.952375154313986005e-01,9.952329379727284930e-01,9.952329378290253326e-01,9.952373691458178406e-01,9.952335695582698039e-01,1.000000000000004885e+00,9.952335842575684710e-01,9.952375261933442685e-01,9.952376701613612209e-01,9.952376822936620515e-01,9.952376823536124295e-01,9.952376705009090552e-01,9.952375288692567601e-01,9.952329537012161165e-01,9.952329537015374150e-01,9.952375288698213085e-01,9.952376705027738968e-01,9.952376823591109201e-01,9.952376823183834986e-01,9.952376703554125514e-01,9.952375285041480391e-01,9.952329527252556929e-01,9.952329527218981564e-01,9.952375153352722714e-01,9.952375132121001888e-01,9.952335842575684710e-01,1.000000000000004885e+00,9.952335869900620358e-01,9.952375284028941449e-01,9.952376718527784494e-01,9.952376822941163548e-01,9.952376721005045113e-01,9.952375308657942510e-01,9.952329558219440431e-01,9.952329558925636643e-01,9.952375310739579595e-01,9.952376727175320514e-01,9.952376845868449173e-01,9.952376845683779116e-01,9.952376726533022078e-01,9.952375309266185965e-01,9.952329555488426127e-01,9.952329555149597162e-01,9.952375285045872433e-01,9.952376576991006640e-01,9.952375261933442685e-01,9.952335869900620358e-01,1.000000000000004885e+00,9.952335875088728079e-01,9.952375284027590308e-01,9.952376701616780785e-01,9.952376703494664190e-01,9.952375307738106081e-01,9.952329561263427715e-01,9.952329563697408510e-01,9.952375315735546568e-01,9.952376732301247975e-01,9.952376851100830368e-01,9.952376851045851014e-01,9.952376732117620417e-01,9.952375315330145300e-01,9.952329562809262287e-01,9.952329561264320335e-01,9.952375307736519572e-01,9.952376703494536514e-01,9.952376701613612209e-01,9.952375284028941449e-01,9.952335875088728079e-01,1.000000000000004885e+00,9.952335869897754872e-01,9.952375261935035855e-01,9.952376576989564461e-01,9.952375285046051179e-01,9.952329555147011453e-01,9.952329562807261665e-01,9.952375315329243799e-01,9.952376732117491631e-01,9.952376851046895734e-01,9.952376851098253541e-01,9.952376732299880180e-01,9.952375315734833805e-01,9.952329563697795978e-01,9.952329558219168426e-01,9.952375308654799468e-01,9.952376721003661775e-01,9.952376822936620515e-01,9.952376718527784494e-01,9.952375284027590308e-01,9.952335869897754872e-01,1.000000000000004885e+00,9.952335842575646963e-01,9.952375132118214118e-01,9.952375153351560311e-01,9.952329527215127980e-01,9.952329555485129875e-01,9.952375309263971070e-01,9.952376726531526607e-01,9.952376845683352791e-01,9.952376845864654431e-01,9.952376727172503879e-01,9.952375310737536784e-01,9.952329558924777331e-01,9.952329537016278982e-01,9.952375288694147448e-01,9.952376705012037084e-01,9.952376823536124295e-01,9.952376822941163548e-01,9.952376701616780785e-01,9.952375261935035855e-01,9.952335842575646963e-01,1.000000000000004885e+00,9.952335695584179076e-01,9.952373691461404714e-01,9.952329378290886153e-01,9.952329527253638286e-01,9.952375285043765230e-01,9.952376703557072046e-01,9.952376823187973898e-01,9.952376823591699839e-01,9.952376705029482018e-01,9.952375288700657796e-01,9.952329537018962391e-01,9.952329412798005537e-01,9.952375164953206621e-01,9.952376582515592984e-01,9.952376705009090552e-01,9.952376721005045113e-01,9.952376703494664190e-01,9.952376576989564461e-01,9.952375132118214118e-01,9.952335695584179076e-01,1.000000000000004885e+00,9.952334149608650371e-01,9.952327810388806872e-01,9.952329379725431968e-01,9.952375154313153338e-01,9.952376576802085539e-01,9.952376697678008144e-01,9.952376698560762014e-01,9.952376580221073965e-01,9.952375164022149168e-01,9.952329412447595836e-01,9.952327994543126444e-01,9.952373746913484309e-01,9.952375164954777587e-01,9.952375288692567601e-01,9.952375308657942510e-01,9.952375307738106081e-01,9.952375285046051179e-01,9.952375153351560311e-01,9.952373691461404714e-01,9.952334149608650371e-01,1.000000000000004885e+00,9.952286890739695524e-01,9.952327832661227447e-01,9.952373713103174202e-01,9.952375152250465540e-01,9.952375277102061268e-01,9.952375279230590843e-01,9.952375161370058398e-01,9.952373745394007543e-01,9.952327993955829566e-01,9.952282242250353184e-01,9.952327994540409728e-01,9.952329412796994124e-01,9.952329537012161165e-01,9.952329558219440431e-01,9.952329561263427715e-01,9.952329555147011453e-01,9.952329527215127980e-01,9.952329378290886153e-01,9.952327810388806872e-01,9.952286890739695524e-01,1.000000000000004885e+00,9.952280583146270176e-01,9.952327831727386664e-01,9.952329376728989985e-01,9.952329518378105755e-01,9.952329524517923298e-01,9.952329407915115889e-01,9.952327992429061965e-01,9.952282241425097764e-01,9.952282241425579601e-01,9.952327993953746788e-01,9.952329412446999646e-01,9.952329537015374150e-01,9.952329558925636643e-01,9.952329563697408510e-01,9.952329562807261665e-01,9.952329555485129875e-01,9.952329527253638286e-01,9.952329379725431968e-01,9.952327832661227447e-01,9.952280583146270176e-01,1.000000000000004885e+00,9.952286888628466555e-01,9.952327806218645989e-01,9.952329368241924490e-01,9.952329495074573318e-01,9.952329399081308869e-01,9.952327988821596527e-01,9.952282239541717646e-01,9.952327992430757275e-01,9.952373745392963933e-01,9.952375164022736476e-01,9.952375288698213085e-01,9.952375310739579595e-01,9.952375315735546568e-01,9.952375315329243799e-01,9.952375309263971070e-01,9.952375285043765230e-01,9.952375154313153338e-01,9.952373713103174202e-01,9.952327831727386664e-01,9.952286888628466555e-01,1.000000000000004885e+00,9.952334144495520452e-01,9.952373680477726303e-01,9.952375120276745202e-01,9.952375128045634067e-01,9.952373734354637014e-01,9.952327988822718963e-01,9.952329407917457349e-01,9.952375161369813039e-01,9.952376580222274116e-01,9.952376705027738968e-01,9.952376727175320514e-01,9.952376732301247975e-01,9.952376732117491631e-01,9.952376726531526607e-01,9.952376703557072046e-01,9.952376576802085539e-01,9.952375152250465540e-01,9.952329376728989985e-01,9.952327806218645989e-01,9.952334144495520452e-01,1.000000000000004885e+00,9.952335682514302784e-01,9.952375096978192115e-01,9.952376417925397067e-01,9.952375128046352382e-01,9.952329399083135186e-01,9.952329524521454918e-01,9.952375279231431282e-01,9.952376698563167867e-01,9.952376823591109201e-01,9.952376845868449173e-01,9.952376851100830368e-01,9.952376851046895734e-01,9.952376845683352791e-01,9.952376823187973898e-01,9.952376697678008144e-01,9.952375277102061268e-01,9.952329518378105755e-01,9.952329368241924490e-01,9.952373680477726303e-01,9.952335682514302784e-01,1.000000000000004885e+00,9.952335801482460331e-01,9.952375096979324542e-01,9.952375120278630360e-01,9.952329495077634203e-01,9.952329518378068007e-01,9.952375277099374529e-01,9.952376697676973416e-01,9.952376823183834986e-01,9.952376845683779116e-01,9.952376851045851014e-01,9.952376851098253541e-01,9.952376845864654431e-01,9.952376823591699839e-01,9.952376698560762014e-01,9.952375279230590843e-01,9.952329524517923298e-01,9.952329495074573318e-01,9.952375120276745202e-01,9.952375096978192115e-01,9.952335801482460331e-01,1.000000000000004885e+00,9.952335682511852522e-01,9.952373680476092055e-01,9.952329368241359386e-01,9.952329376730166821e-01,9.952375152248983392e-01,9.952376576802053343e-01,9.952376703554125514e-01,9.952376726533022078e-01,9.952376732117620417e-01,9.952376732299880180e-01,9.952376727172503879e-01,9.952376705029482018e-01,9.952376580221073965e-01,9.952375161370058398e-01,9.952329407915115889e-01,9.952329399081308869e-01,9.952375128045634067e-01,9.952376417925397067e-01,9.952375096979324542e-01,9.952335682511852522e-01,1.000000000000004885e+00,9.952334144495087465e-01,9.952327806219205542e-01,9.952327831729239627e-01,9.952373713102401487e-01,9.952375154313986005e-01,9.952375285041480391e-01,9.952375309266185965e-01,9.952375315330145300e-01,9.952375315734833805e-01,9.952375310737536784e-01,9.952375288700657796e-01,9.952375164022149168e-01,9.952373745394007543e-01,9.952327992429061965e-01,9.952327988821596527e-01,9.952373734354637014e-01,9.952375128046352382e-01,9.952375120278630360e-01,9.952373680476092055e-01,9.952334144495087465e-01,1.000000000000004885e+00,9.952286888630179629e-01,9.952280583149244464e-01,9.952327832661548301e-01,9.952329379727284930e-01,9.952329527252556929e-01,9.952329555488426127e-01,9.952329562809262287e-01,9.952329563697795978e-01,9.952329558924777331e-01,9.952329537018962391e-01,9.952329412447595836e-01,9.952327993955829566e-01,9.952282241425097764e-01,9.952282239541717646e-01,9.952327988822718963e-01,9.952329399083135186e-01,9.952329495077634203e-01,9.952329368241359386e-01,9.952327806219205542e-01,9.952286888630179629e-01,1.000000000000004885e+00
1.000000000000000666e+00,9.905236345548714683e-01,9.905397490033062136e-01,9.905403433253358036e-01,9.905404001623789867e-01,9.905404109293990400e-01,9.905404133015247581e-01,9.905404121426634179e-01,9.905404040603200677e-01,9.905403574248888843e-01,9.905398315662240494e-01,9.905218269149560495e-01,9.905218265938414701e-01,9.905398307469472918e-01,9.905403555342332522e-01,9.905403992335451990e-01,9.905403968415207316e-01,9.905403434151841546e-01,9.905397685339840663e-01,9.905211745052493466e-01,9.905236345548714683e-01,1.000000000000000666e+00,9.905422340522742619e-01,9.905578037326014940e-01,9.905583570724704190e-01,9.905584072271567120e-01,9.905584159596335647e-01,9.905584163294320899e-01,9.905584087272548688e-01,9.905583622759879248e-01,9.905578364936892255e-01,9.905398315656924746e-01,9.905398313378606101e-01,9.905578359056929072e-01,9.905583608919832361e-01,9.905584050838415200e-01,9.905584042571174974e-01,9.905583573589301638e-01,9.905578234301951612e-01,9.905397688934443057e-01,9.905397490033062136e-01,9.905422340522742619e-01,1.000000000000000666e+00,9.905428089297267924e-01,9.905583381883052985e-01,9.905588850108909549e-01,9.905589331700540567e-01,9.905589399117937788e-01,9.905589338426178392e-01,9.905588878733950775e-01,9.905583622767409890e-01,9.905403574251355758e-01,9.905403572895564723e-01,9.905583619175095667e-01,9.905588869905510574e-01,9.905589313684937114e-01,9.905589310247897572e-01,9.905588856641240891e-01,9.905583581553263350e-01,9.905403445709388688e-01,9.905403433253358036e-01,9.905578037326014940e-01,9.905428089297267924e-01,1.000000000000000666e+00,9.905428643584778259e-01,9.905583869784503337e-01,9.905589318053229508e-01,9.905589779744377044e-01,9.905589782774201213e-01,9.905589338413908207e-01,9.905584087267030879e-01,9.905404040593064341e-01,9.905404040612872940e-01,9.905584087316313679e-01,9.905589338552205358e-01,9.905589783196125930e-01,9.905589781617630818e-01,9.905589332836606253e-01,9.905584073123637756e-01,9.905404002562021581e-01,9.905404001623789867e-01,9.905583570724704190e-01,9.905583381883052985e-01,9.905428643584778259e-01,1.000000000000000666e+00,9.905428748150389984e-01,9.905583954087447962e-01,9.905589382449698777e-01,9.905589779753395385e-01,9.905589399113836624e-01,9.905584163298414291e-01,9.905404121424700170e-01,9.905404124179734149e-01,9.905584171397660009e-01,9.905589423046742281e-01,9.905589868195028291e-01,9.905589867481463529e-01,9.905589420559210989e-01,9.905584165676213360e-01,9.905404110765887449e-01,9.905404109293990400e-01,9.905584072271567120e-01,9.905588850108909549e-01,9.905583869784503337e-01,9.905428748150389984e-01,1.000000000000000666e+00,9.905428768115080995e-01,9.905583954083138076e-01,9.905589318057766990e-01,9.905589331692525867e-01,9.905584159595212101e-01,9.905404133009642065e-01,9.905404142476748053e-01,9.905584190573689662e-01,9.905589442728148786e-01,9.905589888290333711e-01,9.905589888080909011e-01,9.905589442023210456e-01,9.905584189001424011e-01,9.905404139007327746e-01,9.905404133015247581e-01,9.905584159596335647e-01,9.905589331700540567e-01,9.905589318053229508e-01,9.905583954087447962e-01,9.905428768115080995e-01,1.000000000000000666e+00,9.905428748150096885e-01,9.905583869792655705e-01,9.905588850104547483e-01,9.905584072274815632e-01,9.905404109291762182e-01,9.905404139006918074e-01,9.905584188999293493e-01,9.905589442018609692e-01,9.905589888085392092e-01,9.905589888289660916e-01,9.905589442736790762e-01,9.905584190579431736e-01,9.905404142480813690e-01,9.905404121426634179e-01,9.905584163294320899e-01,9.905589399117937788e-01,9.905589779744377044e-01,9.905589382449698777e-01,9.905583954083138076e-01,9.905428748150096885e-01,1.000000000000000666e+00,9.905428643587763649e-01,9.905583381874245585e-01,9.905583570723592857e-01,9.905404001617525989e-01,9.905404110761172332e-01,9.905584165669607533e-01,9.905589420550016122e-01,9.905589867481224831e-01,9.905589868190426417e-01,9.905589423050663589e-01,9.905584171399133275e-01,9.905404124179739700e-01,9.905404040603200677e-01,9.905584087272548688e-01,9.905589338426178392e-01,9.905589782774201213e-01,9.905589779753395385e-01,9.905589318057766990e-01,9.905583869792655705e-01,9.905428643587763649e-01,1.000000000000000666e+00,9.905428089296655081e-01,9.905578037333191421e-01,9.905403433255868251e-01,9.905404002565668664e-01,9.905584073125954792e-01,9.905589332836045591e-01,9.905589781626621404e-01,9.905589783200040577e-01,9.905589338565270463e-01,9.905584087326714249e-01,9.905404040621514916e-01,9.905403574248888843e-01,9.905583622759879248e-01,9.905588878733950775e-01,9.905589338413908207e-01,9.905589399113836624e-01,9.905589331692525867e-01,9.905588850104547483e-01,9.905583381874245585e-01,9.905428089296655081e-01,1.000000000000000666e+00,9.905422340516790713e-01,9.905397490023047924e-01,9.905403445700918796e-01,9.905583581542566352e-01,9.905588856628450012e-01,9.905589310243814172e-01,9.905589313676350649e-01,9.905588869906143401e-01,9.905583619172786403e-01,9.905403572891868791e-01,9.905398315662240494e-01,9.905578364936892255e-01,9.905583622767409890e-01,9.905584087267030879e-01,9.905584163298414291e-01,9.905584159595212101e-01,9.905584072274815632e-01,9.905583570723592857e-01,9.905578037333191421e-01,9.905422340516790713e-01,1.000000000000000666e+00,9.905236345545193055e-01,9.905397688933204048e-01,9.905578234299040608e-01,9.905583573583564005e-01,9.905584042574866466e-01,9.905584050837362708e-01,9.905583608927662764e-01,9.905578359062581217e-01,9.905398313382031139e-01,9.905218269149560495e-01,9.905398315656924746e-01,9.905403574251355758e-01,9.905404040593064341e-01,9.905404121424700170e-01,9.905404133009642065e-01,9.905404109291762182e-01,9.905404001617525989e-01,9.905403433255868251e-01,9.905397490023047924e-01,9.905236345545193055e-01,1.000000000000000666e+00,9.905211745046162974e-01,9.905397685331860380e-01,9.905403434141062391e-01,9.905403968413761806e-01,9.905403992329061547e-01,9.905403555345384525e-01,9.905398307469478469e-01,9.905218265937197897e-01,9.905218265938414701e-01,9.905398313378606101e-01,9.905403572895564723e-01,9.905404040612872940e-01,9.905404124179734149e-01,9.905404142476748053e-01,9.905404139006918074e-01,9.905404110761172332e-01,9.905404002565668664e-01,9.905403445700918796e-01,9.905397688933204048e-01,9.905211745046162974e-01,1.000000000000000666e+00,9.905236337356712051e-01,9.905397473904238304e-01,9.905403394546834495e-01,9.905403878628729064e-01,9.905403521072709827e-01,9.905398293444480640e-01,9.905218258596053538e-01,9.905398307469472918e-01,9.905578359056929072e-01,9.905583619175095667e-01,9.905584087316313679e-01,9.905584171397660009e-01,9.905584190573689662e-01,9.905584188999293493e-01,9.905584165669607533e-01,9.905584073125954792e-01,9.905583581542566352e-01,9.905578234299040608e-01,9.905397685331860380e-01,9.905236337356712051e-01,1.000000000000000666e+00,9.905422320725622010e-01,9.905577995016003889e-01,9.905583444129565374e-01,9.905583480442419209e-01,9.905578316318617293e-01,9.905398293442871926e-01,9.905403555342332522e-01,9.905583608919832361e-01,9.905588869905510574e-01,9.905589338552205358e-01,9.905589423046742281e-01,9.905589442728148786e-01,9.905589442018609692e-01,9.905589420550016122e-01,9.905589332836045591e-01,9.905588856628450012e-01,9.905583573583564005e-01,9.905403434141062391e-01,9.905397473904238304e-01,9.905422320725622010e-01,1.000000000000000666e+00,9.905428038839805271e-01,9.905583247302570671e-01,9.905588250305310538e-01,9.905583480439894561e-01,9.905403521068184558e-01,9.905403992335451990e-01,9.905584050838415200e-01,9.905589313684937114e-01,9.905589783196125930e-01,9.905589868195028291e-01,9.905589888290333711e-01,9.905589888085392092e-01,9.905589867481224831e-01,9.905589781626621404e-01,9.905589310243814172e-01,9.905584042574866466e-01,9.905403968413761806e-01,9.905403394546834495e-01,9.905577995016003889e-01,9.905428038839805271e-01,1.000000000000000666e+00,9.905428485858159826e-01,9.905583247311584572e-01,9.905583444135998006e-01,9.905403878633833870e-01,9.905403968415207316e-01,9.905584042571174974e-01,9.905589310247897572e-01,9.905589781617630818e-01,9.905589867481463529e-01,9.905589888080909011e-01,9.905589888289660916e-01,9.905589868190426417e-01,9.905589783200040577e-01,9.905589313676350649e-01,9.905584050837362708e-01,9.905403992329061547e-01,9.905403878628729064e-01,9.905583444129565374e-01,9.905583247302570671e-01,9.905428485858159826e-01,1.000000000000000666e+00,9.905428038843946403e-01,9.905577995017790238e-01,9.905403394546657969e-01,9.905403434151841546e-01,9.905583573589301638e-01,9.905588856641240891e-01,9.905589332836606253e-01,9.905589420559210989e-01,9.905589442023210456e-01,9.905589442736790762e-01,9.905589423050663589e-01,9.905589338565270463e-01,9.905588869906143401e-01,9.905583608927662764e-01,9.905403555345384525e-01,9.905403521072709827e-01,9.905583480442419209e-01,9.905588250305310538e-01,9.905583247311584572e-01,9.905428038843946403e-01,1.000000000000000666e+00,9.905422320736900765e-01,9.905397473913079009e-01,9.905397685339840663e-01,9.905578234301951612e-01,9.905583581553263350e-01,9.905584073123637756e-01,9.905584165676213360e-01,9.905584189001424011e-01,9.905584190579431736e-01,9.905584171399133275e-01,9.905584087326714249e-01,9.905583619172786403e-01,9.905578359062581217e-01,9.905398307469478469e-01,9.905398293444480640e-01,9.905578316318617293e-01,9.905583480439894561e-01,9.905583444135998006e-01,9.905577995017790238e-01,9.905422320736900765e-01,1.000000000000000666e+00,9.905236337364539123e-01,9.905211745052493466e-01,9.905397688934443057e-01,9.905403445709388688e-01,9.905404002562021581e-01,9.905404110765887449e-01,9.905404139007327746e-01,9.905404142480813690e-01,9.905404124179739700e-01,9.905404040621514916e-01,9.905403572891868791e-01,9.905398313382031139e-01,9.905218265937197897e-01,9.905218258596053538e-01,9.905398293442871926e-01,9.905403521068184558e-01,9.905403878633833870e-01,9.905403394546657969e-01,9.905397473913079009e-01,9.905236337364539123e-01,1.000000000000000666e+00
1.000000000000001554e+00,9.858831995785450886e-01,9.859189012335366487e-01,9.859201675860966851e-01,9.859202897171438496e-01,9.859203130833636974e-01,9.859203182624535211e-01,9.859203157789734329e-01,9.859202984286707938e-01,9.859201998208693141e-01,9.859191058647579498e-01,9.858792452902414016e-01,9.858792445875710353e-01,9.859191040766075442e-01,9.859201956995571337e-01,9.859202879333023306e-01,9.859202826912036866e-01,9.859201691971832826e-01,9.859189685769421674e-01,9.858778019861642594e-01,9.858831995785450886e-01,1.000000000000001554e+00,9.859243816918690229e-01,9.859588717671200486e-01,9.859600489657971423e-01,9.859601565115491129e-01,9.859601754316087430e-01,9.859601762668394054e-01,9.859601599608444067e-01,9.859600617521149246e-01,9.859589679393058193e-01,9.859191058636057603e-01,9.859191053664773108e-01,9.859589666596294544e-01,9.859600587443325681e-01,9.859601520641416705e-01,9.859601502592376665e-01,9.859600510426865805e-01,9.859589395367189812e-01,9.859189693566932089e-01,9.859189012335366487e-01,9.859243816918690229e-01,1.000000000000001554e+00,9.859255814647902572e-01,9.859599842943251868e-01,9.859611474523707342e-01,9.859612506795655262e-01,9.859612652937076449e-01,9.859612523206457979e-01,9.859611551627825987e-01,9.859600617546350199e-01,9.859201998222316687e-01,9.859201995274426977e-01,9.859600609754000100e-01,9.859611532504015674e-01,9.859612469768818110e-01,9.859612462257170140e-01,9.859611503555153478e-01,9.859600527714995621e-01,9.859201717055955383e-01,9.859201675860966851e-01,9.859588717671200486e-01,9.859255814647902572e-01,1.000000000000001554e+00,9.859256991819013161e-01,9.859600875723477653e-01,9.859612464111547903e-01,9.859613453344685530e-01,9.859613461410018376e-01,9.859612523164356102e-01,9.859601599590916976e-01,9.859202984258287339e-01,9.859202984324810792e-01,9.859601599756473433e-01,9.859612523612845125e-01,9.859613462767170544e-01,9.859613459315740291e-01,9.859612511137244573e-01,9.859601568760266721e-01,9.859202900874934894e-01,9.859202897171438496e-01,9.859600489657971423e-01,9.859599842943251868e-01,9.859256991819013161e-01,1.000000000000001554e+00,9.859257217158613473e-01,9.859601056875704206e-01,9.859612602205815035e-01,9.859613453363136326e-01,9.859612652912755904e-01,9.859601762669790714e-01,9.859203157778929638e-01,9.859203163834510120e-01,9.859601780402522664e-01,9.859612705163326440e-01,9.859613645422085071e-01,9.859613643860296595e-01,9.859612699742210662e-01,9.859601767902382852e-01,9.859203134381582245e-01,9.859203130833636974e-01,9.859601565115491129e-01,9.859611474523707342e-01,9.859600875723477653e-01,9.859257217158613473e-01,1.000000000000001554e+00,9.859257260404847845e-01,9.859601056861463375e-01,9.859612464115713459e-01,9.859612506757585715e-01,9.859601754302304011e-01,9.859203182600008164e-01,9.859203203329208742e-01,9.859601821837644664e-01,9.859612747704524782e-01,9.859613688867675529e-01,9.859613688410091559e-01,9.859612746181453113e-01,9.859601818407935925e-01,9.859203195707360035e-01,9.859203182624535211e-01,9.859601754316087430e-01,9.859612506795655262e-01,9.859612464111547903e-01,9.859601056875704206e-01,9.859257260404847845e-01,1.000000000000001554e+00,9.859257217171055743e-01,9.859600875753659066e-01,9.859611474511670304e-01,9.859601565128603973e-01,9.859203130835132445e-01,9.859203195717538559e-01,9.859601818402951023e-01,9.859612746160837382e-01,9.859613688428530143e-01,9.859613688875459303e-01,9.859612747751761441e-01,9.859601821868915206e-01,9.859203203345298094e-01,9.859203157789734329e-01,9.859601762668394054e-01,9.859612652937076449e-01,9.859613453344685530e-01,9.859612602205815035e-01,9.859601056861463375e-01,9.859257217171055743e-01,1.000000000000001554e+00,9.859256991834374206e-01,9.859599842916755286e-01,9.859600489656890066e-01,9.859202897158960699e-01,9.859203134377371169e-01,9.859601767882756329e-01,9.859612699707024364e-01,9.859613643864275634e-01,9.859613645415858940e-01,9.859612705195921478e-01,9.859601780419589012e-01,9.859203163836399719e-01,9.859202984286707938e-01,9.859601599608444067e-01,9.859612523206457979e-01,9.859613461410018376e-01,9.859613453363136326e-01,9.859612464115713459e-01,9.859600875753659066e-01,9.859256991834374206e-01,1.000000000000001554e+00,9.859255814639288351e-01,9.859588717687817194e-01,9.859201675866784420e-01,9.859202900888728305e-01,9.859601568759205348e-01,9.859612511120174894e-01,9.859613459338616437e-01,9.859613462779159843e-01,9.859612523664056383e-01,9.859601599792121585e-01,9.859202984344928034e-01,9.859201998208693141e-01,9.859600617521149246e-01,9.859611551627825987e-01,9.859612523164356102e-01,9.859612652912755904e-01,9.859612506757585715e-01,9.859611474511670304e-01,9.859599842916755286e-01,9.859255814639288351e-01,1.000000000000001554e+00,9.859243816892432344e-01,9.859189012298895660e-01,9.859201717027890055e-01,9.859600527671120718e-01,9.859611503495983031e-01,9.859612462237055119e-01,9.859612469738457952e-01,9.859611532512803089e-01,9.859600609747015687e-01,9.859201995252523387e-01,9.859191058647579498e-01,9.859589679393058193e-01,9.859600617546350199e-01,9.859601599590916976e-01,9.859601762669790714e-01,9.859601754302304011e-01,9.859601565128603973e-01,9.859600489656890066e-01,9.859588717687817194e-01,9.859243816892432344e-01,1.000000000000001554e+00,9.858831995772947554e-01,9.859189693563628065e-01,9.859589395348866692e-01,9.859600510392501072e-01,9.859601502597546974e-01,9.859601520636321892e-01,9.859600587477235223e-01,9.859589666615093950e-01,9.859191053667547555e-01,9.858792452902414016e-01,9.859191058636057603e-01,9.859201998222316687e-01,9.859202984258287339e-01,9.859203157778929638e-01,9.859203182600008164e-01,9.859203130835132445e-01,9.859202897158960699e-01,9.859201675866784420e-01,9.859189012298895660e-01,9.858831995772947554e-01,1.000000000000001554e+00,9.858778019847076468e-01,9.859189685739588871e-01,9.859201691926209321e-01,9.859202826905760775e-01,9.859202879316262269e-01,9.859201957018504103e-01,9.859191040772765646e-01,9.858792445867706755e-01,9.858792445875710353e-01,9.859191053664773108e-01,9.859201995274426977e-01,9.859202984324810792e-01,9.859203163834510120e-01,9.859203203329208742e-01,9.859203195717538559e-01,9.859203134377371169e-01,9.859202900888728305e-01,9.859201717027890055e-01,9.859189693563628065e-01,9.858778019847076468e-01,1.000000000000001554e+00,9.858831977908159017e-01,9.859188977248262153e-01,9.859201591940325304e-01,9.859202632155278367e-01,9.859201882192637489e-01,9.859191010096657326e-01,9.858792429774035915e-01,9.859191040766075442e-01,9.859589666596294544e-01,9.859600609754000100e-01,9.859601599756473433e-01,9.859601780402522664e-01,9.859601821837644664e-01,9.859601818402951023e-01,9.859601767882756329e-01,9.859601568759205348e-01,9.859600527671120718e-01,9.859589395348866692e-01,9.859189685739588871e-01,9.858831977908159017e-01,1.000000000000001554e+00,9.859243773785600906e-01,9.859588625915218785e-01,9.859600216813263485e-01,9.859600308607141539e-01,9.859589573470858292e-01,9.859191010081496120e-01,9.859201956995571337e-01,9.859600587443325681e-01,9.859611532504015674e-01,9.859612523612845125e-01,9.859612705163326440e-01,9.859612747704524782e-01,9.859612746160837382e-01,9.859612699707024364e-01,9.859612511120174894e-01,9.859611503495983031e-01,9.859600510392501072e-01,9.859201691926209321e-01,9.859188977248262153e-01,9.859243773785600906e-01,1.000000000000001554e+00,9.859255705002076819e-01,9.859599552736179051e-01,9.859610200687023429e-01,9.859600308591663920e-01,9.859201882161375829e-01,9.859202879333023306e-01,9.859601520641416705e-01,9.859612469768818110e-01,9.859613462767170544e-01,9.859613645422085071e-01,9.859613688867675529e-01,9.859613688428530143e-01,9.859613643864275634e-01,9.859613459338616437e-01,9.859612462237055119e-01,9.859601502597546974e-01,9.859202826905760775e-01,9.859201591940325304e-01,9.859588625915218785e-01,9.859255705002076819e-01,1.000000000000001554e+00,9.859256650948576839e-01,9.859599552775289988e-01,9.859600216836726938e-01,9.859202632163825974e-01,9.859202826912036866e-01,9.859601502592376665e-01,9.859612462257170140e-01,9.859613459315740291e-01,9.859613643860296595e-01,9.859613688410091559e-01,9.859613688875459303e-01,9.859613645415858940e-01,9.859613462779159843e-01,9.859612469738457952e-01,9.859601520636321892e-01,9.859202879316262269e-01,9.859202632155278367e-01,9.859600216813263485e-01,9.859599552736179051e-01,9.859256650948576839e-01,1.000000000000001554e+00,9.859255705030917083e-01,9.859588625928421557e-01,9.859201591938068221e-01,9.859201691971832826e-01,9.859600510426865805e-01,9.859611503555153478e-01,9.859612511137244573e-01,9.859612699742210662e-01,9.859612746181453113e-01,9.859612747751761441e-01,9.859612705195921478e-01,9.859612523664056383e-01,9.859611532512803089e-01,9.859600587477235223e-01,9.859201957018504103e-01,9.859201882192637489e-01,9.859600308607141539e-01,9.859610200687023429e-01,9.859599552775289988e-01,9.859255705030917083e-01,1.000000000000001554e+00,9.859243773838818337e-01,9.859188977285087141e-01,9.859189685769421674e-01,9.859589395367189812e-01,9.859600527714995621e-01,9.859601568760266721e-01,9.859601767902382852e-01,9.859601818407935925e-01,9.859601821868915206e-01,9.859601780419589012e-01,9.859601599792121585e-01,9.859600609747015687e-01,9.859589666615093950e-01,9.859191040772765646e-01,9.859191010096657326e-01,9.859589573470858292e-01,9.859600308591663920e-01,9.859600216836726938e-01,9.859588625928421557e-01,9.859243773838818337e-01,1.000000000000001554e+00,9.858831977930894164e-01,9.858778019861642594e-01,9.859189693566932089e-01,9.859201717055955383e-01,9.859202900874934894e-01,9.859203134381582245e-01,9.859203195707360035e-01,9.859203203345298094e-01,9.859203163836399719e-01,9.859202984344928034e-01,9.859201995252523387e-01,9.859191053667547555e-01,9.858792445867706755e-01,9.858792429774035915e-01,9.859191010081496120e-01,9.859201882161375829e-01,9.859202632163825974e-01,9.859201591938068221e-01,9.859188977285087141e-01,9.858831977930894164e-01,1.000000000000001554e+00
