9.999999999999795719e-01,9.999999999999795719e-01,9.999999999999795719e-01,9.999999999999795719e-01,9.999999999999795719e-01,9.999999999999795719e-01,9.999999999999795719e-01,9.999999999999795719e-01,9.999999999999795719e-01,9.999999999999795719e-01,9.999999999999795719e-01,9.999999999999795719e-01,9.999999999999795719e-01,9.999999999999795719e-01,9.999999999999795719e-01,9.999999999999795719e-01,9.999999999999795719e-01,9.999999999999795719e-01,9.999999999999795719e-01,9.999999999999795719e-01,9.999999999999795719e-01,9.999999999999795719e-01,9.999999999999795719e-01,9.999999999999795719e-01,9.999999999999795719e-01,9.999999999999795719e-01,9.999999999999795719e-01,9.999999999999795719e-01,9.999999999999795719e-01,9.999999999999795719e-01,9.999999999999795719e-01,9.999999999999795719e-01,9.999999999999795719e-01,9.999999999999795719e-01,9.999999999999795719e-01,9.999999999999795719e-01,9.999999999999795719e-01,9.999999999999795719e-01,9.999999999999795719e-01,9.999999999999795719e-01,9.999999999999795719e-01,9.999999999999795719e-01,9.999999999999795719e-01,9.999999999999795719e-01,9.999999999999795719e-01,9.999999999999795719e-01,9.999999999999795719e-01,9.999999999999795719e-01,9.999999999999795719e-01,9.999999999999795719e-01,9.999999999999795719e-01,9.999999999999795719e-01,9.999999999999795719e-01,9.999999999999795719e-01,9.999999999999795719e-01,9.999999999999795719e-01,9.999999999999795719e-01,9.999999999999795719e-01,9.999999999999795719e-01,9.999999999999795719e-01,9.999999999999795719e-01,9.999999999999795719e-01,9.999999999999795719e-01,9.999999999999795719e-01,9.999999999999795719e-01,9.999999999999795719e-01,9.999999999999795719e-01,9.999999999999795719e-01,9.999999999999795719e-01,9.999999999999795719e-01,9.999999999999795719e-01,9.999999999999795719e-01,9.999999999999795719e-01,9.999999999999795719e-01,9.999999999999795719e-01,9.999999999999795719e-01,9.999999999999795719e-01,9.999999999999795719e-01,9.999999999999795719e-01,9.999999999999795719e-01,9.999999999999795719e-01,9.999999999999795719e-01,9.999999999999795719e-01,9.999999999999795719e-01,9.999999999999795719e-01,9.999999999999795719e-01,9.999999999999795719e-01,9.999999999999795719e-01,9.999999999999795719e-01,9.999999999999795719e-01,9.999999999999795719e-01,9.999999999999795719e-01,9.999999999999795719e-01,9.999999999999795719e-01,9.999999999999795719e-01,9.999999999999795719e-01,9.999999999999795719e-01,9.999999999999795719e-01,9.999999999999795719e-01,9.999999999999795719e-01,9.999999999999795719e-01,9.999999999999795719e-01,9.999999999999795719e-01,9.999999999999795719e-01,9.999999999999795719e-01,9.999999999999795719e-01,9.999999999999795719e-01,9.999999999999795719e-01,9.999999999999795719e-01,9.999999999999795719e-01,9.999999999999795719e-01,9.999999999999795719e-01,9.999999999999795719e-01,9.999999999999795719e-01,9.999999999999795719e-01,9.999999999999795719e-01,9.999999999999795719e-01,9.999999999999795719e-01,9.999999999999795719e-01,9.999999999999795719e-01,9.999999999999795719e-01,9.999999999999795719e-01,9.999999999999795719e-01,9.999999999999795719e-01,9.999999999999795719e-01,9.999999999999795719e-01,9.999999999999795719e-01,9.999999999999795719e-01,9.999999999999795719e-01,9.999999999999795719e-01,9.999999999999795719e-01,9.999999999999795719e-01,9.999999999999795719e-01,9.999999999999795719e-01,9.999999999999795719e-01,9.999999999999795719e-01,9.999999999999795719e-01,9.999999999999795719e-01,9.999999999999795719e-01,9.999999999999795719e-01,9.999999999999795719e-01,9.999999999999795719e-01,9.999999999999795719e-01,9.999999999999795719e-01,9.999999999999795719e-01,9.999999999999795719e-01,9.999999999999795719e-01,9.999999999999795719e-01,9.999999999999795719e-01,9.999999999999795719e-01,9.999999999999795719e-01,9.999999999999795719e-01,9.999999999999795719e-01,9.999999999999795719e-01,9.999999999999795719e-01,9.999999999999795719e-01,9.999999999999795719e-01,9.999999999999795719e-01,9.999999999999795719e-01,9.999999999999795719e-01,9.999999999999795719e-01,9.999999999999795719e-01,9.999999999999795719e-01,9.999999999999795719e-01,9.999999999999795719e-01,9.999999999999795719e-01,9.999999999999795719e-01,9.999999999999795719e-01,9.999999999999795719e-01,9.999999999999795719e-01,9.999999999999795719e-01,9.999999999999795719e-01,9.999999999999795719e-01,9.999999999999795719e-01,9.999999999999795719e-01,9.999999999999795719e-01,9.999999999999795719e-01,9.999999999999795719e-01,9.999999999999795719e-01,9.999999999999795719e-01,9.999999999999795719e-01,9.999999999999795719e-01,9.999999999999795719e-01,9.999999999999795719e-01,9.999999999999795719e-01,9.999999999999795719e-01,9.999999999999795719e-01,9.999999999999795719e-01,9.999999999999795719e-01,9.999999999999795719e-01,9.999999999999795719e-01,9.999999999999795719e-01,9.999999999999795719e-01,9.999999999999795719e-01,9.999999999999795719e-01,9.999999999999795719e-01,9.999999999999795719e-01,9.999999999999795719e-01,9.999999999999795719e-01,9.999999999999795719e-01,9.999999999999795719e-01,9.999999999999795719e-01,9.999999999999795719e-01,9.999999999999795719e-01,9.999999999999795719e-01,9.999999999999795719e-01,9.999999999999795719e-01,9.999999999999795719e-01,9.999999999999795719e-01,9.999999999999795719e-01,9.999999999999795719e-01,9.999999999999795719e-01,9.999999999999795719e-01,9.999999999999795719e-01,9.999999999999795719e-01,9.999999999999795719e-01,9.999999999999795719e-01,9.999999999999795719e-01,9.999999999999795719e-01,9.999999999999795719e-01,9.999999999999795719e-01,9.999999999999795719e-01,9.999999999999795719e-01,9.999999999999795719e-01,9.999999999999795719e-01,9.999999999999795719e-01,9.999999999999795719e-01,9.999999999999795719e-01,9.999999999999795719e-01,9.999999999999795719e-01,9.999999999999795719e-01,9.999999999999795719e-01,9.999999999999795719e-01,9.999999999999795719e-01,9.999999999999795719e-01,9.999999999999795719e-01,9.999999999999795719e-01,9.999999999999795719e-01,9.999999999999795719e-01,9.999999999999795719e-01,9.999999999999795719e-01,9.999999999999795719e-01,9.999999999999795719e-01,9.999999999999795719e-01,9.999999999999795719e-01,9.999999999999795719e-01,9.999999999999795719e-01,9.999999999999795719e-01,9.999999999999795719e-01,9.999999999999795719e-01,9.999999999999795719e-01,9.999999999999795719e-01,9.999999999999795719e-01,9.999999999999795719e-01,9.999999999999795719e-01,9.999999999999795719e-01,9.999999999999795719e-01,9.999999999999795719e-01,9.999999999999795719e-01,9.999999999999795719e-01,9.999999999999795719e-01,9.999999999999795719e-01,9.999999999999795719e-01,9.999999999999795719e-01,9.999999999999795719e-01,9.999999999999795719e-01,9.999999999999795719e-01,9.999999999999795719e-01,9.999999999999795719e-01,9.999999999999795719e-01,9.999999999999795719e-01,9.999999999999795719e-01,9.999999999999795719e-01,9.999999999999795719e-01,9.999999999999795719e-01,9.999999999999795719e-01,9.999999999999795719e-01,9.999999999999795719e-01,9.999999999999795719e-01,9.999999999999795719e-01,9.999999999999795719e-01,9.999999999999795719e-01,9.999999999999795719e-01,9.999999999999795719e-01,9.999999999999795719e-01,9.999999999999795719e-01,9.999999999999795719e-01,9.999999999999795719e-01,9.999999999999795719e-01,9.999999999999795719e-01,9.999999999999795719e-01,9.999999999999795719e-01,9.999999999999795719e-01,9.999999999999795719e-01,9.999999999999795719e-01,9.999999999999795719e-01,9.999999999999795719e-01,9.999999999999795719e-01,9.999999999999795719e-01,9.999999999999795719e-01,9.999999999999795719e-01,9.999999999999795719e-01,9.999999999999795719e-01,9.999999999999795719e-01,9.999999999999795719e-01,9.999999999999795719e-01,9.999999999999795719e-01,9.999999999999795719e-01,9.999999999999795719e-01,9.999999999999795719e-01,9.999999999999795719e-01,9.999999999999795719e-01,9.999999999999795719e-01,9.999999999999795719e-01,9.999999999999795719e-01,9.999999999999795719e-01,9.999999999999795719e-01,9.999999999999795719e-01,9.999999999999795719e-01,9.999999999999795719e-01,9.999999999999795719e-01,9.999999999999795719e-01,9.999999999999795719e-01,9.999999999999795719e-01,9.999999999999795719e-01,9.999999999999795719e-01,9.999999999999795719e-01,9.999999999999795719e-01,9.999999999999795719e-01,9.999999999999795719e-01,9.999999999999795719e-01,9.999999999999795719e-01,9.999999999999795719e-01,9.999999999999795719e-01,9.999999999999795719e-01,9.999999999999795719e-01,9.999999999999795719e-01,9.999999999999795719e-01,9.999999999999795719e-01,9.999999999999795719e-01,9.999999999999795719e-01,9.999999999999795719e-01,9.999999999999795719e-01,9.999999999999795719e-01,9.999999999999795719e-01,9.999999999999795719e-01,9.999999999999795719e-01,9.999999999999795719e-01,9.999999999999795719e-01,9.999999999999795719e-01,9.999999999999795719e-01,9.999999999999795719e-01,9.999999999999795719e-01,9.999999999999795719e-01,9.999999999999795719e-01,9.999999999999795719e-01,9.999999999999795719e-01,9.999999999999795719e-01,9.999999999999795719e-01,9.999999999999795719e-01,9.999999999999795719e-01,9.999999999999795719e-01,9.999999999999795719e-01,9.999999999999795719e-01,9.999999999999795719e-01,9.999999999999795719e-01,9.999999999999795719e-01,9.999999999999795719e-01,9.999999999999795719e-01,9.999999999999795719e-01,9.999999999999795719e-01,9.999999999999795719e-01,9.999999999999795719e-01,9.999999999999795719e-01,9.999999999999795719e-01,9.999999999999795719e-01,9.999999999999795719e-01,9.999999999999795719e-01,9.999999999999795719e-01,9.999999999999795719e-01,9.999999999999795719e-01,9.999999999999795719e-01,9.999999999999795719e-01,9.999999999999795719e-01,9.999999999999795719e-01,9.999999999999795719e-01,9.999999999999795719e-01,9.999999999999795719e-01,9.999999999999795719e-01,9.999999999999795719e-01,9.999999999999795719e-01,9.999999999999795719e-01,9.999999999999795719e-01,9.999999999999795719e-01,9.999999999999795719e-01,9.999999999999795719e-01,9.999999999999795719e-01,9.999999999999795719e-01,9.999999999999795719e-01,9.999999999999795719e-01
9.999999999999918954e-01,9.952286701124669621e-01,9.952326202556107670e-01,9.952282017970937034e-01,9.952282196552214577e-01,9.952327957163530359e-01,9.952329378673554494e-01,9.952329504769035218e-01,9.952329527856295099e-01,9.952329534151150847e-01,9.952329536269651777e-01,9.952329536913145924e-01,9.952329536729623838e-01,9.952329535623588574e-01,9.952329532671128076e-01,9.952329524416340112e-01,9.952329495594535169e-01,9.952329347483299671e-01,9.952327799483334791e-01,9.952280547879467365e-01,9.952286701124669621e-01,9.999999999999918954e-01,9.952332413870271788e-01,9.952326202553292145e-01,9.952327801247544681e-01,9.952373578851145819e-01,9.952375004337665754e-01,9.952375131676172160e-01,9.952375155241703908e-01,9.952375161758527655e-01,9.952375164006754815e-01,9.952375164756921411e-01,9.952375164704394539e-01,9.952375163822604343e-01,9.952375161353794741e-01,9.952375154356052356e-01,9.952375129545466548e-01,9.952374998231700021e-01,9.952373556086115958e-01,9.952327672623638710e-01,9.952326202556107670e-01,9.952332413870271788e-01,9.999999999999918954e-01,9.952286701122179391e-01,9.952327672623527688e-01,9.952373556086930861e-01,9.952374998231896530e-01,9.952375129545869559e-01,9.952375154356920550e-01,9.952375161353054223e-01,9.952375163823918847e-01,9.952375164704032606e-01,9.952375164757673032e-01,9.952375164005931030e-01,9.952375161759605682e-01,9.952375155241099947e-01,9.952375131676314268e-01,9.952375004337895570e-01,9.952373578850675084e-01,9.952327801247966566e-01,9.952282017970937034e-01,9.952326202553292145e-01,9.952286701122179391e-01,9.999999999999918954e-01,9.952280547876495298e-01,9.952327799481348602e-01,9.952329347480499688e-01,9.952329495592011632e-01,9.952329524414388340e-01,9.952329532667588685e-01,9.952329535621868839e-01,9.952329536726461923e-01,9.952329536911020957e-01,9.952329536265829280e-01,9.952329534149424450e-01,9.952329527852940005e-01,9.952329504766108670e-01,9.952329378670997651e-01,9.952327957160018723e-01,9.952282196550004123e-01,9.952282196552214577e-01,9.952327801247544681e-01,9.952327672623527688e-01,9.952280547876495298e-01,9.999999999999918954e-01,9.952286885601971944e-01,9.952327806194816162e-01,9.952329374680543017e-01,9.952329524195751009e-01,9.952329553058395506e-01,9.952329561239293687e-01,9.952329564071447088e-01,9.952329564958990460e-01,9.952329564667073969e-01,9.952329562787372019e-01,9.952329556727407267e-01,9.952329533993975463e-01,9.952329408601882088e-01,9.952327988820173221e-01,9.952282233490908903e-01,9.952327957163530359e-01,9.952373578851145819e-01,9.952373556086930861e-01,9.952327799481348602e-01,9.952286885601971944e-01,9.999999999999918954e-01,9.952334147498574923e-01,9.952373689938337487e-01,9.952375152419371540e-01,9.952375285044801068e-01,9.952375309801341219e-01,9.952375316597279475e-01,9.952375318727066933e-01,9.952375318912835001e-01,9.952375317254977816e-01,9.952375311325150076e-01,9.952375288697855593e-01,9.952375163436253391e-01,9.952373743872593437e-01,9.952327988821217941e-01,9.952329378673554494e-01,9.952375004337665754e-01,9.952374998231896530e-01,9.952329347480499688e-01,9.952327806194816162e-01,9.952334147498574923e-01,9.999999999999918954e-01,9.952335694995142479e-01,9.952375132120836465e-01,9.952376577923013334e-01,9.952376706492592762e-01,9.952376729879184314e-01,9.952376735978055722e-01,9.952376737408453744e-01,9.952376736229628928e-01,9.952376730522013437e-01,9.952376708024801566e-01,9.952376582869307819e-01,9.952375163435445149e-01,9.952329408602230698e-01,9.952329504769035218e-01,9.952375131676172160e-01,9.952375129545869559e-01,9.952329495592011632e-01,9.952329374680543017e-01,9.952373689938337487e-01,9.952335694995142479e-01,9.999999999999918954e-01,9.952335843162697371e-01,9.952375263451912479e-01,9.952376705198143769e-01,9.952376832398543982e-01,9.952376855088631569e-01,9.952376860488260091e-01,9.952376860553981963e-01,9.952376855325397731e-01,9.952376833050532445e-01,9.952376708025009178e-01,9.952375288697428157e-01,9.952329533994392907e-01,9.952329527856295099e-01,9.952375155241703908e-01,9.952375154356920550e-01,9.952329524414388340e-01,9.952329524195751009e-01,9.952375152419371540e-01,9.952375132120836465e-01,9.952335843162697371e-01,9.999999999999918954e-01,9.952335872009037132e-01,9.952375288200041581e-01,9.952376728576111109e-01,9.952376855079966278e-01,9.952376877070759909e-01,9.952376881105827744e-01,9.952376877121803522e-01,9.952376855325986149e-01,9.952376730522797255e-01,9.952375311325085683e-01,9.952329556728585214e-01,9.952329534151150847e-01,9.952375161758527655e-01,9.952375161353054223e-01,9.952329532667588685e-01,9.952329553058395506e-01,9.952375285044801068e-01,9.952376577923013334e-01,9.952375263451912479e-01,9.952335872009037132e-01,9.999999999999918954e-01,9.952335880201125251e-01,9.952375295008973888e-01,9.952376734688135329e-01,9.952376860492671007e-01,9.952376881118943919e-01,9.952376881104191275e-01,9.952376860552887283e-01,9.952376736228836229e-01,9.952375317253391307e-01,9.952329562786776940e-01,9.952329536269651777e-01,9.952375164006754815e-01,9.952375163823918847e-01,9.952329535621868839e-01,9.952329561239293687e-01,9.952375309801341219e-01,9.952376706492592762e-01,9.952376705198143769e-01,9.952375288200041581e-01,9.952335880201125251e-01,9.999999999999918954e-01,9.952335882968527114e-01,9.952375297074971261e-01,9.952376736054715511e-01,9.952376860494650535e-01,9.952376877071142935e-01,9.952376860489202670e-01,9.952376737409538432e-01,9.952375318913255775e-01,9.952329564668420669e-01,9.952329536913145924e-01,9.952375164756921411e-01,9.952375164704032606e-01,9.952329536726461923e-01,9.952329564071447088e-01,9.952375316597279475e-01,9.952376729879184314e-01,9.952376832398543982e-01,9.952376728576111109e-01,9.952375295008973888e-01,9.952335882968527114e-01,9.999999999999918954e-01,9.952335883667406957e-01,9.952375297073302596e-01,9.952376734688455073e-01,9.952376855078678419e-01,9.952376855087843310e-01,9.952376735977644939e-01,9.952375318725736886e-01,9.952329564958791730e-01,9.952329536729623838e-01,9.952375164704394539e-01,9.952375164757673032e-01,9.952329536911020957e-01,9.952329564958990460e-01,9.952375318727066933e-01,9.952376735978055722e-01,9.952376855088631569e-01,9.952376855079966278e-01,9.952376734688135329e-01,9.952375297074971261e-01,9.952335883667406957e-01,9.999999999999918954e-01,9.952335882967916492e-01,9.952375295010458256e-01,9.952376728575922371e-01,9.952376832398908135e-01,9.952376729879747197e-01,9.952375316597186217e-01,9.952329564072334156e-01,9.952329535623588574e-01,9.952375163822604343e-01,9.952375164005931030e-01,9.952329536265829280e-01,9.952329564667073969e-01,9.952375318912835001e-01,9.952376737408453744e-01,9.952376860488260091e-01,9.952376877070759909e-01,9.952376860492671007e-01,9.952376736054715511e-01,9.952375297073302596e-01,9.952335882967916492e-01,9.999999999999918954e-01,9.952335880201094165e-01,9.952375288198204162e-01,9.952376705196785966e-01,9.952376706491556924e-01,9.952375309799533776e-01,9.952329561238575373e-01,9.952329532671128076e-01,9.952375161353794741e-01,9.952375161759605682e-01,9.952329534149424450e-01,9.952329562787372019e-01,9.952375317254977816e-01,9.952376736229628928e-01,9.952376860553981963e-01,9.952376881105827744e-01,9.952376881118943919e-01,9.952376860494650535e-01,9.952376734688455073e-01,9.952375295010458256e-01,9.952335880201094165e-01,9.999999999999918954e-01,9.952335872009292483e-01,9.952375263452654108e-01,9.952376577923973677e-01,9.952375285045000908e-01,9.952329553059623413e-01,9.952329524416340112e-01,9.952375154356052356e-01,9.952375155241099947e-01,9.952329527852940005e-01,9.952329556727407267e-01,9.952375311325150076e-01,9.952376730522013437e-01,9.952376855325397731e-01,9.952376877121803522e-01,9.952376881104191275e-01,9.952376877071142935e-01,9.952376855078678419e-01,9.952376728575922371e-01,9.952375288198204162e-01,9.952335872009292483e-01,9.999999999999918954e-01,9.952335843161934648e-01,9.952375132120120371e-01,9.952375152417930471e-01,9.952329524195316912e-01,9.952329495594535169e-01,9.952375129545466548e-01,9.952375131676314268e-01,9.952329504766108670e-01,9.952329533993975463e-01,9.952375288697855593e-01,9.952376708024801566e-01,9.952376833050532445e-01,9.952376855325986149e-01,9.952376860552887283e-01,9.952376860489202670e-01,9.952376855087843310e-01,9.952376832398908135e-01,9.952376705196785966e-01,9.952375263452654108e-01,9.952335843161934648e-01,9.999999999999918954e-01,9.952335694994667303e-01,9.952373689937398238e-01,9.952329374680637386e-01,9.952329347483299671e-01,9.952374998231700021e-01,9.952375004337895570e-01,9.952329378670997651e-01,9.952329408601882088e-01,9.952375163436253391e-01,9.952376582869307819e-01,9.952376708025009178e-01,9.952376730522797255e-01,9.952376736228836229e-01,9.952376737409538432e-01,9.952376735977644939e-01,9.952376729879747197e-01,9.952376706491556924e-01,9.952376577923973677e-01,9.952375132120120371e-01,9.952335694994667303e-01,9.999999999999918954e-01,9.952334147497921002e-01,9.952327806195129245e-01,9.952327799483334791e-01,9.952373556086115958e-01,9.952373578850675084e-01,9.952327957160018723e-01,9.952327988820173221e-01,9.952373743872593437e-01,9.952375163435445149e-01,9.952375288697428157e-01,9.952375311325085683e-01,9.952375317253391307e-01,9.952375318913255775e-01,9.952375318725736886e-01,9.952375316597186217e-01,9.952375309799533776e-01,9.952375285045000908e-01,9.952375152417930471e-01,9.952373689937398238e-01,9.952334147497921002e-01,9.999999999999918954e-01,9.952286885601600019e-01,9.952280547879467365e-01,9.952327672623638710e-01,9.952327801247966566e-01,9.952282196550004123e-01,9.952282233490908903e-01,9.952327988821217941e-01,9.952329408602230698e-01,9.952329533994392907e-01,9.952329556728585214e-01,9.952329562786776940e-01,9.952329564668420669e-01,9.952329564958791730e-01,9.952329564072334156e-01,9.952329561238575373e-01,9.952329553059623413e-01,9.952329524195316912e-01,9.952329374680637386e-01,9.952327806195129245e-01,9.952286885601600019e-01,9.999999999999918954e-01
1.000000000000012657e+00,9.905235627155434264e-01,9.905391514051272717e-01,9.905217408538160573e-01,9.905218092864417345e-01,9.905398171932686679e-01,9.905403443170297528e-01,9.905403916820576526e-01,9.905404004961748665e-01,9.905404029168483060e-01,9.905404037343223944e-01,9.905404039831302576e-01,9.905404039112978287e-01,9.905404034819491610e-01,9.905404023388041379e-01,9.905403991537090613e-01,9.905403881063962190e-01,9.905403321946476547e-01,9.905397561555113750e-01,9.905211609499680048e-01,9.905235627155434264e-01,1.000000000000012657e+00,9.905415873124524540e-01,9.905391514040465806e-01,9.905397582692022640e-01,9.905577730193011465e-01,9.905583016858048317e-01,9.905583495322338727e-01,9.905583585316558581e-01,9.905583610384157689e-01,9.905583619063086376e-01,9.905583621967414265e-01,9.905583621761894220e-01,9.905583618347176822e-01,9.905583608810347718e-01,9.905583581876340471e-01,9.905583487054590019e-01,9.905582993218069454e-01,9.905577642351668377e-01,9.905397085237556132e-01,9.905391514051272717e-01,9.905415873124524540e-01,1.000000000000012657e+00,9.905235627149496791e-01,9.905397085240397193e-01,9.905577642354261858e-01,9.905582993219191890e-01,9.905583487058321479e-01,9.905583581881317601e-01,9.905583608809708229e-01,9.905583618354188991e-01,9.905583621763600632e-01,9.905583621971199015e-01,9.905583619062426903e-01,9.905583610390331639e-01,9.905583585316733997e-01,9.905583495324755683e-01,9.905583016862664625e-01,9.905577730195913588e-01,9.905397582694571712e-01,9.905217408538160573e-01,9.905391514040465806e-01,9.905235627149496791e-01,1.000000000000012657e+00,9.905211609491294533e-01,9.905397561546748220e-01,9.905403321935704053e-01,9.905403881056114024e-01,9.905403991530977725e-01,9.905404023376402911e-01,9.905404034814273562e-01,9.905404039103739011e-01,9.905404039823779705e-01,9.905404037330576283e-01,9.905404029163387136e-01,9.905404004951015029e-01,9.905403916810676668e-01,9.905403443163782740e-01,9.905398171923563977e-01,9.905218092856514778e-01,9.905218092864417345e-01,9.905397582692022640e-01,9.905397085240397193e-01,9.905211609491294533e-01,1.000000000000012657e+00,9.905236325559434452e-01,9.905397473728114743e-01,9.905403419218482552e-01,9.905403989860033231e-01,9.905404101132703198e-01,9.905404132820047058e-01,9.905404143820624174e-01,9.905404147275880256e-01,9.905404146158682810e-01,9.905404138913995737e-01,9.905404115623239747e-01,9.905404028859555732e-01,9.905403557948311288e-01,9.905398293430963674e-01,9.905218235029388252e-01,9.905398171932686679e-01,9.905577730193011465e-01,9.905577642354261858e-01,9.905397561546748220e-01,9.905236325559434452e-01,1.000000000000012657e+00,9.905422332344534508e-01,9.905578031445371190e-01,9.905583567115430199e-01,9.905584072265891660e-01,9.905584167555750996e-01,9.905584193844526597e-01,9.905584202102656333e-01,9.905584202834810670e-01,9.905584196449975787e-01,9.905584173664618852e-01,9.905584087313719088e-01,9.905583616907055466e-01,9.905578353174671058e-01,9.905398293431069145e-01,9.905403443170297528e-01,9.905583016858048317e-01,9.905582993219191890e-01,9.905403321935704053e-01,9.905397473728114743e-01,9.905422332344534508e-01,1.000000000000012657e+00,9.905428087022120076e-01,9.905583381886529093e-01,9.905588853715459052e-01,9.905589343272870329e-01,9.905589433280388434e-01,9.905589456868632015e-01,9.905589462422090818e-01,9.905589457895976890e-01,9.905589435973664036e-01,9.905589350128675141e-01,9.905588880134471585e-01,9.905583616904950484e-01,9.905403557946811377e-01,9.905403916820576526e-01,9.905583495322338727e-01,9.905583487058321479e-01,9.905403881056114024e-01,9.905403419218482552e-01,9.905578031445371190e-01,9.905428087022120076e-01,1.000000000000012657e+00,9.905428645863733061e-01,9.905583875659577098e-01,9.905589331894043559e-01,9.905589816175035534e-01,9.905589903485242376e-01,9.905589924369744281e-01,9.905589924664861545e-01,9.905589904601713735e-01,9.905589819620232994e-01,9.905589350131318582e-01,9.905584087314955877e-01,9.905404028860063104e-01,9.905404004961748665e-01,9.905583585316558581e-01,9.905583581881317601e-01,9.905403991530977725e-01,9.905403989860033231e-01,9.905583567115430199e-01,9.905583381886529093e-01,9.905428645863733061e-01,1.000000000000012657e+00,9.905428756324937689e-01,9.905583970200568800e-01,9.905589421151250740e-01,9.905589902734632801e-01,9.905589987341113511e-01,9.905590002967780139e-01,9.905589987725899048e-01,9.905589904603466778e-01,9.905589435978114921e-01,9.905584173666706072e-01,9.905404115626275097e-01,9.905404029168483060e-01,9.905583610384157689e-01,9.905583608809708229e-01,9.905404023376402911e-01,9.905404101132703198e-01,9.905584072265891660e-01,9.905588853715459052e-01,9.905583875659577098e-01,9.905428756324937689e-01,1.000000000000012657e+00,9.905428787901974230e-01,9.905583996393774182e-01,9.905589444644430364e-01,9.905589923523939744e-01,9.905590002872676214e-01,9.905590002962109120e-01,9.905589924660698209e-01,9.905589457894644623e-01,9.905584196446614031e-01,9.905404138910616219e-01,9.905404037343223944e-01,9.905583619063086376e-01,9.905583618354188991e-01,9.905404034814273562e-01,9.905404132820047058e-01,9.905584167555750996e-01,9.905589343272870329e-01,9.905589331894043559e-01,9.905583970200568800e-01,9.905428787901974230e-01,1.000000000000012657e+00,9.905428798606700225e-01,9.905584004363838790e-01,9.905589449909616429e-01,9.905589923531052943e-01,9.905589987342664493e-01,9.905589924373006117e-01,9.905589462427387693e-01,9.905584202838756402e-01,9.905404146162356538e-01,9.905404039831302576e-01,9.905583621967414265e-01,9.905583621763600632e-01,9.905404039103739011e-01,9.905404143820624174e-01,9.905584193844526597e-01,9.905589433280388434e-01,9.905589816175035534e-01,9.905589421151250740e-01,9.905583996393774182e-01,9.905428798606700225e-01,1.000000000000012657e+00,9.905428801315526721e-01,9.905584004358800598e-01,9.905589444646668573e-01,9.905589902731170016e-01,9.905589903483181802e-01,9.905589456869807741e-01,9.905584202101315183e-01,9.905404147275103099e-01,9.905404039112978287e-01,9.905583621761894220e-01,9.905583621971199015e-01,9.905404039823779705e-01,9.905404147275880256e-01,9.905584202102656333e-01,9.905589456868632015e-01,9.905589903485242376e-01,9.905589902734632801e-01,9.905589444644430364e-01,9.905584004363838790e-01,9.905428801315526721e-01,1.000000000000012657e+00,9.905428798603633789e-01,9.905583996398357183e-01,9.905589421149670892e-01,9.905589816175076612e-01,9.905589433282997458e-01,9.905584193845701213e-01,9.905404143821711083e-01,9.905404034819491610e-01,9.905583618347176822e-01,9.905583619062426903e-01,9.905404037330576283e-01,9.905404146158682810e-01,9.905584202834810670e-01,9.905589462422090818e-01,9.905589924369744281e-01,9.905589987341113511e-01,9.905589923523939744e-01,9.905589449909616429e-01,9.905584004358800598e-01,9.905428798603633789e-01,1.000000000000012657e+00,9.905428787901979781e-01,9.905583970194078436e-01,9.905589331889009808e-01,9.905589343270797542e-01,9.905584167551791941e-01,9.905404132816471030e-01,9.905404023388041379e-01,9.905583608810347718e-01,9.905583610390331639e-01,9.905404029163387136e-01,9.905404138913995737e-01,9.905584196449975787e-01,9.905589457895976890e-01,9.905589924664861545e-01,9.905590002967780139e-01,9.905590002872676214e-01,9.905589923531052943e-01,9.905589444646668573e-01,9.905583996398357183e-01,9.905428787901979781e-01,1.000000000000012657e+00,9.905428756326091211e-01,9.905583875662312687e-01,9.905588853720601605e-01,9.905584072269174589e-01,9.905404101135985018e-01,9.905403991537090613e-01,9.905583581876340471e-01,9.905583585316733997e-01,9.905404004951015029e-01,9.905404115623239747e-01,9.905584173664618852e-01,9.905589435973664036e-01,9.905589904601713735e-01,9.905589987725899048e-01,9.905590002962109120e-01,9.905589987342664493e-01,9.905589902731170016e-01,9.905589421149670892e-01,9.905583970194078436e-01,9.905428756326091211e-01,1.000000000000012657e+00,9.905428645861007464e-01,9.905583381885658678e-01,9.905583567112742349e-01,9.905403989857423097e-01,9.905403881063962190e-01,9.905583487054590019e-01,9.905583495324755683e-01,9.905403916810676668e-01,9.905404028859555732e-01,9.905584087313719088e-01,9.905589350128675141e-01,9.905589819620232994e-01,9.905589904603466778e-01,9.905589924660698209e-01,9.905589924373006117e-01,9.905589903483181802e-01,9.905589816175076612e-01,9.905589331889009808e-01,9.905583875662312687e-01,9.905428645861007464e-01,1.000000000000012657e+00,9.905428087021759254e-01,9.905578031443913467e-01,9.905403419217475580e-01,9.905403321946476547e-01,9.905582993218069454e-01,9.905583016862664625e-01,9.905403443163782740e-01,9.905403557948311288e-01,9.905583616907055466e-01,9.905588880134471585e-01,9.905589350131318582e-01,9.905589435978114921e-01,9.905589457894644623e-01,9.905589462427387693e-01,9.905589456869807741e-01,9.905589433282997458e-01,9.905589343270797542e-01,9.905588853720601605e-01,9.905583381885658678e-01,9.905428087021759254e-01,1.000000000000012657e+00,9.905422332346225378e-01,9.905397473729582458e-01,9.905397561555113750e-01,9.905577642351668377e-01,9.905577730195913588e-01,9.905398171923563977e-01,9.905398293430963674e-01,9.905578353174671058e-01,9.905583616904950484e-01,9.905584087314955877e-01,9.905584173666706072e-01,9.905584196446614031e-01,9.905584202838756402e-01,9.905584202101315183e-01,9.905584193845701213e-01,9.905584167551791941e-01,9.905584072269174589e-01,9.905583567112742349e-01,9.905578031443913467e-01,9.905422332346225378e-01,1.000000000000012657e+00,9.905236325559391153e-01,9.905211609499680048e-01,9.905397085237556132e-01,9.905397582694571712e-01,9.905218092856514778e-01,9.905218235029388252e-01,9.905398293431069145e-01,9.905403557946811377e-01,9.905404028860063104e-01,9.905404115626275097e-01,9.905404138910616219e-01,9.905404146162356538e-01,9.905404147275103099e-01,9.905404143821711083e-01,9.905404132816471030e-01,9.905404101135985018e-01,9.905403989857423097e-01,9.905403419217475580e-01,9.905397473729582458e-01,9.905236325559391153e-01,1.000000000000012657e+00
1.000000000000016431e+00,9.858830462911235548e-01,9.859176543965360029e-01,9.858790593647794864e-01,9.858792070061986879e-01,9.859190747486646922e-01,9.859201714715778442e-01,9.859202716736376049e-01,9.859202906250085219e-01,9.859202958646106074e-01,9.859202976399709106e-01,9.859202981810327726e-01,9.859202980234409441e-01,9.859202970852253278e-01,9.859202945949694374e-01,9.859202876768858870e-01,9.859202638315209821e-01,9.859201449573609111e-01,9.859189418208890165e-01,9.858777726532672592e-01,9.858830462911235548e-01,1.000000000000016431e+00,9.859230286554740985e-01,9.859176543928582781e-01,9.859189493304939544e-01,9.859588329219571845e-01,9.859599330211527013e-01,9.859600342732919298e-01,9.859600536287500550e-01,9.859600590562640487e-01,9.859600609420159367e-01,9.859600615744045227e-01,9.859600615296965076e-01,9.859600607853251653e-01,9.859600587126411408e-01,9.859600528766174765e-01,9.859600324676814909e-01,9.859599278707507075e-01,9.859588138486562459e-01,9.859188411000150420e-01,9.859176543965360029e-01,9.859230286554740985e-01,1.000000000000016431e+00,9.858830462900474156e-01,9.859188411017610898e-01,9.859588138496596654e-01,9.859599278712583015e-01,9.859600324695816376e-01,9.859600528785794626e-01,9.859600587126371440e-01,9.859600607875774747e-01,9.859600615305276206e-01,9.859600615762734721e-01,9.859600609425910323e-01,9.859600590589978619e-01,9.859600536294768069e-01,9.859600342741499102e-01,9.859599330233674852e-01,9.859588329236879112e-01,9.859189493314728381e-01,9.858790593647794864e-01,9.859176543928582781e-01,9.858830462900474156e-01,1.000000000000016431e+00,9.858777726512601980e-01,9.859189418181510955e-01,9.859201449540511142e-01,9.859202638296413745e-01,9.859202876751086420e-01,9.859202945912471927e-01,9.859202970836077329e-01,9.859202980205593603e-01,9.859202981791447273e-01,9.859202976367127391e-01,9.859202958635734371e-01,9.859202906220091434e-01,9.859202716706290115e-01,9.859201714700535080e-01,9.859190747465660376e-01,9.858792070034946287e-01,9.858792070061986879e-01,9.859189493304939544e-01,9.859188411017610898e-01,9.858777726512601980e-01,1.000000000000016431e+00,9.858831952037140356e-01,9.859188976687111028e-01,9.859201645155911686e-01,9.859202871414813885e-01,9.859203112911107958e-01,9.859203181989315556e-01,9.859203206031458278e-01,9.859203213606345662e-01,9.859203211196911898e-01,9.859203195488490667e-01,9.859203145094838083e-01,9.859202958597090838e-01,9.859201962582472278e-01,9.859191010054139115e-01,9.858792378127149147e-01,9.859190747486646922e-01,9.859588329219571845e-01,9.859588138496596654e-01,9.859189418181510955e-01,9.858831952037140356e-01,1.000000000000016431e+00,9.859243799086415683e-01,9.859588704871082854e-01,9.859600481808253880e-01,9.859601565101274723e-01,9.859601771588655250e-01,9.859601828820891978e-01,9.859601846846079987e-01,9.859601848466579277e-01,9.859601834633615614e-01,9.859601785342709812e-01,9.859601599748577527e-01,9.859600604823139935e-01,9.859589653794509356e-01,9.859191010046947090e-01,9.859201714715778442e-01,9.859599330211527013e-01,9.859599278712583015e-01,9.859201449540511142e-01,9.859188976687111028e-01,9.859243799086415683e-01,1.000000000000016431e+00,9.859255809689435601e-01,9.859599842959428928e-01,9.859611482374859293e-01,9.859612531934396351e-01,9.859612726955195861e-01,9.859612778309748693e-01,9.859612790440813734e-01,9.859612780666318077e-01,9.859612733262583806e-01,9.859612548774434604e-01,9.859611554751622764e-01,9.859600604817829739e-01,9.859201962570521838e-01,9.859202716736376049e-01,9.859600342732919298e-01,9.859600324695816376e-01,9.859202638296413745e-01,9.859201645155911686e-01,9.859588704871082854e-01,9.859255809689435601e-01,1.000000000000016431e+00,9.859256996798260175e-01,9.859600888513196937e-01,9.859612494187575127e-01,9.859613532299564831e-01,9.859613721450445345e-01,9.859613766913657429e-01,9.859613767650585725e-01,9.859613724306582894e-01,9.859613541706113704e-01,9.859612548788421194e-01,9.859601599757930046e-01,9.859202958598305422e-01,9.859202906250085219e-01,9.859600536287500550e-01,9.859600528785794626e-01,9.859202876751086420e-01,9.859202871414813885e-01,9.859600481808253880e-01,9.859599842959428928e-01,9.859256996798260175e-01,1.000000000000016431e+00,9.859257234991615215e-01,9.859601091905987325e-01,9.859612686109795465e-01,9.859613718351551981e-01,9.859613901611594677e-01,9.859613935681146302e-01,9.859613902848668454e-01,9.859613724307567661e-01,9.859612733277717256e-01,9.859601785352276604e-01,9.859203145097944487e-01,9.859202958646106074e-01,9.859600590562640487e-01,9.859600587126371440e-01,9.859202945912471927e-01,9.859203112911107958e-01,9.859601565101274723e-01,9.859611482374859293e-01,9.859600888513196937e-01,9.859257234991615215e-01,1.000000000000016431e+00,9.859257303500237324e-01,9.859601148618757360e-01,9.859612736944752820e-01,9.859613763295137501e-01,9.859613935161511966e-01,9.859613935661573070e-01,9.859613767631644210e-01,9.859612780661338727e-01,9.859601834623537009e-01,9.859203195471111236e-01,9.859202976399709106e-01,9.859600609420159367e-01,9.859600607875774747e-01,9.859202970836077329e-01,9.859203181989315556e-01,9.859601771588655250e-01,9.859612531934396351e-01,9.859612494187575127e-01,9.859601091905987325e-01,9.859257303500237324e-01,1.000000000000016431e+00,9.859257326801398325e-01,9.859601165928736366e-01,9.859612748360354617e-01,9.859613763316916746e-01,9.859613901613808462e-01,9.859613766916932587e-01,9.859612790457173981e-01,9.859601848478571906e-01,9.859203211201391648e-01,9.859202981810327726e-01,9.859600615744045227e-01,9.859600615305276206e-01,9.859202980205593603e-01,9.859203206031458278e-01,9.859601828820891978e-01,9.859612726955195861e-01,9.859613532299564831e-01,9.859612686109795465e-01,9.859601148618757360e-01,9.859257326801398325e-01,1.000000000000016431e+00,9.859257332711361954e-01,9.859601165915109489e-01,9.859612736953071721e-01,9.859613718340184407e-01,9.859613721439827172e-01,9.859612778313480153e-01,9.859601846844175954e-01,9.859203213597793614e-01,9.859202980234409441e-01,9.859600615296965076e-01,9.859600615762734721e-01,9.859202981791447273e-01,9.859203213606345662e-01,9.859601846846079987e-01,9.859612778309748693e-01,9.859613721450445345e-01,9.859613718351551981e-01,9.859612736944752820e-01,9.859601165928736366e-01,9.859257332711361954e-01,1.000000000000016431e+00,9.859257326798016585e-01,9.859601148637875401e-01,9.859612686108384372e-01,9.859613532299160710e-01,9.859612726968668417e-01,9.859601828829771542e-01,9.859203206032859379e-01,9.859202970852253278e-01,9.859600607853251653e-01,9.859600609425910323e-01,9.859202976367127391e-01,9.859203211196911898e-01,9.859601848466579277e-01,9.859612790440813734e-01,9.859613766913657429e-01,9.859613901611594677e-01,9.859613763295137501e-01,9.859612748360354617e-01,9.859601165915109489e-01,9.859257326798016585e-01,1.000000000000016431e+00,9.859257303506021586e-01,9.859601091891234681e-01,9.859612494173443098e-01,9.859612531934638380e-01,9.859601771583835772e-01,9.859203181977562735e-01,9.859202945949694374e-01,9.859600587126411408e-01,9.859600590589978619e-01,9.859202958635734371e-01,9.859203195488490667e-01,9.859601834633615614e-01,9.859612780666318077e-01,9.859613767650585725e-01,9.859613935681146302e-01,9.859613935161511966e-01,9.859613763316916746e-01,9.859612736953071721e-01,9.859601148637875401e-01,9.859257303506021586e-01,1.000000000000016431e+00,9.859257234999245778e-01,9.859600888521848905e-01,9.859611482397013793e-01,9.859601565118375488e-01,9.859203112920883472e-01,9.859202876768858870e-01,9.859600528766174765e-01,9.859600536294768069e-01,9.859202906220091434e-01,9.859203145094838083e-01,9.859601785342709812e-01,9.859612733262583806e-01,9.859613724306582894e-01,9.859613902848668454e-01,9.859613935661573070e-01,9.859613901613808462e-01,9.859613718340184407e-01,9.859612686108384372e-01,9.859601091891234681e-01,9.859257234999245778e-01,1.000000000000016431e+00,9.859256996787214566e-01,9.859599842961562777e-01,9.859600481805207428e-01,9.859202871404639801e-01,9.859202638315209821e-01,9.859600324676814909e-01,9.859600342741499102e-01,9.859202716706290115e-01,9.859202958597090838e-01,9.859601599748577527e-01,9.859612548774434604e-01,9.859613541706113704e-01,9.859613724307567661e-01,9.859613767631644210e-01,9.859613766916932587e-01,9.859613721439827172e-01,9.859613532299160710e-01,9.859612494173443098e-01,9.859600888521848905e-01,9.859256996787214566e-01,1.000000000000016431e+00,9.859255809691274131e-01,9.859588704868531561e-01,9.859201645146542514e-01,9.859201449573609111e-01,9.859599278707507075e-01,9.859599330233674852e-01,9.859201714700535080e-01,9.859201962582472278e-01,9.859600604823139935e-01,9.859611554751622764e-01,9.859612548788421194e-01,9.859612733277717256e-01,9.859612780661338727e-01,9.859612790457173981e-01,9.859612778313480153e-01,9.859612726968668417e-01,9.859612531934638380e-01,9.859611482397013793e-01,9.859599842961562777e-01,9.859255809691274131e-01,1.000000000000016431e+00,9.859243799098483807e-01,9.859188976691616313e-01,9.859189418208890165e-01,9.859588138486562459e-01,9.859588329236879112e-01,9.859190747465660376e-01,9.859191010054139115e-01,9.859589653794509356e-01,9.859600604817829739e-01,9.859601599757930046e-01,9.859601785352276604e-01,9.859601834623537009e-01,9.859601848478571906e-01,9.859601846844175954e-01,9.859601828829771542e-01,9.859601771583835772e-01,9.859601565118375488e-01,9.859600481805207428e-01,9.859588704868531561e-01,9.859243799098483807e-01,1.000000000000016431e+00,9.858831952036942736e-01,9.858777726532672592e-01,9.859188411000150420e-01,9.859189493314728381e-01,9.858792070034946287e-01,9.858792378127149147e-01,9.859191010046947090e-01,9.859201962570521838e-01,9.859202958598305422e-01,9.859203145097944487e-01,9.859203195471111236e-01,9.859203211201391648e-01,9.859203213597793614e-01,9.859203206032859379e-01,9.859203181977562735e-01,9.859203112920883472e-01,9.859202871404639801e-01,9.859201645146542514e-01,9.859188976691616313e-01,9.858831952036942736e-01,1.000000000000016431e+00
