1.000000000000002220e+00,1.000000000000002220e+00,1.000000000000002220e+00,1.000000000000002220e+00,1.000000000000002220e+00,1.000000000000002220e+00,1.000000000000002220e+00,1.000000000000002220e+00,1.000000000000002220e+00,1.000000000000002220e+00,1.000000000000002220e+00,1.000000000000002220e+00,1.000000000000002220e+00,1.000000000000002220e+00,1.000000000000002220e+00,1.000000000000002220e+00,1.000000000000002220e+00,1.000000000000002220e+00,1.000000000000002220e+00,1.000000000000002220e+00,1.000000000000002220e+00,1.000000000000002220e+00,1.000000000000002220e+00,1.000000000000002220e+00,1.000000000000002220e+00,1.000000000000002220e+00,1.000000000000002220e+00,1.000000000000002220e+00,1.000000000000002220e+00,1.000000000000002220e+00,1.000000000000002220e+00,1.000000000000002220e+00,1.000000000000002220e+00,1.000000000000002220e+00,1.000000000000002220e+00,1.000000000000002220e+00,1.000000000000002220e+00,1.000000000000002220e+00,1.000000000000002220e+00,1.000000000000002220e+00,1.000000000000002220e+00,1.000000000000002220e+00,1.000000000000002220e+00,1.000000000000002220e+00,1.000000000000002220e+00,1.000000000000002220e+00,1.000000000000002220e+00,1.000000000000002220e+00,1.000000000000002220e+00,1.000000000000002220e+00,1.000000000000002220e+00,1.000000000000002220e+00,1.000000000000002220e+00,1.000000000000002220e+00,1.000000000000002220e+00,1.000000000000002220e+00,1.000000000000002220e+00,1.000000000000002220e+00,1.000000000000002220e+00,1.000000000000002220e+00,1.000000000000002220e+00,1.000000000000002220e+00,1.000000000000002220e+00,1.000000000000002220e+00,1.000000000000002220e+00,1.000000000000002220e+00,1.000000000000002220e+00,1.000000000000002220e+00,1.000000000000002220e+00,1.000000000000002220e+00,1.000000000000002220e+00,1.000000000000002220e+00,1.000000000000002220e+00,1.000000000000002220e+00,1.000000000000002220e+00,1.000000000000002220e+00,1.000000000000002220e+00,1.000000000000002220e+00,1.000000000000002220e+00,1.000000000000002220e+00,1.000000000000002220e+00,1.000000000000002220e+00,1.000000000000002220e+00,1.000000000000002220e+00,1.000000000000002220e+00,1.000000000000002220e+00,1.000000000000002220e+00,1.000000000000002220e+00,1.000000000000002220e+00,1.000000000000002220e+00,1.000000000000002220e+00,1.000000000000002220e+00,1.000000000000002220e+00,1.000000000000002220e+00,1.000000000000002220e+00,1.000000000000002220e+00,1.000000000000002220e+00,1.000000000000002220e+00,1.000000000000002220e+00,1.000000000000002220e+00,1.000000000000002220e+00,1.000000000000002220e+00,1.000000000000002220e+00,1.000000000000002220e+00,1.000000000000002220e+00,1.000000000000002220e+00,1.000000000000002220e+00,1.000000000000002220e+00,1.000000000000002220e+00,1.000000000000002220e+00,1.000000000000002220e+00,1.000000000000002220e+00,1.000000000000002220e+00,1.000000000000002220e+00,1.000000000000002220e+00,1.000000000000002220e+00,1.000000000000002220e+00,1.000000000000002220e+00,1.000000000000002220e+00,1.000000000000002220e+00,1.000000000000002220e+00,1.000000000000002220e+00,1.000000000000002220e+00,1.000000000000002220e+00,1.000000000000002220e+00,1.000000000000002220e+00,1.000000000000002220e+00,1.000000000000002220e+00,1.000000000000002220e+00,1.000000000000002220e+00,1.000000000000002220e+00,1.000000000000002220e+00,1.000000000000002220e+00,1.000000000000002220e+00,1.000000000000002220e+00,1.000000000000002220e+00,1.000000000000002220e+00,1.000000000000002220e+00,1.000000000000002220e+00,1.000000000000002220e+00,1.000000000000002220e+00,1.000000000000002220e+00,1.000000000000002220e+00,1.000000000000002220e+00,1.000000000000002220e+00,1.000000000000002220e+00,1.000000000000002220e+00,1.000000000000002220e+00,1.000000000000002220e+00,1.000000000000002220e+00,1.000000000000002220e+00,1.000000000000002220e+00,1.000000000000002220e+00,1.000000000000002220e+00,1.000000000000002220e+00,1.000000000000002220e+00,1.000000000000002220e+00,1.000000000000002220e+00,1.000000000000002220e+00,1.000000000000002220e+00,1.000000000000002220e+00,1.000000000000002220e+00,1.000000000000002220e+00,1.000000000000002220e+00,1.000000000000002220e+00,1.000000000000002220e+00,1.000000000000002220e+00,1.000000000000002220e+00,1.000000000000002220e+00,1.000000000000002220e+00,1.000000000000002220e+00,1.000000000000002220e+00,1.000000000000002220e+00,1.000000000000002220e+00,1.000000000000002220e+00,1.000000000000002220e+00,1.000000000000002220e+00,1.000000000000002220e+00,1.000000000000002220e+00,1.000000000000002220e+00,1.000000000000002220e+00,1.000000000000002220e+00,1.000000000000002220e+00,1.000000000000002220e+00,1.000000000000002220e+00,1.000000000000002220e+00,1.000000000000002220e+00,1.000000000000002220e+00,1.000000000000002220e+00,1.000000000000002220e+00,1.000000000000002220e+00,1.000000000000002220e+00,1.000000000000002220e+00,1.000000000000002220e+00,1.000000000000002220e+00,1.000000000000002220e+00,1.000000000000002220e+00,1.000000000000002220e+00,1.000000000000002220e+00,1.000000000000002220e+00,1.000000000000002220e+00,1.000000000000002220e+00,1.000000000000002220e+00,1.000000000000002220e+00,1.000000000000002220e+00,1.000000000000002220e+00,1.000000000000002220e+00,1.000000000000002220e+00,1.000000000000002220e+00,1.000000000000002220e+00,1.000000000000002220e+00,1.000000000000002220e+00,1.000000000000002220e+00,1.000000000000002220e+00,1.000000000000002220e+00,1.000000000000002220e+00,1.000000000000002220e+00,1.000000000000002220e+00,1.000000000000002220e+00,1.000000000000002220e+00,1.000000000000002220e+00,1.000000000000002220e+00,1.000000000000002220e+00,1.000000000000002220e+00,1.000000000000002220e+00,1.000000000000002220e+00,1.000000000000002220e+00,1.000000000000002220e+00,1.000000000000002220e+00,1.000000000000002220e+00,1.000000000000002220e+00,1.000000000000002220e+00,1.000000000000002220e+00,1.000000000000002220e+00,1.000000000000002220e+00,1.000000000000002220e+00,1.000000000000002220e+00,1.000000000000002220e+00,1.000000000000002220e+00,1.000000000000002220e+00,1.000000000000002220e+00,1.000000000000002220e+00,1.000000000000002220e+00,1.000000000000002220e+00,1.000000000000002220e+00,1.000000000000002220e+00,1.000000000000002220e+00,1.000000000000002220e+00,1.000000000000002220e+00,1.000000000000002220e+00,1.000000000000002220e+00,1.000000000000002220e+00,1.000000000000002220e+00,1.000000000000002220e+00,1.000000000000002220e+00,1.000000000000002220e+00,1.000000000000002220e+00,1.000000000000002220e+00,1.000000000000002220e+00,1.000000000000002220e+00,1.000000000000002220e+00,1.000000000000002220e+00,1.000000000000002220e+00,1.000000000000002220e+00,1.000000000000002220e+00,1.000000000000002220e+00,1.000000000000002220e+00,1.000000000000002220e+00,1.000000000000002220e+00,1.000000000000002220e+00,1.000000000000002220e+00,1.000000000000002220e+00,1.000000000000002220e+00,1.000000000000002220e+00,1.000000000000002220e+00,1.000000000000002220e+00,1.000000000000002220e+00,1.000000000000002220e+00,1.000000000000002220e+00,1.000000000000002220e+00,1.000000000000002220e+00,1.000000000000002220e+00,1.000000000000002220e+00,1.000000000000002220e+00,1.000000000000002220e+00,1.000000000000002220e+00,1.000000000000002220e+00,1.000000000000002220e+00,1.000000000000002220e+00,1.000000000000002220e+00,1.000000000000002220e+00,1.000000000000002220e+00,1.000000000000002220e+00,1.000000000000002220e+00,1.000000000000002220e+00,1.000000000000002220e+00,1.000000000000002220e+00,1.000000000000002220e+00,1.000000000000002220e+00,1.000000000000002220e+00,1.000000000000002220e+00,1.000000000000002220e+00,1.000000000000002220e+00,1.000000000000002220e+00,1.000000000000002220e+00,1.000000000000002220e+00,1.000000000000002220e+00,1.000000000000002220e+00,1.000000000000002220e+00,1.000000000000002220e+00,1.000000000000002220e+00,1.000000000000002220e+00,1.000000000000002220e+00,1.000000000000002220e+00,1.000000000000002220e+00,1.000000000000002220e+00,1.000000000000002220e+00,1.000000000000002220e+00,1.000000000000002220e+00,1.000000000000002220e+00,1.000000000000002220e+00,1.000000000000002220e+00,1.000000000000002220e+00,1.000000000000002220e+00,1.000000000000002220e+00,1.000000000000002220e+00,1.000000000000002220e+00,1.000000000000002220e+00,1.000000000000002220e+00,1.000000000000002220e+00,1.000000000000002220e+00,1.000000000000002220e+00,1.000000000000002220e+00,1.000000000000002220e+00,1.000000000000002220e+00,1.000000000000002220e+00,1.000000000000002220e+00,1.000000000000002220e+00,1.000000000000002220e+00,1.000000000000002220e+00,1.000000000000002220e+00,1.000000000000002220e+00,1.000000000000002220e+00,1.000000000000002220e+00,1.000000000000002220e+00,1.000000000000002220e+00,1.000000000000002220e+00,1.000000000000002220e+00,1.000000000000002220e+00,1.000000000000002220e+00,1.000000000000002220e+00,1.000000000000002220e+00,1.000000000000002220e+00,1.000000000000002220e+00,1.000000000000002220e+00,1.000000000000002220e+00,1.000000000000002220e+00,1.000000000000002220e+00,1.000000000000002220e+00,1.000000000000002220e+00,1.000000000000002220e+00,1.000000000000002220e+00,1.000000000000002220e+00,1.000000000000002220e+00,1.000000000000002220e+00,1.000000000000002220e+00,1.000000000000002220e+00,1.000000000000002220e+00,1.000000000000002220e+00,1.000000000000002220e+00,1.000000000000002220e+00,1.000000000000002220e+00,1.000000000000002220e+00,1.000000000000002220e+00,1.000000000000002220e+00,1.000000000000002220e+00,1.000000000000002220e+00,1.000000000000002220e+00,1.000000000000002220e+00,1.000000000000002220e+00,1.000000000000002220e+00,1.000000000000002220e+00,1.000000000000002220e+00,1.000000000000002220e+00,1.000000000000002220e+00,1.000000000000002220e+00,1.000000000000002220e+00,1.000000000000002220e+00,1.000000000000002220e+00,1.000000000000002220e+00,1.000000000000002220e+00,1.000000000000002220e+00,1.000000000000002220e+00,1.000000000000002220e+00,1.000000000000002220e+00,1.000000000000002220e+00,1.000000000000002220e+00,1.000000000000002220e+00,1.000000000000002220e+00,1.000000000000002220e+00
1.000000000000001998e+00,9.952286889914103707e-01,9.952327809801210234e-01,9.952329377935547061e-01,9.952329527215039162e-01,9.952329555843698605e-01,9.952329563672512869e-01,9.952329565806870004e-01,9.952329564981940990e-01,9.952329559509924817e-01,9.952329537250828029e-01,9.952329412444254064e-01,9.952327993718026455e-01,9.952282240832420745e-01,9.952282236527768555e-01,9.952327980633404181e-01,9.952329370485968330e-01,9.952329347584301100e-01,9.952327822960934656e-01,9.952280579550409900e-01,9.952286889914103707e-01,1.000000000000001998e+00,9.952334149372833449e-01,9.952373691458044069e-01,9.952375153703348909e-01,9.952375286094546913e-01,9.952375310499282923e-01,9.952375316597110722e-01,9.952375317014500178e-01,9.952375312020361742e-01,9.952375289982865469e-01,9.952375165305729077e-01,9.952373746679666899e-01,9.952327993715406329e-01,9.952327990120485302e-01,9.952373735691039114e-01,9.952375129561207290e-01,9.952375123457589678e-01,9.952373704688676215e-01,9.952327829417547678e-01,9.952327809801210234e-01,9.952334149372833449e-01,1.000000000000001998e+00,9.952335695818144146e-01,9.952375132706811067e-01,9.952376578274828578e-01,9.952376706492440661e-01,9.952376729181107162e-01,9.952376733567539491e-01,9.952376729817916656e-01,9.952376708259542681e-01,9.952376583804676269e-01,9.952375165308305904e-01,9.952329412444075318e-01,9.952329409202494981e-01,9.952375155257779937e-01,9.952376550373940312e-01,9.952376548245802645e-01,9.952375146135410411e-01,9.952329376718448417e-01,9.952329377935547061e-01,9.952373691458044069e-01,9.952335695818144146e-01,1.000000000000001998e+00,9.952335843398218973e-01,9.952375263452614140e-01,9.952376704846771505e-01,9.952376831349308839e-01,9.952376852326864087e-01,9.952376852546658270e-01,9.952376832232670001e-01,9.952376708256883697e-01,9.952375289982896556e-01,9.952329537247966984e-01,9.952329534243119502e-01,9.952375280520959766e-01,9.952376676116040377e-01,9.952376675233105541e-01,9.952375277098139961e-01,9.952329524478944478e-01,9.952329527215039162e-01,9.952375153703348909e-01,9.952375132706811067e-01,9.952335843398218973e-01,1.000000000000001998e+00,9.952335871773938525e-01,9.952375287613132171e-01,9.952376727291288860e-01,9.952376852082698289e-01,9.952376868893429984e-01,9.952376852548991959e-01,9.952376729817652423e-01,9.952375312022584408e-01,9.952329559509591750e-01,9.952329556741448258e-01,9.952375303149080255e-01,9.952376698966746149e-01,9.952376698562769297e-01,9.952375301673606067e-01,9.952329553065583090e-01,9.952329555843698605e-01,9.952375286094546913e-01,9.952376578274828578e-01,9.952375263452614140e-01,9.952335871773938525e-01,1.000000000000001998e+00,9.952335879378723105e-01,9.952375293489863495e-01,9.952376731456566983e-01,9.952376852081274983e-01,9.952376852327747825e-01,9.952376733565843070e-01,9.952375317015370593e-01,9.952329564980039178e-01,9.952329562565004339e-01,9.952375309079499743e-01,9.952376705026874104e-01,9.952376704845417033e-01,9.952375308435614798e-01,9.952329561084470866e-01,9.952329563672512869e-01,9.952375310499282923e-01,9.952376706492440661e-01,9.952376704846771505e-01,9.952375287613132171e-01,9.952335879378723105e-01,1.000000000000001998e+00,9.952335881094352965e-01,9.952375293491293462e-01,9.952376727291274428e-01,9.952376831351711362e-01,9.952376729180804071e-01,9.952375316599416655e-01,9.952329565806353751e-01,9.952329564094409831e-01,9.952375310739637326e-01,9.952376706793363281e-01,9.952376706741770107e-01,9.952375310554397725e-01,9.952329563687081215e-01,9.952329565806870004e-01,9.952375316597110722e-01,9.952376729181107162e-01,9.952376831349308839e-01,9.952376727291288860e-01,9.952375293489863495e-01,9.952335881094352965e-01,1.000000000000001998e+00,9.952335879377948169e-01,9.952375287611189281e-01,9.952376704847307742e-01,9.952376706490211333e-01,9.952375310499694816e-01,9.952329563670224699e-01,9.952329563685956559e-01,9.952375310555585664e-01,9.952376706739303192e-01,9.952376706793935046e-01,9.952375310736636393e-01,9.952329564093582714e-01,9.952329564981940990e-01,9.952375317014500178e-01,9.952376733567539491e-01,9.952376852326864087e-01,9.952376852082698289e-01,9.952376731456566983e-01,9.952375293491293462e-01,9.952335879377948169e-01,1.000000000000001998e+00,9.952335871773151377e-01,9.952375263454437126e-01,9.952376578274021446e-01,9.952375286096349916e-01,9.952329555842751585e-01,9.952329561084881648e-01,9.952375308438142776e-01,9.952376704844392297e-01,9.952376705028962434e-01,9.952375309077811094e-01,9.952329562565720433e-01,9.952329559509924817e-01,9.952375312020361742e-01,9.952376729817916656e-01,9.952376852546658270e-01,9.952376868893429984e-01,9.952376852081274983e-01,9.952376727291274428e-01,9.952375287611189281e-01,9.952335871773151377e-01,1.000000000000001998e+00,9.952335843398494308e-01,9.952375132704617267e-01,9.952375153703788557e-01,9.952329527212729898e-01,9.952329553064579448e-01,9.952375301674760699e-01,9.952376698560284618e-01,9.952376698967373425e-01,9.952375303146104857e-01,9.952329556740607819e-01,9.952329537250828029e-01,9.952375289982865469e-01,9.952376708259542681e-01,9.952376832232670001e-01,9.952376852548991959e-01,9.952376852327747825e-01,9.952376831351711362e-01,9.952376704847307742e-01,9.952375263454437126e-01,9.952335843398494308e-01,1.000000000000001998e+00,9.952335695818127492e-01,9.952373691460744132e-01,9.952329377935561494e-01,9.952329524480062473e-01,9.952375277101668249e-01,9.952376675232960102e-01,9.952376676118960264e-01,9.952375280520242562e-01,9.952329534244661602e-01,9.952329412444254064e-01,9.952375165305729077e-01,9.952376583804676269e-01,9.952376708256883697e-01,9.952376729817652423e-01,9.952376733565843070e-01,9.952376729180804071e-01,9.952376706490211333e-01,9.952376578274021446e-01,9.952375132704617267e-01,9.952335695818127492e-01,1.000000000000001998e+00,9.952334149372648042e-01,9.952327809798593439e-01,9.952329376717135023e-01,9.952375146136199779e-01,9.952376548243008214e-01,9.952376550374234521e-01,9.952375155254465922e-01,9.952329409201383648e-01,9.952327993718026455e-01,9.952373746679666899e-01,9.952375165308305904e-01,9.952375289982896556e-01,9.952375312022584408e-01,9.952375317015370593e-01,9.952375316599416655e-01,9.952375310499694816e-01,9.952375286096349916e-01,9.952375153703788557e-01,9.952373691460744132e-01,9.952334149372648042e-01,1.000000000000001998e+00,9.952286889913801726e-01,9.952327829418714522e-01,9.952373704692126788e-01,9.952375123457343209e-01,9.952375129564057232e-01,9.952373735690320800e-01,9.952327990121923040e-01,9.952282240832420745e-01,9.952327993715406329e-01,9.952329412444075318e-01,9.952329537247966984e-01,9.952329559509591750e-01,9.952329564980039178e-01,9.952329565806353751e-01,9.952329563670224699e-01,9.952329555842751585e-01,9.952329527212729898e-01,9.952329377935561494e-01,9.952327809798593439e-01,9.952286889913801726e-01,1.000000000000001998e+00,9.952280579548907768e-01,9.952327822961605230e-01,9.952329347581350127e-01,9.952329370486200366e-01,9.952327980629828152e-01,9.952282236526537318e-01,9.952282236527768555e-01,9.952327990120485302e-01,9.952329409202494981e-01,9.952329534243119502e-01,9.952329556741448258e-01,9.952329562565004339e-01,9.952329564094409831e-01,9.952329563685956559e-01,9.952329561084881648e-01,9.952329553064579448e-01,9.952329524480062473e-01,9.952329376717135023e-01,9.952327829418714522e-01,9.952280579548907768e-01,1.000000000000001998e+00,9.952286877423655032e-01,9.952327774650205905e-01,9.952329217930632188e-01,9.952327948765973264e-01,9.952282225251061210e-01,9.952327980633404181e-01,9.952373735691039114e-01,9.952375155257779937e-01,9.952375280520959766e-01,9.952375303149080255e-01,9.952375309079499743e-01,9.952375310739637326e-01,9.952375310555585664e-01,9.952375308438142776e-01,9.952375301674760699e-01,9.952375277101668249e-01,9.952375146136199779e-01,9.952373704692126788e-01,9.952327822961605230e-01,9.952286877423655032e-01,1.000000000000001998e+00,9.952334107691768184e-01,9.952373524985407283e-01,9.952373568781835989e-01,9.952327948768211474e-01,9.952329370485968330e-01,9.952375129561207290e-01,9.952376550373940312e-01,9.952376676116040377e-01,9.952376698966746149e-01,9.952376705026874104e-01,9.952376706793363281e-01,9.952376706739303192e-01,9.952376704844392297e-01,9.952376698560284618e-01,9.952376675232960102e-01,9.952376548243008214e-01,9.952375123457343209e-01,9.952329347581350127e-01,9.952327774650205905e-01,9.952334107691768184e-01,1.000000000000001998e+00,9.952335506321919878e-01,9.952373524981757980e-01,9.952329217929166694e-01,9.952329347584301100e-01,9.952375123457589678e-01,9.952376548245802645e-01,9.952376675233105541e-01,9.952376698562769297e-01,9.952376704845417033e-01,9.952376706741770107e-01,9.952376706793935046e-01,9.952376705028962434e-01,9.952376698967373425e-01,9.952376676118960264e-01,9.952376550374234521e-01,9.952375129564057232e-01,9.952329370486200366e-01,9.952329217930632188e-01,9.952373524985407283e-01,9.952335506321919878e-01,1.000000000000001998e+00,9.952334107691384046e-01,9.952327774651854586e-01,9.952327822960934656e-01,9.952373704688676215e-01,9.952375146135410411e-01,9.952375277098139961e-01,9.952375301673606067e-01,9.952375308435614798e-01,9.952375310554397725e-01,9.952375310736636393e-01,9.952375309077811094e-01,9.952375303146104857e-01,9.952375280520242562e-01,9.952375155254465922e-01,9.952373735690320800e-01,9.952327980629828152e-01,9.952327948765973264e-01,9.952373568781835989e-01,9.952373524981757980e-01,9.952334107691384046e-01,1.000000000000001998e+00,9.952286877421957501e-01,9.952280579550409900e-01,9.952327829417547678e-01,9.952329376718448417e-01,9.952329524478944478e-01,9.952329553065583090e-01,9.952329561084470866e-01,9.952329563687081215e-01,9.952329564093582714e-01,9.952329562565720433e-01,9.952329556740607819e-01,9.952329534244661602e-01,9.952329409201383648e-01,9.952327990121923040e-01,9.952282236526537318e-01,9.952282225251061210e-01,9.952327948768211474e-01,9.952329217929166694e-01,9.952327774651854586e-01,9.952286877421957501e-01,1.000000000000001998e+00
9.999999999999995559e-01,9.905236342328842536e-01,9.905397487735312367e-01,9.905403431866923736e-01,9.905404001594623198e-01,9.905404111961713109e-01,9.905404142290387126e-01,9.905404150592506118e-01,9.905404147442969931e-01,9.905404126435356504e-01,9.905404041512928526e-01,9.905403572876774199e-01,9.905398312452137199e-01,9.905218263617300289e-01,9.905218246897432577e-01,9.905398261879607702e-01,9.905403411630621102e-01,9.905403322714894099e-01,9.905397651573514262e-01,9.905211731100008743e-01,9.905236342328842536e-01,9.999999999999995559e-01,9.905422339607922178e-01,9.905578037325604157e-01,9.905583572081516630e-01,9.905584076325332221e-01,9.905584170257609733e-01,9.905584193846724839e-01,9.905584195500227729e-01,9.905584176342356884e-01,9.905584092277754937e-01,9.905583624138342147e-01,9.905578364034389738e-01,9.905398312445909959e-01,9.905398298513249378e-01,9.905578321665780006e-01,9.905583487162795686e-01,9.905583463536582478e-01,9.905578201921415582e-01,9.905397676369859239e-01,9.905397487735312367e-01,9.905422339607922178e-01,9.999999999999995559e-01,9.905428090210771641e-01,9.905583384150737913e-01,9.905588855073299559e-01,9.905589343272409586e-01,9.905589430580924448e-01,9.905589447564514538e-01,9.905589433227358631e-01,9.905589351022097144e-01,9.905588883745680695e-01,9.905583624144067567e-01,9.905403572875878249e-01,9.905403560320046319e-01,9.905583585420432158e-01,9.905588755749902274e-01,9.905588747499091129e-01,9.905583550083352229e-01,9.905403434055525258e-01,9.905403431866923736e-01,9.905578037325604157e-01,9.905428090210771641e-01,9.999999999999995559e-01,9.905428646774936396e-01,9.905583875660710635e-01,9.905589330536201942e-01,9.905589812118382742e-01,9.905589892823546405e-01,9.905589893818378400e-01,9.905589816433522099e-01,9.905589351016360622e-01,9.905584092278360009e-01,9.905404041506137292e-01,9.905404029872817429e-01,9.905584055842517888e-01,9.905589228030613480e-01,9.905589224605406695e-01,9.905584042564685721e-01,9.905403991819079490e-01,9.905404001594623198e-01,9.905583572081516630e-01,9.905583384150737913e-01,9.905428646774936396e-01,9.999999999999995559e-01,9.905428755409902974e-01,9.905583967929654232e-01,9.905589416181387330e-01,9.905589891160244687e-01,9.905589955875947483e-01,9.905589893823548708e-01,9.905589433227104390e-01,9.905584176347381753e-01,9.905404126434507184e-01,9.905404115723706049e-01,9.905584142198725628e-01,9.905589315251699389e-01,9.905589313685285724e-01,9.905584136474524515e-01,9.905404101380195225e-01,9.905404111961713109e-01,9.905584076325332221e-01,9.905588855073299559e-01,9.905583875660710635e-01,9.905428755409902974e-01,9.999999999999995559e-01,9.905428784713840029e-01,9.905583990517009552e-01,9.905589432163042218e-01,9.905589891152893900e-01,9.905589892821183851e-01,9.905589447556695237e-01,9.905584195498170486e-01,9.905404147434232476e-01,9.905404138098661271e-01,9.905584164990952623e-01,9.905589338548133060e-01,9.905589337846246734e-01,9.905584162496685607e-01,9.905404132318560428e-01,9.905404142290387126e-01,9.905584170257609733e-01,9.905589343272409586e-01,9.905589330536201942e-01,9.905583967929654232e-01,9.905428784713840029e-01,9.999999999999995559e-01,9.905428791346514439e-01,9.905583990522712767e-01,9.905589416179684248e-01,9.905589812122113091e-01,9.905589430578810584e-01,9.905584193850413000e-01,9.905404150589367518e-01,9.905404143989398058e-01,9.905584171393364556e-01,9.905589345364387288e-01,9.905589345167353788e-01,9.905584170682231182e-01,9.905404142399425460e-01,9.905404150592506118e-01,9.905584193846724839e-01,9.905589430580924448e-01,9.905589812118382742e-01,9.905589416181387330e-01,9.905583990517009552e-01,9.905428791346514439e-01,9.999999999999995559e-01,9.905428784715331059e-01,9.905583967924503908e-01,9.905589330536876957e-01,9.905589343267057201e-01,9.905584170258159293e-01,9.905404142284396363e-01,9.905404142396123657e-01,9.905584170679945233e-01,9.905589345156260439e-01,9.905589345372344257e-01,9.905584171393029269e-01,9.905404143989112731e-01,9.905404147442969931e-01,9.905584195500227729e-01,9.905589447564514538e-01,9.905589892823546405e-01,9.905589891160244687e-01,9.905589432163042218e-01,9.905583990522712767e-01,9.905428784715331059e-01,9.999999999999995559e-01,9.905428755409838582e-01,9.905583875666447158e-01,9.905588855073712562e-01,9.905584076331424015e-01,9.905404111961345626e-01,9.905404132321543598e-01,9.905584162499860845e-01,9.905589337841167463e-01,9.905589338562281743e-01,9.905584164995917540e-01,9.905404138104761946e-01,9.905404126435356504e-01,9.905584176342356884e-01,9.905589433227358631e-01,9.905589893818378400e-01,9.905589955875947483e-01,9.905589891152893900e-01,9.905589416179684248e-01,9.905583967924503908e-01,9.905428755409838582e-01,9.999999999999995559e-01,9.905428646773050128e-01,9.905583384143762382e-01,9.905583572080547405e-01,9.905404001587084784e-01,9.905404101375765435e-01,9.905584136470430012e-01,9.905589313672594765e-01,9.905589315258223060e-01,9.905584142196800501e-01,9.905404115721814229e-01,9.905404041512928526e-01,9.905584092277754937e-01,9.905589351022097144e-01,9.905589816433522099e-01,9.905589893823548708e-01,9.905589892821183851e-01,9.905589812122113091e-01,9.905589330536876957e-01,9.905583875666447158e-01,9.905428646773050128e-01,9.999999999999995559e-01,9.905428090208413527e-01,9.905578037329307861e-01,9.905403431864434616e-01,9.905403991818909626e-01,9.905584042565870329e-01,9.905589224597901588e-01,9.905589228042119831e-01,9.905584055845397806e-01,9.905404029876413441e-01,9.905403572876774199e-01,9.905583624138342147e-01,9.905588883745680695e-01,9.905589351016360622e-01,9.905589433227104390e-01,9.905589447556695237e-01,9.905589430578810584e-01,9.905589343267057201e-01,9.905588855073712562e-01,9.905583384143762382e-01,9.905428090208413527e-01,9.999999999999995559e-01,9.905422339605403081e-01,9.905397487727350958e-01,9.905403434050603639e-01,9.905583550078298494e-01,9.905588747485744028e-01,9.905588755755720953e-01,9.905583585417752079e-01,9.905403560317806999e-01,9.905398312452137199e-01,9.905578364034389738e-01,9.905583624144067567e-01,9.905584092278360009e-01,9.905584176347381753e-01,9.905584195498170486e-01,9.905584193850413000e-01,9.905584170258159293e-01,9.905584076331424015e-01,9.905583572080547405e-01,9.905578037329307861e-01,9.905422339605403081e-01,9.999999999999995559e-01,9.905236342325447474e-01,9.905397676370173432e-01,9.905578201922550230e-01,9.905583463528870869e-01,9.905583487174223212e-01,9.905578321668946362e-01,9.905398298516788769e-01,9.905218263617300289e-01,9.905398312445909959e-01,9.905403572875878249e-01,9.905404041506137292e-01,9.905404126434507184e-01,9.905404147434232476e-01,9.905404150589367518e-01,9.905404142284396363e-01,9.905404111961345626e-01,9.905404001587084784e-01,9.905403431864434616e-01,9.905397487727350958e-01,9.905236342325447474e-01,9.999999999999995559e-01,9.905211731094216709e-01,9.905397651567919848e-01,9.905403322700776503e-01,9.905403411635891331e-01,9.905398261875790755e-01,9.905218246894670342e-01,9.905218246897432577e-01,9.905398298513249378e-01,9.905403560320046319e-01,9.905404029872817429e-01,9.905404115723706049e-01,9.905404138098661271e-01,9.905404143989398058e-01,9.905404142396123657e-01,9.905404132321543598e-01,9.905404101375765435e-01,9.905403991818909626e-01,9.905403434050603639e-01,9.905397676370173432e-01,9.905211731094216709e-01,9.999999999999995559e-01,9.905236294077188752e-01,9.905397353089971935e-01,9.905402828405215354e-01,9.905398138803299668e-01,9.905218203086147977e-01,9.905398261879607702e-01,9.905578321665780006e-01,9.905583585420432158e-01,9.905584055842517888e-01,9.905584142198725628e-01,9.905584164990952623e-01,9.905584171393364556e-01,9.905584170679945233e-01,9.905584162499860845e-01,9.905584136470430012e-01,9.905584042565870329e-01,9.905583550078298494e-01,9.905578201922550230e-01,9.905397651567919848e-01,9.905236294077188752e-01,9.999999999999995559e-01,9.905422179589156162e-01,9.905577408966673714e-01,9.905577684311016595e-01,9.905398138803749308e-01,9.905403411630621102e-01,9.905583487162795686e-01,9.905588755749902274e-01,9.905589228030613480e-01,9.905589315251699389e-01,9.905589338548133060e-01,9.905589345364387288e-01,9.905589345156260439e-01,9.905589337841167463e-01,9.905589313672594765e-01,9.905589224597901588e-01,9.905588747485744028e-01,9.905583463528870869e-01,9.905403322700776503e-01,9.905397353089971935e-01,9.905422179589156162e-01,9.999999999999995559e-01,9.905427372724094903e-01,9.905577408957944030e-01,9.905402828396956405e-01,9.905403322714894099e-01,9.905583463536582478e-01,9.905588747499091129e-01,9.905589224605406695e-01,9.905589313685285724e-01,9.905589337846246734e-01,9.905589345167353788e-01,9.905589345372344257e-01,9.905589338562281743e-01,9.905589315258223060e-01,9.905589228042119831e-01,9.905588755755720953e-01,9.905583487174223212e-01,9.905403411635891331e-01,9.905402828405215354e-01,9.905577408966673714e-01,9.905427372724094903e-01,9.999999999999995559e-01,9.905422179600266164e-01,9.905397353100782176e-01,9.905397651573514262e-01,9.905578201921415582e-01,9.905583550083352229e-01,9.905584042564685721e-01,9.905584136474524515e-01,9.905584162496685607e-01,9.905584170682231182e-01,9.905584171393029269e-01,9.905584164995917540e-01,9.905584142196800501e-01,9.905584055845397806e-01,9.905583585417752079e-01,9.905578321668946362e-01,9.905398261875790755e-01,9.905398138803299668e-01,9.905577684311016595e-01,9.905577408957944030e-01,9.905422179600266164e-01,9.999999999999995559e-01,9.905236294080584925e-01,9.905211731100008743e-01,9.905397676369859239e-01,9.905403434055525258e-01,9.905403991819079490e-01,9.905404101380195225e-01,9.905404132318560428e-01,9.905404142399425460e-01,9.905404143989112731e-01,9.905404138104761946e-01,9.905404115721814229e-01,9.905404029876413441e-01,9.905403560317806999e-01,9.905398298516788769e-01,9.905218246894670342e-01,9.905218203086147977e-01,9.905398138803749308e-01,9.905402828396956405e-01,9.905397353100782176e-01,9.905236294080584925e-01,9.999999999999995559e-01
9.999999999999996669e-01,9.858831988727992934e-01,9.859189007299127283e-01,9.859201672811753747e-01,9.859202897076961847e-01,9.859203136603512663e-01,9.859203202730061344e-01,9.859203220898127284e-01,9.859203214137981508e-01,9.859203168731307532e-01,9.859202986264921087e-01,9.859201995210761238e-01,9.859191051624437430e-01,9.858792440758102904e-01,9.858792404217654459e-01,9.859190941608045877e-01,9.859201646311502865e-01,9.859201452043128144e-01,9.859189612574876804e-01,9.858777989418490151e-01,9.858831988727992934e-01,9.999999999999996669e-01,9.859243814921375693e-01,9.859588717670996205e-01,9.859600492612530243e-01,9.859601573934604346e-01,9.859601777471421746e-01,9.859601828828328252e-01,9.859601832518006814e-01,9.859601791140117921e-01,9.859601610541921524e-01,9.859600620551940420e-01,9.859589677436539912e-01,9.859191051606104317e-01,9.859191021223637774e-01,9.859589585487043006e-01,9.859600324994223230e-01,9.859600273538272619e-01,9.859589325220061706e-01,9.859189666178508338e-01,9.859189007299127283e-01,9.859243814921375693e-01,9.999999999999996669e-01,9.859255816642016335e-01,9.859599847882184465e-01,9.859611485326417180e-01,9.859612531934468516e-01,9.859612721080517339e-01,9.859612758099730589e-01,9.859612727231631402e-01,9.859612550692564703e-01,9.859611562588903588e-01,9.859600620566711937e-01,9.859201995207114155e-01,9.859201967843049808e-01,9.859600536586373698e-01,9.859611286641476458e-01,9.859611268649893789e-01,9.859600459551413065e-01,9.859201691651333643e-01,9.859201672811753747e-01,9.859588717670996205e-01,9.859255816642016335e-01,9.999999999999996669e-01,9.859256998781401604e-01,9.859600888514827854e-01,9.859612491236842136e-01,9.859613523474353158e-01,9.859613698289511063e-01,9.859613700754648047e-01,9.859613534726046069e-01,9.859612550681946530e-01,9.859601610546695483e-01,9.859202986250406031e-01,9.859202960909282387e-01,9.859601531570275634e-01,9.859612285686054634e-01,9.859612278218006232e-01,9.859601502582709953e-01,9.859202877456291203e-01,9.859202897076961847e-01,9.859600492612530243e-01,9.859599847882184465e-01,9.859256998781401604e-01,9.999999999999996669e-01,9.859257232989468989e-01,9.859601086961881089e-01,9.859612675291614670e-01,9.859613693198235884e-01,9.859613833458964471e-01,9.859613700764046085e-01,9.859612727230774309e-01,9.859601791153523864e-01,9.859203168726932143e-01,9.859203145408796942e-01,9.859601717179968805e-01,9.859612473185449533e-01,9.859612469777785382e-01,9.859601704679626932e-01,9.859203113917626160e-01,9.859203136603512663e-01,9.859601573934604346e-01,9.859611485326417180e-01,9.859600888514827854e-01,9.859257232989468989e-01,9.999999999999996669e-01,9.859257296548999960e-01,9.859601135827874563e-01,9.859612709819891574e-01,9.859613693172434301e-01,9.859613698272815530e-01,9.859612758072586747e-01,9.859601832505806573e-01,9.859203214107230551e-01,9.859203193803240950e-01,9.859601766490062591e-01,9.859612523599835532e-01,9.859612522081623309e-01,9.859601761049765489e-01,9.859203181107748515e-01,9.859203202730061344e-01,9.859601777471421746e-01,9.859612531934468516e-01,9.859612491236842136e-01,9.859601086961881089e-01,9.859257296548999960e-01,9.999999999999996669e-01,9.859257310975318989e-01,9.859601135846927100e-01,9.859612675284787908e-01,9.859613523477008812e-01,9.859612721072609220e-01,9.859601828835199422e-01,9.859203220886514352e-01,9.859203206571798273e-01,9.859601780386620939e-01,9.859612538401434367e-01,9.859612537988182712e-01,9.859601778846978082e-01,9.859203203081342570e-01,9.859203220898127284e-01,9.859601828828328252e-01,9.859612721080517339e-01,9.859613523474353158e-01,9.859612675291614670e-01,9.859601135827874563e-01,9.859257310975318989e-01,9.999999999999996669e-01,9.859257296560921535e-01,9.859601086948522886e-01,9.859612491233629150e-01,9.859612531920450840e-01,9.859601777472072337e-01,9.859203202712333303e-01,9.859203203070947552e-01,9.859601778825907159e-01,9.859612537946423894e-01,9.859612538436987039e-01,9.859601780402252880e-01,9.859203206575302136e-01,9.859203214137981508e-01,9.859601832518006814e-01,9.859612758099730589e-01,9.859613698289511063e-01,9.859613693198235884e-01,9.859612709819891574e-01,9.859601135846927100e-01,9.859257296560921535e-01,9.999999999999996669e-01,9.859257232994786957e-01,9.859600888529930218e-01,9.859611485331345460e-01,9.859601573954234199e-01,9.859203136605035889e-01,9.859203181117031090e-01,9.859601761047618318e-01,9.859612522059449935e-01,9.859612523654932570e-01,9.859601766524422883e-01,9.859203193826719946e-01,9.859203168731307532e-01,9.859601791140117921e-01,9.859612727231631402e-01,9.859613700754648047e-01,9.859613833458964471e-01,9.859613693172434301e-01,9.859612675284787908e-01,9.859601086948522886e-01,9.859257232994786957e-01,9.999999999999996669e-01,9.859256998770420388e-01,9.859599847861175714e-01,9.859600492606702682e-01,9.859202897052720127e-01,9.859203113900926185e-01,9.859601704651570486e-01,9.859612469729440720e-01,9.859612473214277584e-01,9.859601717188763992e-01,9.859203145405671664e-01,9.859202986264921087e-01,9.859601610541921524e-01,9.859612550692564703e-01,9.859613534726046069e-01,9.859613700764046085e-01,9.859613698272815530e-01,9.859613523477008812e-01,9.859612491233629150e-01,9.859600888529930218e-01,9.859256998770420388e-01,9.999999999999996669e-01,9.859255816629864944e-01,9.859588717673875014e-01,9.859201672796786831e-01,9.859202877448228763e-01,9.859601502564160347e-01,9.859612278179092915e-01,9.859612285724264069e-01,9.859601531588099155e-01,9.859202960916002567e-01,9.859201995210761238e-01,9.859600620551940420e-01,9.859611562588903588e-01,9.859612550681946530e-01,9.859612727230774309e-01,9.859612758072586747e-01,9.859612721072609220e-01,9.859612531920450840e-01,9.859611485331345460e-01,9.859599847861175714e-01,9.859255816629864944e-01,9.999999999999996669e-01,9.859243814913353221e-01,9.859189007273873040e-01,9.859201691633581177e-01,9.859600459521540294e-01,9.859611268600202427e-01,9.859611286668984453e-01,9.859600536593664533e-01,9.859201967838974179e-01,9.859191051624437430e-01,9.859589677436539912e-01,9.859600620566711937e-01,9.859601610546695483e-01,9.859601791153523864e-01,9.859601832505806573e-01,9.859601828835199422e-01,9.859601777472072337e-01,9.859601573954234199e-01,9.859600492606702682e-01,9.859588717673875014e-01,9.859243814913353221e-01,9.999999999999996669e-01,9.858831988716129091e-01,9.859189666175012245e-01,9.859589325205562194e-01,9.859600273503231760e-01,9.859600325036372848e-01,9.859589585509339615e-01,9.859191021234526842e-01,9.858792440758102904e-01,9.859191051606104317e-01,9.859201995207114155e-01,9.859202986250406031e-01,9.859203168726932143e-01,9.859203214107230551e-01,9.859203220886514352e-01,9.859203202712333303e-01,9.859203136605035889e-01,9.859202897052720127e-01,9.859201672796786831e-01,9.859189007273873040e-01,9.858831988716129091e-01,9.999999999999996669e-01,9.858777989397140562e-01,9.859189612541856551e-01,9.859201451989838549e-01,9.859201646335582492e-01,9.859190941611591930e-01,9.858792404210398042e-01,9.858792404217654459e-01,9.859191021223637774e-01,9.859201967843049808e-01,9.859202960909282387e-01,9.859203145408796942e-01,9.859203193803240950e-01,9.859203206571798273e-01,9.859203203070947552e-01,9.859203181117031090e-01,9.859203113900926185e-01,9.859202877448228763e-01,9.859201691633581177e-01,9.859189666175012245e-01,9.858777989397140562e-01,9.999999999999996669e-01,9.858831883819002551e-01,9.859188716883785508e-01,9.859200390973750228e-01,9.859190674027370482e-01,9.858792308427558604e-01,9.859190941608045877e-01,9.859589585487043006e-01,9.859600536586373698e-01,9.859601531570275634e-01,9.859601717179968805e-01,9.859601766490062591e-01,9.859601780386620939e-01,9.859601778825907159e-01,9.859601761047618318e-01,9.859601704651570486e-01,9.859601502564160347e-01,9.859600459521540294e-01,9.859589325205562194e-01,9.859189612541856551e-01,9.858831883819002551e-01,9.999999999999996669e-01,9.859243469028050599e-01,9.859587381892171987e-01,9.859588215224083241e-01,9.859190674015813061e-01,9.859201646311502865e-01,9.859600324994223230e-01,9.859611286641476458e-01,9.859612285686054634e-01,9.859612473185449533e-01,9.859612523599835532e-01,9.859612538401434367e-01,9.859612537946423894e-01,9.859612522059449935e-01,9.859612469729440720e-01,9.859612278179092915e-01,9.859611268600202427e-01,9.859600273503231760e-01,9.859201451989838549e-01,9.859188716883785508e-01,9.859243469028050599e-01,9.999999999999996669e-01,9.859254286657221922e-01,9.859587381871689482e-01,9.859200390941794678e-01,9.859201452043128144e-01,9.859600273538272619e-01,9.859611268649893789e-01,9.859612278218006232e-01,9.859612469777785382e-01,9.859612522081623309e-01,9.859612537988182712e-01,9.859612538436987039e-01,9.859612523654932570e-01,9.859612473214277584e-01,9.859612285724264069e-01,9.859611286668984453e-01,9.859600325036372848e-01,9.859201646335582492e-01,9.859200390973750228e-01,9.859587381892171987e-01,9.859254286657221922e-01,9.999999999999996669e-01,9.859243469085823275e-01,9.859188716929082608e-01,9.859189612574876804e-01,9.859589325220061706e-01,9.859600459551413065e-01,9.859601502582709953e-01,9.859601704679626932e-01,9.859601761049765489e-01,9.859601778846978082e-01,9.859601780402252880e-01,9.859601766524422883e-01,9.859601717188763992e-01,9.859601531588099155e-01,9.859600536593664533e-01,9.859589585509339615e-01,9.859190941611591930e-01,9.859190674027370482e-01,9.859588215224083241e-01,9.859587381871689482e-01,9.859243469085823275e-01,9.999999999999996669e-01,9.858831883845333710e-01,9.858777989418490151e-01,9.859189666178508338e-01,9.859201691651333643e-01,9.859202877456291203e-01,9.859203113917626160e-01,9.859203181107748515e-01,9.859203203081342570e-01,9.859203206575302136e-01,9.859203193826719946e-01,9.859203145405671664e-01,9.859202960916002567e-01,9.859201967838974179e-01,9.859191021234526842e-01,9.858792404210398042e-01,9.858792308427558604e-01,9.859190674015813061e-01,9.859200390941794678e-01,9.859188716929082608e-01,9.858831883845333710e-01,9.999999999999996669e-01
