9.999999999999986677e-01,9.999999999999986677e-01,9.999999999999986677e-01,9.999999999999986677e-01,9.999999999999986677e-01,9.999999999999986677e-01,9.999999999999986677e-01,9.999999999999986677e-01,9.999999999999986677e-01,9.999999999999986677e-01,9.999999999999986677e-01,9.999999999999986677e-01,9.999999999999986677e-01,9.999999999999986677e-01,9.999999999999986677e-01,9.999999999999986677e-01,9.999999999999986677e-01,9.999999999999986677e-01,9.999999999999986677e-01,9.999999999999986677e-01,9.999999999999986677e-01,9.999999999999986677e-01,9.999999999999986677e-01,9.999999999999986677e-01,9.999999999999986677e-01,9.999999999999986677e-01,9.999999999999986677e-01,9.999999999999986677e-01,9.999999999999986677e-01,9.999999999999986677e-01,9.999999999999986677e-01,9.999999999999986677e-01,9.999999999999986677e-01,9.999999999999986677e-01,9.999999999999986677e-01,9.999999999999986677e-01,9.999999999999986677e-01,9.999999999999986677e-01,9.999999999999986677e-01,9.999999999999986677e-01,9.999999999999986677e-01,9.999999999999986677e-01,9.999999999999986677e-01,9.999999999999986677e-01,9.999999999999986677e-01,9.999999999999986677e-01,9.999999999999986677e-01,9.999999999999986677e-01,9.999999999999986677e-01,9.999999999999986677e-01,9.999999999999986677e-01,9.999999999999986677e-01,9.999999999999986677e-01,9.999999999999986677e-01,9.999999999999986677e-01,9.999999999999986677e-01,9.999999999999986677e-01,9.999999999999986677e-01,9.999999999999986677e-01,9.999999999999986677e-01,9.999999999999986677e-01,9.999999999999986677e-01,9.999999999999986677e-01,9.999999999999986677e-01,9.999999999999986677e-01,9.999999999999986677e-01,9.999999999999986677e-01,9.999999999999986677e-01,9.999999999999986677e-01,9.999999999999986677e-01,9.999999999999986677e-01,9.999999999999986677e-01,9.999999999999986677e-01,9.999999999999986677e-01,9.999999999999986677e-01,9.999999999999986677e-01,9.999999999999986677e-01,9.999999999999986677e-01,9.999999999999986677e-01,9.999999999999986677e-01,9.999999999999986677e-01,9.999999999999986677e-01,9.999999999999986677e-01,9.999999999999986677e-01,9.999999999999986677e-01,9.999999999999986677e-01,9.999999999999986677e-01,9.999999999999986677e-01,9.999999999999986677e-01,9.999999999999986677e-01,9.999999999999986677e-01,9.999999999999986677e-01,9.999999999999986677e-01,9.999999999999986677e-01,9.999999999999986677e-01,9.999999999999986677e-01,9.999999999999986677e-01,9.999999999999986677e-01,9.999999999999986677e-01,9.999999999999986677e-01,9.999999999999986677e-01,9.999999999999986677e-01,9.999999999999986677e-01,9.999999999999986677e-01,9.999999999999986677e-01,9.999999999999986677e-01,9.999999999999986677e-01,9.999999999999986677e-01,9.999999999999986677e-01,9.999999999999986677e-01,9.999999999999986677e-01,9.999999999999986677e-01,9.999999999999986677e-01,9.999999999999986677e-01,9.999999999999986677e-01,9.999999999999986677e-01,9.999999999999986677e-01,9.999999999999986677e-01,9.999999999999986677e-01,9.999999999999986677e-01,9.999999999999986677e-01,9.999999999999986677e-01,9.999999999999986677e-01,9.999999999999986677e-01,9.999999999999986677e-01,9.999999999999986677e-01,9.999999999999986677e-01,9.999999999999986677e-01,9.999999999999986677e-01,9.999999999999986677e-01,9.999999999999986677e-01,9.999999999999986677e-01,9.999999999999986677e-01,9.999999999999986677e-01,9.999999999999986677e-01,9.999999999999986677e-01,9.999999999999986677e-01,9.999999999999986677e-01,9.999999999999986677e-01,9.999999999999986677e-01,9.999999999999986677e-01,9.999999999999986677e-01,9.999999999999986677e-01,9.999999999999986677e-01,9.999999999999986677e-01,9.999999999999986677e-01,9.999999999999986677e-01,9.999999999999986677e-01,9.999999999999986677e-01,9.999999999999986677e-01,9.999999999999986677e-01,9.999999999999986677e-01,9.999999999999986677e-01,9.999999999999986677e-01,9.999999999999986677e-01,9.999999999999986677e-01,9.999999999999986677e-01,9.999999999999986677e-01,9.999999999999986677e-01,9.999999999999986677e-01,9.999999999999986677e-01,9.999999999999986677e-01,9.999999999999986677e-01,9.999999999999986677e-01,9.999999999999986677e-01,9.999999999999986677e-01,9.999999999999986677e-01,9.999999999999986677e-01,9.999999999999986677e-01,9.999999999999986677e-01,9.999999999999986677e-01,9.999999999999986677e-01,9.999999999999986677e-01,9.999999999999986677e-01,9.999999999999986677e-01,9.999999999999986677e-01,9.999999999999986677e-01,9.999999999999986677e-01,9.999999999999986677e-01,9.999999999999986677e-01,9.999999999999986677e-01,9.999999999999986677e-01,9.999999999999986677e-01,9.999999999999986677e-01,9.999999999999986677e-01,9.999999999999986677e-01,9.999999999999986677e-01,9.999999999999986677e-01,9.999999999999986677e-01,9.999999999999986677e-01,9.999999999999986677e-01,9.999999999999986677e-01,9.999999999999986677e-01,9.999999999999986677e-01,9.999999999999986677e-01,9.999999999999986677e-01,9.999999999999986677e-01,9.999999999999986677e-01,9.999999999999986677e-01,9.999999999999986677e-01,9.999999999999986677e-01,9.999999999999986677e-01,9.999999999999986677e-01,9.999999999999986677e-01,9.999999999999986677e-01,9.999999999999986677e-01,9.999999999999986677e-01,9.999999999999986677e-01,9.999999999999986677e-01,9.999999999999986677e-01,9.999999999999986677e-01,9.999999999999986677e-01,9.999999999999986677e-01,9.999999999999986677e-01,9.999999999999986677e-01,9.999999999999986677e-01,9.999999999999986677e-01,9.999999999999986677e-01,9.999999999999986677e-01,9.999999999999986677e-01,9.999999999999986677e-01,9.999999999999986677e-01,9.999999999999986677e-01,9.999999999999986677e-01,9.999999999999986677e-01,9.999999999999986677e-01,9.999999999999986677e-01,9.999999999999986677e-01,9.999999999999986677e-01,9.999999999999986677e-01,9.999999999999986677e-01,9.999999999999986677e-01,9.999999999999986677e-01,9.999999999999986677e-01,9.999999999999986677e-01,9.999999999999986677e-01,9.999999999999986677e-01,9.999999999999986677e-01,9.999999999999986677e-01,9.999999999999986677e-01,9.999999999999986677e-01,9.999999999999986677e-01,9.999999999999986677e-01,9.999999999999986677e-01,9.999999999999986677e-01,9.999999999999986677e-01,9.999999999999986677e-01,9.999999999999986677e-01,9.999999999999986677e-01,9.999999999999986677e-01,9.999999999999986677e-01,9.999999999999986677e-01,9.999999999999986677e-01,9.999999999999986677e-01,9.999999999999986677e-01,9.999999999999986677e-01,9.999999999999986677e-01,9.999999999999986677e-01,9.999999999999986677e-01,9.999999999999986677e-01,9.999999999999986677e-01,9.999999999999986677e-01,9.999999999999986677e-01,9.999999999999986677e-01,9.999999999999986677e-01,9.999999999999986677e-01,9.999999999999986677e-01,9.999999999999986677e-01,9.999999999999986677e-01,9.999999999999986677e-01,9.999999999999986677e-01,9.999999999999986677e-01,9.999999999999986677e-01,9.999999999999986677e-01,9.999999999999986677e-01,9.999999999999986677e-01,9.999999999999986677e-01,9.999999999999986677e-01,9.999999999999986677e-01,9.999999999999986677e-01,9.999999999999986677e-01,9.999999999999986677e-01,9.999999999999986677e-01,9.999999999999986677e-01,9.999999999999986677e-01,9.999999999999986677e-01,9.999999999999986677e-01,9.999999999999986677e-01,9.999999999999986677e-01,9.999999999999986677e-01,9.999999999999986677e-01,9.999999999999986677e-01,9.999999999999986677e-01,9.999999999999986677e-01,9.999999999999986677e-01,9.999999999999986677e-01,9.999999999999986677e-01,9.999999999999986677e-01,9.999999999999986677e-01,9.999999999999986677e-01,9.999999999999986677e-01,9.999999999999986677e-01,9.999999999999986677e-01,9.999999999999986677e-01,9.999999999999986677e-01,9.999999999999986677e-01,9.999999999999986677e-01,9.999999999999986677e-01,9.999999999999986677e-01,9.999999999999986677e-01,9.999999999999986677e-01,9.999999999999986677e-01,9.999999999999986677e-01,9.999999999999986677e-01,9.999999999999986677e-01,9.999999999999986677e-01,9.999999999999986677e-01,9.999999999999986677e-01,9.999999999999986677e-01,9.999999999999986677e-01,9.999999999999986677e-01,9.999999999999986677e-01,9.999999999999986677e-01,9.999999999999986677e-01,9.999999999999986677e-01,9.999999999999986677e-01,9.999999999999986677e-01,9.999999999999986677e-01,9.999999999999986677e-01,9.999999999999986677e-01,9.999999999999986677e-01,9.999999999999986677e-01,9.999999999999986677e-01,9.999999999999986677e-01,9.999999999999986677e-01,9.999999999999986677e-01,9.999999999999986677e-01,9.999999999999986677e-01,9.999999999999986677e-01,9.999999999999986677e-01,9.999999999999986677e-01,9.999999999999986677e-01,9.999999999999986677e-01,9.999999999999986677e-01,9.999999999999986677e-01,9.999999999999986677e-01,9.999999999999986677e-01,9.999999999999986677e-01,9.999999999999986677e-01,9.999999999999986677e-01,9.999999999999986677e-01,9.999999999999986677e-01,9.999999999999986677e-01,9.999999999999986677e-01,9.999999999999986677e-01,9.999999999999986677e-01,9.999999999999986677e-01,9.999999999999986677e-01,9.999999999999986677e-01,9.999999999999986677e-01,9.999999999999986677e-01,9.999999999999986677e-01,9.999999999999986677e-01,9.999999999999986677e-01,9.999999999999986677e-01,9.999999999999986677e-01,9.999999999999986677e-01,9.999999999999986677e-01,9.999999999999986677e-01,9.999999999999986677e-01,9.999999999999986677e-01,9.999999999999986677e-01,9.999999999999986677e-01,9.999999999999986677e-01,9.999999999999986677e-01,9.999999999999986677e-01,9.999999999999986677e-01,9.999999999999986677e-01,9.999999999999986677e-01,9.999999999999986677e-01,9.999999999999986677e-01,9.999999999999986677e-01,9.999999999999986677e-01,9.999999999999986677e-01,9.999999999999986677e-01,9.999999999999986677e-01,9.999999999999986677e-01,9.999999999999986677e-01,9.999999999999986677e-01,9.999999999999986677e-01,9.999999999999986677e-01,9.999999999999986677e-01,9.999999999999986677e-01,9.999999999999986677e-01,9.999999999999986677e-01,9.999999999999986677e-01,9.999999999999986677e-01,9.999999999999986677e-01,9.999999999999986677e-01,9.999999999999986677e-01
1.000000000000000444e+00,9.952285064359711608e-01,9.952326115244252147e-01,9.952327706243820904e-01,9.952327861705162482e-01,9.952327892652206298e-01,9.952327901771214069e-01,9.952327905191852286e-01,9.952327906669073965e-01,9.952327907309784782e-01,9.952327907493918602e-01,9.952327907310113408e-01,9.952327906670168645e-01,9.952327905199043201e-01,9.952327901789380649e-01,9.952327892705399304e-01,9.952327861947102283e-01,9.952327708204423695e-01,9.952326138835331237e-01,9.952278753459997684e-01,9.952285064359711608e-01,1.000000000000000444e+00,9.952333956256069758e-01,9.952373521426601810e-01,9.952374989855252707e-01,9.952375124563794806e-01,9.952375150258404579e-01,9.952375157642285863e-01,9.952375160361845996e-01,9.952375161480440102e-01,9.952375161886192201e-01,9.952375161832446304e-01,9.952375161299229500e-01,9.952375159958843920e-01,9.952375156773675124e-01,9.952375148173773223e-01,9.952375118673625343e-01,9.952374968947833578e-01,9.952373416440873921e-01,9.952326138836289360e-01,9.952326115244252147e-01,9.952333956256069758e-01,1.000000000000000444e+00,9.952335653433680429e-01,9.952375096569430202e-01,9.952376544456442709e-01,9.952376673963951870e-01,9.952376697938697392e-01,9.952376704627224902e-01,9.952376706990336830e-01,9.952376707875271178e-01,9.952376708043790821e-01,9.952376707640429032e-01,9.952376706406315110e-01,9.952376703351175635e-01,9.952376694973690263e-01,9.952376665953124313e-01,9.952376517473592310e-01,9.952374968948070055e-01,9.952327708205256362e-01,9.952327706243820904e-01,9.952373521426601810e-01,9.952335653433680429e-01,1.000000000000000444e+00,9.952335829975389458e-01,9.952375252370346814e-01,9.952376695055012989e-01,9.952376822843645998e-01,9.952376846123324183e-01,9.952376852455879774e-01,9.952376854585125443e-01,9.952376855232760722e-01,9.952376855051833227e-01,9.952376853947609847e-01,9.952376850998687630e-01,9.952376842751283759e-01,9.952376813952892309e-01,9.952376665952682444e-01,9.952375118673357779e-01,9.952327861947866117e-01,9.952327861705162482e-01,9.952374989855252707e-01,9.952375096569430202e-01,9.952335829975389458e-01,1.000000000000000444e+00,9.952335866853824209e-01,9.952375283991664601e-01,9.952376724956150111e-01,9.952376852049685807e-01,9.952376874973128951e-01,9.952376881072007020e-01,9.952376882964042437e-01,9.952376883262050722e-01,9.952376882380348233e-01,9.952376879561357637e-01,9.952376871419901239e-01,9.952376842751770036e-01,9.952376694973775750e-01,9.952375148173955299e-01,9.952327892706519519e-01,9.952327892652206298e-01,9.952375124563794806e-01,9.952376544456442709e-01,9.952375252370346814e-01,9.952335866853824209e-01,1.000000000000000444e+00,9.952335878071323361e-01,9.952375293470996365e-01,9.952376733739820569e-01,9.952376860477274434e-01,9.952376883167006749e-01,9.952376889028525797e-01,9.952376890571218437e-01,9.952376890168314061e-01,9.952376887571622310e-01,9.952376879560445033e-01,9.952376850998170266e-01,9.952376703350329645e-01,9.952375156773054510e-01,9.952327901789461695e-01,9.952327901771214069e-01,9.952375150258404579e-01,9.952376673963951870e-01,9.952376695055012989e-01,9.952375283991664601e-01,9.952335878071323361e-01,1.000000000000000444e+00,9.952335882367479014e-01,9.952375297064488535e-01,9.952376736976991101e-01,9.952376863480699720e-01,9.952376885933200690e-01,9.952376891445080531e-01,9.952376892286904919e-01,9.952376890169299939e-01,9.952376882380302714e-01,9.952376853948147195e-01,9.952376706406379503e-01,9.952375159959043760e-01,9.952327905200186731e-01,9.952327905191852286e-01,9.952375157642285863e-01,9.952376697938697392e-01,9.952376822843645998e-01,9.952376724956150111e-01,9.952375293470996365e-01,9.952335882367479014e-01,1.000000000000000444e+00,9.952335884246172881e-01,9.952375298583766572e-01,9.952376738262550537e-01,9.952376864528814648e-01,9.952376886631981723e-01,9.952376891443009965e-01,9.952376890569943901e-01,9.952376883259984597e-01,9.952376855050172333e-01,9.952376707638385112e-01,9.952375161297372097e-01,9.952327906669273805e-01,9.952327906669073965e-01,9.952375160361845996e-01,9.952376704627224902e-01,9.952376846123324183e-01,9.952376852049685807e-01,9.952376733739820569e-01,9.952375297064488535e-01,9.952335884246172881e-01,1.000000000000000444e+00,9.952335885072051136e-01,9.952375299174460732e-01,9.952376738615823504e-01,9.952376864532684886e-01,9.952376885934905992e-01,9.952376889031189222e-01,9.952376882965777716e-01,9.952376855235030018e-01,9.952376708045571618e-01,9.952375161834401407e-01,9.952327907312991107e-01,9.952327907309784782e-01,9.952375161480440102e-01,9.952376706990336830e-01,9.952376852455879774e-01,9.952376874973128951e-01,9.952376860477274434e-01,9.952376736976991101e-01,9.952375298583766572e-01,9.952335885072051136e-01,1.000000000000000444e+00,9.952335885307068697e-01,9.952375299171692946e-01,9.952376738263639666e-01,9.952376863479557301e-01,9.952376883167086685e-01,9.952376881070923442e-01,9.952376854584668031e-01,9.952376707874395212e-01,9.952375161885466115e-01,9.952327907493975223e-01,9.952327907493918602e-01,9.952375161886192201e-01,9.952376707875271178e-01,9.952376854585125443e-01,9.952376881072007020e-01,9.952376883167006749e-01,9.952376863480699720e-01,9.952376738262550537e-01,9.952375299174460732e-01,9.952335885307068697e-01,1.000000000000000444e+00,9.952335885070141552e-01,9.952375298585740548e-01,9.952376736976812355e-01,9.952376860477931686e-01,9.952376874973072329e-01,9.952376852456186196e-01,9.952376706990238020e-01,9.952375161480530030e-01,9.952327907310788424e-01,9.952327907310113408e-01,9.952375161832446304e-01,9.952376708043790821e-01,9.952376855232760722e-01,9.952376882964042437e-01,9.952376889028525797e-01,9.952376885933200690e-01,9.952376864528814648e-01,9.952376738615823504e-01,9.952375299171692946e-01,9.952335885070141552e-01,1.000000000000000444e+00,9.952335884245360198e-01,9.952375297061479831e-01,9.952376733737861025e-01,9.952376852046697087e-01,9.952376846120921661e-01,9.952376704624479320e-01,9.952375160359100414e-01,9.952327906667217672e-01,9.952327906670168645e-01,9.952375161299229500e-01,9.952376707640429032e-01,9.952376855051833227e-01,9.952376883262050722e-01,9.952376890571218437e-01,9.952376891445080531e-01,9.952376886631981723e-01,9.952376864532684886e-01,9.952376738263639666e-01,9.952375298585740548e-01,9.952335884245360198e-01,1.000000000000000444e+00,9.952335882368225084e-01,9.952375293472816020e-01,9.952376724957013865e-01,9.952376822845043769e-01,9.952376697939633310e-01,9.952375157643638115e-01,9.952327905193770752e-01,9.952327905199043201e-01,9.952375159958843920e-01,9.952376706406315110e-01,9.952376853947609847e-01,9.952376882380348233e-01,9.952376890168314061e-01,9.952376892286904919e-01,9.952376891443009965e-01,9.952376885934905992e-01,9.952376863479557301e-01,9.952376736976812355e-01,9.952375297061479831e-01,9.952335882368225084e-01,1.000000000000000444e+00,9.952335878071006947e-01,9.952375283990391175e-01,9.952376695054295785e-01,9.952376673962853859e-01,9.952375150257321001e-01,9.952327901771268470e-01,9.952327901789380649e-01,9.952375156773675124e-01,9.952376703351175635e-01,9.952376850998687630e-01,9.952376879561357637e-01,9.952376887571622310e-01,9.952376890169299939e-01,9.952376890569943901e-01,9.952376889031189222e-01,9.952376883167086685e-01,9.952376860477931686e-01,9.952376733737861025e-01,9.952375293472816020e-01,9.952335878071006947e-01,1.000000000000000444e+00,9.952335866853472268e-01,9.952375252370545544e-01,9.952376544456258411e-01,9.952375124563844766e-01,9.952327892652932384e-01,9.952327892705399304e-01,9.952375148173773223e-01,9.952376694973690263e-01,9.952376842751283759e-01,9.952376871419901239e-01,9.952376879560445033e-01,9.952376882380302714e-01,9.952376883259984597e-01,9.952376882965777716e-01,9.952376881070923442e-01,9.952376874973072329e-01,9.952376852046697087e-01,9.952376724957013865e-01,9.952375283990391175e-01,9.952335866853472268e-01,1.000000000000000444e+00,9.952335829974657821e-01,9.952375096568339963e-01,9.952374989854301246e-01,9.952327861705192458e-01,9.952327861947102283e-01,9.952375118673625343e-01,9.952376665953124313e-01,9.952376813952892309e-01,9.952376842751770036e-01,9.952376850998170266e-01,9.952376853948147195e-01,9.952376855050172333e-01,9.952376855235030018e-01,9.952376854584668031e-01,9.952376852456186196e-01,9.952376846120921661e-01,9.952376822845043769e-01,9.952376695054295785e-01,9.952375252370545544e-01,9.952335829974657821e-01,1.000000000000000444e+00,9.952335653432988760e-01,9.952373521426108871e-01,9.952327706244209482e-01,9.952327708204423695e-01,9.952374968947833578e-01,9.952376517473592310e-01,9.952376665952682444e-01,9.952376694973775750e-01,9.952376703350329645e-01,9.952376706406379503e-01,9.952376707638385112e-01,9.952376708045571618e-01,9.952376707874395212e-01,9.952376706990238020e-01,9.952376704624479320e-01,9.952376697939633310e-01,9.952376673962853859e-01,9.952376544456258411e-01,9.952375096568339963e-01,9.952335653432988760e-01,1.000000000000000444e+00,9.952333956255211556e-01,9.952326115244261029e-01,9.952326138835331237e-01,9.952373416440873921e-01,9.952374968948070055e-01,9.952375118673357779e-01,9.952375148173955299e-01,9.952375156773054510e-01,9.952375159959043760e-01,9.952375161297372097e-01,9.952375161834401407e-01,9.952375161885466115e-01,9.952375161480530030e-01,9.952375160359100414e-01,9.952375157643638115e-01,9.952375150257321001e-01,9.952375124563844766e-01,9.952374989854301246e-01,9.952373521426108871e-01,9.952333956255211556e-01,1.000000000000000444e+00,9.952285064359931432e-01,9.952278753459997684e-01,9.952326138836289360e-01,9.952327708205256362e-01,9.952327861947866117e-01,9.952327892706519519e-01,9.952327901789461695e-01,9.952327905200186731e-01,9.952327906669273805e-01,9.952327907312991107e-01,9.952327907493975223e-01,9.952327907310788424e-01,9.952327906667217672e-01,9.952327905193770752e-01,9.952327901771268470e-01,9.952327892652932384e-01,9.952327861705192458e-01,9.952327706244209482e-01,9.952326115244261029e-01,9.952285064359931432e-01,1.000000000000000444e+00
9.999999999999987788e-01,9.905229172064372589e-01,9.905390833938590989e-01,9.905396866882201223e-01,9.905397460624486561e-01,9.905397580008743486e-01,9.905397615352471430e-01,9.905397628640522090e-01,9.905397634373855897e-01,9.905397636870204581e-01,9.905397637586379478e-01,9.905397636880772794e-01,9.905397634394695894e-01,9.905397628688556999e-01,9.905397615478374052e-01,9.905397580417375503e-01,9.905397462482253834e-01,9.905396881825601074e-01,9.905391041258598817e-01,9.905204566935831290e-01,9.905229172064372589e-01,9.999999999999987788e-01,9.905421594286756282e-01,9.905577382526734587e-01,9.905582941305702827e-01,9.905583454559362400e-01,9.905583553503405358e-01,9.905583582078089089e-01,9.905583592613442789e-01,9.905583596959633974e-01,9.905583598535860901e-01,9.905583598335070405e-01,9.905583596264819768e-01,9.905583591071339677e-01,9.905583578741439243e-01,9.905583545577395510e-01,9.905583432566782420e-01,9.905582867601611108e-01,9.905577092746451484e-01,9.905391041257644025e-01,9.905390833938590989e-01,9.905421594286756282e-01,9.999999999999987788e-01,9.905427925749492601e-01,9.905583244208762128e-01,9.905588724152752933e-01,9.905589217363982568e-01,9.905589309657593100e-01,9.905589335523494743e-01,9.905589344690548526e-01,9.905589348125307669e-01,9.905589348788217396e-01,9.905589347223174856e-01,9.905589342442843170e-01,9.905589330618558286e-01,9.905589298319373848e-01,9.905589187170614762e-01,9.905588627038895977e-01,9.905582867601473440e-01,9.905396881824494182e-01,9.905396866882201223e-01,9.905577382526734587e-01,9.905427925749492601e-01,9.999999999999987788e-01,9.905428594510723439e-01,9.905583832586033477e-01,9.905589292478382824e-01,9.905589779045814725e-01,9.905589868633151163e-01,9.905589893131774293e-01,9.905589901387841234e-01,9.905589903909484129e-01,9.905589903208216196e-01,9.905589898933052639e-01,9.905589887521746295e-01,9.905589855727838788e-01,9.905589745443164063e-01,9.905589187171586207e-01,9.905583432567603985e-01,9.905397462482126159e-01,9.905397460624486561e-01,9.905582941305702827e-01,9.905583244208762128e-01,9.905428594510723439e-01,9.999999999999987788e-01,9.905428736199375361e-01,9.905583953799058650e-01,9.905589407037534988e-01,9.905589890898556238e-01,9.905589979118707422e-01,9.905590002706403663e-01,9.905590010049387661e-01,9.905590011206854006e-01,9.905590007795469498e-01,9.905589996889340165e-01,9.905589965508385664e-01,9.905589855728957893e-01,9.905589298321463287e-01,9.905583545579341731e-01,9.905397580418365822e-01,9.905397580008743486e-01,9.905583454559362400e-01,9.905588724152752933e-01,9.905583832586033477e-01,9.905428736199375361e-01,9.999999999999987788e-01,9.905428779567730935e-01,9.905583990375170789e-01,9.905589440903481702e-01,9.905589923397152274e-01,9.905590010706363246e-01,9.905590033380974324e-01,9.905590039359793986e-01,9.905590037807149306e-01,9.905590027764793470e-01,9.905589996889013760e-01,9.905589887522535664e-01,9.905589330620316879e-01,9.905583578743063500e-01,9.905397615479034634e-01,9.905397615352471430e-01,9.905583553503405358e-01,9.905589217363982568e-01,9.905589292478382824e-01,9.905583953799058650e-01,9.905428779567730935e-01,9.999999999999987788e-01,9.905428796232856881e-01,9.905584004275500565e-01,9.905589453434903158e-01,9.905589935017543590e-01,9.905590021413681612e-01,9.905590042724118360e-01,9.905590045992830328e-01,9.905590037809206549e-01,9.905590007797191454e-01,9.905589898935898141e-01,9.905589342446659007e-01,9.905583591075014516e-01,9.905397628691271494e-01,9.905397628640522090e-01,9.905583582078089089e-01,9.905589309657593100e-01,9.905589779045814725e-01,9.905589407037534988e-01,9.905583990375170789e-01,9.905428796232856881e-01,9.999999999999987788e-01,9.905428803521584280e-01,9.905584010171100129e-01,9.905589458418793125e-01,9.905589939088316198e-01,9.905590024120271009e-01,9.905590042720596733e-01,9.905590039358326271e-01,9.905590011205063217e-01,9.905589903207536739e-01,9.905589347223472396e-01,9.905583596264966317e-01,9.905397634393879880e-01,9.905397634373855897e-01,9.905583592613442789e-01,9.905589335523494743e-01,9.905589868633151163e-01,9.905589890898556238e-01,9.905589440903481702e-01,9.905584004275500565e-01,9.905428803521584280e-01,9.999999999999987788e-01,9.905428806723232116e-01,9.905584012450324716e-01,9.905589459784622797e-01,9.905589939089954887e-01,9.905590021411809776e-01,9.905590033381151960e-01,9.905590010049242222e-01,9.905589903910453353e-01,9.905589348790160287e-01,9.905583598336871187e-01,9.905397636881607681e-01,9.905397636870204581e-01,9.905583596959633974e-01,9.905589344690548526e-01,9.905589893131774293e-01,9.905589979118707422e-01,9.905589923397152274e-01,9.905589453434903158e-01,9.905584010171100129e-01,9.905428806723232116e-01,9.999999999999987788e-01,9.905428807638583244e-01,9.905584012449212272e-01,9.905589458419324922e-01,9.905589935014559311e-01,9.905590010705429549e-01,9.905590002705138009e-01,9.905589901387692464e-01,9.905589348126127014e-01,9.905583598536543688e-01,9.905397637586099702e-01,9.905397637586379478e-01,9.905583598535860901e-01,9.905589348125307669e-01,9.905589901387841234e-01,9.905590002706403663e-01,9.905590010706363246e-01,9.905589935017543590e-01,9.905589458418793125e-01,9.905584012450324716e-01,9.905428807638583244e-01,9.999999999999987788e-01,9.905428806723201030e-01,9.905584010172711062e-01,9.905589453432994684e-01,9.905589923397295493e-01,9.905589979118535338e-01,9.905589893132710211e-01,9.905589344692455889e-01,9.905583596961399229e-01,9.905397636871012823e-01,9.905397636880772794e-01,9.905583598335070405e-01,9.905589348788217396e-01,9.905589903909484129e-01,9.905590010049387661e-01,9.905590033380974324e-01,9.905590021413681612e-01,9.905589939088316198e-01,9.905589459784622797e-01,9.905584012449212272e-01,9.905428806723201030e-01,9.999999999999987788e-01,9.905428803522087211e-01,9.905584004272482979e-01,9.905589440902513587e-01,9.905589890897260608e-01,9.905589868632975747e-01,9.905589335524288552e-01,9.905583592614090049e-01,9.905397634373555027e-01,9.905397634394695894e-01,9.905583596264819768e-01,9.905589347223174856e-01,9.905589903208216196e-01,9.905590011206854006e-01,9.905590039359793986e-01,9.905590042724118360e-01,9.905590024120271009e-01,9.905589939089954887e-01,9.905589458419324922e-01,9.905584010172711062e-01,9.905428803522087211e-01,9.999999999999987788e-01,9.905428796231475763e-01,9.905583990375853576e-01,9.905589407037876937e-01,9.905589779047284660e-01,9.905589309660030040e-01,9.905583582080386140e-01,9.905397628641851027e-01,9.905397628688556999e-01,9.905583591071339677e-01,9.905589342442843170e-01,9.905589898933052639e-01,9.905590007795469498e-01,9.905590037807149306e-01,9.905590045992830328e-01,9.905590042720596733e-01,9.905590021411809776e-01,9.905589935014559311e-01,9.905589453432994684e-01,9.905584004272482979e-01,9.905428796231475763e-01,9.999999999999987788e-01,9.905428779564876551e-01,9.905583953795895624e-01,9.905589292476330021e-01,9.905589217362908983e-01,9.905583553502171901e-01,9.905397615350297613e-01,9.905397615478374052e-01,9.905583578741439243e-01,9.905589330618558286e-01,9.905589887521746295e-01,9.905589996889340165e-01,9.905590027764793470e-01,9.905590037809206549e-01,9.905590039358326271e-01,9.905590033381151960e-01,9.905590010705429549e-01,9.905589923397295493e-01,9.905589440902513587e-01,9.905583990375853576e-01,9.905428779564876551e-01,9.999999999999987788e-01,9.905428736198252926e-01,9.905583832586039028e-01,9.905588724153723268e-01,9.905583454560196177e-01,9.905397580008603597e-01,9.905397580417375503e-01,9.905583545577395510e-01,9.905589298319373848e-01,9.905589855727838788e-01,9.905589965508385664e-01,9.905589996889013760e-01,9.905590007797191454e-01,9.905590011205063217e-01,9.905590010049242222e-01,9.905590002705138009e-01,9.905589979118535338e-01,9.905589890897260608e-01,9.905589407037876937e-01,9.905583953795895624e-01,9.905428736198252926e-01,9.999999999999987788e-01,9.905428594510397033e-01,9.905583244209407168e-01,9.905582941306202427e-01,9.905397460624031369e-01,9.905397462482253834e-01,9.905583432566782420e-01,9.905589187170614762e-01,9.905589745443164063e-01,9.905589855728957893e-01,9.905589887522535664e-01,9.905589898935898141e-01,9.905589903207536739e-01,9.905589903910453353e-01,9.905589901387692464e-01,9.905589893132710211e-01,9.905589868632975747e-01,9.905589779047284660e-01,9.905589292476330021e-01,9.905583832586039028e-01,9.905428594510397033e-01,9.999999999999987788e-01,9.905427925751262297e-01,9.905577382528359953e-01,9.905396866882861806e-01,9.905396881825601074e-01,9.905582867601611108e-01,9.905588627038895977e-01,9.905589187171586207e-01,9.905589298321463287e-01,9.905589330620316879e-01,9.905589342446659007e-01,9.905589347223472396e-01,9.905589348790160287e-01,9.905589348126127014e-01,9.905589344692455889e-01,9.905589335524288552e-01,9.905589309660030040e-01,9.905589217362908983e-01,9.905588724153723268e-01,9.905583244209407168e-01,9.905427925751262297e-01,9.999999999999987788e-01,9.905421594289356424e-01,9.905390833940227457e-01,9.905391041258598817e-01,9.905577092746451484e-01,9.905582867601473440e-01,9.905583432567603985e-01,9.905583545579341731e-01,9.905583578743063500e-01,9.905583591075014516e-01,9.905583596264966317e-01,9.905583598336871187e-01,9.905583598536543688e-01,9.905583596961399229e-01,9.905583592614090049e-01,9.905583582080386140e-01,9.905583553502171901e-01,9.905583454560196177e-01,9.905582941306202427e-01,9.905577382528359953e-01,9.905421594289356424e-01,9.999999999999987788e-01,9.905229172065866949e-01,9.905204566935831290e-01,9.905391041257644025e-01,9.905396881824494182e-01,9.905397462482126159e-01,9.905397580418365822e-01,9.905397615479034634e-01,9.905397628691271494e-01,9.905397634393879880e-01,9.905397636881607681e-01,9.905397637586099702e-01,9.905397636871012823e-01,9.905397634373555027e-01,9.905397628641851027e-01,9.905397615350297613e-01,9.905397580008603597e-01,9.905397460624031369e-01,9.905396866882861806e-01,9.905390833940227457e-01,9.905229172065866949e-01,9.999999999999987788e-01
9.999999999999981126e-01,9.858816144413184990e-01,9.859174308454020652e-01,9.859187168042090610e-01,9.859188444818529629e-01,9.859188704079625554e-01,9.859188781166852156e-01,9.859188810206143128e-01,9.859188822751109305e-01,9.859188828212871458e-01,9.859188829783701591e-01,9.859188828247151815e-01,9.859188822819321407e-01,9.859188810361185773e-01,9.859188781574772520e-01,9.859188705398055363e-01,9.859188450749100108e-01,9.859187215642319924e-01,9.859175015269106002e-01,9.858762176726333371e-01,9.858816144413184990e-01,9.999999999999981126e-01,9.859242196611909259e-01,9.859587299043836017e-01,9.859599126515466994e-01,9.859600227546916340e-01,9.859600442034804901e-01,9.859600504260139786e-01,9.859600527253498115e-01,9.859600536745221078e-01,9.859600540192142715e-01,9.859600539759444393e-01,9.859600535244462671e-01,9.859600523915708070e-01,9.859600497070969416e-01,9.859600425076721075e-01,9.859600181271011010e-01,9.859598980642745314e-01,9.859586924246217521e-01,9.859175015262786612e-01,9.859174308454020652e-01,9.859242196611909259e-01,9.999999999999981126e-01,9.859255457491853392e-01,9.859599542891990254e-01,9.859611200082161186e-01,9.859612257642215161e-01,9.859612457656048434e-01,9.859612513979045811e-01,9.859612533980849358e-01,9.859612541486126869e-01,9.859612542941458280e-01,9.859612539531662501e-01,9.859612529107040224e-01,9.859612503368707648e-01,9.859612433266007336e-01,9.859612193528743962e-01,9.859611003448470745e-01,9.859598980641309796e-01,9.859187215634576118e-01,9.859187168042090610e-01,9.859587299043836017e-01,9.859255457491853392e-01,9.999999999999981126e-01,9.859256884265660270e-01,9.859600794296170534e-01,9.859612407984406079e-01,9.859613451090196712e-01,9.859613645209226451e-01,9.859613698543701066e-01,9.859613716560425845e-01,9.859613722074737074e-01,9.859613720553166427e-01,9.859613711233624622e-01,9.859613686398952526e-01,9.859613617401623564e-01,9.859613379553590073e-01,9.859612193536599900e-01,9.859600181277414777e-01,9.859188450749186705e-01,9.859188444818529629e-01,9.859599126515466994e-01,9.859599542891990254e-01,9.859256884265660270e-01,9.999999999999981126e-01,9.859257190798306203e-01,9.859601055944170467e-01,9.859612655147090843e-01,9.859613692357632742e-01,9.859613883488455022e-01,9.859613934838015181e-01,9.859613950863858056e-01,9.859613953401304975e-01,9.859613945969987192e-01,9.859613922240391126e-01,9.859613854146678236e-01,9.859613617403897301e-01,9.859612433276123689e-01,9.859600425085403019e-01,9.859188705400417918e-01,9.859188704079625554e-01,9.859600227546916340e-01,9.859611200082161186e-01,9.859600794296170534e-01,9.859257190798306203e-01,9.999999999999981126e-01,9.859257285159007678e-01,9.859601135368118996e-01,9.859612728664240988e-01,9.859613762886049182e-01,9.859613952031929252e-01,9.859614001390618609e-01,9.859614014439599394e-01,9.859614011067316941e-01,9.859613989225962660e-01,9.859613922237290273e-01,9.859613686398122079e-01,9.859612503375713155e-01,9.859600497076534964e-01,9.859188781574037552e-01,9.859188781166852156e-01,9.859600442034804901e-01,9.859612257642215161e-01,9.859612407984406079e-01,9.859601055944170467e-01,9.859257285159007678e-01,9.999999999999981126e-01,9.859257321520101813e-01,9.859601165643975262e-01,9.859612755946562945e-01,9.859613788183153593e-01,9.859613975338159531e-01,9.859614021720000121e-01,9.859614028859251533e-01,9.859614011076899276e-01,9.859613945976462013e-01,9.859613711242366518e-01,9.859612529123636948e-01,9.859600523930859284e-01,9.859188810370017597e-01,9.859188810206143128e-01,9.859600504260139786e-01,9.859612457656048434e-01,9.859613451090196712e-01,9.859612655147090843e-01,9.859601135368118996e-01,9.859257321520101813e-01,9.999999999999981126e-01,9.859257337445278546e-01,9.859601178496404383e-01,9.859612766811662876e-01,9.859613797057268370e-01,9.859613981235380020e-01,9.859614021707484577e-01,9.859614014436677287e-01,9.859613953395268693e-01,9.859613720549399440e-01,9.859612539535747011e-01,9.859600535247091679e-01,9.859188822815615483e-01,9.859188822751109305e-01,9.859600527253498115e-01,9.859612513979045811e-01,9.859613645209226451e-01,9.859613692357632742e-01,9.859612728664240988e-01,9.859601165643975262e-01,9.859257337445278546e-01,9.999999999999981126e-01,9.859257344442853288e-01,9.859601183471635721e-01,9.859612769795063070e-01,9.859613797063757623e-01,9.859613975332157665e-01,9.859614001394180205e-01,9.859613950864317689e-01,9.859613722077454900e-01,9.859612542952030934e-01,9.859600539768584859e-01,9.859188828249961789e-01,9.859188828212871458e-01,9.859600536745221078e-01,9.859612533980849358e-01,9.859613698543701066e-01,9.859613883488455022e-01,9.859613762886049182e-01,9.859612755946562945e-01,9.859601178496404383e-01,9.859257344442853288e-01,9.999999999999981126e-01,9.859257346440628567e-01,9.859601183467578966e-01,9.859612766814094265e-01,9.859613788173096083e-01,9.859613952031414108e-01,9.859613934834400295e-01,9.859613716559066932e-01,9.859612541492612792e-01,9.859600540197196450e-01,9.859188829782447039e-01,9.859188829783701591e-01,9.859600540192142715e-01,9.859612541486126869e-01,9.859613716560425845e-01,9.859613934838015181e-01,9.859613952031929252e-01,9.859613788183153593e-01,9.859612766811662876e-01,9.859601183471635721e-01,9.859257346440628567e-01,9.999999999999981126e-01,9.859257344440807147e-01,9.859601178500854157e-01,9.859612755938514939e-01,9.859613762887586841e-01,9.859613883486880725e-01,9.859613698544383853e-01,9.859612533989385863e-01,9.859600536752318733e-01,9.859188828213654165e-01,9.859188828247151815e-01,9.859600539759444393e-01,9.859612542941458280e-01,9.859613722074737074e-01,9.859613950863858056e-01,9.859614001390618609e-01,9.859613975338159531e-01,9.859613797057268370e-01,9.859612769795063070e-01,9.859601183467578966e-01,9.859257344440807147e-01,9.999999999999981126e-01,9.859257337445668234e-01,9.859601165631879383e-01,9.859612728661706349e-01,9.859613692351999470e-01,9.859613645205852483e-01,9.859612513983502247e-01,9.859600527256530134e-01,9.859188822747844139e-01,9.859188822819321407e-01,9.859600535244462671e-01,9.859612539531662501e-01,9.859613720553166427e-01,9.859613953401304975e-01,9.859614014439599394e-01,9.859614021720000121e-01,9.859613981235380020e-01,9.859613797063757623e-01,9.859612766814094265e-01,9.859601178500854157e-01,9.859257337445668234e-01,9.999999999999981126e-01,9.859257321514541816e-01,9.859601135372104697e-01,9.859612655147936833e-01,9.859613451093326431e-01,9.859612457667018548e-01,9.859600504269662169e-01,9.859188810209358333e-01,9.859188810361185773e-01,9.859600523915708070e-01,9.859612529107040224e-01,9.859613711233624622e-01,9.859613945969987192e-01,9.859614011067316941e-01,9.859614028859251533e-01,9.859614021707484577e-01,9.859613975332157665e-01,9.859613788173096083e-01,9.859612755938514939e-01,9.859601165631879383e-01,9.859257321514541816e-01,9.999999999999981126e-01,9.859257285150446748e-01,9.859601055932544211e-01,9.859612407975016923e-01,9.859612257640687494e-01,9.859600442031822842e-01,9.859188781157567361e-01,9.859188781574772520e-01,9.859600497070969416e-01,9.859612503368707648e-01,9.859613686398952526e-01,9.859613922240391126e-01,9.859613989225962660e-01,9.859614011076899276e-01,9.859614014436677287e-01,9.859614001394180205e-01,9.859613952031414108e-01,9.859613762887586841e-01,9.859612728661706349e-01,9.859601135372104697e-01,9.859257285150446748e-01,9.999999999999981126e-01,9.859257190796261172e-01,9.859600794296380366e-01,9.859611200090195871e-01,9.859600227553525498e-01,9.859188704079914212e-01,9.859188705398055363e-01,9.859600425076721075e-01,9.859612433266007336e-01,9.859613617401623564e-01,9.859613854146678236e-01,9.859613922237290273e-01,9.859613945976462013e-01,9.859613953395268693e-01,9.859613950864317689e-01,9.859613934834400295e-01,9.859613883486880725e-01,9.859613692351999470e-01,9.859612655147936833e-01,9.859601055932544211e-01,9.859257190796261172e-01,9.999999999999981126e-01,9.859256884262729281e-01,9.859599542896921864e-01,9.859599126518960865e-01,9.859188444815704111e-01,9.859188450749100108e-01,9.859600181271011010e-01,9.859612193528743962e-01,9.859613379553590073e-01,9.859613617403897301e-01,9.859613686398122079e-01,9.859613711242366518e-01,9.859613720549399440e-01,9.859613722077454900e-01,9.859613716559066932e-01,9.859613698544383853e-01,9.859613645205852483e-01,9.859613451093326431e-01,9.859612407975016923e-01,9.859600794296380366e-01,9.859256884262729281e-01,9.999999999999981126e-01,9.859255457499116471e-01,9.859587299049625830e-01,9.859187168041533278e-01,9.859187215642319924e-01,9.859598980642745314e-01,9.859611003448470745e-01,9.859612193536599900e-01,9.859612433276123689e-01,9.859612503375713155e-01,9.859612529123636948e-01,9.859612539535747011e-01,9.859612542952030934e-01,9.859612541492612792e-01,9.859612533989385863e-01,9.859612513983502247e-01,9.859612457667018548e-01,9.859612257640687494e-01,9.859611200090195871e-01,9.859599542896921864e-01,9.859255457499116471e-01,9.999999999999981126e-01,9.859242196625578325e-01,9.859174308461321479e-01,9.859175015269106002e-01,9.859586924246217521e-01,9.859598980641309796e-01,9.859600181277414777e-01,9.859600425085403019e-01,9.859600497076534964e-01,9.859600523930859284e-01,9.859600535247091679e-01,9.859600539768584859e-01,9.859600540197196450e-01,9.859600536752318733e-01,9.859600527256530134e-01,9.859600504269662169e-01,9.859600442031822842e-01,9.859600227553525498e-01,9.859599126518960865e-01,9.859587299049625830e-01,9.859242196625578325e-01,9.999999999999981126e-01,9.858816144419059180e-01,9.858762176726333371e-01,9.859175015262786612e-01,9.859187215634576118e-01,9.859188450749186705e-01,9.859188705400417918e-01,9.859188781574037552e-01,9.859188810370017597e-01,9.859188822815615483e-01,9.859188828249961789e-01,9.859188829782447039e-01,9.859188828213654165e-01,9.859188822747844139e-01,9.859188810209358333e-01,9.859188781157567361e-01,9.859188704079914212e-01,9.859188444815704111e-01,9.859187168041533278e-01,9.859174308461321479e-01,9.858816144419059180e-01,9.999999999999981126e-01
