9.999999999999867883e-01,9.999999999999867883e-01,9.999999999999867883e-01,9.999999999999867883e-01,9.999999999999867883e-01,9.999999999999867883e-01,9.999999999999867883e-01,9.999999999999867883e-01,9.999999999999867883e-01,9.999999999999867883e-01,9.999999999999867883e-01,9.999999999999867883e-01,9.999999999999867883e-01,9.999999999999867883e-01,9.999999999999867883e-01,9.999999999999867883e-01,9.999999999999867883e-01,9.999999999999867883e-01,9.999999999999867883e-01,9.999999999999867883e-01,9.999999999999867883e-01,9.999999999999867883e-01,9.999999999999867883e-01,9.999999999999867883e-01,9.999999999999867883e-01,9.999999999999867883e-01,9.999999999999867883e-01,9.999999999999867883e-01,9.999999999999867883e-01,9.999999999999867883e-01,9.999999999999867883e-01,9.999999999999867883e-01,9.999999999999867883e-01,9.999999999999867883e-01,9.999999999999867883e-01,9.999999999999867883e-01,9.999999999999867883e-01,9.999999999999867883e-01,9.999999999999867883e-01,9.999999999999867883e-01,9.999999999999867883e-01,9.999999999999867883e-01,9.999999999999867883e-01,9.999999999999867883e-01,9.999999999999867883e-01,9.999999999999867883e-01,9.999999999999867883e-01,9.999999999999867883e-01,9.999999999999867883e-01,9.999999999999867883e-01,9.999999999999867883e-01,9.999999999999867883e-01,9.999999999999867883e-01,9.999999999999867883e-01,9.999999999999867883e-01,9.999999999999867883e-01,9.999999999999867883e-01,9.999999999999867883e-01,9.999999999999867883e-01,9.999999999999867883e-01,9.999999999999867883e-01,9.999999999999867883e-01,9.999999999999867883e-01,9.999999999999867883e-01,9.999999999999867883e-01,9.999999999999867883e-01,9.999999999999867883e-01,9.999999999999867883e-01,9.999999999999867883e-01,9.999999999999867883e-01,9.999999999999867883e-01,9.999999999999867883e-01,9.999999999999867883e-01,9.999999999999867883e-01,9.999999999999867883e-01,9.999999999999867883e-01,9.999999999999867883e-01,9.999999999999867883e-01,9.999999999999867883e-01,9.999999999999867883e-01,9.999999999999867883e-01,9.999999999999867883e-01,9.999999999999867883e-01,9.999999999999867883e-01,9.999999999999867883e-01,9.999999999999867883e-01,9.999999999999867883e-01,9.999999999999867883e-01,9.999999999999867883e-01,9.999999999999867883e-01,9.999999999999867883e-01,9.999999999999867883e-01,9.999999999999867883e-01,9.999999999999867883e-01,9.999999999999867883e-01,9.999999999999867883e-01,9.999999999999867883e-01,9.999999999999867883e-01,9.999999999999867883e-01,9.999999999999867883e-01,9.999999999999867883e-01,9.999999999999867883e-01,9.999999999999867883e-01,9.999999999999867883e-01,9.999999999999867883e-01,9.999999999999867883e-01,9.999999999999867883e-01,9.999999999999867883e-01,9.999999999999867883e-01,9.999999999999867883e-01,9.999999999999867883e-01,9.999999999999867883e-01,9.999999999999867883e-01,9.999999999999867883e-01,9.999999999999867883e-01,9.999999999999867883e-01,9.999999999999867883e-01,9.999999999999867883e-01,9.999999999999867883e-01,9.999999999999867883e-01,9.999999999999867883e-01,9.999999999999867883e-01,9.999999999999867883e-01,9.999999999999867883e-01,9.999999999999867883e-01,9.999999999999867883e-01,9.999999999999867883e-01,9.999999999999867883e-01,9.999999999999867883e-01,9.999999999999867883e-01,9.999999999999867883e-01,9.999999999999867883e-01,9.999999999999867883e-01,9.999999999999867883e-01,9.999999999999867883e-01,9.999999999999867883e-01,9.999999999999867883e-01,9.999999999999867883e-01,9.999999999999867883e-01,9.999999999999867883e-01,9.999999999999867883e-01,9.999999999999867883e-01,9.999999999999867883e-01,9.999999999999867883e-01,9.999999999999867883e-01,9.999999999999867883e-01,9.999999999999867883e-01,9.999999999999867883e-01,9.999999999999867883e-01,9.999999999999867883e-01,9.999999999999867883e-01,9.999999999999867883e-01,9.999999999999867883e-01,9.999999999999867883e-01,9.999999999999867883e-01,9.999999999999867883e-01,9.999999999999867883e-01,9.999999999999867883e-01,9.999999999999867883e-01,9.999999999999867883e-01,9.999999999999867883e-01,9.999999999999867883e-01,9.999999999999867883e-01,9.999999999999867883e-01,9.999999999999867883e-01,9.999999999999867883e-01,9.999999999999867883e-01,9.999999999999867883e-01,9.999999999999867883e-01,9.999999999999867883e-01,9.999999999999867883e-01,9.999999999999867883e-01,9.999999999999867883e-01,9.999999999999867883e-01,9.999999999999867883e-01,9.999999999999867883e-01,9.999999999999867883e-01,9.999999999999867883e-01,9.999999999999867883e-01,9.999999999999867883e-01,9.999999999999867883e-01,9.999999999999867883e-01,9.999999999999867883e-01,9.999999999999867883e-01,9.999999999999867883e-01,9.999999999999867883e-01,9.999999999999867883e-01,9.999999999999867883e-01,9.999999999999867883e-01,9.999999999999867883e-01,9.999999999999867883e-01,9.999999999999867883e-01,9.999999999999867883e-01,9.999999999999867883e-01,9.999999999999867883e-01,9.999999999999867883e-01,9.999999999999867883e-01,9.999999999999867883e-01,9.999999999999867883e-01,9.999999999999867883e-01,9.999999999999867883e-01,9.999999999999867883e-01,9.999999999999867883e-01,9.999999999999867883e-01,9.999999999999867883e-01,9.999999999999867883e-01,9.999999999999867883e-01,9.999999999999867883e-01,9.999999999999867883e-01,9.999999999999867883e-01,9.999999999999867883e-01,9.999999999999867883e-01,9.999999999999867883e-01,9.999999999999867883e-01,9.999999999999867883e-01,9.999999999999867883e-01,9.999999999999867883e-01,9.999999999999867883e-01,9.999999999999867883e-01,9.999999999999867883e-01,9.999999999999867883e-01,9.999999999999867883e-01,9.999999999999867883e-01,9.999999999999867883e-01,9.999999999999867883e-01,9.999999999999867883e-01,9.999999999999867883e-01,9.999999999999867883e-01,9.999999999999867883e-01,9.999999999999867883e-01,9.999999999999867883e-01,9.999999999999867883e-01,9.999999999999867883e-01,9.999999999999867883e-01,9.999999999999867883e-01,9.999999999999867883e-01,9.999999999999867883e-01,9.999999999999867883e-01,9.999999999999867883e-01,9.999999999999867883e-01,9.999999999999867883e-01,9.999999999999867883e-01,9.999999999999867883e-01,9.999999999999867883e-01,9.999999999999867883e-01,9.999999999999867883e-01,9.999999999999867883e-01,9.999999999999867883e-01,9.999999999999867883e-01,9.999999999999867883e-01,9.999999999999867883e-01,9.999999999999867883e-01,9.999999999999867883e-01,9.999999999999867883e-01,9.999999999999867883e-01,9.999999999999867883e-01,9.999999999999867883e-01,9.999999999999867883e-01,9.999999999999867883e-01,9.999999999999867883e-01,9.999999999999867883e-01,9.999999999999867883e-01,9.999999999999867883e-01,9.999999999999867883e-01,9.999999999999867883e-01,9.999999999999867883e-01,9.999999999999867883e-01,9.999999999999867883e-01,9.999999999999867883e-01,9.999999999999867883e-01,9.999999999999867883e-01,9.999999999999867883e-01,9.999999999999867883e-01,9.999999999999867883e-01,9.999999999999867883e-01,9.999999999999867883e-01,9.999999999999867883e-01,9.999999999999867883e-01,9.999999999999867883e-01,9.999999999999867883e-01,9.999999999999867883e-01,9.999999999999867883e-01,9.999999999999867883e-01,9.999999999999867883e-01,9.999999999999867883e-01,9.999999999999867883e-01,9.999999999999867883e-01,9.999999999999867883e-01,9.999999999999867883e-01,9.999999999999867883e-01,9.999999999999867883e-01,9.999999999999867883e-01,9.999999999999867883e-01,9.999999999999867883e-01,9.999999999999867883e-01,9.999999999999867883e-01,9.999999999999867883e-01,9.999999999999867883e-01,9.999999999999867883e-01,9.999999999999867883e-01,9.999999999999867883e-01,9.999999999999867883e-01,9.999999999999867883e-01,9.999999999999867883e-01,9.999999999999867883e-01,9.999999999999867883e-01,9.999999999999867883e-01,9.999999999999867883e-01,9.999999999999867883e-01,9.999999999999867883e-01,9.999999999999867883e-01,9.999999999999867883e-01,9.999999999999867883e-01,9.999999999999867883e-01,9.999999999999867883e-01,9.999999999999867883e-01,9.999999999999867883e-01,9.999999999999867883e-01,9.999999999999867883e-01,9.999999999999867883e-01,9.999999999999867883e-01,9.999999999999867883e-01,9.999999999999867883e-01,9.999999999999867883e-01,9.999999999999867883e-01,9.999999999999867883e-01,9.999999999999867883e-01,9.999999999999867883e-01,9.999999999999867883e-01,9.999999999999867883e-01,9.999999999999867883e-01,9.999999999999867883e-01,9.999999999999867883e-01,9.999999999999867883e-01,9.999999999999867883e-01,9.999999999999867883e-01,9.999999999999867883e-01,9.999999999999867883e-01,9.999999999999867883e-01,9.999999999999867883e-01,9.999999999999867883e-01,9.999999999999867883e-01,9.999999999999867883e-01,9.999999999999867883e-01,9.999999999999867883e-01,9.999999999999867883e-01,9.999999999999867883e-01,9.999999999999867883e-01,9.999999999999867883e-01,9.999999999999867883e-01,9.999999999999867883e-01,9.999999999999867883e-01,9.999999999999867883e-01,9.999999999999867883e-01,9.999999999999867883e-01,9.999999999999867883e-01,9.999999999999867883e-01,9.999999999999867883e-01,9.999999999999867883e-01,9.999999999999867883e-01,9.999999999999867883e-01,9.999999999999867883e-01,9.999999999999867883e-01,9.999999999999867883e-01,9.999999999999867883e-01,9.999999999999867883e-01,9.999999999999867883e-01,9.999999999999867883e-01,9.999999999999867883e-01,9.999999999999867883e-01,9.999999999999867883e-01,9.999999999999867883e-01,9.999999999999867883e-01,9.999999999999867883e-01,9.999999999999867883e-01,9.999999999999867883e-01,9.999999999999867883e-01,9.999999999999867883e-01,9.999999999999867883e-01,9.999999999999867883e-01,9.999999999999867883e-01,9.999999999999867883e-01,9.999999999999867883e-01,9.999999999999867883e-01,9.999999999999867883e-01,9.999999999999867883e-01,9.999999999999867883e-01,9.999999999999867883e-01,9.999999999999867883e-01,9.999999999999867883e-01,9.999999999999867883e-01,9.999999999999867883e-01,9.999999999999867883e-01,9.999999999999867883e-01,9.999999999999867883e-01,9.999999999999867883e-01,9.999999999999867883e-01,9.999999999999867883e-01,9.999999999999867883e-01,9.999999999999867883e-01
9.999999999999793499e-01,9.952286890505297468e-01,9.952327809805274761e-01,9.952329377006490230e-01,9.952329524220899781e-01,9.952329546972086272e-01,9.952329532708865667e-01,9.952329410917701846e-01,9.952327993718260712e-01,9.952282242014822700e-01,9.952282242252797895e-01,9.952327994306346959e-01,9.952329412211505799e-01,9.952329535728978716e-01,9.952329555219074919e-01,9.952329553077046143e-01,9.952329526555818706e-01,9.952329379728369618e-01,9.952327833013534519e-01,9.952280583737219688e-01,9.952286890505297468e-01,9.999999999999793499e-01,9.952334148785839663e-01,9.952373689938914803e-01,9.952375150119232572e-01,9.952375276632926537e-01,9.952375278945545523e-01,9.952375161117251734e-01,9.952373745153576534e-01,9.952327993716612031e-01,9.952327994307008652e-01,9.952373746677904975e-01,9.952375164720583811e-01,9.952375288462866898e-01,9.952375308436716139e-01,9.952375307551771799e-01,9.952375285041781261e-01,9.952375155011811136e-01,9.952373714151314665e-01,9.952327833014102954e-01,9.952327809805274761e-01,9.952334148785839663e-01,9.999999999999793499e-01,9.952335693709158937e-01,9.952375128536352644e-01,9.952376568227117026e-01,9.952376674352639840e-01,9.952376573115164771e-01,9.952375161120169400e-01,9.952329410918797636e-01,9.952329412212360671e-01,9.952375164720563827e-01,9.952376582869609800e-01,9.952376706741956625e-01,9.952376726938305662e-01,9.952376726532622397e-01,9.952376705268499713e-01,9.952376579213997321e-01,9.952375155012010977e-01,9.952329379728951375e-01,9.952329377006490230e-01,9.952373689938914803e-01,9.952335693709158937e-01,9.999999999999793499e-01,9.952335838285384373e-01,9.952375252470953004e-01,9.952376671773629502e-01,9.952376674350050800e-01,9.952375278945815307e-01,9.952329532707612225e-01,9.952329535728657861e-01,9.952375288461934311e-01,9.952376706741066226e-01,9.952376830719570355e-01,9.952376851045886541e-01,9.952376850862680868e-01,9.952376830077469538e-01,9.952376705268179968e-01,9.952375285041614728e-01,9.952329526556339401e-01,9.952329524220899781e-01,9.952375150119232572e-01,9.952375128536352644e-01,9.952335838285384373e-01,9.999999999999793499e-01,9.952335858703557081e-01,9.952375252472255296e-01,9.952376568225884679e-01,9.952375276634596313e-01,9.952329546971923069e-01,9.952329555219597834e-01,9.952375308436477441e-01,9.952376726938043650e-01,9.952376851046639272e-01,9.952376871479144960e-01,9.952376871425688831e-01,9.952376850863090540e-01,9.952376726532748963e-01,9.952375307551996064e-01,9.952329553077892133e-01,9.952329546972086272e-01,9.952375276632926537e-01,9.952376568227117026e-01,9.952375252470953004e-01,9.952335858703557081e-01,9.999999999999793499e-01,9.952335838286081593e-01,9.952375128534505233e-01,9.952375150120199576e-01,9.952329524220305812e-01,9.952329553077388091e-01,9.952375307551388772e-01,9.952376726532374818e-01,9.952376850863193791e-01,9.952376871425607785e-01,9.952376871478615383e-01,9.952376851045696693e-01,9.952376726937889329e-01,9.952375308436500756e-01,9.952329555219291413e-01,9.952329532708865667e-01,9.952375278945545523e-01,9.952376674352639840e-01,9.952376671773629502e-01,9.952375252472255296e-01,9.952335838286081593e-01,9.999999999999793499e-01,9.952335693708697084e-01,9.952373689941195201e-01,9.952329377007121947e-01,9.952329526557176509e-01,9.952375285042327491e-01,9.952376705268938251e-01,9.952376830078971670e-01,9.952376850863827729e-01,9.952376851046645934e-01,9.952376830720068845e-01,9.952376706742116497e-01,9.952375288463153336e-01,9.952329535729887988e-01,9.952329410917701846e-01,9.952375161117251734e-01,9.952376573115164771e-01,9.952376674350050800e-01,9.952376568225884679e-01,9.952375128534505233e-01,9.952335693708697084e-01,9.999999999999793499e-01,9.952334148785290102e-01,9.952327809803358516e-01,9.952329379727268277e-01,9.952375155010070307e-01,9.952376579212343088e-01,9.952376705267361734e-01,9.952376726531281248e-01,9.952376726936519313e-01,9.952376706739890500e-01,9.952376582868166510e-01,9.952375164719303724e-01,9.952329412210858539e-01,9.952327993718260712e-01,9.952373745153576534e-01,9.952375161120169400e-01,9.952375278945815307e-01,9.952375276634596313e-01,9.952375150120199576e-01,9.952373689941195201e-01,9.952334148785290102e-01,9.999999999999793499e-01,9.952286890506035766e-01,9.952327833015286451e-01,9.952373714152299433e-01,9.952375155012980201e-01,9.952375285043580933e-01,9.952375307553251726e-01,9.952375308437805268e-01,9.952375288463717329e-01,9.952375164721989353e-01,9.952373746679484823e-01,9.952327994308529657e-01,9.952282242014822700e-01,9.952327993716612031e-01,9.952329410918797636e-01,9.952329532707612225e-01,9.952329546971923069e-01,9.952329524220305812e-01,9.952329377007121947e-01,9.952327809803358516e-01,9.952286890506035766e-01,9.999999999999793499e-01,9.952280583736720088e-01,9.952327833012871716e-01,9.952329379727774539e-01,9.952329526555915296e-01,9.952329553076986191e-01,9.952329555218427659e-01,9.952329535728038357e-01,9.952329412211452508e-01,9.952327994306225944e-01,9.952282242252524780e-01,9.952282242252797895e-01,9.952327994307008652e-01,9.952329412212360671e-01,9.952329535728657861e-01,9.952329555219597834e-01,9.952329553077388091e-01,9.952329526557176509e-01,9.952329379727268277e-01,9.952327833015286451e-01,9.952280583736720088e-01,9.999999999999793499e-01,9.952286890504827843e-01,9.952327809805012748e-01,9.952329377007130828e-01,9.952329524220839829e-01,9.952329546972060736e-01,9.952329532708086290e-01,9.952329410918989705e-01,9.952327993716965082e-01,9.952282242015791924e-01,9.952327994306346959e-01,9.952373746677904975e-01,9.952375164720563827e-01,9.952375288461934311e-01,9.952375308436477441e-01,9.952375307551388772e-01,9.952375285042327491e-01,9.952375155010070307e-01,9.952373714152299433e-01,9.952327833012871716e-01,9.952286890504827843e-01,9.999999999999793499e-01,9.952334148784546253e-01,9.952373689938743828e-01,9.952375150118438762e-01,9.952375276632213774e-01,9.952375278943935699e-01,9.952375161118048874e-01,9.952373745151470441e-01,9.952327993716734156e-01,9.952329412211505799e-01,9.952375164720583811e-01,9.952376582869609800e-01,9.952376706741066226e-01,9.952376726938043650e-01,9.952376726532374818e-01,9.952376705268938251e-01,9.952376579212343088e-01,9.952375155012980201e-01,9.952329379727774539e-01,9.952327809805012748e-01,9.952334148784546253e-01,9.999999999999793499e-01,9.952335693708838082e-01,9.952375128535569937e-01,9.952376568226376508e-01,9.952376674351014474e-01,9.952376573115793157e-01,9.952375161118227620e-01,9.952329410918999697e-01,9.952329535728978716e-01,9.952375288462866898e-01,9.952376706741956625e-01,9.952376830719570355e-01,9.952376851046639272e-01,9.952376850863193791e-01,9.952376830078971670e-01,9.952376705267361734e-01,9.952375285043580933e-01,9.952329526555915296e-01,9.952329377007130828e-01,9.952373689938743828e-01,9.952335693708838082e-01,9.999999999999793499e-01,9.952335838285486513e-01,9.952375252471128420e-01,9.952376671772981132e-01,9.952376674351723906e-01,9.952375278944654013e-01,9.952329532708751314e-01,9.952329555219074919e-01,9.952375308436716139e-01,9.952376726938305662e-01,9.952376851045886541e-01,9.952376871479144960e-01,9.952376871425607785e-01,9.952376850863827729e-01,9.952376726531281248e-01,9.952375307553251726e-01,9.952329553076986191e-01,9.952329524220839829e-01,9.952375150118438762e-01,9.952375128535569937e-01,9.952335838285486513e-01,9.999999999999793499e-01,9.952335858702876514e-01,9.952375252470878619e-01,9.952376568226776188e-01,9.952375276632785539e-01,9.952329546972351615e-01,9.952329553077046143e-01,9.952375307551771799e-01,9.952376726532622397e-01,9.952376850862680868e-01,9.952376871425688831e-01,9.952376871478615383e-01,9.952376851046645934e-01,9.952376726936519313e-01,9.952375308437805268e-01,9.952329555218427659e-01,9.952329546972060736e-01,9.952375276632213774e-01,9.952376568226376508e-01,9.952375252471128420e-01,9.952335858702876514e-01,9.999999999999793499e-01,9.952335838284706027e-01,9.952375128535491111e-01,9.952375150118497604e-01,9.952329524220810963e-01,9.952329526555818706e-01,9.952375285041781261e-01,9.952376705268499713e-01,9.952376830077469538e-01,9.952376850863090540e-01,9.952376851045696693e-01,9.952376830720068845e-01,9.952376706739890500e-01,9.952375288463717329e-01,9.952329535728038357e-01,9.952329532708086290e-01,9.952375278943935699e-01,9.952376674351014474e-01,9.952376671772981132e-01,9.952375252470878619e-01,9.952335838284706027e-01,9.999999999999793499e-01,9.952335693708521669e-01,9.952373689938557311e-01,9.952329377006718936e-01,9.952329379728369618e-01,9.952375155011811136e-01,9.952376579213997321e-01,9.952376705268179968e-01,9.952376726532748963e-01,9.952376726937889329e-01,9.952376706742116497e-01,9.952376582868166510e-01,9.952375164721989353e-01,9.952329412211452508e-01,9.952329410918989705e-01,9.952375161118048874e-01,9.952376573115793157e-01,9.952376674351723906e-01,9.952376568226776188e-01,9.952375128535491111e-01,9.952335693708521669e-01,9.999999999999793499e-01,9.952334148785237922e-01,9.952327809805233683e-01,9.952327833013534519e-01,9.952373714151314665e-01,9.952375155012010977e-01,9.952375285041614728e-01,9.952375307551996064e-01,9.952375308436500756e-01,9.952375288463153336e-01,9.952375164719303724e-01,9.952373746679484823e-01,9.952327994306225944e-01,9.952327993716965082e-01,9.952373745151470441e-01,9.952375161118227620e-01,9.952375278944654013e-01,9.952375276632785539e-01,9.952375150118497604e-01,9.952373689938557311e-01,9.952334148785237922e-01,9.999999999999793499e-01,9.952286890505512851e-01,9.952280583737219688e-01,9.952327833014102954e-01,9.952329379728951375e-01,9.952329526556339401e-01,9.952329553077892133e-01,9.952329555219291413e-01,9.952329535729887988e-01,9.952329412210858539e-01,9.952327994308529657e-01,9.952282242252524780e-01,9.952282242015791924e-01,9.952327993716734156e-01,9.952329410918999697e-01,9.952329532708751314e-01,9.952329546972351615e-01,9.952329524220810963e-01,9.952329377006718936e-01,9.952327809805233683e-01,9.952286890505512851e-01,9.999999999999793499e-01
9.999999999999938938e-01,9.905236344637596835e-01,9.905397487767463316e-01,9.905403428291136292e-01,9.905403990054857388e-01,9.905404077834520926e-01,9.905404023880898245e-01,9.905403566947035277e-01,9.905398312456319410e-01,9.905218268230671086e-01,9.905218269160906974e-01,9.905398314751515665e-01,9.905403571984192634e-01,9.905404035622912273e-01,9.905404109829172299e-01,9.905404101476297241e-01,9.905403999880357802e-01,9.905403445726800316e-01,9.905397690307872205e-01,9.905211747338663608e-01,9.905236344637596835e-01,9.999999999999938938e-01,9.905422337331949434e-01,9.905578031449228105e-01,9.905583558241773945e-01,9.905584039897767923e-01,9.905584049546291014e-01,9.905583607890801057e-01,9.905578358107349768e-01,9.905398312450739429e-01,9.905398314751463484e-01,9.905578364033531535e-01,9.905583621874647360e-01,9.905584086400582855e-01,9.905584162503021650e-01,9.905584159067579719e-01,9.905584073123230304e-01,9.905583584250734486e-01,9.905578238356387288e-01,9.905397690306672054e-01,9.905397487767463316e-01,9.905422337331949434e-01,9.999999999999938938e-01,9.905428082036816795e-01,9.905583368040593584e-01,9.905588816377134398e-01,9.905589220292684294e-01,9.905588842356298773e-01,9.905583607899028920e-01,9.905403566948842720e-01,9.905403571985731404e-01,9.905583621875027056e-01,9.905588880132039087e-01,9.905589345164168558e-01,9.905589422131452215e-01,9.905589420556593083e-01,9.905589339442476549e-01,9.905588865945169630e-01,9.905583584250150508e-01,9.905403445724061395e-01,9.905403428291136292e-01,9.905578031449228105e-01,9.905428082036816795e-01,9.999999999999938938e-01,9.905428626985715024e-01,9.905583833350569689e-01,9.905589203946897348e-01,9.905589220284367613e-01,9.905584049545946845e-01,9.905404023875362673e-01,9.905404035622893399e-01,9.905584086400907040e-01,9.905589345163903214e-01,9.905589810608671497e-01,9.905589888081165473e-01,9.905589887370834790e-01,9.905589808115179418e-01,9.905589339443550134e-01,9.905584073123511191e-01,9.905403999879801580e-01,9.905403990054857388e-01,9.905583558241773945e-01,9.905583368040593584e-01,9.905428626985715024e-01,9.999999999999938938e-01,9.905428704954502006e-01,9.905583833357010093e-01,9.905588816375608952e-01,9.905584039904443694e-01,9.905404077834818466e-01,9.905404109831901227e-01,9.905584162505275403e-01,9.905589422132792254e-01,9.905589888083407013e-01,9.905589965968891741e-01,9.905589965762822136e-01,9.905589887372198143e-01,9.905589420559287595e-01,9.905584159069246164e-01,9.905404101476922296e-01,9.905404077834520926e-01,9.905584039897767923e-01,9.905588816377134398e-01,9.905583833350569689e-01,9.905428704954502006e-01,9.999999999999938938e-01,9.905428626987317076e-01,9.905583368034072134e-01,9.905583558242959663e-01,9.905403990050805074e-01,9.905404101474879486e-01,9.905584159065781158e-01,9.905589420554781199e-01,9.905589887368857482e-01,9.905589965759314941e-01,9.905589965967237509e-01,9.905589888080641447e-01,9.905589422132341504e-01,9.905584162503543455e-01,9.905404109827750103e-01,9.905404023880898245e-01,9.905584049546291014e-01,9.905589220292684294e-01,9.905589203946897348e-01,9.905583833357010093e-01,9.905428626987317076e-01,9.999999999999938938e-01,9.905428082037213144e-01,9.905578031456936383e-01,9.905403428293262369e-01,9.905403999884604405e-01,9.905584073126791900e-01,9.905589339445032282e-01,9.905589808118968609e-01,9.905589887373558167e-01,9.905589888085982730e-01,9.905589810613134594e-01,9.905589345169618642e-01,9.905584086405271327e-01,9.905404035626447223e-01,9.905403566947035277e-01,9.905583607890801057e-01,9.905588842356298773e-01,9.905589220284367613e-01,9.905588816375608952e-01,9.905583368034072134e-01,9.905428082037213144e-01,9.999999999999938938e-01,9.905422337330527238e-01,9.905397487761552489e-01,9.905403445720805111e-01,9.905583584244792572e-01,9.905588865938894649e-01,9.905589339437363972e-01,9.905589420551279556e-01,9.905589422128145971e-01,9.905589345160252801e-01,9.905588880129908569e-01,9.905583621871663080e-01,9.905403571980105903e-01,9.905398312456319410e-01,9.905578358107349768e-01,9.905583607899028920e-01,9.905584049545946845e-01,9.905584039904443694e-01,9.905583558242959663e-01,9.905578031456936383e-01,9.905422337330527238e-01,9.999999999999938938e-01,9.905236344638788104e-01,9.905397690311542602e-01,9.905578238359450394e-01,9.905583584252394269e-01,9.905584073126615374e-01,9.905584159070208727e-01,9.905584162508165313e-01,9.905584086405354594e-01,9.905583621880571510e-01,9.905578364038156725e-01,9.905398314754906286e-01,9.905218268230671086e-01,9.905398312450739429e-01,9.905403566948842720e-01,9.905404023875362673e-01,9.905404077834818466e-01,9.905403990050805074e-01,9.905403428293262369e-01,9.905397487761552489e-01,9.905236344638788104e-01,9.999999999999938938e-01,9.905211747337687722e-01,9.905397690305346448e-01,9.905403445722528177e-01,9.905403999877834265e-01,9.905404101473845868e-01,9.905404109828254144e-01,9.905404035621281356e-01,9.905403571985241795e-01,9.905398314750192279e-01,9.905218269158011513e-01,9.905218269160906974e-01,9.905398314751463484e-01,9.905403571985731404e-01,9.905404035622893399e-01,9.905404109831901227e-01,9.905404101474879486e-01,9.905403999884604405e-01,9.905403445720805111e-01,9.905397690311542602e-01,9.905211747337687722e-01,9.999999999999938938e-01,9.905236344638623791e-01,9.905397487769093123e-01,9.905403428292913759e-01,9.905403990054604257e-01,9.905404077837737242e-01,9.905404023879449404e-01,9.905403566954131822e-01,9.905398312455219179e-01,9.905218268234005086e-01,9.905398314751515665e-01,9.905578364033531535e-01,9.905583621875027056e-01,9.905584086400907040e-01,9.905584162505275403e-01,9.905584159065781158e-01,9.905584073126791900e-01,9.905583584244792572e-01,9.905578238359450394e-01,9.905397690305346448e-01,9.905236344638623791e-01,9.999999999999938938e-01,9.905422337331961646e-01,9.905578031450082976e-01,9.905583558241142228e-01,9.905584039900606763e-01,9.905584049544082781e-01,9.905583607898603704e-01,9.905578358105512349e-01,9.905398312453289611e-01,9.905403571984192634e-01,9.905583621874647360e-01,9.905588880132039087e-01,9.905589345163903214e-01,9.905589422132792254e-01,9.905589420554781199e-01,9.905589339445032282e-01,9.905588865938894649e-01,9.905583584252394269e-01,9.905403445722528177e-01,9.905397487769093123e-01,9.905422337331961646e-01,9.999999999999938938e-01,9.905428082036794590e-01,9.905583368039522218e-01,9.905588816379438111e-01,9.905589220289837682e-01,9.905588842362879065e-01,9.905583607897242571e-01,9.905403566951211936e-01,9.905404035622912273e-01,9.905584086400582855e-01,9.905589345164168558e-01,9.905589810608671497e-01,9.905589888083407013e-01,9.905589887368857482e-01,9.905589808118968609e-01,9.905589339437363972e-01,9.905584073126615374e-01,9.905403999877834265e-01,9.905403428292913759e-01,9.905578031450082976e-01,9.905428082036794590e-01,9.999999999999938938e-01,9.905428626984792428e-01,9.905583833352898937e-01,9.905589203944676902e-01,9.905589220291801666e-01,9.905584049544043923e-01,9.905404023878202624e-01,9.905404109829172299e-01,9.905584162503021650e-01,9.905589422131452215e-01,9.905589888081165473e-01,9.905589965968891741e-01,9.905589965759314941e-01,9.905589887373558167e-01,9.905589420551279556e-01,9.905584159070208727e-01,9.905404101473845868e-01,9.905403990054604257e-01,9.905583558241142228e-01,9.905583368039522218e-01,9.905428626984792428e-01,9.999999999999938938e-01,9.905428704954555297e-01,9.905583833352662460e-01,9.905588816380702655e-01,9.905584039900736659e-01,9.905404077835383569e-01,9.905404101476297241e-01,9.905584159067579719e-01,9.905589420556593083e-01,9.905589887370834790e-01,9.905589965762822136e-01,9.905589965967237509e-01,9.905589888085982730e-01,9.905589422128145971e-01,9.905584162508165313e-01,9.905404109828254144e-01,9.905404077837737242e-01,9.905584039900606763e-01,9.905588816379438111e-01,9.905583833352898937e-01,9.905428704954555297e-01,9.999999999999938938e-01,9.905428626986253482e-01,9.905583368042683023e-01,9.905583558242735398e-01,9.905403990054940655e-01,9.905403999880357802e-01,9.905584073123230304e-01,9.905589339442476549e-01,9.905589808115179418e-01,9.905589887372198143e-01,9.905589888080641447e-01,9.905589810613134594e-01,9.905589345160252801e-01,9.905584086405354594e-01,9.905404035621281356e-01,9.905404023879449404e-01,9.905584049544082781e-01,9.905589220289837682e-01,9.905589203944676902e-01,9.905583833352662460e-01,9.905428626986253482e-01,9.999999999999938938e-01,9.905428082039677840e-01,9.905578031451345300e-01,9.905403428292245405e-01,9.905403445726800316e-01,9.905583584250734486e-01,9.905588865945169630e-01,9.905589339443550134e-01,9.905589420559287595e-01,9.905589422132341504e-01,9.905589345169618642e-01,9.905588880129908569e-01,9.905583621880571510e-01,9.905403571985241795e-01,9.905403566954131822e-01,9.905583607898603704e-01,9.905588842362879065e-01,9.905589220291801666e-01,9.905588816380702655e-01,9.905583368042683023e-01,9.905428082039677840e-01,9.999999999999938938e-01,9.905422337335914040e-01,9.905397487770026821e-01,9.905397690307872205e-01,9.905578238356387288e-01,9.905583584250150508e-01,9.905584073123511191e-01,9.905584159069246164e-01,9.905584162503543455e-01,9.905584086405271327e-01,9.905583621871663080e-01,9.905578364038156725e-01,9.905398314750192279e-01,9.905398312455219179e-01,9.905578358105512349e-01,9.905583607897242571e-01,9.905584049544043923e-01,9.905584039900736659e-01,9.905583558242735398e-01,9.905578031451345300e-01,9.905422337335914040e-01,9.999999999999938938e-01,9.905236344639564150e-01,9.905211747338663608e-01,9.905397690306672054e-01,9.905403445724061395e-01,9.905403999879801580e-01,9.905404101476922296e-01,9.905404109827750103e-01,9.905404035626447223e-01,9.905403571980105903e-01,9.905398314754906286e-01,9.905218269158011513e-01,9.905218268234005086e-01,9.905398312453289611e-01,9.905403566951211936e-01,9.905404023878202624e-01,9.905404077835383569e-01,9.905403990054940655e-01,9.905403428292245405e-01,9.905397487770026821e-01,9.905236344639564150e-01,9.999999999999938938e-01
9.999999999999765743e-01,9.858831993801469018e-01,9.859189007403852401e-01,9.859201665066004150e-01,9.859202872044577903e-01,9.859203062703905118e-01,9.859202947747808254e-01,9.859201982249397034e-01,9.859191051640093795e-01,9.858792450890203618e-01,9.858792452936484541e-01,9.859191056670835174e-01,9.859201993290234167e-01,9.859202973435622352e-01,9.859203132565453886e-01,9.859203114234599274e-01,9.859202895061547345e-01,9.859201717121388597e-01,9.859189696584136353e-01,9.858778024861828415e-01,9.858831993801469018e-01,9.999999999999765743e-01,9.859243809954606474e-01,9.859588704878234910e-01,9.859600462534590104e-01,9.859601494987663139e-01,9.859601517434610773e-01,9.859600585084917768e-01,9.859589664482660831e-01,9.859191051620034285e-01,9.859191056666481989e-01,9.859589677438093114e-01,9.859600615628708598e-01,9.859601597752414293e-01,9.859601761065431846e-01,9.859601753557388770e-01,9.859601568749548628e-01,9.859600533582166815e-01,9.859589404187150130e-01,9.859189696571188932e-01,9.859189007403852401e-01,9.859243809954606474e-01,9.999999999999765743e-01,9.859255798812496252e-01,9.859599812856215673e-01,9.859611401436970679e-01,9.859612266955652959e-01,9.859611472393803311e-01,9.859600585105752213e-01,9.859201982249248264e-01,9.859201993285363619e-01,9.859600615626653575e-01,9.859611554733953565e-01,9.859612537965645185e-01,9.859612703169967629e-01,9.859612699727463569e-01,9.859612525456988852e-01,9.859611523753024631e-01,9.859600533577458359e-01,9.859201717102719087e-01,9.859201665066004150e-01,9.859588704878234910e-01,9.859255798812496252e-01,9.999999999999765743e-01,9.859256955673992850e-01,9.859600796756178287e-01,9.859612218402318273e-01,9.859612266932545888e-01,9.859601517431884066e-01,9.859202947725457244e-01,9.859202973433456307e-01,9.859601597755051072e-01,9.859612537969688617e-01,9.859613522104689887e-01,9.859613688414188282e-01,9.859613686861284920e-01,9.859613516650742593e-01,9.859612525470445865e-01,9.859601568757996315e-01,9.859202895057396221e-01,9.859202872044577903e-01,9.859600462534590104e-01,9.859599812856215673e-01,9.859256955673992850e-01,9.999999999999765743e-01,9.859257123357070274e-01,9.859600796781101684e-01,9.859611401439112299e-01,9.859601495010652528e-01,9.859203062706032306e-01,9.859203132568797878e-01,9.859601761072441795e-01,9.859612703178082249e-01,9.859613688418936706e-01,9.859613855632227697e-01,9.859613855183463338e-01,9.859613686862863657e-01,9.859612699742795749e-01,9.859601753567567295e-01,9.859203114232031329e-01,9.859203062703905118e-01,9.859601494987663139e-01,9.859611401436970679e-01,9.859600796756178287e-01,9.859257123357070274e-01,9.999999999999765743e-01,9.859256955676860557e-01,9.859599812835944110e-01,9.859600462534644505e-01,9.859202872024942499e-01,9.859203114222155895e-01,9.859601753548720149e-01,9.859612699721101992e-01,9.859613686850446923e-01,9.859613855168589680e-01,9.859613855624430601e-01,9.859613688407723453e-01,9.859612703177272897e-01,9.859601761068433889e-01,9.859203132554701376e-01,9.859202947747808254e-01,9.859601517434610773e-01,9.859612266955652959e-01,9.859612218402318273e-01,9.859600796781101684e-01,9.859256955676860557e-01,9.999999999999765743e-01,9.859255798817884164e-01,9.859588704903217149e-01,9.859201665071208875e-01,9.859202895073159167e-01,9.859601568764603252e-01,9.859612525473419042e-01,9.859613516664337274e-01,9.859613686871255833e-01,9.859613688431339007e-01,9.859613522119359263e-01,9.859612537993736048e-01,9.859601597775692339e-01,9.859202973445879703e-01,9.859201982249397034e-01,9.859600585084917768e-01,9.859611472393803311e-01,9.859612266932545888e-01,9.859611401439112299e-01,9.859599812835944110e-01,9.859255798817884164e-01,9.999999999999765743e-01,9.859243809955692273e-01,9.859189007386064407e-01,9.859201717095471551e-01,9.859600533560490820e-01,9.859611523733156080e-01,9.859612525446366238e-01,9.859612699714394024e-01,9.859612703164174485e-01,9.859612537956872202e-01,9.859611554735229211e-01,9.859600615624836140e-01,9.859201993273312148e-01,9.859191051640093795e-01,9.859589664482660831e-01,9.859600585105752213e-01,9.859601517431884066e-01,9.859601495010652528e-01,9.859600462534644505e-01,9.859588704903217149e-01,9.859243809955692273e-01,9.999999999999765743e-01,9.858831993803258698e-01,9.859189696584783613e-01,9.859589404191392292e-01,9.859600533582891790e-01,9.859601568760203438e-01,9.859601753564894988e-01,9.859601761081097093e-01,9.859601597765412784e-01,9.859600615650633282e-01,9.859589677456979118e-01,9.859191056676553933e-01,9.858792450890203618e-01,9.859191051620034285e-01,9.859201982249248264e-01,9.859202947725457244e-01,9.859203062706032306e-01,9.859202872024942499e-01,9.859201665071208875e-01,9.859189007386064407e-01,9.858831993803258698e-01,9.999999999999765743e-01,9.858778024854980560e-01,9.859189696568259054e-01,9.859201717101954143e-01,9.859202895051736304e-01,9.859203114222634401e-01,9.859203132560482308e-01,9.859202973427462213e-01,9.859201993292739941e-01,9.859191056669122100e-01,9.858792452925598804e-01,9.858792452936484541e-01,9.859191056666481989e-01,9.859201993285363619e-01,9.859202973433456307e-01,9.859203132568797878e-01,9.859203114222155895e-01,9.859202895073159167e-01,9.859201717095471551e-01,9.859189696584783613e-01,9.858778024854980560e-01,9.999999999999765743e-01,9.858831993804363369e-01,9.859189007410014138e-01,9.859201665067836018e-01,9.859202872041774590e-01,9.859203062716078714e-01,9.859202947736894762e-01,9.859201982274241605e-01,9.859191051640047165e-01,9.858792450897215787e-01,9.859191056670835174e-01,9.859589677438093114e-01,9.859600615626653575e-01,9.859601597755051072e-01,9.859601761072441795e-01,9.859601753548720149e-01,9.859601568764603252e-01,9.859600533560490820e-01,9.859589404191392292e-01,9.859189696568259054e-01,9.858831993804363369e-01,9.999999999999765743e-01,9.859243809963218474e-01,9.859588704883035515e-01,9.859600462535564880e-01,9.859601495003395000e-01,9.859601517427009076e-01,9.859600585114631777e-01,9.859589664485964855e-01,9.859191051630543656e-01,9.859201993290234167e-01,9.859600615628708598e-01,9.859611554733953565e-01,9.859612537969688617e-01,9.859612703178082249e-01,9.859612699721101992e-01,9.859612525473419042e-01,9.859611523733156080e-01,9.859600533582891790e-01,9.859201717101954143e-01,9.859189007410014138e-01,9.859243809963218474e-01,9.999999999999765743e-01,9.859255798818964411e-01,9.859599812859134449e-01,9.859611401454362323e-01,9.859612266949839832e-01,9.859611472424695267e-01,9.859600585111368831e-01,9.859201982261820429e-01,9.859202973435622352e-01,9.859601597752414293e-01,9.859612537965645185e-01,9.859613522104689887e-01,9.859613688418936706e-01,9.859613686850446923e-01,9.859613516664337274e-01,9.859612525446366238e-01,9.859601568760203438e-01,9.859202895051736304e-01,9.859201665067836018e-01,9.859588704883035515e-01,9.859255798818964411e-01,9.999999999999765743e-01,9.859256955672587308e-01,9.859600796769287800e-01,9.859612218392636018e-01,9.859612266959840721e-01,9.859601517433099760e-01,9.859202947734180267e-01,9.859203132565453886e-01,9.859601761065431846e-01,9.859612703169967629e-01,9.859613688414188282e-01,9.859613855632227697e-01,9.859613855168589680e-01,9.859613686871255833e-01,9.859612699714394024e-01,9.859601753564894988e-01,9.859203114222634401e-01,9.859202872041774590e-01,9.859600462535564880e-01,9.859599812859134449e-01,9.859256955672587308e-01,9.999999999999765743e-01,9.859257123365595676e-01,9.859600796766886388e-01,9.859611401461620961e-01,9.859601495007572769e-01,9.859203062709793741e-01,9.859203114234599274e-01,9.859601753557388770e-01,9.859612699727463569e-01,9.859613686861284920e-01,9.859613855183463338e-01,9.859613855624430601e-01,9.859613688431339007e-01,9.859612703164174485e-01,9.859601761081097093e-01,9.859203132560482308e-01,9.859203062716078714e-01,9.859601495003395000e-01,9.859611401454362323e-01,9.859600796769287800e-01,9.859257123365595676e-01,9.999999999999765743e-01,9.859256955677228040e-01,9.859599812873327540e-01,9.859600462546194155e-01,9.859202872043610899e-01,9.859202895061547345e-01,9.859601568749548628e-01,9.859612525456988852e-01,9.859613516650742593e-01,9.859613686862863657e-01,9.859613688407723453e-01,9.859613522119359263e-01,9.859612537956872202e-01,9.859601597765412784e-01,9.859202973427462213e-01,9.859202947736894762e-01,9.859601517427009076e-01,9.859612266949839832e-01,9.859612218392636018e-01,9.859600796766886388e-01,9.859256955677228040e-01,9.999999999999765743e-01,9.859255798830734996e-01,9.859588704891120159e-01,9.859201665066296139e-01,9.859201717121388597e-01,9.859600533582166815e-01,9.859611523753024631e-01,9.859612525470445865e-01,9.859612699742795749e-01,9.859612703177272897e-01,9.859612537993736048e-01,9.859611554735229211e-01,9.859600615650633282e-01,9.859201993292739941e-01,9.859201982274241605e-01,9.859600585114631777e-01,9.859611472424695267e-01,9.859612266959840721e-01,9.859611401461620961e-01,9.859599812873327540e-01,9.859255798830734996e-01,9.999999999999765743e-01,9.859243809982267681e-01,9.859189007418238671e-01,9.859189696584136353e-01,9.859589404187150130e-01,9.859600533577458359e-01,9.859601568757996315e-01,9.859601753567567295e-01,9.859601761068433889e-01,9.859601597775692339e-01,9.859600615624836140e-01,9.859589677456979118e-01,9.859191056669122100e-01,9.859191051640047165e-01,9.859589664485964855e-01,9.859600585111368831e-01,9.859601517433099760e-01,9.859601495007572769e-01,9.859600462546194155e-01,9.859588704891120159e-01,9.859243809982267681e-01,9.999999999999765743e-01,9.858831993810863725e-01,9.858778024861828415e-01,9.859189696571188932e-01,9.859201717102719087e-01,9.859202895057396221e-01,9.859203114232031329e-01,9.859203132554701376e-01,9.859202973445879703e-01,9.859201993273312148e-01,9.859191056676553933e-01,9.858792452925598804e-01,9.858792450897215787e-01,9.859191051630543656e-01,9.859201982261820429e-01,9.859202947734180267e-01,9.859203062709793741e-01,9.859202872043610899e-01,9.859201665066296139e-01,9.859189007418238671e-01,9.858831993810863725e-01,9.999999999999765743e-01
