1.000000000000033307e+00,1.000000000000033307e+00,1.000000000000033307e+00,1.000000000000033307e+00,1.000000000000033307e+00,1.000000000000033307e+00,1.000000000000033307e+00,1.000000000000033307e+00,1.000000000000033307e+00,1.000000000000033307e+00,1.000000000000033307e+00,1.000000000000033307e+00,1.000000000000033307e+00,1.000000000000033307e+00,1.000000000000033307e+00,1.000000000000033307e+00,1.000000000000033307e+00,1.000000000000033307e+00,1.000000000000033307e+00,1.000000000000033307e+00,1.000000000000033307e+00,1.000000000000033307e+00,1.000000000000033307e+00,1.000000000000033307e+00,1.000000000000033307e+00,1.000000000000033307e+00,1.000000000000033307e+00,1.000000000000033307e+00,1.000000000000033307e+00,1.000000000000033307e+00,1.000000000000033307e+00,1.000000000000033307e+00,1.000000000000033307e+00,1.000000000000033307e+00,1.000000000000033307e+00,1.000000000000033307e+00,1.000000000000033307e+00,1.000000000000033307e+00,1.000000000000033307e+00,1.000000000000033307e+00,1.000000000000033307e+00,1.000000000000033307e+00,1.000000000000033307e+00,1.000000000000033307e+00,1.000000000000033307e+00,1.000000000000033307e+00,1.000000000000033307e+00,1.000000000000033307e+00,1.000000000000033307e+00,1.000000000000033307e+00,1.000000000000033307e+00,1.000000000000033307e+00,1.000000000000033307e+00,1.000000000000033307e+00,1.000000000000033307e+00,1.000000000000033307e+00,1.000000000000033307e+00,1.000000000000033307e+00,1.000000000000033307e+00,1.000000000000033307e+00,1.000000000000033307e+00,1.000000000000033307e+00,1.000000000000033307e+00,1.000000000000033307e+00,1.000000000000033307e+00,1.000000000000033307e+00,1.000000000000033307e+00,1.000000000000033307e+00,1.000000000000033307e+00,1.000000000000033307e+00,1.000000000000033307e+00,1.000000000000033307e+00,1.000000000000033307e+00,1.000000000000033307e+00,1.000000000000033307e+00,1.000000000000033307e+00,1.000000000000033307e+00,1.000000000000033307e+00,1.000000000000033307e+00,1.000000000000033307e+00,1.000000000000033307e+00,1.000000000000033307e+00,1.000000000000033307e+00,1.000000000000033307e+00,1.000000000000033307e+00,1.000000000000033307e+00,1.000000000000033307e+00,1.000000000000033307e+00,1.000000000000033307e+00,1.000000000000033307e+00,1.000000000000033307e+00,1.000000000000033307e+00,1.000000000000033307e+00,1.000000000000033307e+00,1.000000000000033307e+00,1.000000000000033307e+00,1.000000000000033307e+00,1.000000000000033307e+00,1.000000000000033307e+00,1.000000000000033307e+00,1.000000000000033307e+00,1.000000000000033307e+00,1.000000000000033307e+00,1.000000000000033307e+00,1.000000000000033307e+00,1.000000000000033307e+00,1.000000000000033307e+00,1.000000000000033307e+00,1.000000000000033307e+00,1.000000000000033307e+00,1.000000000000033307e+00,1.000000000000033307e+00,1.000000000000033307e+00,1.000000000000033307e+00,1.000000000000033307e+00,1.000000000000033307e+00,1.000000000000033307e+00,1.000000000000033307e+00,1.000000000000033307e+00,1.000000000000033307e+00,1.000000000000033307e+00,1.000000000000033307e+00,1.000000000000033307e+00,1.000000000000033307e+00,1.000000000000033307e+00,1.000000000000033307e+00,1.000000000000033307e+00,1.000000000000033307e+00,1.000000000000033307e+00,1.000000000000033307e+00,1.000000000000033307e+00,1.000000000000033307e+00,1.000000000000033307e+00,1.000000000000033307e+00,1.000000000000033307e+00,1.000000000000033307e+00,1.000000000000033307e+00,1.000000000000033307e+00,1.000000000000033307e+00,1.000000000000033307e+00,1.000000000000033307e+00,1.000000000000033307e+00,1.000000000000033307e+00,1.000000000000033307e+00,1.000000000000033307e+00,1.000000000000033307e+00,1.000000000000033307e+00,1.000000000000033307e+00,1.000000000000033307e+00,1.000000000000033307e+00,1.000000000000033307e+00,1.000000000000033307e+00,1.000000000000033307e+00,1.000000000000033307e+00,1.000000000000033307e+00,1.000000000000033307e+00,1.000000000000033307e+00,1.000000000000033307e+00,1.000000000000033307e+00,1.000000000000033307e+00,1.000000000000033307e+00,1.000000000000033307e+00,1.000000000000033307e+00,1.000000000000033307e+00,1.000000000000033307e+00,1.000000000000033307e+00,1.000000000000033307e+00,1.000000000000033307e+00,1.000000000000033307e+00,1.000000000000033307e+00,1.000000000000033307e+00,1.000000000000033307e+00,1.000000000000033307e+00,1.000000000000033307e+00,1.000000000000033307e+00,1.000000000000033307e+00,1.000000000000033307e+00,1.000000000000033307e+00,1.000000000000033307e+00,1.000000000000033307e+00,1.000000000000033307e+00,1.000000000000033307e+00,1.000000000000033307e+00,1.000000000000033307e+00,1.000000000000033307e+00,1.000000000000033307e+00,1.000000000000033307e+00,1.000000000000033307e+00,1.000000000000033307e+00,1.000000000000033307e+00,1.000000000000033307e+00,1.000000000000033307e+00,1.000000000000033307e+00,1.000000000000033307e+00,1.000000000000033307e+00,1.000000000000033307e+00,1.000000000000033307e+00,1.000000000000033307e+00,1.000000000000033307e+00,1.000000000000033307e+00,1.000000000000033307e+00,1.000000000000033307e+00,1.000000000000033307e+00,1.000000000000033307e+00,1.000000000000033307e+00,1.000000000000033307e+00,1.000000000000033307e+00,1.000000000000033307e+00,1.000000000000033307e+00,1.000000000000033307e+00,1.000000000000033307e+00,1.000000000000033307e+00,1.000000000000033307e+00,1.000000000000033307e+00,1.000000000000033307e+00,1.000000000000033307e+00,1.000000000000033307e+00,1.000000000000033307e+00,1.000000000000033307e+00,1.000000000000033307e+00,1.000000000000033307e+00,1.000000000000033307e+00,1.000000000000033307e+00,1.000000000000033307e+00,1.000000000000033307e+00,1.000000000000033307e+00,1.000000000000033307e+00,1.000000000000033307e+00,1.000000000000033307e+00,1.000000000000033307e+00,1.000000000000033307e+00,1.000000000000033307e+00,1.000000000000033307e+00,1.000000000000033307e+00,1.000000000000033307e+00,1.000000000000033307e+00,1.000000000000033307e+00,1.000000000000033307e+00,1.000000000000033307e+00,1.000000000000033307e+00,1.000000000000033307e+00,1.000000000000033307e+00,1.000000000000033307e+00,1.000000000000033307e+00,1.000000000000033307e+00,1.000000000000033307e+00,1.000000000000033307e+00,1.000000000000033307e+00,1.000000000000033307e+00,1.000000000000033307e+00,1.000000000000033307e+00,1.000000000000033307e+00,1.000000000000033307e+00,1.000000000000033307e+00,1.000000000000033307e+00,1.000000000000033307e+00,1.000000000000033307e+00,1.000000000000033307e+00,1.000000000000033307e+00,1.000000000000033307e+00,1.000000000000033307e+00,1.000000000000033307e+00,1.000000000000033307e+00,1.000000000000033307e+00,1.000000000000033307e+00,1.000000000000033307e+00,1.000000000000033307e+00,1.000000000000033307e+00,1.000000000000033307e+00,1.000000000000033307e+00,1.000000000000033307e+00,1.000000000000033307e+00,1.000000000000033307e+00,1.000000000000033307e+00,1.000000000000033307e+00,1.000000000000033307e+00,1.000000000000033307e+00,1.000000000000033307e+00,1.000000000000033307e+00,1.000000000000033307e+00,1.000000000000033307e+00,1.000000000000033307e+00,1.000000000000033307e+00,1.000000000000033307e+00,1.000000000000033307e+00,1.000000000000033307e+00,1.000000000000033307e+00,1.000000000000033307e+00,1.000000000000033307e+00,1.000000000000033307e+00,1.000000000000033307e+00,1.000000000000033307e+00,1.000000000000033307e+00,1.000000000000033307e+00,1.000000000000033307e+00,1.000000000000033307e+00,1.000000000000033307e+00,1.000000000000033307e+00,1.000000000000033307e+00,1.000000000000033307e+00,1.000000000000033307e+00,1.000000000000033307e+00,1.000000000000033307e+00,1.000000000000033307e+00,1.000000000000033307e+00,1.000000000000033307e+00,1.000000000000033307e+00,1.000000000000033307e+00,1.000000000000033307e+00,1.000000000000033307e+00,1.000000000000033307e+00,1.000000000000033307e+00,1.000000000000033307e+00,1.000000000000033307e+00,1.000000000000033307e+00,1.000000000000033307e+00,1.000000000000033307e+00,1.000000000000033307e+00,1.000000000000033307e+00,1.000000000000033307e+00,1.000000000000033307e+00,1.000000000000033307e+00,1.000000000000033307e+00,1.000000000000033307e+00,1.000000000000033307e+00,1.000000000000033307e+00,1.000000000000033307e+00,1.000000000000033307e+00,1.000000000000033307e+00,1.000000000000033307e+00,1.000000000000033307e+00,1.000000000000033307e+00,1.000000000000033307e+00,1.000000000000033307e+00,1.000000000000033307e+00,1.000000000000033307e+00,1.000000000000033307e+00,1.000000000000033307e+00,1.000000000000033307e+00,1.000000000000033307e+00,1.000000000000033307e+00,1.000000000000033307e+00,1.000000000000033307e+00,1.000000000000033307e+00,1.000000000000033307e+00,1.000000000000033307e+00,1.000000000000033307e+00,1.000000000000033307e+00,1.000000000000033307e+00,1.000000000000033307e+00,1.000000000000033307e+00,1.000000000000033307e+00,1.000000000000033307e+00,1.000000000000033307e+00,1.000000000000033307e+00,1.000000000000033307e+00,1.000000000000033307e+00,1.000000000000033307e+00,1.000000000000033307e+00,1.000000000000033307e+00,1.000000000000033307e+00,1.000000000000033307e+00,1.000000000000033307e+00,1.000000000000033307e+00,1.000000000000033307e+00,1.000000000000033307e+00,1.000000000000033307e+00,1.000000000000033307e+00,1.000000000000033307e+00,1.000000000000033307e+00,1.000000000000033307e+00,1.000000000000033307e+00,1.000000000000033307e+00,1.000000000000033307e+00,1.000000000000033307e+00,1.000000000000033307e+00,1.000000000000033307e+00,1.000000000000033307e+00,1.000000000000033307e+00,1.000000000000033307e+00,1.000000000000033307e+00,1.000000000000033307e+00,1.000000000000033307e+00,1.000000000000033307e+00,1.000000000000033307e+00,1.000000000000033307e+00,1.000000000000033307e+00,1.000000000000033307e+00,1.000000000000033307e+00,1.000000000000033307e+00,1.000000000000033307e+00,1.000000000000033307e+00,1.000000000000033307e+00,1.000000000000033307e+00,1.000000000000033307e+00,1.000000000000033307e+00,1.000000000000033307e+00,1.000000000000033307e+00,1.000000000000033307e+00,1.000000000000033307e+00
9.999999999999958922e-01,9.952286889917751900e-01,9.952327808742413850e-01,9.952329374705957132e-01,9.952329517978759643e-01,9.952329524293817009e-01,9.952329407720433840e-01,9.952327992243041876e-01,9.952282241241671157e-01,9.952282242067470586e-01,9.952327994361244157e-01,9.952329412615961157e-01,9.952329536834750856e-01,9.952329558042177782e-01,9.952329561096476818e-01,9.952329555012435769e-01,9.952329527253381825e-01,9.952329379949483856e-01,9.952327833013014935e-01,9.952280583607778786e-01,9.952286889917751900e-01,9.999999999999958922e-01,9.952334147499534156e-01,9.952373687417053194e-01,9.952375143655883827e-01,9.952375253733402038e-01,9.952375153735361080e-01,9.952373742214769559e-01,9.952327992243048538e-01,9.952327993770313519e-01,9.952373746404981070e-01,9.952375164772908622e-01,9.952375289123263080e-01,9.952375310555039434e-01,9.952375314093017122e-01,9.952375309266038306e-01,9.952375285518213488e-01,9.952375155011802255e-01,9.952373713929664190e-01,9.952327832663536711e-01,9.952327808742413850e-01,9.952334147499534156e-01,9.999999999999958922e-01,9.952335690705526039e-01,9.952375121596146457e-01,9.952376544851097018e-01,9.952376548665948786e-01,9.952375153735648627e-01,9.952329407720753585e-01,9.952329410975631063e-01,9.952375163841378214e-01,9.952376582339449440e-01,9.952376706795974526e-01,9.952376728357800184e-01,9.952376732118273228e-01,9.952376727770557707e-01,9.952376705268591861e-01,9.952376578737653912e-01,9.952375154314028194e-01,9.952329378902058377e-01,9.952329374705957132e-01,9.952373687417053194e-01,9.952335690705526039e-01,9.999999999999958922e-01,9.952335830092624569e-01,9.952375227855331241e-01,9.952376544848340334e-01,9.952375253730991744e-01,9.952329524291368967e-01,9.952329532772715703e-01,9.952375286122473463e-01,9.952376704843138855e-01,9.952376829429684379e-01,9.952376851097664012e-01,9.952376854988106425e-01,9.952376850862859614e-01,9.952376828839820666e-01,9.952376703554084436e-01,9.952375283105884263e-01,9.952329524491698720e-01,9.952329517978759643e-01,9.952375143655883827e-01,9.952375121596146457e-01,9.952335830092624569e-01,9.999999999999958922e-01,9.952335830094629632e-01,9.952375121595454788e-01,9.952375143655480816e-01,9.952329517978405482e-01,9.952329547069193039e-01,9.952375301676283925e-01,9.952376720876149330e-01,9.952376845685029227e-01,9.952376867483088141e-01,9.952376871479720055e-01,9.952376867484238332e-01,9.952376845683795770e-01,9.952376720877018634e-01,9.952375301674626362e-01,9.952329547071631088e-01,9.952329524293817009e-01,9.952375253733402038e-01,9.952376544851097018e-01,9.952375227855331241e-01,9.952335830094629632e-01,9.999999999999958922e-01,9.952335690706850535e-01,9.952373687418547554e-01,9.952329374707463705e-01,9.952329524491249080e-01,9.952375283109387016e-01,9.952376703555111392e-01,9.952376828843164658e-01,9.952376850863452473e-01,9.952376854989992694e-01,9.952376851100954713e-01,9.952376829430210625e-01,9.952376704845961042e-01,9.952375286122928655e-01,9.952329532776916787e-01,9.952329407720433840e-01,9.952375153735361080e-01,9.952376548665948786e-01,9.952376544848340334e-01,9.952375121595454788e-01,9.952335690706850535e-01,9.999999999999958922e-01,9.952334147498380634e-01,9.952327808741304738e-01,9.952329378898945311e-01,9.952375154314916372e-01,9.952376578736038537e-01,9.952376705269073698e-01,9.952376727768565967e-01,9.952376732117553804e-01,9.952376728358341973e-01,9.952376706793933936e-01,9.952376582339540478e-01,9.952375163838960148e-01,9.952329410977346358e-01,9.952327992243041876e-01,9.952373742214769559e-01,9.952375153735648627e-01,9.952375253730991744e-01,9.952375143655480816e-01,9.952373687418547554e-01,9.952334147498380634e-01,9.999999999999958922e-01,9.952286889916635015e-01,9.952327832660765594e-01,9.952373713930766641e-01,9.952375155010450003e-01,9.952375285519137194e-01,9.952375309264268610e-01,9.952375314092565262e-01,9.952375310555873211e-01,9.952375289121460078e-01,9.952375164773329397e-01,9.952373746403034849e-01,9.952327993772184245e-01,9.952282241241671157e-01,9.952327992243048538e-01,9.952329407720753585e-01,9.952329524291368967e-01,9.952329517978405482e-01,9.952329374707463705e-01,9.952327808741304738e-01,9.952286889916635015e-01,9.999999999999958922e-01,9.952280583604939945e-01,9.952327833014185110e-01,9.952329379948119392e-01,9.952329527254261121e-01,9.952329555010711593e-01,9.952329561096050492e-01,9.952329558042944946e-01,9.952329536833091073e-01,9.952329412616418569e-01,9.952327994359075891e-01,9.952282242069508955e-01,9.952282242067470586e-01,9.952327993770313519e-01,9.952329410975631063e-01,9.952329532772715703e-01,9.952329547069193039e-01,9.952329524491249080e-01,9.952329378898945311e-01,9.952327832660765594e-01,9.952280583604939945e-01,9.999999999999958922e-01,9.952286890740290604e-01,9.952327810259015139e-01,9.952329377939165278e-01,9.952329526388349334e-01,9.952329553083411051e-01,9.952329555256625992e-01,9.952329535774406821e-01,9.952329412260908503e-01,9.952327994356627849e-01,9.952282242304092419e-01,9.952327994361244157e-01,9.952373746404981070e-01,9.952375163841378214e-01,9.952375286122473463e-01,9.952375301676283925e-01,9.952375283109387016e-01,9.952375154314916372e-01,9.952373713930766641e-01,9.952327833014185110e-01,9.952286890740290604e-01,9.999999999999958922e-01,9.952334149372679128e-01,9.952373691003940648e-01,9.952375152419054016e-01,9.952375282876534390e-01,9.952375301625753234e-01,9.952375286107109087e-01,9.952375163834953353e-01,9.952373746402258803e-01,9.952327994360670171e-01,9.952329412615961157e-01,9.952375164772908622e-01,9.952376582339449440e-01,9.952376704843138855e-01,9.952376720876149330e-01,9.952376703555111392e-01,9.952376578736038537e-01,9.952375155010450003e-01,9.952329379948119392e-01,9.952327810259015139e-01,9.952334149372679128e-01,9.999999999999958922e-01,9.952335694995358972e-01,9.952375131055335444e-01,9.952376574689792976e-01,9.952376697251840154e-01,9.952376698323943671e-01,9.952376580021097263e-01,9.952375163832510863e-01,9.952329412262268526e-01,9.952329536834750856e-01,9.952375289123263080e-01,9.952376706795974526e-01,9.952376829429684379e-01,9.952376845685029227e-01,9.952376828843164658e-01,9.952376705269073698e-01,9.952375285519137194e-01,9.952329527254261121e-01,9.952329377939165278e-01,9.952373691003940648e-01,9.952335694995358972e-01,9.999999999999958922e-01,9.952335841288415530e-01,9.952375259413080988e-01,9.952376695151979868e-01,9.952376800037936455e-01,9.952376698326114157e-01,9.952375286106848185e-01,9.952329535778124958e-01,9.952329558042177782e-01,9.952375310555039434e-01,9.952376728357800184e-01,9.952376851097664012e-01,9.952376867483088141e-01,9.952376850863452473e-01,9.952376727768565967e-01,9.952375309264268610e-01,9.952329555010711593e-01,9.952329526388349334e-01,9.952375152419054016e-01,9.952375131055335444e-01,9.952335841288415530e-01,9.999999999999958922e-01,9.952335866895262173e-01,9.952375277087188721e-01,9.952376695149355301e-01,9.952376697251493765e-01,9.952375301622766735e-01,9.952329555257829474e-01,9.952329561096476818e-01,9.952375314093017122e-01,9.952376732118273228e-01,9.952376854988106425e-01,9.952376871479720055e-01,9.952376854989992694e-01,9.952376732117553804e-01,9.952375314092565262e-01,9.952329561096050492e-01,9.952329553083411051e-01,9.952375282876534390e-01,9.952376574689792976e-01,9.952375259413080988e-01,9.952335866895262173e-01,9.999999999999958922e-01,9.952335866896370176e-01,9.952375259411757602e-01,9.952376574690688926e-01,9.952375282875018936e-01,9.952329553085637048e-01,9.952329555012435769e-01,9.952375309266038306e-01,9.952376727770557707e-01,9.952376850862859614e-01,9.952376867484238332e-01,9.952376851100954713e-01,9.952376728358341973e-01,9.952375310555873211e-01,9.952329558042944946e-01,9.952329555256625992e-01,9.952375301625753234e-01,9.952376697251840154e-01,9.952376695151979868e-01,9.952375277087188721e-01,9.952335866896370176e-01,9.999999999999958922e-01,9.952335841288600937e-01,9.952375131057524804e-01,9.952375152418703186e-01,9.952329526392076353e-01,9.952329527253381825e-01,9.952375285518213488e-01,9.952376705268591861e-01,9.952376828839820666e-01,9.952376845683795770e-01,9.952376829430210625e-01,9.952376706793933936e-01,9.952375289121460078e-01,9.952329536833091073e-01,9.952329535774406821e-01,9.952375286107109087e-01,9.952376698323943671e-01,9.952376800037936455e-01,9.952376695149355301e-01,9.952375259411757602e-01,9.952335841288600937e-01,9.999999999999958922e-01,9.952335694994886017e-01,9.952373691001000777e-01,9.952329377940163369e-01,9.952329379949483856e-01,9.952375155011802255e-01,9.952376578737653912e-01,9.952376703554084436e-01,9.952376720877018634e-01,9.952376704845961042e-01,9.952376582339540478e-01,9.952375164773329397e-01,9.952329412616418569e-01,9.952329412260908503e-01,9.952375163834953353e-01,9.952376580021097263e-01,9.952376698326114157e-01,9.952376697251493765e-01,9.952376574690688926e-01,9.952375131057524804e-01,9.952335694994886017e-01,9.999999999999958922e-01,9.952334149372269456e-01,9.952327810262268093e-01,9.952327833013014935e-01,9.952373713929664190e-01,9.952375154314028194e-01,9.952375283105884263e-01,9.952375301674626362e-01,9.952375286122928655e-01,9.952375163838960148e-01,9.952373746403034849e-01,9.952327994359075891e-01,9.952327994356627849e-01,9.952373746402258803e-01,9.952375163832510863e-01,9.952375286106848185e-01,9.952375301622766735e-01,9.952375282875018936e-01,9.952375152418703186e-01,9.952373691001000777e-01,9.952334149372269456e-01,9.999999999999958922e-01,9.952286890741335323e-01,9.952280583607778786e-01,9.952327832663536711e-01,9.952329378902058377e-01,9.952329524491698720e-01,9.952329547071631088e-01,9.952329532776916787e-01,9.952329410977346358e-01,9.952327993772184245e-01,9.952282242069508955e-01,9.952282242304092419e-01,9.952327994360670171e-01,9.952329412262268526e-01,9.952329535778124958e-01,9.952329555257829474e-01,9.952329553085637048e-01,9.952329526392076353e-01,9.952329377940163369e-01,9.952327810262268093e-01,9.952286890741335323e-01,9.999999999999958922e-01
1.000000000000004663e+00,9.905236342356509294e-01,9.905397483654354573e-01,9.905403419410776511e-01,9.905403966051696818e-01,9.905403991280300469e-01,9.905403554532855592e-01,9.905398306726529434e-01,9.905218265220321339e-01,9.905218268439869300e-01,9.905398314959870110e-01,9.905403573554206753e-01,9.905404039911852587e-01,9.905404120756737818e-01,9.905404132412173324e-01,9.905404108936189944e-01,9.905404002572784083e-01,9.905403446578748827e-01,9.905397690303358038e-01,9.905211746834254871e-01,9.905236342356509294e-01,1.000000000000004663e+00,9.905422332348337022e-01,9.905578021714834813e-01,9.905583533385328154e-01,9.905583952489336319e-01,9.905583579336895150e-01,9.905578346721037875e-01,9.905398306727056790e-01,9.905398312669767558e-01,9.905578362973116446e-01,9.905583622079340289e-01,9.905584088958218070e-01,9.905584170683500167e-01,9.905584184233994227e-01,9.905584165675089814e-01,9.905584074963190711e-01,9.905583584250308160e-01,9.905578237499318428e-01,9.905397688949829638e-01,9.905397483654354573e-01,9.905422332348337022e-01,1.000000000000004663e+00,9.905428070420790876e-01,9.905583341340414849e-01,9.905588727127581095e-01,9.905588748241960229e-01,9.905583579340202505e-01,9.905403554536740263e-01,9.905403567190392833e-01,9.905583618469678830e-01,9.905588878083813054e-01,9.905589345375958032e-01,9.905589427607175423e-01,9.905589442022457725e-01,9.905589425324221597e-01,9.905589339442435470e-01,9.905588864104761804e-01,9.905583581553157879e-01,9.905403442527385138e-01,9.905403419410776511e-01,9.905578021714834813e-01,9.905428070420790876e-01,1.000000000000004663e+00,9.905428595404321968e-01,9.905583739319731018e-01,9.905588727122278669e-01,9.905583952487529986e-01,9.905403991278913800e-01,9.905404024181437839e-01,9.905584077362842299e-01,9.905589337842455322e-01,9.905589805640002687e-01,9.905589888283893307e-01,9.905589903204372604e-01,9.905589887370558344e-01,9.905589803347407685e-01,9.905589332835313954e-01,9.905584065658749049e-01,9.905403991915296968e-01,9.905403966051696818e-01,9.905583533385328154e-01,9.905583341340414849e-01,9.905428595404321968e-01,1.000000000000004663e+00,9.905428595407470560e-01,9.905583341338586312e-01,9.905583533386744799e-01,9.905403966053882847e-01,9.905404078383721611e-01,9.905584136484203439e-01,9.905589398824451441e-01,9.905589867485800060e-01,9.905589950635369512e-01,9.905589965968850663e-01,9.905589950639486219e-01,9.905589867481150446e-01,9.905589398827899794e-01,9.905584136481293545e-01,9.905404078389549172e-01,9.905403991280300469e-01,9.905583952489336319e-01,9.905588727127581095e-01,9.905583739319731018e-01,9.905428595407470560e-01,1.000000000000004663e+00,9.905428070422218623e-01,9.905578021719021464e-01,9.905403419415597099e-01,9.905403991912693495e-01,9.905584065664198024e-01,9.905589332834598970e-01,9.905589803355648870e-01,9.905589887368734248e-01,9.905589903207229208e-01,9.905589888291636003e-01,9.905589805637561307e-01,9.905589337848803577e-01,9.905584077363444040e-01,9.905404024189475853e-01,9.905403554532855592e-01,9.905583579336895150e-01,9.905588748241960229e-01,9.905588727122278669e-01,9.905583341338586312e-01,9.905428070422218623e-01,1.000000000000004663e+00,9.905422332347730840e-01,9.905397483654571067e-01,9.905403442519750135e-01,9.905583581553788486e-01,9.905588864099127422e-01,9.905589339444862418e-01,9.905589425317717911e-01,9.905589442020348301e-01,9.905589427609424735e-01,9.905589345368992493e-01,9.905588878085136439e-01,9.905583618464472995e-01,9.905403567194258629e-01,9.905398306726529434e-01,9.905578346721037875e-01,9.905583579340202505e-01,9.905583952487529986e-01,9.905583533386744799e-01,9.905578021719021464e-01,9.905422332347730840e-01,1.000000000000004663e+00,9.905236342358919588e-01,9.905397688945780654e-01,9.905578237503201988e-01,9.905583584248005558e-01,9.905584074969459030e-01,9.905584165671595942e-01,9.905584184235316503e-01,9.905584170689518686e-01,9.905584088954428879e-01,9.905583622084057627e-01,9.905578362972033979e-01,9.905398312676192418e-01,9.905218265220321339e-01,9.905398306727056790e-01,9.905403554536740263e-01,9.905403991278913800e-01,9.905403966053882847e-01,9.905403419415597099e-01,9.905397483654571067e-01,9.905236342358919588e-01,1.000000000000004663e+00,9.905211746830422381e-01,9.905397690308036518e-01,9.905403446576893645e-01,9.905404002579428768e-01,9.905404108933479890e-01,9.905404132414185048e-01,9.905404120762922870e-01,9.905404039909202485e-01,9.905403573559673491e-01,9.905398314958511197e-01,9.905218268447691932e-01,9.905218268439869300e-01,9.905398312669767558e-01,9.905403567190392833e-01,9.905404024181437839e-01,9.905404078383721611e-01,9.905403991912693495e-01,9.905403442519750135e-01,9.905397688945780654e-01,9.905211746830422381e-01,1.000000000000004663e+00,9.905236345550523236e-01,9.905397489529105259e-01,9.905403431900052791e-01,9.905403998420242440e-01,9.905404101329390310e-01,9.905404109926390088e-01,9.905404035784138861e-01,9.905403572170538018e-01,9.905398314944491300e-01,9.905218269358553318e-01,9.905398314959870110e-01,9.905578362973116446e-01,9.905583618469678830e-01,9.905584077362842299e-01,9.905584136484203439e-01,9.905584065664198024e-01,9.905583581553788486e-01,9.905578237503201988e-01,9.905397690308036518e-01,9.905236345550523236e-01,1.000000000000004663e+00,9.905422339610082672e-01,9.905578035567842443e-01,9.905583567116915678e-01,9.905584063902099778e-01,9.905584136102902892e-01,9.905584077246893937e-01,9.905583618426254677e-01,9.905578362955652638e-01,9.905398314953057781e-01,9.905403573554206753e-01,9.905583622079340289e-01,9.905588878083813054e-01,9.905589337842455322e-01,9.905589398824451441e-01,9.905589332834598970e-01,9.905588864099127422e-01,9.905583584248005558e-01,9.905403446576893645e-01,9.905397489529105259e-01,9.905422339610082672e-01,1.000000000000004663e+00,9.905428087024441552e-01,9.905583377768222286e-01,9.905588841233174957e-01,9.905589307700498614e-01,9.905589312563600757e-01,9.905588869073881364e-01,9.905583618420235048e-01,9.905403572172100102e-01,9.905404039911852587e-01,9.905584088958218070e-01,9.905589345375958032e-01,9.905589805640002687e-01,9.905589867485800060e-01,9.905589803355648870e-01,9.905589339444862418e-01,9.905584074969459030e-01,9.905404002579428768e-01,9.905403431900052791e-01,9.905578035567842443e-01,9.905428087024441552e-01,1.000000000000004663e+00,9.905428638601602165e-01,9.905583860057755041e-01,9.905589293203622692e-01,9.905589692340394103e-01,9.905589312571871918e-01,9.905584077249045549e-01,9.905404035794637130e-01,9.905404120756737818e-01,9.905584170683500167e-01,9.905589427607175423e-01,9.905589888283893307e-01,9.905589950635369512e-01,9.905589887368734248e-01,9.905589425317717911e-01,9.905584165671595942e-01,9.905404108933479890e-01,9.905403998420242440e-01,9.905583567116915678e-01,9.905583377768222286e-01,9.905428638601602165e-01,1.000000000000004663e+00,9.905428736531685097e-01,9.905583927383426746e-01,9.905589293194125844e-01,9.905589307699660395e-01,9.905584136095181291e-01,9.905404109927783418e-01,9.905404132412173324e-01,9.905584184233994227e-01,9.905589442022457725e-01,9.905589903204372604e-01,9.905589965968850663e-01,9.905589903207229208e-01,9.905589442020348301e-01,9.905584184235316503e-01,9.905404132414185048e-01,9.905404101329390310e-01,9.905584063902099778e-01,9.905588841233174957e-01,9.905583860057755041e-01,9.905428736531685097e-01,1.000000000000004663e+00,9.905428736535775158e-01,9.905583860052903367e-01,9.905588841236714348e-01,9.905584063899802727e-01,9.905404101334244205e-01,9.905404108936189944e-01,9.905584165675089814e-01,9.905589425324221597e-01,9.905589887370558344e-01,9.905589950639486219e-01,9.905589888291636003e-01,9.905589427609424735e-01,9.905584170689518686e-01,9.905404120762922870e-01,9.905404109926390088e-01,9.905584136102902892e-01,9.905589307700498614e-01,9.905589293203622692e-01,9.905583927383426746e-01,9.905428736535775158e-01,1.000000000000004663e+00,9.905428638602103986e-01,9.905583377776421283e-01,9.905583567118508848e-01,9.905403998430596380e-01,9.905404002572784083e-01,9.905584074963190711e-01,9.905589339442435470e-01,9.905589803347407685e-01,9.905589867481150446e-01,9.905589805637561307e-01,9.905589345368992493e-01,9.905584088954428879e-01,9.905404039909202485e-01,9.905404035784138861e-01,9.905584077246893937e-01,9.905589312563600757e-01,9.905589692340394103e-01,9.905589293194125844e-01,9.905583860052903367e-01,9.905428638602103986e-01,1.000000000000004663e+00,9.905428087022899453e-01,9.905578035560058670e-01,9.905403431900471345e-01,9.905403446578748827e-01,9.905583584250308160e-01,9.905588864104761804e-01,9.905589332835313954e-01,9.905589398827899794e-01,9.905589337848803577e-01,9.905588878085136439e-01,9.905583622084057627e-01,9.905403573559673491e-01,9.905403572170538018e-01,9.905583618426254677e-01,9.905588869073881364e-01,9.905589312571871918e-01,9.905589307699660395e-01,9.905588841236714348e-01,9.905583377776421283e-01,9.905428087022899453e-01,1.000000000000004663e+00,9.905422339611983373e-01,9.905397489538118050e-01,9.905397690303358038e-01,9.905578237499318428e-01,9.905583581553157879e-01,9.905584065658749049e-01,9.905584136481293545e-01,9.905584077363444040e-01,9.905583618464472995e-01,9.905578362972033979e-01,9.905398314958511197e-01,9.905398314944491300e-01,9.905578362955652638e-01,9.905583618420235048e-01,9.905584077249045549e-01,9.905584136095181291e-01,9.905584063899802727e-01,9.905583567118508848e-01,9.905578035560058670e-01,9.905422339611983373e-01,1.000000000000004663e+00,9.905236345554184751e-01,9.905211746834254871e-01,9.905397688949829638e-01,9.905403442527385138e-01,9.905403991915296968e-01,9.905404078389549172e-01,9.905404024189475853e-01,9.905403567194258629e-01,9.905398312676192418e-01,9.905218268447691932e-01,9.905218269358553318e-01,9.905398314953057781e-01,9.905403572172100102e-01,9.905404035794637130e-01,9.905404109927783418e-01,9.905404101334244205e-01,9.905403998430596380e-01,9.905403431900471345e-01,9.905397489538118050e-01,9.905236345554184751e-01,1.000000000000004663e+00
9.999999999999923395e-01,9.858831988818244074e-01,9.859188998448376040e-01,9.859201645773580935e-01,9.859202820088187602e-01,9.859202876667847448e-01,9.859201955131365880e-01,9.859191039110954957e-01,9.858792444297846957e-01,9.858792451353919351e-01,9.859191057124353508e-01,9.859201996715827310e-01,9.859202982802782733e-01,9.859203156366684873e-01,9.859203181415990835e-01,9.859203130420918226e-01,9.859202900911119283e-01,9.859201718970688200e-01,9.859189696569058414e-01,9.858778023758443254e-01,9.858831988818244074e-01,9.999999999999923395e-01,9.859243799089416616e-01,9.859588683729647585e-01,9.859600408724021881e-01,9.859601307092481504e-01,9.859600522926041943e-01,9.859589639649387616e-01,9.859191039110766219e-01,9.859191052115673370e-01,9.859589675127268249e-01,9.859600616074435386e-01,9.859601603330045982e-01,9.859601778839948150e-01,9.859601808067018913e-01,9.859601767893270141e-01,9.859601572748276643e-01,9.859600533580673565e-01,9.859589402320920737e-01,9.859189693616966510e-01,9.859188998448376040e-01,9.859243799089416616e-01,9.999999999999923395e-01,9.859255773530531952e-01,9.859599755035683977e-01,9.859611209539848042e-01,9.859611268444298249e-01,9.859600522937170819e-01,9.859201955142370410e-01,9.859201982818315280e-01,9.859600608212329975e-01,9.859611550277344039e-01,9.859612538438213836e-01,9.859612715055030563e-01,9.859612746173208597e-01,9.859612710065206453e-01,9.859612525457367438e-01,9.859611519753210818e-01,9.859600527712965023e-01,9.859201710150534703e-01,9.859201645773580935e-01,9.859588683729647585e-01,9.859255773530531952e-01,9.999999999999923395e-01,9.859256887148131199e-01,9.859600594478988844e-01,9.859611209533601928e-01,9.859601307097769496e-01,9.859202876672833460e-01,9.859202948502643338e-01,9.859601578111191200e-01,9.859612522068940121e-01,9.859613511335177938e-01,9.859613688855334290e-01,9.859613721078673843e-01,9.859613686860039250e-01,9.859613506312514541e-01,9.859612511131815582e-01,9.859601552554794202e-01,9.859202877766655160e-01,9.859202820088187602e-01,9.859600408724021881e-01,9.859599755035683977e-01,9.859256887148131199e-01,9.999999999999923395e-01,9.859256887152054727e-01,9.859599755033767732e-01,9.859600408733322219e-01,9.859202820097440201e-01,9.859203064262308525e-01,9.859601704699496594e-01,9.859612652723258597e-01,9.859613643878238909e-01,9.859613822503879854e-01,9.859613855631002011e-01,9.859613822516861692e-01,9.859613643858854415e-01,9.859612652738649619e-01,9.859601704698804925e-01,9.859203064277116679e-01,9.859202876667847448e-01,9.859601307092481504e-01,9.859611209539848042e-01,9.859600594478988844e-01,9.859256887152054727e-01,9.999999999999923395e-01,9.859255773532766831e-01,9.859588683742388504e-01,9.859201645786391799e-01,9.859202877756044758e-01,9.859601552558799886e-01,9.859612511119876244e-01,9.859613506336271094e-01,9.859613686850375869e-01,9.859613721082434168e-01,9.859613688872522763e-01,9.859613511318846557e-01,9.859612522088039288e-01,9.859601578114691733e-01,9.859202948520426890e-01,9.859201955131365880e-01,9.859600522926041943e-01,9.859611268444298249e-01,9.859611209533601928e-01,9.859599755033767732e-01,9.859255773532766831e-01,9.999999999999923395e-01,9.859243799096677474e-01,9.859188998455788999e-01,9.859201710133927987e-01,9.859600527711238627e-01,9.859611519735496099e-01,9.859612525474499289e-01,9.859612710050034146e-01,9.859612746170980380e-01,9.859612715065700916e-01,9.859612538416510086e-01,9.859611550290806603e-01,9.859600608209238004e-01,9.859201982831166111e-01,9.859191039110954957e-01,9.859589639649387616e-01,9.859600522937170819e-01,9.859601307097769496e-01,9.859600408733322219e-01,9.859588683742388504e-01,9.859243799096677474e-01,9.999999999999923395e-01,9.858831988835781157e-01,9.859189693611922767e-01,9.859589402330609653e-01,9.859600533574292003e-01,9.859601572776937051e-01,9.859601767888955814e-01,9.859601808076242646e-01,9.859601778862706611e-01,9.859601603319443353e-01,9.859600616098999071e-01,9.859589675136184450e-01,9.859191052138673861e-01,9.858792444297846957e-01,9.859191039110766219e-01,9.859201955142370410e-01,9.859202876672833460e-01,9.859202820097440201e-01,9.859201645786391799e-01,9.859188998455788999e-01,9.858831988835781157e-01,9.999999999999923395e-01,9.858778023752809982e-01,9.859189696578686268e-01,9.859201718964030192e-01,9.859202900939523229e-01,9.859203130416706040e-01,9.859203181425253426e-01,9.859203156388804956e-01,9.859202982792533154e-01,9.859201996740450946e-01,9.859191057132407066e-01,9.858792451377886845e-01,9.858792451353919351e-01,9.859191052115673370e-01,9.859201982818315280e-01,9.859202948502643338e-01,9.859203064262308525e-01,9.859202877756044758e-01,9.859201710133927987e-01,9.859189693611922767e-01,9.858778023752809982e-01,9.999999999999923395e-01,9.858831995793367886e-01,9.859189011239987144e-01,9.859201672922873749e-01,9.859202890203424552e-01,9.859203113548116182e-01,9.859203132665008695e-01,9.859202973741760800e-01,9.859201993679307385e-01,9.859191057085278098e-01,9.858792453361309160e-01,9.859191057124353508e-01,9.859589675127268249e-01,9.859600608212329975e-01,9.859601578111191200e-01,9.859601704699496594e-01,9.859601552558799886e-01,9.859600527711238627e-01,9.859589402330609653e-01,9.859189696578686268e-01,9.858831995793367886e-01,9.999999999999923395e-01,9.859243814932481254e-01,9.859588713852774911e-01,9.859600481810822936e-01,9.859601546949816608e-01,9.859601703475722179e-01,9.859601577734802280e-01,9.859600608081188211e-01,9.859589675076145809e-01,9.859191057100534783e-01,9.859201996715827310e-01,9.859600616074435386e-01,9.859611550277344039e-01,9.859612522068940121e-01,9.859612652723258597e-01,9.859612511119876244e-01,9.859611519735496099e-01,9.859600533574292003e-01,9.859201718964030192e-01,9.859189011239987144e-01,9.859243814932481254e-01,9.999999999999923395e-01,9.859255809699257744e-01,9.859599833990340123e-01,9.859611455253989298e-01,9.859612454851079955e-01,9.859612466898978189e-01,9.859611530574520222e-01,9.859600608065384186e-01,9.859201993677916276e-01,9.859202982802782733e-01,9.859601603330045982e-01,9.859612538438213836e-01,9.859613511335177938e-01,9.859613643878238909e-01,9.859613506336271094e-01,9.859612525474499289e-01,9.859601572776937051e-01,9.859202900939523229e-01,9.859201672922873749e-01,9.859588713852774911e-01,9.859255809699257744e-01,9.999999999999923395e-01,9.859256980964085093e-01,9.859600854606357379e-01,9.859612410323010945e-01,9.859613265462828791e-01,9.859612466933889152e-01,9.859601577753767110e-01,9.859202973775810230e-01,9.859203156366684873e-01,9.859601778839948150e-01,9.859612715055030563e-01,9.859613688855334290e-01,9.859613822503879854e-01,9.859613686850375869e-01,9.859612710050034146e-01,9.859601767888955814e-01,9.859203130416706040e-01,9.859202890203424552e-01,9.859600481810822936e-01,9.859599833990340123e-01,9.859256980964085093e-01,9.999999999999923395e-01,9.859257191876341642e-01,9.859600999045301517e-01,9.859612410290219398e-01,9.859612454853557972e-01,9.859601703461503552e-01,9.859203132666586322e-01,9.859203181415990835e-01,9.859601808067018913e-01,9.859612746173208597e-01,9.859613721078673843e-01,9.859613855631002011e-01,9.859613721082434168e-01,9.859612746170980380e-01,9.859601808076242646e-01,9.859203181425253426e-01,9.859203113548116182e-01,9.859601546949816608e-01,9.859611455253989298e-01,9.859600854606357379e-01,9.859257191876341642e-01,9.999999999999923395e-01,9.859257191889262417e-01,9.859600854586832996e-01,9.859611455269594593e-01,9.859601546949764428e-01,9.859203113561884058e-01,9.859203130420918226e-01,9.859601767893270141e-01,9.859612710065206453e-01,9.859613686860039250e-01,9.859613822516861692e-01,9.859613688872522763e-01,9.859612715065700916e-01,9.859601778862706611e-01,9.859203156388804956e-01,9.859203132665008695e-01,9.859601703475722179e-01,9.859612454851079955e-01,9.859612410323010945e-01,9.859600999045301517e-01,9.859257191889262417e-01,9.999999999999923395e-01,9.859256980958563954e-01,9.859599834019211473e-01,9.859600481823180829e-01,9.859202890231308913e-01,9.859202900911119283e-01,9.859601572748276643e-01,9.859612525457367438e-01,9.859613506312514541e-01,9.859613643858854415e-01,9.859613511318846557e-01,9.859612538416510086e-01,9.859601603319443353e-01,9.859202982792533154e-01,9.859202973741760800e-01,9.859601577734802280e-01,9.859612466898978189e-01,9.859613265462828791e-01,9.859612410290219398e-01,9.859600854586832996e-01,9.859256980958563954e-01,9.999999999999923395e-01,9.859255809694970063e-01,9.859588713832493356e-01,9.859201672917394799e-01,9.859201718970688200e-01,9.859600533580673565e-01,9.859611519753210818e-01,9.859612511131815582e-01,9.859612652738649619e-01,9.859612522088039288e-01,9.859611550290806603e-01,9.859600616098999071e-01,9.859201996740450946e-01,9.859201993679307385e-01,9.859600608081188211e-01,9.859611530574520222e-01,9.859612466933889152e-01,9.859612454853557972e-01,9.859611455269594593e-01,9.859599834019211473e-01,9.859255809694970063e-01,9.999999999999923395e-01,9.859243814948670526e-01,9.859189011269954284e-01,9.859189696569058414e-01,9.859589402320920737e-01,9.859600527712965023e-01,9.859601552554794202e-01,9.859601704698804925e-01,9.859601578114691733e-01,9.859600608209238004e-01,9.859589675136184450e-01,9.859191057132407066e-01,9.859191057085278098e-01,9.859589675076145809e-01,9.859600608065384186e-01,9.859601577753767110e-01,9.859601703461503552e-01,9.859601546949764428e-01,9.859600481823180829e-01,9.859588713832493356e-01,9.859243814948670526e-01,9.999999999999923395e-01,9.858831995808106097e-01,9.858778023758443254e-01,9.859189693616966510e-01,9.859201710150534703e-01,9.859202877766655160e-01,9.859203064277116679e-01,9.859202948520426890e-01,9.859201982831166111e-01,9.859191052138673861e-01,9.858792451377886845e-01,9.858792453361309160e-01,9.859191057100534783e-01,9.859201993677916276e-01,9.859202973775810230e-01,9.859203132666586322e-01,9.859203113561884058e-01,9.859202890231308913e-01,9.859201672917394799e-01,9.859189011269954284e-01,9.858831995808106097e-01,9.999999999999923395e-01
