1.000000000000002665e+00,1.000000000000002665e+00,1.000000000000002665e+00,1.000000000000002665e+00,1.000000000000002665e+00,1.000000000000002665e+00,1.000000000000002665e+00,1.000000000000002665e+00,1.000000000000002665e+00,1.000000000000002665e+00,1.000000000000002665e+00,1.000000000000002665e+00,1.000000000000002665e+00,1.000000000000002665e+00,1.000000000000002665e+00,1.000000000000002665e+00,1.000000000000002665e+00,1.000000000000002665e+00,1.000000000000002665e+00,1.000000000000002665e+00,1.000000000000002665e+00,1.000000000000002665e+00,1.000000000000002665e+00,1.000000000000002665e+00,1.000000000000002665e+00,1.000000000000002665e+00,1.000000000000002665e+00,1.000000000000002665e+00,1.000000000000002665e+00,1.000000000000002665e+00,1.000000000000002665e+00,1.000000000000002665e+00,1.000000000000002665e+00,1.000000000000002665e+00,1.000000000000002665e+00,1.000000000000002665e+00,1.000000000000002665e+00,1.000000000000002665e+00,1.000000000000002665e+00,1.000000000000002665e+00,1.000000000000002665e+00,1.000000000000002665e+00,1.000000000000002665e+00,1.000000000000002665e+00,1.000000000000002665e+00,1.000000000000002665e+00,1.000000000000002665e+00,1.000000000000002665e+00,1.000000000000002665e+00,1.000000000000002665e+00,1.000000000000002665e+00,1.000000000000002665e+00,1.000000000000002665e+00,1.000000000000002665e+00,1.000000000000002665e+00,1.000000000000002665e+00,1.000000000000002665e+00,1.000000000000002665e+00,1.000000000000002665e+00,1.000000000000002665e+00,1.000000000000002665e+00,1.000000000000002665e+00,1.000000000000002665e+00,1.000000000000002665e+00,1.000000000000002665e+00,1.000000000000002665e+00,1.000000000000002665e+00,1.000000000000002665e+00,1.000000000000002665e+00,1.000000000000002665e+00,1.000000000000002665e+00,1.000000000000002665e+00,1.000000000000002665e+00,1.000000000000002665e+00,1.000000000000002665e+00,1.000000000000002665e+00,1.000000000000002665e+00,1.000000000000002665e+00,1.000000000000002665e+00,1.000000000000002665e+00,1.000000000000002665e+00,1.000000000000002665e+00,1.000000000000002665e+00,1.000000000000002665e+00,1.000000000000002665e+00,1.000000000000002665e+00,1.000000000000002665e+00,1.000000000000002665e+00,1.000000000000002665e+00,1.000000000000002665e+00,1.000000000000002665e+00,1.000000000000002665e+00,1.000000000000002665e+00,1.000000000000002665e+00,1.000000000000002665e+00,1.000000000000002665e+00,1.000000000000002665e+00,1.000000000000002665e+00,1.000000000000002665e+00,1.000000000000002665e+00,1.000000000000002665e+00,1.000000000000002665e+00,1.000000000000002665e+00,1.000000000000002665e+00,1.000000000000002665e+00,1.000000000000002665e+00,1.000000000000002665e+00,1.000000000000002665e+00,1.000000000000002665e+00,1.000000000000002665e+00,1.000000000000002665e+00,1.000000000000002665e+00,1.000000000000002665e+00,1.000000000000002665e+00,1.000000000000002665e+00,1.000000000000002665e+00,1.000000000000002665e+00,1.000000000000002665e+00,1.000000000000002665e+00,1.000000000000002665e+00,1.000000000000002665e+00,1.000000000000002665e+00,1.000000000000002665e+00,1.000000000000002665e+00,1.000000000000002665e+00,1.000000000000002665e+00,1.000000000000002665e+00,1.000000000000002665e+00,1.000000000000002665e+00,1.000000000000002665e+00,1.000000000000002665e+00,1.000000000000002665e+00,1.000000000000002665e+00,1.000000000000002665e+00,1.000000000000002665e+00,1.000000000000002665e+00,1.000000000000002665e+00,1.000000000000002665e+00,1.000000000000002665e+00,1.000000000000002665e+00,1.000000000000002665e+00,1.000000000000002665e+00,1.000000000000002665e+00,1.000000000000002665e+00,1.000000000000002665e+00,1.000000000000002665e+00,1.000000000000002665e+00,1.000000000000002665e+00,1.000000000000002665e+00,1.000000000000002665e+00,1.000000000000002665e+00,1.000000000000002665e+00,1.000000000000002665e+00,1.000000000000002665e+00,1.000000000000002665e+00,1.000000000000002665e+00,1.000000000000002665e+00,1.000000000000002665e+00,1.000000000000002665e+00,1.000000000000002665e+00,1.000000000000002665e+00,1.000000000000002665e+00,1.000000000000002665e+00,1.000000000000002665e+00,1.000000000000002665e+00,1.000000000000002665e+00,1.000000000000002665e+00,1.000000000000002665e+00,1.000000000000002665e+00,1.000000000000002665e+00,1.000000000000002665e+00,1.000000000000002665e+00,1.000000000000002665e+00,1.000000000000002665e+00,1.000000000000002665e+00,1.000000000000002665e+00,1.000000000000002665e+00,1.000000000000002665e+00,1.000000000000002665e+00,1.000000000000002665e+00,1.000000000000002665e+00,1.000000000000002665e+00,1.000000000000002665e+00,1.000000000000002665e+00,1.000000000000002665e+00,1.000000000000002665e+00,1.000000000000002665e+00,1.000000000000002665e+00,1.000000000000002665e+00,1.000000000000002665e+00,1.000000000000002665e+00,1.000000000000002665e+00,1.000000000000002665e+00,1.000000000000002665e+00,1.000000000000002665e+00,1.000000000000002665e+00,1.000000000000002665e+00,1.000000000000002665e+00,1.000000000000002665e+00,1.000000000000002665e+00,1.000000000000002665e+00,1.000000000000002665e+00,1.000000000000002665e+00,1.000000000000002665e+00,1.000000000000002665e+00,1.000000000000002665e+00,1.000000000000002665e+00,1.000000000000002665e+00,1.000000000000002665e+00,1.000000000000002665e+00,1.000000000000002665e+00,1.000000000000002665e+00,1.000000000000002665e+00,1.000000000000002665e+00,1.000000000000002665e+00,1.000000000000002665e+00,1.000000000000002665e+00,1.000000000000002665e+00,1.000000000000002665e+00,1.000000000000002665e+00,1.000000000000002665e+00,1.000000000000002665e+00,1.000000000000002665e+00,1.000000000000002665e+00,1.000000000000002665e+00,1.000000000000002665e+00,1.000000000000002665e+00,1.000000000000002665e+00,1.000000000000002665e+00,1.000000000000002665e+00,1.000000000000002665e+00,1.000000000000002665e+00,1.000000000000002665e+00,1.000000000000002665e+00,1.000000000000002665e+00,1.000000000000002665e+00,1.000000000000002665e+00,1.000000000000002665e+00,1.000000000000002665e+00,1.000000000000002665e+00,1.000000000000002665e+00,1.000000000000002665e+00,1.000000000000002665e+00,1.000000000000002665e+00,1.000000000000002665e+00,1.000000000000002665e+00,1.000000000000002665e+00,1.000000000000002665e+00,1.000000000000002665e+00,1.000000000000002665e+00,1.000000000000002665e+00,1.000000000000002665e+00,1.000000000000002665e+00,1.000000000000002665e+00,1.000000000000002665e+00,1.000000000000002665e+00,1.000000000000002665e+00,1.000000000000002665e+00,1.000000000000002665e+00,1.000000000000002665e+00,1.000000000000002665e+00,1.000000000000002665e+00,1.000000000000002665e+00,1.000000000000002665e+00,1.000000000000002665e+00,1.000000000000002665e+00,1.000000000000002665e+00,1.000000000000002665e+00,1.000000000000002665e+00,1.000000000000002665e+00,1.000000000000002665e+00,1.000000000000002665e+00,1.000000000000002665e+00,1.000000000000002665e+00,1.000000000000002665e+00,1.000000000000002665e+00,1.000000000000002665e+00,1.000000000000002665e+00,1.000000000000002665e+00,1.000000000000002665e+00,1.000000000000002665e+00,1.000000000000002665e+00,1.000000000000002665e+00,1.000000000000002665e+00,1.000000000000002665e+00,1.000000000000002665e+00,1.000000000000002665e+00,1.000000000000002665e+00,1.000000000000002665e+00,1.000000000000002665e+00,1.000000000000002665e+00,1.000000000000002665e+00,1.000000000000002665e+00,1.000000000000002665e+00,1.000000000000002665e+00,1.000000000000002665e+00,1.000000000000002665e+00,1.000000000000002665e+00,1.000000000000002665e+00,1.000000000000002665e+00,1.000000000000002665e+00,1.000000000000002665e+00,1.000000000000002665e+00,1.000000000000002665e+00,1.000000000000002665e+00,1.000000000000002665e+00,1.000000000000002665e+00,1.000000000000002665e+00,1.000000000000002665e+00,1.000000000000002665e+00,1.000000000000002665e+00,1.000000000000002665e+00,1.000000000000002665e+00,1.000000000000002665e+00,1.000000000000002665e+00,1.000000000000002665e+00,1.000000000000002665e+00,1.000000000000002665e+00,1.000000000000002665e+00,1.000000000000002665e+00,1.000000000000002665e+00,1.000000000000002665e+00,1.000000000000002665e+00,1.000000000000002665e+00
1.000000000000003331e+00,9.952286801431196039e-01,9.952326281561884036e-01,9.952282137234721437e-01,9.952282321871207538e-01,9.952328061613515686e-01,9.952329498847406475e-01,9.952329628447645904e-01,9.952329652540290450e-01,9.952329659023374520e-01,9.952329660806213951e-01,9.952329660398551159e-01,9.952329657539434882e-01,9.952329648842623833e-01,9.952329618588511284e-01,9.952329465955429555e-01,9.952327898941051298e-01,9.952280653288463341e-01,9.952286801431196039e-01,1.000000000000003331e+00,9.952332489221816791e-01,9.952326281560994747e-01,9.952327900568648245e-01,9.952373657966121501e-01,9.952375099416549409e-01,9.952375230372588755e-01,9.952375255015266653e-01,9.952375261789560001e-01,9.952375263801421790e-01,9.952375263687133211e-01,9.952375261383930027e-01,9.952375254057701515e-01,9.952375228057449563e-01,9.952375092885985541e-01,9.952373634117815948e-01,9.952327768468438585e-01,9.952326281561884036e-01,9.952332489221816791e-01,1.000000000000003331e+00,9.952286801431127206e-01,9.952327768468766100e-01,9.952373634118021339e-01,9.952375092885797914e-01,9.952375228057803724e-01,9.952375254058911658e-01,9.952375261384401872e-01,9.952375263687662788e-01,9.952375263801711558e-01,9.952375261789900840e-01,9.952375255014873634e-01,9.952375230373050607e-01,9.952375099417558602e-01,9.952373657966731013e-01,9.952327900569138963e-01,9.952282137234721437e-01,9.952326281560994747e-01,9.952286801431127206e-01,1.000000000000003331e+00,9.952280653287902679e-01,9.952327898940365181e-01,9.952329465954347087e-01,9.952329618587977267e-01,9.952329648842941356e-01,9.952329657539020769e-01,9.952329660398189226e-01,9.952329660805609990e-01,9.952329659022826069e-01,9.952329652539005922e-01,9.952329628447218468e-01,9.952329498847523048e-01,9.952328061613240351e-01,9.952282321870804527e-01,9.952282321871207538e-01,9.952327900568648245e-01,9.952327768468766100e-01,9.952280653287902679e-01,1.000000000000003331e+00,9.952286992538941224e-01,9.952327907360708492e-01,9.952329494636046325e-01,9.952329648614613999e-01,9.952329678820164283e-01,9.952329687259597879e-01,9.952329689579677563e-01,9.952329688641009531e-01,9.952329682677918399e-01,9.952329659106876614e-01,9.952329530351431419e-01,9.952328095031417465e-01,9.952282360926901772e-01,9.952328061613515686e-01,9.952373657966121501e-01,9.952373634118021339e-01,9.952327898940365181e-01,9.952286992538941224e-01,1.000000000000003331e+00,9.952334248666832028e-01,9.952373773290115189e-01,9.952375252095573277e-01,9.952375388427262548e-01,9.952375414098721951e-01,9.952375420622361357e-01,9.952375421038336389e-01,9.952375415625037691e-01,9.952375392345038652e-01,9.952375263818017403e-01,9.952373828784920606e-01,9.952328095031296451e-01,9.952329498847406475e-01,9.952375099416549409e-01,9.952375092885797914e-01,9.952329465954347087e-01,9.952327907360708492e-01,9.952334248666832028e-01,1.000000000000003331e+00,9.952335815170584299e-01,9.952375232019766704e-01,9.952376693395939000e-01,9.952376825246417313e-01,9.952376849018124139e-01,9.952376853643654098e-01,9.952376849587530883e-01,9.952376826858360115e-01,9.952376698622582563e-01,9.952375263817621054e-01,9.952329530350909614e-01,9.952329628447645904e-01,9.952375230372588755e-01,9.952375228057803724e-01,9.952329618587977267e-01,9.952329494636046325e-01,9.952373773290115189e-01,9.952335815170584299e-01,1.000000000000003331e+00,9.952335967785156390e-01,9.952375367041746967e-01,9.952376823936504024e-01,9.952376953888223410e-01,9.952376975762187161e-01,9.952376975915765422e-01,9.952376954543830090e-01,9.952376826858907455e-01,9.952375392345182981e-01,9.952329659106905480e-01,9.952329652540290450e-01,9.952375255015266653e-01,9.952375254058911658e-01,9.952329648842941356e-01,9.952329648614613999e-01,9.952375252095573277e-01,9.952375232019766704e-01,9.952335967785156390e-01,1.000000000000003331e+00,9.952335997896817332e-01,9.952375392627902384e-01,9.952376847622842471e-01,9.952376975676816562e-01,9.952376993078847489e-01,9.952376975916622515e-01,9.952376849588933094e-01,9.952375415626044663e-01,9.952329682678797695e-01,9.952329659023374520e-01,9.952375261789560001e-01,9.952375261384401872e-01,9.952329657539020769e-01,9.952329678820164283e-01,9.952375388427262548e-01,9.952376693395939000e-01,9.952375367041746967e-01,9.952335997896817332e-01,1.000000000000003331e+00,9.952336006178977845e-01,9.952375398997183042e-01,9.952376852094051429e-01,9.952376975676082704e-01,9.952376975762307065e-01,9.952376853644322452e-01,9.952375421038601733e-01,9.952329688641159411e-01,9.952329660806213951e-01,9.952375263801421790e-01,9.952375263687662788e-01,9.952329660398189226e-01,9.952329687259597879e-01,9.952375414098721951e-01,9.952376825246417313e-01,9.952376823936504024e-01,9.952375392627902384e-01,9.952336006178977845e-01,1.000000000000003331e+00,9.952336008080174823e-01,9.952375398997237443e-01,9.952376847622157463e-01,9.952376953888395494e-01,9.952376849018841343e-01,9.952375420622684432e-01,9.952329689579874072e-01,9.952329660398551159e-01,9.952375263687133211e-01,9.952375263801711558e-01,9.952329660805609990e-01,9.952329689579677563e-01,9.952375420622361357e-01,9.952376849018124139e-01,9.952376953888223410e-01,9.952376847622842471e-01,9.952375398997183042e-01,9.952336008080174823e-01,1.000000000000003331e+00,9.952336006178792438e-01,9.952375392626980899e-01,9.952376823936439632e-01,9.952376825246899150e-01,9.952375414098801887e-01,9.952329687259561242e-01,9.952329657539434882e-01,9.952375261383930027e-01,9.952375261789900840e-01,9.952329659022826069e-01,9.952329688641009531e-01,9.952375421038336389e-01,9.952376853643654098e-01,9.952376975762187161e-01,9.952376975676816562e-01,9.952376852094051429e-01,9.952375398997237443e-01,9.952336006178792438e-01,1.000000000000003331e+00,9.952335997895946917e-01,9.952375367041735865e-01,9.952376693396471907e-01,9.952375388427402436e-01,9.952329678820176495e-01,9.952329648842623833e-01,9.952375254057701515e-01,9.952375255014873634e-01,9.952329652539005922e-01,9.952329682677918399e-01,9.952375415625037691e-01,9.952376849587530883e-01,9.952376975915765422e-01,9.952376993078847489e-01,9.952376975676082704e-01,9.952376847622157463e-01,9.952375392626980899e-01,9.952335997895946917e-01,1.000000000000003331e+00,9.952335967784404769e-01,9.952375232019564644e-01,9.952375252094973757e-01,9.952329648613891244e-01,9.952329618588511284e-01,9.952375228057449563e-01,9.952375230373050607e-01,9.952329628447218468e-01,9.952329659106876614e-01,9.952375392345038652e-01,9.952376826858360115e-01,9.952376954543830090e-01,9.952376975916622515e-01,9.952376975762307065e-01,9.952376953888395494e-01,9.952376823936439632e-01,9.952375367041735865e-01,9.952335967784404769e-01,1.000000000000003331e+00,9.952335815171238220e-01,9.952373773290372760e-01,9.952329494636177332e-01,9.952329465955429555e-01,9.952375092885985541e-01,9.952375099417558602e-01,9.952329498847523048e-01,9.952329530351431419e-01,9.952375263818017403e-01,9.952376698622582563e-01,9.952376826858907455e-01,9.952376849588933094e-01,9.952376853644322452e-01,9.952376849018841343e-01,9.952376825246899150e-01,9.952376693396471907e-01,9.952375232019564644e-01,9.952335815171238220e-01,1.000000000000003331e+00,9.952334248667636940e-01,9.952327907361386838e-01,9.952327898941051298e-01,9.952373634117815948e-01,9.952373657966731013e-01,9.952328061613240351e-01,9.952328095031417465e-01,9.952373828784920606e-01,9.952375263817621054e-01,9.952375392345182981e-01,9.952375415626044663e-01,9.952375421038601733e-01,9.952375420622684432e-01,9.952375414098801887e-01,9.952375388427402436e-01,9.952375252094973757e-01,9.952373773290372760e-01,9.952334248667636940e-01,1.000000000000003331e+00,9.952286992539225441e-01,9.952280653288463341e-01,9.952327768468438585e-01,9.952327900569138963e-01,9.952282321870804527e-01,9.952282360926901772e-01,9.952328095031296451e-01,9.952329530350909614e-01,9.952329659106905480e-01,9.952329682678797695e-01,9.952329688641159411e-01,9.952329689579874072e-01,9.952329687259561242e-01,9.952329678820176495e-01,9.952329648613891244e-01,9.952329494636177332e-01,9.952327907361386838e-01,9.952286992539225441e-01,1.000000000000003331e+00
1.000000000000001554e+00,9.905236020597000257e-01,9.905391823093777637e-01,9.905217876407091948e-01,9.905218584259012360e-01,9.905398580528600450e-01,9.905403913570861585e-01,9.905404400705023482e-01,9.905404492721956444e-01,9.905404517651850149e-01,9.905404524520554643e-01,9.905404522927291344e-01,9.905404511856097383e-01,9.905404478288275527e-01,9.905404362275813668e-01,9.905403785708665199e-01,9.905397950673698881e-01,9.905212022648574033e-01,9.905236020597000257e-01,1.000000000000001554e+00,9.905416167842969744e-01,9.905391823087800196e-01,9.905397971484537489e-01,9.905578038770705973e-01,9.905583388171250725e-01,9.905583880557006227e-01,9.905583974706373418e-01,9.905584000767766462e-01,9.905584008529800810e-01,9.905584008084575842e-01,9.905583999190357147e-01,9.905583970983906639e-01,9.905583871572620769e-01,9.905583362882196541e-01,9.905577946724354321e-01,9.905397460470951598e-01,9.905391823093777637e-01,9.905416167842969744e-01,1.000000000000001554e+00,9.905236020596333013e-01,9.905397460472228355e-01,9.905577946724801741e-01,9.905583362880885367e-01,9.905583871575061039e-01,9.905583970991865828e-01,9.905583999193782185e-01,9.905584008088506032e-01,9.905584008531186369e-01,9.905584000769643849e-01,9.905583974703735528e-01,9.905583880559867271e-01,9.905583388177882087e-01,9.905578038775554317e-01,9.905397971488565378e-01,9.905217876407091948e-01,9.905391823087800196e-01,9.905236020596333013e-01,1.000000000000001554e+00,9.905212022643890002e-01,9.905397950668181073e-01,9.905403785701367703e-01,9.905404362272296481e-01,9.905404478290259496e-01,9.905404511853557192e-01,9.905404522925247424e-01,9.905404524515966092e-01,9.905404517647755647e-01,9.905404492713330011e-01,9.905404400701917078e-01,9.905403913571516616e-01,9.905398580527494667e-01,9.905218584257059478e-01,9.905218584259012360e-01,9.905397971484537489e-01,9.905397460472228355e-01,9.905212022643890002e-01,1.000000000000001554e+00,9.905236744602585741e-01,9.905397869386519671e-01,9.905403888619336294e-01,9.905404476555648152e-01,9.905404593039830452e-01,9.905404625736238255e-01,9.905404634758944171e-01,9.905404631175904751e-01,9.905404608269862132e-01,9.905404518286959892e-01,9.905404034442696348e-01,9.905398708842295674e-01,9.905218734638737699e-01,9.905398580528600450e-01,9.905578038770705973e-01,9.905577946724801741e-01,9.905397950668181073e-01,9.905236744602585741e-01,1.000000000000001554e+00,9.905422727912202019e-01,9.905578356223357916e-01,9.905583956013499503e-01,9.905584475506155062e-01,9.905584574341338433e-01,9.905584599580190552e-01,9.905584601235846165e-01,9.905584580459411148e-01,9.905584491605711195e-01,9.905584008645869076e-01,9.905578684097753328e-01,9.905398708841470778e-01,9.905403913570861585e-01,9.905583388171250725e-01,9.905583362880885367e-01,9.905403785701367703e-01,9.905397869386519671e-01,9.905422727912202019e-01,1.000000000000001554e+00,9.905428557154548619e-01,9.905583771647034075e-01,9.905589304695420205e-01,9.905589806949154363e-01,9.905589898451099273e-01,9.905589916369436088e-01,9.905589900851392571e-01,9.905589814135530302e-01,9.905589332307157546e-01,9.905584008644100491e-01,9.905404034440083993e-01,9.905404400705023482e-01,9.905583880557006227e-01,9.905583871575061039e-01,9.905404362272296481e-01,9.905403888619336294e-01,9.905578356223357916e-01,9.905428557154548619e-01,1.000000000000001554e+00,9.905429133141590015e-01,9.905584279622017263e-01,9.905589795429398103e-01,9.905590290356964811e-01,9.905590374541008991e-01,9.905590375286695837e-01,9.905590293829670268e-01,9.905589814139301730e-01,9.905584491607698494e-01,9.905404518288122295e-01,9.905404492721956444e-01,9.905583974706373418e-01,9.905583970991865828e-01,9.905404478290259496e-01,9.905404476555648152e-01,9.905583956013499503e-01,9.905583771647034075e-01,9.905429133141590015e-01,1.000000000000001554e+00,9.905429248491433025e-01,9.905584377390794781e-01,9.905589885864281019e-01,9.905590373473937005e-01,9.905590440485456671e-01,9.905590375292212535e-01,9.905589900860674035e-01,9.905584580466928468e-01,9.905404608276527911e-01,9.905404517651850149e-01,9.905584000767766462e-01,9.905583999193782185e-01,9.905404511853557192e-01,9.905404593039830452e-01,9.905584475506155062e-01,9.905589304695420205e-01,9.905584279622017263e-01,9.905429248491433025e-01,1.000000000000001554e+00,9.905429280414469462e-01,9.905584401879182765e-01,9.905589903032345767e-01,9.905590373469413956e-01,9.905590374541985987e-01,9.905589916374186732e-01,9.905584601238812681e-01,9.905404631178061914e-01,9.905404524520554643e-01,9.905584008529800810e-01,9.905584008088506032e-01,9.905404522925247424e-01,9.905404625736238255e-01,9.905584574341338433e-01,9.905589806949154363e-01,9.905589795429398103e-01,9.905584377390794781e-01,9.905429280414469462e-01,1.000000000000001554e+00,9.905429287758992229e-01,9.905584401879681256e-01,9.905589885860238697e-01,9.905590290358440297e-01,9.905589898456346187e-01,9.905584599583662220e-01,9.905404634761573179e-01,9.905404522927291344e-01,9.905584008084575842e-01,9.905584008531186369e-01,9.905404524515966092e-01,9.905404634758944171e-01,9.905584599580190552e-01,9.905589898451099273e-01,9.905590290356964811e-01,9.905589885864281019e-01,9.905584401879182765e-01,9.905429287758992229e-01,1.000000000000001554e+00,9.905429280412418880e-01,9.905584377384224481e-01,9.905589795428334510e-01,9.905589806951869969e-01,9.905584574342261028e-01,9.905404625736350388e-01,9.905404511856097383e-01,9.905583999190357147e-01,9.905584000769643849e-01,9.905404517647755647e-01,9.905404631175904751e-01,9.905584601235846165e-01,9.905589916369436088e-01,9.905590374541008991e-01,9.905590373473937005e-01,9.905589903032345767e-01,9.905584401879681256e-01,9.905429280412418880e-01,1.000000000000001554e+00,9.905429248485332350e-01,9.905584279621455490e-01,9.905589304698618758e-01,9.905584475507600573e-01,9.905404593040427752e-01,9.905404478288275527e-01,9.905583970983906639e-01,9.905583974703735528e-01,9.905404492713330011e-01,9.905404608269862132e-01,9.905584580459411148e-01,9.905589900851392571e-01,9.905590375286695837e-01,9.905590440485456671e-01,9.905590373469413956e-01,9.905589885860238697e-01,9.905584377384224481e-01,9.905429248485332350e-01,1.000000000000001554e+00,9.905429133136471886e-01,9.905583771645709579e-01,9.905583956010400870e-01,9.905404476551709081e-01,9.905404362275813668e-01,9.905583871572620769e-01,9.905583880559867271e-01,9.905404400701917078e-01,9.905404518286959892e-01,9.905584491605711195e-01,9.905589814135530302e-01,9.905590293829670268e-01,9.905590375292212535e-01,9.905590374541985987e-01,9.905590290358440297e-01,9.905589795428334510e-01,9.905584279621455490e-01,9.905429133136471886e-01,1.000000000000001554e+00,9.905428557158750813e-01,9.905578356225773762e-01,9.905403888620901709e-01,9.905403785708665199e-01,9.905583362882196541e-01,9.905583388177882087e-01,9.905403913571516616e-01,9.905404034442696348e-01,9.905584008645869076e-01,9.905589332307157546e-01,9.905589814139301730e-01,9.905589900860674035e-01,9.905589916374186732e-01,9.905589898456346187e-01,9.905589806951869969e-01,9.905589304698618758e-01,9.905583771645709579e-01,9.905428557158750813e-01,1.000000000000001554e+00,9.905422727918404835e-01,9.905397869391866505e-01,9.905397950673698881e-01,9.905577946724354321e-01,9.905578038775554317e-01,9.905398580527494667e-01,9.905398708842295674e-01,9.905578684097753328e-01,9.905584008644100491e-01,9.905584491607698494e-01,9.905584580466928468e-01,9.905584601238812681e-01,9.905584599583662220e-01,9.905584574342261028e-01,9.905584475507600573e-01,9.905583956010400870e-01,9.905578356225773762e-01,9.905422727918404835e-01,1.000000000000001554e+00,9.905236744606169541e-01,9.905212022648574033e-01,9.905397460470951598e-01,9.905397971488565378e-01,9.905218584257059478e-01,9.905218734638737699e-01,9.905398708841470778e-01,9.905404034440083993e-01,9.905404518288122295e-01,9.905404608276527911e-01,9.905404631178061914e-01,9.905404634761573179e-01,9.905404625736350388e-01,9.905404593040427752e-01,9.905404476551709081e-01,9.905403888620901709e-01,9.905397869391866505e-01,9.905236744606169541e-01,1.000000000000001554e+00
9.999999999999987788e-01,9.858831331158921518e-01,9.859177224108115478e-01,9.858791626282246146e-01,9.858793154110758739e-01,9.859191646786050756e-01,9.859202750694391337e-01,9.859203781899420482e-01,9.859203979811090868e-01,9.859204033776631793e-01,9.859204048671390552e-01,9.859204045168672437e-01,9.859204021040463006e-01,9.859203948111961990e-01,9.859203697609978390e-01,9.859202470978116750e-01,9.859190274753755201e-01,9.858778637581985249e-01,9.858831331158921518e-01,9.999999999999987788e-01,9.859230935124493334e-01,9.859177224092506853e-01,9.859190349591587799e-01,9.859589006419181567e-01,9.859600146123081998e-01,9.859601188783687631e-01,9.859601391349372967e-01,9.859601447789286821e-01,9.859601464644899282e-01,9.859601463669871446e-01,9.859601444338180753e-01,9.859601383209728453e-01,9.859601169163753065e-01,9.859600091011540002e-01,9.859588806503133407e-01,9.859189237532109962e-01,9.859177224108115478e-01,9.859230935124493334e-01,9.999999999999987788e-01,9.858831331157358324e-01,9.859189237534515815e-01,9.859588806503271075e-01,9.859600091008730027e-01,9.859601169170797430e-01,9.859601383230068850e-01,9.859601444347519950e-01,9.859601463680550681e-01,9.859601464648308777e-01,9.859601447794025253e-01,9.859601391343117971e-01,9.859601188790733106e-01,9.859600146139967380e-01,9.859589006433130409e-01,9.859190349603238479e-01,9.858791626282246146e-01,9.859177224092506853e-01,9.858831331157358324e-01,9.999999999999987788e-01,9.858778637568796910e-01,9.859190274738282023e-01,9.859202470959703701e-01,9.859203697601404137e-01,9.859203948116708194e-01,9.859204021034196908e-01,9.859204045163739716e-01,9.859204048659198083e-01,9.859204033765754938e-01,9.859203979789219474e-01,9.859203781890862883e-01,9.859202750695675865e-01,9.859191646784405405e-01,9.858793154106821888e-01,9.858793154110758739e-01,9.859190349591587799e-01,9.859189237534515815e-01,9.858778637568796910e-01,9.999999999999987788e-01,9.858832875895203740e-01,9.859189847318410305e-01,9.859202678619479743e-01,9.859203942573895318e-01,9.859204195456777731e-01,9.859204266751605550e-01,9.859204286498496339e-01,9.859204278799627019e-01,9.859204229269042941e-01,9.859204035817035194e-01,9.859203011819364093e-01,9.859191924194840029e-01,9.858793480114291796e-01,9.859191646786050756e-01,9.859589006419181567e-01,9.859588806503271075e-01,9.859190274738282023e-01,9.858832875895203740e-01,9.999999999999987788e-01,9.859244669309801257e-01,9.859589416911243021e-01,9.859601335539420752e-01,9.859602450064497425e-01,9.859602664282663964e-01,9.859602719241196134e-01,9.859602722943847652e-01,9.859602678054983915e-01,9.859602487066738696e-01,9.859601464987941544e-01,9.859590379446154795e-01,9.859191924192555190e-01,9.859202750694391337e-01,9.859600146123081998e-01,9.859600091008730027e-01,9.859202470959703701e-01,9.859189847318410305e-01,9.859244669309801257e-01,9.999999999999987788e-01,9.859256844494547201e-01,9.859600698571776567e-01,9.859612473386043519e-01,9.859613550588369746e-01,9.859613748876854267e-01,9.859613787943478647e-01,9.859613754520835105e-01,9.859613568201864853e-01,9.859612548596468073e-01,9.859601464985006114e-01,9.859203011814143824e-01,9.859203781899420482e-01,9.859601188783687631e-01,9.859601169170797430e-01,9.859203697601404137e-01,9.859202678619479743e-01,9.859589416911243021e-01,9.859256844494547201e-01,9.999999999999987788e-01,9.859258068782147388e-01,9.859601774873200108e-01,9.859613512356079079e-01,9.859614573649810865e-01,9.859614756054217999e-01,9.859614757998699242e-01,9.859614583147310318e-01,9.859613568211708090e-01,9.859602487073646504e-01,9.859204035821640399e-01,9.859203979811090868e-01,9.859601391349372967e-01,9.859601383230068850e-01,9.859203948116708194e-01,9.859203942573895318e-01,9.859601335539420752e-01,9.859600698571776567e-01,9.859258068782147388e-01,9.999999999999987788e-01,9.859258317600610999e-01,9.859601985253364509e-01,9.859613706803875832e-01,9.859614752213501365e-01,9.859614897496110641e-01,9.859614758012004154e-01,9.859613754543985475e-01,9.859602678075199966e-01,9.859204229286968602e-01,9.859204033776631793e-01,9.859601447789286821e-01,9.859601444347519950e-01,9.859204021034196908e-01,9.859204195456777731e-01,9.859602450064497425e-01,9.859612473386043519e-01,9.859601774873200108e-01,9.859258317600610999e-01,9.999999999999987788e-01,9.859258386863536394e-01,9.859602038255915746e-01,9.859613743914869000e-01,9.859614752202512378e-01,9.859614756056515050e-01,9.859613787955620046e-01,9.859602722953064724e-01,9.859204278806558142e-01,9.859204048671390552e-01,9.859601464644899282e-01,9.859601463680550681e-01,9.859204045163739716e-01,9.859204266751605550e-01,9.859602664282663964e-01,9.859613550588369746e-01,9.859613512356079079e-01,9.859601985253364509e-01,9.859258386863536394e-01,9.999999999999987788e-01,9.859258402833608326e-01,9.859602038257249124e-01,9.859613706794198018e-01,9.859614573653446845e-01,9.859613748890350138e-01,9.859602719251731040e-01,9.859204286506766390e-01,9.859204045168672437e-01,9.859601463669871446e-01,9.859601464648308777e-01,9.859204048659198083e-01,9.859204286498496339e-01,9.859602719241196134e-01,9.859613748876854267e-01,9.859614573649810865e-01,9.859613706803875832e-01,9.859602038255915746e-01,9.859258402833608326e-01,9.999999999999987788e-01,9.859258386857518985e-01,9.859601985236440269e-01,9.859613512352454201e-01,9.859613550594602538e-01,9.859602664285939122e-01,9.859204266752591428e-01,9.859204021040463006e-01,9.859601444338180753e-01,9.859601447794025253e-01,9.859204033765754938e-01,9.859204278799627019e-01,9.859602722943847652e-01,9.859613787943478647e-01,9.859614756054217999e-01,9.859614752213501365e-01,9.859613743914869000e-01,9.859602038257249124e-01,9.859258386857518985e-01,9.999999999999987788e-01,9.859258317584929099e-01,9.859601774870906388e-01,9.859612473393584153e-01,9.859602450069119284e-01,9.859204195459111419e-01,9.859203948111961990e-01,9.859601383209728453e-01,9.859601391343117971e-01,9.859203979789219474e-01,9.859204229269042941e-01,9.859602678054983915e-01,9.859613754520835105e-01,9.859614757998699242e-01,9.859614897496110641e-01,9.859614752202512378e-01,9.859613706794198018e-01,9.859601985236440269e-01,9.859258317584929099e-01,9.999999999999987788e-01,9.859258068768750327e-01,9.859600698568342647e-01,9.859601335533031419e-01,9.859203942565204493e-01,9.859203697609978390e-01,9.859601169163753065e-01,9.859601188790733106e-01,9.859203781890862883e-01,9.859204035817035194e-01,9.859602487066738696e-01,9.859613568201864853e-01,9.859614583147310318e-01,9.859614758012004154e-01,9.859614756056515050e-01,9.859614573653446845e-01,9.859613512352454201e-01,9.859601774870906388e-01,9.859258068768750327e-01,9.999999999999987788e-01,9.859256844504487027e-01,9.859589416918170812e-01,9.859202678624100491e-01,9.859202470978116750e-01,9.859600091011540002e-01,9.859600146139967380e-01,9.859202750695675865e-01,9.859203011819364093e-01,9.859601464987941544e-01,9.859612548596468073e-01,9.859613568211708090e-01,9.859613754543985475e-01,9.859613787955620046e-01,9.859613748890350138e-01,9.859613550594602538e-01,9.859612473393584153e-01,9.859600698568342647e-01,9.859256844504487027e-01,9.999999999999987788e-01,9.859244669326662214e-01,9.859189847332885392e-01,9.859190274753755201e-01,9.859588806503133407e-01,9.859589006433130409e-01,9.859191646784405405e-01,9.859191924194840029e-01,9.859590379446154795e-01,9.859601464985006114e-01,9.859602487073646504e-01,9.859602678075199966e-01,9.859602722953064724e-01,9.859602719251731040e-01,9.859602664285939122e-01,9.859602450069119284e-01,9.859601335533031419e-01,9.859589416918170812e-01,9.859244669326662214e-01,9.999999999999987788e-01,9.858832875906773374e-01,9.858778637581985249e-01,9.859189237532109962e-01,9.859190349603238479e-01,9.858793154106821888e-01,9.858793480114291796e-01,9.859191924192555190e-01,9.859203011814143824e-01,9.859204035821640399e-01,9.859204229286968602e-01,9.859204278806558142e-01,9.859204286506766390e-01,9.859204266752591428e-01,9.859204195459111419e-01,9.859203942565204493e-01,9.859202678624100491e-01,9.859189847332885392e-01,9.858832875906773374e-01,9.999999999999987788e-01
