9.999999999999948930e-01,9.999999999999948930e-01,9.999999999999948930e-01,9.999999999999948930e-01,9.999999999999948930e-01,9.999999999999948930e-01,9.999999999999948930e-01,9.999999999999948930e-01,9.999999999999948930e-01,9.999999999999948930e-01,9.999999999999948930e-01,9.999999999999948930e-01,9.999999999999948930e-01,9.999999999999948930e-01,9.999999999999948930e-01,9.999999999999948930e-01,9.999999999999948930e-01,9.999999999999948930e-01,9.999999999999948930e-01,9.999999999999948930e-01,9.999999999999948930e-01,9.999999999999948930e-01,9.999999999999948930e-01,9.999999999999948930e-01,9.999999999999948930e-01,9.999999999999948930e-01,9.999999999999948930e-01,9.999999999999948930e-01,9.999999999999948930e-01,9.999999999999948930e-01,9.999999999999948930e-01,9.999999999999948930e-01,9.999999999999948930e-01,9.999999999999948930e-01,9.999999999999948930e-01,9.999999999999948930e-01,9.999999999999948930e-01,9.999999999999948930e-01,9.999999999999948930e-01,9.999999999999948930e-01,9.999999999999948930e-01,9.999999999999948930e-01,9.999999999999948930e-01,9.999999999999948930e-01,9.999999999999948930e-01,9.999999999999948930e-01,9.999999999999948930e-01,9.999999999999948930e-01,9.999999999999948930e-01,9.999999999999948930e-01,9.999999999999948930e-01,9.999999999999948930e-01,9.999999999999948930e-01,9.999999999999948930e-01,9.999999999999948930e-01,9.999999999999948930e-01,9.999999999999948930e-01,9.999999999999948930e-01,9.999999999999948930e-01,9.999999999999948930e-01,9.999999999999948930e-01,9.999999999999948930e-01,9.999999999999948930e-01,9.999999999999948930e-01,9.999999999999948930e-01,9.999999999999948930e-01,9.999999999999948930e-01,9.999999999999948930e-01,9.999999999999948930e-01,9.999999999999948930e-01,9.999999999999948930e-01,9.999999999999948930e-01,9.999999999999948930e-01,9.999999999999948930e-01,9.999999999999948930e-01,9.999999999999948930e-01,9.999999999999948930e-01,9.999999999999948930e-01,9.999999999999948930e-01,9.999999999999948930e-01,9.999999999999948930e-01,9.999999999999948930e-01,9.999999999999948930e-01,9.999999999999948930e-01,9.999999999999948930e-01,9.999999999999948930e-01,9.999999999999948930e-01,9.999999999999948930e-01,9.999999999999948930e-01,9.999999999999948930e-01,9.999999999999948930e-01,9.999999999999948930e-01,9.999999999999948930e-01,9.999999999999948930e-01,9.999999999999948930e-01,9.999999999999948930e-01,9.999999999999948930e-01,9.999999999999948930e-01,9.999999999999948930e-01,9.999999999999948930e-01,9.999999999999948930e-01,9.999999999999948930e-01,9.999999999999948930e-01,9.999999999999948930e-01,9.999999999999948930e-01,9.999999999999948930e-01,9.999999999999948930e-01,9.999999999999948930e-01,9.999999999999948930e-01,9.999999999999948930e-01,9.999999999999948930e-01,9.999999999999948930e-01,9.999999999999948930e-01,9.999999999999948930e-01,9.999999999999948930e-01,9.999999999999948930e-01,9.999999999999948930e-01,9.999999999999948930e-01,9.999999999999948930e-01,9.999999999999948930e-01,9.999999999999948930e-01,9.999999999999948930e-01,9.999999999999948930e-01,9.999999999999948930e-01,9.999999999999948930e-01,9.999999999999948930e-01,9.999999999999948930e-01,9.999999999999948930e-01,9.999999999999948930e-01,9.999999999999948930e-01,9.999999999999948930e-01,9.999999999999948930e-01,9.999999999999948930e-01,9.999999999999948930e-01,9.999999999999948930e-01,9.999999999999948930e-01,9.999999999999948930e-01,9.999999999999948930e-01,9.999999999999948930e-01,9.999999999999948930e-01,9.999999999999948930e-01,9.999999999999948930e-01,9.999999999999948930e-01,9.999999999999948930e-01,9.999999999999948930e-01,9.999999999999948930e-01,9.999999999999948930e-01,9.999999999999948930e-01,9.999999999999948930e-01,9.999999999999948930e-01,9.999999999999948930e-01,9.999999999999948930e-01,9.999999999999948930e-01,9.999999999999948930e-01,9.999999999999948930e-01,9.999999999999948930e-01,9.999999999999948930e-01,9.999999999999948930e-01,9.999999999999948930e-01,9.999999999999948930e-01,9.999999999999948930e-01,9.999999999999948930e-01,9.999999999999948930e-01,9.999999999999948930e-01,9.999999999999948930e-01,9.999999999999948930e-01,9.999999999999948930e-01,9.999999999999948930e-01,9.999999999999948930e-01,9.999999999999948930e-01,9.999999999999948930e-01,9.999999999999948930e-01,9.999999999999948930e-01,9.999999999999948930e-01,9.999999999999948930e-01,9.999999999999948930e-01,9.999999999999948930e-01,9.999999999999948930e-01,9.999999999999948930e-01,9.999999999999948930e-01,9.999999999999948930e-01,9.999999999999948930e-01,9.999999999999948930e-01,9.999999999999948930e-01,9.999999999999948930e-01,9.999999999999948930e-01,9.999999999999948930e-01,9.999999999999948930e-01,9.999999999999948930e-01,9.999999999999948930e-01,9.999999999999948930e-01,9.999999999999948930e-01,9.999999999999948930e-01,9.999999999999948930e-01,9.999999999999948930e-01,9.999999999999948930e-01,9.999999999999948930e-01,9.999999999999948930e-01,9.999999999999948930e-01,9.999999999999948930e-01,9.999999999999948930e-01,9.999999999999948930e-01,9.999999999999948930e-01,9.999999999999948930e-01,9.999999999999948930e-01,9.999999999999948930e-01,9.999999999999948930e-01,9.999999999999948930e-01,9.999999999999948930e-01,9.999999999999948930e-01,9.999999999999948930e-01,9.999999999999948930e-01,9.999999999999948930e-01,9.999999999999948930e-01,9.999999999999948930e-01,9.999999999999948930e-01,9.999999999999948930e-01,9.999999999999948930e-01,9.999999999999948930e-01,9.999999999999948930e-01,9.999999999999948930e-01,9.999999999999948930e-01,9.999999999999948930e-01,9.999999999999948930e-01,9.999999999999948930e-01,9.999999999999948930e-01,9.999999999999948930e-01,9.999999999999948930e-01,9.999999999999948930e-01,9.999999999999948930e-01,9.999999999999948930e-01,9.999999999999948930e-01,9.999999999999948930e-01,9.999999999999948930e-01,9.999999999999948930e-01,9.999999999999948930e-01,9.999999999999948930e-01,9.999999999999948930e-01,9.999999999999948930e-01,9.999999999999948930e-01,9.999999999999948930e-01,9.999999999999948930e-01,9.999999999999948930e-01,9.999999999999948930e-01,9.999999999999948930e-01,9.999999999999948930e-01,9.999999999999948930e-01,9.999999999999948930e-01,9.999999999999948930e-01,9.999999999999948930e-01,9.999999999999948930e-01,9.999999999999948930e-01,9.999999999999948930e-01,9.999999999999948930e-01,9.999999999999948930e-01,9.999999999999948930e-01,9.999999999999948930e-01,9.999999999999948930e-01,9.999999999999948930e-01,9.999999999999948930e-01,9.999999999999948930e-01,9.999999999999948930e-01,9.999999999999948930e-01,9.999999999999948930e-01,9.999999999999948930e-01,9.999999999999948930e-01,9.999999999999948930e-01,9.999999999999948930e-01,9.999999999999948930e-01,9.999999999999948930e-01,9.999999999999948930e-01,9.999999999999948930e-01,9.999999999999948930e-01,9.999999999999948930e-01,9.999999999999948930e-01,9.999999999999948930e-01,9.999999999999948930e-01,9.999999999999948930e-01,9.999999999999948930e-01,9.999999999999948930e-01,9.999999999999948930e-01,9.999999999999948930e-01,9.999999999999948930e-01,9.999999999999948930e-01,9.999999999999948930e-01,9.999999999999948930e-01,9.999999999999948930e-01,9.999999999999948930e-01,9.999999999999948930e-01,9.999999999999948930e-01,9.999999999999948930e-01,9.999999999999948930e-01,9.999999999999948930e-01,9.999999999999948930e-01,9.999999999999948930e-01,9.999999999999948930e-01,9.999999999999948930e-01,9.999999999999948930e-01,9.999999999999948930e-01,9.999999999999948930e-01,9.999999999999948930e-01,9.999999999999948930e-01,9.999999999999948930e-01,9.999999999999948930e-01,9.999999999999948930e-01,9.999999999999948930e-01,9.999999999999948930e-01,9.999999999999948930e-01,9.999999999999948930e-01,9.999999999999948930e-01,9.999999999999948930e-01,9.999999999999948930e-01,9.999999999999948930e-01,9.999999999999948930e-01,9.999999999999948930e-01,9.999999999999948930e-01,9.999999999999948930e-01,9.999999999999948930e-01,9.999999999999948930e-01,9.999999999999948930e-01,9.999999999999948930e-01,9.999999999999948930e-01,9.999999999999948930e-01,9.999999999999948930e-01
9.999999999999913403e-01,9.952286997701668136e-01,9.952327911448624054e-01,9.952329497915688439e-01,9.952329650828621865e-01,9.952329678846614236e-01,9.952329681207069401e-01,9.952329660906876763e-01,9.952329534032977598e-01,9.952328100592665594e-01,9.952282369785296900e-01,9.952282367902377525e-01,9.952328095451854484e-01,9.952329520602115620e-01,9.952329618698394498e-01,9.952329490041527116e-01,9.952327930462010475e-01,9.952280689437379424e-01,9.952286997701668136e-01,9.999999999999913403e-01,9.952334250544040417e-01,9.952373774355925962e-01,9.952375252095682079e-01,9.952375386239803445e-01,9.952375405832251110e-01,9.952375389735519384e-01,9.952375264215670425e-01,9.952373831318583886e-01,9.952328100592138238e-01,9.952328099232846670e-01,9.952373827547308371e-01,9.952375254074682376e-01,9.952375356425411379e-01,9.952375245230282719e-01,9.952373793896969190e-01,9.952327932873241689e-01,9.952327911448624054e-01,9.952334250544040417e-01,9.999999999999913403e-01,9.952335815170850752e-01,9.952375230954323415e-01,9.952376690142993310e-01,9.952376815914479868e-01,9.952376817065804460e-01,9.952376695755494884e-01,9.952375264215301831e-01,9.952329534032079428e-01,9.952329533193570166e-01,9.952375261805902484e-01,9.952376688884683187e-01,9.952376792593914390e-01,9.952376685614896523e-01,9.952375251599101524e-01,9.952329498821537168e-01,9.952329497915688439e-01,9.952373774355925962e-01,9.952335815170850752e-01,9.999999999999913403e-01,9.952335965908325477e-01,9.952375362980531159e-01,9.952376813796534050e-01,9.952376921127904508e-01,9.952376817066006520e-01,9.952375389735350630e-01,9.952329660906182873e-01,9.952329660911792830e-01,9.952375389753731483e-01,9.952376817123815833e-01,9.952376921384009645e-01,9.952376815762783435e-01,9.952375385963097010e-01,9.952329650647165904e-01,9.952329650828621865e-01,9.952375252095682079e-01,9.952375230954323415e-01,9.952335965908325477e-01,9.999999999999913403e-01,9.952335992760683592e-01,9.952375381421463274e-01,9.952376813796676158e-01,9.952376815914821817e-01,9.952375405832225574e-01,9.952329681206513179e-01,9.952329683124782056e-01,9.952375412260191512e-01,9.952376839858573243e-01,9.952376944410034065e-01,9.952376839339770465e-01,9.952375410898567365e-01,9.952329679836519061e-01,9.952329678846614236e-01,9.952375386239803445e-01,9.952376690142993310e-01,9.952375362980531159e-01,9.952335992760683592e-01,9.999999999999913403e-01,9.952335992760719119e-01,9.952375362980711015e-01,9.952376690143371896e-01,9.952375386239812327e-01,9.952329678846095762e-01,9.952329686344627557e-01,9.952375416035984523e-01,9.952376843925743177e-01,9.952376948705458082e-01,9.952376843926467043e-01,9.952375416036491895e-01,9.952329686345030568e-01,9.952329681207069401e-01,9.952375405832251110e-01,9.952376815914479868e-01,9.952376813796534050e-01,9.952375381421463274e-01,9.952335992760719119e-01,9.999999999999913403e-01,9.952335965908536419e-01,9.952375230954739749e-01,9.952375252095725378e-01,9.952329650828137808e-01,9.952329679836150467e-01,9.952375410898094410e-01,9.952376839339084347e-01,9.952376944410070703e-01,9.952376839859331525e-01,9.952375412260741072e-01,9.952329683125219484e-01,9.952329660906876763e-01,9.952375389735519384e-01,9.952376817065804460e-01,9.952376921127904508e-01,9.952376813796676158e-01,9.952375362980711015e-01,9.952335965908536419e-01,9.999999999999913403e-01,9.952335815171406974e-01,9.952373774356112479e-01,9.952329497915345380e-01,9.952329650646940529e-01,9.952375385962768384e-01,9.952376815762238316e-01,9.952376921384189501e-01,9.952376817124718444e-01,9.952375389754418711e-01,9.952329660912374587e-01,9.952329534032977598e-01,9.952375264215670425e-01,9.952376695755494884e-01,9.952376817066006520e-01,9.952376815914821817e-01,9.952376690143371896e-01,9.952375230954739749e-01,9.952335815171406974e-01,9.999999999999913403e-01,9.952334250544427885e-01,9.952327911448484166e-01,9.952329498821513853e-01,9.952375251598968298e-01,9.952376685614554574e-01,9.952376792594294086e-01,9.952376688885783418e-01,9.952375261806792883e-01,9.952329533194350653e-01,9.952328100592665594e-01,9.952373831318583886e-01,9.952375264215301831e-01,9.952375389735350630e-01,9.952375405832225574e-01,9.952375386239812327e-01,9.952375252095725378e-01,9.952373774356112479e-01,9.952334250544427885e-01,9.999999999999913403e-01,9.952286997701155213e-01,9.952327932872846450e-01,9.952373793896465148e-01,9.952375245229567735e-01,9.952375356425421371e-01,9.952375254075411792e-01,9.952373827547825735e-01,9.952328099233259673e-01,9.952282369785296900e-01,9.952328100592138238e-01,9.952329534032079428e-01,9.952329660906182873e-01,9.952329681206513179e-01,9.952329678846095762e-01,9.952329650828137808e-01,9.952329497915345380e-01,9.952327911448484166e-01,9.952286997701155213e-01,9.999999999999913403e-01,9.952280689436462380e-01,9.952327930460984629e-01,9.952329490040285886e-01,9.952329618697877134e-01,9.952329520602318791e-01,9.952328095451847823e-01,9.952282367902259841e-01,9.952282367902377525e-01,9.952328099232846670e-01,9.952329533193570166e-01,9.952329660911792830e-01,9.952329683124782056e-01,9.952329686344627557e-01,9.952329679836150467e-01,9.952329650646940529e-01,9.952329498821513853e-01,9.952327932872846450e-01,9.952280689436462380e-01,9.999999999999913403e-01,9.952286992561196755e-01,9.952327899947848167e-01,9.952329463247545638e-01,9.952329488875594210e-01,9.952328085234055655e-01,9.952282363255986475e-01,9.952328095451854484e-01,9.952373827547308371e-01,9.952375261805902484e-01,9.952375389753731483e-01,9.952375412260191512e-01,9.952375416035984523e-01,9.952375410898094410e-01,9.952375385962768384e-01,9.952375251598968298e-01,9.952373793896465148e-01,9.952327930460984629e-01,9.952286992561196755e-01,9.999999999999913403e-01,9.952334236606683593e-01,9.952373737273476628e-01,9.952375087729454783e-01,9.952373790206510140e-01,9.952328085233950183e-01,9.952329520602115620e-01,9.952375254074682376e-01,9.952376688884683187e-01,9.952376817123815833e-01,9.952376839858573243e-01,9.952376843925743177e-01,9.952376839339084347e-01,9.952376815762238316e-01,9.952376685614554574e-01,9.952375245229567735e-01,9.952329490040285886e-01,9.952327899947848167e-01,9.952334236606683593e-01,9.999999999999913403e-01,9.952335771640744566e-01,9.952375060206032353e-01,9.952375087729241621e-01,9.952329488875276686e-01,9.952329618698394498e-01,9.952375356425411379e-01,9.952376792593914390e-01,9.952376921384009645e-01,9.952376944410034065e-01,9.952376948705458082e-01,9.952376944410070703e-01,9.952376921384189501e-01,9.952376792594294086e-01,9.952375356425421371e-01,9.952329618697877134e-01,9.952329463247545638e-01,9.952373737273476628e-01,9.952335771640744566e-01,9.999999999999913403e-01,9.952335771641468432e-01,9.952373737273986221e-01,9.952329463247949759e-01,9.952329490041527116e-01,9.952375245230282719e-01,9.952376685614896523e-01,9.952376815762783435e-01,9.952376839339770465e-01,9.952376843926467043e-01,9.952376839859331525e-01,9.952376817124718444e-01,9.952376688885783418e-01,9.952375254075411792e-01,9.952329520602318791e-01,9.952329488875594210e-01,9.952375087729454783e-01,9.952375060206032353e-01,9.952335771641468432e-01,9.999999999999913403e-01,9.952334236607918161e-01,9.952327899948970602e-01,9.952327930462010475e-01,9.952373793896969190e-01,9.952375251599101524e-01,9.952375385963097010e-01,9.952375410898567365e-01,9.952375416036491895e-01,9.952375412260741072e-01,9.952375389754418711e-01,9.952375261806792883e-01,9.952373827547825735e-01,9.952328095451847823e-01,9.952328085234055655e-01,9.952373790206510140e-01,9.952375087729241621e-01,9.952373737273986221e-01,9.952334236607918161e-01,9.999999999999913403e-01,9.952286992562112689e-01,9.952280689437379424e-01,9.952327932873241689e-01,9.952329498821537168e-01,9.952329650647165904e-01,9.952329679836519061e-01,9.952329686345030568e-01,9.952329683125219484e-01,9.952329660912374587e-01,9.952329533194350653e-01,9.952328099233259673e-01,9.952282367902259841e-01,9.952282363255986475e-01,9.952328085233950183e-01,9.952329488875276686e-01,9.952329463247949759e-01,9.952327899948970602e-01,9.952286992562112689e-01,9.999999999999913403e-01
9.999999999999974465e-01,9.905236764687763706e-01,9.905397885279330072e-01,9.905403901381274467e-01,9.905404485197449871e-01,9.905404593243057887e-01,9.905404602574346962e-01,9.905404525286799489e-01,9.905404048752801671e-01,9.905398730449528344e-01,9.905218769142111190e-01,9.905218761820114848e-01,9.905398710533237505e-01,9.905403996854110771e-01,9.905404363113536892e-01,9.905403878101759485e-01,9.905398071676194682e-01,9.905212161601300025e-01,9.905236764687763706e-01,9.999999999999974465e-01,9.905422735190211325e-01,9.905578360346340983e-01,9.905583956015793223e-01,9.905584467069727950e-01,9.905584542539354054e-01,9.905584481466406244e-01,9.905584010162438169e-01,9.905578693892465036e-01,9.905398730445762467e-01,9.905398725174504593e-01,9.905578679325789393e-01,9.905583971104229279e-01,9.905584353973586609e-01,9.905583936840277604e-01,9.905578549291893520e-01,9.905398080966746344e-01,9.905397885279330072e-01,9.905422735190211325e-01,9.999999999999974465e-01,9.905428557156746860e-01,9.905583767528535200e-01,9.905589292138659019e-01,9.905589771026940271e-01,9.905589776217019748e-01,9.905589321175450879e-01,9.905584010160527475e-01,9.905404048747117329e-01,9.905404045504649924e-01,9.905584000884374296e-01,9.905589294806200762e-01,9.905589682943621854e-01,9.905589282119642291e-01,9.905583961326656084e-01,9.905403911878182255e-01,9.905403901381274467e-01,9.905578360346340983e-01,9.905428557156746860e-01,9.999999999999974465e-01,9.905429125868079332e-01,9.905584263934384959e-01,9.905589756378059274e-01,9.905590164993981483e-01,9.905589776217984532e-01,9.905584481465439239e-01,9.905404525282085482e-01,9.905404525324811305e-01,9.905584481606464209e-01,9.905589776660452817e-01,9.905590166936696361e-01,9.905589771375561403e-01,9.905584466891881323e-01,9.905404485320251640e-01,9.905404485197449871e-01,9.905583956015793223e-01,9.905583767528535200e-01,9.905429125868079332e-01,9.999999999999974465e-01,9.905429228612263604e-01,9.905584334213184405e-01,9.905589756379565847e-01,9.905589771029403856e-01,9.905584542539891402e-01,9.905404602571122874e-01,9.905404610045835945e-01,9.905584567477062619e-01,9.905589863418674534e-01,9.905590254826692753e-01,9.905589861404365815e-01,9.905584562188495257e-01,9.905404597218190332e-01,9.905404593243057887e-01,9.905584467069727950e-01,9.905589292138659019e-01,9.905584263934384959e-01,9.905429228612263604e-01,9.999999999999974465e-01,9.905429228612195880e-01,9.905584263935821587e-01,9.905589292141054880e-01,9.905584467070200905e-01,9.905404593239772737e-01,9.905404622339192278e-01,9.905584581947849410e-01,9.905589879022053124e-01,9.905590271317342710e-01,9.905589879026851508e-01,9.905584581951671908e-01,9.905404622342898202e-01,9.905404602574346962e-01,9.905584542539354054e-01,9.905589771026940271e-01,9.905589756378059274e-01,9.905584334213184405e-01,9.905429228612195880e-01,9.999999999999974465e-01,9.905429125869457119e-01,9.905583767530868888e-01,9.905583956016211777e-01,9.905404485194094777e-01,9.905404597214425566e-01,9.905584562184599484e-01,9.905589861399507479e-01,9.905590254826618368e-01,9.905589863423401864e-01,9.905584567480834046e-01,9.905404610049467484e-01,9.905404525286799489e-01,9.905584481466406244e-01,9.905589776217019748e-01,9.905590164993981483e-01,9.905589756379565847e-01,9.905584263935821587e-01,9.905429125869457119e-01,9.999999999999974465e-01,9.905428557160598224e-01,9.905578360348251676e-01,9.905403901379419285e-01,9.905404485317987895e-01,9.905584466889487683e-01,9.905589771372214081e-01,9.905590166938139651e-01,9.905589776666686719e-01,9.905584481611726666e-01,9.905404525329949417e-01,9.905404048752801671e-01,9.905584010162438169e-01,9.905589321175450879e-01,9.905589776217984532e-01,9.905589771029403856e-01,9.905589292141054880e-01,9.905583767530868888e-01,9.905428557160598224e-01,9.999999999999974465e-01,9.905422735193094574e-01,9.905397885278441894e-01,9.905403911876879963e-01,9.905583961325217235e-01,9.905589282117249761e-01,9.905589682946018826e-01,9.905589294813391676e-01,9.905584000890607088e-01,9.905404045510749489e-01,9.905398730449528344e-01,9.905578693892465036e-01,9.905584010160527475e-01,9.905584481465439239e-01,9.905584542539891402e-01,9.905584467070200905e-01,9.905583956016211777e-01,9.905578360348251676e-01,9.905422735193094574e-01,9.999999999999974465e-01,9.905236764684942630e-01,9.905398080963521146e-01,9.905578549288539536e-01,9.905583936835963277e-01,9.905584353974064005e-01,9.905583971109496177e-01,9.905578679330091507e-01,9.905398725178699015e-01,9.905218769142111190e-01,9.905398730445762467e-01,9.905404048747117329e-01,9.905404525282085482e-01,9.905404602571122874e-01,9.905404593239772737e-01,9.905404485194094777e-01,9.905403901379419285e-01,9.905397885278441894e-01,9.905236764684942630e-01,9.999999999999974465e-01,9.905212161594323383e-01,9.905398071669085924e-01,9.905403878093685943e-01,9.905404363110251742e-01,9.905403996855612903e-01,9.905398710533783735e-01,9.905218761820526741e-01,9.905218761820114848e-01,9.905398725174504593e-01,9.905404045504649924e-01,9.905404525324811305e-01,9.905404610045835945e-01,9.905404622339192278e-01,9.905404597214425566e-01,9.905404485317987895e-01,9.905403911876879963e-01,9.905398080963521146e-01,9.905212161594323383e-01,9.999999999999974465e-01,9.905236744774773561e-01,9.905397840946715826e-01,9.905403768628068262e-01,9.905403874291818234e-01,9.905398670887026746e-01,9.905218743730588304e-01,9.905398710533237505e-01,9.905578679325789393e-01,9.905584000884374296e-01,9.905584481606464209e-01,9.905584567477062619e-01,9.905584581947849410e-01,9.905584562184599484e-01,9.905584466889487683e-01,9.905583961325217235e-01,9.905578549288539536e-01,9.905398071669085924e-01,9.905236744774773561e-01,9.999999999999974465e-01,9.905422681372849647e-01,9.905578218279508240e-01,9.905583335800240974e-01,9.905578535300468834e-01,9.905398670886907952e-01,9.905403996854110771e-01,9.905583971104229279e-01,9.905589294806200762e-01,9.905589776660452817e-01,9.905589863418674534e-01,9.905589879022053124e-01,9.905589861399507479e-01,9.905589771372214081e-01,9.905589282117249761e-01,9.905583936835963277e-01,9.905403878093685943e-01,9.905397840946715826e-01,9.905422681372849647e-01,9.999999999999974465e-01,9.905428390002936068e-01,9.905583122731840273e-01,9.905583335799276190e-01,9.905403874290733546e-01,9.905404363113536892e-01,9.905584353973586609e-01,9.905589682943621854e-01,9.905590166936696361e-01,9.905590254826692753e-01,9.905590271317342710e-01,9.905590254826618368e-01,9.905590166938139651e-01,9.905589682946018826e-01,9.905584353974064005e-01,9.905404363110251742e-01,9.905403768628068262e-01,9.905578218279508240e-01,9.905428390002936068e-01,9.999999999999974465e-01,9.905428390007748884e-01,9.905578218283338510e-01,9.905403768631771966e-01,9.905403878101759485e-01,9.905583936840277604e-01,9.905589282119642291e-01,9.905589771375561403e-01,9.905589861404365815e-01,9.905589879026851508e-01,9.905589863423401864e-01,9.905589776666686719e-01,9.905589294813391676e-01,9.905583971109496177e-01,9.905403996855612903e-01,9.905403874291818234e-01,9.905583335800240974e-01,9.905583122731840273e-01,9.905428390007748884e-01,9.999999999999974465e-01,9.905422681381504946e-01,9.905397840955209032e-01,9.905398071676194682e-01,9.905578549291893520e-01,9.905583961326656084e-01,9.905584466891881323e-01,9.905584562188495257e-01,9.905584581951671908e-01,9.905584567480834046e-01,9.905584481611726666e-01,9.905584000890607088e-01,9.905578679330091507e-01,9.905398710533783735e-01,9.905398670887026746e-01,9.905578535300468834e-01,9.905583335799276190e-01,9.905578218283338510e-01,9.905422681381504946e-01,9.999999999999974465e-01,9.905236744782339731e-01,9.905212161601300025e-01,9.905398080966746344e-01,9.905403911878182255e-01,9.905404485320251640e-01,9.905404597218190332e-01,9.905404622342898202e-01,9.905404610049467484e-01,9.905404525329949417e-01,9.905404045510749489e-01,9.905398725178699015e-01,9.905218761820526741e-01,9.905218743730588304e-01,9.905398670886907952e-01,9.905403874290733546e-01,9.905403768631771966e-01,9.905397840955209032e-01,9.905236744782339731e-01,9.999999999999974465e-01
1.000000000000007994e+00,9.858832919864224387e-01,9.859189882083433387e-01,9.859202706562862906e-01,9.859203961552969186e-01,9.859204196113533492e-01,9.859204216853484359e-01,9.859204051133603208e-01,9.859203043117057419e-01,9.859191971435383728e-01,9.858793555735676506e-01,9.858793539713892606e-01,9.859191928013313344e-01,9.859202930243203822e-01,9.859203700305390061e-01,9.859202670555977654e-01,9.859190536302169239e-01,9.858778938308822015e-01,9.858832919864224387e-01,1.000000000000007994e+00,9.859244685186118184e-01,9.859589425887035352e-01,9.859601335549066370e-01,9.859602431751082197e-01,9.859602595412350068e-01,9.859602464896602969e-01,9.859601468241058209e-01,9.859590400755274819e-01,9.859191971425165235e-01,9.859191959922177784e-01,9.859590369090742712e-01,9.859601383566858335e-01,9.859602190126262045e-01,9.859601308864642810e-01,9.859590086327407743e-01,9.859190556450642129e-01,9.859189882083433387e-01,9.859244685186118184e-01,1.000000000000007994e+00,9.859256844499849626e-01,9.859600689610947821e-01,9.859612446103583894e-01,9.859613472749242380e-01,9.859613485563247792e-01,9.859612524270366940e-01,9.859601468237030319e-01,9.859203043102814368e-01,9.859203036047042845e-01,9.859601448137640389e-01,9.859612467303674466e-01,9.859613285358911350e-01,9.859612439601125322e-01,9.859601361861246582e-01,9.859202743698718407e-01,9.859202706562862906e-01,9.859589425887035352e-01,9.859256844499849626e-01,1.000000000000007994e+00,9.859258052920820692e-01,9.859601740768995093e-01,9.859613427700624211e-01,9.859614303520489731e-01,9.859613485565014157e-01,9.859602464894319240e-01,9.859204051121123191e-01,9.859204051259959911e-01,9.859602465351818834e-01,9.859613486994093234e-01,9.859614309721693726e-01,9.859613475443700370e-01,9.859602433207479422e-01,9.859203963525043912e-01,9.859203961552969186e-01,9.859601335549066370e-01,9.859600689610947821e-01,9.859258052920820692e-01,1.000000000000007994e+00,9.859258274300353175e-01,9.859601891614595548e-01,9.859613427705198330e-01,9.859613472755582864e-01,9.859602595414636017e-01,9.859204216845580682e-01,9.859204233235852044e-01,9.859602649862854173e-01,9.859613673447085169e-01,9.859614498649406089e-01,9.859613669043681972e-01,9.859602638302216171e-01,9.859204205076326222e-01,9.859204196113533492e-01,9.859602431751082197e-01,9.859612446103583894e-01,9.859601740768995093e-01,9.859258274300353175e-01,1.000000000000007994e+00,9.859258274299858016e-01,9.859601740773104028e-01,9.859612446109451422e-01,9.859602431752916285e-01,9.859204196105160189e-01,9.859204259660707681e-01,9.859602681086285791e-01,9.859613707147742989e-01,9.859614534290881416e-01,9.859613707160056473e-01,9.859602681096525378e-01,9.859204259671501269e-01,9.859204216853484359e-01,9.859602595412350068e-01,9.859613472749242380e-01,9.859613427700624211e-01,9.859601891614595548e-01,9.859258274299858016e-01,1.000000000000007994e+00,9.859258052924482207e-01,9.859600689616350166e-01,9.859601335550440826e-01,9.859203961544106276e-01,9.859204205065066340e-01,9.859602638291504739e-01,9.859613669030904415e-01,9.859614498648925363e-01,9.859613673458933469e-01,9.859602649872641900e-01,9.859204233246177118e-01,9.859204051133603208e-01,9.859602464896602969e-01,9.859613485563247792e-01,9.859614303520489731e-01,9.859613427705198330e-01,9.859601740773104028e-01,9.859258052924482207e-01,1.000000000000007994e+00,9.859256844509916018e-01,9.859589425892960612e-01,9.859202706558584106e-01,9.859203963518359259e-01,9.859602433201335447e-01,9.859613475435511365e-01,9.859614309725809322e-01,9.859613487010507882e-01,9.859602465366172908e-01,9.859204051274845781e-01,9.859203043117057419e-01,9.859601468241058209e-01,9.859612524270366940e-01,9.859613485565014157e-01,9.859613472755582864e-01,9.859612446109451422e-01,9.859600689616350166e-01,9.859256844509916018e-01,1.000000000000007994e+00,9.859244685193854218e-01,9.859189882080919842e-01,9.859202743693811222e-01,9.859601361856862312e-01,9.859612439594684918e-01,9.859613285364788871e-01,9.859612467321849927e-01,9.859601448153767489e-01,9.859203036063698411e-01,9.859191971435383728e-01,9.859590400755274819e-01,9.859601468237030319e-01,9.859602464894319240e-01,9.859602595414636017e-01,9.859602431752916285e-01,9.859601335550440826e-01,9.859589425892960612e-01,9.859244685193854218e-01,1.000000000000007994e+00,9.858832919857635213e-01,9.859190556441680409e-01,9.859590086318992253e-01,9.859601308854174517e-01,9.859602190128092802e-01,9.859601383580997025e-01,9.859590369102817498e-01,9.859191959934822114e-01,9.858793555735676506e-01,9.859191971425165235e-01,9.859203043102814368e-01,9.859204051121123191e-01,9.859204216845580682e-01,9.859204196105160189e-01,9.859203961544106276e-01,9.859202706558584106e-01,9.859189882080919842e-01,9.858832919857635213e-01,1.000000000000007994e+00,9.858778938289650684e-01,9.859190536283550799e-01,9.859202670535294200e-01,9.859203700297013429e-01,9.859202930247136232e-01,9.859191928015175188e-01,9.858793539716317333e-01,9.858793539713892606e-01,9.859191959922177784e-01,9.859203036047042845e-01,9.859204051259959911e-01,9.859204233235852044e-01,9.859204259660707681e-01,9.859204205065066340e-01,9.859203963518359259e-01,9.859202743693811222e-01,9.859190556441680409e-01,9.858778938289650684e-01,1.000000000000007994e+00,9.858832876455586591e-01,9.859189785897839453e-01,9.859202420327808358e-01,9.859202663717205883e-01,9.859191841439087778e-01,9.858793500083183892e-01,9.859191928013313344e-01,9.859590369090742712e-01,9.859601448137640389e-01,9.859602465351818834e-01,9.859602649862854173e-01,9.859602681086285791e-01,9.859602638291504739e-01,9.859602433201335447e-01,9.859601361856862312e-01,9.859590086318992253e-01,9.859190536283550799e-01,9.858832876455586591e-01,1.000000000000007994e+00,9.859244568222761407e-01,9.859589119429200688e-01,9.859600017487795132e-01,9.859590056384066603e-01,9.859191841439647330e-01,9.859202930243203822e-01,9.859601383566858335e-01,9.859612467303674466e-01,9.859613486994093234e-01,9.859613673447085169e-01,9.859613707147742989e-01,9.859613669030904415e-01,9.859613475435511365e-01,9.859612439594684918e-01,9.859601308854174517e-01,9.859202670535294200e-01,9.859189785897839453e-01,9.859244568222761407e-01,1.000000000000007994e+00,9.859256483112087688e-01,9.859599318266369927e-01,9.859600017485730117e-01,9.859202663715691539e-01,9.859203700305390061e-01,9.859602190126262045e-01,9.859613285358911350e-01,9.859614309721693726e-01,9.859614498649406089e-01,9.859614534290881416e-01,9.859614498648925363e-01,9.859614309725809322e-01,9.859613285364788871e-01,9.859602190128092802e-01,9.859203700297013429e-01,9.859202420327808358e-01,9.859589119429200688e-01,9.859256483112087688e-01,1.000000000000007994e+00,9.859256483124503312e-01,9.859589119439455818e-01,9.859202420338603057e-01,9.859202670555977654e-01,9.859601308864642810e-01,9.859612439601125322e-01,9.859613475443700370e-01,9.859613669043681972e-01,9.859613707160056473e-01,9.859613673458933469e-01,9.859613487010507882e-01,9.859612467321849927e-01,9.859601383580997025e-01,9.859202930247136232e-01,9.859202663717205883e-01,9.859600017487795132e-01,9.859599318266369927e-01,9.859256483124503312e-01,1.000000000000007994e+00,9.859244568245468798e-01,9.859189785920944304e-01,9.859190536302169239e-01,9.859590086327407743e-01,9.859601361861246582e-01,9.859602433207479422e-01,9.859602638302216171e-01,9.859602681096525378e-01,9.859602649872641900e-01,9.859602465366172908e-01,9.859601448153767489e-01,9.859590369102817498e-01,9.859191928015175188e-01,9.859191841439087778e-01,9.859590056384066603e-01,9.859600017485730117e-01,9.859589119439455818e-01,9.859244568245468798e-01,1.000000000000007994e+00,9.858832876476790741e-01,9.858778938308822015e-01,9.859190556450642129e-01,9.859202743698718407e-01,9.859203963525043912e-01,9.859204205076326222e-01,9.859204259671501269e-01,9.859204233246177118e-01,9.859204051274845781e-01,9.859203036063698411e-01,9.859191959934822114e-01,9.858793539716317333e-01,9.858793500083183892e-01,9.859191841439647330e-01,9.859202663715691539e-01,9.859202420338603057e-01,9.859189785920944304e-01,9.858832876476790741e-01,1.000000000000007994e+00
