9.999999999999960032e-01,9.999999999999960032e-01,9.999999999999960032e-01,9.999999999999960032e-01,9.999999999999960032e-01,9.999999999999960032e-01,9.999999999999960032e-01,9.999999999999960032e-01,9.999999999999960032e-01,9.999999999999960032e-01,9.999999999999960032e-01,9.999999999999960032e-01,9.999999999999960032e-01,9.999999999999960032e-01,9.999999999999960032e-01,9.999999999999960032e-01,9.999999999999960032e-01,9.999999999999960032e-01,9.999999999999960032e-01,9.999999999999960032e-01,9.999999999999960032e-01,9.999999999999960032e-01,9.999999999999960032e-01,9.999999999999960032e-01,9.999999999999960032e-01,9.999999999999960032e-01,9.999999999999960032e-01,9.999999999999960032e-01,9.999999999999960032e-01,9.999999999999960032e-01,9.999999999999960032e-01,9.999999999999960032e-01,9.999999999999960032e-01,9.999999999999960032e-01,9.999999999999960032e-01,9.999999999999960032e-01,9.999999999999960032e-01,9.999999999999960032e-01,9.999999999999960032e-01,9.999999999999960032e-01,9.999999999999960032e-01,9.999999999999960032e-01,9.999999999999960032e-01,9.999999999999960032e-01,9.999999999999960032e-01,9.999999999999960032e-01,9.999999999999960032e-01,9.999999999999960032e-01,9.999999999999960032e-01,9.999999999999960032e-01,9.999999999999960032e-01,9.999999999999960032e-01,9.999999999999960032e-01,9.999999999999960032e-01,9.999999999999960032e-01,9.999999999999960032e-01,9.999999999999960032e-01,9.999999999999960032e-01,9.999999999999960032e-01,9.999999999999960032e-01,9.999999999999960032e-01,9.999999999999960032e-01,9.999999999999960032e-01,9.999999999999960032e-01,9.999999999999960032e-01,9.999999999999960032e-01,9.999999999999960032e-01,9.999999999999960032e-01,9.999999999999960032e-01,9.999999999999960032e-01,9.999999999999960032e-01,9.999999999999960032e-01,9.999999999999960032e-01,9.999999999999960032e-01,9.999999999999960032e-01,9.999999999999960032e-01,9.999999999999960032e-01,9.999999999999960032e-01,9.999999999999960032e-01,9.999999999999960032e-01,9.999999999999960032e-01,9.999999999999960032e-01,9.999999999999960032e-01,9.999999999999960032e-01,9.999999999999960032e-01,9.999999999999960032e-01,9.999999999999960032e-01,9.999999999999960032e-01,9.999999999999960032e-01,9.999999999999960032e-01,9.999999999999960032e-01,9.999999999999960032e-01,9.999999999999960032e-01,9.999999999999960032e-01,9.999999999999960032e-01,9.999999999999960032e-01,9.999999999999960032e-01,9.999999999999960032e-01,9.999999999999960032e-01,9.999999999999960032e-01,9.999999999999960032e-01,9.999999999999960032e-01,9.999999999999960032e-01,9.999999999999960032e-01,9.999999999999960032e-01,9.999999999999960032e-01,9.999999999999960032e-01,9.999999999999960032e-01,9.999999999999960032e-01,9.999999999999960032e-01,9.999999999999960032e-01,9.999999999999960032e-01,9.999999999999960032e-01,9.999999999999960032e-01,9.999999999999960032e-01,9.999999999999960032e-01,9.999999999999960032e-01,9.999999999999960032e-01,9.999999999999960032e-01,9.999999999999960032e-01,9.999999999999960032e-01,9.999999999999960032e-01,9.999999999999960032e-01,9.999999999999960032e-01,9.999999999999960032e-01,9.999999999999960032e-01,9.999999999999960032e-01,9.999999999999960032e-01,9.999999999999960032e-01,9.999999999999960032e-01,9.999999999999960032e-01,9.999999999999960032e-01,9.999999999999960032e-01,9.999999999999960032e-01,9.999999999999960032e-01,9.999999999999960032e-01,9.999999999999960032e-01,9.999999999999960032e-01,9.999999999999960032e-01,9.999999999999960032e-01,9.999999999999960032e-01,9.999999999999960032e-01,9.999999999999960032e-01,9.999999999999960032e-01,9.999999999999960032e-01,9.999999999999960032e-01,9.999999999999960032e-01,9.999999999999960032e-01,9.999999999999960032e-01,9.999999999999960032e-01,9.999999999999960032e-01,9.999999999999960032e-01,9.999999999999960032e-01,9.999999999999960032e-01,9.999999999999960032e-01,9.999999999999960032e-01,9.999999999999960032e-01,9.999999999999960032e-01,9.999999999999960032e-01,9.999999999999960032e-01,9.999999999999960032e-01,9.999999999999960032e-01,9.999999999999960032e-01,9.999999999999960032e-01,9.999999999999960032e-01,9.999999999999960032e-01,9.999999999999960032e-01,9.999999999999960032e-01,9.999999999999960032e-01,9.999999999999960032e-01,9.999999999999960032e-01,9.999999999999960032e-01,9.999999999999960032e-01,9.999999999999960032e-01,9.999999999999960032e-01,9.999999999999960032e-01,9.999999999999960032e-01,9.999999999999960032e-01,9.999999999999960032e-01,9.999999999999960032e-01,9.999999999999960032e-01,9.999999999999960032e-01,9.999999999999960032e-01,9.999999999999960032e-01,9.999999999999960032e-01,9.999999999999960032e-01,9.999999999999960032e-01,9.999999999999960032e-01,9.999999999999960032e-01,9.999999999999960032e-01,9.999999999999960032e-01,9.999999999999960032e-01,9.999999999999960032e-01,9.999999999999960032e-01,9.999999999999960032e-01,9.999999999999960032e-01,9.999999999999960032e-01,9.999999999999960032e-01,9.999999999999960032e-01,9.999999999999960032e-01,9.999999999999960032e-01,9.999999999999960032e-01,9.999999999999960032e-01,9.999999999999960032e-01,9.999999999999960032e-01,9.999999999999960032e-01,9.999999999999960032e-01,9.999999999999960032e-01,9.999999999999960032e-01,9.999999999999960032e-01,9.999999999999960032e-01,9.999999999999960032e-01,9.999999999999960032e-01,9.999999999999960032e-01,9.999999999999960032e-01,9.999999999999960032e-01,9.999999999999960032e-01,9.999999999999960032e-01,9.999999999999960032e-01,9.999999999999960032e-01,9.999999999999960032e-01,9.999999999999960032e-01,9.999999999999960032e-01,9.999999999999960032e-01,9.999999999999960032e-01,9.999999999999960032e-01,9.999999999999960032e-01,9.999999999999960032e-01,9.999999999999960032e-01,9.999999999999960032e-01,9.999999999999960032e-01,9.999999999999960032e-01,9.999999999999960032e-01,9.999999999999960032e-01,9.999999999999960032e-01,9.999999999999960032e-01,9.999999999999960032e-01,9.999999999999960032e-01,9.999999999999960032e-01,9.999999999999960032e-01,9.999999999999960032e-01,9.999999999999960032e-01,9.999999999999960032e-01,9.999999999999960032e-01,9.999999999999960032e-01,9.999999999999960032e-01,9.999999999999960032e-01,9.999999999999960032e-01,9.999999999999960032e-01,9.999999999999960032e-01,9.999999999999960032e-01,9.999999999999960032e-01,9.999999999999960032e-01,9.999999999999960032e-01,9.999999999999960032e-01,9.999999999999960032e-01,9.999999999999960032e-01,9.999999999999960032e-01,9.999999999999960032e-01,9.999999999999960032e-01,9.999999999999960032e-01,9.999999999999960032e-01,9.999999999999960032e-01,9.999999999999960032e-01,9.999999999999960032e-01,9.999999999999960032e-01,9.999999999999960032e-01,9.999999999999960032e-01,9.999999999999960032e-01,9.999999999999960032e-01,9.999999999999960032e-01,9.999999999999960032e-01,9.999999999999960032e-01,9.999999999999960032e-01,9.999999999999960032e-01,9.999999999999960032e-01,9.999999999999960032e-01,9.999999999999960032e-01,9.999999999999960032e-01,9.999999999999960032e-01,9.999999999999960032e-01,9.999999999999960032e-01,9.999999999999960032e-01,9.999999999999960032e-01,9.999999999999960032e-01,9.999999999999960032e-01,9.999999999999960032e-01,9.999999999999960032e-01,9.999999999999960032e-01,9.999999999999960032e-01,9.999999999999960032e-01,9.999999999999960032e-01,9.999999999999960032e-01,9.999999999999960032e-01,9.999999999999960032e-01,9.999999999999960032e-01,9.999999999999960032e-01,9.999999999999960032e-01,9.999999999999960032e-01,9.999999999999960032e-01,9.999999999999960032e-01,9.999999999999960032e-01,9.999999999999960032e-01,9.999999999999960032e-01,9.999999999999960032e-01,9.999999999999960032e-01,9.999999999999960032e-01,9.999999999999960032e-01,9.999999999999960032e-01,9.999999999999960032e-01,9.999999999999960032e-01,9.999999999999960032e-01,9.999999999999960032e-01,9.999999999999960032e-01,9.999999999999960032e-01,9.999999999999960032e-01,9.999999999999960032e-01,9.999999999999960032e-01,9.999999999999960032e-01,9.999999999999960032e-01,9.999999999999960032e-01,9.999999999999960032e-01,9.999999999999960032e-01,9.999999999999960032e-01,9.999999999999960032e-01,9.999999999999960032e-01,9.999999999999960032e-01,9.999999999999960032e-01,9.999999999999960032e-01,9.999999999999960032e-01,9.999999999999960032e-01,9.999999999999960032e-01,9.999999999999960032e-01,9.999999999999960032e-01,9.999999999999960032e-01,9.999999999999960032e-01,9.999999999999960032e-01,9.999999999999960032e-01,9.999999999999960032e-01,9.999999999999960032e-01,9.999999999999960032e-01,9.999999999999960032e-01,9.999999999999960032e-01,9.999999999999960032e-01,9.999999999999960032e-01,9.999999999999960032e-01,9.999999999999960032e-01,9.999999999999960032e-01,9.999999999999960032e-01,9.999999999999960032e-01,9.999999999999960032e-01,9.999999999999960032e-01,9.999999999999960032e-01,9.999999999999960032e-01,9.999999999999960032e-01,9.999999999999960032e-01,9.999999999999960032e-01,9.999999999999960032e-01,9.999999999999960032e-01,9.999999999999960032e-01,9.999999999999960032e-01,9.999999999999960032e-01,9.999999999999960032e-01,9.999999999999960032e-01,9.999999999999960032e-01,9.999999999999960032e-01,9.999999999999960032e-01,9.999999999999960032e-01,9.999999999999960032e-01,9.999999999999960032e-01,9.999999999999960032e-01,9.999999999999960032e-01,9.999999999999960032e-01,9.999999999999960032e-01,9.999999999999960032e-01,9.999999999999960032e-01,9.999999999999960032e-01,9.999999999999960032e-01,9.999999999999960032e-01,9.999999999999960032e-01,9.999999999999960032e-01,9.999999999999960032e-01,9.999999999999960032e-01,9.999999999999960032e-01,9.999999999999960032e-01,9.999999999999960032e-01,9.999999999999960032e-01,9.999999999999960032e-01,9.999999999999960032e-01,9.999999999999960032e-01,9.999999999999960032e-01,9.999999999999960032e-01,9.999999999999960032e-01,9.999999999999960032e-01,9.999999999999960032e-01,9.999999999999960032e-01,9.999999999999960032e-01,9.999999999999960032e-01,9.999999999999960032e-01,9.999999999999960032e-01
1.000000000000011768e+00,9.952286890741369740e-01,9.952327810262584507e-01,9.952329377940318800e-01,9.952329526392156289e-01,9.952329553085110803e-01,9.952329555258279115e-01,9.952329535777105773e-01,9.952329412264000474e-01,9.952327994359262409e-01,9.952282242305912074e-01,9.952282242068265505e-01,9.952327993773159021e-01,9.952329410976572532e-01,9.952329532776701404e-01,9.952329547070721816e-01,9.952329524491581036e-01,9.952329378901830781e-01,9.952327832663132590e-01,9.952280583608200670e-01,9.952286890741369740e-01,1.000000000000011768e+00,9.952334149373072147e-01,9.952373691001684675e-01,9.952375152419368209e-01,9.952375282874845741e-01,9.952375301623922477e-01,9.952375286106103225e-01,9.952375163834764615e-01,9.952373746401388388e-01,9.952327994358904917e-01,9.952327994358393104e-01,9.952373746404583610e-01,9.952375163838744765e-01,9.952375286123097409e-01,9.952375301674274422e-01,9.952375283106388304e-01,9.952375154314128114e-01,9.952373713929767440e-01,9.952327833013945302e-01,9.952327810262584507e-01,9.952334149373072147e-01,1.000000000000011768e+00,9.952335694995901871e-01,9.952375131058324165e-01,9.952376574690724453e-01,9.952376697252688365e-01,9.952376698325713367e-01,9.952376580023377661e-01,9.952375163834252803e-01,9.952329412263325459e-01,9.952329412615895654e-01,9.952375164775044691e-01,9.952376582339461653e-01,9.952376704846328526e-01,9.952376720876768834e-01,9.952376703554745019e-01,9.952376578737959223e-01,9.952375155012109786e-01,9.952329379950436428e-01,9.952329377940318800e-01,9.952373691001684675e-01,9.952335694995901871e-01,1.000000000000011768e+00,9.952335841289341456e-01,9.952375259411636588e-01,9.952376695150390029e-01,9.952376800037311400e-01,9.952376698326088622e-01,9.952375286106228680e-01,9.952329535776599512e-01,9.952329536832296153e-01,9.952375289123018831e-01,9.952376706793627514e-01,9.952376829430463756e-01,9.952376845683378326e-01,9.952376828840273637e-01,9.952376705268696222e-01,9.952375285518268999e-01,9.952329527254378805e-01,9.952329526392156289e-01,9.952375152419368209e-01,9.952375131058324165e-01,9.952335841289341456e-01,1.000000000000011768e+00,9.952335866896484529e-01,9.952375277088305605e-01,9.952376695151429198e-01,9.952376697254085025e-01,9.952375301624794002e-01,9.952329555259012972e-01,9.952329558042264379e-01,9.952375310557384225e-01,9.952376728358125479e-01,9.952376851101154553e-01,9.952376867483826439e-01,9.952376850863330349e-01,9.952376727770704257e-01,9.952375309266086045e-01,9.952329555013359474e-01,9.952329553085110803e-01,9.952375282874845741e-01,9.952376574690724453e-01,9.952375259411636588e-01,9.952335866896484529e-01,1.000000000000011768e+00,9.952335866895601901e-01,9.952375259411709862e-01,9.952376574691178535e-01,9.952375282874961204e-01,9.952329553084767744e-01,9.952329561094523935e-01,9.952375314093394598e-01,9.952376732116469116e-01,9.952376854989412047e-01,9.952376871478537668e-01,9.952376854987726729e-01,9.952376732117625968e-01,9.952375314092373193e-01,9.952329561096531219e-01,9.952329555258279115e-01,9.952375301623922477e-01,9.952376697252688365e-01,9.952376695150390029e-01,9.952375277088305605e-01,9.952335866895601901e-01,1.000000000000011768e+00,9.952335841288615370e-01,9.952375131057996649e-01,9.952375152418592164e-01,9.952329526391155978e-01,9.952329555010435147e-01,9.952375309266173753e-01,9.952376727768700304e-01,9.952376850864094182e-01,9.952376867483033740e-01,9.952376851098558852e-01,9.952376728358316438e-01,9.952375310555489074e-01,9.952329558043512270e-01,9.952329535777105773e-01,9.952375286106103225e-01,9.952376698325713367e-01,9.952376800037311400e-01,9.952376695151429198e-01,9.952375259411709862e-01,9.952335841288615370e-01,1.000000000000011768e+00,9.952335694996291560e-01,9.952373691001786815e-01,9.952329377940177801e-01,9.952329527252217201e-01,9.952375285519423631e-01,9.952376705267580448e-01,9.952376828842038892e-01,9.952376845683389428e-01,9.952376829428858374e-01,9.952376706794839878e-01,9.952375289122095126e-01,9.952329536834472190e-01,9.952329412264000474e-01,9.952375163834764615e-01,9.952376580023377661e-01,9.952376698326088622e-01,9.952376697254085025e-01,9.952376574691178535e-01,9.952375131057996649e-01,9.952335694996291560e-01,1.000000000000011768e+00,9.952334149373346373e-01,9.952327810262874275e-01,9.952329379948957611e-01,9.952375155013565289e-01,9.952376578737304191e-01,9.952376703556865545e-01,9.952376720877290639e-01,9.952376704845193878e-01,9.952376582341114775e-01,9.952375164774529548e-01,9.952329412618441395e-01,9.952327994359262409e-01,9.952373746401388388e-01,9.952375163834252803e-01,9.952375286106228680e-01,9.952375301624794002e-01,9.952375282874961204e-01,9.952375152418592164e-01,9.952373691001786815e-01,9.952334149373346373e-01,1.000000000000011768e+00,9.952286890741097736e-01,9.952327833011949121e-01,9.952373713930794397e-01,9.952375154313030103e-01,9.952375283108220172e-01,9.952375301674314390e-01,9.952375286121489806e-01,9.952375163840058159e-01,9.952373746403596622e-01,9.952327994360619101e-01,9.952282242305912074e-01,9.952327994358904917e-01,9.952329412263325459e-01,9.952329535776599512e-01,9.952329555259012972e-01,9.952329553084767744e-01,9.952329526391155978e-01,9.952329377940177801e-01,9.952327810262874275e-01,9.952286890741097736e-01,1.000000000000011768e+00,9.952280583605866982e-01,9.952327832663894203e-01,9.952329378900381940e-01,9.952329524492976587e-01,9.952329547070506433e-01,9.952329532774790710e-01,9.952329410977397428e-01,9.952327993772022152e-01,9.952282242070065177e-01,9.952282242068265505e-01,9.952327994358393104e-01,9.952329412615895654e-01,9.952329536832296153e-01,9.952329558042264379e-01,9.952329561094523935e-01,9.952329555010435147e-01,9.952329527252217201e-01,9.952329379948957611e-01,9.952327833011949121e-01,9.952280583605866982e-01,1.000000000000011768e+00,9.952286889916880375e-01,9.952327808739614978e-01,9.952329374706306853e-01,9.952329517976558071e-01,9.952329524290463025e-01,9.952329407719591181e-01,9.952327992241672971e-01,9.952282241241171556e-01,9.952327993773159021e-01,9.952373746404583610e-01,9.952375164775044691e-01,9.952375289123018831e-01,9.952375310557384225e-01,9.952375314093394598e-01,9.952375309266173753e-01,9.952375285519423631e-01,9.952375155013565289e-01,9.952373713930794397e-01,9.952327832663894203e-01,9.952286889916880375e-01,1.000000000000011768e+00,9.952334147498622663e-01,9.952373687419617809e-01,9.952375143655909362e-01,9.952375253732349547e-01,9.952375153736634505e-01,9.952373742215901986e-01,9.952327992244764943e-01,9.952329410976572532e-01,9.952375163838744765e-01,9.952376582339461653e-01,9.952376706793627514e-01,9.952376728358125479e-01,9.952376732116469116e-01,9.952376727768700304e-01,9.952376705267580448e-01,9.952376578737304191e-01,9.952375154313030103e-01,9.952329378900381940e-01,9.952327808739614978e-01,9.952334147498622663e-01,1.000000000000011768e+00,9.952335690706053395e-01,9.952375121594069229e-01,9.952376544847890694e-01,9.952376548665194944e-01,9.952375153734438484e-01,9.952329407720541532e-01,9.952329532776701404e-01,9.952375286123097409e-01,9.952376704846328526e-01,9.952376829430463756e-01,9.952376851101154553e-01,9.952376854989412047e-01,9.952376850864094182e-01,9.952376828842038892e-01,9.952376703556865545e-01,9.952375283108220172e-01,9.952329524492976587e-01,9.952329374706306853e-01,9.952373687419617809e-01,9.952335690706053395e-01,1.000000000000011768e+00,9.952335830093539393e-01,9.952375227855327910e-01,9.952376544850790596e-01,9.952375253733097837e-01,9.952329524294187824e-01,9.952329547070721816e-01,9.952375301674274422e-01,9.952376720876768834e-01,9.952376845683378326e-01,9.952376867483826439e-01,9.952376871478537668e-01,9.952376867483033740e-01,9.952376845683389428e-01,9.952376720877290639e-01,9.952375301674314390e-01,9.952329547070506433e-01,9.952329517976558071e-01,9.952375143655909362e-01,9.952375121594069229e-01,9.952335830093539393e-01,1.000000000000011768e+00,9.952335830091940672e-01,9.952375121595247176e-01,9.952375143654915712e-01,9.952329517978691920e-01,9.952329524491581036e-01,9.952375283106388304e-01,9.952376703554745019e-01,9.952376828840273637e-01,9.952376850863330349e-01,9.952376854987726729e-01,9.952376851098558852e-01,9.952376829428858374e-01,9.952376704845193878e-01,9.952375286121489806e-01,9.952329532774790710e-01,9.952329524290463025e-01,9.952375253732349547e-01,9.952376544847890694e-01,9.952375227855327910e-01,9.952335830091940672e-01,1.000000000000011768e+00,9.952335690705309545e-01,9.952373687416926629e-01,9.952329374706676557e-01,9.952329378901830781e-01,9.952375154314128114e-01,9.952376578737959223e-01,9.952376705268696222e-01,9.952376727770704257e-01,9.952376732117625968e-01,9.952376728358316438e-01,9.952376706794839878e-01,9.952376582341114775e-01,9.952375163840058159e-01,9.952329410977397428e-01,9.952329407719591181e-01,9.952375153736634505e-01,9.952376548665194944e-01,9.952376544850790596e-01,9.952375121595247176e-01,9.952335690705309545e-01,1.000000000000011768e+00,9.952334147499112271e-01,9.952327808742829074e-01,9.952327832663132590e-01,9.952373713929767440e-01,9.952375155012109786e-01,9.952375285518268999e-01,9.952375309266086045e-01,9.952375314092373193e-01,9.952375310555489074e-01,9.952375289122095126e-01,9.952375164774529548e-01,9.952373746403596622e-01,9.952327993772022152e-01,9.952327992241672971e-01,9.952373742215901986e-01,9.952375153734438484e-01,9.952375253733097837e-01,9.952375143654915712e-01,9.952373687416926629e-01,9.952334147499112271e-01,1.000000000000011768e+00,9.952286889918227075e-01,9.952280583608200670e-01,9.952327833013945302e-01,9.952329379950436428e-01,9.952329527254378805e-01,9.952329555013359474e-01,9.952329561096531219e-01,9.952329558043512270e-01,9.952329536834472190e-01,9.952329412618441395e-01,9.952327994360619101e-01,9.952282242070065177e-01,9.952282241241171556e-01,9.952327992244764943e-01,9.952329407720541532e-01,9.952329524294187824e-01,9.952329517978691920e-01,9.952329374706676557e-01,9.952327808742829074e-01,9.952286889918227075e-01,1.000000000000011768e+00
9.999999999999982236e-01,9.905236345552075328e-01,9.905397489535959776e-01,9.905403431900099420e-01,9.905403998429598289e-01,9.905404101332141442e-01,9.905404109931026380e-01,9.905404035791413042e-01,9.905403572173648863e-01,9.905398314946030069e-01,9.905218269362501271e-01,9.905218268444112573e-01,9.905398312678214134e-01,9.905403567190207426e-01,9.905404024189655710e-01,9.905404078387748390e-01,9.905403991917159923e-01,9.905403442530860136e-01,9.905397688951164126e-01,9.905211746834748920e-01,9.905236345552075328e-01,9.999999999999982236e-01,9.905422339608549454e-01,9.905578035558705308e-01,9.905583567116637012e-01,9.905584063895749303e-01,9.905584136097903558e-01,9.905584077243692054e-01,9.905583618420666925e-01,9.905578362947458082e-01,9.905398314946848304e-01,9.905398314953807182e-01,9.905578362973033180e-01,9.905583618459247175e-01,9.905584077361830886e-01,9.905584136478481350e-01,9.905584065659761572e-01,9.905583581554630035e-01,9.905578237499529370e-01,9.905397690302684133e-01,9.905397489535959776e-01,9.905422339608549454e-01,9.999999999999982236e-01,9.905428087021378447e-01,9.905583377774018761e-01,9.905588841232615405e-01,9.905589307701694324e-01,9.905589312566887017e-01,9.905588869073569391e-01,9.905583618417799219e-01,9.905403572172795101e-01,9.905403573554624197e-01,9.905583622084764839e-01,9.905588878079766291e-01,9.905589337847395814e-01,9.905589398824662384e-01,9.905589332836155503e-01,9.905588864106227298e-01,9.905583584250472473e-01,9.905403446577244475e-01,9.905403431900099420e-01,9.905578035558705308e-01,9.905428087021378447e-01,9.999999999999982236e-01,9.905428638601591063e-01,9.905583860050577449e-01,9.905589293197788470e-01,9.905589692336839169e-01,9.905589312565004079e-01,9.905584077240040530e-01,9.905404035787577222e-01,9.905404039905464364e-01,9.905584088956989053e-01,9.905589345364984588e-01,9.905589805637838863e-01,9.905589867479621669e-01,9.905589803349592604e-01,9.905589339445332042e-01,9.905584074964567387e-01,9.905404002573661160e-01,9.905403998429598289e-01,9.905583567116637012e-01,9.905583377774018761e-01,9.905428638601591063e-01,9.999999999999982236e-01,9.905428736533770095e-01,9.905583927387238141e-01,9.905589293200073309e-01,9.905589307702141744e-01,9.905584136095388903e-01,9.905404109930390222e-01,9.905404120759349063e-01,9.905584170691386081e-01,9.905589427605567820e-01,9.905589888291441714e-01,9.905589950637513352e-01,9.905589887372492353e-01,9.905589425326959407e-01,9.905584165676181163e-01,9.905404108936585184e-01,9.905404101332141442e-01,9.905584063895749303e-01,9.905588841232615405e-01,9.905583860050577449e-01,9.905428736533770095e-01,9.999999999999982236e-01,9.905428736533729017e-01,9.905583860052291634e-01,9.905588841232614294e-01,9.905584063893586588e-01,9.905404101330502753e-01,9.905404132408452966e-01,9.905584184235772804e-01,9.905589442014164359e-01,9.905589903205054281e-01,9.905589965965084787e-01,9.905589903204121693e-01,9.905589442023183810e-01,9.905584184233633405e-01,9.905404132410312590e-01,9.905404109931026380e-01,9.905584136097903558e-01,9.905589307701694324e-01,9.905589293197788470e-01,9.905583927387238141e-01,9.905428736533729017e-01,9.999999999999982236e-01,9.905428638603630542e-01,9.905583377774288545e-01,9.905583567114201182e-01,9.905403998428771173e-01,9.905404108934403595e-01,9.905584165677894237e-01,9.905589425317875563e-01,9.905589887372949764e-01,9.905589950637497809e-01,9.905589888290271539e-01,9.905589427614127640e-01,9.905584170688995771e-01,9.905404120761485132e-01,9.905404035791413042e-01,9.905584077243692054e-01,9.905589312566887017e-01,9.905589692336839169e-01,9.905589293200073309e-01,9.905583860052291634e-01,9.905428638603630542e-01,9.999999999999982236e-01,9.905428087022675188e-01,9.905578035557657257e-01,9.905403431900644540e-01,9.905404002572588684e-01,9.905584074968663000e-01,9.905589339437795848e-01,9.905589803352207179e-01,9.905589867481132682e-01,9.905589805638824741e-01,9.905589345375807042e-01,9.905584088956558286e-01,9.905404039909371239e-01,9.905403572173648863e-01,9.905583618420666925e-01,9.905588869073569391e-01,9.905589312565004079e-01,9.905589307702141744e-01,9.905588841232614294e-01,9.905583377774288545e-01,9.905428087022675188e-01,9.999999999999982236e-01,9.905422339605179927e-01,9.905397489535182620e-01,9.905403446575629101e-01,9.905583584252299900e-01,9.905588864097192303e-01,9.905589332836641780e-01,9.905589398824919956e-01,9.905589337846929521e-01,9.905588878088945615e-01,9.905583622082865247e-01,9.905403573556864627e-01,9.905398314946030069e-01,9.905578362947458082e-01,9.905583618417799219e-01,9.905584077240040530e-01,9.905584136095388903e-01,9.905584063893586588e-01,9.905583567114201182e-01,9.905578035557657257e-01,9.905422339605179927e-01,9.999999999999982236e-01,9.905236345548017463e-01,9.905397690298214375e-01,9.905578237499169658e-01,9.905583581543085936e-01,9.905584065658402659e-01,9.905584136476098811e-01,9.905584077358966510e-01,9.905583618466542450e-01,9.905578362968475714e-01,9.905398314953978156e-01,9.905218269362501271e-01,9.905398314946848304e-01,9.905403572172795101e-01,9.905404035787577222e-01,9.905404109930390222e-01,9.905404101330502753e-01,9.905403998428771173e-01,9.905403431900644540e-01,9.905397489535182620e-01,9.905236345548017463e-01,9.999999999999982236e-01,9.905211746831259489e-01,9.905397688952080060e-01,9.905403442520395174e-01,9.905403991916447159e-01,9.905404078386784716e-01,9.905404024187957068e-01,9.905403567197725856e-01,9.905398312675515182e-01,9.905218268444875296e-01,9.905218268444112573e-01,9.905398314953807182e-01,9.905403573554624197e-01,9.905404039905464364e-01,9.905404120759349063e-01,9.905404132408452966e-01,9.905404108934403595e-01,9.905404002572588684e-01,9.905403446575629101e-01,9.905397690298214375e-01,9.905211746831259489e-01,9.999999999999982236e-01,9.905236342358267887e-01,9.905397483647294665e-01,9.905403419412572852e-01,9.905403966048853537e-01,9.905403991278147746e-01,9.905403554537118849e-01,9.905398306725178292e-01,9.905218265217806684e-01,9.905398312678214134e-01,9.905578362973033180e-01,9.905583622084764839e-01,9.905584088956989053e-01,9.905584170691386081e-01,9.905584184235772804e-01,9.905584165677894237e-01,9.905584074968663000e-01,9.905583584252299900e-01,9.905578237499169658e-01,9.905397688952080060e-01,9.905236342358267887e-01,9.999999999999982236e-01,9.905422332344923086e-01,9.905578021721470616e-01,9.905583533387569695e-01,9.905583952492404975e-01,9.905583579345773604e-01,9.905578346725718575e-01,9.905398306729428226e-01,9.905403567190207426e-01,9.905583618459247175e-01,9.905588878079766291e-01,9.905589345364984588e-01,9.905589427605567820e-01,9.905589442014164359e-01,9.905589425317875563e-01,9.905589339437795848e-01,9.905588864097192303e-01,9.905583581543085936e-01,9.905403442520395174e-01,9.905397483647294665e-01,9.905422332344923086e-01,9.999999999999982236e-01,9.905428070418219599e-01,9.905583341332978575e-01,9.905588727120960835e-01,9.905588748241577202e-01,9.905583579334458211e-01,9.905403554530298749e-01,9.905404024189655710e-01,9.905584077361830886e-01,9.905589337847395814e-01,9.905589805637838863e-01,9.905589888291441714e-01,9.905589903205054281e-01,9.905589887372949764e-01,9.905589803352207179e-01,9.905589332836641780e-01,9.905584065658402659e-01,9.905403991916447159e-01,9.905403419412572852e-01,9.905578021721470616e-01,9.905428070418219599e-01,9.999999999999982236e-01,9.905428595405376679e-01,9.905583739322130210e-01,9.905588727130998361e-01,9.905583952491470168e-01,9.905403991280762321e-01,9.905404078387748390e-01,9.905584136478481350e-01,9.905589398824662384e-01,9.905589867479621669e-01,9.905589950637513352e-01,9.905589965965084787e-01,9.905589950637497809e-01,9.905589867481132682e-01,9.905589398824919956e-01,9.905584136476098811e-01,9.905404078386784716e-01,9.905403966048853537e-01,9.905583533387569695e-01,9.905583341332978575e-01,9.905428595405376679e-01,9.999999999999982236e-01,9.905428595405143533e-01,9.905583341342306669e-01,9.905583533385448058e-01,9.905403966051266051e-01,9.905403991917159923e-01,9.905584065659761572e-01,9.905589332836155503e-01,9.905589803349592604e-01,9.905589887372492353e-01,9.905589903204121693e-01,9.905589888290271539e-01,9.905589805638824741e-01,9.905589337846929521e-01,9.905584077358966510e-01,9.905404024187957068e-01,9.905403991278147746e-01,9.905583952492404975e-01,9.905588727120960835e-01,9.905583739322130210e-01,9.905428595405143533e-01,9.999999999999982236e-01,9.905428070425872367e-01,9.905578021718540738e-01,9.905403419413851829e-01,9.905403442530860136e-01,9.905583581554630035e-01,9.905588864106227298e-01,9.905589339445332042e-01,9.905589425326959407e-01,9.905589442023183810e-01,9.905589427614127640e-01,9.905589345375807042e-01,9.905588878088945615e-01,9.905583618466542450e-01,9.905403567197725856e-01,9.905403554537118849e-01,9.905583579345773604e-01,9.905588748241577202e-01,9.905588727130998361e-01,9.905583341342306669e-01,9.905428070425872367e-01,9.999999999999982236e-01,9.905422332353467363e-01,9.905397483658417990e-01,9.905397688951164126e-01,9.905578237499529370e-01,9.905583584250472473e-01,9.905584074964567387e-01,9.905584165676181163e-01,9.905584184233633405e-01,9.905584170688995771e-01,9.905584088956558286e-01,9.905583622082865247e-01,9.905578362968475714e-01,9.905398312675515182e-01,9.905398306725178292e-01,9.905578346725718575e-01,9.905583579334458211e-01,9.905583952491470168e-01,9.905583533385448058e-01,9.905578021718540738e-01,9.905422332353467363e-01,9.999999999999982236e-01,9.905236342359322599e-01,9.905211746834748920e-01,9.905397690302684133e-01,9.905403446577244475e-01,9.905404002573661160e-01,9.905404108936585184e-01,9.905404132410312590e-01,9.905404120761485132e-01,9.905404039909371239e-01,9.905403573556864627e-01,9.905398314953978156e-01,9.905218268444875296e-01,9.905218265217806684e-01,9.905398306729428226e-01,9.905403554530298749e-01,9.905403991280762321e-01,9.905403966051266051e-01,9.905403419413851829e-01,9.905397483658417990e-01,9.905236342359322599e-01,9.999999999999982236e-01
1.000000000000013323e+00,9.858831995796144554e-01,9.859189011255961033e-01,9.859201672917999870e-01,9.859202890227493077e-01,9.859203113551857633e-01,9.859203132680200987e-01,9.859202973765139877e-01,9.859201993677194631e-01,9.859191057077381082e-01,9.858792453371760800e-01,9.858792451368356691e-01,9.859191052142944889e-01,9.859201982815658516e-01,9.859202948525066512e-01,9.859203064273676098e-01,9.859202877774345675e-01,9.859201710169892552e-01,9.859189693629835105e-01,9.858778023758655307e-01,9.858831995796144554e-01,1.000000000000013323e+00,9.859243814923170923e-01,9.859588713822008410e-01,9.859600481808237227e-01,9.859601546927517779e-01,9.859601703464313527e-01,9.859601577730777722e-01,9.859600608053373794e-01,9.859589675041502410e-01,9.859191057083726006e-01,9.859191057111288403e-01,9.859589675129009079e-01,9.859600608182124137e-01,9.859601578107305420e-01,9.859601704684115564e-01,9.859601552551322534e-01,9.859600527720107088e-01,9.859589402322428420e-01,9.859189696557856264e-01,9.859189011255961033e-01,9.859243814923170923e-01,1.000000000000013323e+00,9.859255809682209160e-01,9.859599834001900875e-01,9.859611455245612666e-01,9.859612454853899921e-01,9.859612466909393191e-01,9.859611530560163928e-01,9.859600608044508663e-01,9.859201993676228737e-01,9.859201996717312788e-01,9.859600616089738701e-01,9.859611550262016300e-01,9.859612522079381769e-01,9.859612652721900794e-01,9.859612511126456535e-01,9.859611519758687548e-01,9.859600533580488158e-01,9.859201718957080196e-01,9.859201672917999870e-01,9.859588713822008410e-01,9.859255809682209160e-01,1.000000000000013323e+00,9.859256980955675154e-01,9.859600854577268425e-01,9.859612410304861019e-01,9.859613265452419339e-01,9.859612466898777239e-01,9.859601577712416853e-01,9.859202973752210220e-01,9.859202982783366043e-01,9.859601603324761321e-01,9.859612538401716364e-01,9.859613511324352153e-01,9.859613643856444121e-01,9.859613506320989984e-01,9.859612525476859624e-01,9.859601572761792498e-01,9.859202900912313883e-01,9.859202890227493077e-01,9.859600481808237227e-01,9.859599834001900875e-01,9.859256980955675154e-01,1.000000000000013323e+00,9.859257191875979709e-01,9.859600999056199466e-01,9.859612410308944419e-01,9.859612454847416219e-01,9.859601703448711563e-01,9.859203132672293979e-01,9.859203156375992982e-01,9.859601778863368304e-01,9.859612715047280096e-01,9.859613688873788417e-01,9.859613822510089332e-01,9.859613686864505677e-01,9.859612710080635223e-01,9.859601767902766989e-01,9.859203130417951710e-01,9.859203113551857633e-01,9.859601546927517779e-01,9.859611455245612666e-01,9.859600854577268425e-01,9.859257191875979709e-01,1.000000000000013323e+00,9.859257191880655968e-01,9.859600854585127694e-01,9.859611455243065814e-01,9.859601546916961778e-01,9.859203113547354569e-01,9.859203181405132854e-01,9.859601808070476148e-01,9.859612746145119955e-01,9.859613721076601056e-01,9.859613855617439526e-01,9.859613721075823900e-01,9.859612746181534160e-01,9.859601808070000972e-01,9.859203181405713501e-01,9.859203132680200987e-01,9.859601703464313527e-01,9.859612454853899921e-01,9.859612410304861019e-01,9.859600999056199466e-01,9.859257191880655968e-01,1.000000000000013323e+00,9.859256980968681416e-01,9.859599834004237895e-01,9.859600481801966687e-01,9.859202890228447869e-01,9.859203130421718697e-01,9.859601767907372194e-01,9.859612710048797357e-01,9.859613686869238558e-01,9.859613822514353698e-01,9.859613688877424398e-01,9.859612715087979762e-01,9.859601778867096433e-01,9.859203156381258770e-01,9.859202973765139877e-01,9.859601577730777722e-01,9.859612466909393191e-01,9.859613265452419339e-01,9.859612410308944419e-01,9.859600854585127694e-01,9.859256980968681416e-01,1.000000000000013323e+00,9.859255809687342831e-01,9.859588713818471239e-01,9.859201672922024429e-01,9.859202900918869750e-01,9.859601572770438915e-01,9.859612525448069320e-01,9.859613506329639732e-01,9.859613643864231225e-01,9.859613511331870583e-01,9.859612538446249630e-01,9.859601603332086572e-01,9.859202982791963610e-01,9.859201993677194631e-01,9.859600608053373794e-01,9.859611530560163928e-01,9.859612466898777239e-01,9.859612454847416219e-01,9.859611455243065814e-01,9.859599834004237895e-01,9.859255809687342831e-01,1.000000000000013323e+00,9.859243814908790204e-01,9.859189011250075740e-01,9.859201718954383464e-01,9.859600533578006809e-01,9.859611519719754247e-01,9.859612511124028478e-01,9.859612652719781378e-01,9.859612522076695029e-01,9.859611550296037974e-01,9.859600616087185188e-01,9.859201996715765137e-01,9.859191057077381082e-01,9.859589675041502410e-01,9.859600608044508663e-01,9.859601577712416853e-01,9.859601703448711563e-01,9.859601546916961778e-01,9.859600481801966687e-01,9.859588713818471239e-01,9.859243814908790204e-01,1.000000000000013323e+00,9.858831995780674706e-01,9.859189696546393211e-01,9.859589402312222139e-01,9.859600527672700565e-01,9.859601552541067404e-01,9.859601704673405242e-01,9.859601578096480745e-01,9.859600608208545225e-01,9.859589675117725882e-01,9.859191057101730493e-01,9.858792453371760800e-01,9.859191057083726006e-01,9.859201993676228737e-01,9.859202973752210220e-01,9.859203132672293979e-01,9.859203113547354569e-01,9.859202890228447869e-01,9.859201672922024429e-01,9.859189011250075740e-01,9.858831995780674706e-01,1.000000000000013323e+00,9.858778023753678177e-01,9.859189693626231321e-01,9.859201710129288365e-01,9.859202877770459894e-01,9.859203064270090078e-01,9.859202948521128551e-01,9.859201982847799473e-01,9.859191052139180123e-01,9.858792451364811749e-01,9.858792451368356691e-01,9.859191057111288403e-01,9.859201996717312788e-01,9.859202982783366043e-01,9.859203156375992982e-01,9.859203181405132854e-01,9.859203130421718697e-01,9.859202900918869750e-01,9.859201718954383464e-01,9.859189696546393211e-01,9.858778023753678177e-01,1.000000000000013323e+00,9.858831988830825122e-01,9.859188998430729045e-01,9.859201645781632273e-01,9.859202820084524976e-01,9.859202876671555593e-01,9.859201955152436803e-01,9.859191039114132415e-01,9.858792444288929646e-01,9.859191052142944889e-01,9.859589675129009079e-01,9.859600616089738701e-01,9.859601603324761321e-01,9.859601778863368304e-01,9.859601808070476148e-01,9.859601767907372194e-01,9.859601572770438915e-01,9.859600533578006809e-01,9.859589402312222139e-01,9.859189693626231321e-01,9.858831988830825122e-01,1.000000000000013323e+00,9.859243799084077553e-01,9.859588683751241422e-01,9.859600408734159327e-01,9.859601307110085200e-01,9.859600522960456637e-01,9.859589639667263317e-01,9.859191039115325905e-01,9.859201982815658516e-01,9.859600608182124137e-01,9.859611550262016300e-01,9.859612538401716364e-01,9.859612715047280096e-01,9.859612746145119955e-01,9.859612710048797357e-01,9.859612525448069320e-01,9.859611519719754247e-01,9.859600527672700565e-01,9.859201710129288365e-01,9.859188998430729045e-01,9.859243799084077553e-01,1.000000000000013323e+00,9.859255773521500288e-01,9.859599755014850642e-01,9.859611209526191189e-01,9.859611268448192911e-01,9.859600522923356314e-01,9.859201955116830840e-01,9.859202948525066512e-01,9.859601578107305420e-01,9.859612522079381769e-01,9.859613511324352153e-01,9.859613688873788417e-01,9.859613721076601056e-01,9.859613686869238558e-01,9.859613506329639732e-01,9.859612511124028478e-01,9.859601552541067404e-01,9.859202877770459894e-01,9.859201645781632273e-01,9.859588683751241422e-01,9.859255773521500288e-01,1.000000000000013323e+00,9.859256887152764159e-01,9.859600594491434444e-01,9.859611209563515777e-01,9.859601307110523738e-01,9.859202876672301663e-01,9.859203064273676098e-01,9.859601704684115564e-01,9.859612652721900794e-01,9.859613643856444121e-01,9.859613822510089332e-01,9.859613855617439526e-01,9.859613822514353698e-01,9.859613643864231225e-01,9.859612652719781378e-01,9.859601704673405242e-01,9.859203064270090078e-01,9.859202820084524976e-01,9.859600408734159327e-01,9.859599755014850642e-01,9.859256887152764159e-01,1.000000000000013323e+00,9.859256887152985094e-01,9.859599755051674519e-01,9.859600408733685262e-01,9.859202820085545271e-01,9.859202877774345675e-01,9.859601552551322534e-01,9.859612511126456535e-01,9.859613506320989984e-01,9.859613686864505677e-01,9.859613721075823900e-01,9.859613688877424398e-01,9.859613511331870583e-01,9.859612522076695029e-01,9.859601578096480745e-01,9.859202948521128551e-01,9.859202876671555593e-01,9.859601307110085200e-01,9.859611209526191189e-01,9.859600594491434444e-01,9.859256887152985094e-01,1.000000000000013323e+00,9.859255773557166203e-01,9.859588683750156735e-01,9.859201645781746626e-01,9.859201710169892552e-01,9.859600527720107088e-01,9.859611519758687548e-01,9.859612525476859624e-01,9.859612710080635223e-01,9.859612746181534160e-01,9.859612715087979762e-01,9.859612538446249630e-01,9.859611550296037974e-01,9.859600608208545225e-01,9.859201982847799473e-01,9.859201955152436803e-01,9.859600522960456637e-01,9.859611268448192911e-01,9.859611209563515777e-01,9.859599755051674519e-01,9.859255773557166203e-01,1.000000000000013323e+00,9.859243799122064944e-01,9.859188998467894871e-01,9.859189693629835105e-01,9.859589402322428420e-01,9.859600533580488158e-01,9.859601572761792498e-01,9.859601767902766989e-01,9.859601808070000972e-01,9.859601778867096433e-01,9.859601603332086572e-01,9.859600616087185188e-01,9.859589675117725882e-01,9.859191052139180123e-01,9.859191039114132415e-01,9.859589639667263317e-01,9.859600522923356314e-01,9.859601307110523738e-01,9.859600408733685262e-01,9.859588683750156735e-01,9.859243799122064944e-01,1.000000000000013323e+00,9.858831988832037485e-01,9.858778023758655307e-01,9.859189696557856264e-01,9.859201718957080196e-01,9.859202900912313883e-01,9.859203130417951710e-01,9.859203181405713501e-01,9.859203156381258770e-01,9.859202982791963610e-01,9.859201996715765137e-01,9.859191057101730493e-01,9.858792451364811749e-01,9.858792444288929646e-01,9.859191039115325905e-01,9.859201955116830840e-01,9.859202876672301663e-01,9.859202820085545271e-01,9.859201645781746626e-01,9.859188998467894871e-01,9.858831988832037485e-01,1.000000000000013323e+00
