9.999999999999976685e-01,9.999999999999976685e-01,9.999999999999976685e-01,9.999999999999976685e-01,9.999999999999976685e-01,9.999999999999976685e-01,9.999999999999976685e-01,9.999999999999976685e-01,9.999999999999976685e-01,9.999999999999976685e-01,9.999999999999976685e-01,9.999999999999976685e-01,9.999999999999976685e-01,9.999999999999976685e-01,9.999999999999976685e-01,9.999999999999976685e-01,9.999999999999976685e-01,9.999999999999976685e-01,9.999999999999976685e-01,9.999999999999976685e-01,9.999999999999976685e-01,9.999999999999976685e-01,9.999999999999976685e-01,9.999999999999976685e-01,9.999999999999976685e-01,9.999999999999976685e-01,9.999999999999976685e-01,9.999999999999976685e-01,9.999999999999976685e-01,9.999999999999976685e-01,9.999999999999976685e-01,9.999999999999976685e-01,9.999999999999976685e-01,9.999999999999976685e-01,9.999999999999976685e-01,9.999999999999976685e-01,9.999999999999976685e-01,9.999999999999976685e-01,9.999999999999976685e-01,9.999999999999976685e-01,9.999999999999976685e-01,9.999999999999976685e-01,9.999999999999976685e-01,9.999999999999976685e-01,9.999999999999976685e-01,9.999999999999976685e-01,9.999999999999976685e-01,9.999999999999976685e-01,9.999999999999976685e-01,9.999999999999976685e-01,9.999999999999976685e-01,9.999999999999976685e-01,9.999999999999976685e-01,9.999999999999976685e-01,9.999999999999976685e-01,9.999999999999976685e-01,9.999999999999976685e-01,9.999999999999976685e-01,9.999999999999976685e-01,9.999999999999976685e-01,9.999999999999976685e-01,9.999999999999976685e-01,9.999999999999976685e-01,9.999999999999976685e-01,9.999999999999976685e-01,9.999999999999976685e-01,9.999999999999976685e-01,9.999999999999976685e-01,9.999999999999976685e-01,9.999999999999976685e-01,9.999999999999976685e-01,9.999999999999976685e-01,9.999999999999976685e-01,9.999999999999976685e-01,9.999999999999976685e-01,9.999999999999976685e-01,9.999999999999976685e-01,9.999999999999976685e-01,9.999999999999976685e-01,9.999999999999976685e-01,9.999999999999976685e-01,9.999999999999976685e-01,9.999999999999976685e-01,9.999999999999976685e-01,9.999999999999976685e-01,9.999999999999976685e-01,9.999999999999976685e-01,9.999999999999976685e-01,9.999999999999976685e-01,9.999999999999976685e-01,9.999999999999976685e-01,9.999999999999976685e-01,9.999999999999976685e-01,9.999999999999976685e-01,9.999999999999976685e-01,9.999999999999976685e-01,9.999999999999976685e-01,9.999999999999976685e-01,9.999999999999976685e-01,9.999999999999976685e-01,9.999999999999976685e-01,9.999999999999976685e-01,9.999999999999976685e-01,9.999999999999976685e-01,9.999999999999976685e-01,9.999999999999976685e-01,9.999999999999976685e-01,9.999999999999976685e-01,9.999999999999976685e-01,9.999999999999976685e-01,9.999999999999976685e-01,9.999999999999976685e-01,9.999999999999976685e-01,9.999999999999976685e-01,9.999999999999976685e-01,9.999999999999976685e-01,9.999999999999976685e-01,9.999999999999976685e-01,9.999999999999976685e-01,9.999999999999976685e-01,9.999999999999976685e-01,9.999999999999976685e-01,9.999999999999976685e-01,9.999999999999976685e-01,9.999999999999976685e-01,9.999999999999976685e-01,9.999999999999976685e-01,9.999999999999976685e-01,9.999999999999976685e-01,9.999999999999976685e-01,9.999999999999976685e-01,9.999999999999976685e-01,9.999999999999976685e-01,9.999999999999976685e-01,9.999999999999976685e-01,9.999999999999976685e-01,9.999999999999976685e-01,9.999999999999976685e-01,9.999999999999976685e-01,9.999999999999976685e-01,9.999999999999976685e-01,9.999999999999976685e-01,9.999999999999976685e-01,9.999999999999976685e-01,9.999999999999976685e-01,9.999999999999976685e-01,9.999999999999976685e-01,9.999999999999976685e-01,9.999999999999976685e-01,9.999999999999976685e-01,9.999999999999976685e-01,9.999999999999976685e-01,9.999999999999976685e-01,9.999999999999976685e-01,9.999999999999976685e-01,9.999999999999976685e-01,9.999999999999976685e-01,9.999999999999976685e-01,9.999999999999976685e-01,9.999999999999976685e-01,9.999999999999976685e-01,9.999999999999976685e-01,9.999999999999976685e-01,9.999999999999976685e-01,9.999999999999976685e-01,9.999999999999976685e-01,9.999999999999976685e-01,9.999999999999976685e-01,9.999999999999976685e-01,9.999999999999976685e-01,9.999999999999976685e-01,9.999999999999976685e-01,9.999999999999976685e-01,9.999999999999976685e-01,9.999999999999976685e-01,9.999999999999976685e-01,9.999999999999976685e-01,9.999999999999976685e-01,9.999999999999976685e-01,9.999999999999976685e-01,9.999999999999976685e-01,9.999999999999976685e-01,9.999999999999976685e-01,9.999999999999976685e-01,9.999999999999976685e-01,9.999999999999976685e-01,9.999999999999976685e-01,9.999999999999976685e-01,9.999999999999976685e-01,9.999999999999976685e-01,9.999999999999976685e-01,9.999999999999976685e-01,9.999999999999976685e-01,9.999999999999976685e-01,9.999999999999976685e-01,9.999999999999976685e-01,9.999999999999976685e-01,9.999999999999976685e-01,9.999999999999976685e-01,9.999999999999976685e-01,9.999999999999976685e-01,9.999999999999976685e-01,9.999999999999976685e-01,9.999999999999976685e-01,9.999999999999976685e-01,9.999999999999976685e-01,9.999999999999976685e-01,9.999999999999976685e-01,9.999999999999976685e-01,9.999999999999976685e-01,9.999999999999976685e-01,9.999999999999976685e-01,9.999999999999976685e-01,9.999999999999976685e-01,9.999999999999976685e-01,9.999999999999976685e-01,9.999999999999976685e-01,9.999999999999976685e-01,9.999999999999976685e-01,9.999999999999976685e-01,9.999999999999976685e-01,9.999999999999976685e-01,9.999999999999976685e-01,9.999999999999976685e-01,9.999999999999976685e-01,9.999999999999976685e-01,9.999999999999976685e-01,9.999999999999976685e-01,9.999999999999976685e-01,9.999999999999976685e-01,9.999999999999976685e-01,9.999999999999976685e-01,9.999999999999976685e-01,9.999999999999976685e-01,9.999999999999976685e-01,9.999999999999976685e-01,9.999999999999976685e-01,9.999999999999976685e-01,9.999999999999976685e-01,9.999999999999976685e-01,9.999999999999976685e-01,9.999999999999976685e-01,9.999999999999976685e-01,9.999999999999976685e-01,9.999999999999976685e-01,9.999999999999976685e-01,9.999999999999976685e-01,9.999999999999976685e-01,9.999999999999976685e-01,9.999999999999976685e-01,9.999999999999976685e-01,9.999999999999976685e-01,9.999999999999976685e-01,9.999999999999976685e-01,9.999999999999976685e-01,9.999999999999976685e-01,9.999999999999976685e-01,9.999999999999976685e-01,9.999999999999976685e-01,9.999999999999976685e-01,9.999999999999976685e-01,9.999999999999976685e-01,9.999999999999976685e-01,9.999999999999976685e-01,9.999999999999976685e-01,9.999999999999976685e-01,9.999999999999976685e-01,9.999999999999976685e-01,9.999999999999976685e-01,9.999999999999976685e-01,9.999999999999976685e-01,9.999999999999976685e-01,9.999999999999976685e-01,9.999999999999976685e-01,9.999999999999976685e-01,9.999999999999976685e-01,9.999999999999976685e-01,9.999999999999976685e-01,9.999999999999976685e-01,9.999999999999976685e-01,9.999999999999976685e-01,9.999999999999976685e-01,9.999999999999976685e-01,9.999999999999976685e-01,9.999999999999976685e-01,9.999999999999976685e-01,9.999999999999976685e-01,9.999999999999976685e-01,9.999999999999976685e-01,9.999999999999976685e-01,9.999999999999976685e-01,9.999999999999976685e-01,9.999999999999976685e-01,9.999999999999976685e-01,9.999999999999976685e-01,9.999999999999976685e-01,9.999999999999976685e-01,9.999999999999976685e-01,9.999999999999976685e-01,9.999999999999976685e-01,9.999999999999976685e-01,9.999999999999976685e-01,9.999999999999976685e-01,9.999999999999976685e-01,9.999999999999976685e-01,9.999999999999976685e-01,9.999999999999976685e-01,9.999999999999976685e-01,9.999999999999976685e-01,9.999999999999976685e-01,9.999999999999976685e-01,9.999999999999976685e-01,9.999999999999976685e-01,9.999999999999976685e-01,9.999999999999976685e-01,9.999999999999976685e-01,9.999999999999976685e-01,9.999999999999976685e-01,9.999999999999976685e-01,9.999999999999976685e-01,9.999999999999976685e-01,9.999999999999976685e-01,9.999999999999976685e-01,9.999999999999976685e-01,9.999999999999976685e-01,9.999999999999976685e-01,9.999999999999976685e-01,9.999999999999976685e-01,9.999999999999976685e-01,9.999999999999976685e-01,9.999999999999976685e-01,9.999999999999976685e-01,9.999999999999976685e-01,9.999999999999976685e-01,9.999999999999976685e-01,9.999999999999976685e-01,9.999999999999976685e-01,9.999999999999976685e-01,9.999999999999976685e-01,9.999999999999976685e-01,9.999999999999976685e-01,9.999999999999976685e-01,9.999999999999976685e-01,9.999999999999976685e-01,9.999999999999976685e-01,9.999999999999976685e-01,9.999999999999976685e-01,9.999999999999976685e-01,9.999999999999976685e-01,9.999999999999976685e-01,9.999999999999976685e-01,9.999999999999976685e-01,9.999999999999976685e-01,9.999999999999976685e-01,9.999999999999976685e-01,9.999999999999976685e-01,9.999999999999976685e-01,9.999999999999976685e-01,9.999999999999976685e-01,9.999999999999976685e-01,9.999999999999976685e-01,9.999999999999976685e-01,9.999999999999976685e-01,9.999999999999976685e-01,9.999999999999976685e-01,9.999999999999976685e-01,9.999999999999976685e-01,9.999999999999976685e-01,9.999999999999976685e-01,9.999999999999976685e-01,9.999999999999976685e-01,9.999999999999976685e-01,9.999999999999976685e-01,9.999999999999976685e-01,9.999999999999976685e-01,9.999999999999976685e-01,9.999999999999976685e-01,9.999999999999976685e-01,9.999999999999976685e-01,9.999999999999976685e-01,9.999999999999976685e-01,9.999999999999976685e-01,9.999999999999976685e-01,9.999999999999976685e-01,9.999999999999976685e-01,9.999999999999976685e-01,9.999999999999976685e-01,9.999999999999976685e-01,9.999999999999976685e-01,9.999999999999976685e-01,9.999999999999976685e-01,9.999999999999976685e-01,9.999999999999976685e-01,9.999999999999976685e-01,9.999999999999976685e-01,9.999999999999976685e-01,9.999999999999976685e-01,9.999999999999976685e-01,9.999999999999976685e-01,9.999999999999976685e-01
1.000000000000001554e+00,9.952286885622794177e-01,9.952327799275578757e-01,9.952329344861691185e-01,9.952329369388668301e-01,9.952327979704860272e-01,9.952282235633514995e-01,9.952282239949298281e-01,9.952327992835149351e-01,9.952329411563887174e-01,9.952329536370314589e-01,9.952329558629234851e-01,9.952329564101953796e-01,9.952329564931361450e-01,9.952329562806166985e-01,9.952329555007952688e-01,9.952329526550939276e-01,9.952329378896308532e-01,9.952327831724521179e-01,9.952280582082575489e-01,9.952286885622794177e-01,1.000000000000001554e+00,9.952334136302279921e-01,9.952373655860154988e-01,9.952374993353986232e-01,9.952373707425298255e-01,9.952327979704266303e-01,9.952327989238112238e-01,9.952373742817036684e-01,9.952375161774331680e-01,9.952375286711055979e-01,9.952375309076739729e-01,9.952375314680473872e-01,9.952375315734139916e-01,9.952375314092603009e-01,9.952375307551438732e-01,9.952375283105650006e-01,9.952375152248509327e-01,9.952373710931051720e-01,9.952327829428321282e-01,9.952327799275578757e-01,9.952334136302279921e-01,1.000000000000001554e+00,9.952335653902951718e-01,9.952374966103313403e-01,9.952374993353028110e-01,9.952329369387248326e-01,9.952329399530311926e-01,9.952375154372438137e-01,9.952376573809247340e-01,9.952376698968520286e-01,9.952376721464107900e-01,9.952376727173994908e-01,9.952376728357703595e-01,9.952376726938662044e-01,9.952376720876763283e-01,9.952376697676831308e-01,9.952376570795160582e-01,9.952375146136221984e-01,9.952329370487683624e-01,9.952329344861691185e-01,9.952373655860154988e-01,9.952335653902951718e-01,1.000000000000001554e+00,9.952335653903803259e-01,9.952373655859959589e-01,9.952329344860945115e-01,9.952329495696872197e-01,9.952375254550870354e-01,9.952376675233524095e-01,9.952376800871697293e-01,9.952376823589748067e-01,9.952376829429645522e-01,9.952376830719512624e-01,9.952376829430437111e-01,9.952376823591007060e-01,9.952376800870005313e-01,9.952376675233539638e-01,9.952375254550026584e-01,9.952329495699365758e-01,9.952329369388668301e-01,9.952374993353986232e-01,9.952374966103313403e-01,9.952335653903803259e-01,1.000000000000001554e+00,9.952334136302877221e-01,9.952327799275711984e-01,9.952329370486080462e-01,9.952375146137881767e-01,9.952376570795868904e-01,9.952376697679358175e-01,9.952376720876369154e-01,9.952376726938603202e-01,9.952376728358548474e-01,9.952376727175668014e-01,9.952376721466007492e-01,9.952376698967598800e-01,9.952376573810091109e-01,9.952375154372399280e-01,9.952329399533467180e-01,9.952327979704860272e-01,9.952373707425298255e-01,9.952374993353028110e-01,9.952373655859959589e-01,9.952334136302877221e-01,1.000000000000001554e+00,9.952286885621971502e-01,9.952327829425718919e-01,9.952373710931609052e-01,9.952375152248343904e-01,9.952375283107134374e-01,9.952375307550000993e-01,9.952375314091649328e-01,9.952375315733935635e-01,9.952375314681011220e-01,9.952375309077813315e-01,9.952375286709111979e-01,9.952375161774137391e-01,9.952373742815979751e-01,9.952327989240380424e-01,9.952282235633514995e-01,9.952327979704266303e-01,9.952329369387248326e-01,9.952329344860945115e-01,9.952327799275711984e-01,9.952286885621971502e-01,1.000000000000001554e+00,9.952280582079497950e-01,9.952327831724674390e-01,9.952329378895424794e-01,9.952329526552035066e-01,9.952329555006023121e-01,9.952329562804554941e-01,9.952329564930617600e-01,9.952329564102156967e-01,9.952329558629737782e-01,9.952329536367828799e-01,9.952329411563205497e-01,9.952327992833558401e-01,9.952282239950998033e-01,9.952282239949298281e-01,9.952327989238112238e-01,9.952329399530311926e-01,9.952329495696872197e-01,9.952329370486080462e-01,9.952327829425718919e-01,9.952280582079497950e-01,1.000000000000001554e+00,9.952286890502227701e-01,9.952327810258381202e-01,9.952329378288824469e-01,9.952329527435610501e-01,9.952329555843886233e-01,9.952329563196237183e-01,9.952329564095446779e-01,9.952329559326098529e-01,9.952329537417327066e-01,9.952329412849441059e-01,9.952327994356656715e-01,9.952282241830073817e-01,9.952327992835149351e-01,9.952373742817036684e-01,9.952375154372438137e-01,9.952375254550870354e-01,9.952375146137881767e-01,9.952373710931609052e-01,9.952327831724674390e-01,9.952286890502227701e-01,1.000000000000001554e+00,9.952334149608340619e-01,9.952373691589502247e-01,9.952375153702179844e-01,9.952375285872999688e-01,9.952375309801209102e-01,9.952375314664089201e-01,9.952375311136828495e-01,9.952375289705874817e-01,9.952375165359316211e-01,9.952373746989804371e-01,9.952327994359877472e-01,9.952329411563887174e-01,9.952375161774331680e-01,9.952376573809247340e-01,9.952376675233524095e-01,9.952376570795868904e-01,9.952375152248343904e-01,9.952329378895424794e-01,9.952327810258381202e-01,9.952334149608340619e-01,1.000000000000001554e+00,9.952335695819427563e-01,9.952375132575532746e-01,9.952376577923196521e-01,9.952376705664238710e-01,9.952376727117967503e-01,9.952376727559839598e-01,9.952376707373334908e-01,9.952376583505861962e-01,9.952375165358410269e-01,9.952329412851881330e-01,9.952329536370314589e-01,9.952375286711055979e-01,9.952376698968520286e-01,9.952376800871697293e-01,9.952376697679358175e-01,9.952375283107134374e-01,9.952329526552035066e-01,9.952329378288824469e-01,9.952373691589502247e-01,9.952335695819427563e-01,1.000000000000001554e+00,9.952335843162412043e-01,9.952375262997027461e-01,9.952376703914791456e-01,9.952376829182215667e-01,9.952376846215311712e-01,9.952376829998162977e-01,9.952376707375077958e-01,9.952375289706761885e-01,9.952329537421451544e-01,9.952329558629234851e-01,9.952375309076739729e-01,9.952376721464107900e-01,9.952376823589748067e-01,9.952376720876369154e-01,9.952375307550000993e-01,9.952329555006023121e-01,9.952329527435610501e-01,9.952375153702179844e-01,9.952375132575532746e-01,9.952335843162412043e-01,1.000000000000001554e+00,9.952335871184393445e-01,9.952375286548305056e-01,9.952376724991515156e-01,9.952376845838374342e-01,9.952376846212330763e-01,9.952376727558707170e-01,9.952375311134767921e-01,9.952329559327246500e-01,9.952329564101953796e-01,9.952375314680473872e-01,9.952376727173994908e-01,9.952376829429645522e-01,9.952376726938603202e-01,9.952375314091649328e-01,9.952329562804554941e-01,9.952329555843886233e-01,9.952375285872999688e-01,9.952376577923196521e-01,9.952375262997027461e-01,9.952335871184393445e-01,1.000000000000001554e+00,9.952335878090911025e-01,9.952375290969531774e-01,9.952376724991868207e-01,9.952376829179661044e-01,9.952376727117077104e-01,9.952375314662479378e-01,9.952329564097027736e-01,9.952329564931361450e-01,9.952375315734139916e-01,9.952376728357703595e-01,9.952376830719512624e-01,9.952376728358548474e-01,9.952375315733935635e-01,9.952329564930617600e-01,9.952329563196237183e-01,9.952375309801209102e-01,9.952376705664238710e-01,9.952376703914791456e-01,9.952375286548305056e-01,9.952335878090911025e-01,1.000000000000001554e+00,9.952335878091995713e-01,9.952375286549509648e-01,9.952376703912988454e-01,9.952376705664337520e-01,9.952375309800287617e-01,9.952329563198710760e-01,9.952329562806166985e-01,9.952375314092603009e-01,9.952376726938662044e-01,9.952376829430437111e-01,9.952376727175668014e-01,9.952375314681011220e-01,9.952329564102156967e-01,9.952329564095446779e-01,9.952375314664089201e-01,9.952376727117967503e-01,9.952376829182215667e-01,9.952376724991515156e-01,9.952375290969531774e-01,9.952335878091995713e-01,1.000000000000001554e+00,9.952335871186460681e-01,9.952375262996102645e-01,9.952376577924028078e-01,9.952375285873023003e-01,9.952329555847030385e-01,9.952329555007952688e-01,9.952375307551438732e-01,9.952376720876763283e-01,9.952376823591007060e-01,9.952376721466007492e-01,9.952375309077813315e-01,9.952329558629737782e-01,9.952329559326098529e-01,9.952375311136828495e-01,9.952376727559839598e-01,9.952376846215311712e-01,9.952376845838374342e-01,9.952376724991868207e-01,9.952375286549509648e-01,9.952335871186460681e-01,1.000000000000001554e+00,9.952335843161993489e-01,9.952375132576787298e-01,9.952375153702531785e-01,9.952329527439295331e-01,9.952329526550939276e-01,9.952375283105650006e-01,9.952376697676831308e-01,9.952376800870005313e-01,9.952376698967598800e-01,9.952375286709111979e-01,9.952329536367828799e-01,9.952329537417327066e-01,9.952375289705874817e-01,9.952376707373334908e-01,9.952376829998162977e-01,9.952376846212330763e-01,9.952376829179661044e-01,9.952376703912988454e-01,9.952375262996102645e-01,9.952335843161993489e-01,1.000000000000001554e+00,9.952335695817634553e-01,9.952373691586909876e-01,9.952329378289421768e-01,9.952329378896308532e-01,9.952375152248509327e-01,9.952376570795160582e-01,9.952376675233539638e-01,9.952376573810091109e-01,9.952375161774137391e-01,9.952329411563205497e-01,9.952329412849441059e-01,9.952375165359316211e-01,9.952376583505861962e-01,9.952376707375077958e-01,9.952376727558707170e-01,9.952376727117077104e-01,9.952376705664337520e-01,9.952376577924028078e-01,9.952375132576787298e-01,9.952335695817634553e-01,1.000000000000001554e+00,9.952334149607824365e-01,9.952327810260801488e-01,9.952327831724521179e-01,9.952373710931051720e-01,9.952375146136221984e-01,9.952375254550026584e-01,9.952375154372399280e-01,9.952373742815979751e-01,9.952327992833558401e-01,9.952327994356656715e-01,9.952373746989804371e-01,9.952375165358410269e-01,9.952375289706761885e-01,9.952375311134767921e-01,9.952375314662479378e-01,9.952375309800287617e-01,9.952375285873023003e-01,9.952375153702531785e-01,9.952373691586909876e-01,9.952334149607824365e-01,1.000000000000001554e+00,9.952286890504089545e-01,9.952280582082575489e-01,9.952327829428321282e-01,9.952329370487683624e-01,9.952329495699365758e-01,9.952329399533467180e-01,9.952327989240380424e-01,9.952282239950998033e-01,9.952282241830073817e-01,9.952327994359877472e-01,9.952329412851881330e-01,9.952329537421451544e-01,9.952329559327246500e-01,9.952329564097027736e-01,9.952329563198710760e-01,9.952329555847030385e-01,9.952329527439295331e-01,9.952329378289421768e-01,9.952327810260801488e-01,9.952286890504089545e-01,1.000000000000001554e+00
9.999999999999973355e-01,9.905236325720263579e-01,9.905397447186711224e-01,9.905403305273530190e-01,9.905403406572559355e-01,9.905398258122085631e-01,9.905218243393114630e-01,9.905218260195487456e-01,9.905398309037805049e-01,9.905403569468185232e-01,9.905404038107560316e-01,9.905404123036730679e-01,9.905404144049991810e-01,9.905404147220859823e-01,9.905404138984801321e-01,9.905404108900849325e-01,9.905403999842117280e-01,9.905403442491105270e-01,9.905397685303668487e-01,9.905211740912175378e-01,9.905236325720263579e-01,9.999999999999973355e-01,9.905422289148539949e-01,9.905577900981791251e-01,9.905582967312379639e-01,9.905578212636630964e-01,9.905398258120711175e-01,9.905398295107804563e-01,9.905578349109487313e-01,9.905583610496585534e-01,9.905584079648463991e-01,9.905584164995395735e-01,9.905584186521881884e-01,9.905584190571614656e-01,9.905584184230246114e-01,9.905584159063324234e-01,9.905584065656046766e-01,9.905583573586060897e-01,9.905578225923188374e-01,9.905397676452127875e-01,9.905397447186711224e-01,9.905422289148539949e-01,9.999999999999973355e-01,9.905427929293205702e-01,9.905582755294988218e-01,9.905582967308838027e-01,9.905403406568368263e-01,9.905403522980328335e-01,9.905583581992698505e-01,9.905588845243390450e-01,9.905589315260395766e-01,9.905589401112079306e-01,9.905589423051534004e-01,9.905589427607212061e-01,9.905589422130641752e-01,9.905589398824292680e-01,9.905589310247221446e-01,9.905588833552434469e-01,9.905583550088921108e-01,9.905403410141988552e-01,9.905403305273530190e-01,9.905577900981791251e-01,9.905427929293205702e-01,9.999999999999973355e-01,9.905427929296409806e-01,9.905577900981076267e-01,9.905403305271650582e-01,9.905403881850350922e-01,9.905583956522988620e-01,9.905589224604142151e-01,9.905589696479549788e-01,9.905589783195776210e-01,9.905589805640616641e-01,9.905589810608903534e-01,9.905589805637533551e-01,9.905589783195698494e-01,9.905589696477099526e-01,9.905589224607980192e-01,9.905583956519502520e-01,9.905403881856433834e-01,9.905403406572559355e-01,9.905582967312379639e-01,9.905582755294988218e-01,9.905427929296409806e-01,9.999999999999973355e-01,9.905422289150718207e-01,9.905397447188333260e-01,9.905403410139150822e-01,9.905583550095453660e-01,9.905588833551064454e-01,9.905589310252563839e-01,9.905589398827543413e-01,9.905589422136141797e-01,9.905589427610254072e-01,9.905589423051898157e-01,9.905589401114356374e-01,9.905589315260771022e-01,9.905588845250387076e-01,9.905583581992114528e-01,9.905403522988754927e-01,9.905398258122085631e-01,9.905578212636630964e-01,9.905582967308838027e-01,9.905577900981076267e-01,9.905422289150718207e-01,9.999999999999973355e-01,9.905236325718236312e-01,9.905397676445816257e-01,9.905578225925693037e-01,9.905583573581738799e-01,9.905584065657473403e-01,9.905584159062673644e-01,9.905584184232760769e-01,9.905584190571058434e-01,9.905584186518020529e-01,9.905584164994604146e-01,9.905584079645148865e-01,9.905583610499563152e-01,9.905578349105089719e-01,9.905398295112984863e-01,9.905218243393114630e-01,9.905398258120711175e-01,9.905403406568368263e-01,9.905403305271650582e-01,9.905397447188333260e-01,9.905236325718236312e-01,9.999999999999973355e-01,9.905211740905094375e-01,9.905397685305903366e-01,9.905403442484908005e-01,9.905403999843185314e-01,9.905404108899430460e-01,9.905404138985731688e-01,9.905404147219104560e-01,9.905404144045886206e-01,9.905404123034561303e-01,9.905404038103127196e-01,9.905403569470259129e-01,9.905398309032353854e-01,9.905218260199459834e-01,9.905218260195487456e-01,9.905398295107804563e-01,9.905403522980328335e-01,9.905403881850350922e-01,9.905403410139150822e-01,9.905397676445816257e-01,9.905211740905094375e-01,9.999999999999973355e-01,9.905236344624580580e-01,9.905397489517528964e-01,9.905403433243541444e-01,9.905404002466219326e-01,9.905404111981070958e-01,9.905404140462410467e-01,9.905404144000846678e-01,9.905404125725438824e-01,9.905404042169149159e-01,9.905403574458924165e-01,9.905398314944329208e-01,9.905218267509069419e-01,9.905398309037805049e-01,9.905578349109487313e-01,9.905583581992698505e-01,9.905583956522988620e-01,9.905583550095453660e-01,9.905578225925693037e-01,9.905397685305903366e-01,9.905236344624580580e-01,9.999999999999973355e-01,9.905422340524403513e-01,9.905578037834219529e-01,9.905583572085643329e-01,9.905584075477001926e-01,9.905584167562003772e-01,9.905584186387992318e-01,9.905584172914514429e-01,9.905584091207083608e-01,9.905583624348455185e-01,9.905578365242644345e-01,9.905398314953588468e-01,9.905403569468185232e-01,9.905583610496585534e-01,9.905588845243390450e-01,9.905589224604142151e-01,9.905588833551064454e-01,9.905583573581738799e-01,9.905403442484908005e-01,9.905397489517528964e-01,9.905422340524403513e-01,9.999999999999973355e-01,9.905428090213052039e-01,9.905583383648399742e-01,9.905588853718922948e-01,9.905589340070429794e-01,9.905589422616010165e-01,9.905589424472813764e-01,9.905589347585875837e-01,9.905588882586126021e-01,9.905583624340846827e-01,9.905403574461081329e-01,9.905404038107560316e-01,9.905584079648463991e-01,9.905589315260395766e-01,9.905589696479549788e-01,9.905589310252563839e-01,9.905584065657473403e-01,9.905403999843185314e-01,9.905403433243541444e-01,9.905578037834219529e-01,9.905428090213052039e-01,9.999999999999973355e-01,9.905428645863170178e-01,9.905583873900426495e-01,9.905589326929346017e-01,9.905589803747770761e-01,9.905589869326701935e-01,9.905589807771466582e-01,9.905589347592040905e-01,9.905584091205963393e-01,9.905404042177398116e-01,9.905404123036730679e-01,9.905584164995395735e-01,9.905589401112079306e-01,9.905589783195776210e-01,9.905589398827543413e-01,9.905584159062673644e-01,9.905404108899430460e-01,9.905404002466219326e-01,9.905583572085643329e-01,9.905583383648399742e-01,9.905428645863170178e-01,9.999999999999973355e-01,9.905428753135987474e-01,9.905583963816754212e-01,9.905589407305857019e-01,9.905589867157831296e-01,9.905589869324283869e-01,9.905589424477141414e-01,9.905584172911106045e-01,9.905404125731238629e-01,9.905404144049991810e-01,9.905584186521881884e-01,9.905589423051534004e-01,9.905589805640616641e-01,9.905589422136141797e-01,9.905584184232760769e-01,9.905404138985731688e-01,9.905404111981070958e-01,9.905584075477001926e-01,9.905588853718922948e-01,9.905583873900426495e-01,9.905428753135987474e-01,9.999999999999973355e-01,9.905428779729652522e-01,9.905583980787696641e-01,9.905589407308251770e-01,9.905589803748175992e-01,9.905589422622328444e-01,9.905584186387516032e-01,9.905404144009459788e-01,9.905404147220859823e-01,9.905584190571614656e-01,9.905589427607212061e-01,9.905589810608903534e-01,9.905589427610254072e-01,9.905584190571058434e-01,9.905404147219104560e-01,9.905404140462410467e-01,9.905584167562003772e-01,9.905589340070429794e-01,9.905589326929346017e-01,9.905583963816754212e-01,9.905428779729652522e-01,9.999999999999973355e-01,9.905428779727806221e-01,9.905583963816375626e-01,9.905589326926540483e-01,9.905589340074608673e-01,9.905584167558036945e-01,9.905404140468572205e-01,9.905404138984801321e-01,9.905584184230246114e-01,9.905589422130641752e-01,9.905589805637533551e-01,9.905589423051898157e-01,9.905584186518020529e-01,9.905404144045886206e-01,9.905404144000846678e-01,9.905584186387992318e-01,9.905589422616010165e-01,9.905589803747770761e-01,9.905589407305857019e-01,9.905583980787696641e-01,9.905428779727806221e-01,9.999999999999973355e-01,9.905428753132877739e-01,9.905583873895091873e-01,9.905588853719864417e-01,9.905584075470906802e-01,9.905404111983442395e-01,9.905404108900849325e-01,9.905584159063324234e-01,9.905589398824292680e-01,9.905589783195698494e-01,9.905589401114356374e-01,9.905584164994604146e-01,9.905404123034561303e-01,9.905404125725438824e-01,9.905584172914514429e-01,9.905589424472813764e-01,9.905589869326701935e-01,9.905589867157831296e-01,9.905589407308251770e-01,9.905583963816375626e-01,9.905428753132877739e-01,9.999999999999973355e-01,9.905428645861066306e-01,9.905583383652201146e-01,9.905583572081526622e-01,9.905404002471909219e-01,9.905403999842117280e-01,9.905584065656046766e-01,9.905589310247221446e-01,9.905589696477099526e-01,9.905589315260771022e-01,9.905584079645148865e-01,9.905404038103127196e-01,9.905404042169149159e-01,9.905584091207083608e-01,9.905589347585875837e-01,9.905589807771466582e-01,9.905589869324283869e-01,9.905589803748175992e-01,9.905589326926540483e-01,9.905583873895091873e-01,9.905428645861066306e-01,9.999999999999973355e-01,9.905428090214205561e-01,9.905578037827991178e-01,9.905403433246454670e-01,9.905403442491105270e-01,9.905583573586060897e-01,9.905588833552434469e-01,9.905589224607980192e-01,9.905588845250387076e-01,9.905583610499563152e-01,9.905403569470259129e-01,9.905403574458924165e-01,9.905583624348455185e-01,9.905588882586126021e-01,9.905589347592040905e-01,9.905589424477141414e-01,9.905589422622328444e-01,9.905589340074608673e-01,9.905588853719864417e-01,9.905583383652201146e-01,9.905428090214205561e-01,9.999999999999973355e-01,9.905422340525960045e-01,9.905397489527028032e-01,9.905397685303668487e-01,9.905578225923188374e-01,9.905583550088921108e-01,9.905583956519502520e-01,9.905583581992114528e-01,9.905578349105089719e-01,9.905398309032353854e-01,9.905398314944329208e-01,9.905578365242644345e-01,9.905583624340846827e-01,9.905584091205963393e-01,9.905584172911106045e-01,9.905584186387516032e-01,9.905584167558036945e-01,9.905584075470906802e-01,9.905583572081526622e-01,9.905578037827991178e-01,9.905422340525960045e-01,9.999999999999973355e-01,9.905236344627801337e-01,9.905211740912175378e-01,9.905397676452127875e-01,9.905403410141988552e-01,9.905403881856433834e-01,9.905403522988754927e-01,9.905398295112984863e-01,9.905218260199459834e-01,9.905218267509069419e-01,9.905398314953588468e-01,9.905403574461081329e-01,9.905404042177398116e-01,9.905404125731238629e-01,9.905404144009459788e-01,9.905404140468572205e-01,9.905404111983442395e-01,9.905404002471909219e-01,9.905403433246454670e-01,9.905397489527028032e-01,9.905236344627801337e-01,9.999999999999973355e-01
9.999999999999977796e-01,9.858831952551316835e-01,9.859188919373442772e-01,9.859201399968339219e-01,9.859201633634315787e-01,9.859190933074396535e-01,9.858792396493791799e-01,9.858792433298163571e-01,9.859191044194106635e-01,9.859201987791698096e-01,9.859202978854143540e-01,9.859203161344581856e-01,9.859203206772962913e-01,9.859203213594813775e-01,9.859203195636720984e-01,9.859203130303682006e-01,9.859202894937517669e-01,9.859201710041087807e-01,9.859189685651243984e-01,9.858778010818080029e-01,9.858831952551316835e-01,9.999999999999977796e-01,9.859243705275576586e-01,9.859588423627499987e-01,9.859599207966063261e-01,9.859589348740468440e-01,9.859190933070361984e-01,9.859191013821533289e-01,9.859589644980496503e-01,9.859600590899570971e-01,9.859601583105255251e-01,9.859601766516086219e-01,9.859601813075197230e-01,9.859601821836128099e-01,9.859601808054067051e-01,9.859601753541880065e-01,9.859601552540279146e-01,9.859600510416437480e-01,9.859589377168708202e-01,9.859189666445150602e-01,9.859188919373442772e-01,9.859243705275576586e-01,9.999999999999977796e-01,9.859255468805817602e-01,9.859598511028726531e-01,9.859599207957249201e-01,9.859201633622020067e-01,9.859201886698726325e-01,9.859600529117992229e-01,9.859611479114670507e-01,9.859612473211173400e-01,9.859612657726759544e-01,9.859612705189995108e-01,9.859612715057759491e-01,9.859612703166785730e-01,9.859612652720169956e-01,9.859612462255834542e-01,9.859611453595423791e-01,9.859600459567247066e-01,9.859201639987165144e-01,9.859201399968339219e-01,9.859588423627499987e-01,9.859255468805817602e-01,9.999999999999977796e-01,9.859255468817953449e-01,9.859588423630281095e-01,9.859201399967244539e-01,9.859202640848391264e-01,9.859601317672295195e-01,9.859612278207523506e-01,9.859613276364133094e-01,9.859613462769182268e-01,9.859613511337622649e-01,9.859613522108604533e-01,9.859613511322792290e-01,9.859613462765686176e-01,9.859613276361421930e-01,9.859612278224608728e-01,9.859601317659769659e-01,9.859202640860907918e-01,9.859201633634315787e-01,9.859599207966063261e-01,9.859598511028726531e-01,9.859255468817953449e-01,9.999999999999977796e-01,9.859243705290186011e-01,9.859188919384919148e-01,9.859201639986615584e-01,9.859600459591710830e-01,9.859611453589590679e-01,9.859612462270156419e-01,9.859612652735674221e-01,9.859612703192784933e-01,9.859612715069511202e-01,9.859612705187545956e-01,9.859612657734737606e-01,9.859612473220271678e-01,9.859611479143840507e-01,9.859600529117185097e-01,9.859201886722592789e-01,9.859190933074396535e-01,9.859589348740468440e-01,9.859599207957249201e-01,9.859588423630281095e-01,9.859243705290186011e-01,9.999999999999977796e-01,9.858831952553663847e-01,9.859189666435898003e-01,9.859589377183969328e-01,9.859600510402452000e-01,9.859601552545215197e-01,9.859601753548103975e-01,9.859601808071886131e-01,9.859601821839305558e-01,9.859601813063264553e-01,9.859601766515426746e-01,9.859601583105316314e-01,9.859600590919354035e-01,9.859589644970517819e-01,9.859191013836722250e-01,9.858792396493791799e-01,9.859190933070361984e-01,9.859201633622020067e-01,9.859201399967244539e-01,9.859188919384919148e-01,9.858831952553663847e-01,9.999999999999977796e-01,9.858778010805420156e-01,9.859189685663560798e-01,9.859201710022593712e-01,9.859202894939447237e-01,9.859203130306487539e-01,9.859203195650395601e-01,9.859203213593977777e-01,9.859203206757903848e-01,9.859203161339596955e-01,9.859202978850384325e-01,9.859201987807832968e-01,9.859191044180344310e-01,9.858792433309453429e-01,9.858792433298163571e-01,9.859191013821533289e-01,9.859201886698726325e-01,9.859202640848391264e-01,9.859201639986615584e-01,9.859189666435898003e-01,9.858778010805420156e-01,9.999999999999977796e-01,9.858831993772949609e-01,9.859189011204997355e-01,9.859201675828734857e-01,9.859202898999508413e-01,9.859203136679502988e-01,9.859203198776113064e-01,9.859203206613318393e-01,9.859203167185034422e-01,9.859202987709649868e-01,9.859201998690104718e-01,9.859191057087332011e-01,9.858792449304620842e-01,9.859191044194106635e-01,9.859589644980496503e-01,9.859600529117992229e-01,9.859601317672295195e-01,9.859600459591710830e-01,9.859589377183969328e-01,9.859189685663560798e-01,9.858831993772949609e-01,9.999999999999977796e-01,9.859243816938647598e-01,9.859588718789779049e-01,9.859600492637491387e-01,9.859601572112639545e-01,9.859601771619674881e-01,9.859601812645683028e-01,9.859601783665319363e-01,9.859601608213601764e-01,9.859600621030201184e-01,9.859589680088765018e-01,9.859191057112337564e-01,9.859201987791698096e-01,9.859600590899570971e-01,9.859611479114670507e-01,9.859612278207523506e-01,9.859611453589590679e-01,9.859600510402452000e-01,9.859201710022593712e-01,9.859189011204997355e-01,9.859243816938647598e-01,9.999999999999977796e-01,9.859255816647701787e-01,9.859599846793586364e-01,9.859611482391601456e-01,9.859612524969632030e-01,9.859612703784956800e-01,9.859612708134053438e-01,9.859612543191920153e-01,9.859611560066353642e-01,9.859600621000305098e-01,9.859201998685565016e-01,9.859202978854143540e-01,9.859601583105255251e-01,9.859612473211173400e-01,9.859613276364133094e-01,9.859612462270156419e-01,9.859601552545215197e-01,9.859202894939447237e-01,9.859201675828734857e-01,9.859588718789779049e-01,9.859255816647701787e-01,9.999999999999977796e-01,9.859256996793206440e-01,9.859600884690692402e-01,9.859612483384123660e-01,9.859613505290230062e-01,9.859613647435890860e-01,9.859613515826629593e-01,9.859612543211392355e-01,9.859601608203458767e-01,9.859202987724594580e-01,9.859203161344581856e-01,9.859601766516086219e-01,9.859612657726759544e-01,9.859613462769182268e-01,9.859612652735674221e-01,9.859601753548103975e-01,9.859203130306487539e-01,9.859202898999508413e-01,9.859600492637491387e-01,9.859599846793586364e-01,9.859256996793206440e-01,9.999999999999977796e-01,9.859257228044306931e-01,9.859601078012515396e-01,9.859612656012994858e-01,9.859613641249452831e-01,9.859613647436739070e-01,9.859612708154914529e-01,9.859601783656037899e-01,9.859203167200819573e-01,9.859203206772962913e-01,9.859601813075197230e-01,9.859612705189995108e-01,9.859613511337622649e-01,9.859612703192784933e-01,9.859601808071886131e-01,9.859203195650395601e-01,9.859203136679502988e-01,9.859601572112639545e-01,9.859611482391601456e-01,9.859600884690692402e-01,9.859257228044306931e-01,9.999999999999977796e-01,9.859257285693766582e-01,9.859601114698340885e-01,9.859612656023606370e-01,9.859613505302310399e-01,9.859612703816356127e-01,9.859601812647859065e-01,9.859203206640196893e-01,9.859203213594813775e-01,9.859601821836128099e-01,9.859612715057759491e-01,9.859613522108604533e-01,9.859612715069511202e-01,9.859601821839305558e-01,9.859203213593977777e-01,9.859203198776113064e-01,9.859601771619674881e-01,9.859612524969632030e-01,9.859612483384123660e-01,9.859601078012515396e-01,9.859257285693766582e-01,9.999999999999977796e-01,9.859257285680037564e-01,9.859601078008769504e-01,9.859612483381137160e-01,9.859612524986993698e-01,9.859601771606555376e-01,9.859203198788909495e-01,9.859203195636720984e-01,9.859601808054067051e-01,9.859612703166785730e-01,9.859613511322792290e-01,9.859612705187545956e-01,9.859601813063264553e-01,9.859203206757903848e-01,9.859203206613318393e-01,9.859601812645683028e-01,9.859612703784956800e-01,9.859613505290230062e-01,9.859612656012994858e-01,9.859601114698340885e-01,9.859257285680037564e-01,9.999999999999977796e-01,9.859257228025922748e-01,9.859600884673643817e-01,9.859611482394121662e-01,9.859601572085859855e-01,9.859203136676665258e-01,9.859203130303682006e-01,9.859601753541880065e-01,9.859612652720169956e-01,9.859613462765686176e-01,9.859612657734737606e-01,9.859601766515426746e-01,9.859203161339596955e-01,9.859203167185034422e-01,9.859601783665319363e-01,9.859612708134053438e-01,9.859613647435890860e-01,9.859613641249452831e-01,9.859612656023606370e-01,9.859601078008769504e-01,9.859257228025922748e-01,9.999999999999977796e-01,9.859256996787756355e-01,9.859599846807395318e-01,9.859600492620758105e-01,9.859202899008248089e-01,9.859202894937517669e-01,9.859601552540279146e-01,9.859612462255834542e-01,9.859613276361421930e-01,9.859612473220271678e-01,9.859601583105316314e-01,9.859202978850384325e-01,9.859202987709649868e-01,9.859601608213601764e-01,9.859612543191920153e-01,9.859613515826629593e-01,9.859613647436739070e-01,9.859613505302310399e-01,9.859612483381137160e-01,9.859600884673643817e-01,9.859256996787756355e-01,9.999999999999977796e-01,9.859255816662200189e-01,9.859588718774335847e-01,9.859201675837959700e-01,9.859201710041087807e-01,9.859600510416437480e-01,9.859611453595423791e-01,9.859612278224608728e-01,9.859611479143840507e-01,9.859600590919354035e-01,9.859201987807832968e-01,9.859201998690104718e-01,9.859600621030201184e-01,9.859611560066353642e-01,9.859612543211392355e-01,9.859612708154914529e-01,9.859612703816356127e-01,9.859612524986993698e-01,9.859611482394121662e-01,9.859599846807395318e-01,9.859255816662200189e-01,9.999999999999977796e-01,9.859243816944404104e-01,9.859189011234370525e-01,9.859189685651243984e-01,9.859589377168708202e-01,9.859600459567247066e-01,9.859601317659769659e-01,9.859600529117185097e-01,9.859589644970517819e-01,9.859191044180344310e-01,9.859191057087332011e-01,9.859589680088765018e-01,9.859600621000305098e-01,9.859601608203458767e-01,9.859601783656037899e-01,9.859601812647859065e-01,9.859601771606555376e-01,9.859601572085859855e-01,9.859600492620758105e-01,9.859588718774335847e-01,9.859243816944404104e-01,9.999999999999977796e-01,9.858831993773468083e-01,9.858778010818080029e-01,9.859189666445150602e-01,9.859201639987165144e-01,9.859202640860907918e-01,9.859201886722592789e-01,9.859191013836722250e-01,9.858792433309453429e-01,9.858792449304620842e-01,9.859191057112337564e-01,9.859201998685565016e-01,9.859202987724594580e-01,9.859203167200819573e-01,9.859203206640196893e-01,9.859203198788909495e-01,9.859203136676665258e-01,9.859202899008248089e-01,9.859201675837959700e-01,9.859189011234370525e-01,9.858831993773468083e-01,9.999999999999977796e-01
