1.000000000000000666e+00,1.000000000000000666e+00,1.000000000000000666e+00,1.000000000000000666e+00,1.000000000000000666e+00,1.000000000000000666e+00,1.000000000000000666e+00,1.000000000000000666e+00,1.000000000000000666e+00,1.000000000000000666e+00,1.000000000000000666e+00,1.000000000000000666e+00,1.000000000000000666e+00,1.000000000000000666e+00,1.000000000000000666e+00,1.000000000000000666e+00,1.000000000000000666e+00,1.000000000000000666e+00,1.000000000000000666e+00,1.000000000000000666e+00,1.000000000000000666e+00,1.000000000000000666e+00,1.000000000000000666e+00,1.000000000000000666e+00,1.000000000000000666e+00,1.000000000000000666e+00,1.000000000000000666e+00,1.000000000000000666e+00,1.000000000000000666e+00,1.000000000000000666e+00,1.000000000000000666e+00,1.000000000000000666e+00,1.000000000000000666e+00,1.000000000000000666e+00,1.000000000000000666e+00,1.000000000000000666e+00,1.000000000000000666e+00,1.000000000000000666e+00,1.000000000000000666e+00,1.000000000000000666e+00,1.000000000000000666e+00,1.000000000000000666e+00,1.000000000000000666e+00,1.000000000000000666e+00,1.000000000000000666e+00,1.000000000000000666e+00,1.000000000000000666e+00,1.000000000000000666e+00,1.000000000000000666e+00,1.000000000000000666e+00,1.000000000000000666e+00,1.000000000000000666e+00,1.000000000000000666e+00,1.000000000000000666e+00,1.000000000000000666e+00,1.000000000000000666e+00,1.000000000000000666e+00,1.000000000000000666e+00,1.000000000000000666e+00,1.000000000000000666e+00,1.000000000000000666e+00,1.000000000000000666e+00,1.000000000000000666e+00,1.000000000000000666e+00,1.000000000000000666e+00,1.000000000000000666e+00,1.000000000000000666e+00,1.000000000000000666e+00,1.000000000000000666e+00,1.000000000000000666e+00,1.000000000000000666e+00,1.000000000000000666e+00,1.000000000000000666e+00,1.000000000000000666e+00,1.000000000000000666e+00,1.000000000000000666e+00,1.000000000000000666e+00,1.000000000000000666e+00,1.000000000000000666e+00,1.000000000000000666e+00,1.000000000000000666e+00,1.000000000000000666e+00,1.000000000000000666e+00,1.000000000000000666e+00,1.000000000000000666e+00,1.000000000000000666e+00,1.000000000000000666e+00,1.000000000000000666e+00,1.000000000000000666e+00,1.000000000000000666e+00,1.000000000000000666e+00,1.000000000000000666e+00,1.000000000000000666e+00,1.000000000000000666e+00,1.000000000000000666e+00,1.000000000000000666e+00,1.000000000000000666e+00,1.000000000000000666e+00,1.000000000000000666e+00,1.000000000000000666e+00,1.000000000000000666e+00,1.000000000000000666e+00,1.000000000000000666e+00,1.000000000000000666e+00,1.000000000000000666e+00,1.000000000000000666e+00,1.000000000000000666e+00,1.000000000000000666e+00,1.000000000000000666e+00,1.000000000000000666e+00,1.000000000000000666e+00,1.000000000000000666e+00,1.000000000000000666e+00,1.000000000000000666e+00,1.000000000000000666e+00,1.000000000000000666e+00,1.000000000000000666e+00,1.000000000000000666e+00,1.000000000000000666e+00,1.000000000000000666e+00,1.000000000000000666e+00,1.000000000000000666e+00,1.000000000000000666e+00,1.000000000000000666e+00,1.000000000000000666e+00,1.000000000000000666e+00,1.000000000000000666e+00,1.000000000000000666e+00,1.000000000000000666e+00,1.000000000000000666e+00,1.000000000000000666e+00,1.000000000000000666e+00,1.000000000000000666e+00,1.000000000000000666e+00,1.000000000000000666e+00,1.000000000000000666e+00,1.000000000000000666e+00,1.000000000000000666e+00,1.000000000000000666e+00,1.000000000000000666e+00,1.000000000000000666e+00,1.000000000000000666e+00,1.000000000000000666e+00,1.000000000000000666e+00,1.000000000000000666e+00,1.000000000000000666e+00,1.000000000000000666e+00,1.000000000000000666e+00,1.000000000000000666e+00,1.000000000000000666e+00,1.000000000000000666e+00,1.000000000000000666e+00,1.000000000000000666e+00,1.000000000000000666e+00,1.000000000000000666e+00,1.000000000000000666e+00,1.000000000000000666e+00,1.000000000000000666e+00,1.000000000000000666e+00,1.000000000000000666e+00,1.000000000000000666e+00,1.000000000000000666e+00,1.000000000000000666e+00,1.000000000000000666e+00,1.000000000000000666e+00,1.000000000000000666e+00,1.000000000000000666e+00,1.000000000000000666e+00,1.000000000000000666e+00,1.000000000000000666e+00,1.000000000000000666e+00,1.000000000000000666e+00,1.000000000000000666e+00,1.000000000000000666e+00,1.000000000000000666e+00,1.000000000000000666e+00,1.000000000000000666e+00,1.000000000000000666e+00,1.000000000000000666e+00,1.000000000000000666e+00,1.000000000000000666e+00,1.000000000000000666e+00,1.000000000000000666e+00,1.000000000000000666e+00,1.000000000000000666e+00,1.000000000000000666e+00,1.000000000000000666e+00,1.000000000000000666e+00,1.000000000000000666e+00,1.000000000000000666e+00,1.000000000000000666e+00,1.000000000000000666e+00,1.000000000000000666e+00,1.000000000000000666e+00,1.000000000000000666e+00,1.000000000000000666e+00,1.000000000000000666e+00,1.000000000000000666e+00,1.000000000000000666e+00,1.000000000000000666e+00,1.000000000000000666e+00,1.000000000000000666e+00,1.000000000000000666e+00,1.000000000000000666e+00,1.000000000000000666e+00,1.000000000000000666e+00,1.000000000000000666e+00,1.000000000000000666e+00,1.000000000000000666e+00,1.000000000000000666e+00,1.000000000000000666e+00,1.000000000000000666e+00,1.000000000000000666e+00,1.000000000000000666e+00,1.000000000000000666e+00,1.000000000000000666e+00,1.000000000000000666e+00,1.000000000000000666e+00,1.000000000000000666e+00,1.000000000000000666e+00,1.000000000000000666e+00,1.000000000000000666e+00,1.000000000000000666e+00,1.000000000000000666e+00,1.000000000000000666e+00,1.000000000000000666e+00,1.000000000000000666e+00,1.000000000000000666e+00,1.000000000000000666e+00,1.000000000000000666e+00,1.000000000000000666e+00,1.000000000000000666e+00,1.000000000000000666e+00,1.000000000000000666e+00,1.000000000000000666e+00,1.000000000000000666e+00,1.000000000000000666e+00,1.000000000000000666e+00,1.000000000000000666e+00,1.000000000000000666e+00,1.000000000000000666e+00,1.000000000000000666e+00,1.000000000000000666e+00,1.000000000000000666e+00,1.000000000000000666e+00,1.000000000000000666e+00,1.000000000000000666e+00,1.000000000000000666e+00,1.000000000000000666e+00,1.000000000000000666e+00,1.000000000000000666e+00,1.000000000000000666e+00,1.000000000000000666e+00,1.000000000000000666e+00,1.000000000000000666e+00,1.000000000000000666e+00,1.000000000000000666e+00,1.000000000000000666e+00,1.000000000000000666e+00,1.000000000000000666e+00,1.000000000000000666e+00,1.000000000000000666e+00,1.000000000000000666e+00,1.000000000000000666e+00,1.000000000000000666e+00,1.000000000000000666e+00,1.000000000000000666e+00,1.000000000000000666e+00,1.000000000000000666e+00,1.000000000000000666e+00,1.000000000000000666e+00,1.000000000000000666e+00,1.000000000000000666e+00,1.000000000000000666e+00,1.000000000000000666e+00,1.000000000000000666e+00,1.000000000000000666e+00,1.000000000000000666e+00,1.000000000000000666e+00,1.000000000000000666e+00,1.000000000000000666e+00,1.000000000000000666e+00,1.000000000000000666e+00,1.000000000000000666e+00,1.000000000000000666e+00,1.000000000000000666e+00,1.000000000000000666e+00,1.000000000000000666e+00,1.000000000000000666e+00,1.000000000000000666e+00,1.000000000000000666e+00,1.000000000000000666e+00,1.000000000000000666e+00,1.000000000000000666e+00,1.000000000000000666e+00,1.000000000000000666e+00,1.000000000000000666e+00,1.000000000000000666e+00,1.000000000000000666e+00,1.000000000000000666e+00,1.000000000000000666e+00,1.000000000000000666e+00,1.000000000000000666e+00,1.000000000000000666e+00,1.000000000000000666e+00,1.000000000000000666e+00,1.000000000000000666e+00,1.000000000000000666e+00,1.000000000000000666e+00,1.000000000000000666e+00,1.000000000000000666e+00,1.000000000000000666e+00,1.000000000000000666e+00,1.000000000000000666e+00,1.000000000000000666e+00,1.000000000000000666e+00,1.000000000000000666e+00,1.000000000000000666e+00,1.000000000000000666e+00,1.000000000000000666e+00,1.000000000000000666e+00,1.000000000000000666e+00,1.000000000000000666e+00,1.000000000000000666e+00,1.000000000000000666e+00,1.000000000000000666e+00,1.000000000000000666e+00,1.000000000000000666e+00,1.000000000000000666e+00,1.000000000000000666e+00,1.000000000000000666e+00,1.000000000000000666e+00,1.000000000000000666e+00,1.000000000000000666e+00,1.000000000000000666e+00,1.000000000000000666e+00,1.000000000000000666e+00,1.000000000000000666e+00,1.000000000000000666e+00,1.000000000000000666e+00,1.000000000000000666e+00,1.000000000000000666e+00,1.000000000000000666e+00,1.000000000000000666e+00,1.000000000000000666e+00,1.000000000000000666e+00,1.000000000000000666e+00,1.000000000000000666e+00,1.000000000000000666e+00,1.000000000000000666e+00,1.000000000000000666e+00,1.000000000000000666e+00,1.000000000000000666e+00,1.000000000000000666e+00,1.000000000000000666e+00,1.000000000000000666e+00,1.000000000000000666e+00,1.000000000000000666e+00,1.000000000000000666e+00,1.000000000000000666e+00,1.000000000000000666e+00,1.000000000000000666e+00,1.000000000000000666e+00,1.000000000000000666e+00,1.000000000000000666e+00,1.000000000000000666e+00,1.000000000000000666e+00,1.000000000000000666e+00,1.000000000000000666e+00,1.000000000000000666e+00,1.000000000000000666e+00,1.000000000000000666e+00,1.000000000000000666e+00,1.000000000000000666e+00,1.000000000000000666e+00,1.000000000000000666e+00,1.000000000000000666e+00,1.000000000000000666e+00,1.000000000000000666e+00,1.000000000000000666e+00,1.000000000000000666e+00,1.000000000000000666e+00,1.000000000000000666e+00,1.000000000000000666e+00,1.000000000000000666e+00,1.000000000000000666e+00,1.000000000000000666e+00,1.000000000000000666e+00,1.000000000000000666e+00,1.000000000000000666e+00,1.000000000000000666e+00,1.000000000000000666e+00,1.000000000000000666e+00,1.000000000000000666e+00,1.000000000000000666e+00,1.000000000000000666e+00,1.000000000000000666e+00,1.000000000000000666e+00,1.000000000000000666e+00,1.000000000000000666e+00
1.000000000000002442e+00,9.952286885601552280e-01,9.952327806195292448e-01,9.952329374680691787e-01,9.952329524195190347e-01,9.952329553058891776e-01,9.952329561238828504e-01,9.952329564071169532e-01,9.952329564960227248e-01,9.952329564667556916e-01,9.952329562786830230e-01,9.952329556726299264e-01,9.952329533995355471e-01,9.952329408601057192e-01,9.952327988822141647e-01,9.952282233489980756e-01,9.952282196550039650e-01,9.952327801248783690e-01,9.952327672622852672e-01,9.952280547879666095e-01,9.952286885601552280e-01,1.000000000000002442e+00,9.952334147498705930e-01,9.952373689938099899e-01,9.952375152418515558e-01,9.952375285044747777e-01,9.952375309800626235e-01,9.952375316596420163e-01,9.952375318727824105e-01,9.952375318913057045e-01,9.952375317254006371e-01,9.952375311323468088e-01,9.952375288699094602e-01,9.952375163434959982e-01,9.952373743874024514e-01,9.952327988819988924e-01,9.952327957160866934e-01,9.952373578851937408e-01,9.952373556085964967e-01,9.952327799484170789e-01,9.952327806195292448e-01,9.952334147498705930e-01,1.000000000000002442e+00,9.952335694995615434e-01,9.952375132120768741e-01,9.952376577923864875e-01,9.952376706492618297e-01,9.952376729879259809e-01,9.952376735979689970e-01,9.952376737409441843e-01,9.952376736229529008e-01,9.952376730521272918e-01,9.952376708026775542e-01,9.952376582868892596e-01,9.952375163437823247e-01,9.952329408601693350e-01,9.952329378671900262e-01,9.952375004339298892e-01,9.952374998231690029e-01,9.952329347484092370e-01,9.952329374680691787e-01,9.952373689938099899e-01,9.952335694995615434e-01,1.000000000000002442e+00,9.952335843162574136e-01,9.952375263452438725e-01,9.952376705197740758e-01,9.952376832398250883e-01,9.952376855089810626e-01,9.952376860488985066e-01,9.952376860553441285e-01,9.952376855324276406e-01,9.952376833052195559e-01,9.952376708024212038e-01,9.952375288699357725e-01,9.952329533993680144e-01,9.952329504766858070e-01,9.952375131677564379e-01,9.952375129545253385e-01,9.952329495595424458e-01,9.952329524195190347e-01,9.952375152418515558e-01,9.952375132120768741e-01,9.952335843162574136e-01,1.000000000000002442e+00,9.952335872009202555e-01,9.952375288199137859e-01,9.952376728575235143e-01,9.952376855080641294e-01,9.952376877070741035e-01,9.952376881104768591e-01,9.952376877120042709e-01,9.952376855326908744e-01,9.952376730521410586e-01,9.952375311326497886e-01,9.952329556727034232e-01,9.952329527853623903e-01,9.952375155242291216e-01,9.952375154355730391e-01,9.952329524417053985e-01,9.952329553058891776e-01,9.952375285044747777e-01,9.952376577923864875e-01,9.952375263452438725e-01,9.952335872009202555e-01,1.000000000000002442e+00,9.952335880201252927e-01,9.952375295008949463e-01,9.952376734689556415e-01,9.952376860493631350e-01,9.952376881118554230e-01,9.952376881103283113e-01,9.952376860554811300e-01,9.952376736228156773e-01,9.952375317255538478e-01,9.952329562786249584e-01,9.952329534149283452e-01,9.952375161760007583e-01,9.952375161352781108e-01,9.952329532670969314e-01,9.952329561238828504e-01,9.952375309800626235e-01,9.952376706492618297e-01,9.952376705197740758e-01,9.952375288199137859e-01,9.952335880201252927e-01,1.000000000000002442e+00,9.952335882967967562e-01,9.952375297075689575e-01,9.952376736054822093e-01,9.952376860493695743e-01,9.952376877069427641e-01,9.952376860490175225e-01,9.952376737408213936e-01,9.952375318914632452e-01,9.952329564667088402e-01,9.952329536266976140e-01,9.952375164007505326e-01,9.952375163822694271e-01,9.952329535624722112e-01,9.952329564071169532e-01,9.952375316596420163e-01,9.952376729879259809e-01,9.952376832398250883e-01,9.952376728575235143e-01,9.952375295008949463e-01,9.952335882967967562e-01,1.000000000000002442e+00,9.952335883668076422e-01,9.952375297073423610e-01,9.952376734687465865e-01,9.952376855076985329e-01,9.952376855088971297e-01,9.952376735976232736e-01,9.952375318727140208e-01,9.952329564957470565e-01,9.952329536910496932e-01,9.952375164757643056e-01,9.952375164702916832e-01,9.952329536729191961e-01,9.952329564960227248e-01,9.952375318727824105e-01,9.952376735979689970e-01,9.952376855089810626e-01,9.952376855080641294e-01,9.952376734689556415e-01,9.952375297075689575e-01,9.952335883668076422e-01,1.000000000000002442e+00,9.952335882969627345e-01,9.952375295010970069e-01,9.952376728575810239e-01,9.952376832401557127e-01,9.952376729879973682e-01,9.952375316600088340e-01,9.952329564072522894e-01,9.952329536728634629e-01,9.952375164706653843e-01,9.952375164758084924e-01,9.952329536915326402e-01,9.952329564667556916e-01,9.952375318913057045e-01,9.952376737409441843e-01,9.952376860488985066e-01,9.952376877070741035e-01,9.952376860493631350e-01,9.952376736054822093e-01,9.952375297073423610e-01,9.952335882969627345e-01,1.000000000000002442e+00,9.952335880200885443e-01,9.952375288197501391e-01,9.952376705198920925e-01,9.952376706491090630e-01,9.952375309802062864e-01,9.952329561238082434e-01,9.952329535621824430e-01,9.952375163824397353e-01,9.952375164005750063e-01,9.952329536269565180e-01,9.952329562786830230e-01,9.952375317254006371e-01,9.952376736229529008e-01,9.952376860553441285e-01,9.952376881104768591e-01,9.952376881118554230e-01,9.952376860493695743e-01,9.952376734687465865e-01,9.952375295010970069e-01,9.952335880200885443e-01,1.000000000000002442e+00,9.952335872007390671e-01,9.952375263453555609e-01,9.952376577922433798e-01,9.952375285046149989e-01,9.952329553058150147e-01,9.952329532668306999e-01,9.952375161354312105e-01,9.952375161758341138e-01,9.952329534151974633e-01,9.952329556726299264e-01,9.952375311323468088e-01,9.952376730521272918e-01,9.952376855324276406e-01,9.952376877120042709e-01,9.952376881103283113e-01,9.952376877069427641e-01,9.952376855076985329e-01,9.952376728575810239e-01,9.952375288197501391e-01,9.952335872007390671e-01,1.000000000000002442e+00,9.952335843162053441e-01,9.952375132117903256e-01,9.952375152418538873e-01,9.952329524193066490e-01,9.952329524412840689e-01,9.952375154355976861e-01,9.952375155239164828e-01,9.952329527854753000e-01,9.952329533995355471e-01,9.952375288699094602e-01,9.952376708026775542e-01,9.952376833052195559e-01,9.952376855326908744e-01,9.952376860554811300e-01,9.952376860490175225e-01,9.952376855088971297e-01,9.952376832401557127e-01,9.952376705198920925e-01,9.952375263453555609e-01,9.952335843162053441e-01,1.000000000000002442e+00,9.952335694995181337e-01,9.952373689940743340e-01,9.952329374681218033e-01,9.952329495593795761e-01,9.952375129548093335e-01,9.952375131677129172e-01,9.952329504770738300e-01,9.952329408601057192e-01,9.952375163434959982e-01,9.952376582868892596e-01,9.952376708024212038e-01,9.952376730521410586e-01,9.952376736228156773e-01,9.952376737408213936e-01,9.952376735976232736e-01,9.952376729879973682e-01,9.952376706491090630e-01,9.952376577922433798e-01,9.952375132117903256e-01,9.952335694995181337e-01,1.000000000000002442e+00,9.952334147498740347e-01,9.952327806193270732e-01,9.952329347480104449e-01,9.952374998231998671e-01,9.952375004336176945e-01,9.952329378673261395e-01,9.952327988822141647e-01,9.952373743874024514e-01,9.952375163437823247e-01,9.952375288699357725e-01,9.952375311326497886e-01,9.952375317255538478e-01,9.952375318914632452e-01,9.952375318727140208e-01,9.952375316600088340e-01,9.952375309802062864e-01,9.952375285046149989e-01,9.952375152418538873e-01,9.952373689940743340e-01,9.952334147498740347e-01,1.000000000000002442e+00,9.952286885602247279e-01,9.952327799482950654e-01,9.952373556089026962e-01,9.952373578851823055e-01,9.952327957165024719e-01,9.952282233489980756e-01,9.952327988819988924e-01,9.952329408601693350e-01,9.952329533993680144e-01,9.952329556727034232e-01,9.952329562786249584e-01,9.952329564667088402e-01,9.952329564957470565e-01,9.952329564072522894e-01,9.952329561238082434e-01,9.952329553058150147e-01,9.952329524193066490e-01,9.952329374681218033e-01,9.952327806193270732e-01,9.952286885602247279e-01,1.000000000000002442e+00,9.952280547876326544e-01,9.952327672623882959e-01,9.952327801246368955e-01,9.952282196552209026e-01,9.952282196550039650e-01,9.952327957160866934e-01,9.952329378671900262e-01,9.952329504766858070e-01,9.952329527853623903e-01,9.952329534149283452e-01,9.952329536266976140e-01,9.952329536910496932e-01,9.952329536728634629e-01,9.952329535621824430e-01,9.952329532668306999e-01,9.952329524412840689e-01,9.952329495593795761e-01,9.952329347480104449e-01,9.952327799482950654e-01,9.952280547876326544e-01,1.000000000000002442e+00,9.952286701123393975e-01,9.952326202553207768e-01,9.952282017971866290e-01,9.952327801248783690e-01,9.952373578851937408e-01,9.952375004339298892e-01,9.952375131677564379e-01,9.952375155242291216e-01,9.952375161760007583e-01,9.952375164007505326e-01,9.952375164757643056e-01,9.952375164706653843e-01,9.952375163824397353e-01,9.952375161354312105e-01,9.952375154355976861e-01,9.952375129548093335e-01,9.952374998231998671e-01,9.952373556089026962e-01,9.952327672623882959e-01,9.952286701123393975e-01,1.000000000000002442e+00,9.952332413870734751e-01,9.952326202557546520e-01,9.952327672622852672e-01,9.952373556085964967e-01,9.952374998231690029e-01,9.952375129545253385e-01,9.952375154355730391e-01,9.952375161352781108e-01,9.952375163822694271e-01,9.952375164702916832e-01,9.952375164758084924e-01,9.952375164005750063e-01,9.952375161758341138e-01,9.952375155239164828e-01,9.952375131677129172e-01,9.952375004336176945e-01,9.952373578851823055e-01,9.952327801246368955e-01,9.952326202553207768e-01,9.952332413870734751e-01,1.000000000000002442e+00,9.952286701124765100e-01,9.952280547879666095e-01,9.952327799484170789e-01,9.952329347484092370e-01,9.952329495595424458e-01,9.952329524417053985e-01,9.952329532670969314e-01,9.952329535624722112e-01,9.952329536729191961e-01,9.952329536915326402e-01,9.952329536269565180e-01,9.952329534151974633e-01,9.952329527854753000e-01,9.952329504770738300e-01,9.952329378673261395e-01,9.952327957165024719e-01,9.952282196552209026e-01,9.952282017971866290e-01,9.952326202557546520e-01,9.952286701124765100e-01,1.000000000000002442e+00
9.999999999999995559e-01,9.905236325557590371e-01,9.905397473726208490e-01,9.905403419217057026e-01,9.905403989855088298e-01,9.905404101132599948e-01,9.905404132819182195e-01,9.905404143817826412e-01,9.905404147275927995e-01,9.905404146158445222e-01,9.905404138910914869e-01,9.905404115621814221e-01,9.905404028862974108e-01,9.905403557937826342e-01,9.905398293429308332e-01,9.905218235023038886e-01,9.905218092856031831e-01,9.905397582695477654e-01,9.905397085234630694e-01,9.905211609497290848e-01,9.905236325557590371e-01,9.999999999999995559e-01,9.905422332344168135e-01,9.905578031445207987e-01,9.905583567112197230e-01,9.905584072266440110e-01,9.905584167556696906e-01,9.905584193842316143e-01,9.905584202103652203e-01,9.905584202836283936e-01,9.905584196447910772e-01,9.905584173663685155e-01,9.905584087319450060e-01,9.905583616897485344e-01,9.905578353173691841e-01,9.905398293426582734e-01,9.905398171925239303e-01,9.905577730197401287e-01,9.905577642350236189e-01,9.905397561554200037e-01,9.905397473726208490e-01,9.905422332344168135e-01,9.999999999999995559e-01,9.905428087021309613e-01,9.905583381883016347e-01,9.905588853716276176e-01,9.905589343273386582e-01,9.905589433278435552e-01,9.905589456869804410e-01,9.905589462423146641e-01,9.905589457894239391e-01,9.905589435973205514e-01,9.905589350133975346e-01,9.905588880125277829e-01,9.905583616904733990e-01,9.905403557941703241e-01,9.905403443163461885e-01,9.905583016862589130e-01,9.905582993215061860e-01,9.905403321943115902e-01,9.905403419217057026e-01,9.905578031445207987e-01,9.905428087021309613e-01,9.999999999999995559e-01,9.905428645861434900e-01,9.905583875660970428e-01,9.905589331894451011e-01,9.905589816173150375e-01,9.905589903486106129e-01,9.905589924371479560e-01,9.905589924662892010e-01,9.905589904601195261e-01,9.905589819625911785e-01,9.905589350122010472e-01,9.905584087314295294e-01,9.905404028855867571e-01,9.905403916813002585e-01,9.905583495327270338e-01,9.905583487053977176e-01,9.905403881064217542e-01,9.905403989855088298e-01,9.905583567112197230e-01,9.905583381883016347e-01,9.905428645861434900e-01,9.999999999999995559e-01,9.905428756323796380e-01,9.905583970198452715e-01,9.905589421146442364e-01,9.905589902733069607e-01,9.905589987339245006e-01,9.905590002963209351e-01,9.905589987722200895e-01,9.905589904605441864e-01,9.905589435965885814e-01,9.905584173663376513e-01,9.905404115617979510e-01,9.905404004951801067e-01,9.905583585317866424e-01,9.905583581874150001e-01,9.905403991535579600e-01,9.905404101132599948e-01,9.905584072266440110e-01,9.905588853716276176e-01,9.905583875660970428e-01,9.905428756323796380e-01,9.999999999999995559e-01,9.905428787904544397e-01,9.905583996393276802e-01,9.905589444646375474e-01,9.905589923526669782e-01,9.905590002871254018e-01,9.905590002962300078e-01,9.905589924667198565e-01,9.905589457885889404e-01,9.905584196446837186e-01,9.905404138906999112e-01,9.905404029162180324e-01,9.905583610389450122e-01,9.905583608806763918e-01,9.905404023384299927e-01,9.905404132819182195e-01,9.905584167556696906e-01,9.905589343273386582e-01,9.905589331894451011e-01,9.905583970198452715e-01,9.905428787904544397e-01,9.999999999999995559e-01,9.905428798606873420e-01,9.905584004365991513e-01,9.905589449911830213e-01,9.905589923530438989e-01,9.905589987342741098e-01,9.905589924378754851e-01,9.905589462419162050e-01,9.905584202838848551e-01,9.905404146158411915e-01,9.905404037336839052e-01,9.905583619068574208e-01,9.905583618350255470e-01,9.905404034823150905e-01,9.905404143817826412e-01,9.905584193842316143e-01,9.905589433278435552e-01,9.905589816173150375e-01,9.905589421146442364e-01,9.905583996393276802e-01,9.905428798606873420e-01,9.999999999999995559e-01,9.905428801314736242e-01,9.905584004358394257e-01,9.905589444643171371e-01,9.905589902728814122e-01,9.905589903486907710e-01,9.905589456858340247e-01,9.905584202098846047e-01,9.905404147268652704e-01,9.905404039822238715e-01,9.905583621970095454e-01,9.905583621757623192e-01,9.905404039109310110e-01,9.905404147275927995e-01,9.905584202103652203e-01,9.905589456869804410e-01,9.905589903486106129e-01,9.905589902733069607e-01,9.905589444646375474e-01,9.905584004365991513e-01,9.905428801314736242e-01,9.999999999999995559e-01,9.905428798606564778e-01,9.905583996397789859e-01,9.905589421150521323e-01,9.905589816181774587e-01,9.905589433275100442e-01,9.905584193846157515e-01,9.905404143818290486e-01,9.905404039107640335e-01,9.905583621767681812e-01,9.905583621968261365e-01,9.905404039832634844e-01,9.905404146158445222e-01,9.905584202836283936e-01,9.905589462423146641e-01,9.905589924371479560e-01,9.905589987339245006e-01,9.905589923526669782e-01,9.905589449911830213e-01,9.905584004358394257e-01,9.905428798606564778e-01,9.999999999999995559e-01,9.905428787901241483e-01,9.905583970195114274e-01,9.905589331896266225e-01,9.905589343262732882e-01,9.905584167553367347e-01,9.905404132812916096e-01,9.905404034813679592e-01,9.905583618353810404e-01,9.905583619059625811e-01,9.905404037339827772e-01,9.905404138910914869e-01,9.905584196447910772e-01,9.905589457894239391e-01,9.905589924662892010e-01,9.905590002963209351e-01,9.905590002871254018e-01,9.905589923530438989e-01,9.905589444643171371e-01,9.905583996397789859e-01,9.905428787901241483e-01,9.999999999999995559e-01,9.905428756323566564e-01,9.905583875665967541e-01,9.905588853709613728e-01,9.905584072266456763e-01,9.905404101130017569e-01,9.905404023379459355e-01,9.905583608813135488e-01,9.905583610384490756e-01,9.905404029169280200e-01,9.905404115621814221e-01,9.905584173663685155e-01,9.905589435973205514e-01,9.905589904601195261e-01,9.905589987722200895e-01,9.905590002962300078e-01,9.905589987342741098e-01,9.905589902728814122e-01,9.905589421150521323e-01,9.905583970195114274e-01,9.905428756323566564e-01,9.999999999999995559e-01,9.905428645865401727e-01,9.905583381875671112e-01,9.905583567111905241e-01,9.905403989851911950e-01,9.905403991529452279e-01,9.905583581880522681e-01,9.905583585312046635e-01,9.905404004957784059e-01,9.905404028862974108e-01,9.905584087319450060e-01,9.905589350133975346e-01,9.905589819625911785e-01,9.905589904605441864e-01,9.905589924667198565e-01,9.905589924378754851e-01,9.905589903486907710e-01,9.905589816181774587e-01,9.905589331896266225e-01,9.905583875665967541e-01,9.905428645865401727e-01,9.999999999999995559e-01,9.905428087017583705e-01,9.905578031448977194e-01,9.905403419218313799e-01,9.905403881062284643e-01,9.905583487064426595e-01,9.905583495325948062e-01,9.905403916823725119e-01,9.905403557937826342e-01,9.905583616897485344e-01,9.905588880125277829e-01,9.905589350122010472e-01,9.905589435965885814e-01,9.905589457885889404e-01,9.905589462419162050e-01,9.905589456858340247e-01,9.905589433275100442e-01,9.905589343262732882e-01,9.905588853709613728e-01,9.905583381875671112e-01,9.905428087017583705e-01,9.999999999999995559e-01,9.905422332335919178e-01,9.905397473715642498e-01,9.905403321929885374e-01,9.905582993213575271e-01,9.905583016848759081e-01,9.905403443162266175e-01,9.905398293429308332e-01,9.905578353173691841e-01,9.905583616904733990e-01,9.905584087314295294e-01,9.905584173663376513e-01,9.905584196446837186e-01,9.905584202838848551e-01,9.905584202098846047e-01,9.905584193846157515e-01,9.905584167553367347e-01,9.905584072266456763e-01,9.905583567111905241e-01,9.905578031448977194e-01,9.905422332335919178e-01,9.999999999999995559e-01,9.905236325553273824e-01,9.905397561547648611e-01,9.905577642355450907e-01,9.905577730191243990e-01,9.905398171930522855e-01,9.905218235023038886e-01,9.905398293426582734e-01,9.905403557941703241e-01,9.905404028855867571e-01,9.905404115617979510e-01,9.905404138906999112e-01,9.905404146158411915e-01,9.905404147268652704e-01,9.905404143818290486e-01,9.905404132812916096e-01,9.905404101130017569e-01,9.905403989851911950e-01,9.905403419218313799e-01,9.905397473715642498e-01,9.905236325553273824e-01,9.999999999999995559e-01,9.905211609488111524e-01,9.905397085237570565e-01,9.905397582685711022e-01,9.905218092859345846e-01,9.905218092856031831e-01,9.905398171925239303e-01,9.905403443163461885e-01,9.905403916813002585e-01,9.905404004951801067e-01,9.905404029162180324e-01,9.905404037336839052e-01,9.905404039822238715e-01,9.905404039107640335e-01,9.905404034813679592e-01,9.905404023379459355e-01,9.905403991529452279e-01,9.905403881062284643e-01,9.905403321929885374e-01,9.905397561547648611e-01,9.905211609488111524e-01,9.999999999999995559e-01,9.905235627152200184e-01,9.905391514040228218e-01,9.905217408538712354e-01,9.905397582695477654e-01,9.905577730197401287e-01,9.905583016862589130e-01,9.905583495327270338e-01,9.905583585317866424e-01,9.905583610389450122e-01,9.905583619068574208e-01,9.905583621970095454e-01,9.905583621767681812e-01,9.905583618353810404e-01,9.905583608813135488e-01,9.905583581880522681e-01,9.905583487064426595e-01,9.905582993213575271e-01,9.905577642355450907e-01,9.905397085237570565e-01,9.905235627152200184e-01,9.999999999999995559e-01,9.905415873125069659e-01,9.905391514052183100e-01,9.905397085234630694e-01,9.905577642350236189e-01,9.905582993215061860e-01,9.905583487053977176e-01,9.905583581874150001e-01,9.905583608806763918e-01,9.905583618350255470e-01,9.905583621757623192e-01,9.905583621968261365e-01,9.905583619059625811e-01,9.905583610384490756e-01,9.905583585312046635e-01,9.905583495325948062e-01,9.905583016848759081e-01,9.905577730191243990e-01,9.905397582685711022e-01,9.905391514040228218e-01,9.905415873125069659e-01,9.999999999999995559e-01,9.905235627153393674e-01,9.905211609497290848e-01,9.905397561554200037e-01,9.905403321943115902e-01,9.905403881064217542e-01,9.905403991535579600e-01,9.905404023384299927e-01,9.905404034823150905e-01,9.905404039109310110e-01,9.905404039832634844e-01,9.905404037339827772e-01,9.905404029169280200e-01,9.905404004957784059e-01,9.905403916823725119e-01,9.905403443162266175e-01,9.905398171930522855e-01,9.905218092859345846e-01,9.905217408538712354e-01,9.905391514052183100e-01,9.905235627153393674e-01,9.999999999999995559e-01
9.999999999999972244e-01,9.858831952026604339e-01,9.859188976673405325e-01,9.859201645147256388e-01,9.859202871396602896e-01,9.859203112907014566e-01,9.859203181990204845e-01,9.859203206020888954e-01,9.859203213597855786e-01,9.859203211191434058e-01,9.859203195470869208e-01,9.859203145086804509e-01,9.859202958608438427e-01,9.859201962537946784e-01,9.859191010035343039e-01,9.858792378104380694e-01,9.858792070031721089e-01,9.859189493314879371e-01,9.859188410995627372e-01,9.858777726521811280e-01,9.858831952026604339e-01,9.999999999999972244e-01,9.859243799078443171e-01,9.859588704868017528e-01,9.859600481795890436e-01,9.859601565101957510e-01,9.859601771595596365e-01,9.859601828815235391e-01,9.859601846842742656e-01,9.859601848466862384e-01,9.859601834621064542e-01,9.859601785339290325e-01,9.859601599766357749e-01,9.859600604783542721e-01,9.859589653780543861e-01,9.859191010030446956e-01,9.859190747461635818e-01,9.859588329234478810e-01,9.859588138480434027e-01,9.859189418196402377e-01,9.859188976673405325e-01,9.859243799078443171e-01,9.999999999999972244e-01,9.859255809682553329e-01,9.859599842943901349e-01,9.859611482372963032e-01,9.859612531937901325e-01,9.859612726946734851e-01,9.859612778303696867e-01,9.859612790437604080e-01,9.859612780651322295e-01,9.859612733256798434e-01,9.859612548788828645e-01,9.859611554709670767e-01,9.859600604802020163e-01,9.859201962550451226e-01,9.859201714688319296e-01,9.859599330223711711e-01,9.859599278693780278e-01,9.859201449552659202e-01,9.859201645147256388e-01,9.859588704868017528e-01,9.859255809682553329e-01,9.999999999999972244e-01,9.859256996788319238e-01,9.859600888516573125e-01,9.859612494195413301e-01,9.859613532295685712e-01,9.859613721448602375e-01,9.859613766915849009e-01,9.859613767639852089e-01,9.859613724305151816e-01,9.859613541725436026e-01,9.859612548750801286e-01,9.859601599746014022e-01,9.859202958583825893e-01,9.859202716712496262e-01,9.859600342749852420e-01,9.859600324681130346e-01,9.859202638313501188e-01,9.859202871396602896e-01,9.859600481795890436e-01,9.859599842943901349e-01,9.859256996788319238e-01,9.999999999999972244e-01,9.859257234986027463e-01,9.859601091905257908e-01,9.859612686096924650e-01,9.859613718341229127e-01,9.859613901603906383e-01,9.859613935661789563e-01,9.859613902837892629e-01,9.859613724316995675e-01,9.859612733231087889e-01,9.859601785331476576e-01,9.859203145073008878e-01,9.859202906217821027e-01,9.859600536294862438e-01,9.859600528762172411e-01,9.859202876758696998e-01,9.859203112907014566e-01,9.859601565101957510e-01,9.859611482372963032e-01,9.859600888516573125e-01,9.859257234986027463e-01,9.999999999999972244e-01,9.859257303513658810e-01,9.859601148619576705e-01,9.859612736947122036e-01,9.859613763301476874e-01,9.859613935154487585e-01,9.859613935663893436e-01,9.859613767654857863e-01,9.859612780627622364e-01,9.859601834615653315e-01,9.859203195460146674e-01,9.859202958626636093e-01,9.859600590583185165e-01,9.859600587116277293e-01,9.859202945932530326e-01,9.859203181990204845e-01,9.859601771595596365e-01,9.859612531937901325e-01,9.859612494195413301e-01,9.859601091905257908e-01,9.859257303513658810e-01,9.999999999999972244e-01,9.859257326808664734e-01,9.859601165937059708e-01,9.859612748371917590e-01,9.859613763316364965e-01,9.859613901621842036e-01,9.859613766945176661e-01,9.859612790429760354e-01,9.859601848476290398e-01,9.859203211195675109e-01,9.859202976386037820e-01,9.859600609446740327e-01,9.859600607870283584e-01,9.859202970862912530e-01,9.859203206020888954e-01,9.859601828815235391e-01,9.859612726946734851e-01,9.859613532295685712e-01,9.859612686096924650e-01,9.859601148619576705e-01,9.859257326808664734e-01,9.999999999999972244e-01,9.859257332707160870e-01,9.859601165914398946e-01,9.859612736940224220e-01,9.859613718336469601e-01,9.859613721456470525e-01,9.859612778273152411e-01,9.859601846829866290e-01,9.859203213580204350e-01,9.859202981784382924e-01,9.859600615758304931e-01,9.859600615288413028e-01,9.859202980219377022e-01,9.859203213597855786e-01,9.859601846842742656e-01,9.859612778303696867e-01,9.859613721448602375e-01,9.859613718341229127e-01,9.859612736947122036e-01,9.859601165937059708e-01,9.859257332707160870e-01,9.999999999999972244e-01,9.859257326800052734e-01,9.859601148627125111e-01,9.859612686107199764e-01,9.859613532318041162e-01,9.859612726931294979e-01,9.859601828817623481e-01,9.859203206017812526e-01,9.859202980211616563e-01,9.859600615313588445e-01,9.859600615748292940e-01,9.859202981808019572e-01,9.859203211191434058e-01,9.859601848466862384e-01,9.859612790437604080e-01,9.859613766915849009e-01,9.859613901603906383e-01,9.859613763301476874e-01,9.859612748371917590e-01,9.859601165914398946e-01,9.859257326800052734e-01,9.999999999999972244e-01,9.859257303498288882e-01,9.859601091893095415e-01,9.859612494196244858e-01,9.859612531900210364e-01,9.859601771575891016e-01,9.859203181965418006e-01,9.859202970832139368e-01,9.859600607873935108e-01,9.859600609414559402e-01,9.859202976387224648e-01,9.859203195470869208e-01,9.859601834621064542e-01,9.859612780651322295e-01,9.859613767639852089e-01,9.859613935661789563e-01,9.859613935154487585e-01,9.859613763316364965e-01,9.859612736940224220e-01,9.859601148627125111e-01,9.859257303498288882e-01,9.999999999999972244e-01,9.859257234988315632e-01,9.859600888531618867e-01,9.859611482350362222e-01,9.859601565096929310e-01,9.859203112897305665e-01,9.859202945917856509e-01,9.859600587134008665e-01,9.859600590566340861e-01,9.859202958643292769e-01,9.859203145086804509e-01,9.859601785339290325e-01,9.859612733256798434e-01,9.859613724305151816e-01,9.859613902837892629e-01,9.859613935663893436e-01,9.859613901621842036e-01,9.859613718336469601e-01,9.859612686107199764e-01,9.859601091893095415e-01,9.859257234988315632e-01,9.999999999999972244e-01,9.859256996805803031e-01,9.859599842923797430e-01,9.859600481793754367e-01,9.859202871389132206e-01,9.859202876745638555e-01,9.859600528783033502e-01,9.859600536280181959e-01,9.859202906236544939e-01,9.859202958608438427e-01,9.859601599766357749e-01,9.859612548788828645e-01,9.859613541725436026e-01,9.859613724316995675e-01,9.859613767654857863e-01,9.859613766945176661e-01,9.859613721456470525e-01,9.859613532318041162e-01,9.859612494196244858e-01,9.859600888531618867e-01,9.859256996805803031e-01,9.999999999999972244e-01,9.859255809673685977e-01,9.859588704877436660e-01,9.859201645151883797e-01,9.859202638312410949e-01,9.859600324713689856e-01,9.859600342747327772e-01,9.859202716743509232e-01,9.859201962537946784e-01,9.859600604783542721e-01,9.859611554709670767e-01,9.859612548750801286e-01,9.859612733231087889e-01,9.859612780627622364e-01,9.859612790429760354e-01,9.859612778273152411e-01,9.859612726931294979e-01,9.859612531900210364e-01,9.859611482350362222e-01,9.859599842923797430e-01,9.859255809673685977e-01,9.999999999999972244e-01,9.859243799049686174e-01,9.859188976640311797e-01,9.859201449513901316e-01,9.859599278688253587e-01,9.859599330182541310e-01,9.859201714681240514e-01,9.859191010035343039e-01,9.859589653780543861e-01,9.859600604802020163e-01,9.859601599746014022e-01,9.859601785331476576e-01,9.859601834615653315e-01,9.859601848476290398e-01,9.859601846829866290e-01,9.859601828817623481e-01,9.859601771575891016e-01,9.859601565096929310e-01,9.859600481793754367e-01,9.859588704877436660e-01,9.859243799049686174e-01,9.999999999999972244e-01,9.858831952010396193e-01,9.859189418175458020e-01,9.859588138492803022e-01,9.859588329212030100e-01,9.859190747471657801e-01,9.858792378104380694e-01,9.859191010030446956e-01,9.859201962550451226e-01,9.859202958583825893e-01,9.859203145073008878e-01,9.859203195460146674e-01,9.859203211195675109e-01,9.859203213580204350e-01,9.859203206017812526e-01,9.859203181965418006e-01,9.859203112897305665e-01,9.859202871389132206e-01,9.859201645151883797e-01,9.859188976640311797e-01,9.858831952010396193e-01,9.999999999999972244e-01,9.858777726496006366e-01,9.859188411003312336e-01,9.859189493286212302e-01,9.858792070037751820e-01,9.858792070031721089e-01,9.859190747461635818e-01,9.859201714688319296e-01,9.859202716712496262e-01,9.859202906217821027e-01,9.859202958626636093e-01,9.859202976386037820e-01,9.859202981784382924e-01,9.859202980211616563e-01,9.859202970832139368e-01,9.859202945917856509e-01,9.859202876745638555e-01,9.859202638312410949e-01,9.859201449513901316e-01,9.859189418175458020e-01,9.858777726496006366e-01,9.999999999999972244e-01,9.858830462905329162e-01,9.859176543929288883e-01,9.858790593642654532e-01,9.859189493314879371e-01,9.859588329234478810e-01,9.859599330223711711e-01,9.859600342749852420e-01,9.859600536294862438e-01,9.859600590583185165e-01,9.859600609446740327e-01,9.859600615758304931e-01,9.859600615313588445e-01,9.859600607873935108e-01,9.859600587134008665e-01,9.859600528783033502e-01,9.859600324713689856e-01,9.859599278688253587e-01,9.859588138492803022e-01,9.859188411003312336e-01,9.858830462905329162e-01,9.999999999999972244e-01,9.859230286558611223e-01,9.859176543962682171e-01,9.859188410995627372e-01,9.859588138480434027e-01,9.859599278693780278e-01,9.859600324681130346e-01,9.859600528762172411e-01,9.859600587116277293e-01,9.859600607870283584e-01,9.859600615288413028e-01,9.859600615748292940e-01,9.859600609414559402e-01,9.859600590566340861e-01,9.859600536280181959e-01,9.859600342747327772e-01,9.859599330182541310e-01,9.859588329212030100e-01,9.859189493286212302e-01,9.859176543929288883e-01,9.859230286558611223e-01,9.999999999999972244e-01,9.858830462904503156e-01,9.858777726521811280e-01,9.859189418196402377e-01,9.859201449552659202e-01,9.859202638313501188e-01,9.859202876758696998e-01,9.859202945932530326e-01,9.859202970862912530e-01,9.859202980219377022e-01,9.859202981808019572e-01,9.859202976387224648e-01,9.859202958643292769e-01,9.859202906236544939e-01,9.859202716743509232e-01,9.859201714681240514e-01,9.859190747471657801e-01,9.858792070037751820e-01,9.858790593642654532e-01,9.859176543962682171e-01,9.858830462904503156e-01,9.999999999999972244e-01
