9.999999999999995559e-01,9.999999999999995559e-01,9.999999999999995559e-01,9.999999999999995559e-01,9.999999999999995559e-01,9.999999999999995559e-01,9.999999999999995559e-01,9.999999999999995559e-01,9.999999999999995559e-01,9.999999999999995559e-01,9.999999999999995559e-01,9.999999999999995559e-01,9.999999999999995559e-01,9.999999999999995559e-01,9.999999999999995559e-01,9.999999999999995559e-01,9.999999999999995559e-01,9.999999999999995559e-01,9.999999999999995559e-01,9.999999999999995559e-01,9.999999999999995559e-01,9.999999999999995559e-01,9.999999999999995559e-01,9.999999999999995559e-01,9.999999999999995559e-01,9.999999999999995559e-01,9.999999999999995559e-01,9.999999999999995559e-01,9.999999999999995559e-01,9.999999999999995559e-01,9.999999999999995559e-01,9.999999999999995559e-01,9.999999999999995559e-01,9.999999999999995559e-01,9.999999999999995559e-01,9.999999999999995559e-01,9.999999999999995559e-01,9.999999999999995559e-01,9.999999999999995559e-01,9.999999999999995559e-01,9.999999999999995559e-01,9.999999999999995559e-01,9.999999999999995559e-01,9.999999999999995559e-01,9.999999999999995559e-01,9.999999999999995559e-01,9.999999999999995559e-01,9.999999999999995559e-01,9.999999999999995559e-01,9.999999999999995559e-01,9.999999999999995559e-01,9.999999999999995559e-01,9.999999999999995559e-01,9.999999999999995559e-01,9.999999999999995559e-01,9.999999999999995559e-01,9.999999999999995559e-01,9.999999999999995559e-01,9.999999999999995559e-01,9.999999999999995559e-01,9.999999999999995559e-01,9.999999999999995559e-01,9.999999999999995559e-01,9.999999999999995559e-01,9.999999999999995559e-01,9.999999999999995559e-01,9.999999999999995559e-01,9.999999999999995559e-01,9.999999999999995559e-01,9.999999999999995559e-01,9.999999999999995559e-01,9.999999999999995559e-01,9.999999999999995559e-01,9.999999999999995559e-01,9.999999999999995559e-01,9.999999999999995559e-01,9.999999999999995559e-01,9.999999999999995559e-01,9.999999999999995559e-01,9.999999999999995559e-01,9.999999999999995559e-01,9.999999999999995559e-01,9.999999999999995559e-01,9.999999999999995559e-01,9.999999999999995559e-01,9.999999999999995559e-01,9.999999999999995559e-01,9.999999999999995559e-01,9.999999999999995559e-01,9.999999999999995559e-01,9.999999999999995559e-01,9.999999999999995559e-01,9.999999999999995559e-01,9.999999999999995559e-01,9.999999999999995559e-01,9.999999999999995559e-01,9.999999999999995559e-01,9.999999999999995559e-01,9.999999999999995559e-01,9.999999999999995559e-01,9.999999999999995559e-01,9.999999999999995559e-01,9.999999999999995559e-01,9.999999999999995559e-01,9.999999999999995559e-01,9.999999999999995559e-01,9.999999999999995559e-01,9.999999999999995559e-01,9.999999999999995559e-01,9.999999999999995559e-01,9.999999999999995559e-01,9.999999999999995559e-01,9.999999999999995559e-01,9.999999999999995559e-01,9.999999999999995559e-01,9.999999999999995559e-01,9.999999999999995559e-01,9.999999999999995559e-01,9.999999999999995559e-01,9.999999999999995559e-01,9.999999999999995559e-01,9.999999999999995559e-01,9.999999999999995559e-01,9.999999999999995559e-01,9.999999999999995559e-01,9.999999999999995559e-01,9.999999999999995559e-01,9.999999999999995559e-01,9.999999999999995559e-01,9.999999999999995559e-01,9.999999999999995559e-01,9.999999999999995559e-01,9.999999999999995559e-01,9.999999999999995559e-01,9.999999999999995559e-01,9.999999999999995559e-01,9.999999999999995559e-01,9.999999999999995559e-01,9.999999999999995559e-01,9.999999999999995559e-01,9.999999999999995559e-01,9.999999999999995559e-01,9.999999999999995559e-01,9.999999999999995559e-01,9.999999999999995559e-01,9.999999999999995559e-01,9.999999999999995559e-01,9.999999999999995559e-01,9.999999999999995559e-01,9.999999999999995559e-01,9.999999999999995559e-01,9.999999999999995559e-01,9.999999999999995559e-01,9.999999999999995559e-01,9.999999999999995559e-01,9.999999999999995559e-01,9.999999999999995559e-01,9.999999999999995559e-01,9.999999999999995559e-01,9.999999999999995559e-01,9.999999999999995559e-01,9.999999999999995559e-01,9.999999999999995559e-01,9.999999999999995559e-01,9.999999999999995559e-01,9.999999999999995559e-01,9.999999999999995559e-01,9.999999999999995559e-01,9.999999999999995559e-01,9.999999999999995559e-01,9.999999999999995559e-01,9.999999999999995559e-01,9.999999999999995559e-01,9.999999999999995559e-01,9.999999999999995559e-01,9.999999999999995559e-01,9.999999999999995559e-01,9.999999999999995559e-01,9.999999999999995559e-01,9.999999999999995559e-01,9.999999999999995559e-01,9.999999999999995559e-01,9.999999999999995559e-01,9.999999999999995559e-01,9.999999999999995559e-01,9.999999999999995559e-01,9.999999999999995559e-01,9.999999999999995559e-01,9.999999999999995559e-01,9.999999999999995559e-01,9.999999999999995559e-01,9.999999999999995559e-01,9.999999999999995559e-01,9.999999999999995559e-01,9.999999999999995559e-01,9.999999999999995559e-01,9.999999999999995559e-01,9.999999999999995559e-01,9.999999999999995559e-01,9.999999999999995559e-01,9.999999999999995559e-01,9.999999999999995559e-01,9.999999999999995559e-01,9.999999999999995559e-01,9.999999999999995559e-01,9.999999999999995559e-01,9.999999999999995559e-01,9.999999999999995559e-01,9.999999999999995559e-01,9.999999999999995559e-01,9.999999999999995559e-01,9.999999999999995559e-01,9.999999999999995559e-01,9.999999999999995559e-01,9.999999999999995559e-01,9.999999999999995559e-01,9.999999999999995559e-01,9.999999999999995559e-01,9.999999999999995559e-01,9.999999999999995559e-01,9.999999999999995559e-01,9.999999999999995559e-01,9.999999999999995559e-01,9.999999999999995559e-01,9.999999999999995559e-01,9.999999999999995559e-01,9.999999999999995559e-01,9.999999999999995559e-01,9.999999999999995559e-01,9.999999999999995559e-01,9.999999999999995559e-01,9.999999999999995559e-01,9.999999999999995559e-01,9.999999999999995559e-01,9.999999999999995559e-01,9.999999999999995559e-01,9.999999999999995559e-01,9.999999999999995559e-01,9.999999999999995559e-01,9.999999999999995559e-01,9.999999999999995559e-01,9.999999999999995559e-01,9.999999999999995559e-01,9.999999999999995559e-01,9.999999999999995559e-01,9.999999999999995559e-01,9.999999999999995559e-01,9.999999999999995559e-01,9.999999999999995559e-01,9.999999999999995559e-01,9.999999999999995559e-01,9.999999999999995559e-01,9.999999999999995559e-01,9.999999999999995559e-01,9.999999999999995559e-01,9.999999999999995559e-01,9.999999999999995559e-01,9.999999999999995559e-01,9.999999999999995559e-01,9.999999999999995559e-01,9.999999999999995559e-01,9.999999999999995559e-01,9.999999999999995559e-01,9.999999999999995559e-01,9.999999999999995559e-01,9.999999999999995559e-01,9.999999999999995559e-01,9.999999999999995559e-01,9.999999999999995559e-01,9.999999999999995559e-01,9.999999999999995559e-01,9.999999999999995559e-01,9.999999999999995559e-01,9.999999999999995559e-01,9.999999999999995559e-01,9.999999999999995559e-01,9.999999999999995559e-01,9.999999999999995559e-01,9.999999999999995559e-01,9.999999999999995559e-01,9.999999999999995559e-01,9.999999999999995559e-01,9.999999999999995559e-01,9.999999999999995559e-01,9.999999999999995559e-01,9.999999999999995559e-01,9.999999999999995559e-01,9.999999999999995559e-01,9.999999999999995559e-01,9.999999999999995559e-01,9.999999999999995559e-01,9.999999999999995559e-01,9.999999999999995559e-01,9.999999999999995559e-01,9.999999999999995559e-01,9.999999999999995559e-01,9.999999999999995559e-01,9.999999999999995559e-01,9.999999999999995559e-01,9.999999999999995559e-01,9.999999999999995559e-01,9.999999999999995559e-01,9.999999999999995559e-01,9.999999999999995559e-01,9.999999999999995559e-01,9.999999999999995559e-01,9.999999999999995559e-01,9.999999999999995559e-01,9.999999999999995559e-01,9.999999999999995559e-01,9.999999999999995559e-01,9.999999999999995559e-01,9.999999999999995559e-01,9.999999999999995559e-01,9.999999999999995559e-01,9.999999999999995559e-01,9.999999999999995559e-01,9.999999999999995559e-01,9.999999999999995559e-01,9.999999999999995559e-01,9.999999999999995559e-01,9.999999999999995559e-01,9.999999999999995559e-01,9.999999999999995559e-01,9.999999999999995559e-01,9.999999999999995559e-01,9.999999999999995559e-01,9.999999999999995559e-01,9.999999999999995559e-01,9.999999999999995559e-01,9.999999999999995559e-01,9.999999999999995559e-01,9.999999999999995559e-01,9.999999999999995559e-01,9.999999999999995559e-01,9.999999999999995559e-01,9.999999999999995559e-01,9.999999999999995559e-01,9.999999999999995559e-01,9.999999999999995559e-01,9.999999999999995559e-01,9.999999999999995559e-01,9.999999999999995559e-01,9.999999999999995559e-01,9.999999999999995559e-01,9.999999999999995559e-01,9.999999999999995559e-01,9.999999999999995559e-01,9.999999999999995559e-01,9.999999999999995559e-01,9.999999999999995559e-01,9.999999999999995559e-01,9.999999999999995559e-01,9.999999999999995559e-01,9.999999999999995559e-01,9.999999999999995559e-01,9.999999999999995559e-01,9.999999999999995559e-01,9.999999999999995559e-01,9.999999999999995559e-01,9.999999999999995559e-01,9.999999999999995559e-01,9.999999999999995559e-01,9.999999999999995559e-01,9.999999999999995559e-01,9.999999999999995559e-01,9.999999999999995559e-01,9.999999999999995559e-01,9.999999999999995559e-01,9.999999999999995559e-01,9.999999999999995559e-01,9.999999999999995559e-01,9.999999999999995559e-01,9.999999999999995559e-01,9.999999999999995559e-01,9.999999999999995559e-01,9.999999999999995559e-01,9.999999999999995559e-01,9.999999999999995559e-01,9.999999999999995559e-01,9.999999999999995559e-01,9.999999999999995559e-01,9.999999999999995559e-01,9.999999999999995559e-01,9.999999999999995559e-01,9.999999999999995559e-01,9.999999999999995559e-01,9.999999999999995559e-01,9.999999999999995559e-01,9.999999999999995559e-01,9.999999999999995559e-01,9.999999999999995559e-01,9.999999999999995559e-01,9.999999999999995559e-01,9.999999999999995559e-01,9.999999999999995559e-01,9.999999999999995559e-01,9.999999999999995559e-01,9.999999999999995559e-01,9.999999999999995559e-01
1.000000000000002220e+00,9.952285064359728262e-01,9.952326115244268800e-01,9.952327706243835337e-01,9.952327861705179135e-01,9.952327892652224062e-01,9.952327901771228502e-01,9.952327905191866719e-01,9.952327906669089508e-01,9.952327907309801436e-01,9.952327907493931924e-01,9.952327907310131172e-01,9.952327906670185298e-01,9.952327905199060964e-01,9.952327901789398412e-01,9.952327892705417067e-01,9.952327861947120047e-01,9.952327708204439238e-01,9.952326138835349001e-01,9.952278753460013228e-01,9.952285064359728262e-01,1.000000000000002220e+00,9.952333956256085301e-01,9.952373521426617353e-01,9.952374989855270471e-01,9.952375124563813680e-01,9.952375150258421233e-01,9.952375157642303627e-01,9.952375160361863760e-01,9.952375161480461196e-01,9.952375161886211075e-01,9.952375161832467398e-01,9.952375161299247264e-01,9.952375159958863904e-01,9.952375156773696219e-01,9.952375148173792097e-01,9.952375118673646437e-01,9.952374968947852452e-01,9.952373416440895015e-01,9.952326138836307123e-01,9.952326115244268800e-01,9.952333956256085301e-01,1.000000000000002220e+00,9.952335653433694862e-01,9.952375096569446855e-01,9.952376544456459362e-01,9.952376673963966303e-01,9.952376697938711825e-01,9.952376704627240445e-01,9.952376706990354593e-01,9.952376707875284501e-01,9.952376708043809694e-01,9.952376707640443465e-01,9.952376706406333984e-01,9.952376703351192289e-01,9.952376694973709137e-01,9.952376665953140966e-01,9.952376517473606743e-01,9.952374968948088929e-01,9.952327708205270795e-01,9.952327706243835337e-01,9.952373521426617353e-01,9.952335653433694862e-01,1.000000000000002220e+00,9.952335829975406112e-01,9.952375252370363468e-01,9.952376695055027422e-01,9.952376822843661541e-01,9.952376846123338616e-01,9.952376852455895317e-01,9.952376854585138766e-01,9.952376855232777375e-01,9.952376855051848770e-01,9.952376853947627611e-01,9.952376850998705393e-01,9.952376842751301522e-01,9.952376813952910073e-01,9.952376665952699097e-01,9.952375118673376653e-01,9.952327861947881660e-01,9.952327861705179135e-01,9.952374989855270471e-01,9.952375096569446855e-01,9.952335829975406112e-01,1.000000000000002220e+00,9.952335866853841972e-01,9.952375283991682364e-01,9.952376724956167875e-01,9.952376852049704681e-01,9.952376874973147824e-01,9.952376881072024783e-01,9.952376882964062421e-01,9.952376883262069596e-01,9.952376882380367107e-01,9.952376879561377621e-01,9.952376871419921223e-01,9.952376842751786690e-01,9.952376694973792404e-01,9.952375148173974173e-01,9.952327892706536172e-01,9.952327892652224062e-01,9.952375124563813680e-01,9.952376544456459362e-01,9.952375252370363468e-01,9.952335866853841972e-01,1.000000000000002220e+00,9.952335878071338904e-01,9.952375293471013018e-01,9.952376733739838333e-01,9.952376860477293308e-01,9.952376883167024513e-01,9.952376889028544671e-01,9.952376890571233981e-01,9.952376890168332935e-01,9.952376887571642294e-01,9.952376879560461687e-01,9.952376850998186919e-01,9.952376703350345188e-01,9.952375156773074494e-01,9.952327901789476128e-01,9.952327901771228502e-01,9.952375150258421233e-01,9.952376673963966303e-01,9.952376695055027422e-01,9.952375283991682364e-01,9.952335878071338904e-01,1.000000000000002220e+00,9.952335882367494557e-01,9.952375297064505189e-01,9.952376736977007754e-01,9.952376863480716374e-01,9.952376885933220674e-01,9.952376891445097185e-01,9.952376892286922683e-01,9.952376890169317702e-01,9.952376882380320477e-01,9.952376853948163848e-01,9.952376706406395046e-01,9.952375159959063744e-01,9.952327905200202274e-01,9.952327905191866719e-01,9.952375157642303627e-01,9.952376697938711825e-01,9.952376822843661541e-01,9.952376724956167875e-01,9.952375293471013018e-01,9.952335882367494557e-01,1.000000000000002220e+00,9.952335884246190645e-01,9.952375298583785446e-01,9.952376738262567191e-01,9.952376864528834632e-01,9.952376886631998376e-01,9.952376891443028839e-01,9.952376890569962775e-01,9.952376883260002360e-01,9.952376855050190096e-01,9.952376707638400655e-01,9.952375161297392081e-01,9.952327906669289348e-01,9.952327906669089508e-01,9.952375160361863760e-01,9.952376704627240445e-01,9.952376846123338616e-01,9.952376852049704681e-01,9.952376733739838333e-01,9.952375297064505189e-01,9.952335884246190645e-01,1.000000000000002220e+00,9.952335885072070010e-01,9.952375299174478496e-01,9.952376738615844598e-01,9.952376864532702649e-01,9.952376885934924866e-01,9.952376889031206986e-01,9.952376882965795479e-01,9.952376855235047781e-01,9.952376708045587161e-01,9.952375161834421391e-01,9.952327907313006650e-01,9.952327907309801436e-01,9.952375161480461196e-01,9.952376706990354593e-01,9.952376852455895317e-01,9.952376874973147824e-01,9.952376860477293308e-01,9.952376736977007754e-01,9.952375298583785446e-01,9.952335885072070010e-01,1.000000000000002220e+00,9.952335885307087571e-01,9.952375299171714040e-01,9.952376738263659650e-01,9.952376863479576174e-01,9.952376883167106669e-01,9.952376881070942316e-01,9.952376854584688015e-01,9.952376707874414086e-01,9.952375161885487209e-01,9.952327907493992987e-01,9.952327907493931924e-01,9.952375161886211075e-01,9.952376707875284501e-01,9.952376854585138766e-01,9.952376881072024783e-01,9.952376883167024513e-01,9.952376863480716374e-01,9.952376738262567191e-01,9.952375299174478496e-01,9.952335885307087571e-01,1.000000000000002220e+00,9.952335885070162647e-01,9.952375298585756092e-01,9.952376736976829008e-01,9.952376860477950560e-01,9.952376874973088983e-01,9.952376852456203959e-01,9.952376706990253563e-01,9.952375161480550014e-01,9.952327907310802857e-01,9.952327907310131172e-01,9.952375161832467398e-01,9.952376708043809694e-01,9.952376855232777375e-01,9.952376882964062421e-01,9.952376889028544671e-01,9.952376885933220674e-01,9.952376864528834632e-01,9.952376738615844598e-01,9.952375299171714040e-01,9.952335885070162647e-01,1.000000000000002220e+00,9.952335884245377962e-01,9.952375297061498705e-01,9.952376733737882120e-01,9.952376852046717071e-01,9.952376846120940534e-01,9.952376704624495973e-01,9.952375160359120398e-01,9.952327906667234325e-01,9.952327906670185298e-01,9.952375161299247264e-01,9.952376707640443465e-01,9.952376855051848770e-01,9.952376883262069596e-01,9.952376890571233981e-01,9.952376891445097185e-01,9.952376886631998376e-01,9.952376864532702649e-01,9.952376738263659650e-01,9.952375298585756092e-01,9.952335884245377962e-01,1.000000000000002220e+00,9.952335882368243958e-01,9.952375293472833784e-01,9.952376724957031628e-01,9.952376822845062643e-01,9.952376697939648853e-01,9.952375157643656989e-01,9.952327905193787405e-01,9.952327905199060964e-01,9.952375159958863904e-01,9.952376706406333984e-01,9.952376853947627611e-01,9.952376882380367107e-01,9.952376890168332935e-01,9.952376892286922683e-01,9.952376891443028839e-01,9.952376885934924866e-01,9.952376863479576174e-01,9.952376736976829008e-01,9.952375297061498705e-01,9.952335882368243958e-01,1.000000000000002220e+00,9.952335878071028041e-01,9.952375283990410049e-01,9.952376695054315769e-01,9.952376673962872733e-01,9.952375150257340986e-01,9.952327901771286234e-01,9.952327901789398412e-01,9.952375156773696219e-01,9.952376703351192289e-01,9.952376850998705393e-01,9.952376879561377621e-01,9.952376887571642294e-01,9.952376890169317702e-01,9.952376890569962775e-01,9.952376889031206986e-01,9.952376883167106669e-01,9.952376860477950560e-01,9.952376733737882120e-01,9.952375293472833784e-01,9.952335878071028041e-01,1.000000000000002220e+00,9.952335866853493362e-01,9.952375252370565528e-01,9.952376544456277285e-01,9.952375124563864750e-01,9.952327892652951258e-01,9.952327892705417067e-01,9.952375148173792097e-01,9.952376694973709137e-01,9.952376842751301522e-01,9.952376871419921223e-01,9.952376879560461687e-01,9.952376882380320477e-01,9.952376883260002360e-01,9.952376882965795479e-01,9.952376881070942316e-01,9.952376874973088983e-01,9.952376852046717071e-01,9.952376724957031628e-01,9.952375283990410049e-01,9.952335866853493362e-01,1.000000000000002220e+00,9.952335829974677806e-01,9.952375096568357726e-01,9.952374989854322340e-01,9.952327861705209111e-01,9.952327861947120047e-01,9.952375118673646437e-01,9.952376665953140966e-01,9.952376813952910073e-01,9.952376842751786690e-01,9.952376850998186919e-01,9.952376853948163848e-01,9.952376855050190096e-01,9.952376855235047781e-01,9.952376854584688015e-01,9.952376852456203959e-01,9.952376846120940534e-01,9.952376822845062643e-01,9.952376695054315769e-01,9.952375252370565528e-01,9.952335829974677806e-01,1.000000000000002220e+00,9.952335653433007634e-01,9.952373521426124414e-01,9.952327706244223915e-01,9.952327708204439238e-01,9.952374968947852452e-01,9.952376517473606743e-01,9.952376665952699097e-01,9.952376694973792404e-01,9.952376703350345188e-01,9.952376706406395046e-01,9.952376707638400655e-01,9.952376708045587161e-01,9.952376707874414086e-01,9.952376706990253563e-01,9.952376704624495973e-01,9.952376697939648853e-01,9.952376673962872733e-01,9.952376544456277285e-01,9.952375096568357726e-01,9.952335653433007634e-01,1.000000000000002220e+00,9.952333956255230429e-01,9.952326115244275462e-01,9.952326138835349001e-01,9.952373416440895015e-01,9.952374968948088929e-01,9.952375118673376653e-01,9.952375148173974173e-01,9.952375156773074494e-01,9.952375159959063744e-01,9.952375161297392081e-01,9.952375161834421391e-01,9.952375161885487209e-01,9.952375161480550014e-01,9.952375160359120398e-01,9.952375157643656989e-01,9.952375150257340986e-01,9.952375124563864750e-01,9.952374989854322340e-01,9.952373521426124414e-01,9.952333956255230429e-01,1.000000000000002220e+00,9.952285064359946976e-01,9.952278753460013228e-01,9.952326138836307123e-01,9.952327708205270795e-01,9.952327861947881660e-01,9.952327892706536172e-01,9.952327901789476128e-01,9.952327905200202274e-01,9.952327906669289348e-01,9.952327907313006650e-01,9.952327907493992987e-01,9.952327907310802857e-01,9.952327906667234325e-01,9.952327905193787405e-01,9.952327901771286234e-01,9.952327892652951258e-01,9.952327861705209111e-01,9.952327706244223915e-01,9.952326115244275462e-01,9.952285064359946976e-01,1.000000000000002220e+00
9.999999999999986677e-01,9.905229172064371479e-01,9.905390833938588768e-01,9.905396866882197893e-01,9.905397460624486561e-01,9.905397580008743486e-01,9.905397615352469209e-01,9.905397628640519869e-01,9.905397634373854787e-01,9.905397636870203470e-01,9.905397637586378368e-01,9.905397636880771683e-01,9.905397634394694784e-01,9.905397628688555889e-01,9.905397615478372941e-01,9.905397580417374392e-01,9.905397462482251614e-01,9.905396881825597744e-01,9.905391041258598817e-01,9.905204566935827959e-01,9.905229172064371479e-01,9.999999999999986677e-01,9.905421594286756282e-01,9.905577382526732366e-01,9.905582941305701716e-01,9.905583454559360179e-01,9.905583553503403138e-01,9.905583582078086868e-01,9.905583592613441679e-01,9.905583596959631754e-01,9.905583598535858680e-01,9.905583598335069295e-01,9.905583596264817547e-01,9.905583591071338567e-01,9.905583578741438133e-01,9.905583545577394400e-01,9.905583432566781310e-01,9.905582867601608887e-01,9.905577092746451484e-01,9.905391041257642915e-01,9.905390833938588768e-01,9.905421594286756282e-01,9.999999999999986677e-01,9.905427925749490381e-01,9.905583244208761018e-01,9.905588724152751823e-01,9.905589217363981458e-01,9.905589309657591990e-01,9.905589335523493633e-01,9.905589344690547415e-01,9.905589348125306559e-01,9.905589348788216286e-01,9.905589347223173746e-01,9.905589342442843170e-01,9.905589330618556065e-01,9.905589298319372737e-01,9.905589187170613652e-01,9.905588627038893756e-01,9.905582867601471220e-01,9.905396881824490851e-01,9.905396866882197893e-01,9.905577382526732366e-01,9.905427925749490381e-01,9.999999999999986677e-01,9.905428594510722329e-01,9.905583832586032367e-01,9.905589292478380603e-01,9.905589779045812504e-01,9.905589868633148942e-01,9.905589893131772072e-01,9.905589901387837903e-01,9.905589903909485239e-01,9.905589903208216196e-01,9.905589898933051529e-01,9.905589887521742964e-01,9.905589855727837678e-01,9.905589745443162952e-01,9.905589187171585097e-01,9.905583432567603985e-01,9.905397462482125048e-01,9.905397460624486561e-01,9.905582941305701716e-01,9.905583244208761018e-01,9.905428594510722329e-01,9.999999999999986677e-01,9.905428736199374251e-01,9.905583953799057539e-01,9.905589407037533878e-01,9.905589890898555128e-01,9.905589979118706312e-01,9.905590002706402553e-01,9.905590010049386551e-01,9.905590011206850676e-01,9.905590007795468388e-01,9.905589996889337945e-01,9.905589965508384553e-01,9.905589855728956783e-01,9.905589298321461067e-01,9.905583545579341731e-01,9.905397580418364711e-01,9.905397580008743486e-01,9.905583454559360179e-01,9.905588724152751823e-01,9.905583832586032367e-01,9.905428736199374251e-01,9.999999999999986677e-01,9.905428779567729825e-01,9.905583990375169678e-01,9.905589440903480591e-01,9.905589923397152274e-01,9.905590010706362136e-01,9.905590033380973214e-01,9.905590039359793986e-01,9.905590037807149306e-01,9.905590027764793470e-01,9.905589996889013760e-01,9.905589887522534553e-01,9.905589330620315769e-01,9.905583578743063500e-01,9.905397615479033524e-01,9.905397615352469209e-01,9.905583553503403138e-01,9.905589217363981458e-01,9.905589292478380603e-01,9.905583953799057539e-01,9.905428779567729825e-01,9.999999999999986677e-01,9.905428796232854660e-01,9.905584004275499455e-01,9.905589453434902047e-01,9.905589935017542480e-01,9.905590021413680502e-01,9.905590042724117250e-01,9.905590045992826997e-01,9.905590037809205439e-01,9.905590007797190344e-01,9.905589898935897031e-01,9.905589342446655676e-01,9.905583591075012295e-01,9.905397628691267053e-01,9.905397628640519869e-01,9.905583582078086868e-01,9.905589309657591990e-01,9.905589779045812504e-01,9.905589407037533878e-01,9.905583990375169678e-01,9.905428796232854660e-01,9.999999999999986677e-01,9.905428803521583170e-01,9.905584010171099019e-01,9.905589458418790905e-01,9.905589939088315088e-01,9.905590024120269899e-01,9.905590042720593402e-01,9.905590039358325161e-01,9.905590011205062106e-01,9.905589903207535629e-01,9.905589347223469066e-01,9.905583596264964097e-01,9.905397634393874329e-01,9.905397634373854787e-01,9.905583592613441679e-01,9.905589335523493633e-01,9.905589868633148942e-01,9.905589890898555128e-01,9.905589440903480591e-01,9.905584004275499455e-01,9.905428803521583170e-01,9.999999999999986677e-01,9.905428806723232116e-01,9.905584012450323605e-01,9.905589459784620576e-01,9.905589939089953777e-01,9.905590021411807555e-01,9.905590033381150850e-01,9.905590010049242222e-01,9.905589903910453353e-01,9.905589348790158066e-01,9.905583598336870077e-01,9.905397636881605461e-01,9.905397636870203470e-01,9.905583596959631754e-01,9.905589344690547415e-01,9.905589893131772072e-01,9.905589979118706312e-01,9.905589923397152274e-01,9.905589453434902047e-01,9.905584010171099019e-01,9.905428806723232116e-01,9.999999999999986677e-01,9.905428807638582134e-01,9.905584012449211162e-01,9.905589458419323812e-01,9.905589935014557090e-01,9.905590010705429549e-01,9.905590002705136898e-01,9.905589901387692464e-01,9.905589348126125904e-01,9.905583598536542578e-01,9.905397637586096371e-01,9.905397637586378368e-01,9.905583598535858680e-01,9.905589348125306559e-01,9.905589901387837903e-01,9.905590002706402553e-01,9.905590010706362136e-01,9.905589935017542480e-01,9.905589458418790905e-01,9.905584012450323605e-01,9.905428807638582134e-01,9.999999999999986677e-01,9.905428806723201030e-01,9.905584010172709952e-01,9.905589453432992464e-01,9.905589923397293273e-01,9.905589979118534227e-01,9.905589893132707990e-01,9.905589344692452558e-01,9.905583596961399229e-01,9.905397636871009492e-01,9.905397636880771683e-01,9.905583598335069295e-01,9.905589348788216286e-01,9.905589903909485239e-01,9.905590010049386551e-01,9.905590033380973214e-01,9.905590021413680502e-01,9.905589939088315088e-01,9.905589459784620576e-01,9.905584012449211162e-01,9.905428806723201030e-01,9.999999999999986677e-01,9.905428803522084991e-01,9.905584004272481868e-01,9.905589440902512477e-01,9.905589890897259497e-01,9.905589868632975747e-01,9.905589335524288552e-01,9.905583592614091160e-01,9.905397634373553917e-01,9.905397634394694784e-01,9.905583596264817547e-01,9.905589347223173746e-01,9.905589903208216196e-01,9.905590011206850676e-01,9.905590039359793986e-01,9.905590042724117250e-01,9.905590024120269899e-01,9.905589939089953777e-01,9.905589458419323812e-01,9.905584010172709952e-01,9.905428803522084991e-01,9.999999999999986677e-01,9.905428796231473543e-01,9.905583990375850245e-01,9.905589407037875826e-01,9.905589779047284660e-01,9.905589309660027819e-01,9.905583582080385030e-01,9.905397628641847696e-01,9.905397628688555889e-01,9.905583591071338567e-01,9.905589342442843170e-01,9.905589898933051529e-01,9.905590007795468388e-01,9.905590037807149306e-01,9.905590045992826997e-01,9.905590042720593402e-01,9.905590021411807555e-01,9.905589935014557090e-01,9.905589453432992464e-01,9.905584004272481868e-01,9.905428796231473543e-01,9.999999999999986677e-01,9.905428779564875441e-01,9.905583953795894514e-01,9.905589292476328911e-01,9.905589217362905652e-01,9.905583553502171901e-01,9.905397615350295393e-01,9.905397615478372941e-01,9.905583578741438133e-01,9.905589330618556065e-01,9.905589887521742964e-01,9.905589996889337945e-01,9.905590027764793470e-01,9.905590037809205439e-01,9.905590039358325161e-01,9.905590033381150850e-01,9.905590010705429549e-01,9.905589923397293273e-01,9.905589440902512477e-01,9.905583990375850245e-01,9.905428779564875441e-01,9.999999999999986677e-01,9.905428736198251816e-01,9.905583832586037918e-01,9.905588724153721047e-01,9.905583454560196177e-01,9.905397580008600267e-01,9.905397580417374392e-01,9.905583545577394400e-01,9.905589298319372737e-01,9.905589855727837678e-01,9.905589965508384553e-01,9.905589996889013760e-01,9.905590007797190344e-01,9.905590011205062106e-01,9.905590010049242222e-01,9.905590002705136898e-01,9.905589979118534227e-01,9.905589890897259497e-01,9.905589407037875826e-01,9.905583953795894514e-01,9.905428736198251816e-01,9.999999999999986677e-01,9.905428594510394813e-01,9.905583244209406057e-01,9.905582941306202427e-01,9.905397460624029149e-01,9.905397462482251614e-01,9.905583432566781310e-01,9.905589187170613652e-01,9.905589745443162952e-01,9.905589855728956783e-01,9.905589887522534553e-01,9.905589898935897031e-01,9.905589903207535629e-01,9.905589903910453353e-01,9.905589901387692464e-01,9.905589893132707990e-01,9.905589868632975747e-01,9.905589779047284660e-01,9.905589292476328911e-01,9.905583832586037918e-01,9.905428594510394813e-01,9.999999999999986677e-01,9.905427925751262297e-01,9.905577382528359953e-01,9.905396866882858475e-01,9.905396881825597744e-01,9.905582867601608887e-01,9.905588627038893756e-01,9.905589187171585097e-01,9.905589298321461067e-01,9.905589330620315769e-01,9.905589342446655676e-01,9.905589347223469066e-01,9.905589348790158066e-01,9.905589348126125904e-01,9.905589344692452558e-01,9.905589335524288552e-01,9.905589309660027819e-01,9.905589217362905652e-01,9.905588724153721047e-01,9.905583244209406057e-01,9.905427925751262297e-01,9.999999999999986677e-01,9.905421594289355314e-01,9.905390833940226347e-01,9.905391041258598817e-01,9.905577092746451484e-01,9.905582867601471220e-01,9.905583432567603985e-01,9.905583545579341731e-01,9.905583578743063500e-01,9.905583591075012295e-01,9.905583596264964097e-01,9.905583598336870077e-01,9.905583598536542578e-01,9.905583596961399229e-01,9.905583592614091160e-01,9.905583582080385030e-01,9.905583553502171901e-01,9.905583454560196177e-01,9.905582941306202427e-01,9.905577382528359953e-01,9.905421594289355314e-01,9.999999999999986677e-01,9.905229172065864729e-01,9.905204566935827959e-01,9.905391041257642915e-01,9.905396881824490851e-01,9.905397462482125048e-01,9.905397580418364711e-01,9.905397615479033524e-01,9.905397628691267053e-01,9.905397634393874329e-01,9.905397636881605461e-01,9.905397637586096371e-01,9.905397636871009492e-01,9.905397634373553917e-01,9.905397628641847696e-01,9.905397615350295393e-01,9.905397580008600267e-01,9.905397460624029149e-01,9.905396866882858475e-01,9.905390833940226347e-01,9.905229172065864729e-01,9.999999999999986677e-01
9.999999999999958922e-01,9.858816144413162785e-01,9.859174308453988456e-01,9.859187168042062854e-01,9.859188444818501873e-01,9.859188704079602239e-01,9.859188781166821069e-01,9.859188810206116482e-01,9.859188822751082659e-01,9.859188828212850364e-01,9.859188829783674946e-01,9.859188828247131831e-01,9.859188822819294762e-01,9.859188810361163569e-01,9.859188781574752536e-01,9.859188705398035379e-01,9.859188450749073462e-01,9.859187215642291058e-01,9.859175015269084907e-01,9.858762176726302284e-01,9.858816144413162785e-01,9.999999999999958922e-01,9.859242196611883724e-01,9.859587299043813813e-01,9.859599126515444789e-01,9.859600227546897466e-01,9.859600442034781587e-01,9.859600504260119802e-01,9.859600527253477020e-01,9.859600536745206645e-01,9.859600540192120510e-01,9.859600539759429960e-01,9.859600535244441577e-01,9.859600523915690307e-01,9.859600497070953873e-01,9.859600425076705532e-01,9.859600181270992136e-01,9.859598980642720889e-01,9.859586924246201978e-01,9.859175015262762187e-01,9.859174308453988456e-01,9.859242196611883724e-01,9.999999999999958922e-01,9.859255457491822305e-01,9.859599542891960278e-01,9.859611200082131210e-01,9.859612257642178523e-01,9.859612457656015128e-01,9.859612513979012505e-01,9.859612533980822713e-01,9.859612541486093562e-01,9.859612542941433855e-01,9.859612539531633635e-01,9.859612529107012469e-01,9.859612503368682113e-01,9.859612433265982911e-01,9.859612193528713986e-01,9.859611003448437438e-01,9.859598980641284260e-01,9.859187215634543922e-01,9.859187168042062854e-01,9.859587299043813813e-01,9.859255457491822305e-01,9.999999999999958922e-01,9.859256884265631404e-01,9.859600794296144999e-01,9.859612407984374993e-01,9.859613451090168956e-01,9.859613645209199806e-01,9.859613698543679972e-01,9.859613716560398089e-01,9.859613722074717090e-01,9.859613720553142002e-01,9.859613711233603528e-01,9.859613686398931431e-01,9.859613617401603580e-01,9.859613379553564538e-01,9.859612193536572144e-01,9.859600181277394793e-01,9.859188450749156729e-01,9.859188444818501873e-01,9.859599126515444789e-01,9.859599542891960278e-01,9.859256884265631404e-01,9.999999999999958922e-01,9.859257190798281778e-01,9.859601055944138270e-01,9.859612655147061977e-01,9.859613692357603876e-01,9.859613883488431707e-01,9.859613934837987426e-01,9.859613950863836962e-01,9.859613953401277220e-01,9.859613945969962767e-01,9.859613922240368922e-01,9.859613854146657141e-01,9.859613617403872876e-01,9.859612433276095933e-01,9.859600425085384146e-01,9.859188705400386832e-01,9.859188704079602239e-01,9.859600227546897466e-01,9.859611200082131210e-01,9.859600794296144999e-01,9.859257190798281778e-01,9.999999999999958922e-01,9.859257285158978812e-01,9.859601135368093461e-01,9.859612728664215453e-01,9.859613762886030308e-01,9.859613952031904827e-01,9.859614001390600846e-01,9.859614014439577190e-01,9.859614011067298067e-01,9.859613989225944897e-01,9.859613922237273620e-01,9.859613686398099874e-01,9.859612503375687620e-01,9.859600497076516090e-01,9.859188781574009797e-01,9.859188781166821069e-01,9.859600442034781587e-01,9.859612257642178523e-01,9.859612407984374993e-01,9.859601055944138270e-01,9.859257285158978812e-01,9.999999999999958922e-01,9.859257321520070727e-01,9.859601165643944176e-01,9.859612755946538520e-01,9.859613788183123617e-01,9.859613975338137326e-01,9.859614021719971255e-01,9.859614028859223778e-01,9.859614011076875961e-01,9.859613945976439808e-01,9.859613711242335432e-01,9.859612529123603641e-01,9.859600523930833749e-01,9.859188810369983180e-01,9.859188810206116482e-01,9.859600504260119802e-01,9.859612457656015128e-01,9.859613451090168956e-01,9.859612655147061977e-01,9.859601135368093461e-01,9.859257321520070727e-01,9.999999999999958922e-01,9.859257337445250791e-01,9.859601178496383289e-01,9.859612766811636231e-01,9.859613797057249496e-01,9.859613981235355595e-01,9.859614021707461262e-01,9.859614014436658413e-01,9.859613953395249819e-01,9.859613720549371685e-01,9.859612539535715925e-01,9.859600535247069475e-01,9.859188822815583286e-01,9.859188822751082659e-01,9.859600527253477020e-01,9.859612513979012505e-01,9.859613645209199806e-01,9.859613692357603876e-01,9.859612728664215453e-01,9.859601165643944176e-01,9.859257337445250791e-01,9.999999999999958922e-01,9.859257344442831084e-01,9.859601183471607966e-01,9.859612769795041975e-01,9.859613797063732088e-01,9.859613975332134350e-01,9.859614001394160221e-01,9.859613950864297705e-01,9.859613722077428255e-01,9.859612542951999847e-01,9.859600539768563765e-01,9.859188828249929593e-01,9.859188828212850364e-01,9.859600536745206645e-01,9.859612533980822713e-01,9.859613698543679972e-01,9.859613883488431707e-01,9.859613762886030308e-01,9.859612755946538520e-01,9.859601178496383289e-01,9.859257344442831084e-01,9.999999999999958922e-01,9.859257346440606362e-01,9.859601183467564534e-01,9.859612766814075391e-01,9.859613788173078319e-01,9.859613952031399675e-01,9.859613934834386972e-01,9.859613716559045837e-01,9.859612541492587257e-01,9.859600540197182017e-01,9.859188829782421504e-01,9.859188829783674946e-01,9.859600540192120510e-01,9.859612541486093562e-01,9.859613716560398089e-01,9.859613934837987426e-01,9.859613952031904827e-01,9.859613788183123617e-01,9.859612766811636231e-01,9.859601183471607966e-01,9.859257346440606362e-01,9.999999999999958922e-01,9.859257344440787163e-01,9.859601178500829732e-01,9.859612755938490514e-01,9.859613762887566857e-01,9.859613883486859631e-01,9.859613698544357208e-01,9.859612533989353667e-01,9.859600536752297639e-01,9.859188828213623079e-01,9.859188828247131831e-01,9.859600539759429960e-01,9.859612542941433855e-01,9.859613722074717090e-01,9.859613950863836962e-01,9.859614001390600846e-01,9.859613975338137326e-01,9.859613797057249496e-01,9.859612769795041975e-01,9.859601183467564534e-01,9.859257344440787163e-01,9.999999999999958922e-01,9.859257337445651581e-01,9.859601165631862729e-01,9.859612728661694137e-01,9.859613692351986147e-01,9.859613645205833610e-01,9.859612513983480042e-01,9.859600527256515701e-01,9.859188822747819714e-01,9.859188822819294762e-01,9.859600535244441577e-01,9.859612539531633635e-01,9.859613720553142002e-01,9.859613953401277220e-01,9.859614014439577190e-01,9.859614021719971255e-01,9.859613981235355595e-01,9.859613797063732088e-01,9.859612766814075391e-01,9.859601178500829732e-01,9.859257337445651581e-01,9.999999999999958922e-01,9.859257321514521832e-01,9.859601135372085823e-01,9.859612655147919069e-01,9.859613451093302006e-01,9.859612457666990792e-01,9.859600504269642185e-01,9.859188810209328357e-01,9.859188810361163569e-01,9.859600523915690307e-01,9.859612529107012469e-01,9.859613711233603528e-01,9.859613945969962767e-01,9.859614011067298067e-01,9.859614028859223778e-01,9.859614021707461262e-01,9.859613975332134350e-01,9.859613788173078319e-01,9.859612755938490514e-01,9.859601165631862729e-01,9.859257321514521832e-01,9.999999999999958922e-01,9.859257285150430095e-01,9.859601055932527558e-01,9.859612407974994719e-01,9.859612257640660848e-01,9.859600442031805079e-01,9.859188781157540715e-01,9.859188781574752536e-01,9.859600497070953873e-01,9.859612503368682113e-01,9.859613686398931431e-01,9.859613922240368922e-01,9.859613989225944897e-01,9.859614011076875961e-01,9.859614014436658413e-01,9.859614001394160221e-01,9.859613952031399675e-01,9.859613762887566857e-01,9.859612728661694137e-01,9.859601135372085823e-01,9.859257285150430095e-01,9.999999999999958922e-01,9.859257190796247849e-01,9.859600794296360382e-01,9.859611200090172556e-01,9.859600227553511065e-01,9.859188704079890897e-01,9.859188705398035379e-01,9.859600425076705532e-01,9.859612433265982911e-01,9.859613617401603580e-01,9.859613854146657141e-01,9.859613922237273620e-01,9.859613945976439808e-01,9.859613953395249819e-01,9.859613950864297705e-01,9.859613934834386972e-01,9.859613883486859631e-01,9.859613692351986147e-01,9.859612655147919069e-01,9.859601055932527558e-01,9.859257190796247849e-01,9.999999999999958922e-01,9.859256884262709297e-01,9.859599542896898550e-01,9.859599126518946433e-01,9.859188444815680796e-01,9.859188450749073462e-01,9.859600181270992136e-01,9.859612193528713986e-01,9.859613379553564538e-01,9.859613617403872876e-01,9.859613686398099874e-01,9.859613711242335432e-01,9.859613720549371685e-01,9.859613722077428255e-01,9.859613716559045837e-01,9.859613698544357208e-01,9.859613645205833610e-01,9.859613451093302006e-01,9.859612407974994719e-01,9.859600794296360382e-01,9.859256884262709297e-01,9.999999999999958922e-01,9.859255457499086495e-01,9.859587299049605846e-01,9.859187168041504412e-01,9.859187215642291058e-01,9.859598980642720889e-01,9.859611003448437438e-01,9.859612193536572144e-01,9.859612433276095933e-01,9.859612503375687620e-01,9.859612529123603641e-01,9.859612539535715925e-01,9.859612542951999847e-01,9.859612541492587257e-01,9.859612533989353667e-01,9.859612513983480042e-01,9.859612457666990792e-01,9.859612257640660848e-01,9.859611200090172556e-01,9.859599542896898550e-01,9.859255457499086495e-01,9.999999999999958922e-01,9.859242196625556121e-01,9.859174308461290392e-01,9.859175015269084907e-01,9.859586924246201978e-01,9.859598980641284260e-01,9.859600181277394793e-01,9.859600425085384146e-01,9.859600497076516090e-01,9.859600523930833749e-01,9.859600535247069475e-01,9.859600539768563765e-01,9.859600540197182017e-01,9.859600536752297639e-01,9.859600527256515701e-01,9.859600504269642185e-01,9.859600442031805079e-01,9.859600227553511065e-01,9.859599126518946433e-01,9.859587299049605846e-01,9.859242196625556121e-01,9.999999999999958922e-01,9.858816144419034755e-01,9.858762176726302284e-01,9.859175015262762187e-01,9.859187215634543922e-01,9.859188450749156729e-01,9.859188705400386832e-01,9.859188781574009797e-01,9.859188810369983180e-01,9.859188822815583286e-01,9.859188828249929593e-01,9.859188829782421504e-01,9.859188828213623079e-01,9.859188822747819714e-01,9.859188810209328357e-01,9.859188781157540715e-01,9.859188704079890897e-01,9.859188444815680796e-01,9.859187168041504412e-01,9.859174308461290392e-01,9.858816144419034755e-01,9.999999999999958922e-01
