9.999999999999968914e-01,9.999999999999968914e-01,9.999999999999968914e-01,9.999999999999968914e-01,9.999999999999968914e-01,9.999999999999968914e-01,9.999999999999968914e-01,9.999999999999968914e-01,9.999999999999968914e-01,9.999999999999968914e-01,9.999999999999968914e-01,9.999999999999968914e-01,9.999999999999968914e-01,9.999999999999968914e-01,9.999999999999968914e-01,9.999999999999968914e-01,9.999999999999968914e-01,9.999999999999968914e-01,9.999999999999968914e-01,9.999999999999968914e-01,9.999999999999968914e-01,9.999999999999968914e-01,9.999999999999968914e-01,9.999999999999968914e-01,9.999999999999968914e-01,9.999999999999968914e-01,9.999999999999968914e-01,9.999999999999968914e-01,9.999999999999968914e-01,9.999999999999968914e-01,9.999999999999968914e-01,9.999999999999968914e-01,9.999999999999968914e-01,9.999999999999968914e-01,9.999999999999968914e-01,9.999999999999968914e-01,9.999999999999968914e-01,9.999999999999968914e-01,9.999999999999968914e-01,9.999999999999968914e-01,9.999999999999968914e-01,9.999999999999968914e-01,9.999999999999968914e-01,9.999999999999968914e-01,9.999999999999968914e-01,9.999999999999968914e-01,9.999999999999968914e-01,9.999999999999968914e-01,9.999999999999968914e-01,9.999999999999968914e-01,9.999999999999968914e-01,9.999999999999968914e-01,9.999999999999968914e-01,9.999999999999968914e-01,9.999999999999968914e-01,9.999999999999968914e-01,9.999999999999968914e-01,9.999999999999968914e-01,9.999999999999968914e-01,9.999999999999968914e-01,9.999999999999968914e-01,9.999999999999968914e-01,9.999999999999968914e-01,9.999999999999968914e-01,9.999999999999968914e-01,9.999999999999968914e-01,9.999999999999968914e-01,9.999999999999968914e-01,9.999999999999968914e-01,9.999999999999968914e-01,9.999999999999968914e-01,9.999999999999968914e-01,9.999999999999968914e-01,9.999999999999968914e-01,9.999999999999968914e-01,9.999999999999968914e-01,9.999999999999968914e-01,9.999999999999968914e-01,9.999999999999968914e-01,9.999999999999968914e-01,9.999999999999968914e-01,9.999999999999968914e-01,9.999999999999968914e-01,9.999999999999968914e-01,9.999999999999968914e-01,9.999999999999968914e-01,9.999999999999968914e-01,9.999999999999968914e-01,9.999999999999968914e-01,9.999999999999968914e-01,9.999999999999968914e-01,9.999999999999968914e-01,9.999999999999968914e-01,9.999999999999968914e-01,9.999999999999968914e-01,9.999999999999968914e-01,9.999999999999968914e-01,9.999999999999968914e-01,9.999999999999968914e-01,9.999999999999968914e-01,9.999999999999968914e-01,9.999999999999968914e-01,9.999999999999968914e-01,9.999999999999968914e-01,9.999999999999968914e-01,9.999999999999968914e-01,9.999999999999968914e-01,9.999999999999968914e-01,9.999999999999968914e-01,9.999999999999968914e-01,9.999999999999968914e-01,9.999999999999968914e-01,9.999999999999968914e-01,9.999999999999968914e-01,9.999999999999968914e-01,9.999999999999968914e-01,9.999999999999968914e-01,9.999999999999968914e-01,9.999999999999968914e-01,9.999999999999968914e-01,9.999999999999968914e-01,9.999999999999968914e-01,9.999999999999968914e-01,9.999999999999968914e-01,9.999999999999968914e-01,9.999999999999968914e-01,9.999999999999968914e-01,9.999999999999968914e-01,9.999999999999968914e-01,9.999999999999968914e-01,9.999999999999968914e-01,9.999999999999968914e-01,9.999999999999968914e-01,9.999999999999968914e-01,9.999999999999968914e-01,9.999999999999968914e-01,9.999999999999968914e-01,9.999999999999968914e-01,9.999999999999968914e-01,9.999999999999968914e-01,9.999999999999968914e-01,9.999999999999968914e-01,9.999999999999968914e-01,9.999999999999968914e-01,9.999999999999968914e-01,9.999999999999968914e-01,9.999999999999968914e-01,9.999999999999968914e-01,9.999999999999968914e-01,9.999999999999968914e-01,9.999999999999968914e-01,9.999999999999968914e-01,9.999999999999968914e-01,9.999999999999968914e-01,9.999999999999968914e-01,9.999999999999968914e-01,9.999999999999968914e-01,9.999999999999968914e-01,9.999999999999968914e-01,9.999999999999968914e-01,9.999999999999968914e-01,9.999999999999968914e-01,9.999999999999968914e-01,9.999999999999968914e-01,9.999999999999968914e-01,9.999999999999968914e-01,9.999999999999968914e-01,9.999999999999968914e-01,9.999999999999968914e-01,9.999999999999968914e-01,9.999999999999968914e-01,9.999999999999968914e-01,9.999999999999968914e-01,9.999999999999968914e-01,9.999999999999968914e-01,9.999999999999968914e-01,9.999999999999968914e-01,9.999999999999968914e-01,9.999999999999968914e-01,9.999999999999968914e-01,9.999999999999968914e-01,9.999999999999968914e-01,9.999999999999968914e-01,9.999999999999968914e-01,9.999999999999968914e-01,9.999999999999968914e-01,9.999999999999968914e-01,9.999999999999968914e-01,9.999999999999968914e-01,9.999999999999968914e-01,9.999999999999968914e-01,9.999999999999968914e-01,9.999999999999968914e-01,9.999999999999968914e-01,9.999999999999968914e-01,9.999999999999968914e-01,9.999999999999968914e-01,9.999999999999968914e-01,9.999999999999968914e-01,9.999999999999968914e-01,9.999999999999968914e-01,9.999999999999968914e-01,9.999999999999968914e-01,9.999999999999968914e-01,9.999999999999968914e-01,9.999999999999968914e-01,9.999999999999968914e-01,9.999999999999968914e-01,9.999999999999968914e-01,9.999999999999968914e-01,9.999999999999968914e-01,9.999999999999968914e-01,9.999999999999968914e-01,9.999999999999968914e-01,9.999999999999968914e-01,9.999999999999968914e-01,9.999999999999968914e-01,9.999999999999968914e-01,9.999999999999968914e-01,9.999999999999968914e-01,9.999999999999968914e-01,9.999999999999968914e-01,9.999999999999968914e-01,9.999999999999968914e-01,9.999999999999968914e-01,9.999999999999968914e-01,9.999999999999968914e-01,9.999999999999968914e-01,9.999999999999968914e-01,9.999999999999968914e-01,9.999999999999968914e-01,9.999999999999968914e-01,9.999999999999968914e-01,9.999999999999968914e-01,9.999999999999968914e-01,9.999999999999968914e-01,9.999999999999968914e-01,9.999999999999968914e-01,9.999999999999968914e-01,9.999999999999968914e-01,9.999999999999968914e-01,9.999999999999968914e-01,9.999999999999968914e-01,9.999999999999968914e-01,9.999999999999968914e-01,9.999999999999968914e-01,9.999999999999968914e-01,9.999999999999968914e-01,9.999999999999968914e-01,9.999999999999968914e-01,9.999999999999968914e-01,9.999999999999968914e-01,9.999999999999968914e-01,9.999999999999968914e-01,9.999999999999968914e-01,9.999999999999968914e-01,9.999999999999968914e-01,9.999999999999968914e-01,9.999999999999968914e-01,9.999999999999968914e-01,9.999999999999968914e-01,9.999999999999968914e-01,9.999999999999968914e-01,9.999999999999968914e-01,9.999999999999968914e-01,9.999999999999968914e-01,9.999999999999968914e-01,9.999999999999968914e-01,9.999999999999968914e-01,9.999999999999968914e-01,9.999999999999968914e-01,9.999999999999968914e-01,9.999999999999968914e-01,9.999999999999968914e-01,9.999999999999968914e-01,9.999999999999968914e-01,9.999999999999968914e-01,9.999999999999968914e-01,9.999999999999968914e-01,9.999999999999968914e-01,9.999999999999968914e-01,9.999999999999968914e-01,9.999999999999968914e-01,9.999999999999968914e-01,9.999999999999968914e-01,9.999999999999968914e-01,9.999999999999968914e-01,9.999999999999968914e-01,9.999999999999968914e-01,9.999999999999968914e-01,9.999999999999968914e-01,9.999999999999968914e-01,9.999999999999968914e-01,9.999999999999968914e-01,9.999999999999968914e-01,9.999999999999968914e-01,9.999999999999968914e-01,9.999999999999968914e-01,9.999999999999968914e-01,9.999999999999968914e-01,9.999999999999968914e-01,9.999999999999968914e-01,9.999999999999968914e-01,9.999999999999968914e-01,9.999999999999968914e-01,9.999999999999968914e-01,9.999999999999968914e-01,9.999999999999968914e-01,9.999999999999968914e-01,9.999999999999968914e-01,9.999999999999968914e-01,9.999999999999968914e-01,9.999999999999968914e-01,9.999999999999968914e-01,9.999999999999968914e-01,9.999999999999968914e-01,9.999999999999968914e-01,9.999999999999968914e-01,9.999999999999968914e-01,9.999999999999968914e-01,9.999999999999968914e-01,9.999999999999968914e-01,9.999999999999968914e-01,9.999999999999968914e-01,9.999999999999968914e-01,9.999999999999968914e-01,9.999999999999968914e-01,9.999999999999968914e-01,9.999999999999968914e-01,9.999999999999968914e-01,9.999999999999968914e-01,9.999999999999968914e-01,9.999999999999968914e-01,9.999999999999968914e-01,9.999999999999968914e-01,9.999999999999968914e-01,9.999999999999968914e-01,9.999999999999968914e-01,9.999999999999968914e-01,9.999999999999968914e-01,9.999999999999968914e-01,9.999999999999968914e-01,9.999999999999968914e-01,9.999999999999968914e-01,9.999999999999968914e-01,9.999999999999968914e-01,9.999999999999968914e-01,9.999999999999968914e-01,9.999999999999968914e-01,9.999999999999968914e-01,9.999999999999968914e-01,9.999999999999968914e-01,9.999999999999968914e-01,9.999999999999968914e-01,9.999999999999968914e-01,9.999999999999968914e-01,9.999999999999968914e-01,9.999999999999968914e-01,9.999999999999968914e-01,9.999999999999968914e-01,9.999999999999968914e-01,9.999999999999968914e-01,9.999999999999968914e-01,9.999999999999968914e-01,9.999999999999968914e-01,9.999999999999968914e-01,9.999999999999968914e-01,9.999999999999968914e-01,9.999999999999968914e-01,9.999999999999968914e-01,9.999999999999968914e-01,9.999999999999968914e-01,9.999999999999968914e-01,9.999999999999968914e-01,9.999999999999968914e-01,9.999999999999968914e-01,9.999999999999968914e-01,9.999999999999968914e-01,9.999999999999968914e-01,9.999999999999968914e-01,9.999999999999968914e-01,9.999999999999968914e-01,9.999999999999968914e-01,9.999999999999968914e-01,9.999999999999968914e-01,9.999999999999968914e-01,9.999999999999968914e-01,9.999999999999968914e-01,9.999999999999968914e-01,9.999999999999968914e-01,9.999999999999968914e-01,9.999999999999968914e-01,9.999999999999968914e-01,9.999999999999968914e-01,9.999999999999968914e-01,9.999999999999968914e-01,9.999999999999968914e-01,9.999999999999968914e-01,9.999999999999968914e-01,9.999999999999968914e-01
1.000000000000001332e+00,9.952285154384455934e-01,9.952280320707020955e-01,9.952282042280330421e-01,9.952327823730477974e-01,9.952329250467093491e-01,9.952329378288167216e-01,9.952329402074039377e-01,9.952329408724674975e-01,9.952329411077831534e-01,9.952329411958720229e-01,9.952329412125930919e-01,9.952329411720824970e-01,9.952329410485480921e-01,9.952329407426804275e-01,9.952329399042725289e-01,9.952329370000038145e-01,9.952329221411608806e-01,9.952327672172068818e-01,9.952280416563515919e-01,9.952285154384455934e-01,1.000000000000001332e+00,9.952285154384494792e-01,9.952326247858203079e-01,9.952372135321320146e-01,9.952373578707519597e-01,9.952373710499161641e-01,9.952373735528209364e-01,9.952373742657311118e-01,9.952373745232521163e-01,9.952373746243148300e-01,9.952373746517062525e-01,9.952373746242969554e-01,9.952373745231843927e-01,9.952373742656787092e-01,9.952373735529705945e-01,9.952373710498105819e-01,9.952373578706801283e-01,9.952372135320921576e-01,9.952326247860114883e-01,9.952280320707020955e-01,9.952285154384494792e-01,1.000000000000001332e+00,9.952280416561629650e-01,9.952327672172460726e-01,9.952329221412102855e-01,9.952329370001122832e-01,9.952329399041310865e-01,9.952329407427159547e-01,9.952329410486019379e-01,9.952329411721148045e-01,9.952329412125896502e-01,9.952329411958261707e-01,9.952329411077140975e-01,9.952329408724124304e-01,9.952329402075216214e-01,9.952329378287194661e-01,9.952329250466234178e-01,9.952327823730033884e-01,9.952282042281996866e-01,9.952282042280330421e-01,9.952326247858203079e-01,9.952280416561629650e-01,1.000000000000001332e+00,9.952286877351428362e-01,9.952327799199002234e-01,9.952329368162381451e-01,9.952329517895452948e-01,9.952329546890961165e-01,9.952329555176305798e-01,9.952329558138901522e-01,9.952329559246787527e-01,9.952329559432373518e-01,9.952329558787913477e-01,9.952329556671632993e-01,9.952329550376005640e-01,9.952329527290934008e-01,9.952329401198410919e-01,9.952327979695868576e-01,9.952282219106628469e-01,9.952327823730477974e-01,9.952372135321320146e-01,9.952327672172460726e-01,9.952286877351428362e-01,1.000000000000001332e+00,9.952334144493892865e-01,9.952373687416231629e-01,9.952375150115403413e-01,9.952375282873541229e-01,9.952375307734482313e-01,9.952375314661071615e-01,9.952375317010923039e-01,9.952375317674359012e-01,9.952375317251923592e-01,9.952375315265514777e-01,9.952375309076181287e-01,9.952375286122121523e-01,9.952375160253308373e-01,9.952373739228337346e-01,9.952327979698211147e-01,9.952329250467093491e-01,9.952373578707519597e-01,9.952329221412102855e-01,9.952327799199002234e-01,9.952334144493892865e-01,1.000000000000001332e+00,9.952335693710564479e-01,9.952375131056496738e-01,9.952376576991472934e-01,9.952376705665492151e-01,9.952376729182608184e-01,9.952376735501781146e-01,9.952376737409823759e-01,9.952376737466187562e-01,9.952376735702079813e-01,9.952376729642982145e-01,9.952376706794840988e-01,9.952376581056184834e-01,9.952375160253649211e-01,9.952329401200877834e-01,9.952329378288167216e-01,9.952373710499161641e-01,9.952329370001122832e-01,9.952329368162381451e-01,9.952373687416231629e-01,9.952335693710564479e-01,1.000000000000001332e+00,9.952335842574839830e-01,9.952375262997583683e-01,9.952376704848177047e-01,9.952376832179274935e-01,9.952376855089430929e-01,9.952376860966675176e-01,9.952376862267741098e-01,9.952376860982702356e-01,9.952376855145811385e-01,9.952376832427766162e-01,9.952376706795204031e-01,9.952375286122600029e-01,9.952329527293859446e-01,9.952329402074039377e-01,9.952373735528209364e-01,9.952329399041310865e-01,9.952329517895452948e-01,9.952375150115403413e-01,9.952375131056496738e-01,9.952335842574839830e-01,1.000000000000001332e+00,9.952335871772128861e-01,9.952375288067949466e-01,9.952376728574711118e-01,9.952376855298663560e-01,9.952376877767161734e-01,9.952376883037450384e-01,9.952376882996957219e-01,9.952376877639101949e-01,9.952376855143402201e-01,9.952376729640814990e-01,9.952375309074513732e-01,9.952329550376401990e-01,9.952329408724674975e-01,9.952373742657311118e-01,9.952329407427159547e-01,9.952329546890961165e-01,9.952375282873541229e-01,9.952376576991472934e-01,9.952375262997583683e-01,9.952335871772128861e-01,1.000000000000001332e+00,9.952335880201709228e-01,9.952375295140271083e-01,9.952376735039549782e-01,9.952376861321783341e-01,9.952376883183248202e-01,9.952376887112103221e-01,9.952376882998804630e-01,9.952376860982160567e-01,9.952376735701904398e-01,9.952375315265461486e-01,9.952329556673973343e-01,9.952329411077831534e-01,9.952373745232521163e-01,9.952329410486019379e-01,9.952329555176305798e-01,9.952375307734482313e-01,9.952376705665492151e-01,9.952376704848177047e-01,9.952375288067949466e-01,9.952335880201709228e-01,1.000000000000001332e+00,9.952335883204703748e-01,9.952375297530839937e-01,9.952376736988253203e-01,9.952376862663436796e-01,9.952376883183513545e-01,9.952376883039476541e-01,9.952376862267336977e-01,9.952376737466238632e-01,9.952375317252052378e-01,9.952329558790469211e-01,9.952329411958720229e-01,9.952373746243148300e-01,9.952329411721148045e-01,9.952329558138901522e-01,9.952375314661071615e-01,9.952376729182608184e-01,9.952376832179274935e-01,9.952376728574711118e-01,9.952375295140271083e-01,9.952335883204703748e-01,1.000000000000001332e+00,9.952335884254963627e-01,9.952375298137512427e-01,9.952376736987862405e-01,9.952376861321570178e-01,9.952376877768799313e-01,9.952376860966026806e-01,9.952376737409287522e-01,9.952375317674290178e-01,9.952329559434478501e-01,9.952329412125930919e-01,9.952373746517062525e-01,9.952329412125896502e-01,9.952329559246787527e-01,9.952375317010923039e-01,9.952376735501781146e-01,9.952376855089430929e-01,9.952376855298663560e-01,9.952376735039549782e-01,9.952375297530839937e-01,9.952335884254963627e-01,1.000000000000001332e+00,9.952335884254677190e-01,9.952375297530184906e-01,9.952376735039106803e-01,9.952376855300050229e-01,9.952376855088383989e-01,9.952376735501128335e-01,9.952375317010486722e-01,9.952329559248567215e-01,9.952329411720824970e-01,9.952373746242969554e-01,9.952329411958261707e-01,9.952329559432373518e-01,9.952375317674359012e-01,9.952376737409823759e-01,9.952376860966675176e-01,9.952376877767161734e-01,9.952376861321783341e-01,9.952376736988253203e-01,9.952375298137512427e-01,9.952335884254677190e-01,1.000000000000001332e+00,9.952335883203626832e-01,9.952375295139531675e-01,9.952376728575721421e-01,9.952376832177864951e-01,9.952376729181646731e-01,9.952375314660371064e-01,9.952329558140541321e-01,9.952329410485480921e-01,9.952373745231843927e-01,9.952329411077140975e-01,9.952329558787913477e-01,9.952375317251923592e-01,9.952376737466187562e-01,9.952376862267741098e-01,9.952376883037450384e-01,9.952376883183248202e-01,9.952376862663436796e-01,9.952376736987862405e-01,9.952375297530184906e-01,9.952335883203626832e-01,1.000000000000001332e+00,9.952335880200836593e-01,9.952375288068655568e-01,9.952376704846419564e-01,9.952376705664139900e-01,9.952375307733378751e-01,9.952329555177468201e-01,9.952329407426804275e-01,9.952373742656787092e-01,9.952329408724124304e-01,9.952329556671632993e-01,9.952375315265514777e-01,9.952376735702079813e-01,9.952376860982702356e-01,9.952376882996957219e-01,9.952376887112103221e-01,9.952376883183513545e-01,9.952376861321570178e-01,9.952376735039106803e-01,9.952375295139531675e-01,9.952335880200836593e-01,1.000000000000001332e+00,9.952335871773105858e-01,9.952375262996039362e-01,9.952376576990339396e-01,9.952375282872644169e-01,9.952329546892293433e-01,9.952329399042725289e-01,9.952373735529705945e-01,9.952329402075216214e-01,9.952329550376005640e-01,9.952375309076181287e-01,9.952376729642982145e-01,9.952376855145811385e-01,9.952376877639101949e-01,9.952376882998804630e-01,9.952376883039476541e-01,9.952376877768799313e-01,9.952376855300050229e-01,9.952376728575721421e-01,9.952375288068655568e-01,9.952335871773105858e-01,1.000000000000001332e+00,9.952335842574984159e-01,9.952375131057121793e-01,9.952375150116283820e-01,9.952329517898715894e-01,9.952329370000038145e-01,9.952373710498105819e-01,9.952329378287194661e-01,9.952329527290934008e-01,9.952375286122121523e-01,9.952376706794840988e-01,9.952376832427766162e-01,9.952376855143402201e-01,9.952376860982160567e-01,9.952376862267336977e-01,9.952376860966026806e-01,9.952376855088383989e-01,9.952376832177864951e-01,9.952376704846419564e-01,9.952375262996039362e-01,9.952335842574984159e-01,1.000000000000001332e+00,9.952335693708507236e-01,9.952373687414717285e-01,9.952329368163156387e-01,9.952329221411608806e-01,9.952373578706801283e-01,9.952329250466234178e-01,9.952329401198410919e-01,9.952375160253308373e-01,9.952376581056184834e-01,9.952376706795204031e-01,9.952376729640814990e-01,9.952376735701904398e-01,9.952376737466238632e-01,9.952376737409287522e-01,9.952376735501128335e-01,9.952376729181646731e-01,9.952376705664139900e-01,9.952376576990339396e-01,9.952375131057121793e-01,9.952335693708507236e-01,1.000000000000001332e+00,9.952334144492753776e-01,9.952327799200058056e-01,9.952327672172068818e-01,9.952372135320921576e-01,9.952327823730033884e-01,9.952327979695868576e-01,9.952373739228337346e-01,9.952375160253649211e-01,9.952375286122600029e-01,9.952375309074513732e-01,9.952375315265461486e-01,9.952375317252052378e-01,9.952375317674290178e-01,9.952375317010486722e-01,9.952375314660371064e-01,9.952375307733378751e-01,9.952375282872644169e-01,9.952375150116283820e-01,9.952373687414717285e-01,9.952334144492753776e-01,1.000000000000001332e+00,9.952286877352896077e-01,9.952280416563515919e-01,9.952326247860114883e-01,9.952282042281996866e-01,9.952282219106628469e-01,9.952327979698211147e-01,9.952329401200877834e-01,9.952329527293859446e-01,9.952329550376401990e-01,9.952329556673973343e-01,9.952329558790469211e-01,9.952329559434478501e-01,9.952329559248567215e-01,9.952329558140541321e-01,9.952329555177468201e-01,9.952329546892293433e-01,9.952329517898715894e-01,9.952329368163156387e-01,9.952327799200058056e-01,9.952286877352896077e-01,1.000000000000001332e+00
9.999999999999981126e-01,9.905229873583164535e-01,9.905210963043723504e-01,9.905217508235393264e-01,9.905397668463471472e-01,9.905402959939488827e-01,9.905403440286301153e-01,9.905403531145634544e-01,9.905403556734074799e-01,9.905403565819103084e-01,9.905403569224993099e-01,9.905403569874242642e-01,9.905403568298620787e-01,9.905403563505015274e-01,9.905403551662234074e-01,9.905403519310557181e-01,9.905403407982670272e-01,9.905402847021359536e-01,9.905397081847614471e-01,9.905211114198420042e-01,9.905229873583164535e-01,9.999999999999981126e-01,9.905229873581404831e-01,9.905391800917566769e-01,9.905572373537732123e-01,9.905577729189858349e-01,9.905578224876993021e-01,9.905578320548098503e-01,9.905578347990134924e-01,9.905578357936452027e-01,9.905578361846810731e-01,9.905578362912381696e-01,9.905578361849551872e-01,9.905578357934695655e-01,9.905578347986326859e-01,9.905578320551151617e-01,9.905578224873704540e-01,9.905577729191192837e-01,9.905572373538368280e-01,9.905391800922969114e-01,9.905210963043723504e-01,9.905229873581404831e-01,9.999999999999981126e-01,9.905211114191369015e-01,9.905397081845354057e-01,9.905402847017451551e-01,9.905403407984284536e-01,9.905403519305914228e-01,9.905403551663676254e-01,9.905403563504304731e-01,9.905403568294648409e-01,9.905403569872178737e-01,9.905403569224975335e-01,9.905403565815658062e-01,9.905403556728615833e-01,9.905403531145879903e-01,9.905403440281431715e-01,9.905402959938702789e-01,9.905397668462143645e-01,9.905217508238277624e-01,9.905217508235393264e-01,9.905391800917566769e-01,9.905211114191369015e-01,9.999999999999981126e-01,9.905236293548226323e-01,9.905397446609562895e-01,9.905403393948344348e-01,9.905403965436754277e-01,9.905404077222579318e-01,9.905404109312148098e-01,9.905404120813304791e-01,9.905404125126833215e-01,9.905404125855241659e-01,9.905404123368075631e-01,9.905404115203544357e-01,9.905404090996964284e-01,9.905404002867905788e-01,9.905403529241922911e-01,9.905398258065971628e-01,9.905218179159882563e-01,9.905397668463471472e-01,9.905572373537732123e-01,9.905397081845354057e-01,9.905236293548226323e-01,9.999999999999981126e-01,9.905422320716676943e-01,9.905578021704006808e-01,9.905583558222705864e-01,9.905584063885727319e-01,9.905584159577772718e-01,9.905584186367838440e-01,9.905584195483175813e-01,9.905584198061507806e-01,9.905584196434988886e-01,9.905584188775089505e-01,9.905584164982896844e-01,9.905584077365511275e-01,9.905583604610073145e-01,9.905578335235958320e-01,9.905398258070930995e-01,9.905402959939488827e-01,9.905577729189858349e-01,9.905402847017451551e-01,9.905397446609562895e-01,9.905422320716676943e-01,9.999999999999981126e-01,9.905428082041077831e-01,9.905583377770549314e-01,9.905588850112585497e-01,9.905589340072241678e-01,9.905589430580478139e-01,9.905589455026825307e-01,9.905589462426340752e-01,9.905589462657903299e-01,9.905589455861529835e-01,9.905589432575415687e-01,9.905589345370088283e-01,9.905588873120566573e-01,9.905583604609279336e-01,9.905403529245344618e-01,9.905403440286301153e-01,9.905578224876993021e-01,9.905403407984284536e-01,9.905403393948344348e-01,9.905578021704006808e-01,9.905428082041077831e-01,9.999999999999981126e-01,9.905428643585750814e-01,9.905583873901712133e-01,9.905589330538010495e-01,9.905589815320386959e-01,9.905589903487915793e-01,9.905589926218546504e-01,9.905589931271787663e-01,9.905589926334328332e-01,9.905589903911391492e-01,9.905589817211912784e-01,9.905589345374975485e-01,9.905584077368819740e-01,9.905404002876642133e-01,9.905403531145634544e-01,9.905578320548098503e-01,9.905403519305914228e-01,9.905403965436754277e-01,9.905583558222705864e-01,9.905583377770549314e-01,9.905428643585750814e-01,9.999999999999981126e-01,9.905428755410611297e-01,9.905583969691384993e-01,9.905589421143422557e-01,9.905589903584410827e-01,9.905589990037073633e-01,9.905590010421448932e-01,9.905590010305248549e-01,9.905589989741453438e-01,9.905589903905505089e-01,9.905589432573864705e-01,9.905584164981035000e-01,9.905404090999067046e-01,9.905403556734074799e-01,9.905578347990134924e-01,9.905403551663676254e-01,9.905404077222579318e-01,9.905584063885727319e-01,9.905588850112585497e-01,9.905583873901712133e-01,9.905428755410611297e-01,9.999999999999981126e-01,9.905428787905503629e-01,9.905583996898768007e-01,9.905589446006732857e-01,9.905589926732477624e-01,9.905590010838800641e-01,9.905590026054160724e-01,9.905590010311635663e-01,9.905589926334716910e-01,9.905589455866656845e-01,9.905584188778822075e-01,9.905404115212429472e-01,9.905403565819103084e-01,9.905578357936452027e-01,9.905403563504304731e-01,9.905404109312148098e-01,9.905584159577772718e-01,9.905589340072241678e-01,9.905589330538010495e-01,9.905583969691384993e-01,9.905428787905503629e-01,9.999999999999981126e-01,9.905428799517213001e-01,9.905584006128390628e-01,9.905589453520283749e-01,9.905589931899607681e-01,9.905590010836999859e-01,9.905590010425812109e-01,9.905589931269934700e-01,9.905589462661139599e-01,9.905584196436709732e-01,9.905404123375018965e-01,9.905403569224993099e-01,9.905578361846810731e-01,9.905403568294648409e-01,9.905404120813304791e-01,9.905584186367838440e-01,9.905589430580478139e-01,9.905589815320386959e-01,9.905589421143422557e-01,9.905583996898768007e-01,9.905428799517213001e-01,9.999999999999981126e-01,9.905428803589455544e-01,9.905584008471289836e-01,9.905589453516365772e-01,9.905589926726476868e-01,9.905589990037423354e-01,9.905589926213290708e-01,9.905589462424988501e-01,9.905584198059906864e-01,9.905404125857923958e-01,9.905403569874242642e-01,9.905578362912381696e-01,9.905403569872178737e-01,9.905404125126833215e-01,9.905584195483175813e-01,9.905589455026825307e-01,9.905589903487915793e-01,9.905589903584410827e-01,9.905589446006732857e-01,9.905584006128390628e-01,9.905428803589455544e-01,9.999999999999981126e-01,9.905428803591976861e-01,9.905584006126925134e-01,9.905589446003206788e-01,9.905589903587073142e-01,9.905589903484594005e-01,9.905589455028493973e-01,9.905584195483601029e-01,9.905404125131826998e-01,9.905403568298620787e-01,9.905578361849551872e-01,9.905403569224975335e-01,9.905404125855241659e-01,9.905584198061507806e-01,9.905589462426340752e-01,9.905589926218546504e-01,9.905589990037073633e-01,9.905589926732477624e-01,9.905589453520283749e-01,9.905584008471289836e-01,9.905428803591976861e-01,9.999999999999981126e-01,9.905428799517637106e-01,9.905583996897638910e-01,9.905589421148248697e-01,9.905589815319172375e-01,9.905589430584372801e-01,9.905584186370640642e-01,9.905404120821122982e-01,9.905403563505015274e-01,9.905578357934695655e-01,9.905403565815658062e-01,9.905404123368075631e-01,9.905584196434988886e-01,9.905589462657903299e-01,9.905589931271787663e-01,9.905590010421448932e-01,9.905590010838800641e-01,9.905589931899607681e-01,9.905589453516365772e-01,9.905584006126925134e-01,9.905428799517637106e-01,9.999999999999981126e-01,9.905428787901080501e-01,9.905583969692506319e-01,9.905589330533003389e-01,9.905589340072058491e-01,9.905584159576666936e-01,9.905404109315768535e-01,9.905403551662234074e-01,9.905578347986326859e-01,9.905403556728615833e-01,9.905404115203544357e-01,9.905584188775089505e-01,9.905589455861529835e-01,9.905589926334328332e-01,9.905590010305248549e-01,9.905590026054160724e-01,9.905590010836999859e-01,9.905589926726476868e-01,9.905589446003206788e-01,9.905583996897638910e-01,9.905428787901080501e-01,9.999999999999981126e-01,9.905428755409914077e-01,9.905583873894745484e-01,9.905588850110513821e-01,9.905584063882693080e-01,9.905404077224012616e-01,9.905403519310557181e-01,9.905578320551151617e-01,9.905403531145879903e-01,9.905404090996964284e-01,9.905584164982896844e-01,9.905589432575415687e-01,9.905589903911391492e-01,9.905589989741453438e-01,9.905590010311635663e-01,9.905590010425812109e-01,9.905589990037423354e-01,9.905589903587073142e-01,9.905589421148248697e-01,9.905583969692506319e-01,9.905428755409914077e-01,9.999999999999981126e-01,9.905428643584616166e-01,9.905583377774384024e-01,9.905583558225552476e-01,9.905403965444760095e-01,9.905403407982670272e-01,9.905578224873704540e-01,9.905403440281431715e-01,9.905404002867905788e-01,9.905584077365511275e-01,9.905589345370088283e-01,9.905589817211912784e-01,9.905589903905505089e-01,9.905589926334716910e-01,9.905589931269934700e-01,9.905589926213290708e-01,9.905589903484594005e-01,9.905589815319172375e-01,9.905589330533003389e-01,9.905583873894745484e-01,9.905428643584616166e-01,9.999999999999981126e-01,9.905428082038175708e-01,9.905578021700874869e-01,9.905403393950051871e-01,9.905402847021359536e-01,9.905577729191192837e-01,9.905402959938702789e-01,9.905403529241922911e-01,9.905583604610073145e-01,9.905588873120566573e-01,9.905589345374975485e-01,9.905589432573864705e-01,9.905589455866656845e-01,9.905589462661139599e-01,9.905589462424988501e-01,9.905589455028493973e-01,9.905589430584372801e-01,9.905589340072058491e-01,9.905588850110513821e-01,9.905583377774384024e-01,9.905428082038175708e-01,9.999999999999981126e-01,9.905422320718643148e-01,9.905397446615606949e-01,9.905397081847614471e-01,9.905572373538368280e-01,9.905397668462143645e-01,9.905398258065971628e-01,9.905578335235958320e-01,9.905583604609279336e-01,9.905584077368819740e-01,9.905584164981035000e-01,9.905584188778822075e-01,9.905584196436709732e-01,9.905584198059906864e-01,9.905584195483601029e-01,9.905584186370640642e-01,9.905584159576666936e-01,9.905584063882693080e-01,9.905583558225552476e-01,9.905578021700874869e-01,9.905422320718643148e-01,9.999999999999981126e-01,9.905236293554026128e-01,9.905211114198420042e-01,9.905391800922969114e-01,9.905217508238277624e-01,9.905218179159882563e-01,9.905398258070930995e-01,9.905403529245344618e-01,9.905404002876642133e-01,9.905404090999067046e-01,9.905404115212429472e-01,9.905404123375018965e-01,9.905404125857923958e-01,9.905404125131826998e-01,9.905404120821122982e-01,9.905404109315768535e-01,9.905404077224012616e-01,9.905403965444760095e-01,9.905403393950051871e-01,9.905397446615606949e-01,9.905236293554026128e-01,9.999999999999981126e-01
9.999999999999976685e-01,9.858818451167451480e-01,9.858776833034020859e-01,9.858790822315197655e-01,9.859189677623108050e-01,9.859200688952590719e-01,9.859201705601989829e-01,9.859201901052740968e-01,9.859201956481646878e-01,9.859201976217898400e-01,9.859201983628342880e-01,9.859201985043982708e-01,9.859201981601073417e-01,9.859201971130225894e-01,9.859201945330611228e-01,9.859201875058899445e-01,9.859201634744723108e-01,9.859200441994038222e-01,9.859188400247300699e-01,9.858776674410975049e-01,9.858818451167451480e-01,9.999999999999976685e-01,9.858818451155666462e-01,9.859177414445252641e-01,9.859577175674262284e-01,9.859588326278074799e-01,9.859589376288083740e-01,9.859589582221107706e-01,9.859589641690611472e-01,9.859589663306772556e-01,9.859589671821723522e-01,9.859589674150847083e-01,9.859589671836757052e-01,9.859589663304191287e-01,9.859589641679673555e-01,9.859589582227276106e-01,9.859589376274624506e-01,9.859588326289976390e-01,9.859577175678579941e-01,9.859177414459469047e-01,9.858776833034020859e-01,9.858818451155666462e-01,9.999999999999976685e-01,9.858776674385281158e-01,9.859188400231562177e-01,9.859200441969661055e-01,9.859201634746550535e-01,9.859201875041081475e-01,9.859201945329334471e-01,9.859201971120232777e-01,9.859201981574858831e-01,9.859201985031866844e-01,9.859201983630758725e-01,9.859201976203885165e-01,9.859201956459330285e-01,9.859201901046340533e-01,9.859201705576994268e-01,9.859200688952631797e-01,9.859189677615614045e-01,9.858790822317101687e-01,9.858790822315197655e-01,9.859177414445252641e-01,9.858776674385281158e-01,9.999999999999976685e-01,9.858831882133775038e-01,9.859188917519401407e-01,9.859201590017047101e-01,9.859202818115992972e-01,9.859203060739784030e-01,9.859203130684781602e-01,9.859203155811637753e-01,9.859203165258608736e-01,9.859203166871958190e-01,9.859203161467511300e-01,9.859203143745867148e-01,9.859203091348618386e-01,9.859202901870014468e-01,9.859201899933228708e-01,9.859190932906671812e-01,9.858792255997239629e-01,9.859189677623108050e-01,9.859577175674262284e-01,9.859188400231562177e-01,9.858831882133775038e-01,9.999999999999976685e-01,9.859243773766191987e-01,9.859588683703709444e-01,9.859600462485039740e-01,9.859601546905056857e-01,9.859601754259279538e-01,9.859601812577082347e-01,9.859601832473282590e-01,9.859601838117075800e-01,9.859601834589243330e-01,9.859601817970770066e-01,9.859601766483038210e-01,9.859601578126353516e-01,9.859600578088446587e-01,9.859589614803111468e-01,9.859190932916714889e-01,9.859200688952590719e-01,9.859588326278074799e-01,9.859200441969661055e-01,9.859188917519401407e-01,9.859243773766191987e-01,9.999999999999976685e-01,9.859255798827952777e-01,9.859599833995794649e-01,9.859611474539795584e-01,9.859612524966387959e-01,9.859612721071908670e-01,9.859612774298330828e-01,9.859612790452599862e-01,9.859612790982871244e-01,9.859612776252200117e-01,9.859612725870370298e-01,9.859612538416542282e-01,9.859611539484562925e-01,9.859600578080707223e-01,9.859201899934757485e-01,9.859201705601989829e-01,9.859589376288083740e-01,9.859201634746550535e-01,9.859201590017047101e-01,9.859588683703709444e-01,9.859255798827952777e-01,9.999999999999976685e-01,9.859256991827515249e-01,9.859600884695426393e-01,9.859612491236662279e-01,9.859613530434067075e-01,9.859613721456298441e-01,9.859613770942852184e-01,9.859613781984897241e-01,9.859613771313295860e-01,9.859613722818963977e-01,9.859613536471099060e-01,9.859612538442384944e-01,9.859601578143534217e-01,9.859202901897868854e-01,9.859201901052740968e-01,9.859589582221107706e-01,9.859201875041081475e-01,9.859202818115992972e-01,9.859600462485039740e-01,9.859599833995794649e-01,9.859256991827515249e-01,9.999999999999976685e-01,9.859257233002758358e-01,9.859601090794174461e-01,9.859612686083734090e-01,9.859613720197063502e-01,9.859613907480231365e-01,9.859613951854623304e-01,9.859613951694521372e-01,9.859613907259893173e-01,9.859613722799767110e-01,9.859612725876234496e-01,9.859601766481508323e-01,9.859203091356077975e-01,9.859201956481646878e-01,9.859589641690611472e-01,9.859201945329334471e-01,9.859203060739784030e-01,9.859601546905056857e-01,9.859611474539795584e-01,9.859600884695426393e-01,9.859257233002758358e-01,9.999999999999976685e-01,9.859257303515821524e-01,9.859601149720106372e-01,9.859612739917001933e-01,9.859613770290718282e-01,9.859613952461901976e-01,9.859613985634453348e-01,9.859613951711347912e-01,9.859613771310574704e-01,9.859612776274926382e-01,9.859601817985380601e-01,9.859203143770635114e-01,9.859201976217898400e-01,9.859589663306772556e-01,9.859201971120232777e-01,9.859203130684781602e-01,9.859601754259279538e-01,9.859612524966387959e-01,9.859612491236662279e-01,9.859601090794174461e-01,9.859257303515821524e-01,9.999999999999976685e-01,9.859257328780137719e-01,9.859601169768249518e-01,9.859612756222828622e-01,9.859613781484216632e-01,9.859613952453545327e-01,9.859613951863004377e-01,9.859613781973425306e-01,9.859612790997289711e-01,9.859601834595438374e-01,9.859203161483910405e-01,9.859201983628342880e-01,9.859589671821723522e-01,9.859201981574858831e-01,9.859203155811637753e-01,9.859601812577082347e-01,9.859612721071908670e-01,9.859613530434067075e-01,9.859612686083734090e-01,9.859601149720106372e-01,9.859257328780137719e-01,9.999999999999976685e-01,9.859257337662715726e-01,9.859601174864764950e-01,9.859612756205888839e-01,9.859613770265358568e-01,9.859613907471606042e-01,9.859613770915065523e-01,9.859612790449538977e-01,9.859601838106848426e-01,9.859203166871010060e-01,9.859201985043982708e-01,9.859589674150847083e-01,9.859201985031866844e-01,9.859203165258608736e-01,9.859601832473282590e-01,9.859612774298330828e-01,9.859613721456298441e-01,9.859613720197063502e-01,9.859612739917001933e-01,9.859601169768249518e-01,9.859257337662715726e-01,9.999999999999976685e-01,9.859257337677761468e-01,9.859601169766184503e-01,9.859612739906362666e-01,9.859613720202853315e-01,9.859613721442804790e-01,9.859612774310639871e-01,9.859601832477311589e-01,9.859203165272404368e-01,9.859201981601073417e-01,9.859589671836757052e-01,9.859201983630758725e-01,9.859203166871958190e-01,9.859601838117075800e-01,9.859612790452599862e-01,9.859613770942852184e-01,9.859613907480231365e-01,9.859613770290718282e-01,9.859612756222828622e-01,9.859601174864764950e-01,9.859257337677761468e-01,9.999999999999976685e-01,9.859257328792273567e-01,9.859601149724267488e-01,9.859612686103981227e-01,9.859613530435069606e-01,9.859612721098764965e-01,9.859601812595808479e-01,9.859203155840476906e-01,9.859201971130225894e-01,9.859589663304191287e-01,9.859201976203885165e-01,9.859203161467511300e-01,9.859601834589243330e-01,9.859612790982871244e-01,9.859613781984897241e-01,9.859613951854623304e-01,9.859613952461901976e-01,9.859613781484216632e-01,9.859612756205888839e-01,9.859601169766184503e-01,9.859257328792273567e-01,9.999999999999976685e-01,9.859257303503492498e-01,9.859601090797930345e-01,9.859612491220645092e-01,9.859612524976030246e-01,9.859601754261224649e-01,9.859203130696513329e-01,9.859201945330611228e-01,9.859589641679673555e-01,9.859201956459330285e-01,9.859203143745867148e-01,9.859601817970770066e-01,9.859612776252200117e-01,9.859613771313295860e-01,9.859613951694521372e-01,9.859613985634453348e-01,9.859613952453545327e-01,9.859613770265358568e-01,9.859612739906362666e-01,9.859601149724267488e-01,9.859257303503492498e-01,9.999999999999976685e-01,9.859257232998149822e-01,9.859600884671265719e-01,9.859611474541274401e-01,9.859601546898686397e-01,9.859203060742899316e-01,9.859201875058899445e-01,9.859589582227276106e-01,9.859201901046340533e-01,9.859203091348618386e-01,9.859601766483038210e-01,9.859612725870370298e-01,9.859613722818963977e-01,9.859613907259893173e-01,9.859613951711347912e-01,9.859613951863004377e-01,9.859613907471606042e-01,9.859613720202853315e-01,9.859612686103981227e-01,9.859601090797930345e-01,9.859257232998149822e-01,9.999999999999976685e-01,9.859256991819400628e-01,9.859599834013464958e-01,9.859600462494638728e-01,9.859202818135921476e-01,9.859201634744723108e-01,9.859589376274624506e-01,9.859201705576994268e-01,9.859202901870014468e-01,9.859601578126353516e-01,9.859612538416542282e-01,9.859613536471099060e-01,9.859613722799767110e-01,9.859613771310574704e-01,9.859613781973425306e-01,9.859613770915065523e-01,9.859613721442804790e-01,9.859613530435069606e-01,9.859612491220645092e-01,9.859600884671265719e-01,9.859256991819400628e-01,9.999999999999976685e-01,9.859255798825418138e-01,9.859588683694028299e-01,9.859201590017250272e-01,9.859200441994038222e-01,9.859588326289976390e-01,9.859200688952631797e-01,9.859201899933228708e-01,9.859600578088446587e-01,9.859611539484562925e-01,9.859612538442384944e-01,9.859612725876234496e-01,9.859612776274926382e-01,9.859612790997289711e-01,9.859612790449538977e-01,9.859612774310639871e-01,9.859612721098764965e-01,9.859612524976030246e-01,9.859611474541274401e-01,9.859599834013464958e-01,9.859255798825418138e-01,9.999999999999976685e-01,9.859243773782655484e-01,9.859188917544673414e-01,9.859188400247300699e-01,9.859577175678579941e-01,9.859189677615614045e-01,9.859190932906671812e-01,9.859589614803111468e-01,9.859600578080707223e-01,9.859601578143534217e-01,9.859601766481508323e-01,9.859601817985380601e-01,9.859601834595438374e-01,9.859601838106848426e-01,9.859601832477311589e-01,9.859601812595808479e-01,9.859601754261224649e-01,9.859601546898686397e-01,9.859600462494638728e-01,9.859588683694028299e-01,9.859243773782655484e-01,9.999999999999976685e-01,9.858831882152095938e-01,9.858776674410975049e-01,9.859177414459469047e-01,9.858790822317101687e-01,9.858792255997239629e-01,9.859190932916714889e-01,9.859201899934757485e-01,9.859202901897868854e-01,9.859203091356077975e-01,9.859203143770635114e-01,9.859203161483910405e-01,9.859203166871010060e-01,9.859203165272404368e-01,9.859203155840476906e-01,9.859203130696513329e-01,9.859203060742899316e-01,9.859202818135921476e-01,9.859201590017250272e-01,9.859188917544673414e-01,9.858831882152095938e-01,9.999999999999976685e-01
