9.999999999999991118e-01,9.999999999999991118e-01,9.999999999999991118e-01,9.999999999999991118e-01,9.999999999999991118e-01,9.999999999999991118e-01,9.999999999999991118e-01,9.999999999999991118e-01,9.999999999999991118e-01,9.999999999999991118e-01,9.999999999999991118e-01,9.999999999999991118e-01,9.999999999999991118e-01,9.999999999999991118e-01,9.999999999999991118e-01,9.999999999999991118e-01,9.999999999999991118e-01,9.999999999999991118e-01,9.999999999999991118e-01,9.999999999999991118e-01,9.999999999999991118e-01,9.999999999999991118e-01,9.999999999999991118e-01,9.999999999999991118e-01,9.999999999999991118e-01,9.999999999999991118e-01,9.999999999999991118e-01,9.999999999999991118e-01,9.999999999999991118e-01,9.999999999999991118e-01,9.999999999999991118e-01,9.999999999999991118e-01,9.999999999999991118e-01,9.999999999999991118e-01,9.999999999999991118e-01,9.999999999999991118e-01,9.999999999999991118e-01,9.999999999999991118e-01,9.999999999999991118e-01,9.999999999999991118e-01,9.999999999999991118e-01,9.999999999999991118e-01,9.999999999999991118e-01,9.999999999999991118e-01,9.999999999999991118e-01,9.999999999999991118e-01,9.999999999999991118e-01,9.999999999999991118e-01,9.999999999999991118e-01,9.999999999999991118e-01,9.999999999999991118e-01,9.999999999999991118e-01,9.999999999999991118e-01,9.999999999999991118e-01,9.999999999999991118e-01,9.999999999999991118e-01,9.999999999999991118e-01,9.999999999999991118e-01,9.999999999999991118e-01,9.999999999999991118e-01,9.999999999999991118e-01,9.999999999999991118e-01,9.999999999999991118e-01,9.999999999999991118e-01,9.999999999999991118e-01,9.999999999999991118e-01,9.999999999999991118e-01,9.999999999999991118e-01,9.999999999999991118e-01,9.999999999999991118e-01,9.999999999999991118e-01,9.999999999999991118e-01,9.999999999999991118e-01,9.999999999999991118e-01,9.999999999999991118e-01,9.999999999999991118e-01,9.999999999999991118e-01,9.999999999999991118e-01,9.999999999999991118e-01,9.999999999999991118e-01,9.999999999999991118e-01,9.999999999999991118e-01,9.999999999999991118e-01,9.999999999999991118e-01,9.999999999999991118e-01,9.999999999999991118e-01,9.999999999999991118e-01,9.999999999999991118e-01,9.999999999999991118e-01,9.999999999999991118e-01,9.999999999999991118e-01,9.999999999999991118e-01,9.999999999999991118e-01,9.999999999999991118e-01,9.999999999999991118e-01,9.999999999999991118e-01,9.999999999999991118e-01,9.999999999999991118e-01,9.999999999999991118e-01,9.999999999999991118e-01,9.999999999999991118e-01,9.999999999999991118e-01,9.999999999999991118e-01,9.999999999999991118e-01,9.999999999999991118e-01,9.999999999999991118e-01,9.999999999999991118e-01,9.999999999999991118e-01,9.999999999999991118e-01,9.999999999999991118e-01,9.999999999999991118e-01,9.999999999999991118e-01,9.999999999999991118e-01,9.999999999999991118e-01,9.999999999999991118e-01,9.999999999999991118e-01,9.999999999999991118e-01,9.999999999999991118e-01,9.999999999999991118e-01,9.999999999999991118e-01,9.999999999999991118e-01,9.999999999999991118e-01,9.999999999999991118e-01,9.999999999999991118e-01,9.999999999999991118e-01,9.999999999999991118e-01,9.999999999999991118e-01,9.999999999999991118e-01,9.999999999999991118e-01,9.999999999999991118e-01,9.999999999999991118e-01,9.999999999999991118e-01,9.999999999999991118e-01,9.999999999999991118e-01,9.999999999999991118e-01,9.999999999999991118e-01,9.999999999999991118e-01,9.999999999999991118e-01,9.999999999999991118e-01,9.999999999999991118e-01,9.999999999999991118e-01,9.999999999999991118e-01,9.999999999999991118e-01,9.999999999999991118e-01,9.999999999999991118e-01,9.999999999999991118e-01,9.999999999999991118e-01,9.999999999999991118e-01,9.999999999999991118e-01,9.999999999999991118e-01,9.999999999999991118e-01,9.999999999999991118e-01,9.999999999999991118e-01,9.999999999999991118e-01,9.999999999999991118e-01,9.999999999999991118e-01,9.999999999999991118e-01,9.999999999999991118e-01,9.999999999999991118e-01,9.999999999999991118e-01,9.999999999999991118e-01,9.999999999999991118e-01,9.999999999999991118e-01,9.999999999999991118e-01,9.999999999999991118e-01,9.999999999999991118e-01,9.999999999999991118e-01,9.999999999999991118e-01,9.999999999999991118e-01,9.999999999999991118e-01,9.999999999999991118e-01,9.999999999999991118e-01,9.999999999999991118e-01,9.999999999999991118e-01,9.999999999999991118e-01,9.999999999999991118e-01,9.999999999999991118e-01,9.999999999999991118e-01,9.999999999999991118e-01,9.999999999999991118e-01,9.999999999999991118e-01,9.999999999999991118e-01,9.999999999999991118e-01,9.999999999999991118e-01,9.999999999999991118e-01,9.999999999999991118e-01,9.999999999999991118e-01,9.999999999999991118e-01,9.999999999999991118e-01,9.999999999999991118e-01,9.999999999999991118e-01,9.999999999999991118e-01,9.999999999999991118e-01,9.999999999999991118e-01,9.999999999999991118e-01,9.999999999999991118e-01,9.999999999999991118e-01,9.999999999999991118e-01,9.999999999999991118e-01,9.999999999999991118e-01,9.999999999999991118e-01,9.999999999999991118e-01,9.999999999999991118e-01,9.999999999999991118e-01,9.999999999999991118e-01,9.999999999999991118e-01,9.999999999999991118e-01,9.999999999999991118e-01,9.999999999999991118e-01,9.999999999999991118e-01,9.999999999999991118e-01,9.999999999999991118e-01,9.999999999999991118e-01,9.999999999999991118e-01,9.999999999999991118e-01,9.999999999999991118e-01,9.999999999999991118e-01,9.999999999999991118e-01,9.999999999999991118e-01,9.999999999999991118e-01,9.999999999999991118e-01,9.999999999999991118e-01,9.999999999999991118e-01,9.999999999999991118e-01,9.999999999999991118e-01,9.999999999999991118e-01,9.999999999999991118e-01,9.999999999999991118e-01,9.999999999999991118e-01,9.999999999999991118e-01,9.999999999999991118e-01,9.999999999999991118e-01,9.999999999999991118e-01,9.999999999999991118e-01,9.999999999999991118e-01,9.999999999999991118e-01,9.999999999999991118e-01,9.999999999999991118e-01,9.999999999999991118e-01,9.999999999999991118e-01,9.999999999999991118e-01,9.999999999999991118e-01,9.999999999999991118e-01,9.999999999999991118e-01,9.999999999999991118e-01,9.999999999999991118e-01,9.999999999999991118e-01,9.999999999999991118e-01,9.999999999999991118e-01,9.999999999999991118e-01,9.999999999999991118e-01,9.999999999999991118e-01,9.999999999999991118e-01,9.999999999999991118e-01,9.999999999999991118e-01,9.999999999999991118e-01,9.999999999999991118e-01,9.999999999999991118e-01,9.999999999999991118e-01,9.999999999999991118e-01,9.999999999999991118e-01,9.999999999999991118e-01,9.999999999999991118e-01,9.999999999999991118e-01,9.999999999999991118e-01,9.999999999999991118e-01,9.999999999999991118e-01,9.999999999999991118e-01,9.999999999999991118e-01,9.999999999999991118e-01,9.999999999999991118e-01,9.999999999999991118e-01,9.999999999999991118e-01,9.999999999999991118e-01,9.999999999999991118e-01,9.999999999999991118e-01,9.999999999999991118e-01,9.999999999999991118e-01,9.999999999999991118e-01,9.999999999999991118e-01,9.999999999999991118e-01,9.999999999999991118e-01,9.999999999999991118e-01,9.999999999999991118e-01,9.999999999999991118e-01,9.999999999999991118e-01,9.999999999999991118e-01,9.999999999999991118e-01,9.999999999999991118e-01,9.999999999999991118e-01,9.999999999999991118e-01,9.999999999999991118e-01,9.999999999999991118e-01,9.999999999999991118e-01,9.999999999999991118e-01,9.999999999999991118e-01,9.999999999999991118e-01,9.999999999999991118e-01,9.999999999999991118e-01,9.999999999999991118e-01,9.999999999999991118e-01,9.999999999999991118e-01,9.999999999999991118e-01,9.999999999999991118e-01,9.999999999999991118e-01,9.999999999999991118e-01,9.999999999999991118e-01,9.999999999999991118e-01,9.999999999999991118e-01,9.999999999999991118e-01,9.999999999999991118e-01,9.999999999999991118e-01,9.999999999999991118e-01,9.999999999999991118e-01,9.999999999999991118e-01,9.999999999999991118e-01,9.999999999999991118e-01,9.999999999999991118e-01,9.999999999999991118e-01,9.999999999999991118e-01,9.999999999999991118e-01,9.999999999999991118e-01,9.999999999999991118e-01,9.999999999999991118e-01
9.999999999999980016e-01,9.952286997184270900e-01,9.952327910094038721e-01,9.952329494663303411e-01,9.952329642045394387e-01,9.952329648792550554e-01,9.952329529398744601e-01,9.952328098710975235e-01,9.952282369265447182e-01,9.952282369787238681e-01,9.952328100075851225e-01,9.952329532676358337e-01,9.952329657650149652e-01,9.952329672412347783e-01,9.952329648754268954e-01,9.952329498826624210e-01,9.952327933716541564e-01,9.952280690798401830e-01,9.952286997184270900e-01,9.999999999999980016e-01,9.952334248667932259e-01,9.952373770585132284e-01,9.952375242794241350e-01,9.952375355667458789e-01,9.952375253505070241e-01,9.952373827014127095e-01,9.952328098710545579e-01,9.952328100075328310e-01,9.952373830803825649e-01,9.952375263704300590e-01,9.952375389234591196e-01,9.952375405367481775e-01,9.952375385963305732e-01,9.952375253497303120e-01,9.952373796633380287e-01,9.952327933716054176e-01,9.952327910094038721e-01,9.952334248667932259e-01,9.999999999999980016e-01,9.952335810553654127e-01,9.952375220814058121e-01,9.952376658732376979e-01,9.952376662749028435e-01,9.952375253505557628e-01,9.952329529398804553e-01,9.952329532676148505e-01,9.952375263704619224e-01,9.952376696833636904e-01,9.952376822655331079e-01,9.952376839339447390e-01,9.952376821293758002e-01,9.952376693043865075e-01,9.952375253497462992e-01,9.952329498826298915e-01,9.952329494663303411e-01,9.952373770585132284e-01,9.952335810553654127e-01,9.999999999999980016e-01,9.952335953848368000e-01,9.952375329669485016e-01,9.952376658732119408e-01,9.952375355667688606e-01,9.952329648792354044e-01,9.952329657649954253e-01,9.952375389234922043e-01,9.952376822655344402e-01,9.952376948705294879e-01,9.952376965680687082e-01,9.952376948185958083e-01,9.952376821293855702e-01,9.952375385963563303e-01,9.952329648754040248e-01,9.952329642045394387e-01,9.952375242794241350e-01,9.952375220814058121e-01,9.952335953848368000e-01,9.999999999999980016e-01,9.952335953848486794e-01,9.952375220813923784e-01,9.952375242794589960e-01,9.952329642045315561e-01,9.952329672412388861e-01,9.952375405368047989e-01,9.952376839339700521e-01,9.952376965680923560e-01,9.952376982884563184e-01,9.952376965681097865e-01,9.952376839339959202e-01,9.952375405368150130e-01,9.952329672412529860e-01,9.952329648792550554e-01,9.952375355667458789e-01,9.952376658732376979e-01,9.952375329669485016e-01,9.952335953848486794e-01,9.999999999999980016e-01,9.952335810553629702e-01,9.952373770585600798e-01,9.952329494663342269e-01,9.952329648754018043e-01,9.952375385963577736e-01,9.952376821293713594e-01,9.952376948185904793e-01,9.952376965680804766e-01,9.952376948705587978e-01,9.952376822655722988e-01,9.952375389235144088e-01,9.952329657650214045e-01,9.952329529398744601e-01,9.952375253505070241e-01,9.952376662749028435e-01,9.952376658732119408e-01,9.952375220813923784e-01,9.952335810553629702e-01,9.999999999999980016e-01,9.952334248668143202e-01,9.952327910093826668e-01,9.952329498826018028e-01,9.952375253497219854e-01,9.952376693043465394e-01,9.952376821293441589e-01,9.952376839339308612e-01,9.952376822655364386e-01,9.952376696833757919e-01,9.952375263704583697e-01,9.952329532676150725e-01,9.952328098710975235e-01,9.952373827014127095e-01,9.952375253505557628e-01,9.952375355667688606e-01,9.952375242794589960e-01,9.952373770585600798e-01,9.952334248668143202e-01,9.999999999999980016e-01,9.952286997184541795e-01,9.952327933716264008e-01,9.952373796633626757e-01,9.952375253497390828e-01,9.952375385963480037e-01,9.952375405367829275e-01,9.952375389235116332e-01,9.952375263704912323e-01,9.952373830804279731e-01,9.952328100075814588e-01,9.952282369265447182e-01,9.952328098710545579e-01,9.952329529398804553e-01,9.952329648792354044e-01,9.952329642045315561e-01,9.952329494663342269e-01,9.952327910093826668e-01,9.952286997184541795e-01,9.999999999999980016e-01,9.952280690798186447e-01,9.952327933716359487e-01,9.952329498826284482e-01,9.952329648754011382e-01,9.952329672412266737e-01,9.952329657650242911e-01,9.952329532676539303e-01,9.952328100075873429e-01,9.952282369787300853e-01,9.952282369787238681e-01,9.952328100075328310e-01,9.952329532676148505e-01,9.952329657649954253e-01,9.952329672412388861e-01,9.952329648754018043e-01,9.952329498826018028e-01,9.952327933716264008e-01,9.952280690798186447e-01,9.999999999999980016e-01,9.952286997184290884e-01,9.952327910093741181e-01,9.952329494662992548e-01,9.952329642044843716e-01,9.952329648792298533e-01,9.952329529398847852e-01,9.952328098710747639e-01,9.952282369265164075e-01,9.952328100075851225e-01,9.952373830803825649e-01,9.952375263704619224e-01,9.952375389234922043e-01,9.952375405368047989e-01,9.952375385963577736e-01,9.952375253497219854e-01,9.952373796633626757e-01,9.952327933716359487e-01,9.952286997184290884e-01,9.999999999999980016e-01,9.952334248668160965e-01,9.952373770585347668e-01,9.952375242794216925e-01,9.952375355667728574e-01,9.952375253505697517e-01,9.952373827014425745e-01,9.952328098710784277e-01,9.952329532676358337e-01,9.952375263704300590e-01,9.952376696833636904e-01,9.952376822655344402e-01,9.952376839339700521e-01,9.952376821293713594e-01,9.952376693043465394e-01,9.952375253497390828e-01,9.952329498826284482e-01,9.952327910093741181e-01,9.952334248668160965e-01,9.999999999999980016e-01,9.952335810553549766e-01,9.952375220813722834e-01,9.952376658732330350e-01,9.952376662749338188e-01,9.952375253505537644e-01,9.952329529398729058e-01,9.952329657650149652e-01,9.952375389234591196e-01,9.952376822655331079e-01,9.952376948705294879e-01,9.952376965680923560e-01,9.952376948185904793e-01,9.952376821293441589e-01,9.952375385963480037e-01,9.952329648754011382e-01,9.952329494662992548e-01,9.952373770585347668e-01,9.952335810553549766e-01,9.999999999999980016e-01,9.952335953848016059e-01,9.952375329669425064e-01,9.952376658732418058e-01,9.952375355667660850e-01,9.952329648792263006e-01,9.952329672412347783e-01,9.952375405367481775e-01,9.952376839339447390e-01,9.952376965680687082e-01,9.952376982884563184e-01,9.952376965680804766e-01,9.952376839339308612e-01,9.952375405367829275e-01,9.952329672412266737e-01,9.952329642044843716e-01,9.952375242794216925e-01,9.952375220813722834e-01,9.952335953848016059e-01,9.999999999999980016e-01,9.952335953848189254e-01,9.952375220813982626e-01,9.952375242794320176e-01,9.952329642044986935e-01,9.952329648754268954e-01,9.952375385963305732e-01,9.952376821293758002e-01,9.952376948185958083e-01,9.952376965681097865e-01,9.952376948705587978e-01,9.952376822655364386e-01,9.952375389235116332e-01,9.952329657650242911e-01,9.952329648792298533e-01,9.952375355667728574e-01,9.952376658732330350e-01,9.952375329669425064e-01,9.952335953848189254e-01,9.999999999999980016e-01,9.952335810553982753e-01,9.952373770585625223e-01,9.952329494663306741e-01,9.952329498826624210e-01,9.952375253497303120e-01,9.952376693043865075e-01,9.952376821293855702e-01,9.952376839339959202e-01,9.952376822655722988e-01,9.952376696833757919e-01,9.952375263704912323e-01,9.952329532676539303e-01,9.952329529398847852e-01,9.952375253505697517e-01,9.952376662749338188e-01,9.952376658732418058e-01,9.952375220813982626e-01,9.952335810553982753e-01,9.999999999999980016e-01,9.952334248668525118e-01,9.952327910094140861e-01,9.952327933716541564e-01,9.952373796633380287e-01,9.952375253497462992e-01,9.952375385963563303e-01,9.952375405368150130e-01,9.952375389235144088e-01,9.952375263704583697e-01,9.952373830804279731e-01,9.952328100075873429e-01,9.952328098710747639e-01,9.952373827014425745e-01,9.952375253505537644e-01,9.952375355667660850e-01,9.952375242794320176e-01,9.952373770585625223e-01,9.952334248668525118e-01,9.999999999999980016e-01,9.952286997184537354e-01,9.952280690798401830e-01,9.952327933716054176e-01,9.952329498826298915e-01,9.952329648754040248e-01,9.952329672412529860e-01,9.952329657650214045e-01,9.952329532676150725e-01,9.952328100075814588e-01,9.952282369787300853e-01,9.952282369265164075e-01,9.952328098710784277e-01,9.952329529398729058e-01,9.952329648792263006e-01,9.952329642044986935e-01,9.952329494663306741e-01,9.952327910094140861e-01,9.952286997184537354e-01,9.999999999999980016e-01
1.000000000000001332e+00,9.905236762684885843e-01,9.905397880044429781e-01,9.905403888828412384e-01,9.905404451397359367e-01,9.905404478331135687e-01,9.905404030756254086e-01,9.905398723136852324e-01,9.905218767119701173e-01,9.905218769156237668e-01,9.905398728450706125e-01,9.905404043502719080e-01,9.905404512700023423e-01,9.905404568686254629e-01,9.905404478038799532e-01,9.905403911915627857e-01,9.905398084244781964e-01,9.905212166884959091e-01,9.905236762684885843e-01,1.000000000000001332e+00,9.905422727920821790e-01,9.905578345782971583e-01,9.905583920206449955e-01,9.905584350147266237e-01,9.905583968702315056e-01,9.905578677201396509e-01,9.905398723133790329e-01,9.905398728446701551e-01,9.905578691909500133e-01,9.905584008206199664e-01,9.905584479589203406e-01,9.905584540938453531e-01,9.905584466892691786e-01,9.905583968646507476e-01,9.905578559852364906e-01,9.905398084241510137e-01,9.905397880044429781e-01,9.905422727920821790e-01,1.000000000000001332e+00,9.905428539290447310e-01,9.905583728474794958e-01,9.905589171975830443e-01,9.905589193949437821e-01,9.905583968706009879e-01,9.905404030756898015e-01,9.905404043501149225e-01,9.905584008208638824e-01,9.905589325396093603e-01,9.905589797911964478e-01,9.905589861401944418e-01,9.905589792624026613e-01,9.905589310687135107e-01,9.905583968648377091e-01,9.905403911914217874e-01,9.905403888828412384e-01,9.905578345782971583e-01,9.905428539290447310e-01,1.000000000000001332e+00,9.905429079328588182e-01,9.905584136434386622e-01,9.905589171974115148e-01,9.905584350149249095e-01,9.905404478330067652e-01,9.905404512698952058e-01,9.905584479592142166e-01,9.905589797912476291e-01,9.905590271315668494e-01,9.905590335937483060e-01,9.905590269298369943e-01,9.905589792624319712e-01,9.905584466894868934e-01,9.905404478037689309e-01,9.905404451397359367e-01,9.905583920206449955e-01,9.905583728474794958e-01,9.905429079328588182e-01,1.000000000000001332e+00,9.905429079329184372e-01,9.905583728473683625e-01,9.905583920209031223e-01,9.905404451396884191e-01,9.905404568686655420e-01,9.905584540942855565e-01,9.905589861403929497e-01,9.905590335938959656e-01,9.905590401448002291e-01,9.905590335940648306e-01,9.905589861405406094e-01,9.905584540943771499e-01,9.905404568688302991e-01,9.905404478331135687e-01,9.905584350147266237e-01,9.905589171975830443e-01,9.905584136434386622e-01,9.905429079329184372e-01,1.000000000000001332e+00,9.905428539289918843e-01,9.905578345786141270e-01,9.905403888828515635e-01,9.905404478036647919e-01,9.905584466894536977e-01,9.905589792623442635e-01,9.905590269297284145e-01,9.905590335938073698e-01,9.905590271317948892e-01,9.905589797914547967e-01,9.905584479593647629e-01,9.905404512701183606e-01,9.905404030756254086e-01,9.905583968702315056e-01,9.905589193949437821e-01,9.905589171974115148e-01,9.905583728473683625e-01,9.905428539289918843e-01,1.000000000000001332e+00,9.905422727922283954e-01,9.905397880042833281e-01,9.905403911911456749e-01,9.905583968646335391e-01,9.905589310684538296e-01,9.905589792621219969e-01,9.905589861400821983e-01,9.905589797912526251e-01,9.905589325396455536e-01,9.905584008208432323e-01,9.905404043501672140e-01,9.905398723136852324e-01,9.905578677201396509e-01,9.905583968706009879e-01,9.905584350149249095e-01,9.905583920209031223e-01,9.905578345786141270e-01,9.905422727922283954e-01,1.000000000000001332e+00,9.905236762686988605e-01,9.905398084242443835e-01,9.905578559854016918e-01,9.905583968647615478e-01,9.905584466893589957e-01,9.905584540941024807e-01,9.905584479593476654e-01,9.905584008210258640e-01,9.905578691912994005e-01,9.905398728450912627e-01,9.905218767119701173e-01,9.905398723133790329e-01,9.905404030756898015e-01,9.905404478330067652e-01,9.905404451396884191e-01,9.905403888828515635e-01,9.905397880042833281e-01,9.905236762686988605e-01,1.000000000000001332e+00,9.905212166882844116e-01,9.905398084243386414e-01,9.905403911913670534e-01,9.905404478036626825e-01,9.905404568685769462e-01,9.905404512701226905e-01,9.905404043503723832e-01,9.905398728451133561e-01,9.905218769157397851e-01,9.905218769156237668e-01,9.905398728446701551e-01,9.905404043501149225e-01,9.905404512698952058e-01,9.905404568686655420e-01,9.905404478036647919e-01,9.905403911911456749e-01,9.905398084242443835e-01,9.905212166882844116e-01,1.000000000000001332e+00,9.905236762685101226e-01,9.905397880042208225e-01,9.905403888825691228e-01,9.905404451393163834e-01,9.905404478329514761e-01,9.905404030756643774e-01,9.905398723135407923e-01,9.905218767118050271e-01,9.905398728450706125e-01,9.905578691909500133e-01,9.905584008208638824e-01,9.905584479592142166e-01,9.905584540942855565e-01,9.905584466894536977e-01,9.905583968646335391e-01,9.905578559854016918e-01,9.905398084243386414e-01,9.905236762685101226e-01,1.000000000000001332e+00,9.905422727922615911e-01,9.905578345784259442e-01,9.905583920206261217e-01,9.905584350149644335e-01,9.905583968706710429e-01,9.905578677203953353e-01,9.905398723136137340e-01,9.905404043502719080e-01,9.905584008206199664e-01,9.905589325396093603e-01,9.905589797912476291e-01,9.905589861403929497e-01,9.905589792623442635e-01,9.905589310684538296e-01,9.905583968647615478e-01,9.905403911913670534e-01,9.905397880042208225e-01,9.905422727922615911e-01,1.000000000000001332e+00,9.905428539289298229e-01,9.905583728472183713e-01,9.905589171975773821e-01,9.905589193951396254e-01,9.905583968706132003e-01,9.905404030756812528e-01,9.905404512700023423e-01,9.905584479589203406e-01,9.905589797911964478e-01,9.905590271315668494e-01,9.905590335938959656e-01,9.905590269297284145e-01,9.905589792621219969e-01,9.905584466893589957e-01,9.905404478036626825e-01,9.905403888825691228e-01,9.905578345784259442e-01,9.905428539289298229e-01,1.000000000000001332e+00,9.905429079325451802e-01,9.905584136433827069e-01,9.905589171975576201e-01,9.905584350148886053e-01,9.905404478329474793e-01,9.905404568686254629e-01,9.905584540938453531e-01,9.905589861401944418e-01,9.905590335937483060e-01,9.905590401448002291e-01,9.905590335938073698e-01,9.905589861400821983e-01,9.905584540941024807e-01,9.905404568685769462e-01,9.905404451393163834e-01,9.905583920206261217e-01,9.905583728472183713e-01,9.905429079325451802e-01,1.000000000000001332e+00,9.905429079327139341e-01,9.905583728473662530e-01,9.905583920207178261e-01,9.905404451394805854e-01,9.905404478038799532e-01,9.905584466892691786e-01,9.905589792624026613e-01,9.905590269298369943e-01,9.905590335940648306e-01,9.905590271317948892e-01,9.905589797912526251e-01,9.905584479593476654e-01,9.905404512701226905e-01,9.905404478329514761e-01,9.905584350149644335e-01,9.905589171975773821e-01,9.905584136433827069e-01,9.905429079327139341e-01,1.000000000000001332e+00,9.905428539292474577e-01,9.905578345786857364e-01,9.905403888829009684e-01,9.905403911915627857e-01,9.905583968646507476e-01,9.905589310687135107e-01,9.905589792624319712e-01,9.905589861405406094e-01,9.905589797914547967e-01,9.905589325396455536e-01,9.905584008210258640e-01,9.905404043503723832e-01,9.905404030756643774e-01,9.905583968706710429e-01,9.905589193951396254e-01,9.905589171975576201e-01,9.905583728473662530e-01,9.905428539292474577e-01,1.000000000000001332e+00,9.905422727925023985e-01,9.905397880045326842e-01,9.905398084244781964e-01,9.905578559852364906e-01,9.905583968648377091e-01,9.905584466894868934e-01,9.905584540943771499e-01,9.905584479593647629e-01,9.905584008208432323e-01,9.905578691912994005e-01,9.905398728451133561e-01,9.905398723135407923e-01,9.905578677203953353e-01,9.905583968706132003e-01,9.905584350148886053e-01,9.905583920207178261e-01,9.905578345786857364e-01,9.905422727925023985e-01,1.000000000000001332e+00,9.905236762687670282e-01,9.905212166884959091e-01,9.905398084241510137e-01,9.905403911914217874e-01,9.905404478037689309e-01,9.905404568688302991e-01,9.905404512701183606e-01,9.905404043501672140e-01,9.905398728450912627e-01,9.905218769157397851e-01,9.905218767118050271e-01,9.905398723136137340e-01,9.905404030756812528e-01,9.905404478329474793e-01,9.905404451394805854e-01,9.905403888829009684e-01,9.905397880045326842e-01,9.905236762687670282e-01,1.000000000000001332e+00
9.999999999999910072e-01,9.858832915501579697e-01,9.859189870698087388e-01,9.859202679295090421e-01,9.859203888335769106e-01,9.859203948702862652e-01,9.859203003789626107e-01,9.859191955443318278e-01,9.858793551307208913e-01,9.858793555780362983e-01,9.859191967084829367e-01,9.859203031684122820e-01,9.859204023756446000e-01,9.859204143351832927e-01,9.859203947759505038e-01,9.859202743817555570e-01,9.859190563620251480e-01,9.858778949851894069e-01,9.858832915501579697e-01,9.999999999999910072e-01,9.859244669334895628e-01,9.859589394231397241e-01,9.859601257947196995e-01,9.859602179949268352e-01,9.859601377918002507e-01,9.859590364332793122e-01,9.859191955434407628e-01,9.859191967073193119e-01,9.859590396456208161e-01,9.859601464030625095e-01,9.859602460940521951e-01,9.859602592343806871e-01,9.859602433209869732e-01,9.859601377748653528e-01,9.859590109265788938e-01,9.859190563611310854e-01,9.859189870698087388e-01,9.859244669334895628e-01,9.999999999999910072e-01,9.859256805591246620e-01,9.859600604946914260e-01,9.859612187251914905e-01,9.859612248204444596e-01,9.859601377928589594e-01,9.859203003791316977e-01,9.859203031679681928e-01,9.859601464037812679e-01,9.859612533567428949e-01,9.859613532955674442e-01,9.859613669037105010e-01,9.859613521397997404e-01,9.859612501440433441e-01,9.859601377754861895e-01,9.859202743814805547e-01,9.859202679295090421e-01,9.859589394231397241e-01,9.859256805591246620e-01,9.999999999999910072e-01,9.859257951831342792e-01,9.859601465975782464e-01,9.859612187247263071e-01,9.859602179955195833e-01,9.859203948699907238e-01,9.859204023753275203e-01,9.859602460948977409e-01,9.859613532956967852e-01,9.859614534286252896e-01,9.859614672842574867e-01,9.859614529875742051e-01,9.859613521397962987e-01,9.859602433216064776e-01,9.859203947756735031e-01,9.859203888335769106e-01,9.859601257947196995e-01,9.859600604946914260e-01,9.859257951831342792e-01,9.999999999999910072e-01,9.859257951832867128e-01,9.859600604943778990e-01,9.859601257954625497e-01,9.859203888334300281e-01,9.859204143353056393e-01,9.859602592356661033e-01,9.859613669042787132e-01,9.859614672846984673e-01,9.859614813344019790e-01,9.859614672851838568e-01,9.859613669046329854e-01,9.859602592359233419e-01,9.859204143358309969e-01,9.859203948702862652e-01,9.859602179949268352e-01,9.859612187251914905e-01,9.859601465975782464e-01,9.859257951832867128e-01,9.999999999999910072e-01,9.859256805589590167e-01,9.859589394240304561e-01,9.859202679295089311e-01,9.859203947752982478e-01,9.859602433214973427e-01,9.859613521395922398e-01,9.859614529872383626e-01,9.859614672844070338e-01,9.859614534292594490e-01,9.859613532962000493e-01,9.859602460953035274e-01,9.859204023760009816e-01,9.859203003789626107e-01,9.859601377918002507e-01,9.859612248204444596e-01,9.859612187247263071e-01,9.859600604943778990e-01,9.859256805589590167e-01,9.999999999999910072e-01,9.859244669339196632e-01,9.859189870693445545e-01,9.859202743806417812e-01,9.859601377749119822e-01,9.859612501433736576e-01,9.859613521389990476e-01,9.859613669033941985e-01,9.859613532957360871e-01,9.859612533567815307e-01,9.859601464037224261e-01,9.859203031681763596e-01,9.859191955443318278e-01,9.859590364332793122e-01,9.859601377928589594e-01,9.859602179955195833e-01,9.859601257954625497e-01,9.859589394240304561e-01,9.859244669339196632e-01,9.999999999999910072e-01,9.858832915507569350e-01,9.859190563613489111e-01,9.859590109270641722e-01,9.859601377752555962e-01,9.859602433212454331e-01,9.859602592351236483e-01,9.859602460952811009e-01,9.859601464041594099e-01,9.859590396466210160e-01,9.859191967085857433e-01,9.858793551307208913e-01,9.859191955434407628e-01,9.859203003791316977e-01,9.859203948699907238e-01,9.859203888334300281e-01,9.859202679295089311e-01,9.859189870693445545e-01,9.858832915507569350e-01,9.999999999999910072e-01,9.858778949845177220e-01,9.859190563616212488e-01,9.859202743812549574e-01,9.859203947753168995e-01,9.859204143350349669e-01,9.859204023759826629e-01,9.859203031686195606e-01,9.859191967085914055e-01,9.858793555784119977e-01,9.858793555780362983e-01,9.859191967073193119e-01,9.859203031679681928e-01,9.859204023753275203e-01,9.859204143353056393e-01,9.859203947752982478e-01,9.859202743806417812e-01,9.859190563613489111e-01,9.858778949845177220e-01,9.999999999999910072e-01,9.858832915502236949e-01,9.859189870691558166e-01,9.859202679287278892e-01,9.859203888323567755e-01,9.859203948698419540e-01,9.859203003789811515e-01,9.859191955439113864e-01,9.858793551302967861e-01,9.859191967084829367e-01,9.859590396456208161e-01,9.859601464037812679e-01,9.859602460948977409e-01,9.859602592356661033e-01,9.859602433214973427e-01,9.859601377749119822e-01,9.859590109270641722e-01,9.859190563616212488e-01,9.858832915502236949e-01,9.999999999999910072e-01,9.859244669340008205e-01,9.859589394235224180e-01,9.859601257946615238e-01,9.859602179956454826e-01,9.859601377929821941e-01,9.859590364340209412e-01,9.859191955441798383e-01,9.859203031684122820e-01,9.859601464030625095e-01,9.859612533567428949e-01,9.859613532956967852e-01,9.859613669042787132e-01,9.859613521395922398e-01,9.859612501433736576e-01,9.859601377752555962e-01,9.859202743812549574e-01,9.859189870691558166e-01,9.859244669340008205e-01,9.999999999999910072e-01,9.859256805587862660e-01,9.859600604939177115e-01,9.859612187251921567e-01,9.859612248209080887e-01,9.859601377928828292e-01,9.859203003791515707e-01,9.859204023756446000e-01,9.859602460940521951e-01,9.859613532955674442e-01,9.859614534286252896e-01,9.859614672846984673e-01,9.859614529872383626e-01,9.859613521389990476e-01,9.859602433212454331e-01,9.859203947753168995e-01,9.859202679287278892e-01,9.859589394235224180e-01,9.859256805587862660e-01,9.999999999999910072e-01,9.859257951822240074e-01,9.859601465974503487e-01,9.859612187250617055e-01,9.859602179954183310e-01,9.859203948698819220e-01,9.859204143351832927e-01,9.859602592343806871e-01,9.859613669037105010e-01,9.859614672842574867e-01,9.859614813344019790e-01,9.859614672844070338e-01,9.859613669033941985e-01,9.859602592351236483e-01,9.859204143350349669e-01,9.859203888323567755e-01,9.859601257946615238e-01,9.859600604939177115e-01,9.859257951822240074e-01,9.999999999999910072e-01,9.859257951827120614e-01,9.859600604942714286e-01,9.859601257949187625e-01,9.859203888328798016e-01,9.859203947759505038e-01,9.859602433209869732e-01,9.859613521397997404e-01,9.859614529875742051e-01,9.859614672851838568e-01,9.859614534292594490e-01,9.859613532957360871e-01,9.859602460952811009e-01,9.859204023759826629e-01,9.859203948698419540e-01,9.859602179956454826e-01,9.859612187251921567e-01,9.859601465974503487e-01,9.859257951827120614e-01,9.999999999999910072e-01,9.859256805596358086e-01,9.859589394242636029e-01,9.859202679297365268e-01,9.859202743817555570e-01,9.859601377748653528e-01,9.859612501440433441e-01,9.859613521397962987e-01,9.859613669046329854e-01,9.859613532962000493e-01,9.859612533567815307e-01,9.859601464041594099e-01,9.859203031686195606e-01,9.859203003789811515e-01,9.859601377929821941e-01,9.859612248209080887e-01,9.859612187250617055e-01,9.859600604942714286e-01,9.859256805596358086e-01,9.999999999999910072e-01,9.859244669346191037e-01,9.859189870700342251e-01,9.859190563620251480e-01,9.859590109265788938e-01,9.859601377754861895e-01,9.859602433216064776e-01,9.859602592359233419e-01,9.859602460953035274e-01,9.859601464037224261e-01,9.859590396466210160e-01,9.859191967085914055e-01,9.859191955439113864e-01,9.859590364340209412e-01,9.859601377928828292e-01,9.859602179954183310e-01,9.859601257949187625e-01,9.859589394242636029e-01,9.859244669346191037e-01,9.999999999999910072e-01,9.858832915510102879e-01,9.858778949851894069e-01,9.859190563611310854e-01,9.859202743814805547e-01,9.859203947756735031e-01,9.859204143358309969e-01,9.859204023760009816e-01,9.859203031681763596e-01,9.859191967085857433e-01,9.858793555784119977e-01,9.858793551302967861e-01,9.859191955441798383e-01,9.859203003791515707e-01,9.859203948698819220e-01,9.859203888328798016e-01,9.859202679297365268e-01,9.859189870700342251e-01,9.858832915510102879e-01,9.999999999999910072e-01
