9.999999999999853451e-01,9.999999999999853451e-01,9.999999999999853451e-01,9.999999999999853451e-01,9.999999999999853451e-01,9.999999999999853451e-01,9.999999999999853451e-01,9.999999999999853451e-01,9.999999999999853451e-01,9.999999999999853451e-01,9.999999999999853451e-01,9.999999999999853451e-01,9.999999999999853451e-01,9.999999999999853451e-01,9.999999999999853451e-01,9.999999999999853451e-01,9.999999999999853451e-01,9.999999999999853451e-01,9.999999999999853451e-01,9.999999999999853451e-01,9.999999999999853451e-01,9.999999999999853451e-01,9.999999999999853451e-01,9.999999999999853451e-01,9.999999999999853451e-01,9.999999999999853451e-01,9.999999999999853451e-01,9.999999999999853451e-01,9.999999999999853451e-01,9.999999999999853451e-01,9.999999999999853451e-01,9.999999999999853451e-01,9.999999999999853451e-01,9.999999999999853451e-01,9.999999999999853451e-01,9.999999999999853451e-01,9.999999999999853451e-01,9.999999999999853451e-01,9.999999999999853451e-01,9.999999999999853451e-01,9.999999999999853451e-01,9.999999999999853451e-01,9.999999999999853451e-01,9.999999999999853451e-01,9.999999999999853451e-01,9.999999999999853451e-01,9.999999999999853451e-01,9.999999999999853451e-01,9.999999999999853451e-01,9.999999999999853451e-01,9.999999999999853451e-01,9.999999999999853451e-01,9.999999999999853451e-01,9.999999999999853451e-01,9.999999999999853451e-01,9.999999999999853451e-01,9.999999999999853451e-01,9.999999999999853451e-01,9.999999999999853451e-01,9.999999999999853451e-01,9.999999999999853451e-01,9.999999999999853451e-01,9.999999999999853451e-01,9.999999999999853451e-01,9.999999999999853451e-01,9.999999999999853451e-01,9.999999999999853451e-01,9.999999999999853451e-01,9.999999999999853451e-01,9.999999999999853451e-01,9.999999999999853451e-01,9.999999999999853451e-01,9.999999999999853451e-01,9.999999999999853451e-01,9.999999999999853451e-01,9.999999999999853451e-01,9.999999999999853451e-01,9.999999999999853451e-01,9.999999999999853451e-01,9.999999999999853451e-01,9.999999999999853451e-01,9.999999999999853451e-01,9.999999999999853451e-01,9.999999999999853451e-01,9.999999999999853451e-01,9.999999999999853451e-01,9.999999999999853451e-01,9.999999999999853451e-01,9.999999999999853451e-01,9.999999999999853451e-01,9.999999999999853451e-01,9.999999999999853451e-01,9.999999999999853451e-01,9.999999999999853451e-01,9.999999999999853451e-01,9.999999999999853451e-01,9.999999999999853451e-01,9.999999999999853451e-01,9.999999999999853451e-01,9.999999999999853451e-01,9.999999999999853451e-01,9.999999999999853451e-01,9.999999999999853451e-01,9.999999999999853451e-01,9.999999999999853451e-01,9.999999999999853451e-01,9.999999999999853451e-01,9.999999999999853451e-01,9.999999999999853451e-01,9.999999999999853451e-01,9.999999999999853451e-01,9.999999999999853451e-01,9.999999999999853451e-01,9.999999999999853451e-01,9.999999999999853451e-01,9.999999999999853451e-01,9.999999999999853451e-01,9.999999999999853451e-01,9.999999999999853451e-01,9.999999999999853451e-01,9.999999999999853451e-01,9.999999999999853451e-01,9.999999999999853451e-01,9.999999999999853451e-01,9.999999999999853451e-01,9.999999999999853451e-01,9.999999999999853451e-01,9.999999999999853451e-01,9.999999999999853451e-01,9.999999999999853451e-01,9.999999999999853451e-01,9.999999999999853451e-01,9.999999999999853451e-01,9.999999999999853451e-01,9.999999999999853451e-01,9.999999999999853451e-01,9.999999999999853451e-01,9.999999999999853451e-01,9.999999999999853451e-01,9.999999999999853451e-01,9.999999999999853451e-01,9.999999999999853451e-01,9.999999999999853451e-01,9.999999999999853451e-01,9.999999999999853451e-01,9.999999999999853451e-01,9.999999999999853451e-01,9.999999999999853451e-01,9.999999999999853451e-01,9.999999999999853451e-01,9.999999999999853451e-01,9.999999999999853451e-01,9.999999999999853451e-01,9.999999999999853451e-01,9.999999999999853451e-01,9.999999999999853451e-01,9.999999999999853451e-01,9.999999999999853451e-01,9.999999999999853451e-01,9.999999999999853451e-01,9.999999999999853451e-01,9.999999999999853451e-01,9.999999999999853451e-01,9.999999999999853451e-01,9.999999999999853451e-01,9.999999999999853451e-01,9.999999999999853451e-01,9.999999999999853451e-01,9.999999999999853451e-01,9.999999999999853451e-01,9.999999999999853451e-01,9.999999999999853451e-01,9.999999999999853451e-01,9.999999999999853451e-01,9.999999999999853451e-01,9.999999999999853451e-01,9.999999999999853451e-01,9.999999999999853451e-01,9.999999999999853451e-01,9.999999999999853451e-01,9.999999999999853451e-01,9.999999999999853451e-01,9.999999999999853451e-01,9.999999999999853451e-01,9.999999999999853451e-01,9.999999999999853451e-01,9.999999999999853451e-01,9.999999999999853451e-01,9.999999999999853451e-01,9.999999999999853451e-01,9.999999999999853451e-01,9.999999999999853451e-01,9.999999999999853451e-01,9.999999999999853451e-01,9.999999999999853451e-01,9.999999999999853451e-01,9.999999999999853451e-01,9.999999999999853451e-01,9.999999999999853451e-01,9.999999999999853451e-01,9.999999999999853451e-01,9.999999999999853451e-01,9.999999999999853451e-01,9.999999999999853451e-01,9.999999999999853451e-01,9.999999999999853451e-01,9.999999999999853451e-01,9.999999999999853451e-01,9.999999999999853451e-01,9.999999999999853451e-01,9.999999999999853451e-01,9.999999999999853451e-01,9.999999999999853451e-01,9.999999999999853451e-01,9.999999999999853451e-01,9.999999999999853451e-01,9.999999999999853451e-01,9.999999999999853451e-01,9.999999999999853451e-01,9.999999999999853451e-01,9.999999999999853451e-01,9.999999999999853451e-01,9.999999999999853451e-01,9.999999999999853451e-01,9.999999999999853451e-01,9.999999999999853451e-01,9.999999999999853451e-01,9.999999999999853451e-01,9.999999999999853451e-01,9.999999999999853451e-01,9.999999999999853451e-01,9.999999999999853451e-01,9.999999999999853451e-01,9.999999999999853451e-01,9.999999999999853451e-01,9.999999999999853451e-01,9.999999999999853451e-01,9.999999999999853451e-01,9.999999999999853451e-01,9.999999999999853451e-01,9.999999999999853451e-01,9.999999999999853451e-01,9.999999999999853451e-01,9.999999999999853451e-01,9.999999999999853451e-01,9.999999999999853451e-01,9.999999999999853451e-01,9.999999999999853451e-01,9.999999999999853451e-01,9.999999999999853451e-01,9.999999999999853451e-01,9.999999999999853451e-01,9.999999999999853451e-01,9.999999999999853451e-01,9.999999999999853451e-01,9.999999999999853451e-01,9.999999999999853451e-01,9.999999999999853451e-01,9.999999999999853451e-01,9.999999999999853451e-01,9.999999999999853451e-01,9.999999999999853451e-01,9.999999999999853451e-01,9.999999999999853451e-01,9.999999999999853451e-01,9.999999999999853451e-01,9.999999999999853451e-01,9.999999999999853451e-01,9.999999999999853451e-01,9.999999999999853451e-01,9.999999999999853451e-01,9.999999999999853451e-01,9.999999999999853451e-01,9.999999999999853451e-01,9.999999999999853451e-01,9.999999999999853451e-01,9.999999999999853451e-01,9.999999999999853451e-01,9.999999999999853451e-01,9.999999999999853451e-01,9.999999999999853451e-01,9.999999999999853451e-01,9.999999999999853451e-01,9.999999999999853451e-01,9.999999999999853451e-01,9.999999999999853451e-01,9.999999999999853451e-01,9.999999999999853451e-01,9.999999999999853451e-01,9.999999999999853451e-01,9.999999999999853451e-01,9.999999999999853451e-01,9.999999999999853451e-01,9.999999999999853451e-01,9.999999999999853451e-01,9.999999999999853451e-01,9.999999999999853451e-01,9.999999999999853451e-01,9.999999999999853451e-01,9.999999999999853451e-01,9.999999999999853451e-01,9.999999999999853451e-01,9.999999999999853451e-01,9.999999999999853451e-01,9.999999999999853451e-01,9.999999999999853451e-01,9.999999999999853451e-01,9.999999999999853451e-01,9.999999999999853451e-01,9.999999999999853451e-01,9.999999999999853451e-01,9.999999999999853451e-01,9.999999999999853451e-01,9.999999999999853451e-01,9.999999999999853451e-01,9.999999999999853451e-01,9.999999999999853451e-01,9.999999999999853451e-01,9.999999999999853451e-01,9.999999999999853451e-01,9.999999999999853451e-01,9.999999999999853451e-01,9.999999999999853451e-01,9.999999999999853451e-01
9.999999999999988898e-01,9.952233066998529276e-01,9.952280445095891270e-01,9.952282035169086605e-01,9.952282193955034328e-01,9.952282226418209810e-01,9.952282236187248721e-01,9.952282239856804491e-01,9.952282241331307233e-01,9.952282241736031265e-01,9.952282241330968615e-01,9.952282239856746759e-01,9.952282236186746900e-01,9.952282226417714650e-01,9.952282193955355183e-01,9.952282035169807139e-01,9.952280445096430839e-01,9.952233066998659172e-01,9.952233066998529276e-01,9.999999999999988898e-01,9.952286798351280828e-01,9.952327736243568035e-01,9.952329329619267195e-01,9.952329485788666830e-01,9.952329517060640729e-01,9.952329526307726049e-01,9.952329529693777488e-01,9.952329530942511937e-01,9.952329531058942136e-01,9.952329530107628663e-01,9.952329527286940536e-01,9.952329519444320649e-01,9.952329492607743244e-01,9.952329355551781109e-01,9.952327891342356292e-01,9.952282005045151037e-01,9.952280445095891270e-01,9.952286798351280828e-01,9.999999999999988898e-01,9.952334206372074332e-01,9.952373737159079248e-01,9.952375218156988002e-01,9.952375355555135306e-01,9.952375382034224227e-01,9.952375389623840940e-01,9.952375392227209572e-01,9.952375392893479944e-01,9.952375392233294704e-01,9.952375389641624492e-01,9.952375382092363276e-01,9.952375355811693414e-01,9.952375220126299382e-01,9.952373760170666328e-01,9.952327891341954391e-01,9.952282035169086605e-01,9.952327736243568035e-01,9.952334206372074332e-01,9.999999999999988898e-01,9.952335801737705046e-01,9.952375220800866451e-01,9.952376683244112954e-01,9.952376815902261864e-01,9.952376840739936004e-01,9.952376847552870665e-01,9.952376849576308748e-01,9.952376849466961772e-01,9.952376847166545248e-01,9.952376839845578083e-01,9.952376813856302906e-01,9.952376678722215653e-01,9.952375220126125077e-01,9.952329355551194912e-01,9.952282193955034328e-01,9.952329329619267195e-01,9.952373737159079248e-01,9.952335801737705046e-01,9.999999999999988898e-01,9.952335962644898171e-01,9.952375362977025075e-01,9.952376820679688096e-01,9.952376951697391450e-01,9.952376975758755462e-01,9.952376981991895022e-01,9.952376983239787922e-01,9.952376981490225205e-01,9.952376974460507286e-01,9.952376948699482861e-01,9.952376813856701476e-01,9.952375355811912128e-01,9.952329492607558947e-01,9.952282226418209810e-01,9.952329485788666830e-01,9.952375218156988002e-01,9.952375220800866451e-01,9.952335962644898171e-01,9.999999999999988898e-01,9.952335996018611963e-01,9.952375391560728257e-01,9.952376847621715594e-01,9.952376977863094387e-01,9.952377001344684393e-01,9.952377006802285431e-01,9.952377006409967031e-01,9.952376999931098478e-01,9.952376974461326631e-01,9.952376839846790446e-01,9.952375382093402445e-01,9.952329519444946815e-01,9.952282236187248721e-01,9.952329517060640729e-01,9.952375355555135306e-01,9.952376683244112954e-01,9.952375362977025075e-01,9.952335996018611963e-01,9.999999999999988898e-01,9.952336006178118533e-01,9.952375400062370980e-01,9.952376855346573015e-01,9.952376985008152266e-01,9.952377007714204860e-01,9.952377011531591267e-01,9.952377006409970361e-01,9.952376981491048991e-01,9.952376847167763163e-01,9.952375389642665882e-01,9.952329527287576694e-01,9.952282239856804491e-01,9.952329526307726049e-01,9.952375382034224227e-01,9.952376815902261864e-01,9.952376820679688096e-01,9.952375391560728257e-01,9.952336006178118533e-01,9.999999999999988898e-01,9.952336009956395113e-01,9.952375403057666103e-01,9.952376857761893181e-01,9.952376986647927248e-01,9.952377007713768542e-01,9.952377006801850223e-01,9.952376983240172059e-01,9.952376849467744480e-01,9.952375392233896445e-01,9.952329530107824063e-01,9.952282241331307233e-01,9.952329529693777488e-01,9.952375389623840940e-01,9.952376840739936004e-01,9.952376951697391450e-01,9.952376847621715594e-01,9.952375400062370980e-01,9.952336009956395113e-01,9.999999999999988898e-01,9.952336011314496522e-01,9.952375403833534362e-01,9.952376857762166296e-01,9.952376985007985732e-01,9.952377001344526741e-01,9.952376981992553384e-01,9.952376849577357909e-01,9.952375392894354800e-01,9.952329531059413981e-01,9.952282241736031265e-01,9.952329530942511937e-01,9.952375392227209572e-01,9.952376847552870665e-01,9.952376975758755462e-01,9.952376977863094387e-01,9.952376855346573015e-01,9.952375403057666103e-01,9.952336011314496522e-01,9.999999999999988898e-01,9.952336011314156794e-01,9.952375403057602821e-01,9.952376855346072304e-01,9.952376977862598117e-01,9.952376975759079647e-01,9.952376847553587869e-01,9.952375392227750250e-01,9.952329530942645164e-01,9.952282241330968615e-01,9.952329531058942136e-01,9.952375392893479944e-01,9.952376849576308748e-01,9.952376981991895022e-01,9.952377001344684393e-01,9.952376985008152266e-01,9.952376857761893181e-01,9.952375403833534362e-01,9.952336011314156794e-01,9.999999999999988898e-01,9.952336009956003204e-01,9.952375400061534982e-01,9.952376847620885147e-01,9.952376951697378127e-01,9.952376840740316810e-01,9.952375389624047441e-01,9.952329529693572097e-01,9.952282239856746759e-01,9.952329530107628663e-01,9.952375392233294704e-01,9.952376849466961772e-01,9.952376983239787922e-01,9.952377006802285431e-01,9.952377007714204860e-01,9.952376986647927248e-01,9.952376857762166296e-01,9.952375403057602821e-01,9.952336009956003204e-01,9.999999999999988898e-01,9.952336006177561201e-01,9.952375391560168705e-01,9.952376820679944558e-01,9.952376815902913565e-01,9.952375382034698292e-01,9.952329526307799323e-01,9.952282236186746900e-01,9.952329527286940536e-01,9.952375389641624492e-01,9.952376847166545248e-01,9.952376981490225205e-01,9.952377006409967031e-01,9.952377011531591267e-01,9.952377007713768542e-01,9.952376985007985732e-01,9.952376855346072304e-01,9.952375400061534982e-01,9.952336006177561201e-01,9.999999999999988898e-01,9.952335996017621644e-01,9.952375362976845219e-01,9.952376683244331668e-01,9.952375355555177494e-01,9.952329517060272135e-01,9.952282226417714650e-01,9.952329519444320649e-01,9.952375382092363276e-01,9.952376839845578083e-01,9.952376974460507286e-01,9.952376999931098478e-01,9.952377006409970361e-01,9.952377006801850223e-01,9.952377001344526741e-01,9.952376977862598117e-01,9.952376847620885147e-01,9.952375391560168705e-01,9.952335996017621644e-01,9.999999999999988898e-01,9.952335962644731637e-01,9.952375220801089606e-01,9.952375218157032410e-01,9.952329485788304897e-01,9.952282193955355183e-01,9.952329492607743244e-01,9.952375355811693414e-01,9.952376813856302906e-01,9.952376948699482861e-01,9.952376974461326631e-01,9.952376981491048991e-01,9.952376983240172059e-01,9.952376981992553384e-01,9.952376975759079647e-01,9.952376951697378127e-01,9.952376820679944558e-01,9.952375362976845219e-01,9.952335962644731637e-01,9.999999999999988898e-01,9.952335801738741994e-01,9.952373737159941891e-01,9.952329329619720166e-01,9.952282035169807139e-01,9.952329355551781109e-01,9.952375220126299382e-01,9.952376678722215653e-01,9.952376813856701476e-01,9.952376839846790446e-01,9.952376847167763163e-01,9.952376849467744480e-01,9.952376849577357909e-01,9.952376847553587869e-01,9.952376840740316810e-01,9.952376815902913565e-01,9.952376683244331668e-01,9.952375220801089606e-01,9.952335801738741994e-01,9.999999999999988898e-01,9.952334206373328884e-01,9.952327736244410694e-01,9.952280445096430839e-01,9.952327891342356292e-01,9.952373760170666328e-01,9.952375220126125077e-01,9.952375355811912128e-01,9.952375382093402445e-01,9.952375389642665882e-01,9.952375392233896445e-01,9.952375392894354800e-01,9.952375392227750250e-01,9.952375389624047441e-01,9.952375382034698292e-01,9.952375355555177494e-01,9.952375218157032410e-01,9.952373737159941891e-01,9.952334206373328884e-01,9.999999999999988898e-01,9.952286798351950292e-01,9.952233066998659172e-01,9.952282005045151037e-01,9.952327891341954391e-01,9.952329355551194912e-01,9.952329492607558947e-01,9.952329519444946815e-01,9.952329527287576694e-01,9.952329530107824063e-01,9.952329531059413981e-01,9.952329530942645164e-01,9.952329529693572097e-01,9.952329526307799323e-01,9.952329517060272135e-01,9.952329485788304897e-01,9.952329329619720166e-01,9.952327736244410694e-01,9.952286798351950292e-01,9.999999999999988898e-01
9.999999999999997780e-01,9.905024612820959584e-01,9.905211061710021969e-01,9.905216986297816772e-01,9.905217586787377071e-01,9.905217711400371439e-01,9.905217749140168282e-01,9.905217763359253080e-01,9.905217769081348100e-01,9.905217770651775222e-01,9.905217769079430745e-01,9.905217763358586947e-01,9.905217749136964178e-01,9.905217711397427127e-01,9.905217586789420992e-01,9.905216986302529669e-01,9.905211061713811160e-01,9.905024612822257435e-01,9.905024612820959584e-01,9.999999999999997780e-01,9.905235997908584666e-01,9.905397212371158666e-01,9.905403255121940642e-01,9.905403851519496428e-01,9.905403972129813717e-01,9.905404007952473000e-01,9.905404021098047629e-01,9.905404025952736502e-01,9.905404026414773577e-01,9.905404022739064951e-01,9.905404011842674494e-01,9.905403981640805711e-01,9.905403879005612033e-01,9.905403363104127168e-01,9.905397926450036916e-01,9.905217365954539499e-01,9.905211061710021969e-01,9.905235997908584666e-01,9.999999999999997780e-01,9.905422565168230387e-01,9.905578217486149528e-01,9.905583825749378901e-01,9.905584349368417030e-01,9.905584451329759732e-01,9.905584480691531635e-01,9.905584490784997698e-01,9.905584493377107558e-01,9.905584490832137767e-01,9.905584480828790728e-01,9.905584451774613886e-01,9.905584351315530611e-01,9.905583840770830761e-01,9.905578420668514905e-01,9.905397926447544465e-01,9.905216986297816772e-01,9.905397212371158666e-01,9.905422565168230387e-01,9.999999999999997780e-01,9.905428505250704063e-01,9.905583728382552078e-01,9.905589265561847157e-01,9.905589770941988226e-01,9.905589866566839596e-01,9.905589892923002404e-01,9.905589900773489331e-01,9.905589900366438272e-01,9.905589891494781529e-01,9.905589863328153610e-01,9.905589764001748732e-01,9.905589255598222787e-01,9.905583840769922599e-01,9.905403363100715453e-01,9.905217586787377071e-01,9.905403255121940642e-01,9.905578217486149528e-01,9.905428505250704063e-01,9.999999999999997780e-01,9.905429113232961935e-01,9.905584263909678056e-01,9.905589782845218849e-01,9.905590281895788607e-01,9.905590374517647678e-01,9.905590398631872739e-01,9.905590403483663930e-01,9.905590396750043602e-01,9.905590369715064902e-01,9.905590271275915848e-01,9.905589764004415487e-01,9.905584351317267000e-01,9.905403879004870404e-01,9.905217711400371439e-01,9.905403851519496428e-01,9.905583825749378901e-01,9.905583728382552078e-01,9.905429113232961935e-01,9.999999999999997780e-01,9.905429241207512892e-01,9.905584373259203046e-01,9.905589885856158627e-01,9.905590381903657260e-01,9.905590472283697379e-01,9.905590493399271113e-01,9.905590491924524121e-01,9.905590467027575174e-01,9.905590369720067567e-01,9.905589863335824141e-01,9.905584451781357380e-01,9.905403981645053424e-01,9.905217749140168282e-01,9.905403972129813717e-01,9.905584349368417030e-01,9.905589265561847157e-01,9.905584263909678056e-01,9.905429241207512892e-01,9.999999999999997780e-01,9.905429280408178938e-01,9.905584405996392672e-01,9.905589915586908711e-01,9.905590409392402984e-01,9.905590496773805098e-01,9.905590511562838429e-01,9.905590491924767260e-01,9.905590396755291627e-01,9.905589891502697419e-01,9.905584480835796235e-01,9.905404011847189771e-01,9.905217763359253080e-01,9.905404007952473000e-01,9.905584451329759732e-01,9.905589770941988226e-01,9.905589782845218849e-01,9.905584373259203046e-01,9.905429280408178938e-01,9.999999999999997780e-01,9.905429295028486125e-01,9.905584417562396382e-01,9.905589924909626864e-01,9.905590415716433172e-01,9.905590496771287112e-01,9.905590493396999596e-01,9.905590403486397300e-01,9.905589900371833956e-01,9.905584490836619738e-01,9.905404022741054471e-01,9.905217769081348100e-01,9.905404021098047629e-01,9.905584480691531635e-01,9.905589866566839596e-01,9.905590281895788607e-01,9.905589885856158627e-01,9.905584405996392672e-01,9.905429295028486125e-01,9.999999999999997780e-01,9.905429300289471106e-01,9.905584420562685288e-01,9.905589924910861432e-01,9.905590409391108464e-01,9.905590472282659320e-01,9.905590398635838456e-01,9.905589900780111812e-01,9.905584493382807443e-01,9.905404026417989893e-01,9.905217770651775222e-01,9.905404025952736502e-01,9.905584490784997698e-01,9.905589892923002404e-01,9.905590374517647678e-01,9.905590381903657260e-01,9.905589915586908711e-01,9.905584417562396382e-01,9.905429300289471106e-01,9.999999999999997780e-01,9.905429300287551531e-01,9.905584417561716926e-01,9.905589915583703498e-01,9.905590381900708508e-01,9.905590374519703811e-01,9.905589892927716411e-01,9.905584490788789109e-01,9.905404025954053226e-01,9.905217769079430745e-01,9.905404026414773577e-01,9.905584493377107558e-01,9.905589900773489331e-01,9.905590398631872739e-01,9.905590472283697379e-01,9.905590409392402984e-01,9.905589924909626864e-01,9.905584420562685288e-01,9.905429300287551531e-01,9.999999999999997780e-01,9.905429295025884873e-01,9.905584405991283425e-01,9.905589885851304732e-01,9.905590281895925164e-01,9.905589866569648461e-01,9.905584480693419014e-01,9.905404021097452549e-01,9.905217763358586947e-01,9.905404022739064951e-01,9.905584490832137767e-01,9.905589900366438272e-01,9.905590403483663930e-01,9.905590493399271113e-01,9.905590496773805098e-01,9.905590415716433172e-01,9.905589924910861432e-01,9.905584417561716926e-01,9.905429295025884873e-01,9.999999999999997780e-01,9.905429280404282055e-01,9.905584373255568176e-01,9.905589782846575542e-01,9.905589770946017225e-01,9.905584451332862805e-01,9.905404007953099166e-01,9.905217749136964178e-01,9.905404011842674494e-01,9.905584480828790728e-01,9.905589891494781529e-01,9.905590396750043602e-01,9.905590491924524121e-01,9.905590511562838429e-01,9.905590496771287112e-01,9.905590409391108464e-01,9.905589915583703498e-01,9.905584405991283425e-01,9.905429280404282055e-01,9.999999999999997780e-01,9.905429241201338941e-01,9.905584263908522313e-01,9.905589265563365942e-01,9.905584349369018771e-01,9.905403972127915235e-01,9.905217711397427127e-01,9.905403981640805711e-01,9.905584451774613886e-01,9.905589863328153610e-01,9.905590369715064902e-01,9.905590467027575174e-01,9.905590491924767260e-01,9.905590493396999596e-01,9.905590472282659320e-01,9.905590381900708508e-01,9.905589885851304732e-01,9.905584373255568176e-01,9.905429241201338941e-01,9.999999999999997780e-01,9.905429113232059324e-01,9.905583728384315112e-01,9.905583825750223781e-01,9.905403851517844416e-01,9.905217586789420992e-01,9.905403879005612033e-01,9.905584351315530611e-01,9.905589764001748732e-01,9.905590271275915848e-01,9.905590369720067567e-01,9.905590396755291627e-01,9.905590403486397300e-01,9.905590398635838456e-01,9.905590374519703811e-01,9.905590281895925164e-01,9.905589782846575542e-01,9.905584263908522313e-01,9.905429113232059324e-01,9.999999999999997780e-01,9.905428505257490857e-01,9.905578217491993742e-01,9.905403255125289075e-01,9.905216986302529669e-01,9.905403363104127168e-01,9.905583840770830761e-01,9.905589255598222787e-01,9.905589764004415487e-01,9.905589863335824141e-01,9.905589891502697419e-01,9.905589900371833956e-01,9.905589900780111812e-01,9.905589892927716411e-01,9.905589866569648461e-01,9.905589770946017225e-01,9.905589265563365942e-01,9.905583728384315112e-01,9.905428505257490857e-01,9.999999999999997780e-01,9.905422565176768002e-01,9.905397212377169414e-01,9.905211061713811160e-01,9.905397926450036916e-01,9.905578420668514905e-01,9.905583840769922599e-01,9.905584351317267000e-01,9.905584451781357380e-01,9.905584480835796235e-01,9.905584490836619738e-01,9.905584493382807443e-01,9.905584490788789109e-01,9.905584480693419014e-01,9.905584451332862805e-01,9.905584349369018771e-01,9.905583825750223781e-01,9.905578217491993742e-01,9.905422565176768002e-01,9.999999999999997780e-01,9.905235997913705015e-01,9.905024612822257435e-01,9.905217365954539499e-01,9.905397926447544465e-01,9.905403363100715453e-01,9.905403879004870404e-01,9.905403981645053424e-01,9.905404011847189771e-01,9.905404022741054471e-01,9.905404026417989893e-01,9.905404025954053226e-01,9.905404021097452549e-01,9.905404007953099166e-01,9.905403972127915235e-01,9.905403851517844416e-01,9.905403255125289075e-01,9.905397212377169414e-01,9.905235997913705015e-01,9.999999999999997780e-01
1.000000000000003775e+00,9.858363415274286057e-01,9.858776201124015426e-01,9.858788592937511863e-01,9.858789871903723689e-01,9.858790141243284344e-01,9.858790223307510869e-01,9.858790254315346058e-01,9.858790266810963931e-01,9.858790270240300746e-01,9.858790266805788072e-01,9.858790254312741475e-01,9.858790223298657951e-01,9.858790141234711202e-01,9.858789871909353630e-01,9.858788592951339691e-01,9.858776201135136530e-01,9.858363415278929009e-01,9.858363415274286057e-01,1.000000000000003775e+00,9.858831260791605100e-01,9.859188428313682140e-01,9.859201310634199134e-01,9.859202592978143498e-01,9.859202854843932551e-01,9.859202932948164522e-01,9.859202961667620224e-01,9.859202972288468869e-01,9.859202973319515229e-01,9.859202965326935297e-01,9.859202941637698059e-01,9.859202876168059460e-01,9.859202655132056625e-01,9.859201561455531726e-01,9.859190233600095832e-01,9.858790519114927209e-01,9.858776201124015426e-01,9.858831260791605100e-01,1.000000000000003775e+00,9.859244316910188433e-01,9.859589117122352642e-01,9.859601054176491131e-01,9.859602177685276025e-01,9.859602398712723481e-01,9.859602462644009302e-01,9.859602484666997180e-01,9.859602490341822234e-01,9.859602484820513268e-01,9.859602463090586522e-01,9.859602400146743051e-01,9.859602183901770012e-01,9.859601101996945394e-01,9.859589810294081547e-01,9.859190233593602137e-01,9.858788592937511863e-01,9.859188428313682140e-01,9.859244316910188433e-01,1.000000000000003775e+00,9.859256731631631521e-01,9.859600604676731495e-01,9.859612388488663282e-01,9.859613472500946552e-01,9.859613679762212479e-01,9.859613737149164336e-01,9.859613754290248444e-01,9.859613753438475348e-01,9.859613734183004796e-01,9.859613673180809279e-01,9.859613459413206771e-01,9.859612382187473711e-01,9.859601101994266426e-01,9.859201561446355733e-01,9.858789871903723689e-01,9.859201310634199134e-01,9.859589117122352642e-01,9.859256731631631521e-01,1.000000000000003775e+00,9.859258025396197000e-01,9.859601740698124006e-01,9.859613484996390120e-01,9.859614555263163105e-01,9.859614755987911039e-01,9.859614808496123262e-01,9.859614819111949258e-01,9.859614804526418697e-01,9.859614745998530605e-01,9.859614534171718958e-01,9.859613459421409098e-01,9.859602183907257844e-01,9.859202655131085180e-01,9.858790141243284344e-01,9.859202592978143498e-01,9.859601054176491131e-01,9.859600604676731495e-01,9.859258025396197000e-01,1.000000000000003775e+00,9.859258301709673544e-01,9.859601976256658906e-01,9.859613706781666931e-01,9.859614770511665460e-01,9.859614966358000165e-01,9.859615012341104157e-01,9.859615009223257065e-01,9.859614955365306743e-01,9.859614746012764774e-01,9.859613673203254658e-01,9.859602400166460612e-01,9.859202876181293318e-01,9.858790223307510869e-01,9.859202854843932551e-01,9.859602177685276025e-01,9.859612388488663282e-01,9.859601740698124006e-01,9.859258301709673544e-01,1.000000000000003775e+00,9.859258386847199462e-01,9.859602047214147680e-01,9.859613771192017317e-01,9.859614830043067490e-01,9.859615019364322830e-01,9.859615051613767056e-01,9.859615009223511306e-01,9.859614804540893784e-01,9.859613734205696645e-01,9.859602463110590520e-01,9.859202941651219465e-01,9.858790254315346058e-01,9.859202932948164522e-01,9.859602398712723481e-01,9.859613472500946552e-01,9.859613484996390120e-01,9.859601976256658906e-01,9.859258386847199462e-01,1.000000000000003775e+00,9.859258418685983294e-01,9.859602072349760160e-01,9.859613791444727937e-01,9.859614843770541093e-01,9.859615019358096699e-01,9.859615012335137818e-01,9.859614819120225970e-01,9.859613753454922191e-01,9.859602484834280034e-01,9.859202965334219471e-01,9.858790266810963931e-01,9.859202961667620224e-01,9.859602462644009302e-01,9.859613679762212479e-01,9.859614555263163105e-01,9.859613706781666931e-01,9.859602047214147680e-01,9.859258418685983294e-01,1.000000000000003775e+00,9.859258430154568265e-01,9.859602078878670905e-01,9.859613791447288111e-01,9.859614830039395983e-01,9.859614966354578458e-01,9.859614808506949046e-01,9.859613754309261013e-01,9.859602490358124749e-01,9.859202973329340702e-01,9.858790270240300746e-01,9.859202972288468869e-01,9.859602484666997180e-01,9.859613737149164336e-01,9.859614755987911039e-01,9.859614770511665460e-01,9.859613771192017317e-01,9.859602072349760160e-01,9.859258430154568265e-01,1.000000000000003775e+00,9.859258430149373531e-01,9.859602072347151136e-01,9.859613771183161068e-01,9.859614770503084547e-01,9.859614755993562074e-01,9.859613737163004377e-01,9.859602484678126055e-01,9.859202972293146239e-01,9.858790266805788072e-01,9.859202973319515229e-01,9.859602490341822234e-01,9.859613754290248444e-01,9.859614808496123262e-01,9.859614966358000165e-01,9.859614830043067490e-01,9.859613791444727937e-01,9.859602078878670905e-01,9.859258430149373531e-01,1.000000000000003775e+00,9.859258418678124025e-01,9.859602047200139996e-01,9.859613706767913488e-01,9.859614555263629398e-01,9.859613679770894423e-01,9.859602462649973420e-01,9.859202961667136167e-01,9.858790254312741475e-01,9.859202965326935297e-01,9.859602484820513268e-01,9.859613753438475348e-01,9.859614819111949258e-01,9.859615012341104157e-01,9.859615019364322830e-01,9.859614843770541093e-01,9.859613791447288111e-01,9.859602072347151136e-01,9.859258418678124025e-01,1.000000000000003775e+00,9.859258386835643151e-01,9.859601976245447874e-01,9.859613484999394384e-01,9.859613472512170906e-01,9.859602398721218908e-01,9.859202932950201781e-01,9.858790223298657951e-01,9.859202941637698059e-01,9.859602463090586522e-01,9.859613734183004796e-01,9.859614804526418697e-01,9.859615009223257065e-01,9.859615051613767056e-01,9.859615019358096699e-01,9.859614830039395983e-01,9.859613771183161068e-01,9.859602047200139996e-01,9.859258386835643151e-01,1.000000000000003775e+00,9.859258301692124249e-01,9.859601740694892147e-01,9.859612388493660395e-01,9.859602177687583069e-01,9.859202854839740349e-01,9.858790141234711202e-01,9.859202876168059460e-01,9.859602400146743051e-01,9.859613673180809279e-01,9.859614745998530605e-01,9.859614955365306743e-01,9.859615009223511306e-01,9.859615012335137818e-01,9.859614966354578458e-01,9.859614770503084547e-01,9.859613706767913488e-01,9.859601976245447874e-01,9.859258301692124249e-01,1.000000000000003775e+00,9.859258025393204949e-01,9.859600604681980629e-01,9.859601054179035762e-01,9.859202592974193324e-01,9.858789871909353630e-01,9.859202655132056625e-01,9.859602183901770012e-01,9.859613459413206771e-01,9.859614534171718958e-01,9.859614746012764774e-01,9.859614804540893784e-01,9.859614819120225970e-01,9.859614808506949046e-01,9.859614755993562074e-01,9.859614555263629398e-01,9.859613484999394384e-01,9.859601740694892147e-01,9.859258025393204949e-01,1.000000000000003775e+00,9.859256731651223626e-01,9.859589117139139214e-01,9.859201310644482019e-01,9.858788592951339691e-01,9.859201561455531726e-01,9.859601101996945394e-01,9.859612382187473711e-01,9.859613459421409098e-01,9.859613673203254658e-01,9.859613734205696645e-01,9.859613753454922191e-01,9.859613754309261013e-01,9.859613737163004377e-01,9.859613679770894423e-01,9.859613472512170906e-01,9.859612388493660395e-01,9.859600604681980629e-01,9.859256731651223626e-01,1.000000000000003775e+00,9.859244316935310559e-01,9.859188428332174015e-01,9.858776201135136530e-01,9.859190233600095832e-01,9.859589810294081547e-01,9.859601101994266426e-01,9.859602183907257844e-01,9.859602400166460612e-01,9.859602463110590520e-01,9.859602484834280034e-01,9.859602490358124749e-01,9.859602484678126055e-01,9.859602462649973420e-01,9.859602398721218908e-01,9.859602177687583069e-01,9.859601054179035762e-01,9.859589117139139214e-01,9.859244316935310559e-01,1.000000000000003775e+00,9.858831260807491281e-01,9.858363415278929009e-01,9.858790519114927209e-01,9.859190233593602137e-01,9.859201561446355733e-01,9.859202655131085180e-01,9.859202876181293318e-01,9.859202941651219465e-01,9.859202965334219471e-01,9.859202973329340702e-01,9.859202972293146239e-01,9.859202961667136167e-01,9.859202932950201781e-01,9.859202854839740349e-01,9.859202592974193324e-01,9.859201310644482019e-01,9.859188428332174015e-01,9.858831260807491281e-01,1.000000000000003775e+00
