1.000000000000000888e+00,1.000000000000000888e+00,1.000000000000000888e+00,1.000000000000000888e+00,1.000000000000000888e+00,1.000000000000000888e+00,1.000000000000000888e+00,1.000000000000000888e+00,1.000000000000000888e+00,1.000000000000000888e+00,1.000000000000000888e+00,1.000000000000000888e+00,1.000000000000000888e+00,1.000000000000000888e+00,1.000000000000000888e+00,1.000000000000000888e+00,1.000000000000000888e+00,1.000000000000000888e+00,1.000000000000000888e+00,1.000000000000000888e+00,1.000000000000000888e+00,1.000000000000000888e+00,1.000000000000000888e+00,1.000000000000000888e+00,1.000000000000000888e+00,1.000000000000000888e+00,1.000000000000000888e+00,1.000000000000000888e+00,1.000000000000000888e+00,1.000000000000000888e+00,1.000000000000000888e+00,1.000000000000000888e+00,1.000000000000000888e+00,1.000000000000000888e+00,1.000000000000000888e+00,1.000000000000000888e+00,1.000000000000000888e+00,1.000000000000000888e+00,1.000000000000000888e+00,1.000000000000000888e+00,1.000000000000000888e+00,1.000000000000000888e+00,1.000000000000000888e+00,1.000000000000000888e+00,1.000000000000000888e+00,1.000000000000000888e+00,1.000000000000000888e+00,1.000000000000000888e+00,1.000000000000000888e+00,1.000000000000000888e+00,1.000000000000000888e+00,1.000000000000000888e+00,1.000000000000000888e+00,1.000000000000000888e+00,1.000000000000000888e+00,1.000000000000000888e+00,1.000000000000000888e+00,1.000000000000000888e+00,1.000000000000000888e+00,1.000000000000000888e+00,1.000000000000000888e+00,1.000000000000000888e+00,1.000000000000000888e+00,1.000000000000000888e+00,1.000000000000000888e+00,1.000000000000000888e+00,1.000000000000000888e+00,1.000000000000000888e+00,1.000000000000000888e+00,1.000000000000000888e+00,1.000000000000000888e+00,1.000000000000000888e+00,1.000000000000000888e+00,1.000000000000000888e+00,1.000000000000000888e+00,1.000000000000000888e+00,1.000000000000000888e+00,1.000000000000000888e+00,1.000000000000000888e+00,1.000000000000000888e+00,1.000000000000000888e+00,1.000000000000000888e+00,1.000000000000000888e+00,1.000000000000000888e+00,1.000000000000000888e+00,1.000000000000000888e+00,1.000000000000000888e+00,1.000000000000000888e+00,1.000000000000000888e+00,1.000000000000000888e+00,1.000000000000000888e+00,1.000000000000000888e+00,1.000000000000000888e+00,1.000000000000000888e+00,1.000000000000000888e+00,1.000000000000000888e+00,1.000000000000000888e+00,1.000000000000000888e+00,1.000000000000000888e+00,1.000000000000000888e+00,1.000000000000000888e+00,1.000000000000000888e+00,1.000000000000000888e+00,1.000000000000000888e+00,1.000000000000000888e+00,1.000000000000000888e+00,1.000000000000000888e+00,1.000000000000000888e+00,1.000000000000000888e+00,1.000000000000000888e+00,1.000000000000000888e+00,1.000000000000000888e+00,1.000000000000000888e+00,1.000000000000000888e+00,1.000000000000000888e+00,1.000000000000000888e+00,1.000000000000000888e+00,1.000000000000000888e+00,1.000000000000000888e+00,1.000000000000000888e+00,1.000000000000000888e+00,1.000000000000000888e+00,1.000000000000000888e+00,1.000000000000000888e+00,1.000000000000000888e+00,1.000000000000000888e+00,1.000000000000000888e+00,1.000000000000000888e+00,1.000000000000000888e+00,1.000000000000000888e+00,1.000000000000000888e+00,1.000000000000000888e+00,1.000000000000000888e+00,1.000000000000000888e+00,1.000000000000000888e+00,1.000000000000000888e+00,1.000000000000000888e+00,1.000000000000000888e+00,1.000000000000000888e+00,1.000000000000000888e+00,1.000000000000000888e+00,1.000000000000000888e+00,1.000000000000000888e+00,1.000000000000000888e+00,1.000000000000000888e+00,1.000000000000000888e+00,1.000000000000000888e+00,1.000000000000000888e+00,1.000000000000000888e+00,1.000000000000000888e+00,1.000000000000000888e+00,1.000000000000000888e+00,1.000000000000000888e+00,1.000000000000000888e+00,1.000000000000000888e+00,1.000000000000000888e+00,1.000000000000000888e+00,1.000000000000000888e+00,1.000000000000000888e+00,1.000000000000000888e+00,1.000000000000000888e+00,1.000000000000000888e+00,1.000000000000000888e+00,1.000000000000000888e+00,1.000000000000000888e+00,1.000000000000000888e+00,1.000000000000000888e+00,1.000000000000000888e+00,1.000000000000000888e+00,1.000000000000000888e+00,1.000000000000000888e+00,1.000000000000000888e+00,1.000000000000000888e+00,1.000000000000000888e+00,1.000000000000000888e+00,1.000000000000000888e+00,1.000000000000000888e+00,1.000000000000000888e+00,1.000000000000000888e+00,1.000000000000000888e+00,1.000000000000000888e+00,1.000000000000000888e+00,1.000000000000000888e+00,1.000000000000000888e+00,1.000000000000000888e+00,1.000000000000000888e+00,1.000000000000000888e+00,1.000000000000000888e+00,1.000000000000000888e+00,1.000000000000000888e+00,1.000000000000000888e+00,1.000000000000000888e+00,1.000000000000000888e+00,1.000000000000000888e+00,1.000000000000000888e+00,1.000000000000000888e+00,1.000000000000000888e+00,1.000000000000000888e+00,1.000000000000000888e+00,1.000000000000000888e+00,1.000000000000000888e+00,1.000000000000000888e+00,1.000000000000000888e+00,1.000000000000000888e+00,1.000000000000000888e+00,1.000000000000000888e+00,1.000000000000000888e+00,1.000000000000000888e+00,1.000000000000000888e+00,1.000000000000000888e+00,1.000000000000000888e+00,1.000000000000000888e+00,1.000000000000000888e+00,1.000000000000000888e+00,1.000000000000000888e+00,1.000000000000000888e+00,1.000000000000000888e+00,1.000000000000000888e+00,1.000000000000000888e+00,1.000000000000000888e+00,1.000000000000000888e+00,1.000000000000000888e+00,1.000000000000000888e+00,1.000000000000000888e+00,1.000000000000000888e+00,1.000000000000000888e+00,1.000000000000000888e+00,1.000000000000000888e+00,1.000000000000000888e+00,1.000000000000000888e+00,1.000000000000000888e+00,1.000000000000000888e+00,1.000000000000000888e+00,1.000000000000000888e+00,1.000000000000000888e+00,1.000000000000000888e+00,1.000000000000000888e+00,1.000000000000000888e+00,1.000000000000000888e+00,1.000000000000000888e+00,1.000000000000000888e+00,1.000000000000000888e+00,1.000000000000000888e+00,1.000000000000000888e+00,1.000000000000000888e+00,1.000000000000000888e+00,1.000000000000000888e+00,1.000000000000000888e+00,1.000000000000000888e+00,1.000000000000000888e+00,1.000000000000000888e+00,1.000000000000000888e+00,1.000000000000000888e+00,1.000000000000000888e+00,1.000000000000000888e+00,1.000000000000000888e+00,1.000000000000000888e+00,1.000000000000000888e+00,1.000000000000000888e+00,1.000000000000000888e+00,1.000000000000000888e+00,1.000000000000000888e+00,1.000000000000000888e+00,1.000000000000000888e+00,1.000000000000000888e+00,1.000000000000000888e+00,1.000000000000000888e+00,1.000000000000000888e+00,1.000000000000000888e+00,1.000000000000000888e+00,1.000000000000000888e+00,1.000000000000000888e+00,1.000000000000000888e+00,1.000000000000000888e+00,1.000000000000000888e+00,1.000000000000000888e+00,1.000000000000000888e+00,1.000000000000000888e+00,1.000000000000000888e+00,1.000000000000000888e+00,1.000000000000000888e+00,1.000000000000000888e+00,1.000000000000000888e+00,1.000000000000000888e+00,1.000000000000000888e+00,1.000000000000000888e+00,1.000000000000000888e+00,1.000000000000000888e+00,1.000000000000000888e+00,1.000000000000000888e+00,1.000000000000000888e+00,1.000000000000000888e+00,1.000000000000000888e+00,1.000000000000000888e+00,1.000000000000000888e+00,1.000000000000000888e+00,1.000000000000000888e+00,1.000000000000000888e+00,1.000000000000000888e+00,1.000000000000000888e+00,1.000000000000000888e+00,1.000000000000000888e+00,1.000000000000000888e+00,1.000000000000000888e+00,1.000000000000000888e+00,1.000000000000000888e+00,1.000000000000000888e+00,1.000000000000000888e+00,1.000000000000000888e+00,1.000000000000000888e+00,1.000000000000000888e+00,1.000000000000000888e+00,1.000000000000000888e+00,1.000000000000000888e+00,1.000000000000000888e+00,1.000000000000000888e+00,1.000000000000000888e+00,1.000000000000000888e+00,1.000000000000000888e+00,1.000000000000000888e+00,1.000000000000000888e+00,1.000000000000000888e+00,1.000000000000000888e+00,1.000000000000000888e+00,1.000000000000000888e+00,1.000000000000000888e+00,1.000000000000000888e+00,1.000000000000000888e+00,1.000000000000000888e+00,1.000000000000000888e+00,1.000000000000000888e+00,1.000000000000000888e+00,1.000000000000000888e+00,1.000000000000000888e+00,1.000000000000000888e+00,1.000000000000000888e+00,1.000000000000000888e+00,1.000000000000000888e+00,1.000000000000000888e+00,1.000000000000000888e+00,1.000000000000000888e+00,1.000000000000000888e+00,1.000000000000000888e+00,1.000000000000000888e+00,1.000000000000000888e+00,1.000000000000000888e+00,1.000000000000000888e+00,1.000000000000000888e+00,1.000000000000000888e+00,1.000000000000000888e+00,1.000000000000000888e+00,1.000000000000000888e+00,1.000000000000000888e+00,1.000000000000000888e+00,1.000000000000000888e+00,1.000000000000000888e+00,1.000000000000000888e+00,1.000000000000000888e+00,1.000000000000000888e+00,1.000000000000000888e+00,1.000000000000000888e+00,1.000000000000000888e+00,1.000000000000000888e+00,1.000000000000000888e+00,1.000000000000000888e+00,1.000000000000000888e+00,1.000000000000000888e+00,1.000000000000000888e+00,1.000000000000000888e+00,1.000000000000000888e+00,1.000000000000000888e+00,1.000000000000000888e+00,1.000000000000000888e+00,1.000000000000000888e+00,1.000000000000000888e+00,1.000000000000000888e+00,1.000000000000000888e+00,1.000000000000000888e+00,1.000000000000000888e+00,1.000000000000000888e+00,1.000000000000000888e+00,1.000000000000000888e+00,1.000000000000000888e+00,1.000000000000000888e+00,1.000000000000000888e+00,1.000000000000000888e+00,1.000000000000000888e+00,1.000000000000000888e+00,1.000000000000000888e+00,1.000000000000000888e+00,1.000000000000000888e+00,1.000000000000000888e+00,1.000000000000000888e+00,1.000000000000000888e+00,1.000000000000000888e+00,1.000000000000000888e+00,1.000000000000000888e+00,1.000000000000000888e+00,1.000000000000000888e+00,1.000000000000000888e+00
9.999999999999985567e-01,9.955340973179654940e-01,9.955379041844726329e-01,9.955382024504284555e-01,9.955378004702073458e-01,9.955374585170554402e-01,9.955373932848774476e-01,9.955378207728818873e-01,9.955379229858691836e-01,9.955378517122072113e-01,9.955377611117323111e-01,9.955380141899456969e-01,9.955382333749309698e-01,9.955381114864062519e-01,9.955374708265204431e-01,9.955368358357054026e-01,9.955367351935916487e-01,9.955370658616448098e-01,9.955373076473682525e-01,9.955340777166469257e-01,9.955340973179654940e-01,9.999999999999985567e-01,9.955342986305539821e-01,9.955379219256084156e-01,9.955376436868959011e-01,9.955373099795395975e-01,9.955372461564236941e-01,9.955376738916166257e-01,9.955377762216310877e-01,9.955377049877230933e-01,9.955376144122499715e-01,9.955378675108269571e-01,9.955380867264530531e-01,9.955379648995718034e-01,9.955373243628717894e-01,9.955366897357775802e-01,9.955365905992351605e-01,9.955369310484826206e-01,9.955372960853624553e-01,9.955374958116535167e-01,9.955379041844726329e-01,9.955342986305539821e-01,9.999999999999985567e-01,9.955346066033905483e-01,9.955378680579841655e-01,9.955376586252557836e-01,9.955376053549670479e-01,9.955380345440736356e-01,9.955381373449183613e-01,9.955380662481213561e-01,9.955379757352496028e-01,9.955382288609836428e-01,9.955384480983265894e-01,9.955383262967789637e-01,9.955376857941828916e-01,9.955370512474797096e-01,9.955369523846506752e-01,9.955372941192438541e-01,9.955376674706407636e-01,9.955379771659946808e-01,9.955382024504284555e-01,9.955379219256084156e-01,9.955346066033905483e-01,9.999999999999985567e-01,9.955344455199658382e-01,9.955376667750316377e-01,9.955377460618722862e-01,9.955381845168826960e-01,9.955382892115199889e-01,9.955382185332479761e-01,9.955381281716498831e-01,9.955383813482032718e-01,9.955386006162743051e-01,9.955384788385264194e-01,9.955378383608033399e-01,9.955372038563715664e-01,9.955371051033482521e-01,9.955374472166201860e-01,9.955378221586790310e-01,9.955381420402740211e-01,9.955378004702073458e-01,9.955376436868959011e-01,9.955378680579841655e-01,9.955344455199658382e-01,9.999999999999985567e-01,9.955338346159912088e-01,9.955372194009108888e-01,9.955377567942838013e-01,9.955378712764019200e-01,9.955378019909681964e-01,9.955377120007067315e-01,9.955379652698203019e-01,9.955381845828678022e-01,9.955380628306275126e-01,9.955374223749261509e-01,9.955367878972805062e-01,9.955366891976128452e-01,9.955370314540482601e-01,9.955374068379370112e-01,9.955377285457163161e-01,9.955374585170554402e-01,9.955373099795395975e-01,9.955376586252557836e-01,9.955376667750316377e-01,9.955338346159912088e-01,9.999999999999985567e-01,9.955335400793549061e-01,9.955372737133026950e-01,9.955375155507421026e-01,9.955374556491635163e-01,9.955373673195891948e-01,9.955376209305237811e-01,9.955378403712444868e-01,9.955377186712744964e-01,9.955370782454376899e-01,9.955364437864292482e-01,9.955363451085381676e-01,9.955366874106575947e-01,9.955370629095872115e-01,9.955373849886128834e-01,9.955373932848774476e-01,9.955372461564236941e-01,9.955376053549670479e-01,9.955377460618722862e-01,9.955372194009108888e-01,9.955335400793549061e-01,9.999999999999985567e-01,9.955337881129802113e-01,9.955373350983061087e-01,9.955373792106995134e-01,9.955372997287749159e-01,9.955375545343566612e-01,9.955377743080963127e-01,9.955376527143419141e-01,9.955370123378358693e-01,9.955363779007985192e-01,9.955362792396481586e-01,9.955366215673869812e-01,9.955369971184261368e-01,9.955373193302881063e-01,9.955378207728818873e-01,9.955376738916166257e-01,9.955380345440736356e-01,9.955381845168826960e-01,9.955377567942838013e-01,9.955372737133026950e-01,9.955337881129802113e-01,9.999999999999985567e-01,9.955341816264214883e-01,9.955376589606761417e-01,9.955377145451664855e-01,9.955379792924893279e-01,9.955382008993428622e-01,9.955380797666791848e-01,9.955374395565788070e-01,9.955368051791807504e-01,9.955367065446821817e-01,9.955370488906200022e-01,9.955374244627488434e-01,9.955377467139081560e-01,9.955379229858691836e-01,9.955377762216310877e-01,9.955381373449183613e-01,9.955382892115199889e-01,9.955378712764019200e-01,9.955375155507421026e-01,9.955373350983061087e-01,9.955341816264214883e-01,9.999999999999985567e-01,9.955342447553914287e-01,9.955376930329946639e-01,9.955380693550947013e-01,9.955383008089444541e-01,9.955381812699698463e-01,9.955375414809372048e-01,9.955369072202898684e-01,9.955368086269132943e-01,9.955371509943420349e-01,9.955375265865968881e-01,9.955378488669244241e-01,9.955378517122072113e-01,9.955377049877230933e-01,9.955380662481213561e-01,9.955382185332479761e-01,9.955378019909681964e-01,9.955374556491635163e-01,9.955373792106995134e-01,9.955376589606761417e-01,9.955342447553914287e-01,9.999999999999985567e-01,9.955341351815389928e-01,9.955378543452824136e-01,9.955382164356949559e-01,9.955381075135236735e-01,9.955374695699943377e-01,9.955368357116003430e-01,9.955367372349601673e-01,9.955370796471073591e-01,9.955374552648159625e-01,9.955377775656852890e-01,9.955377611117323111e-01,9.955376144122499715e-01,9.955379757352496028e-01,9.955381281716498831e-01,9.955377120007067315e-01,9.955373673195891948e-01,9.955372997287749159e-01,9.955377145451664855e-01,9.955376930329946639e-01,9.955341351815389928e-01,9.999999999999985567e-01,9.955342832525325703e-01,9.955379936312286349e-01,9.955380050221888100e-01,9.955373770907727238e-01,9.955367446393543762e-01,9.955366464625258205e-01,9.955369889634232416e-01,9.955373646205101235e-01,9.955376869441652232e-01,9.955380141899456969e-01,9.955378675108269571e-01,9.955382288609836428e-01,9.955383813482032718e-01,9.955379652698203019e-01,9.955376209305237811e-01,9.955375545343566612e-01,9.955379792924893279e-01,9.955380693550947013e-01,9.955378543452824136e-01,9.955342832525325703e-01,9.999999999999985567e-01,9.955346261831340415e-01,9.955381082408095716e-01,9.955376181220946252e-01,9.955369956490633943e-01,9.955368989769867172e-01,9.955372418359779152e-01,9.955376176181118808e-01,9.955379399942864138e-01,9.955382333749309698e-01,9.955380867264530531e-01,9.955384480983265894e-01,9.955386006162743051e-01,9.955381845828678022e-01,9.955378403712444868e-01,9.955377743080963127e-01,9.955382008993428622e-01,9.955383008089444541e-01,9.955382164356949559e-01,9.955379936312286349e-01,9.955346261831340415e-01,9.999999999999985567e-01,9.955346883354255771e-01,9.955377036235876220e-01,9.955372037950779296e-01,9.955371161861064078e-01,9.955374604740482303e-01,9.955378366280664970e-01,9.955381591277627784e-01,9.955381114864062519e-01,9.955379648995718034e-01,9.955383262967789637e-01,9.955384788385264194e-01,9.955380628306275126e-01,9.955377186712744964e-01,9.955376527143419141e-01,9.955380797666791848e-01,9.955381812699698463e-01,9.955381075135236735e-01,9.955380050221888100e-01,9.955381082408095716e-01,9.955346883354255771e-01,9.999999999999985567e-01,9.955340479432299716e-01,9.955369551870983935e-01,9.955369831114790902e-01,9.955373364940525160e-01,9.955377142155965586e-01,9.955380371091061553e-01,9.955374708265204431e-01,9.955373243628717894e-01,9.955376857941828916e-01,9.955378383608033399e-01,9.955374223749261509e-01,9.955370782454376899e-01,9.955370123378358693e-01,9.955374395565788070e-01,9.955375414809372048e-01,9.955374695699943377e-01,9.955373770907727238e-01,9.955376181220946252e-01,9.955377036235876220e-01,9.955340479432299716e-01,9.999999999999985567e-01,9.955330635300706499e-01,9.955362355085899395e-01,9.955366860200990375e-01,9.955370718939879904e-01,9.955373961226552382e-01,9.955368358357054026e-01,9.955366897357775802e-01,9.955370512474797096e-01,9.955372038563715664e-01,9.955367878972805062e-01,9.955364437864292482e-01,9.955363779007985192e-01,9.955368051791807504e-01,9.955369072202898684e-01,9.955368357116003430e-01,9.955367446393543762e-01,9.955369956490633943e-01,9.955372037950779296e-01,9.955369551870983935e-01,9.955330635300706499e-01,9.999999999999985567e-01,9.955324799323737039e-01,9.955359462732629172e-01,9.955364277574078047e-01,9.955367598346751556e-01,9.955367351935916487e-01,9.955365905992351605e-01,9.955369523846506752e-01,9.955371051033482521e-01,9.955366891976128452e-01,9.955363451085381676e-01,9.955362792396481586e-01,9.955367065446821817e-01,9.955368086269132943e-01,9.955367372349601673e-01,9.955366464625258205e-01,9.955368989769867172e-01,9.955371161861064078e-01,9.955369831114790902e-01,9.955362355085899395e-01,9.955324799323737039e-01,9.999999999999985567e-01,9.955326343891056640e-01,9.955362193640187041e-01,9.955366509447085566e-01,9.955370658616448098e-01,9.955369310484826206e-01,9.955372941192438541e-01,9.955374472166201860e-01,9.955370314540482601e-01,9.955366874106575947e-01,9.955366215673869812e-01,9.955370488906200022e-01,9.955371509943420349e-01,9.955370796471073591e-01,9.955369889634232416e-01,9.955372418359779152e-01,9.955374604740482303e-01,9.955373364940525160e-01,9.955366860200990375e-01,9.955359462732629172e-01,9.955326343891056640e-01,9.999999999999985567e-01,9.955332022642685574e-01,9.955368702775568845e-01,9.955373076473682525e-01,9.955372960853624553e-01,9.955376674706407636e-01,9.955378221586790310e-01,9.955374068379370112e-01,9.955370629095872115e-01,9.955369971184261368e-01,9.955374244627488434e-01,9.955375265865968881e-01,9.955374552648159625e-01,9.955373646205101235e-01,9.955376176181118808e-01,9.955378366280664970e-01,9.955377142155965586e-01,9.955370718939879904e-01,9.955364277574078047e-01,9.955362193640187041e-01,9.955332022642685574e-01,9.999999999999985567e-01,9.955337945992989157e-01,9.955340777166469257e-01,9.955374958116535167e-01,9.955379771659946808e-01,9.955381420402740211e-01,9.955377285457163161e-01,9.955373849886128834e-01,9.955373193302881063e-01,9.955377467139081560e-01,9.955378488669244241e-01,9.955377775656852890e-01,9.955376869441652232e-01,9.955379399942864138e-01,9.955381591277627784e-01,9.955380371091061553e-01,9.955373961226552382e-01,9.955367598346751556e-01,9.955366509447085566e-01,9.955368702775568845e-01,9.955337945992989157e-01,9.999999999999985567e-01
9.999999999999952260e-01,9.911351581829385138e-01,9.911501610171962184e-01,9.911513180324393879e-01,9.911497351850439008e-01,9.911483901918035633e-01,9.911481340819093822e-01,9.911498163444270038e-01,9.911502177861993834e-01,9.911499357088023876e-01,9.911495783978777618e-01,9.911505735219967583e-01,9.911514366929822240e-01,9.911509592240965727e-01,9.911484412187566706e-01,9.911459445337329477e-01,9.911455502616014490e-01,9.911468525155439080e-01,9.911478191805561666e-01,9.911350844446765729e-01,9.911351581829385138e-01,9.999999999999952260e-01,9.911359494011028337e-01,9.911502300952104161e-01,9.911491169129340584e-01,9.911478031469034278e-01,9.911475524532479264e-01,9.911492356680547955e-01,9.911496375639434753e-01,9.911493556409043393e-01,9.911489984273884613e-01,9.911499936302872182e-01,9.911508569201159524e-01,9.911503796913471165e-01,9.911478621660687605e-01,9.911453668929389726e-01,9.911449784275963015e-01,9.911463180075940071e-01,9.911477531098495941e-01,9.911485553551249161e-01,9.911501610171962184e-01,9.911359494011028337e-01,9.999999999999952260e-01,9.911371625739312519e-01,9.911500197130572731e-01,9.911491771248014393e-01,9.911489666389747821e-01,9.911506554471527508e-01,9.911510591679012494e-01,9.911507777763778337e-01,9.911504208058621312e-01,9.911514161154681979e-01,9.911522794907445810e-01,9.911518023600336402e-01,9.911492849645253678e-01,9.911467900005200837e-01,9.911464025929613841e-01,9.911477471164718001e-01,9.911492138066836377e-01,9.911504322992327198e-01,9.911513180324393879e-01,9.911502300952104161e-01,9.911371625739312519e-01,9.999999999999952260e-01,9.911365302925863041e-01,9.911492281592907405e-01,9.911495226373512324e-01,9.911512467719258979e-01,9.911516578018135792e-01,9.911513780302931842e-01,9.911510216472243506e-01,9.911520171548501290e-01,9.911528806501705979e-01,9.911524036119337966e-01,9.911498863121604996e-01,9.911473915115920352e-01,9.911470045305086352e-01,9.911483505217151269e-01,9.911498233398194913e-01,9.911510806778343063e-01,9.911497351850439008e-01,9.911491169129340584e-01,9.911500197130572731e-01,9.911365302925863041e-01,9.999999999999952260e-01,9.911341252538821145e-01,9.911474670578497292e-01,9.911495654488020612e-01,9.911500138693368767e-01,9.911497394552528650e-01,9.911493845102377076e-01,9.911503803753324293e-01,9.911512440444558703e-01,9.911507671060438840e-01,9.911482498951925679e-01,9.911457552020913608e-01,9.911453684290996158e-01,9.911467149746315819e-01,9.911481895014765398e-01,9.911494538703653490e-01,9.911483901918035633e-01,9.911478031469034278e-01,9.911491771248014393e-01,9.911492281592907405e-01,9.911341252538821145e-01,9.999999999999952260e-01,9.911329670357955646e-01,9.911476819437256003e-01,9.911486161643091597e-01,9.911483775327019075e-01,9.911480289919790687e-01,9.911490261794069223e-01,9.911498903439196484e-01,9.911494136093209617e-01,9.911468965173451107e-01,9.911444018993671445e-01,9.911440152114838753e-01,9.911453619330954368e-01,9.911468369043274773e-01,9.911481027064716898e-01,9.911481340819093822e-01,9.911475524532479264e-01,9.911489666389747821e-01,9.911495226373512324e-01,9.911474670578497292e-01,9.911329670357955646e-01,9.999999999999952260e-01,9.911339440881385965e-01,9.911479243404996975e-01,9.911480786871206261e-01,9.911477637881088709e-01,9.911487655581955325e-01,9.911496310103153906e-01,9.911491546873713032e-01,9.911466377875208789e-01,9.911441432554536357e-01,9.911437566328316073e-01,9.911451034539350280e-01,9.911465786275440726e-01,9.911478449451646133e-01,9.911498163444270038e-01,9.911492356680547955e-01,9.911506554471527508e-01,9.911512467719258979e-01,9.911495654488020612e-01,9.911476819437256003e-01,9.911339440881385965e-01,9.999999999999952260e-01,9.911354929575955097e-01,9.911491981870271806e-01,9.911493976290954855e-01,9.911504372767728777e-01,9.911513097968583930e-01,9.911508352586495540e-01,9.911483190016816547e-01,9.911458246982620679e-01,9.911454381789347456e-01,9.911467850726809470e-01,9.911482603302393946e-01,9.911495268021143223e-01,9.911502177861993834e-01,9.911496375639434753e-01,9.911510591679012494e-01,9.911516578018135792e-01,9.911500138693368767e-01,9.911486161643091597e-01,9.911479243404996975e-01,9.911354929575955097e-01,9.999999999999952260e-01,9.911357397986741979e-01,9.911493300510535454e-01,9.911507923148208388e-01,9.911517023593541253e-01,9.911512339505618163e-01,9.911487193215517966e-01,9.911462254698965024e-01,9.911458391102285770e-01,9.911471860880395335e-01,9.911486614244456872e-01,9.911499280102806786e-01,9.911499357088023876e-01,9.911493556409043393e-01,9.911507777763778337e-01,9.911513780302931842e-01,9.911497394552528650e-01,9.911483775327019075e-01,9.911480786871206261e-01,9.911491981870271806e-01,9.911357397986741979e-01,9.999999999999952260e-01,9.911353060722959407e-01,9.911499625407116376e-01,9.911513702175918095e-01,9.911509422933504343e-01,9.911484347736986278e-01,9.911459424792896655e-01,9.911455565731542849e-01,9.911469037247845337e-01,9.911483791600591564e-01,9.911496458256117137e-01,9.911495783978777618e-01,9.911489984273884613e-01,9.911504208058621312e-01,9.911510216472243506e-01,9.911493845102377076e-01,9.911480289919790687e-01,9.911477637881088709e-01,9.911493976290954855e-01,9.911493300510535454e-01,9.911353060722959407e-01,9.999999999999952260e-01,9.911358880219812706e-01,9.911505111670357859e-01,9.911505396737179119e-01,9.911480702343148375e-01,9.911455833427628148e-01,9.911451985954612409e-01,9.911465460909932856e-01,9.911480216789645414e-01,9.911492884328212405e-01,9.911505735219967583e-01,9.911499936302872182e-01,9.911514161154681979e-01,9.911520171548501290e-01,9.911503803753324293e-01,9.911490261794069223e-01,9.911487655581955325e-01,9.911504372767728777e-01,9.911507923148208388e-01,9.911499625407116376e-01,9.911358880219812706e-01,9.999999999999952260e-01,9.911372382502604550e-01,9.911509646627714165e-01,9.911490194443834945e-01,9.911465704858839487e-01,9.911461915295267655e-01,9.911475404132779055e-01,9.911490164882665876e-01,9.911502834473855383e-01,9.911514366929822240e-01,9.911508569201159524e-01,9.911522794907445810e-01,9.911528806501705979e-01,9.911512440444558703e-01,9.911498903439196484e-01,9.911496310103153906e-01,9.911513097968583930e-01,9.911517023593541253e-01,9.911513702175918095e-01,9.911505111670357859e-01,9.911372382502604550e-01,9.999999999999952260e-01,9.911374856804219258e-01,9.911493753762820047e-01,9.911473915312071226e-01,9.911470470719616621e-01,9.911484014617593097e-01,9.911498789784556340e-01,9.911511464179798558e-01,9.911509592240965727e-01,9.911503796913471165e-01,9.911518023600336402e-01,9.911524036119337966e-01,9.911507671060438840e-01,9.911494136093209617e-01,9.911491546873713032e-01,9.911508352586495540e-01,9.911512339505618163e-01,9.911509422933504343e-01,9.911505396737179119e-01,9.911509646627714165e-01,9.911374856804219258e-01,9.999999999999952260e-01,9.911349679186055583e-01,9.911464319979211846e-01,9.911465267404725443e-01,9.911479159073138812e-01,9.911493994773602489e-01,9.911506684435879011e-01,9.911484412187566706e-01,9.911478621660687605e-01,9.911492849645253678e-01,9.911498863121604996e-01,9.911482498951925679e-01,9.911468965173451107e-01,9.911466377875208789e-01,9.911483190016816547e-01,9.911487193215517966e-01,9.911484347736986278e-01,9.911480702343148375e-01,9.911490194443834945e-01,9.911493753762820047e-01,9.911349679186055583e-01,9.999999999999952260e-01,9.911310961779514761e-01,9.911436022654980249e-01,9.911453602951305619e-01,9.911468750560697982e-01,9.911481491731284343e-01,9.911459445337329477e-01,9.911453668929389726e-01,9.911467900005200837e-01,9.911473915115920352e-01,9.911457552020913608e-01,9.911444018993671445e-01,9.911441432554536357e-01,9.911458246982620679e-01,9.911462254698965024e-01,9.911459424792896655e-01,9.911455833427628148e-01,9.911465704858839487e-01,9.911473915312071226e-01,9.911464319979211846e-01,9.911310961779514761e-01,9.999999999999952260e-01,9.911288014324900475e-01,9.911424655031983999e-01,9.911443433749705934e-01,9.911456474852307075e-01,9.911455502616014490e-01,9.911449784275963015e-01,9.911464025929613841e-01,9.911470045305086352e-01,9.911453684290996158e-01,9.911440152114838753e-01,9.911437566328316073e-01,9.911454381789347456e-01,9.911458391102285770e-01,9.911455565731542849e-01,9.911451985954612409e-01,9.911461915295267655e-01,9.911470470719616621e-01,9.911465267404725443e-01,9.911436022654980249e-01,9.911288014324900475e-01,9.999999999999952260e-01,9.911294104896477553e-01,9.911435402752044599e-01,9.911452217474566728e-01,9.911468525155439080e-01,9.911463180075940071e-01,9.911477471164718001e-01,9.911483505217151269e-01,9.911467149746315819e-01,9.911453619330954368e-01,9.911451034539350280e-01,9.911467850726809470e-01,9.911471860880395335e-01,9.911469037247845337e-01,9.911465460909932856e-01,9.911475404132779055e-01,9.911484014617593097e-01,9.911479159073138812e-01,9.911453602951305619e-01,9.911424655031983999e-01,9.911294104896477553e-01,9.999999999999952260e-01,9.911316440329045463e-01,9.911461013045305135e-01,9.911478191805561666e-01,9.911477531098495941e-01,9.911492138066836377e-01,9.911498233398194913e-01,9.911481895014765398e-01,9.911468369043274773e-01,9.911465786275440726e-01,9.911482603302393946e-01,9.911486614244456872e-01,9.911483791600591564e-01,9.911480216789645414e-01,9.911490164882665876e-01,9.911498789784556340e-01,9.911493994773602489e-01,9.911468750560697982e-01,9.911443433749705934e-01,9.911435402752044599e-01,9.911316440329045463e-01,9.999999999999952260e-01,9.911339732938134750e-01,9.911350844446765729e-01,9.911485553551249161e-01,9.911504322992327198e-01,9.911510806778343063e-01,9.911494538703653490e-01,9.911481027064716898e-01,9.911478449451646133e-01,9.911495268021143223e-01,9.911499280102806786e-01,9.911496458256117137e-01,9.911492884328212405e-01,9.911502834473855383e-01,9.911511464179798558e-01,9.911506684435879011e-01,9.911481491731284343e-01,9.911456474852307075e-01,9.911452217474566728e-01,9.911461013045305135e-01,9.911339732938134750e-01,9.999999999999952260e-01
9.999999999999998890e-01,9.868013897423703051e-01,9.868346529153503299e-01,9.868371778679437822e-01,9.868336715458158048e-01,9.868306952874952298e-01,9.868301295693141517e-01,9.868338539843009016e-01,9.868347410411383303e-01,9.868341130640245762e-01,9.868333203245669427e-01,9.868355217283283354e-01,9.868374340918480980e-01,9.868363817520029446e-01,9.868308138668343554e-01,9.868252910347641293e-01,9.868244219998121292e-01,9.868273071783846273e-01,9.868294805545823056e-01,9.868012338653682214e-01,9.868013897423703051e-01,9.999999999999998890e-01,9.868031392932034018e-01,9.868348042506732698e-01,9.868322998064273932e-01,9.868293901220676068e-01,9.868288361258987784e-01,9.868325626048156662e-01,9.868334506530825889e-01,9.868328230134332246e-01,9.868320304877652438e-01,9.868342320623731956e-01,9.868361446846986018e-01,9.868350928714625381e-01,9.868295260407033975e-01,9.868240062948152591e-01,9.868231498678400326e-01,9.868261152330015662e-01,9.868292892974311892e-01,9.868311010633428193e-01,9.868346529153503299e-01,9.868031392932034018e-01,9.999999999999998890e-01,9.868058278306340858e-01,9.868343419728197174e-01,9.868324362275083805e-01,9.868319684722883789e-01,9.868357070683652088e-01,9.868365990979561797e-01,9.868359726173739910e-01,9.868351806219274325e-01,9.868373824339998768e-01,9.868392952468453272e-01,9.868382436464436802e-01,9.868326770894820799e-01,9.868271580085463679e-01,9.868263038818159139e-01,9.868292799534725823e-01,9.868325215803139816e-01,9.868352186655109382e-01,9.868371778679437822e-01,9.868348042506732698e-01,9.868058278306340858e-01,9.999999999999998890e-01,9.868044315436915737e-01,9.868325906871490139e-01,9.868332042868749321e-01,9.868370187048255415e-01,9.868379266147272455e-01,9.868373036631612472e-01,9.868365129512522982e-01,9.868387151981812266e-01,9.868406282754872416e-01,9.868395768769554488e-01,9.868340105256386829e-01,9.868284917986168692e-01,9.868276386037714287e-01,9.868306178780273941e-01,9.868338727962183698e-01,9.868366532756820408e-01,9.868336715458158048e-01,9.868322998064273932e-01,9.868343419728197174e-01,9.868044315436915737e-01,9.999999999999998890e-01,9.867991047935728011e-01,9.868286904431320394e-01,9.868333003164464490e-01,9.868342886380239154e-01,9.868336772878434360e-01,9.868328897110290043e-01,9.868350927330764577e-01,9.868370061867487442e-01,9.868359550088783294e-01,9.868303888638461085e-01,9.868248703836920432e-01,9.868240176462118596e-01,9.868269981258696033e-01,9.868302567607556419e-01,9.868330524763502254e-01,9.868306952874952298e-01,9.868293901220676068e-01,9.868324362275083805e-01,9.868325906871490139e-01,9.867991047935728011e-01,9.999999999999998890e-01,9.867965424515513506e-01,9.868291686941705887e-01,9.868311988037272720e-01,9.868306642666022643e-01,9.868298905942470833e-01,9.868320964939968354e-01,9.868340110280912070e-01,9.868329602981182891e-01,9.868273944229349892e-01,9.868218761166591690e-01,9.868210235669122588e-01,9.868240044264444677e-01,9.868272640251746219e-01,9.868300628532564733e-01,9.868301295693141517e-01,9.868288361258987784e-01,9.868319684722883789e-01,9.868332042868749321e-01,9.868286904431320394e-01,9.867965424515513506e-01,9.999999999999998890e-01,9.867987077000527352e-01,9.868297071728220349e-01,9.868300067977189283e-01,9.868293051381971104e-01,9.868315209350497774e-01,9.868334382710529651e-01,9.868323884390783896e-01,9.868268229856740348e-01,9.868213048691257816e-01,9.868204524626419394e-01,9.868234335392030987e-01,9.868266935798056805e-01,9.868294935332323492e-01,9.868338539843009016e-01,9.868325626048156662e-01,9.868357070683652088e-01,9.868370187048255415e-01,9.868333003164464490e-01,9.868291686941705887e-01,9.867987077000527352e-01,9.999999999999998890e-01,9.868021374376543253e-01,9.868325260228101303e-01,9.868329253872311080e-01,9.868352224267336048e-01,9.868371551061473346e-01,9.868361091613657710e-01,9.868305451009581342e-01,9.868250274729827298e-01,9.868241752910613673e-01,9.868271565331689921e-01,9.868304167644292857e-01,9.868332170608979936e-01,9.868347410411383303e-01,9.868334506530825889e-01,9.868365990979561797e-01,9.868379266147272455e-01,9.868342886380239154e-01,9.868311988037272720e-01,9.868297071728220349e-01,9.868021374376543253e-01,9.999999999999998890e-01,9.868026804859040269e-01,9.868328131465256003e-01,9.868360097162790501e-01,9.868380228955562217e-01,9.868369902220959222e-01,9.868314297031337556e-01,9.868259130578301841e-01,9.868250612245763609e-01,9.868280426522979543e-01,9.868313030580091461e-01,9.868341036055614524e-01,9.868341130640245762e-01,9.868328230134332246e-01,9.868359726173739910e-01,9.868373036631612472e-01,9.868336772878434360e-01,9.868306642666022643e-01,9.868300067977189283e-01,9.868325260228101303e-01,9.868026804859040269e-01,9.999999999999998890e-01,9.868017147536822797e-01,9.868342084028048911e-01,9.868372872048265521e-01,9.868363414366115860e-01,9.868307963365580138e-01,9.868252830852185520e-01,9.868244322436897642e-01,9.868274140511752446e-01,9.868306746725064027e-01,9.868334753937364479e-01,9.868333203245669427e-01,9.868320304877652438e-01,9.868351806219274325e-01,9.868365129512522982e-01,9.868328897110290043e-01,9.868298905942470833e-01,9.868293051381971104e-01,9.868329253872311080e-01,9.868328131465256003e-01,9.868017147536822797e-01,9.999999999999998890e-01,9.868030015387779796e-01,9.868354241313019859e-01,9.868354515055034470e-01,9.868299879403572561e-01,9.868244863712616333e-01,9.868236380510628791e-01,9.868266206079617797e-01,9.868298815619029885e-01,9.868326824751922910e-01,9.868355217283283354e-01,9.868342320623731956e-01,9.868373824339998768e-01,9.868387151981812266e-01,9.868350927330764577e-01,9.868320964939968354e-01,9.868315209350497774e-01,9.868352224267336048e-01,9.868360097162790501e-01,9.868342084028048911e-01,9.868030015387779796e-01,9.999999999999998890e-01,9.868059923868399697e-01,9.868364335260453313e-01,9.868320908289999194e-01,9.868266704353784169e-01,9.868258346618369314e-01,9.868288202492070393e-01,9.868320822721536878e-01,9.868348836382386802e-01,9.868374340918480980e-01,9.868361446846986018e-01,9.868392952468453272e-01,9.868406282754872416e-01,9.868370061867487442e-01,9.868340110280912070e-01,9.868334382710529651e-01,9.868371551061473346e-01,9.868380228955562217e-01,9.868372872048265521e-01,9.868354241313019859e-01,9.868059923868399697e-01,9.999999999999998890e-01,9.868065463615324218e-01,9.868329214102971036e-01,9.868284922954444482e-01,9.868277304418109352e-01,9.868307279740955451e-01,9.868339931440618384e-01,9.868367955627870280e-01,9.868363817520029446e-01,9.868350928714625381e-01,9.868382436464436802e-01,9.868395768769554488e-01,9.868359550088783294e-01,9.868329602981182891e-01,9.868323884390783896e-01,9.868361091613657710e-01,9.868369902220959222e-01,9.868363414366115860e-01,9.868354515055034470e-01,9.868364335260453313e-01,9.868065463615324218e-01,9.999999999999998890e-01,9.868009772720174322e-01,9.868264090482395945e-01,9.868265856457414387e-01,9.868296580412916352e-01,9.868329363690663270e-01,9.868357421180575795e-01,9.868308138668343554e-01,9.868295260407033975e-01,9.868326770894820799e-01,9.868340105256386829e-01,9.868303888638461085e-01,9.868273944229349892e-01,9.868268229856740348e-01,9.868305451009581342e-01,9.868314297031337556e-01,9.868307963365580138e-01,9.868299879403572561e-01,9.868320908289999194e-01,9.868329214102971036e-01,9.868009772720174322e-01,9.999999999999998890e-01,9.867924102219014504e-01,9.868201493513000244e-01,9.868240090387278007e-01,9.868273545441672567e-01,9.868301714753288101e-01,9.868252910347641293e-01,9.868240062948152591e-01,9.868271580085463679e-01,9.868284917986168692e-01,9.868248703836920432e-01,9.868218761166591690e-01,9.868213048691257816e-01,9.868250274729827298e-01,9.868259130578301841e-01,9.868252830852185520e-01,9.868244863712616333e-01,9.868266704353784169e-01,9.868284922954444482e-01,9.868264090482395945e-01,9.867924102219014504e-01,9.999999999999998890e-01,9.867873338546467865e-01,9.868176357753781769e-01,9.868217563273695703e-01,9.868246377821665583e-01,9.868244219998121292e-01,9.868231498678400326e-01,9.868263038818159139e-01,9.868276386037714287e-01,9.868240176462118596e-01,9.868210235669122588e-01,9.868204524626419394e-01,9.868241752910613673e-01,9.868250612245763609e-01,9.868244322436897642e-01,9.868236380510628791e-01,9.868258346618369314e-01,9.868277304418109352e-01,9.868265856457414387e-01,9.868201493513000244e-01,9.867873338546467865e-01,9.999999999999998890e-01,9.867886849387274006e-01,9.868200154552094761e-01,9.868237011667546632e-01,9.868273071783846273e-01,9.868261152330015662e-01,9.868292799534725823e-01,9.868306178780273941e-01,9.868269981258696033e-01,9.868240044264444677e-01,9.868234335392030987e-01,9.868271565331689921e-01,9.868280426522979543e-01,9.868274140511752446e-01,9.868266206079617797e-01,9.868288202492070393e-01,9.868307279740955451e-01,9.868296580412916352e-01,9.868240090387278007e-01,9.868176357753781769e-01,9.867886849387274006e-01,9.999999999999998890e-01,9.867936272480222204e-01,9.868256844016820573e-01,9.868294805545823056e-01,9.868292892974311892e-01,9.868325215803139816e-01,9.868338727962183698e-01,9.868302567607556419e-01,9.868272640251746219e-01,9.868266935798056805e-01,9.868304167644292857e-01,9.868313030580091461e-01,9.868306746725064027e-01,9.868298815619029885e-01,9.868320822721536878e-01,9.868339931440618384e-01,9.868329363690663270e-01,9.868273545441672567e-01,9.868217563273695703e-01,9.868200154552094761e-01,9.867936272480222204e-01,9.999999999999998890e-01,9.867987803352263887e-01,9.868012338653682214e-01,9.868311010633428193e-01,9.868352186655109382e-01,9.868366532756820408e-01,9.868330524763502254e-01,9.868300628532564733e-01,9.868294935332323492e-01,9.868332170608979936e-01,9.868341036055614524e-01,9.868334753937364479e-01,9.868326824751922910e-01,9.868348836382386802e-01,9.868367955627870280e-01,9.868357421180575795e-01,9.868301714753288101e-01,9.868246377821665583e-01,9.868237011667546632e-01,9.868256844016820573e-01,9.867987803352263887e-01,9.999999999999998890e-01
