1.000000000000000000e+00,1.000000000000000000e+00,1.000000000000000000e+00,1.000000000000000000e+00,1.000000000000000000e+00,1.000000000000000000e+00,1.000000000000000000e+00,1.000000000000000000e+00,1.000000000000000000e+00,1.000000000000000000e+00,1.000000000000000000e+00,1.000000000000000000e+00,1.000000000000000000e+00,1.000000000000000000e+00,1.000000000000000000e+00,1.000000000000000000e+00,1.000000000000000000e+00,1.000000000000000000e+00,1.000000000000000000e+00,1.000000000000000000e+00,1.000000000000000000e+00,1.000000000000000000e+00,1.000000000000000000e+00,1.000000000000000000e+00,1.000000000000000000e+00,1.000000000000000000e+00,1.000000000000000000e+00,1.000000000000000000e+00,1.000000000000000000e+00,1.000000000000000000e+00,1.000000000000000000e+00,1.000000000000000000e+00,1.000000000000000000e+00,1.000000000000000000e+00,1.000000000000000000e+00,1.000000000000000000e+00,1.000000000000000000e+00,1.000000000000000000e+00,1.000000000000000000e+00,1.000000000000000000e+00,1.000000000000000000e+00,1.000000000000000000e+00,1.000000000000000000e+00,1.000000000000000000e+00,1.000000000000000000e+00,1.000000000000000000e+00,1.000000000000000000e+00,1.000000000000000000e+00,1.000000000000000000e+00,1.000000000000000000e+00,1.000000000000000000e+00,1.000000000000000000e+00,1.000000000000000000e+00,1.000000000000000000e+00,1.000000000000000000e+00,1.000000000000000000e+00,1.000000000000000000e+00,1.000000000000000000e+00,1.000000000000000000e+00,1.000000000000000000e+00,1.000000000000000000e+00,1.000000000000000000e+00,1.000000000000000000e+00,1.000000000000000000e+00,1.000000000000000000e+00,1.000000000000000000e+00,1.000000000000000000e+00,1.000000000000000000e+00,1.000000000000000000e+00,1.000000000000000000e+00,1.000000000000000000e+00,1.000000000000000000e+00,1.000000000000000000e+00,1.000000000000000000e+00,1.000000000000000000e+00,1.000000000000000000e+00,1.000000000000000000e+00,1.000000000000000000e+00,1.000000000000000000e+00,1.000000000000000000e+00,1.000000000000000000e+00,1.000000000000000000e+00,1.000000000000000000e+00,1.000000000000000000e+00,1.000000000000000000e+00,1.000000000000000000e+00,1.000000000000000000e+00,1.000000000000000000e+00,1.000000000000000000e+00,1.000000000000000000e+00,1.000000000000000000e+00,1.000000000000000000e+00,1.000000000000000000e+00,1.000000000000000000e+00,1.000000000000000000e+00,1.000000000000000000e+00,1.000000000000000000e+00,1.000000000000000000e+00,1.000000000000000000e+00,1.000000000000000000e+00,1.000000000000000000e+00,1.000000000000000000e+00,1.000000000000000000e+00,1.000000000000000000e+00,1.000000000000000000e+00,1.000000000000000000e+00,1.000000000000000000e+00,1.000000000000000000e+00,1.000000000000000000e+00,1.000000000000000000e+00,1.000000000000000000e+00,1.000000000000000000e+00,1.000000000000000000e+00,1.000000000000000000e+00,1.000000000000000000e+00,1.000000000000000000e+00,1.000000000000000000e+00,1.000000000000000000e+00,1.000000000000000000e+00,1.000000000000000000e+00,1.000000000000000000e+00
9.999999999999951150e-01,8.288289020940605711e-01,8.357151145395468328e-01,8.357921275638234837e-01,8.358034376075993421e-01,8.358056589242093271e-01,8.358061038875044257e-01,8.358057409302662721e-01,8.358028949410076791e-01,8.357736311075623092e-01,8.345307604914353750e-01,8.288289020940605711e-01,9.999999999999951150e-01,8.302119894518080745e-01,8.369633321489945432e-01,8.370376512126765922e-01,8.370483684929976853e-01,8.370503578664143518e-01,8.370503559312935105e-01,8.370476107051157966e-01,8.370183391440408904e-01,8.357736311075625313e-01,8.357151145395468328e-01,8.302119894518080745e-01,9.999999999999951150e-01,8.302470448148780990e-01,8.369930814393171659e-01,8.370670804084734407e-01,8.370776040548020269e-01,8.370791569521650599e-01,8.370767768596908409e-01,8.370476107051155745e-01,8.358028949410076791e-01,8.357921275638234837e-01,8.369633321489945432e-01,8.302470448148780990e-01,9.999999999999951150e-01,8.302507936746694739e-01,8.369960839183799850e-01,8.370698956139308589e-01,8.370799823359114100e-01,8.370791569521651709e-01,8.370503559312935105e-01,8.358057409302663832e-01,8.358034376075993421e-01,8.370376512126765922e-01,8.369930814393171659e-01,8.302507936746694739e-01,9.999999999999951150e-01,8.302514832593519412e-01,8.369965196286583975e-01,8.370698956139308589e-01,8.370776040548021379e-01,8.370503578664144628e-01,8.358061038875045368e-01,8.358056589242093271e-01,8.370483684929976853e-01,8.370670804084734407e-01,8.369960839183799850e-01,8.302514832593519412e-01,9.999999999999951150e-01,8.302514832593518301e-01,8.369960839183797630e-01,8.370670804084734407e-01,8.370483684929976853e-01,8.358056589242093271e-01,8.358061038875044257e-01,8.370503578664143518e-01,8.370776040548020269e-01,8.370698956139308589e-01,8.369965196286583975e-01,8.302514832593518301e-01,9.999999999999951150e-01,8.302507936746694739e-01,8.369930814393170548e-01,8.370376512126762591e-01,8.358034376075992311e-01,8.358057409302662721e-01,8.370503559312935105e-01,8.370791569521650599e-01,8.370799823359114100e-01,8.370698956139308589e-01,8.369960839183797630e-01,8.302507936746694739e-01,9.999999999999951150e-01,8.302470448148779880e-01,8.369633321489943212e-01,8.357921275638233727e-01,8.358028949410076791e-01,8.370476107051157966e-01,8.370767768596908409e-01,8.370791569521651709e-01,8.370776040548021379e-01,8.370670804084734407e-01,8.369930814393170548e-01,8.302470448148779880e-01,9.999999999999951150e-01,8.302119894518079635e-01,8.357151145395468328e-01,8.357736311075623092e-01,8.370183391440408904e-01,8.370476107051155745e-01,8.370503559312935105e-01,8.370503578664144628e-01,8.370483684929976853e-01,8.370376512126762591e-01,8.369633321489943212e-01,8.302119894518079635e-01,9.999999999999951150e-01,8.288289020940604601e-01,8.345307604914353750e-01,8.357736311075625313e-01,8.358028949410076791e-01,8.358057409302663832e-01,8.358061038875045368e-01,8.358056589242093271e-01,8.358034376075992311e-01,8.357921275638233727e-01,8.357151145395468328e-01,8.288289020940604601e-01,9.999999999999951150e-01
9.999999999999983347e-01,6.732446250321940662e-01,6.989878470231856156e-01,7.000737728381234426e-01,7.000688485741977107e-01,7.000826875039499742e-01,7.000855207864032925e-01,7.000775269269111645e-01,7.000302246160594599e-01,6.994209818663443823e-01,6.892233077069331859e-01,6.732446250321940662e-01,9.999999999999983347e-01,6.862194651979591775e-01,7.094197078570494419e-01,7.104429084320870169e-01,7.104310239531019810e-01,7.104399746154858031e-01,7.104344735140390998e-01,7.103873519159610295e-01,7.097694201097746181e-01,6.994209818663450484e-01,6.989878470231856156e-01,6.862194651979591775e-01,9.999999999999983347e-01,6.870108726579737812e-01,7.100481962248785806e-01,7.110640653423296875e-01,7.110483164193293071e-01,7.110492815546836098e-01,7.110048800793098422e-01,7.103873519159602523e-01,7.000302246160594599e-01,7.000737728381234426e-01,7.094197078570494419e-01,6.870108726579737812e-01,9.999999999999983347e-01,6.870803347725931154e-01,7.100988289932321784e-01,7.111108960936610712e-01,7.110872043803435627e-01,7.110492815546837209e-01,7.104344735140386558e-01,7.000775269269112755e-01,7.000688485741977107e-01,7.104429084320870169e-01,7.100481962248785806e-01,6.870803347725931154e-01,9.999999999999983347e-01,6.870942995612367987e-01,7.101067618810676940e-01,7.111108960936607382e-01,7.110483164193287520e-01,7.104399746154848039e-01,7.000855207864029595e-01,7.000826875039499742e-01,7.104310239531019810e-01,7.110640653423296875e-01,7.100988289932321784e-01,6.870942995612367987e-01,9.999999999999983347e-01,6.870942995612372428e-01,7.100988289932320674e-01,7.110640653423295765e-01,7.104310239531012039e-01,7.000826875039498631e-01,7.000855207864032925e-01,7.104399746154858031e-01,7.110483164193293071e-01,7.111108960936610712e-01,7.101067618810676940e-01,6.870942995612372428e-01,9.999999999999983347e-01,6.870803347725934485e-01,7.100481962248791357e-01,7.104429084320869059e-01,7.000688485741980438e-01,7.000775269269111645e-01,7.104344735140390998e-01,7.110492815546836098e-01,7.110872043803435627e-01,7.111108960936607382e-01,7.100988289932320674e-01,6.870803347725934485e-01,9.999999999999983347e-01,6.870108726579735592e-01,7.094197078570487758e-01,7.000737728381232206e-01,7.000302246160594599e-01,7.103873519159610295e-01,7.110048800793098422e-01,7.110492815546837209e-01,7.110483164193287520e-01,7.110640653423295765e-01,7.100481962248791357e-01,6.870108726579735592e-01,9.999999999999983347e-01,6.862194651979582893e-01,6.989878470231857266e-01,6.994209818663443823e-01,7.097694201097746181e-01,7.103873519159602523e-01,7.104344735140386558e-01,7.104399746154848039e-01,7.104310239531012039e-01,7.104429084320869059e-01,7.094197078570487758e-01,6.862194651979582893e-01,9.999999999999983347e-01,6.732446250321932890e-01,6.892233077069331859e-01,6.994209818663450484e-01,7.000302246160594599e-01,7.000775269269112755e-01,7.000855207864029595e-01,7.000826875039498631e-01,7.000688485741980438e-01,7.000737728381232206e-01,6.989878470231857266e-01,6.732446250321932890e-01,9.999999999999983347e-01
9.999999999999973355e-01,8.315394788127017378e-01,8.387774856624468089e-01,8.396029893815794010e-01,8.394813323005764216e-01,8.394822723527712860e-01,8.394815785048330703e-01,8.394685485097708177e-01,8.394211601522088007e-01,8.381542369186185670e-01,8.187244399401896189e-01,8.315394788127017378e-01,9.999999999999973355e-01,8.543569847131186057e-01,8.588513674818909482e-01,8.595216938623337910e-01,8.594090903291999872e-01,8.594024615301042447e-01,8.593902596570013319e-01,8.593420190076600518e-01,8.580451143776164358e-01,8.381542369186185670e-01,8.387774856624468089e-01,8.543569847131186057e-01,9.999999999999973355e-01,8.558069804576389217e-01,8.601762258232137359e-01,8.608233271279754906e-01,8.607049968379990590e-01,8.606875363952880553e-01,8.606405407829088583e-01,8.593420190076593856e-01,8.394211601522081345e-01,8.396029893815794010e-01,8.588513674818909482e-01,8.558069804576389217e-01,9.999999999999973355e-01,8.558748601041417103e-01,8.602292655071235306e-01,8.608688526250910522e-01,8.607397393397605567e-01,8.606875363952881663e-01,8.593902596570007768e-01,8.394685485097702626e-01,8.394813323005764216e-01,8.595216938623337910e-01,8.601762258232137359e-01,8.558748601041417103e-01,9.999999999999973355e-01,8.558937207207772957e-01,8.602401626179551064e-01,8.608688526250901640e-01,8.607049968379981708e-01,8.594024615301028014e-01,8.394815785048316270e-01,8.394822723527712860e-01,8.594090903291999872e-01,8.608233271279754906e-01,8.602292655071235306e-01,8.558937207207772957e-01,9.999999999999973355e-01,8.558937207207779618e-01,8.602292655071234195e-01,8.608233271279752685e-01,8.594090903291990990e-01,8.394822723527703978e-01,8.394815785048330703e-01,8.594024615301042447e-01,8.607049968379990590e-01,8.608688526250910522e-01,8.602401626179551064e-01,8.558937207207779618e-01,9.999999999999973355e-01,8.558748601041421544e-01,8.601762258232139580e-01,8.595216938623337910e-01,8.394813323005761996e-01,8.394685485097708177e-01,8.593902596570013319e-01,8.606875363952880553e-01,8.607397393397605567e-01,8.608688526250901640e-01,8.602292655071234195e-01,8.558748601041421544e-01,9.999999999999973355e-01,8.558069804576382555e-01,8.588513674818898380e-01,8.396029893815784018e-01,8.394211601522088007e-01,8.593420190076600518e-01,8.606405407829088583e-01,8.606875363952881663e-01,8.607049968379981708e-01,8.608233271279752685e-01,8.601762258232139580e-01,8.558069804576382555e-01,9.999999999999973355e-01,8.543569847131173844e-01,8.387774856624461428e-01,8.381542369186185670e-01,8.580451143776164358e-01,8.593420190076593856e-01,8.593902596570007768e-01,8.594024615301028014e-01,8.594090903291990990e-01,8.595216938623337910e-01,8.588513674818898380e-01,8.543569847131173844e-01,9.999999999999973355e-01,8.315394788127001835e-01,8.187244399401896189e-01,8.381542369186185670e-01,8.394211601522081345e-01,8.394685485097702626e-01,8.394815785048316270e-01,8.394822723527703978e-01,8.394813323005761996e-01,8.396029893815784018e-01,8.387774856624461428e-01,8.315394788127001835e-01,9.999999999999973355e-01
9.999999999999984457e-01,9.903565988142676302e-01,9.900895684108856898e-01,9.900044650038019034e-01,9.900083571485427392e-01,9.900081364900117364e-01,9.900085184458368159e-01,9.900122897878732564e-01,9.900582332198634150e-01,9.903578730251942908e-01,9.863653650094801328e-01,9.903565988142676302e-01,9.999999999999984457e-01,9.940700124832024809e-01,9.940301620500571200e-01,9.940126820917727368e-01,9.940154388564487187e-01,9.940157715243749248e-01,9.940195375623530616e-01,9.940656762488500053e-01,9.943665363220780540e-01,9.903578730251937356e-01,9.900895684108856898e-01,9.940700124832024809e-01,9.999999999999984457e-01,9.937228933509894002e-01,9.937240632470845103e-01,9.937114476290686005e-01,9.937151998910399575e-01,9.937188376613491636e-01,9.937649085946733685e-01,9.940656762488500053e-01,9.900582332198630819e-01,9.900044650038019034e-01,9.940301620500571200e-01,9.937228933509894002e-01,9.999999999999984457e-01,9.936729123879359804e-01,9.936774237034313728e-01,9.936657730214168982e-01,9.936728953888063209e-01,9.937188376613490526e-01,9.940195375623530616e-01,9.900122897878727013e-01,9.900083571485427392e-01,9.940126820917727368e-01,9.937240632470845103e-01,9.936729123879359804e-01,9.999999999999984457e-01,9.936686058813234412e-01,9.936740810937937374e-01,9.936657730214171202e-01,9.937151998910400685e-01,9.940157715243750358e-01,9.900085184458364829e-01,9.900081364900117364e-01,9.940154388564487187e-01,9.937114476290686005e-01,9.936774237034313728e-01,9.936686058813234412e-01,9.999999999999984457e-01,9.936686058813233302e-01,9.936774237034314838e-01,9.937114476290686005e-01,9.940154388564488297e-01,9.900081364900112924e-01,9.900085184458368159e-01,9.940157715243749248e-01,9.937151998910399575e-01,9.936657730214168982e-01,9.936740810937937374e-01,9.936686058813233302e-01,9.999999999999984457e-01,9.936729123879359804e-01,9.937240632470843993e-01,9.940126820917727368e-01,9.900083571485421841e-01,9.900122897878732564e-01,9.940195375623530616e-01,9.937188376613491636e-01,9.936728953888063209e-01,9.936657730214171202e-01,9.936774237034314838e-01,9.936729123879359804e-01,9.999999999999984457e-01,9.937228933509895112e-01,9.940301620500571200e-01,9.900044650038013483e-01,9.900582332198634150e-01,9.940656762488500053e-01,9.937649085946733685e-01,9.937188376613490526e-01,9.937151998910400685e-01,9.937114476290686005e-01,9.937240632470843993e-01,9.937228933509895112e-01,9.999999999999984457e-01,9.940700124832024809e-01,9.900895684108852457e-01,9.903578730251942908e-01,9.943665363220780540e-01,9.940656762488500053e-01,9.940195375623530616e-01,9.940157715243750358e-01,9.940154388564488297e-01,9.940126820917727368e-01,9.940301620500571200e-01,9.940700124832024809e-01,9.999999999999984457e-01,9.903565988142671861e-01,9.863653650094801328e-01,9.903578730251937356e-01,9.900582332198630819e-01,9.900122897878727013e-01,9.900085184458364829e-01,9.900081364900112924e-01,9.900083571485421841e-01,9.900044650038013483e-01,9.900895684108852457e-01,9.903565988142671861e-01,9.999999999999984457e-01
9.999999999999965583e-01,8.611049651213682488e-01,8.651417508784698951e-01,8.651752696242902552e-01,8.651405170491923702e-01,8.651508141048490641e-01,8.651546331614408114e-01,8.651536210689757533e-01,8.650171632397619659e-01,8.654861773145638981e-01,8.887806671199048880e-01,8.611049651213682488e-01,9.999999999999965583e-01,8.359642772297279922e-01,8.427281856484611922e-01,8.424867859245002144e-01,8.424616366304737980e-01,8.424775904900254631e-01,8.424787406052118843e-01,8.423456672731260975e-01,8.428022862361286283e-01,8.654861773145643422e-01,8.651417508784698951e-01,8.359642772297279922e-01,9.999999999999965583e-01,8.356097370845098071e-01,8.422720988268411757e-01,8.420300566497038730e-01,8.420067453138585511e-01,8.420201204246560156e-01,8.418894188800709610e-01,8.423456672731264305e-01,8.650171632397628541e-01,8.651752696242902552e-01,8.427281856484611922e-01,8.356097370845098071e-01,9.999999999999965583e-01,8.357547415159617410e-01,8.424020319862690620e-01,8.421647974399880665e-01,8.421386629682118263e-01,8.420201204246560156e-01,8.424787406052123284e-01,8.651536210689766415e-01,8.651405170491923702e-01,8.424867859245002144e-01,8.422720988268411757e-01,8.357547415159617410e-01,9.999999999999965583e-01,8.357536983203455172e-01,8.424046237793986203e-01,8.421647974399891767e-01,8.420067453138597724e-01,8.424775904900270174e-01,8.651546331614428098e-01,8.651508141048490641e-01,8.424616366304737980e-01,8.420300566497038730e-01,8.424020319862690620e-01,8.357536983203455172e-01,9.999999999999965583e-01,8.357536983203444070e-01,8.424020319862690620e-01,8.420300566497038730e-01,8.424616366304743531e-01,8.651508141048500633e-01,8.651546331614408114e-01,8.424775904900254631e-01,8.420067453138585511e-01,8.421647974399880665e-01,8.424046237793986203e-01,8.357536983203444070e-01,9.999999999999965583e-01,8.357547415159610749e-01,8.422720988268405096e-01,8.424867859244997703e-01,8.651405170491925922e-01,8.651536210689757533e-01,8.424787406052118843e-01,8.420201204246560156e-01,8.421386629682118263e-01,8.421647974399891767e-01,8.424020319862690620e-01,8.357547415159610749e-01,9.999999999999965583e-01,8.356097370845102512e-01,8.427281856484617473e-01,8.651752696242914764e-01,8.650171632397619659e-01,8.423456672731260975e-01,8.418894188800709610e-01,8.420201204246560156e-01,8.420067453138597724e-01,8.420300566497038730e-01,8.422720988268405096e-01,8.356097370845102512e-01,9.999999999999965583e-01,8.359642772297286584e-01,8.651417508784711163e-01,8.654861773145638981e-01,8.428022862361286283e-01,8.423456672731264305e-01,8.424787406052123284e-01,8.424775904900270174e-01,8.424616366304743531e-01,8.424867859244997703e-01,8.427281856484617473e-01,8.359642772297286584e-01,9.999999999999965583e-01,8.611049651213700251e-01,8.887806671199048880e-01,8.654861773145643422e-01,8.650171632397628541e-01,8.651536210689766415e-01,8.651546331614428098e-01,8.651508141048500633e-01,8.651405170491925922e-01,8.651752696242914764e-01,8.651417508784711163e-01,8.611049651213700251e-01,9.999999999999965583e-01
9.999999999999977796e-01,6.124753655727360746e-01,6.538695037615438466e-01,6.529647291507102436e-01,6.534402949359680024e-01,6.534642977023306099e-01,6.534572202517942019e-01,6.534274344713387750e-01,6.528756006888793983e-01,6.492719172341188116e-01,6.644305027881005632e-01,6.124753655727360746e-01,9.999999999999977796e-01,5.982892161731332425e-01,6.391071596127535503e-01,6.380610297036626299e-01,6.385261056639992550e-01,6.385512054982025454e-01,6.385193763329251038e-01,6.379799839301775188e-01,6.344589058519757296e-01,6.492719172341203659e-01,6.538695037615438466e-01,5.982892161731332425e-01,9.999999999999977796e-01,6.033708749528003956e-01,6.426291311300424969e-01,6.416157329152587518e-01,6.420667042006034109e-01,6.420665283712316818e-01,6.415210024770889863e-01,6.379799839301776299e-01,6.528756006888810637e-01,6.529647291507102436e-01,6.391071596127535503e-01,6.033708749528003956e-01,9.999999999999977796e-01,6.040830764540047193e-01,6.431704517208622907e-01,6.421566494708930151e-01,6.425808195651651067e-01,6.420665283712307936e-01,6.385193763329244376e-01,6.534274344713394411e-01,6.534402949359680024e-01,6.380610297036626299e-01,6.426291311300424969e-01,6.040830764540047193e-01,9.999999999999977796e-01,6.041229775268701641e-01,6.431959510263984825e-01,6.421566494708933481e-01,6.420667042006028558e-01,6.385512054982021013e-01,6.534572202517953121e-01,6.534642977023306099e-01,6.385261056639992550e-01,6.416157329152587518e-01,6.431704517208622907e-01,6.041229775268701641e-01,9.999999999999977796e-01,6.041229775268698310e-01,6.431704517208622907e-01,6.416157329152577526e-01,6.385261056639988109e-01,6.534642977023314980e-01,6.534572202517942019e-01,6.385512054982025454e-01,6.420667042006034109e-01,6.421566494708930151e-01,6.431959510263984825e-01,6.041229775268698310e-01,9.999999999999977796e-01,6.040830764540047193e-01,6.426291311300413867e-01,6.380610297036616307e-01,6.534402949359687796e-01,6.534274344713387750e-01,6.385193763329251038e-01,6.420665283712316818e-01,6.425808195651651067e-01,6.421566494708933481e-01,6.431704517208622907e-01,6.040830764540047193e-01,9.999999999999977796e-01,6.033708749527997295e-01,6.391071596127528842e-01,6.529647291507115758e-01,6.528756006888793983e-01,6.379799839301775188e-01,6.415210024770889863e-01,6.420665283712307936e-01,6.420667042006028558e-01,6.416157329152577526e-01,6.426291311300413867e-01,6.033708749527997295e-01,9.999999999999977796e-01,5.982892161731316882e-01,6.538695037615437355e-01,6.492719172341188116e-01,6.344589058519757296e-01,6.379799839301776299e-01,6.385193763329244376e-01,6.385512054982021013e-01,6.385261056639988109e-01,6.380610297036616307e-01,6.391071596127528842e-01,5.982892161731316882e-01,9.999999999999977796e-01,6.124753655727365187e-01,6.644305027881005632e-01,6.492719172341203659e-01,6.528756006888810637e-01,6.534274344713394411e-01,6.534572202517953121e-01,6.534642977023314980e-01,6.534402949359687796e-01,6.529647291507115758e-01,6.538695037615437355e-01,6.124753655727365187e-01,9.999999999999977796e-01
9.999999999999921174e-01,5.450682358894382018e-01,6.046456959694592737e-01,6.043972565958433130e-01,6.045279889379260307e-01,6.044239170917085069e-01,6.044091109784419658e-01,6.044024163936180249e-01,6.037276702336126233e-01,5.957154326047808812e-01,5.723587527949440812e-01,5.450682358894382018e-01,9.999999999999921174e-01,5.864127065207689338e-01,6.290757719542173776e-01,6.291426594369582403e-01,6.291895917265560856e-01,6.290870121343415944e-01,6.290632717592196110e-01,6.283630119503957889e-01,6.200249060885933972e-01,5.957154326047815474e-01,6.046456959694592737e-01,5.864127065207689338e-01,9.999999999999921174e-01,5.978787951535986522e-01,6.374875254053377072e-01,6.376151927225011118e-01,6.376462815270771411e-01,6.375372714251539286e-01,6.368114047972782688e-01,6.283630119503966771e-01,6.037276702336143996e-01,6.043972565958433130e-01,6.290757719542173776e-01,5.978787951535986522e-01,9.999999999999921174e-01,5.987884457504378810e-01,6.382075630507707542e-01,6.383272280952504429e-01,6.383489792819940778e-01,6.375372714251508199e-01,6.290632717592175016e-01,6.044024163936165817e-01,6.045279889379260307e-01,6.291426594369582403e-01,6.374875254053377072e-01,5.987884457504378810e-01,9.999999999999921174e-01,5.988089891111442187e-01,6.382155223563283908e-01,6.383272280952494437e-01,6.376462815270727003e-01,6.290870121343383747e-01,6.044091109784395233e-01,6.044239170917085069e-01,6.291895917265560856e-01,6.376151927225011118e-01,6.382075630507707542e-01,5.988089891111442187e-01,9.999999999999921174e-01,5.988089891111458840e-01,6.382075630507710873e-01,6.376151927224976701e-01,6.291895917265537541e-01,6.044239170917071746e-01,6.044091109784419658e-01,6.290870121343415944e-01,6.376462815270771411e-01,6.383272280952504429e-01,6.382155223563283908e-01,5.988089891111458840e-01,9.999999999999921174e-01,5.987884457504399904e-01,6.374875254053362639e-01,6.291426594369575742e-01,6.045279889379256977e-01,6.044024163936180249e-01,6.290632717592196110e-01,6.375372714251539286e-01,6.383489792819940778e-01,6.383272280952494437e-01,6.382075630507710873e-01,5.987884457504399904e-01,9.999999999999921174e-01,5.978787951535954326e-01,6.290757719542156012e-01,6.043972565958425358e-01,6.037276702336126233e-01,6.283630119503957889e-01,6.368114047972782688e-01,6.375372714251508199e-01,6.376462815270727003e-01,6.376151927224976701e-01,6.374875254053362639e-01,5.978787951535954326e-01,9.999999999999921174e-01,5.864127065207627165e-01,6.046456959694549438e-01,5.957154326047808812e-01,6.200249060885933972e-01,6.283630119503966771e-01,6.290632717592175016e-01,6.290870121343383747e-01,6.291895917265537541e-01,6.291426594369575742e-01,6.290757719542156012e-01,5.864127065207627165e-01,9.999999999999921174e-01,5.450682358894340940e-01,5.723587527949440812e-01,5.957154326047815474e-01,6.037276702336143996e-01,6.044024163936165817e-01,6.044091109784395233e-01,6.044239170917071746e-01,6.045279889379256977e-01,6.043972565958425358e-01,6.046456959694549438e-01,5.450682358894340940e-01,9.999999999999921174e-01
9.999999999999875655e-01,6.965568456608193237e-01,7.253287439887380339e-01,7.257131547183713893e-01,7.250484463465312057e-01,7.250020502691247870e-01,7.250336183018928349e-01,7.251463230887784661e-01,7.252383642936139907e-01,7.175245963333606314e-01,6.543240313851002021e-01,6.965568456608193237e-01,9.999999999999875655e-01,7.840215774770189494e-01,7.952178897754329512e-01,7.955651431506234328e-01,7.950915312225145248e-01,7.950518869688298906e-01,7.951827537968555459e-01,7.952882421686580106e-01,7.868297677292489523e-01,7.175245963333588550e-01,7.253287439887380339e-01,7.840215774770189494e-01,9.999999999999875655e-01,7.934272268745342638e-01,8.036856854391837279e-01,8.040870227487506572e-01,8.036423328123191157e-01,8.037161323548026592e-01,8.038329998908125829e-01,7.952882421686596759e-01,7.252383642936137687e-01,7.257131547183713893e-01,7.952178897754329512e-01,7.934272268745342638e-01,9.999999999999875655e-01,7.931862352298675312e-01,8.035875475815359437e-01,8.039919816554934595e-01,8.036565519033717075e-01,8.037161323547978853e-01,7.951827537968524373e-01,7.251463230887734701e-01,7.250484463465312057e-01,7.955651431506234328e-01,8.036856854391837279e-01,7.931862352298675312e-01,9.999999999999875655e-01,7.930504376486476881e-01,8.034783503480720235e-01,8.039919816554921272e-01,8.036423328123125653e-01,7.950518869688255608e-01,7.250336183018868397e-01,7.250020502691247870e-01,7.950915312225145248e-01,8.040870227487506572e-01,8.035875475815359437e-01,7.930504376486476881e-01,9.999999999999875655e-01,7.930504376486502416e-01,8.035875475815368318e-01,8.040870227487464383e-01,7.950915312225115272e-01,7.250020502691209012e-01,7.250336183018928349e-01,7.950518869688298906e-01,8.036423328123191157e-01,8.039919816554934595e-01,8.034783503480720235e-01,7.930504376486502416e-01,9.999999999999875655e-01,7.931862352298708618e-01,8.036856854391816185e-01,7.955651431506228777e-01,7.250484463465286522e-01,7.251463230887784661e-01,7.951827537968555459e-01,8.037161323548026592e-01,8.036565519033717075e-01,8.039919816554921272e-01,8.035875475815368318e-01,7.931862352298708618e-01,9.999999999999875655e-01,7.934272268745301560e-01,7.952178897754311748e-01,7.257131547183676146e-01,7.252383642936139907e-01,7.952882421686580106e-01,8.038329998908125829e-01,8.037161323547978853e-01,8.036423328123125653e-01,8.040870227487464383e-01,8.036856854391816185e-01,7.934272268745301560e-01,9.999999999999875655e-01,7.840215774770111778e-01,7.253287439887300403e-01,7.175245963333606314e-01,7.868297677292489523e-01,7.952882421686596759e-01,7.951827537968524373e-01,7.950518869688255608e-01,7.950915312225115272e-01,7.955651431506228777e-01,7.952178897754311748e-01,7.840215774770111778e-01,9.999999999999875655e-01,6.965568456608117742e-01,6.543240313851002021e-01,7.175245963333588550e-01,7.252383642936137687e-01,7.251463230887734701e-01,7.250336183018868397e-01,7.250020502691209012e-01,7.250484463465286522e-01,7.257131547183676146e-01,7.253287439887300403e-01,6.965568456608117742e-01,9.999999999999875655e-01
9.999999999999907851e-01,8.651872468617930467e-01,8.656891948410755377e-01,8.647953184304053575e-01,8.646777103688042532e-01,8.647628476480474502e-01,8.647789569865661496e-01,8.649283773704512512e-01,8.662613313708185103e-01,8.680442777838206503e-01,8.015171406784717956e-01,8.651872468617930467e-01,9.999999999999907851e-01,9.373388092927885662e-01,9.365737131352068756e-01,9.364367584140311784e-01,9.365011674337950787e-01,9.365517967636735053e-01,9.367200768970562752e-01,9.381626545356258617e-01,9.400932097310523705e-01,8.680442777838174306e-01,8.656891948410755377e-01,9.373388092927885662e-01,9.999999999999907851e-01,9.338671026576014222e-01,9.344906544185263009e-01,9.344882450685113584e-01,9.345855935268430059e-01,9.347946068897149408e-01,9.362378158977705533e-01,9.381626545356264169e-01,8.662613313708158458e-01,8.647953184304053575e-01,9.365737131352068756e-01,9.338671026576014222e-01,9.999999999999907851e-01,9.322108781613804851e-01,9.330384391228878638e-01,9.330517158309681314e-01,9.333103408484243468e-01,9.347946068897126093e-01,9.367200768970546099e-01,8.649283773704464773e-01,8.646777103688042532e-01,9.364367584140311784e-01,9.344906544185263009e-01,9.322108781613804851e-01,9.999999999999907851e-01,9.320340397083766160e-01,9.328792686803192291e-01,9.330517158309677983e-01,9.345855935268406744e-01,9.365517967636716179e-01,8.647789569865611536e-01,8.647628476480474502e-01,9.365011674337950787e-01,9.344882450685113584e-01,9.330384391228878638e-01,9.320340397083766160e-01,9.999999999999907851e-01,9.320340397083775041e-01,9.330384391228881968e-01,9.344882450685098041e-01,9.365011674337941905e-01,8.647628476480432314e-01,8.647789569865661496e-01,9.365517967636735053e-01,9.345855935268430059e-01,9.330517158309681314e-01,9.328792686803192291e-01,9.320340397083775041e-01,9.999999999999907851e-01,9.322108781613822615e-01,9.344906544185257458e-01,9.364367584140311784e-01,8.646777103688009225e-01,8.649283773704512512e-01,9.367200768970562752e-01,9.347946068897149408e-01,9.333103408484243468e-01,9.330517158309677983e-01,9.330384391228881968e-01,9.322108781613822615e-01,9.999999999999907851e-01,9.338671026576004230e-01,9.365737131352065425e-01,8.647953184304018048e-01,8.662613313708185103e-01,9.381626545356258617e-01,9.362378158977705533e-01,9.347946068897126093e-01,9.345855935268406744e-01,9.344882450685098041e-01,9.344906544185257458e-01,9.338671026576004230e-01,9.999999999999907851e-01,9.373388092927860127e-01,8.656891948410696536e-01,8.680442777838206503e-01,9.400932097310523705e-01,9.381626545356264169e-01,9.367200768970546099e-01,9.365517967636716179e-01,9.365011674337941905e-01,9.364367584140311784e-01,9.365737131352065425e-01,9.373388092927860127e-01,9.999999999999907851e-01,8.651872468617876066e-01,8.015171406784717956e-01,8.680442777838174306e-01,8.662613313708158458e-01,8.649283773704464773e-01,8.647789569865611536e-01,8.647628476480432314e-01,8.646777103688009225e-01,8.647953184304018048e-01,8.656891948410696536e-01,8.651872468617876066e-01,9.999999999999907851e-01
9.999999999999923395e-01,8.612705578196799827e-01,8.519245395250550912e-01,8.508340654916649592e-01,8.511278732087218524e-01,8.510267409360645630e-01,8.509844927946474957e-01,8.508583645469348644e-01,8.516817485562415690e-01,8.658240322108154974e-01,8.523195893505693954e-01,8.612705578196799827e-01,9.999999999999923395e-01,8.606386272425130546e-01,8.644975998034458708e-01,8.647096931318237756e-01,8.645862740453006401e-01,8.644661528214655499e-01,8.643349696847921759e-01,8.651752213276564518e-01,8.795424851862367888e-01,8.658240322108121667e-01,8.519245395250550912e-01,8.606386272425130546e-01,9.999999999999923395e-01,8.444692860050491134e-01,8.504465477686208308e-01,8.506285572283173169e-01,8.504621821500599754e-01,8.502190082974796503e-01,8.510376980744309705e-01,8.651752213276556747e-01,8.516817485562374612e-01,8.508340654916649592e-01,8.644975998034458708e-01,8.444692860050491134e-01,9.999999999999923395e-01,8.437176304336949650e-01,8.496418222612427407e-01,8.497856988669677536e-01,8.495161293287398774e-01,8.502190082974827590e-01,8.643349696847946184e-01,8.508583645469340873e-01,8.511278732087218524e-01,8.647096931318237756e-01,8.504465477686208308e-01,8.437176304336949650e-01,9.999999999999923395e-01,8.438762676578657196e-01,8.497514730659139204e-01,8.497856988669694189e-01,8.504621821500644163e-01,8.644661528214695467e-01,8.509844927946481619e-01,8.510267409360645630e-01,8.645862740453006401e-01,8.506285572283173169e-01,8.496418222612427407e-01,8.438762676578657196e-01,9.999999999999923395e-01,8.438762676578639432e-01,8.496418222612429627e-01,8.506285572283205365e-01,8.645862740453029716e-01,8.510267409360636748e-01,8.509844927946474957e-01,8.644661528214655499e-01,8.504621821500599754e-01,8.497856988669677536e-01,8.497514730659139204e-01,8.438762676578639432e-01,9.999999999999923395e-01,8.437176304336931887e-01,8.504465477686226071e-01,8.647096931318244417e-01,8.511278732087192989e-01,8.508583645469348644e-01,8.643349696847921759e-01,8.502190082974796503e-01,8.495161293287398774e-01,8.497856988669694189e-01,8.496418222612429627e-01,8.437176304336931887e-01,9.999999999999923395e-01,8.444692860050526662e-01,8.644975998034483133e-01,8.508340654916642931e-01,8.516817485562415690e-01,8.651752213276564518e-01,8.510376980744309705e-01,8.502190082974827590e-01,8.504621821500644163e-01,8.506285572283205365e-01,8.504465477686226071e-01,8.444692860050526662e-01,9.999999999999923395e-01,8.606386272425190498e-01,8.519245395250574227e-01,8.658240322108154974e-01,8.795424851862367888e-01,8.651752213276556747e-01,8.643349696847946184e-01,8.644661528214695467e-01,8.645862740453029716e-01,8.647096931318244417e-01,8.644975998034483133e-01,8.606386272425190498e-01,9.999999999999923395e-01,8.612705578196816480e-01,8.523195893505693954e-01,8.658240322108121667e-01,8.516817485562374612e-01,8.508583645469340873e-01,8.509844927946481619e-01,8.510267409360636748e-01,8.511278732087192989e-01,8.508340654916642931e-01,8.519245395250574227e-01,8.612705578196816480e-01,9.999999999999923395e-01
9.999999999999931166e-01,6.609477971112157624e-01,6.743688949555197709e-01,6.771985404546400078e-01,6.771017202508692323e-01,6.771298980838467152e-01,6.771831659701886830e-01,6.766357003929792668e-01,6.740878043988065560e-01,6.880120117707959615e-01,7.393499535157932456e-01,6.609477971112157624e-01,9.999999999999931166e-01,5.852240655474081343e-01,6.301478078497775304e-01,6.307134668630742791e-01,6.299211710723595647e-01,6.300708529495728794e-01,6.296492639035801142e-01,6.272857257885430249e-01,6.402400028347590144e-01,6.880120117707946292e-01,6.743688949555197709e-01,5.852240655474081343e-01,9.999999999999931166e-01,5.720134312344706817e-01,6.179218460983647576e-01,6.180584821063777046e-01,6.171518955149125629e-01,6.167956590442977838e-01,6.145812248588926607e-01,6.272857257885412485e-01,6.740878043988036694e-01,6.771985404546400078e-01,6.301478078497775304e-01,5.720134312344706817e-01,9.999999999999931166e-01,5.756146358287481668e-01,6.202753112388865731e-01,6.203629060943175455e-01,6.189762072113215163e-01,6.167956590443031129e-01,6.296492639035836669e-01,6.766357003929818204e-01,6.771017202508692323e-01,6.307134668630742791e-01,6.179218460983647576e-01,5.756146358287481668e-01,9.999999999999931166e-01,5.763039221496588649e-01,6.207595933724237014e-01,6.203629060943199880e-01,6.171518955149197794e-01,6.300708529495794297e-01,6.771831659701939010e-01,6.771298980838467152e-01,6.299211710723595647e-01,6.180584821063777046e-01,6.202753112388865731e-01,5.763039221496588649e-01,9.999999999999931166e-01,5.763039221496553122e-01,6.202753112388861290e-01,6.180584821063824785e-01,6.299211710723622293e-01,6.771298980838491577e-01,6.771831659701886830e-01,6.300708529495728794e-01,6.171518955149125629e-01,6.203629060943175455e-01,6.207595933724237014e-01,5.763039221496553122e-01,9.999999999999931166e-01,5.756146358287437259e-01,6.179218460983666450e-01,6.307134668630740570e-01,6.771017202508679000e-01,6.766357003929792668e-01,6.296492639035801142e-01,6.167956590442977838e-01,6.189762072113215163e-01,6.203629060943199880e-01,6.202753112388861290e-01,5.756146358287437259e-01,9.999999999999931166e-01,5.720134312344757888e-01,6.301478078497804169e-01,6.771985404546412290e-01,6.740878043988065560e-01,6.272857257885430249e-01,6.145812248588926607e-01,6.167956590443031129e-01,6.171518955149197794e-01,6.180584821063824785e-01,6.179218460983666450e-01,5.720134312344757888e-01,9.999999999999931166e-01,5.852240655474179043e-01,6.743688949555269874e-01,6.880120117707959615e-01,6.402400028347590144e-01,6.272857257885412485e-01,6.296492639035836669e-01,6.300708529495794297e-01,6.299211710723622293e-01,6.307134668630740570e-01,6.301478078497804169e-01,5.852240655474179043e-01,9.999999999999931166e-01,6.609477971112223127e-01,7.393499535157932456e-01,6.880120117707946292e-01,6.740878043988036694e-01,6.766357003929818204e-01,6.771831659701939010e-01,6.771298980838491577e-01,6.771017202508679000e-01,6.771985404546412290e-01,6.743688949555269874e-01,6.609477971112223127e-01,9.999999999999931166e-01
9.999999999999931166e-01,3.765159014577659224e-01,4.780357838139817073e-01,4.790853026471204035e-01,4.784255406740172689e-01,4.790854520911912995e-01,4.791749973305483579e-01,4.785048672340340703e-01,4.721018982816490017e-01,4.705413082965586025e-01,5.388982940673341382e-01,3.765159014577659224e-01,9.999999999999931166e-01,2.856580111378772546e-01,4.263775035927804824e-01,4.184015804572402963e-01,4.175717209595740109e-01,4.183886080610343949e-01,4.178642241772270172e-01,4.122267811435604834e-01,4.108542108192119180e-01,4.705413082965603788e-01,4.780357838139817073e-01,2.856580111378772546e-01,9.999999999999931166e-01,2.964253126010065187e-01,4.278736514346803133e-01,4.199247226079069750e-01,4.189598592242829156e-01,4.191982955224049512e-01,4.136472749001492977e-01,4.122267811435583740e-01,4.721018982816484466e-01,4.790853026471204035e-01,4.263775035927804824e-01,2.964253126010065187e-01,9.999999999999931166e-01,3.059704852824436383e-01,4.332593443944955380e-01,4.256283807288337995e-01,4.240936357053047834e-01,4.191982955224085039e-01,4.178642241772276278e-01,4.785048672340370124e-01,4.784255406740172689e-01,4.184015804572402963e-01,4.278736514346803133e-01,3.059704852824436383e-01,9.999999999999931166e-01,3.068094101988895206e-01,4.338136170959879245e-01,4.256283807288354648e-01,4.189598592242880226e-01,4.183886080610381697e-01,4.791749973305540200e-01,4.790854520911912995e-01,4.175717209595740109e-01,4.199247226079069750e-01,4.332593443944955380e-01,3.068094101988895206e-01,9.999999999999931166e-01,3.068094101988855238e-01,4.332593443944949274e-01,4.199247226079104167e-01,4.175717209595743440e-01,4.790854520911949077e-01,4.791749973305483579e-01,4.183886080610343949e-01,4.189598592242829156e-01,4.256283807288337995e-01,4.338136170959879245e-01,3.068094101988855238e-01,9.999999999999931166e-01,3.059704852824386423e-01,4.278736514346805908e-01,4.184015804572381314e-01,4.784255406740171024e-01,4.785048672340340703e-01,4.178642241772270172e-01,4.191982955224049512e-01,4.240936357053047834e-01,4.256283807288354648e-01,4.332593443944949274e-01,3.059704852824386423e-01,9.999999999999931166e-01,2.964253126010101824e-01,4.263775035927806489e-01,4.790853026471222909e-01,4.721018982816490017e-01,4.122267811435604834e-01,4.136472749001492977e-01,4.191982955224085039e-01,4.189598592242880226e-01,4.199247226079104167e-01,4.278736514346805908e-01,2.964253126010101824e-01,9.999999999999931166e-01,2.856580111378832498e-01,4.780357838139878135e-01,4.705413082965586025e-01,4.108542108192119180e-01,4.122267811435583740e-01,4.178642241772276278e-01,4.183886080610381697e-01,4.175717209595743440e-01,4.184015804572381314e-01,4.263775035927806489e-01,2.856580111378832498e-01,9.999999999999931166e-01,3.765159014577713625e-01,5.388982940673341382e-01,4.705413082965603788e-01,4.721018982816484466e-01,4.785048672340370124e-01,4.791749973305540200e-01,4.790854520911949077e-01,4.784255406740171024e-01,4.790853026471222909e-01,4.780357838139878135e-01,3.765159014577713625e-01,9.999999999999931166e-01
