1.000000000000000000e+00,1.000000000000000000e+00,1.000000000000000000e+00,1.000000000000000000e+00,1.000000000000000000e+00,1.000000000000000000e+00,1.000000000000000000e+00,1.000000000000000000e+00,1.000000000000000000e+00,1.000000000000000000e+00,1.000000000000000000e+00,1.000000000000000000e+00,1.000000000000000000e+00,1.000000000000000000e+00,1.000000000000000000e+00,1.000000000000000000e+00,1.000000000000000000e+00,1.000000000000000000e+00,1.000000000000000000e+00,1.000000000000000000e+00,1.000000000000000000e+00,1.000000000000000000e+00,1.000000000000000000e+00,1.000000000000000000e+00,1.000000000000000000e+00,1.000000000000000000e+00,1.000000000000000000e+00,1.000000000000000000e+00,1.000000000000000000e+00,1.000000000000000000e+00,1.000000000000000000e+00,1.000000000000000000e+00,1.000000000000000000e+00,1.000000000000000000e+00,1.000000000000000000e+00,1.000000000000000000e+00,1.000000000000000000e+00,1.000000000000000000e+00,1.000000000000000000e+00,1.000000000000000000e+00,1.000000000000000000e+00,1.000000000000000000e+00,1.000000000000000000e+00,1.000000000000000000e+00,1.000000000000000000e+00,1.000000000000000000e+00,1.000000000000000000e+00,1.000000000000000000e+00,1.000000000000000000e+00,1.000000000000000000e+00,1.000000000000000000e+00,1.000000000000000000e+00,1.000000000000000000e+00,1.000000000000000000e+00,1.000000000000000000e+00,1.000000000000000000e+00,1.000000000000000000e+00,1.000000000000000000e+00,1.000000000000000000e+00,1.000000000000000000e+00,1.000000000000000000e+00,1.000000000000000000e+00,1.000000000000000000e+00,1.000000000000000000e+00,1.000000000000000000e+00,1.000000000000000000e+00,1.000000000000000000e+00,1.000000000000000000e+00,1.000000000000000000e+00,1.000000000000000000e+00,1.000000000000000000e+00,1.000000000000000000e+00,1.000000000000000000e+00,1.000000000000000000e+00,1.000000000000000000e+00,1.000000000000000000e+00,1.000000000000000000e+00,1.000000000000000000e+00,1.000000000000000000e+00,1.000000000000000000e+00,1.000000000000000000e+00
1.000000000000003109e+00,8.176813015723350953e-01,8.239511750539665336e-01,8.176813015723350953e-01,8.258636997365688126e-01,8.255651507847685533e-01,8.239511750539666446e-01,8.255651507847682202e-01,8.239579910693823894e-01,8.176813015723350953e-01,1.000000000000003109e+00,8.176813015723347622e-01,8.256245389820526803e-01,8.214922665931242429e-01,8.256245389820529024e-01,8.255651507847682202e-01,8.271975811332822337e-01,8.255651507847682202e-01,8.239511750539665336e-01,8.176813015723347622e-01,1.000000000000003109e+00,8.255651507847681092e-01,8.258636997365684795e-01,8.176813015723347622e-01,8.239579910693822784e-01,8.255651507847679982e-01,8.239511750539663115e-01,8.176813015723350953e-01,8.256245389820526803e-01,8.255651507847681092e-01,1.000000000000003109e+00,8.214922665931242429e-01,8.271975811332823447e-01,8.176813015723348732e-01,8.256245389820525693e-01,8.255651507847681092e-01,8.258636997365688126e-01,8.214922665931242429e-01,8.258636997365684795e-01,8.214922665931242429e-01,1.000000000000003109e+00,8.214922665931242429e-01,8.258636997365685906e-01,8.214922665931240209e-01,8.258636997365685906e-01,8.255651507847685533e-01,8.256245389820529024e-01,8.176813015723347622e-01,8.271975811332823447e-01,8.214922665931242429e-01,1.000000000000003109e+00,8.255651507847683312e-01,8.256245389820526803e-01,8.176813015723348732e-01,8.239511750539666446e-01,8.255651507847682202e-01,8.239579910693822784e-01,8.176813015723348732e-01,8.258636997365685906e-01,8.255651507847683312e-01,1.000000000000003109e+00,8.176813015723346512e-01,8.239511750539664225e-01,8.255651507847682202e-01,8.271975811332822337e-01,8.255651507847679982e-01,8.256245389820525693e-01,8.214922665931240209e-01,8.256245389820526803e-01,8.176813015723346512e-01,1.000000000000003109e+00,8.176813015723345401e-01,8.239579910693823894e-01,8.255651507847682202e-01,8.239511750539663115e-01,8.255651507847681092e-01,8.258636997365685906e-01,8.176813015723348732e-01,8.239511750539664225e-01,8.176813015723345401e-01,1.000000000000003109e+00
1.000000000000001776e+00,5.627784055435527399e-01,5.936940710882911976e-01,5.627784055435520738e-01,6.072286397775650268e-01,6.123872707685500405e-01,5.936940710882913086e-01,6.123872707685497074e-01,5.930514693825554851e-01,5.627784055435527399e-01,1.000000000000001776e+00,5.627784055435509636e-01,6.033760023472112266e-01,6.134834841757561552e-01,6.033760023472110046e-01,6.123872707685491523e-01,6.307132848799570368e-01,6.123872707685489303e-01,5.936940710882911976e-01,5.627784055435509636e-01,1.000000000000001776e+00,6.123872707685488193e-01,6.072286397775633615e-01,5.627784055435502975e-01,5.930514693825545969e-01,6.123872707685483752e-01,5.936940710882896433e-01,5.627784055435520738e-01,6.033760023472112266e-01,6.123872707685488193e-01,1.000000000000001776e+00,6.134834841757557111e-01,6.307132848799570368e-01,5.627784055435502975e-01,6.033760023472103384e-01,6.123872707685483752e-01,6.072286397775650268e-01,6.134834841757561552e-01,6.072286397775633615e-01,6.134834841757557111e-01,1.000000000000001776e+00,6.134834841757554891e-01,6.072286397775635836e-01,6.134834841757552670e-01,6.072286397775631395e-01,6.123872707685500405e-01,6.033760023472110046e-01,5.627784055435502975e-01,6.307132848799570368e-01,6.134834841757554891e-01,1.000000000000001776e+00,6.123872707685487082e-01,6.033760023472102274e-01,5.627784055435499644e-01,5.936940710882913086e-01,6.123872707685491523e-01,5.930514693825545969e-01,5.627784055435502975e-01,6.072286397775635836e-01,6.123872707685487082e-01,1.000000000000001776e+00,5.627784055435499644e-01,5.936940710882897543e-01,6.123872707685497074e-01,6.307132848799570368e-01,6.123872707685483752e-01,6.033760023472103384e-01,6.134834841757552670e-01,6.033760023472102274e-01,5.627784055435499644e-01,1.000000000000001776e+00,5.627784055435497423e-01,5.930514693825554851e-01,6.123872707685489303e-01,5.936940710882896433e-01,6.123872707685483752e-01,6.072286397775631395e-01,5.627784055435499644e-01,5.936940710882897543e-01,5.627784055435497423e-01,1.000000000000001776e+00
1.000000000000004441e+00,5.644032375349432584e-01,5.692173826849252771e-01,5.644032375349427033e-01,6.362819770004333186e-01,6.205725501621990325e-01,5.692173826849248330e-01,6.205725501621986995e-01,5.650900226695747541e-01,5.644032375349432584e-01,1.000000000000004441e+00,5.644032375349400388e-01,6.359797560863562627e-01,6.962596924697481704e-01,6.359797560863560406e-01,6.205725501621965901e-01,6.729424021828918079e-01,6.205725501621957019e-01,5.692173826849252771e-01,5.644032375349400388e-01,1.000000000000004441e+00,6.205725501621967011e-01,6.362819770004299880e-01,5.644032375349390396e-01,5.650900226695734219e-01,6.205725501621961460e-01,5.692173826849216134e-01,5.644032375349427033e-01,6.359797560863562627e-01,6.205725501621967011e-01,1.000000000000004441e+00,6.962596924697476153e-01,6.729424021828919189e-01,5.644032375349385955e-01,6.359797560863551524e-01,6.205725501621952578e-01,6.362819770004333186e-01,6.962596924697481704e-01,6.362819770004299880e-01,6.962596924697476153e-01,1.000000000000004441e+00,6.962596924697472822e-01,6.362819770004294329e-01,6.962596924697470602e-01,6.362819770004282116e-01,6.205725501621990325e-01,6.359797560863560406e-01,5.644032375349390396e-01,6.729424021828919189e-01,6.962596924697472822e-01,1.000000000000004441e+00,6.205725501621957019e-01,6.359797560863547083e-01,5.644032375349371522e-01,5.692173826849248330e-01,6.205725501621965901e-01,5.650900226695734219e-01,5.644032375349385955e-01,6.362819770004294329e-01,6.205725501621957019e-01,1.000000000000004441e+00,5.644032375349380404e-01,5.692173826849211693e-01,6.205725501621986995e-01,6.729424021828918079e-01,6.205725501621961460e-01,6.359797560863551524e-01,6.962596924697470602e-01,6.359797560863547083e-01,5.644032375349380404e-01,1.000000000000004441e+00,5.644032375349369302e-01,5.650900226695747541e-01,6.205725501621957019e-01,5.692173826849216134e-01,6.205725501621952578e-01,6.362819770004282116e-01,5.644032375349371522e-01,5.692173826849211693e-01,5.644032375349369302e-01,1.000000000000004441e+00
1.000000000000002665e+00,7.269684425836653308e-01,6.689788093947185432e-01,7.269684425836649977e-01,8.004147680169128032e-01,7.480180141910919289e-01,6.689788093947173220e-01,7.480180141910920399e-01,6.634923553440146282e-01,7.269684425836653308e-01,1.000000000000002665e+00,7.269684425836611119e-01,8.314117378928100877e-01,8.886129800693114422e-01,8.314117378928096436e-01,7.480180141910878211e-01,8.322323993354610039e-01,7.480180141910863778e-01,6.689788093947185432e-01,7.269684425836611119e-01,1.000000000000002665e+00,7.480180141910888203e-01,8.004147680169089174e-01,7.269684425836605568e-01,6.634923553440132959e-01,7.480180141910882652e-01,6.689788093947125480e-01,7.269684425836649977e-01,8.314117378928100877e-01,7.480180141910888203e-01,1.000000000000002665e+00,8.886129800693112202e-01,8.322323993354607818e-01,7.269684425836600017e-01,8.314117378928093105e-01,7.480180141910861558e-01,8.004147680169128032e-01,8.886129800693114422e-01,8.004147680169089174e-01,8.886129800693112202e-01,1.000000000000002665e+00,8.886129800693106651e-01,8.004147680169078072e-01,8.886129800693104430e-01,8.004147680169059198e-01,7.480180141910919289e-01,8.314117378928096436e-01,7.269684425836605568e-01,8.322323993354607818e-01,8.886129800693106651e-01,1.000000000000002665e+00,7.480180141910873770e-01,8.314117378928087554e-01,7.269684425836575592e-01,6.689788093947173220e-01,7.480180141910878211e-01,6.634923553440132959e-01,7.269684425836600017e-01,8.004147680169078072e-01,7.480180141910873770e-01,1.000000000000002665e+00,7.269684425836592245e-01,6.689788093947116598e-01,7.480180141910920399e-01,8.322323993354610039e-01,7.480180141910882652e-01,8.314117378928093105e-01,8.886129800693104430e-01,8.314117378928087554e-01,7.269684425836592245e-01,1.000000000000002665e+00,7.269684425836572261e-01,6.634923553440146282e-01,7.480180141910863778e-01,6.689788093947125480e-01,7.480180141910861558e-01,8.004147680169059198e-01,7.269684425836575592e-01,6.689788093947116598e-01,7.269684425836572261e-01,1.000000000000002665e+00
1.000000000000003997e+00,8.009944506795331209e-01,7.170760769119469691e-01,8.009944506795330099e-01,8.171802083274041228e-01,8.036401849247422069e-01,7.170760769119456368e-01,8.036401849247423179e-01,7.187052869576363578e-01,8.009944506795331209e-01,1.000000000000003997e+00,8.009944506795294572e-01,9.011082900044576904e-01,9.161297474526880480e-01,9.011082900044574684e-01,8.036401849247378770e-01,9.011239289237008565e-01,8.036401849247354345e-01,7.170760769119469691e-01,8.009944506795294572e-01,1.000000000000003997e+00,8.036401849247386542e-01,8.171802083274004591e-01,8.009944506795290131e-01,7.187052869576353586e-01,8.036401849247388762e-01,7.170760769119401967e-01,8.009944506795330099e-01,9.011082900044576904e-01,8.036401849247386542e-01,1.000000000000003997e+00,9.161297474526880480e-01,9.011239289237006345e-01,8.009944506795281249e-01,9.011082900044575794e-01,8.036401849247352125e-01,8.171802083274041228e-01,9.161297474526880480e-01,8.171802083274004591e-01,9.161297474526880480e-01,1.000000000000003997e+00,9.161297474526876039e-01,8.171802083273994599e-01,9.161297474526879370e-01,8.171802083273967954e-01,8.036401849247422069e-01,9.011082900044574684e-01,8.009944506795290131e-01,9.011239289237006345e-01,9.161297474526876039e-01,1.000000000000003997e+00,8.036401849247375440e-01,9.011082900044573574e-01,8.009944506795253494e-01,7.170760769119456368e-01,8.036401849247378770e-01,7.187052869576353586e-01,8.009944506795281249e-01,8.171802083273994599e-01,8.036401849247375440e-01,1.000000000000003997e+00,8.009944506795282360e-01,7.170760769119393085e-01,8.036401849247423179e-01,9.011239289237008565e-01,8.036401849247388762e-01,9.011082900044575794e-01,9.161297474526879370e-01,9.011082900044573574e-01,8.009944506795282360e-01,1.000000000000003997e+00,8.009944506795255714e-01,7.187052869576363578e-01,8.036401849247354345e-01,7.170760769119401967e-01,8.036401849247352125e-01,8.171802083273967954e-01,8.009944506795253494e-01,7.170760769119393085e-01,8.009944506795255714e-01,1.000000000000003997e+00
1.000000000000007327e+00,6.444751371702721610e-01,6.021356596067255484e-01,6.444751371702721610e-01,6.043253814057272244e-01,6.779883378537383543e-01,6.021356596067246603e-01,6.779883378537383543e-01,6.111662988936756857e-01,6.444751371702721610e-01,1.000000000000007327e+00,6.444751371702689413e-01,7.483696447777909988e-01,6.662832998597143508e-01,7.483696447777916649e-01,6.779883378537339134e-01,7.641275876728644834e-01,6.779883378537312488e-01,6.021356596067255484e-01,6.444751371702689413e-01,1.000000000000007327e+00,6.779883378537350236e-01,6.043253814057238937e-01,6.444751371702697185e-01,6.111662988936751306e-01,6.779883378537355787e-01,6.021356596067196643e-01,6.444751371702721610e-01,7.483696447777909988e-01,6.779883378537350236e-01,1.000000000000007327e+00,6.662832998597143508e-01,7.641275876728643723e-01,6.444751371702677201e-01,7.483696447777918870e-01,6.779883378537312488e-01,6.043253814057272244e-01,6.662832998597143508e-01,6.043253814057238937e-01,6.662832998597143508e-01,1.000000000000007327e+00,6.662832998597151279e-01,6.043253814057224504e-01,6.662832998597153500e-01,6.043253814057197859e-01,6.779883378537383543e-01,7.483696447777916649e-01,6.444751371702697185e-01,7.641275876728643723e-01,6.662832998597151279e-01,1.000000000000007327e+00,6.779883378537342464e-01,7.483696447777927752e-01,6.444751371702657217e-01,6.021356596067246603e-01,6.779883378537339134e-01,6.111662988936751306e-01,6.444751371702677201e-01,6.043253814057224504e-01,6.779883378537342464e-01,1.000000000000007327e+00,6.444751371702687193e-01,6.021356596067187761e-01,6.779883378537383543e-01,7.641275876728644834e-01,6.779883378537355787e-01,7.483696447777918870e-01,6.662832998597153500e-01,7.483696447777927752e-01,6.444751371702687193e-01,1.000000000000007327e+00,6.444751371702659437e-01,6.111662988936756857e-01,6.779883378537312488e-01,6.021356596067196643e-01,6.779883378537312488e-01,6.043253814057197859e-01,6.444751371702657217e-01,6.021356596067187761e-01,6.444751371702659437e-01,1.000000000000007327e+00
1.000000000000003109e+00,3.314485624383053941e-01,3.970263190080536853e-01,3.314485624383056717e-01,3.137954789020126478e-01,4.614246941439429928e-01,3.970263190080531301e-01,4.614246941439431593e-01,3.915380141273634984e-01,3.314485624383053941e-01,1.000000000000003109e+00,3.314485624383023410e-01,5.016814388381929390e-01,3.250166981583137993e-01,5.016814388381944934e-01,4.614246941439388294e-01,5.407391584748502122e-01,4.614246941439368865e-01,3.970263190080536853e-01,3.314485624383023410e-01,1.000000000000003109e+00,4.614246941439405503e-01,3.137954789020098167e-01,3.314485624383043394e-01,3.915380141273633319e-01,4.614246941439412164e-01,3.970263190080497995e-01,3.314485624383056717e-01,5.016814388381929390e-01,4.614246941439405503e-01,1.000000000000003109e+00,3.250166981583141323e-01,5.407391584748504343e-01,3.314485624383008422e-01,5.016814388381953815e-01,4.614246941439368865e-01,3.137954789020126478e-01,3.250166981583137993e-01,3.137954789020098167e-01,3.250166981583141323e-01,1.000000000000003109e+00,3.250166981583159087e-01,3.137954789020087620e-01,3.250166981583163528e-01,3.137954789020063195e-01,4.614246941439429928e-01,5.016814388381944934e-01,3.314485624383043394e-01,5.407391584748504343e-01,3.250166981583159087e-01,1.000000000000003109e+00,4.614246941439393845e-01,5.016814388381966028e-01,3.314485624382998985e-01,3.970263190080531301e-01,4.614246941439388294e-01,3.915380141273633319e-01,3.314485624383008422e-01,3.137954789020087620e-01,4.614246941439393845e-01,1.000000000000003109e+00,3.314485624383030071e-01,3.970263190080487448e-01,4.614246941439431593e-01,5.407391584748502122e-01,4.614246941439412164e-01,5.016814388381953815e-01,3.250166981583163528e-01,5.016814388381966028e-01,3.314485624383030071e-01,1.000000000000003109e+00,3.314485624383003426e-01,3.915380141273634984e-01,4.614246941439368865e-01,3.970263190080497995e-01,4.614246941439368865e-01,3.137954789020063195e-01,3.314485624382998985e-01,3.970263190080487448e-01,3.314485624383003426e-01,1.000000000000003109e+00
1.000000000000008438e+00,5.052201451988108660e-02,2.767574574820503841e-01,5.052201451988148906e-02,1.305857867058125010e-01,3.196002264830699602e-01,2.767574574820498290e-01,3.196002264830698492e-01,1.985804435102125065e-01,5.052201451988108660e-02,1.000000000000008438e+00,5.052201451987814451e-02,3.404099286372638811e-01,1.849503900671836953e-01,3.404099286372659905e-01,3.196002264830669071e-01,4.328203198172530519e-01,3.196002264830655193e-01,2.767574574820503841e-01,5.052201451987814451e-02,1.000000000000008438e+00,3.196002264830682948e-01,1.305857867058096144e-01,5.052201451988067027e-02,1.985804435102132004e-01,3.196002264830685169e-01,2.767574574820479971e-01,5.052201451988148906e-02,3.404099286372638811e-01,3.196002264830682948e-01,1.000000000000008438e+00,1.849503900671840562e-01,4.328203198172532185e-01,5.052201451987684000e-02,3.404099286372672672e-01,3.196002264830650752e-01,1.305857867058125010e-01,1.849503900671836953e-01,1.305857867058096144e-01,1.849503900671840562e-01,1.000000000000008438e+00,1.849503900671862766e-01,1.305857867058092259e-01,1.849503900671868317e-01,1.305857867058068666e-01,3.196002264830699602e-01,3.404099286372659905e-01,5.052201451988067027e-02,4.328203198172532185e-01,1.849503900671862766e-01,1.000000000000008438e+00,3.196002264830667405e-01,3.404099286372685995e-01,5.052201451987607672e-02,2.767574574820498290e-01,3.196002264830669071e-01,1.985804435102132004e-01,5.052201451987684000e-02,1.305857867058092259e-01,3.196002264830667405e-01,1.000000000000008438e+00,5.052201451987947678e-02,2.767574574820476085e-01,3.196002264830698492e-01,4.328203198172530519e-01,3.196002264830685169e-01,3.404099286372672672e-01,1.849503900671868317e-01,3.404099286372685995e-01,5.052201451987947678e-02,1.000000000000008438e+00,5.052201451987660408e-02,1.985804435102125065e-01,3.196002264830655193e-01,2.767574574820479971e-01,3.196002264830650752e-01,1.305857867058068666e-01,5.052201451987607672e-02,2.767574574820476085e-01,5.052201451987660408e-02,1.000000000000008438e+00
1.000000000000013323e+00,-1.112391623552843600e-01,2.856853237387943500e-01,-1.112391623552837772e-01,5.831103226328480243e-02,2.544497658258959016e-01,2.856853237387934064e-01,2.544497658258954575e-01,5.953740773990750385e-02,-1.112391623552843600e-01,1.000000000000013323e+00,-1.112391623552874131e-01,3.129982570150234289e-01,2.809316086629444209e-01,3.129982570150253163e-01,2.544497658258936257e-01,4.497270475488227559e-01,2.544497658258919603e-01,2.856853237387943500e-01,-1.112391623552874131e-01,1.000000000000013323e+00,2.544497658258948469e-01,5.831103226328139544e-02,-1.112391623552849707e-01,5.953740773990864876e-02,2.544497658258937922e-01,2.856853237387924627e-01,-1.112391623552837772e-01,3.129982570150234289e-01,2.544497658258948469e-01,1.000000000000013323e+00,2.809316086629452536e-01,4.497270475488228114e-01,-1.112391623552884679e-01,3.129982570150268151e-01,2.544497658258910722e-01,5.831103226328480243e-02,2.809316086629444209e-01,5.831103226328139544e-02,2.809316086629452536e-01,1.000000000000013323e+00,2.809316086629469744e-01,5.831103226328090972e-02,2.809316086629475295e-01,5.831103226327881417e-02,2.544497658258959016e-01,3.129982570150253163e-01,-1.112391623552849707e-01,4.497270475488228114e-01,2.809316086629469744e-01,1.000000000000013323e+00,2.544497658258921824e-01,3.129982570150280363e-01,-1.112391623552896058e-01,2.856853237387934064e-01,2.544497658258936257e-01,5.953740773990864876e-02,-1.112391623552884679e-01,5.831103226328090972e-02,2.544497658258921824e-01,1.000000000000013323e+00,-1.112391623552859699e-01,2.856853237387926847e-01,2.544497658258954575e-01,4.497270475488227559e-01,2.544497658258937922e-01,3.129982570150268151e-01,2.809316086629475295e-01,3.129982570150280363e-01,-1.112391623552859699e-01,1.000000000000013323e+00,-1.112391623552889675e-01,5.953740773990750385e-02,2.544497658258919603e-01,2.856853237387924627e-01,2.544497658258910722e-01,5.831103226327881417e-02,-1.112391623552896058e-01,2.856853237387926847e-01,-1.112391623552889675e-01,1.000000000000013323e+00
1.000000000000013323e+00,-2.244267837288586032e-01,3.183339330998124495e-01,-2.244267837288574652e-01,-1.292212887285018597e-02,1.735227229269471760e-01,3.183339330998107841e-01,1.735227229269467319e-01,-5.830396355139046138e-02,-2.244267837288586032e-01,1.000000000000013323e+00,-2.244267837288618783e-01,3.301811865553439529e-01,3.765415818323344377e-01,3.301811865553453962e-01,1.735227229269448723e-01,4.650498853747483952e-01,1.735227229269425409e-01,3.183339330998124495e-01,-2.244267837288618783e-01,1.000000000000013323e+00,1.735227229269460658e-01,-1.292212887285366929e-02,-2.244267837288594358e-01,-5.830396355138936504e-02,1.735227229269443727e-01,3.183339330998106176e-01,-2.244267837288574652e-01,3.301811865553439529e-01,1.735227229269460658e-01,1.000000000000013323e+00,3.765415818323356589e-01,4.650498853747487837e-01,-2.244267837288626000e-01,3.301811865553468950e-01,1.735227229269413751e-01,-1.292212887285018597e-02,3.765415818323344377e-01,-1.292212887285366929e-02,3.765415818323356589e-01,1.000000000000013323e+00,3.765415818323368802e-01,-1.292212887285462686e-02,3.765415818323375463e-01,-1.292212887285659750e-02,1.735227229269471760e-01,3.301811865553453962e-01,-2.244267837288594358e-01,4.650498853747487837e-01,3.765415818323368802e-01,1.000000000000013323e+00,1.735227229269427629e-01,3.301811865553481717e-01,-2.244267837288642098e-01,3.183339330998107841e-01,1.735227229269448723e-01,-5.830396355138936504e-02,-2.244267837288626000e-01,-1.292212887285462686e-02,1.735227229269427629e-01,1.000000000000013323e+00,-2.244267837288607681e-01,3.183339330998110617e-01,1.735227229269467319e-01,4.650498853747483952e-01,1.735227229269443727e-01,3.301811865553468950e-01,3.765415818323375463e-01,3.301811865553481717e-01,-2.244267837288607681e-01,1.000000000000013323e+00,-2.244267837288635992e-01,-5.830396355139046138e-02,1.735227229269425409e-01,3.183339330998106176e-01,1.735227229269413751e-01,-1.292212887285659750e-02,-2.244267837288642098e-01,3.183339330998110617e-01,-2.244267837288635992e-01,1.000000000000013323e+00
1.000000000000008438e+00,-3.501511210686267805e-01,3.243096460892054278e-01,-3.501511210686251152e-01,-7.726197816196689327e-02,1.018507873359624089e-01,3.243096460892036514e-01,1.018507873359619093e-01,-1.180295704569292170e-01,-3.501511210686267805e-01,1.000000000000008438e+00,-3.501511210686297781e-01,3.332371936847878802e-01,3.584428162810149310e-01,3.332371936847888794e-01,1.018507873359600358e-01,4.358720194918998536e-01,1.018507873359576765e-01,3.243096460892054278e-01,-3.501511210686297781e-01,1.000000000000008438e+00,1.018507873359612570e-01,-7.726197816196914148e-02,-3.501511210686270581e-01,-1.180295704569285925e-01,1.018507873359594251e-01,3.243096460892041510e-01,-3.501511210686251152e-01,3.332371936847878802e-01,1.018507873359612570e-01,1.000000000000008438e+00,3.584428162810165963e-01,4.358720194919003532e-01,-3.501511210686304443e-01,3.332371936847908778e-01,1.018507873359564275e-01,-7.726197816196689327e-02,3.584428162810149310e-01,-7.726197816196914148e-02,3.584428162810165963e-01,1.000000000000008438e+00,3.584428162810176510e-01,-7.726197816197061252e-02,3.584428162810180951e-01,-7.726197816197195867e-02,1.018507873359624089e-01,3.332371936847888794e-01,-3.501511210686270581e-01,4.358720194919003532e-01,3.584428162810176510e-01,1.000000000000008438e+00,1.018507873359577043e-01,3.332371936847919880e-01,-3.501511210686319986e-01,3.243096460892036514e-01,1.018507873359600358e-01,-1.180295704569285925e-01,-3.501511210686304443e-01,-7.726197816197061252e-02,1.018507873359577043e-01,1.000000000000008438e+00,-3.501511210686287789e-01,3.243096460892046506e-01,1.018507873359619093e-01,4.358720194918998536e-01,1.018507873359594251e-01,3.332371936847908778e-01,3.584428162810180951e-01,3.332371936847919880e-01,-3.501511210686287789e-01,1.000000000000008438e+00,-3.501511210686314435e-01,-1.180295704569292170e-01,1.018507873359576765e-01,3.243096460892041510e-01,1.018507873359564275e-01,-7.726197816197195867e-02,-3.501511210686319986e-01,3.243096460892046506e-01,-3.501511210686314435e-01,1.000000000000008438e+00
1.000000000000010214e+00,-4.392946367287112186e-01,2.995020770047879810e-01,-4.392946367287095533e-01,-9.417782100185972949e-02,5.608531117304943470e-02,2.995020770047873704e-01,5.608531117304800528e-02,-1.530432688393084106e-01,-4.392946367287112186e-01,1.000000000000010214e+00,-4.392946367287128839e-01,3.453988852172420465e-01,3.494864578010881129e-01,3.453988852172429347e-01,5.608531117304640934e-02,4.000825197948929546e-01,5.608531117304491054e-02,2.995020770047879810e-01,-4.392946367287128839e-01,1.000000000000010214e+00,5.608531117304849101e-02,-9.417782100185936867e-02,-4.392946367287099418e-01,-1.530432688393081608e-01,5.608531117304632607e-02,2.995020770047867043e-01,-4.392946367287095533e-01,3.453988852172420465e-01,5.608531117304849101e-02,1.000000000000010214e+00,3.494864578010898337e-01,4.000825197948931211e-01,-4.392946367287138276e-01,3.453988852172451551e-01,5.608531117304418889e-02,-9.417782100185972949e-02,3.494864578010881129e-01,-9.417782100185936867e-02,3.494864578010898337e-01,1.000000000000010214e+00,3.494864578010910550e-01,-9.417782100186145033e-02,3.494864578010912770e-01,-9.417782100186258831e-02,5.608531117304943470e-02,3.453988852172429347e-01,-4.392946367287099418e-01,4.000825197948931211e-01,3.494864578010910550e-01,1.000000000000010214e+00,5.608531117304504932e-02,3.453988852172460988e-01,-4.392946367287148268e-01,2.995020770047873704e-01,5.608531117304640934e-02,-1.530432688393081608e-01,-4.392946367287138276e-01,-9.417782100186145033e-02,5.608531117304504932e-02,1.000000000000010214e+00,-4.392946367287123843e-01,2.995020770047868153e-01,5.608531117304800528e-02,4.000825197948929546e-01,5.608531117304632607e-02,3.453988852172451551e-01,3.494864578010912770e-01,3.453988852172460988e-01,-4.392946367287123843e-01,1.000000000000010214e+00,-4.392946367287144938e-01,-1.530432688393084106e-01,5.608531117304491054e-02,2.995020770047867043e-01,5.608531117304418889e-02,-9.417782100186258831e-02,-4.392946367287148268e-01,2.995020770047868153e-01,-4.392946367287144938e-01,1.000000000000010214e+00
1.000000000000015099e+00,-4.442907329543774875e-01,2.576631916763398311e-01,-4.442907329543759332e-01,-5.004428680365741178e-03,1.889070992999275500e-02,2.576631916763399976e-01,1.889070992999061782e-02,-1.389989759075895837e-01,-4.442907329543774875e-01,1.000000000000015099e+00,-4.442907329543788197e-01,3.889954836281233619e-01,3.328504388873417263e-01,3.889954836281242501e-01,1.889070992998853615e-02,3.968216230240763642e-01,1.889070992998850840e-02,2.576631916763398311e-01,-4.442907329543788197e-01,1.000000000000015099e+00,1.889070992999120069e-02,-5.004428680364665649e-03,-4.442907329543756556e-01,-1.389989759075881681e-01,1.889070992998946596e-02,2.576631916763382768e-01,-4.442907329543759332e-01,3.889954836281233619e-01,1.889070992999120069e-02,1.000000000000015099e+00,3.328504388873433917e-01,3.968216230240758091e-01,-4.442907329543795969e-01,3.889954836281263595e-01,1.889070992998827248e-02,-5.004428680365741178e-03,3.328504388873417263e-01,-5.004428680364665649e-03,3.328504388873433917e-01,1.000000000000015099e+00,3.328504388873448905e-01,-5.004428680366823645e-03,3.328504388873451680e-01,-5.004428680367933868e-03,1.889070992999275500e-02,3.889954836281242501e-01,-4.442907329543756556e-01,3.968216230240758091e-01,3.328504388873448905e-01,1.000000000000015099e+00,1.889070992998875820e-02,3.889954836281279138e-01,-4.442907329543800410e-01,2.576631916763399976e-01,1.889070992998853615e-02,-1.389989759075881681e-01,-4.442907329543795969e-01,-5.004428680366823645e-03,1.889070992998875820e-02,1.000000000000015099e+00,-4.442907329543778761e-01,2.576631916763379992e-01,1.889070992999061782e-02,3.968216230240763642e-01,1.889070992998946596e-02,3.889954836281263595e-01,3.328504388873451680e-01,3.889954836281279138e-01,-4.442907329543778761e-01,1.000000000000015099e+00,-4.442907329543797634e-01,-1.389989759075895837e-01,1.889070992998850840e-02,2.576631916763382768e-01,1.889070992998827248e-02,-5.004428680367933868e-03,-4.442907329543800410e-01,2.576631916763379992e-01,-4.442907329543797634e-01,1.000000000000015099e+00
1.000000000000017097e+00,-4.534622691545512896e-01,2.406650889545420002e-01,-4.534622691545491247e-01,1.289645043802392366e-01,8.365246920816402088e-03,2.406650889545411676e-01,8.365246920814362053e-03,-7.533884049816558237e-02,-4.534622691545512896e-01,1.000000000000017097e+00,-4.534622691545546758e-01,4.055699855938134646e-01,2.907329243199518465e-01,4.055699855938131870e-01,8.365246920811281184e-03,3.456671883849272708e-01,8.365246920812016707e-03,2.406650889545420002e-01,-4.534622691545546758e-01,1.000000000000017097e+00,8.365246920813113052e-03,1.289645043802378210e-01,-4.534622691545507900e-01,-7.533884049816266804e-02,8.365246920811759967e-03,2.406650889545408067e-01,-4.534622691545491247e-01,4.055699855938134646e-01,8.365246920813113052e-03,1.000000000000017097e+00,2.907329243199541224e-01,3.456671883849269378e-01,-4.534622691545540651e-01,4.055699855938156850e-01,8.365246920811267306e-03,1.289645043802392366e-01,2.907329243199518465e-01,1.289645043802378210e-01,2.907329243199541224e-01,1.000000000000017097e+00,2.907329243199557323e-01,1.289645043802361557e-01,2.907329243199555102e-01,1.289645043802346847e-01,8.365246920816402088e-03,4.055699855938131870e-01,-4.534622691545507900e-01,3.456671883849269378e-01,2.907329243199557323e-01,1.000000000000017097e+00,8.365246920811614251e-03,4.055699855938176279e-01,-4.534622691545543427e-01,2.406650889545411676e-01,8.365246920811281184e-03,-7.533884049816266804e-02,-4.534622691545540651e-01,1.289645043802361557e-01,8.365246920811614251e-03,1.000000000000017097e+00,-4.534622691545525663e-01,2.406650889545406680e-01,8.365246920814362053e-03,3.456671883849272708e-01,8.365246920811759967e-03,4.055699855938156850e-01,2.907329243199555102e-01,4.055699855938176279e-01,-4.534622691545525663e-01,1.000000000000017097e+00,-4.534622691545545647e-01,-7.533884049816558237e-02,8.365246920812016707e-03,2.406650889545408067e-01,8.365246920811267306e-03,1.289645043802346847e-01,-4.534622691545543427e-01,2.406650889545406680e-01,-4.534622691545545647e-01,1.000000000000017097e+00
1.000000000000013767e+00,-5.504621410655128333e-01,2.961845998640902367e-01,-5.504621410655107239e-01,3.671637709699850094e-02,-4.201317941022565672e-02,2.961845998640886268e-01,-4.201317941022689184e-02,-4.887442250420351297e-02,-5.504621410655128333e-01,1.000000000000013767e+00,-5.504621410655170521e-01,4.054497443878014584e-01,3.273743089341190071e-01,4.054497443878015139e-01,-4.201317941023020863e-02,2.664773881847534720e-01,-4.201317941023015312e-02,2.961845998640902367e-01,-5.504621410655170521e-01,1.000000000000013767e+00,-4.201317941022904290e-02,3.671637709699468455e-02,-5.504621410655130553e-01,-4.887442250420014067e-02,-4.201317941023033353e-02,2.961845998640898481e-01,-5.504621410655107239e-01,4.054497443878014584e-01,-4.201317941022904290e-02,1.000000000000013767e+00,3.273743089341212276e-01,2.664773881847533055e-01,-5.504621410655161640e-01,4.054497443878029572e-01,-4.201317941023023639e-02,3.671637709699850094e-02,3.273743089341190071e-01,3.671637709699468455e-02,3.273743089341212276e-01,1.000000000000013767e+00,3.273743089341231705e-01,3.671637709699371310e-02,3.273743089341226709e-01,3.671637709699165919e-02,-4.201317941022565672e-02,4.054497443878015139e-01,-5.504621410655130553e-01,2.664773881847533055e-01,3.273743089341231705e-01,1.000000000000013767e+00,-4.201317941023027802e-02,4.054497443878055662e-01,-5.504621410655166081e-01,2.961845998640886268e-01,-4.201317941023020863e-02,-4.887442250420014067e-02,-5.504621410655161640e-01,3.671637709699371310e-02,-4.201317941023027802e-02,1.000000000000013767e+00,-5.504621410655146097e-01,2.961845998640896815e-01,-4.201317941022689184e-02,2.664773881847534720e-01,-4.201317941023033353e-02,4.054497443878029572e-01,3.273743089341226709e-01,4.054497443878055662e-01,-5.504621410655146097e-01,1.000000000000013767e+00,-5.504621410655170521e-01,-4.887442250420351297e-02,-4.201317941023015312e-02,2.961845998640898481e-01,-4.201317941023023639e-02,3.671637709699165919e-02,-5.504621410655166081e-01,2.961845998640896815e-01,-5.504621410655170521e-01,1.000000000000013767e+00
1.000000000000012657e+00,-5.805700135778484317e-01,3.486010852779652391e-01,-5.805700135778461002e-01,2.417223003539295534e-02,-8.960034884569070823e-02,3.486010852779637958e-01,-8.960034884569181846e-02,5.083384632929752178e-02,-5.805700135778484317e-01,1.000000000000012657e+00,-5.805700135778500970e-01,4.354278215611511182e-01,2.978585304527107680e-01,4.354278215611523950e-01,-8.960034884569365032e-02,2.841711002792739471e-01,-8.960034884569373359e-02,3.486010852779652391e-01,-5.805700135778500970e-01,1.000000000000012657e+00,-8.960034884569206826e-02,2.417223003539036019e-02,-5.805700135778457671e-01,5.083384632929986713e-02,-8.960034884569333113e-02,3.486010852779625191e-01,-5.805700135778461002e-01,4.354278215611511182e-01,-8.960034884569206826e-02,1.000000000000012657e+00,2.978585304527130995e-01,2.841711002792739471e-01,-5.805700135778494309e-01,4.354278215611535052e-01,-8.960034884569399727e-02,2.417223003539295534e-02,2.978585304527107680e-01,2.417223003539036019e-02,2.978585304527130995e-01,1.000000000000012657e+00,2.978585304527150979e-01,2.417223003538912507e-02,2.978585304527143762e-01,2.417223003538689075e-02,-8.960034884569070823e-02,4.354278215611523950e-01,-5.805700135778457671e-01,2.841711002792739471e-01,2.978585304527150979e-01,1.000000000000012657e+00,-8.960034884569403890e-02,4.354278215611558922e-01,-5.805700135778498749e-01,3.486010852779637958e-01,-8.960034884569365032e-02,5.083384632929986713e-02,-5.805700135778494309e-01,2.417223003538912507e-02,-8.960034884569403890e-02,1.000000000000012657e+00,-5.805700135778482096e-01,3.486010852779639069e-01,-8.960034884569181846e-02,2.841711002792739471e-01,-8.960034884569333113e-02,4.354278215611535052e-01,2.978585304527143762e-01,4.354278215611558922e-01,-5.805700135778482096e-01,1.000000000000012657e+00,-5.805700135778506521e-01,5.083384632929752178e-02,-8.960034884569373359e-02,3.486010852779625191e-01,-8.960034884569399727e-02,2.417223003538689075e-02,-5.805700135778498749e-01,3.486010852779639069e-01,-5.805700135778506521e-01,1.000000000000012657e+00
1.000000000000013767e+00,-4.912311925789315525e-01,2.492160336295958789e-01,-4.912311925789285549e-01,9.261184309999172248e-02,-3.420715996742343390e-02,2.492160336295922152e-01,-3.420715996742369758e-02,1.730468954918958080e-02,-4.912311925789315525e-01,1.000000000000013767e+00,-4.912311925789338840e-01,4.361853247574603021e-01,2.237103025178797111e-01,4.361853247574617454e-01,-3.420715996742479392e-02,3.318446074609974206e-01,-3.420715996742498821e-02,2.492160336295958789e-01,-4.912311925789338840e-01,1.000000000000013767e+00,-3.420715996742429432e-02,9.261184309998782282e-02,-4.912311925789291656e-01,1.730468954919214125e-02,-3.420715996742553638e-02,2.492160336295910772e-01,-4.912311925789285549e-01,4.361853247574603021e-01,-3.420715996742429432e-02,1.000000000000013767e+00,2.237103025178827642e-01,3.318446074609982532e-01,-4.912311925789323852e-01,4.361853247574633552e-01,-3.420715996742654946e-02,9.261184309999172248e-02,2.237103025178797111e-01,9.261184309998782282e-02,2.237103025178827642e-01,1.000000000000013767e+00,2.237103025178844296e-01,9.261184309998682362e-02,2.237103025178837079e-01,9.261184309998461706e-02,-3.420715996742343390e-02,4.361853247574617454e-01,-4.912311925789291656e-01,3.318446074609982532e-01,2.237103025178844296e-01,1.000000000000013767e+00,-3.420715996742715315e-02,4.361853247574657422e-01,-4.912311925789328848e-01,2.492160336295922152e-01,-3.420715996742479392e-02,1.730468954919214125e-02,-4.912311925789323852e-01,9.261184309998682362e-02,-3.420715996742715315e-02,1.000000000000013767e+00,-4.912311925789315525e-01,2.492160336295940470e-01,-3.420715996742369758e-02,3.318446074609974206e-01,-3.420715996742553638e-02,4.361853247574633552e-01,2.237103025178837079e-01,4.361853247574657422e-01,-4.912311925789315525e-01,1.000000000000013767e+00,-4.912311925789336065e-01,1.730468954918958080e-02,-3.420715996742498821e-02,2.492160336295910772e-01,-3.420715996742654946e-02,9.261184309998461706e-02,-4.912311925789328848e-01,2.492160336295940470e-01,-4.912311925789336065e-01,1.000000000000013767e+00
1.000000000000017764e+00,-4.887879327319151201e-01,1.818720690165099019e-01,-4.887879327319120670e-01,1.986023193406916132e-02,-1.737644940438284880e-02,1.818720690165058218e-01,-1.737644940438297370e-02,-1.486675600798003094e-01,-4.887879327319151201e-01,1.000000000000017764e+00,-4.887879327319192280e-01,4.697834222399048798e-01,2.637974764891987123e-01,4.697834222399057680e-01,-1.737644940438601293e-02,3.720358861471750878e-01,-1.737644940438677621e-02,1.818720690165099019e-01,-4.887879327319192280e-01,1.000000000000017764e+00,-1.737644940438558619e-02,1.986023193406673271e-02,-4.887879327319145095e-01,-1.486675600797972563e-01,-1.737644940438690111e-02,1.818720690165079312e-01,-4.887879327319120670e-01,4.697834222399048798e-01,-1.737644940438558619e-02,1.000000000000017764e+00,2.637974764892017099e-01,3.720358861471763645e-01,-4.887879327319183953e-01,4.697834222399078774e-01,-1.737644940438873298e-02,1.986023193406916132e-02,2.637974764891987123e-01,1.986023193406673271e-02,2.637974764892017099e-01,1.000000000000017764e+00,2.637974764892033752e-01,1.986023193406424858e-02,2.637974764892028201e-01,1.986023193406262488e-02,-1.737644940438284880e-02,4.697834222399057680e-01,-4.887879327319145095e-01,3.720358861471763645e-01,2.637974764892033752e-01,1.000000000000017764e+00,-1.737644940438906604e-02,4.697834222399106530e-01,-4.887879327319192835e-01,1.818720690165058218e-01,-1.737644940438601293e-02,-1.486675600797972563e-01,-4.887879327319183953e-01,1.986023193406424858e-02,-1.737644940438906604e-02,1.000000000000017764e+00,-4.887879327319171185e-01,1.818720690165105403e-01,-1.737644940438297370e-02,3.720358861471750878e-01,-1.737644940438690111e-02,4.697834222399078774e-01,2.637974764892028201e-01,4.697834222399106530e-01,-4.887879327319171185e-01,1.000000000000017764e+00,-4.887879327319198941e-01,-1.486675600798003094e-01,-1.737644940438677621e-02,1.818720690165079312e-01,-1.737644940438873298e-02,1.986023193406262488e-02,-4.887879327319192835e-01,1.818720690165105403e-01,-4.887879327319198941e-01,1.000000000000017764e+00
