1.000000000000000000e+00,1.000000000000000000e+00,1.000000000000000000e+00,1.000000000000000000e+00,1.000000000000000000e+00,1.000000000000000000e+00,1.000000000000000000e+00,1.000000000000000000e+00,1.000000000000000000e+00,1.000000000000000000e+00,1.000000000000000000e+00,1.000000000000000000e+00,1.000000000000000000e+00,1.000000000000000000e+00,1.000000000000000000e+00,1.000000000000000000e+00,1.000000000000000000e+00,1.000000000000000000e+00,1.000000000000000000e+00,1.000000000000000000e+00,1.000000000000000000e+00,1.000000000000000000e+00,1.000000000000000000e+00,1.000000000000000000e+00,1.000000000000000000e+00,1.000000000000000000e+00,1.000000000000000000e+00,1.000000000000000000e+00,1.000000000000000000e+00,1.000000000000000000e+00,1.000000000000000000e+00,1.000000000000000000e+00,1.000000000000000000e+00,1.000000000000000000e+00,1.000000000000000000e+00,1.000000000000000000e+00,1.000000000000000000e+00,1.000000000000000000e+00,1.000000000000000000e+00,1.000000000000000000e+00,1.000000000000000000e+00,1.000000000000000000e+00,1.000000000000000000e+00,1.000000000000000000e+00,1.000000000000000000e+00,1.000000000000000000e+00,1.000000000000000000e+00,1.000000000000000000e+00,1.000000000000000000e+00,1.000000000000000000e+00,1.000000000000000000e+00,1.000000000000000000e+00,1.000000000000000000e+00,1.000000000000000000e+00,1.000000000000000000e+00,1.000000000000000000e+00,1.000000000000000000e+00,1.000000000000000000e+00,1.000000000000000000e+00,1.000000000000000000e+00,1.000000000000000000e+00,1.000000000000000000e+00,1.000000000000000000e+00,1.000000000000000000e+00,1.000000000000000000e+00,1.000000000000000000e+00,1.000000000000000000e+00,1.000000000000000000e+00,1.000000000000000000e+00,1.000000000000000000e+00,1.000000000000000000e+00,1.000000000000000000e+00,1.000000000000000000e+00,1.000000000000000000e+00,1.000000000000000000e+00,1.000000000000000000e+00,1.000000000000000000e+00,1.000000000000000000e+00,1.000000000000000000e+00,1.000000000000000000e+00,1.000000000000000000e+00
1.000000000000001110e+00,8.190131792272146161e-01,8.251680394904805649e-01,8.190131792272143940e-01,8.270497764114121964e-01,8.267775676240470828e-01,8.251680394904805649e-01,8.267775676240468608e-01,8.251814234661601910e-01,8.190131792272146161e-01,1.000000000000001110e+00,8.190131792272145050e-01,8.268069866360698850e-01,8.228044915476180332e-01,8.268069866360701070e-01,8.267775676240470828e-01,8.283960631428776145e-01,8.267775676240469718e-01,8.251680394904805649e-01,8.190131792272145050e-01,1.000000000000001110e+00,8.267775676240467497e-01,8.270497764114121964e-01,8.190131792272143940e-01,8.251814234661603020e-01,8.267775676240468608e-01,8.251680394904804539e-01,8.190131792272143940e-01,8.268069866360698850e-01,8.267775676240467497e-01,1.000000000000001110e+00,8.228044915476178112e-01,8.283960631428775034e-01,8.190131792272143940e-01,8.268069866360696629e-01,8.267775676240467497e-01,8.270497764114121964e-01,8.228044915476180332e-01,8.270497764114121964e-01,8.228044915476178112e-01,1.000000000000001110e+00,8.228044915476179222e-01,8.270497764114119743e-01,8.228044915476177001e-01,8.270497764114119743e-01,8.267775676240470828e-01,8.268069866360701070e-01,8.190131792272143940e-01,8.283960631428775034e-01,8.228044915476179222e-01,1.000000000000001110e+00,8.267775676240468608e-01,8.268069866360697739e-01,8.190131792272145050e-01,8.251680394904805649e-01,8.267775676240470828e-01,8.251814234661603020e-01,8.190131792272143940e-01,8.270497764114119743e-01,8.267775676240468608e-01,1.000000000000001110e+00,8.190131792272145050e-01,8.251680394904804539e-01,8.267775676240468608e-01,8.283960631428776145e-01,8.267775676240468608e-01,8.268069866360696629e-01,8.228044915476177001e-01,8.268069866360697739e-01,8.190131792272145050e-01,1.000000000000001110e+00,8.190131792272143940e-01,8.251814234661601910e-01,8.267775676240469718e-01,8.251680394904804539e-01,8.267775676240467497e-01,8.270497764114119743e-01,8.190131792272145050e-01,8.251680394904804539e-01,8.190131792272143940e-01,1.000000000000001110e+00
9.999999999999971134e-01,5.886379273066890683e-01,6.142479894934272933e-01,5.886379273066880691e-01,6.285096682393223055e-01,6.325217984134051674e-01,6.142479894934276263e-01,6.325217984134047233e-01,6.140161007149570471e-01,5.886379273066890683e-01,9.999999999999971134e-01,5.886379273066885132e-01,6.247374395420597359e-01,6.368960275850212849e-01,6.247374395420598470e-01,6.325217984134056115e-01,6.501019880623963854e-01,6.325217984134052784e-01,6.142479894934272933e-01,5.886379273066885132e-01,9.999999999999971134e-01,6.325217984134043903e-01,6.285096682393217504e-01,5.886379273066875140e-01,6.140161007149569361e-01,6.325217984134042792e-01,6.142479894934267382e-01,5.886379273066880691e-01,6.247374395420597359e-01,6.325217984134043903e-01,9.999999999999971134e-01,6.368960275850202857e-01,6.501019880623963854e-01,5.886379273066878470e-01,6.247374395420584037e-01,6.325217984134046123e-01,6.285096682393223055e-01,6.368960275850212849e-01,6.285096682393217504e-01,6.368960275850202857e-01,9.999999999999971134e-01,6.368960275850203967e-01,6.285096682393221945e-01,6.368960275850199526e-01,6.285096682393218614e-01,6.325217984134051674e-01,6.247374395420598470e-01,5.886379273066875140e-01,6.501019880623963854e-01,6.368960275850203967e-01,9.999999999999971134e-01,6.325217984134049454e-01,6.247374395420585147e-01,5.886379273066875140e-01,6.142479894934276263e-01,6.325217984134056115e-01,6.140161007149569361e-01,5.886379273066878470e-01,6.285096682393221945e-01,6.325217984134049454e-01,9.999999999999971134e-01,5.886379273066872919e-01,6.142479894934269602e-01,6.325217984134047233e-01,6.501019880623963854e-01,6.325217984134042792e-01,6.247374395420584037e-01,6.368960275850199526e-01,6.247374395420585147e-01,5.886379273066872919e-01,9.999999999999971134e-01,5.886379273066869589e-01,6.140161007149570471e-01,6.325217984134052784e-01,6.142479894934267382e-01,6.325217984134046123e-01,6.285096682393218614e-01,5.886379273066875140e-01,6.142479894934269602e-01,5.886379273066869589e-01,9.999999999999971134e-01
9.999999999999975575e-01,6.543520814037897537e-01,6.439832420146274217e-01,6.543520814037872002e-01,7.114988297030849784e-01,6.897439287185568313e-01,6.439832420146276437e-01,6.897439287185558321e-01,6.425066182102573409e-01,6.543520814037897537e-01,9.999999999999975575e-01,6.543520814037891986e-01,7.122080705181037530e-01,7.619690548132169727e-01,7.122080705181037530e-01,6.897439287185583856e-01,7.346503683010260355e-01,6.897439287185573864e-01,6.439832420146274217e-01,6.543520814037891986e-01,9.999999999999975575e-01,6.897439287185558321e-01,7.114988297030844233e-01,6.543520814037865341e-01,6.425066182102581180e-01,6.897439287185553880e-01,6.439832420146260894e-01,6.543520814037872002e-01,7.122080705181037530e-01,6.897439287185558321e-01,9.999999999999975575e-01,7.619690548132145302e-01,7.346503683010249253e-01,6.543520814037868671e-01,7.122080705181002003e-01,6.897439287185553880e-01,7.114988297030849784e-01,7.619690548132169727e-01,7.114988297030844233e-01,7.619690548132145302e-01,9.999999999999975575e-01,7.619690548132143082e-01,7.114988297030846454e-01,7.619690548132134200e-01,7.114988297030833131e-01,6.897439287185568313e-01,7.122080705181037530e-01,6.543520814037865341e-01,7.346503683010249253e-01,7.619690548132143082e-01,9.999999999999975575e-01,6.897439287185562762e-01,7.122080705181002003e-01,6.543520814037855349e-01,6.439832420146276437e-01,6.897439287185583856e-01,6.425066182102581180e-01,6.543520814037868671e-01,7.114988297030846454e-01,6.897439287185562762e-01,9.999999999999975575e-01,6.543520814037857569e-01,6.439832420146263114e-01,6.897439287185558321e-01,7.346503683010260355e-01,6.897439287185553880e-01,7.122080705181002003e-01,7.619690548132134200e-01,7.122080705181002003e-01,6.543520814037857569e-01,9.999999999999975575e-01,6.543520814037844247e-01,6.425066182102573409e-01,6.897439287185573864e-01,6.439832420146260894e-01,6.897439287185553880e-01,7.114988297030833131e-01,6.543520814037855349e-01,6.439832420146263114e-01,6.543520814037844247e-01,9.999999999999975575e-01
9.999999999999952260e-01,8.664350614604597878e-01,8.189915635869845500e-01,8.664350614604580114e-01,9.011290815779430252e-01,8.710095926599403793e-01,8.189915635869846611e-01,8.710095926599401572e-01,8.181343048208979951e-01,8.664350614604597878e-01,9.999999999999952260e-01,8.664350614604594547e-01,9.282000469541904497e-01,9.527765787123059216e-01,9.282000469541902277e-01,8.710095926599417115e-01,9.243043738697170886e-01,8.710095926599399352e-01,8.189915635869845500e-01,8.664350614604594547e-01,9.999999999999952260e-01,8.710095926599402683e-01,9.011290815779422481e-01,8.664350614604574563e-01,8.181343048208993274e-01,8.710095926599396021e-01,8.189915635869824406e-01,8.664350614604580114e-01,9.282000469541904497e-01,8.710095926599402683e-01,9.999999999999952260e-01,9.527765787123041452e-01,9.243043738697159784e-01,8.664350614604575673e-01,9.282000469541878962e-01,8.710095926599386029e-01,9.011290815779430252e-01,9.527765787123059216e-01,9.011290815779422481e-01,9.527765787123041452e-01,9.999999999999952260e-01,9.527765787123038121e-01,9.011290815779423591e-01,9.527765787123032570e-01,9.011290815779405827e-01,8.710095926599403793e-01,9.282000469541902277e-01,8.664350614604574563e-01,9.243043738697159784e-01,9.527765787123038121e-01,9.999999999999952260e-01,8.710095926599399352e-01,9.282000469541876742e-01,8.664350614604555689e-01,8.189915635869846611e-01,8.710095926599417115e-01,8.181343048208993274e-01,8.664350614604575673e-01,9.011290815779423591e-01,8.710095926599399352e-01,9.999999999999952260e-01,8.664350614604566791e-01,8.189915635869824406e-01,8.710095926599401572e-01,9.243043738697170886e-01,8.710095926599396021e-01,9.282000469541878962e-01,9.527765787123032570e-01,9.282000469541876742e-01,8.664350614604566791e-01,9.999999999999952260e-01,8.664350614604549028e-01,8.181343048208979951e-01,8.710095926599399352e-01,8.189915635869824406e-01,8.710095926599386029e-01,9.011290815779405827e-01,8.664350614604555689e-01,8.189915635869824406e-01,8.664350614604549028e-01,9.999999999999952260e-01
9.999999999999934497e-01,9.222720033939623141e-01,9.097494596638989739e-01,9.222720033939636464e-01,8.797691511651233309e-01,9.246650587163761648e-01,9.097494596638987518e-01,9.246650587163764978e-01,9.102536247798811431e-01,9.222720033939623141e-01,9.999999999999934497e-01,9.222720033939617590e-01,9.394858585427580122e-01,8.907244683493275028e-01,9.394858585427579012e-01,9.246650587163742774e-01,9.402218421900677692e-01,9.246650587163732782e-01,9.097494596638989739e-01,9.222720033939617590e-01,9.999999999999934497e-01,9.246650587163753876e-01,8.797691511651225538e-01,9.222720033939627582e-01,9.102536247798813651e-01,9.246650587163758317e-01,9.097494596638970865e-01,9.222720033939636464e-01,9.394858585427580122e-01,9.246650587163753876e-01,9.999999999999934497e-01,8.907244683493285020e-01,9.402218421900682133e-01,9.222720033939626472e-01,9.394858585427594555e-01,9.246650587163743884e-01,8.797691511651233309e-01,8.907244683493275028e-01,8.797691511651225538e-01,8.907244683493285020e-01,9.999999999999934497e-01,8.907244683493285020e-01,8.797691511651222207e-01,8.907244683493289461e-01,8.797691511651211105e-01,9.246650587163761648e-01,9.394858585427579012e-01,9.222720033939627582e-01,9.402218421900682133e-01,8.907244683493285020e-01,9.999999999999934497e-01,9.246650587163751656e-01,9.394858585427593445e-01,9.222720033939616480e-01,9.097494596638987518e-01,9.246650587163742774e-01,9.102536247798813651e-01,9.222720033939626472e-01,8.797691511651222207e-01,9.246650587163751656e-01,9.999999999999934497e-01,9.222720033939628692e-01,9.097494596638966424e-01,9.246650587163764978e-01,9.402218421900677692e-01,9.246650587163758317e-01,9.394858585427594555e-01,8.907244683493289461e-01,9.394858585427593445e-01,9.222720033939628692e-01,9.999999999999934497e-01,9.222720033939618700e-01,9.102536247798811431e-01,9.246650587163732782e-01,9.097494596638970865e-01,9.246650587163743884e-01,8.797691511651211105e-01,9.222720033939616480e-01,9.097494596638966424e-01,9.222720033939618700e-01,9.999999999999934497e-01
9.999999999999924505e-01,7.401880478548662490e-01,7.988143179474220812e-01,7.401880478548700237e-01,6.426849727180070637e-01,7.604403602233162918e-01,7.988143179474216371e-01,7.604403602233175130e-01,7.970094989040631406e-01,7.401880478548662490e-01,9.999999999999924505e-01,7.401880478548650277e-01,7.195149223036401143e-01,5.707708523984071913e-01,7.195149223036404473e-01,7.604403602233117399e-01,7.181387182363754285e-01,7.604403602233119619e-01,7.988143179474220812e-01,7.401880478548650277e-01,9.999999999999924505e-01,7.604403602233150705e-01,6.426849727180059535e-01,7.401880478548692466e-01,7.970094989040618083e-01,7.604403602233166248e-01,7.988143179474209710e-01,7.401880478548700237e-01,7.195149223036401143e-01,7.604403602233150705e-01,9.999999999999924505e-01,5.707708523984110771e-01,7.181387182363778710e-01,7.401880478548684694e-01,7.195149223036451103e-01,7.604403602233152926e-01,6.426849727180070637e-01,5.707708523984071913e-01,6.426849727180059535e-01,5.707708523984110771e-01,9.999999999999924505e-01,5.707708523984111881e-01,6.426849727180057315e-01,5.707708523984122984e-01,6.426849727180060645e-01,7.604403602233162918e-01,7.195149223036404473e-01,7.401880478548692466e-01,7.181387182363778710e-01,5.707708523984111881e-01,9.999999999999924505e-01,7.604403602233149595e-01,7.195149223036451103e-01,7.401880478548690245e-01,7.988143179474216371e-01,7.604403602233117399e-01,7.970094989040618083e-01,7.401880478548684694e-01,6.426849727180057315e-01,7.604403602233149595e-01,9.999999999999924505e-01,7.401880478548699127e-01,7.988143179474206379e-01,7.604403602233175130e-01,7.181387182363754285e-01,7.604403602233166248e-01,7.195149223036451103e-01,5.707708523984122984e-01,7.195149223036451103e-01,7.401880478548699127e-01,9.999999999999924505e-01,7.401880478548702458e-01,7.970094989040631406e-01,7.604403602233119619e-01,7.988143179474209710e-01,7.604403602233152926e-01,6.426849727180060645e-01,7.401880478548690245e-01,7.988143179474206379e-01,7.401880478548702458e-01,9.999999999999924505e-01
9.999999999999926725e-01,5.019065261660122790e-01,6.151312716118207957e-01,5.019065261660172750e-01,4.190751993555082433e-01,5.697899898470379920e-01,6.151312716118196855e-01,5.697899898470389912e-01,6.080012129960766787e-01,5.019065261660122790e-01,9.999999999999926725e-01,5.019065261660111688e-01,4.720554791677789019e-01,3.228461531901071213e-01,4.720554791677791240e-01,5.697899898470327740e-01,5.234581805461960835e-01,5.697899898470339952e-01,6.151312716118207957e-01,5.019065261660111688e-01,9.999999999999926725e-01,5.697899898470375479e-01,4.190751993555066335e-01,5.019065261660163868e-01,6.080012129960752354e-01,5.697899898470381030e-01,6.151312716118200186e-01,5.019065261660172750e-01,4.720554791677789019e-01,5.697899898470375479e-01,9.999999999999926725e-01,3.228461531901122283e-01,5.234581805461995252e-01,5.019065261660149435e-01,4.720554791677846751e-01,5.697899898470376590e-01,4.190751993555082433e-01,3.228461531901071213e-01,4.190751993555066335e-01,3.228461531901122283e-01,9.999999999999926725e-01,3.228461531901124504e-01,4.190751993555060784e-01,3.228461531901132275e-01,4.190751993555076327e-01,5.697899898470379920e-01,4.720554791677791240e-01,5.019065261660163868e-01,5.234581805461995252e-01,3.228461531901124504e-01,9.999999999999926725e-01,5.697899898470366598e-01,4.720554791677844531e-01,5.019065261660166088e-01,6.151312716118196855e-01,5.697899898470327740e-01,6.080012129960752354e-01,5.019065261660149435e-01,4.190751993555060784e-01,5.697899898470366598e-01,9.999999999999926725e-01,5.019065261660158317e-01,6.151312716118192414e-01,5.697899898470389912e-01,5.234581805461960835e-01,5.697899898470381030e-01,4.720554791677846751e-01,3.228461531901132275e-01,4.720554791677844531e-01,5.019065261660158317e-01,9.999999999999926725e-01,5.019065261660173860e-01,6.080012129960766787e-01,5.697899898470339952e-01,6.151312716118200186e-01,5.697899898470376590e-01,4.190751993555076327e-01,5.019065261660166088e-01,6.151312716118192414e-01,5.019065261660173860e-01,9.999999999999926725e-01
9.999999999999915623e-01,3.761863815245799492e-01,5.042905515402589245e-01,3.761863815245846676e-01,3.902579569952104865e-01,5.078225651915873051e-01,5.042905515402569261e-01,5.078225651915873051e-01,4.804847731887302853e-01,3.761863815245799492e-01,9.999999999999915623e-01,3.761863815245784504e-01,4.014748754453141277e-01,3.576115207087506298e-01,4.014748754453135726e-01,5.078225651915826422e-01,5.239382516802267853e-01,5.078225651915839745e-01,5.042905515402589245e-01,3.761863815245784504e-01,9.999999999999915623e-01,5.078225651915875272e-01,3.902579569952088767e-01,3.761863815245826137e-01,4.804847731887289530e-01,5.078225651915861949e-01,5.042905515402569261e-01,3.761863815245846676e-01,4.014748754453141277e-01,5.078225651915875272e-01,9.999999999999915623e-01,3.576115207087552927e-01,5.239382516802300049e-01,3.761863815245812259e-01,4.014748754453176804e-01,5.078225651915863059e-01,3.902579569952104865e-01,3.576115207087506298e-01,3.902579569952088767e-01,3.576115207087552927e-01,9.999999999999915623e-01,3.576115207087547931e-01,3.902579569952068783e-01,3.576115207087545156e-01,3.902579569952083771e-01,5.078225651915873051e-01,4.014748754453135726e-01,3.761863815245826137e-01,5.239382516802300049e-01,3.576115207087547931e-01,9.999999999999915623e-01,5.078225651915851957e-01,4.014748754453170143e-01,3.761863815245821696e-01,5.042905515402569261e-01,5.078225651915826422e-01,4.804847731887289530e-01,3.761863815245812259e-01,3.902579569952068783e-01,5.078225651915851957e-01,9.999999999999915623e-01,3.761863815245803933e-01,5.042905515402555938e-01,5.078225651915873051e-01,5.239382516802267853e-01,5.078225651915861949e-01,4.014748754453176804e-01,3.576115207087545156e-01,4.014748754453170143e-01,3.761863815245803933e-01,9.999999999999915623e-01,3.761863815245819476e-01,4.804847731887302853e-01,5.078225651915839745e-01,5.042905515402569261e-01,5.078225651915863059e-01,3.902579569952083771e-01,3.761863815245821696e-01,5.042905515402555938e-01,3.761863815245819476e-01,9.999999999999915623e-01
9.999999999999918954e-01,3.612332305723305326e-01,4.439665756486934622e-01,3.612332305723343073e-01,4.784685549873819443e-01,5.049149993557887628e-01,4.439665756486916859e-01,5.049149993557875415e-01,3.832082660015216358e-01,3.612332305723305326e-01,9.999999999999918954e-01,3.612332305723287007e-01,4.983969817277645320e-01,5.775492313474369643e-01,4.983969817277631442e-01,5.049149993557842109e-01,6.132994749734267392e-01,5.049149993557848770e-01,4.439665756486934622e-01,3.612332305723287007e-01,9.999999999999918954e-01,5.049149993557890959e-01,4.784685549873803900e-01,3.612332305723306991e-01,3.832082660015200259e-01,5.049149993557859872e-01,4.439665756486903536e-01,3.612332305723343073e-01,4.983969817277645320e-01,5.049149993557890959e-01,9.999999999999918954e-01,5.775492313474408501e-01,6.132994749734296258e-01,3.612332305723294223e-01,4.983969817277650871e-01,5.049149993557859872e-01,4.784685549873819443e-01,5.775492313474369643e-01,4.784685549873803900e-01,5.775492313474408501e-01,9.999999999999918954e-01,5.775492313474389627e-01,4.784685549873770039e-01,5.775492313474375194e-01,4.784685549873775035e-01,5.049149993557887628e-01,4.983969817277631442e-01,3.612332305723306991e-01,6.132994749734296258e-01,5.775492313474389627e-01,9.999999999999918954e-01,5.049149993557852101e-01,4.983969817277634773e-01,3.612332305723282566e-01,4.439665756486916859e-01,5.049149993557842109e-01,3.832082660015200259e-01,3.612332305723294223e-01,4.784685549873770039e-01,5.049149993557852101e-01,9.999999999999918954e-01,3.612332305723262582e-01,4.439665756486892989e-01,5.049149993557875415e-01,6.132994749734267392e-01,5.049149993557859872e-01,4.983969817277650871e-01,5.775492313474375194e-01,4.983969817277634773e-01,3.612332305723262582e-01,9.999999999999918954e-01,3.612332305723268688e-01,3.832082660015216358e-01,5.049149993557848770e-01,4.439665756486903536e-01,5.049149993557859872e-01,4.784685549873775035e-01,3.612332305723282566e-01,4.439665756486892989e-01,3.612332305723268688e-01,9.999999999999918954e-01
9.999999999999882316e-01,3.358288645397874417e-01,3.384385022181337632e-01,3.358288645397901062e-01,4.780171474369541706e-01,4.360357707399449279e-01,3.384385022181325420e-01,4.360357707399430960e-01,2.492416064451067059e-01,3.358288645397874417e-01,9.999999999999882316e-01,3.358288645397847771e-01,6.116344174825422142e-01,7.346858112290426401e-01,6.116344174825395497e-01,4.360357707399390437e-01,6.512671922141166636e-01,4.360357707399385441e-01,3.384385022181337632e-01,3.358288645397847771e-01,9.999999999999882316e-01,4.360357707399444838e-01,4.780171474369515616e-01,3.358288645397845551e-01,2.492416064451048741e-01,4.360357707399410421e-01,3.384385022181307656e-01,3.358288645397901062e-01,6.116344174825422142e-01,4.360357707399444838e-01,9.999999999999882316e-01,7.346858112290453047e-01,6.512671922141195502e-01,3.358288645397830008e-01,6.116344174825404378e-01,4.360357707399395433e-01,4.780171474369541706e-01,7.346858112290426401e-01,4.780171474369515616e-01,7.346858112290453047e-01,9.999999999999882316e-01,7.346858112290424181e-01,4.780171474369468987e-01,7.346858112290405307e-01,4.780171474369458995e-01,4.360357707399449279e-01,6.116344174825395497e-01,3.358288645397845551e-01,6.512671922141195502e-01,7.346858112290424181e-01,9.999999999999882316e-01,4.360357707399393767e-01,6.116344174825374402e-01,3.358288645397788930e-01,3.384385022181325420e-01,4.360357707399390437e-01,2.492416064451048741e-01,3.358288645397830008e-01,4.780171474369468987e-01,4.360357707399393767e-01,9.999999999999882316e-01,3.358288645397782268e-01,3.384385022181298774e-01,4.360357707399430960e-01,6.512671922141166636e-01,4.360357707399410421e-01,6.116344174825404378e-01,7.346858112290405307e-01,6.116344174825374402e-01,3.358288645397782268e-01,9.999999999999882316e-01,3.358288645397770611e-01,2.492416064451067059e-01,4.360357707399385441e-01,3.384385022181307656e-01,4.360357707399395433e-01,4.780171474369458995e-01,3.358288645397788930e-01,3.384385022181298774e-01,3.358288645397770611e-01,9.999999999999882316e-01
9.999999999999873435e-01,2.014804634508642889e-01,1.906187744269725870e-01,2.014804634508662595e-01,3.052012504281496064e-01,2.937724130457860516e-01,1.906187744269720596e-01,2.937724130457843863e-01,1.210039308573844369e-01,2.014804634508642889e-01,9.999999999999873435e-01,2.014804634508597092e-01,6.570286648402068330e-01,6.948739996595520996e-01,6.570286648402037244e-01,2.937724130457778915e-01,6.325413161997496259e-01,2.937724130457759486e-01,1.906187744269725870e-01,2.014804634508597092e-01,9.999999999999873435e-01,2.937724130457832761e-01,3.052012504281456096e-01,2.014804634508583492e-01,1.210039308573827854e-01,2.937724130457811667e-01,1.906187744269713380e-01,2.014804634508662595e-01,6.570286648402068330e-01,2.937724130457832761e-01,9.999999999999873435e-01,6.948739996595540980e-01,6.325413161997530676e-01,2.014804634508567116e-01,6.570286648402042795e-01,2.937724130457773919e-01,3.052012504281496064e-01,6.948739996595520996e-01,3.052012504281456096e-01,6.948739996595540980e-01,9.999999999999873435e-01,6.948739996595507673e-01,3.052012504281404470e-01,6.948739996595492130e-01,3.052012504281381711e-01,2.937724130457860516e-01,6.570286648402037244e-01,2.014804634508583492e-01,6.325413161997530676e-01,6.948739996595507673e-01,9.999999999999873435e-01,2.937724130457783911e-01,6.570286648402010599e-01,2.014804634508507997e-01,1.906187744269720596e-01,2.937724130457778915e-01,1.210039308573827854e-01,2.014804634508567116e-01,3.052012504281404470e-01,2.937724130457783911e-01,9.999999999999873435e-01,2.014804634508516323e-01,1.906187744269712825e-01,2.937724130457843863e-01,6.325413161997496259e-01,2.937724130457811667e-01,6.570286648402042795e-01,6.948739996595492130e-01,6.570286648402010599e-01,2.014804634508516323e-01,9.999999999999873435e-01,2.014804634508490233e-01,1.210039308573844369e-01,2.937724130457759486e-01,1.906187744269713380e-01,2.937724130457773919e-01,3.052012504281381711e-01,2.014804634508507997e-01,1.906187744269712825e-01,2.014804634508490233e-01,9.999999999999873435e-01
9.999999999999871214e-01,-2.019627080387487172e-02,1.118718198247001805e-01,-2.019627080387264781e-02,3.383370127745306821e-02,1.385119127172083076e-01,1.118718198246995282e-01,1.385119127172075026e-01,8.252258420454168519e-02,-2.019627080387487172e-02,9.999999999999871214e-01,-2.019627080388072121e-02,6.537115952912413430e-01,5.749110171187842289e-01,6.537115952912386785e-01,1.385119127171996756e-01,6.198064457955930751e-01,1.385119127171967612e-01,1.118718198247001805e-01,-2.019627080388072121e-02,9.999999999999871214e-01,1.385119127172034781e-01,3.383370127744839140e-02,-2.019627080388167184e-02,8.252258420454146315e-02,1.385119127172033671e-01,1.118718198247022483e-01,-2.019627080387264781e-02,6.537115952912413430e-01,1.385119127172034781e-01,9.999999999999871214e-01,5.749110171187865603e-01,6.198064457955964057e-01,-2.019627080388286533e-02,6.537115952912397887e-01,1.385119127171978715e-01,3.383370127745306821e-02,5.749110171187842289e-01,3.383370127744839140e-02,5.749110171187865603e-01,9.999999999999871214e-01,5.749110171187834517e-01,3.383370127744428357e-02,5.749110171187825635e-01,3.383370127744184108e-02,1.385119127172083076e-01,6.537115952912386785e-01,-2.019627080388167184e-02,6.198064457955964057e-01,5.749110171187834517e-01,9.999999999999871214e-01,1.385119127172000919e-01,6.537115952912372352e-01,-2.019627080388942952e-02,1.118718198246995282e-01,1.385119127171996756e-01,8.252258420454146315e-02,-2.019627080388286533e-02,3.383370127744428357e-02,1.385119127172000919e-01,9.999999999999871214e-01,-2.019627080388697316e-02,1.118718198247031365e-01,1.385119127172075026e-01,6.198064457955930751e-01,1.385119127172033671e-01,6.537115952912397887e-01,5.749110171187825635e-01,6.537115952912372352e-01,-2.019627080388697316e-02,9.999999999999871214e-01,-2.019627080389034546e-02,8.252258420454168519e-02,1.385119127171967612e-01,1.118718198247022483e-01,1.385119127171978715e-01,3.383370127744184108e-02,-2.019627080388942952e-02,1.118718198247031365e-01,-2.019627080389034546e-02,9.999999999999871214e-01
9.999999999999881206e-01,-2.421347264619220785e-01,1.863701740169097787e-01,-2.421347264619194140e-01,-2.121541384224518434e-01,-1.433175600385151738e-02,1.863701740169077803e-01,-1.433175600385148962e-02,1.343227342038450511e-01,-2.421347264619220785e-01,9.999999999999881206e-01,-2.421347264619269080e-01,6.558259912770751932e-01,5.402463554744847407e-01,6.558259912770739719e-01,-1.433175600385794279e-02,6.464636877837761642e-01,-1.433175600386125959e-02,1.863701740169097787e-01,-2.421347264619269080e-01,9.999999999999881206e-01,-1.433175600385616644e-02,-2.121541384224562288e-01,-2.421347264619267414e-01,1.343227342038464944e-01,-1.433175600385559051e-02,1.863701740169136645e-01,-2.421347264619194140e-01,6.558259912770751932e-01,-1.433175600385616644e-02,9.999999999999881206e-01,5.402463554744874052e-01,6.464636877837789397e-01,-2.421347264619275741e-01,6.558259912770756372e-01,-1.433175600386135673e-02,-2.121541384224518434e-01,5.402463554744847407e-01,-2.121541384224562288e-01,5.402463554744874052e-01,9.999999999999881206e-01,5.402463554744849628e-01,-2.121541384224589766e-01,5.402463554744847407e-01,-2.121541384224607252e-01,-1.433175600385151738e-02,6.558259912770739719e-01,-2.421347264619267414e-01,6.464636877837789397e-01,5.402463554744849628e-01,9.999999999999881206e-01,-1.433175600385905302e-02,6.558259912770739719e-01,-2.421347264619330697e-01,1.863701740169077803e-01,-1.433175600385794279e-02,1.343227342038464944e-01,-2.421347264619275741e-01,-2.121541384224589766e-01,-1.433175600385905302e-02,9.999999999999881206e-01,-2.421347264619303497e-01,1.863701740169149690e-01,-1.433175600385148962e-02,6.464636877837761642e-01,-1.433175600385559051e-02,6.558259912770756372e-01,5.402463554744847407e-01,6.558259912770739719e-01,-2.421347264619303497e-01,9.999999999999881206e-01,-2.421347264619333473e-01,1.343227342038450511e-01,-1.433175600386125959e-02,1.863701740169136645e-01,-1.433175600386135673e-02,-2.121541384224607252e-01,-2.421347264619330697e-01,1.863701740169149690e-01,-2.421347264619333473e-01,9.999999999999881206e-01
9.999999999999900080e-01,-4.182987274012511247e-01,3.661863659913124902e-01,-4.182987274012483492e-01,-3.762090121507777329e-01,-1.824149429007229650e-01,3.661863659913084934e-01,-1.824149429007228262e-01,2.165294850785641212e-01,-4.182987274012511247e-01,9.999999999999900080e-01,-4.182987274012541223e-01,6.894456039795091584e-01,6.137462992790559957e-01,6.894456039795088254e-01,-1.824149429007264622e-01,6.973198965049210996e-01,-1.824149429007292100e-01,3.661863659913124902e-01,-4.182987274012541223e-01,9.999999999999900080e-01,-1.824149429007261292e-01,-3.762090121507812857e-01,-4.182987274012529011e-01,2.165294850785662861e-01,-1.824149429007259626e-01,3.661863659913144886e-01,-4.182987274012483492e-01,6.894456039795091584e-01,-1.824149429007261292e-01,9.999999999999900080e-01,6.137462992790587712e-01,6.973198965049233200e-01,-4.182987274012539558e-01,6.894456039795112678e-01,-1.824149429007305145e-01,-3.762090121507777329e-01,6.137462992790559957e-01,-3.762090121507812857e-01,6.137462992790587712e-01,9.999999999999900080e-01,6.137462992790573280e-01,-3.762090121507828955e-01,6.137462992790574390e-01,-3.762090121507837837e-01,-1.824149429007229650e-01,6.894456039795088254e-01,-4.182987274012529011e-01,6.973198965049233200e-01,6.137462992790573280e-01,9.999999999999900080e-01,-1.824149429007285717e-01,6.894456039795101576e-01,-4.182987274012570089e-01,3.661863659913084934e-01,-1.824149429007264622e-01,2.165294850785662861e-01,-4.182987274012539558e-01,-3.762090121507828955e-01,-1.824149429007285717e-01,9.999999999999900080e-01,-4.182987274012550660e-01,3.661863659913155988e-01,-1.824149429007228262e-01,6.973198965049210996e-01,-1.824149429007259626e-01,6.894456039795112678e-01,6.137462992790574390e-01,6.894456039795101576e-01,-4.182987274012550660e-01,9.999999999999900080e-01,-4.182987274012568424e-01,2.165294850785641212e-01,-1.824149429007292100e-01,3.661863659913144886e-01,-1.824149429007305145e-01,-3.762090121507837837e-01,-4.182987274012570089e-01,3.661863659913155988e-01,-4.182987274012568424e-01,9.999999999999900080e-01
9.999999999999890088e-01,-5.596275594287108968e-01,5.331077814199396414e-01,-5.596275594287080102e-01,-4.966985635924023312e-01,-3.500325609247456060e-01,5.331077814199354226e-01,-3.500325609247457725e-01,3.219312491251168917e-01,-5.596275594287108968e-01,9.999999999999890088e-01,-5.596275594287116739e-01,7.300738289892573230e-01,7.045300103067139164e-01,7.300738289892572119e-01,-3.500325609247472158e-01,7.259542183253937520e-01,-3.500325609247483261e-01,5.331077814199396414e-01,-5.596275594287116739e-01,9.999999999999890088e-01,-3.500325609247464942e-01,-4.966985635924033859e-01,-5.596275594287098976e-01,3.219312491251185016e-01,-3.500325609247469383e-01,5.331077814199387532e-01,-5.596275594287080102e-01,7.300738289892573230e-01,-3.500325609247464942e-01,9.999999999999890088e-01,7.045300103067164699e-01,7.259542183253955283e-01,-5.596275594287113408e-01,7.300738289892602095e-01,-3.500325609247501579e-01,-4.966985635924023312e-01,7.045300103067139164e-01,-4.966985635924033859e-01,7.045300103067164699e-01,9.999999999999890088e-01,7.045300103067154707e-01,-4.966985635924057729e-01,7.045300103067160258e-01,-4.966985635924055509e-01,-3.500325609247456060e-01,7.300738289892572119e-01,-5.596275594287098976e-01,7.259542183253955283e-01,7.045300103067154707e-01,9.999999999999890088e-01,-3.500325609247493808e-01,7.300738289892594324e-01,-5.596275594287126731e-01,5.331077814199354226e-01,-3.500325609247472158e-01,3.219312491251185016e-01,-5.596275594287113408e-01,-4.966985635924057729e-01,-3.500325609247493808e-01,9.999999999999890088e-01,-5.596275594287120070e-01,5.331077814199396414e-01,-3.500325609247457725e-01,7.259542183253937520e-01,-3.500325609247469383e-01,7.300738289892602095e-01,7.045300103067160258e-01,7.300738289892594324e-01,-5.596275594287120070e-01,9.999999999999890088e-01,-5.596275594287121180e-01,3.219312491251168917e-01,-3.500325609247483261e-01,5.331077814199387532e-01,-3.500325609247501579e-01,-4.966985635924055509e-01,-5.596275594287126731e-01,5.331077814199396414e-01,-5.596275594287121180e-01,9.999999999999890088e-01
9.999999999999886757e-01,-6.560963099629747441e-01,6.321940316705980667e-01,-6.560963099629720796e-01,-5.529476520396717776e-01,-4.501287666392291831e-01,6.321940316705960683e-01,-4.501287666392299602e-01,4.369015518587289204e-01,-6.560963099629747441e-01,9.999999999999886757e-01,-6.560963099629733009e-01,7.396529635398115810e-01,7.162478552971784929e-01,7.396529635398113589e-01,-4.501287666392299602e-01,7.079863340274902272e-01,-4.501287666392297937e-01,6.321940316705980667e-01,-6.560963099629733009e-01,9.999999999999886757e-01,-4.501287666392279618e-01,-5.529476520396698902e-01,-6.560963099629716355e-01,4.369015518587290314e-01,-4.501287666392289610e-01,6.321940316705967344e-01,-6.560963099629720796e-01,7.396529635398115810e-01,-4.501287666392279618e-01,9.999999999999886757e-01,7.162478552971813794e-01,7.079863340274918926e-01,-6.560963099629749662e-01,7.396529635398150226e-01,-4.501287666392320141e-01,-5.529476520396717776e-01,7.162478552971784929e-01,-5.529476520396698902e-01,7.162478552971813794e-01,9.999999999999886757e-01,7.162478552971806023e-01,-5.529476520396738870e-01,7.162478552971812684e-01,-5.529476520396726658e-01,-4.501287666392291831e-01,7.396529635398113589e-01,-6.560963099629716355e-01,7.079863340274918926e-01,7.162478552971806023e-01,9.999999999999886757e-01,-4.501287666392320141e-01,7.396529635398141345e-01,-6.560963099629748552e-01,6.321940316705960683e-01,-4.501287666392299602e-01,4.369015518587290314e-01,-6.560963099629749662e-01,-5.529476520396738870e-01,-4.501287666392320141e-01,9.999999999999886757e-01,-6.560963099629748552e-01,6.321940316705980667e-01,-4.501287666392299602e-01,7.079863340274902272e-01,-4.501287666392289610e-01,7.396529635398150226e-01,7.162478552971812684e-01,7.396529635398141345e-01,-6.560963099629748552e-01,9.999999999999886757e-01,-6.560963099629739670e-01,4.369015518587289204e-01,-4.501287666392297937e-01,6.321940316705967344e-01,-4.501287666392320141e-01,-5.529476520396726658e-01,-6.560963099629748552e-01,6.321940316705980667e-01,-6.560963099629739670e-01,9.999999999999886757e-01
9.999999999999875655e-01,-6.571203959373280723e-01,5.848330489712273428e-01,-6.571203959373248527e-01,-4.972994923975292969e-01,-4.380211303774881326e-01,5.848330489712275648e-01,-4.380211303774900200e-01,3.839328639315965352e-01,-6.571203959373280723e-01,9.999999999999875655e-01,-6.571203959373255188e-01,7.128203049175021455e-01,6.955199528981741430e-01,7.128203049175013684e-01,-4.380211303774898535e-01,6.690255180985973382e-01,-4.380211303774893539e-01,5.848330489712273428e-01,-6.571203959373255188e-01,9.999999999999875655e-01,-4.380211303774863563e-01,-4.972994923975254666e-01,-6.571203959373239645e-01,3.839328639315947589e-01,-4.380211303774875220e-01,5.848330489712261215e-01,-6.571203959373248527e-01,7.128203049175021455e-01,-4.380211303774863563e-01,9.999999999999875655e-01,6.955199528981770296e-01,6.690255180985992256e-01,-6.571203959373282943e-01,7.128203049175056982e-01,-4.380211303774917408e-01,-4.972994923975292969e-01,6.955199528981741430e-01,-4.972994923975254666e-01,6.955199528981770296e-01,9.999999999999875655e-01,6.955199528981753643e-01,-4.972994923975313508e-01,6.955199528981770296e-01,-4.972994923975295189e-01,-4.380211303774881326e-01,7.128203049175013684e-01,-6.571203959373239645e-01,6.690255180985992256e-01,6.955199528981753643e-01,9.999999999999875655e-01,-4.380211303774919074e-01,7.128203049175045880e-01,-6.571203959373285164e-01,5.848330489712275648e-01,-4.380211303774898535e-01,3.839328639315947589e-01,-6.571203959373282943e-01,-4.972994923975313508e-01,-4.380211303774919074e-01,9.999999999999875655e-01,-6.571203959373284054e-01,5.848330489712282310e-01,-4.380211303774900200e-01,6.690255180985973382e-01,-4.380211303774875220e-01,7.128203049175056982e-01,6.955199528981770296e-01,7.128203049175045880e-01,-6.571203959373284054e-01,9.999999999999875655e-01,-6.571203959373271841e-01,3.839328639315965352e-01,-4.380211303774893539e-01,5.848330489712261215e-01,-4.380211303774917408e-01,-4.972994923975295189e-01,-6.571203959373285164e-01,5.848330489712282310e-01,-6.571203959373271841e-01,9.999999999999875655e-01
9.999999999999891198e-01,-5.628295004797708723e-01,3.630784874866821998e-01,-5.628295004797678747e-01,-3.473485679036995566e-01,-3.473064998444692630e-01,3.630784874866831990e-01,-3.473064998444710394e-01,1.930283003224740335e-01,-5.628295004797708723e-01,9.999999999999891198e-01,-5.628295004797692069e-01,6.886391560727362915e-01,6.567610034230400018e-01,6.886391560727358474e-01,-3.473064998444719276e-01,6.660282278664358957e-01,-3.473064998444718166e-01,3.630784874866821998e-01,-5.628295004797692069e-01,9.999999999999891198e-01,-3.473064998444682638e-01,-3.473485679036962259e-01,-5.628295004797676526e-01,1.930283003224717853e-01,-3.473064998444689300e-01,3.630784874866799239e-01,-5.628295004797678747e-01,6.886391560727362915e-01,-3.473064998444682638e-01,9.999999999999891198e-01,6.567610034230429994e-01,6.660282278664372280e-01,-5.628295004797722045e-01,6.886391560727405103e-01,-3.473064998444740925e-01,-3.473485679036995566e-01,6.567610034230400018e-01,-3.473485679036962259e-01,6.567610034230429994e-01,9.999999999999891198e-01,6.567610034230413341e-01,-3.473485679037020546e-01,6.567610034230433325e-01,-3.473485679037004448e-01,-3.473064998444692630e-01,6.886391560727358474e-01,-5.628295004797676526e-01,6.660282278664372280e-01,6.567610034230413341e-01,9.999999999999891198e-01,-3.473064998444740370e-01,6.886391560727396222e-01,-5.628295004797729817e-01,3.630784874866831990e-01,-3.473064998444719276e-01,1.930283003224717853e-01,-5.628295004797722045e-01,-3.473485679037020546e-01,-3.473064998444740370e-01,9.999999999999891198e-01,-5.628295004797718715e-01,3.630784874866822554e-01,-3.473064998444710394e-01,6.660282278664358957e-01,-3.473064998444689300e-01,6.886391560727405103e-01,6.567610034230433325e-01,6.886391560727396222e-01,-5.628295004797718715e-01,9.999999999999891198e-01,-5.628295004797712053e-01,1.930283003224740335e-01,-3.473064998444718166e-01,3.630784874866799239e-01,-3.473064998444740925e-01,-3.473485679037004448e-01,-5.628295004797729817e-01,3.630784874866822554e-01,-5.628295004797712053e-01,9.999999999999891198e-01
