1.000000000000000000e+00,1.000000000000000000e+00,1.000000000000000000e+00,1.000000000000000000e+00,1.000000000000000000e+00,1.000000000000000000e+00,1.000000000000000000e+00,1.000000000000000000e+00,1.000000000000000000e+00,1.000000000000000000e+00,1.000000000000000000e+00,1.000000000000000000e+00,1.000000000000000000e+00,1.000000000000000000e+00,1.000000000000000000e+00,1.000000000000000000e+00,1.000000000000000000e+00,1.000000000000000000e+00,1.000000000000000000e+00,1.000000000000000000e+00,1.000000000000000000e+00,1.000000000000000000e+00,1.000000000000000000e+00,1.000000000000000000e+00,1.000000000000000000e+00,1.000000000000000000e+00,1.000000000000000000e+00,1.000000000000000000e+00,1.000000000000000000e+00,1.000000000000000000e+00,1.000000000000000000e+00,1.000000000000000000e+00,1.000000000000000000e+00,1.000000000000000000e+00,1.000000000000000000e+00,1.000000000000000000e+00
1.000000000000002665e+00,8.162742858978075944e-01,8.242781869524178351e-01,8.243049626090996895e-01,8.242919005389536258e-01,8.229454692901169155e-01,8.162742858978075944e-01,1.000000000000002665e+00,8.177743426514678671e-01,8.256285636167859376e-01,8.256328949141873430e-01,8.242919005389536258e-01,8.242781869524178351e-01,8.177743426514678671e-01,1.000000000000002665e+00,8.177993315786021844e-01,8.256285636167860487e-01,8.243049626090994675e-01,8.243049626090996895e-01,8.256285636167859376e-01,8.177993315786021844e-01,1.000000000000002665e+00,8.177743426514677560e-01,8.242781869524178351e-01,8.242919005389536258e-01,8.256328949141873430e-01,8.256285636167860487e-01,8.177743426514677560e-01,1.000000000000002665e+00,8.162742858978073723e-01,8.229454692901169155e-01,8.242919005389536258e-01,8.243049626090994675e-01,8.242781869524178351e-01,8.162742858978073723e-01,1.000000000000002665e+00
1.000000000000001998e+00,5.585467967212630613e-01,6.067439147538910005e-01,6.071240109953104369e-01,6.065120479979060342e-01,5.943019691873643318e-01,5.585467967212630613e-01,1.000000000000001998e+00,5.750890686430286669e-01,6.191797578248456890e-01,6.190191880680333547e-01,6.065120479979068113e-01,6.067439147538910005e-01,5.750890686430286669e-01,1.000000000000001998e+00,5.758468279585885474e-01,6.191797578248452449e-01,6.071240109953111030e-01,6.071240109953104369e-01,6.191797578248456890e-01,5.758468279585885474e-01,1.000000000000001998e+00,5.750890686430271126e-01,6.067439147538904454e-01,6.065120479979060342e-01,6.190191880680333547e-01,6.191797578248452449e-01,5.750890686430271126e-01,1.000000000000001998e+00,5.585467967212622842e-01,5.943019691873643318e-01,6.065120479979068113e-01,6.071240109953111030e-01,6.067439147538904454e-01,5.585467967212622842e-01,1.000000000000001998e+00
1.000000000000001776e+00,6.085616590406487392e-01,6.475026813397201098e-01,6.482335860442181019e-01,6.456549059649198119e-01,6.144780336123104592e-01,6.085616590406487392e-01,1.000000000000001776e+00,6.507941051644774433e-01,6.802007196020318780e-01,6.789031229126988309e-01,6.456549059649216993e-01,6.475026813397201098e-01,6.507941051644774433e-01,1.000000000000001776e+00,6.533838234954626456e-01,6.802007196020316560e-01,6.482335860442198783e-01,6.482335860442181019e-01,6.802007196020318780e-01,6.533838234954626456e-01,1.000000000000001776e+00,6.507941051644741126e-01,6.475026813397189995e-01,6.456549059649198119e-01,6.789031229126988309e-01,6.802007196020316560e-01,6.507941051644741126e-01,1.000000000000001776e+00,6.085616590406474069e-01,6.144780336123104592e-01,6.456549059649216993e-01,6.482335860442198783e-01,6.475026813397189995e-01,6.085616590406474069e-01,1.000000000000001776e+00
1.000000000000001998e+00,8.706448952724462620e-01,8.757694020144003444e-01,8.759677777795418230e-01,8.741979464631499663e-01,8.377601098920729461e-01,8.706448952724462620e-01,1.000000000000001998e+00,9.121187031280663104e-01,9.139231060829099418e-01,9.124056197224426068e-01,8.741979464631519647e-01,8.757694020144003444e-01,9.121187031280663104e-01,1.000000000000001998e+00,9.138323267401655681e-01,9.139231060829098308e-01,8.759677777795437104e-01,8.759677777795418230e-01,9.139231060829099418e-01,9.138323267401655681e-01,1.000000000000001998e+00,9.121187031280637569e-01,8.757694020143999003e-01,8.741979464631499663e-01,9.124056197224426068e-01,9.139231060829098308e-01,9.121187031280637569e-01,1.000000000000001998e+00,8.706448952724457069e-01,8.377601098920729461e-01,8.741979464631519647e-01,8.759677777795437104e-01,8.757694020143999003e-01,8.706448952724457069e-01,1.000000000000001998e+00
1.000000000000004219e+00,9.793961136377751231e-01,9.778099881295613249e-01,9.778072862061552017e-01,9.794951633263797586e-01,9.820548312527247470e-01,9.793961136377751231e-01,1.000000000000004219e+00,9.750906953232449936e-01,9.752330022552485600e-01,9.769789585486933214e-01,9.794951633263793145e-01,9.778099881295613249e-01,9.750906953232449936e-01,1.000000000000004219e+00,9.733693331385808722e-01,9.752330022552483380e-01,9.778072862061547577e-01,9.778072862061552017e-01,9.752330022552485600e-01,9.733693331385808722e-01,1.000000000000004219e+00,9.750906953232458818e-01,9.778099881295621021e-01,9.794951633263797586e-01,9.769789585486933214e-01,9.752330022552483380e-01,9.750906953232458818e-01,1.000000000000004219e+00,9.793961136377757892e-01,9.820548312527247470e-01,9.794951633263793145e-01,9.778072862061547577e-01,9.778099881295621021e-01,9.793961136377757892e-01,1.000000000000004219e+00
1.000000000000004219e+00,7.893204833640835583e-01,7.990879166765734176e-01,7.992979944357661015e-01,7.990793272651308676e-01,8.484876272348897963e-01,7.893204833640835583e-01,1.000000000000004219e+00,7.361132042693319111e-01,7.527321481286901594e-01,7.525501158946701352e-01,7.990793272651284251e-01,7.990879166765734176e-01,7.361132042693319111e-01,1.000000000000004219e+00,7.362913264383552647e-01,7.527321481286898264e-01,7.992979944357634370e-01,7.992979944357661015e-01,7.527321481286901594e-01,7.362913264383552647e-01,1.000000000000004219e+00,7.361132042693356858e-01,7.990879166765746389e-01,7.990793272651308676e-01,7.525501158946701352e-01,7.527321481286898264e-01,7.361132042693356858e-01,1.000000000000004219e+00,7.893204833640843354e-01,8.484876272348897963e-01,7.990793272651284251e-01,7.992979944357634370e-01,7.990879166765746389e-01,7.893204833640843354e-01,1.000000000000004219e+00
1.000000000000005551e+00,4.912497437547966861e-01,5.649630326754341292e-01,5.625910741762761846e-01,5.544480385032614089e-01,5.967469193797845239e-01,4.912497437547966861e-01,1.000000000000005551e+00,4.480631265114903283e-01,5.248679264257353205e-01,5.143247997968517504e-01,5.544480385032597436e-01,5.649630326754341292e-01,4.480631265114903283e-01,1.000000000000005551e+00,4.595310253529064637e-01,5.248679264257344323e-01,5.625910741762734091e-01,5.625910741762761846e-01,5.248679264257353205e-01,4.595310253529064637e-01,1.000000000000005551e+00,4.480631265114927708e-01,5.649630326754346843e-01,5.544480385032614089e-01,5.143247997968517504e-01,5.248679264257344323e-01,4.480631265114927708e-01,1.000000000000005551e+00,4.912497437547957979e-01,5.967469193797845239e-01,5.544480385032597436e-01,5.625910741762734091e-01,5.649630326754346843e-01,4.912497437547957979e-01,1.000000000000005551e+00
1.000000000000003775e+00,3.530739126857054266e-01,4.836451431004846757e-01,4.737749569352852630e-01,4.569696506399725244e-01,4.482150806629592865e-01,3.530739126857054266e-01,1.000000000000003775e+00,3.909795103499299485e-01,4.899277288028151545e-01,4.654288799495401863e-01,4.569696506399733571e-01,4.836451431004846757e-01,3.909795103499299485e-01,1.000000000000003775e+00,4.165394657420625757e-01,4.899277288028137667e-01,4.737749569352842083e-01,4.737749569352852630e-01,4.899277288028151545e-01,4.165394657420625757e-01,1.000000000000003775e+00,3.909795103499275615e-01,4.836451431004833990e-01,4.569696506399725244e-01,4.654288799495401863e-01,4.899277288028137667e-01,3.909795103499275615e-01,1.000000000000003775e+00,3.530739126857017629e-01,4.482150806629592865e-01,4.569696506399733571e-01,4.737749569352842083e-01,4.836451431004833990e-01,3.530739126857017629e-01,1.000000000000003775e+00
1.000000000000003775e+00,4.565300530563707326e-01,5.590932947673556974e-01,5.470636575679453939e-01,5.266895996272403790e-01,4.546551151001559932e-01,4.565300530563707326e-01,1.000000000000003775e+00,5.925356396203163012e-01,6.409347593586511849e-01,6.106401602740096912e-01,5.266895996272432656e-01,5.590932947673556974e-01,5.925356396203163012e-01,1.000000000000003775e+00,6.223365500523214688e-01,6.409347593586494085e-01,5.470636575679462821e-01,5.470636575679453939e-01,6.409347593586511849e-01,6.223365500523214688e-01,1.000000000000003775e+00,5.925356396203097509e-01,5.590932947673538100e-01,5.266895996272403790e-01,6.106401602740096912e-01,6.409347593586494085e-01,5.925356396203097509e-01,1.000000000000003775e+00,4.565300530563656256e-01,4.546551151001559932e-01,5.266895996272432656e-01,5.470636575679462821e-01,5.590932947673538100e-01,4.565300530563656256e-01,1.000000000000003775e+00
1.000000000000003997e+00,6.707658110758257797e-01,7.026695120581673004e-01,6.999969176177360808e-01,6.900756419109804751e-01,5.677591525984130305e-01,6.707658110758257797e-01,1.000000000000003997e+00,8.473756026221686000e-01,8.532145742327869042e-01,8.390787747044798905e-01,6.900756419109849160e-01,7.026695120581673004e-01,8.473756026221686000e-01,1.000000000000003997e+00,8.616348233017872005e-01,8.532145742327853499e-01,6.999969176177390784e-01,6.999969176177360808e-01,8.532145742327869042e-01,8.616348233017872005e-01,1.000000000000003997e+00,8.473756026221621607e-01,7.026695120581669673e-01,6.900756419109804751e-01,8.390787747044798905e-01,8.532145742327853499e-01,8.473756026221621607e-01,1.000000000000003997e+00,6.707658110758227821e-01,5.677591525984130305e-01,6.900756419109849160e-01,6.999969176177390784e-01,7.026695120581669673e-01,6.707658110758227821e-01,1.000000000000003997e+00
1.000000000000003775e+00,7.989401174479654477e-01,7.842068396199046720e-01,7.881794593930795401e-01,8.038687373980244466e-01,6.854989097847563606e-01,7.989401174479654477e-01,1.000000000000003775e+00,9.228549179544076608e-01,9.241534745011287244e-01,9.426548221713576536e-01,8.038687373980279993e-01,7.842068396199046720e-01,9.228549179544076608e-01,1.000000000000003775e+00,9.040537057728579295e-01,9.241534745011281693e-01,7.881794593930825377e-01,7.881794593930795401e-01,9.241534745011287244e-01,9.040537057728579295e-01,1.000000000000003775e+00,9.228549179544057735e-01,7.842068396199065594e-01,8.038687373980244466e-01,9.426548221713576536e-01,9.241534745011281693e-01,9.228549179544057735e-01,1.000000000000003775e+00,7.989401174479668910e-01,6.854989097847563606e-01,8.038687373980279993e-01,7.881794593930825377e-01,7.842068396199065594e-01,7.989401174479668910e-01,1.000000000000003775e+00
1.000000000000001776e+00,7.299804592636509604e-01,7.079091458343570453e-01,7.052491326577972064e-01,7.468853690145570434e-01,6.991066024780018262e-01,7.299804592636509604e-01,1.000000000000001776e+00,7.352564667889921468e-01,7.562260339469510928e-01,7.977758152570475492e-01,7.468853690145570434e-01,7.079091458343570453e-01,7.352564667889921468e-01,1.000000000000001776e+00,6.835282732183729504e-01,7.562260339469516479e-01,7.052491326577976505e-01,7.052491326577972064e-01,7.562260339469510928e-01,6.835282732183729504e-01,1.000000000000001776e+00,7.352564667889966987e-01,7.079091458343600429e-01,7.468853690145570434e-01,7.977758152570475492e-01,7.562260339469516479e-01,7.352564667889966987e-01,1.000000000000001776e+00,7.299804592636556233e-01,6.991066024780018262e-01,7.468853690145570434e-01,7.052491326577976505e-01,7.079091458343600429e-01,7.299804592636556233e-01,1.000000000000001776e+00
1.000000000000002220e+00,4.903571526446919293e-01,5.185436636570280866e-01,5.041873235482345894e-01,5.527453886050432974e-01,5.877293709486935969e-01,4.903571526446919293e-01,1.000000000000002220e+00,3.840922582064126289e-01,4.842267705361201213e-01,5.176598869984229134e-01,5.527453886050396337e-01,5.185436636570280866e-01,3.840922582064126289e-01,1.000000000000002220e+00,3.223879099770995404e-01,4.842267705361209540e-01,5.041873235482315918e-01,5.041873235482345894e-01,4.842267705361201213e-01,3.223879099770995404e-01,1.000000000000002220e+00,3.840922582064212332e-01,5.185436636570303071e-01,5.527453886050432974e-01,5.176598869984229134e-01,4.842267705361209540e-01,3.840922582064212332e-01,1.000000000000002220e+00,4.903571526446966478e-01,5.877293709486935969e-01,5.527453886050396337e-01,5.041873235482315918e-01,5.185436636570303071e-01,4.903571526446966478e-01,1.000000000000002220e+00
1.000000000000001332e+00,1.987034405546080074e-01,3.557859879178755791e-01,3.237468323183333996e-01,3.555211602259396031e-01,4.220082496488449797e-01,1.987034405546080074e-01,1.000000000000001332e+00,5.959564092649101419e-02,3.083970775539364162e-01,2.934210140932611011e-01,3.555211602259351067e-01,3.557859879178755791e-01,5.959564092649101419e-02,1.000000000000001332e+00,2.249296016329516146e-02,3.083970775539361941e-01,3.237468323183291807e-01,3.237468323183333996e-01,3.083970775539364162e-01,2.249296016329516146e-02,1.000000000000001332e+00,5.959564092649935474e-02,3.557859879178762452e-01,3.555211602259396031e-01,2.934210140932611011e-01,3.083970775539361941e-01,5.959564092649935474e-02,1.000000000000001332e+00,1.987034405546092564e-01,4.220082496488449797e-01,3.555211602259351067e-01,3.237468323183291807e-01,3.557859879178762452e-01,1.987034405546092564e-01,1.000000000000001332e+00
1.000000000000000444e+00,-2.352977889918231313e-02,3.091395343994093325e-01,2.307572846244101417e-01,2.394932991069386730e-01,2.774175239626672784e-01,-2.352977889918231313e-02,1.000000000000000444e+00,-8.778367674138515264e-02,2.916510203165159631e-01,1.904851898870092430e-01,2.394932991069349537e-01,3.091395343994093325e-01,-8.778367674138515264e-02,1.000000000000000444e+00,-7.333660891855711683e-02,2.916510203165146864e-01,2.307572846244061171e-01,2.307572846244101417e-01,2.916510203165159631e-01,-7.333660891855711683e-02,1.000000000000000444e+00,-8.778367674138083665e-02,3.091395343994074452e-01,2.394932991069386730e-01,1.904851898870092430e-01,2.916510203165146864e-01,-8.778367674138083665e-02,1.000000000000000444e+00,-2.352977889918617116e-02,2.774175239626672784e-01,2.394932991069349537e-01,2.307572846244061171e-01,3.091395343994074452e-01,-2.352977889918617116e-02,1.000000000000000444e+00
9.999999999999997780e-01,-1.213792837282927639e-01,3.469463295894111288e-01,1.916840960058255328e-01,1.996539558754792110e-01,1.783150688606532364e-01,-1.213792837282927639e-01,9.999999999999997780e-01,-2.270983383187984150e-02,3.653671713275419841e-01,1.746597160864488685e-01,1.996539558754762966e-01,3.469463295894111288e-01,-2.270983383187984150e-02,9.999999999999997780e-01,4.842258426888582795e-02,3.653671713275402078e-01,1.916840960058223964e-01,1.916840960058255328e-01,3.653671713275419841e-01,4.842258426888582795e-02,9.999999999999997780e-01,-2.270983383188162133e-02,3.469463295894071875e-01,1.996539558754792110e-01,1.746597160864488685e-01,3.653671713275402078e-01,-2.270983383188162133e-02,9.999999999999997780e-01,-1.213792837283012155e-01,1.783150688606532364e-01,1.996539558754762966e-01,1.916840960058223964e-01,3.469463295894071875e-01,-1.213792837283012155e-01,9.999999999999997780e-01
1.000000000000000888e+00,-1.200861342490233130e-01,3.702374261629992613e-01,1.578645738405859977e-01,2.002638214567946384e-01,1.101658361935314301e-01,-1.200861342490233130e-01,1.000000000000000888e+00,1.796574774050436196e-01,4.538525731998617196e-01,2.300072402879836664e-01,2.002638214567921127e-01,3.702374261629992613e-01,1.796574774050436196e-01,1.000000000000000888e+00,2.885961995412198999e-01,4.538525731998604984e-01,1.578645738405846377e-01,1.578645738405859977e-01,4.538525731998617196e-01,2.885961995412198999e-01,1.000000000000000888e+00,1.796574774050362366e-01,3.702374261629954311e-01,2.002638214567946384e-01,2.300072402879836664e-01,4.538525731998604984e-01,1.796574774050362366e-01,1.000000000000000888e+00,-1.200861342490334160e-01,1.101658361935314301e-01,2.002638214567921127e-01,1.578645738405846377e-01,3.702374261629954311e-01,-1.200861342490334160e-01,1.000000000000000888e+00
9.999999999999993339e-01,-9.606286275316944234e-02,3.026057407070202876e-01,1.144642303292767171e-01,2.025162113915889572e-01,4.707382125017206542e-02,-9.606286275316944234e-02,9.999999999999993339e-01,3.904939732614239878e-01,5.227210186256254776e-01,3.542951219651394590e-01,2.025162113915872641e-01,3.026057407070202876e-01,3.904939732614239878e-01,9.999999999999993339e-01,4.965323277497533105e-01,5.227210186256263658e-01,1.144642303292775498e-01,1.144642303292767171e-01,5.227210186256254776e-01,4.965323277497533105e-01,9.999999999999993339e-01,3.904939732614132186e-01,3.026057407070193994e-01,2.025162113915889572e-01,3.542951219651394590e-01,5.227210186256263658e-01,3.904939732614132186e-01,9.999999999999993339e-01,-9.606286275317710288e-02,4.707382125017206542e-02,2.025162113915872641e-01,1.144642303292775498e-01,3.026057407070193994e-01,-9.606286275317710288e-02,9.999999999999993339e-01
9.999999999999987788e-01,-1.264362357580446350e-01,1.410731051357506094e-01,6.605232889232992566e-02,1.580982909624352173e-01,-2.603112077712833872e-02,-1.264362357580446350e-01,9.999999999999987788e-01,4.933486617248454276e-01,5.435937582463451490e-01,4.950213159906179383e-01,1.580982909624365496e-01,1.410731051357506094e-01,4.933486617248454276e-01,9.999999999999987788e-01,5.366261339873661385e-01,5.435937582463488127e-01,6.605232889233328408e-02,6.605232889232992566e-02,5.435937582463451490e-01,5.366261339873661385e-01,9.999999999999987788e-01,4.933486617248336037e-01,1.410731051357546062e-01,1.580982909624352173e-01,4.950213159906179383e-01,5.435937582463488127e-01,4.933486617248336037e-01,9.999999999999987788e-01,-1.264362357580462171e-01,-2.603112077712833872e-02,1.580982909624365496e-01,6.605232889233328408e-02,1.410731051357546062e-01,-1.264362357580462171e-01,9.999999999999987788e-01
9.999999999999986677e-01,-2.458980573752332366e-01,-3.760119778064907603e-02,2.517875537740782432e-02,3.826589838113259034e-02,-8.073884026937655500e-02,-2.458980573752332366e-01,9.999999999999986677e-01,4.348525195155243939e-01,4.895027552163597195e-01,5.797847813866988664e-01,3.826589838113886310e-02,-3.760119778064907603e-02,4.348525195155243939e-01,9.999999999999986677e-01,3.449586636940697448e-01,4.895027552163648821e-01,2.517875537741219583e-02,2.517875537740782432e-02,4.895027552163597195e-01,3.449586636940697448e-01,9.999999999999986677e-01,4.348525195155129586e-01,-3.760119778064092977e-02,3.826589838113259034e-02,5.797847813866988664e-01,4.895027552163648821e-01,4.348525195155129586e-01,9.999999999999986677e-01,-2.458980573752271859e-01,-8.073884026937655500e-02,3.826589838113886310e-02,2.517875537741219583e-02,-3.760119778064092977e-02,-2.458980573752271859e-01,9.999999999999986677e-01
1.000000000000000444e+00,-4.323994069338873425e-01,-1.209354649109392887e-01,5.097324239439177118e-03,-1.347851895925625265e-01,-4.435172212269512804e-02,-4.323994069338873425e-01,1.000000000000000444e+00,2.469439460363163086e-01,3.711932233064860753e-01,5.951376972732734805e-01,-1.347851895925523680e-01,-1.209354649109392887e-01,2.469439460363163086e-01,1.000000000000000444e+00,-3.701620894442587961e-02,3.711932233064922926e-01,5.097324239441938798e-03,5.097324239439177118e-03,3.711932233064860753e-01,-3.701620894442587961e-02,1.000000000000000444e+00,2.469439460363049010e-01,-1.209354649109306568e-01,-1.347851895925625265e-01,5.951376972732734805e-01,3.711932233064922926e-01,2.469439460363049010e-01,1.000000000000000444e+00,-4.323994069338761292e-01,-4.435172212269512804e-02,-1.347851895925523680e-01,5.097324239441938798e-03,-1.209354649109306568e-01,-4.323994069338761292e-01,1.000000000000000444e+00
9.999999999999988898e-01,-6.244786147724596947e-01,-5.144593757015079871e-02,-1.147964214191068977e-02,-3.115932520510401038e-01,1.235492021854639744e-01,-6.244786147724596947e-01,9.999999999999988898e-01,2.643011802036498992e-02,2.424801247222486411e-01,5.884848511544581440e-01,-3.115932520510289461e-01,-5.144593757015079871e-02,2.643011802036498992e-02,9.999999999999988898e-01,-4.727826833906437209e-01,2.424801247222561074e-01,-1.147964214191031854e-02,-1.147964214191068977e-02,2.424801247222486411e-01,-4.727826833906437209e-01,9.999999999999988898e-01,2.643011802035336727e-02,-5.144593757014428309e-02,-3.115932520510401038e-01,5.884848511544581440e-01,2.424801247222561074e-01,2.643011802035336727e-02,9.999999999999988898e-01,-6.244786147724477043e-01,1.235492021854639744e-01,-3.115932520510289461e-01,-1.147964214191031854e-02,-5.144593757014428309e-02,-6.244786147724477043e-01,9.999999999999988898e-01
9.999999999999984457e-01,-7.603169240017855213e-01,1.046950510499742165e-01,-7.858597859429884702e-02,-4.542653362152243024e-01,3.469041123602824572e-01,-7.603169240017855213e-01,9.999999999999984457e-01,-1.186436216283356243e-01,1.624909872956689649e-01,6.115583859093922658e-01,-4.542653362152160312e-01,1.046950510499742165e-01,-1.186436216283356243e-01,9.999999999999984457e-01,-7.903187861512186441e-01,1.624909872956784573e-01,-7.858597859430105359e-02,-7.858597859429884702e-02,1.624909872956689649e-01,-7.903187861512186441e-01,9.999999999999984457e-01,-1.186436216283478784e-01,1.046950510499798370e-01,-4.542653362152243024e-01,6.115583859093922658e-01,1.624909872956784573e-01,-1.186436216283478784e-01,9.999999999999984457e-01,-7.603169240017775277e-01,3.469041123602824572e-01,-4.542653362152160312e-01,-7.858597859430105359e-02,1.046950510499798370e-01,-7.603169240017775277e-01,9.999999999999984457e-01
9.999999999999982236e-01,-8.133579273815179089e-01,2.023296707727438304e-01,-2.179256635303078726e-01,-5.475560178024354574e-01,4.724839221285189184e-01,-8.133579273815179089e-01,9.999999999999982236e-01,-1.247341618008900171e-01,1.610748375107678709e-01,6.774846172373730768e-01,-5.475560178024330149e-01,2.023296707727438304e-01,-1.247341618008900171e-01,9.999999999999982236e-01,-8.667232082890607980e-01,1.610748375107783348e-01,-2.179256635303131462e-01,-2.179256635303078726e-01,1.610748375107678709e-01,-8.667232082890607980e-01,9.999999999999982236e-01,-1.247341618009014386e-01,2.023296707727498256e-01,-5.475560178024354574e-01,6.774846172373730768e-01,1.610748375107783348e-01,-1.247341618009014386e-01,9.999999999999982236e-01,-8.133579273815163546e-01,4.724839221285189184e-01,-5.475560178024330149e-01,-2.179256635303131462e-01,2.023296707727498256e-01,-8.133579273815163546e-01,9.999999999999982236e-01
9.999999999999982236e-01,-8.012730960323107832e-01,1.514770424554627848e-01,-3.453076457782334185e-01,-5.889339011266419011e-01,4.463611928400544882e-01,-8.012730960323107832e-01,9.999999999999982236e-01,-6.735522957178581918e-03,2.311955897827422668e-01,7.536575590234161348e-01,-5.889339011266454538e-01,1.514770424554627848e-01,-6.735522957178581918e-03,9.999999999999982236e-01,-7.014726444148444706e-01,2.311955897827521755e-01,-3.453076457782430220e-01,-3.453076457782334185e-01,2.311955897827422668e-01,-7.014726444148444706e-01,9.999999999999982236e-01,-6.735522957188516679e-03,1.514770424554702233e-01,-5.889339011266419011e-01,7.536575590234161348e-01,2.311955897827521755e-01,-6.735522957188516679e-03,9.999999999999982236e-01,-8.012730960323151130e-01,4.463611928400544882e-01,-5.889339011266454538e-01,-3.453076457782430220e-01,1.514770424554702233e-01,-8.012730960323151130e-01,9.999999999999982236e-01
9.999999999999971134e-01,-7.693131021390868796e-01,-1.622156543664357575e-02,-3.368501318501394559e-01,-5.822960078673192763e-01,3.880653304555491401e-01,-7.693131021390868796e-01,9.999999999999971134e-01,1.428700622035685430e-01,3.203189735907802094e-01,7.944105299332063774e-01,-5.822960078673258266e-01,-1.622156543664357575e-02,1.428700622035685430e-01,9.999999999999971134e-01,-4.406132571134257492e-01,3.203189735907885916e-01,-3.368501318501512243e-01,-3.368501318501394559e-01,3.203189735907802094e-01,-4.406132571134257492e-01,9.999999999999971134e-01,1.428700622035601331e-01,-1.622156543663454131e-02,-5.822960078673192763e-01,7.944105299332063774e-01,3.203189735907885916e-01,1.428700622035601331e-01,9.999999999999971134e-01,-7.693131021390933189e-01,3.880653304555491401e-01,-5.822960078673258266e-01,-3.368501318501512243e-01,-1.622156543663454131e-02,-7.693131021390933189e-01,9.999999999999971134e-01
9.999999999999967804e-01,-7.590712977387324978e-01,-1.950683556006868324e-01,-1.932485602915492151e-01,-5.640808871184588291e-01,3.894771544711173594e-01,-7.590712977387324978e-01,9.999999999999967804e-01,2.066856602061479531e-01,3.305694933169534000e-01,7.872029994657377960e-01,-5.640808871184631590e-01,-1.950683556006868324e-01,2.066856602061479531e-01,9.999999999999967804e-01,-3.039097937166629904e-01,3.305694933169597838e-01,-1.932485602915580691e-01,-1.932485602915492151e-01,3.305694933169534000e-01,-3.039097937166629904e-01,9.999999999999967804e-01,2.066856602061409032e-01,-1.950683556006776453e-01,-5.640808871184588291e-01,7.872029994657377960e-01,3.305694933169597838e-01,2.066856602061409032e-01,9.999999999999967804e-01,-7.590712977387359395e-01,3.894771544711173594e-01,-5.640808871184631590e-01,-1.932485602915580691e-01,-1.950683556006776453e-01,-7.590712977387359395e-01,9.999999999999967804e-01
9.999999999999982236e-01,-7.782242494247005871e-01,-2.400991420424605505e-01,-2.375086250448182890e-02,-5.859631837964297540e-01,4.302681634802599797e-01,-7.782242494247005871e-01,9.999999999999982236e-01,1.395489829106773272e-01,2.135328026752413288e-01,7.713118078514501486e-01,-5.859631837964289769e-01,-2.400991420424605505e-01,1.395489829106773272e-01,9.999999999999982236e-01,-4.100824629437967994e-01,2.135328026752448261e-01,-2.375086250448454894e-02,-2.375086250448182890e-02,2.135328026752413288e-01,-4.100824629437967994e-01,9.999999999999982236e-01,1.395489829106712210e-01,-2.400991420424550271e-01,-5.859631837964297540e-01,7.713118078514501486e-01,2.135328026752448261e-01,1.395489829106712210e-01,9.999999999999982236e-01,-7.782242494246988107e-01,4.302681634802599797e-01,-5.859631837964289769e-01,-2.375086250448454894e-02,-2.400991420424550271e-01,-7.782242494246988107e-01,9.999999999999982236e-01
1.000000000000001110e+00,-8.087891345726926362e-01,-8.690565486067164391e-02,6.232836540529659158e-02,-6.555061115293326912e-01,5.327102085668566911e-01,-8.087891345726926362e-01,1.000000000000001110e+00,1.792801889588080400e-02,6.095610309020246809e-02,7.906757330363838321e-01,-6.555061115293276952e-01,-8.690565486067164391e-02,1.792801889588080400e-02,1.000000000000001110e+00,-6.488589679911799246e-01,6.095610309020389750e-02,6.232836540529947122e-02,6.232836540529659158e-02,6.095610309020246809e-02,-6.488589679911799246e-01,1.000000000000001110e+00,1.792801889587501696e-02,-8.690565486067029777e-02,-6.555061115293326912e-01,7.906757330363838321e-01,6.095610309020389750e-02,1.792801889587501696e-02,1.000000000000001110e+00,-8.087891345726874182e-01,5.327102085668566911e-01,-6.555061115293276952e-01,6.232836540529947122e-02,-8.690565486067029777e-02,-8.087891345726874182e-01,1.000000000000001110e+00
1.000000000000001776e+00,-8.460404906084435517e-01,7.796817259942019629e-02,-5.865362028090265190e-03,-7.306667439060885449e-01,6.719534852843095374e-01,-8.460404906084435517e-01,1.000000000000001776e+00,-3.847348762414427165e-02,5.805511577384334099e-03,8.330381162345427137e-01,-7.306667439060844371e-01,7.796817259942019629e-02,-3.847348762414427165e-02,1.000000000000001776e+00,-7.785540638334483843e-01,5.805511577385000233e-03,-5.865362028086087108e-03,-5.865362028090265190e-03,5.805511577384334099e-03,-7.785540638334483843e-01,1.000000000000001776e+00,-3.847348762414854600e-02,7.796817259942004363e-02,-7.306667439060885449e-01,8.330381162345427137e-01,5.805511577385000233e-03,-3.847348762414854600e-02,1.000000000000001776e+00,-8.460404906084396659e-01,6.719534852843095374e-01,-7.306667439060844371e-01,-5.865362028086087108e-03,7.796817259942004363e-02,-8.460404906084396659e-01,1.000000000000001776e+00
1.000000000000001554e+00,-8.901980138863827552e-01,6.374380543323045212e-02,-1.137955332142979586e-01,-7.710813662505971999e-01,7.309859289563881424e-01,-8.901980138863827552e-01,1.000000000000001554e+00,6.789108516959643791e-03,6.981728062698079607e-02,8.403571613398342910e-01,-7.710813662505979771e-01,6.374380543323045212e-02,6.789108516959643791e-03,1.000000000000001554e+00,-6.828452740281774069e-01,6.981728062698230874e-02,-1.137955332142989995e-01,-1.137955332142979586e-01,6.981728062698079607e-02,-6.828452740281774069e-01,1.000000000000001554e+00,6.789108516957215178e-03,6.374380543323179826e-02,-7.710813662505971999e-01,8.403571613398342910e-01,6.981728062698230874e-02,6.789108516957215178e-03,1.000000000000001554e+00,-8.901980138863829772e-01,7.309859289563881424e-01,-7.710813662505979771e-01,-1.137955332142989995e-01,6.374380543323179826e-02,-8.901980138863829772e-01,1.000000000000001554e+00
1.000000000000001776e+00,-9.111828907982353343e-01,-5.880534280718016649e-02,-9.038484021528235546e-02,-7.648695336589255156e-01,7.357296994603708118e-01,-9.111828907982353343e-01,1.000000000000001776e+00,6.623281362303146125e-02,1.366305424098384624e-01,8.059406391695147498e-01,-7.648695336589298455e-01,-5.880534280718016649e-02,6.623281362303146125e-02,1.000000000000001776e+00,-5.180683578822316004e-01,1.366305424098400167e-01,-9.038484021528642165e-02,-9.038484021528235546e-02,1.366305424098384624e-01,-5.180683578822316004e-01,1.000000000000001776e+00,6.623281362303129471e-02,-5.880534280717841095e-02,-7.648695336589255156e-01,8.059406391695147498e-01,1.366305424098400167e-01,6.623281362303129471e-02,1.000000000000001776e+00,-9.111828907982383319e-01,7.357296994603708118e-01,-7.648695336589298455e-01,-9.038484021528642165e-02,-5.880534280717841095e-02,-9.111828907982383319e-01,1.000000000000001776e+00
1.000000000000001776e+00,-8.794437682957126912e-01,-1.019166759302141123e-01,5.884512477017184162e-03,-7.300765645352609301e-01,6.773222319693767979e-01,-8.794437682957126912e-01,1.000000000000001776e+00,3.846403086110211644e-02,8.967195586708107125e-02,7.944727343682932430e-01,-7.300765645352637057e-01,-1.019166759302141123e-01,3.846403086110211644e-02,1.000000000000001776e+00,-5.228526048054129571e-01,8.967195586708298638e-02,5.884512477015040044e-03,5.884512477017184162e-03,8.967195586708107125e-02,-5.228526048054129571e-01,1.000000000000001776e+00,3.846403086110120051e-02,-1.019166759302132103e-01,-7.300765645352609301e-01,7.944727343682932430e-01,8.967195586708298638e-02,3.846403086110120051e-02,1.000000000000001776e+00,-8.794437682957132463e-01,6.773222319693767979e-01,-7.300765645352637057e-01,5.884512477015040044e-03,-1.019166759302132103e-01,-8.794437682957132463e-01,1.000000000000001776e+00
1.000000000000003109e+00,-8.396523909894699766e-01,3.097609141571165681e-02,5.508890264035359863e-02,-7.146485587709343612e-01,6.242712679148105792e-01,-8.396523909894699766e-01,1.000000000000003109e+00,-4.597277456478544855e-02,-3.528194021371125477e-04,8.184578109115152600e-01,-7.146485587709324738e-01,3.097609141571165681e-02,-4.597277456478544855e-02,1.000000000000003109e+00,-6.711877059701065740e-01,-3.528194021374360737e-04,5.508890264035816442e-02,5.508890264035359863e-02,-3.528194021371125477e-04,-6.711877059701065740e-01,1.000000000000003109e+00,-4.597277456478625346e-02,3.097609141570841287e-02,-7.146485587709343612e-01,8.184578109115152600e-01,-3.528194021374360737e-04,-4.597277456478625346e-02,1.000000000000003109e+00,-8.396523909894662019e-01,6.242712679148105792e-01,-7.146485587709324738e-01,5.508890264035816442e-02,3.097609141570841287e-02,-8.396523909894662019e-01,1.000000000000003109e+00
1.000000000000003553e+00,-8.805008619113430246e-01,1.172805206918683951e-01,-4.979463278472873178e-03,-7.446806473473319699e-01,7.106075129664204404e-01,-8.805008619113430246e-01,1.000000000000003553e+00,-8.045559736842752829e-02,-1.533233129293209984e-03,8.197773117596007797e-01,-7.446806473473295274e-01,1.172805206918683951e-01,-8.045559736842752829e-02,1.000000000000003553e+00,-7.183137712455242019e-01,-1.533233129293629787e-03,-4.979463278468147791e-03,-4.979463278472873178e-03,-1.533233129293209984e-03,-7.183137712455242019e-01,1.000000000000003553e+00,-8.045559736842830545e-02,1.172805206918651894e-01,-7.446806473473319699e-01,8.197773117596007797e-01,-1.533233129293629787e-03,-8.045559736842830545e-02,1.000000000000003553e+00,-8.805008619113393609e-01,7.106075129664204404e-01,-7.446806473473295274e-01,-4.979463278468147791e-03,1.172805206918651894e-01,-8.805008619113393609e-01,1.000000000000003553e+00
1.000000000000002442e+00,-9.566544211437039147e-01,6.662064991966361316e-02,-3.071164316725241705e-02,-7.907958062293666268e-01,8.038851182149739927e-01,-9.566544211437039147e-01,1.000000000000002442e+00,-5.244629502892047407e-02,4.780573883706884519e-02,7.898910340342745195e-01,-7.907958062293680701e-01,6.662064991966361316e-02,-5.244629502892047407e-02,1.000000000000002442e+00,-6.092426591489213950e-01,4.780573883706960153e-02,-3.071164316725341625e-02,-3.071164316725241705e-02,4.780573883706884519e-02,-6.092426591489213950e-01,1.000000000000002442e+00,-5.244629502892009937e-02,6.662064991966315519e-02,-7.907958062293666268e-01,7.898910340342745195e-01,4.780573883706960153e-02,-5.244629502892009937e-02,1.000000000000002442e+00,-9.566544211437044698e-01,8.038851182149739927e-01,-7.907958062293680701e-01,-3.071164316725341625e-02,6.662064991966315519e-02,-9.566544211437044698e-01,1.000000000000002442e+00
1.000000000000001776e+00,-9.292025616107261188e-01,3.717113933437232731e-02,1.590708421907555126e-02,-7.759105197440412383e-01,7.584862434781284302e-01,-9.292025616107261188e-01,1.000000000000001776e+00,-5.521607489563834514e-02,1.699442434760745080e-02,8.013635388633038037e-01,-7.759105197440437918e-01,3.717113933437232731e-02,-5.521607489563834514e-02,1.000000000000001776e+00,-5.691703320315514292e-01,1.699442434761103127e-02,1.590708421907194303e-02,1.590708421907555126e-02,1.699442434760745080e-02,-5.691703320315514292e-01,1.000000000000001776e+00,-5.521607489563955251e-02,3.717113933437346529e-02,-7.759105197440412383e-01,8.013635388633038037e-01,1.699442434761103127e-02,-5.521607489563955251e-02,1.000000000000001776e+00,-9.292025616107268959e-01,7.584862434781284302e-01,-7.759105197440437918e-01,1.590708421907194303e-02,3.717113933437346529e-02,-9.292025616107268959e-01,1.000000000000001776e+00
1.000000000000002665e+00,-8.580532822892243949e-01,1.220249249010647297e-01,5.679538830279037831e-02,-7.283952987294065595e-01,6.474720840076354511e-01,-8.580532822892243949e-01,1.000000000000002665e+00,-1.099454685114812647e-01,-3.414008142297184079e-02,8.222164061350238917e-01,-7.283952987294050052e-01,1.220249249010647297e-01,-1.099454685114812647e-01,1.000000000000002665e+00,-6.591425114820913533e-01,-3.414008142296658804e-02,5.679538830279020484e-02,5.679538830279037831e-02,-3.414008142297184079e-02,-6.591425114820913533e-01,1.000000000000002665e+00,-1.099454685114859276e-01,1.220249249010645076e-01,-7.283952987294065595e-01,8.222164061350238917e-01,-3.414008142296658804e-02,-1.099454685114859276e-01,1.000000000000002665e+00,-8.580532822892206202e-01,6.474720840076354511e-01,-7.283952987294050052e-01,5.679538830279020484e-02,1.220249249010645076e-01,-8.580532822892206202e-01,1.000000000000002665e+00
1.000000000000003997e+00,-9.165671659103011848e-01,1.485790775960008081e-01,2.013709490588390383e-02,-7.502322631593324465e-01,7.338480891656373739e-01,-9.165671659103011848e-01,1.000000000000003997e+00,-1.395338377718920997e-01,-5.034506584779843696e-03,7.925663255821768782e-01,-7.502322631593303370e-01,1.485790775960008081e-01,-1.395338377718920997e-01,1.000000000000003997e+00,-6.753504772530333211e-01,-5.034506584774438298e-03,2.013709490588300871e-02,2.013709490588390383e-02,-5.034506584779843696e-03,-6.753504772530333211e-01,1.000000000000003997e+00,-1.395338377718970679e-01,1.485790775960017240e-01,-7.502322631593324465e-01,7.925663255821768782e-01,-5.034506584774438298e-03,-1.395338377718970679e-01,1.000000000000003997e+00,-9.165671659102974100e-01,7.338480891656373739e-01,-7.502322631593303370e-01,2.013709490588300871e-02,1.485790775960017240e-01,-9.165671659102974100e-01,1.000000000000003997e+00
1.000000000000004441e+00,-9.785471462911800034e-01,1.345699237965099215e-01,3.911267262164105918e-03,-7.944936287477165626e-01,8.064137884791188204e-01,-9.785471462911800034e-01,1.000000000000004441e+00,-1.304149237428959551e-01,6.731416194009923193e-03,7.910800755845979193e-01,-7.944936287477176728e-01,1.345699237965099215e-01,-1.304149237428959551e-01,1.000000000000004441e+00,-6.080565395020280928e-01,6.731416194018409460e-03,3.911267262155820879e-03,3.911267262164105918e-03,6.731416194009923193e-03,-6.080565395020280928e-01,1.000000000000004441e+00,-1.304149237429022001e-01,1.345699237965158057e-01,-7.944936287477165626e-01,7.910800755845979193e-01,6.731416194018409460e-03,-1.304149237429022001e-01,1.000000000000004441e+00,-9.785471462911803364e-01,8.064137884791188204e-01,-7.944936287477176728e-01,3.911267262155820879e-03,1.345699237965158057e-01,-9.785471462911803364e-01,1.000000000000004441e+00
1.000000000000004219e+00,-8.966730717194587585e-01,1.658009390805340599e-01,4.358893084505170712e-02,-7.504163858273446008e-01,6.805667048211101466e-01,-8.966730717194587585e-01,1.000000000000004219e+00,-1.448573363849378626e-01,-4.364536968085029611e-02,8.215146234163248629e-01,-7.504163858273451559e-01,1.658009390805340599e-01,-1.448573363849378626e-01,1.000000000000004219e+00,-6.266974995084593214e-01,-4.364536968083950613e-02,4.358893084504456006e-02,4.358893084505170712e-02,-4.364536968085029611e-02,-6.266974995084593214e-01,1.000000000000004219e+00,-1.448573363849463558e-01,1.658009390805389172e-01,-7.504163858273446008e-01,8.215146234163248629e-01,-4.364536968083950613e-02,-1.448573363849463558e-01,1.000000000000004219e+00,-8.966730717194574263e-01,6.805667048211101466e-01,-7.504163858273451559e-01,4.358893084504456006e-02,1.658009390805389172e-01,-8.966730717194574263e-01,1.000000000000004219e+00
1.000000000000003553e+00,-8.855520022198775099e-01,1.723059537313530731e-01,5.958055274371994170e-02,-7.250841549846978040e-01,6.790376681847460905e-01,-8.855520022198775099e-01,1.000000000000003553e+00,-1.759179478112929129e-01,-2.882057074544870645e-02,7.966070208370616967e-01,-7.250841549846949174e-01,1.723059537313530731e-01,-1.759179478112929129e-01,1.000000000000003553e+00,-6.588708371650111584e-01,-2.882057074543684094e-02,5.958055274371482080e-02,5.958055274371994170e-02,-2.882057074544870645e-02,-6.588708371650111584e-01,1.000000000000003553e+00,-1.759179478113040429e-01,1.723059537313577083e-01,-7.250841549846978040e-01,7.966070208370616967e-01,-2.882057074543684094e-02,-1.759179478113040429e-01,1.000000000000003553e+00,-8.855520022198725139e-01,6.790376681847460905e-01,-7.250841549846949174e-01,5.958055274371482080e-02,1.723059537313577083e-01,-8.855520022198725139e-01,1.000000000000003553e+00
