9.999999999999988898e-01,-2.778116183059351485e-01,2.064197559435002050e-01,-1.500996281762569107e-01,1.902796250668116473e-01,-9.298090861779845229e-02,9.814885440588456966e-02,3.066817745347455437e-02,-3.774026502801881844e-02,1.563772823923019195e-01,-1.315505542474998124e-01,1.985371112970966689e-01,-1.381728573270842308e-01,1.274616118007906584e-01,-9.474216051225153867e-02,-2.778116183059351485e-01,9.999999999999988898e-01,3.895323706989224644e-02,4.158618469533579831e-01,1.185712612529011556e-01,4.082266082922253458e-01,2.949116599414782214e-01,3.716234528387151181e-01,4.140669595803289083e-01,1.891256117022315497e-01,4.021931183573918545e-01,9.974858619370055579e-02,3.865431109650681596e-01,3.533765006400885200e-01,1.274616101479915942e-01,2.064197559435002050e-01,3.895323706989224644e-02,9.999999999999988898e-01,-2.231894327456039329e-01,4.182562815150265845e-01,-3.922528035835119720e-02,3.163498033987747760e-01,2.115401725767864782e-01,8.245416870975183499e-02,3.880571430281530287e-01,-1.291547312519906732e-01,4.259072729937696811e-01,-1.403378894686047595e-01,3.865431119655893255e-01,-1.381728581455622940e-01,-1.500996281762569107e-01,4.158618469533579831e-01,-2.231894327456039329e-01,9.999999999999988898e-01,-1.881884808143755583e-01,3.968567986401387304e-01,9.106291537751817766e-02,2.274084232012290596e-01,3.321245308544519270e-01,-4.739827288807174632e-02,4.274408796304286495e-01,-1.610589827775024407e-01,4.259072729657736311e-01,9.974858624070589985e-02,1.985371103651112912e-01,1.902796250668116473e-01,1.185712612529011556e-01,4.182562815150265845e-01,-1.881884808143755583e-01,9.999999999999988898e-01,-1.232941985193968804e-01,3.612566243545701772e-01,2.183343007053306362e-01,1.045071388411782792e-01,3.977431161852125197e-01,-1.214923465202501773e-01,4.274408799062298092e-01,-1.291547318726628257e-01,4.021931194562478051e-01,-1.315505556886021610e-01,-9.298090861779845229e-02,4.082266082922253458e-01,-3.922528035835119720e-02,3.968567986401387304e-01,-1.232941985193968804e-01,9.999999999999988898e-01,8.500106974516086211e-04,3.072205880526908683e-01,3.170212177976660661e-01,4.636015281028049717e-02,3.977431155709989508e-01,-4.739827200997663581e-02,3.880571423610600368e-01,1.891256122983164256e-01,1.563772810525393409e-01,9.814885440588456966e-02,2.949116599414782214e-01,3.163498033987747760e-01,9.106291537751817766e-02,3.612566243545701772e-01,8.500106974516086211e-04,9.999999999999988898e-01,9.472640245122387892e-02,2.919738182970099682e-01,3.170212181377473071e-01,1.045071384249900981e-01,3.321245312786106907e-01,8.245416776154781968e-02,4.140669614415272148e-01,-3.774026711359640407e-02,3.066817745347455437e-02,3.716234528387151181e-01,2.115401725767864782e-01,2.274084232012290596e-01,2.183343007053306362e-01,3.072205880526908683e-01,9.472640245122387892e-02,9.999999999999988898e-01,9.472640221097383684e-02,3.072205884289214151e-01,2.183343006387340468e-01,2.274084241882610158e-01,2.115401718837419121e-01,3.716234528502027068e-01,3.066817648449606665e-02,-3.774026502801881844e-02,4.140669595803289083e-01,8.245416870975183499e-02,3.321245308544519270e-01,1.045071388411782792e-01,3.170212177976660661e-01,2.919738182970099682e-01,9.472640221097383684e-02,9.999999999999988898e-01,8.500108390881166986e-04,3.612566233952788641e-01,9.106291608498759405e-02,3.163498024631444805e-01,2.949116617974640864e-01,9.814885282088409157e-02,1.563772823923019195e-01,1.891256117022315497e-01,3.880571430281530287e-01,-4.739827288807174632e-02,3.977431161852125197e-01,4.636015281028049717e-02,3.170212181377473071e-01,3.072205884289214151e-01,8.500108390881166986e-04,9.999999999999988898e-01,-1.232941987043537635e-01,3.968567992684508550e-01,-3.922528083809441457e-02,4.082266075093896607e-01,-9.298090860363401877e-02,-1.315505542474998124e-01,4.021931183573918545e-01,-1.291547312519906732e-01,4.274408796304286495e-01,-1.214923465202501773e-01,3.977431155709989508e-01,1.045071384249900981e-01,2.183343006387340468e-01,3.612566233952788641e-01,-1.232941987043537635e-01,9.999999999999988898e-01,-1.881884802650307109e-01,4.182562811492906985e-01,1.185712622705319547e-01,1.902796244373795576e-01,1.985371112970966689e-01,9.974858619370055579e-02,4.259072729937696811e-01,-1.610589827775024407e-01,4.274408799062298092e-01,-4.739827200997663581e-02,3.321245312786106907e-01,2.274084241882610158e-01,9.106291608498759405e-02,3.968567992684508550e-01,-1.881884802650307109e-01,9.999999999999988898e-01,-2.231894328518750914e-01,4.158618471722896892e-01,-1.500996284119418822e-01,-1.381728573270842308e-01,3.865431109650681596e-01,-1.403378894686047595e-01,4.259072729657736311e-01,-1.291547318726628257e-01,3.880571423610600368e-01,8.245416776154781968e-02,2.115401718837419121e-01,3.163498024631444805e-01,-3.922528083809441457e-02,4.182562811492906985e-01,-2.231894328518750914e-01,9.999999999999988898e-01,3.895323741402666184e-02,2.064197548960512996e-01,1.274616118007906584e-01,3.533765006400885200e-01,3.865431119655893255e-01,9.974858624070589985e-02,4.021931194562478051e-01,1.891256122983164256e-01,4.140669614415272148e-01,3.716234528502027068e-01,2.949116617974640864e-01,4.082266075093896607e-01,1.185712622705319547e-01,4.158618471722896892e-01,3.895323741402666184e-02,9.999999999999988898e-01,-2.778116191260752155e-01,-9.474216051225153867e-02,1.274616101479915942e-01,-1.381728581455622940e-01,1.985371103651112912e-01,-1.315505556886021610e-01,1.563772810525393409e-01,-3.774026711359640407e-02,3.066817648449606665e-02,9.814885282088409157e-02,-9.298090860363401877e-02,1.902796244373795576e-01,-1.500996284119418822e-01,2.064197548960512996e-01,-2.778116191260752155e-01,9.999999999999988898e-01
9.999999999999991118e-01,-3.023841037827640355e-01,1.953944655558675358e-01,-1.641531857173488818e-01,1.764096327199842495e-01,-1.086307353596122904e-01,7.988961364098837170e-02,1.151340568315289969e-02,-5.620193429914353833e-02,1.408335224787308770e-01,-1.450996442185603086e-01,1.836441163919101394e-01,-1.499807660362531547e-01,1.010646960585969839e-01,-9.278153621808397922e-02,-3.023841037827640355e-01,9.999999999999991118e-01,3.248036584767065305e-02,4.160159338018341035e-01,1.147322179109457607e-01,4.046244202305526172e-01,2.934916099020817848e-01,3.702490422797182212e-01,4.127810196747647153e-01,1.854324108752484490e-01,3.981070905561063800e-01,1.002035441449663500e-01,3.790702127346067263e-01,3.699723332686615240e-01,1.010646933827878402e-01,1.953944655558675358e-01,3.248036584767065305e-02,9.999999999999991118e-01,-2.462907542699638297e-01,4.215280011157321871e-01,-6.027820727309450566e-02,3.103540851508798104e-01,1.993625678476495522e-01,6.494690002354198965e-02,3.875176258227360226e-01,-1.512245110291020600e-01,4.279548256351811686e-01,-1.611783449100417376e-01,3.790702150957131478e-01,-1.499807670615211364e-01,-1.641531857173488818e-01,4.160159338018341035e-01,-2.462907542699638297e-01,9.999999999999991118e-01,-2.076131231651762721e-01,3.992698736016672689e-01,7.742233457698290133e-02,2.198072719279261511e-01,3.299371924915583953e-01,-6.593771814646144647e-02,4.316131637169280388e-01,-1.772327762005433682e-01,4.279548251595269859e-01,1.002035430844399055e-01,1.836441150999414129e-01,1.764096327199842495e-01,1.147322179109457607e-01,4.215280011157321871e-01,-2.076131231651762721e-01,9.999999999999991118e-01,-1.468937136710914970e-01,3.601971748253786076e-01,2.064327688200115751e-01,8.804808711238497343e-02,3.995165486040559433e-01,-1.455909977073129857e-01,4.316131645086890289e-01,-1.512245129846082614e-01,3.981070924240035502e-01,-1.450996464864508506e-01,-1.086307353596122904e-01,4.046244202305526172e-01,-6.027820727309450566e-02,3.992698736016672689e-01,-1.468937136710914970e-01,9.999999999999991118e-01,-2.043968350458374994e-02,3.000873744252021691e-01,3.094127888198110465e-01,2.589483129992107419e-02,3.995165472852499899e-01,-6.593771428972913795e-02,3.875176240597898447e-01,1.854324132973956540e-01,1.408335198237312680e-01,7.988961364098837170e-02,2.934916099020817848e-01,3.103540851508798104e-01,7.742233457698290133e-02,3.601971748253786076e-01,-2.043968350458374994e-02,9.999999999999991118e-01,7.559952486721044362e-02,2.831643630213772078e-01,3.094127886521125803e-01,8.804808618401668840e-02,3.299371929269595549e-01,6.494689749728362049e-02,4.127810216249175879e-01,-5.620193747765164782e-02,1.151340568315289969e-02,3.702490422797182212e-01,1.993625678476495522e-01,2.198072719279261511e-01,2.064327688200115751e-01,3.000873744252021691e-01,7.559952486721044362e-02,9.999999999999991118e-01,7.559952572115530289e-02,3.000873730037452169e-01,2.064327697596257116e-01,2.198072731122459600e-01,1.993625671105941355e-01,3.702490420406442939e-01,1.151340464136710665e-02,-5.620193429914353833e-02,4.127810196747647153e-01,6.494690002354198965e-02,3.299371924915583953e-01,8.804808711238497343e-02,3.094127888198110465e-01,2.831643630213772078e-01,7.559952572115530289e-02,9.999999999999991118e-01,-2.043968346795863034e-02,3.601971737755431668e-01,7.742233685904542639e-02,3.103540836792250124e-01,2.934916135153607941e-01,7.988961104921382672e-02,1.408335224787308770e-01,1.854324108752484490e-01,3.875176258227360226e-01,-6.593771814646144647e-02,3.995165486040559433e-01,2.589483129992107419e-02,3.094127886521125803e-01,3.000873730037452169e-01,-2.043968346795863034e-02,9.999999999999991118e-01,-1.468937153827052644e-01,3.992698753073219420e-01,-6.027821019407700320e-02,4.046244188727020075e-01,-1.086307359759704910e-01,-1.450996442185603086e-01,3.981070905561063800e-01,-1.512245110291020600e-01,4.316131637169280388e-01,-1.455909977073129857e-01,3.995165472852499899e-01,8.804808618401668840e-02,2.064327697596257116e-01,3.601971737755431668e-01,-1.468937153827052644e-01,9.999999999999991118e-01,-2.076131210036804287e-01,4.215279998393258731e-01,1.147322195459209992e-01,1.764096311972489506e-01,1.836441163919101394e-01,1.002035441449663500e-01,4.279548256351811686e-01,-1.772327762005433682e-01,4.316131645086890289e-01,-6.593771428972913795e-02,3.299371929269595549e-01,2.198072731122459600e-01,7.742233685904542639e-02,3.992698753073219420e-01,-2.076131210036804287e-01,9.999999999999991118e-01,-2.462907544320492859e-01,4.160159353346808420e-01,-1.641531861274740933e-01,-1.499807660362531547e-01,3.790702127346067263e-01,-1.611783449100417376e-01,4.279548251595269859e-01,-1.512245129846082614e-01,3.875176240597898447e-01,6.494689749728362049e-02,1.993625671105941355e-01,3.103540836792250124e-01,-6.027821019407700320e-02,4.215279998393258731e-01,-2.462907544320492859e-01,9.999999999999991118e-01,3.248036532488279837e-02,1.953944637585368349e-01,1.010646960585969839e-01,3.699723332686615240e-01,3.790702150957131478e-01,1.002035430844399055e-01,3.981070924240035502e-01,1.854324132973956540e-01,4.127810216249175879e-01,3.702490420406442939e-01,2.934916135153607941e-01,4.046244188727020075e-01,1.147322195459209992e-01,4.160159353346808420e-01,3.248036532488279837e-02,9.999999999999991118e-01,-3.023841050972346789e-01,-9.278153621808397922e-02,1.010646933827878402e-01,-1.499807670615211364e-01,1.836441150999414129e-01,-1.450996464864508506e-01,1.408335198237312680e-01,-5.620193747765164782e-02,1.151340464136710665e-02,7.988961104921382672e-02,-1.086307359759704910e-01,1.764096311972489506e-01,-1.641531861274740933e-01,1.953944637585368349e-01,-3.023841050972346789e-01,9.999999999999991118e-01
1.000000000000001776e+00,-3.271039122026986323e-01,1.850243441377654730e-01,-1.777818089908050070e-01,1.629200688701955280e-01,-1.234952180774578773e-01,6.193535524058474406e-02,-7.197899866418420306e-03,-7.412201725058267798e-02,1.256765874407016481e-01,-1.578414400957678931e-01,1.688108430249445624e-01,-1.608008449798720430e-01,7.388212454488322922e-02,-8.867891870323799108e-02,-3.271039122026986323e-01,1.000000000000001776e+00,2.576544225381341424e-02,4.161825202332812279e-01,1.110735747407373131e-01,4.007960669636555506e-01,2.922380030687627972e-01,3.688205584183585906e-01,4.114332120812532745e-01,1.819034886393078865e-01,3.937563739878633395e-01,1.011691875861208678e-01,3.708970037200863268e-01,3.869092272292409262e-01,7.388212206242233959e-02,1.850243441377654730e-01,2.576544225381341424e-02,1.000000000000001776e+00,-2.693981413151543824e-01,4.252367414552691849e-01,-8.129169884410293589e-02,3.045385105052060282e-01,1.871916553740312072e-01,4.742675660297693274e-02,3.873633145218755014e-01,-1.732176583331377362e-01,4.301990130265043177e-01,-1.820885715170094954e-01,3.708970018596369211e-01,-1.608008374418755104e-01,-1.777818089908050070e-01,4.161825202332812279e-01,-2.693981413151543824e-01,1.000000000000001776e+00,-2.264557626249034117e-01,4.020931304703638798e-01,6.424120494826318639e-02,2.126296046445460275e-01,3.281863541419278163e-01,-8.401155072372058774e-02,4.362002370663106698e-01,-1.925887073679483641e-01,4.301990194655045951e-01,1.011692004116076515e-01,1.688108347567131851e-01,1.629200688701955280e-01,1.110735747407373131e-01,4.252367414552691849e-01,-2.264557626249034117e-01,1.000000000000001776e+00,-1.702933877585891542e-01,3.596834330095086685e-01,1.947119807430535698e-01,7.179805308384447360e-02,4.019296358717636131e-01,-1.695344615167942437e-01,4.362002337435263444e-01,-1.732176750825160649e-01,3.937563639700174534e-01,-1.578414349047993770e-01,-1.234952180774578773e-01,4.007960669636555506e-01,-8.129169884410293589e-02,4.020931304703638798e-01,-1.702933877585891542e-01,1.000000000000001776e+00,-4.150368325927544788e-02,2.933530495849098751e-01,3.021176661258245799e-01,5.592591922650110015e-03,4.019296420415378046e-01,-8.401156801768888682e-02,3.873633274728847109e-01,1.819034865211086593e-01,1.256765883293662900e-01,6.193535524058474406e-02,2.922380030687627972e-01,3.045385105052060282e-01,6.424120494826318639e-02,3.596834330095086685e-01,-4.150368325927544788e-02,1.000000000000001776e+00,5.659389301245731918e-02,2.747509322093797390e-01,3.021176648657306618e-01,7.179806912324815382e-02,3.281863514885726141e-01,4.742675793613865265e-02,4.114332138778888925e-01,-7.412201306613534768e-02,-7.197899866418420306e-03,3.688205584183585906e-01,1.871916553740312072e-01,2.126296046445460275e-01,1.947119807430535698e-01,2.933530495849098751e-01,5.659389301245731918e-02,1.000000000000001776e+00,5.659388968991553581e-02,2.933530551333289882e-01,1.947119788879489166e-01,2.126296013828592735e-01,1.871916503747170224e-01,3.688205602794905058e-01,-7.197901248426917531e-03,-7.412201725058267798e-02,4.114332120812532745e-01,4.742675660297693274e-02,3.281863541419278163e-01,7.179805308384447360e-02,3.021176661258245799e-01,2.747509322093797390e-01,5.659388968991553581e-02,1.000000000000001776e+00,-4.150368672309644180e-02,3.596834450419578166e-01,6.424119418244111923e-02,3.045385167443786512e-01,2.922380020797201716e-01,6.193535455208418194e-02,1.256765874407016481e-01,1.819034886393078865e-01,3.873633145218755014e-01,-8.401155072372058774e-02,4.019296358717636131e-01,5.592591922650110015e-03,3.021176648657306618e-01,2.933530551333289882e-01,-4.150368672309644180e-02,1.000000000000001776e+00,-1.702933726297348183e-01,4.020931187580464861e-01,-8.129169492825097376e-02,4.007960594546738364e-01,-1.234952059821153303e-01,-1.578414400957678931e-01,3.937563739878633395e-01,-1.732176583331377362e-01,4.362002370663106698e-01,-1.695344615167942437e-01,4.019296420415378046e-01,7.179806912324815382e-02,1.947119788879489166e-01,3.596834450419578166e-01,-1.702933726297348183e-01,1.000000000000001776e+00,-2.264557600734726783e-01,4.252367491706429692e-01,1.110735913398930019e-01,1.629200610534906613e-01,1.688108430249445624e-01,1.011691875861208678e-01,4.301990130265043177e-01,-1.925887073679483641e-01,4.362002337435263444e-01,-8.401156801768888682e-02,3.281863514885726141e-01,2.126296013828592735e-01,6.424119418244111923e-02,4.020931187580464861e-01,-2.264557600734726783e-01,1.000000000000001776e+00,-2.693981520671157592e-01,4.161825071448735924e-01,-1.777818004009146247e-01,-1.608008449798720430e-01,3.708970037200863268e-01,-1.820885715170094954e-01,4.301990194655045951e-01,-1.732176750825160649e-01,3.873633274728847109e-01,4.742675793613865265e-02,1.871916503747170224e-01,3.045385167443786512e-01,-8.129169492825097376e-02,4.252367491706429692e-01,-2.693981520671157592e-01,1.000000000000001776e+00,2.576544485070274629e-02,1.850243415610799691e-01,7.388212454488322922e-02,3.869092272292409262e-01,3.708970018596369211e-01,1.011692004116076515e-01,3.937563639700174534e-01,1.819034865211086593e-01,4.114332138778888925e-01,3.688205602794905058e-01,2.922380020797201716e-01,4.007960594546738364e-01,1.110735913398930019e-01,4.161825071448735924e-01,2.576544485070274629e-02,1.000000000000001776e+00,-3.271039093940029119e-01,-8.867891870323799108e-02,7.388212206242233959e-02,-1.608008374418755104e-01,1.688108347567131851e-01,-1.578414349047993770e-01,1.256765883293662900e-01,-7.412201306613534768e-02,-7.197901248426917531e-03,6.193535455208418194e-02,-1.234952059821153303e-01,1.629200610534906613e-01,-1.777818004009146247e-01,1.850243415610799691e-01,-3.271039093940029119e-01,1.000000000000001776e+00
1.000000000000003553e+00,-3.518440798123014246e-01,1.754085452839821146e-01,-1.909440790488493578e-01,1.498862673034275228e-01,-1.375052018861245284e-01,4.437771078943930636e-02,-2.535998500731963257e-02,-9.141898170258203060e-02,1.109929854053690462e-01,-1.697144825980879401e-01,1.540819952855407293e-01,-1.704968446738295840e-01,4.601647676369351875e-02,-8.237415821031685015e-02,-3.518440798123014246e-01,1.000000000000003553e+00,1.879833737052134454e-02,4.163514652815839545e-01,1.075654448301113231e-01,3.967340090921387952e-01,2.911293563684382857e-01,3.673140519763880008e-01,4.100141563304061099e-01,1.785113653197204220e-01,3.891304157063073532e-01,1.026209335392212207e-01,3.620097923478248214e-01,4.041272310083406372e-01,4.601647232795666453e-02,1.754085452839821146e-01,1.879833737052134454e-02,1.000000000000003553e+00,-2.924676724040726761e-01,4.293552858963884944e-01,-1.022093972750018065e-01,2.989163983021035365e-01,1.750645676332350520e-01,2.994216321124915786e-02,3.875891410722767660e-01,-1.950793292652707178e-01,4.325930142264801104e-01,-2.029562084800282662e-01,3.620097949149674310e-01,-1.704968418168852362e-01,-1.909440790488493578e-01,4.163514652815839545e-01,-2.924676724040726761e-01,1.000000000000003553e+00,-2.447077899147064584e-01,4.052804638944171312e-01,5.153280211688107681e-02,2.058682396434144135e-01,3.268525126364363875e-01,-1.016039352922742389e-01,4.411529120214051081e-01,-2.071106316333576058e-01,4.325930155000138333e-01,1.026209372294421135e-01,1.540819897531873206e-01,1.498862673034275228e-01,1.075654448301113231e-01,4.293552858963884944e-01,-2.447077899147064584e-01,1.000000000000003553e+00,-1.934762939702791285e-01,3.596920524568998911e-01,1.831830485283395538e-01,5.576347551499509503e-02,4.049631377590181547e-01,-1.933094765023377348e-01,4.411529136844012378e-01,-1.950793416930622914e-01,3.891304153537193389e-01,-1.697144847611782859e-01,-1.375052018861245284e-01,3.967340090921387952e-01,-1.022093972750018065e-01,4.052804638944171312e-01,-1.934762939702791285e-01,1.000000000000003553e+00,-6.230895700197695841e-02,2.870100302597950459e-01,2.951487496595658344e-01,-1.453328217569444664e-02,4.049631388377978869e-01,-1.016039347155732464e-01,3.875891420713915014e-01,1.785113702773516164e-01,1.109929802227071771e-01,4.437771078943930636e-02,2.911293563684382857e-01,2.989163983021035365e-01,5.153280211688107681e-02,3.596920524568998911e-01,-6.230895700197695841e-02,1.000000000000003553e+00,3.774330693081773269e-02,2.667294736658314958e-01,2.951487464701951779e-01,5.576347989536206695e-02,3.268525124140496674e-01,2.994215781476479432e-02,4.100141601476771647e-01,-9.141898604794666816e-02,-2.535998500731963257e-02,3.673140519763880008e-01,1.750645676332350520e-01,2.058682396434144135e-01,1.831830485283395538e-01,2.870100302597950459e-01,3.774330693081773269e-02,1.000000000000003553e+00,3.774330877950092533e-02,2.870100293062602392e-01,1.831830499200302054e-01,2.058682405426066897e-01,1.750645636116958115e-01,3.673140525638335929e-01,-2.535998711212116702e-02,-9.141898170258203060e-02,4.100141563304061099e-01,2.994216321124915786e-02,3.268525126364363875e-01,5.576347551499509503e-02,2.951487496595658344e-01,2.667294736658314958e-01,3.774330877950092533e-02,1.000000000000003553e+00,-6.230895851675335995e-02,3.596920560147636725e-01,5.153280184170381389e-02,2.989163979764204448e-01,2.911293626376911803e-01,4.437770571727047558e-02,1.109929854053690462e-01,1.785113653197204220e-01,3.875891410722767660e-01,-1.016039352922742389e-01,4.049631377590181547e-01,-1.453328217569444664e-02,2.951487464701951779e-01,2.870100293062602392e-01,-6.230895851675335995e-02,1.000000000000003553e+00,-1.934762922305141020e-01,4.052804639065102355e-01,-1.022094036839513304e-01,3.967340055134755961e-01,-1.375052000159727728e-01,-1.697144825980879401e-01,3.891304157063073532e-01,-1.950793292652707178e-01,4.411529120214051081e-01,-1.933094765023377348e-01,4.049631388377978869e-01,5.576347989536206695e-02,1.831830499200302054e-01,3.596920560147636725e-01,-1.934762922305141020e-01,1.000000000000003553e+00,-2.447077841286558197e-01,4.293552844922004508e-01,1.075654547652672571e-01,1.498862594576816365e-01,1.540819952855407293e-01,1.026209335392212207e-01,4.325930142264801104e-01,-2.071106316333576058e-01,4.411529136844012378e-01,-1.016039347155732464e-01,3.268525124140496674e-01,2.058682405426066897e-01,5.153280184170381389e-02,4.052804639065102355e-01,-2.447077841286558197e-01,1.000000000000003553e+00,-2.924676784142978270e-01,4.163514650500674819e-01,-1.909440779391762266e-01,-1.704968446738295840e-01,3.620097923478248214e-01,-2.029562084800282662e-01,4.325930155000138333e-01,-1.950793416930622914e-01,3.875891420713915014e-01,2.994215781476479432e-02,1.750645636116958115e-01,2.989163979764204448e-01,-1.022094036839513304e-01,4.293552844922004508e-01,-2.924676784142978270e-01,1.000000000000003553e+00,1.879833637785359793e-02,1.754085407628746540e-01,4.601647676369351875e-02,4.041272310083406372e-01,3.620097949149674310e-01,1.026209372294421135e-01,3.891304153537193389e-01,1.785113702773516164e-01,4.100141601476771647e-01,3.673140525638335929e-01,2.911293626376911803e-01,3.967340055134755961e-01,1.075654547652672571e-01,4.163514650500674819e-01,1.879833637785359793e-02,1.000000000000003553e+00,-3.518440808831615474e-01,-8.237415821031685015e-02,4.601647232795666453e-02,-1.704968418168852362e-01,1.540819897531873206e-01,-1.697144847611782859e-01,1.109929802227071771e-01,-9.141898604794666816e-02,-2.535998711212116702e-02,4.437770571727047558e-02,-1.375052000159727728e-01,1.498862594576816365e-01,-1.909440779391762266e-01,1.754085407628746540e-01,-3.518440808831615474e-01,1.000000000000003553e+00
9.999999999999975575e-01,-3.764830567710003573e-01,1.666314916629173526e-01,-2.036029814792236214e-01,1.373735651621404985e-01,-1.506016873177083160e-01,2.729875963401686909e-02,-4.287640594167230201e-02,-1.080210396042166898e-01,9.685897558962125453e-02,-1.806657104737993680e-01,1.394965568194326266e-01,-1.789498493115664890e-01,1.758038736532802071e-02,-7.385412735198773615e-02,-3.764830567710003573e-01,9.999999999999975575e-01,1.157400300850657676e-02,4.165118531414447323e-01,1.041807653292637081e-01,3.924329920323029741e-01,2.901441317236533868e-01,3.657063634564189369e-01,4.085150328593568636e-01,1.752299602942471446e-01,3.842218267053493230e-01,1.045310335106775790e-01,3.524045143185402518e-01,4.215580382846939589e-01,1.758038437224064207e-02,1.666314916629173526e-01,1.157400300850657676e-02,9.999999999999975575e-01,-3.154499724533534888e-01,4.338525372934328717e-01,-1.229691471298827027e-01,2.934996208984102517e-01,1.630216518670386527e-01,1.254592726419857113e-02,3.881857818411713623e-01,-2.167469900839805175e-01,4.350868807445634201e-01,-2.236589530640993861e-01,3.524045159592552046e-01,-1.789498469502939226e-01,-2.036029814792236214e-01,4.165118531414447323e-01,-3.154499724533534888e-01,9.999999999999975575e-01,-2.623616728967225753e-01,4.087852964491066055e-01,3.930832247967226689e-02,1.995130987059137162e-01,3.259140470557815306e-01,-1.186999442578911546e-01,4.464205198087918269e-01,-2.207871833698552555e-01,4.350868817870001681e-01,1.045310359608788708e-01,1.394965529652081593e-01,1.373735651621404985e-01,1.041807653292637081e-01,4.338525372934328717e-01,-2.623616728967225753e-01,9.999999999999975575e-01,-2.164214876003232035e-01,3.601968429545686634e-01,1.718601015171002944e-01,3.995267004529401422e-02,4.085948562602054190e-01,-2.168965373197705437e-01,4.464205212493570496e-01,-2.167469992777706356e-01,3.842218264344536838e-01,-1.806657119017720248e-01,-1.506016873177083160e-01,3.924329920323029741e-01,-1.229691471298827027e-01,4.087852964491066055e-01,-2.164214876003232035e-01,9.999999999999975575e-01,-8.282147615260734841e-02,2.810482201885430298e-01,2.885197217574568818e-01,-3.446767771292750387e-02,4.085948571929846618e-01,-1.186999432891125972e-01,3.881857821525415142e-01,1.752299644090883346e-01,9.685897150786541843e-02,2.729875963401686909e-02,2.901441317236533868e-01,2.934996208984102517e-01,3.930832247967226689e-02,3.601968429545686634e-01,-8.282147615260734841e-02,9.999999999999975575e-01,1.908246348964504069e-02,2.590921952591062061e-01,2.885197188626798526e-01,3.995267273351500725e-02,3.259140473933020421e-01,1.254592265852490229e-02,4.085150356889090117e-01,-1.080210432016365657e-01,-4.287640594167230201e-02,3.657063634564189369e-01,1.630216518670386527e-01,1.995130987059137162e-01,1.718601015171002944e-01,2.810482201885430298e-01,1.908246348964504069e-02,9.999999999999975575e-01,1.908246546216940676e-02,2.810482190785451029e-01,1.718601027155864380e-01,1.995130990066541765e-01,1.630216490077991409e-01,3.657063635535966473e-01,-4.287640710583059955e-02,-1.080210396042166898e-01,4.085150328593568636e-01,1.254592726419857113e-02,3.259140470557815306e-01,3.995267004529401422e-02,2.885197217574568818e-01,2.590921952591062061e-01,1.908246546216940676e-02,9.999999999999975575e-01,-8.282147723804920980e-02,3.601968456090873794e-01,3.930832297631658978e-02,2.934996205724033080e-01,2.901441368122854580e-01,2.729875558352086798e-02,9.685897558962125453e-02,1.752299602942471446e-01,3.881857818411713623e-01,-1.186999442578911546e-01,4.085948562602054190e-01,-3.446767771292750387e-02,2.885197188626798526e-01,2.810482190785451029e-01,-8.282147723804920980e-02,9.999999999999975575e-01,-2.164214869890515591e-01,4.087852965629950042e-01,-1.229691523598189368e-01,3.924329894246556538e-01,-1.506016861686742536e-01,-1.806657104737993680e-01,3.842218267053493230e-01,-2.167469900839805175e-01,4.464205198087918269e-01,-2.168965373197705437e-01,4.085948571929846618e-01,3.995267273351500725e-02,1.718601027155864380e-01,3.601968456090873794e-01,-2.164214869890515591e-01,9.999999999999975575e-01,-2.623616682873552985e-01,4.338525357330139665e-01,1.041807724711200367e-01,1.373735590122642236e-01,1.394965568194326266e-01,1.045310335106775790e-01,4.350868807445634201e-01,-2.207871833698552555e-01,4.464205212493570496e-01,-1.186999432891125972e-01,3.259140473933020421e-01,1.995130990066541765e-01,3.930832297631658978e-02,4.087852965629950042e-01,-2.623616682873552985e-01,9.999999999999975575e-01,-3.154499769245998619e-01,4.165118537505571594e-01,-2.036029811377103038e-01,-1.789498493115664890e-01,3.524045143185402518e-01,-2.236589530640993861e-01,4.350868817870001681e-01,-2.167469992777706356e-01,3.881857821525415142e-01,1.254592265852490229e-02,1.630216490077991409e-01,2.934996205724033080e-01,-1.229691523598189368e-01,4.338525357330139665e-01,-3.154499769245998619e-01,9.999999999999975575e-01,1.157400195289700479e-02,1.666314883055546314e-01,1.758038736532802071e-02,4.215580382846939589e-01,3.524045159592552046e-01,1.045310359608788708e-01,3.842218264344536838e-01,1.752299644090883346e-01,4.085150356889090117e-01,3.657063635535966473e-01,2.901441368122854580e-01,3.924329894246556538e-01,1.041807724711200367e-01,4.165118537505571594e-01,1.157400195289700479e-02,9.999999999999975575e-01,-3.764830576433152443e-01,-7.385412735198773615e-02,1.758038437224064207e-02,-1.789498469502939226e-01,1.394965529652081593e-01,-1.806657119017720248e-01,9.685897150786541843e-02,-1.080210432016365657e-01,-4.287640710583059955e-02,2.729875558352086798e-02,-1.506016861686742536e-01,1.373735590122642236e-01,-2.036029811377103038e-01,1.666314883055546314e-01,-3.764830576433152443e-01,9.999999999999975575e-01
9.999999999999944489e-01,-4.009063251125969396e-01,1.587612453391196166e-01,-2.157265973084712130e-01,1.254364994087884544e-01,-1.627370936671788393e-01,1.077000073838165622e-02,-5.966170189465245383e-02,-1.238673242805433394e-01,8.333962271011002843e-02,-1.906521478364754663e-01,1.250884489859587223e-01,-1.860622354120106126e-01,-1.130425426101231909e-02,-6.315237675512330728e-02,-4.009063251125969396e-01,9.999999999999944489e-01,4.092950994697433509e-03,4.166523543339394897e-01,1.008959540456524084e-01,3.878907462782889559e-01,2.892613349531231171e-01,3.639761123846990687e-01,4.069281878709052336e-01,1.720352479403033930e-01,3.790273241339279231e-01,1.068685704695483685e-01,3.420881269998532481e-01,4.391262297859569452e-01,-1.130425631293384067e-02,1.587612453391196166e-01,4.092950994697433509e-03,9.999999999999944489e-01,-3.382914472001141704e-01,4.386936967904556672e-01,-1.435044164509054476e-01,2.882981284594410276e-01,1.511054926634713136e-01,-4.705993422209515942e-03,3.891394873969094004e-01,-2.381519586903153018e-01,4.376287537147511286e-01,-2.440683438900663194e-01,3.420881252911882608e-01,-1.860622294392119680e-01,-2.157265973084712130e-01,4.166523543339394897e-01,-3.382914472001141704e-01,9.999999999999944489e-01,-2.794109871228665498e-01,4.125610010021704133e-01,2.757656411940172247e-02,1.935513192795727533e-01,3.253472646717221473e-01,-1.352857309598946012e-01,4.519512527396679635e-01,-2.336123616727867613e-01,4.376287585876167396e-01,1.068685791953595532e-01,1.250884417975644536e-01,1.254364994087884544e-01,1.008959540456524084e-01,4.386936967904556672e-01,-2.794109871228665498e-01,9.999999999999944489e-01,-2.391037879653433451e-01,3.611689016472378055e-01,1.607600211414239033e-01,2.437619370795108056e-02,4.127991615006894599e-01,-2.402694472403069659e-01,4.519512514418874138e-01,-2.381519737470320086e-01,3.790273167750347616e-01,-1.906521444046748726e-01,-1.627370936671788393e-01,3.878907462782889559e-01,-1.435044164509054476e-01,4.125610010021704133e-01,-2.391037879653433451e-01,9.999999999999944489e-01,-1.030066008714172615e-01,2.754552789066533891e-01,2.822444415228831938e-01,-5.419324082297738432e-02,4.127991660985748101e-01,-1.352857369797872966e-01,3.891394963259892648e-01,1.720352525331280136e-01,8.333961958391629399e-02,1.077000073838165622e-02,2.892613349531231171e-01,2.882981284594410276e-01,2.757656411940172247e-02,3.611689016472378055e-01,-1.030066008714172615e-01,9.999999999999944489e-01,6.465742037757848948e-04,2.518278796514690221e-01,2.822444366247987002e-01,2.437620435295193011e-02,3.253472611807644577e-01,-4.705995319528574750e-03,4.069281876998213643e-01,-1.238673230026302308e-01,-5.966170189465245383e-02,3.639761123846990687e-01,1.511054926634713136e-01,1.935513192795727533e-01,1.607600211414239033e-01,2.754552789066533891e-01,6.465742037757848948e-04,9.999999999999944489e-01,6.465762797281393581e-04,2.754552779341245539e-01,1.607600228409400422e-01,1.935513164169861133e-01,1.511054909275517666e-01,3.639761127014823905e-01,-5.966170216974996804e-02,-1.238673242805433394e-01,4.069281878709052336e-01,-4.705993422209515942e-03,3.253472646717221473e-01,2.437619370795108056e-02,2.822444415228831938e-01,2.518278796514690221e-01,6.465762797281393581e-04,9.999999999999944489e-01,-1.030066045176369072e-01,3.611689115356028768e-01,2.757655891779665913e-02,2.882981337803999233e-01,2.892613386308199863e-01,1.076999815882764486e-02,8.333962271011002843e-02,1.720352479403033930e-01,3.891394873969094004e-01,-1.352857309598946012e-01,4.127991615006894599e-01,-5.419324082297738432e-02,2.822444366247987002e-01,2.754552779341245539e-01,-1.030066045176369072e-01,9.999999999999944489e-01,-2.391037812261475881e-01,4.125609948298601948e-01,-1.435044193045264260e-01,3.878907388236760290e-01,-1.627370866090344093e-01,-1.906521478364754663e-01,3.790273241339279231e-01,-2.381519586903153018e-01,4.519512527396679635e-01,-2.402694472403069659e-01,4.127991660985748101e-01,2.437620435295193011e-02,1.607600228409400422e-01,3.611689115356028768e-01,-2.391037812261475881e-01,9.999999999999944489e-01,-2.794109818294849834e-01,4.386937005288347180e-01,1.008959688191585630e-01,1.254364898929008210e-01,1.250884489859587223e-01,1.068685704695483685e-01,4.376287537147511286e-01,-2.336123616727867613e-01,4.519512514418874138e-01,-1.352857369797872966e-01,3.253472611807644577e-01,1.935513164169861133e-01,2.757655891779665913e-02,4.125609948298601948e-01,-2.794109818294849834e-01,9.999999999999944489e-01,-3.382914545269574136e-01,4.166523462357107910e-01,-2.157265907763179502e-01,-1.860622354120106126e-01,3.420881269998532481e-01,-2.440683438900663194e-01,4.376287585876167396e-01,-2.381519737470320086e-01,3.891394963259892648e-01,-4.705995319528574750e-03,1.511054909275517666e-01,2.882981337803999233e-01,-1.435044193045264260e-01,4.386937005288347180e-01,-3.382914545269574136e-01,9.999999999999944489e-01,4.092953094702811434e-03,1.587612416460813525e-01,-1.130425426101231909e-02,4.391262297859569452e-01,3.420881252911882608e-01,1.068685791953595532e-01,3.790273167750347616e-01,1.720352525331280136e-01,4.069281876998213643e-01,3.639761127014823905e-01,2.892613386308199863e-01,3.878907388236760290e-01,1.008959688191585630e-01,4.166523462357107910e-01,4.092953094702811434e-03,9.999999999999944489e-01,-4.009063238863194156e-01,-6.315237675512330728e-02,-1.130425631293384067e-02,-1.860622294392119680e-01,1.250884417975644536e-01,-1.906521444046748726e-01,8.333961958391629399e-02,-1.238673230026302308e-01,-5.966170216974996804e-02,1.076999815882764486e-02,-1.627370866090344093e-01,1.254364898929008210e-01,-2.157265907763179502e-01,1.587612416460813525e-01,-4.009063238863194156e-01,9.999999999999944489e-01
9.999999999999964473e-01,-4.250078314887371644e-01,1.518483491262876961e-01,-2.272887413999439277e-01,1.141183444764752586e-01,-1.738763396180432741e-01,-5.148433750720146640e-03,-7.564281227268723762e-02,-1.389088285999553474e-01,7.048813513896939886e-02,-1.996424500432177340e-01,1.108872771173995964e-01,-1.917608170051246508e-01,-4.050788927322714755e-02,-5.034686853740304863e-02,-4.250078314887371644e-01,9.999999999999964473e-01,-3.638423921678346495e-03,4.167617544429497722e-01,9.769124837775940151e-02,3.831086118698932008e-01,2.884611801574620271e-01,3.621045795706592241e-01,4.052477175113464725e-01,1.689058665604344645e-01,3.735484948661743076e-01,1.095996255661319668e-01,3.310795400015635326e-01,4.567510681782542270e-01,-4.050788794578716323e-02,1.518483491262876961e-01,-3.638423921678346495e-03,9.999999999999964473e-01,-3.609356089442566917e-01,4.438405869832698913e-01,-1.637460515344734135e-01,2.833195313310334362e-01,1.393597923345072653e-01,-2.175587457604191005e-02,3.904320908643770793e-01,-2.592213978436306299e-01,4.401662340063995371e-01,-2.640538099790294413e-01,3.310795452363315405e-01,-1.917608194861021298e-01,-2.272887413999439277e-01,4.167617544429497722e-01,-3.609356089442566917e-01,9.999999999999964473e-01,-2.958505653778277789e-01,4.165614155236317950e-01,1.634380267143066556e-02,1.879674857601882909e-01,3.251265519686984962e-01,-1.513486646735234531e-01,4.576926839530139346e-01,-2.455859198634580687e-01,4.401662321982980353e-01,1.095996145912606773e-01,1.108872830230869244e-01,1.141183444764752586e-01,9.769124837775940151e-02,4.438405869832698913e-01,-2.958505653778277789e-01,9.999999999999964473e-01,-2.614940799044164765e-01,3.625767002973763198e-01,1.499019138276635743e-01,9.046904856171378295e-03,4.175466452987247612e-01,-2.633956424246401973e-01,4.576926831222962178e-01,-2.592213940930024885e-01,3.735484983316574303e-01,-1.996424500442746108e-01,-1.738763396180432741e-01,3.831086118698932008e-01,-1.637460515344734135e-01,4.165614155236317950e-01,-2.614940799044164765e-01,9.999999999999964473e-01,-1.228295324683652823e-01,2.702168714377289338e-01,2.763362331896882518e-01,-7.369021708240847124e-02,4.175466407149061032e-01,-1.513486508468488423e-01,3.904320841686297894e-01,1.689058685773726365e-01,7.048813485867397310e-02,-5.148433750720146640e-03,2.884611801574620271e-01,2.833195313310334362e-01,1.634380267143066556e-02,3.625767002973763198e-01,-1.228295324683652823e-01,9.999999999999964473e-01,-1.752910063478402281e-02,2.449224040588171003e-01,2.763362341580795634e-01,9.046898971528133382e-03,3.251265509210643501e-01,-2.175587716716942399e-02,4.052477130154777951e-01,-1.389088266816247974e-01,-7.564281227268723762e-02,3.621045795706592241e-01,1.393597923345072653e-01,1.879674857601882909e-01,1.499019138276635743e-01,2.702168714377289338e-01,-1.752910063478402281e-02,9.999999999999964473e-01,-1.752909562227050744e-02,2.702168624980924028e-01,1.499019191354813152e-01,1.879674852520827610e-01,1.393597957929668674e-01,3.621045759445091772e-01,-7.564280815138092751e-02,-1.389088285999553474e-01,4.052477175113464725e-01,-2.175587457604191005e-02,3.251265519686984962e-01,9.046904856171378295e-03,2.763362331896882518e-01,2.449224040588171003e-01,-1.752909562227050744e-02,9.999999999999964473e-01,-1.228295307217800725e-01,3.625766971205166556e-01,1.634381110960513722e-02,2.833195292493145279e-01,2.884611832286181898e-01,-5.148433443077492233e-03,7.048813513896939886e-02,1.689058665604344645e-01,3.904320908643770793e-01,-1.513486646735234531e-01,4.175466452987247612e-01,-7.369021708240847124e-02,2.763362341580795634e-01,2.702168624980924028e-01,-1.228295307217800725e-01,9.999999999999964473e-01,-2.614940879740554891e-01,4.165614185484072807e-01,-1.637460566009760754e-01,3.831086092952065703e-01,-1.738763389159086459e-01,-1.996424500432177340e-01,3.735484948661743076e-01,-2.592213978436306299e-01,4.576926839530139346e-01,-2.633956424246401973e-01,4.175466407149061032e-01,9.046898971528133382e-03,1.499019191354813152e-01,3.625766971205166556e-01,-2.614940879740554891e-01,9.999999999999964473e-01,-2.958505619986123159e-01,4.438405854574784537e-01,9.769124143953679396e-02,1.141183488496910203e-01,1.108872771173995964e-01,1.095996255661319668e-01,4.401662340063995371e-01,-2.455859198634580687e-01,4.576926831222962178e-01,-1.513486508468488423e-01,3.251265509210643501e-01,1.879674852520827610e-01,1.634381110960513722e-02,4.165614185484072807e-01,-2.958505619986123159e-01,9.999999999999964473e-01,-3.609356043913718448e-01,4.167617606173328881e-01,-2.272887422018257664e-01,-1.917608170051246508e-01,3.310795400015635326e-01,-2.640538099790294413e-01,4.401662321982980353e-01,-2.592213940930024885e-01,3.904320841686297894e-01,-2.175587716716942399e-02,1.393597957929668674e-01,2.833195292493145279e-01,-1.637460566009760754e-01,4.438405854574784537e-01,-3.609356043913718448e-01,9.999999999999964473e-01,-3.638430443227307076e-03,1.518483526280022811e-01,-4.050788927322714755e-02,4.567510681782542270e-01,3.310795452363315405e-01,1.095996145912606773e-01,3.735484983316574303e-01,1.689058685773726365e-01,4.052477130154777951e-01,3.621045759445091772e-01,2.884611832286181898e-01,3.831086092952065703e-01,9.769124143953679396e-02,4.167617606173328881e-01,-3.638430443227307076e-03,9.999999999999964473e-01,-4.250078308498699831e-01,-5.034686853740304863e-02,-4.050788794578716323e-02,-1.917608194861021298e-01,1.108872830230869244e-01,-1.996424500442746108e-01,7.048813485867397310e-02,-1.389088266816247974e-01,-7.564280815138092751e-02,-5.148433443077492233e-03,-1.738763389159086459e-01,1.141183488496910203e-01,-2.272887422018257664e-01,1.518483526280022811e-01,-4.250078308498699831e-01,9.999999999999964473e-01
