1.000000000000000000e+00,1.000000000000000000e+00,1.000000000000000000e+00,1.000000000000000000e+00,1.000000000000000000e+00,1.000000000000000000e+00,1.000000000000000000e+00,1.000000000000000000e+00,1.000000000000000000e+00,1.000000000000000000e+00,1.000000000000000000e+00,1.000000000000000000e+00,1.000000000000000000e+00,1.000000000000000000e+00,1.000000000000000000e+00,1.000000000000000000e+00,1.000000000000000000e+00,1.000000000000000000e+00,1.000000000000000000e+00,1.000000000000000000e+00,1.000000000000000000e+00,1.000000000000000000e+00,1.000000000000000000e+00,1.000000000000000000e+00,1.000000000000000000e+00,1.000000000000000000e+00,1.000000000000000000e+00,1.000000000000000000e+00,1.000000000000000000e+00,1.000000000000000000e+00,1.000000000000000000e+00,1.000000000000000000e+00,1.000000000000000000e+00,1.000000000000000000e+00,1.000000000000000000e+00,1.000000000000000000e+00,1.000000000000000000e+00,1.000000000000000000e+00,1.000000000000000000e+00,1.000000000000000000e+00,1.000000000000000000e+00,1.000000000000000000e+00,1.000000000000000000e+00,1.000000000000000000e+00,1.000000000000000000e+00,1.000000000000000000e+00,1.000000000000000000e+00,1.000000000000000000e+00,1.000000000000000000e+00,1.000000000000000000e+00,1.000000000000000000e+00,1.000000000000000000e+00,1.000000000000000000e+00,1.000000000000000000e+00,1.000000000000000000e+00,1.000000000000000000e+00,1.000000000000000000e+00,1.000000000000000000e+00,1.000000000000000000e+00,1.000000000000000000e+00,1.000000000000000000e+00,1.000000000000000000e+00,1.000000000000000000e+00,1.000000000000000000e+00,1.000000000000000000e+00,1.000000000000000000e+00,1.000000000000000000e+00,1.000000000000000000e+00,1.000000000000000000e+00,1.000000000000000000e+00,1.000000000000000000e+00,1.000000000000000000e+00,1.000000000000000000e+00,1.000000000000000000e+00,1.000000000000000000e+00,1.000000000000000000e+00,1.000000000000000000e+00,1.000000000000000000e+00,1.000000000000000000e+00,1.000000000000000000e+00,1.000000000000000000e+00,1.000000000000000000e+00,1.000000000000000000e+00,1.000000000000000000e+00,1.000000000000000000e+00,1.000000000000000000e+00,1.000000000000000000e+00,1.000000000000000000e+00,1.000000000000000000e+00,1.000000000000000000e+00,1.000000000000000000e+00,1.000000000000000000e+00,1.000000000000000000e+00,1.000000000000000000e+00,1.000000000000000000e+00,1.000000000000000000e+00,1.000000000000000000e+00,1.000000000000000000e+00,1.000000000000000000e+00,1.000000000000000000e+00,1.000000000000000000e+00,1.000000000000000000e+00,1.000000000000000000e+00,1.000000000000000000e+00,1.000000000000000000e+00,1.000000000000000000e+00,1.000000000000000000e+00,1.000000000000000000e+00,1.000000000000000000e+00,1.000000000000000000e+00,1.000000000000000000e+00,1.000000000000000000e+00,1.000000000000000000e+00,1.000000000000000000e+00,1.000000000000000000e+00,1.000000000000000000e+00,1.000000000000000000e+00,1.000000000000000000e+00,1.000000000000000000e+00,1.000000000000000000e+00,1.000000000000000000e+00,1.000000000000000000e+00,1.000000000000000000e+00,1.000000000000000000e+00,1.000000000000000000e+00,1.000000000000000000e+00,1.000000000000000000e+00,1.000000000000000000e+00,1.000000000000000000e+00,1.000000000000000000e+00,1.000000000000000000e+00,1.000000000000000000e+00,1.000000000000000000e+00,1.000000000000000000e+00,1.000000000000000000e+00,1.000000000000000000e+00,1.000000000000000000e+00,1.000000000000000000e+00,1.000000000000000000e+00,1.000000000000000000e+00,1.000000000000000000e+00,1.000000000000000000e+00,1.000000000000000000e+00,1.000000000000000000e+00,1.000000000000000000e+00,1.000000000000000000e+00,1.000000000000000000e+00,1.000000000000000000e+00,1.000000000000000000e+00,1.000000000000000000e+00,1.000000000000000000e+00,1.000000000000000000e+00,1.000000000000000000e+00,1.000000000000000000e+00,1.000000000000000000e+00,1.000000000000000000e+00,1.000000000000000000e+00,1.000000000000000000e+00,1.000000000000000000e+00,1.000000000000000000e+00,1.000000000000000000e+00,1.000000000000000000e+00,1.000000000000000000e+00,1.000000000000000000e+00,1.000000000000000000e+00,1.000000000000000000e+00,1.000000000000000000e+00,1.000000000000000000e+00,1.000000000000000000e+00,1.000000000000000000e+00,1.000000000000000000e+00,1.000000000000000000e+00,1.000000000000000000e+00,1.000000000000000000e+00,1.000000000000000000e+00,1.000000000000000000e+00,1.000000000000000000e+00,1.000000000000000000e+00,1.000000000000000000e+00,1.000000000000000000e+00,1.000000000000000000e+00,1.000000000000000000e+00,1.000000000000000000e+00,1.000000000000000000e+00,1.000000000000000000e+00,1.000000000000000000e+00,1.000000000000000000e+00,1.000000000000000000e+00,1.000000000000000000e+00,1.000000000000000000e+00,1.000000000000000000e+00,1.000000000000000000e+00,1.000000000000000000e+00,1.000000000000000000e+00,1.000000000000000000e+00,1.000000000000000000e+00,1.000000000000000000e+00,1.000000000000000000e+00,1.000000000000000000e+00,1.000000000000000000e+00,1.000000000000000000e+00,1.000000000000000000e+00,1.000000000000000000e+00,1.000000000000000000e+00,1.000000000000000000e+00,1.000000000000000000e+00,1.000000000000000000e+00,1.000000000000000000e+00,1.000000000000000000e+00,1.000000000000000000e+00,1.000000000000000000e+00,1.000000000000000000e+00,1.000000000000000000e+00,1.000000000000000000e+00,1.000000000000000000e+00,1.000000000000000000e+00,1.000000000000000000e+00,1.000000000000000000e+00,1.000000000000000000e+00,1.000000000000000000e+00,1.000000000000000000e+00,1.000000000000000000e+00,1.000000000000000000e+00,1.000000000000000000e+00,1.000000000000000000e+00
1.000000000000000666e+00,9.999769930302311316e-01,9.999769931415735114e-01,9.999769931496005348e-01,9.999769931502673348e-01,9.999769931503774689e-01,9.999769931504044473e-01,9.999769931504123299e-01,9.999769931504143283e-01,9.999769931504125520e-01,9.999769931504040033e-01,9.999769931503689202e-01,9.999769931501708564e-01,9.999769931479409735e-01,9.999769931010674684e-01,9.999769930302311316e-01,1.000000000000000666e+00,9.999769930793352968e-01,9.999769931886451912e-01,9.999769931965092340e-01,9.999769931971500547e-01,9.999769931972539716e-01,9.999769931972785075e-01,9.999769931972851689e-01,9.999769931972849468e-01,9.999769931972769532e-01,9.999769931972423143e-01,9.999769931970443615e-01,9.999769931948143675e-01,9.999769931479408624e-01,9.999769931415735114e-01,9.999769930793352968e-01,1.000000000000000666e+00,9.999769930817632435e-01,9.999769931909103793e-01,9.999769931987482208e-01,9.999769931993829353e-01,9.999769931994847427e-01,9.999769931995079464e-01,9.999769931995123873e-01,9.999769931995059480e-01,9.999769931994716421e-01,9.999769931992740224e-01,9.999769931970442505e-01,9.999769931501708564e-01,9.999769931496005348e-01,9.999769931886451912e-01,9.999769930817632435e-01,1.000000000000000666e+00,9.999769930819967234e-01,9.999769931911175469e-01,9.999769931989491711e-01,9.999769931995815542e-01,9.999769931996821404e-01,9.999769931997031236e-01,9.999769931997012362e-01,9.999769931996687067e-01,9.999769931994716421e-01,9.999769931972423143e-01,9.999769931503686982e-01,9.999769931502673348e-01,9.999769931965092340e-01,9.999769931909103793e-01,9.999769930819967234e-01,1.000000000000000666e+00,9.999769930820409103e-01,9.999769931911557386e-01,9.999769931989852534e-01,9.999769931996163042e-01,9.999769931997145589e-01,9.999769931997294359e-01,9.999769931997014583e-01,9.999769931995058370e-01,9.999769931972769532e-01,9.999769931504038922e-01,9.999769931503774689e-01,9.999769931971500547e-01,9.999769931987482208e-01,9.999769931911175469e-01,9.999769930820409103e-01,1.000000000000000666e+00,9.999769930820531227e-01,9.999769931911656196e-01,9.999769931989938021e-01,9.999769931996226324e-01,9.999769931997146699e-01,9.999769931997032346e-01,9.999769931995121652e-01,9.999769931972849468e-01,9.999769931504125520e-01,9.999769931504044473e-01,9.999769931972539716e-01,9.999769931993829353e-01,9.999769931989491711e-01,9.999769931911557386e-01,9.999769930820531227e-01,1.000000000000000666e+00,9.999769930820565644e-01,9.999769931911677290e-01,9.999769931989938021e-01,9.999769931996163042e-01,9.999769931996823624e-01,9.999769931995079464e-01,9.999769931972851689e-01,9.999769931504141063e-01,9.999769931504123299e-01,9.999769931972785075e-01,9.999769931994847427e-01,9.999769931995815542e-01,9.999769931989852534e-01,9.999769931911656196e-01,9.999769930820565644e-01,1.000000000000000666e+00,9.999769930820565644e-01,9.999769931911657306e-01,9.999769931989852534e-01,9.999769931995818872e-01,9.999769931994847427e-01,9.999769931972786186e-01,9.999769931504122189e-01,9.999769931504143283e-01,9.999769931972851689e-01,9.999769931995079464e-01,9.999769931996821404e-01,9.999769931996163042e-01,9.999769931989938021e-01,9.999769931911677290e-01,9.999769930820565644e-01,1.000000000000000666e+00,9.999769930820530117e-01,9.999769931911558496e-01,9.999769931989493932e-01,9.999769931993829353e-01,9.999769931972540826e-01,9.999769931504043363e-01,9.999769931504125520e-01,9.999769931972849468e-01,9.999769931995123873e-01,9.999769931997031236e-01,9.999769931997145589e-01,9.999769931996226324e-01,9.999769931989938021e-01,9.999769931911657306e-01,9.999769930820530117e-01,1.000000000000000666e+00,9.999769930820411323e-01,9.999769931911178800e-01,9.999769931987484428e-01,9.999769931971501657e-01,9.999769931503775799e-01,9.999769931504040033e-01,9.999769931972769532e-01,9.999769931995059480e-01,9.999769931997012362e-01,9.999769931997294359e-01,9.999769931997146699e-01,9.999769931996163042e-01,9.999769931989852534e-01,9.999769931911558496e-01,9.999769930820411323e-01,1.000000000000000666e+00,9.999769930819968344e-01,9.999769931909104903e-01,9.999769931965093450e-01,9.999769931502673348e-01,9.999769931503689202e-01,9.999769931972423143e-01,9.999769931994716421e-01,9.999769931996687067e-01,9.999769931997014583e-01,9.999769931997032346e-01,9.999769931996823624e-01,9.999769931995818872e-01,9.999769931989493932e-01,9.999769931911178800e-01,9.999769930819968344e-01,1.000000000000000666e+00,9.999769930817633545e-01,9.999769931886453023e-01,9.999769931496004238e-01,9.999769931501708564e-01,9.999769931970443615e-01,9.999769931992740224e-01,9.999769931994716421e-01,9.999769931995058370e-01,9.999769931995121652e-01,9.999769931995079464e-01,9.999769931994847427e-01,9.999769931993829353e-01,9.999769931987484428e-01,9.999769931909104903e-01,9.999769930817633545e-01,1.000000000000000666e+00,9.999769930793351858e-01,9.999769931415734003e-01,9.999769931479409735e-01,9.999769931948143675e-01,9.999769931970442505e-01,9.999769931972423143e-01,9.999769931972769532e-01,9.999769931972849468e-01,9.999769931972851689e-01,9.999769931972786186e-01,9.999769931972540826e-01,9.999769931971501657e-01,9.999769931965093450e-01,9.999769931886453023e-01,9.999769930793351858e-01,1.000000000000000666e+00,9.999769930302310206e-01,9.999769931010674684e-01,9.999769931479408624e-01,9.999769931501708564e-01,9.999769931503686982e-01,9.999769931504038922e-01,9.999769931504125520e-01,9.999769931504141063e-01,9.999769931504122189e-01,9.999769931504043363e-01,9.999769931503775799e-01,9.999769931502673348e-01,9.999769931496004238e-01,9.999769931415734003e-01,9.999769930302310206e-01,1.000000000000000666e+00
1.000000000000000666e+00,9.999075890587859616e-01,9.999075908675986168e-01,9.999075909982372279e-01,9.999075910092601882e-01,9.999075910111113741e-01,9.999075910115657884e-01,9.999075910116993482e-01,9.999075910117245503e-01,9.999075910116710375e-01,9.999075910114505472e-01,9.999075910105711396e-01,9.999075910056068883e-01,9.999075909498162940e-01,9.999075893774685975e-01,9.999075890587859616e-01,1.000000000000000666e+00,9.999075906869947516e-01,9.999075924449174479e-01,9.999075925714693280e-01,9.999075925818372568e-01,9.999075925835305689e-01,9.999075925839310264e-01,9.999075925840307244e-01,9.999075925840019696e-01,9.999075925837909162e-01,9.999075925829156164e-01,9.999075925779532525e-01,9.999075925221635464e-01,9.999075909498161829e-01,9.999075908675986168e-01,9.999075906869947516e-01,1.000000000000000666e+00,9.999075907477552594e-01,9.999075925015923350e-01,9.999075926274897386e-01,9.999075926377000156e-01,9.999075926393394820e-01,9.999075926397060776e-01,9.999075926397517078e-01,9.999075926395654124e-01,9.999075926386996604e-01,9.999075926337411824e-01,9.999075925779535856e-01,9.999075910056071104e-01,9.999075909982372279e-01,9.999075924449174479e-01,9.999075907477552594e-01,1.000000000000000666e+00,9.999075907536052465e-01,9.999075925067871795e-01,9.999075926325268204e-01,9.999075926426831407e-01,9.999075926442885232e-01,9.999075926446011620e-01,9.999075926444892515e-01,9.999075926436482575e-01,9.999075926386993274e-01,9.999075925829156164e-01,9.999075910105710285e-01,9.999075910092601882e-01,9.999075925714693280e-01,9.999075925015923350e-01,9.999075907536052465e-01,1.000000000000000666e+00,9.999075907547170239e-01,9.999075925077414162e-01,9.999075926334272113e-01,9.999075926435495587e-01,9.999075926451010954e-01,9.999075926452561935e-01,9.999075926444894735e-01,9.999075926395653013e-01,9.999075925837910273e-01,9.999075910114505472e-01,9.999075910111113741e-01,9.999075925818372568e-01,9.999075926274897386e-01,9.999075925067871795e-01,9.999075907547170239e-01,1.000000000000000666e+00,9.999075907550162290e-01,9.999075925079867755e-01,9.999075926336385978e-01,9.999075926437068773e-01,9.999075926451009844e-01,9.999075926446013840e-01,9.999075926397514857e-01,9.999075925840020806e-01,9.999075910116710375e-01,9.999075910115657884e-01,9.999075925835305689e-01,9.999075926377000156e-01,9.999075926325268204e-01,9.999075925077414162e-01,9.999075907550162290e-01,1.000000000000000666e+00,9.999075907551042697e-01,9.999075925080408433e-01,9.999075926336385978e-01,9.999075926435494477e-01,9.999075926442887452e-01,9.999075926397058556e-01,9.999075925840306134e-01,9.999075910117244392e-01,9.999075910116993482e-01,9.999075925839310264e-01,9.999075926393394820e-01,9.999075926426831407e-01,9.999075926334272113e-01,9.999075925079867755e-01,9.999075907551042697e-01,1.000000000000000666e+00,9.999075907551042697e-01,9.999075925079867755e-01,9.999075926334271003e-01,9.999075926426832517e-01,9.999075926393393710e-01,9.999075925839310264e-01,9.999075910116992372e-01,9.999075910117245503e-01,9.999075925840307244e-01,9.999075926397060776e-01,9.999075926442885232e-01,9.999075926435495587e-01,9.999075926336385978e-01,9.999075925080408433e-01,9.999075907551042697e-01,1.000000000000000666e+00,9.999075907550163400e-01,9.999075925077414162e-01,9.999075926325269315e-01,9.999075926376999046e-01,9.999075925835304579e-01,9.999075910115656773e-01,9.999075910116710375e-01,9.999075925840019696e-01,9.999075926397517078e-01,9.999075926446011620e-01,9.999075926451010954e-01,9.999075926437068773e-01,9.999075926336385978e-01,9.999075925079867755e-01,9.999075907550163400e-01,1.000000000000000666e+00,9.999075907547169129e-01,9.999075925067871795e-01,9.999075926274896275e-01,9.999075925818371458e-01,9.999075910111112631e-01,9.999075910114505472e-01,9.999075925837909162e-01,9.999075926395654124e-01,9.999075926444892515e-01,9.999075926452561935e-01,9.999075926451009844e-01,9.999075926435494477e-01,9.999075926334271003e-01,9.999075925077414162e-01,9.999075907547169129e-01,1.000000000000000666e+00,9.999075907536052465e-01,9.999075925015924460e-01,9.999075925714693280e-01,9.999075910092601882e-01,9.999075910105711396e-01,9.999075925829156164e-01,9.999075926386996604e-01,9.999075926436482575e-01,9.999075926444894735e-01,9.999075926446013840e-01,9.999075926442887452e-01,9.999075926426832517e-01,9.999075926325269315e-01,9.999075925067871795e-01,9.999075907536052465e-01,1.000000000000000666e+00,9.999075907477553704e-01,9.999075924449173369e-01,9.999075909982373389e-01,9.999075910056068883e-01,9.999075925779532525e-01,9.999075926337411824e-01,9.999075926386993274e-01,9.999075926395653013e-01,9.999075926397514857e-01,9.999075926397058556e-01,9.999075926393393710e-01,9.999075926376999046e-01,9.999075926274896275e-01,9.999075925015924460e-01,9.999075907477553704e-01,1.000000000000000666e+00,9.999075906869946406e-01,9.999075908675986168e-01,9.999075909498162940e-01,9.999075925221635464e-01,9.999075925779535856e-01,9.999075925829156164e-01,9.999075925837910273e-01,9.999075925840020806e-01,9.999075925840306134e-01,9.999075925839310264e-01,9.999075925835304579e-01,9.999075925818371458e-01,9.999075925714693280e-01,9.999075924449173369e-01,9.999075906869946406e-01,1.000000000000000666e+00,9.999075890587861837e-01,9.999075893774685975e-01,9.999075909498161829e-01,9.999075910056071104e-01,9.999075910105710285e-01,9.999075910114505472e-01,9.999075910116710375e-01,9.999075910117244392e-01,9.999075910116992372e-01,9.999075910115656773e-01,9.999075910111112631e-01,9.999075910092601882e-01,9.999075909982373389e-01,9.999075908675986168e-01,9.999075890587861837e-01,1.000000000000000666e+00
1.000000000000004219e+00,9.997932522123866850e-01,9.997932612670358266e-01,9.997932619184689562e-01,9.997932619741491944e-01,9.997932619835705470e-01,9.997932619858960201e-01,9.997932619865763648e-01,9.997932619866883863e-01,9.997932619863635351e-01,9.997932619850764535e-01,9.997932619799686504e-01,9.997932619511602503e-01,9.997932616277238616e-01,9.997932525158692574e-01,9.997932522123866850e-01,1.000000000000004219e+00,9.997932616485913915e-01,9.997932704077681088e-01,9.997932710354593411e-01,9.997932710873349560e-01,9.997932710958405966e-01,9.997932710978529869e-01,9.997932710983358229e-01,9.997932710981346505e-01,9.997932710968948644e-01,9.997932710918070454e-01,9.997932710630079711e-01,9.997932707395762453e-01,9.997932616277239726e-01,9.997932612670358266e-01,9.997932616485913915e-01,1.000000000000004219e+00,9.997932620008865845e-01,9.997932707363395011e-01,9.997932713602283306e-01,9.997932714111888997e-01,9.997932714193814574e-01,9.997932714211964500e-01,9.997932714213660921e-01,9.997932714202499849e-01,9.997932714152096834e-01,9.997932713864307042e-01,9.997932710630081932e-01,9.997932619511603614e-01,9.997932619184689562e-01,9.997932704077681088e-01,9.997932620008865845e-01,1.000000000000004219e+00,9.997932620348357613e-01,9.997932707664850538e-01,9.997932713894588375e-01,9.997932714401062126e-01,9.997932714481013727e-01,9.997932714496032824e-01,9.997932714488579897e-01,9.997932714439413671e-01,9.997932714152095723e-01,9.997932710918070454e-01,9.997932619799686504e-01,9.997932619741491944e-01,9.997932710354593411e-01,9.997932707363395011e-01,9.997932620348357613e-01,1.000000000000004219e+00,9.997932620412905980e-01,9.997932707720241785e-01,9.997932713946847683e-01,9.997932714451348568e-01,9.997932714528168230e-01,9.997932714534036869e-01,9.997932714488578787e-01,9.997932714202499849e-01,9.997932710968946424e-01,9.997932619850763425e-01,9.997932619835705470e-01,9.997932710873349560e-01,9.997932713602283306e-01,9.997932707664850538e-01,9.997932620412905980e-01,1.000000000000004219e+00,9.997932620430293182e-01,9.997932707734497049e-01,9.997932713959130080e-01,9.997932714460499026e-01,9.997932714528168230e-01,9.997932714496031714e-01,9.997932714213660921e-01,9.997932710981346505e-01,9.997932619863635351e-01,9.997932619858960201e-01,9.997932710958405966e-01,9.997932714111888997e-01,9.997932713894588375e-01,9.997932707720241785e-01,9.997932620430293182e-01,1.000000000000004219e+00,9.997932620435400208e-01,9.997932707737628988e-01,9.997932713959130080e-01,9.997932714451348568e-01,9.997932714481014838e-01,9.997932714211963390e-01,9.997932710983357119e-01,9.997932619866883863e-01,9.997932619865763648e-01,9.997932710978529869e-01,9.997932714193814574e-01,9.997932714401062126e-01,9.997932713946847683e-01,9.997932707734497049e-01,9.997932620435400208e-01,1.000000000000004219e+00,9.997932620435400208e-01,9.997932707734498159e-01,9.997932713946848793e-01,9.997932714401063237e-01,9.997932714193813464e-01,9.997932710978527648e-01,9.997932619865763648e-01,9.997932619866883863e-01,9.997932710983358229e-01,9.997932714211964500e-01,9.997932714481013727e-01,9.997932714451348568e-01,9.997932713959130080e-01,9.997932707737628988e-01,9.997932620435400208e-01,1.000000000000004219e+00,9.997932620430294293e-01,9.997932707720242895e-01,9.997932713894588375e-01,9.997932714111887886e-01,9.997932710958404856e-01,9.997932619858960201e-01,9.997932619863635351e-01,9.997932710981346505e-01,9.997932714213660921e-01,9.997932714496032824e-01,9.997932714528168230e-01,9.997932714460499026e-01,9.997932713959130080e-01,9.997932707734498159e-01,9.997932620430294293e-01,1.000000000000004219e+00,9.997932620412905980e-01,9.997932707664851648e-01,9.997932713602283306e-01,9.997932710873347339e-01,9.997932619835704360e-01,9.997932619850764535e-01,9.997932710968948644e-01,9.997932714202499849e-01,9.997932714488579897e-01,9.997932714534036869e-01,9.997932714528168230e-01,9.997932714451348568e-01,9.997932713946848793e-01,9.997932707720242895e-01,9.997932620412905980e-01,1.000000000000004219e+00,9.997932620348359833e-01,9.997932707363393900e-01,9.997932710354592301e-01,9.997932619741491944e-01,9.997932619799686504e-01,9.997932710918070454e-01,9.997932714152096834e-01,9.997932714439413671e-01,9.997932714488578787e-01,9.997932714496031714e-01,9.997932714481014838e-01,9.997932714401063237e-01,9.997932713894588375e-01,9.997932707664851648e-01,9.997932620348359833e-01,1.000000000000004219e+00,9.997932620008865845e-01,9.997932704077681088e-01,9.997932619184689562e-01,9.997932619511602503e-01,9.997932710630079711e-01,9.997932713864307042e-01,9.997932714152095723e-01,9.997932714202499849e-01,9.997932714213660921e-01,9.997932714211963390e-01,9.997932714193813464e-01,9.997932714111887886e-01,9.997932713602283306e-01,9.997932707363393900e-01,9.997932620008865845e-01,1.000000000000004219e+00,9.997932616485913915e-01,9.997932612670357155e-01,9.997932616277238616e-01,9.997932707395762453e-01,9.997932710630081932e-01,9.997932710918070454e-01,9.997932710968946424e-01,9.997932710981346505e-01,9.997932710983357119e-01,9.997932710978527648e-01,9.997932710958404856e-01,9.997932710873347339e-01,9.997932710354592301e-01,9.997932704077681088e-01,9.997932616485913915e-01,1.000000000000004219e+00,9.997932522123866850e-01,9.997932525158692574e-01,9.997932616277239726e-01,9.997932619511603614e-01,9.997932619799686504e-01,9.997932619850763425e-01,9.997932619863635351e-01,9.997932619866883863e-01,9.997932619865763648e-01,9.997932619858960201e-01,9.997932619835704360e-01,9.997932619741491944e-01,9.997932619184689562e-01,9.997932612670357155e-01,9.997932522123866850e-01,1.000000000000004219e+00
1.000000000000006217e+00,9.996305135858278845e-01,9.996305422218123571e-01,9.996305442486796977e-01,9.996305444237191251e-01,9.996305444533057916e-01,9.996305444605995127e-01,9.996305444627366921e-01,9.996305444631057302e-01,9.996305444621395031e-01,9.996305444582664901e-01,9.996305444428805753e-01,9.996305443561303017e-01,9.996305433822809672e-01,9.996305151475342043e-01,9.996305135858278845e-01,1.000000000000006217e+00,9.996305427996178272e-01,9.996305705436948630e-01,9.996305724989157371e-01,9.996305726624814536e-01,9.996305726893071064e-01,9.996305726956559168e-01,9.996305726971977945e-01,9.996305726966229210e-01,9.996305726928994551e-01,9.996305726775768230e-01,9.996305725908558593e-01,9.996305716170208466e-01,9.996305433822809672e-01,9.996305422218123571e-01,9.996305427996178272e-01,1.000000000000006217e+00,9.996305438604619065e-01,9.996305715330224828e-01,9.996305734767829687e-01,9.996305736375906692e-01,9.996305736634720773e-01,9.996305736692259192e-01,9.996305736698239963e-01,9.996305736664918840e-01,9.996305736513187989e-01,9.996305735646614510e-01,9.996305725908558593e-01,9.996305443561303017e-01,9.996305442486796977e-01,9.996305705436948630e-01,9.996305438604619065e-01,1.000000000000006217e+00,9.996305439627114486e-01,9.996305716238049754e-01,9.996305735648073343e-01,9.996305737246712342e-01,9.996305737499576738e-01,9.996305737547676040e-01,9.996305737526085533e-01,9.996305737378269329e-01,9.996305736513189100e-01,9.996305726775768230e-01,9.996305444428805753e-01,9.996305444237191251e-01,9.996305724989157371e-01,9.996305715330224828e-01,9.996305439627114486e-01,1.000000000000006217e+00,9.996305439821616678e-01,9.996305716404942920e-01,9.996305735805526282e-01,9.996305737398214486e-01,9.996305737641640876e-01,9.996305737662170010e-01,9.996305737526082202e-01,9.996305736664918840e-01,9.996305726928993440e-01,9.996305444582664901e-01,9.996305444533057916e-01,9.996305726624814536e-01,9.996305734767829687e-01,9.996305716238049754e-01,9.996305439821616678e-01,1.000000000000006217e+00,9.996305439874021426e-01,9.996305716447901890e-01,9.996305735842535567e-01,9.996305737425786875e-01,9.996305737641641986e-01,9.996305737547673820e-01,9.996305736698239963e-01,9.996305726966228100e-01,9.996305444621395031e-01,9.996305444605995127e-01,9.996305726893071064e-01,9.996305736375906692e-01,9.996305735648073343e-01,9.996305716404942920e-01,9.996305439874021426e-01,1.000000000000006217e+00,9.996305439889413558e-01,9.996305716457342116e-01,9.996305735842537787e-01,9.996305737398216706e-01,9.996305737499575628e-01,9.996305736692259192e-01,9.996305726971976835e-01,9.996305444631058412e-01,9.996305444627366921e-01,9.996305726956559168e-01,9.996305736634720773e-01,9.996305737246712342e-01,9.996305735805526282e-01,9.996305716447901890e-01,9.996305439889413558e-01,1.000000000000006217e+00,9.996305439889413558e-01,9.996305716447904111e-01,9.996305735805528503e-01,9.996305737246711232e-01,9.996305736634720773e-01,9.996305726956558058e-01,9.996305444627368031e-01,9.996305444631057302e-01,9.996305726971977945e-01,9.996305736692259192e-01,9.996305737499576738e-01,9.996305737398214486e-01,9.996305735842535567e-01,9.996305716457342116e-01,9.996305439889413558e-01,1.000000000000006217e+00,9.996305439874022536e-01,9.996305716404944031e-01,9.996305735648072233e-01,9.996305736375906692e-01,9.996305726893069954e-01,9.996305444605996238e-01,9.996305444621395031e-01,9.996305726966229210e-01,9.996305736698239963e-01,9.996305737547676040e-01,9.996305737641640876e-01,9.996305737425786875e-01,9.996305735842537787e-01,9.996305716447904111e-01,9.996305439874022536e-01,1.000000000000006217e+00,9.996305439821616678e-01,9.996305716238048644e-01,9.996305734767828577e-01,9.996305726624815646e-01,9.996305444533060136e-01,9.996305444582664901e-01,9.996305726928994551e-01,9.996305736664918840e-01,9.996305737526085533e-01,9.996305737662170010e-01,9.996305737641641986e-01,9.996305737398216706e-01,9.996305735805528503e-01,9.996305716404944031e-01,9.996305439821616678e-01,1.000000000000006217e+00,9.996305439627115597e-01,9.996305715330224828e-01,9.996305724989159591e-01,9.996305444237193472e-01,9.996305444428805753e-01,9.996305726775768230e-01,9.996305736513187989e-01,9.996305737378269329e-01,9.996305737526082202e-01,9.996305737547673820e-01,9.996305737499575628e-01,9.996305737246711232e-01,9.996305735648072233e-01,9.996305716238048644e-01,9.996305439627115597e-01,1.000000000000006217e+00,9.996305438604620175e-01,9.996305705436948630e-01,9.996305442486795867e-01,9.996305443561303017e-01,9.996305725908558593e-01,9.996305735646614510e-01,9.996305736513189100e-01,9.996305736664918840e-01,9.996305736698239963e-01,9.996305736692259192e-01,9.996305736634720773e-01,9.996305736375906692e-01,9.996305734767828577e-01,9.996305715330224828e-01,9.996305438604620175e-01,1.000000000000006217e+00,9.996305427996179382e-01,9.996305422218123571e-01,9.996305433822809672e-01,9.996305716170208466e-01,9.996305725908558593e-01,9.996305726775768230e-01,9.996305726928993440e-01,9.996305726966228100e-01,9.996305726971976835e-01,9.996305726956558058e-01,9.996305726893069954e-01,9.996305726624815646e-01,9.996305724989159591e-01,9.996305705436948630e-01,9.996305427996179382e-01,1.000000000000006217e+00,9.996305135858278845e-01,9.996305151475342043e-01,9.996305433822809672e-01,9.996305443561303017e-01,9.996305444428805753e-01,9.996305444582664901e-01,9.996305444621395031e-01,9.996305444631058412e-01,9.996305444627368031e-01,9.996305444605996238e-01,9.996305444533060136e-01,9.996305444237193472e-01,9.996305442486795867e-01,9.996305422218123571e-01,9.996305135858278845e-01,1.000000000000006217e+00
1.000000000000005107e+00,9.994260525608626988e-01,9.994261212921295989e-01,9.994261260919964363e-01,9.994261265139658956e-01,9.994261265857423693e-01,9.994261266035091573e-01,9.994261266086998940e-01,9.994261266095102458e-01,9.994261266068898975e-01,9.994261265966297714e-01,9.994261265559928331e-01,9.994261263271343454e-01,9.994261237604449288e-01,9.994260504126115663e-01,9.994260525608626988e-01,1.000000000000005107e+00,9.994261284968826153e-01,9.994261948704463716e-01,9.994261994807768223e-01,9.994261998724147666e-01,9.994261999368923011e-01,9.994261999521617534e-01,9.994261999557794152e-01,9.994261999540960950e-01,9.994261999441939048e-01,9.994261999037088451e-01,9.994261996749206345e-01,9.994261971082655238e-01,9.994261237604450399e-01,9.994261212921295989e-01,9.994261284968826153e-01,1.000000000000005107e+00,9.994261312933724328e-01,9.994261974780198621e-01,9.994262020580749750e-01,9.994262024424280799e-01,9.994262025044117204e-01,9.994262025181092080e-01,9.994262025192336418e-01,9.994262025102688130e-01,9.994262024701418001e-01,9.994262022415054680e-01,9.994261996749205235e-01,9.994261263271345674e-01,9.994261260919964363e-01,9.994261948704463716e-01,9.994261312933724328e-01,1.000000000000005107e+00,9.994261315631737252e-01,9.994261977175220579e-01,9.994262022902911102e-01,9.994262026721507652e-01,9.994262027325626629e-01,9.994262027437670337e-01,9.994262027376099589e-01,9.994262026984200853e-01,9.994262024701418001e-01,9.994261999037089561e-01,9.994261265559930552e-01,9.994261265139658956e-01,9.994261994807768223e-01,9.994261974780198621e-01,9.994261315631737252e-01,1.000000000000005107e+00,9.994261316145348628e-01,9.994261977615874759e-01,9.994262023318626342e-01,9.994262027121504355e-01,9.994262027700692164e-01,9.994262027739919674e-01,9.994262027376098478e-01,9.994262025102687019e-01,9.994261999441940159e-01,9.994261265966299934e-01,9.994261265857423693e-01,9.994261998724147666e-01,9.994262020580749750e-01,9.994261977175220579e-01,9.994261316145348628e-01,1.000000000000005107e+00,9.994261316283782337e-01,9.994261977729339552e-01,9.994262023416370377e-01,9.994262027194317222e-01,9.994262027700687723e-01,9.994262027437669227e-01,9.994262025192336418e-01,9.994261999540959840e-01,9.994261266068898975e-01,9.994261266035091573e-01,9.994261999368923011e-01,9.994262024424280799e-01,9.994262022902911102e-01,9.994261977615874759e-01,9.994261316283782337e-01,1.000000000000005107e+00,9.994261316324443145e-01,9.994261977754270720e-01,9.994262023416370377e-01,9.994262027121501024e-01,9.994262027325624409e-01,9.994262025181089859e-01,9.994261999557794152e-01,9.994261266095103569e-01,9.994261266086998940e-01,9.994261999521617534e-01,9.994262025044117204e-01,9.994262026721507652e-01,9.994262023318626342e-01,9.994261977729339552e-01,9.994261316324443145e-01,1.000000000000005107e+00,9.994261316324443145e-01,9.994261977729339552e-01,9.994262023318623012e-01,9.994262026721505432e-01,9.994262025044114983e-01,9.994261999521617534e-01,9.994261266087000051e-01,9.994261266095102458e-01,9.994261999557794152e-01,9.994262025181092080e-01,9.994262027325626629e-01,9.994262027121504355e-01,9.994262023416370377e-01,9.994261977754270720e-01,9.994261316324443145e-01,1.000000000000005107e+00,9.994261316283782337e-01,9.994261977615872539e-01,9.994262022902909992e-01,9.994262024424278579e-01,9.994261999368923011e-01,9.994261266035091573e-01,9.994261266068898975e-01,9.994261999540960950e-01,9.994262025192336418e-01,9.994262027437670337e-01,9.994262027700692164e-01,9.994262027194317222e-01,9.994262023416370377e-01,9.994261977729339552e-01,9.994261316283782337e-01,1.000000000000005107e+00,9.994261316145346408e-01,9.994261977175218359e-01,9.994262020580748640e-01,9.994261998724149887e-01,9.994261265857423693e-01,9.994261265966297714e-01,9.994261999441939048e-01,9.994262025102688130e-01,9.994262027376099589e-01,9.994262027739919674e-01,9.994262027700687723e-01,9.994262027121501024e-01,9.994262023318623012e-01,9.994261977615872539e-01,9.994261316145346408e-01,1.000000000000005107e+00,9.994261315631735032e-01,9.994261974780196400e-01,9.994261994807767113e-01,9.994261265139657846e-01,9.994261265559928331e-01,9.994261999037088451e-01,9.994262024701418001e-01,9.994262026984200853e-01,9.994262027376098478e-01,9.994262027437669227e-01,9.994262027325624409e-01,9.994262026721505432e-01,9.994262022902909992e-01,9.994261977175218359e-01,9.994261315631735032e-01,1.000000000000005107e+00,9.994261312933720998e-01,9.994261948704461496e-01,9.994261260919964363e-01,9.994261263271343454e-01,9.994261996749206345e-01,9.994262022415054680e-01,9.994262024701418001e-01,9.994262025102687019e-01,9.994262025192336418e-01,9.994262025181089859e-01,9.994262025044114983e-01,9.994262024424278579e-01,9.994262020580748640e-01,9.994261974780196400e-01,9.994261312933720998e-01,1.000000000000005107e+00,9.994261284968823933e-01,9.994261212921294879e-01,9.994261237604449288e-01,9.994261971082655238e-01,9.994261996749205235e-01,9.994261999037089561e-01,9.994261999441940159e-01,9.994261999540959840e-01,9.994261999557794152e-01,9.994261999521617534e-01,9.994261999368923011e-01,9.994261998724149887e-01,9.994261994807767113e-01,9.994261948704461496e-01,9.994261284968823933e-01,1.000000000000005107e+00,9.994260525608625878e-01,9.994260504126115663e-01,9.994261237604450399e-01,9.994261263271345674e-01,9.994261265559930552e-01,9.994261265966299934e-01,9.994261266068898975e-01,9.994261266095103569e-01,9.994261266087000051e-01,9.994261266035091573e-01,9.994261265857423693e-01,9.994261265139657846e-01,9.994261260919964363e-01,9.994261212921294879e-01,9.994260525608625878e-01,1.000000000000005107e+00
1.000000000000002887e+00,9.991692477411360240e-01,9.991693898233361404e-01,9.991693995008632534e-01,9.991694003643911692e-01,9.991694005111764199e-01,9.991694005474606177e-01,9.991694005580857851e-01,9.991694005598541484e-01,9.991694005548374946e-01,9.991694005349226471e-01,9.991694004559508180e-01,9.991694000114756946e-01,9.991693950288272896e-01,9.991692495468319501e-01,9.991692477411360240e-01,1.000000000000002887e+00,9.991693982699006993e-01,9.991695357549542633e-01,9.991695450626290054e-01,9.991695458670741825e-01,9.991695459996445816e-01,9.991695460310661137e-01,9.991695460386297301e-01,9.991695460355477509e-01,9.991695460163720899e-01,9.991695459377138988e-01,9.991695454933835485e-01,9.991695405108058647e-01,9.991693950288271786e-01,9.991693898233361404e-01,9.991693982699006993e-01,1.000000000000002887e+00,9.991694036997128547e-01,9.991695408171518133e-01,9.991695500659185658e-01,9.991695508561935224e-01,9.991695509839132461e-01,9.991695510122771129e-01,9.991695510149918302e-01,9.991695509977513989e-01,9.991695509198328384e-01,9.991695504758163482e-01,9.991695454933836595e-01,9.991694000114758056e-01,9.991693995008632534e-01,9.991695357549542633e-01,9.991694036997128547e-01,1.000000000000002887e+00,9.991694042238639106e-01,9.991695412823410338e-01,9.991695505169340130e-01,9.991695513023592934e-01,9.991695514270215739e-01,9.991695514505366527e-01,9.991695514390929178e-01,9.991695513631095871e-01,9.991695509198328384e-01,9.991695459377138988e-01,9.991694004559509290e-01,9.991694003643911692e-01,9.991695450626290054e-01,9.991695408171518133e-01,9.991694042238639106e-01,1.000000000000002887e+00,9.991694043237233647e-01,9.991695413679997362e-01,9.991695505977411518e-01,9.991695513801089890e-01,9.991695514999225924e-01,9.991695515092792190e-01,9.991695514390926958e-01,9.991695509977512879e-01,9.991695460163719789e-01,9.991694005349225360e-01,9.991694005111764199e-01,9.991695458670741825e-01,9.991695500659185658e-01,9.991695412823410338e-01,9.991694043237233647e-01,1.000000000000002887e+00,9.991694043506483824e-01,9.991695413900649747e-01,9.991695506167483920e-01,9.991695513942674411e-01,9.991695514999225924e-01,9.991695514505365416e-01,9.991695510149918302e-01,9.991695460355476399e-01,9.991694005548377167e-01,9.991694005474606177e-01,9.991695459996445816e-01,9.991695508561935224e-01,9.991695505169340130e-01,9.991695413679997362e-01,9.991694043506483824e-01,1.000000000000002887e+00,9.991694043585577223e-01,9.991695413949136517e-01,9.991695506167481700e-01,9.991695513801088779e-01,9.991695514270213518e-01,9.991695510122768908e-01,9.991695460386296190e-01,9.991694005598542594e-01,9.991694005580857851e-01,9.991695460310661137e-01,9.991695509839132461e-01,9.991695513023592934e-01,9.991695505977411518e-01,9.991695413900649747e-01,9.991694043585577223e-01,1.000000000000002887e+00,9.991694043585577223e-01,9.991695413900647527e-01,9.991695505977411518e-01,9.991695513023589603e-01,9.991695509839130240e-01,9.991695460310660026e-01,9.991694005580858962e-01,9.991694005598541484e-01,9.991695460386297301e-01,9.991695510122771129e-01,9.991695514270215739e-01,9.991695513801089890e-01,9.991695506167483920e-01,9.991695413949136517e-01,9.991694043585577223e-01,1.000000000000002887e+00,9.991694043506481604e-01,9.991695413679997362e-01,9.991695505169336800e-01,9.991695508561933003e-01,9.991695459996444706e-01,9.991694005474605067e-01,9.991694005548374946e-01,9.991695460355477509e-01,9.991695510149918302e-01,9.991695514505366527e-01,9.991695514999225924e-01,9.991695513942674411e-01,9.991695506167481700e-01,9.991695413900647527e-01,9.991694043506481604e-01,1.000000000000002887e+00,9.991694043237229206e-01,9.991695412823409228e-01,9.991695500659183438e-01,9.991695458670740715e-01,9.991694005111764199e-01,9.991694005349226471e-01,9.991695460163720899e-01,9.991695509977513989e-01,9.991695514390929178e-01,9.991695515092792190e-01,9.991695514999225924e-01,9.991695513801088779e-01,9.991695505977411518e-01,9.991695413679997362e-01,9.991694043237229206e-01,1.000000000000002887e+00,9.991694042238637996e-01,9.991695408171519244e-01,9.991695450626290054e-01,9.991694003643911692e-01,9.991694004559508180e-01,9.991695459377138988e-01,9.991695509198328384e-01,9.991695513631095871e-01,9.991695514390926958e-01,9.991695514505365416e-01,9.991695514270213518e-01,9.991695513023589603e-01,9.991695505169336800e-01,9.991695412823409228e-01,9.991694042238637996e-01,1.000000000000002887e+00,9.991694036997126327e-01,9.991695357549541523e-01,9.991693995008630313e-01,9.991694000114756946e-01,9.991695454933835485e-01,9.991695504758163482e-01,9.991695509198328384e-01,9.991695509977512879e-01,9.991695510149918302e-01,9.991695510122768908e-01,9.991695509839130240e-01,9.991695508561933003e-01,9.991695500659183438e-01,9.991695408171519244e-01,9.991694036997126327e-01,1.000000000000002887e+00,9.991693982699003662e-01,9.991693898233359183e-01,9.991693950288272896e-01,9.991695405108058647e-01,9.991695454933836595e-01,9.991695459377138988e-01,9.991695460163719789e-01,9.991695460355476399e-01,9.991695460386296190e-01,9.991695460310660026e-01,9.991695459996444706e-01,9.991695458670740715e-01,9.991695450626290054e-01,9.991695357549541523e-01,9.991693982699003662e-01,1.000000000000002887e+00,9.991692477411358020e-01,9.991692495468319501e-01,9.991693950288271786e-01,9.991694000114758056e-01,9.991694004559509290e-01,9.991694005349225360e-01,9.991694005548377167e-01,9.991694005598542594e-01,9.991694005580858962e-01,9.991694005474605067e-01,9.991694005111764199e-01,9.991694003643911692e-01,9.991693995008630313e-01,9.991693898233359183e-01,9.991692477411358020e-01,1.000000000000002887e+00
