1.000000000000000000e+00,1.000000000000000000e+00,1.000000000000000000e+00,1.000000000000000000e+00,1.000000000000000000e+00,1.000000000000000000e+00,1.000000000000000000e+00,1.000000000000000000e+00,1.000000000000000000e+00,1.000000000000000000e+00,1.000000000000000000e+00,1.000000000000000000e+00,1.000000000000000000e+00,1.000000000000000000e+00,1.000000000000000000e+00,1.000000000000000000e+00,1.000000000000000000e+00,1.000000000000000000e+00,1.000000000000000000e+00,1.000000000000000000e+00,1.000000000000000000e+00,1.000000000000000000e+00,1.000000000000000000e+00,1.000000000000000000e+00,1.000000000000000000e+00,1.000000000000000000e+00,1.000000000000000000e+00,1.000000000000000000e+00,1.000000000000000000e+00,1.000000000000000000e+00,1.000000000000000000e+00,1.000000000000000000e+00,1.000000000000000000e+00,1.000000000000000000e+00,1.000000000000000000e+00,1.000000000000000000e+00,1.000000000000000000e+00,1.000000000000000000e+00,1.000000000000000000e+00,1.000000000000000000e+00,1.000000000000000000e+00,1.000000000000000000e+00,1.000000000000000000e+00,1.000000000000000000e+00,1.000000000000000000e+00,1.000000000000000000e+00,1.000000000000000000e+00,1.000000000000000000e+00,1.000000000000000000e+00,1.000000000000000000e+00,1.000000000000000000e+00,1.000000000000000000e+00,1.000000000000000000e+00,1.000000000000000000e+00,1.000000000000000000e+00,1.000000000000000000e+00,1.000000000000000000e+00,1.000000000000000000e+00,1.000000000000000000e+00,1.000000000000000000e+00,1.000000000000000000e+00,1.000000000000000000e+00,1.000000000000000000e+00,1.000000000000000000e+00,1.000000000000000000e+00,1.000000000000000000e+00,1.000000000000000000e+00,1.000000000000000000e+00,1.000000000000000000e+00,1.000000000000000000e+00,1.000000000000000000e+00,1.000000000000000000e+00,1.000000000000000000e+00,1.000000000000000000e+00,1.000000000000000000e+00,1.000000000000000000e+00,1.000000000000000000e+00,1.000000000000000000e+00,1.000000000000000000e+00,1.000000000000000000e+00,1.000000000000000000e+00,1.000000000000000000e+00,1.000000000000000000e+00,1.000000000000000000e+00,1.000000000000000000e+00,1.000000000000000000e+00,1.000000000000000000e+00,1.000000000000000000e+00,1.000000000000000000e+00,1.000000000000000000e+00,1.000000000000000000e+00,1.000000000000000000e+00,1.000000000000000000e+00,1.000000000000000000e+00,1.000000000000000000e+00,1.000000000000000000e+00,1.000000000000000000e+00,1.000000000000000000e+00,1.000000000000000000e+00,1.000000000000000000e+00,1.000000000000000000e+00,1.000000000000000000e+00,1.000000000000000000e+00,1.000000000000000000e+00,1.000000000000000000e+00,1.000000000000000000e+00,1.000000000000000000e+00,1.000000000000000000e+00,1.000000000000000000e+00,1.000000000000000000e+00,1.000000000000000000e+00,1.000000000000000000e+00,1.000000000000000000e+00,1.000000000000000000e+00,1.000000000000000000e+00,1.000000000000000000e+00,1.000000000000000000e+00,1.000000000000000000e+00,1.000000000000000000e+00,1.000000000000000000e+00,1.000000000000000000e+00,1.000000000000000000e+00,1.000000000000000000e+00,1.000000000000000000e+00,1.000000000000000000e+00,1.000000000000000000e+00,1.000000000000000000e+00,1.000000000000000000e+00,1.000000000000000000e+00,1.000000000000000000e+00,1.000000000000000000e+00,1.000000000000000000e+00,1.000000000000000000e+00,1.000000000000000000e+00,1.000000000000000000e+00,1.000000000000000000e+00,1.000000000000000000e+00,1.000000000000000000e+00,1.000000000000000000e+00,1.000000000000000000e+00,1.000000000000000000e+00,1.000000000000000000e+00,1.000000000000000000e+00,1.000000000000000000e+00,1.000000000000000000e+00,1.000000000000000000e+00,1.000000000000000000e+00,1.000000000000000000e+00,1.000000000000000000e+00,1.000000000000000000e+00,1.000000000000000000e+00,1.000000000000000000e+00,1.000000000000000000e+00,1.000000000000000000e+00,1.000000000000000000e+00,1.000000000000000000e+00,1.000000000000000000e+00,1.000000000000000000e+00,1.000000000000000000e+00,1.000000000000000000e+00,1.000000000000000000e+00,1.000000000000000000e+00,1.000000000000000000e+00,1.000000000000000000e+00,1.000000000000000000e+00,1.000000000000000000e+00,1.000000000000000000e+00,1.000000000000000000e+00,1.000000000000000000e+00,1.000000000000000000e+00,1.000000000000000000e+00,1.000000000000000000e+00,1.000000000000000000e+00,1.000000000000000000e+00,1.000000000000000000e+00,1.000000000000000000e+00,1.000000000000000000e+00,1.000000000000000000e+00,1.000000000000000000e+00,1.000000000000000000e+00,1.000000000000000000e+00,1.000000000000000000e+00,1.000000000000000000e+00,1.000000000000000000e+00,1.000000000000000000e+00,1.000000000000000000e+00,1.000000000000000000e+00,1.000000000000000000e+00,1.000000000000000000e+00,1.000000000000000000e+00,1.000000000000000000e+00,1.000000000000000000e+00,1.000000000000000000e+00,1.000000000000000000e+00,1.000000000000000000e+00,1.000000000000000000e+00,1.000000000000000000e+00,1.000000000000000000e+00,1.000000000000000000e+00,1.000000000000000000e+00,1.000000000000000000e+00,1.000000000000000000e+00,1.000000000000000000e+00,1.000000000000000000e+00,1.000000000000000000e+00,1.000000000000000000e+00,1.000000000000000000e+00,1.000000000000000000e+00,1.000000000000000000e+00,1.000000000000000000e+00,1.000000000000000000e+00,1.000000000000000000e+00,1.000000000000000000e+00,1.000000000000000000e+00,1.000000000000000000e+00,1.000000000000000000e+00,1.000000000000000000e+00,1.000000000000000000e+00,1.000000000000000000e+00,1.000000000000000000e+00,1.000000000000000000e+00,1.000000000000000000e+00,1.000000000000000000e+00,1.000000000000000000e+00,1.000000000000000000e+00
1.000000000000001998e+00,5.421986211679405976e-01,5.941773630324231892e-01,5.921640123380664811e-01,5.922353146003292990e-01,5.922419569281525131e-01,5.922439454117525148e-01,5.922445986164631693e-01,5.922447918352662377e-01,5.922447190713160392e-01,5.922442232775608772e-01,5.922422795921937766e-01,5.922329769448207992e-01,5.922314102321670770e-01,5.845200324745669640e-01,5.421986211679405976e-01,1.000000000000001998e+00,5.520507101175347042e-01,6.018999626621668320e-01,5.999834985487841887e-01,6.000495997428181294e-01,6.000555821783946087e-01,6.000573435684540824e-01,6.000578774945390936e-01,6.000579228646057972e-01,6.000574673897474121e-01,6.000555182473167326e-01,6.000461022448466686e-01,6.000445195114658681e-01,5.922314102321670770e-01,5.941773630324231892e-01,5.520507101175347042e-01,1.000000000000001998e+00,5.520664585438759264e-01,6.019022852935193013e-01,5.999856039225912596e-01,6.000513501570068353e-01,6.000572131743595605e-01,6.000588930484587191e-01,6.000592949824078426e-01,6.000589667162374852e-01,6.000570683238612979e-01,6.000476744861287237e-01,6.000461022448468906e-01,5.922329769448209102e-01,5.921640123380664811e-01,6.018999626621668320e-01,5.520664585438759264e-01,1.000000000000001998e+00,5.520809072287260477e-01,6.019120324477151840e-01,5.999952220891543453e-01,6.000608306433197203e-01,6.000666087283983430e-01,6.000681553409533686e-01,6.000681831130879607e-01,6.000664116669252035e-01,6.000570683238614089e-01,6.000555182473170657e-01,5.922422795921939986e-01,5.922353146003292990e-01,5.999834985487841887e-01,6.019022852935193013e-01,5.520809072287260477e-01,1.000000000000001998e+00,5.520841172169346223e-01,6.019141503887154299e-01,5.999972592042350783e-01,6.000627812918515325e-01,6.000684260906432588e-01,6.000695985251637277e-01,6.000681831130876276e-01,6.000589667162374852e-01,6.000574673897474121e-01,5.922442232775609883e-01,5.922419569281525131e-01,6.000495997428181294e-01,5.999856039225912596e-01,6.019120324477151840e-01,5.520841172169346223e-01,1.000000000000001998e+00,5.520850333620623829e-01,6.019147293047176772e-01,5.999977670201330771e-01,6.000631554695619041e-01,6.000684260906434808e-01,6.000681553409533686e-01,6.000592949824079536e-01,6.000579228646061303e-01,5.922447190713162612e-01,5.922439454117525148e-01,6.000555821783946087e-01,6.000513501570068353e-01,5.999952220891543453e-01,6.019141503887154299e-01,5.520850333620623829e-01,1.000000000000001998e+00,5.520853093444060278e-01,6.019148594921526207e-01,5.999977670201327440e-01,6.000627812918515325e-01,6.000666087283981209e-01,6.000588930484586081e-01,6.000578774945392047e-01,5.922447918352662377e-01,5.922445986164631693e-01,6.000573435684540824e-01,6.000572131743595605e-01,6.000608306433197203e-01,5.999972592042350783e-01,6.019147293047176772e-01,5.520853093444060278e-01,1.000000000000001998e+00,5.520853093444060278e-01,6.019147293047175662e-01,5.999972592042350783e-01,6.000608306433194983e-01,6.000572131743593385e-01,6.000573435684544155e-01,5.922445986164633913e-01,5.922447918352662377e-01,6.000578774945390936e-01,6.000588930484587191e-01,6.000666087283983430e-01,6.000627812918515325e-01,5.999977670201330771e-01,6.019148594921526207e-01,5.520853093444060278e-01,1.000000000000001998e+00,5.520850333620621608e-01,6.019141503887155409e-01,5.999952220891542343e-01,6.000513501570068353e-01,6.000555821783948307e-01,5.922439454117527369e-01,5.922447190713160392e-01,6.000579228646057972e-01,6.000592949824078426e-01,6.000681553409533686e-01,6.000684260906432588e-01,6.000631554695619041e-01,5.999977670201327440e-01,6.019147293047175662e-01,5.520850333620621608e-01,1.000000000000001998e+00,5.520841172169346223e-01,6.019120324477147399e-01,5.999856039225910376e-01,6.000495997428182404e-01,5.922419569281525131e-01,5.922442232775608772e-01,6.000574673897474121e-01,6.000589667162374852e-01,6.000681831130879607e-01,6.000695985251637277e-01,6.000684260906434808e-01,6.000627812918515325e-01,5.999972592042350783e-01,6.019141503887155409e-01,5.520841172169346223e-01,1.000000000000001998e+00,5.520809072287259367e-01,6.019022852935191903e-01,5.999834985487844108e-01,5.922353146003296320e-01,5.922422795921937766e-01,6.000555182473167326e-01,6.000570683238612979e-01,6.000664116669252035e-01,6.000681831130876276e-01,6.000681553409533686e-01,6.000666087283981209e-01,6.000608306433194983e-01,5.999952220891542343e-01,6.019120324477147399e-01,5.520809072287259367e-01,1.000000000000001998e+00,5.520664585438757044e-01,6.018999626621668320e-01,5.921640123380664811e-01,5.922329769448207992e-01,6.000461022448466686e-01,6.000476744861287237e-01,6.000570683238614089e-01,6.000589667162374852e-01,6.000592949824079536e-01,6.000588930484586081e-01,6.000572131743593385e-01,6.000513501570068353e-01,5.999856039225910376e-01,6.019022852935191903e-01,5.520664585438757044e-01,1.000000000000001998e+00,5.520507101175349263e-01,5.941773630324233002e-01,5.922314102321670770e-01,6.000445195114658681e-01,6.000461022448468906e-01,6.000555182473170657e-01,6.000574673897474121e-01,6.000579228646061303e-01,6.000578774945392047e-01,6.000573435684544155e-01,6.000555821783948307e-01,6.000495997428182404e-01,5.999834985487844108e-01,6.018999626621668320e-01,5.520507101175349263e-01,1.000000000000001998e+00,5.421986211679410417e-01,5.845200324745669640e-01,5.922314102321670770e-01,5.922329769448209102e-01,5.922422795921939986e-01,5.922442232775609883e-01,5.922447190713162612e-01,5.922447918352662377e-01,5.922445986164633913e-01,5.922439454117527369e-01,5.922419569281525131e-01,5.922353146003296320e-01,5.921640123380664811e-01,5.941773630324233002e-01,5.421986211679410417e-01,1.000000000000001998e+00
1.000000000000002665e+00,8.886481816033561798e-02,3.287649451243592758e-01,2.852656699717953659e-01,2.891524457472398058e-01,2.889646496341280457e-01,2.889817389438436024e-01,2.889851977634590452e-01,2.889860112423626726e-01,2.889845491716392933e-01,2.889786633381745129e-01,2.889578205869189897e-01,2.888285681019486795e-01,2.896386385291359611e-01,2.452342839078324455e-01,8.886481816033561798e-02,1.000000000000002665e+00,1.752908852138718165e-01,3.738230673614442168e-01,3.384992352699220941e-01,3.414436277998371683e-01,3.412990349564536952e-01,3.413105060232813348e-01,3.413120704006352701e-01,3.413105852457081202e-01,3.413037238669328621e-01,3.412791405685530188e-01,3.411264963058312505e-01,3.420832491801004127e-01,2.896386385291359611e-01,3.287649451243592758e-01,1.752908852138718165e-01,1.000000000000002665e+00,1.740876714837863160e-01,3.731440934036140411e-01,3.375205421749771229e-01,3.404928399005373585e-01,3.403447166423507753e-01,3.403552214733533976e-01,3.403550085106199496e-01,3.403487222799733702e-01,3.403244564647014414e-01,3.401723568064568548e-01,3.411264963058314725e-01,2.888285681019490125e-01,2.852656699717953659e-01,3.738230673614442168e-01,1.740876714837863160e-01,1.000000000000002665e+00,1.743889095261311195e-01,3.732848583050905056e-01,3.376779069764360708e-01,3.406457858054120491e-01,3.404965528840225852e-01,3.405051888750947331e-01,3.405001270217240528e-01,3.404763864114633831e-01,3.403244564647018855e-01,3.412791405685535739e-01,2.889578205869193783e-01,2.891524457472398058e-01,3.384992352699220941e-01,3.731440934036140411e-01,1.743889095261311195e-01,1.000000000000002665e+00,1.744439395026320394e-01,3.733087696213105433e-01,3.377036451447756882e-01,3.406699109587944529e-01,3.405188480234519477e-01,3.405226394927142741e-01,3.405001270217241638e-01,3.403487222799734813e-01,3.413037238669339724e-01,2.889786633381749015e-01,2.889646496341280457e-01,3.414436277998371683e-01,3.375205421749771229e-01,3.732848583050905056e-01,1.744439395026320394e-01,1.000000000000002665e+00,1.744606474924900730e-01,3.733156559201084024e-01,3.377104460105715411e-01,3.406747505381059193e-01,3.405188480234523363e-01,3.405051888750956213e-01,3.403550085106208378e-01,3.413105852457087863e-01,2.889845491716406256e-01,2.889817389438436024e-01,3.412990349564536952e-01,3.404928399005373585e-01,3.376779069764360708e-01,3.733087696213105433e-01,1.744606474924900730e-01,1.000000000000002665e+00,1.744658987049029220e-01,3.733172595651123027e-01,3.377104460105709860e-01,3.406699109587943974e-01,3.404965528840221411e-01,3.403552214733542858e-01,3.413120704006362138e-01,2.889860112423625615e-01,2.889851977634590452e-01,3.413105060232813348e-01,3.403447166423507753e-01,3.406457858054120491e-01,3.377036451447756882e-01,3.733156559201084024e-01,1.744658987049029220e-01,1.000000000000002665e+00,1.744658987049027832e-01,3.733156559201086244e-01,3.377036451447751331e-01,3.406457858054120491e-01,3.403447166423502757e-01,3.413105060232823340e-01,2.889851977634600999e-01,2.889860112423626726e-01,3.413120704006352701e-01,3.403552214733533976e-01,3.404965528840225852e-01,3.406699109587944529e-01,3.377104460105715411e-01,3.733172595651123027e-01,1.744658987049027832e-01,1.000000000000002665e+00,1.744606474924889628e-01,3.733087696213112094e-01,3.376779069764352936e-01,3.404928399005378026e-01,3.412990349564537507e-01,2.889817389438449902e-01,2.889845491716392933e-01,3.413105852457081202e-01,3.403550085106199496e-01,3.405051888750947331e-01,3.405188480234519477e-01,3.406747505381059193e-01,3.377104460105709860e-01,3.733156559201086244e-01,1.744606474924889628e-01,1.000000000000002665e+00,1.744439395026308737e-01,3.732848583050901725e-01,3.375205421749762902e-01,3.414436277998371683e-01,2.889646496341274351e-01,2.889786633381745129e-01,3.413037238669328621e-01,3.403487222799733702e-01,3.405001270217240528e-01,3.405226394927142741e-01,3.405188480234523363e-01,3.406699109587943974e-01,3.377036451447751331e-01,3.733087696213112094e-01,1.744439395026308737e-01,1.000000000000002665e+00,1.743889095261309530e-01,3.731440934036139856e-01,3.384992352699223161e-01,2.891524457472405274e-01,2.889578205869189897e-01,3.412791405685530188e-01,3.403244564647014414e-01,3.404763864114633831e-01,3.405001270217241638e-01,3.405051888750956213e-01,3.404965528840221411e-01,3.406457858054120491e-01,3.376779069764352936e-01,3.732848583050901725e-01,1.743889095261309530e-01,1.000000000000002665e+00,1.740876714837868156e-01,3.738230673614442723e-01,2.852656699717962541e-01,2.888285681019486795e-01,3.411264963058312505e-01,3.401723568064568548e-01,3.403244564647018855e-01,3.403487222799734813e-01,3.403550085106208378e-01,3.403552214733542858e-01,3.403447166423502757e-01,3.404928399005378026e-01,3.375205421749762902e-01,3.731440934036139856e-01,1.740876714837868156e-01,1.000000000000002665e+00,1.752908852138732598e-01,3.287649451243594978e-01,2.896386385291359611e-01,3.420832491801004127e-01,3.411264963058314725e-01,3.412791405685535739e-01,3.413037238669339724e-01,3.413105852457087863e-01,3.413120704006362138e-01,3.413105060232823340e-01,3.412990349564537507e-01,3.414436277998371683e-01,3.384992352699223161e-01,3.738230673614442723e-01,1.752908852138732598e-01,1.000000000000002665e+00,8.886481816033742209e-02,2.452342839078324455e-01,2.896386385291359611e-01,2.888285681019490125e-01,2.889578205869193783e-01,2.889786633381749015e-01,2.889845491716406256e-01,2.889860112423625615e-01,2.889851977634600999e-01,2.889817389438449902e-01,2.889646496341274351e-01,2.891524457472405274e-01,2.852656699717962541e-01,3.287649451243594978e-01,8.886481816033742209e-02,1.000000000000002665e+00
1.000000000000002665e+00,3.608547412372192786e-01,4.974537124264333809e-01,4.277671424515463450e-01,4.453161141589222494e-01,4.429118511900056454e-01,4.431645219945499758e-01,4.431556389227994663e-01,4.431566125854130012e-01,4.431529901753913370e-01,4.431422615910478036e-01,4.431205867965481993e-01,4.425044538975700936e-01,4.491612242732874183e-01,3.365956190822777527e-01,3.608547412372192786e-01,1.000000000000002665e+00,5.411466366767998526e-01,6.267369481214155602e-01,5.827960089787966869e-01,5.925091155665433984e-01,5.912357542721055070e-01,5.913642947903620106e-01,5.913586900218790188e-01,5.913540970497127569e-01,5.913397104142457117e-01,5.913107263431565119e-01,5.904885055361669410e-01,5.993714247657779826e-01,4.491612242732877514e-01,4.974537124264333809e-01,5.411466366767998526e-01,1.000000000000002665e+00,5.310599494113217300e-01,6.193028518306497032e-01,5.733148936120352479e-01,5.838779669244940074e-01,5.824568045464444399e-01,5.825991584981587978e-01,5.825886756759071083e-01,5.825754346116249760e-01,5.825471166014309921e-01,5.817371752746258728e-01,5.904885055361673851e-01,4.425044538975709818e-01,4.277671424515463450e-01,6.267369481214155602e-01,5.310599494113217300e-01,1.000000000000002665e+00,5.321375710537605830e-01,6.200162738856382916e-01,5.741737104668566127e-01,5.846840955968919396e-01,5.832676120977036138e-01,5.834048962185806042e-01,5.833855064368989041e-01,5.833579966091781976e-01,5.825471166014317692e-01,5.913107263431576222e-01,4.431205867965493650e-01,4.453161141589222494e-01,5.827960089787966869e-01,6.193028518306497032e-01,5.321375710537605830e-01,1.000000000000002665e+00,5.321948107072026479e-01,6.200446216428147084e-01,5.742033562727889562e-01,5.847115356801808606e-01,5.832907210806086429e-01,5.834191227227020216e-01,5.833855064368995702e-01,5.825754346116263083e-01,5.913397104142482652e-01,4.431422615910494689e-01,4.429118511900056454e-01,5.925091155665433984e-01,5.733148936120352479e-01,6.200162738856382916e-01,5.321948107072026479e-01,1.000000000000002665e+00,5.322208350522927844e-01,6.200578239894960486e-01,5.742167946408067714e-01,5.847204307559845660e-01,5.832907210806090870e-01,5.834048962185824916e-01,5.825886756759093288e-01,5.913540970497150884e-01,4.431529901753943346e-01,4.431645219945499758e-01,5.912357542721055070e-01,5.838779669244940074e-01,5.741737104668566127e-01,6.200446216428147084e-01,5.322208350522927844e-01,1.000000000000002665e+00,5.322299273675588083e-01,6.200612522712960484e-01,5.742167946408055501e-01,5.847115356801803054e-01,5.832676120977038359e-01,5.825991584981604632e-01,5.913586900218807951e-01,4.431566125854140559e-01,4.431556389227994663e-01,5.913642947903620106e-01,5.824568045464444399e-01,5.846840955968919396e-01,5.742033562727889562e-01,6.200578239894960486e-01,5.322299273675588083e-01,1.000000000000002665e+00,5.322299273675580311e-01,6.200578239894952715e-01,5.742033562727872908e-01,5.846840955968922726e-01,5.824568045464441068e-01,5.913642947903634539e-01,4.431556389228010207e-01,4.431566125854130012e-01,5.913586900218790188e-01,5.825991584981587978e-01,5.832676120977036138e-01,5.847115356801808606e-01,5.742167946408067714e-01,6.200612522712960484e-01,5.322299273675580311e-01,1.000000000000002665e+00,5.322208350522900089e-01,6.200446216428145974e-01,5.741737104668549474e-01,5.838779669244950066e-01,5.912357542721049519e-01,4.431645219945514191e-01,4.431529901753913370e-01,5.913540970497127569e-01,5.825886756759071083e-01,5.834048962185806042e-01,5.832907210806086429e-01,5.847204307559845660e-01,5.742167946408055501e-01,6.200578239894952715e-01,5.322208350522900089e-01,1.000000000000002665e+00,5.321948107071993173e-01,6.200162738856375144e-01,5.733148936120338046e-01,5.925091155665432874e-01,4.429118511900050348e-01,4.431422615910478036e-01,5.913397104142457117e-01,5.825754346116249760e-01,5.833855064368989041e-01,5.834191227227020216e-01,5.832907210806090870e-01,5.847115356801803054e-01,5.742033562727872908e-01,6.200446216428145974e-01,5.321948107071993173e-01,1.000000000000002665e+00,5.321375710537590287e-01,6.193028518306495922e-01,5.827960089787965758e-01,4.453161141589228045e-01,4.431205867965481993e-01,5.913107263431565119e-01,5.825471166014309921e-01,5.833579966091781976e-01,5.833855064368995702e-01,5.834048962185824916e-01,5.832676120977038359e-01,5.846840955968922726e-01,5.741737104668549474e-01,6.200162738856375144e-01,5.321375710537590287e-01,1.000000000000002665e+00,5.310599494113226182e-01,6.267369481214156712e-01,4.277671424515476772e-01,4.425044538975700936e-01,5.904885055361669410e-01,5.817371752746258728e-01,5.825471166014317692e-01,5.825754346116263083e-01,5.825886756759093288e-01,5.825991584981604632e-01,5.824568045464441068e-01,5.838779669244950066e-01,5.733148936120338046e-01,6.193028518306495922e-01,5.310599494113226182e-01,1.000000000000002665e+00,5.411466366768022951e-01,4.974537124264339361e-01,4.491612242732874183e-01,5.993714247657779826e-01,5.904885055361673851e-01,5.913107263431576222e-01,5.913397104142482652e-01,5.913540970497150884e-01,5.913586900218807951e-01,5.913642947903634539e-01,5.912357542721049519e-01,5.925091155665432874e-01,5.827960089787965758e-01,6.267369481214156712e-01,5.411466366768022951e-01,1.000000000000002665e+00,3.608547412372221652e-01,3.365956190822777527e-01,4.491612242732877514e-01,4.425044538975709818e-01,4.431205867965493650e-01,4.431422615910494689e-01,4.431529901753943346e-01,4.431566125854140559e-01,4.431556389228010207e-01,4.431645219945514191e-01,4.429118511900050348e-01,4.453161141589228045e-01,4.277671424515476772e-01,4.974537124264339361e-01,3.608547412372221652e-01,1.000000000000002665e+00
9.999999999999986677e-01,7.724347154277132477e-01,7.454327866428304139e-01,7.542939520219422711e-01,7.578432758392349422e-01,7.542836469287659273e-01,7.551459312973487492e-01,7.550332352278481540e-01,7.550436247987076799e-01,7.550437235316372897e-01,7.550445602333240025e-01,7.551820396570968486e-01,7.528818959887696449e-01,7.773289269205898577e-01,6.419400448679795090e-01,7.724347154277132477e-01,9.999999999999986677e-01,9.100719699217915126e-01,9.137810132753159120e-01,9.154847370338211610e-01,9.150489283796635620e-01,9.140352363844458372e-01,9.143222140390612207e-01,9.142828517931778087e-01,9.142871062393177484e-01,9.142878517900239199e-01,9.144543030605430944e-01,9.116690371813294114e-01,9.412720716869377169e-01,7.773289269205908569e-01,7.454327866428304139e-01,9.100719699217915126e-01,9.999999999999986677e-01,8.825994472779888911e-01,8.828891536229124259e-01,8.869766986722875668e-01,8.866301640928582195e-01,8.851665812561432256e-01,8.855853341633006526e-01,8.855275462481053683e-01,8.855337812230027472e-01,8.856946805013968804e-01,8.829970167316621987e-01,9.116690371813295224e-01,7.528818959887705331e-01,7.542939520219422711e-01,9.137810132753159120e-01,8.825994472779888911e-01,9.999999999999986677e-01,8.852866724639134599e-01,8.857214633248700064e-01,8.896663935478721363e-01,8.893104384731863599e-01,8.878811107924740043e-01,8.882900540060244543e-01,8.882340303044321539e-01,8.884008993079195449e-01,8.856946805013978796e-01,9.144543030605442047e-01,7.551820396570986249e-01,7.578432758392349422e-01,9.154847370338211610e-01,8.828891536229124259e-01,8.852866724639134599e-01,9.999999999999986677e-01,8.851153501681088276e-01,8.855454119148228331e-01,8.895081425203795744e-01,8.891505017682274081e-01,8.877194188525550089e-01,8.881294070725708201e-01,8.882340303044324870e-01,8.855337812230040795e-01,9.142878517900254742e-01,7.550445602333262229e-01,7.542836469287659273e-01,9.150489283796635620e-01,8.869766986722875668e-01,8.857214633248700064e-01,8.851153501681088276e-01,9.999999999999986677e-01,8.851136756808662964e-01,8.855436394132819578e-01,8.895076464255783355e-01,8.891502487670441823e-01,8.877194188525551199e-01,8.882900540060246763e-01,8.855275462481064785e-01,9.142871062393190806e-01,7.550437235316391771e-01,7.551459312973487492e-01,9.140352363844458372e-01,8.866301640928582195e-01,8.896663935478721363e-01,8.855454119148228331e-01,8.851136756808662964e-01,9.999999999999986677e-01,8.851127687265805122e-01,8.855429543999668862e-01,8.895076464255772253e-01,8.891505017682264089e-01,8.878811107924734491e-01,8.855853341633006526e-01,9.142828517931781418e-01,7.550436247987090121e-01,7.550332352278481540e-01,9.143222140390612207e-01,8.851665812561432256e-01,8.893104384731863599e-01,8.895081425203795744e-01,8.855436394132819578e-01,8.851127687265805122e-01,9.999999999999986677e-01,8.851127687265806232e-01,8.855436394132808475e-01,8.895081425203787973e-01,8.893104384731859158e-01,8.851665812561435587e-01,9.143222140390616648e-01,7.550332352278491532e-01,7.550436247987076799e-01,9.142828517931778087e-01,8.855853341633006526e-01,8.878811107924740043e-01,8.891505017682274081e-01,8.895076464255783355e-01,8.855429543999668862e-01,8.851127687265806232e-01,9.999999999999986677e-01,8.851136756808652972e-01,8.855454119148220560e-01,8.896663935478719143e-01,8.866301640928585526e-01,9.140352363844465033e-01,7.551459312973499705e-01,7.550437235316372897e-01,9.142871062393177484e-01,8.855275462481053683e-01,8.882900540060244543e-01,8.877194188525550089e-01,8.891502487670441823e-01,8.895076464255772253e-01,8.855436394132808475e-01,8.851136756808652972e-01,9.999999999999986677e-01,8.851153501681064961e-01,8.857214633248682301e-01,8.869766986722869007e-01,9.150489283796628959e-01,7.542836469287663714e-01,7.550445602333240025e-01,9.142878517900239199e-01,8.855337812230027472e-01,8.882340303044321539e-01,8.881294070725708201e-01,8.877194188525551199e-01,8.891505017682264089e-01,8.895081425203787973e-01,8.855454119148220560e-01,8.851153501681064961e-01,9.999999999999986677e-01,8.852866724639115725e-01,8.828891536229113157e-01,9.154847370338207169e-01,7.578432758392353863e-01,7.551820396570968486e-01,9.144543030605430944e-01,8.856946805013968804e-01,8.884008993079195449e-01,8.882340303044324870e-01,8.882900540060246763e-01,8.878811107924734491e-01,8.893104384731859158e-01,8.896663935478719143e-01,8.857214633248682301e-01,8.852866724639115725e-01,9.999999999999986677e-01,8.825994472779885580e-01,9.137810132753156900e-01,7.542939520219432703e-01,7.528818959887696449e-01,9.116690371813294114e-01,8.829970167316621987e-01,8.856946805013978796e-01,8.855337812230040795e-01,8.855275462481064785e-01,8.855853341633006526e-01,8.851665812561435587e-01,8.866301640928585526e-01,8.869766986722869007e-01,8.828891536229113157e-01,8.825994472779885580e-01,9.999999999999986677e-01,9.100719699217922898e-01,7.454327866428315241e-01,7.773289269205898577e-01,9.412720716869377169e-01,9.116690371813295224e-01,9.144543030605442047e-01,9.142878517900254742e-01,9.142871062393190806e-01,9.142828517931781418e-01,9.143222140390616648e-01,9.140352363844465033e-01,9.150489283796628959e-01,9.154847370338207169e-01,9.137810132753156900e-01,9.100719699217922898e-01,9.999999999999986677e-01,7.724347154277151350e-01,6.419400448679795090e-01,7.773289269205908569e-01,7.528818959887705331e-01,7.551820396570986249e-01,7.550445602333262229e-01,7.550437235316391771e-01,7.550436247987090121e-01,7.550332352278491532e-01,7.551459312973499705e-01,7.542836469287663714e-01,7.578432758392353863e-01,7.542939520219432703e-01,7.454327866428315241e-01,7.724347154277151350e-01,9.999999999999986677e-01
9.999999999999995559e-01,6.306519477985694788e-01,6.613069362435157750e-01,6.486278631289382757e-01,6.366785884686140262e-01,6.425764814054212293e-01,6.421390194664683415e-01,6.420061260630088862e-01,6.420452883883283057e-01,6.420459781396946619e-01,6.420074129246128303e-01,6.426685016217492663e-01,6.355426851775336505e-01,6.621355055234203757e-01,6.713354429302638149e-01,6.306519477985694788e-01,9.999999999999995559e-01,5.882844418314672197e-01,6.593326515469262183e-01,6.265278142153010155e-01,6.309018259495148273e-01,6.340096716092294971e-01,6.331978158056965622e-01,6.332309469715083905e-01,6.332503275124216069e-01,6.332088829964053200e-01,6.338614065493570759e-01,6.268332331649536515e-01,6.530616633775616631e-01,6.621355055234213749e-01,6.613069362435157750e-01,5.882844418314672197e-01,9.999999999999995559e-01,5.646140136243051888e-01,6.369982975938557335e-01,6.039488587172779921e-01,6.042363774033887580e-01,6.086061500614650122e-01,6.078025717667085992e-01,6.077955507718917350e-01,6.077814403186854175e-01,6.084034884267115473e-01,6.016581867256847183e-01,6.268332331649533185e-01,6.355426851775343167e-01,6.486278631289382757e-01,6.593326515469262183e-01,5.646140136243051888e-01,9.999999999999995559e-01,5.723875259628956602e-01,6.430503659751855006e-01,6.105980029069881798e-01,6.111834996528454633e-01,6.154101247392163021e-01,6.146206691111855136e-01,6.145738413427013214e-01,6.152286934800541562e-01,6.084034884267111032e-01,6.338614065493560767e-01,6.426685016217493773e-01,6.366785884686140262e-01,6.265278142153010155e-01,6.369982975938557335e-01,5.723875259628956602e-01,9.999999999999995559e-01,5.716469230207483765e-01,6.424906944463995018e-01,6.099650827394129671e-01,6.105407463659429101e-01,6.147853325951864178e-01,6.139510223384118115e-01,6.145738413427007663e-01,6.077814403186840853e-01,6.332088829964040988e-01,6.420074129246120531e-01,6.425764814054212293e-01,6.309018259495148273e-01,6.039488587172779921e-01,6.430503659751855006e-01,5.716469230207483765e-01,9.999999999999995559e-01,5.716864740453112548e-01,6.425225369245575191e-01,6.100046375595666870e-01,6.105839653347325813e-01,6.147853325951861958e-01,6.146206691111848475e-01,6.077955507718902917e-01,6.332503275124192754e-01,6.420459781396939958e-01,6.421390194664683415e-01,6.340096716092294971e-01,6.042363774033887580e-01,6.105980029069881798e-01,6.424906944463995018e-01,5.716864740453112548e-01,9.999999999999995559e-01,5.716782602989094464e-01,6.425183512132238706e-01,6.100046375595665760e-01,6.105407463659422440e-01,6.154101247392150809e-01,6.078025717667072669e-01,6.332309469715062811e-01,6.420452883883268624e-01,6.420061260630088862e-01,6.331978158056965622e-01,6.086061500614650122e-01,6.111834996528454633e-01,6.099650827394129671e-01,6.425225369245575191e-01,5.716782602989094464e-01,9.999999999999995559e-01,5.716782602989105566e-01,6.425225369245588514e-01,6.099650827394131891e-01,6.111834996528453523e-01,6.086061500614637909e-01,6.331978158056956740e-01,6.420061260630089972e-01,6.420452883883283057e-01,6.332309469715083905e-01,6.078025717667085992e-01,6.154101247392163021e-01,6.105407463659429101e-01,6.100046375595666870e-01,6.425183512132238706e-01,5.716782602989105566e-01,9.999999999999995559e-01,5.716864740453134752e-01,6.424906944464017222e-01,6.105980029069886239e-01,6.042363774033893131e-01,6.340096716092284979e-01,6.421390194664693407e-01,6.420459781396946619e-01,6.332503275124216069e-01,6.077955507718917350e-01,6.146206691111855136e-01,6.147853325951864178e-01,6.105839653347325813e-01,6.100046375595665760e-01,6.425225369245588514e-01,5.716864740453134752e-01,9.999999999999995559e-01,5.716469230207497088e-01,6.430503659751864998e-01,6.039488587172778811e-01,6.309018259495147163e-01,6.425764814054215623e-01,6.420074129246128303e-01,6.332088829964053200e-01,6.077814403186854175e-01,6.145738413427013214e-01,6.139510223384118115e-01,6.147853325951861958e-01,6.105407463659422440e-01,6.099650827394131891e-01,6.424906944464017222e-01,5.716469230207497088e-01,9.999999999999995559e-01,5.723875259628957712e-01,6.369982975938552894e-01,6.265278142153001273e-01,6.366785884686145813e-01,6.426685016217492663e-01,6.338614065493570759e-01,6.084034884267115473e-01,6.152286934800541562e-01,6.145738413427007663e-01,6.146206691111848475e-01,6.154101247392150809e-01,6.111834996528453523e-01,6.105980029069886239e-01,6.430503659751864998e-01,5.723875259628957712e-01,9.999999999999995559e-01,5.646140136243036345e-01,6.593326515469242199e-01,6.486278631289377206e-01,6.355426851775336505e-01,6.268332331649536515e-01,6.016581867256847183e-01,6.084034884267111032e-01,6.077814403186840853e-01,6.077955507718902917e-01,6.078025717667072669e-01,6.086061500614637909e-01,6.042363774033893131e-01,6.039488587172778811e-01,6.369982975938552894e-01,5.646140136243036345e-01,9.999999999999995559e-01,5.882844418314646662e-01,6.613069362435147758e-01,6.621355055234203757e-01,6.530616633775616631e-01,6.268332331649533185e-01,6.338614065493560767e-01,6.332088829964040988e-01,6.332503275124192754e-01,6.332309469715062811e-01,6.331978158056956740e-01,6.340096716092284979e-01,6.309018259495147163e-01,6.265278142153001273e-01,6.593326515469242199e-01,5.882844418314646662e-01,9.999999999999995559e-01,6.306519477985675914e-01,6.713354429302638149e-01,6.621355055234213749e-01,6.355426851775343167e-01,6.426685016217493773e-01,6.420074129246120531e-01,6.420459781396939958e-01,6.420452883883268624e-01,6.420061260630089972e-01,6.421390194664693407e-01,6.425764814054215623e-01,6.366785884686145813e-01,6.486278631289377206e-01,6.613069362435147758e-01,6.306519477985675914e-01,9.999999999999995559e-01
1.000000000000001110e+00,9.646875149966875618e-02,3.865861251016570188e-01,2.627174252621470307e-01,3.218373708409026923e-01,3.117402091640793516e-01,3.097784745735988610e-01,3.107602226385547950e-01,3.106016796792031576e-01,3.106237628183722288e-01,3.103858687664485805e-01,3.121813154027819337e-01,3.032515858979787371e-01,2.890285919011544857e-01,3.861214680061594295e-01,9.646875149966875618e-02,1.000000000000001110e+00,-3.670740339060186291e-02,2.968421158647250313e-01,1.881967258830030132e-01,2.487143475082498612e-01,2.324810957865764416e-01,2.316374302618551817e-01,2.326854089580438767e-01,2.325037593904087929e-01,2.323355479954886671e-01,2.336818055958620188e-01,2.269968316469583858e-01,2.163504693843192883e-01,2.890285919011549298e-01,3.865861251016570188e-01,-3.670740339060186291e-02,1.000000000000001110e+00,-1.050236792682034126e-04,3.167393068506236253e-01,1.966170491127129938e-01,2.579090237793347229e-01,2.446699247114106912e-01,2.430530053910136823e-01,2.441203279721934905e-01,2.437601705318422629e-01,2.451787287958499262e-01,2.381677429505004717e-01,2.269968316469584413e-01,3.032515858979796808e-01,2.627174252621470307e-01,2.968421158647250313e-01,-1.050236792682034126e-04,1.000000000000001110e+00,1.123627738711863167e-02,3.207786827570824340e-01,2.051599528491991897e-01,2.650856874096960691e-01,2.517794754718062356e-01,2.502701901088769665e-01,2.511073948422541946e-01,2.523907974467273219e-01,2.451787287958494266e-01,2.336818055958611029e-01,3.121813154027818782e-01,3.218373708409026923e-01,1.881967258830030132e-01,3.167393068506236253e-01,1.123627738711863167e-02,1.000000000000001110e+00,8.811515994899862814e-03,3.196713344527155609e-01,2.034815407686034749e-01,2.637186863182803820e-01,2.503475200853723104e-01,2.486253809258555381e-01,2.511073948422531399e-01,2.437601705318409584e-01,2.323355479954880287e-01,3.103858687664473037e-01,3.117402091640793516e-01,2.487143475082498612e-01,1.966170491127129938e-01,3.207786827570824340e-01,8.811515994899862814e-03,1.000000000000001110e+00,9.163871418261887447e-03,3.198355980447225022e-01,2.036951007061522378e-01,2.639121758982544419e-01,2.503475200853723104e-01,2.502701901088770220e-01,2.441203279721917974e-01,2.325037593904078770e-01,3.106237628183726174e-01,3.097784745735988610e-01,2.324810957865764416e-01,2.579090237793347229e-01,2.051599528491991897e-01,3.196713344527155609e-01,9.163871418261887447e-03,1.000000000000001110e+00,9.145075674009572886e-03,3.198238544584449672e-01,2.036951007061514052e-01,2.637186863182809371e-01,2.517794754718049033e-01,2.430530053910135990e-01,2.326854089580426277e-01,3.106016796792017698e-01,3.107602226385547950e-01,2.316374302618551817e-01,2.446699247114106912e-01,2.650856874096960691e-01,2.034815407686034749e-01,3.198355980447225022e-01,9.145075674009572886e-03,1.000000000000001110e+00,9.145075674009961464e-03,3.198355980447236124e-01,2.034815407686016986e-01,2.650856874096976235e-01,2.446699247114078879e-01,2.316374302618557923e-01,3.107602226385543509e-01,3.106016796792031576e-01,2.326854089580438767e-01,2.430530053910136823e-01,2.517794754718062356e-01,2.637186863182803820e-01,2.036951007061522378e-01,3.198238544584449672e-01,9.145075674009961464e-03,1.000000000000001110e+00,9.163871418262525825e-03,3.196713344527193357e-01,2.051599528491961921e-01,2.579090237793368878e-01,2.324810957865723893e-01,3.097784745735997491e-01,3.106237628183722288e-01,2.325037593904087929e-01,2.441203279721934905e-01,2.502701901088769665e-01,2.503475200853723104e-01,2.639121758982544419e-01,2.036951007061514052e-01,3.198355980447236124e-01,9.163871418262525825e-03,1.000000000000001110e+00,8.811515994900478640e-03,3.207786827570853205e-01,1.966170491127094966e-01,2.487143475082514987e-01,3.117402091640780748e-01,3.103858687664485805e-01,2.323355479954886671e-01,2.437601705318422629e-01,2.511073948422541946e-01,2.486253809258555381e-01,2.503475200853723104e-01,2.637186863182809371e-01,2.034815407686016986e-01,3.196713344527193357e-01,8.811515994900478640e-03,1.000000000000001110e+00,1.123627738711842697e-02,3.167393068506246245e-01,1.881967258830017087e-01,3.218373708409024148e-01,3.121813154027819337e-01,2.336818055958620188e-01,2.451787287958499262e-01,2.523907974467273219e-01,2.511073948422531399e-01,2.502701901088770220e-01,2.517794754718049033e-01,2.650856874096976235e-01,2.051599528491961921e-01,3.207786827570853205e-01,1.123627738711842697e-02,1.000000000000001110e+00,-1.050236792707066186e-04,2.968421158647245872e-01,2.627174252621460315e-01,3.032515858979787371e-01,2.269968316469583858e-01,2.381677429505004717e-01,2.451787287958494266e-01,2.437601705318409584e-01,2.441203279721917974e-01,2.430530053910135990e-01,2.446699247114078879e-01,2.579090237793368878e-01,1.966170491127094966e-01,3.167393068506246245e-01,-1.050236792707066186e-04,1.000000000000001110e+00,-3.670740339060522828e-02,3.865861251016546873e-01,2.890285919011544857e-01,2.163504693843192883e-01,2.269968316469584413e-01,2.336818055958611029e-01,2.323355479954880287e-01,2.325037593904078770e-01,2.326854089580426277e-01,2.316374302618557923e-01,2.324810957865723893e-01,2.487143475082514987e-01,1.881967258830017087e-01,2.968421158647245872e-01,-3.670740339060522828e-02,1.000000000000001110e+00,9.646875149966636920e-02,3.861214680061594295e-01,2.890285919011549298e-01,3.032515858979796808e-01,3.121813154027818782e-01,3.103858687664473037e-01,3.106237628183726174e-01,3.106016796792017698e-01,3.107602226385543509e-01,3.097784745735997491e-01,3.117402091640780748e-01,3.218373708409024148e-01,2.627174252621460315e-01,3.865861251016546873e-01,9.646875149966636920e-02,1.000000000000001110e+00
