1.000000000000000000e+00,1.000000000000000000e+00,1.000000000000000000e+00,1.000000000000000000e+00,1.000000000000000000e+00,1.000000000000000000e+00,1.000000000000000000e+00,1.000000000000000000e+00,1.000000000000000000e+00,1.000000000000000000e+00,1.000000000000000000e+00,1.000000000000000000e+00,1.000000000000000000e+00,1.000000000000000000e+00,1.000000000000000000e+00,1.000000000000000000e+00,1.000000000000000000e+00,1.000000000000000000e+00,1.000000000000000000e+00,1.000000000000000000e+00,1.000000000000000000e+00,1.000000000000000000e+00,1.000000000000000000e+00,1.000000000000000000e+00,1.000000000000000000e+00,1.000000000000000000e+00,1.000000000000000000e+00,1.000000000000000000e+00,1.000000000000000000e+00,1.000000000000000000e+00,1.000000000000000000e+00,1.000000000000000000e+00,1.000000000000000000e+00,1.000000000000000000e+00,1.000000000000000000e+00,1.000000000000000000e+00,1.000000000000000000e+00,1.000000000000000000e+00,1.000000000000000000e+00,1.000000000000000000e+00,1.000000000000000000e+00,1.000000000000000000e+00,1.000000000000000000e+00,1.000000000000000000e+00,1.000000000000000000e+00,1.000000000000000000e+00,1.000000000000000000e+00,1.000000000000000000e+00,1.000000000000000000e+00,1.000000000000000000e+00,1.000000000000000000e+00,1.000000000000000000e+00,1.000000000000000000e+00,1.000000000000000000e+00,1.000000000000000000e+00,1.000000000000000000e+00,1.000000000000000000e+00,1.000000000000000000e+00,1.000000000000000000e+00,1.000000000000000000e+00,1.000000000000000000e+00,1.000000000000000000e+00,1.000000000000000000e+00,1.000000000000000000e+00,1.000000000000000000e+00,1.000000000000000000e+00,1.000000000000000000e+00,1.000000000000000000e+00,1.000000000000000000e+00,1.000000000000000000e+00,1.000000000000000000e+00,1.000000000000000000e+00,1.000000000000000000e+00,1.000000000000000000e+00,1.000000000000000000e+00,1.000000000000000000e+00,1.000000000000000000e+00,1.000000000000000000e+00,1.000000000000000000e+00,1.000000000000000000e+00,1.000000000000000000e+00,1.000000000000000000e+00,1.000000000000000000e+00,1.000000000000000000e+00,1.000000000000000000e+00,1.000000000000000000e+00,1.000000000000000000e+00,1.000000000000000000e+00,1.000000000000000000e+00,1.000000000000000000e+00,1.000000000000000000e+00,1.000000000000000000e+00,1.000000000000000000e+00,1.000000000000000000e+00,1.000000000000000000e+00,1.000000000000000000e+00,1.000000000000000000e+00,1.000000000000000000e+00,1.000000000000000000e+00,1.000000000000000000e+00,1.000000000000000000e+00,1.000000000000000000e+00,1.000000000000000000e+00,1.000000000000000000e+00,1.000000000000000000e+00,1.000000000000000000e+00,1.000000000000000000e+00,1.000000000000000000e+00,1.000000000000000000e+00,1.000000000000000000e+00,1.000000000000000000e+00,1.000000000000000000e+00,1.000000000000000000e+00,1.000000000000000000e+00,1.000000000000000000e+00,1.000000000000000000e+00,1.000000000000000000e+00,1.000000000000000000e+00,1.000000000000000000e+00,1.000000000000000000e+00,1.000000000000000000e+00,1.000000000000000000e+00,1.000000000000000000e+00,1.000000000000000000e+00,1.000000000000000000e+00,1.000000000000000000e+00,1.000000000000000000e+00,1.000000000000000000e+00,1.000000000000000000e+00,1.000000000000000000e+00,1.000000000000000000e+00,1.000000000000000000e+00,1.000000000000000000e+00,1.000000000000000000e+00,1.000000000000000000e+00,1.000000000000000000e+00,1.000000000000000000e+00,1.000000000000000000e+00,1.000000000000000000e+00,1.000000000000000000e+00,1.000000000000000000e+00,1.000000000000000000e+00,1.000000000000000000e+00,1.000000000000000000e+00,1.000000000000000000e+00,1.000000000000000000e+00,1.000000000000000000e+00,1.000000000000000000e+00,1.000000000000000000e+00,1.000000000000000000e+00,1.000000000000000000e+00,1.000000000000000000e+00,1.000000000000000000e+00,1.000000000000000000e+00,1.000000000000000000e+00,1.000000000000000000e+00,1.000000000000000000e+00,1.000000000000000000e+00,1.000000000000000000e+00,1.000000000000000000e+00,1.000000000000000000e+00,1.000000000000000000e+00,1.000000000000000000e+00,1.000000000000000000e+00,1.000000000000000000e+00,1.000000000000000000e+00,1.000000000000000000e+00,1.000000000000000000e+00,1.000000000000000000e+00,1.000000000000000000e+00,1.000000000000000000e+00,1.000000000000000000e+00,1.000000000000000000e+00,1.000000000000000000e+00,1.000000000000000000e+00,1.000000000000000000e+00,1.000000000000000000e+00,1.000000000000000000e+00,1.000000000000000000e+00,1.000000000000000000e+00,1.000000000000000000e+00,1.000000000000000000e+00,1.000000000000000000e+00,1.000000000000000000e+00,1.000000000000000000e+00,1.000000000000000000e+00,1.000000000000000000e+00,1.000000000000000000e+00,1.000000000000000000e+00,1.000000000000000000e+00,1.000000000000000000e+00,1.000000000000000000e+00,1.000000000000000000e+00,1.000000000000000000e+00,1.000000000000000000e+00,1.000000000000000000e+00,1.000000000000000000e+00,1.000000000000000000e+00,1.000000000000000000e+00,1.000000000000000000e+00,1.000000000000000000e+00,1.000000000000000000e+00,1.000000000000000000e+00,1.000000000000000000e+00,1.000000000000000000e+00,1.000000000000000000e+00,1.000000000000000000e+00,1.000000000000000000e+00,1.000000000000000000e+00,1.000000000000000000e+00,1.000000000000000000e+00,1.000000000000000000e+00,1.000000000000000000e+00,1.000000000000000000e+00,1.000000000000000000e+00,1.000000000000000000e+00,1.000000000000000000e+00,1.000000000000000000e+00,1.000000000000000000e+00,1.000000000000000000e+00,1.000000000000000000e+00,1.000000000000000000e+00,1.000000000000000000e+00,1.000000000000000000e+00,1.000000000000000000e+00,1.000000000000000000e+00,1.000000000000000000e+00,1.000000000000000000e+00,1.000000000000000000e+00,1.000000000000000000e+00,1.000000000000000000e+00,1.000000000000000000e+00,1.000000000000000000e+00,1.000000000000000000e+00,1.000000000000000000e+00,1.000000000000000000e+00,1.000000000000000000e+00,1.000000000000000000e+00,1.000000000000000000e+00,1.000000000000000000e+00,1.000000000000000000e+00,1.000000000000000000e+00,1.000000000000000000e+00,1.000000000000000000e+00,1.000000000000000000e+00,1.000000000000000000e+00,1.000000000000000000e+00,1.000000000000000000e+00,1.000000000000000000e+00,1.000000000000000000e+00,1.000000000000000000e+00,1.000000000000000000e+00,1.000000000000000000e+00,1.000000000000000000e+00,1.000000000000000000e+00,1.000000000000000000e+00,1.000000000000000000e+00,1.000000000000000000e+00,1.000000000000000000e+00,1.000000000000000000e+00,1.000000000000000000e+00,1.000000000000000000e+00,1.000000000000000000e+00,1.000000000000000000e+00,1.000000000000000000e+00,1.000000000000000000e+00,1.000000000000000000e+00,1.000000000000000000e+00,1.000000000000000000e+00,1.000000000000000000e+00,1.000000000000000000e+00,1.000000000000000000e+00,1.000000000000000000e+00,1.000000000000000000e+00,1.000000000000000000e+00,1.000000000000000000e+00,1.000000000000000000e+00,1.000000000000000000e+00,1.000000000000000000e+00,1.000000000000000000e+00,1.000000000000000000e+00,1.000000000000000000e+00,1.000000000000000000e+00,1.000000000000000000e+00,1.000000000000000000e+00,1.000000000000000000e+00,1.000000000000000000e+00,1.000000000000000000e+00,1.000000000000000000e+00,1.000000000000000000e+00,1.000000000000000000e+00,1.000000000000000000e+00,1.000000000000000000e+00,1.000000000000000000e+00,1.000000000000000000e+00,1.000000000000000000e+00,1.000000000000000000e+00,1.000000000000000000e+00,1.000000000000000000e+00,1.000000000000000000e+00,1.000000000000000000e+00,1.000000000000000000e+00,1.000000000000000000e+00,1.000000000000000000e+00,1.000000000000000000e+00,1.000000000000000000e+00,1.000000000000000000e+00,1.000000000000000000e+00,1.000000000000000000e+00,1.000000000000000000e+00,1.000000000000000000e+00,1.000000000000000000e+00,1.000000000000000000e+00,1.000000000000000000e+00,1.000000000000000000e+00,1.000000000000000000e+00,1.000000000000000000e+00,1.000000000000000000e+00,1.000000000000000000e+00,1.000000000000000000e+00,1.000000000000000000e+00,1.000000000000000000e+00,1.000000000000000000e+00,1.000000000000000000e+00,1.000000000000000000e+00,1.000000000000000000e+00,1.000000000000000000e+00,1.000000000000000000e+00,1.000000000000000000e+00,1.000000000000000000e+00,1.000000000000000000e+00,1.000000000000000000e+00,1.000000000000000000e+00,1.000000000000000000e+00,1.000000000000000000e+00,1.000000000000000000e+00,1.000000000000000000e+00,1.000000000000000000e+00,1.000000000000000000e+00,1.000000000000000000e+00,1.000000000000000000e+00,1.000000000000000000e+00,1.000000000000000000e+00,1.000000000000000000e+00,1.000000000000000000e+00,1.000000000000000000e+00,1.000000000000000000e+00,1.000000000000000000e+00,1.000000000000000000e+00,1.000000000000000000e+00,1.000000000000000000e+00,1.000000000000000000e+00,1.000000000000000000e+00,1.000000000000000000e+00,1.000000000000000000e+00,1.000000000000000000e+00,1.000000000000000000e+00,1.000000000000000000e+00,1.000000000000000000e+00,1.000000000000000000e+00,1.000000000000000000e+00
9.999999999999976685e-01,9.999130435602003875e-01,9.999130453226311444e-01,9.999130453503706217e-01,9.999130453525439943e-01,9.999130453528974893e-01,9.999130453529830875e-01,9.999130453530095108e-01,9.999130453530191698e-01,9.999130453530229445e-01,9.999130453530243878e-01,9.999130453530242768e-01,9.999130453530222784e-01,9.999130453530163942e-01,9.999130453529980755e-01,9.999130453529274654e-01,9.999130453525295614e-01,9.999130453478285441e-01,9.999130450375852686e-01,9.999130435602003875e-01,9.999999999999976685e-01,9.999130438751572258e-01,9.999130456332725458e-01,9.999130456606848405e-01,9.999130456628059216e-01,9.999130456631472041e-01,9.999130456632286945e-01,9.999130456632536745e-01,9.999130456632626673e-01,9.999130456632659980e-01,9.999130456632667752e-01,9.999130456632652209e-01,9.999130456632594477e-01,9.999130456632411290e-01,9.999130456631707409e-01,9.999130456627728369e-01,9.999130456580720416e-01,9.999130453478287661e-01,9.999130453226311444e-01,9.999130438751572258e-01,9.999999999999976685e-01,9.999130438802562582e-01,9.999130456380440624e-01,9.999130456654042876e-01,9.999130456675132672e-01,9.999130456678507750e-01,9.999130456679309331e-01,9.999130456679551360e-01,9.999130456679636847e-01,9.999130456679661272e-01,9.999130456679655721e-01,9.999130456679602430e-01,9.999130456679421464e-01,9.999130456678718692e-01,9.999130456674740763e-01,9.999130456627729480e-01,9.999130453525296724e-01,9.999130453503706217e-01,9.999130456332725458e-01,9.999130438802562582e-01,9.999999999999976685e-01,9.999130438807247723e-01,9.999130456384606180e-01,9.999130456658082977e-01,9.999130456679135026e-01,9.999130456682494561e-01,9.999130456683288370e-01,9.999130456683528179e-01,9.999130456683604784e-01,9.999130456683618107e-01,9.999130456683571477e-01,9.999130456683396062e-01,9.999130456682693291e-01,9.999130456678716472e-01,9.999130456631707409e-01,9.999130453529273543e-01,9.999130453525439943e-01,9.999130456606848405e-01,9.999130456380440624e-01,9.999130438807247723e-01,9.999999999999976685e-01,9.999130438808137011e-01,9.999130456385373344e-01,9.999130456658812394e-01,9.999130456679850010e-01,9.999130456683203994e-01,9.999130456683992252e-01,9.999130456684223178e-01,9.999130456684287571e-01,9.999130456684262036e-01,9.999130456684093282e-01,9.999130456683396062e-01,9.999130456679419243e-01,9.999130456632412400e-01,9.999130453529980755e-01,9.999130453528974893e-01,9.999130456628059216e-01,9.999130456654042876e-01,9.999130456384606180e-01,9.999130438808137011e-01,9.999999999999976685e-01,9.999130438808383481e-01,9.999130456385579846e-01,9.999130456659004462e-01,9.999130456680035417e-01,9.999130456683384960e-01,9.999130456684167667e-01,9.999130456684385271e-01,9.999130456684410806e-01,9.999130456684260926e-01,9.999130456683571477e-01,9.999130456679601320e-01,9.999130456632594477e-01,9.999130453530163942e-01,9.999130453529830875e-01,9.999130456631472041e-01,9.999130456675132672e-01,9.999130456658082977e-01,9.999130456385373344e-01,9.999130438808383481e-01,9.999999999999976685e-01,9.999130438808468968e-01,9.999130456385650900e-01,9.999130456659069965e-01,9.999130456680095369e-01,9.999130456683437140e-01,9.999130456684205415e-01,9.999130456684385271e-01,9.999130456684288681e-01,9.999130456683616996e-01,9.999130456679653500e-01,9.999130456632652209e-01,9.999130453530221674e-01,9.999130453530095108e-01,9.999130456632286945e-01,9.999130456678507750e-01,9.999130456679135026e-01,9.999130456658812394e-01,9.999130456385579846e-01,9.999130438808468968e-01,9.999999999999976685e-01,9.999130438808501165e-01,9.999130456385677546e-01,9.999130456659089949e-01,9.999130456680108692e-01,9.999130456683437140e-01,9.999130456684167667e-01,9.999130456684224288e-01,9.999130456683603674e-01,9.999130456679660162e-01,9.999130456632667752e-01,9.999130453530241658e-01,9.999130453530191698e-01,9.999130456632536745e-01,9.999130456679309331e-01,9.999130456682494561e-01,9.999130456679850010e-01,9.999130456659004462e-01,9.999130456385650900e-01,9.999130438808501165e-01,9.999999999999976685e-01,9.999130438808513377e-01,9.999130456385684207e-01,9.999130456659091060e-01,9.999130456680095369e-01,9.999130456683386070e-01,9.999130456683993362e-01,9.999130456683527068e-01,9.999130456679634626e-01,9.999130456632659980e-01,9.999130453530242768e-01,9.999130453530229445e-01,9.999130456632626673e-01,9.999130456679551360e-01,9.999130456683288370e-01,9.999130456683203994e-01,9.999130456680035417e-01,9.999130456659069965e-01,9.999130456385677546e-01,9.999130438808513377e-01,9.999999999999976685e-01,9.999130438808513377e-01,9.999130456385677546e-01,9.999130456659069965e-01,9.999130456680037637e-01,9.999130456683203994e-01,9.999130456683289481e-01,9.999130456679549139e-01,9.999130456632626673e-01,9.999130453530228335e-01,9.999130453530243878e-01,9.999130456632659980e-01,9.999130456679636847e-01,9.999130456683528179e-01,9.999130456683992252e-01,9.999130456683384960e-01,9.999130456680095369e-01,9.999130456659089949e-01,9.999130456385684207e-01,9.999130438808513377e-01,9.999999999999976685e-01,9.999130438808501165e-01,9.999130456385650900e-01,9.999130456659005572e-01,9.999130456679850010e-01,9.999130456682494561e-01,9.999130456679306000e-01,9.999130456632537856e-01,9.999130453530190588e-01,9.999130453530242768e-01,9.999130456632667752e-01,9.999130456679661272e-01,9.999130456683604784e-01,9.999130456684223178e-01,9.999130456684167667e-01,9.999130456683437140e-01,9.999130456680108692e-01,9.999130456659091060e-01,9.999130456385677546e-01,9.999130438808501165e-01,9.999999999999976685e-01,9.999130438808470078e-01,9.999130456385580956e-01,9.999130456658812394e-01,9.999130456679135026e-01,9.999130456678504419e-01,9.999130456632286945e-01,9.999130453530093998e-01,9.999130453530222784e-01,9.999130456632652209e-01,9.999130456679655721e-01,9.999130456683618107e-01,9.999130456684287571e-01,9.999130456684385271e-01,9.999130456684205415e-01,9.999130456683437140e-01,9.999130456680095369e-01,9.999130456659069965e-01,9.999130456385650900e-01,9.999130438808470078e-01,9.999999999999976685e-01,9.999130438808383481e-01,9.999130456385372234e-01,9.999130456658082977e-01,9.999130456675130452e-01,9.999130456631472041e-01,9.999130453529830875e-01,9.999130453530163942e-01,9.999130456632594477e-01,9.999130456679602430e-01,9.999130456683571477e-01,9.999130456684262036e-01,9.999130456684410806e-01,9.999130456684385271e-01,9.999130456684167667e-01,9.999130456683386070e-01,9.999130456680037637e-01,9.999130456659005572e-01,9.999130456385580956e-01,9.999130438808383481e-01,9.999999999999976685e-01,9.999130438808138122e-01,9.999130456384605070e-01,9.999130456654041765e-01,9.999130456628059216e-01,9.999130453528977114e-01,9.999130453529980755e-01,9.999130456632411290e-01,9.999130456679421464e-01,9.999130456683396062e-01,9.999130456684093282e-01,9.999130456684260926e-01,9.999130456684288681e-01,9.999130456684224288e-01,9.999130456683993362e-01,9.999130456683203994e-01,9.999130456679850010e-01,9.999130456658812394e-01,9.999130456385372234e-01,9.999130438808138122e-01,9.999999999999976685e-01,9.999130438807247723e-01,9.999130456380440624e-01,9.999130456606845074e-01,9.999130453525439943e-01,9.999130453529274654e-01,9.999130456631707409e-01,9.999130456678718692e-01,9.999130456682693291e-01,9.999130456683396062e-01,9.999130456683571477e-01,9.999130456683616996e-01,9.999130456683603674e-01,9.999130456683527068e-01,9.999130456683289481e-01,9.999130456682494561e-01,9.999130456679135026e-01,9.999130456658082977e-01,9.999130456384605070e-01,9.999130438807247723e-01,9.999999999999976685e-01,9.999130438802561471e-01,9.999130456332724348e-01,9.999130453503706217e-01,9.999130453525295614e-01,9.999130456627728369e-01,9.999130456674740763e-01,9.999130456678716472e-01,9.999130456679419243e-01,9.999130456679601320e-01,9.999130456679653500e-01,9.999130456679660162e-01,9.999130456679634626e-01,9.999130456679549139e-01,9.999130456679306000e-01,9.999130456678504419e-01,9.999130456675130452e-01,9.999130456654041765e-01,9.999130456380440624e-01,9.999130438802561471e-01,9.999999999999976685e-01,9.999130438751567818e-01,9.999130453226310333e-01,9.999130453478285441e-01,9.999130456580720416e-01,9.999130456627729480e-01,9.999130456631707409e-01,9.999130456632412400e-01,9.999130456632594477e-01,9.999130456632652209e-01,9.999130456632667752e-01,9.999130456632659980e-01,9.999130456632626673e-01,9.999130456632537856e-01,9.999130456632286945e-01,9.999130456631472041e-01,9.999130456628059216e-01,9.999130456606845074e-01,9.999130456332724348e-01,9.999130438751567818e-01,9.999999999999976685e-01,9.999130435602002764e-01,9.999130450375852686e-01,9.999130453478287661e-01,9.999130453525296724e-01,9.999130453529273543e-01,9.999130453529980755e-01,9.999130453530163942e-01,9.999130453530221674e-01,9.999130453530241658e-01,9.999130453530242768e-01,9.999130453530228335e-01,9.999130453530190588e-01,9.999130453530093998e-01,9.999130453529830875e-01,9.999130453528977114e-01,9.999130453525439943e-01,9.999130453503706217e-01,9.999130453226310333e-01,9.999130435602002764e-01,9.999999999999976685e-01
9.999999999999995559e-01,9.988084177766954896e-01,9.988087461602576100e-01,9.988087582790541319e-01,9.988087592481067478e-01,9.988087594062080576e-01,9.988087594443741946e-01,9.988087594561945171e-01,9.988087594605147279e-01,9.988087594622382381e-01,9.988087594628594079e-01,9.988087594628042298e-01,9.988087594619455833e-01,9.988087594593230145e-01,9.988087594511737555e-01,9.988087594198324926e-01,9.988087592433074757e-01,9.988087571963534250e-01,9.988086921363151793e-01,9.988084177766954896e-01,9.999999999999995559e-01,9.988084849211777971e-01,9.988088113979890492e-01,9.988088233705975094e-01,9.988088243163929514e-01,9.988088244689961037e-01,9.988088245054789205e-01,9.988088245166659718e-01,9.988088245206812044e-01,9.988088245221778960e-01,9.988088245224944206e-01,9.988088245218071926e-01,9.988088245192693337e-01,9.988088245111645946e-01,9.988088244798477566e-01,9.988088243033368396e-01,9.988088222563907825e-01,9.988087571963534250e-01,9.988087461602576100e-01,9.988084849211777971e-01,9.999999999999995559e-01,9.988084871459658176e-01,9.988088134763218884e-01,9.988088254257765364e-01,9.988088263660908073e-01,9.988088265170148583e-01,9.988088265528658471e-01,9.988088265637483643e-01,9.988088265675368893e-01,9.988088265687289358e-01,9.988088265684135214e-01,9.988088265660471921e-01,9.988088265580273850e-01,9.988088265267549559e-01,9.988088263502682418e-01,9.988088243033365066e-01,9.988087592433073647e-01,9.988087582790541319e-01,9.988088113979890492e-01,9.988084871459658176e-01,9.999999999999995559e-01,9.988084873540123976e-01,9.988088136610803192e-01,9.988088256050543512e-01,9.988088265436896318e-01,9.988088266939818549e-01,9.988088267295283096e-01,9.988088267401841192e-01,9.988088267436678880e-01,9.988088267442281065e-01,9.988088267422333688e-01,9.988088267343852023e-01,9.988088267031975942e-01,9.988088265267550669e-01,9.988088244798478677e-01,9.988087594198327146e-01,9.988087592481067478e-01,9.988088233705975094e-01,9.988088134763218884e-01,9.988084873540123976e-01,9.999999999999995559e-01,9.988084873936248220e-01,9.988088136951875917e-01,9.988088256374825225e-01,9.988088265754859751e-01,9.988088267254736641e-01,9.988088267607933002e-01,9.988088267711447976e-01,9.988088267739966275e-01,9.988088267728776337e-01,9.988088267654007257e-01,9.988088267343848692e-01,9.988088265580272740e-01,9.988088245111649277e-01,9.988087594511738665e-01,9.988087594062080576e-01,9.988088243163929514e-01,9.988088254257765364e-01,9.988088136610803192e-01,9.988084873936248220e-01,9.999999999999995559e-01,9.988084874045716210e-01,9.988088137044489612e-01,9.988088256461120640e-01,9.988088265838108715e-01,9.988088267335718529e-01,9.988088267685869548e-01,9.988088267783064023e-01,9.988088267794792419e-01,9.988088267728779668e-01,9.988088267422335909e-01,9.988088265660473031e-01,9.988088245192694448e-01,9.988087594593231255e-01,9.988087594443741946e-01,9.988088244689961037e-01,9.988088263660908073e-01,9.988088256050543512e-01,9.988088136951875917e-01,9.988084874045716210e-01,9.999999999999995559e-01,9.988084874083523745e-01,9.988088137075956663e-01,9.988088256489543459e-01,9.988088265864263349e-01,9.988088267358828931e-01,9.988088267702660561e-01,9.988088267783061802e-01,9.988088267739967385e-01,9.988088267442281065e-01,9.988088265684138545e-01,9.988088245218070815e-01,9.988087594619458054e-01,9.988087594561945171e-01,9.988088245054789205e-01,9.988088265170148583e-01,9.988088265436896318e-01,9.988088256374825225e-01,9.988088137044489612e-01,9.988084874083523745e-01,9.999999999999995559e-01,9.988084874098208665e-01,9.988088137087588469e-01,9.988088256498907080e-01,9.988088265870583848e-01,9.988088267358828931e-01,9.988088267685867327e-01,9.988088267711447976e-01,9.988088267436678880e-01,9.988088265687292688e-01,9.988088245224940875e-01,9.988087594628043409e-01,9.988087594605147279e-01,9.988088245166659718e-01,9.988088265528658471e-01,9.988088266939818549e-01,9.988088265754859751e-01,9.988088256461120640e-01,9.988088137075956663e-01,9.988084874098208665e-01,9.999999999999995559e-01,9.988084874103524413e-01,9.988088137090633811e-01,9.988088256498907080e-01,9.988088265864263349e-01,9.988088267335715198e-01,9.988088267607935222e-01,9.988088267401840081e-01,9.988088265675371114e-01,9.988088245221776740e-01,9.988087594628594079e-01,9.988087594622382381e-01,9.988088245206812044e-01,9.988088265637483643e-01,9.988088267295283096e-01,9.988088267254736641e-01,9.988088265838108715e-01,9.988088256489543459e-01,9.988088137087588469e-01,9.988084874103524413e-01,9.999999999999995559e-01,9.988084874103524413e-01,9.988088137087588469e-01,9.988088256489542349e-01,9.988088265838106494e-01,9.988088267254737751e-01,9.988088267295281986e-01,9.988088265637486973e-01,9.988088245206809823e-01,9.988087594622382381e-01,9.988087594628594079e-01,9.988088245221778960e-01,9.988088265675368893e-01,9.988088267401841192e-01,9.988088267607933002e-01,9.988088267335718529e-01,9.988088265864263349e-01,9.988088256498907080e-01,9.988088137090633811e-01,9.988084874103524413e-01,9.999999999999995559e-01,9.988084874098208665e-01,9.988088137075956663e-01,9.988088256461118419e-01,9.988088265754860862e-01,9.988088266939817439e-01,9.988088265528660692e-01,9.988088245166659718e-01,9.988087594605146169e-01,9.988087594628042298e-01,9.988088245224944206e-01,9.988088265687289358e-01,9.988088267436678880e-01,9.988088267711447976e-01,9.988088267685869548e-01,9.988088267358828931e-01,9.988088265870583848e-01,9.988088256498907080e-01,9.988088137087588469e-01,9.988084874098208665e-01,9.999999999999995559e-01,9.988084874083523745e-01,9.988088137044486281e-01,9.988088256374827445e-01,9.988088265436894098e-01,9.988088265170151914e-01,9.988088245054789205e-01,9.988087594561945171e-01,9.988087594619455833e-01,9.988088245218071926e-01,9.988088265684135214e-01,9.988088267442281065e-01,9.988088267739966275e-01,9.988088267783064023e-01,9.988088267702660561e-01,9.988088267358828931e-01,9.988088265864263349e-01,9.988088256489542349e-01,9.988088137075956663e-01,9.988084874083523745e-01,9.999999999999995559e-01,9.988084874045712880e-01,9.988088136951878138e-01,9.988088256050542402e-01,9.988088263660910293e-01,9.988088244689959927e-01,9.988087594443741946e-01,9.988087594593230145e-01,9.988088245192693337e-01,9.988088265660471921e-01,9.988088267422333688e-01,9.988088267728776337e-01,9.988088267794792419e-01,9.988088267783061802e-01,9.988088267685867327e-01,9.988088267335715198e-01,9.988088265838106494e-01,9.988088256461118419e-01,9.988088137044486281e-01,9.988084874045712880e-01,9.999999999999995559e-01,9.988084873936248220e-01,9.988088136610802081e-01,9.988088254257766474e-01,9.988088243163926183e-01,9.988087594062080576e-01,9.988087594511737555e-01,9.988088245111645946e-01,9.988088265580273850e-01,9.988088267343852023e-01,9.988088267654007257e-01,9.988088267728779668e-01,9.988088267739967385e-01,9.988088267711447976e-01,9.988088267607935222e-01,9.988088267254737751e-01,9.988088265754860862e-01,9.988088256374827445e-01,9.988088136951878138e-01,9.988084873936248220e-01,9.999999999999995559e-01,9.988084873540121755e-01,9.988088134763221104e-01,9.988088233705973984e-01,9.988087592481067478e-01,9.988087594198324926e-01,9.988088244798477566e-01,9.988088265267549559e-01,9.988088267031975942e-01,9.988088267343848692e-01,9.988088267422335909e-01,9.988088267442281065e-01,9.988088267436678880e-01,9.988088267401840081e-01,9.988088267295281986e-01,9.988088266939817439e-01,9.988088265436894098e-01,9.988088256050542402e-01,9.988088136610802081e-01,9.988084873540121755e-01,9.999999999999995559e-01,9.988084871459660397e-01,9.988088113979889382e-01,9.988087582790541319e-01,9.988087592433074757e-01,9.988088243033368396e-01,9.988088263502682418e-01,9.988088265267550669e-01,9.988088265580272740e-01,9.988088265660473031e-01,9.988088265684138545e-01,9.988088265687292688e-01,9.988088265675371114e-01,9.988088265637486973e-01,9.988088265528660692e-01,9.988088265170151914e-01,9.988088263660910293e-01,9.988088254257766474e-01,9.988088134763221104e-01,9.988084871459660397e-01,9.999999999999995559e-01,9.988084849211777971e-01,9.988087461602574990e-01,9.988087571963534250e-01,9.988088222563907825e-01,9.988088243033365066e-01,9.988088244798478677e-01,9.988088245111649277e-01,9.988088245192694448e-01,9.988088245218070815e-01,9.988088245224940875e-01,9.988088245221776740e-01,9.988088245206809823e-01,9.988088245166659718e-01,9.988088245054789205e-01,9.988088244689959927e-01,9.988088243163926183e-01,9.988088233705973984e-01,9.988088113979889382e-01,9.988084849211777971e-01,9.999999999999995559e-01,9.988084177766956007e-01,9.988086921363151793e-01,9.988087571963534250e-01,9.988087592433073647e-01,9.988087594198327146e-01,9.988087594511738665e-01,9.988087594593231255e-01,9.988087594619458054e-01,9.988087594628043409e-01,9.988087594628594079e-01,9.988087594622382381e-01,9.988087594605146169e-01,9.988087594561945171e-01,9.988087594443741946e-01,9.988087594062080576e-01,9.988087592481067478e-01,9.988087582790541319e-01,9.988087461602574990e-01,9.988084177766956007e-01,9.999999999999995559e-01
1.000000000000000444e+00,9.952355004953769013e-01,9.952406417856757281e-01,9.952410183018207679e-01,9.952410490358017947e-01,9.952410540904728098e-01,9.952410553181871844e-01,9.952410557000532787e-01,9.952410558399115148e-01,9.952410558954557507e-01,9.952410559146721569e-01,9.952410559107340848e-01,9.952410558778715943e-01,9.952410557799965529e-01,9.952410554774061557e-01,9.952410543158776157e-01,9.952410477930867527e-01,9.952409736272993523e-01,9.952396264869098896e-01,9.952355004953769013e-01,1.000000000000000444e+00,9.952369250692879588e-01,9.952419956287600344e-01,9.952423666246877909e-01,9.952423964864829387e-01,9.952424013353764476e-01,9.952424025001490593e-01,9.952424028583573001e-01,9.952424029868323085e-01,9.952424030339260819e-01,9.952424030418219880e-01,9.952424030144234601e-01,9.952424029192507016e-01,9.952424026180757277e-01,9.952424014573244548e-01,9.952423949349712418e-01,9.952423207693491536e-01,9.952409736272992413e-01,9.952406417856757281e-01,9.952369250692879588e-01,1.000000000000000444e+00,9.952370059480433184e-01,9.952420709625202644e-01,9.952424410960468704e-01,9.952424707542161242e-01,9.952424755407441870e-01,9.952424766820489044e-01,9.952424770289470812e-01,9.952424771490033795e-01,9.952424771847914187e-01,9.952424771692349736e-01,9.952424770795301745e-01,9.952424767810601480e-01,9.952424756217258528e-01,9.952424691001515722e-01,9.952423949349712418e-01,9.952410477930865307e-01,9.952410183018207679e-01,9.952419956287600344e-01,9.952370059480433184e-01,1.000000000000000444e+00,9.952370136523279731e-01,9.952420777910053751e-01,9.952424477208975384e-01,9.952424773167366512e-01,9.952424820798086991e-01,9.952424832098077934e-01,9.952424835482889254e-01,9.952424836570403777e-01,9.952424836693765098e-01,9.952424835915137935e-01,9.952424832985120595e-01,9.952424821418827117e-01,9.952424756217257418e-01,9.952424014573244548e-01,9.952410543158775047e-01,9.952410490358017947e-01,9.952423666246877909e-01,9.952420709625202644e-01,9.952370136523279731e-01,1.000000000000000444e+00,9.952370151230610640e-01,9.952420790550705609e-01,9.952424489225948356e-01,9.952424784949778225e-01,9.952424832467445803e-01,9.952424843683267408e-01,9.952424846955033599e-01,9.952424847808027941e-01,9.952424847308328770e-01,9.952424844496731149e-01,9.952424832985119485e-01,9.952424767810601480e-01,9.952424026180759498e-01,9.952410554774061557e-01,9.952410540904728098e-01,9.952423964864829387e-01,9.952424410960468704e-01,9.952420777910053751e-01,9.952370151230610640e-01,1.000000000000000444e+00,9.952370155298507770e-01,9.952420793986216374e-01,9.952424492426772407e-01,9.952424788037546044e-01,9.952424835471044284e-01,9.952424846573819650e-01,9.952424849611063440e-01,9.952424849840998400e-01,9.952424847308328770e-01,9.952424835915137935e-01,9.952424770795301745e-01,9.952424029192508126e-01,9.952410557799964419e-01,9.952410553181871844e-01,9.952424013353764476e-01,9.952424707542161242e-01,9.952424477208975384e-01,9.952420790550705609e-01,9.952370155298507770e-01,1.000000000000000444e+00,9.952370156704154480e-01,9.952420795154118816e-01,9.952424493481570877e-01,9.952424789008172956e-01,9.952424836328626068e-01,9.952424847196881252e-01,9.952424849611064550e-01,9.952424847808029051e-01,9.952424836693765098e-01,9.952424771692348626e-01,9.952424030144235712e-01,9.952410558778715943e-01,9.952410557000532787e-01,9.952424025001490593e-01,9.952424755407441870e-01,9.952424773167366512e-01,9.952424489225948356e-01,9.952420793986216374e-01,9.952370156704154480e-01,1.000000000000000444e+00,9.952370157250209903e-01,9.952420795585874558e-01,9.952424493829138408e-01,9.952424789242694247e-01,9.952424836328626068e-01,9.952424846573820760e-01,9.952424846955034710e-01,9.952424836570404887e-01,9.952424771847914187e-01,9.952424030418219880e-01,9.952410559107339738e-01,9.952410558399115148e-01,9.952424028583573001e-01,9.952424766820489044e-01,9.952424820798086991e-01,9.952424784949778225e-01,9.952424492426772407e-01,9.952420795154118816e-01,9.952370157250209903e-01,1.000000000000000444e+00,9.952370157447885113e-01,9.952420795698926348e-01,9.952424493829139518e-01,9.952424789008174066e-01,9.952424835471044284e-01,9.952424843683269629e-01,9.952424835482890364e-01,9.952424771490032684e-01,9.952424030339259708e-01,9.952410559146721569e-01,9.952410558954557507e-01,9.952424029868323085e-01,9.952424770289470812e-01,9.952424832098077934e-01,9.952424832467445803e-01,9.952424788037546044e-01,9.952424493481570877e-01,9.952420795585874558e-01,9.952370157447885113e-01,1.000000000000000444e+00,9.952370157447884003e-01,9.952420795585875668e-01,9.952424493481571988e-01,9.952424788037546044e-01,9.952424832467448024e-01,9.952424832098079044e-01,9.952424770289470812e-01,9.952424029868324196e-01,9.952410558954557507e-01,9.952410559146721569e-01,9.952424030339260819e-01,9.952424771490033795e-01,9.952424835482889254e-01,9.952424843683267408e-01,9.952424835471044284e-01,9.952424789008172956e-01,9.952424493829138408e-01,9.952420795698926348e-01,9.952370157447884003e-01,1.000000000000000444e+00,9.952370157250209903e-01,9.952420795154118816e-01,9.952424492426773517e-01,9.952424784949779335e-01,9.952424820798088101e-01,9.952424766820487934e-01,9.952424028583573001e-01,9.952410558399115148e-01,9.952410559107340848e-01,9.952424030418219880e-01,9.952424771847914187e-01,9.952424836570403777e-01,9.952424846955033599e-01,9.952424846573819650e-01,9.952424836328626068e-01,9.952424789242694247e-01,9.952424493829139518e-01,9.952420795585875668e-01,9.952370157250209903e-01,1.000000000000000444e+00,9.952370156704154480e-01,9.952420793986218595e-01,9.952424489225950577e-01,9.952424773167367622e-01,9.952424755407441870e-01,9.952424025001490593e-01,9.952410557000532787e-01,9.952410558778715943e-01,9.952424030144234601e-01,9.952424771692349736e-01,9.952424836693765098e-01,9.952424847808027941e-01,9.952424849611063440e-01,9.952424847196881252e-01,9.952424836328626068e-01,9.952424789008174066e-01,9.952424493481571988e-01,9.952420795154118816e-01,9.952370156704154480e-01,1.000000000000000444e+00,9.952370155298509991e-01,9.952420790550706720e-01,9.952424477208975384e-01,9.952424707542161242e-01,9.952424013353765586e-01,9.952410553181871844e-01,9.952410557799965529e-01,9.952424029192507016e-01,9.952424770795301745e-01,9.952424835915137935e-01,9.952424847308328770e-01,9.952424849840998400e-01,9.952424849611064550e-01,9.952424846573820760e-01,9.952424835471044284e-01,9.952424788037546044e-01,9.952424492426773517e-01,9.952420793986218595e-01,9.952370155298509991e-01,1.000000000000000444e+00,9.952370151230610640e-01,9.952420777910054861e-01,9.952424410960473145e-01,9.952423964864830497e-01,9.952410540904731429e-01,9.952410554774061557e-01,9.952424026180757277e-01,9.952424767810601480e-01,9.952424832985120595e-01,9.952424844496731149e-01,9.952424847308328770e-01,9.952424847808029051e-01,9.952424846955034710e-01,9.952424843683269629e-01,9.952424832467448024e-01,9.952424784949779335e-01,9.952424489225950577e-01,9.952420790550706720e-01,9.952370151230610640e-01,1.000000000000000444e+00,9.952370136523279731e-01,9.952420709625202644e-01,9.952423666246875689e-01,9.952410490358019057e-01,9.952410543158776157e-01,9.952424014573244548e-01,9.952424756217258528e-01,9.952424821418827117e-01,9.952424832985119485e-01,9.952424835915137935e-01,9.952424836693765098e-01,9.952424836570404887e-01,9.952424835482890364e-01,9.952424832098079044e-01,9.952424820798088101e-01,9.952424773167367622e-01,9.952424477208975384e-01,9.952420777910054861e-01,9.952370136523279731e-01,1.000000000000000444e+00,9.952370059480433184e-01,9.952419956287598124e-01,9.952410183018208789e-01,9.952410477930867527e-01,9.952423949349712418e-01,9.952424691001515722e-01,9.952424756217257418e-01,9.952424767810601480e-01,9.952424770795301745e-01,9.952424771692348626e-01,9.952424771847914187e-01,9.952424771490032684e-01,9.952424770289470812e-01,9.952424766820487934e-01,9.952424755407441870e-01,9.952424707542161242e-01,9.952424410960473145e-01,9.952420709625202644e-01,9.952370059480433184e-01,1.000000000000000444e+00,9.952369250692878477e-01,9.952406417856756171e-01,9.952409736272993523e-01,9.952423207693491536e-01,9.952423949349712418e-01,9.952424014573244548e-01,9.952424026180759498e-01,9.952424029192508126e-01,9.952424030144235712e-01,9.952424030418219880e-01,9.952424030339259708e-01,9.952424029868324196e-01,9.952424028583573001e-01,9.952424025001490593e-01,9.952424013353765586e-01,9.952423964864830497e-01,9.952423666246875689e-01,9.952419956287598124e-01,9.952369250692878477e-01,1.000000000000000444e+00,9.952355004953772344e-01,9.952396264869098896e-01,9.952409736272992413e-01,9.952410477930865307e-01,9.952410543158775047e-01,9.952410554774061557e-01,9.952410557799964419e-01,9.952410558778715943e-01,9.952410559107339738e-01,9.952410559146721569e-01,9.952410558954557507e-01,9.952410558399115148e-01,9.952410557000532787e-01,9.952410553181871844e-01,9.952410540904731429e-01,9.952410490358019057e-01,9.952410183018208789e-01,9.952406417856756171e-01,9.952355004953772344e-01,1.000000000000000444e+00
