1.000000000000000000e+00,1.000000000000000000e+00,1.000000000000000000e+00,1.000000000000000000e+00,1.000000000000000000e+00,1.000000000000000000e+00,1.000000000000000000e+00,1.000000000000000000e+00,1.000000000000000000e+00,1.000000000000000000e+00,1.000000000000000000e+00,1.000000000000000000e+00,1.000000000000000000e+00,1.000000000000000000e+00,1.000000000000000000e+00,1.000000000000000000e+00,1.000000000000000000e+00,1.000000000000000000e+00,1.000000000000000000e+00,1.000000000000000000e+00,1.000000000000000000e+00,1.000000000000000000e+00,1.000000000000000000e+00,1.000000000000000000e+00,1.000000000000000000e+00,1.000000000000000000e+00,1.000000000000000000e+00,1.000000000000000000e+00,1.000000000000000000e+00,1.000000000000000000e+00,1.000000000000000000e+00,1.000000000000000000e+00,1.000000000000000000e+00,1.000000000000000000e+00,1.000000000000000000e+00,1.000000000000000000e+00,1.000000000000000000e+00,1.000000000000000000e+00,1.000000000000000000e+00,1.000000000000000000e+00,1.000000000000000000e+00,1.000000000000000000e+00,1.000000000000000000e+00,1.000000000000000000e+00,1.000000000000000000e+00,1.000000000000000000e+00,1.000000000000000000e+00,1.000000000000000000e+00,1.000000000000000000e+00
9.999999999999953371e-01,9.999999995752559823e-01,9.999999997104541682e-01,9.999999994370766254e-01,9.999999994360860844e-01,9.999999995752603121e-01,9.999999996161016425e-01,9.999999995752559823e-01,9.999999999999953371e-01,9.999999993951631527e-01,9.999999996682986669e-01,9.999999993975493551e-01,9.999999995344874826e-01,9.999999995752604232e-01,9.999999997104541682e-01,9.999999993951631527e-01,9.999999999999953371e-01,9.999999992545970384e-01,9.999999995303701095e-01,9.999999993975493551e-01,9.999999994360860844e-01,9.999999994370766254e-01,9.999999996682986669e-01,9.999999992545970384e-01,9.999999999999953371e-01,9.999999992545969274e-01,9.999999996682985559e-01,9.999999994370765144e-01,9.999999994360860844e-01,9.999999993975493551e-01,9.999999995303701095e-01,9.999999992545969274e-01,9.999999999999953371e-01,9.999999993951629307e-01,9.999999997104540572e-01,9.999999995752603121e-01,9.999999995344874826e-01,9.999999993975493551e-01,9.999999996682985559e-01,9.999999993951629307e-01,9.999999999999953371e-01,9.999999995752558712e-01,9.999999996161016425e-01,9.999999995752604232e-01,9.999999994360860844e-01,9.999999994370765144e-01,9.999999997104540572e-01,9.999999995752558712e-01,9.999999999999953371e-01
9.999999999999911182e-01,9.999998590958771860e-01,9.999998700469816537e-01,9.999998450681180096e-01,9.999998450875525746e-01,9.999998590924192854e-01,9.999998910672139862e-01,9.999998590958771860e-01,9.999999999999911182e-01,9.999998131079456121e-01,9.999998378453771597e-01,9.999998133339111916e-01,9.999998271262061644e-01,9.999998590924192854e-01,9.999998700469816537e-01,9.999998131079456121e-01,9.999999999999911182e-01,9.999997988530667792e-01,9.999998240728183996e-01,9.999998133339113027e-01,9.999998450875527967e-01,9.999998450681180096e-01,9.999998378453771597e-01,9.999997988530667792e-01,9.999999999999911182e-01,9.999997988530666682e-01,9.999998378453772707e-01,9.999998450681180096e-01,9.999998450875525746e-01,9.999998133339111916e-01,9.999998240728183996e-01,9.999997988530666682e-01,9.999999999999911182e-01,9.999998131079455010e-01,9.999998700469816537e-01,9.999998590924192854e-01,9.999998271262061644e-01,9.999998133339113027e-01,9.999998378453772707e-01,9.999998131079455010e-01,9.999999999999911182e-01,9.999998590958771860e-01,9.999998910672139862e-01,9.999998590924192854e-01,9.999998450875527967e-01,9.999998450681180096e-01,9.999998700469816537e-01,9.999998590958771860e-01,9.999999999999911182e-01
9.999999999999833467e-01,9.999963025192052379e-01,9.999963873575817841e-01,9.999961315018649488e-01,9.999961342015925014e-01,9.999963022405545798e-01,9.999972539063846089e-01,9.999963025192052379e-01,9.999999999999833467e-01,9.999951827296943430e-01,9.999954315210465294e-01,9.999951849613037957e-01,9.999953507368460892e-01,9.999963022405544688e-01,9.999963873575817841e-01,9.999951827296943430e-01,9.999999999999833467e-01,9.999950094096503594e-01,9.999952684456503427e-01,9.999951849613039068e-01,9.999961342015926125e-01,9.999961315018649488e-01,9.999954315210465294e-01,9.999950094096503594e-01,9.999999999999833467e-01,9.999950094096504705e-01,9.999954315210467515e-01,9.999961315018650598e-01,9.999961342015925014e-01,9.999951849613037957e-01,9.999952684456503427e-01,9.999950094096504705e-01,9.999999999999833467e-01,9.999951827296943430e-01,9.999963873575814510e-01,9.999963022405545798e-01,9.999953507368460892e-01,9.999951849613039068e-01,9.999954315210467515e-01,9.999951827296943430e-01,9.999999999999833467e-01,9.999963025192053490e-01,9.999972539063846089e-01,9.999963022405544688e-01,9.999961342015926125e-01,9.999961315018650598e-01,9.999963873575814510e-01,9.999963025192053490e-01,9.999999999999833467e-01
9.999999999999521494e-01,9.999629107415002327e-01,9.999630931852682147e-01,9.999619256393509348e-01,9.999619590298927108e-01,9.999629056273069416e-01,9.999728463412732582e-01,9.999629107415002327e-01,9.999999999999521494e-01,9.999520235093487530e-01,9.999531256497734555e-01,9.999520307256848373e-01,9.999529664213204772e-01,9.999629056273070526e-01,9.999630931852682147e-01,9.999520235093487530e-01,9.999999999999521494e-01,9.999510303637793029e-01,9.999522229484156810e-01,9.999520307256847262e-01,9.999619590298927108e-01,9.999619256393509348e-01,9.999531256497734555e-01,9.999510303637793029e-01,9.999999999999521494e-01,9.999510303637791919e-01,9.999531256497734555e-01,9.999619256393510458e-01,9.999619590298927108e-01,9.999520307256848373e-01,9.999522229484156810e-01,9.999510303637791919e-01,9.999999999999521494e-01,9.999520235093486420e-01,9.999630931852682147e-01,9.999629056273069416e-01,9.999529664213204772e-01,9.999520307256847262e-01,9.999531256497734555e-01,9.999520235093486420e-01,9.999999999999521494e-01,9.999629107415003437e-01,9.999728463412732582e-01,9.999629056273070526e-01,9.999619590298927108e-01,9.999619256393510458e-01,9.999630931852682147e-01,9.999629107415003437e-01,9.999999999999521494e-01
9.999999999999372724e-01,9.997798881753088285e-01,9.997796230600733969e-01,9.997761028229752434e-01,9.997762842095873070e-01,9.997798477811085105e-01,9.998397045239886261e-01,9.997798881753088285e-01,9.999999999999372724e-01,9.997164702130743041e-01,9.997197141214620997e-01,9.997164844543847684e-01,9.997200032479056642e-01,9.997798477811087325e-01,9.997796230600733969e-01,9.997164702130743041e-01,9.999999999999372724e-01,9.997126729513099441e-01,9.997163686945934602e-01,9.997164844543851014e-01,9.997762842095877511e-01,9.997761028229752434e-01,9.997197141214620997e-01,9.997126729513099441e-01,9.999999999999372724e-01,9.997126729513096111e-01,9.997197141214620997e-01,9.997761028229752434e-01,9.997762842095873070e-01,9.997164844543847684e-01,9.997163686945934602e-01,9.997126729513096111e-01,9.999999999999372724e-01,9.997164702130740821e-01,9.997796230600733969e-01,9.997798477811085105e-01,9.997200032479056642e-01,9.997164844543851014e-01,9.997197141214620997e-01,9.997164702130740821e-01,9.999999999999372724e-01,9.997798881753088285e-01,9.998397045239886261e-01,9.997798477811087325e-01,9.997762842095877511e-01,9.997761028229752434e-01,9.997796230600733969e-01,9.997798881753088285e-01,9.999999999999372724e-01
9.999999999999396039e-01,9.990694498160628267e-01,9.990674715849544585e-01,9.990590293691820056e-01,9.990594928112693784e-01,9.990693349691432967e-01,9.993226476284665649e-01,9.990694498160628267e-01,9.999999999999396039e-01,9.988062580051113581e-01,9.988145018081213689e-01,9.988064914785570458e-01,9.988161350846437303e-01,9.990693349691439629e-01,9.990674715849544585e-01,9.988062580051113581e-01,9.999999999999396039e-01,9.987957362807291517e-01,9.988052527485775656e-01,9.988064914785570458e-01,9.990594928112703776e-01,9.990590293691820056e-01,9.988145018081213689e-01,9.987957362807291517e-01,9.999999999999396039e-01,9.987957362807287076e-01,9.988145018081209248e-01,9.990590293691825607e-01,9.990594928112693784e-01,9.988064914785570458e-01,9.988052527485775656e-01,9.987957362807287076e-01,9.999999999999396039e-01,9.988062580051105810e-01,9.990674715849544585e-01,9.990693349691432967e-01,9.988161350846437303e-01,9.988064914785570458e-01,9.988145018081209248e-01,9.988062580051105810e-01,9.999999999999396039e-01,9.990694498160631598e-01,9.993226476284665649e-01,9.990693349691439629e-01,9.990594928112703776e-01,9.990590293691825607e-01,9.990674715849544585e-01,9.990694498160631598e-01,9.999999999999396039e-01
9.999999999999485967e-01,9.969335808816820466e-01,9.969346858666008337e-01,9.969181276814165216e-01,9.969177224733778431e-01,9.969343519069416848e-01,9.977593362093934992e-01,9.969335808816820466e-01,9.999999999999485967e-01,9.960912614348115257e-01,9.961131488433948578e-01,9.960942459455356390e-01,9.961102657877274336e-01,9.969343519069440163e-01,9.969346858666008337e-01,9.960912614348115257e-01,9.999999999999485967e-01,9.960743247638408349e-01,9.960964078519090048e-01,9.960942459455356390e-01,9.969177224733800635e-01,9.969181276814165216e-01,9.961131488433948578e-01,9.960743247638408349e-01,9.999999999999485967e-01,9.960743247638398357e-01,9.961131488433936365e-01,9.969181276814177428e-01,9.969177224733778431e-01,9.960942459455356390e-01,9.960964078519090048e-01,9.960743247638398357e-01,9.999999999999485967e-01,9.960912614348090832e-01,9.969346858666010558e-01,9.969343519069416848e-01,9.961102657877274336e-01,9.960942459455356390e-01,9.961131488433936365e-01,9.960912614348090832e-01,9.999999999999485967e-01,9.969335808816819355e-01,9.977593362093934992e-01,9.969343519069440163e-01,9.969177224733800635e-01,9.969181276814177428e-01,9.969346858666010558e-01,9.969335808816819355e-01,9.999999999999485967e-01
9.999999999999609201e-01,9.917954908794367475e-01,9.918512169335961248e-01,9.918312005243067331e-01,9.918215553841096543e-01,9.918062350580975073e-01,9.939461389548676085e-01,9.917954908794367475e-01,9.999999999999609201e-01,9.896654404934449589e-01,9.897286703886835069e-01,9.896867649668876776e-01,9.896714831476445262e-01,9.918062350581021702e-01,9.918512169335961248e-01,9.896654404934449589e-01,9.999999999999609201e-01,9.896896997588476852e-01,9.897336506827989488e-01,9.896867649668875666e-01,9.918215553841143173e-01,9.918312005243067331e-01,9.897286703886835069e-01,9.896896997588476852e-01,9.999999999999609201e-01,9.896896997588453537e-01,9.897286703886811754e-01,9.918312005243090645e-01,9.918215553841096543e-01,9.896867649668876776e-01,9.897336506827989488e-01,9.896896997588453537e-01,9.999999999999609201e-01,9.896654404934404070e-01,9.918512169335963469e-01,9.918062350580975073e-01,9.896714831476445262e-01,9.896867649668875666e-01,9.897286703886811754e-01,9.896654404934404070e-01,9.999999999999609201e-01,9.917954908794370805e-01,9.939461389548676085e-01,9.918062350581021702e-01,9.918215553841143173e-01,9.918312005243090645e-01,9.918512169335963469e-01,9.917954908794370805e-01,9.999999999999609201e-01
9.999999999999595879e-01,9.820421138494415114e-01,9.823912282385034445e-01,9.824134491979618078e-01,9.823620492383288161e-01,9.821040080738012712e-01,9.864824444067216147e-01,9.820421138494415114e-01,9.999999999999595879e-01,9.778971104280629323e-01,9.780759246561687714e-01,9.779934405486514493e-01,9.777453738054394661e-01,9.821040080738089317e-01,9.823912282385034445e-01,9.778971104280629323e-01,9.999999999999595879e-01,9.782131021511571989e-01,9.782737695813868983e-01,9.779934405486512272e-01,9.823620492383363656e-01,9.824134491979618078e-01,9.780759246561687714e-01,9.782131021511571989e-01,9.999999999999595879e-01,9.782131021511542013e-01,9.780759246561654408e-01,9.824134491979661377e-01,9.823620492383288161e-01,9.779934405486514493e-01,9.782737695813868983e-01,9.782131021511542013e-01,9.999999999999595879e-01,9.778971104280562709e-01,9.823912282385046657e-01,9.821040080738012712e-01,9.777453738054394661e-01,9.779934405486512272e-01,9.780759246561654408e-01,9.778971104280562709e-01,9.999999999999595879e-01,9.820421138494426216e-01,9.864824444067216147e-01,9.821040080738089317e-01,9.823620492383363656e-01,9.824134491979661377e-01,9.823912282385046657e-01,9.820421138494426216e-01,9.999999999999595879e-01
9.999999999999533706e-01,9.685855786983558202e-01,9.699161675281583461e-01,9.701190064596612039e-01,9.699419887546831820e-01,9.687903142762571695e-01,9.753845305036558111e-01,9.685855786983558202e-01,9.999999999999533706e-01,9.630815100812938345e-01,9.635010610653560459e-01,9.633500812804927094e-01,9.622413959322022592e-01,9.687903142762670505e-01,9.699161675281583461e-01,9.630815100812938345e-01,9.999999999999533706e-01,9.644444057535118686e-01,9.644456808196192332e-01,9.633500812804918212e-01,9.699419887546921748e-01,9.701190064596612039e-01,9.635010610653560459e-01,9.644444057535118686e-01,9.999999999999533706e-01,9.644444057535093151e-01,9.635010610653527152e-01,9.701190064596674212e-01,9.699419887546831820e-01,9.633500812804927094e-01,9.644456808196192332e-01,9.644444057535093151e-01,9.999999999999533706e-01,9.630815100812878393e-01,9.699161675281620099e-01,9.687903142762571695e-01,9.622413959322022592e-01,9.633500812804918212e-01,9.635010610653527152e-01,9.630815100812878393e-01,9.999999999999533706e-01,9.685855786983587068e-01,9.753845305036558111e-01,9.687903142762670505e-01,9.699419887546921748e-01,9.701190064596674212e-01,9.699161675281620099e-01,9.685855786983587068e-01,9.999999999999533706e-01
9.999999999999584777e-01,6.478216436626915709e-01,5.536874867908174735e-01,6.174619028168525370e-01,5.510585324404179142e-01,6.582629741170014093e-01,5.111659891455815341e-01,6.478216436626915709e-01,9.999999999999584777e-01,6.715181533688754367e-01,7.667599748941997806e-01,6.769896533598012134e-01,8.500187882309435672e-01,6.582629741169870874e-01,5.536874867908174735e-01,6.715181533688754367e-01,9.999999999999584777e-01,5.493148618067253963e-01,5.745207724964140894e-01,6.769896533598229738e-01,5.510585324404240204e-01,6.174619028168525370e-01,7.667599748941997806e-01,5.493148618067253963e-01,9.999999999999584777e-01,5.493148618067118516e-01,7.667599748942015569e-01,6.174619028168417678e-01,5.510585324404179142e-01,6.769896533598012134e-01,5.745207724964140894e-01,5.493148618067118516e-01,9.999999999999584777e-01,6.715181533688711069e-01,5.536874867907937148e-01,6.582629741170014093e-01,8.500187882309435672e-01,6.769896533598229738e-01,7.667599748942015569e-01,6.715181533688711069e-01,9.999999999999584777e-01,6.478216436626942354e-01,5.111659891455815341e-01,6.582629741169870874e-01,5.510585324404240204e-01,6.174619028168417678e-01,5.536874867907937148e-01,6.478216436626942354e-01,9.999999999999584777e-01
9.999999999999775735e-01,-2.877967176744047340e-01,3.635596947528273448e-01,1.163861495646517641e-01,3.819465647074909986e-01,-2.148588165664218064e-01,6.443528196661358898e-01,-2.877967176744047340e-01,9.999999999999775735e-01,-2.580647022803542190e-03,4.659570365536804815e-01,6.159942894783966560e-02,4.614179447910823906e-01,-2.148588165664387928e-01,3.635596947528273448e-01,-2.580647022803542190e-03,9.999999999999775735e-01,3.430320868455453143e-01,4.862444498939729187e-01,6.159942894786196721e-02,3.819465647074847814e-01,1.163861495646517641e-01,4.659570365536804815e-01,3.430320868455453143e-01,9.999999999999775735e-01,3.430320868455249972e-01,4.659570365536883640e-01,1.163861495646352773e-01,3.819465647074909986e-01,6.159942894783966560e-02,4.862444498939729187e-01,3.430320868455249972e-01,9.999999999999775735e-01,-2.580647022818405301e-03,3.635596947528213496e-01,-2.148588165664218064e-01,4.614179447910823906e-01,6.159942894786196721e-02,4.659570365536883640e-01,-2.580647022818405301e-03,9.999999999999775735e-01,-2.877967176744153921e-01,6.443528196661358898e-01,-2.148588165664387928e-01,3.819465647074847814e-01,1.163861495646352773e-01,3.635596947528213496e-01,-2.877967176744153921e-01,9.999999999999775735e-01
9.999999999999853451e-01,-4.019854813004688499e-01,1.536753903404197708e-01,3.141814555491870276e-02,1.123483825646081347e-01,2.168387270752739071e-02,-2.916877874137924209e-02,-4.019854813004688499e-01,9.999999999999853451e-01,-3.699207269589930291e-01,4.084626258597701676e-01,-1.770152372911294181e-01,4.156411768948485852e-01,2.168387270754421059e-02,1.536753903404197708e-01,-3.699207269589930291e-01,9.999999999999853451e-01,-1.068613126040880990e-01,2.655961411320190146e-01,-1.770152372911299732e-01,1.123483825645935075e-01,3.141814555491870276e-02,4.084626258597701676e-01,-1.068613126040880990e-01,9.999999999999853451e-01,-1.068613126040728195e-01,4.084626258597644499e-01,3.141814555493821493e-02,1.123483825646081347e-01,-1.770152372911294181e-01,2.655961411320190146e-01,-1.068613126040728195e-01,9.999999999999853451e-01,-3.699207269589712688e-01,1.536753903403997312e-01,2.168387270752739071e-02,4.156411768948485852e-01,-1.770152372911299732e-01,4.084626258597644499e-01,-3.699207269589712688e-01,9.999999999999853451e-01,-4.019854813004568594e-01,-2.916877874137924209e-02,2.168387270754421059e-02,1.123483825645935075e-01,3.141814555493821493e-02,1.536753903403997312e-01,-4.019854813004568594e-01,9.999999999999853451e-01
9.999999999999676925e-01,-4.368108415421430024e-01,3.651558334573688502e-01,-2.874472700884210807e-01,2.466838959761390448e-01,1.270412703170561985e-02,1.615443735813064108e-01,-4.368108415421430024e-01,9.999999999999676925e-01,-2.586263112406568254e-01,3.502544649093151663e-01,-9.167049571710092493e-03,3.230036916394353197e-01,1.270412703169893076e-02,3.651558334573688502e-01,-2.586263112406568254e-01,9.999999999999676925e-01,-3.423462720492396749e-01,3.874513580488568310e-01,-9.167049571730638557e-03,2.466838959761648020e-01,-2.874472700884210807e-01,3.502544649093151663e-01,-3.423462720492396749e-01,9.999999999999676925e-01,-3.423462720492357336e-01,3.502544649093191076e-01,-2.874472700884422860e-01,2.466838959761390448e-01,-9.167049571710092493e-03,3.874513580488568310e-01,-3.423462720492357336e-01,9.999999999999676925e-01,-2.586263112406653186e-01,3.651558334573868914e-01,1.270412703170561985e-02,3.230036916394353197e-01,-9.167049571730638557e-03,3.502544649093191076e-01,-2.586263112406653186e-01,9.999999999999676925e-01,-4.368108415421575463e-01,1.615443735813064108e-01,1.270412703169893076e-02,2.466838959761648020e-01,-2.874472700884422860e-01,3.651558334573868914e-01,-4.368108415421575463e-01,9.999999999999676925e-01
9.999999999999715783e-01,-1.975051480271002580e-01,1.199920845655517848e-01,6.315829330812397502e-02,6.690268529793430563e-03,1.343534035886552180e-01,1.065105794820162266e-01,-1.975051480271002580e-01,9.999999999999715783e-01,-7.234219502066047136e-02,4.988129782085380937e-01,1.961833703582944177e-01,4.090222425500434356e-01,1.343534035886748135e-01,1.199920845655517848e-01,-7.234219502066047136e-02,9.999999999999715783e-01,-4.774827153470895258e-02,6.066736471826165294e-02,1.961833703583066302e-01,6.690268529779164197e-03,6.315829330812397502e-02,4.988129782085380937e-01,-4.774827153470895258e-02,9.999999999999715783e-01,-4.774827153470243002e-02,4.988129782085211072e-01,6.315829330815586617e-02,6.690268529793430563e-03,1.961833703582944177e-01,6.066736471826165294e-02,-4.774827153470243002e-02,9.999999999999715783e-01,-7.234219502065658558e-02,1.199920845655569751e-01,1.343534035886552180e-01,4.090222425500434356e-01,1.961833703583066302e-01,4.988129782085211072e-01,-7.234219502065658558e-02,9.999999999999715783e-01,-1.975051480270794135e-01,1.065105794820162266e-01,1.343534035886748135e-01,6.690268529779164197e-03,6.315829330815586617e-02,1.199920845655569751e-01,-1.975051480270794135e-01,9.999999999999715783e-01
9.999999999999688027e-01,-4.277337704904380922e-01,3.013092993303792544e-01,2.563935208028621238e-02,-5.975845505534815860e-02,3.118327209594540239e-01,-1.622579621465929378e-01,-4.277337704904380922e-01,9.999999999999688027e-01,-1.720962144640367786e-01,4.861310002198463431e-01,1.631757736802903480e-01,1.681980923148055918e-01,3.118327209594367599e-01,3.013092993303792544e-01,-1.720962144640367786e-01,9.999999999999688027e-01,-2.200905312207168674e-02,1.474170035837539250e-01,1.631757736802830205e-01,-5.975845505535534730e-02,2.563935208028621238e-02,4.861310002198463431e-01,-2.200905312207168674e-02,9.999999999999688027e-01,-2.200905312209348874e-02,4.861310002198731550e-01,2.563935208024331613e-02,-5.975845505534815860e-02,1.631757736802903480e-01,1.474170035837539250e-01,-2.200905312209348874e-02,9.999999999999688027e-01,-1.720962144640371672e-01,3.013092993303851941e-01,3.118327209594540239e-01,1.681980923148055918e-01,1.631757736802830205e-01,4.861310002198731550e-01,-1.720962144640371672e-01,9.999999999999688027e-01,-4.277337704904545790e-01,-1.622579621465929378e-01,3.118327209594367599e-01,-5.975845505535534730e-02,2.563935208024331613e-02,3.013092993303851941e-01,-4.277337704904545790e-01,9.999999999999688027e-01
9.999999999999696909e-01,-4.128190607256492228e-01,3.720445453648436041e-01,-3.350591400027026490e-01,1.876337415901013772e-01,-6.440215843116589567e-03,4.962032731163071309e-02,-4.128190607256492228e-01,9.999999999999696909e-01,-2.013209068723079698e-01,4.329753860588270165e-01,-1.473542787274882693e-01,4.579672765139359281e-01,-6.440215843122210071e-03,3.720445453648436041e-01,-2.013209068723079698e-01,9.999999999999696909e-01,-4.692265931139362189e-01,4.508053022399723386e-01,-1.473542787274645105e-01,1.876337415900738992e-01,-3.350591400027026490e-01,4.329753860588270165e-01,-4.692265931139362189e-01,9.999999999999696909e-01,-4.692265931139364410e-01,4.329753860588094749e-01,-3.350591400026808886e-01,1.876337415901013772e-01,-1.473542787274882693e-01,4.508053022399723386e-01,-4.692265931139364410e-01,9.999999999999696909e-01,-2.013209068722787154e-01,3.720445453648114631e-01,-6.440215843116589567e-03,4.579672765139359281e-01,-1.473542787274645105e-01,4.329753860588094749e-01,-2.013209068722787154e-01,9.999999999999696909e-01,-4.128190607256309597e-01,4.962032731163071309e-02,-6.440215843122210071e-03,1.876337415900738992e-01,-3.350591400026808886e-01,3.720445453648114631e-01,-4.128190607256309597e-01,9.999999999999696909e-01
9.999999999999650280e-01,6.386045578457488769e-02,-4.928422410532964926e-02,9.743011660430650478e-02,1.637362951266616018e-01,1.167848187322015618e-01,2.296678546458069958e-01,6.386045578457488769e-02,9.999999999999650280e-01,1.337519247750748874e-01,7.753430945939145946e-01,2.133155833268651491e-01,6.963029430750373727e-01,1.167848187321604003e-01,-4.928422410532964926e-02,1.337519247750748874e-01,9.999999999999650280e-01,1.306808019055792358e-01,1.242400751273471243e-01,2.133155833268517987e-01,1.637362951266602695e-01,9.743011660430650478e-02,7.753430945939145946e-01,1.306808019055792358e-01,9.999999999999650280e-01,1.306808019055826497e-01,7.753430945939289165e-01,9.743011660426359466e-02,1.637362951266616018e-01,2.133155833268651491e-01,1.242400751273471243e-01,1.306808019055826497e-01,9.999999999999650280e-01,1.337519247750839080e-01,-4.928422410534430420e-02,1.167848187322015618e-01,6.963029430750373727e-01,2.133155833268517987e-01,7.753430945939289165e-01,1.337519247750839080e-01,9.999999999999650280e-01,6.386045578454008220e-02,2.296678546458069958e-01,1.167848187321604003e-01,1.637362951266602695e-01,9.743011660426359466e-02,-4.928422410534430420e-02,6.386045578454008220e-02,9.999999999999650280e-01
9.999999999999600320e-01,-4.639116150028737562e-01,1.002985680141896818e-01,-5.284923941813207682e-03,9.503545644347280441e-02,9.009444671387506487e-02,-3.068152677252057869e-01,-4.639116150028737562e-01,9.999999999999600320e-01,2.867362068370996747e-02,5.034768696195022208e-01,1.749780229584795566e-01,2.426403745468748430e-01,9.009444671390820503e-02,1.002985680141896818e-01,2.867362068370996747e-02,9.999999999999600320e-01,3.294938364312156587e-01,4.847038408477847837e-01,1.749780229584683433e-01,9.503545644349498112e-02,-5.284923941813207682e-03,5.034768696195022208e-01,3.294938364312156587e-01,9.999999999999600320e-01,3.294938364312125501e-01,5.034768696194777959e-01,-5.284923941769048561e-03,9.503545644347280441e-02,1.749780229584795566e-01,4.847038408477847837e-01,3.294938364312125501e-01,9.999999999999600320e-01,2.867362068368312089e-02,1.002985680142252645e-01,9.009444671387506487e-02,2.426403745468748430e-01,1.749780229584683433e-01,5.034768696194777959e-01,2.867362068368312089e-02,9.999999999999600320e-01,-4.639116150028536611e-01,-3.068152677252057869e-01,9.009444671390820503e-02,9.503545644349498112e-02,-5.284923941769048561e-03,1.002985680142252645e-01,-4.639116150028536611e-01,9.999999999999600320e-01
9.999999999999518163e-01,-3.198211718335012277e-01,1.876062890828355811e-01,-4.754695912263004476e-02,2.231572803258181636e-01,1.074639893595001616e-02,2.718679190218498132e-01,-3.198211718335012277e-01,9.999999999999518163e-01,-2.315707966264430318e-01,5.490972278015202601e-01,-1.990292721095716921e-01,6.071859872242466594e-01,1.074639893593487550e-02,1.876062890828355811e-01,-2.315707966264430318e-01,9.999999999999518163e-01,-4.119117065421971091e-01,5.631450239104149880e-01,-1.990292721095945350e-01,2.231572803258483062e-01,-4.754695912263004476e-02,5.490972278015202601e-01,-4.119117065421971091e-01,9.999999999999518163e-01,-4.119117065421941115e-01,5.490972278015389119e-01,-4.754695912265685664e-02,2.231572803258181636e-01,-1.990292721095716921e-01,5.631450239104149880e-01,-4.119117065421941115e-01,9.999999999999518163e-01,-2.315707966264544393e-01,1.876062890828568697e-01,1.074639893595001616e-02,6.071859872242466594e-01,-1.990292721095945350e-01,5.490972278015389119e-01,-2.315707966264544393e-01,9.999999999999518163e-01,-3.198211718335101650e-01,2.718679190218498132e-01,1.074639893593487550e-02,2.231572803258483062e-01,-4.754695912265685664e-02,1.876062890828568697e-01,-3.198211718335101650e-01,9.999999999999518163e-01
9.999999999999509281e-01,-5.498231915112778978e-01,2.319430962927413742e-01,-3.395090652396021702e-01,2.183831041610885260e-01,-4.513379813498127335e-01,5.215079003089577725e-01,-5.498231915112778978e-01,9.999999999999509281e-01,-1.703924270969201515e-01,6.378189948441874702e-01,-5.600830115933827513e-02,7.799386264453838091e-01,-4.513379813498189508e-01,2.319430962927413742e-01,-1.703924270969201515e-01,9.999999999999509281e-01,-1.740175049109987659e-01,1.050916427052601965e-01,-5.600830115934279929e-02,2.183831041610787005e-01,-3.395090652396021702e-01,6.378189948441874702e-01,-1.740175049109987659e-01,9.999999999999509281e-01,-1.740175049109881078e-01,6.378189948441801427e-01,-3.395090652396016151e-01,2.183831041610885260e-01,-5.600830115933827513e-02,1.050916427052601965e-01,-1.740175049109881078e-01,9.999999999999509281e-01,-1.703924270969096044e-01,2.319430962927370721e-01,-4.513379813498127335e-01,7.799386264453838091e-01,-5.600830115934279929e-02,6.378189948441801427e-01,-1.703924270969096044e-01,9.999999999999509281e-01,-5.498231915112785639e-01,5.215079003089577725e-01,-4.513379813498189508e-01,2.183831041610787005e-01,-3.395090652396016151e-01,2.319430962927370721e-01,-5.498231915112785639e-01,9.999999999999509281e-01
9.999999999999549249e-01,-2.547707914040040489e-01,8.701636200939000254e-04,-2.694525793793442481e-02,2.464389729810280705e-01,-1.197660360001438218e-01,-1.707486581706393891e-01,-2.547707914040040489e-01,9.999999999999549249e-01,-3.271951814361122035e-01,6.768662719434902497e-01,-2.541163098444271240e-01,6.724476315325688125e-01,-1.197660360001628899e-01,8.701636200939000254e-04,-3.271951814361122035e-01,9.999999999999549249e-01,-2.063019984888336267e-01,2.789526717022012270e-01,-2.541163098444209067e-01,2.464389729810429475e-01,-2.694525793793442481e-02,6.768662719434902497e-01,-2.063019984888336267e-01,9.999999999999549249e-01,-2.063019984888395664e-01,6.768662719434876962e-01,-2.694525793794727564e-02,2.464389729810280705e-01,-2.541163098444271240e-01,2.789526717022012270e-01,-2.063019984888395664e-01,9.999999999999549249e-01,-3.271951814361102606e-01,8.701636200957110767e-04,-1.197660360001438218e-01,6.724476315325688125e-01,-2.541163098444209067e-01,6.768662719434876962e-01,-3.271951814361102606e-01,9.999999999999549249e-01,-2.547707914040197585e-01,-1.707486581706393891e-01,-1.197660360001628899e-01,2.464389729810429475e-01,-2.694525793794727564e-02,8.701636200957110767e-04,-2.547707914040197585e-01,9.999999999999549249e-01
