1.000000000000000000e+00,1.000000000000000000e+00,1.000000000000000000e+00,1.000000000000000000e+00,1.000000000000000000e+00,1.000000000000000000e+00,1.000000000000000000e+00,1.000000000000000000e+00,1.000000000000000000e+00,1.000000000000000000e+00,1.000000000000000000e+00,1.000000000000000000e+00,1.000000000000000000e+00,1.000000000000000000e+00,1.000000000000000000e+00,1.000000000000000000e+00,1.000000000000000000e+00,1.000000000000000000e+00,1.000000000000000000e+00,1.000000000000000000e+00,1.000000000000000000e+00,1.000000000000000000e+00,1.000000000000000000e+00,1.000000000000000000e+00,1.000000000000000000e+00,1.000000000000000000e+00,1.000000000000000000e+00,1.000000000000000000e+00,1.000000000000000000e+00,1.000000000000000000e+00,1.000000000000000000e+00,1.000000000000000000e+00,1.000000000000000000e+00,1.000000000000000000e+00,1.000000000000000000e+00,1.000000000000000000e+00,1.000000000000000000e+00,1.000000000000000000e+00,1.000000000000000000e+00,1.000000000000000000e+00,1.000000000000000000e+00,1.000000000000000000e+00,1.000000000000000000e+00,1.000000000000000000e+00,1.000000000000000000e+00,1.000000000000000000e+00,1.000000000000000000e+00,1.000000000000000000e+00,1.000000000000000000e+00,1.000000000000000000e+00,1.000000000000000000e+00,1.000000000000000000e+00,1.000000000000000000e+00,1.000000000000000000e+00,1.000000000000000000e+00,1.000000000000000000e+00,1.000000000000000000e+00,1.000000000000000000e+00,1.000000000000000000e+00,1.000000000000000000e+00,1.000000000000000000e+00,1.000000000000000000e+00,1.000000000000000000e+00,1.000000000000000000e+00,1.000000000000000000e+00,1.000000000000000000e+00,1.000000000000000000e+00,1.000000000000000000e+00,1.000000000000000000e+00,1.000000000000000000e+00,1.000000000000000000e+00,1.000000000000000000e+00,1.000000000000000000e+00,1.000000000000000000e+00,1.000000000000000000e+00,1.000000000000000000e+00,1.000000000000000000e+00,1.000000000000000000e+00,1.000000000000000000e+00,1.000000000000000000e+00,1.000000000000000000e+00,1.000000000000000000e+00,1.000000000000000000e+00,1.000000000000000000e+00,1.000000000000000000e+00,1.000000000000000000e+00,1.000000000000000000e+00,1.000000000000000000e+00,1.000000000000000000e+00,1.000000000000000000e+00,1.000000000000000000e+00,1.000000000000000000e+00,1.000000000000000000e+00,1.000000000000000000e+00,1.000000000000000000e+00,1.000000000000000000e+00,1.000000000000000000e+00,1.000000000000000000e+00,1.000000000000000000e+00,1.000000000000000000e+00,1.000000000000000000e+00,1.000000000000000000e+00,1.000000000000000000e+00,1.000000000000000000e+00,1.000000000000000000e+00,1.000000000000000000e+00,1.000000000000000000e+00,1.000000000000000000e+00,1.000000000000000000e+00,1.000000000000000000e+00,1.000000000000000000e+00,1.000000000000000000e+00,1.000000000000000000e+00,1.000000000000000000e+00,1.000000000000000000e+00,1.000000000000000000e+00,1.000000000000000000e+00,1.000000000000000000e+00,1.000000000000000000e+00,1.000000000000000000e+00,1.000000000000000000e+00,1.000000000000000000e+00,1.000000000000000000e+00,1.000000000000000000e+00,1.000000000000000000e+00,1.000000000000000000e+00,1.000000000000000000e+00,1.000000000000000000e+00,1.000000000000000000e+00,1.000000000000000000e+00,1.000000000000000000e+00,1.000000000000000000e+00,1.000000000000000000e+00,1.000000000000000000e+00,1.000000000000000000e+00,1.000000000000000000e+00,1.000000000000000000e+00,1.000000000000000000e+00,1.000000000000000000e+00,1.000000000000000000e+00,1.000000000000000000e+00,1.000000000000000000e+00,1.000000000000000000e+00,1.000000000000000000e+00,1.000000000000000000e+00,1.000000000000000000e+00,1.000000000000000000e+00,1.000000000000000000e+00,1.000000000000000000e+00,1.000000000000000000e+00,1.000000000000000000e+00,1.000000000000000000e+00,1.000000000000000000e+00,1.000000000000000000e+00,1.000000000000000000e+00,1.000000000000000000e+00,1.000000000000000000e+00,1.000000000000000000e+00,1.000000000000000000e+00,1.000000000000000000e+00,1.000000000000000000e+00,1.000000000000000000e+00,1.000000000000000000e+00,1.000000000000000000e+00,1.000000000000000000e+00,1.000000000000000000e+00,1.000000000000000000e+00,1.000000000000000000e+00,1.000000000000000000e+00,1.000000000000000000e+00,1.000000000000000000e+00,1.000000000000000000e+00,1.000000000000000000e+00,1.000000000000000000e+00,1.000000000000000000e+00,1.000000000000000000e+00,1.000000000000000000e+00,1.000000000000000000e+00,1.000000000000000000e+00,1.000000000000000000e+00,1.000000000000000000e+00,1.000000000000000000e+00,1.000000000000000000e+00,1.000000000000000000e+00,1.000000000000000000e+00,1.000000000000000000e+00,1.000000000000000000e+00,1.000000000000000000e+00,1.000000000000000000e+00,1.000000000000000000e+00,1.000000000000000000e+00,1.000000000000000000e+00,1.000000000000000000e+00,1.000000000000000000e+00,1.000000000000000000e+00,1.000000000000000000e+00,1.000000000000000000e+00,1.000000000000000000e+00,1.000000000000000000e+00,1.000000000000000000e+00,1.000000000000000000e+00,1.000000000000000000e+00,1.000000000000000000e+00,1.000000000000000000e+00,1.000000000000000000e+00,1.000000000000000000e+00,1.000000000000000000e+00,1.000000000000000000e+00,1.000000000000000000e+00,1.000000000000000000e+00,1.000000000000000000e+00,1.000000000000000000e+00,1.000000000000000000e+00,1.000000000000000000e+00,1.000000000000000000e+00,1.000000000000000000e+00,1.000000000000000000e+00,1.000000000000000000e+00,1.000000000000000000e+00,1.000000000000000000e+00,1.000000000000000000e+00,1.000000000000000000e+00,1.000000000000000000e+00,1.000000000000000000e+00,1.000000000000000000e+00
9.999999999999994449e-01,9.999232252881758987e-01,9.999232266453671469e-01,9.999232266816262538e-01,9.999232266845233807e-01,9.999232266849957806e-01,9.999232266851092454e-01,9.999232266851432183e-01,9.999232266851528772e-01,9.999232266851497686e-01,9.999232266851260098e-01,9.999232266850267559e-01,9.999232266844623185e-01,9.999232266779291001e-01,9.999232264210419219e-01,9.999232252881758987e-01,9.999999999999994449e-01,9.999232255516059542e-01,9.999232269028198727e-01,9.999232269386137961e-01,9.999232269414366492e-01,9.999232269418912855e-01,9.999232269419987551e-01,9.999232269420288421e-01,9.999232269420325059e-01,9.999232269420113006e-01,9.999232269419133790e-01,9.999232269413492746e-01,9.999232269348162783e-01,9.999232266779292111e-01,9.999232266453671469e-01,9.999232255516059542e-01,9.999999999999994449e-01,9.999232255587047202e-01,9.999232269094536774e-01,9.999232269451734378e-01,9.999232269479784163e-01,9.999232269484267244e-01,9.999232269485303082e-01,9.999232269485542890e-01,9.999232269485399671e-01,9.999232269484445990e-01,9.999232269478817159e-01,9.999232269413492746e-01,9.999232266844624295e-01,9.999232266816262538e-01,9.999232269028198727e-01,9.999232255587047202e-01,9.999999999999994449e-01,9.999232255593700769e-01,9.999232269100446491e-01,9.999232269457465350e-01,9.999232269485454072e-01,9.999232269489899405e-01,9.999232269490874181e-01,9.999232269490935243e-01,9.999232269490049285e-01,9.999232269484445990e-01,9.999232269419132679e-01,9.999232266850268669e-01,9.999232266845233807e-01,9.999232269386137961e-01,9.999232269094536774e-01,9.999232255593700769e-01,9.999999999999994449e-01,9.999232255594961982e-01,9.999232269101527848e-01,9.999232269458484534e-01,9.999232269486435509e-01,9.999232269490819780e-01,9.999232269491615810e-01,9.999232269490934133e-01,9.999232269485397451e-01,9.999232269420111896e-01,9.999232266851257878e-01,9.999232266849957806e-01,9.999232269414366492e-01,9.999232269451734378e-01,9.999232269100446491e-01,9.999232255594961982e-01,9.999999999999994449e-01,9.999232255595302821e-01,9.999232269101807624e-01,9.999232269458726563e-01,9.999232269486615365e-01,9.999232269490820890e-01,9.999232269490873071e-01,9.999232269485544000e-01,9.999232269420325059e-01,9.999232266851497686e-01,9.999232266851092454e-01,9.999232269418912855e-01,9.999232269479784163e-01,9.999232269457465350e-01,9.999232269101527848e-01,9.999232255595302821e-01,9.999999999999994449e-01,9.999232255595402741e-01,9.999232269101869797e-01,9.999232269458726563e-01,9.999232269486436619e-01,9.999232269489899405e-01,9.999232269485303082e-01,9.999232269420289532e-01,9.999232266851530992e-01,9.999232266851432183e-01,9.999232269419987551e-01,9.999232269484267244e-01,9.999232269485454072e-01,9.999232269458484534e-01,9.999232269101807624e-01,9.999232255595402741e-01,9.999999999999994449e-01,9.999232255595402741e-01,9.999232269101807624e-01,9.999232269458485645e-01,9.999232269485454072e-01,9.999232269484268354e-01,9.999232269419987551e-01,9.999232266851433293e-01,9.999232266851528772e-01,9.999232269420288421e-01,9.999232269485303082e-01,9.999232269489899405e-01,9.999232269486435509e-01,9.999232269458726563e-01,9.999232269101869797e-01,9.999232255595402741e-01,9.999999999999994449e-01,9.999232255595301710e-01,9.999232269101530068e-01,9.999232269457465350e-01,9.999232269479785273e-01,9.999232269418912855e-01,9.999232266851094675e-01,9.999232266851497686e-01,9.999232269420325059e-01,9.999232269485542890e-01,9.999232269490874181e-01,9.999232269490819780e-01,9.999232269486615365e-01,9.999232269458726563e-01,9.999232269101807624e-01,9.999232255595301710e-01,9.999999999999994449e-01,9.999232255594963092e-01,9.999232269100447601e-01,9.999232269451734378e-01,9.999232269414367602e-01,9.999232266849958917e-01,9.999232266851260098e-01,9.999232269420113006e-01,9.999232269485399671e-01,9.999232269490935243e-01,9.999232269491615810e-01,9.999232269490820890e-01,9.999232269486436619e-01,9.999232269458485645e-01,9.999232269101530068e-01,9.999232255594963092e-01,9.999999999999994449e-01,9.999232255593701879e-01,9.999232269094537884e-01,9.999232269386139071e-01,9.999232266845234918e-01,9.999232266850267559e-01,9.999232269419133790e-01,9.999232269484445990e-01,9.999232269490049285e-01,9.999232269490934133e-01,9.999232269490873071e-01,9.999232269489899405e-01,9.999232269485454072e-01,9.999232269457465350e-01,9.999232269100447601e-01,9.999232255593701879e-01,9.999999999999994449e-01,9.999232255587047202e-01,9.999232269028199838e-01,9.999232266816262538e-01,9.999232266844623185e-01,9.999232269413492746e-01,9.999232269478817159e-01,9.999232269484445990e-01,9.999232269485397451e-01,9.999232269485544000e-01,9.999232269485303082e-01,9.999232269484268354e-01,9.999232269479785273e-01,9.999232269451734378e-01,9.999232269094537884e-01,9.999232255587047202e-01,9.999999999999994449e-01,9.999232255516060652e-01,9.999232266453672580e-01,9.999232266779291001e-01,9.999232269348162783e-01,9.999232269413492746e-01,9.999232269419132679e-01,9.999232269420111896e-01,9.999232269420325059e-01,9.999232269420289532e-01,9.999232269419987551e-01,9.999232269418912855e-01,9.999232269414367602e-01,9.999232269386139071e-01,9.999232269028199838e-01,9.999232255516060652e-01,9.999999999999994449e-01,9.999232252881758987e-01,9.999232264210419219e-01,9.999232266779292111e-01,9.999232266844624295e-01,9.999232266850268669e-01,9.999232266851257878e-01,9.999232266851497686e-01,9.999232266851530992e-01,9.999232266851433293e-01,9.999232266851094675e-01,9.999232266849958917e-01,9.999232266845234918e-01,9.999232266816262538e-01,9.999232266453672580e-01,9.999232252881758987e-01,9.999999999999994449e-01
9.999999999999987788e-01,9.992035553802617320e-01,9.992036956482931442e-01,9.992037036730321287e-01,9.992037043358378279e-01,9.992037044447865668e-01,9.992037044710941895e-01,9.992037044789441325e-01,9.992037044810452295e-01,9.992037044798608436e-01,9.992037044730250894e-01,9.992037044449235683e-01,9.992037042856104501e-01,9.992037024861902816e-01,9.992036619992058499e-01,9.992035553802617320e-01,9.999999999999987788e-01,9.992035976823984145e-01,9.992037362954707680e-01,9.992037441884782378e-01,9.992037448302141245e-01,9.992037449340950284e-01,9.992037449586692599e-01,9.992037449654275205e-01,9.992037449657974468e-01,9.992037449595553289e-01,9.992037449317059394e-01,9.992037447725090615e-01,9.992037429731465137e-01,9.992037024861905037e-01,9.992036956482931442e-01,9.992035976823984145e-01,9.999999999999987788e-01,9.992035996420706168e-01,9.992037381233308535e-01,9.992037459953064804e-01,9.992037466319829697e-01,9.992037467341329249e-01,9.992037467576161403e-01,9.992037467626435632e-01,9.992037467579558685e-01,9.992037467307001153e-01,9.992037465717551470e-01,9.992037447725089505e-01,9.992037042856103390e-01,9.992037036730321287e-01,9.992037362954707680e-01,9.992035996420706168e-01,9.999999999999987788e-01,9.992035998299320099e-01,9.992037382901094444e-01,9.992037461570254520e-01,9.992037467919712146e-01,9.992037468930302646e-01,9.992037469147827533e-01,9.992037469147524442e-01,9.992037468890511143e-01,9.992037467307000043e-01,9.992037449317058284e-01,9.992037044449235683e-01,9.992037043358378279e-01,9.992037441884782378e-01,9.992037381233308535e-01,9.992035998299320099e-01,9.999999999999987788e-01,9.992035998656267903e-01,9.992037383207335033e-01,9.992037461859185621e-01,9.992037468197733086e-01,9.992037469191015209e-01,9.992037469357963886e-01,9.992037469147525552e-01,9.992037467579557575e-01,9.992037449595554399e-01,9.992037044730252004e-01,9.992037044447865668e-01,9.992037448302141245e-01,9.992037459953064804e-01,9.992037382901094444e-01,9.992035998656267903e-01,9.999999999999987788e-01,9.992035998752406556e-01,9.992037383286132002e-01,9.992037461927072428e-01,9.992037468248311516e-01,9.992037469191016319e-01,9.992037469147828643e-01,9.992037467626436742e-01,9.992037449657976689e-01,9.992037044798609546e-01,9.992037044710941895e-01,9.992037449340950284e-01,9.992037466319829697e-01,9.992037461570254520e-01,9.992037383207335033e-01,9.992035998752406556e-01,9.999999999999987788e-01,9.992035998780635087e-01,9.992037383303439269e-01,9.992037461927070208e-01,9.992037468197734196e-01,9.992037468930302646e-01,9.992037467576161403e-01,9.992037449654274095e-01,9.992037044810451185e-01,9.992037044789441325e-01,9.992037449586692599e-01,9.992037467341329249e-01,9.992037467919712146e-01,9.992037461859185621e-01,9.992037383286132002e-01,9.992035998780635087e-01,9.999999999999987788e-01,9.992035998780633976e-01,9.992037383286130892e-01,9.992037461859185621e-01,9.992037467919713256e-01,9.992037467341328139e-01,9.992037449586692599e-01,9.992037044789440214e-01,9.992037044810452295e-01,9.992037449654275205e-01,9.992037467576161403e-01,9.992037468930302646e-01,9.992037468197733086e-01,9.992037461927072428e-01,9.992037383303439269e-01,9.992035998780633976e-01,9.999999999999987788e-01,9.992035998752406556e-01,9.992037383207336143e-01,9.992037461570254520e-01,9.992037466319829697e-01,9.992037449340950284e-01,9.992037044710940785e-01,9.992037044798608436e-01,9.992037449657974468e-01,9.992037467626435632e-01,9.992037469147827533e-01,9.992037469191015209e-01,9.992037468248311516e-01,9.992037461927070208e-01,9.992037383286130892e-01,9.992035998752406556e-01,9.999999999999987788e-01,9.992035998656267903e-01,9.992037382901093334e-01,9.992037459953061473e-01,9.992037448302139024e-01,9.992037044447864558e-01,9.992037044730250894e-01,9.992037449595553289e-01,9.992037467579558685e-01,9.992037469147524442e-01,9.992037469357963886e-01,9.992037469191016319e-01,9.992037468197734196e-01,9.992037461859185621e-01,9.992037383207336143e-01,9.992035998656267903e-01,9.999999999999987788e-01,9.992035998299317878e-01,9.992037381233307425e-01,9.992037441884780158e-01,9.992037043358378279e-01,9.992037044449235683e-01,9.992037449317059394e-01,9.992037467307001153e-01,9.992037468890511143e-01,9.992037469147525552e-01,9.992037469147828643e-01,9.992037468930302646e-01,9.992037467919713256e-01,9.992037461570254520e-01,9.992037382901093334e-01,9.992035998299317878e-01,9.999999999999987788e-01,9.992035996420707278e-01,9.992037362954708790e-01,9.992037036730320176e-01,9.992037042856104501e-01,9.992037447725090615e-01,9.992037465717551470e-01,9.992037467307000043e-01,9.992037467579557575e-01,9.992037467626436742e-01,9.992037467576161403e-01,9.992037467341328139e-01,9.992037466319829697e-01,9.992037459953061473e-01,9.992037381233307425e-01,9.992035996420707278e-01,9.999999999999987788e-01,9.992035976823985255e-01,9.992036956482932553e-01,9.992037024861902816e-01,9.992037429731465137e-01,9.992037447725089505e-01,9.992037449317058284e-01,9.992037449595554399e-01,9.992037449657976689e-01,9.992037449654274095e-01,9.992037449586692599e-01,9.992037449340950284e-01,9.992037448302139024e-01,9.992037441884780158e-01,9.992037362954708790e-01,9.992035976823985255e-01,9.999999999999987788e-01,9.992035553802617320e-01,9.992036619992058499e-01,9.992037024861905037e-01,9.992037042856103390e-01,9.992037044449235683e-01,9.992037044730252004e-01,9.992037044798609546e-01,9.992037044810451185e-01,9.992037044789440214e-01,9.992037044710940785e-01,9.992037044447864558e-01,9.992037043358378279e-01,9.992037036730320176e-01,9.992036956482932553e-01,9.992035553802617320e-01,9.999999999999987788e-01
9.999999999999963363e-01,9.979043753530169036e-01,9.979053315007663238e-01,9.979054219178852270e-01,9.979054297732712353e-01,9.979054310936125161e-01,9.979054314175996865e-01,9.979054315132379616e-01,9.979054315328804714e-01,9.979054314995042807e-01,9.979054313570051571e-01,9.979054307872891050e-01,9.979054275775347538e-01,9.979053921786210646e-01,9.979048152808721595e-01,9.979043753530169036e-01,9.999999999999963363e-01,9.979049882571732200e-01,9.979059116576136645e-01,9.979059993936979511e-01,9.979060068210398038e-01,9.979060080384967168e-01,9.979060083273153525e-01,9.979060084008321008e-01,9.979060083854491836e-01,9.979060082498274475e-01,9.979060076830303938e-01,9.979060044746220770e-01,9.979059690763548707e-01,9.979053921786212866e-01,9.979053315007663238e-01,9.979049882571732200e-01,9.999999999999963363e-01,9.979050269067868406e-01,9.979059476327923894e-01,9.979060349420130205e-01,9.979060422669034924e-01,9.979060434493184362e-01,9.979060437160583996e-01,9.979060437545663742e-01,9.979060436369451281e-01,9.979060430770292367e-01,9.979060398715420277e-01,9.979060044746221880e-01,9.979054275775348648e-01,9.979054219178852270e-01,9.979059116576136645e-01,9.979050269067868406e-01,9.999999999999963363e-01,9.979050306944026172e-01,9.979059509925916061e-01,9.979060381993385409e-01,9.979060454892040299e-01,9.979060466495462967e-01,9.979060468812797069e-01,9.979060468175500187e-01,9.979060462756351724e-01,9.979060430770290147e-01,9.979060076830303938e-01,9.979054307872889940e-01,9.979054297732712353e-01,9.979059993936979511e-01,9.979059476327923894e-01,9.979050306944026172e-01,9.999999999999963363e-01,9.979050314159729762e-01,9.979059516112517292e-01,9.979060387829491452e-01,9.979060460507416241e-01,9.979060471760774487e-01,9.979060473055735292e-01,9.979060468175500187e-01,9.979060436369451281e-01,9.979060082498271145e-01,9.979054313570050461e-01,9.979054310936125161e-01,9.979060068210398038e-01,9.979060349420130205e-01,9.979059509925916061e-01,9.979050314159729762e-01,9.999999999999963363e-01,9.979050316104858265e-01,9.979059517705766158e-01,9.979060389201931391e-01,9.979060461529788428e-01,9.979060471760773376e-01,9.979060468812795959e-01,9.979060437545662632e-01,9.979060083854490726e-01,9.979054314995043917e-01,9.979054314175996865e-01,9.979060080384967168e-01,9.979060422669034924e-01,9.979060381993385409e-01,9.979059516112517292e-01,9.979050316104858265e-01,9.999999999999963363e-01,9.979050316676184584e-01,9.979059518055852784e-01,9.979060389201931391e-01,9.979060460507416241e-01,9.979060466495461856e-01,9.979060437160585106e-01,9.979060084008319897e-01,9.979054315328804714e-01,9.979054315132379616e-01,9.979060083273153525e-01,9.979060434493184362e-01,9.979060454892040299e-01,9.979060387829491452e-01,9.979059517705766158e-01,9.979050316676184584e-01,9.999999999999963363e-01,9.979050316676184584e-01,9.979059517705766158e-01,9.979060387829491452e-01,9.979060454892040299e-01,9.979060434493184362e-01,9.979060083273152415e-01,9.979054315132378505e-01,9.979054315328804714e-01,9.979060084008321008e-01,9.979060437160583996e-01,9.979060466495462967e-01,9.979060460507416241e-01,9.979060389201931391e-01,9.979059518055852784e-01,9.979050316676184584e-01,9.999999999999963363e-01,9.979050316104858265e-01,9.979059516112516182e-01,9.979060381993385409e-01,9.979060422669033814e-01,9.979060080384966058e-01,9.979054314175995755e-01,9.979054314995042807e-01,9.979060083854491836e-01,9.979060437545663742e-01,9.979060468812797069e-01,9.979060471760774487e-01,9.979060461529788428e-01,9.979060389201931391e-01,9.979059517705766158e-01,9.979050316104858265e-01,9.999999999999963363e-01,9.979050314159730872e-01,9.979059509925916061e-01,9.979060349420132425e-01,9.979060068210398038e-01,9.979054310936124050e-01,9.979054313570051571e-01,9.979060082498274475e-01,9.979060436369451281e-01,9.979060468175500187e-01,9.979060473055735292e-01,9.979060471760773376e-01,9.979060460507416241e-01,9.979060387829491452e-01,9.979059516112516182e-01,9.979050314159730872e-01,9.999999999999963363e-01,9.979050306944026172e-01,9.979059476327925005e-01,9.979059993936980621e-01,9.979054297732711243e-01,9.979054307872891050e-01,9.979060076830303938e-01,9.979060430770292367e-01,9.979060462756351724e-01,9.979060468175500187e-01,9.979060468812795959e-01,9.979060466495461856e-01,9.979060454892040299e-01,9.979060381993385409e-01,9.979059509925916061e-01,9.979050306944026172e-01,9.999999999999963363e-01,9.979050269067867296e-01,9.979059116576137756e-01,9.979054219178852270e-01,9.979054275775347538e-01,9.979060044746220770e-01,9.979060398715420277e-01,9.979060430770290147e-01,9.979060436369451281e-01,9.979060437545662632e-01,9.979060437160585106e-01,9.979060434493184362e-01,9.979060422669033814e-01,9.979060349420132425e-01,9.979059476327925005e-01,9.979050269067867296e-01,9.999999999999963363e-01,9.979049882571734420e-01,9.979053315007663238e-01,9.979053921786210646e-01,9.979059690763548707e-01,9.979060044746221880e-01,9.979060076830303938e-01,9.979060082498271145e-01,9.979060083854490726e-01,9.979060084008319897e-01,9.979060083273152415e-01,9.979060080384966058e-01,9.979060068210398038e-01,9.979059993936980621e-01,9.979059116576137756e-01,9.979049882571734420e-01,9.999999999999963363e-01,9.979043753530169036e-01,9.979048152808721595e-01,9.979053921786212866e-01,9.979054275775348648e-01,9.979054307872889940e-01,9.979054313570050461e-01,9.979054314995043917e-01,9.979054315328804714e-01,9.979054315132378505e-01,9.979054314175995755e-01,9.979054310936124050e-01,9.979054297732711243e-01,9.979054219178852270e-01,9.979053315007663238e-01,9.979043753530169036e-01,9.999999999999963363e-01
9.999999999999957812e-01,9.972159599767114191e-01,9.972177323375162050e-01,9.972178678768951476e-01,9.972178808056035848e-01,9.972178831490704498e-01,9.972178837559857456e-01,9.972178839276953921e-01,9.972178839223080349e-01,9.972178837333349755e-01,9.972178830748225087e-01,9.972178805095097687e-01,9.972178661567139279e-01,9.972177101376737962e-01,9.972153293301223576e-01,9.972159599767114191e-01,9.999999999999957812e-01,9.972185001143132332e-01,9.972201278098771215e-01,9.972202512905207206e-01,9.972202622924578597e-01,9.972202641722550664e-01,9.972202646205788890e-01,9.972202646925635294e-01,9.972202645294736545e-01,9.972202638808619346e-01,9.972202613197483911e-01,9.972202469688603577e-01,9.972200909504080890e-01,9.972177101376739072e-01,9.972177323375162050e-01,9.972185001143132332e-01,9.999999999999957812e-01,9.972186707131012184e-01,9.972202864212545981e-01,9.972204079800780496e-01,9.972204185207749205e-01,9.972204202427146225e-01,9.972204205915633501e-01,9.972204205059427284e-01,9.972204198832564925e-01,9.972204173320647902e-01,9.972204029853900531e-01,9.972202469688603577e-01,9.972178661567140390e-01,9.972178678768951476e-01,9.972201278098771215e-01,9.972186707131012184e-01,9.999999999999957812e-01,9.972186876597356475e-01,9.972203014451557213e-01,9.972204225425641555e-01,9.972204329255254240e-01,9.972204345480323306e-01,9.972204347392908952e-01,9.972204341940800187e-01,9.972204316688164649e-01,9.972204173320646792e-01,9.972202613197482801e-01,9.972178805095097687e-01,9.972178808056035848e-01,9.972202512905207206e-01,9.972202864212545981e-01,9.972186876597356475e-01,9.999999999999957812e-01,9.972186909003047939e-01,9.972203042222680391e-01,9.972204251617545756e-01,9.972204354452803843e-01,9.972204369101987931e-01,9.972204366418678800e-01,9.972204341940801298e-01,9.972204198832566036e-01,9.972202638808618236e-01,9.972178830748226197e-01,9.972178831490704498e-01,9.972202622924578597e-01,9.972204079800780496e-01,9.972203014451557213e-01,9.972186909003047939e-01,9.999999999999957812e-01,9.972186917756149516e-01,9.972203049389447571e-01,9.972204257789353266e-01,9.972204359048703060e-01,9.972204369101990151e-01,9.972204347392910062e-01,9.972204205059428395e-01,9.972202645294738765e-01,9.972178837333350865e-01,9.972178837559857456e-01,9.972202641722550664e-01,9.972204185207749205e-01,9.972204225425641555e-01,9.972203042222680391e-01,9.972186917756149516e-01,9.999999999999957812e-01,9.972186920329437765e-01,9.972203050965497972e-01,9.972204257789351045e-01,9.972204354452804953e-01,9.972204345480322196e-01,9.972204205915632391e-01,9.972202646925634184e-01,9.972178839223081459e-01,9.972178839276953921e-01,9.972202646205788890e-01,9.972204202427146225e-01,9.972204329255254240e-01,9.972204251617545756e-01,9.972203049389447571e-01,9.972186920329437765e-01,9.999999999999957812e-01,9.972186920329437765e-01,9.972203049389445351e-01,9.972204251617546866e-01,9.972204329255253130e-01,9.972204202427145114e-01,9.972202646205787779e-01,9.972178839276955031e-01,9.972178839223080349e-01,9.972202646925635294e-01,9.972204205915633501e-01,9.972204345480323306e-01,9.972204354452803843e-01,9.972204257789353266e-01,9.972203050965497972e-01,9.972186920329437765e-01,9.999999999999957812e-01,9.972186917756147295e-01,9.972203042222681502e-01,9.972204225425640445e-01,9.972204185207749205e-01,9.972202641722548444e-01,9.972178837559858566e-01,9.972178837333349755e-01,9.972202645294736545e-01,9.972204205059427284e-01,9.972204347392908952e-01,9.972204369101987931e-01,9.972204359048703060e-01,9.972204257789351045e-01,9.972203049389445351e-01,9.972186917756147295e-01,9.999999999999957812e-01,9.972186909003045718e-01,9.972203014451556102e-01,9.972204079800779386e-01,9.972202622924577486e-01,9.972178831490703388e-01,9.972178830748225087e-01,9.972202638808619346e-01,9.972204198832564925e-01,9.972204341940800187e-01,9.972204366418678800e-01,9.972204369101990151e-01,9.972204354452804953e-01,9.972204251617546866e-01,9.972203042222681502e-01,9.972186909003045718e-01,9.999999999999957812e-01,9.972186876597355365e-01,9.972202864212545981e-01,9.972202512905207206e-01,9.972178808056034738e-01,9.972178805095097687e-01,9.972202613197483911e-01,9.972204173320647902e-01,9.972204316688164649e-01,9.972204341940801298e-01,9.972204347392910062e-01,9.972204345480322196e-01,9.972204329255253130e-01,9.972204225425640445e-01,9.972203014451556102e-01,9.972186876597355365e-01,9.999999999999957812e-01,9.972186707131011074e-01,9.972201278098770105e-01,9.972178678768952587e-01,9.972178661567139279e-01,9.972202469688603577e-01,9.972204029853900531e-01,9.972204173320646792e-01,9.972204198832566036e-01,9.972204205059428395e-01,9.972204205915632391e-01,9.972204202427145114e-01,9.972204185207749205e-01,9.972204079800779386e-01,9.972202864212545981e-01,9.972186707131011074e-01,9.999999999999957812e-01,9.972185001143134553e-01,9.972177323375160940e-01,9.972177101376737962e-01,9.972200909504080890e-01,9.972202469688603577e-01,9.972202613197482801e-01,9.972202638808618236e-01,9.972202645294738765e-01,9.972202646925634184e-01,9.972202646205787779e-01,9.972202641722548444e-01,9.972202622924577486e-01,9.972202512905207206e-01,9.972201278098770105e-01,9.972185001143134553e-01,9.999999999999957812e-01,9.972159599767114191e-01,9.972153293301223576e-01,9.972177101376739072e-01,9.972178661567140390e-01,9.972178805095097687e-01,9.972178830748226197e-01,9.972178837333350865e-01,9.972178839223081459e-01,9.972178839276955031e-01,9.972178837559858566e-01,9.972178831490703388e-01,9.972178808056034738e-01,9.972178678768952587e-01,9.972177323375160940e-01,9.972159599767114191e-01,9.999999999999957812e-01
9.999999999999991118e-01,9.966938092557809936e-01,9.966963145594242013e-01,9.966964594647461650e-01,9.966964727905359700e-01,9.966964753113453090e-01,9.966964759819527675e-01,9.966964761658440031e-01,9.966964761309426990e-01,9.966964758369175614e-01,9.966964748486693004e-01,9.966964710369716762e-01,9.966964498745503054e-01,9.966962159266268273e-01,9.966920916869907998e-01,9.966938092557809936e-01,9.999999999999991118e-01,9.966981740683941160e-01,9.967004603600689849e-01,9.967005875717883656e-01,9.967005980506243867e-01,9.967005998816897971e-01,9.967006003153954241e-01,9.967006003499517819e-01,9.967006000790789022e-01,9.967005990996647968e-01,9.967005952916995204e-01,9.967005741309199474e-01,9.967003401828832265e-01,9.966962159266269383e-01,9.966963145594242013e-01,9.966981740683941160e-01,9.999999999999991118e-01,9.966984295713064990e-01,9.967006981458937931e-01,9.967008225192532933e-01,9.967008323113226709e-01,9.967008339063074818e-01,9.967008341909449065e-01,9.967008339896306079e-01,9.967008330334121702e-01,9.967008292343041420e-01,9.967008080772776779e-01,9.967005741309200584e-01,9.966964498745506384e-01,9.966964594647461650e-01,9.967004603600689849e-01,9.966984295713064990e-01,9.999999999999991118e-01,9.966984545891858227e-01,9.967007203079351063e-01,9.967008439942274256e-01,9.967008535503117939e-01,9.967008549962605990e-01,9.967008550450382476e-01,9.967008541583824988e-01,9.967008503824721366e-01,9.967008292343041420e-01,9.967005952916995204e-01,9.966964710369718983e-01,9.966964727905359700e-01,9.967005875717883656e-01,9.967006981458937931e-01,9.966984545891858227e-01,9.999999999999991118e-01,9.966984594076069293e-01,9.967007244340434502e-01,9.967008478841581365e-01,9.967008572912031683e-01,9.967008585012933075e-01,9.967008578647302830e-01,9.967008541583826098e-01,9.967008330334122812e-01,9.967005990996646858e-01,9.966964748486694115e-01,9.966964753113453090e-01,9.967005980506243867e-01,9.967008225192532933e-01,9.967007203079351063e-01,9.966984594076069293e-01,9.999999999999991118e-01,9.966984607156603726e-01,9.967007255043448533e-01,9.967008488053594739e-01,9.967008579765438414e-01,9.967008585012930855e-01,9.967008550450384696e-01,9.967008339896306079e-01,9.967006000790790132e-01,9.966964758369177835e-01,9.966964759819527675e-01,9.967005998816897971e-01,9.967008323113226709e-01,9.967008439942274256e-01,9.967007244340434502e-01,9.966984607156603726e-01,9.999999999999991118e-01,9.966984611011167061e-01,9.967007257402197284e-01,9.967008488053595849e-01,9.967008572912030573e-01,9.967008549962604880e-01,9.967008341909447955e-01,9.967006003499515598e-01,9.966964761309426990e-01,9.966964761658440031e-01,9.967006003153954241e-01,9.967008339063074818e-01,9.967008535503117939e-01,9.967008478841581365e-01,9.967007255043448533e-01,9.966984611011167061e-01,9.999999999999991118e-01,9.966984611011167061e-01,9.967007255043448533e-01,9.967008478841580255e-01,9.967008535503117939e-01,9.967008339063073707e-01,9.967006003153953131e-01,9.966964761658441141e-01,9.966964761309426990e-01,9.967006003499517819e-01,9.967008341909449065e-01,9.967008549962605990e-01,9.967008572912031683e-01,9.967008488053594739e-01,9.967007257402197284e-01,9.966984611011167061e-01,9.999999999999991118e-01,9.966984607156603726e-01,9.967007244340433392e-01,9.967008439942273146e-01,9.967008323113224488e-01,9.967005998816896861e-01,9.966964759819527675e-01,9.966964758369175614e-01,9.967006000790789022e-01,9.967008339896306079e-01,9.967008550450382476e-01,9.967008585012933075e-01,9.967008579765438414e-01,9.967008488053595849e-01,9.967007255043448533e-01,9.966984607156603726e-01,9.999999999999991118e-01,9.966984594076069293e-01,9.967007203079352173e-01,9.967008225192530713e-01,9.967005980506242757e-01,9.966964753113450870e-01,9.966964748486693004e-01,9.967005990996647968e-01,9.967008330334121702e-01,9.967008541583824988e-01,9.967008578647302830e-01,9.967008585012930855e-01,9.967008572912030573e-01,9.967008478841580255e-01,9.967007244340433392e-01,9.966984594076069293e-01,9.999999999999991118e-01,9.966984545891858227e-01,9.967006981458935710e-01,9.967005875717880325e-01,9.966964727905359700e-01,9.966964710369716762e-01,9.967005952916995204e-01,9.967008292343041420e-01,9.967008503824721366e-01,9.967008541583826098e-01,9.967008550450384696e-01,9.967008549962604880e-01,9.967008535503117939e-01,9.967008439942273146e-01,9.967007203079352173e-01,9.966984545891858227e-01,9.999999999999991118e-01,9.966984295713064990e-01,9.967004603600689849e-01,9.966964594647460540e-01,9.966964498745503054e-01,9.967005741309199474e-01,9.967008080772776779e-01,9.967008292343041420e-01,9.967008330334122812e-01,9.967008339896306079e-01,9.967008341909447955e-01,9.967008339063073707e-01,9.967008323113224488e-01,9.967008225192530713e-01,9.967006981458935710e-01,9.966984295713064990e-01,9.999999999999991118e-01,9.966981740683940050e-01,9.966963145594239792e-01,9.966962159266268273e-01,9.967003401828832265e-01,9.967005741309200584e-01,9.967005952916995204e-01,9.967005990996646858e-01,9.967006000790790132e-01,9.967006003499515598e-01,9.967006003153953131e-01,9.967005998816896861e-01,9.967005980506242757e-01,9.967005875717880325e-01,9.967004603600689849e-01,9.966981740683940050e-01,9.999999999999991118e-01,9.966938092557809936e-01,9.966920916869907998e-01,9.966962159266269383e-01,9.966964498745506384e-01,9.966964710369718983e-01,9.966964748486694115e-01,9.966964758369177835e-01,9.966964761309426990e-01,9.966964761658441141e-01,9.966964759819527675e-01,9.966964753113450870e-01,9.966964727905359700e-01,9.966964594647460540e-01,9.966963145594239792e-01,9.966938092557809936e-01,9.999999999999991118e-01
1.000000000000001332e+00,9.943418673134619690e-01,9.943488110289365745e-01,9.943492535432875146e-01,9.943492927655075420e-01,9.943492995003928581e-01,9.943493011807673643e-01,9.943493016754326730e-01,9.943493017584806859e-01,9.943493015268729529e-01,9.943493006120681654e-01,9.943492970376257567e-01,9.943492773915947325e-01,9.943490514725689122e-01,9.943434486517028770e-01,9.943418673134619690e-01,1.000000000000001332e+00,9.943477112728021927e-01,9.943544347948503059e-01,9.943548601129724718e-01,9.943548965895732117e-01,9.943549026586265827e-01,9.943549041103856290e-01,9.943549044616690757e-01,9.943549043198928183e-01,9.943549034394716379e-01,9.943548998796193361e-01,9.943548802402264464e-01,9.943546543232650858e-01,9.943490514725690232e-01,9.943488110289365745e-01,9.943477112728021927e-01,1.000000000000001332e+00,9.943479574943625554e-01,9.943546643653844441e-01,9.943550869869671738e-01,9.943551228105176332e-01,9.943551286545069257e-01,9.943551299640615015e-01,9.943551300909730939e-01,9.943551293005794545e-01,9.943551257752071271e-01,9.943551061504664057e-01,9.943548802402264464e-01,9.943492773915950655e-01,9.943492535432875146e-01,9.943544347948503059e-01,9.943479574943625554e-01,1.000000000000001332e+00,9.943479807978105045e-01,9.943546849681395017e-01,9.943551069364950923e-01,9.943551425353505113e-01,9.943551482372605665e-01,9.943551493224882520e-01,9.943551488008003370e-01,9.943551453654636552e-01,9.943551257752070160e-01,9.943548998796193361e-01,9.943492970376258677e-01,9.943492927655075420e-01,9.943548601129724718e-01,9.943546643653844441e-01,9.943479807978105045e-01,1.000000000000001332e+00,9.943479853424496140e-01,9.943546888532701633e-01,9.943551105964436587e-01,9.943551460532129571e-01,9.943551515308001187e-01,9.943551519674305172e-01,9.943551488008004480e-01,9.943551293005794545e-01,9.943549034394716379e-01,9.943493006120683875e-01,9.943492995003928581e-01,9.943548965895732117e-01,9.943550869869671738e-01,9.943546849681395017e-01,9.943479853424496140e-01,1.000000000000001332e+00,9.943479865849291777e-01,9.943546898684418878e-01,9.943551114693699455e-01,9.943551467018102441e-01,9.943551515308002298e-01,9.943551493224883631e-01,9.943551300909730939e-01,9.943549043198929294e-01,9.943493015268731750e-01,9.943493011807673643e-01,9.943549026586265827e-01,9.943551228105176332e-01,9.943551069364950923e-01,9.943546888532701633e-01,9.943479865849291777e-01,1.000000000000001332e+00,9.943479869522166004e-01,9.943546900928083021e-01,9.943551114693697235e-01,9.943551460532128461e-01,9.943551482372607886e-01,9.943551299640613905e-01,9.943549044616689647e-01,9.943493017584807969e-01,9.943493016754326730e-01,9.943549041103856290e-01,9.943551286545069257e-01,9.943551425353505113e-01,9.943551105964436587e-01,9.943546898684418878e-01,9.943479869522166004e-01,1.000000000000001332e+00,9.943479869522166004e-01,9.943546898684415547e-01,9.943551105964435477e-01,9.943551425353506223e-01,9.943551286545068146e-01,9.943549041103856290e-01,9.943493016754327840e-01,9.943493017584806859e-01,9.943549044616690757e-01,9.943551299640615015e-01,9.943551482372605665e-01,9.943551460532129571e-01,9.943551114693699455e-01,9.943546900928083021e-01,9.943479869522166004e-01,1.000000000000001332e+00,9.943479865849289556e-01,9.943546888532700523e-01,9.943551069364950923e-01,9.943551228105175221e-01,9.943549026586265827e-01,9.943493011807674753e-01,9.943493015268729529e-01,9.943549043198928183e-01,9.943551300909730939e-01,9.943551493224882520e-01,9.943551515308001187e-01,9.943551467018102441e-01,9.943551114693697235e-01,9.943546898684415547e-01,9.943479865849289556e-01,1.000000000000001332e+00,9.943479853424492809e-01,9.943546849681393907e-01,9.943550869869671738e-01,9.943548965895732117e-01,9.943492995003927470e-01,9.943493006120681654e-01,9.943549034394716379e-01,9.943551293005794545e-01,9.943551488008003370e-01,9.943551519674305172e-01,9.943551515308002298e-01,9.943551460532128461e-01,9.943551105964435477e-01,9.943546888532700523e-01,9.943479853424492809e-01,1.000000000000001332e+00,9.943479807978103935e-01,9.943546643653844441e-01,9.943548601129723608e-01,9.943492927655074309e-01,9.943492970376257567e-01,9.943548998796193361e-01,9.943551257752071271e-01,9.943551453654636552e-01,9.943551488008004480e-01,9.943551493224883631e-01,9.943551482372607886e-01,9.943551425353506223e-01,9.943551069364950923e-01,9.943546849681393907e-01,9.943479807978103935e-01,1.000000000000001332e+00,9.943479574943626664e-01,9.943544347948503059e-01,9.943492535432875146e-01,9.943492773915947325e-01,9.943548802402264464e-01,9.943551061504664057e-01,9.943551257752070160e-01,9.943551293005794545e-01,9.943551300909730939e-01,9.943551299640613905e-01,9.943551286545068146e-01,9.943551228105175221e-01,9.943550869869671738e-01,9.943546643653844441e-01,9.943479574943626664e-01,1.000000000000001332e+00,9.943477112728021927e-01,9.943488110289364634e-01,9.943490514725689122e-01,9.943546543232650858e-01,9.943548802402264464e-01,9.943548998796193361e-01,9.943549034394716379e-01,9.943549043198929294e-01,9.943549044616689647e-01,9.943549041103856290e-01,9.943549026586265827e-01,9.943548965895732117e-01,9.943548601129723608e-01,9.943544347948503059e-01,9.943477112728021927e-01,1.000000000000001332e+00,9.943418673134617469e-01,9.943434486517028770e-01,9.943490514725690232e-01,9.943492773915950655e-01,9.943492970376258677e-01,9.943493006120683875e-01,9.943493015268731750e-01,9.943493017584807969e-01,9.943493016754327840e-01,9.943493011807674753e-01,9.943492995003927470e-01,9.943492927655074309e-01,9.943492535432875146e-01,9.943488110289364634e-01,9.943418673134617469e-01,1.000000000000001332e+00
