1.000000000000000000e+00,1.000000000000000000e+00,1.000000000000000000e+00,1.000000000000000000e+00,1.000000000000000000e+00,1.000000000000000000e+00,1.000000000000000000e+00,1.000000000000000000e+00,1.000000000000000000e+00,1.000000000000000000e+00,1.000000000000000000e+00,1.000000000000000000e+00,1.000000000000000000e+00,1.000000000000000000e+00,1.000000000000000000e+00,1.000000000000000000e+00,1.000000000000000000e+00,1.000000000000000000e+00,1.000000000000000000e+00,1.000000000000000000e+00,1.000000000000000000e+00,1.000000000000000000e+00,1.000000000000000000e+00,1.000000000000000000e+00,1.000000000000000000e+00,1.000000000000000000e+00,1.000000000000000000e+00,1.000000000000000000e+00,1.000000000000000000e+00,1.000000000000000000e+00,1.000000000000000000e+00,1.000000000000000000e+00,1.000000000000000000e+00,1.000000000000000000e+00,1.000000000000000000e+00,1.000000000000000000e+00,1.000000000000000000e+00,1.000000000000000000e+00,1.000000000000000000e+00,1.000000000000000000e+00,1.000000000000000000e+00,1.000000000000000000e+00,1.000000000000000000e+00,1.000000000000000000e+00,1.000000000000000000e+00,1.000000000000000000e+00,1.000000000000000000e+00,1.000000000000000000e+00,1.000000000000000000e+00,1.000000000000000000e+00,1.000000000000000000e+00,1.000000000000000000e+00,1.000000000000000000e+00,1.000000000000000000e+00,1.000000000000000000e+00,1.000000000000000000e+00,1.000000000000000000e+00,1.000000000000000000e+00,1.000000000000000000e+00,1.000000000000000000e+00,1.000000000000000000e+00,1.000000000000000000e+00,1.000000000000000000e+00,1.000000000000000000e+00,1.000000000000000000e+00,1.000000000000000000e+00,1.000000000000000000e+00,1.000000000000000000e+00,1.000000000000000000e+00,1.000000000000000000e+00,1.000000000000000000e+00,1.000000000000000000e+00,1.000000000000000000e+00,1.000000000000000000e+00,1.000000000000000000e+00,1.000000000000000000e+00,1.000000000000000000e+00,1.000000000000000000e+00,1.000000000000000000e+00,1.000000000000000000e+00,1.000000000000000000e+00,1.000000000000000000e+00,1.000000000000000000e+00,1.000000000000000000e+00,1.000000000000000000e+00,1.000000000000000000e+00,1.000000000000000000e+00,1.000000000000000000e+00,1.000000000000000000e+00,1.000000000000000000e+00,1.000000000000000000e+00,1.000000000000000000e+00,1.000000000000000000e+00,1.000000000000000000e+00,1.000000000000000000e+00,1.000000000000000000e+00,1.000000000000000000e+00,1.000000000000000000e+00,1.000000000000000000e+00,1.000000000000000000e+00,1.000000000000000000e+00,1.000000000000000000e+00,1.000000000000000000e+00,1.000000000000000000e+00,1.000000000000000000e+00,1.000000000000000000e+00,1.000000000000000000e+00,1.000000000000000000e+00,1.000000000000000000e+00,1.000000000000000000e+00,1.000000000000000000e+00,1.000000000000000000e+00,1.000000000000000000e+00,1.000000000000000000e+00,1.000000000000000000e+00,1.000000000000000000e+00,1.000000000000000000e+00,1.000000000000000000e+00,1.000000000000000000e+00,1.000000000000000000e+00,1.000000000000000000e+00,1.000000000000000000e+00,1.000000000000000000e+00,1.000000000000000000e+00,1.000000000000000000e+00,1.000000000000000000e+00,1.000000000000000000e+00,1.000000000000000000e+00,1.000000000000000000e+00,1.000000000000000000e+00,1.000000000000000000e+00,1.000000000000000000e+00,1.000000000000000000e+00,1.000000000000000000e+00,1.000000000000000000e+00,1.000000000000000000e+00,1.000000000000000000e+00,1.000000000000000000e+00,1.000000000000000000e+00,1.000000000000000000e+00,1.000000000000000000e+00,1.000000000000000000e+00,1.000000000000000000e+00,1.000000000000000000e+00,1.000000000000000000e+00,1.000000000000000000e+00,1.000000000000000000e+00,1.000000000000000000e+00,1.000000000000000000e+00,1.000000000000000000e+00,1.000000000000000000e+00,1.000000000000000000e+00,1.000000000000000000e+00,1.000000000000000000e+00,1.000000000000000000e+00,1.000000000000000000e+00,1.000000000000000000e+00,1.000000000000000000e+00,1.000000000000000000e+00,1.000000000000000000e+00,1.000000000000000000e+00,1.000000000000000000e+00,1.000000000000000000e+00,1.000000000000000000e+00,1.000000000000000000e+00,1.000000000000000000e+00,1.000000000000000000e+00,1.000000000000000000e+00,1.000000000000000000e+00,1.000000000000000000e+00,1.000000000000000000e+00,1.000000000000000000e+00,1.000000000000000000e+00,1.000000000000000000e+00,1.000000000000000000e+00,1.000000000000000000e+00,1.000000000000000000e+00,1.000000000000000000e+00,1.000000000000000000e+00,1.000000000000000000e+00,1.000000000000000000e+00,1.000000000000000000e+00,1.000000000000000000e+00,1.000000000000000000e+00,1.000000000000000000e+00,1.000000000000000000e+00,1.000000000000000000e+00,1.000000000000000000e+00,1.000000000000000000e+00,1.000000000000000000e+00,1.000000000000000000e+00,1.000000000000000000e+00,1.000000000000000000e+00,1.000000000000000000e+00,1.000000000000000000e+00,1.000000000000000000e+00,1.000000000000000000e+00,1.000000000000000000e+00,1.000000000000000000e+00,1.000000000000000000e+00,1.000000000000000000e+00,1.000000000000000000e+00,1.000000000000000000e+00,1.000000000000000000e+00,1.000000000000000000e+00,1.000000000000000000e+00,1.000000000000000000e+00,1.000000000000000000e+00,1.000000000000000000e+00,1.000000000000000000e+00,1.000000000000000000e+00,1.000000000000000000e+00,1.000000000000000000e+00,1.000000000000000000e+00,1.000000000000000000e+00,1.000000000000000000e+00,1.000000000000000000e+00,1.000000000000000000e+00,1.000000000000000000e+00,1.000000000000000000e+00,1.000000000000000000e+00,1.000000000000000000e+00,1.000000000000000000e+00,1.000000000000000000e+00,1.000000000000000000e+00
1.000000000000002665e+00,9.999942482011675571e-01,9.999942482081266570e-01,9.999942482086283668e-01,9.999942482086700002e-01,9.999942482086769946e-01,9.999942482086785489e-01,9.999942482086791040e-01,9.999942482086791040e-01,9.999942482086789930e-01,9.999942482086785489e-01,9.999942482086763285e-01,9.999942482086637829e-01,9.999942482085245610e-01,9.999942482055949045e-01,9.999942482011675571e-01,1.000000000000002665e+00,9.999942482042367686e-01,9.999942482110685260e-01,9.999942482115603548e-01,9.999942482116004339e-01,9.999942482116067621e-01,9.999942482116083164e-01,9.999942482116087605e-01,9.999942482116087605e-01,9.999942482116083164e-01,9.999942482116059850e-01,9.999942482115937725e-01,9.999942482114543285e-01,9.999942482085247830e-01,9.999942482081266570e-01,9.999942482042367686e-01,1.000000000000002665e+00,9.999942482043884251e-01,9.999942482112103015e-01,9.999942482117001319e-01,9.999942482117397669e-01,9.999942482117460951e-01,9.999942482117475384e-01,9.999942482117477605e-01,9.999942482117474274e-01,9.999942482117453180e-01,9.999942482117329945e-01,9.999942482115936615e-01,9.999942482086640050e-01,9.999942482086283668e-01,9.999942482110685260e-01,9.999942482043884251e-01,1.000000000000002665e+00,9.999942482044029690e-01,9.999942482112234021e-01,9.999942482117126774e-01,9.999942482117522013e-01,9.999942482117584186e-01,9.999942482117598619e-01,9.999942482117596398e-01,9.999942482117577525e-01,9.999942482117453180e-01,9.999942482116058740e-01,9.999942482086763285e-01,9.999942482086700002e-01,9.999942482115603548e-01,9.999942482112103015e-01,9.999942482044029690e-01,1.000000000000002665e+00,9.999942482044058556e-01,9.999942482112257336e-01,9.999942482117151199e-01,9.999942482117546438e-01,9.999942482117606390e-01,9.999942482117616382e-01,9.999942482117598619e-01,9.999942482117477605e-01,9.999942482116083164e-01,9.999942482086787710e-01,9.999942482086769946e-01,9.999942482116004339e-01,9.999942482117001319e-01,9.999942482112234021e-01,9.999942482044058556e-01,1.000000000000002665e+00,9.999942482044065217e-01,9.999942482112261777e-01,9.999942482117154530e-01,9.999942482117547549e-01,9.999942482117605280e-01,9.999942482117598619e-01,9.999942482117479825e-01,9.999942482116086495e-01,9.999942482086789930e-01,9.999942482086785489e-01,9.999942482116067621e-01,9.999942482117397669e-01,9.999942482117126774e-01,9.999942482112257336e-01,9.999942482044065217e-01,1.000000000000002665e+00,9.999942482044066328e-01,9.999942482112262887e-01,9.999942482117154530e-01,9.999942482117543108e-01,9.999942482117584186e-01,9.999942482117475384e-01,9.999942482116086495e-01,9.999942482086792150e-01,9.999942482086791040e-01,9.999942482116083164e-01,9.999942482117460951e-01,9.999942482117522013e-01,9.999942482117151199e-01,9.999942482112261777e-01,9.999942482044066328e-01,1.000000000000002665e+00,9.999942482044067438e-01,9.999942482112261777e-01,9.999942482117148979e-01,9.999942482117520903e-01,9.999942482117460951e-01,9.999942482116083164e-01,9.999942482086791040e-01,9.999942482086791040e-01,9.999942482116087605e-01,9.999942482117475384e-01,9.999942482117584186e-01,9.999942482117546438e-01,9.999942482117154530e-01,9.999942482112262887e-01,9.999942482044067438e-01,1.000000000000002665e+00,9.999942482044065217e-01,9.999942482112255115e-01,9.999942482117125664e-01,9.999942482117397669e-01,9.999942482116066511e-01,9.999942482086785489e-01,9.999942482086789930e-01,9.999942482116087605e-01,9.999942482117477605e-01,9.999942482117598619e-01,9.999942482117606390e-01,9.999942482117547549e-01,9.999942482117154530e-01,9.999942482112261777e-01,9.999942482044065217e-01,1.000000000000002665e+00,9.999942482044057446e-01,9.999942482112230691e-01,9.999942482117000209e-01,9.999942482116001008e-01,9.999942482086768836e-01,9.999942482086785489e-01,9.999942482116083164e-01,9.999942482117474274e-01,9.999942482117596398e-01,9.999942482117616382e-01,9.999942482117605280e-01,9.999942482117543108e-01,9.999942482117148979e-01,9.999942482112255115e-01,9.999942482044057446e-01,1.000000000000002665e+00,9.999942482044029690e-01,9.999942482112101905e-01,9.999942482115601328e-01,9.999942482086700002e-01,9.999942482086763285e-01,9.999942482116059850e-01,9.999942482117453180e-01,9.999942482117577525e-01,9.999942482117598619e-01,9.999942482117598619e-01,9.999942482117584186e-01,9.999942482117520903e-01,9.999942482117125664e-01,9.999942482112230691e-01,9.999942482044029690e-01,1.000000000000002665e+00,9.999942482043884251e-01,9.999942482110686370e-01,9.999942482086283668e-01,9.999942482086637829e-01,9.999942482115937725e-01,9.999942482117329945e-01,9.999942482117453180e-01,9.999942482117477605e-01,9.999942482117479825e-01,9.999942482117475384e-01,9.999942482117460951e-01,9.999942482117397669e-01,9.999942482117000209e-01,9.999942482112101905e-01,9.999942482043884251e-01,1.000000000000002665e+00,9.999942482042365466e-01,9.999942482081265460e-01,9.999942482085245610e-01,9.999942482114543285e-01,9.999942482115936615e-01,9.999942482116058740e-01,9.999942482116083164e-01,9.999942482116086495e-01,9.999942482116086495e-01,9.999942482116083164e-01,9.999942482116066511e-01,9.999942482116001008e-01,9.999942482115601328e-01,9.999942482110686370e-01,9.999942482042365466e-01,1.000000000000002665e+00,9.999942482011675571e-01,9.999942482055949045e-01,9.999942482085247830e-01,9.999942482086640050e-01,9.999942482086763285e-01,9.999942482086787710e-01,9.999942482086789930e-01,9.999942482086792150e-01,9.999942482086791040e-01,9.999942482086785489e-01,9.999942482086768836e-01,9.999942482086700002e-01,9.999942482086283668e-01,9.999942482081265460e-01,9.999942482011675571e-01,1.000000000000002665e+00
1.000000000000002887e+00,9.999768953266234828e-01,9.999768954396922593e-01,9.999768954478610583e-01,9.999768954485503958e-01,9.999768954486658590e-01,9.999768954486945027e-01,9.999768954487028294e-01,9.999768954487044947e-01,9.999768954487011641e-01,9.999768954486872863e-01,9.999768954486324413e-01,9.999768954483219119e-01,9.999768954448332581e-01,9.999768953465484334e-01,9.999768953266234828e-01,1.000000000000002887e+00,9.999768954283980715e-01,9.999768955382877245e-01,9.999768955462011721e-01,9.999768955468495424e-01,9.999768955469552356e-01,9.999768955469803267e-01,9.999768955469865439e-01,9.999768955469847675e-01,9.999768955469715559e-01,9.999768955469169329e-01,9.999768955466066256e-01,9.999768955431179718e-01,9.999768954448331471e-01,9.999768954396922593e-01,9.999768954283980715e-01,1.000000000000002887e+00,9.999768954321976988e-01,9.999768955418317784e-01,9.999768955497041478e-01,9.999768955503426371e-01,9.999768955504451107e-01,9.999768955504680923e-01,9.999768955504709789e-01,9.999768955504593215e-01,9.999768955504051426e-01,9.999768955500950574e-01,9.999768955466066256e-01,9.999768954483216898e-01,9.999768954478610583e-01,9.999768955382877245e-01,9.999768954321976988e-01,1.000000000000002887e+00,9.999768954325634063e-01,9.999768955421564076e-01,9.999768955500191181e-01,9.999768955506542767e-01,9.999768955507547519e-01,9.999768955507741808e-01,9.999768955507672974e-01,9.999768955507145618e-01,9.999768955504051426e-01,9.999768955469168219e-01,9.999768954486321082e-01,9.999768954485503958e-01,9.999768955462011721e-01,9.999768955418317784e-01,9.999768954325634063e-01,1.000000000000002887e+00,9.999768954326326842e-01,9.999768955422160266e-01,9.999768955500754064e-01,9.999768955507083446e-01,9.999768955508054891e-01,9.999768955508151480e-01,9.999768955507672974e-01,9.999768955504594325e-01,9.999768955469715559e-01,9.999768954486872863e-01,9.999768954486658590e-01,9.999768955468495424e-01,9.999768955497041478e-01,9.999768955421564076e-01,9.999768954326326842e-01,1.000000000000002887e+00,9.999768954326515580e-01,9.999768955422314587e-01,9.999768955500886181e-01,9.999768955507183366e-01,9.999768955508054891e-01,9.999768955507742918e-01,9.999768955504708678e-01,9.999768955469848786e-01,9.999768954487009420e-01,9.999768954486945027e-01,9.999768955469552356e-01,9.999768955503426371e-01,9.999768955500191181e-01,9.999768955422160266e-01,9.999768954326515580e-01,1.000000000000002887e+00,9.999768954326572201e-01,9.999768955422350114e-01,9.999768955500889511e-01,9.999768955507085666e-01,9.999768955507548629e-01,9.999768955504682033e-01,9.999768955469867660e-01,9.999768954487044947e-01,9.999768954487028294e-01,9.999768955469803267e-01,9.999768955504451107e-01,9.999768955506542767e-01,9.999768955500754064e-01,9.999768955422314587e-01,9.999768954326572201e-01,1.000000000000002887e+00,9.999768954326572201e-01,9.999768955422316807e-01,9.999768955500756284e-01,9.999768955506544987e-01,9.999768955504453327e-01,9.999768955469805487e-01,9.999768954487029404e-01,9.999768954487044947e-01,9.999768955469865439e-01,9.999768955504680923e-01,9.999768955507547519e-01,9.999768955507083446e-01,9.999768955500886181e-01,9.999768955422350114e-01,9.999768954326572201e-01,1.000000000000002887e+00,9.999768954326516690e-01,9.999768955422162486e-01,9.999768955500193401e-01,9.999768955503427481e-01,9.999768955469554577e-01,9.999768954486945027e-01,9.999768954487011641e-01,9.999768955469847675e-01,9.999768955504709789e-01,9.999768955507741808e-01,9.999768955508054891e-01,9.999768955507183366e-01,9.999768955500889511e-01,9.999768955422316807e-01,9.999768954326516690e-01,1.000000000000002887e+00,9.999768954326330173e-01,9.999768955421566297e-01,9.999768955497043699e-01,9.999768955468495424e-01,9.999768954486661920e-01,9.999768954486872863e-01,9.999768955469715559e-01,9.999768955504593215e-01,9.999768955507672974e-01,9.999768955508151480e-01,9.999768955508054891e-01,9.999768955507085666e-01,9.999768955500756284e-01,9.999768955422162486e-01,9.999768954326330173e-01,1.000000000000002887e+00,9.999768954325635173e-01,9.999768955418316674e-01,9.999768955462011721e-01,9.999768954485503958e-01,9.999768954486324413e-01,9.999768955469169329e-01,9.999768955504051426e-01,9.999768955507145618e-01,9.999768955507672974e-01,9.999768955507742918e-01,9.999768955507548629e-01,9.999768955506544987e-01,9.999768955500193401e-01,9.999768955421566297e-01,9.999768954325635173e-01,1.000000000000002887e+00,9.999768954321978098e-01,9.999768955382877245e-01,9.999768954478612804e-01,9.999768954483219119e-01,9.999768955466066256e-01,9.999768955500950574e-01,9.999768955504051426e-01,9.999768955504594325e-01,9.999768955504708678e-01,9.999768955504682033e-01,9.999768955504453327e-01,9.999768955503427481e-01,9.999768955497043699e-01,9.999768955418316674e-01,9.999768954321978098e-01,1.000000000000002887e+00,9.999768954283984046e-01,9.999768954396922593e-01,9.999768954448332581e-01,9.999768955431179718e-01,9.999768955466066256e-01,9.999768955469168219e-01,9.999768955469715559e-01,9.999768955469848786e-01,9.999768955469867660e-01,9.999768955469805487e-01,9.999768955469554577e-01,9.999768955468495424e-01,9.999768955462011721e-01,9.999768955382877245e-01,9.999768954283984046e-01,1.000000000000002887e+00,9.999768953266237048e-01,9.999768953465484334e-01,9.999768954448331471e-01,9.999768954483216898e-01,9.999768954486321082e-01,9.999768954486872863e-01,9.999768954487009420e-01,9.999768954487044947e-01,9.999768954487029404e-01,9.999768954486945027e-01,9.999768954486661920e-01,9.999768954485503958e-01,9.999768954478612804e-01,9.999768954396922593e-01,9.999768953266237048e-01,1.000000000000002887e+00
1.000000000000001110e+00,9.999483018231339893e-01,9.999483023893015465e-01,9.999483024300670486e-01,9.999483024335517056e-01,9.999483024341412341e-01,9.999483024342866733e-01,9.999483024343291948e-01,9.999483024343361892e-01,9.999483024343158721e-01,9.999483024342353810e-01,9.999483024339157478e-01,9.999483024321121905e-01,9.999483024118596131e-01,9.999483018421131408e-01,9.999483018231339893e-01,1.000000000000001110e+00,9.999483024131478048e-01,9.999483029608532414e-01,9.999483030001348194e-01,9.999483030033816666e-01,9.999483030039139075e-01,9.999483030040396958e-01,9.999483030040698939e-01,9.999483030040572373e-01,9.999483030039797438e-01,9.999483030036614428e-01,9.999483030018584406e-01,9.999483029816061963e-01,9.999483024118597241e-01,9.999483023893015465e-01,9.999483024131478048e-01,1.000000000000001110e+00,9.999483024352051608e-01,9.999483029814270063e-01,9.999483030204707745e-01,9.999483030236603343e-01,9.999483030241729242e-01,9.999483030242865000e-01,9.999483030242971582e-01,9.999483030242273252e-01,9.999483030239116887e-01,9.999483030221100188e-01,9.999483030018584406e-01,9.999483024321121905e-01,9.999483024300670486e-01,9.999483029608532414e-01,9.999483024352051608e-01,1.000000000000001110e+00,9.999483024373302387e-01,9.999483029833143855e-01,9.999483030223006441e-01,9.999483030254705529e-01,9.999483030259708194e-01,9.999483030260647443e-01,9.999483030260181149e-01,9.999483030257104721e-01,9.999483030239116887e-01,9.999483030036613318e-01,9.999483024339157478e-01,9.999483024335517056e-01,9.999483030001348194e-01,9.999483029814270063e-01,9.999483024373302387e-01,1.000000000000001110e+00,9.999483024377341378e-01,9.999483029836608861e-01,9.999483030226276048e-01,9.999483030257851901e-01,9.999483030262659167e-01,9.999483030263025540e-01,9.999483030260180039e-01,9.999483030242269921e-01,9.999483030039796327e-01,9.999483024342353810e-01,9.999483024341412341e-01,9.999483030033816666e-01,9.999483030204707745e-01,9.999483029833143855e-01,9.999483024377341378e-01,1.000000000000001110e+00,9.999483024378431617e-01,9.999483029837502590e-01,9.999483030227046543e-01,9.999483030258425886e-01,9.999483030262660277e-01,9.999483030260647443e-01,9.999483030242969361e-01,9.999483030040574594e-01,9.999483024343159832e-01,9.999483024342866733e-01,9.999483030039139075e-01,9.999483030236603343e-01,9.999483030223006441e-01,9.999483029836608861e-01,9.999483024378431617e-01,1.000000000000001110e+00,9.999483024378750251e-01,9.999483029837697989e-01,9.999483030227045433e-01,9.999483030257853011e-01,9.999483030259707084e-01,9.999483030242862780e-01,9.999483030040700049e-01,9.999483024343361892e-01,9.999483024343291948e-01,9.999483030040396958e-01,9.999483030241729242e-01,9.999483030254705529e-01,9.999483030226276048e-01,9.999483029837502590e-01,9.999483024378750251e-01,1.000000000000001110e+00,9.999483024378750251e-01,9.999483029837501480e-01,9.999483030226277158e-01,9.999483030254705529e-01,9.999483030241727022e-01,9.999483030040396958e-01,9.999483024343291948e-01,9.999483024343361892e-01,9.999483030040698939e-01,9.999483030242865000e-01,9.999483030259708194e-01,9.999483030257851901e-01,9.999483030227046543e-01,9.999483029837697989e-01,9.999483024378750251e-01,1.000000000000001110e+00,9.999483024378429397e-01,9.999483029836609971e-01,9.999483030223006441e-01,9.999483030236601122e-01,9.999483030039137965e-01,9.999483024342866733e-01,9.999483024343158721e-01,9.999483030040572373e-01,9.999483030242971582e-01,9.999483030260647443e-01,9.999483030262659167e-01,9.999483030258425886e-01,9.999483030227045433e-01,9.999483029837501480e-01,9.999483024378429397e-01,1.000000000000001110e+00,9.999483024377342488e-01,9.999483029833142744e-01,9.999483030204706635e-01,9.999483030033815556e-01,9.999483024341412341e-01,9.999483024342353810e-01,9.999483030039797438e-01,9.999483030242273252e-01,9.999483030260181149e-01,9.999483030263025540e-01,9.999483030262660277e-01,9.999483030257853011e-01,9.999483030226277158e-01,9.999483029836609971e-01,9.999483024377342488e-01,1.000000000000001110e+00,9.999483024373303497e-01,9.999483029814270063e-01,9.999483030001348194e-01,9.999483024335517056e-01,9.999483024339157478e-01,9.999483030036614428e-01,9.999483030239116887e-01,9.999483030257104721e-01,9.999483030260180039e-01,9.999483030260647443e-01,9.999483030259707084e-01,9.999483030254705529e-01,9.999483030223006441e-01,9.999483029833142744e-01,9.999483024373303497e-01,1.000000000000001110e+00,9.999483024352051608e-01,9.999483029608534634e-01,9.999483024300671596e-01,9.999483024321121905e-01,9.999483030018584406e-01,9.999483030221100188e-01,9.999483030239116887e-01,9.999483030242269921e-01,9.999483030242969361e-01,9.999483030242862780e-01,9.999483030241727022e-01,9.999483030236601122e-01,9.999483030204706635e-01,9.999483029814270063e-01,9.999483024352051608e-01,1.000000000000001110e+00,9.999483024131476938e-01,9.999483023893014355e-01,9.999483024118596131e-01,9.999483029816061963e-01,9.999483030018584406e-01,9.999483030036613318e-01,9.999483030039796327e-01,9.999483030040574594e-01,9.999483030040700049e-01,9.999483030040396958e-01,9.999483030039137965e-01,9.999483030033815556e-01,9.999483030001348194e-01,9.999483029608534634e-01,9.999483024131476938e-01,1.000000000000001110e+00,9.999483018231338782e-01,9.999483018421131408e-01,9.999483024118597241e-01,9.999483024321121905e-01,9.999483024339157478e-01,9.999483024342353810e-01,9.999483024343159832e-01,9.999483024343361892e-01,9.999483024343291948e-01,9.999483024342866733e-01,9.999483024341412341e-01,9.999483024335517056e-01,9.999483024300671596e-01,9.999483023893014355e-01,9.999483018231338782e-01,1.000000000000001110e+00
1.000000000000000000e+00,9.999075933686616402e-01,9.999075951598471734e-01,9.999075952868242689e-01,9.999075952977939385e-01,9.999075952996467898e-01,9.999075953001036465e-01,9.999075953002374284e-01,9.999075953002605210e-01,9.999075953002000139e-01,9.999075952999574302e-01,9.999075952989934235e-01,9.999075952935537748e-01,9.999075952324655292e-01,9.999075934662935428e-01,9.999075933686616402e-01,1.000000000000000000e+00,9.999075951960045838e-01,9.999075969314666912e-01,9.999075970539653690e-01,9.999075970642170574e-01,9.999075970658973800e-01,9.999075970662948398e-01,9.999075970663913182e-01,9.999075970663554580e-01,9.999075970661222001e-01,9.999075970651621903e-01,9.999075970597245400e-01,9.999075969986370716e-01,9.999075952324656402e-01,9.999075951598471734e-01,9.999075951960045838e-01,1.000000000000000000e+00,9.999075952625385844e-01,9.999075969935244945e-01,9.999075971153050801e-01,9.999075971253841288e-01,9.999075971270052765e-01,9.999075971273655439e-01,9.999075971274028474e-01,9.999075971271941254e-01,9.999075971262435525e-01,9.999075971208098990e-01,9.999075970597244289e-01,9.999075952935536638e-01,9.999075952868242689e-01,9.999075969314666912e-01,9.999075952625385844e-01,1.000000000000000000e+00,9.999075952689484570e-01,9.999075969992164969e-01,9.999075971208243319e-01,9.999075971308443167e-01,9.999075971324281609e-01,9.999075971327293644e-01,9.999075971325941392e-01,9.999075971316679912e-01,9.999075971262435525e-01,9.999075970651620793e-01,9.999075952989932015e-01,9.999075952977939385e-01,9.999075970539653690e-01,9.999075969935244945e-01,9.999075952689484570e-01,1.000000000000000000e+00,9.999075952701667047e-01,9.999075970002619940e-01,9.999075971218109871e-01,9.999075971317937794e-01,9.999075971333185597e-01,9.999075971334471236e-01,9.999075971325943613e-01,9.999075971271944585e-01,9.999075970661224222e-01,9.999075952999575412e-01,9.999075952996467898e-01,9.999075970642170574e-01,9.999075971153050801e-01,9.999075969992164969e-01,9.999075952701667047e-01,1.000000000000000000e+00,9.999075952704947756e-01,9.999075970005310010e-01,9.999075971220426906e-01,9.999075971319663081e-01,9.999075971333184487e-01,9.999075971327294754e-01,9.999075971274029584e-01,9.999075970663552360e-01,9.999075953001996808e-01,9.999075953001036465e-01,9.999075970658973800e-01,9.999075971253841288e-01,9.999075971208243319e-01,9.999075970002619940e-01,9.999075952704947756e-01,1.000000000000000000e+00,9.999075952705913650e-01,9.999075970005902869e-01,9.999075971220429127e-01,9.999075971317937794e-01,9.999075971324284939e-01,9.999075971273657659e-01,9.999075970663914292e-01,9.999075953002605210e-01,9.999075953002374284e-01,9.999075970662948398e-01,9.999075971270052765e-01,9.999075971308443167e-01,9.999075971218109871e-01,9.999075970005310010e-01,9.999075952705913650e-01,1.000000000000000000e+00,9.999075952705913650e-01,9.999075970005312231e-01,9.999075971218110981e-01,9.999075971308446498e-01,9.999075971270054985e-01,9.999075970662948398e-01,9.999075953002374284e-01,9.999075953002605210e-01,9.999075970663913182e-01,9.999075971273655439e-01,9.999075971324281609e-01,9.999075971317937794e-01,9.999075971220426906e-01,9.999075970005902869e-01,9.999075952705913650e-01,1.000000000000000000e+00,9.999075952704949977e-01,9.999075970002622160e-01,9.999075971208245539e-01,9.999075971253842399e-01,9.999075970658973800e-01,9.999075953001036465e-01,9.999075953002000139e-01,9.999075970663554580e-01,9.999075971274028474e-01,9.999075971327293644e-01,9.999075971333185597e-01,9.999075971319663081e-01,9.999075971220429127e-01,9.999075970005312231e-01,9.999075952704949977e-01,1.000000000000000000e+00,9.999075952701668157e-01,9.999075969992164969e-01,9.999075971153051912e-01,9.999075970642171685e-01,9.999075952996470118e-01,9.999075952999574302e-01,9.999075970661222001e-01,9.999075971271941254e-01,9.999075971325941392e-01,9.999075971334471236e-01,9.999075971333184487e-01,9.999075971317937794e-01,9.999075971218110981e-01,9.999075970002622160e-01,9.999075952701668157e-01,1.000000000000000000e+00,9.999075952689484570e-01,9.999075969935244945e-01,9.999075970539653690e-01,9.999075952977940496e-01,9.999075952989934235e-01,9.999075970651621903e-01,9.999075971262435525e-01,9.999075971316679912e-01,9.999075971325943613e-01,9.999075971327294754e-01,9.999075971324284939e-01,9.999075971308446498e-01,9.999075971208245539e-01,9.999075969992164969e-01,9.999075952689484570e-01,1.000000000000000000e+00,9.999075952625385844e-01,9.999075969314669132e-01,9.999075952868243800e-01,9.999075952935537748e-01,9.999075970597245400e-01,9.999075971208098990e-01,9.999075971262435525e-01,9.999075971271944585e-01,9.999075971274029584e-01,9.999075971273657659e-01,9.999075971270054985e-01,9.999075971253842399e-01,9.999075971153051912e-01,9.999075969935244945e-01,9.999075952625385844e-01,1.000000000000000000e+00,9.999075951960044728e-01,9.999075951598473955e-01,9.999075952324655292e-01,9.999075969986370716e-01,9.999075970597244289e-01,9.999075970651620793e-01,9.999075970661224222e-01,9.999075970663552360e-01,9.999075970663914292e-01,9.999075970662948398e-01,9.999075970658973800e-01,9.999075970642171685e-01,9.999075970539653690e-01,9.999075969314669132e-01,9.999075951960044728e-01,1.000000000000000000e+00,9.999075933686617512e-01,9.999075934662935428e-01,9.999075952324656402e-01,9.999075952935536638e-01,9.999075952989932015e-01,9.999075952999575412e-01,9.999075953001996808e-01,9.999075953002605210e-01,9.999075953002374284e-01,9.999075953001036465e-01,9.999075952996470118e-01,9.999075952977940496e-01,9.999075952868243800e-01,9.999075951598473955e-01,9.999075933686617512e-01,1.000000000000000000e+00
9.999999999999971134e-01,9.998564222832326820e-01,9.998564265849401167e-01,9.998564268861260818e-01,9.998564269126272164e-01,9.998564269171298369e-01,9.998564269182436126e-01,9.998564269185689080e-01,9.998564269186196451e-01,9.998564269184553321e-01,9.998564269178118469e-01,9.998564269152617756e-01,9.998564269008795025e-01,9.998564267394786098e-01,9.998564221486619941e-01,9.998564222832326820e-01,9.999999999999971134e-01,9.998564270357898076e-01,9.998564311901693147e-01,9.998564314795055363e-01,9.998564315041081896e-01,9.998564315081536202e-01,9.998564315091109655e-01,9.998564315093377841e-01,9.998564315092322019e-01,9.998564315086111431e-01,9.998564315060706198e-01,9.998564314916926765e-01,9.998564313302940043e-01,9.998564267394786098e-01,9.998564265849401167e-01,9.998564270357898076e-01,9.999999999999971134e-01,9.998564272115932905e-01,9.998564313541330462e-01,9.998564316415716746e-01,9.998564316657171380e-01,9.998564316696063603e-01,9.998564316704652288e-01,9.998564316705357280e-01,9.998564316699734000e-01,9.998564316674551922e-01,9.998564316530869078e-01,9.998564314916925655e-01,9.998564269008793914e-01,9.998564268861260818e-01,9.998564311901693147e-01,9.998564272115932905e-01,9.999999999999971134e-01,9.998564272285412891e-01,9.998564313691827854e-01,9.998564316561644461e-01,9.998564316801537011e-01,9.998564316839445576e-01,9.998564316846471067e-01,9.998564316842608601e-01,9.998564316818013831e-01,9.998564316674554142e-01,9.998564315060706198e-01,9.998564269152617756e-01,9.998564269126272164e-01,9.998564314795055363e-01,9.998564313541330462e-01,9.998564272285412891e-01,9.999999999999971134e-01,9.998564272317630452e-01,9.998564313719475738e-01,9.998564316587729150e-01,9.998564316826638043e-01,9.998564316862982304e-01,9.998564316865440338e-01,9.998564316842606381e-01,9.998564316699735111e-01,9.998564315086111431e-01,9.998564269178119579e-01,9.998564269171298369e-01,9.998564315041081896e-01,9.998564316415716746e-01,9.998564313691827854e-01,9.998564272317630452e-01,9.999999999999971134e-01,9.998564272326310176e-01,9.998564313726592268e-01,9.998564316593860912e-01,9.998564316831205501e-01,9.998564316862983414e-01,9.998564316846471067e-01,9.998564316705358390e-01,9.998564315092322019e-01,9.998564269184553321e-01,9.998564269182436126e-01,9.998564315081536202e-01,9.998564316657171380e-01,9.998564316561644461e-01,9.998564313719475738e-01,9.998564272326310176e-01,9.999999999999971134e-01,9.998564272328859248e-01,9.998564313728155462e-01,9.998564316593860912e-01,9.998564316826639153e-01,9.998564316839443356e-01,9.998564316704654509e-01,9.998564315093377841e-01,9.998564269186197562e-01,9.998564269185689080e-01,9.998564315091109655e-01,9.998564316696063603e-01,9.998564316801537011e-01,9.998564316587729150e-01,9.998564313726592268e-01,9.998564272328859248e-01,9.999999999999971134e-01,9.998564272328859248e-01,9.998564313726592268e-01,9.998564316587730261e-01,9.998564316801534790e-01,9.998564316696064713e-01,9.998564315091109655e-01,9.998564269185690190e-01,9.998564269186196451e-01,9.998564315093377841e-01,9.998564316704652288e-01,9.998564316839445576e-01,9.998564316826638043e-01,9.998564316593860912e-01,9.998564313728155462e-01,9.998564272328859248e-01,9.999999999999971134e-01,9.998564272326310176e-01,9.998564313719477958e-01,9.998564316561642240e-01,9.998564316657171380e-01,9.998564315081536202e-01,9.998564269182437236e-01,9.998564269184553321e-01,9.998564315092322019e-01,9.998564316705357280e-01,9.998564316846471067e-01,9.998564316862982304e-01,9.998564316831205501e-01,9.998564316593860912e-01,9.998564313726592268e-01,9.998564272326310176e-01,9.999999999999971134e-01,9.998564272317631563e-01,9.998564313691825634e-01,9.998564316415715636e-01,9.998564315041079675e-01,9.998564269171298369e-01,9.998564269178118469e-01,9.998564315086111431e-01,9.998564316699734000e-01,9.998564316842608601e-01,9.998564316865440338e-01,9.998564316862983414e-01,9.998564316826639153e-01,9.998564316587730261e-01,9.998564313719477958e-01,9.998564272317631563e-01,9.999999999999971134e-01,9.998564272285410670e-01,9.998564313541331572e-01,9.998564314795056474e-01,9.998564269126273274e-01,9.998564269152617756e-01,9.998564315060706198e-01,9.998564316674551922e-01,9.998564316818013831e-01,9.998564316842606381e-01,9.998564316846471067e-01,9.998564316839443356e-01,9.998564316801534790e-01,9.998564316561642240e-01,9.998564313691825634e-01,9.998564272285410670e-01,9.999999999999971134e-01,9.998564272115931795e-01,9.998564311901690926e-01,9.998564268861259707e-01,9.998564269008795025e-01,9.998564314916926765e-01,9.998564316530869078e-01,9.998564316674554142e-01,9.998564316699735111e-01,9.998564316705358390e-01,9.998564316704654509e-01,9.998564316696064713e-01,9.998564316657171380e-01,9.998564316415715636e-01,9.998564313541331572e-01,9.998564272115931795e-01,9.999999999999971134e-01,9.998564270357895856e-01,9.998564265849401167e-01,9.998564267394786098e-01,9.998564313302940043e-01,9.998564314916925655e-01,9.998564315060706198e-01,9.998564315086111431e-01,9.998564315092322019e-01,9.998564315093377841e-01,9.998564315091109655e-01,9.998564315081536202e-01,9.998564315041079675e-01,9.998564314795056474e-01,9.998564311901690926e-01,9.998564270357895856e-01,9.999999999999971134e-01,9.998564222832324599e-01,9.998564221486619941e-01,9.998564267394786098e-01,9.998564269008793914e-01,9.998564269152617756e-01,9.998564269178119579e-01,9.998564269184553321e-01,9.998564269186197562e-01,9.998564269185690190e-01,9.998564269182437236e-01,9.998564269171298369e-01,9.998564269126273274e-01,9.998564268861259707e-01,9.998564265849401167e-01,9.998564222832324599e-01,9.999999999999971134e-01
9.999999999999944489e-01,9.997921304006212040e-01,9.997921392983258881e-01,9.997921399068234738e-01,9.997921399612259563e-01,9.997921399704554624e-01,9.997921399727341951e-01,9.997921399734011061e-01,9.997921399735121284e-01,9.997921399731970471e-01,9.997921399719462698e-01,9.997921399669816855e-01,9.997921399389821939e-01,9.997921396247797521e-01,9.997921305135243353e-01,9.997921304006212040e-01,9.999999999999944489e-01,9.997921398270899207e-01,9.997921484376715018e-01,9.997921490230726738e-01,9.997921490737760042e-01,9.997921490821151114e-01,9.997921490840893100e-01,9.997921490845642634e-01,9.997921490843707515e-01,9.997921490831663816e-01,9.997921490782214482e-01,9.997921490502309494e-01,9.997921487360332815e-01,9.997921396247799741e-01,9.997921392983258881e-01,9.997921398270899207e-01,9.999999999999944489e-01,9.997921401693457000e-01,9.997921487568661725e-01,9.997921493385709679e-01,9.997921493883842325e-01,9.997921493964189166e-01,9.997921493982011576e-01,9.997921493983717989e-01,9.997921493972888873e-01,9.997921493923903613e-01,9.997921493644195134e-01,9.997921490502309494e-01,9.997921399389820829e-01,9.997921399068234738e-01,9.997921484376715018e-01,9.997921401693457000e-01,9.999999999999944489e-01,9.997921402023430826e-01,9.997921487861659573e-01,9.997921493669805759e-01,9.997921494164896394e-01,9.997921494243323659e-01,9.997921494258102948e-01,9.997921494250915364e-01,9.997921494203144688e-01,9.997921493923902503e-01,9.997921490782212262e-01,9.997921399669815745e-01,9.997921399612259563e-01,9.997921490230726738e-01,9.997921487568661725e-01,9.997921402023430826e-01,9.999999999999944489e-01,9.997921402086173970e-01,9.997921487915500949e-01,9.997921493720606234e-01,9.997921494213778404e-01,9.997921494289161437e-01,9.997921494295045619e-01,9.997921494250915364e-01,9.997921493972887763e-01,9.997921490831661595e-01,9.997921399719460478e-01,9.997921399704554624e-01,9.997921490737760042e-01,9.997921493385709679e-01,9.997921487861659573e-01,9.997921402086173970e-01,9.999999999999944489e-01,9.997921402103076005e-01,9.997921487929357642e-01,9.997921493732544462e-01,9.997921494222672401e-01,9.997921494289161437e-01,9.997921494258105168e-01,9.997921493983719099e-01,9.997921490843707515e-01,9.997921399731971581e-01,9.997921399727341951e-01,9.997921490821151114e-01,9.997921493883842325e-01,9.997921493669805759e-01,9.997921487915500949e-01,9.997921402103076005e-01,9.999999999999944489e-01,9.997921402108040922e-01,9.997921487932402984e-01,9.997921493732544462e-01,9.997921494213779514e-01,9.997921494243326990e-01,9.997921493982012686e-01,9.997921490845642634e-01,9.997921399735122394e-01,9.997921399734011061e-01,9.997921490840893100e-01,9.997921493964189166e-01,9.997921494164896394e-01,9.997921493720606234e-01,9.997921487929357642e-01,9.997921402108040922e-01,9.999999999999944489e-01,9.997921402108039812e-01,9.997921487929358753e-01,9.997921493720607344e-01,9.997921494164898615e-01,9.997921493964190276e-01,9.997921490840893100e-01,9.997921399734013281e-01,9.997921399735121284e-01,9.997921490845642634e-01,9.997921493982011576e-01,9.997921494243323659e-01,9.997921494213778404e-01,9.997921493732544462e-01,9.997921487932402984e-01,9.997921402108039812e-01,9.999999999999944489e-01,9.997921402103077115e-01,9.997921487915502059e-01,9.997921493669807980e-01,9.997921493883843436e-01,9.997921490821152224e-01,9.997921399727344172e-01,9.997921399731970471e-01,9.997921490843707515e-01,9.997921493983717989e-01,9.997921494258102948e-01,9.997921494289161437e-01,9.997921494222672401e-01,9.997921493732544462e-01,9.997921487929358753e-01,9.997921402103077115e-01,9.999999999999944489e-01,9.997921402086173970e-01,9.997921487861658463e-01,9.997921493385707459e-01,9.997921490737761152e-01,9.997921399704555734e-01,9.997921399719462698e-01,9.997921490831663816e-01,9.997921493972888873e-01,9.997921494250915364e-01,9.997921494295045619e-01,9.997921494289161437e-01,9.997921494213779514e-01,9.997921493720607344e-01,9.997921487915502059e-01,9.997921402086173970e-01,9.999999999999944489e-01,9.997921402023430826e-01,9.997921487568661725e-01,9.997921490230728958e-01,9.997921399612261784e-01,9.997921399669816855e-01,9.997921490782214482e-01,9.997921493923903613e-01,9.997921494203144688e-01,9.997921494250915364e-01,9.997921494258105168e-01,9.997921494243326990e-01,9.997921494164898615e-01,9.997921493669807980e-01,9.997921487861658463e-01,9.997921402023430826e-01,9.999999999999944489e-01,9.997921401693459220e-01,9.997921484376716128e-01,9.997921399068235848e-01,9.997921399389821939e-01,9.997921490502309494e-01,9.997921493644195134e-01,9.997921493923902503e-01,9.997921493972887763e-01,9.997921493983719099e-01,9.997921493982012686e-01,9.997921493964190276e-01,9.997921493883843436e-01,9.997921493385707459e-01,9.997921487568661725e-01,9.997921401693459220e-01,9.999999999999944489e-01,9.997921398270898097e-01,9.997921392983259992e-01,9.997921396247797521e-01,9.997921487360332815e-01,9.997921490502309494e-01,9.997921490782212262e-01,9.997921490831661595e-01,9.997921490843707515e-01,9.997921490845642634e-01,9.997921490840893100e-01,9.997921490821152224e-01,9.997921490737761152e-01,9.997921490230728958e-01,9.997921484376716128e-01,9.997921398270898097e-01,9.999999999999944489e-01,9.997921304006210930e-01,9.997921305135243353e-01,9.997921396247799741e-01,9.997921399389820829e-01,9.997921399669815745e-01,9.997921399719460478e-01,9.997921399731971581e-01,9.997921399735122394e-01,9.997921399734013281e-01,9.997921399727344172e-01,9.997921399704555734e-01,9.997921399612261784e-01,9.997921399068235848e-01,9.997921392983259992e-01,9.997921304006210930e-01,9.999999999999944489e-01
