1.000000000000000000e+00,1.000000000000000000e+00,1.000000000000000000e+00,1.000000000000000000e+00,1.000000000000000000e+00,1.000000000000000000e+00,1.000000000000000000e+00,1.000000000000000000e+00,1.000000000000000000e+00,1.000000000000000000e+00,1.000000000000000000e+00,1.000000000000000000e+00,1.000000000000000000e+00,1.000000000000000000e+00,1.000000000000000000e+00,1.000000000000000000e+00,1.000000000000000000e+00,1.000000000000000000e+00,1.000000000000000000e+00,1.000000000000000000e+00,1.000000000000000000e+00,1.000000000000000000e+00,1.000000000000000000e+00,1.000000000000000000e+00,1.000000000000000000e+00,1.000000000000000000e+00,1.000000000000000000e+00,1.000000000000000000e+00,1.000000000000000000e+00,1.000000000000000000e+00,1.000000000000000000e+00,1.000000000000000000e+00,1.000000000000000000e+00,1.000000000000000000e+00,1.000000000000000000e+00,1.000000000000000000e+00,1.000000000000000000e+00,1.000000000000000000e+00,1.000000000000000000e+00,1.000000000000000000e+00,1.000000000000000000e+00,1.000000000000000000e+00,1.000000000000000000e+00,1.000000000000000000e+00,1.000000000000000000e+00,1.000000000000000000e+00,1.000000000000000000e+00,1.000000000000000000e+00,1.000000000000000000e+00,1.000000000000000000e+00,1.000000000000000000e+00,1.000000000000000000e+00,1.000000000000000000e+00,1.000000000000000000e+00,1.000000000000000000e+00,1.000000000000000000e+00,1.000000000000000000e+00,1.000000000000000000e+00,1.000000000000000000e+00,1.000000000000000000e+00,1.000000000000000000e+00,1.000000000000000000e+00,1.000000000000000000e+00,1.000000000000000000e+00,1.000000000000000000e+00,1.000000000000000000e+00,1.000000000000000000e+00,1.000000000000000000e+00,1.000000000000000000e+00,1.000000000000000000e+00,1.000000000000000000e+00,1.000000000000000000e+00,1.000000000000000000e+00,1.000000000000000000e+00,1.000000000000000000e+00,1.000000000000000000e+00,1.000000000000000000e+00,1.000000000000000000e+00,1.000000000000000000e+00,1.000000000000000000e+00,1.000000000000000000e+00,1.000000000000000000e+00,1.000000000000000000e+00,1.000000000000000000e+00,1.000000000000000000e+00,1.000000000000000000e+00,1.000000000000000000e+00,1.000000000000000000e+00,1.000000000000000000e+00,1.000000000000000000e+00,1.000000000000000000e+00,1.000000000000000000e+00,1.000000000000000000e+00,1.000000000000000000e+00,1.000000000000000000e+00,1.000000000000000000e+00,1.000000000000000000e+00,1.000000000000000000e+00,1.000000000000000000e+00,1.000000000000000000e+00,1.000000000000000000e+00,1.000000000000000000e+00,1.000000000000000000e+00,1.000000000000000000e+00,1.000000000000000000e+00,1.000000000000000000e+00,1.000000000000000000e+00,1.000000000000000000e+00,1.000000000000000000e+00,1.000000000000000000e+00,1.000000000000000000e+00,1.000000000000000000e+00,1.000000000000000000e+00,1.000000000000000000e+00,1.000000000000000000e+00,1.000000000000000000e+00,1.000000000000000000e+00,1.000000000000000000e+00,1.000000000000000000e+00,1.000000000000000000e+00,1.000000000000000000e+00,1.000000000000000000e+00,1.000000000000000000e+00,1.000000000000000000e+00,1.000000000000000000e+00,1.000000000000000000e+00,1.000000000000000000e+00,1.000000000000000000e+00,1.000000000000000000e+00,1.000000000000000000e+00,1.000000000000000000e+00,1.000000000000000000e+00,1.000000000000000000e+00,1.000000000000000000e+00,1.000000000000000000e+00,1.000000000000000000e+00,1.000000000000000000e+00,1.000000000000000000e+00,1.000000000000000000e+00,1.000000000000000000e+00,1.000000000000000000e+00,1.000000000000000000e+00,1.000000000000000000e+00,1.000000000000000000e+00,1.000000000000000000e+00,1.000000000000000000e+00,1.000000000000000000e+00,1.000000000000000000e+00,1.000000000000000000e+00,1.000000000000000000e+00,1.000000000000000000e+00,1.000000000000000000e+00,1.000000000000000000e+00,1.000000000000000000e+00,1.000000000000000000e+00,1.000000000000000000e+00,1.000000000000000000e+00,1.000000000000000000e+00,1.000000000000000000e+00,1.000000000000000000e+00,1.000000000000000000e+00,1.000000000000000000e+00,1.000000000000000000e+00,1.000000000000000000e+00,1.000000000000000000e+00,1.000000000000000000e+00,1.000000000000000000e+00,1.000000000000000000e+00,1.000000000000000000e+00,1.000000000000000000e+00,1.000000000000000000e+00,1.000000000000000000e+00,1.000000000000000000e+00,1.000000000000000000e+00,1.000000000000000000e+00,1.000000000000000000e+00,1.000000000000000000e+00,1.000000000000000000e+00,1.000000000000000000e+00,1.000000000000000000e+00,1.000000000000000000e+00,1.000000000000000000e+00,1.000000000000000000e+00,1.000000000000000000e+00,1.000000000000000000e+00,1.000000000000000000e+00,1.000000000000000000e+00,1.000000000000000000e+00,1.000000000000000000e+00,1.000000000000000000e+00,1.000000000000000000e+00,1.000000000000000000e+00,1.000000000000000000e+00,1.000000000000000000e+00,1.000000000000000000e+00,1.000000000000000000e+00,1.000000000000000000e+00,1.000000000000000000e+00,1.000000000000000000e+00,1.000000000000000000e+00,1.000000000000000000e+00,1.000000000000000000e+00,1.000000000000000000e+00,1.000000000000000000e+00,1.000000000000000000e+00,1.000000000000000000e+00,1.000000000000000000e+00,1.000000000000000000e+00,1.000000000000000000e+00,1.000000000000000000e+00,1.000000000000000000e+00,1.000000000000000000e+00,1.000000000000000000e+00,1.000000000000000000e+00,1.000000000000000000e+00,1.000000000000000000e+00,1.000000000000000000e+00,1.000000000000000000e+00,1.000000000000000000e+00,1.000000000000000000e+00,1.000000000000000000e+00,1.000000000000000000e+00,1.000000000000000000e+00,1.000000000000000000e+00,1.000000000000000000e+00
1.000000000000002220e+00,9.999640518740756656e-01,9.999640521459044473e-01,9.999640521655005498e-01,9.999640521671288029e-01,9.999640521673976989e-01,9.999640521674628690e-01,9.999640521674822979e-01,9.999640521674870719e-01,9.999640521674827420e-01,9.999640521674617588e-01,9.999640521673762716e-01,9.999640521668927695e-01,9.999640521614487909e-01,9.999640520470128857e-01,9.999640518740756656e-01,1.000000000000002220e+00,9.999640519939578809e-01,9.999640522608246318e-01,9.999640522800228304e-01,9.999640522815871346e-01,9.999640522818407096e-01,9.999640522819007726e-01,9.999640522819167598e-01,9.999640522819163158e-01,9.999640522818966648e-01,9.999640522818119548e-01,9.999640522813286747e-01,9.999640522758850292e-01,9.999640521614490130e-01,9.999640521459044473e-01,9.999640519939578809e-01,1.000000000000002220e+00,9.999640519998859167e-01,9.999640522663546527e-01,9.999640522854889024e-01,9.999640522870381076e-01,9.999640522872865755e-01,9.999640522873433079e-01,9.999640522873540771e-01,9.999640522873382009e-01,9.999640522872549342e-01,9.999640522867722092e-01,9.999640522813288968e-01,9.999640521668931026e-01,9.999640521655005498e-01,9.999640522608246318e-01,9.999640519998859167e-01,1.000000000000002220e+00,9.999640520004559052e-01,9.999640522668606923e-01,9.999640522859799541e-01,9.999640522875237192e-01,9.999640522877689675e-01,9.999640522878203708e-01,9.999640522878158189e-01,9.999640522877361049e-01,9.999640522872549342e-01,9.999640522818121768e-01,9.999640521673766047e-01,9.999640521671288029e-01,9.999640522800228304e-01,9.999640522663546527e-01,9.999640520004559052e-01,1.000000000000002220e+00,9.999640520005640409e-01,9.999640522669536180e-01,9.999640522860674396e-01,9.999640522876079851e-01,9.999640522878477933e-01,9.999640522878839866e-01,9.999640522878157078e-01,9.999640522873382009e-01,9.999640522818968869e-01,9.999640521674618698e-01,9.999640521673976989e-01,9.999640522815871346e-01,9.999640522854889024e-01,9.999640522668606923e-01,9.999640520005640409e-01,1.000000000000002220e+00,9.999640520005931288e-01,9.999640522669774878e-01,9.999640522860880898e-01,9.999640522876233062e-01,9.999640522878479043e-01,9.999640522878201487e-01,9.999640522873540771e-01,9.999640522819163158e-01,9.999640521674828531e-01,9.999640521674628690e-01,9.999640522818407096e-01,9.999640522870381076e-01,9.999640522859799541e-01,9.999640522669536180e-01,9.999640520005931288e-01,1.000000000000002220e+00,9.999640520006015665e-01,9.999640522669827059e-01,9.999640522860879788e-01,9.999640522876078741e-01,9.999640522877687454e-01,9.999640522873433079e-01,9.999640522819168709e-01,9.999640521674870719e-01,9.999640521674822979e-01,9.999640522819007726e-01,9.999640522872865755e-01,9.999640522875237192e-01,9.999640522860674396e-01,9.999640522669774878e-01,9.999640520006015665e-01,1.000000000000002220e+00,9.999640520006015665e-01,9.999640522669774878e-01,9.999640522860673286e-01,9.999640522875236082e-01,9.999640522872865755e-01,9.999640522819007726e-01,9.999640521674822979e-01,9.999640521674870719e-01,9.999640522819167598e-01,9.999640522873433079e-01,9.999640522877689675e-01,9.999640522876079851e-01,9.999640522860880898e-01,9.999640522669827059e-01,9.999640520006015665e-01,1.000000000000002220e+00,9.999640520005931288e-01,9.999640522669535070e-01,9.999640522859797320e-01,9.999640522870381076e-01,9.999640522818408206e-01,9.999640521674628690e-01,9.999640521674827420e-01,9.999640522819163158e-01,9.999640522873540771e-01,9.999640522878203708e-01,9.999640522878477933e-01,9.999640522876233062e-01,9.999640522860879788e-01,9.999640522669774878e-01,9.999640520005931288e-01,1.000000000000002220e+00,9.999640520005639299e-01,9.999640522668606923e-01,9.999640522854890134e-01,9.999640522815871346e-01,9.999640521673976989e-01,9.999640521674617588e-01,9.999640522818966648e-01,9.999640522873382009e-01,9.999640522878158189e-01,9.999640522878839866e-01,9.999640522878479043e-01,9.999640522876078741e-01,9.999640522860673286e-01,9.999640522669535070e-01,9.999640520005639299e-01,1.000000000000002220e+00,9.999640520004556832e-01,9.999640522663546527e-01,9.999640522800226083e-01,9.999640521671285809e-01,9.999640521673762716e-01,9.999640522818119548e-01,9.999640522872549342e-01,9.999640522877361049e-01,9.999640522878157078e-01,9.999640522878201487e-01,9.999640522877687454e-01,9.999640522875236082e-01,9.999640522859797320e-01,9.999640522668606923e-01,9.999640520004556832e-01,1.000000000000002220e+00,9.999640519998858057e-01,9.999640522608245208e-01,9.999640521655004388e-01,9.999640521668927695e-01,9.999640522813286747e-01,9.999640522867722092e-01,9.999640522872549342e-01,9.999640522873382009e-01,9.999640522873540771e-01,9.999640522873433079e-01,9.999640522872865755e-01,9.999640522870381076e-01,9.999640522854890134e-01,9.999640522663546527e-01,9.999640519998858057e-01,1.000000000000002220e+00,9.999640519939577699e-01,9.999640521459043363e-01,9.999640521614487909e-01,9.999640522758850292e-01,9.999640522813288968e-01,9.999640522818121768e-01,9.999640522818968869e-01,9.999640522819163158e-01,9.999640522819168709e-01,9.999640522819007726e-01,9.999640522818408206e-01,9.999640522815871346e-01,9.999640522800226083e-01,9.999640522608245208e-01,9.999640519939577699e-01,1.000000000000002220e+00,9.999640518740755546e-01,9.999640520470128857e-01,9.999640521614490130e-01,9.999640521668931026e-01,9.999640521673766047e-01,9.999640521674618698e-01,9.999640521674828531e-01,9.999640521674870719e-01,9.999640521674822979e-01,9.999640521674628690e-01,9.999640521673976989e-01,9.999640521671285809e-01,9.999640521655004388e-01,9.999640521459043363e-01,9.999640518740755546e-01,1.000000000000002220e+00
1.000000000000001554e+00,9.998556169881267497e-01,9.998556214036483647e-01,9.998556217224749965e-01,9.998556217493760334e-01,9.998556217538937529e-01,9.998556217550030878e-01,9.998556217553290493e-01,9.998556217553905556e-01,9.998556217552601044e-01,9.998556217547216463e-01,9.998556217525758072e-01,9.998556217404603874e-01,9.998556216043056333e-01,9.998556177659509991e-01,9.998556169881267497e-01,1.000000000000001554e+00,9.998556209629012592e-01,9.998556252541402900e-01,9.998556255629883482e-01,9.998556255882899979e-01,9.998556255924232472e-01,9.998556255934007986e-01,9.998556255936437154e-01,9.998556255935736603e-01,9.998556255930585168e-01,9.998556255909223367e-01,9.998556255788112468e-01,9.998556254426589351e-01,9.998556216043054112e-01,9.998556214036483647e-01,9.998556209629012592e-01,1.000000000000001554e+00,9.998556211111893077e-01,9.998556253924539838e-01,9.998556256997030989e-01,9.998556257246207224e-01,9.998556257286221882e-01,9.998556257295168059e-01,9.998556257296281613e-01,9.998556257291735250e-01,9.998556257270604375e-01,9.998556257149593396e-01,9.998556255788114688e-01,9.998556217404601654e-01,9.998556217224749965e-01,9.998556252541402900e-01,9.998556211111893077e-01,1.000000000000001554e+00,9.998556211254663317e-01,9.998556254051320646e-01,9.998556257119969315e-01,9.998556257367827715e-01,9.998556257407013037e-01,9.998556257414643600e-01,9.998556257411911341e-01,9.998556257391386648e-01,9.998556257270606595e-01,9.998556255909224477e-01,9.998556217525756962e-01,9.998556217493760334e-01,9.998556255629883482e-01,9.998556253924539838e-01,9.998556211254663317e-01,1.000000000000001554e+00,9.998556211281798278e-01,9.998556254074608685e-01,9.998556257141940629e-01,9.998556257388969692e-01,9.998556257426838290e-01,9.998556257430623040e-01,9.998556257411912451e-01,9.998556257291738580e-01,9.998556255930587389e-01,9.998556217547218683e-01,9.998556217538937529e-01,9.998556255882899979e-01,9.998556256997030989e-01,9.998556254051320646e-01,9.998556211281798278e-01,1.000000000000001554e+00,9.998556211289105766e-01,9.998556254080599448e-01,9.998556257147100945e-01,9.998556257392814395e-01,9.998556257426837179e-01,9.998556257414642490e-01,9.998556257296280503e-01,9.998556255935736603e-01,9.998556217552598824e-01,9.998556217550030878e-01,9.998556255924232472e-01,9.998556257246207224e-01,9.998556257119969315e-01,9.998556254074608685e-01,9.998556211289105766e-01,1.000000000000001554e+00,9.998556211291252938e-01,9.998556254081916173e-01,9.998556257147103166e-01,9.998556257388969692e-01,9.998556257407011927e-01,9.998556257295168059e-01,9.998556255936437154e-01,9.998556217553905556e-01,9.998556217553290493e-01,9.998556255934007986e-01,9.998556257286221882e-01,9.998556257367827715e-01,9.998556257141940629e-01,9.998556254080599448e-01,9.998556211291252938e-01,1.000000000000001554e+00,9.998556211291252938e-01,9.998556254080600558e-01,9.998556257141940629e-01,9.998556257367827715e-01,9.998556257286221882e-01,9.998556255934006876e-01,9.998556217553289382e-01,9.998556217553905556e-01,9.998556255936437154e-01,9.998556257295168059e-01,9.998556257407013037e-01,9.998556257388969692e-01,9.998556257147100945e-01,9.998556254081916173e-01,9.998556211291252938e-01,1.000000000000001554e+00,9.998556211289106876e-01,9.998556254074607574e-01,9.998556257119969315e-01,9.998556257246208334e-01,9.998556255924231362e-01,9.998556217550029768e-01,9.998556217552601044e-01,9.998556255935736603e-01,9.998556257296281613e-01,9.998556257414643600e-01,9.998556257426838290e-01,9.998556257392814395e-01,9.998556257147103166e-01,9.998556254080600558e-01,9.998556211289106876e-01,1.000000000000001554e+00,9.998556211281798278e-01,9.998556254051320646e-01,9.998556256997033209e-01,9.998556255882899979e-01,9.998556217538936419e-01,9.998556217547216463e-01,9.998556255930585168e-01,9.998556257291735250e-01,9.998556257411911341e-01,9.998556257430623040e-01,9.998556257426837179e-01,9.998556257388969692e-01,9.998556257141940629e-01,9.998556254074607574e-01,9.998556211281798278e-01,1.000000000000001554e+00,9.998556211254664428e-01,9.998556253924538728e-01,9.998556255629880152e-01,9.998556217493758114e-01,9.998556217525758072e-01,9.998556255909223367e-01,9.998556257270604375e-01,9.998556257391386648e-01,9.998556257411912451e-01,9.998556257414642490e-01,9.998556257407011927e-01,9.998556257367827715e-01,9.998556257119969315e-01,9.998556254051320646e-01,9.998556211254664428e-01,1.000000000000001554e+00,9.998556211111893077e-01,9.998556252541401790e-01,9.998556217224746634e-01,9.998556217404603874e-01,9.998556255788112468e-01,9.998556257149593396e-01,9.998556257270606595e-01,9.998556257291738580e-01,9.998556257296280503e-01,9.998556257295168059e-01,9.998556257286221882e-01,9.998556257246208334e-01,9.998556256997033209e-01,9.998556253924538728e-01,9.998556211111893077e-01,1.000000000000001554e+00,9.998556209629013702e-01,9.998556214036482537e-01,9.998556216043056333e-01,9.998556254426589351e-01,9.998556255788114688e-01,9.998556255909224477e-01,9.998556255930587389e-01,9.998556255935736603e-01,9.998556255936437154e-01,9.998556255934006876e-01,9.998556255924231362e-01,9.998556255882899979e-01,9.998556255629880152e-01,9.998556252541401790e-01,9.998556209629013702e-01,1.000000000000001554e+00,9.998556169881268607e-01,9.998556177659509991e-01,9.998556216043054112e-01,9.998556217404601654e-01,9.998556217525756962e-01,9.998556217547218683e-01,9.998556217552598824e-01,9.998556217553905556e-01,9.998556217553289382e-01,9.998556217550029768e-01,9.998556217538936419e-01,9.998556217493758114e-01,9.998556217224746634e-01,9.998556214036482537e-01,9.998556169881268607e-01,1.000000000000001554e+00
9.999999999999991118e-01,9.996770092017790432e-01,9.996770313004759156e-01,9.996770328893949120e-01,9.996770330251968373e-01,9.996770330481804523e-01,9.996770330538545801e-01,9.996770330555145856e-01,9.996770330557879225e-01,9.996770330549953343e-01,9.996770330518554015e-01,9.996770330393972559e-01,9.996770329691531121e-01,9.996770321806158766e-01,9.996770099423660794e-01,9.996770092017790432e-01,9.999999999999991118e-01,9.996770322320371882e-01,9.996770536092158821e-01,9.996770551401784610e-01,9.996770552666958132e-01,9.996770552874444382e-01,9.996770552923539555e-01,9.996770552935321241e-01,9.996770552930415166e-01,9.996770552900170470e-01,9.996770552776078622e-01,9.996770552073862559e-01,9.996770544188601226e-01,9.996770321806156545e-01,9.996770313004759156e-01,9.996770322320371882e-01,9.999999999999991118e-01,9.996770330909888758e-01,9.996770544102805411e-01,9.996770559319670957e-01,9.996770560562516783e-01,9.996770560762365809e-01,9.996770560806645944e-01,9.996770560810789297e-01,9.996770560783562187e-01,9.996770560660624971e-01,9.996770559958897406e-01,9.996770552073863669e-01,9.996770329691531121e-01,9.996770328893949120e-01,9.996770536092158821e-01,9.996770330909888758e-01,9.999999999999991118e-01,9.996770331737769855e-01,9.996770544837871864e-01,9.996770560032410824e-01,9.996770561267617206e-01,9.996770561462652305e-01,9.996770561499291885e-01,9.996770561481114203e-01,9.996770561361195684e-01,9.996770560660623861e-01,9.996770552776077512e-01,9.996770330393970339e-01,9.996770330251968373e-01,9.996770551401784610e-01,9.996770544102805411e-01,9.996770331737769855e-01,9.999999999999991118e-01,9.996770331895218353e-01,9.996770544972980455e-01,9.996770560159879970e-01,9.996770561390270204e-01,9.996770561577665859e-01,9.996770561591985516e-01,9.996770561481114203e-01,9.996770560783562187e-01,9.996770552900170470e-01,9.996770330518554015e-01,9.996770330481804523e-01,9.996770552666958132e-01,9.996770559319670957e-01,9.996770544837871864e-01,9.996770331895218353e-01,9.999999999999991118e-01,9.996770331937639975e-01,9.996770545007755970e-01,9.996770560189839339e-01,9.996770561412590128e-01,9.996770561577665859e-01,9.996770561499292995e-01,9.996770560810790407e-01,9.996770552930418496e-01,9.996770330549954453e-01,9.996770330538545801e-01,9.996770552874444382e-01,9.996770560562516783e-01,9.996770560032410824e-01,9.996770544972980455e-01,9.996770331937639975e-01,9.999999999999991118e-01,9.996770331950095567e-01,9.996770545015394305e-01,9.996770560189838228e-01,9.996770561390270204e-01,9.996770561462652305e-01,9.996770560806644834e-01,9.996770552935322351e-01,9.996770330557878115e-01,9.996770330555145856e-01,9.996770552923539555e-01,9.996770560762365809e-01,9.996770561267617206e-01,9.996770560159879970e-01,9.996770545007755970e-01,9.996770331950095567e-01,9.999999999999991118e-01,9.996770331950096677e-01,9.996770545007754860e-01,9.996770560159878860e-01,9.996770561267618316e-01,9.996770560762365809e-01,9.996770552923540665e-01,9.996770330555144746e-01,9.996770330557879225e-01,9.996770552935321241e-01,9.996770560806645944e-01,9.996770561462652305e-01,9.996770561390270204e-01,9.996770560189839339e-01,9.996770545015394305e-01,9.996770331950096677e-01,9.999999999999991118e-01,9.996770331937638865e-01,9.996770544972980455e-01,9.996770560032410824e-01,9.996770560562516783e-01,9.996770552874445492e-01,9.996770330538544691e-01,9.996770330549953343e-01,9.996770552930415166e-01,9.996770560810789297e-01,9.996770561499291885e-01,9.996770561577665859e-01,9.996770561412590128e-01,9.996770560189838228e-01,9.996770545007754860e-01,9.996770331937638865e-01,9.999999999999991118e-01,9.996770331895218353e-01,9.996770544837870753e-01,9.996770559319669847e-01,9.996770552666955911e-01,9.996770330481804523e-01,9.996770330518554015e-01,9.996770552900170470e-01,9.996770560783562187e-01,9.996770561481114203e-01,9.996770561591985516e-01,9.996770561577665859e-01,9.996770561390270204e-01,9.996770560159878860e-01,9.996770544972980455e-01,9.996770331895218353e-01,9.999999999999991118e-01,9.996770331737767634e-01,9.996770544102804301e-01,9.996770551401784610e-01,9.996770330251968373e-01,9.996770330393972559e-01,9.996770552776078622e-01,9.996770560660624971e-01,9.996770561361195684e-01,9.996770561481114203e-01,9.996770561499292995e-01,9.996770561462652305e-01,9.996770561267618316e-01,9.996770560032410824e-01,9.996770544837870753e-01,9.996770331737767634e-01,9.999999999999991118e-01,9.996770330909888758e-01,9.996770536092159931e-01,9.996770328893950230e-01,9.996770329691531121e-01,9.996770552073862559e-01,9.996770559958897406e-01,9.996770560660623861e-01,9.996770560783562187e-01,9.996770560810790407e-01,9.996770560806644834e-01,9.996770560762365809e-01,9.996770560562516783e-01,9.996770559319669847e-01,9.996770544102804301e-01,9.996770330909888758e-01,9.999999999999991118e-01,9.996770322320371882e-01,9.996770313004758046e-01,9.996770321806158766e-01,9.996770544188601226e-01,9.996770552073863669e-01,9.996770552776077512e-01,9.996770552900170470e-01,9.996770552930418496e-01,9.996770552935322351e-01,9.996770552923540665e-01,9.996770552874445492e-01,9.996770552666955911e-01,9.996770551401784610e-01,9.996770536092159931e-01,9.996770322320371882e-01,9.999999999999991118e-01,9.996770092017791542e-01,9.996770099423660794e-01,9.996770321806156545e-01,9.996770329691531121e-01,9.996770330393970339e-01,9.996770330518554015e-01,9.996770330549954453e-01,9.996770330557878115e-01,9.996770330555144746e-01,9.996770330538544691e-01,9.996770330481804523e-01,9.996770330251968373e-01,9.996770328893950230e-01,9.996770313004758046e-01,9.996770092017791542e-01,9.999999999999991118e-01
9.999999999999996669e-01,9.994228415495843842e-01,9.994229114196142572e-01,9.994229163593080223e-01,9.994229167857844320e-01,9.994229168579051859e-01,9.994229168756892934e-01,9.994229168809011243e-01,9.994229168818012932e-01,9.994229168794458440e-01,9.994229168700047294e-01,9.994229168325092783e-01,9.994229166212340587e-01,9.994229142501832586e-01,9.994228453616044172e-01,9.994228415495843842e-01,9.999999999999996669e-01,9.994229128289725539e-01,9.994229805208796336e-01,9.994229852856788554e-01,9.994229856841623238e-01,9.994229857495471325e-01,9.994229857650263060e-01,9.994229857687861873e-01,9.994229857673850859e-01,9.994229857583085685e-01,9.994229857209678825e-01,9.994229855097639392e-01,9.994229831387483332e-01,9.994229142501834806e-01,9.994229114196142572e-01,9.994229128289725539e-01,9.999999999999996669e-01,9.994229154121592185e-01,9.994229829296666923e-01,9.994229876665251533e-01,9.994229880582847780e-01,9.994229881213679834e-01,9.994229881353964284e-01,9.994229881368552615e-01,9.994229881287333139e-01,9.994229880917573361e-01,9.994229878807084910e-01,9.994229855097641613e-01,9.994229166212341697e-01,9.994229163593080223e-01,9.994229805208796336e-01,9.994229154121592185e-01,9.999999999999996669e-01,9.994229156612317588e-01,9.994229831507726036e-01,9.994229878809064438e-01,9.994229882703649093e-01,9.994229883319974972e-01,9.994229883437248940e-01,9.994229883384628810e-01,9.994229883024415839e-01,9.994229880917572251e-01,9.994229857209677714e-01,9.994229168325092783e-01,9.994229167857844320e-01,9.994229852856788554e-01,9.994229829296666923e-01,9.994229156612317588e-01,9.999999999999996669e-01,9.994229157086390591e-01,9.994229831914465123e-01,9.994229879192786381e-01,9.994229883072863752e-01,9.994229883666180259e-01,9.994229883716245766e-01,9.994229883384631030e-01,9.994229881287333139e-01,9.994229857583086796e-01,9.994229168700050625e-01,9.994229168579051859e-01,9.994229856841623238e-01,9.994229876665251533e-01,9.994229831507726036e-01,9.994229157086390591e-01,9.999999999999996669e-01,9.994229157214160608e-01,9.994229832019189130e-01,9.994229879283001994e-01,9.994229883140071102e-01,9.994229883666176928e-01,9.994229883437248940e-01,9.994229881368551505e-01,9.994229857673848638e-01,9.994229168794458440e-01,9.994229168756892934e-01,9.994229857495471325e-01,9.994229880582847780e-01,9.994229878809064438e-01,9.994229831914465123e-01,9.994229157214160608e-01,9.999999999999996669e-01,9.994229157251688367e-01,9.994229832042199613e-01,9.994229879283001994e-01,9.994229883072862641e-01,9.994229883319974972e-01,9.994229881353962064e-01,9.994229857687860763e-01,9.994229168818014042e-01,9.994229168809011243e-01,9.994229857650263060e-01,9.994229881213679834e-01,9.994229882703649093e-01,9.994229879192786381e-01,9.994229832019189130e-01,9.994229157251688367e-01,9.999999999999996669e-01,9.994229157251688367e-01,9.994229832019189130e-01,9.994229879192784161e-01,9.994229882703650203e-01,9.994229881213678723e-01,9.994229857650261950e-01,9.994229168809010133e-01,9.994229168818012932e-01,9.994229857687861873e-01,9.994229881353964284e-01,9.994229883319974972e-01,9.994229883072863752e-01,9.994229879283001994e-01,9.994229832042199613e-01,9.994229157251688367e-01,9.999999999999996669e-01,9.994229157214160608e-01,9.994229831914462903e-01,9.994229878809065548e-01,9.994229880582846670e-01,9.994229857495470215e-01,9.994229168756894044e-01,9.994229168794458440e-01,9.994229857673850859e-01,9.994229881368552615e-01,9.994229883437248940e-01,9.994229883666180259e-01,9.994229883140071102e-01,9.994229879283001994e-01,9.994229832019189130e-01,9.994229157214160608e-01,9.999999999999996669e-01,9.994229157086390591e-01,9.994229831507728257e-01,9.994229876665249312e-01,9.994229856841623238e-01,9.994229168579055189e-01,9.994229168700047294e-01,9.994229857583085685e-01,9.994229881287333139e-01,9.994229883384628810e-01,9.994229883716245766e-01,9.994229883666176928e-01,9.994229883072862641e-01,9.994229879192784161e-01,9.994229831914462903e-01,9.994229157086390591e-01,9.999999999999996669e-01,9.994229156612319809e-01,9.994229829296664702e-01,9.994229852856787444e-01,9.994229167857844320e-01,9.994229168325092783e-01,9.994229857209678825e-01,9.994229880917573361e-01,9.994229883024415839e-01,9.994229883384631030e-01,9.994229883437248940e-01,9.994229883319974972e-01,9.994229882703650203e-01,9.994229878809065548e-01,9.994229831507728257e-01,9.994229156612319809e-01,9.999999999999996669e-01,9.994229154121593295e-01,9.994229805208797446e-01,9.994229163593080223e-01,9.994229166212340587e-01,9.994229855097639392e-01,9.994229878807084910e-01,9.994229880917572251e-01,9.994229881287333139e-01,9.994229881368551505e-01,9.994229881353962064e-01,9.994229881213678723e-01,9.994229880582846670e-01,9.994229876665249312e-01,9.994229829296664702e-01,9.994229154121593295e-01,9.999999999999996669e-01,9.994229128289726649e-01,9.994229114196143682e-01,9.994229142501832586e-01,9.994229831387483332e-01,9.994229855097641613e-01,9.994229857209677714e-01,9.994229857583086796e-01,9.994229857673848638e-01,9.994229857687860763e-01,9.994229857650261950e-01,9.994229857495470215e-01,9.994229856841623238e-01,9.994229852856787444e-01,9.994229805208797446e-01,9.994229128289726649e-01,9.999999999999996669e-01,9.994228415495846063e-01,9.994228453616044172e-01,9.994229142501834806e-01,9.994229166212341697e-01,9.994229168325092783e-01,9.994229168700050625e-01,9.994229168794458440e-01,9.994229168818014042e-01,9.994229168809010133e-01,9.994229168756894044e-01,9.994229168579055189e-01,9.994229167857844320e-01,9.994229163593080223e-01,9.994229114196143682e-01,9.994228415495846063e-01,9.999999999999996669e-01
1.000000000000000888e+00,9.991036324853709294e-01,9.991038001107416244e-01,9.991038117942693253e-01,9.991038128207208047e-01,9.991038129954712410e-01,9.991038130387484006e-01,9.991038130513956173e-01,9.991038130533708150e-01,9.991038130469891421e-01,9.991038130220042390e-01,9.991038129230954690e-01,9.991038123666495796e-01,9.991038061290247185e-01,9.991036272495166237e-01,9.991036324853709294e-01,1.000000000000000888e+00,9.991038176843111129e-01,9.991039795527507650e-01,9.991039907736412040e-01,9.991039917261339554e-01,9.991039918830864064e-01,9.991039919202748809e-01,9.991039919290879423e-01,9.991039919249887769e-01,9.991039919008759540e-01,9.991039918023374433e-01,9.991039912460623063e-01,9.991039850085207119e-01,9.991038061290248296e-01,9.991038001107416244e-01,9.991038176843111129e-01,1.000000000000000888e+00,9.991038244817935787e-01,9.991039858899614101e-01,9.991039970371077272e-01,9.991039979718558950e-01,9.991039981227338718e-01,9.991039981560928540e-01,9.991039981588332175e-01,9.991039981370036793e-01,9.991039980393376929e-01,9.991039974834328152e-01,9.991039912460623063e-01,9.991038123666498016e-01,9.991038117942693253e-01,9.991039795527507650e-01,9.991038244817935787e-01,1.000000000000000888e+00,9.991038251380019997e-01,9.991039864723343378e-01,9.991039976017328517e-01,9.991039985304074333e-01,9.991039986774562509e-01,9.991039987047427573e-01,9.991039986897527481e-01,9.991039985943700463e-01,9.991039980393376929e-01,9.991039918023375543e-01,9.991038129230956910e-01,9.991038128207208047e-01,9.991039907736412040e-01,9.991039858899614101e-01,9.991038251380019997e-01,1.000000000000000888e+00,9.991038252630473071e-01,9.991039865795955377e-01,9.991039977029182451e-01,9.991039986277636675e-01,9.991039987687400092e-01,9.991039987782960319e-01,9.991039986897529701e-01,9.991039981370037903e-01,9.991039919008760650e-01,9.991038130220045721e-01,9.991038129954712410e-01,9.991039917261339554e-01,9.991039970371077272e-01,9.991039864723343378e-01,9.991038252630473071e-01,1.000000000000000888e+00,9.991038252967672229e-01,9.991039866072282116e-01,9.991039977267210936e-01,9.991039986454940403e-01,9.991039987687400092e-01,9.991039987047428683e-01,9.991039981588333285e-01,9.991039919249889989e-01,9.991038130469894751e-01,9.991038130387484006e-01,9.991039918830864064e-01,9.991039979718558950e-01,9.991039976017328517e-01,9.991039865795955377e-01,9.991038252967672229e-01,1.000000000000000888e+00,9.991038253066728547e-01,9.991039866133005765e-01,9.991039977267207606e-01,9.991039986277633345e-01,9.991039986774561399e-01,9.991039981560926320e-01,9.991039919290878313e-01,9.991038130533708150e-01,9.991038130513956173e-01,9.991039919202748809e-01,9.991039981227338718e-01,9.991039985304074333e-01,9.991039977029182451e-01,9.991039866072282116e-01,9.991038253066728547e-01,1.000000000000000888e+00,9.991038253066727437e-01,9.991039866072278786e-01,9.991039977029179120e-01,9.991039985304073223e-01,9.991039981227336497e-01,9.991039919202747699e-01,9.991038130513955062e-01,9.991038130533708150e-01,9.991039919290879423e-01,9.991039981560928540e-01,9.991039986774562509e-01,9.991039986277636675e-01,9.991039977267210936e-01,9.991039866133005765e-01,9.991038253066727437e-01,1.000000000000000888e+00,9.991038252967667788e-01,9.991039865795952046e-01,9.991039976017327406e-01,9.991039979718557840e-01,9.991039918830861843e-01,9.991038130387482896e-01,9.991038130469891421e-01,9.991039919249887769e-01,9.991039981588332175e-01,9.991039987047427573e-01,9.991039987687400092e-01,9.991039986454940403e-01,9.991039977267207606e-01,9.991039866072278786e-01,9.991038252967667788e-01,1.000000000000000888e+00,9.991038252630470851e-01,9.991039864723344488e-01,9.991039970371073942e-01,9.991039917261336223e-01,9.991038129954707969e-01,9.991038130220042390e-01,9.991039919008759540e-01,9.991039981370036793e-01,9.991039986897527481e-01,9.991039987782960319e-01,9.991039987687400092e-01,9.991039986277633345e-01,9.991039977029179120e-01,9.991039865795952046e-01,9.991038252630470851e-01,1.000000000000000888e+00,9.991038251380019997e-01,9.991039858899612991e-01,9.991039907736410930e-01,9.991038128207205826e-01,9.991038129230954690e-01,9.991039918023374433e-01,9.991039980393376929e-01,9.991039985943700463e-01,9.991039986897529701e-01,9.991039987047428683e-01,9.991039986774561399e-01,9.991039985304073223e-01,9.991039976017327406e-01,9.991039864723344488e-01,9.991038251380019997e-01,1.000000000000000888e+00,9.991038244817934677e-01,9.991039795527506540e-01,9.991038117942693253e-01,9.991038123666495796e-01,9.991039912460623063e-01,9.991039974834328152e-01,9.991039980393376929e-01,9.991039981370037903e-01,9.991039981588333285e-01,9.991039981560926320e-01,9.991039981227336497e-01,9.991039979718557840e-01,9.991039970371073942e-01,9.991039858899612991e-01,9.991038244817934677e-01,1.000000000000000888e+00,9.991038176843110019e-01,9.991038001107412914e-01,9.991038061290247185e-01,9.991039850085207119e-01,9.991039912460623063e-01,9.991039918023375543e-01,9.991039919008760650e-01,9.991039919249889989e-01,9.991039919290878313e-01,9.991039919202747699e-01,9.991039918830861843e-01,9.991039917261336223e-01,9.991039907736410930e-01,9.991039795527506540e-01,9.991038176843110019e-01,1.000000000000000888e+00,9.991036324853710404e-01,9.991036272495166237e-01,9.991038061290248296e-01,9.991038123666498016e-01,9.991038129230956910e-01,9.991038130220045721e-01,9.991038130469894751e-01,9.991038130533708150e-01,9.991038130513955062e-01,9.991038130387482896e-01,9.991038129954707969e-01,9.991038128207205826e-01,9.991038117942693253e-01,9.991038001107412914e-01,9.991036324853710404e-01,1.000000000000000888e+00
1.000000000000003997e+00,9.987027990456235349e-01,9.987031454126125141e-01,9.987031689327724449e-01,9.987031710283644781e-01,9.987031713851056702e-01,9.987031714733666243e-01,9.987031714992232745e-01,9.987031715035283863e-01,9.987031714913224834e-01,9.987031714428794560e-01,9.987031712509174541e-01,9.987031701721575949e-01,9.987031580887457682e-01,9.987028034523970366e-01,9.987027990456235349e-01,1.000000000000003997e+00,9.987031660093707019e-01,9.987035011470616341e-01,9.987035237636832097e-01,9.987035257152229173e-01,9.987035260373121615e-01,9.987035261137217068e-01,9.987035261321213220e-01,9.987035261246217654e-01,9.987035260779774104e-01,9.987035258867789089e-01,9.987035248083709904e-01,9.987035127251292499e-01,9.987031580887458793e-01,9.987031454126125141e-01,9.987031660093707019e-01,1.000000000000003997e+00,9.987031791813969495e-01,9.987035134240883627e-01,9.987035358973279653e-01,9.987035378143869213e-01,9.987035381246704979e-01,9.987035381936378853e-01,9.987035382002384942e-01,9.987035381583029281e-01,9.987035379689040981e-01,9.987035368912603461e-01,9.987035248083709904e-01,9.987031701721577059e-01,9.987031689327724449e-01,9.987035011470616341e-01,9.987031791813969495e-01,1.000000000000003997e+00,9.987031804541542934e-01,9.987035145532588976e-01,9.987035369920050920e-01,9.987035388972618222e-01,9.987035392001043510e-01,9.987035392572731762e-01,9.987035392294378866e-01,9.987035390447481786e-01,9.987035379689039871e-01,9.987035258867787979e-01,9.987031712509174541e-01,9.987031710283644781e-01,9.987035237636832097e-01,9.987035134240883627e-01,9.987031804541542934e-01,1.000000000000003997e+00,9.987031806969882686e-01,9.987035147614974351e-01,9.987035371884349644e-01,9.987035390862505357e-01,9.987035393772945024e-01,9.987035394000274291e-01,9.987035392294379976e-01,9.987035381583029281e-01,9.987035260779774104e-01,9.987031714428795670e-01,9.987031713851056702e-01,9.987035257152229173e-01,9.987035358973279653e-01,9.987035145532588976e-01,9.987031806969882686e-01,1.000000000000003997e+00,9.987031807625076363e-01,9.987035148151753861e-01,9.987035372346697581e-01,9.987035391206866564e-01,9.987035393772948355e-01,9.987035392572733983e-01,9.987035382002386052e-01,9.987035261246218765e-01,9.987031714913227054e-01,9.987031714733666243e-01,9.987035260373121615e-01,9.987035378143869213e-01,9.987035369920050920e-01,9.987035147614974351e-01,9.987031807625076363e-01,1.000000000000003997e+00,9.987031807817596807e-01,9.987035148269741702e-01,9.987035372346694251e-01,9.987035390862505357e-01,9.987035392001043510e-01,9.987035381936378853e-01,9.987035261321210999e-01,9.987031715035283863e-01,9.987031714992232745e-01,9.987035261137217068e-01,9.987035381246704979e-01,9.987035388972618222e-01,9.987035371884349644e-01,9.987035148151753861e-01,9.987031807817596807e-01,1.000000000000003997e+00,9.987031807817597917e-01,9.987035148151750530e-01,9.987035371884349644e-01,9.987035388972618222e-01,9.987035381246704979e-01,9.987035261137214848e-01,9.987031714992231635e-01,9.987031715035283863e-01,9.987035261321213220e-01,9.987035381936378853e-01,9.987035392001043510e-01,9.987035390862505357e-01,9.987035372346697581e-01,9.987035148269741702e-01,9.987031807817597917e-01,1.000000000000003997e+00,9.987031807625073032e-01,9.987035147614974351e-01,9.987035369920050920e-01,9.987035378143868103e-01,9.987035260373118284e-01,9.987031714733665133e-01,9.987031714913224834e-01,9.987035261246217654e-01,9.987035382002384942e-01,9.987035392572731762e-01,9.987035393772945024e-01,9.987035391206866564e-01,9.987035372346694251e-01,9.987035148151750530e-01,9.987031807625073032e-01,1.000000000000003997e+00,9.987031806969880465e-01,9.987035145532585645e-01,9.987035358973277432e-01,9.987035257152224732e-01,9.987031713851053372e-01,9.987031714428794560e-01,9.987035260779774104e-01,9.987035381583029281e-01,9.987035392294378866e-01,9.987035394000274291e-01,9.987035393772948355e-01,9.987035390862505357e-01,9.987035371884349644e-01,9.987035147614974351e-01,9.987031806969880465e-01,1.000000000000003997e+00,9.987031804541542934e-01,9.987035134240881407e-01,9.987035237636832097e-01,9.987031710283644781e-01,9.987031712509174541e-01,9.987035258867789089e-01,9.987035379689040981e-01,9.987035390447481786e-01,9.987035392294379976e-01,9.987035392572733983e-01,9.987035392001043510e-01,9.987035388972618222e-01,9.987035369920050920e-01,9.987035145532585645e-01,9.987031804541542934e-01,1.000000000000003997e+00,9.987031791813968384e-01,9.987035011470615231e-01,9.987031689327721118e-01,9.987031701721575949e-01,9.987035248083709904e-01,9.987035368912603461e-01,9.987035379689039871e-01,9.987035381583029281e-01,9.987035382002386052e-01,9.987035381936378853e-01,9.987035381246704979e-01,9.987035378143868103e-01,9.987035358973277432e-01,9.987035134240881407e-01,9.987031791813968384e-01,1.000000000000003997e+00,9.987031660093705909e-01,9.987031454126125141e-01,9.987031580887457682e-01,9.987035127251292499e-01,9.987035248083709904e-01,9.987035258867787979e-01,9.987035260779774104e-01,9.987035261246218765e-01,9.987035261321210999e-01,9.987035261137214848e-01,9.987035260373118284e-01,9.987035257152224732e-01,9.987035237636832097e-01,9.987035011470615231e-01,9.987031660093705909e-01,1.000000000000003997e+00,9.987027990456234239e-01,9.987028034523970366e-01,9.987031580887458793e-01,9.987031701721577059e-01,9.987031712509174541e-01,9.987031714428795670e-01,9.987031714913227054e-01,9.987031715035283863e-01,9.987031714992231635e-01,9.987031714733665133e-01,9.987031713851053372e-01,9.987031710283644781e-01,9.987031689327721118e-01,9.987031454126125141e-01,9.987027990456234239e-01,1.000000000000003997e+00
