1.000000000000000000e+00,1.000000000000000000e+00,1.000000000000000000e+00,1.000000000000000000e+00,1.000000000000000000e+00,1.000000000000000000e+00,1.000000000000000000e+00,1.000000000000000000e+00,1.000000000000000000e+00,1.000000000000000000e+00,1.000000000000000000e+00,1.000000000000000000e+00,1.000000000000000000e+00,1.000000000000000000e+00,1.000000000000000000e+00,1.000000000000000000e+00,1.000000000000000000e+00,1.000000000000000000e+00,1.000000000000000000e+00,1.000000000000000000e+00,1.000000000000000000e+00,1.000000000000000000e+00,1.000000000000000000e+00,1.000000000000000000e+00,1.000000000000000000e+00,1.000000000000000000e+00,1.000000000000000000e+00,1.000000000000000000e+00,1.000000000000000000e+00,1.000000000000000000e+00,1.000000000000000000e+00,1.000000000000000000e+00,1.000000000000000000e+00,1.000000000000000000e+00,1.000000000000000000e+00,1.000000000000000000e+00,1.000000000000000000e+00,1.000000000000000000e+00,1.000000000000000000e+00,1.000000000000000000e+00,1.000000000000000000e+00,1.000000000000000000e+00,1.000000000000000000e+00,1.000000000000000000e+00,1.000000000000000000e+00,1.000000000000000000e+00,1.000000000000000000e+00,1.000000000000000000e+00,1.000000000000000000e+00,1.000000000000000000e+00,1.000000000000000000e+00,1.000000000000000000e+00,1.000000000000000000e+00,1.000000000000000000e+00,1.000000000000000000e+00,1.000000000000000000e+00,1.000000000000000000e+00,1.000000000000000000e+00,1.000000000000000000e+00,1.000000000000000000e+00,1.000000000000000000e+00,1.000000000000000000e+00,1.000000000000000000e+00,1.000000000000000000e+00,1.000000000000000000e+00,1.000000000000000000e+00,1.000000000000000000e+00,1.000000000000000000e+00,1.000000000000000000e+00,1.000000000000000000e+00,1.000000000000000000e+00,1.000000000000000000e+00,1.000000000000000000e+00,1.000000000000000000e+00,1.000000000000000000e+00,1.000000000000000000e+00,1.000000000000000000e+00,1.000000000000000000e+00,1.000000000000000000e+00,1.000000000000000000e+00,1.000000000000000000e+00,1.000000000000000000e+00,1.000000000000000000e+00,1.000000000000000000e+00,1.000000000000000000e+00,1.000000000000000000e+00,1.000000000000000000e+00,1.000000000000000000e+00,1.000000000000000000e+00,1.000000000000000000e+00,1.000000000000000000e+00,1.000000000000000000e+00,1.000000000000000000e+00,1.000000000000000000e+00,1.000000000000000000e+00,1.000000000000000000e+00,1.000000000000000000e+00,1.000000000000000000e+00,1.000000000000000000e+00,1.000000000000000000e+00,1.000000000000000000e+00,1.000000000000000000e+00,1.000000000000000000e+00,1.000000000000000000e+00,1.000000000000000000e+00,1.000000000000000000e+00,1.000000000000000000e+00,1.000000000000000000e+00,1.000000000000000000e+00,1.000000000000000000e+00,1.000000000000000000e+00,1.000000000000000000e+00,1.000000000000000000e+00,1.000000000000000000e+00,1.000000000000000000e+00,1.000000000000000000e+00,1.000000000000000000e+00,1.000000000000000000e+00,1.000000000000000000e+00,1.000000000000000000e+00,1.000000000000000000e+00,1.000000000000000000e+00,1.000000000000000000e+00,1.000000000000000000e+00,1.000000000000000000e+00,1.000000000000000000e+00,1.000000000000000000e+00,1.000000000000000000e+00,1.000000000000000000e+00,1.000000000000000000e+00,1.000000000000000000e+00,1.000000000000000000e+00,1.000000000000000000e+00,1.000000000000000000e+00,1.000000000000000000e+00,1.000000000000000000e+00,1.000000000000000000e+00,1.000000000000000000e+00,1.000000000000000000e+00,1.000000000000000000e+00,1.000000000000000000e+00,1.000000000000000000e+00,1.000000000000000000e+00,1.000000000000000000e+00,1.000000000000000000e+00,1.000000000000000000e+00,1.000000000000000000e+00,1.000000000000000000e+00,1.000000000000000000e+00,1.000000000000000000e+00,1.000000000000000000e+00,1.000000000000000000e+00,1.000000000000000000e+00,1.000000000000000000e+00,1.000000000000000000e+00,1.000000000000000000e+00,1.000000000000000000e+00,1.000000000000000000e+00,1.000000000000000000e+00,1.000000000000000000e+00,1.000000000000000000e+00,1.000000000000000000e+00,1.000000000000000000e+00,1.000000000000000000e+00,1.000000000000000000e+00,1.000000000000000000e+00,1.000000000000000000e+00,1.000000000000000000e+00,1.000000000000000000e+00,1.000000000000000000e+00,1.000000000000000000e+00,1.000000000000000000e+00,1.000000000000000000e+00,1.000000000000000000e+00,1.000000000000000000e+00,1.000000000000000000e+00,1.000000000000000000e+00,1.000000000000000000e+00,1.000000000000000000e+00,1.000000000000000000e+00,1.000000000000000000e+00,1.000000000000000000e+00,1.000000000000000000e+00,1.000000000000000000e+00,1.000000000000000000e+00,1.000000000000000000e+00,1.000000000000000000e+00,1.000000000000000000e+00,1.000000000000000000e+00,1.000000000000000000e+00,1.000000000000000000e+00,1.000000000000000000e+00,1.000000000000000000e+00,1.000000000000000000e+00,1.000000000000000000e+00,1.000000000000000000e+00,1.000000000000000000e+00,1.000000000000000000e+00,1.000000000000000000e+00,1.000000000000000000e+00,1.000000000000000000e+00,1.000000000000000000e+00,1.000000000000000000e+00,1.000000000000000000e+00,1.000000000000000000e+00,1.000000000000000000e+00,1.000000000000000000e+00,1.000000000000000000e+00,1.000000000000000000e+00,1.000000000000000000e+00,1.000000000000000000e+00,1.000000000000000000e+00,1.000000000000000000e+00,1.000000000000000000e+00,1.000000000000000000e+00,1.000000000000000000e+00,1.000000000000000000e+00,1.000000000000000000e+00,1.000000000000000000e+00,1.000000000000000000e+00,1.000000000000000000e+00,1.000000000000000000e+00,1.000000000000000000e+00,1.000000000000000000e+00,1.000000000000000000e+00
9.999999999999977796e-01,9.999106413997848053e-01,9.999106432607405281e-01,9.999106432836762925e-01,9.999106432854528714e-01,9.999106432857413074e-01,9.999106432858105853e-01,9.999106432858313465e-01,9.999106432858373417e-01,9.999106432858356763e-01,9.999106432858223537e-01,9.999106432857661764e-01,9.999106432854458770e-01,9.999106432816030621e-01,9.999106429555392195e-01,9.999106413997848053e-01,9.999999999999977796e-01,9.999106417297046745e-01,9.999106435871255583e-01,9.999106436097969786e-01,9.999106436115314800e-01,9.999106436118098129e-01,9.999106436118755381e-01,9.999106436118941899e-01,9.999106436118967434e-01,9.999106436118849750e-01,9.999106436118295749e-01,9.999106436115094976e-01,9.999106436076669047e-01,9.999106432816030621e-01,9.999106432607405281e-01,9.999106417297046745e-01,9.999999999999977796e-01,9.999106417338685660e-01,9.999106435910251056e-01,9.999106436136546705e-01,9.999106436153789579e-01,9.999106436156538491e-01,9.999106436157174649e-01,9.999106436157325639e-01,9.999106436157250144e-01,9.999106436156711686e-01,9.999106436153516464e-01,9.999106436115093866e-01,9.999106432854457660e-01,9.999106432836762925e-01,9.999106435871255583e-01,9.999106417338685660e-01,9.999999999999977796e-01,9.999106417342460418e-01,9.999106435913608371e-01,9.999106436139799658e-01,9.999106436157008115e-01,9.999106436159735933e-01,9.999106436160336564e-01,9.999106436160386524e-01,9.999106436159890254e-01,9.999106436156712796e-01,9.999106436118294639e-01,9.999106432857662874e-01,9.999106432854528714e-01,9.999106436097969786e-01,9.999106435910251056e-01,9.999106417342460418e-01,9.999999999999977796e-01,9.999106417343175401e-01,9.999106435914221214e-01,9.999106436140379195e-01,9.999106436157565447e-01,9.999106436160258848e-01,9.999106436160758449e-01,9.999106436160387634e-01,9.999106436157250144e-01,9.999106436118849750e-01,9.999106432858223537e-01,9.999106432857413074e-01,9.999106436115314800e-01,9.999106436136546705e-01,9.999106435913608371e-01,9.999106417343175401e-01,9.999999999999977796e-01,9.999106417343368580e-01,9.999106435914378865e-01,9.999106436140514642e-01,9.999106436157666478e-01,9.999106436160258848e-01,9.999106436160336564e-01,9.999106436157324529e-01,9.999106436118966323e-01,9.999106432858356763e-01,9.999106432858105853e-01,9.999106436118098129e-01,9.999106436153789579e-01,9.999106436139799658e-01,9.999106435914221214e-01,9.999106417343368580e-01,9.999999999999977796e-01,9.999106417343425202e-01,9.999106435914414392e-01,9.999106436140515752e-01,9.999106436157565447e-01,9.999106436159735933e-01,9.999106436157175759e-01,9.999106436118941899e-01,9.999106432858373417e-01,9.999106432858313465e-01,9.999106436118755381e-01,9.999106436156538491e-01,9.999106436157008115e-01,9.999106436140379195e-01,9.999106435914378865e-01,9.999106417343425202e-01,9.999999999999977796e-01,9.999106417343426312e-01,9.999106435914378865e-01,9.999106436140379195e-01,9.999106436157009226e-01,9.999106436156539601e-01,9.999106436118756491e-01,9.999106432858313465e-01,9.999106432858373417e-01,9.999106436118941899e-01,9.999106436157174649e-01,9.999106436159735933e-01,9.999106436157565447e-01,9.999106436140514642e-01,9.999106435914414392e-01,9.999106417343426312e-01,9.999999999999977796e-01,9.999106417343368580e-01,9.999106435914221214e-01,9.999106436139800769e-01,9.999106436153789579e-01,9.999106436118098129e-01,9.999106432858105853e-01,9.999106432858356763e-01,9.999106436118967434e-01,9.999106436157325639e-01,9.999106436160336564e-01,9.999106436160258848e-01,9.999106436157666478e-01,9.999106436140515752e-01,9.999106435914378865e-01,9.999106417343368580e-01,9.999999999999977796e-01,9.999106417343176512e-01,9.999106435913608371e-01,9.999106436136546705e-01,9.999106436115314800e-01,9.999106432857414184e-01,9.999106432858223537e-01,9.999106436118849750e-01,9.999106436157250144e-01,9.999106436160386524e-01,9.999106436160758449e-01,9.999106436160258848e-01,9.999106436157565447e-01,9.999106436140379195e-01,9.999106435914221214e-01,9.999106417343176512e-01,9.999999999999977796e-01,9.999106417342461528e-01,9.999106435910253277e-01,9.999106436097970896e-01,9.999106432854529825e-01,9.999106432857661764e-01,9.999106436118295749e-01,9.999106436156711686e-01,9.999106436159890254e-01,9.999106436160387634e-01,9.999106436160336564e-01,9.999106436159735933e-01,9.999106436157009226e-01,9.999106436139800769e-01,9.999106435913608371e-01,9.999106417342461528e-01,9.999999999999977796e-01,9.999106417338687880e-01,9.999106435871255583e-01,9.999106432836764036e-01,9.999106432854458770e-01,9.999106436115094976e-01,9.999106436153516464e-01,9.999106436156712796e-01,9.999106436157250144e-01,9.999106436157324529e-01,9.999106436157175759e-01,9.999106436156539601e-01,9.999106436153789579e-01,9.999106436136546705e-01,9.999106435910253277e-01,9.999106417338687880e-01,9.999999999999977796e-01,9.999106417297047855e-01,9.999106432607408612e-01,9.999106432816030621e-01,9.999106436076669047e-01,9.999106436115093866e-01,9.999106436118294639e-01,9.999106436118849750e-01,9.999106436118966323e-01,9.999106436118941899e-01,9.999106436118756491e-01,9.999106436118098129e-01,9.999106436115314800e-01,9.999106436097970896e-01,9.999106435871255583e-01,9.999106417297047855e-01,9.999999999999977796e-01,9.999106413997846943e-01,9.999106429555392195e-01,9.999106432816030621e-01,9.999106432854457660e-01,9.999106432857662874e-01,9.999106432858223537e-01,9.999106432858356763e-01,9.999106432858373417e-01,9.999106432858313465e-01,9.999106432858105853e-01,9.999106432857414184e-01,9.999106432854529825e-01,9.999106432836764036e-01,9.999106432607408612e-01,9.999106413997846943e-01,9.999999999999977796e-01
9.999999999999985567e-01,9.986980070541955357e-01,9.986984042904232250e-01,9.986984158568243952e-01,9.986984167688683911e-01,9.986984169172773429e-01,9.986984169528912991e-01,9.986984169635714226e-01,9.986984169667110223e-01,9.986984169659920418e-01,9.986984169594802507e-01,9.986984169319642612e-01,9.986984167749440866e-01,9.986984149235140773e-01,9.986983416924182233e-01,9.986980070541955357e-01,9.999999999999985567e-01,9.986980821827021737e-01,9.986984776798926156e-01,9.986984891159511601e-01,9.986984900072535254e-01,9.986984901506789081e-01,9.986984901845888940e-01,9.986984901941962089e-01,9.986984901956355021e-01,9.986984901899482736e-01,9.986984901627823374e-01,9.986984900059235892e-01,9.986984881545732939e-01,9.986984149235138553e-01,9.986984042904232250e-01,9.986980821827021737e-01,9.999999999999985567e-01,9.986980841926744734e-01,9.986984795592395159e-01,9.986984909746813299e-01,9.986984918610187778e-01,9.986984920027448531e-01,9.986984920355834738e-01,9.986984920434910373e-01,9.986984920399624155e-01,9.986984920136210420e-01,9.986984918571123471e-01,9.986984900059237003e-01,9.986984167749439756e-01,9.986984158568243952e-01,9.986984776798926156e-01,9.986980841926744734e-01,9.999999999999985567e-01,9.986980843778470174e-01,9.986984797236393430e-01,9.986984911341170168e-01,9.986984920187550463e-01,9.986984921594097564e-01,9.986984921905484036e-01,9.986984921934880521e-01,9.986984921693052852e-01,9.986984920136211530e-01,9.986984901627825595e-01,9.986984169319643723e-01,9.986984167688683911e-01,9.986984891159511601e-01,9.986984795592395159e-01,9.986980843778470174e-01,9.999999999999985567e-01,9.986980844129297319e-01,9.986984797537318270e-01,9.986984911625103045e-01,9.986984920460768578e-01,9.986984921850318164e-01,9.986984922112025487e-01,9.986984921934880521e-01,9.986984920399625265e-01,9.986984901899484957e-01,9.986984169594803618e-01,9.986984169172773429e-01,9.986984900072535254e-01,9.986984909746813299e-01,9.986984797236393430e-01,9.986980844129297319e-01,9.999999999999985567e-01,9.986980844223745102e-01,9.986984797614707476e-01,9.986984911691780820e-01,9.986984920510447727e-01,9.986984921850315944e-01,9.986984921905484036e-01,9.986984920434909263e-01,9.986984901956355021e-01,9.986984169659919308e-01,9.986984169528912991e-01,9.986984901506789081e-01,9.986984918610187778e-01,9.986984911341170168e-01,9.986984797537318270e-01,9.986980844223745102e-01,9.999999999999985567e-01,9.986980844251475142e-01,9.986984797631706101e-01,9.986984911691779709e-01,9.986984920460768578e-01,9.986984921594096454e-01,9.986984920355835849e-01,9.986984901941962089e-01,9.986984169667109112e-01,9.986984169635714226e-01,9.986984901845888940e-01,9.986984920027448531e-01,9.986984920187550463e-01,9.986984911625103045e-01,9.986984797614707476e-01,9.986980844251475142e-01,9.999999999999985567e-01,9.986980844251475142e-01,9.986984797614708587e-01,9.986984911625101935e-01,9.986984920187550463e-01,9.986984920027449641e-01,9.986984901845887830e-01,9.986984169635712005e-01,9.986984169667110223e-01,9.986984901941962089e-01,9.986984920355834738e-01,9.986984921594097564e-01,9.986984920460768578e-01,9.986984911691780820e-01,9.986984797631706101e-01,9.986980844251475142e-01,9.999999999999985567e-01,9.986980844223746212e-01,9.986984797537318270e-01,9.986984911341170168e-01,9.986984918610188888e-01,9.986984901506789081e-01,9.986984169528910771e-01,9.986984169659920418e-01,9.986984901956355021e-01,9.986984920434910373e-01,9.986984921905484036e-01,9.986984921850318164e-01,9.986984920510447727e-01,9.986984911691779709e-01,9.986984797614708587e-01,9.986980844223746212e-01,9.999999999999985567e-01,9.986980844129297319e-01,9.986984797236394540e-01,9.986984909746813299e-01,9.986984900072535254e-01,9.986984169172773429e-01,9.986984169594802507e-01,9.986984901899482736e-01,9.986984920399624155e-01,9.986984921934880521e-01,9.986984922112025487e-01,9.986984921850315944e-01,9.986984920460768578e-01,9.986984911625101935e-01,9.986984797537318270e-01,9.986980844129297319e-01,9.999999999999985567e-01,9.986980843778467953e-01,9.986984795592394049e-01,9.986984891159509381e-01,9.986984167688682801e-01,9.986984169319642612e-01,9.986984901627823374e-01,9.986984920136210420e-01,9.986984921693052852e-01,9.986984921934880521e-01,9.986984921905484036e-01,9.986984921594096454e-01,9.986984920187550463e-01,9.986984911341170168e-01,9.986984797236394540e-01,9.986980843778467953e-01,9.999999999999985567e-01,9.986980841926744734e-01,9.986984776798925045e-01,9.986984158568242842e-01,9.986984167749440866e-01,9.986984900059235892e-01,9.986984918571123471e-01,9.986984920136211530e-01,9.986984920399625265e-01,9.986984920434909263e-01,9.986984920355835849e-01,9.986984920027449641e-01,9.986984918610188888e-01,9.986984909746813299e-01,9.986984795592394049e-01,9.986980841926744734e-01,9.999999999999985567e-01,9.986980821827020627e-01,9.986984042904232250e-01,9.986984149235140773e-01,9.986984881545732939e-01,9.986984900059237003e-01,9.986984901627825595e-01,9.986984901899484957e-01,9.986984901956355021e-01,9.986984901941962089e-01,9.986984901845887830e-01,9.986984901506789081e-01,9.986984900072535254e-01,9.986984891159509381e-01,9.986984776798925045e-01,9.986980821827020627e-01,9.999999999999985567e-01,9.986980070541956467e-01,9.986983416924182233e-01,9.986984149235138553e-01,9.986984167749439756e-01,9.986984169319643723e-01,9.986984169594803618e-01,9.986984169659919308e-01,9.986984169667109112e-01,9.986984169635712005e-01,9.986984169528910771e-01,9.986984169172773429e-01,9.986984167688682801e-01,9.986984158568242842e-01,9.986984042904232250e-01,9.986980070541956467e-01,9.999999999999985567e-01
1.000000000000001110e+00,9.942833500061735164e-01,9.942908950082293140e-01,9.942913358749079222e-01,9.942913711401349941e-01,9.942913769190780959e-01,9.942913783117740545e-01,9.942913787295668548e-01,9.942913788500885586e-01,9.942913788143726839e-01,9.942913785358266088e-01,9.942913773687698242e-01,9.942913707336351603e-01,9.942912937733623391e-01,9.942896537984682315e-01,9.942833500061735164e-01,1.000000000000001110e+00,9.942850716966812330e-01,9.942925418380652580e-01,9.942929770557707991e-01,9.942930114297695576e-01,9.942930169951226249e-01,9.942930183149434331e-01,9.942930186870222453e-01,9.942930187353262728e-01,9.942930184888951750e-01,9.942930173354698198e-01,9.942930107066187961e-01,9.942929337493322528e-01,9.942912937733624501e-01,9.942908950082293140e-01,9.942850716966812330e-01,1.000000000000001110e+00,9.942851555392405727e-01,9.942926199823050037e-01,9.942930543255661391e-01,9.942930884889481513e-01,9.942930939821793546e-01,9.942930952565292024e-01,9.942930955564828199e-01,9.942930953941115924e-01,9.942930942728204213e-01,9.942930876576114851e-01,9.942930107066186851e-01,9.942913707336353824e-01,9.942913358749079222e-01,9.942925418380652580e-01,9.942851555392405727e-01,1.000000000000001110e+00,9.942851633839232539e-01,9.942926269298817399e-01,9.942930610625868582e-01,9.942930951538575535e-01,9.942931006016209050e-01,9.942931018038468904e-01,9.942931018931259191e-01,9.942931008558947292e-01,9.942930942728201993e-01,9.942930173354697088e-01,9.942913773687699353e-01,9.942913711401349941e-01,9.942929770557707991e-01,9.942926199823050037e-01,9.942851633839232539e-01,1.000000000000001110e+00,9.942851648740511639e-01,9.942926282051084419e-01,9.942930622657125683e-01,9.942930963115160781e-01,9.942931016871555672e-01,9.942931026787068527e-01,9.942931018931260301e-01,9.942930953941115924e-01,9.942930184888952860e-01,9.942913785358267198e-01,9.942913769190780959e-01,9.942930114297695576e-01,9.942930543255661391e-01,9.942926269298817399e-01,9.942851648740511639e-01,1.000000000000001110e+00,9.942851652755756442e-01,9.942926285333700820e-01,9.942930625485104645e-01,9.942930965221905559e-01,9.942931016871552341e-01,9.942931018038466684e-01,9.942930955564824869e-01,9.942930187353261617e-01,9.942913788143725728e-01,9.942913783117740545e-01,9.942930169951226249e-01,9.942930884889481513e-01,9.942930610625868582e-01,9.942926282051084419e-01,9.942851652755756442e-01,1.000000000000001110e+00,9.942851653935023126e-01,9.942926286054930562e-01,9.942930625485107976e-01,9.942930963115160781e-01,9.942931006016209050e-01,9.942930952565290914e-01,9.942930186870222453e-01,9.942913788500886696e-01,9.942913787295668548e-01,9.942930183149434331e-01,9.942930939821793546e-01,9.942930951538575535e-01,9.942930622657125683e-01,9.942926285333700820e-01,9.942851653935023126e-01,1.000000000000001110e+00,9.942851653935023126e-01,9.942926285333703040e-01,9.942930622657124573e-01,9.942930951538576645e-01,9.942930939821792435e-01,9.942930183149434331e-01,9.942913787295669659e-01,9.942913788500885586e-01,9.942930186870222453e-01,9.942930952565292024e-01,9.942931006016209050e-01,9.942930963115160781e-01,9.942930625485104645e-01,9.942926286054930562e-01,9.942851653935023126e-01,1.000000000000001110e+00,9.942851652755758662e-01,9.942926282051084419e-01,9.942930610625868582e-01,9.942930884889480403e-01,9.942930169951226249e-01,9.942913783117741655e-01,9.942913788143726839e-01,9.942930187353262728e-01,9.942930955564828199e-01,9.942931018038468904e-01,9.942931016871555672e-01,9.942930965221905559e-01,9.942930625485107976e-01,9.942926285333703040e-01,9.942851652755758662e-01,1.000000000000001110e+00,9.942851648740511639e-01,9.942926269298817399e-01,9.942930543255662501e-01,9.942930114297696687e-01,9.942913769190783180e-01,9.942913785358266088e-01,9.942930184888951750e-01,9.942930953941115924e-01,9.942931018931259191e-01,9.942931026787068527e-01,9.942931016871552341e-01,9.942930963115160781e-01,9.942930622657124573e-01,9.942926282051084419e-01,9.942851648740511639e-01,1.000000000000001110e+00,9.942851633839233649e-01,9.942926199823050037e-01,9.942929770557707991e-01,9.942913711401349941e-01,9.942913773687698242e-01,9.942930173354698198e-01,9.942930942728204213e-01,9.942931008558947292e-01,9.942931018931260301e-01,9.942931018038466684e-01,9.942931006016209050e-01,9.942930951538576645e-01,9.942930610625868582e-01,9.942926269298817399e-01,9.942851633839233649e-01,1.000000000000001110e+00,9.942851555392404617e-01,9.942925418380652580e-01,9.942913358749078112e-01,9.942913707336351603e-01,9.942930107066187961e-01,9.942930876576114851e-01,9.942930942728201993e-01,9.942930953941115924e-01,9.942930955564824869e-01,9.942930952565290914e-01,9.942930939821792435e-01,9.942930884889480403e-01,9.942930543255662501e-01,9.942926199823050037e-01,9.942851555392404617e-01,1.000000000000001110e+00,9.942850716966810110e-01,9.942908950082292030e-01,9.942912937733623391e-01,9.942929337493322528e-01,9.942930107066186851e-01,9.942930173354697088e-01,9.942930184888952860e-01,9.942930187353261617e-01,9.942930186870222453e-01,9.942930183149434331e-01,9.942930169951226249e-01,9.942930114297696687e-01,9.942929770557707991e-01,9.942925418380652580e-01,9.942850716966810110e-01,1.000000000000001110e+00,9.942833500061734053e-01,9.942896537984682315e-01,9.942912937733624501e-01,9.942913707336353824e-01,9.942913773687699353e-01,9.942913785358267198e-01,9.942913788143725728e-01,9.942913788500886696e-01,9.942913787295669659e-01,9.942913783117741655e-01,9.942913769190783180e-01,9.942913711401349941e-01,9.942913358749078112e-01,9.942908950082292030e-01,9.942833500061734053e-01,1.000000000000001110e+00
9.999999999999962252e-01,9.852357341204129870e-01,9.852847499389767449e-01,9.852895396310683562e-01,9.852899262813048509e-01,9.852899902651236497e-01,9.852900058473802458e-01,9.852900105323677549e-01,9.852900118373077998e-01,9.852900112790332621e-01,9.852900076596660117e-01,9.852899926971367961e-01,9.852899081111825552e-01,9.852889449832882285e-01,9.852752578319678989e-01,9.852357341204129870e-01,9.999999999999962252e-01,9.852504909300303648e-01,9.852985292910918513e-01,9.853032428365690043e-01,9.853036177266369933e-01,9.853036789064505419e-01,9.853036935359666959e-01,9.853036976279628822e-01,9.853036980031167902e-01,9.853036947410617197e-01,9.853036799301724269e-01,9.853035954131914576e-01,9.853026323066211845e-01,9.852889449832882285e-01,9.852847499389767449e-01,9.852504909300303648e-01,9.999999999999962252e-01,9.852515464797515499e-01,9.852995078639683602e-01,9.853042099675635157e-01,9.853045821364184720e-01,9.853046423862665826e-01,9.853046564303971078e-01,9.853046595955583520e-01,9.853046572682252480e-01,9.853046428152961722e-01,9.853045584503924426e-01,9.853035954131915686e-01,9.852899081111826662e-01,9.852895396310683562e-01,9.852985292910918513e-01,9.852515464797515499e-01,9.999999999999962252e-01,9.852516469913669139e-01,9.852995964725181910e-01,9.853042958539126595e-01,9.853046670948999441e-01,9.853047267600442138e-01,9.853047398775893750e-01,9.853047403403674132e-01,9.853047268222097088e-01,9.853046428152960612e-01,9.853036799301725379e-01,9.852899926971367961e-01,9.852899262813048509e-01,9.853032428365690043e-01,9.852995078639683602e-01,9.852516469913669139e-01,9.999999999999962252e-01,9.852516661643856422e-01,9.852996128071289661e-01,9.853043112583761420e-01,9.853046819146584756e-01,9.853047406532378094e-01,9.853047510684096455e-01,9.853047403403674132e-01,9.853046572682251369e-01,9.853036947410616087e-01,9.852900076596660117e-01,9.852899902651236497e-01,9.853036177266369933e-01,9.853042099675635157e-01,9.852995964725181910e-01,9.852516661643856422e-01,9.999999999999962252e-01,9.852516713420647054e-01,9.852996170214940452e-01,9.853043148873323887e-01,9.853046846170312456e-01,9.853047406532378094e-01,9.853047398775893750e-01,9.853046595955583520e-01,9.853036980031169012e-01,9.852900112790334841e-01,9.852900058473802458e-01,9.853036789064505419e-01,9.853045821364184720e-01,9.853042958539126595e-01,9.852996128071289661e-01,9.852516713420647054e-01,9.999999999999962252e-01,9.852516728641718124e-01,9.852996179482405026e-01,9.853043148873322776e-01,9.853046819146583646e-01,9.853047267600443249e-01,9.853046564303969967e-01,9.853036976279628822e-01,9.852900118373076888e-01,9.852900105323677549e-01,9.853036935359666959e-01,9.853046423862665826e-01,9.853046670948999441e-01,9.853043112583761420e-01,9.852996170214940452e-01,9.852516728641718124e-01,9.999999999999962252e-01,9.852516728641718124e-01,9.852996170214939342e-01,9.853043112583761420e-01,9.853046670948999441e-01,9.853046423862663605e-01,9.853036935359666959e-01,9.852900105323676438e-01,9.852900118373077998e-01,9.853036976279628822e-01,9.853046564303971078e-01,9.853047267600442138e-01,9.853046819146584756e-01,9.853043148873323887e-01,9.852996179482405026e-01,9.852516728641718124e-01,9.999999999999962252e-01,9.852516713420645944e-01,9.852996128071289661e-01,9.853042958539126595e-01,9.853045821364183610e-01,9.853036789064504308e-01,9.852900058473801348e-01,9.852900112790332621e-01,9.853036980031167902e-01,9.853046595955583520e-01,9.853047398775893750e-01,9.853047406532378094e-01,9.853046846170312456e-01,9.853043148873322776e-01,9.852996170214939342e-01,9.852516713420645944e-01,9.999999999999962252e-01,9.852516661643855311e-01,9.852995964725183020e-01,9.853042099675634047e-01,9.853036177266369933e-01,9.852899902651235386e-01,9.852900076596660117e-01,9.853036947410617197e-01,9.853046572682252480e-01,9.853047403403674132e-01,9.853047510684096455e-01,9.853047406532378094e-01,9.853046819146583646e-01,9.853043112583761420e-01,9.852996128071289661e-01,9.852516661643855311e-01,9.999999999999962252e-01,9.852516469913669139e-01,9.852995078639683602e-01,9.853032428365690043e-01,9.852899262813047399e-01,9.852899926971367961e-01,9.853036799301724269e-01,9.853046428152961722e-01,9.853047268222097088e-01,9.853047403403674132e-01,9.853047398775893750e-01,9.853047267600443249e-01,9.853046670948999441e-01,9.853042958539126595e-01,9.852995964725183020e-01,9.852516469913669139e-01,9.999999999999962252e-01,9.852515464797514388e-01,9.852985292910916293e-01,9.852895396310682452e-01,9.852899081111825552e-01,9.853035954131914576e-01,9.853045584503924426e-01,9.853046428152960612e-01,9.853046572682251369e-01,9.853046595955583520e-01,9.853046564303969967e-01,9.853046423862663605e-01,9.853045821364183610e-01,9.853042099675634047e-01,9.852995078639683602e-01,9.852515464797514388e-01,9.999999999999962252e-01,9.852504909300302538e-01,9.852847499389766339e-01,9.852889449832882285e-01,9.853026323066211845e-01,9.853035954131915686e-01,9.853036799301725379e-01,9.853036947410616087e-01,9.853036980031169012e-01,9.853036976279628822e-01,9.853036935359666959e-01,9.853036789064504308e-01,9.853036177266369933e-01,9.853032428365690043e-01,9.852985292910916293e-01,9.852504909300302538e-01,9.999999999999962252e-01,9.852357341204129870e-01,9.852752578319678989e-01,9.852889449832882285e-01,9.852899081111826662e-01,9.852899926971367961e-01,9.852900076596660117e-01,9.852900112790334841e-01,9.852900118373076888e-01,9.852900105323676438e-01,9.852900058473801348e-01,9.852899902651235386e-01,9.852899262813047399e-01,9.852895396310682452e-01,9.852847499389766339e-01,9.852357341204129870e-01,9.999999999999962252e-01
9.999999999999920064e-01,9.723971524771065633e-01,9.725640024440196374e-01,9.725876272484652585e-01,9.725895275956926156e-01,9.725898445627386701e-01,9.725899234578248009e-01,9.725899473263945882e-01,9.725899535672494212e-01,9.725899493136601626e-01,9.725899264522270826e-01,9.725898336754437157e-01,9.725893128826665901e-01,9.725834744563435219e-01,9.725190817324992354e-01,9.723971524771065633e-01,9.999999999999920064e-01,9.724683509253279068e-01,9.726290142995568377e-01,9.726521271770364185e-01,9.726539513136104320e-01,9.726542502242272459e-01,9.726543230130400008e-01,9.726543431246050808e-01,9.726543435467771559e-01,9.726543224809555133e-01,9.726542304634275826e-01,9.726537099902491379e-01,9.726478713525994468e-01,9.725834744563434109e-01,9.725640024440196374e-01,9.724683509253279068e-01,9.999999999999920064e-01,9.724747989797514203e-01,9.726349538305069098e-01,9.726579912480805001e-01,9.726597981106626101e-01,9.726600911589802223e-01,9.726601602760147625e-01,9.726601746027891959e-01,9.726601582279594815e-01,9.726600680142167832e-01,9.726595483070007431e-01,9.726537099902494710e-01,9.725893128826667011e-01,9.725876272484652585e-01,9.726290142995568377e-01,9.724747989797514203e-01,9.999999999999920064e-01,9.724754222431607475e-01,9.726355000561741626e-01,9.726585201305127937e-01,9.726603211766281509e-01,9.726606105685899895e-01,9.726606739064319607e-01,9.726606714385176433e-01,9.726605859168877544e-01,9.726600680142167832e-01,9.726542304634279157e-01,9.725898336754440487e-01,9.725895275956926156e-01,9.726521271770364185e-01,9.726349538305069098e-01,9.724754222431607475e-01,9.999999999999920064e-01,9.724755418109544136e-01,9.726356013116396193e-01,9.726586155070078288e-01,9.726604128964337903e-01,9.726606965097203128e-01,9.726607430531251097e-01,9.726606714385178654e-01,9.726601582279593705e-01,9.726543224809558463e-01,9.725899264522274157e-01,9.725898445627386701e-01,9.726539513136104320e-01,9.726579912480805001e-01,9.726355000561741626e-01,9.724755418109544136e-01,9.999999999999920064e-01,9.724755742516127954e-01,9.726356275614853608e-01,9.726586380806790944e-01,9.726604296908625269e-01,9.726606965097200908e-01,9.726606739064318496e-01,9.726601746027888629e-01,9.726543435467773779e-01,9.725899493136601626e-01,9.725899234578248009e-01,9.726542502242272459e-01,9.726597981106626101e-01,9.726585201305127937e-01,9.726356013116396193e-01,9.724755742516127954e-01,9.999999999999920064e-01,9.724755838090238802e-01,9.726356333452687020e-01,9.726586380806789833e-01,9.726604128964334572e-01,9.726606105685897674e-01,9.726601602760143184e-01,9.726543431246053029e-01,9.725899535672494212e-01,9.725899473263945882e-01,9.726543230130400008e-01,9.726600911589802223e-01,9.726603211766281509e-01,9.726586155070078288e-01,9.726356275614853608e-01,9.724755838090238802e-01,9.999999999999920064e-01,9.724755838090238802e-01,9.726356275614852498e-01,9.726586155070074957e-01,9.726603211766280399e-01,9.726600911589797782e-01,9.726543230130401119e-01,9.725899473263946993e-01,9.725899535672494212e-01,9.726543431246050808e-01,9.726601602760147625e-01,9.726606105685899895e-01,9.726604128964337903e-01,9.726586380806790944e-01,9.726356333452687020e-01,9.724755838090238802e-01,9.999999999999920064e-01,9.724755742516127954e-01,9.726356013116392862e-01,9.726585201305126827e-01,9.726597981106622770e-01,9.726542502242274679e-01,9.725899234578250230e-01,9.725899493136601626e-01,9.726543435467771559e-01,9.726601746027891959e-01,9.726606739064319607e-01,9.726606965097203128e-01,9.726604296908625269e-01,9.726586380806789833e-01,9.726356275614852498e-01,9.724755742516127954e-01,9.999999999999920064e-01,9.724755418109541916e-01,9.726355000561739406e-01,9.726579912480802781e-01,9.726539513136104320e-01,9.725898445627387812e-01,9.725899264522270826e-01,9.726543224809555133e-01,9.726601582279594815e-01,9.726606714385176433e-01,9.726607430531251097e-01,9.726606965097200908e-01,9.726604128964334572e-01,9.726586155070074957e-01,9.726356013116392862e-01,9.724755418109541916e-01,9.999999999999920064e-01,9.724754222431605255e-01,9.726349538305066877e-01,9.726521271770364185e-01,9.725895275956925046e-01,9.725898336754437157e-01,9.726542304634275826e-01,9.726600680142167832e-01,9.726605859168877544e-01,9.726606714385178654e-01,9.726606739064318496e-01,9.726606105685897674e-01,9.726603211766280399e-01,9.726585201305126827e-01,9.726355000561739406e-01,9.724754222431605255e-01,9.999999999999920064e-01,9.724747989797509762e-01,9.726290142995568377e-01,9.725876272484652585e-01,9.725893128826665901e-01,9.726537099902491379e-01,9.726595483070007431e-01,9.726600680142167832e-01,9.726601582279593705e-01,9.726601746027888629e-01,9.726601602760143184e-01,9.726600911589797782e-01,9.726597981106622770e-01,9.726579912480802781e-01,9.726349538305066877e-01,9.724747989797509762e-01,9.999999999999920064e-01,9.724683509253280178e-01,9.725640024440195264e-01,9.725834744563435219e-01,9.726478713525994468e-01,9.726537099902494710e-01,9.726542304634279157e-01,9.726543224809558463e-01,9.726543435467773779e-01,9.726543431246053029e-01,9.726543230130401119e-01,9.726542502242274679e-01,9.726539513136104320e-01,9.726521271770364185e-01,9.726290142995568377e-01,9.724683509253280178e-01,9.999999999999920064e-01,9.723971524771068964e-01,9.725190817324992354e-01,9.725834744563434109e-01,9.725893128826667011e-01,9.725898336754440487e-01,9.725899264522274157e-01,9.725899493136601626e-01,9.725899535672494212e-01,9.725899473263946993e-01,9.725899234578250230e-01,9.725898445627387812e-01,9.725895275956925046e-01,9.725876272484652585e-01,9.725640024440195264e-01,9.723971524771068964e-01,9.999999999999920064e-01
9.999999999999883427e-01,9.591341998266440516e-01,9.594959293612490558e-01,9.595602246763157428e-01,9.595652679804681506e-01,9.595661107381476818e-01,9.595663294201747240e-01,9.595663963610127078e-01,9.595664117172131302e-01,9.595663923928573480e-01,9.595663052691646433e-01,9.595659602583408443e-01,9.595640388131996268e-01,9.595426156347114377e-01,9.593376619276459127e-01,9.591341998266440516e-01,9.999999999999883427e-01,9.593652471878455490e-01,9.597034297117972290e-01,9.597656269366801052e-01,9.597703728115151156e-01,9.597711453965892536e-01,9.597713403672074595e-01,9.597713928840013731e-01,9.597713862435963694e-01,9.597713040143788232e-01,9.597709610318588824e-01,9.597690401512761760e-01,9.597476128788593464e-01,9.595426156347115487e-01,9.594959293612490558e-01,9.593652471878455490e-01,9.999999999999883427e-01,9.593890772876714212e-01,9.597252642673508305e-01,9.597871522263363708e-01,9.597918313356373909e-01,9.597925814852688031e-01,9.597927624981745787e-01,9.597927932088199388e-01,9.597927237521227672e-01,9.597923857166229533e-01,9.597904669165066016e-01,9.597690401512765090e-01,9.595640388132000709e-01,9.595602246763157428e-01,9.597034297117972290e-01,9.593890772876714212e-01,9.999999999999883427e-01,9.593913940533378426e-01,9.597272839785450094e-01,9.597891043068087491e-01,9.597937613324597494e-01,9.597944976496234348e-01,9.597946569019800700e-01,9.597946248153155224e-01,9.597942995619753725e-01,9.597923857166229533e-01,9.597709610318593265e-01,9.595659602583415104e-01,9.595652679804681506e-01,9.597656269366801052e-01,9.597252642673508305e-01,9.593913940533378426e-01,9.999999999999883427e-01,9.593918416862481369e-01,9.597276608072663473e-01,9.597894584903068349e-01,9.597941016793208879e-01,9.597948162404825734e-01,9.597949126976909051e-01,9.597946248153155224e-01,9.597927237521228783e-01,9.597713040143793783e-01,9.595663052691651984e-01,9.595661107381476818e-01,9.597703728115151156e-01,9.597871522263363708e-01,9.597272839785450094e-01,9.593918416862481369e-01,9.999999999999883427e-01,9.593919642060766417e-01,9.597277593754117708e-01,9.597895430465157585e-01,9.597941644743751555e-01,9.597948162404825734e-01,9.597946569019799590e-01,9.597927932088198277e-01,9.597713862435967025e-01,9.595663923928577921e-01,9.595663294201747240e-01,9.597711453965892536e-01,9.597918313356373909e-01,9.597891043068087491e-01,9.597276608072663473e-01,9.593919642060766417e-01,9.999999999999883427e-01,9.593920004557979775e-01,9.597277811774383993e-01,9.597895430465153144e-01,9.597941016793203328e-01,9.597944976496229907e-01,9.597927624981742456e-01,9.597713928840013731e-01,9.595664117172130192e-01,9.595663963610127078e-01,9.597713403672074595e-01,9.597925814852688031e-01,9.597937613324597494e-01,9.597894584903068349e-01,9.597277593754117708e-01,9.593920004557979775e-01,9.999999999999883427e-01,9.593920004557979775e-01,9.597277593754113267e-01,9.597894584903065018e-01,9.597937613324594164e-01,9.597925814852685811e-01,9.597713403672075705e-01,9.595663963610128189e-01,9.595664117172131302e-01,9.597713928840013731e-01,9.597927624981745787e-01,9.597944976496234348e-01,9.597941016793208879e-01,9.597895430465157585e-01,9.597277811774383993e-01,9.593920004557979775e-01,9.999999999999883427e-01,9.593919642060764197e-01,9.597276608072662363e-01,9.597891043068085271e-01,9.597918313356371689e-01,9.597711453965894757e-01,9.595663294201748350e-01,9.595663923928573480e-01,9.597713862435963694e-01,9.597927932088199388e-01,9.597946569019800700e-01,9.597948162404825734e-01,9.597941644743751555e-01,9.597895430465153144e-01,9.597277593754113267e-01,9.593919642060764197e-01,9.999999999999883427e-01,9.593918416862475818e-01,9.597272839785445653e-01,9.597871522263359267e-01,9.597703728115151156e-01,9.595661107381474597e-01,9.595663052691646433e-01,9.597713040143788232e-01,9.597927237521227672e-01,9.597946248153155224e-01,9.597949126976909051e-01,9.597948162404825734e-01,9.597941016793203328e-01,9.597894584903065018e-01,9.597276608072662363e-01,9.593918416862475818e-01,9.999999999999883427e-01,9.593913940533370655e-01,9.597252642673503864e-01,9.597656269366799942e-01,9.595652679804679286e-01,9.595659602583408443e-01,9.597709610318588824e-01,9.597923857166229533e-01,9.597942995619753725e-01,9.597946248153155224e-01,9.597946569019799590e-01,9.597944976496229907e-01,9.597937613324594164e-01,9.597891043068085271e-01,9.597272839785445653e-01,9.593913940533370655e-01,9.999999999999883427e-01,9.593890772876709772e-01,9.597034297117971180e-01,9.595602246763156318e-01,9.595640388131996268e-01,9.597690401512761760e-01,9.597904669165066016e-01,9.597923857166229533e-01,9.597927237521228783e-01,9.597927932088198277e-01,9.597927624981742456e-01,9.597925814852685811e-01,9.597918313356371689e-01,9.597871522263359267e-01,9.597252642673503864e-01,9.593890772876709772e-01,9.999999999999883427e-01,9.593652471878455490e-01,9.594959293612490558e-01,9.595426156347114377e-01,9.597476128788593464e-01,9.597690401512765090e-01,9.597709610318593265e-01,9.597713040143793783e-01,9.597713862435967025e-01,9.597713928840013731e-01,9.597713403672075705e-01,9.597711453965894757e-01,9.597703728115151156e-01,9.597656269366799942e-01,9.597034297117971180e-01,9.593652471878455490e-01,9.999999999999883427e-01,9.591341998266443847e-01,9.593376619276459127e-01,9.595426156347115487e-01,9.595640388132000709e-01,9.595659602583415104e-01,9.595663052691651984e-01,9.595663923928577921e-01,9.595664117172130192e-01,9.595663963610128189e-01,9.595663294201748350e-01,9.595661107381474597e-01,9.595652679804679286e-01,9.595602246763156318e-01,9.594959293612490558e-01,9.591341998266443847e-01,9.999999999999883427e-01
