1.000000000000000000e+00,1.000000000000000000e+00,1.000000000000000000e+00,1.000000000000000000e+00,1.000000000000000000e+00,1.000000000000000000e+00,1.000000000000000000e+00,1.000000000000000000e+00,1.000000000000000000e+00,1.000000000000000000e+00,1.000000000000000000e+00,1.000000000000000000e+00,1.000000000000000000e+00,1.000000000000000000e+00,1.000000000000000000e+00,1.000000000000000000e+00,1.000000000000000000e+00,1.000000000000000000e+00,1.000000000000000000e+00,1.000000000000000000e+00,1.000000000000000000e+00,1.000000000000000000e+00,1.000000000000000000e+00,1.000000000000000000e+00,1.000000000000000000e+00,1.000000000000000000e+00,1.000000000000000000e+00,1.000000000000000000e+00,1.000000000000000000e+00,1.000000000000000000e+00,1.000000000000000000e+00,1.000000000000000000e+00,1.000000000000000000e+00,1.000000000000000000e+00,1.000000000000000000e+00,1.000000000000000000e+00,1.000000000000000000e+00,1.000000000000000000e+00,1.000000000000000000e+00,1.000000000000000000e+00,1.000000000000000000e+00,1.000000000000000000e+00,1.000000000000000000e+00,1.000000000000000000e+00,1.000000000000000000e+00,1.000000000000000000e+00,1.000000000000000000e+00,1.000000000000000000e+00,1.000000000000000000e+00,1.000000000000000000e+00,1.000000000000000000e+00,1.000000000000000000e+00,1.000000000000000000e+00,1.000000000000000000e+00,1.000000000000000000e+00,1.000000000000000000e+00,1.000000000000000000e+00,1.000000000000000000e+00,1.000000000000000000e+00,1.000000000000000000e+00,1.000000000000000000e+00,1.000000000000000000e+00,1.000000000000000000e+00,1.000000000000000000e+00,1.000000000000000000e+00,1.000000000000000000e+00,1.000000000000000000e+00,1.000000000000000000e+00,1.000000000000000000e+00,1.000000000000000000e+00,1.000000000000000000e+00,1.000000000000000000e+00,1.000000000000000000e+00,1.000000000000000000e+00,1.000000000000000000e+00,1.000000000000000000e+00,1.000000000000000000e+00,1.000000000000000000e+00,1.000000000000000000e+00,1.000000000000000000e+00,1.000000000000000000e+00,1.000000000000000000e+00,1.000000000000000000e+00,1.000000000000000000e+00,1.000000000000000000e+00,1.000000000000000000e+00,1.000000000000000000e+00,1.000000000000000000e+00,1.000000000000000000e+00,1.000000000000000000e+00,1.000000000000000000e+00,1.000000000000000000e+00,1.000000000000000000e+00,1.000000000000000000e+00,1.000000000000000000e+00,1.000000000000000000e+00,1.000000000000000000e+00,1.000000000000000000e+00,1.000000000000000000e+00,1.000000000000000000e+00,1.000000000000000000e+00,1.000000000000000000e+00,1.000000000000000000e+00,1.000000000000000000e+00,1.000000000000000000e+00,1.000000000000000000e+00,1.000000000000000000e+00,1.000000000000000000e+00,1.000000000000000000e+00,1.000000000000000000e+00,1.000000000000000000e+00,1.000000000000000000e+00,1.000000000000000000e+00,1.000000000000000000e+00,1.000000000000000000e+00,1.000000000000000000e+00,1.000000000000000000e+00,1.000000000000000000e+00,1.000000000000000000e+00,1.000000000000000000e+00,1.000000000000000000e+00,1.000000000000000000e+00,1.000000000000000000e+00,1.000000000000000000e+00,1.000000000000000000e+00,1.000000000000000000e+00,1.000000000000000000e+00,1.000000000000000000e+00,1.000000000000000000e+00,1.000000000000000000e+00,1.000000000000000000e+00,1.000000000000000000e+00,1.000000000000000000e+00,1.000000000000000000e+00,1.000000000000000000e+00,1.000000000000000000e+00,1.000000000000000000e+00,1.000000000000000000e+00,1.000000000000000000e+00,1.000000000000000000e+00,1.000000000000000000e+00,1.000000000000000000e+00,1.000000000000000000e+00,1.000000000000000000e+00,1.000000000000000000e+00,1.000000000000000000e+00,1.000000000000000000e+00,1.000000000000000000e+00,1.000000000000000000e+00,1.000000000000000000e+00,1.000000000000000000e+00,1.000000000000000000e+00,1.000000000000000000e+00,1.000000000000000000e+00,1.000000000000000000e+00,1.000000000000000000e+00,1.000000000000000000e+00,1.000000000000000000e+00,1.000000000000000000e+00,1.000000000000000000e+00,1.000000000000000000e+00,1.000000000000000000e+00,1.000000000000000000e+00,1.000000000000000000e+00,1.000000000000000000e+00,1.000000000000000000e+00,1.000000000000000000e+00,1.000000000000000000e+00,1.000000000000000000e+00,1.000000000000000000e+00,1.000000000000000000e+00,1.000000000000000000e+00,1.000000000000000000e+00,1.000000000000000000e+00,1.000000000000000000e+00,1.000000000000000000e+00,1.000000000000000000e+00,1.000000000000000000e+00,1.000000000000000000e+00,1.000000000000000000e+00,1.000000000000000000e+00,1.000000000000000000e+00,1.000000000000000000e+00,1.000000000000000000e+00,1.000000000000000000e+00,1.000000000000000000e+00,1.000000000000000000e+00,1.000000000000000000e+00,1.000000000000000000e+00,1.000000000000000000e+00,1.000000000000000000e+00,1.000000000000000000e+00,1.000000000000000000e+00,1.000000000000000000e+00,1.000000000000000000e+00,1.000000000000000000e+00,1.000000000000000000e+00,1.000000000000000000e+00,1.000000000000000000e+00,1.000000000000000000e+00,1.000000000000000000e+00,1.000000000000000000e+00,1.000000000000000000e+00,1.000000000000000000e+00,1.000000000000000000e+00,1.000000000000000000e+00,1.000000000000000000e+00,1.000000000000000000e+00,1.000000000000000000e+00,1.000000000000000000e+00,1.000000000000000000e+00,1.000000000000000000e+00,1.000000000000000000e+00,1.000000000000000000e+00,1.000000000000000000e+00,1.000000000000000000e+00,1.000000000000000000e+00,1.000000000000000000e+00,1.000000000000000000e+00,1.000000000000000000e+00,1.000000000000000000e+00,1.000000000000000000e+00,1.000000000000000000e+00,1.000000000000000000e+00,1.000000000000000000e+00,1.000000000000000000e+00,1.000000000000000000e+00,1.000000000000000000e+00,1.000000000000000000e+00,1.000000000000000000e+00,1.000000000000000000e+00,1.000000000000000000e+00,1.000000000000000000e+00,1.000000000000000000e+00,1.000000000000000000e+00,1.000000000000000000e+00,1.000000000000000000e+00,1.000000000000000000e+00,1.000000000000000000e+00,1.000000000000000000e+00,1.000000000000000000e+00,1.000000000000000000e+00,1.000000000000000000e+00,1.000000000000000000e+00,1.000000000000000000e+00,1.000000000000000000e+00,1.000000000000000000e+00,1.000000000000000000e+00,1.000000000000000000e+00,1.000000000000000000e+00,1.000000000000000000e+00,1.000000000000000000e+00,1.000000000000000000e+00,1.000000000000000000e+00,1.000000000000000000e+00,1.000000000000000000e+00,1.000000000000000000e+00,1.000000000000000000e+00,1.000000000000000000e+00,1.000000000000000000e+00,1.000000000000000000e+00,1.000000000000000000e+00,1.000000000000000000e+00,1.000000000000000000e+00,1.000000000000000000e+00,1.000000000000000000e+00,1.000000000000000000e+00,1.000000000000000000e+00,1.000000000000000000e+00,1.000000000000000000e+00,1.000000000000000000e+00,1.000000000000000000e+00,1.000000000000000000e+00,1.000000000000000000e+00,1.000000000000000000e+00,1.000000000000000000e+00,1.000000000000000000e+00,1.000000000000000000e+00,1.000000000000000000e+00,1.000000000000000000e+00,1.000000000000000000e+00,1.000000000000000000e+00,1.000000000000000000e+00,1.000000000000000000e+00,1.000000000000000000e+00,1.000000000000000000e+00,1.000000000000000000e+00,1.000000000000000000e+00,1.000000000000000000e+00,1.000000000000000000e+00,1.000000000000000000e+00,1.000000000000000000e+00,1.000000000000000000e+00,1.000000000000000000e+00,1.000000000000000000e+00,1.000000000000000000e+00,1.000000000000000000e+00,1.000000000000000000e+00,1.000000000000000000e+00,1.000000000000000000e+00,1.000000000000000000e+00,1.000000000000000000e+00,1.000000000000000000e+00,1.000000000000000000e+00,1.000000000000000000e+00,1.000000000000000000e+00,1.000000000000000000e+00,1.000000000000000000e+00,1.000000000000000000e+00,1.000000000000000000e+00,1.000000000000000000e+00,1.000000000000000000e+00,1.000000000000000000e+00,1.000000000000000000e+00,1.000000000000000000e+00,1.000000000000000000e+00,1.000000000000000000e+00,1.000000000000000000e+00,1.000000000000000000e+00,1.000000000000000000e+00,1.000000000000000000e+00,1.000000000000000000e+00,1.000000000000000000e+00,1.000000000000000000e+00,1.000000000000000000e+00,1.000000000000000000e+00,1.000000000000000000e+00,1.000000000000000000e+00,1.000000000000000000e+00,1.000000000000000000e+00,1.000000000000000000e+00,1.000000000000000000e+00,1.000000000000000000e+00,1.000000000000000000e+00,1.000000000000000000e+00,1.000000000000000000e+00,1.000000000000000000e+00,1.000000000000000000e+00,1.000000000000000000e+00,1.000000000000000000e+00,1.000000000000000000e+00,1.000000000000000000e+00,1.000000000000000000e+00,1.000000000000000000e+00,1.000000000000000000e+00,1.000000000000000000e+00,1.000000000000000000e+00,1.000000000000000000e+00,1.000000000000000000e+00,1.000000000000000000e+00,1.000000000000000000e+00,1.000000000000000000e+00,1.000000000000000000e+00,1.000000000000000000e+00,1.000000000000000000e+00,1.000000000000000000e+00,1.000000000000000000e+00,1.000000000000000000e+00,1.000000000000000000e+00,1.000000000000000000e+00,1.000000000000000000e+00
1.000000000000002220e+00,9.798256673422840457e-01,9.799113617619263916e-01,9.799240947303349270e-01,9.799253557587314090e-01,9.799256410204968404e-01,9.799257268571387458e-01,9.799257575710339507e-01,9.799257695603197371e-01,9.799257736327776636e-01,9.799257728723005378e-01,9.799257667394118965e-01,9.799257503915327350e-01,9.799257077876752930e-01,9.799255817425551740e-01,9.799251183630534046e-01,9.799227155391705413e-01,9.798974114277374525e-01,9.792060859474500667e-01,9.798256673422840457e-01,1.000000000000002220e+00,9.805483881989834893e-01,9.806061812516635445e-01,9.806164461942679100e-01,9.806173278224422640e-01,9.806175210987931878e-01,9.806175784397442863e-01,9.806175983987435174e-01,9.806176052372016505e-01,9.806176055545293702e-01,9.806175998798654092e-01,9.806175837348540814e-01,9.806175412069372266e-01,9.806174151281922269e-01,9.806169514518331409e-01,9.806145469487935751e-01,9.805892249826418938e-01,9.798974114277374525e-01,9.799113617619263916e-01,9.805483881989834893e-01,1.000000000000002220e+00,9.805763252524614115e-01,9.806319920563960624e-01,9.806418973565420583e-01,9.806426938220069722e-01,9.806428606105408452e-01,9.806429078856491177e-01,9.806429229642367185e-01,9.806429261663139885e-01,9.806429216276675298e-01,9.806429059742880483e-01,9.806428636756341355e-01,9.806427377087151287e-01,9.806422740811150396e-01,9.806398695495670559e-01,9.806145469487934641e-01,9.799227155391705413e-01,9.799240947303349270e-01,9.806061812516635445e-01,9.805763252524614115e-01,1.000000000000002220e+00,9.805792154225086987e-01,9.806345251556413123e-01,9.806443449717289207e-01,9.806451151295950686e-01,9.806452719116842687e-01,9.806453143276894213e-01,9.806453257784950583e-01,9.806453241284722733e-01,9.806453096130945957e-01,9.806452678073529494e-01,9.806451420710134981e-01,9.806446785576580227e-01,9.806422740811145955e-01,9.806169514518325858e-01,9.799251183630527384e-01,9.799253557587314090e-01,9.806164461942679100e-01,9.806319920563960624e-01,9.805792154225086987e-01,1.000000000000002220e+00,9.805798099240796706e-01,9.806350321478880527e-01,9.806448254242692286e-01,9.806455855771131214e-01,9.806457375025208201e-01,9.806457762918713295e-01,9.806457828910898344e-01,9.806457712645860747e-01,9.806457305969876748e-01,9.806456053536687367e-01,9.806451420710136091e-01,9.806427377087149067e-01,9.806174151281917828e-01,9.799255817425547299e-01,9.799256410204968404e-01,9.806173278224422640e-01,9.806418973565420583e-01,9.806345251556413123e-01,9.805798099240796706e-01,1.000000000000002220e+00,9.805799802360942730e-01,9.806351751335248279e-01,9.806449583274321480e-01,9.806457136214530301e-01,9.806458619201938731e-01,9.806458958580455132e-01,9.806458924808394428e-01,9.806458547021463801e-01,9.806457305969877858e-01,9.806452678073530604e-01,9.806428636756339134e-01,9.806175412069366715e-01,9.799257077876746269e-01,9.799257268571387458e-01,9.806175210987931878e-01,9.806426938220069722e-01,9.806443449717289207e-01,9.806350321478880527e-01,9.805799802360942730e-01,1.000000000000002220e+00,9.805800401222580787e-01,9.806352246287702856e-01,9.806450029353837028e-01,9.806457546016544846e-01,9.806458980488008681e-01,9.806459220102288210e-01,9.806458924808396649e-01,9.806457712645861857e-01,9.806453096130948177e-01,9.806429059742880483e-01,9.806175837348540814e-01,9.799257503915324019e-01,9.799257575710339507e-01,9.806175784397442863e-01,9.806428606105408452e-01,9.806451151295950686e-01,9.806448254242692286e-01,9.806351751335248279e-01,9.805800401222580787e-01,1.000000000000002220e+00,9.805800636040529206e-01,9.806352430959002220e-01,9.806450177638509347e-01,9.806457645781107013e-01,9.806458980488007571e-01,9.806458958580455132e-01,9.806457828910898344e-01,9.806453241284722733e-01,9.806429216276674188e-01,9.806175998798652982e-01,9.799257667394115634e-01,9.799257695603197371e-01,9.806175983987435174e-01,9.806429078856491177e-01,9.806452719116842687e-01,9.806455855771131214e-01,9.806449583274321480e-01,9.806352246287702856e-01,9.805800636040529206e-01,1.000000000000002220e+00,9.805800721451346513e-01,9.806352479508118059e-01,9.806450177638508237e-01,9.806457546016543736e-01,9.806458619201937621e-01,9.806457762918714405e-01,9.806453257784951694e-01,9.806429261663136554e-01,9.806176055545293702e-01,9.799257728722999827e-01,9.799257736327776636e-01,9.806176052372016505e-01,9.806429229642367185e-01,9.806453143276894213e-01,9.806457375025208201e-01,9.806457136214530301e-01,9.806450029353837028e-01,9.806352430959002220e-01,9.805800721451346513e-01,1.000000000000002220e+00,9.805800721451348734e-01,9.806352430959003330e-01,9.806450029353838138e-01,9.806457136214531412e-01,9.806457375025210421e-01,9.806453143276897544e-01,9.806429229642366074e-01,9.806176052372018725e-01,9.799257736327774415e-01,9.799257728723005378e-01,9.806176055545293702e-01,9.806429261663139885e-01,9.806453257784950583e-01,9.806457762918713295e-01,9.806458619201938731e-01,9.806457546016544846e-01,9.806450177638509347e-01,9.806352479508118059e-01,9.805800721451348734e-01,1.000000000000002220e+00,9.805800636040532536e-01,9.806352246287705077e-01,9.806449583274324810e-01,9.806455855771135655e-01,9.806452719116847128e-01,9.806429078856493398e-01,9.806175983987438505e-01,9.799257695603197371e-01,9.799257667394118965e-01,9.806175998798654092e-01,9.806429216276675298e-01,9.806453241284722733e-01,9.806457828910898344e-01,9.806458958580455132e-01,9.806458980488008681e-01,9.806457645781107013e-01,9.806450177638508237e-01,9.806352430959003330e-01,9.805800636040532536e-01,1.000000000000002220e+00,9.805800401222581897e-01,9.806351751335249389e-01,9.806448254242694507e-01,9.806451151295955126e-01,9.806428606105409562e-01,9.806175784397443973e-01,9.799257575710339507e-01,9.799257503915327350e-01,9.806175837348540814e-01,9.806429059742880483e-01,9.806453096130945957e-01,9.806457712645860747e-01,9.806458924808394428e-01,9.806459220102288210e-01,9.806458980488007571e-01,9.806457546016543736e-01,9.806450029353838138e-01,9.806352246287705077e-01,9.805800401222581897e-01,1.000000000000002220e+00,9.805799802360943840e-01,9.806350321478882748e-01,9.806443449717291427e-01,9.806426938220069722e-01,9.806175210987931878e-01,9.799257268571386348e-01,9.799257077876752930e-01,9.806175412069372266e-01,9.806428636756341355e-01,9.806452678073529494e-01,9.806457305969876748e-01,9.806458547021463801e-01,9.806458924808396649e-01,9.806458958580455132e-01,9.806458619201937621e-01,9.806457136214531412e-01,9.806449583274324810e-01,9.806351751335249389e-01,9.805799802360943840e-01,1.000000000000002220e+00,9.805798099240801147e-01,9.806345251556416454e-01,9.806418973565421693e-01,9.806173278224423751e-01,9.799256410204970624e-01,9.799255817425551740e-01,9.806174151281922269e-01,9.806427377087151287e-01,9.806451420710134981e-01,9.806456053536687367e-01,9.806457305969877858e-01,9.806457712645861857e-01,9.806457828910898344e-01,9.806457762918714405e-01,9.806457375025210421e-01,9.806455855771135655e-01,9.806448254242694507e-01,9.806350321478882748e-01,9.805798099240801147e-01,1.000000000000002220e+00,9.805792154225094759e-01,9.806319920563963954e-01,9.806164461942683541e-01,9.799253557587315200e-01,9.799251183630534046e-01,9.806169514518331409e-01,9.806422740811150396e-01,9.806446785576580227e-01,9.806451420710136091e-01,9.806452678073530604e-01,9.806453096130948177e-01,9.806453241284722733e-01,9.806453257784951694e-01,9.806453143276897544e-01,9.806452719116847128e-01,9.806451151295955126e-01,9.806443449717291427e-01,9.806345251556416454e-01,9.805792154225094759e-01,1.000000000000002220e+00,9.805763252524617446e-01,9.806061812516637666e-01,9.799240947303352600e-01,9.799227155391705413e-01,9.806145469487935751e-01,9.806398695495670559e-01,9.806422740811145955e-01,9.806427377087149067e-01,9.806428636756339134e-01,9.806429059742880483e-01,9.806429216276674188e-01,9.806429261663136554e-01,9.806429229642366074e-01,9.806429078856493398e-01,9.806428606105409562e-01,9.806426938220069722e-01,9.806418973565421693e-01,9.806319920563963954e-01,9.805763252524617446e-01,1.000000000000002220e+00,9.805483881989832673e-01,9.799113617619261696e-01,9.798974114277374525e-01,9.805892249826418938e-01,9.806145469487934641e-01,9.806169514518325858e-01,9.806174151281917828e-01,9.806175412069366715e-01,9.806175837348540814e-01,9.806175998798652982e-01,9.806176055545293702e-01,9.806176052372018725e-01,9.806175983987438505e-01,9.806175784397443973e-01,9.806175210987931878e-01,9.806173278224423751e-01,9.806164461942683541e-01,9.806061812516637666e-01,9.805483881989832673e-01,1.000000000000002220e+00,9.798256673422837126e-01,9.792060859474500667e-01,9.798974114277374525e-01,9.799227155391705413e-01,9.799251183630527384e-01,9.799255817425547299e-01,9.799257077876746269e-01,9.799257503915324019e-01,9.799257667394115634e-01,9.799257728722999827e-01,9.799257736327774415e-01,9.799257695603197371e-01,9.799257575710339507e-01,9.799257268571386348e-01,9.799256410204970624e-01,9.799253557587315200e-01,9.799240947303352600e-01,9.799113617619261696e-01,9.798256673422837126e-01,1.000000000000002220e+00
1.000000000000000000e+00,7.770791380759993761e-01,7.886782128176632600e-01,7.885466207818265794e-01,7.885546160319220066e-01,7.885561371866177671e-01,7.885565145931956454e-01,7.885566311973370990e-01,7.885566738703478906e-01,7.885566918994622032e-01,7.885567008693415980e-01,7.885567065782517204e-01,7.885567114536490285e-01,7.885567147501746366e-01,7.885566972125029883e-01,7.885564642263838131e-01,7.885532565485452450e-01,7.884935636660268532e-01,7.880374034844760400e-01,7.770791380759993761e-01,1.000000000000000000e+00,7.776393831005117274e-01,7.891341362386337099e-01,7.890032381604276113e-01,7.890110810161909960e-01,7.890125942256634994e-01,7.890129727865019538e-01,7.890130907726180531e-01,7.890131344481596809e-01,7.890131533422384269e-01,7.890131632990829980e-01,7.890131701475939785e-01,7.890131744239821110e-01,7.890131573896056461e-01,7.890129245513813894e-01,7.890097151790352870e-01,7.889499878395610510e-01,7.884935636660274083e-01,7.886782128176632600e-01,7.776393831005117274e-01,1.000000000000000000e+00,7.777096478240903554e-01,7.891938434861416329e-01,7.890629842511345249e-01,7.890708099094465577e-01,7.890723236022448850e-01,7.890727035811816448e-01,7.890728226652987676e-01,7.890728672748305028e-01,7.890728871988256232e-01,7.890728983209518432e-01,7.890729045852864498e-01,7.890728885383541114e-01,7.890726562028151925e-01,7.890694468747627699e-01,7.890097151790349539e-01,7.885532565485455780e-01,7.885466207818265794e-01,7.891341362386337099e-01,7.777096478240903554e-01,1.000000000000000000e+00,7.777135051356112161e-01,7.891970526781715289e-01,7.890661914192819149e-01,7.890740171437905515e-01,7.890755321492011198e-01,7.890759131821075689e-01,7.890760331814599127e-01,7.890760788122657132e-01,7.890760998972015106e-01,7.890761104327392861e-01,7.890760963722984744e-01,7.890758650239360072e-01,7.890726562028163027e-01,7.890129245513820555e-01,7.885564642263849233e-01,7.885546160319220066e-01,7.890032381604276113e-01,7.891938434861416329e-01,7.777135051356112161e-01,1.000000000000000000e+00,7.777137860966840677e-01,7.891972817298250620e-01,7.890664221823200375e-01,7.890742492195352842e-01,7.890757652726410054e-01,7.890761472166025747e-01,7.890762682352056023e-01,7.890763150259658687e-01,7.890763355238066268e-01,7.890763257342948700e-01,7.890760963722982524e-01,7.890728885383549995e-01,7.890131573896062012e-01,7.885566972125038765e-01,7.885561371866177671e-01,7.890110810161909960e-01,7.890629842511345249e-01,7.891970526781715289e-01,7.777137860966840677e-01,1.000000000000000000e+00,7.777138038379464158e-01,7.891972968870495375e-01,7.890664389397495926e-01,7.890742670405980208e-01,7.890757840060905748e-01,7.890761669691286340e-01,7.890762891475032736e-01,7.890763353510645839e-01,7.890763355238065158e-01,7.890761104327389530e-01,7.890729045852873380e-01,7.890131744239825551e-01,7.885567147501754137e-01,7.885565145931956454e-01,7.890125942256634994e-01,7.890708099094465577e-01,7.890661914192819149e-01,7.891972817298250620e-01,7.777138038379464158e-01,1.000000000000000000e+00,7.777137984441452323e-01,7.891972932483197756e-01,7.890664364266960495e-01,7.890742654480483731e-01,7.890757834334759524e-01,7.890761675563431332e-01,7.890762891475029406e-01,7.890763150259656467e-01,7.890760998972006224e-01,7.890728983209521763e-01,7.890131701475940895e-01,7.885567114536493616e-01,7.885566311973370990e-01,7.890129727865019538e-01,7.890723236022448850e-01,7.890740171437905515e-01,7.890664221823200375e-01,7.891972968870495375e-01,7.777137984441452323e-01,1.000000000000000000e+00,7.777137937912652621e-01,7.891972901300774446e-01,7.890664342435015355e-01,7.890742642879653435e-01,7.890757834334762855e-01,7.890761669691286340e-01,7.890762682352054913e-01,7.890760788122652691e-01,7.890728871988262894e-01,7.890131632990834420e-01,7.885567065782524976e-01,7.885566738703478906e-01,7.890130907726180531e-01,7.890727035811816448e-01,7.890755321492011198e-01,7.890742492195352842e-01,7.890664389397495926e-01,7.891972932483197756e-01,7.777137937912652621e-01,1.000000000000000000e+00,7.777137916167906617e-01,7.891972891042438043e-01,7.890664342435014245e-01,7.890742654480487062e-01,7.890757840060906858e-01,7.890761472166025747e-01,7.890760331814594686e-01,7.890728672748311689e-01,7.890131533422387600e-01,7.885567008693423752e-01,7.885566918994622032e-01,7.890131344481596809e-01,7.890728226652987676e-01,7.890759131821075689e-01,7.890757652726410054e-01,7.890742670405980208e-01,7.890664364266960495e-01,7.891972901300774446e-01,7.777137916167906617e-01,1.000000000000000000e+00,7.777137916167903287e-01,7.891972901300772225e-01,7.890664364266961606e-01,7.890742670405979098e-01,7.890757652726408944e-01,7.890759131821069028e-01,7.890728226652992117e-01,7.890131344481597919e-01,7.885566918994627583e-01,7.885567008693415980e-01,7.890131533422384269e-01,7.890728672748305028e-01,7.890760331814599127e-01,7.890761472166025747e-01,7.890757840060905748e-01,7.890742654480483731e-01,7.890664342435015355e-01,7.891972891042438043e-01,7.777137916167903287e-01,1.000000000000000000e+00,7.777137937912648180e-01,7.891972932483196645e-01,7.890664389397491485e-01,7.890742492195348401e-01,7.890755321492001206e-01,7.890727035811818668e-01,7.890130907726178311e-01,7.885566738703482237e-01,7.885567065782517204e-01,7.890131632990829980e-01,7.890728871988256232e-01,7.890760788122657132e-01,7.890762682352056023e-01,7.890761669691286340e-01,7.890757834334759524e-01,7.890742642879653435e-01,7.890664342435014245e-01,7.891972901300772225e-01,7.777137937912648180e-01,1.000000000000000000e+00,7.777137984441451213e-01,7.891972968870489824e-01,7.890664221823193714e-01,7.890740171437897743e-01,7.890723236022451070e-01,7.890129727865018427e-01,7.885566311973374320e-01,7.885567114536490285e-01,7.890131701475939785e-01,7.890728983209518432e-01,7.890760998972015106e-01,7.890763150259658687e-01,7.890762891475032736e-01,7.890761675563431332e-01,7.890757834334762855e-01,7.890742654480487062e-01,7.890664364266961606e-01,7.891972932483196645e-01,7.777137984441451213e-01,1.000000000000000000e+00,7.777138038379461937e-01,7.891972817298245069e-01,7.890661914192813597e-01,7.890708099094472239e-01,7.890125942256636105e-01,7.885565145931963116e-01,7.885567147501746366e-01,7.890131744239821110e-01,7.890729045852864498e-01,7.890761104327392861e-01,7.890763355238066268e-01,7.890763353510645839e-01,7.890762891475029406e-01,7.890761669691286340e-01,7.890757840060906858e-01,7.890742670405979098e-01,7.890664389397491485e-01,7.891972968870489824e-01,7.777138038379461937e-01,1.000000000000000000e+00,7.777137860966830685e-01,7.891970526781704187e-01,7.890629842511345249e-01,7.890110810161907740e-01,7.885561371866181002e-01,7.885566972125029883e-01,7.890131573896056461e-01,7.890728885383541114e-01,7.890760963722984744e-01,7.890763257342948700e-01,7.890763355238065158e-01,7.890763150259656467e-01,7.890762682352054913e-01,7.890761472166025747e-01,7.890757652726408944e-01,7.890742492195348401e-01,7.890664221823193714e-01,7.891972817298245069e-01,7.777137860966830685e-01,1.000000000000000000e+00,7.777135051356101059e-01,7.891938434861415219e-01,7.890032381604271672e-01,7.885546160319221176e-01,7.885564642263838131e-01,7.890129245513813894e-01,7.890726562028151925e-01,7.890758650239360072e-01,7.890760963722982524e-01,7.890761104327389530e-01,7.890760998972006224e-01,7.890760788122652691e-01,7.890760331814594686e-01,7.890759131821069028e-01,7.890755321492001206e-01,7.890740171437897743e-01,7.890661914192813597e-01,7.891970526781704187e-01,7.777135051356101059e-01,1.000000000000000000e+00,7.777096478240901334e-01,7.891341362386330438e-01,7.885466207818265794e-01,7.885532565485452450e-01,7.890097151790352870e-01,7.890694468747627699e-01,7.890726562028163027e-01,7.890728885383549995e-01,7.890729045852873380e-01,7.890728983209521763e-01,7.890728871988262894e-01,7.890728672748311689e-01,7.890728226652992117e-01,7.890727035811818668e-01,7.890723236022451070e-01,7.890708099094472239e-01,7.890629842511345249e-01,7.891938434861415219e-01,7.777096478240901334e-01,1.000000000000000000e+00,7.776393831005121715e-01,7.886782128176641482e-01,7.884935636660268532e-01,7.889499878395610510e-01,7.890097151790349539e-01,7.890129245513820555e-01,7.890131573896062012e-01,7.890131744239825551e-01,7.890131701475940895e-01,7.890131632990834420e-01,7.890131533422387600e-01,7.890131344481597919e-01,7.890130907726178311e-01,7.890129727865018427e-01,7.890125942256636105e-01,7.890110810161907740e-01,7.890032381604271672e-01,7.891341362386330438e-01,7.776393831005121715e-01,1.000000000000000000e+00,7.770791380759999312e-01,7.880374034844760400e-01,7.884935636660274083e-01,7.885532565485455780e-01,7.885564642263849233e-01,7.885566972125038765e-01,7.885567147501754137e-01,7.885567114536493616e-01,7.885567065782524976e-01,7.885567008693423752e-01,7.885566918994627583e-01,7.885566738703482237e-01,7.885566311973374320e-01,7.885565145931963116e-01,7.885561371866181002e-01,7.885546160319221176e-01,7.885466207818265794e-01,7.886782128176641482e-01,7.770791380759999312e-01,1.000000000000000000e+00
1.000000000000003109e+00,6.491755303538745414e-01,6.797292980506894899e-01,6.775765478209156978e-01,6.777328114963840910e-01,6.777480519143809223e-01,6.777527720325462468e-01,6.777545501486057500e-01,6.777552736982459525e-01,6.777555567377754331e-01,6.777555987696489703e-01,6.777554206111199298e-01,6.777548792927210464e-01,6.777534737285927369e-01,6.777495282743059013e-01,6.777366287178913096e-01,6.776845225455171429e-01,6.771829860622080588e-01,6.532617319204672146e-01,6.491755303538745414e-01,1.000000000000003109e+00,6.790274131778750721e-01,7.043142187551481026e-01,7.024347630465805903e-01,7.025574628192046145e-01,7.025685448216492102e-01,7.025718825220819141e-01,7.025731268409950436e-01,7.025736000055182728e-01,7.025737152058053603e-01,7.025735612972225930e-01,7.025730142324437821e-01,7.025715639843270743e-01,7.025674774731835992e-01,7.025541073458450025e-01,7.025000941036273483e-01,7.019801928044586692e-01,6.771829860622083919e-01,6.797292980506894899e-01,6.790274131778750721e-01,1.000000000000003109e+00,6.797151813878803406e-01,7.048431081648017793e-01,7.029593806433687142e-01,7.030793066518927770e-01,7.030894849651534440e-01,7.030924681920251995e-01,7.030935368654176454e-01,7.030938777470976397e-01,7.030938178208739897e-01,7.030933128564732515e-01,7.030918820721461238e-01,7.030878030452475391e-01,7.030744286680397082e-01,7.030203785941351313e-01,7.025000941036253499e-01,6.776845225455154775e-01,6.775765478209156978e-01,7.043142187551481026e-01,6.797151813878803406e-01,1.000000000000003109e+00,6.797951542498945621e-01,7.049005944238869725e-01,7.030149667539149494e-01,7.031339694249845174e-01,7.031437923546274282e-01,7.031465991036934815e-01,7.031475349971165745e-01,7.031477005119726176e-01,7.031472894999988288e-01,7.031459010417380195e-01,7.031418421935405894e-01,7.031284772684207596e-01,7.030744286680390420e-01,7.025541073458423380e-01,6.777366287178887561e-01,6.777328114963840910e-01,7.024347630465805903e-01,7.048431081648017793e-01,6.797951542498945621e-01,1.000000000000003109e+00,6.798158273143950492e-01,7.049152554645385926e-01,7.030289613031883711e-01,7.031476015182547279e-01,7.031572485093733338e-01,7.031599226951668058e-01,7.031606833233401410e-01,7.031604978088502600e-01,7.031592033457054747e-01,7.031551868723877607e-01,7.031418421935393681e-01,7.030878030452454297e-01,7.025674774731794914e-01,6.777495282743023486e-01,6.777480519143809223e-01,7.025574628192046145e-01,7.029593806433687142e-01,7.049005944238869725e-01,6.798158273143950492e-01,1.000000000000003109e+00,6.798224168953916902e-01,7.049198836308609994e-01,7.030333104218520202e-01,7.031517717732739259e-01,7.031612862300482547e-01,7.031637851666748817e-01,7.031641947757905076e-01,7.031631258175946586e-01,7.031592033457060298e-01,7.031459010417372424e-01,7.030918820721446805e-01,7.025715639843231886e-01,6.777534737285895172e-01,6.777527720325462468e-01,7.025685448216492102e-01,7.030793066518927770e-01,7.030149667539149494e-01,7.049152554645385926e-01,6.798224168953916902e-01,1.000000000000003109e+00,6.798248586489563650e-01,7.049215751335019542e-01,7.030348537904496098e-01,7.031531814843626771e-01,7.031625206899110303e-01,7.031646686088488529e-01,7.031641947757942823e-01,7.031604978088545899e-01,7.031472895000021595e-01,7.030933128564753609e-01,7.025730142324442262e-01,6.777548792927212684e-01,6.777545501486057500e-01,7.025718825220819141e-01,7.030894849651534440e-01,7.031339694249845174e-01,7.030289613031883711e-01,7.049198836308609994e-01,6.798248586489563650e-01,1.000000000000003109e+00,6.798258427825774053e-01,7.049222236231489358e-01,7.030353804581173094e-01,7.031535325037752138e-01,7.031625206899098091e-01,7.031637851666774353e-01,7.031606833233433607e-01,7.031477005119742829e-01,7.030938178208752110e-01,7.025735612972215938e-01,6.777554206111193746e-01,6.777552736982459525e-01,7.025731268409950436e-01,7.030924681920251995e-01,7.031437923546274282e-01,7.031476015182547279e-01,7.030333104218520202e-01,7.049215751335019542e-01,6.798258427825774053e-01,1.000000000000003109e+00,6.798262057515318535e-01,7.049223961155201001e-01,7.030353804581164212e-01,7.031531814843605677e-01,7.031612862300499200e-01,7.031599226951691373e-01,7.031475349971175737e-01,7.030938777470977508e-01,7.025737152058035839e-01,6.777555987696474160e-01,6.777555567377754331e-01,7.025736000055182728e-01,7.030935368654176454e-01,7.031465991036934815e-01,7.031572485093733338e-01,7.031517717732739259e-01,7.030348537904496098e-01,7.049222236231489358e-01,6.798262057515318535e-01,1.000000000000003109e+00,6.798262057515335188e-01,7.049222236231493799e-01,7.030348537904489437e-01,7.031517717732770345e-01,7.031572485093768865e-01,7.031465991036955909e-01,7.030935368654193107e-01,7.025736000055179398e-01,6.777555567377751000e-01,6.777555987696489703e-01,7.025737152058053603e-01,7.030938777470976397e-01,7.031475349971165745e-01,7.031599226951668058e-01,7.031612862300482547e-01,7.031531814843626771e-01,7.030353804581173094e-01,7.049223961155201001e-01,6.798262057515335188e-01,1.000000000000003109e+00,6.798258427825796257e-01,7.049215751335025093e-01,7.030333104218564610e-01,7.031476015182598349e-01,7.031437923546310920e-01,7.030924681920280861e-01,7.025731268409959318e-01,6.777552736982472847e-01,6.777554206111199298e-01,7.025735612972225930e-01,7.030938178208739897e-01,7.031477005119726176e-01,7.031606833233401410e-01,7.031637851666748817e-01,7.031625206899110303e-01,7.031535325037752138e-01,7.030353804581164212e-01,7.049222236231493799e-01,6.798258427825796257e-01,1.000000000000003109e+00,6.798248586489562539e-01,7.049198836308643301e-01,7.030289613031925899e-01,7.031339694249872929e-01,7.030894849651555534e-01,7.025718825220820252e-01,6.777545501486060830e-01,6.777548792927210464e-01,7.025730142324437821e-01,7.030933128564732515e-01,7.031472894999988288e-01,7.031604978088502600e-01,7.031641947757905076e-01,7.031646686088488529e-01,7.031625206899098091e-01,7.031531814843605677e-01,7.030348537904489437e-01,7.049215751335025093e-01,6.798248586489562539e-01,1.000000000000003109e+00,6.798224168953943547e-01,7.049152554645414792e-01,7.030149667539165037e-01,7.030793066518938872e-01,7.025685448216480999e-01,6.777527720325452476e-01,6.777534737285927369e-01,7.025715639843270743e-01,7.030918820721461238e-01,7.031459010417380195e-01,7.031592033457054747e-01,7.031631258175946586e-01,7.031641947757942823e-01,7.031637851666774353e-01,7.031612862300499200e-01,7.031517717732770345e-01,7.030333104218564610e-01,7.049198836308643301e-01,6.798224168953943547e-01,1.000000000000003109e+00,6.798158273144030428e-01,7.049005944238924126e-01,7.029593806433738212e-01,7.025574628192076121e-01,6.777480519143835869e-01,6.777495282743059013e-01,7.025674774731835992e-01,7.030878030452475391e-01,7.031418421935405894e-01,7.031551868723877607e-01,7.031592033457060298e-01,7.031604978088545899e-01,7.031606833233433607e-01,7.031599226951691373e-01,7.031572485093768865e-01,7.031476015182598349e-01,7.030289613031925899e-01,7.049152554645414792e-01,6.798158273144030428e-01,1.000000000000003109e+00,6.797951542499016675e-01,7.048431081648068863e-01,7.024347630465839210e-01,6.777328114963877548e-01,6.777366287178913096e-01,7.025541073458450025e-01,7.030744286680397082e-01,7.031284772684207596e-01,7.031418421935393681e-01,7.031459010417372424e-01,7.031472895000021595e-01,7.031477005119742829e-01,7.031475349971175737e-01,7.031465991036955909e-01,7.031437923546310920e-01,7.031339694249872929e-01,7.030149667539165037e-01,7.049005944238924126e-01,6.797951542499016675e-01,1.000000000000003109e+00,6.797151813878848925e-01,7.043142187551501010e-01,6.775765478209180293e-01,6.776845225455171429e-01,7.025000941036273483e-01,7.030203785941351313e-01,7.030744286680390420e-01,7.030878030452454297e-01,7.030918820721446805e-01,7.030933128564753609e-01,7.030938178208752110e-01,7.030938777470977508e-01,7.030935368654193107e-01,7.030924681920280861e-01,7.030894849651555534e-01,7.030793066518938872e-01,7.029593806433738212e-01,7.048431081648068863e-01,6.797151813878848925e-01,1.000000000000003109e+00,6.790274131778764044e-01,6.797292980506910443e-01,6.771829860622080588e-01,7.019801928044586692e-01,7.025000941036253499e-01,7.025541073458423380e-01,7.025674774731794914e-01,7.025715639843231886e-01,7.025730142324442262e-01,7.025735612972215938e-01,7.025737152058035839e-01,7.025736000055179398e-01,7.025731268409959318e-01,7.025718825220820252e-01,7.025685448216480999e-01,7.025574628192076121e-01,7.024347630465839210e-01,7.043142187551501010e-01,6.790274131778764044e-01,1.000000000000003109e+00,6.491755303538737643e-01,6.532617319204672146e-01,6.771829860622083919e-01,6.776845225455154775e-01,6.777366287178887561e-01,6.777495282743023486e-01,6.777534737285895172e-01,6.777548792927212684e-01,6.777554206111193746e-01,6.777555987696474160e-01,6.777555567377751000e-01,6.777552736982472847e-01,6.777545501486060830e-01,6.777527720325452476e-01,6.777480519143835869e-01,6.777328114963877548e-01,6.775765478209180293e-01,6.797292980506910443e-01,6.491755303538737643e-01,1.000000000000003109e+00
