1.000000000000000000e+00,1.000000000000000000e+00,1.000000000000000000e+00,1.000000000000000000e+00,1.000000000000000000e+00,1.000000000000000000e+00,1.000000000000000000e+00,1.000000000000000000e+00,1.000000000000000000e+00,1.000000000000000000e+00,1.000000000000000000e+00,1.000000000000000000e+00,1.000000000000000000e+00,1.000000000000000000e+00,1.000000000000000000e+00,1.000000000000000000e+00,1.000000000000000000e+00,1.000000000000000000e+00,1.000000000000000000e+00,1.000000000000000000e+00,1.000000000000000000e+00,1.000000000000000000e+00,1.000000000000000000e+00,1.000000000000000000e+00,1.000000000000000000e+00,1.000000000000000000e+00,1.000000000000000000e+00,1.000000000000000000e+00,1.000000000000000000e+00,1.000000000000000000e+00,1.000000000000000000e+00,1.000000000000000000e+00,1.000000000000000000e+00,1.000000000000000000e+00,1.000000000000000000e+00,1.000000000000000000e+00,1.000000000000000000e+00,1.000000000000000000e+00,1.000000000000000000e+00,1.000000000000000000e+00,1.000000000000000000e+00,1.000000000000000000e+00,1.000000000000000000e+00,1.000000000000000000e+00,1.000000000000000000e+00,1.000000000000000000e+00,1.000000000000000000e+00,1.000000000000000000e+00,1.000000000000000000e+00,1.000000000000000000e+00,1.000000000000000000e+00,1.000000000000000000e+00,1.000000000000000000e+00,1.000000000000000000e+00,1.000000000000000000e+00,1.000000000000000000e+00,1.000000000000000000e+00,1.000000000000000000e+00,1.000000000000000000e+00,1.000000000000000000e+00,1.000000000000000000e+00,1.000000000000000000e+00,1.000000000000000000e+00,1.000000000000000000e+00,1.000000000000000000e+00,1.000000000000000000e+00,1.000000000000000000e+00,1.000000000000000000e+00,1.000000000000000000e+00,1.000000000000000000e+00,1.000000000000000000e+00,1.000000000000000000e+00,1.000000000000000000e+00,1.000000000000000000e+00,1.000000000000000000e+00,1.000000000000000000e+00,1.000000000000000000e+00,1.000000000000000000e+00,1.000000000000000000e+00,1.000000000000000000e+00,1.000000000000000000e+00,1.000000000000000000e+00,1.000000000000000000e+00,1.000000000000000000e+00,1.000000000000000000e+00,1.000000000000000000e+00,1.000000000000000000e+00,1.000000000000000000e+00,1.000000000000000000e+00,1.000000000000000000e+00,1.000000000000000000e+00,1.000000000000000000e+00,1.000000000000000000e+00,1.000000000000000000e+00,1.000000000000000000e+00,1.000000000000000000e+00,1.000000000000000000e+00,1.000000000000000000e+00,1.000000000000000000e+00,1.000000000000000000e+00,1.000000000000000000e+00,1.000000000000000000e+00,1.000000000000000000e+00,1.000000000000000000e+00,1.000000000000000000e+00,1.000000000000000000e+00,1.000000000000000000e+00,1.000000000000000000e+00,1.000000000000000000e+00,1.000000000000000000e+00,1.000000000000000000e+00,1.000000000000000000e+00,1.000000000000000000e+00,1.000000000000000000e+00,1.000000000000000000e+00,1.000000000000000000e+00,1.000000000000000000e+00,1.000000000000000000e+00,1.000000000000000000e+00,1.000000000000000000e+00,1.000000000000000000e+00,1.000000000000000000e+00,1.000000000000000000e+00,1.000000000000000000e+00,1.000000000000000000e+00,1.000000000000000000e+00,1.000000000000000000e+00,1.000000000000000000e+00,1.000000000000000000e+00,1.000000000000000000e+00,1.000000000000000000e+00,1.000000000000000000e+00,1.000000000000000000e+00,1.000000000000000000e+00,1.000000000000000000e+00,1.000000000000000000e+00,1.000000000000000000e+00,1.000000000000000000e+00,1.000000000000000000e+00,1.000000000000000000e+00,1.000000000000000000e+00,1.000000000000000000e+00,1.000000000000000000e+00,1.000000000000000000e+00,1.000000000000000000e+00,1.000000000000000000e+00,1.000000000000000000e+00,1.000000000000000000e+00,1.000000000000000000e+00,1.000000000000000000e+00,1.000000000000000000e+00,1.000000000000000000e+00,1.000000000000000000e+00,1.000000000000000000e+00,1.000000000000000000e+00,1.000000000000000000e+00,1.000000000000000000e+00,1.000000000000000000e+00,1.000000000000000000e+00,1.000000000000000000e+00,1.000000000000000000e+00,1.000000000000000000e+00,1.000000000000000000e+00,1.000000000000000000e+00,1.000000000000000000e+00,1.000000000000000000e+00,1.000000000000000000e+00,1.000000000000000000e+00,1.000000000000000000e+00,1.000000000000000000e+00,1.000000000000000000e+00,1.000000000000000000e+00,1.000000000000000000e+00,1.000000000000000000e+00,1.000000000000000000e+00,1.000000000000000000e+00,1.000000000000000000e+00,1.000000000000000000e+00,1.000000000000000000e+00,1.000000000000000000e+00,1.000000000000000000e+00,1.000000000000000000e+00,1.000000000000000000e+00,1.000000000000000000e+00,1.000000000000000000e+00,1.000000000000000000e+00,1.000000000000000000e+00,1.000000000000000000e+00,1.000000000000000000e+00,1.000000000000000000e+00,1.000000000000000000e+00,1.000000000000000000e+00,1.000000000000000000e+00,1.000000000000000000e+00,1.000000000000000000e+00,1.000000000000000000e+00,1.000000000000000000e+00,1.000000000000000000e+00,1.000000000000000000e+00,1.000000000000000000e+00,1.000000000000000000e+00,1.000000000000000000e+00,1.000000000000000000e+00,1.000000000000000000e+00,1.000000000000000000e+00,1.000000000000000000e+00,1.000000000000000000e+00,1.000000000000000000e+00,1.000000000000000000e+00,1.000000000000000000e+00,1.000000000000000000e+00,1.000000000000000000e+00,1.000000000000000000e+00,1.000000000000000000e+00,1.000000000000000000e+00,1.000000000000000000e+00,1.000000000000000000e+00,1.000000000000000000e+00,1.000000000000000000e+00,1.000000000000000000e+00,1.000000000000000000e+00,1.000000000000000000e+00,1.000000000000000000e+00,1.000000000000000000e+00,1.000000000000000000e+00
1.000000000000002220e+00,9.999075645188846284e-01,9.999075664918564144e-01,9.999075665030024984e-01,9.999075665038164029e-01,9.999075665039476313e-01,9.999075665039794947e-01,9.999075665039889316e-01,9.999075665039917071e-01,9.999075665039910410e-01,9.999075665039850458e-01,9.999075665039599548e-01,9.999075665038154037e-01,9.999075665019530046e-01,9.999075661501146683e-01,9.999075645188846284e-01,1.000000000000002220e+00,9.999075648725996857e-01,9.999075668438390796e-01,9.999075668548663698e-01,9.999075668556612895e-01,9.999075668557882990e-01,9.999075668558181640e-01,9.999075668558267127e-01,9.999075668558279339e-01,9.999075668558227159e-01,9.999075668557979579e-01,9.999075668556536289e-01,9.999075668537912298e-01,9.999075665019530046e-01,9.999075664918564144e-01,9.999075648725996857e-01,1.000000000000002220e+00,9.999075648746069689e-01,9.999075668457272359e-01,9.999075668567353192e-01,9.999075668575260201e-01,9.999075668576513642e-01,9.999075668576803411e-01,9.999075668576873355e-01,9.999075668576840048e-01,9.999075668576600240e-01,9.999075668575159170e-01,9.999075668556536289e-01,9.999075665038155147e-01,9.999075665030024984e-01,9.999075668438390796e-01,9.999075648746069689e-01,1.000000000000002220e+00,9.999075648747770551e-01,9.999075668458782262e-01,9.999075668568819797e-01,9.999075668576710152e-01,9.999075668577953602e-01,9.999075668578228937e-01,9.999075668578252252e-01,9.999075668578031317e-01,9.999075668576596909e-01,9.999075668557979579e-01,9.999075665039598437e-01,9.999075665038164029e-01,9.999075668548663698e-01,9.999075668457272359e-01,9.999075648747770551e-01,1.000000000000002220e+00,9.999075648748090295e-01,9.999075668459057598e-01,9.999075668569078479e-01,9.999075668576961062e-01,9.999075668578187859e-01,9.999075668578417675e-01,9.999075668578252252e-01,9.999075668576837828e-01,9.999075668558224939e-01,9.999075665039849348e-01,9.999075665039476313e-01,9.999075668556612895e-01,9.999075668567353192e-01,9.999075668458782262e-01,9.999075648748090295e-01,1.000000000000002220e+00,9.999075648748175782e-01,9.999075668459128652e-01,9.999075668569139541e-01,9.999075668577005471e-01,9.999075668578187859e-01,9.999075668578227827e-01,9.999075668576870024e-01,9.999075668558278229e-01,9.999075665039907079e-01,9.999075665039794947e-01,9.999075668557882990e-01,9.999075668575260201e-01,9.999075668568819797e-01,9.999075668459057598e-01,9.999075648748175782e-01,1.000000000000002220e+00,9.999075648748202427e-01,9.999075668459146415e-01,9.999075668569141762e-01,9.999075668576962173e-01,9.999075668577955822e-01,9.999075668576804521e-01,9.999075668558269347e-01,9.999075665039918182e-01,9.999075665039889316e-01,9.999075668558181640e-01,9.999075668576513642e-01,9.999075668576710152e-01,9.999075668569078479e-01,9.999075668459128652e-01,9.999075648748202427e-01,1.000000000000002220e+00,9.999075648748203538e-01,9.999075668459129762e-01,9.999075668569080699e-01,9.999075668576711262e-01,9.999075668576514753e-01,9.999075668558183860e-01,9.999075665039890426e-01,9.999075665039917071e-01,9.999075668558267127e-01,9.999075668576803411e-01,9.999075668577953602e-01,9.999075668576961062e-01,9.999075668569139541e-01,9.999075668459146415e-01,9.999075648748203538e-01,1.000000000000002220e+00,9.999075648748176892e-01,9.999075668459059818e-01,9.999075668568820907e-01,9.999075668575261311e-01,9.999075668557885210e-01,9.999075665039794947e-01,9.999075665039910410e-01,9.999075668558279339e-01,9.999075668576873355e-01,9.999075668578228937e-01,9.999075668578187859e-01,9.999075668577005471e-01,9.999075668569141762e-01,9.999075668459129762e-01,9.999075648748176892e-01,1.000000000000002220e+00,9.999075648748091405e-01,9.999075668458784483e-01,9.999075668567355413e-01,9.999075668556615115e-01,9.999075665039480754e-01,9.999075665039850458e-01,9.999075668558227159e-01,9.999075668576840048e-01,9.999075668578252252e-01,9.999075668578417675e-01,9.999075668578187859e-01,9.999075668576962173e-01,9.999075668569080699e-01,9.999075668459059818e-01,9.999075648748091405e-01,1.000000000000002220e+00,9.999075648747770551e-01,9.999075668457272359e-01,9.999075668548663698e-01,9.999075665038166250e-01,9.999075665039599548e-01,9.999075668557979579e-01,9.999075668576600240e-01,9.999075668578031317e-01,9.999075668578252252e-01,9.999075668578227827e-01,9.999075668577955822e-01,9.999075668576711262e-01,9.999075668568820907e-01,9.999075668458784483e-01,9.999075648747770551e-01,1.000000000000002220e+00,9.999075648746069689e-01,9.999075668438393016e-01,9.999075665030024984e-01,9.999075665038154037e-01,9.999075668556536289e-01,9.999075668575159170e-01,9.999075668576596909e-01,9.999075668576837828e-01,9.999075668576870024e-01,9.999075668576804521e-01,9.999075668576514753e-01,9.999075668575261311e-01,9.999075668567355413e-01,9.999075668457272359e-01,9.999075648746069689e-01,1.000000000000002220e+00,9.999075648725997967e-01,9.999075664918564144e-01,9.999075665019530046e-01,9.999075668537912298e-01,9.999075668556536289e-01,9.999075668557979579e-01,9.999075668558224939e-01,9.999075668558278229e-01,9.999075668558269347e-01,9.999075668558183860e-01,9.999075668557885210e-01,9.999075668556615115e-01,9.999075668548663698e-01,9.999075668438393016e-01,9.999075648725997967e-01,1.000000000000002220e+00,9.999075645188847394e-01,9.999075661501146683e-01,9.999075665019530046e-01,9.999075665038155147e-01,9.999075665039598437e-01,9.999075665039849348e-01,9.999075665039907079e-01,9.999075665039918182e-01,9.999075665039890426e-01,9.999075665039794947e-01,9.999075665039480754e-01,9.999075665038166250e-01,9.999075665030024984e-01,9.999075664918564144e-01,9.999075645188847394e-01,1.000000000000002220e+00
1.000000000000004441e+00,9.985464967451271878e-01,9.985470018120647939e-01,9.985470084641384636e-01,9.985470089601927723e-01,9.985470090404643395e-01,9.985470090596948456e-01,9.985470090654656738e-01,9.985470090671869636e-01,9.985470090668773224e-01,9.985470090636047180e-01,9.985470090496711970e-01,9.985470089696335538e-01,9.985470079548921518e-01,9.985469207433851357e-01,9.985464967451271878e-01,1.000000000000004441e+00,9.985465850313466341e-01,9.985470891043988217e-01,9.985470956898666595e-01,9.985470961753998287e-01,9.985470962531464156e-01,9.985470962715138343e-01,9.985470962767414305e-01,9.985470962776017423e-01,9.985470962747761137e-01,9.985470962610324408e-01,9.985470961810822832e-01,9.985470951663841799e-01,9.985470079548921518e-01,9.985470018120647939e-01,9.985465850313466341e-01,1.000000000000004441e+00,9.985465861269433585e-01,9.985470901332187399e-01,9.985470967083019955e-01,9.985470971913260607e-01,9.985470972682131130e-01,9.985470972860381877e-01,9.985470972904053610e-01,9.985470972887499075e-01,9.985470972754532104e-01,9.985470971956926789e-01,9.985470961810822832e-01,9.985470089696335538e-01,9.985470084641384636e-01,9.985470891043988217e-01,9.985465861269433585e-01,1.000000000000004441e+00,9.985465862212533628e-01,9.985470902169930607e-01,9.985470967895683225e-01,9.985470972717322979e-01,9.985470973480771173e-01,9.985470973650417692e-01,9.985470973668929551e-01,9.985470973547664331e-01,9.985470972754530994e-01,9.985470962610323298e-01,9.985470090496711970e-01,9.985470089601927723e-01,9.985470956898666595e-01,9.985470901332187399e-01,9.985465862212533628e-01,1.000000000000004441e+00,9.985465862390303649e-01,9.985470902322419740e-01,9.985470968039580342e-01,9.985470972855797767e-01,9.985470973610638401e-01,9.985470973755127266e-01,9.985470973668930661e-01,9.985470972887499075e-01,9.985470962747761137e-01,9.985470090636046070e-01,9.985470090404643395e-01,9.985470961753998287e-01,9.985470967083019955e-01,9.985470902169930607e-01,9.985465862390303649e-01,1.000000000000004441e+00,9.985465862438126505e-01,9.985470902361605061e-01,9.985470968073345555e-01,9.985470972880957641e-01,9.985470973610640621e-01,9.985470973650418802e-01,9.985470972904053610e-01,9.985470962776017423e-01,9.985470090668772114e-01,9.985470090596948456e-01,9.985470962531464156e-01,9.985470971913260607e-01,9.985470967895683225e-01,9.985470902322419740e-01,9.985465862438126505e-01,1.000000000000004441e+00,9.985465862452166386e-01,9.985470902370210400e-01,9.985470968073345555e-01,9.985470972855798877e-01,9.985470973480771173e-01,9.985470972860381877e-01,9.985470962767415415e-01,9.985470090671868526e-01,9.985470090654656738e-01,9.985470962715138343e-01,9.985470972682131130e-01,9.985470972717322979e-01,9.985470968039580342e-01,9.985470902361605061e-01,9.985465862452166386e-01,1.000000000000004441e+00,9.985465862452165275e-01,9.985470902361605061e-01,9.985470968039581452e-01,9.985470972717324090e-01,9.985470972682130020e-01,9.985470962715138343e-01,9.985470090654656738e-01,9.985470090671869636e-01,9.985470962767414305e-01,9.985470972860381877e-01,9.985470973480771173e-01,9.985470972855797767e-01,9.985470968073345555e-01,9.985470902370210400e-01,9.985465862452165275e-01,1.000000000000004441e+00,9.985465862438127616e-01,9.985470902322420850e-01,9.985470967895683225e-01,9.985470971913259497e-01,9.985470962531465267e-01,9.985470090596948456e-01,9.985470090668773224e-01,9.985470962776017423e-01,9.985470972904053610e-01,9.985470973650417692e-01,9.985470973610638401e-01,9.985470972880957641e-01,9.985470968073345555e-01,9.985470902361605061e-01,9.985465862438127616e-01,1.000000000000004441e+00,9.985465862390303649e-01,9.985470902169931717e-01,9.985470967083019955e-01,9.985470961753999397e-01,9.985470090404644505e-01,9.985470090636047180e-01,9.985470962747761137e-01,9.985470972887499075e-01,9.985470973668929551e-01,9.985470973755127266e-01,9.985470973610640621e-01,9.985470972855798877e-01,9.985470968039581452e-01,9.985470902322420850e-01,9.985465862390303649e-01,1.000000000000004441e+00,9.985465862212534738e-01,9.985470901332189619e-01,9.985470956898669925e-01,9.985470089601928834e-01,9.985470090496711970e-01,9.985470962610324408e-01,9.985470972754532104e-01,9.985470973547664331e-01,9.985470973668930661e-01,9.985470973650418802e-01,9.985470973480771173e-01,9.985470972717324090e-01,9.985470967895683225e-01,9.985470902169931717e-01,9.985465862212534738e-01,1.000000000000004441e+00,9.985465861269434695e-01,9.985470891043990438e-01,9.985470084641385746e-01,9.985470089696335538e-01,9.985470961810822832e-01,9.985470971956926789e-01,9.985470972754530994e-01,9.985470972887499075e-01,9.985470972904053610e-01,9.985470972860381877e-01,9.985470972682130020e-01,9.985470971913259497e-01,9.985470967083019955e-01,9.985470901332189619e-01,9.985465861269434695e-01,1.000000000000004441e+00,9.985465850313467451e-01,9.985470018120649049e-01,9.985470079548921518e-01,9.985470951663841799e-01,9.985470961810822832e-01,9.985470962610323298e-01,9.985470962747761137e-01,9.985470962776017423e-01,9.985470962767415415e-01,9.985470962715138343e-01,9.985470962531465267e-01,9.985470961753999397e-01,9.985470956898669925e-01,9.985470891043990438e-01,9.985465850313467451e-01,1.000000000000004441e+00,9.985464967451270768e-01,9.985469207433851357e-01,9.985470079548921518e-01,9.985470089696335538e-01,9.985470090496711970e-01,9.985470090636046070e-01,9.985470090668772114e-01,9.985470090671868526e-01,9.985470090654656738e-01,9.985470090596948456e-01,9.985470090404644505e-01,9.985470089601928834e-01,9.985470084641385746e-01,9.985470018120649049e-01,9.985464967451270768e-01,1.000000000000004441e+00
1.000000000000003553e+00,9.928372614636328253e-01,9.928495603133677960e-01,9.928498827272280725e-01,9.928499070051094444e-01,9.928499109681879764e-01,9.928499119207747636e-01,9.928499122070119087e-01,9.928499122922760378e-01,9.928499122763645435e-01,9.928499121122595916e-01,9.928499114149923477e-01,9.928499074246855960e-01,9.928498573282676931e-01,9.928477023995760931e-01,9.928372614636328253e-01,1.000000000000003553e+00,9.928394741451638250e-01,9.928517193986085010e-01,9.928520383837130536e-01,9.928520621259440126e-01,9.928520659608557342e-01,9.928520668697482510e-01,9.928520671286100718e-01,9.928520671706730916e-01,9.928520670287263039e-01,9.928520663408637592e-01,9.928520623548912072e-01,9.928520122605124509e-01,9.928498573282676931e-01,9.928495603133677960e-01,9.928394741451638250e-01,1.000000000000003553e+00,9.928395284284882161e-01,9.928517701842098919e-01,9.928520886638892984e-01,9.928521122815835431e-01,9.928521160735984674e-01,9.928521169553556902e-01,9.928521171711042204e-01,9.928521170871692503e-01,9.928521164214823003e-01,9.928521124449246615e-01,9.928520623548910962e-01,9.928499074246854850e-01,9.928498827272280725e-01,9.928517193986085010e-01,9.928395284284882161e-01,1.000000000000003553e+00,9.928395331465126317e-01,9.928517743601918966e-01,9.928520927156145870e-01,9.928521162903168884e-01,9.928521200551635451e-01,9.928521208937963749e-01,9.928521209835425854e-01,9.928521203758654545e-01,9.928521164214826333e-01,9.928520663408638702e-01,9.928499114149923477e-01,9.928499070051094444e-01,9.928520383837130536e-01,9.928517701842098919e-01,9.928395331465126317e-01,1.000000000000003553e+00,9.928395340388100898e-01,9.928517751230346855e-01,9.928520934356502847e-01,9.928521169831875381e-01,9.928521207049086916e-01,9.928521214175383136e-01,9.928521209835422523e-01,9.928521170871692503e-01,9.928520670287263039e-01,9.928499121122594806e-01,9.928499109681879764e-01,9.928520621259440126e-01,9.928520886638892984e-01,9.928517743601918966e-01,9.928395340388100898e-01,1.000000000000003553e+00,9.928395342790973244e-01,9.928517753192672712e-01,9.928520936047768863e-01,9.928521171091907460e-01,9.928521207049088027e-01,9.928521208937961529e-01,9.928521171711044424e-01,9.928520671706729805e-01,9.928499122763646545e-01,9.928499119207747636e-01,9.928520659608557342e-01,9.928521122815835431e-01,9.928520927156145870e-01,9.928517751230346855e-01,9.928395342790973244e-01,1.000000000000003553e+00,9.928395343496617675e-01,9.928517753623770092e-01,9.928520936047769974e-01,9.928521169831876492e-01,9.928521200551634340e-01,9.928521169553560233e-01,9.928520671286100718e-01,9.928499122922762599e-01,9.928499122070119087e-01,9.928520668697482510e-01,9.928521160735984674e-01,9.928521162903168884e-01,9.928520934356502847e-01,9.928517753192672712e-01,9.928395343496617675e-01,1.000000000000003553e+00,9.928395343496618786e-01,9.928517753192673823e-01,9.928520934356503957e-01,9.928521162903166664e-01,9.928521160735986895e-01,9.928520668697482510e-01,9.928499122070121308e-01,9.928499122922760378e-01,9.928520671286100718e-01,9.928521169553556902e-01,9.928521200551635451e-01,9.928521169831875381e-01,9.928520936047768863e-01,9.928517753623770092e-01,9.928395343496618786e-01,1.000000000000003553e+00,9.928395342790974354e-01,9.928517751230347965e-01,9.928520927156142539e-01,9.928521122815838762e-01,9.928520659608557342e-01,9.928499119207749857e-01,9.928499122763645435e-01,9.928520671706730916e-01,9.928521171711042204e-01,9.928521208937963749e-01,9.928521207049086916e-01,9.928521171091907460e-01,9.928520936047769974e-01,9.928517753192673823e-01,9.928395342790974354e-01,1.000000000000003553e+00,9.928395340388103119e-01,9.928517743601918966e-01,9.928520886638894094e-01,9.928520621259441237e-01,9.928499109681883095e-01,9.928499121122595916e-01,9.928520670287263039e-01,9.928521170871692503e-01,9.928521209835425854e-01,9.928521214175383136e-01,9.928521207049088027e-01,9.928521169831876492e-01,9.928520934356503957e-01,9.928517751230347965e-01,9.928395340388103119e-01,1.000000000000003553e+00,9.928395331465126317e-01,9.928517701842101140e-01,9.928520383837131646e-01,9.928499070051096664e-01,9.928499114149923477e-01,9.928520663408637592e-01,9.928521164214823003e-01,9.928521203758654545e-01,9.928521209835422523e-01,9.928521208937961529e-01,9.928521200551634340e-01,9.928521162903166664e-01,9.928520927156142539e-01,9.928517743601918966e-01,9.928395331465126317e-01,1.000000000000003553e+00,9.928395284284882161e-01,9.928517193986083900e-01,9.928498827272280725e-01,9.928499074246855960e-01,9.928520623548912072e-01,9.928521124449246615e-01,9.928521164214826333e-01,9.928521170871692503e-01,9.928521171711044424e-01,9.928521169553560233e-01,9.928521160735986895e-01,9.928521122815838762e-01,9.928520886638894094e-01,9.928517701842101140e-01,9.928395284284882161e-01,1.000000000000003553e+00,9.928394741451639360e-01,9.928495603133679070e-01,9.928498573282676931e-01,9.928520122605124509e-01,9.928520623548910962e-01,9.928520663408638702e-01,9.928520670287263039e-01,9.928520671706729805e-01,9.928520671286100718e-01,9.928520668697482510e-01,9.928520659608557342e-01,9.928520621259441237e-01,9.928520383837131646e-01,9.928517193986083900e-01,9.928394741451639360e-01,1.000000000000003553e+00,9.928372614636328253e-01,9.928477023995760931e-01,9.928498573282676931e-01,9.928499074246854850e-01,9.928499114149923477e-01,9.928499121122594806e-01,9.928499122763646545e-01,9.928499122922762599e-01,9.928499122070121308e-01,9.928499119207749857e-01,9.928499109681883095e-01,9.928499070051096664e-01,9.928498827272280725e-01,9.928495603133679070e-01,9.928372614636328253e-01,1.000000000000003553e+00
1.000000000000002442e+00,9.782307314828562195e-01,9.783432299754304395e-01,9.783481656604916532e-01,9.783485356393682997e-01,9.783485971032402917e-01,9.783486120120734597e-01,9.783486165087960096e-01,9.783486178438720593e-01,9.783486175709430466e-01,9.783486149180723457e-01,9.783486037017193881e-01,9.783485399631218771e-01,9.783477474161165199e-01,9.783271703103428862e-01,9.782307314828562195e-01,1.000000000000002442e+00,9.782523316577166339e-01,9.783638787018926752e-01,9.783687553052183850e-01,9.783691163124531576e-01,9.783691756427637110e-01,9.783691898285323818e-01,9.783691938772833829e-01,9.783691945127985790e-01,9.783691922075702374e-01,9.783691811386949766e-01,9.783691174669876256e-01,9.783683249370719315e-01,9.783477474161165199e-01,9.783432299754304395e-01,9.782523316577166339e-01,1.000000000000002442e+00,9.782531974473285263e-01,9.783646818671821732e-01,9.783695507875808106e-01,9.783699098228066937e-01,9.783699684661621987e-01,9.783699822149433123e-01,9.783699855681827762e-01,9.783699841731190450e-01,9.783699734527323555e-01,9.783699099290904533e-01,9.783691174669874036e-01,9.783485399631218771e-01,9.783481656604916532e-01,9.783638787018926752e-01,9.782531974473285263e-01,1.000000000000002442e+00,9.782532734484664649e-01,9.783647485503773611e-01,9.783696155129083527e-01,9.783699738577246174e-01,9.783700320628537783e-01,9.783700451156979172e-01,9.783700464381972495e-01,9.783700366279091121e-01,9.783699734527323555e-01,9.783691811386948656e-01,9.783486037017193881e-01,9.783485356393682997e-01,9.783687553052183850e-01,9.783646818671821732e-01,9.782532734484664649e-01,1.000000000000002442e+00,9.782532879133102321e-01,9.783647608131157414e-01,9.783696270929895800e-01,9.783699849997130604e-01,9.783700425088541763e-01,9.783700535309325375e-01,9.783700464381972495e-01,9.783699841731190450e-01,9.783691922075702374e-01,9.783486149180723457e-01,9.783485971032402917e-01,9.783691163124531576e-01,9.783695507875808106e-01,9.783647485503773611e-01,9.782532879133102321e-01,1.000000000000002442e+00,9.782532918177992975e-01,9.783647639753977332e-01,9.783696298196492558e-01,9.783699870304785051e-01,9.783700425088541763e-01,9.783700451156981392e-01,9.783699855681828872e-01,9.783691945127984679e-01,9.783486175709430466e-01,9.783486120120734597e-01,9.783691756427637110e-01,9.783699098228066937e-01,9.783696155129083527e-01,9.783647608131157414e-01,9.782532918177992975e-01,1.000000000000002442e+00,9.782532929654988996e-01,9.783647646707115397e-01,9.783696298196491448e-01,9.783699849997130604e-01,9.783700320628537783e-01,9.783699822149435343e-01,9.783691938772833829e-01,9.783486178438720593e-01,9.783486165087960096e-01,9.783691898285323818e-01,9.783699684661621987e-01,9.783699738577246174e-01,9.783696270929895800e-01,9.783647639753977332e-01,9.782532929654988996e-01,1.000000000000002442e+00,9.782532929654988996e-01,9.783647639753976222e-01,9.783696270929895800e-01,9.783699738577246174e-01,9.783699684661623097e-01,9.783691898285322708e-01,9.783486165087958986e-01,9.783486178438720593e-01,9.783691938772833829e-01,9.783699822149433123e-01,9.783700320628537783e-01,9.783699849997130604e-01,9.783696298196492558e-01,9.783647646707115397e-01,9.782532929654988996e-01,1.000000000000002442e+00,9.782532918177992975e-01,9.783647608131157414e-01,9.783696155129084637e-01,9.783699098228069158e-01,9.783691756427635999e-01,9.783486120120734597e-01,9.783486175709430466e-01,9.783691945127985790e-01,9.783699855681827762e-01,9.783700451156979172e-01,9.783700425088541763e-01,9.783699870304785051e-01,9.783696298196491448e-01,9.783647639753976222e-01,9.782532918177992975e-01,1.000000000000002442e+00,9.782532879133103432e-01,9.783647485503774721e-01,9.783695507875808106e-01,9.783691163124531576e-01,9.783485971032402917e-01,9.783486149180723457e-01,9.783691922075702374e-01,9.783699841731190450e-01,9.783700464381972495e-01,9.783700535309325375e-01,9.783700425088541763e-01,9.783699849997130604e-01,9.783696270929895800e-01,9.783647608131157414e-01,9.782532879133103432e-01,1.000000000000002442e+00,9.782532734484664649e-01,9.783646818671820622e-01,9.783687553052181629e-01,9.783485356393681887e-01,9.783486037017193881e-01,9.783691811386949766e-01,9.783699734527323555e-01,9.783700366279091121e-01,9.783700464381972495e-01,9.783700451156981392e-01,9.783700320628537783e-01,9.783699738577246174e-01,9.783696155129084637e-01,9.783647485503774721e-01,9.782532734484664649e-01,1.000000000000002442e+00,9.782531974473285263e-01,9.783638787018926752e-01,9.783481656604917642e-01,9.783485399631218771e-01,9.783691174669876256e-01,9.783699099290904533e-01,9.783699734527323555e-01,9.783699841731190450e-01,9.783699855681828872e-01,9.783699822149435343e-01,9.783699684661623097e-01,9.783699098228069158e-01,9.783695507875808106e-01,9.783646818671820622e-01,9.782531974473285263e-01,1.000000000000002442e+00,9.782523316577167449e-01,9.783432299754305506e-01,9.783477474161165199e-01,9.783683249370719315e-01,9.783691174669874036e-01,9.783691811386948656e-01,9.783691922075702374e-01,9.783691945127984679e-01,9.783691938772833829e-01,9.783691898285322708e-01,9.783691756427635999e-01,9.783691163124531576e-01,9.783687553052181629e-01,9.783638787018926752e-01,9.782523316577167449e-01,1.000000000000002442e+00,9.782307314828561084e-01,9.783271703103428862e-01,9.783477474161165199e-01,9.783485399631218771e-01,9.783486037017193881e-01,9.783486149180723457e-01,9.783486175709430466e-01,9.783486178438720593e-01,9.783486165087958986e-01,9.783486120120734597e-01,9.783485971032402917e-01,9.783485356393681887e-01,9.783481656604917642e-01,9.783432299754305506e-01,9.782307314828561084e-01,1.000000000000002442e+00
1.000000000000001332e+00,9.496120440580763100e-01,9.502057052316229546e-01,9.502444290193561294e-01,9.502472264706369742e-01,9.502477041400040347e-01,9.502478224575888754e-01,9.502478584687541474e-01,9.502478691247912002e-01,9.502478666550991937e-01,9.502478444620630071e-01,9.502477514332178243e-01,9.502472284081263654e-01,9.502407573125007945e-01,9.501255444043827936e-01,9.496120440580763100e-01,1.000000000000001332e+00,9.497368368372487435e-01,9.503215943381461139e-01,9.503597638801184466e-01,9.503624817085417620e-01,9.503629405416250675e-01,9.503630525300282850e-01,9.503630846976385271e-01,9.503630894709447219e-01,9.503630700568446166e-01,9.503629782007972926e-01,9.503624556598675444e-01,9.503559840506741185e-01,9.502407573125009055e-01,9.502057052316229546e-01,9.497368368372487435e-01,1.000000000000001332e+00,9.497440130106382661e-01,9.503281492984968493e-01,9.503662597178104132e-01,9.503689614724979418e-01,9.503694146115190255e-01,9.503695229543286382e-01,9.503695493133105243e-01,9.503695371743386966e-01,9.503694481142451744e-01,9.503689267614041647e-01,9.503624556598673223e-01,9.502472284081260323e-01,9.502444290193561294e-01,9.503215943381461139e-01,9.497440130106382661e-01,1.000000000000001332e+00,9.497446468759381810e-01,9.503286963491510697e-01,9.503667909793498403e-01,9.503694870048206012e-01,9.503699364829680807e-01,9.503700390119417252e-01,9.503700484567391138e-01,9.503699666710996308e-01,9.503694481142453965e-01,9.503629782007970705e-01,9.502477514332174913e-01,9.502472264706369742e-01,9.503597638801184466e-01,9.503281492984968493e-01,9.497446468759381810e-01,1.000000000000001332e+00,9.497447687233476765e-01,9.503287979929984086e-01,9.503668870136642299e-01,9.503695793808241143e-01,9.503700230443478114e-01,9.503701086587545976e-01,9.503700484567390028e-01,9.503695371743386966e-01,9.503630700568442835e-01,9.502478444620626741e-01,9.502477041400040347e-01,9.503624817085417620e-01,9.503662597178104132e-01,9.503286963491510697e-01,9.497447687233476765e-01,1.000000000000001332e+00,9.497448017770793172e-01,9.503288243407360669e-01,9.503669097413253164e-01,9.503695962953878640e-01,9.503700230443477004e-01,9.503700390119416141e-01,9.503695493133104133e-01,9.503630894709442778e-01,9.502478666550989717e-01,9.502478224575888754e-01,9.503629405416250675e-01,9.503689614724979418e-01,9.503667909793498403e-01,9.503287979929984086e-01,9.497448017770793172e-01,1.000000000000001332e+00,9.497448115127772317e-01,9.503288301448512554e-01,9.503669097413254274e-01,9.503695793808241143e-01,9.503699364829679697e-01,9.503695229543286382e-01,9.503630846976383051e-01,9.502478691247909781e-01,9.502478584687541474e-01,9.503630525300282850e-01,9.503694146115190255e-01,9.503694870048206012e-01,9.503668870136642299e-01,9.503288243407360669e-01,9.497448115127772317e-01,1.000000000000001332e+00,9.497448115127773427e-01,9.503288243407361779e-01,9.503668870136642299e-01,9.503694870048206012e-01,9.503694146115191366e-01,9.503630525300280629e-01,9.502478584687539254e-01,9.502478691247912002e-01,9.503630846976385271e-01,9.503695229543286382e-01,9.503699364829680807e-01,9.503695793808241143e-01,9.503669097413253164e-01,9.503288301448512554e-01,9.497448115127773427e-01,1.000000000000001332e+00,9.497448017770794282e-01,9.503287979929984086e-01,9.503667909793499513e-01,9.503689614724981638e-01,9.503629405416248455e-01,9.502478224575886534e-01,9.502478666550991937e-01,9.503630894709447219e-01,9.503695493133105243e-01,9.503700390119417252e-01,9.503700230443478114e-01,9.503695962953878640e-01,9.503669097413254274e-01,9.503288243407361779e-01,9.497448017770794282e-01,1.000000000000001332e+00,9.497447687233476765e-01,9.503286963491512918e-01,9.503662597178105242e-01,9.503624817085415399e-01,9.502477041400039237e-01,9.502478444620630071e-01,9.503630700568446166e-01,9.503695371743386966e-01,9.503700484567391138e-01,9.503701086587545976e-01,9.503700230443477004e-01,9.503695793808241143e-01,9.503668870136642299e-01,9.503287979929984086e-01,9.497447687233476765e-01,1.000000000000001332e+00,9.497446468759380700e-01,9.503281492984968493e-01,9.503597638801183356e-01,9.502472264706368632e-01,9.502477514332178243e-01,9.503629782007972926e-01,9.503694481142451744e-01,9.503699666710996308e-01,9.503700484567390028e-01,9.503700390119416141e-01,9.503699364829679697e-01,9.503694870048206012e-01,9.503667909793499513e-01,9.503286963491512918e-01,9.497446468759380700e-01,1.000000000000001332e+00,9.497440130106381551e-01,9.503215943381460029e-01,9.502444290193560184e-01,9.502472284081263654e-01,9.503624556598675444e-01,9.503689267614041647e-01,9.503694481142453965e-01,9.503695371743386966e-01,9.503695493133104133e-01,9.503695229543286382e-01,9.503694146115191366e-01,9.503689614724981638e-01,9.503662597178105242e-01,9.503281492984968493e-01,9.497440130106381551e-01,1.000000000000001332e+00,9.497368368372486325e-01,9.502057052316230656e-01,9.502407573125007945e-01,9.503559840506741185e-01,9.503624556598673223e-01,9.503629782007970705e-01,9.503630700568442835e-01,9.503630894709442778e-01,9.503630846976383051e-01,9.503630525300280629e-01,9.503629405416248455e-01,9.503624817085415399e-01,9.503597638801183356e-01,9.503215943381460029e-01,9.497368368372486325e-01,1.000000000000001332e+00,9.496120440580759769e-01,9.501255444043827936e-01,9.502407573125009055e-01,9.502472284081260323e-01,9.502477514332174913e-01,9.502478444620626741e-01,9.502478666550989717e-01,9.502478691247909781e-01,9.502478584687539254e-01,9.502478224575886534e-01,9.502477041400039237e-01,9.502472264706368632e-01,9.502444290193560184e-01,9.502057052316230656e-01,9.496120440580759769e-01,1.000000000000001332e+00
9.999999999999993339e-01,9.025861634215894824e-01,9.047671697690613524e-01,9.049615408262829952e-01,9.049742619594409732e-01,9.049765163356298103e-01,9.049771007849883864e-01,9.049772820611124979e-01,9.049773355443420098e-01,9.049773208479153785e-01,9.049772014459437353e-01,9.049767081950481629e-01,9.049739736315318694e-01,9.049399491591005873e-01,9.044854753444585560e-01,9.025861634215894824e-01,9.999999999999993339e-01,9.030995502475456238e-01,9.052260254415924745e-01,9.054168794461706637e-01,9.054291426824002675e-01,9.054312878336714387e-01,9.054318357631285785e-01,9.054319954629649336e-01,9.054320169561785869e-01,9.054319114938395030e-01,9.054314239798315622e-01,9.054286908170362524e-01,9.053946506240313497e-01,9.049399491591006983e-01,9.047671697690613524e-01,9.030995502475456238e-01,9.999999999999993339e-01,9.031382061860357968e-01,9.052604943745118371e-01,9.054510494015453048e-01,9.054632278699582537e-01,9.054653423170977433e-01,9.054658705630678206e-01,9.054659990012698945e-01,9.054659300561734847e-01,9.054654566763483681e-01,9.054627294732657816e-01,9.054286908170356973e-01,9.049739736315314254e-01,9.049615408262829952e-01,9.052260254415924745e-01,9.031382061860357968e-01,9.999999999999993339e-01,9.031416100869280594e-01,9.052633559929051943e-01,9.054538290936025025e-01,9.054659769247455081e-01,9.054680716343382896e-01,9.054685686011507695e-01,9.054686065963190034e-01,9.054681697352149339e-01,9.054654566763488122e-01,9.054314239798314512e-01,9.049767081950481629e-01,9.049742619594409732e-01,9.054168794461706637e-01,9.052604943745118371e-01,9.031416100869280594e-01,9.999999999999993339e-01,9.031422734713048239e-01,9.052638951096465547e-01,9.054543384443547449e-01,9.054664665725349337e-01,9.054685299968849854e-01,9.054689365180395022e-01,9.054686065963190034e-01,9.054659300561738178e-01,9.054319114938393920e-01,9.049772014459438463e-01,9.049765163356298103e-01,9.054291426824002675e-01,9.054510494015453048e-01,9.052633559929051943e-01,9.031422734713048239e-01,9.999999999999993339e-01,9.031424551417563951e-01,9.052640362463777457e-01,9.054544601611089760e-01,9.054665570182869327e-01,9.054685299968845413e-01,9.054685686011504364e-01,9.054659990012697834e-01,9.054320169561780318e-01,9.049773208479150455e-01,9.049771007849883864e-01,9.054312878336714387e-01,9.054632278699582537e-01,9.054538290936025025e-01,9.052638951096465547e-01,9.031424551417563951e-01,9.999999999999993339e-01,9.031425088639055687e-01,9.052640674507602681e-01,9.054544601611088650e-01,9.054664665725343786e-01,9.054680716343376234e-01,9.054658705630674875e-01,9.054319954629641565e-01,9.049773355443414546e-01,9.049772820611124979e-01,9.054318357631285785e-01,9.054653423170977433e-01,9.054659769247455081e-01,9.054543384443547449e-01,9.052640362463777457e-01,9.031425088639055687e-01,9.999999999999993339e-01,9.031425088639056797e-01,9.052640362463777457e-01,9.054543384443543008e-01,9.054659769247448420e-01,9.054653423170975213e-01,9.054318357631279124e-01,9.049772820611121649e-01,9.049773355443420098e-01,9.054319954629649336e-01,9.054658705630678206e-01,9.054680716343382896e-01,9.054664665725349337e-01,9.054544601611089760e-01,9.052640674507602681e-01,9.031425088639056797e-01,9.999999999999993339e-01,9.031424551417563951e-01,9.052638951096459996e-01,9.054538290936020584e-01,9.054632278699581427e-01,9.054312878336708836e-01,9.049771007849880533e-01,9.049773208479153785e-01,9.054320169561785869e-01,9.054659990012698945e-01,9.054685686011507695e-01,9.054685299968849854e-01,9.054665570182869327e-01,9.054544601611088650e-01,9.052640362463777457e-01,9.031424551417563951e-01,9.999999999999993339e-01,9.031422734713042688e-01,9.052633559929047502e-01,9.054510494015450828e-01,9.054291426823996014e-01,9.049765163356291442e-01,9.049772014459437353e-01,9.054319114938395030e-01,9.054659300561734847e-01,9.054686065963190034e-01,9.054689365180395022e-01,9.054685299968845413e-01,9.054664665725343786e-01,9.054543384443543008e-01,9.052638951096459996e-01,9.031422734713042688e-01,9.999999999999993339e-01,9.031416100869269492e-01,9.052604943745113930e-01,9.054168794461695535e-01,9.049742619594399740e-01,9.049767081950481629e-01,9.054314239798315622e-01,9.054654566763483681e-01,9.054681697352149339e-01,9.054686065963190034e-01,9.054685686011504364e-01,9.054680716343376234e-01,9.054659769247448420e-01,9.054538290936020584e-01,9.052633559929047502e-01,9.031416100869269492e-01,9.999999999999993339e-01,9.031382061860352417e-01,9.052260254415914753e-01,9.049615408262819960e-01,9.049739736315318694e-01,9.054286908170362524e-01,9.054627294732657816e-01,9.054654566763488122e-01,9.054659300561738178e-01,9.054659990012697834e-01,9.054658705630674875e-01,9.054653423170975213e-01,9.054632278699581427e-01,9.054510494015450828e-01,9.052604943745113930e-01,9.031382061860352417e-01,9.999999999999993339e-01,9.030995502475447356e-01,9.047671697690606862e-01,9.049399491591005873e-01,9.053946506240313497e-01,9.054286908170356973e-01,9.054314239798314512e-01,9.054319114938393920e-01,9.054320169561780318e-01,9.054319954629641565e-01,9.054318357631279124e-01,9.054312878336708836e-01,9.054291426823996014e-01,9.054168794461695535e-01,9.052260254415914753e-01,9.030995502475447356e-01,9.999999999999993339e-01,9.025861634215883722e-01,9.044854753444585560e-01,9.049399491591006983e-01,9.049739736315314254e-01,9.049767081950481629e-01,9.049772014459438463e-01,9.049773208479150455e-01,9.049773355443414546e-01,9.049772820611121649e-01,9.049771007849880533e-01,9.049765163356291442e-01,9.049742619594399740e-01,9.049615408262819960e-01,9.047671697690606862e-01,9.025861634215883722e-01,9.999999999999993339e-01
