1.000000000000000000e+00,1.000000000000000000e+00,1.000000000000000000e+00,1.000000000000000000e+00,1.000000000000000000e+00,1.000000000000000000e+00,1.000000000000000000e+00,1.000000000000000000e+00,1.000000000000000000e+00,1.000000000000000000e+00,1.000000000000000000e+00,1.000000000000000000e+00,1.000000000000000000e+00,1.000000000000000000e+00,1.000000000000000000e+00,1.000000000000000000e+00,1.000000000000000000e+00,1.000000000000000000e+00,1.000000000000000000e+00,1.000000000000000000e+00,1.000000000000000000e+00,1.000000000000000000e+00,1.000000000000000000e+00,1.000000000000000000e+00,1.000000000000000000e+00,1.000000000000000000e+00,1.000000000000000000e+00,1.000000000000000000e+00,1.000000000000000000e+00,1.000000000000000000e+00,1.000000000000000000e+00,1.000000000000000000e+00,1.000000000000000000e+00,1.000000000000000000e+00,1.000000000000000000e+00,1.000000000000000000e+00,1.000000000000000000e+00,1.000000000000000000e+00,1.000000000000000000e+00,1.000000000000000000e+00,1.000000000000000000e+00,1.000000000000000000e+00,1.000000000000000000e+00,1.000000000000000000e+00,1.000000000000000000e+00,1.000000000000000000e+00,1.000000000000000000e+00,1.000000000000000000e+00,1.000000000000000000e+00,1.000000000000000000e+00,1.000000000000000000e+00,1.000000000000000000e+00,1.000000000000000000e+00,1.000000000000000000e+00,1.000000000000000000e+00,1.000000000000000000e+00,1.000000000000000000e+00,1.000000000000000000e+00,1.000000000000000000e+00,1.000000000000000000e+00,1.000000000000000000e+00,1.000000000000000000e+00,1.000000000000000000e+00,1.000000000000000000e+00,1.000000000000000000e+00,1.000000000000000000e+00,1.000000000000000000e+00,1.000000000000000000e+00,1.000000000000000000e+00,1.000000000000000000e+00,1.000000000000000000e+00,1.000000000000000000e+00,1.000000000000000000e+00,1.000000000000000000e+00,1.000000000000000000e+00,1.000000000000000000e+00,1.000000000000000000e+00,1.000000000000000000e+00,1.000000000000000000e+00,1.000000000000000000e+00,1.000000000000000000e+00,1.000000000000000000e+00,1.000000000000000000e+00,1.000000000000000000e+00,1.000000000000000000e+00,1.000000000000000000e+00,1.000000000000000000e+00,1.000000000000000000e+00,1.000000000000000000e+00,1.000000000000000000e+00,1.000000000000000000e+00,1.000000000000000000e+00,1.000000000000000000e+00,1.000000000000000000e+00,1.000000000000000000e+00,1.000000000000000000e+00,1.000000000000000000e+00,1.000000000000000000e+00,1.000000000000000000e+00,1.000000000000000000e+00,1.000000000000000000e+00,1.000000000000000000e+00,1.000000000000000000e+00,1.000000000000000000e+00,1.000000000000000000e+00,1.000000000000000000e+00,1.000000000000000000e+00,1.000000000000000000e+00,1.000000000000000000e+00,1.000000000000000000e+00,1.000000000000000000e+00,1.000000000000000000e+00,1.000000000000000000e+00,1.000000000000000000e+00,1.000000000000000000e+00,1.000000000000000000e+00,1.000000000000000000e+00,1.000000000000000000e+00,1.000000000000000000e+00,1.000000000000000000e+00,1.000000000000000000e+00,1.000000000000000000e+00,1.000000000000000000e+00,1.000000000000000000e+00,1.000000000000000000e+00,1.000000000000000000e+00,1.000000000000000000e+00,1.000000000000000000e+00,1.000000000000000000e+00,1.000000000000000000e+00,1.000000000000000000e+00,1.000000000000000000e+00,1.000000000000000000e+00,1.000000000000000000e+00,1.000000000000000000e+00,1.000000000000000000e+00,1.000000000000000000e+00,1.000000000000000000e+00,1.000000000000000000e+00,1.000000000000000000e+00,1.000000000000000000e+00,1.000000000000000000e+00,1.000000000000000000e+00,1.000000000000000000e+00,1.000000000000000000e+00,1.000000000000000000e+00,1.000000000000000000e+00,1.000000000000000000e+00,1.000000000000000000e+00,1.000000000000000000e+00,1.000000000000000000e+00,1.000000000000000000e+00,1.000000000000000000e+00,1.000000000000000000e+00,1.000000000000000000e+00,1.000000000000000000e+00,1.000000000000000000e+00,1.000000000000000000e+00,1.000000000000000000e+00,1.000000000000000000e+00,1.000000000000000000e+00,1.000000000000000000e+00,1.000000000000000000e+00,1.000000000000000000e+00,1.000000000000000000e+00,1.000000000000000000e+00,1.000000000000000000e+00,1.000000000000000000e+00,1.000000000000000000e+00,1.000000000000000000e+00,1.000000000000000000e+00,1.000000000000000000e+00,1.000000000000000000e+00,1.000000000000000000e+00,1.000000000000000000e+00,1.000000000000000000e+00,1.000000000000000000e+00,1.000000000000000000e+00,1.000000000000000000e+00,1.000000000000000000e+00,1.000000000000000000e+00,1.000000000000000000e+00,1.000000000000000000e+00,1.000000000000000000e+00,1.000000000000000000e+00,1.000000000000000000e+00,1.000000000000000000e+00,1.000000000000000000e+00,1.000000000000000000e+00,1.000000000000000000e+00,1.000000000000000000e+00,1.000000000000000000e+00,1.000000000000000000e+00,1.000000000000000000e+00,1.000000000000000000e+00,1.000000000000000000e+00,1.000000000000000000e+00,1.000000000000000000e+00,1.000000000000000000e+00,1.000000000000000000e+00,1.000000000000000000e+00,1.000000000000000000e+00,1.000000000000000000e+00,1.000000000000000000e+00,1.000000000000000000e+00,1.000000000000000000e+00,1.000000000000000000e+00,1.000000000000000000e+00,1.000000000000000000e+00,1.000000000000000000e+00,1.000000000000000000e+00,1.000000000000000000e+00,1.000000000000000000e+00,1.000000000000000000e+00,1.000000000000000000e+00,1.000000000000000000e+00,1.000000000000000000e+00,1.000000000000000000e+00,1.000000000000000000e+00,1.000000000000000000e+00,1.000000000000000000e+00,1.000000000000000000e+00,1.000000000000000000e+00,1.000000000000000000e+00,1.000000000000000000e+00
9.999999999999990008e-01,9.999130435602016087e-01,9.999130453226321436e-01,9.999130453503717320e-01,9.999130453525446605e-01,9.999130453528981555e-01,9.999130453529831986e-01,9.999130453530085116e-01,9.999130453530158391e-01,9.999130453530138407e-01,9.999130453529972984e-01,9.999130453529276874e-01,9.999130453525303386e-01,9.999130453478294323e-01,9.999130450375862678e-01,9.999130435602016087e-01,9.999999999999990008e-01,9.999130438751581140e-01,9.999130456332733230e-01,9.999130456606853956e-01,9.999130456628065877e-01,9.999130456631473152e-01,9.999130456632279174e-01,9.999130456632505659e-01,9.999130456632536745e-01,9.999130456632390196e-01,9.999130456631700747e-01,9.999130456627731700e-01,9.999130456580727078e-01,9.999130453478295433e-01,9.999130453226321436e-01,9.999130438751581140e-01,9.999999999999990008e-01,9.999130438802571463e-01,9.999130456380449505e-01,9.999130456654048427e-01,9.999130456675132672e-01,9.999130456678496648e-01,9.999130456679274914e-01,9.999130456679460321e-01,9.999130456679364842e-01,9.999130456678696488e-01,9.999130456674734102e-01,9.999130456627731700e-01,9.999130453525302276e-01,9.999130453503717320e-01,9.999130456332733230e-01,9.999130438802571463e-01,9.999999999999990008e-01,9.999130438807255494e-01,9.999130456384609511e-01,9.999130456658082977e-01,9.999130456679123924e-01,9.999130456682462365e-01,9.999130456683197332e-01,9.999130456683255064e-01,9.999130456682637780e-01,9.999130456678696488e-01,9.999130456631700747e-01,9.999130453529274654e-01,9.999130453525446605e-01,9.999130456606853956e-01,9.999130456380449505e-01,9.999130438807255494e-01,9.999999999999990008e-01,9.999130438808140342e-01,9.999130456385370014e-01,9.999130456658799071e-01,9.999130456679814483e-01,9.999130456683108514e-01,9.999130456683718027e-01,9.999130456683255064e-01,9.999130456679363732e-01,9.999130456632387975e-01,9.999130453529970763e-01,9.999130453528981555e-01,9.999130456628065877e-01,9.999130456654048427e-01,9.999130456384609511e-01,9.999130438808140342e-01,9.999999999999990008e-01,9.999130438808380150e-01,9.999130456385567634e-01,9.999130456658968935e-01,9.999130456679941048e-01,9.999130456683109625e-01,9.999130456683195112e-01,9.999130456679460321e-01,9.999130456632535635e-01,9.999130453530138407e-01,9.999130453529831986e-01,9.999130456631473152e-01,9.999130456675132672e-01,9.999130456658082977e-01,9.999130456385370014e-01,9.999130438808380150e-01,9.999999999999990008e-01,9.999130438808448984e-01,9.999130456385608712e-01,9.999130456658967825e-01,9.999130456679814483e-01,9.999130456682462365e-01,9.999130456679274914e-01,9.999130456632504549e-01,9.999130453530158391e-01,9.999130453530085116e-01,9.999130456632279174e-01,9.999130456678496648e-01,9.999130456679123924e-01,9.999130456658799071e-01,9.999130456385567634e-01,9.999130438808448984e-01,9.999999999999990008e-01,9.999130438808448984e-01,9.999130456385565413e-01,9.999130456658800181e-01,9.999130456679125034e-01,9.999130456678497758e-01,9.999130456632278063e-01,9.999130453530085116e-01,9.999130453530158391e-01,9.999130456632505659e-01,9.999130456679274914e-01,9.999130456682462365e-01,9.999130456679814483e-01,9.999130456658968935e-01,9.999130456385608712e-01,9.999130438808448984e-01,9.999999999999990008e-01,9.999130438808380150e-01,9.999130456385371124e-01,9.999130456658082977e-01,9.999130456675131562e-01,9.999130456631473152e-01,9.999130453529830875e-01,9.999130453530138407e-01,9.999130456632536745e-01,9.999130456679460321e-01,9.999130456683197332e-01,9.999130456683108514e-01,9.999130456679941048e-01,9.999130456658967825e-01,9.999130456385565413e-01,9.999130438808380150e-01,9.999999999999990008e-01,9.999130438808140342e-01,9.999130456384610621e-01,9.999130456654048427e-01,9.999130456628064767e-01,9.999130453528982665e-01,9.999130453529972984e-01,9.999130456632390196e-01,9.999130456679364842e-01,9.999130456683255064e-01,9.999130456683718027e-01,9.999130456683109625e-01,9.999130456679814483e-01,9.999130456658800181e-01,9.999130456385371124e-01,9.999130438808140342e-01,9.999999999999990008e-01,9.999130438807255494e-01,9.999130456380449505e-01,9.999130456606853956e-01,9.999130453525448825e-01,9.999130453529276874e-01,9.999130456631700747e-01,9.999130456678696488e-01,9.999130456682637780e-01,9.999130456683255064e-01,9.999130456683195112e-01,9.999130456682462365e-01,9.999130456679125034e-01,9.999130456658082977e-01,9.999130456384610621e-01,9.999130438807255494e-01,9.999999999999990008e-01,9.999130438802571463e-01,9.999130456332735450e-01,9.999130453503716209e-01,9.999130453525303386e-01,9.999130456627731700e-01,9.999130456674734102e-01,9.999130456678696488e-01,9.999130456679363732e-01,9.999130456679460321e-01,9.999130456679274914e-01,9.999130456678497758e-01,9.999130456675131562e-01,9.999130456654048427e-01,9.999130456380449505e-01,9.999130438802571463e-01,9.999999999999990008e-01,9.999130438751582250e-01,9.999130453226322546e-01,9.999130453478294323e-01,9.999130456580727078e-01,9.999130456627731700e-01,9.999130456631700747e-01,9.999130456632387975e-01,9.999130456632535635e-01,9.999130456632504549e-01,9.999130456632278063e-01,9.999130456631473152e-01,9.999130456628064767e-01,9.999130456606853956e-01,9.999130456332735450e-01,9.999130438751582250e-01,9.999999999999990008e-01,9.999130435602016087e-01,9.999130450375862678e-01,9.999130453478295433e-01,9.999130453525302276e-01,9.999130453529274654e-01,9.999130453529970763e-01,9.999130453530138407e-01,9.999130453530158391e-01,9.999130453530085116e-01,9.999130453529830875e-01,9.999130453528982665e-01,9.999130453525448825e-01,9.999130453503716209e-01,9.999130453226322546e-01,9.999130435602016087e-01,9.999999999999990008e-01
9.999999999999998890e-01,9.988084177766264338e-01,9.988087461601672379e-01,9.988087582789284546e-01,9.988087592479195642e-01,9.988087594059095187e-01,9.988087594438602723e-01,9.988087594552331749e-01,9.988087594585329798e-01,9.988087594576295913e-01,9.988087594502642608e-01,9.988087594193096885e-01,9.988087592429876205e-01,9.988087571961462574e-01,9.988086921361731818e-01,9.988084177766264338e-01,9.999999999999998890e-01,9.988084849210739913e-01,9.988088113978502713e-01,9.988088233703971142e-01,9.988088243160810897e-01,9.988088244684689698e-01,9.988088245045043667e-01,9.988088245146711230e-01,9.988088245160592349e-01,9.988088245095695372e-01,9.988088244789863346e-01,9.988088243028359070e-01,9.988088222560792540e-01,9.988087571961463684e-01,9.988087461601672379e-01,9.988084849210739913e-01,9.999999999999998890e-01,9.988084871458053904e-01,9.988088134761002879e-01,9.988088254254434695e-01,9.988088263655424681e-01,9.988088265160190993e-01,9.988088265508497932e-01,9.988088265591051895e-01,9.988088265549074363e-01,9.988088265251998665e-01,9.988088263494208086e-01,9.988088243028357960e-01,9.988087592429876205e-01,9.988087582789284546e-01,9.988088113978502713e-01,9.988084871458053904e-01,9.999999999999998890e-01,9.988084873537550479e-01,9.988088136607119472e-01,9.988088256044704849e-01,9.988088265426583456e-01,9.988088266919301628e-01,9.988088267248494967e-01,9.988088267275191390e-01,9.988088267001034026e-01,9.988088265251998665e-01,9.988088244789865566e-01,9.988087594193096885e-01,9.988087592479195642e-01,9.988088233703971142e-01,9.988088134761002879e-01,9.988084873537550479e-01,9.999999999999998890e-01,9.988084873931946106e-01,9.988088136945425521e-01,9.988088256363900630e-01,9.988088265733731097e-01,9.988088267207336779e-01,9.988088267480670357e-01,9.988088267275189169e-01,9.988088265549072142e-01,9.988088245095694262e-01,9.988087594502643718e-01,9.988087594059095187e-01,9.988088243160810897e-01,9.988088254254434695e-01,9.988088136607119472e-01,9.988084873931946106e-01,9.999999999999998890e-01,9.988084874038142269e-01,9.988088137032445912e-01,9.988088256438873991e-01,9.988088265789590858e-01,9.988088267207337889e-01,9.988088267248494967e-01,9.988088265591051895e-01,9.988088245160592349e-01,9.988087594576295913e-01,9.988087594438602723e-01,9.988088244684689698e-01,9.988088263655424681e-01,9.988088256044704849e-01,9.988088136945425521e-01,9.988084874038142269e-01,9.999999999999998890e-01,9.988084874069321772e-01,9.988088137051559512e-01,9.988088256438875101e-01,9.988088265733732207e-01,9.988088266919301628e-01,9.988088265508496821e-01,9.988088245146712341e-01,9.988087594585332019e-01,9.988087594552331749e-01,9.988088245045043667e-01,9.988088265160190993e-01,9.988088265426583456e-01,9.988088256363900630e-01,9.988088137032445912e-01,9.988084874069321772e-01,9.999999999999998890e-01,9.988084874069320662e-01,9.988088137032445912e-01,9.988088256363901740e-01,9.988088265426581236e-01,9.988088265160190993e-01,9.988088245045043667e-01,9.988087594552332860e-01,9.988087594585329798e-01,9.988088245146711230e-01,9.988088265508497932e-01,9.988088266919301628e-01,9.988088265733731097e-01,9.988088256438873991e-01,9.988088137051559512e-01,9.988084874069320662e-01,9.999999999999998890e-01,9.988084874038142269e-01,9.988088136945426632e-01,9.988088256044703739e-01,9.988088263655424681e-01,9.988088244684689698e-01,9.988087594438602723e-01,9.988087594576295913e-01,9.988088245160592349e-01,9.988088265591051895e-01,9.988088267248494967e-01,9.988088267207336779e-01,9.988088265789590858e-01,9.988088256438875101e-01,9.988088137032445912e-01,9.988084874038142269e-01,9.999999999999998890e-01,9.988084873931947216e-01,9.988088136607117251e-01,9.988088254254433584e-01,9.988088243160810897e-01,9.988087594059094076e-01,9.988087594502642608e-01,9.988088245095695372e-01,9.988088265549074363e-01,9.988088267275191390e-01,9.988088267480670357e-01,9.988088267207337889e-01,9.988088265733732207e-01,9.988088256363901740e-01,9.988088136945426632e-01,9.988084873931947216e-01,9.999999999999998890e-01,9.988084873537549369e-01,9.988088134761002879e-01,9.988088233703971142e-01,9.988087592479196752e-01,9.988087594193096885e-01,9.988088244789863346e-01,9.988088265251998665e-01,9.988088267001034026e-01,9.988088267275189169e-01,9.988088267248494967e-01,9.988088266919301628e-01,9.988088265426581236e-01,9.988088256044703739e-01,9.988088136607117251e-01,9.988084873537549369e-01,9.999999999999998890e-01,9.988084871458053904e-01,9.988088113978502713e-01,9.988087582789285657e-01,9.988087592429876205e-01,9.988088243028359070e-01,9.988088263494208086e-01,9.988088265251998665e-01,9.988088265549072142e-01,9.988088265591051895e-01,9.988088265508496821e-01,9.988088265160190993e-01,9.988088263655424681e-01,9.988088254254433584e-01,9.988088134761002879e-01,9.988084871458053904e-01,9.999999999999998890e-01,9.988084849210741023e-01,9.988087461601673489e-01,9.988087571961462574e-01,9.988088222560792540e-01,9.988088243028357960e-01,9.988088244789865566e-01,9.988088245095694262e-01,9.988088245160592349e-01,9.988088245146712341e-01,9.988088245045043667e-01,9.988088244684689698e-01,9.988088243160810897e-01,9.988088233703971142e-01,9.988088113978502713e-01,9.988084849210741023e-01,9.999999999999998890e-01,9.988084177766264338e-01,9.988086921361731818e-01,9.988087571961463684e-01,9.988087592429876205e-01,9.988087594193096885e-01,9.988087594502643718e-01,9.988087594576295913e-01,9.988087594585332019e-01,9.988087594552332860e-01,9.988087594438602723e-01,9.988087594059094076e-01,9.988087592479196752e-01,9.988087582789285657e-01,9.988087461601673489e-01,9.988084177766264338e-01,9.999999999999998890e-01
1.000000000000000888e+00,9.952355004927937454e-01,9.952406417823066453e-01,9.952410182971376251e-01,9.952410490288431388e-01,9.952410540793744653e-01,9.952410552990953452e-01,9.952410556643526141e-01,9.952410557663418089e-01,9.952410557243999145e-01,9.952410554473970494e-01,9.952410542985218322e-01,9.952410477823979695e-01,9.952409736203143842e-01,9.952396264820738692e-01,9.952355004927937454e-01,1.000000000000000888e+00,9.952369250654167221e-01,9.952419956235829535e-01,9.952423666172354189e-01,9.952423964748907670e-01,9.952424013157912253e-01,9.952424024639549005e-01,9.952424027842939891e-01,9.952424028152829782e-01,9.952424025661568141e-01,9.952424014291141319e-01,9.952423949184454610e-01,9.952423207589639054e-01,9.952409736203142732e-01,9.952406417823066453e-01,9.952369250654167221e-01,1.000000000000000888e+00,9.952370059420611037e-01,9.952420709542759703e-01,9.952424410836636648e-01,9.952424707338392018e-01,9.952424755037584392e-01,9.952424766071940043e-01,9.952424768566061619e-01,9.952424766804424117e-01,9.952424755712917515e-01,9.952424690724644973e-01,9.952423949184454610e-01,9.952410477823979695e-01,9.952410182971376251e-01,9.952419956235829535e-01,9.952370059420611037e-01,1.000000000000000888e+00,9.952370136427476366e-01,9.952420777773068883e-01,9.952424476992062230e-01,9.952424772784366214e-01,9.952424820036395170e-01,9.952424830361523700e-01,9.952424830784136756e-01,9.952424820422265395e-01,9.952424755712918625e-01,9.952424014291140208e-01,9.952410542985216102e-01,9.952410490288431388e-01,9.952423666172354189e-01,9.952420709542759703e-01,9.952370136427476366e-01,1.000000000000000888e+00,9.952370151070499826e-01,9.952420790311026222e-01,9.952424488820191817e-01,9.952424784165332383e-01,9.952424830708137549e-01,9.952424838961761999e-01,9.952424830784140086e-01,9.952424766804426337e-01,9.952424025661569251e-01,9.952410554473971604e-01,9.952410540793744653e-01,9.952423964748907670e-01,9.952424410836636648e-01,9.952420777773068883e-01,9.952370151070499826e-01,1.000000000000000888e+00,9.952370155016785347e-01,9.952420793539040744e-01,9.952424491600925238e-01,9.952424786236838683e-01,9.952424830708138659e-01,9.952424830361525920e-01,9.952424768566061619e-01,9.952424028152832003e-01,9.952410557244001366e-01,9.952410552990953452e-01,9.952424013157912253e-01,9.952424707338392018e-01,9.952424476992062230e-01,9.952420790311026222e-01,9.952370155016785347e-01,1.000000000000000888e+00,9.952370156175832649e-01,9.952420794248294511e-01,9.952424491600924128e-01,9.952424784165332383e-01,9.952424820036396280e-01,9.952424766071941153e-01,9.952424027842939891e-01,9.952410557663418089e-01,9.952410556643526141e-01,9.952424024639549005e-01,9.952424755037584392e-01,9.952424772784366214e-01,9.952424488820191817e-01,9.952420793539040744e-01,9.952370156175832649e-01,1.000000000000000888e+00,9.952370156175832649e-01,9.952420793539039634e-01,9.952424488820191817e-01,9.952424772784366214e-01,9.952424755037584392e-01,9.952424024639549005e-01,9.952410556643526141e-01,9.952410557663418089e-01,9.952424027842939891e-01,9.952424766071940043e-01,9.952424820036395170e-01,9.952424784165332383e-01,9.952424491600925238e-01,9.952420794248294511e-01,9.952370156175832649e-01,1.000000000000000888e+00,9.952370155016784237e-01,9.952420790311026222e-01,9.952424476992063340e-01,9.952424707338393128e-01,9.952424013157912253e-01,9.952410552990953452e-01,9.952410557243999145e-01,9.952424028152829782e-01,9.952424768566061619e-01,9.952424830361523700e-01,9.952424830708137549e-01,9.952424786236838683e-01,9.952424491600924128e-01,9.952420793539039634e-01,9.952370155016784237e-01,1.000000000000000888e+00,9.952370151070499826e-01,9.952420777773069993e-01,9.952424410836635538e-01,9.952423964748909890e-01,9.952410540793744653e-01,9.952410554473970494e-01,9.952424025661568141e-01,9.952424766804424117e-01,9.952424830784136756e-01,9.952424838961761999e-01,9.952424830708138659e-01,9.952424784165332383e-01,9.952424488820191817e-01,9.952420790311026222e-01,9.952370151070499826e-01,1.000000000000000888e+00,9.952370136427476366e-01,9.952420709542759703e-01,9.952423666172353078e-01,9.952410490288430278e-01,9.952410542985218322e-01,9.952424014291141319e-01,9.952424755712917515e-01,9.952424820422265395e-01,9.952424830784140086e-01,9.952424830361525920e-01,9.952424820036396280e-01,9.952424772784366214e-01,9.952424476992063340e-01,9.952420777773069993e-01,9.952370136427476366e-01,1.000000000000000888e+00,9.952370059420613257e-01,9.952419956235829535e-01,9.952410182971378472e-01,9.952410477823979695e-01,9.952423949184454610e-01,9.952424690724644973e-01,9.952424755712918625e-01,9.952424766804426337e-01,9.952424768566061619e-01,9.952424766071941153e-01,9.952424755037584392e-01,9.952424707338393128e-01,9.952424410836635538e-01,9.952420709542759703e-01,9.952370059420613257e-01,1.000000000000000888e+00,9.952369250654167221e-01,9.952406417823066453e-01,9.952409736203143842e-01,9.952423207589639054e-01,9.952423949184454610e-01,9.952424014291140208e-01,9.952424025661569251e-01,9.952424028152832003e-01,9.952424027842939891e-01,9.952424024639549005e-01,9.952424013157912253e-01,9.952423964748909890e-01,9.952423666172353078e-01,9.952419956235829535e-01,9.952369250654167221e-01,1.000000000000000888e+00,9.952355004927937454e-01,9.952396264820738692e-01,9.952409736203142732e-01,9.952410477823979695e-01,9.952410542985216102e-01,9.952410554473971604e-01,9.952410557244001366e-01,9.952410557663418089e-01,9.952410556643526141e-01,9.952410552990953452e-01,9.952410540793744653e-01,9.952410490288430278e-01,9.952410182971378472e-01,9.952406417823066453e-01,9.952355004927937454e-01,1.000000000000000888e+00
9.999999999999984457e-01,9.892343682810983418e-01,9.892599261682003542e-01,9.892629383248193742e-01,9.892631897649832862e-01,9.892632315653293595e-01,9.892632417867013306e-01,9.892632448467311157e-01,9.892632456339437441e-01,9.892632450630594043e-01,9.892632420555097505e-01,9.892632298152558290e-01,9.892631608185004088e-01,9.892623925401383689e-01,9.892523592561989210e-01,9.892343682810983418e-01,9.999999999999984457e-01,9.892452267697008361e-01,9.892700334175752452e-01,9.892729845419097057e-01,9.892732264698398392e-01,9.892732659974857734e-01,9.892732754453903432e-01,9.892732780227214695e-01,9.892732780513645574e-01,9.892732752733115476e-01,9.892732631304620439e-01,9.892731941780613658e-01,9.892724259141952858e-01,9.892623925401382579e-01,9.892599261682003542e-01,9.892452267697008361e-01,9.999999999999984457e-01,9.892460685761165218e-01,9.892708143756161476e-01,9.892737560859312662e-01,9.892739957852602073e-01,9.892740345525748991e-01,9.892740435222857620e-01,9.892740453428163772e-01,9.892740431650711708e-01,9.892740312521097756e-01,9.892739623973729746e-01,9.892731941780614768e-01,9.892631608185002978e-01,9.892629383248193742e-01,9.892700334175752452e-01,9.892460685761165218e-01,9.999999999999984457e-01,9.892461503925736865e-01,9.892708866520616429e-01,9.892738261313642756e-01,9.892740650723479412e-01,9.892741033621433866e-01,9.892741115752980985e-01,9.892741111895404504e-01,9.892740998769329330e-01,9.892740312521095536e-01,9.892732631304619328e-01,9.892632298152557180e-01,9.892631897649832862e-01,9.892729845419097057e-01,9.892708143756161476e-01,9.892461503925736865e-01,9.999999999999984457e-01,9.892461660126311562e-01,9.892708999883008669e-01,9.892738387065738159e-01,9.892740771700155866e-01,9.892741147032780846e-01,9.892741207101558576e-01,9.892741111895404504e-01,9.892740431650710597e-01,9.892732752733115476e-01,9.892632420555095285e-01,9.892632315653293595e-01,9.892732264698398392e-01,9.892737560859312662e-01,9.892708866520616429e-01,9.892461660126311562e-01,9.999999999999984457e-01,9.892461702313481986e-01,9.892709034295301684e-01,9.892738416694115688e-01,9.892740793762923035e-01,9.892741147032780846e-01,9.892741115752983205e-01,9.892740453428163772e-01,9.892732780513645574e-01,9.892632450630594043e-01,9.892632417867013306e-01,9.892732659974857734e-01,9.892739957852602073e-01,9.892738261313642756e-01,9.892708999883008669e-01,9.892461702313481986e-01,9.999999999999984457e-01,9.892461714715896637e-01,9.892709041862900454e-01,9.892738416694114578e-01,9.892740771700154756e-01,9.892741033621434976e-01,9.892740435222857620e-01,9.892732780227214695e-01,9.892632456339435221e-01,9.892632448467311157e-01,9.892732754453903432e-01,9.892740345525748991e-01,9.892740650723479412e-01,9.892738387065738159e-01,9.892709034295301684e-01,9.892461714715896637e-01,9.999999999999984457e-01,9.892461714715895527e-01,9.892709034295301684e-01,9.892738387065737049e-01,9.892740650723480522e-01,9.892740345525750101e-01,9.892732754453903432e-01,9.892632448467307826e-01,9.892632456339437441e-01,9.892732780227214695e-01,9.892740435222857620e-01,9.892741033621433866e-01,9.892740771700155866e-01,9.892738416694115688e-01,9.892709041862900454e-01,9.892461714715895527e-01,9.999999999999984457e-01,9.892461702313481986e-01,9.892708999883008669e-01,9.892738261313643866e-01,9.892739957852603183e-01,9.892732659974857734e-01,9.892632417867011085e-01,9.892632450630594043e-01,9.892732780513645574e-01,9.892740453428163772e-01,9.892741115752980985e-01,9.892741147032780846e-01,9.892740793762923035e-01,9.892738416694114578e-01,9.892709034295301684e-01,9.892461702313481986e-01,9.999999999999984457e-01,9.892461660126311562e-01,9.892708866520617539e-01,9.892737560859314883e-01,9.892732264698399502e-01,9.892632315653293595e-01,9.892632420555097505e-01,9.892732752733115476e-01,9.892740431650711708e-01,9.892741111895404504e-01,9.892741207101558576e-01,9.892741147032780846e-01,9.892740771700154756e-01,9.892738387065737049e-01,9.892708999883008669e-01,9.892461660126311562e-01,9.999999999999984457e-01,9.892461503925737976e-01,9.892708143756161476e-01,9.892729845419097057e-01,9.892631897649830641e-01,9.892632298152558290e-01,9.892732631304620439e-01,9.892740312521097756e-01,9.892740998769329330e-01,9.892741111895404504e-01,9.892741115752983205e-01,9.892741033621434976e-01,9.892740650723480522e-01,9.892738261313643866e-01,9.892708866520617539e-01,9.892461503925737976e-01,9.999999999999984457e-01,9.892460685761166328e-01,9.892700334175752452e-01,9.892629383248195962e-01,9.892631608185004088e-01,9.892731941780613658e-01,9.892739623973729746e-01,9.892740312521095536e-01,9.892740431650710597e-01,9.892740453428163772e-01,9.892740435222857620e-01,9.892740345525750101e-01,9.892739957852603183e-01,9.892737560859314883e-01,9.892708143756161476e-01,9.892460685761166328e-01,9.999999999999984457e-01,9.892452267697006141e-01,9.892599261682003542e-01,9.892623925401383689e-01,9.892724259141952858e-01,9.892731941780614768e-01,9.892732631304619328e-01,9.892732752733115476e-01,9.892732780513645574e-01,9.892732780227214695e-01,9.892732754453903432e-01,9.892732659974857734e-01,9.892732264698399502e-01,9.892729845419097057e-01,9.892700334175752452e-01,9.892452267697006141e-01,9.999999999999984457e-01,9.892343682810984529e-01,9.892523592561989210e-01,9.892623925401382579e-01,9.892631608185002978e-01,9.892632298152557180e-01,9.892632420555095285e-01,9.892632450630594043e-01,9.892632456339435221e-01,9.892632448467307826e-01,9.892632417867011085e-01,9.892632315653293595e-01,9.892631897649830641e-01,9.892629383248195962e-01,9.892599261682003542e-01,9.892343682810984529e-01,9.999999999999984457e-01
1.000000000000001776e+00,9.831077420158168545e-01,9.831702224782055133e-01,9.831797391134664554e-01,9.831805515153408948e-01,9.831806887154667107e-01,9.831807231223322896e-01,9.831807334157929290e-01,9.831807355854601527e-01,9.831807321055233695e-01,9.831807171275901425e-01,9.831806575765902334e-01,9.831803244442177681e-01,9.831766775454487961e-01,9.831363454590662521e-01,9.831077420158168545e-01,1.000000000000001776e+00,9.831520873952570572e-01,9.832109317350764544e-01,9.832201370084305836e-01,9.832209018865021299e-01,9.832210277687020161e-01,9.832210583319098696e-01,9.832210662424067937e-01,9.832210646966753620e-01,9.832210504613198010e-01,9.832209912243389249e-01,9.832206582246767468e-01,9.832170112487303992e-01,9.831766775454489071e-01,9.831702224782055133e-01,9.831520873952570572e-01,1.000000000000001776e+00,9.831561010072706885e-01,9.832146425526370193e-01,9.832238001226735191e-01,9.832245539739262741e-01,9.832246761111886890e-01,9.832247043265828212e-01,9.832247085357526117e-01,9.832246962409372237e-01,9.832246377499199719e-01,9.832243050670130824e-01,9.832206582246770799e-01,9.831803244442178791e-01,9.831797391134664554e-01,9.832109317350764544e-01,9.831561010072706885e-01,1.000000000000001776e+00,9.831564974636987086e-01,9.832149918285970625e-01,9.832241383314078709e-01,9.832248884606673567e-01,9.832250082581666106e-01,9.832250327751494989e-01,9.832250262364272686e-01,9.832249696865125177e-01,9.832246377499197498e-01,9.832209912243391470e-01,9.831806575765902334e-01,9.831805515153408948e-01,9.832201370084305836e-01,9.832146425526370193e-01,9.831564974636987086e-01,1.000000000000001776e+00,9.831565735730356526e-01,9.832150566261762537e-01,9.832241993724358808e-01,9.832249471615701619e-01,9.832250632609527141e-01,9.832250770301883547e-01,9.832250262364273796e-01,9.832246962409371127e-01,9.832210504613199120e-01,9.831807171275902535e-01,9.831806887154667107e-01,9.832209018865021299e-01,9.832238001226735191e-01,9.832149918285970625e-01,9.831565735730356526e-01,1.000000000000001776e+00,9.831565942217047605e-01,9.832150734235516332e-01,9.832242138186758629e-01,9.832249579093139680e-01,9.832250632609524921e-01,9.832250327751494989e-01,9.832247085357523897e-01,9.832210646966753620e-01,9.831807321055233695e-01,9.831807231223322896e-01,9.832210277687020161e-01,9.832245539739262741e-01,9.832241383314078709e-01,9.832150566261762537e-01,9.831565942217047605e-01,1.000000000000001776e+00,9.831566003050873359e-01,9.832150771246304100e-01,9.832242138186758629e-01,9.832249471615699399e-01,9.832250082581666106e-01,9.832247043265827102e-01,9.832210662424066827e-01,9.831807355854601527e-01,9.831807334157929290e-01,9.832210583319098696e-01,9.832246761111886890e-01,9.832248884606673567e-01,9.832241993724358808e-01,9.832150734235516332e-01,9.831566003050873359e-01,1.000000000000001776e+00,9.831566003050873359e-01,9.832150734235516332e-01,9.832241993724357698e-01,9.832248884606673567e-01,9.832246761111885780e-01,9.832210583319096475e-01,9.831807334157928180e-01,9.831807355854601527e-01,9.832210662424067937e-01,9.832247043265828212e-01,9.832250082581666106e-01,9.832249471615701619e-01,9.832242138186758629e-01,9.832150771246304100e-01,9.831566003050873359e-01,1.000000000000001776e+00,9.831565942217048715e-01,9.832150566261761426e-01,9.832241383314078709e-01,9.832245539739263851e-01,9.832210277687020161e-01,9.831807231223321786e-01,9.831807321055233695e-01,9.832210646966753620e-01,9.832247085357526117e-01,9.832250327751494989e-01,9.832250632609527141e-01,9.832249579093139680e-01,9.832242138186758629e-01,9.832150734235516332e-01,9.831565942217048715e-01,1.000000000000001776e+00,9.831565735730352085e-01,9.832149918285970625e-01,9.832238001226734081e-01,9.832209018865021299e-01,9.831806887154665997e-01,9.831807171275901425e-01,9.832210504613198010e-01,9.832246962409372237e-01,9.832250262364272686e-01,9.832250770301883547e-01,9.832250632609524921e-01,9.832249471615699399e-01,9.832241993724357698e-01,9.832150566261761426e-01,9.831565735730352085e-01,1.000000000000001776e+00,9.831564974636985976e-01,9.832146425526369082e-01,9.832201370084303615e-01,9.831805515153406727e-01,9.831806575765902334e-01,9.832209912243389249e-01,9.832246377499199719e-01,9.832249696865125177e-01,9.832250262364273796e-01,9.832250327751494989e-01,9.832250082581666106e-01,9.832248884606673567e-01,9.832241383314078709e-01,9.832149918285970625e-01,9.831564974636985976e-01,1.000000000000001776e+00,9.831561010072707996e-01,9.832109317350764544e-01,9.831797391134664554e-01,9.831803244442177681e-01,9.832206582246767468e-01,9.832243050670130824e-01,9.832246377499197498e-01,9.832246962409371127e-01,9.832247085357523897e-01,9.832247043265827102e-01,9.832246761111885780e-01,9.832245539739263851e-01,9.832238001226734081e-01,9.832146425526369082e-01,9.831561010072707996e-01,1.000000000000001776e+00,9.831520873952571682e-01,9.831702224782054023e-01,9.831766775454487961e-01,9.832170112487303992e-01,9.832206582246770799e-01,9.832209912243391470e-01,9.832210504613199120e-01,9.832210646966753620e-01,9.832210662424066827e-01,9.832210583319096475e-01,9.832210277687020161e-01,9.832209018865021299e-01,9.832201370084303615e-01,9.832109317350764544e-01,9.831520873952571682e-01,1.000000000000001776e+00,9.831077420158168545e-01,9.831363454590662521e-01,9.831766775454489071e-01,9.831803244442178791e-01,9.831806575765902334e-01,9.831807171275902535e-01,9.831807321055233695e-01,9.831807355854601527e-01,9.831807334157928180e-01,9.831807231223321786e-01,9.831806887154665997e-01,9.831805515153406727e-01,9.831797391134664554e-01,9.831702224782054023e-01,9.831077420158168545e-01,1.000000000000001776e+00
1.000000000000007772e+00,9.796398481478981735e-01,9.797353649934313902e-01,9.797489136660604281e-01,9.797500977986355331e-01,9.797503051774251182e-01,9.797503597716724633e-01,9.797503759487071751e-01,9.797503774966859202e-01,9.797503660471100773e-01,9.797503240251366208e-01,9.797501613396453202e-01,9.797492599153116988e-01,9.797394062496074252e-01,9.796354868302354912e-01,9.796398481478981735e-01,1.000000000000007772e+00,9.797547670569797251e-01,9.798403506341661906e-01,9.798530229515947099e-01,9.798540752299121914e-01,9.798542511130751143e-01,9.798542949771253951e-01,9.798543045167171783e-01,9.798542957870429726e-01,9.798542548124453688e-01,9.798540925591734396e-01,9.798531912475272332e-01,9.798433366396316346e-01,9.797394062496075362e-01,9.797353649934313902e-01,9.797547670569797251e-01,1.000000000000007772e+00,9.797656312161669989e-01,9.798503842756955962e-01,9.798629222651012993e-01,9.798639439026239906e-01,9.798641093803729385e-01,9.798641467251618664e-01,9.798641460350346888e-01,9.798641078024786788e-01,9.798639466096498163e-01,9.798630457436495744e-01,9.798531912475270111e-01,9.797492599153116988e-01,9.797489136660604281e-01,9.798403506341661906e-01,9.797656312161669989e-01,1.000000000000007772e+00,9.797667067875240887e-01,9.798513304597993301e-01,9.798638376125073934e-01,9.798648489325615385e-01,9.798650079232965604e-01,9.798650350500616169e-01,9.798650048618587904e-01,9.798648464134412928e-01,9.798639466096499273e-01,9.798540925591732176e-01,9.797501613396452091e-01,9.797500977986355331e-01,9.798530229515947099e-01,9.798503842756955962e-01,9.797667067875240887e-01,1.000000000000007772e+00,9.797669149526584409e-01,9.798515073415376975e-01,9.798640040312157629e-01,9.798650088624194510e-01,9.798651576363748283e-01,9.798651552656680863e-01,9.798650048618592345e-01,9.798641078024789008e-01,9.798542548124455909e-01,9.797503240251370649e-01,9.797503051774251182e-01,9.798540752299121914e-01,9.798629222651012993e-01,9.798513304597993301e-01,9.797669149526584409e-01,1.000000000000007772e+00,9.797669719103995201e-01,9.798515535929372966e-01,9.798640437471055620e-01,9.798650383598739300e-01,9.798651576363746063e-01,9.798650350500617279e-01,9.798641460350346888e-01,9.798542957870429726e-01,9.797503660471100773e-01,9.797503597716724633e-01,9.798542511130751143e-01,9.798639439026239906e-01,9.798638376125073934e-01,9.798515073415376975e-01,9.797669719103995201e-01,1.000000000000007772e+00,9.797669887610180872e-01,9.798515638223381785e-01,9.798640437471054510e-01,9.798650088624192289e-01,9.798650079232967824e-01,9.798641467251618664e-01,9.798543045167171783e-01,9.797503774966859202e-01,9.797503759487071751e-01,9.798542949771253951e-01,9.798641093803729385e-01,9.798648489325615385e-01,9.798640040312157629e-01,9.798515535929372966e-01,9.797669887610180872e-01,1.000000000000007772e+00,9.797669887610181982e-01,9.798515535929371856e-01,9.798640040312155408e-01,9.798648489325618716e-01,9.798641093803730495e-01,9.798542949771253951e-01,9.797503759487072861e-01,9.797503774966859202e-01,9.798543045167171783e-01,9.798641467251618664e-01,9.798650079232965604e-01,9.798650088624194510e-01,9.798640437471055620e-01,9.798515638223381785e-01,9.797669887610181982e-01,1.000000000000007772e+00,9.797669719103996311e-01,9.798515073415375864e-01,9.798638376125077265e-01,9.798639439026241016e-01,9.798542511130751143e-01,9.797503597716725743e-01,9.797503660471100773e-01,9.798542957870429726e-01,9.798641460350346888e-01,9.798650350500616169e-01,9.798651576363748283e-01,9.798650383598739300e-01,9.798640437471054510e-01,9.798515535929371856e-01,9.797669719103996311e-01,1.000000000000007772e+00,9.797669149526581078e-01,9.798513304597996632e-01,9.798629222651011883e-01,9.798540752299123024e-01,9.797503051774250071e-01,9.797503240251366208e-01,9.798542548124453688e-01,9.798641078024786788e-01,9.798650048618587904e-01,9.798651552656680863e-01,9.798651576363746063e-01,9.798650088624192289e-01,9.798640040312155408e-01,9.798515073415375864e-01,9.797669149526581078e-01,1.000000000000007772e+00,9.797667067875238667e-01,9.798503842756950410e-01,9.798530229515943768e-01,9.797500977986350890e-01,9.797501613396453202e-01,9.798540925591734396e-01,9.798639466096498163e-01,9.798648464134412928e-01,9.798650048618592345e-01,9.798650350500617279e-01,9.798650079232967824e-01,9.798648489325618716e-01,9.798638376125077265e-01,9.798513304597996632e-01,9.797667067875238667e-01,1.000000000000007772e+00,9.797656312161671099e-01,9.798403506341663016e-01,9.797489136660605391e-01,9.797492599153116988e-01,9.798531912475272332e-01,9.798630457436495744e-01,9.798639466096499273e-01,9.798641078024789008e-01,9.798641460350346888e-01,9.798641467251618664e-01,9.798641093803730495e-01,9.798639439026241016e-01,9.798629222651011883e-01,9.798503842756950410e-01,9.797656312161671099e-01,1.000000000000007772e+00,9.797547670569796141e-01,9.797353649934313902e-01,9.797394062496074252e-01,9.798433366396316346e-01,9.798531912475270111e-01,9.798540925591732176e-01,9.798542548124455909e-01,9.798542957870429726e-01,9.798543045167171783e-01,9.798542949771253951e-01,9.798542511130751143e-01,9.798540752299123024e-01,9.798530229515943768e-01,9.798403506341663016e-01,9.797547670569796141e-01,1.000000000000007772e+00,9.796398481478982845e-01,9.796354868302354912e-01,9.797394062496075362e-01,9.797492599153116988e-01,9.797501613396452091e-01,9.797503240251370649e-01,9.797503660471100773e-01,9.797503774966859202e-01,9.797503759487072861e-01,9.797503597716725743e-01,9.797503051774250071e-01,9.797500977986350890e-01,9.797489136660605391e-01,9.797353649934313902e-01,9.796398481478982845e-01,1.000000000000007772e+00
