1.000000000000000000e+00,1.000000000000000000e+00,1.000000000000000000e+00,1.000000000000000000e+00,1.000000000000000000e+00,1.000000000000000000e+00,1.000000000000000000e+00,1.000000000000000000e+00,1.000000000000000000e+00,1.000000000000000000e+00,1.000000000000000000e+00,1.000000000000000000e+00,1.000000000000000000e+00,1.000000000000000000e+00,1.000000000000000000e+00,1.000000000000000000e+00,1.000000000000000000e+00,1.000000000000000000e+00,1.000000000000000000e+00,1.000000000000000000e+00,1.000000000000000000e+00,1.000000000000000000e+00,1.000000000000000000e+00,1.000000000000000000e+00,1.000000000000000000e+00,1.000000000000000000e+00,1.000000000000000000e+00,1.000000000000000000e+00,1.000000000000000000e+00,1.000000000000000000e+00,1.000000000000000000e+00,1.000000000000000000e+00,1.000000000000000000e+00,1.000000000000000000e+00,1.000000000000000000e+00,1.000000000000000000e+00,1.000000000000000000e+00,1.000000000000000000e+00,1.000000000000000000e+00,1.000000000000000000e+00,1.000000000000000000e+00,1.000000000000000000e+00,1.000000000000000000e+00,1.000000000000000000e+00,1.000000000000000000e+00,1.000000000000000000e+00,1.000000000000000000e+00,1.000000000000000000e+00,1.000000000000000000e+00,1.000000000000000000e+00,1.000000000000000000e+00,1.000000000000000000e+00,1.000000000000000000e+00,1.000000000000000000e+00,1.000000000000000000e+00,1.000000000000000000e+00,1.000000000000000000e+00,1.000000000000000000e+00,1.000000000000000000e+00,1.000000000000000000e+00,1.000000000000000000e+00,1.000000000000000000e+00,1.000000000000000000e+00,1.000000000000000000e+00,1.000000000000000000e+00,1.000000000000000000e+00,1.000000000000000000e+00,1.000000000000000000e+00,1.000000000000000000e+00,1.000000000000000000e+00,1.000000000000000000e+00,1.000000000000000000e+00,1.000000000000000000e+00,1.000000000000000000e+00,1.000000000000000000e+00,1.000000000000000000e+00,1.000000000000000000e+00,1.000000000000000000e+00,1.000000000000000000e+00,1.000000000000000000e+00,1.000000000000000000e+00,1.000000000000000000e+00,1.000000000000000000e+00,1.000000000000000000e+00,1.000000000000000000e+00,1.000000000000000000e+00,1.000000000000000000e+00,1.000000000000000000e+00,1.000000000000000000e+00,1.000000000000000000e+00,1.000000000000000000e+00,1.000000000000000000e+00,1.000000000000000000e+00,1.000000000000000000e+00,1.000000000000000000e+00,1.000000000000000000e+00,1.000000000000000000e+00,1.000000000000000000e+00,1.000000000000000000e+00,1.000000000000000000e+00,1.000000000000000000e+00,1.000000000000000000e+00,1.000000000000000000e+00,1.000000000000000000e+00,1.000000000000000000e+00,1.000000000000000000e+00,1.000000000000000000e+00,1.000000000000000000e+00,1.000000000000000000e+00,1.000000000000000000e+00,1.000000000000000000e+00,1.000000000000000000e+00,1.000000000000000000e+00,1.000000000000000000e+00,1.000000000000000000e+00,1.000000000000000000e+00,1.000000000000000000e+00,1.000000000000000000e+00,1.000000000000000000e+00,1.000000000000000000e+00,1.000000000000000000e+00,1.000000000000000000e+00,1.000000000000000000e+00,1.000000000000000000e+00,1.000000000000000000e+00,1.000000000000000000e+00,1.000000000000000000e+00,1.000000000000000000e+00,1.000000000000000000e+00,1.000000000000000000e+00,1.000000000000000000e+00,1.000000000000000000e+00,1.000000000000000000e+00,1.000000000000000000e+00,1.000000000000000000e+00,1.000000000000000000e+00,1.000000000000000000e+00,1.000000000000000000e+00,1.000000000000000000e+00,1.000000000000000000e+00,1.000000000000000000e+00,1.000000000000000000e+00,1.000000000000000000e+00,1.000000000000000000e+00,1.000000000000000000e+00,1.000000000000000000e+00,1.000000000000000000e+00,1.000000000000000000e+00,1.000000000000000000e+00,1.000000000000000000e+00,1.000000000000000000e+00,1.000000000000000000e+00,1.000000000000000000e+00,1.000000000000000000e+00,1.000000000000000000e+00,1.000000000000000000e+00,1.000000000000000000e+00,1.000000000000000000e+00,1.000000000000000000e+00,1.000000000000000000e+00,1.000000000000000000e+00,1.000000000000000000e+00,1.000000000000000000e+00,1.000000000000000000e+00,1.000000000000000000e+00,1.000000000000000000e+00,1.000000000000000000e+00,1.000000000000000000e+00,1.000000000000000000e+00,1.000000000000000000e+00,1.000000000000000000e+00,1.000000000000000000e+00,1.000000000000000000e+00,1.000000000000000000e+00,1.000000000000000000e+00,1.000000000000000000e+00,1.000000000000000000e+00,1.000000000000000000e+00,1.000000000000000000e+00,1.000000000000000000e+00,1.000000000000000000e+00,1.000000000000000000e+00,1.000000000000000000e+00,1.000000000000000000e+00,1.000000000000000000e+00,1.000000000000000000e+00,1.000000000000000000e+00,1.000000000000000000e+00,1.000000000000000000e+00,1.000000000000000000e+00,1.000000000000000000e+00,1.000000000000000000e+00,1.000000000000000000e+00,1.000000000000000000e+00,1.000000000000000000e+00,1.000000000000000000e+00,1.000000000000000000e+00,1.000000000000000000e+00,1.000000000000000000e+00,1.000000000000000000e+00,1.000000000000000000e+00,1.000000000000000000e+00,1.000000000000000000e+00,1.000000000000000000e+00,1.000000000000000000e+00,1.000000000000000000e+00,1.000000000000000000e+00,1.000000000000000000e+00,1.000000000000000000e+00,1.000000000000000000e+00,1.000000000000000000e+00,1.000000000000000000e+00,1.000000000000000000e+00,1.000000000000000000e+00,1.000000000000000000e+00,1.000000000000000000e+00,1.000000000000000000e+00,1.000000000000000000e+00,1.000000000000000000e+00,1.000000000000000000e+00,1.000000000000000000e+00,1.000000000000000000e+00,1.000000000000000000e+00,1.000000000000000000e+00,1.000000000000000000e+00,1.000000000000000000e+00,1.000000000000000000e+00,1.000000000000000000e+00,1.000000000000000000e+00,1.000000000000000000e+00,1.000000000000000000e+00,1.000000000000000000e+00,1.000000000000000000e+00,1.000000000000000000e+00,1.000000000000000000e+00,1.000000000000000000e+00,1.000000000000000000e+00,1.000000000000000000e+00,1.000000000000000000e+00,1.000000000000000000e+00,1.000000000000000000e+00,1.000000000000000000e+00,1.000000000000000000e+00,1.000000000000000000e+00,1.000000000000000000e+00,1.000000000000000000e+00,1.000000000000000000e+00,1.000000000000000000e+00,1.000000000000000000e+00,1.000000000000000000e+00,1.000000000000000000e+00,1.000000000000000000e+00,1.000000000000000000e+00,1.000000000000000000e+00,1.000000000000000000e+00,1.000000000000000000e+00
9.999999999999982236e-01,8.132633533452297003e-01,8.215342357278316854e-01,8.215624465299051771e-01,8.215730104261608213e-01,8.215751257494011695e-01,8.215756776933109684e-01,8.215758532129192604e-01,8.215759131648923130e-01,8.215759241588139750e-01,8.215758923608861286e-01,8.215757651566176767e-01,8.215752710307004936e-01,8.215726884259361151e-01,8.215486144249326550e-01,8.201551801260247299e-01,8.132633533452297003e-01,9.999999999999982236e-01,8.148165836708590737e-01,8.229323978111834359e-01,8.229589989569932040e-01,8.229690413937272853e-01,8.229710330301092114e-01,8.229715462307085616e-01,8.229717043853619352e-01,8.229717489106892492e-01,8.229717300306402805e-01,8.229716081551815554e-01,8.229711157587862314e-01,8.229685300384811386e-01,8.229444158028496048e-01,8.215486144249325440e-01,8.215342357278316854e-01,8.148165836708590737e-01,9.999999999999982236e-01,8.148458331857367787e-01,8.229568329473753163e-01,8.229832405366213077e-01,8.229931997495101292e-01,8.229951633890896234e-01,8.229956627599914754e-01,8.229958068570252250e-01,8.229958221238519167e-01,8.229957135172201177e-01,8.229952268044582464e-01,8.229926436603600681e-01,8.229685300384812496e-01,8.215726884259361151e-01,8.215624465299051771e-01,8.229323978111834359e-01,8.148458331857367787e-01,9.999999999999982236e-01,8.148492114292688049e-01,8.229595387035442133e-01,8.229858721668755761e-01,8.229958025710465419e-01,8.229977521432134679e-01,8.229982373749515911e-01,8.229983521820849468e-01,8.229982777095340429e-01,8.229978042615559986e-01,8.229952268044582464e-01,8.229711157587862314e-01,8.215752710307004936e-01,8.215730104261608213e-01,8.229589989569932040e-01,8.229568329473753163e-01,8.148492114292688049e-01,9.999999999999982236e-01,8.148499020396977599e-01,8.229600771058829256e-01,8.229863842646200078e-01,8.229963005926210773e-01,8.229982360186998136e-01,8.229986919573990534e-01,8.229987170238615146e-01,8.229982777095341540e-01,8.229957135172201177e-01,8.229716081551817775e-01,8.215757651566176767e-01,8.215751257494011695e-01,8.229690413937272853e-01,8.229832405366213077e-01,8.229595387035442133e-01,8.148499020396977599e-01,9.999999999999982236e-01,8.148500952910838757e-01,8.229602236304360829e-01,8.229865174391649552e-01,8.229964196264908383e-01,8.229983257595868684e-01,8.229986919573991644e-01,8.229983521820850578e-01,8.229958221238520277e-01,8.229717300306406136e-01,8.215758923608863507e-01,8.215756776933109684e-01,8.229710330301092114e-01,8.229931997495101292e-01,8.229858721668755761e-01,8.229600771058829256e-01,8.148500952910838757e-01,9.999999999999982236e-01,8.148501583215508326e-01,8.229602668425711753e-01,8.229865467303952853e-01,8.229964196264906162e-01,8.229982360186998136e-01,8.229982373749517022e-01,8.229958068570252250e-01,8.229717489106893602e-01,8.215759241588140860e-01,8.215758532129192604e-01,8.229715462307085616e-01,8.229951633890896234e-01,8.229958025710465419e-01,8.229863842646200078e-01,8.229602236304360829e-01,8.148501583215508326e-01,9.999999999999982236e-01,8.148501738132081229e-01,8.229602668425708423e-01,8.229865174391645111e-01,8.229963005926207442e-01,8.229977521432132459e-01,8.229956627599911423e-01,8.229717043853618241e-01,8.215759131648922020e-01,8.215759131648923130e-01,8.229717043853619352e-01,8.229956627599914754e-01,8.229977521432134679e-01,8.229963005926210773e-01,8.229865174391649552e-01,8.229602668425711753e-01,8.148501738132081229e-01,9.999999999999982236e-01,8.148501583215508326e-01,8.229602236304360829e-01,8.229863842646198968e-01,8.229958025710465419e-01,8.229951633890896234e-01,8.229715462307088947e-01,8.215758532129193714e-01,8.215759241588139750e-01,8.229717489106892492e-01,8.229958068570252250e-01,8.229982373749515911e-01,8.229982360186998136e-01,8.229964196264908383e-01,8.229865467303952853e-01,8.229602668425708423e-01,8.148501583215508326e-01,9.999999999999982236e-01,8.148500952910835426e-01,8.229600771058825925e-01,8.229858721668753541e-01,8.229931997495099072e-01,8.229710330301091004e-01,8.215756776933108574e-01,8.215758923608861286e-01,8.229717300306402805e-01,8.229958221238519167e-01,8.229983521820849468e-01,8.229986919573990534e-01,8.229983257595868684e-01,8.229964196264906162e-01,8.229865174391645111e-01,8.229602236304360829e-01,8.148500952910835426e-01,9.999999999999982236e-01,8.148499020396972048e-01,8.229595387035441023e-01,8.229832405366211967e-01,8.229690413937271742e-01,8.215751257494010584e-01,8.215757651566176767e-01,8.229716081551815554e-01,8.229957135172201177e-01,8.229982777095340429e-01,8.229987170238615146e-01,8.229986919573991644e-01,8.229982360186998136e-01,8.229963005926207442e-01,8.229863842646198968e-01,8.229600771058825925e-01,8.148499020396972048e-01,9.999999999999982236e-01,8.148492114292685828e-01,8.229568329473754273e-01,8.229589989569932040e-01,8.215730104261609323e-01,8.215752710307004936e-01,8.229711157587862314e-01,8.229952268044582464e-01,8.229978042615559986e-01,8.229982777095341540e-01,8.229983521820850578e-01,8.229982373749517022e-01,8.229977521432132459e-01,8.229958025710465419e-01,8.229858721668753541e-01,8.229595387035441023e-01,8.148492114292685828e-01,9.999999999999982236e-01,8.148458331857366677e-01,8.229323978111832139e-01,8.215624465299051771e-01,8.215726884259361151e-01,8.229685300384811386e-01,8.229926436603600681e-01,8.229952268044582464e-01,8.229957135172201177e-01,8.229958221238520277e-01,8.229958068570252250e-01,8.229956627599911423e-01,8.229951633890896234e-01,8.229931997495099072e-01,8.229832405366211967e-01,8.229568329473754273e-01,8.148458331857366677e-01,9.999999999999982236e-01,8.148165836708589627e-01,8.215342357278317964e-01,8.215486144249326550e-01,8.229444158028496048e-01,8.229685300384812496e-01,8.229711157587862314e-01,8.229716081551817775e-01,8.229717300306406136e-01,8.229717489106893602e-01,8.229717043853618241e-01,8.229715462307088947e-01,8.229710330301091004e-01,8.229690413937271742e-01,8.229589989569932040e-01,8.229323978111832139e-01,8.148165836708589627e-01,9.999999999999982236e-01,8.132633533452300334e-01,8.201551801260247299e-01,8.215486144249325440e-01,8.215726884259361151e-01,8.215752710307004936e-01,8.215757651566176767e-01,8.215758923608863507e-01,8.215759241588140860e-01,8.215759131648922020e-01,8.215758532129193714e-01,8.215756776933108574e-01,8.215751257494010584e-01,8.215730104261609323e-01,8.215624465299051771e-01,8.215342357278317964e-01,8.132633533452300334e-01,9.999999999999982236e-01
1.000000000000004663e+00,5.581776000514337976e-01,6.064876754950523363e-01,6.069134028725690078e-01,6.068934333001181347e-01,6.069142303785052261e-01,6.069216343164025584e-01,6.069242946342821021e-01,6.069252261872906118e-01,6.069252829873988953e-01,6.069244067200030290e-01,6.069213235217945090e-01,6.069102133198138738e-01,6.068583053531488858e-01,6.062455127861944293e-01,5.937514135038308716e-01,5.581776000514337976e-01,1.000000000000004663e+00,5.751095238122707620e-01,6.192529792344674267e-01,6.196974492012252700e-01,6.196703705633491710e-01,6.196874883425815828e-01,6.196936710013675187e-01,6.196957864867504995e-01,6.196962761692903499e-01,6.196955565502937358e-01,6.196924852522334159e-01,6.196811772639434501e-01,6.196281948949396989e-01,6.190025168735007188e-01,6.062455127861949844e-01,6.064876754950523363e-01,5.751095238122707620e-01,1.000000000000004663e+00,5.759713013119083236e-01,6.198825249338788534e-01,6.203273123607342399e-01,6.202979163699653409e-01,6.203142633808219619e-01,6.203200798328949439e-01,6.203218313551958074e-01,6.203215867873398404e-01,6.203187090526678382e-01,6.203074776609558416e-01,6.202544839224856110e-01,6.196281948949393659e-01,6.068583053531491078e-01,6.069134028725690078e-01,6.192529792344674267e-01,5.759713013119083236e-01,1.000000000000004663e+00,5.760530915799358942e-01,6.199381855497827498e-01,6.203815194153349255e-01,6.203513761804866355e-01,6.203673556659702326e-01,6.203728079164644305e-01,6.203738253315773665e-01,6.203714234053185894e-01,6.203603878465128174e-01,6.203074776609567298e-01,6.196811772639440052e-01,6.069102133198152060e-01,6.068934333001181347e-01,6.196974492012252700e-01,6.198825249338788534e-01,5.760530915799358942e-01,1.000000000000004663e+00,5.760716673105917840e-01,6.199505442429654734e-01,6.203932979286287397e-01,6.203627897131157587e-01,6.203784047916518496e-01,6.203831229739784625e-01,6.203819830813701586e-01,6.203714234053195886e-01,6.203187090526698366e-01,6.196924852522349703e-01,6.069213235217967295e-01,6.069142303785052261e-01,6.196703705633491710e-01,6.203273123607342399e-01,6.199381855497827498e-01,5.760716673105917840e-01,1.000000000000004663e+00,5.760771774874392515e-01,6.199541175236332746e-01,6.203965532194395394e-01,6.203656811325696241e-01,6.203805620878091176e-01,6.203831229739787956e-01,6.203738253315789208e-01,6.203215867873422829e-01,6.196955565502960672e-01,6.069244067200054715e-01,6.069216343164025584e-01,6.196874883425815828e-01,6.202979163699653409e-01,6.203815194153349255e-01,6.199505442429654734e-01,5.760771774874392515e-01,1.000000000000004663e+00,5.760790270343095765e-01,6.199552011111766348e-01,6.203972872419644125e-01,6.203656811325690690e-01,6.203784047916519606e-01,6.203728079164652076e-01,6.203218313551981389e-01,6.196962761692919042e-01,6.069252829874014488e-01,6.069242946342821021e-01,6.196936710013675187e-01,6.203142633808219619e-01,6.203513761804866355e-01,6.203932979286287397e-01,6.199541175236332746e-01,5.760790270343095765e-01,1.000000000000004663e+00,5.760794872617103213e-01,6.199552011111748584e-01,6.203965532194370969e-01,6.203627897131139823e-01,6.203673556659695665e-01,6.203200798328954990e-01,6.196957864867507215e-01,6.069252261872911669e-01,6.069252261872906118e-01,6.196957864867504995e-01,6.203200798328949439e-01,6.203673556659702326e-01,6.203627897131157587e-01,6.203965532194395394e-01,6.199552011111766348e-01,5.760794872617103213e-01,1.000000000000004663e+00,5.760790270343084662e-01,6.199541175236321644e-01,6.203932979286277405e-01,6.203513761804866355e-01,6.203142633808231832e-01,6.196936710013685179e-01,6.069242946342836564e-01,6.069252829873988953e-01,6.196962761692903499e-01,6.203218313551958074e-01,6.203728079164644305e-01,6.203784047916518496e-01,6.203656811325696241e-01,6.203972872419644125e-01,6.199552011111748584e-01,5.760790270343084662e-01,1.000000000000004663e+00,5.760771774874353657e-01,6.199505442429631419e-01,6.203815194153333712e-01,6.202979163699647858e-01,6.196874883425808056e-01,6.069216343164025584e-01,6.069244067200030290e-01,6.196955565502937358e-01,6.203215867873398404e-01,6.203738253315773665e-01,6.203831229739784625e-01,6.203805620878091176e-01,6.203656811325690690e-01,6.203965532194370969e-01,6.199541175236321644e-01,5.760771774874353657e-01,1.000000000000004663e+00,5.760716673105881203e-01,6.199381855497810845e-01,6.203273123607332407e-01,6.196703705633479498e-01,6.069142303785046710e-01,6.069213235217945090e-01,6.196924852522334159e-01,6.203187090526678382e-01,6.203714234053185894e-01,6.203819830813701586e-01,6.203831229739787956e-01,6.203784047916519606e-01,6.203627897131139823e-01,6.203932979286277405e-01,6.199505442429631419e-01,5.760716673105881203e-01,1.000000000000004663e+00,5.760530915799341178e-01,6.198825249338786314e-01,6.196974492012241598e-01,6.068934333001180237e-01,6.069102133198138738e-01,6.196811772639434501e-01,6.203074776609558416e-01,6.203603878465128174e-01,6.203714234053195886e-01,6.203738253315789208e-01,6.203728079164652076e-01,6.203673556659695665e-01,6.203513761804866355e-01,6.203815194153333712e-01,6.199381855497810845e-01,5.760530915799341178e-01,1.000000000000004663e+00,5.759713013119092118e-01,6.192529792344679818e-01,6.069134028725696739e-01,6.068583053531488858e-01,6.196281948949396989e-01,6.202544839224856110e-01,6.203074776609567298e-01,6.203187090526698366e-01,6.203215867873422829e-01,6.203218313551981389e-01,6.203200798328954990e-01,6.203142633808231832e-01,6.202979163699647858e-01,6.203273123607332407e-01,6.198825249338786314e-01,5.759713013119092118e-01,1.000000000000004663e+00,5.751095238122724274e-01,6.064876754950545568e-01,6.062455127861944293e-01,6.190025168735007188e-01,6.196281948949393659e-01,6.196811772639440052e-01,6.196924852522349703e-01,6.196955565502960672e-01,6.196962761692919042e-01,6.196957864867507215e-01,6.196936710013685179e-01,6.196874883425808056e-01,6.196703705633479498e-01,6.196974492012241598e-01,6.192529792344679818e-01,5.751095238122724274e-01,1.000000000000004663e+00,5.581776000514356850e-01,5.937514135038308716e-01,6.062455127861949844e-01,6.068583053531491078e-01,6.069102133198152060e-01,6.069213235217967295e-01,6.069244067200054715e-01,6.069252829874014488e-01,6.069252261872911669e-01,6.069242946342836564e-01,6.069216343164025584e-01,6.069142303785046710e-01,6.068934333001180237e-01,6.069134028725696739e-01,6.064876754950545568e-01,5.581776000514356850e-01,1.000000000000004663e+00
1.000000000000007327e+00,6.279213483245056349e-01,6.631718797131286314e-01,6.640088502261485282e-01,6.635168695946448425e-01,6.635284039600152228e-01,6.635396592354366740e-01,6.635431904980869655e-01,6.635441953713933083e-01,6.635435669012350601e-01,6.635405955947150103e-01,6.635319089784276203e-01,6.635067483031893421e-01,6.634221077608245531e-01,6.613640831090550343e-01,6.302622478943906703e-01,6.279213483245056349e-01,1.000000000000007327e+00,6.695638191966245545e-01,6.958617386521634973e-01,6.967191727171856419e-01,6.962779549332483997e-01,6.962786116819249527e-01,6.962860127954044742e-01,6.962879111370841034e-01,6.962875370898837790e-01,6.962845373094740387e-01,6.962754742816082976e-01,6.962490961740765982e-01,6.961602904506578593e-01,6.940007132057188777e-01,6.613640831090563665e-01,6.631718797131286314e-01,6.695638191966245545e-01,1.000000000000007327e+00,6.722617476310636109e-01,6.980557476346764822e-01,6.988931781017305722e-01,6.984483139309892730e-01,6.984465716956618220e-01,6.984527704539540416e-01,6.984534941899751548e-01,6.984508915478206958e-01,6.984419799228073211e-01,6.984156049539202993e-01,6.983265656263958343e-01,6.961602904506559719e-01,6.634221077608242201e-01,6.640088502261485282e-01,6.958617386521634973e-01,6.722617476310636109e-01,1.000000000000007327e+00,6.724003775266120808e-01,6.981547041852265156e-01,6.989856794556250641e-01,6.985386299014680889e-01,6.985357272977441578e-01,6.985407652327240147e-01,6.985392690880480870e-01,6.985307664203003197e-01,6.985045694721134790e-01,6.984156049539224087e-01,6.962490961740770423e-01,6.635067483031912294e-01,6.635168695946448425e-01,6.967191727171856419e-01,6.980557476346764822e-01,6.724003775266120808e-01,1.000000000000007327e+00,6.724431872356508855e-01,6.981845551090242186e-01,6.990133626004280121e-01,6.985651971057507126e-01,6.985611324784348763e-01,6.985639503963877450e-01,6.985565542772748104e-01,6.985307664203044276e-01,6.984419799228138714e-01,6.962754742816127385e-01,6.635319089784335045e-01,6.635284039600152228e-01,6.962779549332483997e-01,6.988931781017305722e-01,6.981547041852265156e-01,6.724431872356508855e-01,1.000000000000007327e+00,6.724583006199947866e-01,6.981949381252817721e-01,6.990226257771294804e-01,6.985733170410550752e-01,6.985670324232085004e-01,6.985639503963880781e-01,6.985392690880528610e-01,6.984508915478275792e-01,6.962845373094793677e-01,6.635405955947211165e-01,6.635396592354366740e-01,6.962786116819249527e-01,6.984483139309892730e-01,6.989856794556250641e-01,6.981845551090242186e-01,6.724583006199947866e-01,1.000000000000007327e+00,6.724637194973107635e-01,6.981982963115114238e-01,6.990248411132916617e-01,6.985733170410539650e-01,6.985611324784342102e-01,6.985407652327269012e-01,6.984534941899812610e-01,6.962875370898869987e-01,6.635435669012407223e-01,6.635431904980869655e-01,6.962860127954044742e-01,6.984465716956618220e-01,6.985386299014680889e-01,6.990133626004280121e-01,6.981949381252817721e-01,6.724637194973107635e-01,1.000000000000007327e+00,6.724651041139491081e-01,6.981982963115078711e-01,6.990226257771243734e-01,6.985651971057462717e-01,6.985357272977439358e-01,6.984527704539562620e-01,6.962879111370846585e-01,6.635441953713946406e-01,6.635441953713933083e-01,6.962879111370841034e-01,6.984527704539540416e-01,6.985357272977441578e-01,6.985651971057507126e-01,6.990226257771294804e-01,6.981982963115114238e-01,6.724651041139491081e-01,1.000000000000007327e+00,6.724637194973079879e-01,6.981949381252786635e-01,6.990133626004246814e-01,6.985386299014686440e-01,6.984465716956651526e-01,6.962860127954064726e-01,6.635431904980900741e-01,6.635435669012350601e-01,6.962875370898837790e-01,6.984534941899751548e-01,6.985407652327240147e-01,6.985611324784348763e-01,6.985733170410550752e-01,6.990248411132916617e-01,6.981982963115078711e-01,6.724637194973079879e-01,1.000000000000007327e+00,6.724583006199860158e-01,6.981845551090177793e-01,6.989856794556220665e-01,6.984483139309887179e-01,6.962786116819230653e-01,6.635396592354365630e-01,6.635405955947150103e-01,6.962845373094740387e-01,6.984508915478206958e-01,6.985392690880480870e-01,6.985639503963877450e-01,6.985670324232085004e-01,6.985733170410539650e-01,6.990226257771243734e-01,6.981949381252786635e-01,6.724583006199860158e-01,1.000000000000007327e+00,6.724431872356411155e-01,6.981547041852227409e-01,6.988931781017285738e-01,6.962779549332449580e-01,6.635284039600132244e-01,6.635319089784276203e-01,6.962754742816082976e-01,6.984419799228073211e-01,6.985307664203003197e-01,6.985565542772748104e-01,6.985639503963880781e-01,6.985611324784342102e-01,6.985651971057462717e-01,6.990133626004246814e-01,6.981845551090177793e-01,6.724431872356411155e-01,1.000000000000007327e+00,6.724003775266080840e-01,6.980557476346760382e-01,6.967191727171819782e-01,6.635168695946436213e-01,6.635067483031893421e-01,6.962490961740765982e-01,6.984156049539202993e-01,6.985045694721134790e-01,6.985307664203044276e-01,6.985392690880528610e-01,6.985407652327269012e-01,6.985357272977439358e-01,6.985386299014686440e-01,6.989856794556220665e-01,6.981547041852227409e-01,6.724003775266080840e-01,1.000000000000007327e+00,6.722617476310671636e-01,6.958617386521651627e-01,6.640088502261501935e-01,6.634221077608245531e-01,6.961602904506578593e-01,6.983265656263958343e-01,6.984156049539224087e-01,6.984419799228138714e-01,6.984508915478275792e-01,6.984534941899812610e-01,6.984527704539562620e-01,6.984465716956651526e-01,6.984483139309887179e-01,6.988931781017285738e-01,6.980557476346760382e-01,6.722617476310671636e-01,1.000000000000007327e+00,6.695638191966288844e-01,6.631718797131340715e-01,6.613640831090550343e-01,6.940007132057188777e-01,6.961602904506559719e-01,6.962490961740770423e-01,6.962754742816127385e-01,6.962845373094793677e-01,6.962875370898869987e-01,6.962879111370846585e-01,6.962860127954064726e-01,6.962786116819230653e-01,6.962779549332449580e-01,6.967191727171819782e-01,6.958617386521651627e-01,6.695638191966288844e-01,1.000000000000007327e+00,6.279213483245094096e-01,6.302622478943906703e-01,6.613640831090563665e-01,6.634221077608242201e-01,6.635067483031912294e-01,6.635319089784335045e-01,6.635405955947211165e-01,6.635435669012407223e-01,6.635441953713946406e-01,6.635431904980900741e-01,6.635396592354365630e-01,6.635284039600132244e-01,6.635168695946436213e-01,6.640088502261501935e-01,6.631718797131340715e-01,6.279213483245094096e-01,1.000000000000007327e+00
1.000000000000006439e+00,8.990707132484462294e-01,9.024442315384143543e-01,9.025300298154828038e-01,9.023978429295759218e-01,9.024219266778698012e-01,9.024290228616738130e-01,9.024301863476303920e-01,9.024302773626321494e-01,9.024295385498628530e-01,9.024274311969811002e-01,9.024225168154214050e-01,9.024184751174687547e-01,9.025061450985825129e-01,9.011638995800969054e-01,8.688233567359868736e-01,8.990707132484462294e-01,1.000000000000006439e+00,9.351442871932899026e-01,9.359985381655980818e-01,9.360947073624140691e-01,9.360050303452518428e-01,9.360177320452047756e-01,9.360216286941558383e-01,9.360218203317616226e-01,9.360210375098509950e-01,9.360188426270977802e-01,9.360137399052494978e-01,9.360095444964281475e-01,9.361004758495138356e-01,9.347082662572243628e-01,9.011638995800983487e-01,9.024442315384143543e-01,9.351442871932899026e-01,1.000000000000006439e+00,9.364880018100288916e-01,9.374068866144406043e-01,9.374897421363370675e-01,9.374013914733578812e-01,9.374127961419085331e-01,9.374158178244702544e-01,9.374151836881590150e-01,9.374129965016193555e-01,9.374078908772678354e-01,9.374036911246572679e-01,9.374947587613253752e-01,9.361004758495120592e-01,9.025061450985821798e-01,9.025300298154828038e-01,9.359985381655980818e-01,9.364880018100288916e-01,1.000000000000006439e+00,9.363984068128490268e-01,9.373215444597292612e-01,9.374006546408707452e-01,9.373110702201744582e-01,9.373217347834286173e-01,9.373239504582988602e-01,9.373219166285570170e-01,9.373168239511506794e-01,9.373126300459734273e-01,9.374036911246589332e-01,9.360095444964279254e-01,9.024184751174699759e-01,9.023978429295759218e-01,9.360947073624140691e-01,9.374068866144406043e-01,9.363984068128490268e-01,1.000000000000006439e+00,9.364080077077914233e-01,9.373280147402012208e-01,9.374056319952518423e-01,9.373152727049397503e-01,9.373251285021586554e-01,9.373259448714932329e-01,9.373210054017290238e-01,9.373168239511540101e-01,9.374078908772729424e-01,9.360137399052527174e-01,9.024225168154258458e-01,9.024219266778698012e-01,9.360050303452518428e-01,9.374897421363370675e-01,9.373215444597292612e-01,9.364080077077914233e-01,1.000000000000006439e+00,9.364155594118943604e-01,9.373339531105158162e-01,9.374107346522834172e-01,9.373195778365546182e-01,9.373280342135072996e-01,9.373259448714940101e-01,9.373219166285611248e-01,9.374129965016249066e-01,9.360188426271018880e-01,9.024274311969862072e-01,9.024290228616738130e-01,9.360177320452047756e-01,9.374013914733578812e-01,9.374006546408707452e-01,9.373280147402012208e-01,9.364155594118943604e-01,1.000000000000006439e+00,9.364186741801687752e-01,9.373361659006955726e-01,9.374121304005554878e-01,9.373195778365532860e-01,9.373251285021581003e-01,9.373239504583014137e-01,9.374151836881634559e-01,9.360210375098534374e-01,9.024295385498668498e-01,9.024301863476303920e-01,9.360216286941558383e-01,9.374127961419085331e-01,9.373110702201744582e-01,9.374056319952518423e-01,9.373339531105158162e-01,9.364186741801687752e-01,1.000000000000006439e+00,9.364195105039498923e-01,9.373361659006926860e-01,9.374107346522791984e-01,9.373152727049361976e-01,9.373217347834282842e-01,9.374158178244718087e-01,9.360218203317614005e-01,9.024302773626331486e-01,9.024302773626321494e-01,9.360218203317616226e-01,9.374158178244702544e-01,9.373217347834286173e-01,9.373152727049397503e-01,9.374107346522834172e-01,9.373361659006955726e-01,9.364195105039498923e-01,1.000000000000006439e+00,9.364186741801667768e-01,9.373339531105127076e-01,9.374056319952493999e-01,9.373110702201752353e-01,9.374127961419109756e-01,9.360216286941566155e-01,9.024301863476326124e-01,9.024295385498628530e-01,9.360210375098509950e-01,9.374151836881590150e-01,9.373239504582988602e-01,9.373251285021586554e-01,9.373195778365546182e-01,9.374121304005554878e-01,9.373361659006926860e-01,9.364186741801667768e-01,1.000000000000006439e+00,9.364155594118881432e-01,9.373280147401957807e-01,9.374006546408686358e-01,9.374013914733573261e-01,9.360177320452025551e-01,9.024290228616730358e-01,9.024274311969811002e-01,9.360188426270977802e-01,9.374129965016193555e-01,9.373219166285570170e-01,9.373259448714932329e-01,9.373280342135072996e-01,9.373195778365532860e-01,9.374107346522791984e-01,9.373339531105127076e-01,9.364155594118881432e-01,1.000000000000006439e+00,9.364080077077844289e-01,9.373215444597258195e-01,9.374897421363351802e-01,9.360050303452482900e-01,9.024219266778679138e-01,9.024225168154214050e-01,9.360137399052494978e-01,9.374078908772678354e-01,9.373168239511506794e-01,9.373210054017290238e-01,9.373259448714940101e-01,9.373251285021581003e-01,9.373152727049361976e-01,9.374056319952493999e-01,9.373280147401957807e-01,9.364080077077844289e-01,1.000000000000006439e+00,9.363984068128461402e-01,9.374068866144396051e-01,9.360947073624112935e-01,9.023978429295748116e-01,9.024184751174687547e-01,9.360095444964281475e-01,9.374036911246572679e-01,9.373126300459734273e-01,9.373168239511540101e-01,9.373219166285611248e-01,9.373239504583014137e-01,9.373217347834282842e-01,9.373110702201752353e-01,9.374006546408686358e-01,9.373215444597258195e-01,9.363984068128461402e-01,1.000000000000006439e+00,9.364880018100315562e-01,9.359985381655986370e-01,9.025300298154844691e-01,9.025061450985825129e-01,9.361004758495138356e-01,9.374947587613253752e-01,9.374036911246589332e-01,9.374078908772729424e-01,9.374129965016249066e-01,9.374151836881634559e-01,9.374158178244718087e-01,9.374127961419109756e-01,9.374013914733573261e-01,9.374897421363351802e-01,9.374068866144396051e-01,9.364880018100315562e-01,1.000000000000006439e+00,9.351442871932923451e-01,9.024442315384181290e-01,9.011638995800969054e-01,9.347082662572243628e-01,9.361004758495120592e-01,9.360095444964279254e-01,9.360137399052527174e-01,9.360188426271018880e-01,9.360210375098534374e-01,9.360218203317614005e-01,9.360216286941566155e-01,9.360177320452025551e-01,9.360050303452482900e-01,9.360947073624112935e-01,9.359985381655986370e-01,9.351442871932923451e-01,1.000000000000006439e+00,8.990707132484482278e-01,8.688233567359868736e-01,9.011638995800983487e-01,9.025061450985821798e-01,9.024184751174699759e-01,9.024225168154258458e-01,9.024274311969862072e-01,9.024295385498668498e-01,9.024302773626331486e-01,9.024301863476326124e-01,9.024290228616730358e-01,9.024219266778679138e-01,9.023978429295748116e-01,9.025300298154844691e-01,9.024442315384181290e-01,8.990707132484482278e-01,1.000000000000006439e+00
1.000000000000008216e+00,9.756224111939281185e-01,9.742406035753077287e-01,9.743059921780363730e-01,9.742548628802258914e-01,9.742479744916678897e-01,9.742467059821154907e-01,9.742462030210945478e-01,9.742462500360636879e-01,9.742469497835863912e-01,9.742488355635888775e-01,9.742532338700031769e-01,9.742575007877194437e-01,9.742249963524856060e-01,9.757218914131142729e-01,9.874427620621888391e-01,9.756224111939281185e-01,1.000000000000008216e+00,9.623535429029549393e-01,9.626899179776808868e-01,9.627467384072976309e-01,9.626781993761595047e-01,9.626806997749378647e-01,9.626818478617689134e-01,9.626820166077355578e-01,9.626827142432471396e-01,9.626845785413380430e-01,9.626889245661175432e-01,9.626931405850505108e-01,9.626610218381752571e-01,9.641401489186973706e-01,9.757218914131138288e-01,9.742406035753077287e-01,9.623535429029549393e-01,1.000000000000008216e+00,9.608815459436019779e-01,9.612129057621736639e-01,9.612700229250893402e-01,9.611997871088755474e-01,9.612030725589777447e-01,9.612049347492310769e-01,9.612057898795804967e-01,9.612076704525629456e-01,9.612120172742703028e-01,9.612162303916435002e-01,9.611841627881964056e-01,9.626610218381767003e-01,9.742249963524869383e-01,9.743059921780363730e-01,9.626899179776808868e-01,9.608815459436019779e-01,1.000000000000008216e+00,9.609097014029457373e-01,9.612410015291958931e-01,9.613006513070257997e-01,9.612313009136744801e-01,9.612351487255877958e-01,9.612376737949587246e-01,9.612397106866048535e-01,9.612440756923631424e-01,9.612482957802249706e-01,9.612162303916422790e-01,9.626931405850503998e-01,9.742575007877193327e-01,9.742548628802258914e-01,9.627467384072976309e-01,9.612129057621736639e-01,9.609097014029457373e-01,1.000000000000008216e+00,9.609009912041474033e-01,9.612349681008541813e-01,9.612958034360505888e-01,9.612270999198416765e-01,9.612316124206042867e-01,9.612353171648446715e-01,9.612398378402611243e-01,9.612440756923604779e-01,9.612120172742663060e-01,9.626889245661148786e-01,9.742532338700002903e-01,9.742479744916678897e-01,9.626781993761595047e-01,9.612700229250893402e-01,9.612410015291958931e-01,9.609009912041474033e-01,1.000000000000008216e+00,9.608946934206069601e-01,9.612299663019816531e-01,9.612914774146207320e-01,9.612234364812400900e-01,9.612291286486341901e-01,9.612353171648441164e-01,9.612397106866017449e-01,9.612076704525583937e-01,9.626845785413349343e-01,9.742488355635854358e-01,9.742467059821154907e-01,9.626806997749378647e-01,9.611997871088755474e-01,9.613006513070257997e-01,9.612349681008541813e-01,9.608946934206069601e-01,1.000000000000008216e+00,9.608921271317518720e-01,9.612281162776595833e-01,9.612902993097108828e-01,9.612234364812412002e-01,9.612316124206049528e-01,9.612376737949568373e-01,9.612057898795769439e-01,9.626827142432450302e-01,9.742469497835839487e-01,9.742462030210945478e-01,9.626818478617689134e-01,9.612030725589777447e-01,9.612313009136744801e-01,9.612958034360505888e-01,9.612299663019816531e-01,9.608921271317518720e-01,1.000000000000008216e+00,9.608914447773340139e-01,9.612281162776618038e-01,9.612914774146240626e-01,9.612270999198444521e-01,9.612351487255880178e-01,9.612049347492297446e-01,9.626820166077356689e-01,9.742462500360633548e-01,9.742462500360636879e-01,9.626820166077355578e-01,9.612049347492310769e-01,9.612351487255877958e-01,9.612270999198416765e-01,9.612914774146207320e-01,9.612281162776595833e-01,9.608914447773340139e-01,1.000000000000008216e+00,9.608921271317533153e-01,9.612299663019842066e-01,9.612958034360525872e-01,9.612313009136738140e-01,9.612030725589756353e-01,9.626818478617683583e-01,9.742462030210936597e-01,9.742469497835863912e-01,9.626827142432471396e-01,9.612057898795804967e-01,9.612376737949587246e-01,9.612316124206042867e-01,9.612234364812400900e-01,9.612902993097108828e-01,9.612281162776618038e-01,9.608921271317533153e-01,1.000000000000008216e+00,9.608946934206118451e-01,9.612349681008584001e-01,9.613006513070273540e-01,9.611997871088755474e-01,9.626806997749395300e-01,9.742467059821169340e-01,9.742488355635888775e-01,9.626845785413380430e-01,9.612076704525629456e-01,9.612397106866048535e-01,9.612353171648446715e-01,9.612291286486341901e-01,9.612234364812412002e-01,9.612914774146240626e-01,9.612299663019842066e-01,9.608946934206118451e-01,1.000000000000008216e+00,9.609009912041528434e-01,9.612410015291985577e-01,9.612700229250904504e-01,9.626781993761621692e-01,9.742479744916702211e-01,9.742532338700031769e-01,9.626889245661175432e-01,9.612120172742703028e-01,9.612440756923631424e-01,9.612398378402611243e-01,9.612353171648441164e-01,9.612316124206049528e-01,9.612270999198444521e-01,9.612958034360525872e-01,9.612349681008584001e-01,9.609009912041528434e-01,1.000000000000008216e+00,9.609097014029478467e-01,9.612129057621743300e-01,9.627467384072996293e-01,9.742548628802277788e-01,9.742575007877194437e-01,9.626931405850505108e-01,9.612162303916435002e-01,9.612482957802249706e-01,9.612440756923604779e-01,9.612397106866017449e-01,9.612376737949568373e-01,9.612351487255880178e-01,9.612313009136738140e-01,9.613006513070273540e-01,9.612410015291985577e-01,9.609097014029478467e-01,1.000000000000008216e+00,9.608815459436000905e-01,9.626899179776804427e-01,9.743059921780352628e-01,9.742249963524856060e-01,9.626610218381752571e-01,9.611841627881964056e-01,9.612162303916422790e-01,9.612120172742663060e-01,9.612076704525583937e-01,9.612057898795769439e-01,9.612049347492297446e-01,9.612030725589756353e-01,9.611997871088755474e-01,9.612700229250904504e-01,9.612129057621743300e-01,9.608815459436000905e-01,1.000000000000008216e+00,9.623535429029531629e-01,9.742406035753055082e-01,9.757218914131142729e-01,9.641401489186973706e-01,9.626610218381767003e-01,9.626931405850503998e-01,9.626889245661148786e-01,9.626845785413349343e-01,9.626827142432450302e-01,9.626820166077356689e-01,9.626818478617683583e-01,9.626806997749395300e-01,9.626781993761621692e-01,9.627467384072996293e-01,9.626899179776804427e-01,9.623535429029531629e-01,1.000000000000008216e+00,9.756224111939273413e-01,9.874427620621888391e-01,9.757218914131138288e-01,9.742249963524869383e-01,9.742575007877193327e-01,9.742532338700002903e-01,9.742488355635854358e-01,9.742469497835839487e-01,9.742462500360633548e-01,9.742462030210936597e-01,9.742467059821169340e-01,9.742479744916702211e-01,9.742548628802277788e-01,9.743059921780352628e-01,9.742406035753055082e-01,9.756224111939273413e-01,1.000000000000008216e+00
