1.000000000000000000e+00,1.000000000000000000e+00,1.000000000000000000e+00,1.000000000000000000e+00,1.000000000000000000e+00,1.000000000000000000e+00,1.000000000000000000e+00,1.000000000000000000e+00,1.000000000000000000e+00,1.000000000000000000e+00,1.000000000000000000e+00,1.000000000000000000e+00,1.000000000000000000e+00,1.000000000000000000e+00,1.000000000000000000e+00,1.000000000000000000e+00,1.000000000000000000e+00,1.000000000000000000e+00,1.000000000000000000e+00,1.000000000000000000e+00,1.000000000000000000e+00,1.000000000000000000e+00,1.000000000000000000e+00,1.000000000000000000e+00,1.000000000000000000e+00,1.000000000000000000e+00,1.000000000000000000e+00,1.000000000000000000e+00,1.000000000000000000e+00,1.000000000000000000e+00,1.000000000000000000e+00,1.000000000000000000e+00,1.000000000000000000e+00,1.000000000000000000e+00,1.000000000000000000e+00,1.000000000000000000e+00,1.000000000000000000e+00,1.000000000000000000e+00,1.000000000000000000e+00,1.000000000000000000e+00,1.000000000000000000e+00,1.000000000000000000e+00,1.000000000000000000e+00,1.000000000000000000e+00,1.000000000000000000e+00,1.000000000000000000e+00,1.000000000000000000e+00,1.000000000000000000e+00,1.000000000000000000e+00,1.000000000000000000e+00,1.000000000000000000e+00,1.000000000000000000e+00,1.000000000000000000e+00,1.000000000000000000e+00,1.000000000000000000e+00,1.000000000000000000e+00,1.000000000000000000e+00,1.000000000000000000e+00,1.000000000000000000e+00,1.000000000000000000e+00,1.000000000000000000e+00,1.000000000000000000e+00,1.000000000000000000e+00,1.000000000000000000e+00,1.000000000000000000e+00,1.000000000000000000e+00,1.000000000000000000e+00,1.000000000000000000e+00,1.000000000000000000e+00,1.000000000000000000e+00,1.000000000000000000e+00,1.000000000000000000e+00,1.000000000000000000e+00,1.000000000000000000e+00,1.000000000000000000e+00,1.000000000000000000e+00,1.000000000000000000e+00,1.000000000000000000e+00,1.000000000000000000e+00,1.000000000000000000e+00,1.000000000000000000e+00,1.000000000000000000e+00,1.000000000000000000e+00,1.000000000000000000e+00,1.000000000000000000e+00,1.000000000000000000e+00,1.000000000000000000e+00,1.000000000000000000e+00,1.000000000000000000e+00,1.000000000000000000e+00,1.000000000000000000e+00,1.000000000000000000e+00,1.000000000000000000e+00,1.000000000000000000e+00,1.000000000000000000e+00,1.000000000000000000e+00,1.000000000000000000e+00,1.000000000000000000e+00,1.000000000000000000e+00,1.000000000000000000e+00,1.000000000000000000e+00,1.000000000000000000e+00,1.000000000000000000e+00,1.000000000000000000e+00,1.000000000000000000e+00,1.000000000000000000e+00,1.000000000000000000e+00,1.000000000000000000e+00,1.000000000000000000e+00,1.000000000000000000e+00,1.000000000000000000e+00,1.000000000000000000e+00,1.000000000000000000e+00,1.000000000000000000e+00,1.000000000000000000e+00,1.000000000000000000e+00,1.000000000000000000e+00,1.000000000000000000e+00,1.000000000000000000e+00,1.000000000000000000e+00,1.000000000000000000e+00,1.000000000000000000e+00,1.000000000000000000e+00,1.000000000000000000e+00,1.000000000000000000e+00,1.000000000000000000e+00,1.000000000000000000e+00,1.000000000000000000e+00,1.000000000000000000e+00,1.000000000000000000e+00,1.000000000000000000e+00,1.000000000000000000e+00,1.000000000000000000e+00,1.000000000000000000e+00,1.000000000000000000e+00,1.000000000000000000e+00,1.000000000000000000e+00,1.000000000000000000e+00,1.000000000000000000e+00,1.000000000000000000e+00,1.000000000000000000e+00,1.000000000000000000e+00,1.000000000000000000e+00,1.000000000000000000e+00,1.000000000000000000e+00,1.000000000000000000e+00,1.000000000000000000e+00,1.000000000000000000e+00,1.000000000000000000e+00,1.000000000000000000e+00,1.000000000000000000e+00,1.000000000000000000e+00,1.000000000000000000e+00,1.000000000000000000e+00,1.000000000000000000e+00,1.000000000000000000e+00,1.000000000000000000e+00,1.000000000000000000e+00,1.000000000000000000e+00,1.000000000000000000e+00,1.000000000000000000e+00,1.000000000000000000e+00,1.000000000000000000e+00,1.000000000000000000e+00,1.000000000000000000e+00,1.000000000000000000e+00,1.000000000000000000e+00,1.000000000000000000e+00,1.000000000000000000e+00,1.000000000000000000e+00,1.000000000000000000e+00,1.000000000000000000e+00,1.000000000000000000e+00,1.000000000000000000e+00,1.000000000000000000e+00,1.000000000000000000e+00,1.000000000000000000e+00,1.000000000000000000e+00,1.000000000000000000e+00,1.000000000000000000e+00,1.000000000000000000e+00,1.000000000000000000e+00,1.000000000000000000e+00,1.000000000000000000e+00,1.000000000000000000e+00,1.000000000000000000e+00,1.000000000000000000e+00,1.000000000000000000e+00,1.000000000000000000e+00,1.000000000000000000e+00,1.000000000000000000e+00,1.000000000000000000e+00,1.000000000000000000e+00,1.000000000000000000e+00,1.000000000000000000e+00,1.000000000000000000e+00,1.000000000000000000e+00,1.000000000000000000e+00,1.000000000000000000e+00,1.000000000000000000e+00,1.000000000000000000e+00,1.000000000000000000e+00,1.000000000000000000e+00,1.000000000000000000e+00,1.000000000000000000e+00,1.000000000000000000e+00,1.000000000000000000e+00,1.000000000000000000e+00,1.000000000000000000e+00,1.000000000000000000e+00,1.000000000000000000e+00,1.000000000000000000e+00,1.000000000000000000e+00,1.000000000000000000e+00,1.000000000000000000e+00,1.000000000000000000e+00,1.000000000000000000e+00,1.000000000000000000e+00,1.000000000000000000e+00,1.000000000000000000e+00,1.000000000000000000e+00,1.000000000000000000e+00,1.000000000000000000e+00,1.000000000000000000e+00,1.000000000000000000e+00
1.000000000000001998e+00,6.896814773407414778e-01,7.122006088815521219e-01,7.119750200104217885e-01,7.120086468152609926e-01,7.120162343095089996e-01,7.120183784582699849e-01,7.120190714678067412e-01,7.120192583231593764e-01,7.120191283577390617e-01,7.120184405632590252e-01,7.120157552523813660e-01,7.120022671276255988e-01,7.118907771465086132e-01,7.065588192919084465e-01,6.896814773407414778e-01,1.000000000000001998e+00,6.960600708453551499e-01,7.175714120359728554e-01,7.173526336129389946e-01,7.173829749602084194e-01,7.173897754556337603e-01,7.173916578966652580e-01,7.173922074319956099e-01,7.173922032470040344e-01,7.173915600639202417e-01,7.173888759427530237e-01,7.173752960035325588e-01,7.172629696190341297e-01,7.118907771465090573e-01,7.122006088815521219e-01,6.960600708453551499e-01,1.000000000000001998e+00,6.962088242365145341e-01,7.176858062971606111e-01,7.174657388196128416e-01,7.174955679988813673e-01,7.175021908227671164e-01,7.175039595317713736e-01,7.175043304851300707e-01,7.175038200826532320e-01,7.175011882808350894e-01,7.174876291795445615e-01,7.173752960035327808e-01,7.120022671276262649e-01,7.119750200104217885e-01,7.175714120359728554e-01,6.962088242365145341e-01,1.000000000000001998e+00,6.962279817175256458e-01,7.177000761424674469e-01,7.174795822003927626e-01,7.175092308691972676e-01,7.175157393330282574e-01,7.175173292439291917e-01,7.175171939122186870e-01,7.175146949142527930e-01,7.175011882808346453e-01,7.173888759427528017e-01,7.120157552523814770e-01,7.120086468152609926e-01,7.173526336129389946e-01,7.176858062971606111e-01,6.962279817175256458e-01,1.000000000000001998e+00,6.962320467754156139e-01,7.177030261911907516e-01,7.174823703718725687e-01,7.175119045187731137e-01,7.175182341975305800e-01,7.175193178324728027e-01,7.175171939122193532e-01,7.175038200826532320e-01,7.173915600639206858e-01,7.120184405632596913e-01,7.120162343095089996e-01,7.173829749602084194e-01,7.174657388196128416e-01,7.177000761424674469e-01,6.962320467754156139e-01,1.000000000000001998e+00,6.962331907391329233e-01,7.177038208245053452e-01,7.174830554824102036e-01,7.175124107940078488e-01,7.175182341975303579e-01,7.175173292439296358e-01,7.175043304851299597e-01,7.173922032470039234e-01,7.120191283577395058e-01,7.120183784582699849e-01,7.173897754556337603e-01,7.174955679988813673e-01,7.174795822003927626e-01,7.177030261911907516e-01,6.962331907391329233e-01,1.000000000000001998e+00,6.962335332838046620e-01,7.177039985399895627e-01,7.174830554824102036e-01,7.175119045187727806e-01,7.175157393330287015e-01,7.175039595317713736e-01,7.173922074319957209e-01,7.120192583231598205e-01,7.120190714678067412e-01,7.173916578966652580e-01,7.175021908227671164e-01,7.175092308691972676e-01,7.174823703718725687e-01,7.177038208245053452e-01,6.962335332838046620e-01,1.000000000000001998e+00,6.962335332838044399e-01,7.177038208245052342e-01,7.174823703718721246e-01,7.175092308691977117e-01,7.175021908227667833e-01,7.173916578966651469e-01,7.120190714678070742e-01,7.120192583231593764e-01,7.173922074319956099e-01,7.175039595317713736e-01,7.175157393330282574e-01,7.175119045187731137e-01,7.174830554824102036e-01,7.177039985399895627e-01,6.962335332838044399e-01,1.000000000000001998e+00,6.962331907391323682e-01,7.177030261911900855e-01,7.174795822003927626e-01,7.174955679988808122e-01,7.173897754556335382e-01,7.120183784582699849e-01,7.120191283577390617e-01,7.173922032470040344e-01,7.175043304851300707e-01,7.175173292439291917e-01,7.175182341975305800e-01,7.175124107940078488e-01,7.174830554824102036e-01,7.177038208245052342e-01,6.962331907391323682e-01,1.000000000000001998e+00,6.962320467754147257e-01,7.177000761424673358e-01,7.174657388196121754e-01,7.173829749602080863e-01,7.120162343095092217e-01,7.120184405632590252e-01,7.173915600639202417e-01,7.175038200826532320e-01,7.175171939122186870e-01,7.175193178324728027e-01,7.175182341975303579e-01,7.175119045187727806e-01,7.174823703718721246e-01,7.177030261911900855e-01,6.962320467754147257e-01,1.000000000000001998e+00,6.962279817175253127e-01,7.176858062971596119e-01,7.173526336129383285e-01,7.120086468152609926e-01,7.120157552523813660e-01,7.173888759427530237e-01,7.175011882808350894e-01,7.175146949142527930e-01,7.175171939122193532e-01,7.175173292439296358e-01,7.175157393330287015e-01,7.175092308691977117e-01,7.174795822003927626e-01,7.177000761424673358e-01,6.962279817175253127e-01,1.000000000000001998e+00,6.962088242365145341e-01,7.175714120359728554e-01,7.119750200104224547e-01,7.120022671276255988e-01,7.173752960035325588e-01,7.174876291795445615e-01,7.175011882808346453e-01,7.175038200826532320e-01,7.175043304851299597e-01,7.175039595317713736e-01,7.175021908227667833e-01,7.174955679988808122e-01,7.174657388196121754e-01,7.176858062971596119e-01,6.962088242365145341e-01,1.000000000000001998e+00,6.960600708453545948e-01,7.122006088815521219e-01,7.118907771465086132e-01,7.172629696190341297e-01,7.173752960035327808e-01,7.173888759427528017e-01,7.173915600639206858e-01,7.173922032470039234e-01,7.173922074319957209e-01,7.173916578966651469e-01,7.173897754556335382e-01,7.173829749602080863e-01,7.173526336129383285e-01,7.175714120359728554e-01,6.960600708453545948e-01,1.000000000000001998e+00,6.896814773407420329e-01,7.065588192919084465e-01,7.118907771465090573e-01,7.120022671276262649e-01,7.120157552523814770e-01,7.120184405632596913e-01,7.120191283577395058e-01,7.120192583231598205e-01,7.120190714678070742e-01,7.120183784582699849e-01,7.120162343095092217e-01,7.120086468152609926e-01,7.119750200104224547e-01,7.122006088815521219e-01,6.896814773407420329e-01,1.000000000000001998e+00
9.999999999999988898e-01,7.497780034806752480e-01,7.652832879343347550e-01,7.637370069630483593e-01,7.638607339574834398e-01,7.638723653627352839e-01,7.638753227938213097e-01,7.638762219256826080e-01,7.638761116238833582e-01,7.638748659152554410e-01,7.638710159232898755e-01,7.638589846082249890e-01,7.638219533039185549e-01,7.637066880114139478e-01,7.368885385142383004e-01,7.497780034806752480e-01,9.999999999999988898e-01,7.808684701096866299e-01,7.928770218842275952e-01,7.915767292292772428e-01,7.916675322581093743e-01,7.916748490914844449e-01,7.916763275874535433e-01,7.916763623710074693e-01,7.916751203158887140e-01,7.916711482602403205e-01,7.916586861845825718e-01,7.916203100650460733e-01,7.915008510630537897e-01,7.637066880114150580e-01,7.652832879343347550e-01,7.808684701096866299e-01,9.999999999999988898e-01,7.810488795701162612e-01,7.930070604062533501e-01,7.916997930229113800e-01,7.917884113349871189e-01,7.917946884885133096e-01,7.917954682964102320e-01,7.917944572832501526e-01,7.917905711441138861e-01,7.917781437643343079e-01,7.917397786825014494e-01,7.916203100650465174e-01,7.638219533039198872e-01,7.637370069630483593e-01,7.928770218842275952e-01,7.810488795701162612e-01,9.999999999999988898e-01,7.811056272043106485e-01,7.930489812346456224e-01,7.917396198120711936e-01,7.918271705384865022e-01,7.918327420415273155e-01,7.918324731382329063e-01,7.918288166904230430e-01,7.918164745305619201e-01,7.917781437643335307e-01,7.916586861845819056e-01,7.638589846082255441e-01,7.638607339574834398e-01,7.915767292292772428e-01,7.930070604062533501e-01,7.811056272043106485e-01,9.999999999999988898e-01,7.811240585296594929e-01,7.930627038956739039e-01,7.917524803515649801e-01,7.918393200048927660e-01,7.918438431883015882e-01,7.918409290657028032e-01,7.918288166904242642e-01,7.917905711441138861e-01,7.916711482602409866e-01,7.638710159232913188e-01,7.638723653627352839e-01,7.916675322581093743e-01,7.916997930229113800e-01,7.930489812346456224e-01,7.811240585296594929e-01,9.999999999999988898e-01,7.811301218150100700e-01,7.930670419537306781e-01,7.917561760512003000e-01,7.918419652288818389e-01,7.918438431883010331e-01,7.918324731382335724e-01,7.917944572832498196e-01,7.916751203158886030e-01,7.638748659152564402e-01,7.638753227938213097e-01,7.916748490914844449e-01,7.917884113349871189e-01,7.917396198120711936e-01,7.930627038956739039e-01,7.811301218150100700e-01,9.999999999999988898e-01,7.811320709426931019e-01,7.930680759202194396e-01,7.917561760512007440e-01,7.918393200048926550e-01,7.918327420415280926e-01,7.917954682964103430e-01,7.916763623710081355e-01,7.638761116238845794e-01,7.638762219256826080e-01,7.916763275874535433e-01,7.917946884885133096e-01,7.918271705384865022e-01,7.917524803515649801e-01,7.930670419537306781e-01,7.811320709426931019e-01,9.999999999999988898e-01,7.811320709426926578e-01,7.930670419537309002e-01,7.917524803515645360e-01,7.918271705384869463e-01,7.917946884885128656e-01,7.916763275874537653e-01,7.638762219256837183e-01,7.638761116238833582e-01,7.916763623710074693e-01,7.917954682964102320e-01,7.918327420415273155e-01,7.918393200048927660e-01,7.917561760512003000e-01,7.930680759202194396e-01,7.811320709426926578e-01,9.999999999999988898e-01,7.811301218150097370e-01,7.930627038956731267e-01,7.917396198120713047e-01,7.917884113349864528e-01,7.916748490914842229e-01,7.638753227938221979e-01,7.638748659152554410e-01,7.916751203158887140e-01,7.917944572832501526e-01,7.918324731382329063e-01,7.918438431883015882e-01,7.918419652288818389e-01,7.917561760512007440e-01,7.930670419537309002e-01,7.811301218150097370e-01,9.999999999999988898e-01,7.811240585296588268e-01,7.930489812346461775e-01,7.916997930229111580e-01,7.916675322581095964e-01,7.638723653627363941e-01,7.638710159232898755e-01,7.916711482602403205e-01,7.917905711441138861e-01,7.918288166904230430e-01,7.918409290657028032e-01,7.918438431883010331e-01,7.918393200048926550e-01,7.917524803515645360e-01,7.930627038956731267e-01,7.811240585296588268e-01,9.999999999999988898e-01,7.811056272043106485e-01,7.930070604062524620e-01,7.915767292292767987e-01,7.638607339574839949e-01,7.638589846082249890e-01,7.916586861845825718e-01,7.917781437643343079e-01,7.918164745305619201e-01,7.918288166904242642e-01,7.918324731382335724e-01,7.918327420415280926e-01,7.918271705384869463e-01,7.917396198120713047e-01,7.930489812346461775e-01,7.811056272043106485e-01,9.999999999999988898e-01,7.810488795701165943e-01,7.928770218842282613e-01,7.637370069630500247e-01,7.638219533039185549e-01,7.916203100650460733e-01,7.917397786825014494e-01,7.917781437643335307e-01,7.917905711441138861e-01,7.917944572832498196e-01,7.917954682964103430e-01,7.917946884885128656e-01,7.917884113349864528e-01,7.916997930229111580e-01,7.930070604062524620e-01,7.810488795701165943e-01,9.999999999999988898e-01,7.808684701096864078e-01,7.652832879343354211e-01,7.637066880114139478e-01,7.915008510630537897e-01,7.916203100650465174e-01,7.916586861845819056e-01,7.916711482602409866e-01,7.916751203158886030e-01,7.916763623710081355e-01,7.916763275874537653e-01,7.916748490914842229e-01,7.916675322581095964e-01,7.915767292292767987e-01,7.928770218842282613e-01,7.808684701096864078e-01,9.999999999999988898e-01,7.497780034806765803e-01,7.368885385142383004e-01,7.637066880114150580e-01,7.638219533039198872e-01,7.638589846082255441e-01,7.638710159232913188e-01,7.638748659152564402e-01,7.638761116238845794e-01,7.638762219256837183e-01,7.638753227938221979e-01,7.638723653627363941e-01,7.638607339574839949e-01,7.637370069630500247e-01,7.652832879343354211e-01,7.497780034806765803e-01,9.999999999999988898e-01
9.999999999999938938e-01,8.651046218908090557e-01,8.651244550434774583e-01,8.658255656537603429e-01,8.657112359122161038e-01,8.656973389839670574e-01,8.656979524901164957e-01,8.656980305284747157e-01,8.656981691014568048e-01,8.656985950972153621e-01,8.657001358099678523e-01,8.657058641028567703e-01,8.657477225471164051e-01,8.686600326804793104e-01,8.511666956638723747e-01,8.651046218908090557e-01,9.999999999999938938e-01,8.808423706448527124e-01,8.831716728918380666e-01,8.836072979654490123e-01,8.834965644877919022e-01,8.834888201607282721e-01,8.834897993984046627e-01,8.834900742832189069e-01,8.834905546259359532e-01,8.834921474508214967e-01,8.834980033210787509e-01,8.835407270883025577e-01,8.865128942422006997e-01,8.686600326804793104e-01,8.651244550434774583e-01,8.808423706448527124e-01,9.999999999999938938e-01,8.776695155172531404e-01,8.801879161652781391e-01,8.806465416797075729e-01,8.805343374963554570e-01,8.805266632403294658e-01,8.805278507218211592e-01,8.805284535421949998e-01,8.805300801372348829e-01,8.805359329073975116e-01,8.805785209365870614e-01,8.835407270883023356e-01,8.657477225471159610e-01,8.658255656537603429e-01,8.831716728918380666e-01,8.776695155172531404e-01,9.999999999999938938e-01,8.776181348466147725e-01,8.801434713645662766e-01,8.806035413275574708e-01,8.804916830586446697e-01,8.804841789439137312e-01,8.804856902344906366e-01,8.804874394618963374e-01,8.804933305738331661e-01,8.805359329073976227e-01,8.834980033210788619e-01,8.657058641028566592e-01,8.657112359122161038e-01,8.836072979654490123e-01,8.801879161652781391e-01,8.776181348466147725e-01,9.999999999999938938e-01,8.776103582395340386e-01,8.801373050783452001e-01,8.805976357426628098e-01,8.804859476796004225e-01,8.804787680719844412e-01,8.804814257140992639e-01,8.804874394618956712e-01,8.805300801372343278e-01,8.834921474508209416e-01,8.657001358099671862e-01,8.656973389839670574e-01,8.834965644877919022e-01,8.806465416797075729e-01,8.801434713645662766e-01,8.776103582395340386e-01,9.999999999999938938e-01,8.776082899413931715e-01,8.801356894011197474e-01,8.805961671222756193e-01,8.804848010930814706e-01,8.804787680719852183e-01,8.804856902344907477e-01,8.805284535421952219e-01,8.834905546259361753e-01,8.656985950972154731e-01,8.656979524901164957e-01,8.834888201607282721e-01,8.805343374963554570e-01,8.806035413275574708e-01,8.801373050783452001e-01,8.776082899413931715e-01,9.999999999999938938e-01,8.776077680196179287e-01,8.801353735321202354e-01,8.805961671222755083e-01,8.804859476796011997e-01,8.804841789439137312e-01,8.805278507218213813e-01,8.834900742832190179e-01,8.656981691014566938e-01,8.656980305284747157e-01,8.834897993984046627e-01,8.805266632403294658e-01,8.804916830586446697e-01,8.805976357426628098e-01,8.801356894011197474e-01,8.776077680196179287e-01,9.999999999999938938e-01,8.776077680196180397e-01,8.801356894011197474e-01,8.805976357426638090e-01,8.804916830586448917e-01,8.805266632403299099e-01,8.834897993984049958e-01,8.656980305284746047e-01,8.656981691014568048e-01,8.834900742832189069e-01,8.805278507218211592e-01,8.804841789439137312e-01,8.804859476796004225e-01,8.805961671222756193e-01,8.801353735321202354e-01,8.776077680196180397e-01,9.999999999999938938e-01,8.776082899413933935e-01,8.801373050783461993e-01,8.806035413275578039e-01,8.805343374963560121e-01,8.834888201607287161e-01,8.656979524901164957e-01,8.656985950972153621e-01,8.834905546259359532e-01,8.805284535421949998e-01,8.804856902344906366e-01,8.804787680719844412e-01,8.804848010930814706e-01,8.805961671222755083e-01,8.801356894011197474e-01,8.776082899413933935e-01,9.999999999999938938e-01,8.776103582395349267e-01,8.801434713645664987e-01,8.806465416797080170e-01,8.834965644877920132e-01,8.656973389839670574e-01,8.657001358099678523e-01,8.834921474508214967e-01,8.805300801372348829e-01,8.804874394618963374e-01,8.804814257140992639e-01,8.804787680719852183e-01,8.804859476796011997e-01,8.805976357426638090e-01,8.801373050783461993e-01,8.776103582395349267e-01,9.999999999999938938e-01,8.776181348466155496e-01,8.801879161652794714e-01,8.836072979654496784e-01,8.657112359122167700e-01,8.657058641028567703e-01,8.834980033210787509e-01,8.805359329073975116e-01,8.804933305738331661e-01,8.804874394618956712e-01,8.804856902344907477e-01,8.804841789439137312e-01,8.804916830586448917e-01,8.806035413275578039e-01,8.801434713645664987e-01,8.776181348466155496e-01,9.999999999999938938e-01,8.776695155172538065e-01,8.831716728918382886e-01,8.658255656537603429e-01,8.657477225471164051e-01,8.835407270883025577e-01,8.805785209365870614e-01,8.805359329073976227e-01,8.805300801372343278e-01,8.805284535421952219e-01,8.805278507218213813e-01,8.805266632403299099e-01,8.805343374963560121e-01,8.806465416797080170e-01,8.801879161652794714e-01,8.776695155172538065e-01,9.999999999999938938e-01,8.808423706448530455e-01,8.651244550434777913e-01,8.686600326804793104e-01,8.865128942422006997e-01,8.835407270883023356e-01,8.834980033210788619e-01,8.834921474508209416e-01,8.834905546259361753e-01,8.834900742832190179e-01,8.834897993984049958e-01,8.834888201607287161e-01,8.834965644877920132e-01,8.836072979654496784e-01,8.831716728918382886e-01,8.808423706448530455e-01,9.999999999999938938e-01,8.651046218908093888e-01,8.511666956638723747e-01,8.686600326804793104e-01,8.657477225471159610e-01,8.657058641028566592e-01,8.657001358099671862e-01,8.656985950972154731e-01,8.656981691014566938e-01,8.656980305284746047e-01,8.656979524901164957e-01,8.656973389839670574e-01,8.657112359122167700e-01,8.658255656537603429e-01,8.651244550434777913e-01,8.651046218908093888e-01,9.999999999999938938e-01
9.999999999999937828e-01,5.611435312920953766e-01,6.090304418007786991e-01,6.043061925489210395e-01,6.049790931513155945e-01,6.050561605135894583e-01,6.050476476087328637e-01,6.050480627899881281e-01,6.050486136265216253e-01,6.050492019017594814e-01,6.050497763236438731e-01,6.050473366617934445e-01,6.045067582727922106e-01,6.062604829408950735e-01,6.165140768492020085e-01,5.611435312920953766e-01,9.999999999999937828e-01,5.456999107633623280e-01,5.992069359347611535e-01,5.941809958101746947e-01,5.949358952755570140e-01,5.949946347916748035e-01,5.949848903009274936e-01,5.949854697258479819e-01,5.949862116317465865e-01,5.949868246380247694e-01,5.949844438850799833e-01,5.944528634426092806e-01,5.961774254965834796e-01,6.062604829408944074e-01,6.090304418007786991e-01,5.456999107633623280e-01,9.999999999999937828e-01,5.441586150086523688e-01,5.975518422146341990e-01,5.924638789473299916e-01,5.932108450450814807e-01,5.932731607160930398e-01,5.932638675518421278e-01,5.932647440376639381e-01,5.932655765944658821e-01,5.932632806527290414e-01,5.927332720854209258e-01,5.944528634426085034e-01,6.045067582727908784e-01,6.043061925489210395e-01,5.992069359347611535e-01,5.441586150086523688e-01,9.999999999999937828e-01,5.448398828342053690e-01,5.980703853574456108e-01,5.929958320356603085e-01,5.937413445575626669e-01,5.938038412359416540e-01,5.937948332483509173e-01,5.937957791610839475e-01,5.937936912221493113e-01,5.932632806527297076e-01,5.949844438850797612e-01,6.050473366617927784e-01,6.049790931513155945e-01,5.941809958101746947e-01,5.975518422146341990e-01,5.448398828342053690e-01,9.999999999999937828e-01,5.448425442368973748e-01,5.980721362866553426e-01,5.929980829077456939e-01,5.937439281867911145e-01,5.938066875533898337e-01,5.937977523631137178e-01,5.937957791610829483e-01,5.932655765944655490e-01,5.949868246380239922e-01,6.050497763236420967e-01,6.050561605135894583e-01,5.949358952755570140e-01,5.924638789473299916e-01,5.980703853574456108e-01,5.448425442368973748e-01,9.999999999999937828e-01,5.448413425816458489e-01,5.980714791172137001e-01,5.929977332441314086e-01,5.937438557781209436e-01,5.938066875533904998e-01,5.937948332483506952e-01,5.932647440376646042e-01,5.949862116317463645e-01,6.050492019017588152e-01,6.050476476087328637e-01,5.949946347916748035e-01,5.932108450450814807e-01,5.929958320356603085e-01,5.980721362866553426e-01,5.448413425816458489e-01,9.999999999999937828e-01,5.448406221351493883e-01,5.980711981898114704e-01,5.929977332441305204e-01,5.937439281867907814e-01,5.938038412359404328e-01,5.932638675518417948e-01,5.949854697258469827e-01,6.050486136265196269e-01,6.050480627899881281e-01,5.949848903009274936e-01,5.932731607160930398e-01,5.937413445575626669e-01,5.929980829077456939e-01,5.980714791172137001e-01,5.448406221351493883e-01,9.999999999999937828e-01,5.448406221351500545e-01,5.980714791172133671e-01,5.929980829077459159e-01,5.937413445575618898e-01,5.932731607160929288e-01,5.949848903009271606e-01,6.050480627899871289e-01,6.050486136265216253e-01,5.949854697258479819e-01,5.932638675518421278e-01,5.938038412359416540e-01,5.937439281867911145e-01,5.929977332441314086e-01,5.980711981898114704e-01,5.448406221351500545e-01,9.999999999999937828e-01,5.448413425816460709e-01,5.980721362866565638e-01,5.929958320356600865e-01,5.932108450450821469e-01,5.949946347916745815e-01,6.050476476087326416e-01,6.050492019017594814e-01,5.949862116317465865e-01,5.932647440376639381e-01,5.937948332483509173e-01,5.938066875533898337e-01,5.937438557781209436e-01,5.929977332441305204e-01,5.980714791172133671e-01,5.448413425816460709e-01,9.999999999999937828e-01,5.448425442368973748e-01,5.980703853574448337e-01,5.924638789473297695e-01,5.949358952755562369e-01,6.050561605135876819e-01,6.050497763236438731e-01,5.949868246380247694e-01,5.932655765944658821e-01,5.937957791610839475e-01,5.937977523631137178e-01,5.938066875533904998e-01,5.937439281867907814e-01,5.929980829077459159e-01,5.980721362866565638e-01,5.448425442368973748e-01,9.999999999999937828e-01,5.448398828342051470e-01,5.975518422146347541e-01,5.941809958101744726e-01,6.049790931513148173e-01,6.050473366617934445e-01,5.949844438850799833e-01,5.932632806527290414e-01,5.937936912221493113e-01,5.937957791610829483e-01,5.937948332483506952e-01,5.938038412359404328e-01,5.937413445575618898e-01,5.929958320356600865e-01,5.980703853574448337e-01,5.448398828342051470e-01,9.999999999999937828e-01,5.441586150086518137e-01,5.992069359347601543e-01,6.043061925489192632e-01,6.045067582727922106e-01,5.944528634426092806e-01,5.927332720854209258e-01,5.932632806527297076e-01,5.932655765944655490e-01,5.932647440376646042e-01,5.932638675518417948e-01,5.932731607160929288e-01,5.932108450450821469e-01,5.924638789473297695e-01,5.975518422146347541e-01,5.441586150086518137e-01,9.999999999999937828e-01,5.456999107633617729e-01,6.090304418007772558e-01,6.062604829408950735e-01,5.961774254965834796e-01,5.944528634426085034e-01,5.949844438850797612e-01,5.949868246380239922e-01,5.949862116317463645e-01,5.949854697258469827e-01,5.949848903009271606e-01,5.949946347916745815e-01,5.949358952755562369e-01,5.941809958101744726e-01,5.992069359347601543e-01,5.456999107633617729e-01,9.999999999999937828e-01,5.611435312920930452e-01,6.165140768492020085e-01,6.062604829408944074e-01,6.045067582727908784e-01,6.050473366617927784e-01,6.050497763236420967e-01,6.050492019017588152e-01,6.050486136265196269e-01,6.050480627899871289e-01,6.050476476087326416e-01,6.050561605135876819e-01,6.049790931513148173e-01,6.043061925489192632e-01,6.090304418007772558e-01,5.611435312920930452e-01,9.999999999999937828e-01
9.999999999999930056e-01,2.104611010074800004e-01,3.955156864535608885e-01,3.619303787389550608e-01,3.676950257366052854e-01,3.667602919869953348e-01,3.668090279397764331e-01,3.668204824128238339e-01,3.668199165711640841e-01,3.668171074002370968e-01,3.668064812646728567e-01,3.668491244616624014e-01,3.659710971863183171e-01,3.619811054632382508e-01,3.384614129159673745e-01,2.104611010074800004e-01,9.999999999999930056e-01,2.567175060903668093e-01,4.187750684085536634e-01,3.882321002951859557e-01,3.930771076082486548e-01,3.922642663590844014e-01,3.923009437823512524e-01,3.923100430038153896e-01,3.923069724896505739e-01,3.922957459668203195e-01,3.923414197470669329e-01,3.914024089759962077e-01,3.871351672484625306e-01,3.619811054632378622e-01,3.955156864535608885e-01,2.567175060903668093e-01,9.999999999999930056e-01,2.650583755031080124e-01,4.226330356335372129e-01,3.925929626642198911e-01,3.973959656964989318e-01,3.965914813857090992e-01,3.966245019325655430e-01,3.966309509139337997e-01,3.966195933183732647e-01,3.966659311625292395e-01,3.957166487254287213e-01,3.914024089759947644e-01,3.659710971863168183e-01,3.619303787389550608e-01,4.187750684085536634e-01,2.650583755031080124e-01,9.999999999999930056e-01,2.664937796918645518e-01,4.235049550460437406e-01,3.935631595098303959e-01,3.983470512611432257e-01,3.975423339509619458e-01,3.975727589454219890e-01,3.975708923412555329e-01,3.976173337000893926e-01,3.966659311625311823e-01,3.923414197470675990e-01,3.668491244616625124e-01,3.676950257366052854e-01,3.882321002951859557e-01,4.226330356335372129e-01,2.664937796918645518e-01,9.999999999999930056e-01,2.664422893890283639e-01,4.234672651790987175e-01,3.935169935657740203e-01,3.983003578084660656e-01,3.974927433826804801e-01,3.975149275267789717e-01,3.975708923412554219e-01,3.966195933183756517e-01,3.922957459668210412e-01,3.668064812646734119e-01,3.667602919869953348e-01,3.930771076082486548e-01,3.925929626642198911e-01,4.235049550460437406e-01,2.664422893890283639e-01,9.999999999999930056e-01,2.664660324381992185e-01,4.234785049468958729e-01,3.935280633187366317e-01,3.983086212361918177e-01,3.974927433826795919e-01,3.975727589454216560e-01,3.966309509139347989e-01,3.923069724896506849e-01,3.668171074002365417e-01,3.668090279397764331e-01,3.922642663590844014e-01,3.973959656964989318e-01,3.935631595098303959e-01,4.234672651790987175e-01,2.664660324381992185e-01,9.999999999999930056e-01,2.664727548247944888e-01,4.234808299450070757e-01,3.935280633187347998e-01,3.983003578084636231e-01,3.975423339509597254e-01,3.966245019325657650e-01,3.923100430038137798e-01,3.668199165711619747e-01,3.668204824128238339e-01,3.923009437823512524e-01,3.965914813857090992e-01,3.983470512611432257e-01,3.935169935657740203e-01,4.234785049468958729e-01,2.664727548247944888e-01,9.999999999999930056e-01,2.664727548247957656e-01,4.234785049468956508e-01,3.935169935657719664e-01,3.983470512611420600e-01,3.965914813857094323e-01,3.923009437823508083e-01,3.668204824128226127e-01,3.668199165711640841e-01,3.923100430038153896e-01,3.966245019325655430e-01,3.975423339509619458e-01,3.983003578084660656e-01,3.935280633187366317e-01,4.234808299450070757e-01,2.664727548247957656e-01,9.999999999999930056e-01,2.664660324381993295e-01,4.234672651790989395e-01,3.935631595098293412e-01,3.973959656965007081e-01,3.922642663590836798e-01,3.668090279397767661e-01,3.668171074002370968e-01,3.923069724896505739e-01,3.966309509139337997e-01,3.975727589454219890e-01,3.974927433826804801e-01,3.983086212361918177e-01,3.935280633187347998e-01,4.234785049468956508e-01,2.664660324381993295e-01,9.999999999999930056e-01,2.664422893890245891e-01,4.235049550460421863e-01,3.925929626642187253e-01,3.930771076082471005e-01,3.667602919869927258e-01,3.668064812646728567e-01,3.922957459668203195e-01,3.966195933183732647e-01,3.975708923412555329e-01,3.975149275267789717e-01,3.974927433826795919e-01,3.983003578084636231e-01,3.935169935657719664e-01,4.234672651790989395e-01,2.664422893890245891e-01,9.999999999999930056e-01,2.664937796918596669e-01,4.226330356335364358e-01,3.882321002951829580e-01,3.676950257366021768e-01,3.668491244616624014e-01,3.923414197470669329e-01,3.966659311625292395e-01,3.976173337000893926e-01,3.975708923412554219e-01,3.975727589454216560e-01,3.975423339509597254e-01,3.983470512611420600e-01,3.935631595098293412e-01,4.235049550460421863e-01,2.664937796918596669e-01,9.999999999999930056e-01,2.650583755031065691e-01,4.187750684085520536e-01,3.619303787389520632e-01,3.659710971863183171e-01,3.914024089759962077e-01,3.957166487254287213e-01,3.966659311625311823e-01,3.966195933183756517e-01,3.966309509139347989e-01,3.966245019325657650e-01,3.965914813857094323e-01,3.973959656965007081e-01,3.925929626642187253e-01,4.226330356335364358e-01,2.650583755031065691e-01,9.999999999999930056e-01,2.567175060903664763e-01,3.955156864535601668e-01,3.619811054632382508e-01,3.871351672484625306e-01,3.914024089759947644e-01,3.923414197470675990e-01,3.922957459668210412e-01,3.923069724896506849e-01,3.923100430038137798e-01,3.923009437823508083e-01,3.922642663590836798e-01,3.930771076082471005e-01,3.882321002951829580e-01,4.187750684085520536e-01,2.567175060903664763e-01,9.999999999999930056e-01,2.104611010074770305e-01,3.384614129159673745e-01,3.619811054632378622e-01,3.659710971863168183e-01,3.668491244616625124e-01,3.668064812646734119e-01,3.668171074002365417e-01,3.668199165711619747e-01,3.668204824128226127e-01,3.668090279397767661e-01,3.667602919869927258e-01,3.676950257366021768e-01,3.619303787389520632e-01,3.955156864535601668e-01,2.104611010074770305e-01,9.999999999999930056e-01
9.999999999999935607e-01,1.974666944988318074e-01,4.041727760512298651e-01,3.295518859607222129e-01,3.501852140639799549e-01,3.459683326249296531e-01,3.468036870728076204e-01,3.467199499975351928e-01,3.467212944770238225e-01,3.467193817326621463e-01,3.466969815691711143e-01,3.468444750230662565e-01,3.467778210468284716e-01,3.454507197242255856e-01,2.515424784561623994e-01,1.974666944988318074e-01,9.999999999999935607e-01,3.852487345789694650e-01,5.163321028076318653e-01,4.646266653664904989e-01,4.783621752731015975e-01,4.756822935134343844e-01,4.762116370618332262e-01,4.761631506136713154e-01,4.761596061759281184e-01,4.761292852927559993e-01,4.763317878432610231e-01,4.762402309904313902e-01,4.744176618035698678e-01,3.454507197242250860e-01,4.041727760512298651e-01,3.852487345789694650e-01,9.999999999999935607e-01,3.882869799736407557e-01,5.172332505117157586e-01,4.664074572732544999e-01,4.802389601429535859e-01,4.775000666703054231e-01,4.780417956615682917e-01,4.779879804056523795e-01,4.779576566431245621e-01,4.781615871652790672e-01,4.780697479970707486e-01,4.762402309904294473e-01,3.467778210468267508e-01,3.295518859607222129e-01,5.163321028076318653e-01,3.882869799736407557e-01,9.999999999999935607e-01,3.881421899422025645e-01,5.173184137888466871e-01,4.664959959667561717e-01,4.803346796360254967e-01,4.775895832981661426e-01,4.781298206601438672e-01,4.780487425264252632e-01,4.782528075401433210e-01,4.781615871652823424e-01,4.763317878432629104e-01,3.468444750230664786e-01,3.501852140639799549e-01,4.646266653664904989e-01,5.172332505117157586e-01,3.881421899422025645e-01,9.999999999999935607e-01,3.878971310379622506e-01,5.171430844594531173e-01,4.662846881933613297e-01,4.801321752743683557e-01,4.773817252155188040e-01,4.778955949428580485e-01,4.780487425264257073e-01,4.779576566431293916e-01,4.761292852927581642e-01,3.466969815691728352e-01,3.459683326249296531e-01,4.783621752731015975e-01,4.664074572732544999e-01,5.173184137888466871e-01,3.878971310379622506e-01,9.999999999999935607e-01,3.879476980719754886e-01,5.171699168235467381e-01,4.663160881840877070e-01,4.801587843333706140e-01,4.773817252155169721e-01,4.781298206601433121e-01,4.779879804056545445e-01,4.761596061759290066e-01,3.467193817326618688e-01,3.468036870728076204e-01,4.756822935134343844e-01,4.802389601429535859e-01,4.664959959667561717e-01,5.171430844594531173e-01,3.879476980719754886e-01,9.999999999999935607e-01,3.879559539013908154e-01,5.171720479007441140e-01,4.663160881840853755e-01,4.801321752743646365e-01,4.775895832981627009e-01,4.780417956615691244e-01,4.761631506136696501e-01,3.467212944770225458e-01,3.467199499975351928e-01,4.762116370618332262e-01,4.775000666703054231e-01,4.803346796360254967e-01,4.662846881933613297e-01,5.171699168235467381e-01,3.879559539013908154e-01,9.999999999999935607e-01,3.879559539013921476e-01,5.171699168235459609e-01,4.662846881933578325e-01,4.803346796360237203e-01,4.775000666703063668e-01,4.762116370618332817e-01,3.467199499975341381e-01,3.467212944770238225e-01,4.761631506136713154e-01,4.780417956615682917e-01,4.775895832981661426e-01,4.801321752743683557e-01,4.663160881840877070e-01,5.171720479007441140e-01,3.879559539013921476e-01,9.999999999999935607e-01,3.879476980719752111e-01,5.171430844594522291e-01,4.664959959667540623e-01,4.802389601429567501e-01,4.756822935134339403e-01,3.468036870728085086e-01,3.467193817326621463e-01,4.761596061759281184e-01,4.779879804056523795e-01,4.781298206601438672e-01,4.773817252155188040e-01,4.801587843333706140e-01,4.663160881840853755e-01,5.171699168235459609e-01,3.879476980719752111e-01,9.999999999999935607e-01,3.878971310379563109e-01,5.173184137888452439e-01,4.664074572732538337e-01,4.783621752731009313e-01,3.459683326249270996e-01,3.466969815691711143e-01,4.761292852927559993e-01,4.779576566431245621e-01,4.780487425264252632e-01,4.778955949428580485e-01,4.773817252155169721e-01,4.801321752743646365e-01,4.662846881933578325e-01,5.171430844594522291e-01,3.878971310379563109e-01,9.999999999999935607e-01,3.881421899421952371e-01,5.172332505117149815e-01,4.646266653664864466e-01,3.501852140639773459e-01,3.468444750230662565e-01,4.763317878432610231e-01,4.781615871652790672e-01,4.782528075401433210e-01,4.780487425264257073e-01,4.781298206601433121e-01,4.775895832981627009e-01,4.803346796360237203e-01,4.664959959667540623e-01,5.173184137888452439e-01,3.881421899421952371e-01,9.999999999999935607e-01,3.882869799736398120e-01,5.163321028076297559e-01,3.295518859607189377e-01,3.467778210468284716e-01,4.762402309904313902e-01,4.780697479970707486e-01,4.781615871652823424e-01,4.779576566431293916e-01,4.779879804056545445e-01,4.780417956615691244e-01,4.775000666703063668e-01,4.802389601429567501e-01,4.664074572732538337e-01,5.172332505117149815e-01,3.882869799736398120e-01,9.999999999999935607e-01,3.852487345789709083e-01,4.041727760512301426e-01,3.454507197242255856e-01,4.744176618035698678e-01,4.762402309904294473e-01,4.763317878432629104e-01,4.761292852927581642e-01,4.761596061759290066e-01,4.761631506136696501e-01,4.762116370618332817e-01,4.756822935134339403e-01,4.783621752731009313e-01,4.646266653664864466e-01,5.163321028076297559e-01,3.852487345789709083e-01,9.999999999999935607e-01,1.974666944988299477e-01,2.515424784561623994e-01,3.454507197242250860e-01,3.467778210468267508e-01,3.468444750230664786e-01,3.466969815691728352e-01,3.467193817326618688e-01,3.467212944770225458e-01,3.467199499975341381e-01,3.468036870728085086e-01,3.459683326249270996e-01,3.501852140639773459e-01,3.295518859607189377e-01,4.041727760512301426e-01,1.974666944988299477e-01,9.999999999999935607e-01
