1.000000000000000000e+00,1.000000000000000000e+00,1.000000000000000000e+00,1.000000000000000000e+00,1.000000000000000000e+00,1.000000000000000000e+00,1.000000000000000000e+00,1.000000000000000000e+00,1.000000000000000000e+00,1.000000000000000000e+00,1.000000000000000000e+00,1.000000000000000000e+00,1.000000000000000000e+00,1.000000000000000000e+00,1.000000000000000000e+00,1.000000000000000000e+00,1.000000000000000000e+00,1.000000000000000000e+00,1.000000000000000000e+00,1.000000000000000000e+00,1.000000000000000000e+00,1.000000000000000000e+00,1.000000000000000000e+00,1.000000000000000000e+00,1.000000000000000000e+00,1.000000000000000000e+00,1.000000000000000000e+00,1.000000000000000000e+00,1.000000000000000000e+00,1.000000000000000000e+00,1.000000000000000000e+00,1.000000000000000000e+00,1.000000000000000000e+00,1.000000000000000000e+00,1.000000000000000000e+00,1.000000000000000000e+00,1.000000000000000000e+00,1.000000000000000000e+00,1.000000000000000000e+00,1.000000000000000000e+00,1.000000000000000000e+00,1.000000000000000000e+00,1.000000000000000000e+00,1.000000000000000000e+00,1.000000000000000000e+00,1.000000000000000000e+00,1.000000000000000000e+00,1.000000000000000000e+00,1.000000000000000000e+00,1.000000000000000000e+00,1.000000000000000000e+00,1.000000000000000000e+00,1.000000000000000000e+00,1.000000000000000000e+00,1.000000000000000000e+00,1.000000000000000000e+00,1.000000000000000000e+00,1.000000000000000000e+00,1.000000000000000000e+00,1.000000000000000000e+00,1.000000000000000000e+00,1.000000000000000000e+00,1.000000000000000000e+00,1.000000000000000000e+00,1.000000000000000000e+00,1.000000000000000000e+00,1.000000000000000000e+00,1.000000000000000000e+00,1.000000000000000000e+00,1.000000000000000000e+00,1.000000000000000000e+00,1.000000000000000000e+00,1.000000000000000000e+00,1.000000000000000000e+00,1.000000000000000000e+00,1.000000000000000000e+00,1.000000000000000000e+00,1.000000000000000000e+00,1.000000000000000000e+00,1.000000000000000000e+00,1.000000000000000000e+00,1.000000000000000000e+00,1.000000000000000000e+00,1.000000000000000000e+00,1.000000000000000000e+00,1.000000000000000000e+00,1.000000000000000000e+00,1.000000000000000000e+00,1.000000000000000000e+00,1.000000000000000000e+00,1.000000000000000000e+00,1.000000000000000000e+00,1.000000000000000000e+00,1.000000000000000000e+00,1.000000000000000000e+00,1.000000000000000000e+00,1.000000000000000000e+00,1.000000000000000000e+00,1.000000000000000000e+00,1.000000000000000000e+00,1.000000000000000000e+00,1.000000000000000000e+00,1.000000000000000000e+00,1.000000000000000000e+00,1.000000000000000000e+00,1.000000000000000000e+00,1.000000000000000000e+00,1.000000000000000000e+00,1.000000000000000000e+00,1.000000000000000000e+00,1.000000000000000000e+00,1.000000000000000000e+00,1.000000000000000000e+00,1.000000000000000000e+00,1.000000000000000000e+00,1.000000000000000000e+00,1.000000000000000000e+00,1.000000000000000000e+00,1.000000000000000000e+00,1.000000000000000000e+00,1.000000000000000000e+00,1.000000000000000000e+00,1.000000000000000000e+00,1.000000000000000000e+00,1.000000000000000000e+00,1.000000000000000000e+00,1.000000000000000000e+00,1.000000000000000000e+00,1.000000000000000000e+00,1.000000000000000000e+00,1.000000000000000000e+00,1.000000000000000000e+00,1.000000000000000000e+00,1.000000000000000000e+00,1.000000000000000000e+00,1.000000000000000000e+00,1.000000000000000000e+00,1.000000000000000000e+00,1.000000000000000000e+00,1.000000000000000000e+00,1.000000000000000000e+00,1.000000000000000000e+00,1.000000000000000000e+00,1.000000000000000000e+00,1.000000000000000000e+00,1.000000000000000000e+00,1.000000000000000000e+00,1.000000000000000000e+00,1.000000000000000000e+00,1.000000000000000000e+00,1.000000000000000000e+00,1.000000000000000000e+00,1.000000000000000000e+00,1.000000000000000000e+00,1.000000000000000000e+00,1.000000000000000000e+00,1.000000000000000000e+00,1.000000000000000000e+00,1.000000000000000000e+00,1.000000000000000000e+00,1.000000000000000000e+00,1.000000000000000000e+00,1.000000000000000000e+00,1.000000000000000000e+00,1.000000000000000000e+00,1.000000000000000000e+00,1.000000000000000000e+00,1.000000000000000000e+00,1.000000000000000000e+00,1.000000000000000000e+00,1.000000000000000000e+00,1.000000000000000000e+00,1.000000000000000000e+00,1.000000000000000000e+00,1.000000000000000000e+00,1.000000000000000000e+00,1.000000000000000000e+00,1.000000000000000000e+00,1.000000000000000000e+00,1.000000000000000000e+00,1.000000000000000000e+00,1.000000000000000000e+00,1.000000000000000000e+00,1.000000000000000000e+00,1.000000000000000000e+00,1.000000000000000000e+00,1.000000000000000000e+00,1.000000000000000000e+00,1.000000000000000000e+00,1.000000000000000000e+00,1.000000000000000000e+00,1.000000000000000000e+00,1.000000000000000000e+00,1.000000000000000000e+00,1.000000000000000000e+00,1.000000000000000000e+00,1.000000000000000000e+00,1.000000000000000000e+00,1.000000000000000000e+00,1.000000000000000000e+00,1.000000000000000000e+00,1.000000000000000000e+00,1.000000000000000000e+00,1.000000000000000000e+00,1.000000000000000000e+00,1.000000000000000000e+00,1.000000000000000000e+00,1.000000000000000000e+00,1.000000000000000000e+00,1.000000000000000000e+00,1.000000000000000000e+00,1.000000000000000000e+00,1.000000000000000000e+00,1.000000000000000000e+00,1.000000000000000000e+00,1.000000000000000000e+00,1.000000000000000000e+00,1.000000000000000000e+00,1.000000000000000000e+00,1.000000000000000000e+00,1.000000000000000000e+00,1.000000000000000000e+00,1.000000000000000000e+00,1.000000000000000000e+00,1.000000000000000000e+00
1.000000000000015321e+00,9.984785494248660243e-01,9.983614298931019482e-01,9.983510377896580579e-01,9.983500435200608480e-01,9.983494041210554393e-01,9.983491536020846491e-01,9.983490951905682476e-01,9.983491547174309089e-01,9.983493787299041466e-01,9.983499379053752953e-01,9.983508454183921410e-01,9.983481538013121437e-01,9.984760245674126899e-01,9.980744699464385583e-01,9.984785494248660243e-01,1.000000000000015321e+00,9.987616146544726625e-01,9.987667004304437990e-01,9.987528814617452344e-01,9.987510519565649947e-01,9.987508073054411906e-01,9.987507652548961445e-01,9.987508228941879285e-01,9.987510455226077388e-01,9.987516042182416065e-01,9.987525117528821550e-01,9.987498188906448471e-01,9.988777410448849148e-01,9.984760245674122459e-01,9.983614298931019482e-01,9.987616146544726625e-01,1.000000000000015321e+00,9.986366461300802966e-01,9.986373296060628846e-01,9.986245938248216047e-01,9.986229262053507583e-01,9.986228388452569327e-01,9.986229168691761471e-01,9.986231401523464335e-01,9.986236984434020414e-01,9.986246057052743375e-01,9.986219131281928174e-01,9.987498188906448471e-01,9.983481538013116996e-01,9.983510377896580579e-01,9.987667004304437990e-01,9.986366461300802966e-01,1.000000000000015321e+00,9.986384021999232807e-01,9.986393543203242462e-01,9.986270773501839670e-01,9.986255608509523318e-01,9.986255896829591139e-01,9.986258327296483328e-01,9.986263915893879295e-01,9.986272984666061392e-01,9.986246057052745595e-01,9.987525117528822660e-01,9.983508454183920300e-01,9.983500435200608480e-01,9.987528814617452344e-01,9.986373296060628846e-01,9.986384021999232807e-01,1.000000000000015321e+00,9.986369387850083656e-01,9.986382140987546396e-01,9.986261129512771229e-01,9.986247119947029294e-01,9.986249056633329513e-01,9.986254841864822263e-01,9.986263915893877074e-01,9.986236984434023745e-01,9.987516042182416065e-01,9.983499379053750733e-01,9.983494041210554393e-01,9.987510519565649947e-01,9.986245938248216047e-01,9.986393543203242462e-01,9.986369387850083656e-01,1.000000000000015321e+00,9.986361582444774898e-01,9.986375952469153106e-01,9.986256130271028431e-01,9.986243765469927647e-01,9.986249056633329513e-01,9.986258327296482218e-01,9.986231401523466555e-01,9.987510455226077388e-01,9.983493787299039246e-01,9.983491536020846491e-01,9.987508073054411906e-01,9.986229262053507583e-01,9.986270773501839670e-01,9.986382140987546396e-01,9.986361582444774898e-01,1.000000000000015321e+00,9.986358766711237456e-01,9.986374301789191499e-01,9.986256130271028431e-01,9.986247119947029294e-01,9.986255896829591139e-01,9.986229168691762581e-01,9.987508228941878174e-01,9.983491547174305758e-01,9.983490951905682476e-01,9.987507652548961445e-01,9.986228388452569327e-01,9.986255608509523318e-01,9.986261129512771229e-01,9.986375952469153106e-01,9.986358766711237456e-01,1.000000000000015321e+00,9.986358766711237456e-01,9.986375952469153106e-01,9.986261129512771229e-01,9.986255608509524428e-01,9.986228388452571547e-01,9.987507652548961445e-01,9.983490951905679145e-01,9.983491547174309089e-01,9.987508228941879285e-01,9.986229168691761471e-01,9.986255896829591139e-01,9.986247119947029294e-01,9.986256130271028431e-01,9.986374301789191499e-01,9.986358766711237456e-01,1.000000000000015321e+00,9.986361582444774898e-01,9.986382140987547507e-01,9.986270773501840781e-01,9.986229262053509803e-01,9.987508073054413016e-01,9.983491536020844270e-01,9.983493787299041466e-01,9.987510455226077388e-01,9.986231401523464335e-01,9.986258327296483328e-01,9.986249056633329513e-01,9.986243765469927647e-01,9.986256130271028431e-01,9.986375952469153106e-01,9.986361582444774898e-01,1.000000000000015321e+00,9.986369387850085877e-01,9.986393543203241352e-01,9.986245938248221599e-01,9.987510519565651057e-01,9.983494041210551062e-01,9.983499379053752953e-01,9.987516042182416065e-01,9.986236984434020414e-01,9.986263915893879295e-01,9.986254841864822263e-01,9.986249056633329513e-01,9.986247119947029294e-01,9.986261129512771229e-01,9.986382140987547507e-01,9.986369387850085877e-01,1.000000000000015321e+00,9.986384021999233918e-01,9.986373296060633287e-01,9.987528814617454564e-01,9.983500435200605150e-01,9.983508454183921410e-01,9.987525117528821550e-01,9.986246057052743375e-01,9.986272984666061392e-01,9.986263915893877074e-01,9.986258327296482218e-01,9.986255896829591139e-01,9.986255608509524428e-01,9.986270773501840781e-01,9.986393543203241352e-01,9.986384021999233918e-01,1.000000000000015321e+00,9.986366461300805186e-01,9.987667004304439100e-01,9.983510377896576138e-01,9.983481538013121437e-01,9.987498188906448471e-01,9.986219131281928174e-01,9.986246057052745595e-01,9.986236984434023745e-01,9.986231401523466555e-01,9.986229168691762581e-01,9.986228388452571547e-01,9.986229262053509803e-01,9.986245938248221599e-01,9.986373296060633287e-01,9.986366461300805186e-01,1.000000000000015321e+00,9.987616146544731066e-01,9.983614298931018372e-01,9.984760245674126899e-01,9.988777410448849148e-01,9.987498188906448471e-01,9.987525117528822660e-01,9.987516042182416065e-01,9.987510455226077388e-01,9.987508228941878174e-01,9.987507652548961445e-01,9.987508073054413016e-01,9.987510519565651057e-01,9.987528814617454564e-01,9.987667004304439100e-01,9.987616146544731066e-01,1.000000000000015321e+00,9.984785494248659132e-01,9.980744699464385583e-01,9.984760245674122459e-01,9.983481538013116996e-01,9.983508454183920300e-01,9.983499379053750733e-01,9.983493787299039246e-01,9.983491547174305758e-01,9.983490951905679145e-01,9.983491536020844270e-01,9.983494041210551062e-01,9.983500435200605150e-01,9.983510377896576138e-01,9.983614298931018372e-01,9.984785494248659132e-01,1.000000000000015321e+00
1.000000000000007105e+00,-3.949403118630990805e-01,2.580336890087033819e-01,6.195759983022580686e-02,9.323014483105016015e-02,8.973657276818039485e-02,8.994219270266748389e-02,8.994004665386914898e-02,8.994124995319641158e-02,8.993731943916769001e-02,8.992225270863413167e-02,8.986617852578547561e-02,8.958717410529760949e-02,8.468323366355882953e-02,5.019995008374755763e-02,-3.949403118630990805e-01,1.000000000000007105e+00,-2.201517274317031925e-01,2.748465790593671576e-01,1.343435668088752144e-01,1.537789771322460308e-01,1.516502295180426341e-01,1.517290941187514619e-01,1.517239305169060248e-01,1.517174570242011689e-01,1.516917191108139162e-01,1.515969946201258800e-01,1.511262524090525583e-01,1.428536431015648978e-01,8.468323366355962056e-02,2.580336890087033819e-01,-2.201517274317031925e-01,1.000000000000007105e+00,-1.969079020774414657e-01,2.802531686080677042e-01,1.441244447069803536e-01,1.624864613170239891e-01,1.604523590636593444e-01,1.605133603806294940e-01,1.605021166873146776e-01,1.604757699051832520e-01,1.603757259953509651e-01,1.598778531163440042e-01,1.511262524090491999e-01,8.958717410529748459e-02,6.195759983022580686e-02,2.748465790593671576e-01,-1.969079020774414657e-01,1.000000000000007105e+00,-1.953886815284962275e-01,2.807881323659570660e-01,1.446834634803433051e-01,1.629865009363421768e-01,1.609517805617718123e-01,1.610052172971734585e-01,1.609744936252948677e-01,1.608749926722745083e-01,1.603757259953537684e-01,1.515969946201265461e-01,8.986617852578562826e-02,9.323014483105016015e-02,1.343435668088752144e-01,2.802531686080677042e-01,-1.953886815284962275e-01,1.000000000000007105e+00,-1.950670528658049185e-01,2.808586340504852785e-01,1.447992748776595895e-01,1.630839672959280284e-01,1.610446286560336393e-01,1.610783396509092025e-01,1.609744936252930914e-01,1.604757699051861664e-01,1.516917191108112517e-01,8.992225270863600517e-02,8.973657276818039485e-02,1.537789771322460308e-01,1.441244447069803536e-01,2.807881323659570660e-01,-1.950670528658049185e-01,1.000000000000007105e+00,-1.949771552125094398e-01,2.808748898301028918e-01,1.448282347153420635e-01,1.631031884535197873e-01,1.610446286560330287e-01,1.610052172971712936e-01,1.605021166873152327e-01,1.517174570242017240e-01,8.993731943916663529e-02,8.994219270266748389e-02,1.516502295180426341e-01,1.624864613170239891e-01,1.446834634803433051e-01,2.808586340504852785e-01,-1.949771552125094398e-01,1.000000000000007105e+00,-1.949513775537572990e-01,2.808782023301577002e-01,1.448282347153410088e-01,1.630839672959279174e-01,1.609517805617696196e-01,1.605133603806312981e-01,1.517239305169035823e-01,8.994124995319728588e-02,8.994004665386914898e-02,1.517290941187514619e-01,1.604523590636593444e-01,1.629865009363421768e-01,1.447992748776595895e-01,2.808748898301028918e-01,-1.949513775537572990e-01,1.000000000000007105e+00,-1.949513775537580762e-01,2.808748898301036134e-01,1.447992748776581740e-01,1.629865009363402617e-01,1.604523590636601771e-01,1.517290941187507958e-01,8.994004665386913511e-02,8.994124995319641158e-02,1.517239305169060248e-01,1.605133603806294940e-01,1.609517805617718123e-01,1.630839672959280284e-01,1.448282347153420635e-01,2.808782023301577002e-01,-1.949513775537580762e-01,1.000000000000007105e+00,-1.949771552125117990e-01,2.808586340504841683e-01,1.446834634803398079e-01,1.624864613170247662e-01,1.516502295180385262e-01,8.994219270266926025e-02,8.993731943916769001e-02,1.517174570242011689e-01,1.605021166873146776e-01,1.610052172971734585e-01,1.610446286560336393e-01,1.631031884535197873e-01,1.448282347153410088e-01,2.808748898301036134e-01,-1.949771552125117990e-01,1.000000000000007105e+00,-1.950670528658083880e-01,2.807881323659568440e-01,1.441244447069793821e-01,1.537789771322439214e-01,8.973657276817839645e-02,8.992225270863413167e-02,1.516917191108139162e-01,1.604757699051832520e-01,1.609744936252948677e-01,1.610783396509092025e-01,1.610446286560330287e-01,1.630839672959279174e-01,1.447992748776581740e-01,2.808586340504841683e-01,-1.950670528658083880e-01,1.000000000000007105e+00,-1.953886815285038603e-01,2.802531686080709794e-01,1.343435668088706347e-01,9.323014483104972994e-02,8.986617852578547561e-02,1.515969946201258800e-01,1.603757259953509651e-01,1.608749926722745083e-01,1.609744936252930914e-01,1.610052172971712936e-01,1.609517805617696196e-01,1.629865009363402617e-01,1.446834634803398079e-01,2.807881323659568440e-01,-1.953886815285038603e-01,1.000000000000007105e+00,-1.969079020774444078e-01,2.748465790593628277e-01,6.195759983022299661e-02,8.958717410529760949e-02,1.511262524090525583e-01,1.598778531163440042e-01,1.603757259953537684e-01,1.604757699051861664e-01,1.605021166873152327e-01,1.605133603806312981e-01,1.604523590636601771e-01,1.624864613170247662e-01,1.441244447069793821e-01,2.802531686080709794e-01,-1.969079020774444078e-01,1.000000000000007105e+00,-2.201517274317050799e-01,2.580336890087046031e-01,8.468323366355882953e-02,1.428536431015648978e-01,1.511262524090491999e-01,1.515969946201265461e-01,1.516917191108112517e-01,1.517174570242017240e-01,1.517239305169035823e-01,1.517290941187507958e-01,1.516502295180385262e-01,1.537789771322439214e-01,1.343435668088706347e-01,2.748465790593628277e-01,-2.201517274317050799e-01,1.000000000000007105e+00,-3.949403118631038545e-01,5.019995008374755763e-02,8.468323366355962056e-02,8.958717410529748459e-02,8.986617852578562826e-02,8.992225270863600517e-02,8.993731943916663529e-02,8.994124995319728588e-02,8.994004665386913511e-02,8.994219270266926025e-02,8.973657276817839645e-02,9.323014483104972994e-02,6.195759983022299661e-02,2.580336890087046031e-01,-3.949403118631038545e-01,1.000000000000007105e+00
1.000000000000034417e+00,3.000796019425059913e-01,1.868939009085090197e-01,2.839833837668145344e-01,3.242607766045519924e-01,2.546729897957032418e-01,2.816802733143904391e-01,2.766004008004023240e-01,2.772407162179668649e-01,2.771922332619899398e-01,2.771913668447890666e-01,2.767036211651948685e-01,2.743537135819896777e-01,3.209584760425512329e-01,1.102909176773454181e-01,3.000796019425059913e-01,1.000000000000034417e+00,7.931024197853613344e-01,8.039293398260070056e-01,8.124284878260762399e-01,8.136357727037648591e-01,8.041395698468053466e-01,8.069632053300788144e-01,8.066637717311034850e-01,8.066569342077951621e-01,8.066578863149387324e-01,8.052356779479019622e-01,7.983976621769421911e-01,9.340221677253368604e-01,3.209584760425497896e-01,1.868939009085090197e-01,7.931024197853613344e-01,1.000000000000034417e+00,6.603790783509037032e-01,6.675634011916867783e-01,7.101975251716085014e-01,7.047294571405285923e-01,6.806148319397175017e-01,6.914125366661614258e-01,6.892888257851926825e-01,6.895447561443711626e-01,6.883120101276588576e-01,6.824662860839953993e-01,7.983976621769404147e-01,2.743537135819881789e-01,2.839833837668145344e-01,8.039293398260070056e-01,6.603790783509037032e-01,1.000000000000034417e+00,6.689639279244647962e-01,6.731628073023995240e-01,7.144770664491644219e-01,7.109334219440212044e-01,6.868605312730816648e-01,6.971546238553235630e-01,6.952258771343511334e-01,6.942200704752616858e-01,6.883120101276607450e-01,8.052356779479029614e-01,2.767036211651935917e-01,3.242607766045519924e-01,8.124284878260762399e-01,6.675634011916867783e-01,6.689639279244647962e-01,1.000000000000034417e+00,6.704414777091022293e-01,6.745185828556837793e-01,7.157443410111882232e-01,7.121809817543942600e-01,6.880684508298011703e-01,6.983830801787606068e-01,6.952258771343526877e-01,6.895447561443748263e-01,8.066578863149413969e-01,2.771913668447892332e-01,2.546729897957032418e-01,8.136357727037648591e-01,7.101975251716085014e-01,6.731628073023995240e-01,6.704414777091022293e-01,1.000000000000034417e+00,6.704516847444634831e-01,6.744981120372610661e-01,7.157728015442399450e-01,7.121891597340976876e-01,6.880684508297962854e-01,6.971546238553205654e-01,6.892888257851919054e-01,8.066569342077927196e-01,2.771922332619866092e-01,2.816802733143904391e-01,8.041395698468053466e-01,7.047294571405285923e-01,7.144770664491644219e-01,6.745185828556837793e-01,6.704516847444634831e-01,1.000000000000034417e+00,6.704515083836540823e-01,6.745028087225976021e-01,7.157728015442405001e-01,7.121809817543903742e-01,6.868605312730783341e-01,6.914125366661607597e-01,8.066637717311008204e-01,2.772407162179667539e-01,2.766004008004023240e-01,8.069632053300788144e-01,6.806148319397175017e-01,7.109334219440212044e-01,7.157443410111882232e-01,6.744981120372610661e-01,6.704515083836540823e-01,1.000000000000034417e+00,6.704515083836539713e-01,6.744981120372608441e-01,7.157443410111835602e-01,7.109334219440190950e-01,6.806148319397159474e-01,8.069632053300762609e-01,2.766004008003982717e-01,2.772407162179668649e-01,8.066637717311034850e-01,6.914125366661614258e-01,6.868605312730816648e-01,7.121809817543942600e-01,7.157728015442399450e-01,6.745028087225976021e-01,6.704515083836539713e-01,1.000000000000034417e+00,6.704516847444631500e-01,6.745185828556776730e-01,7.144770664491610912e-01,7.047294571405281483e-01,8.041395698468019049e-01,2.816802733143888293e-01,2.771922332619899398e-01,8.066569342077951621e-01,6.892888257851926825e-01,6.971546238553235630e-01,6.880684508298011703e-01,7.121891597340976876e-01,7.157728015442405001e-01,6.744981120372608441e-01,6.704516847444631500e-01,1.000000000000034417e+00,6.704414777090963451e-01,6.731628073023958603e-01,7.101975251716083903e-01,8.136357727037630827e-01,2.546729897956987454e-01,2.771913668447890666e-01,8.066578863149387324e-01,6.895447561443711626e-01,6.952258771343511334e-01,6.983830801787606068e-01,6.880684508297962854e-01,7.121809817543903742e-01,7.157443410111835602e-01,6.745185828556776730e-01,6.704414777090963451e-01,1.000000000000034417e+00,6.689639279244556924e-01,6.675634011916798949e-01,8.124284878260674692e-01,3.242607766045506601e-01,2.767036211651948685e-01,8.052356779479019622e-01,6.883120101276588576e-01,6.942200704752616858e-01,6.952258771343526877e-01,6.971546238553205654e-01,6.868605312730783341e-01,7.109334219440190950e-01,7.144770664491610912e-01,6.731628073023958603e-01,6.689639279244556924e-01,1.000000000000034417e+00,6.603790783508989293e-01,8.039293398259999002e-01,2.839833837668072070e-01,2.743537135819896777e-01,7.983976621769421911e-01,6.824662860839953993e-01,6.883120101276607450e-01,6.895447561443748263e-01,6.892888257851919054e-01,6.914125366661607597e-01,6.806148319397159474e-01,7.047294571405281483e-01,7.101975251716083903e-01,6.675634011916798949e-01,6.603790783508989293e-01,1.000000000000034417e+00,7.931024197853570046e-01,1.868939009085074932e-01,3.209584760425512329e-01,9.340221677253368604e-01,7.983976621769404147e-01,8.052356779479029614e-01,8.066578863149413969e-01,8.066569342077927196e-01,8.066637717311008204e-01,8.069632053300762609e-01,8.041395698468019049e-01,8.136357727037630827e-01,8.124284878260674692e-01,8.039293398259999002e-01,7.931024197853570046e-01,1.000000000000034417e+00,3.000796019425002736e-01,1.102909176773454181e-01,3.209584760425497896e-01,2.743537135819881789e-01,2.767036211651935917e-01,2.771913668447892332e-01,2.771922332619866092e-01,2.772407162179667539e-01,2.766004008003982717e-01,2.816802733143888293e-01,2.546729897956987454e-01,3.242607766045506601e-01,2.839833837668072070e-01,1.868939009085074932e-01,3.000796019425002736e-01,1.000000000000034417e+00
1.000000000000048850e+00,-5.253263972613320121e-01,2.219482076190266440e-01,-8.865601042449910985e-02,-1.258849866926988748e-01,3.631286307731657753e-02,-5.283077511528622150e-02,-4.112070110673891887e-02,-3.577849587411351812e-02,-3.929816866006868858e-02,-3.736525392684308944e-02,-4.303984018349658880e-02,-9.226203051278745668e-03,-8.367932726098226137e-02,1.890390013288994336e-02,-5.253263972613320121e-01,1.000000000000048850e+00,-3.221212567580903352e-01,3.053368276960120031e-01,1.491783647402742941e-01,1.332885739792475654e-01,2.131836124988103209e-01,1.578030442963687940e-01,1.665962840404100198e-01,1.716032391324189277e-01,1.659801826653325707e-01,1.904486313576560230e-01,4.084928853705808299e-02,3.704060589590402186e-01,-8.367932726097927765e-02,2.219482076190266440e-01,-3.221212567580903352e-01,1.000000000000048850e+00,-6.165371886776450649e-01,3.306978607005433002e-01,-5.544033629494053012e-02,-5.132381392615328886e-02,9.663182965458515239e-02,-1.451857485777169332e-03,1.439767017179586529e-02,2.268434686966089991e-02,1.969169287100453608e-02,5.067084078989217422e-03,4.084928853705976914e-02,-9.226203051280409267e-03,-8.865601042449910985e-02,3.053368276960120031e-01,-6.165371886776450649e-01,1.000000000000048850e+00,-4.110652209194209927e-01,2.841135030522989324e-01,7.126150270982482826e-02,1.541389156223214874e-02,1.458277350199951583e-01,7.700955095488577762e-02,8.056696630970594519e-02,1.005600813581756514e-01,1.969169287100454302e-02,1.904486313576538581e-01,-4.303984018349309160e-02,-1.258849866926988748e-01,1.491783647402742941e-01,3.306978607005433002e-01,-4.110652209194209927e-01,1.000000000000048850e+00,-4.448330962164602775e-01,2.911675403121105621e-01,4.703164332546858062e-02,5.653848178104478595e-03,1.407077523311714429e-01,6.193470277671827423e-02,8.056696630970827666e-02,2.268434686965895355e-02,1.659801826653333756e-01,-3.736525392684338781e-02,3.631286307731657753e-02,1.332885739792475654e-01,-5.544033629494053012e-02,2.841135030522989324e-01,-4.448330962164602775e-01,1.000000000000048850e+00,-4.408799702595791459e-01,2.915803898841357600e-01,4.892928171538436094e-02,7.008457461950418077e-03,1.407077523311730527e-01,7.700955095488232205e-02,1.439767017179962791e-02,1.716032391324172068e-01,-3.929816866006609344e-02,-5.283077511528622150e-02,2.131836124988103209e-01,-5.132381392615328886e-02,7.126150270982482826e-02,2.911675403121105621e-01,-4.408799702595791459e-01,1.000000000000048850e+00,-4.414250552681557860e-01,2.917469161330592531e-01,4.892928171538694915e-02,5.653848178102514888e-03,1.458277350200018474e-01,-1.451857485782928614e-03,1.665962840404142387e-01,-3.577849587411591897e-02,-4.112070110673891887e-02,1.578030442963687940e-01,9.663182965458515239e-02,1.541389156223214874e-02,4.703164332546858062e-02,2.915803898841357600e-01,-4.414250552681557860e-01,1.000000000000048850e+00,-4.414250552681552309e-01,2.915803898841332065e-01,4.703164332547429133e-02,1.541389156222604251e-02,9.663182965459289619e-02,1.578030442963679614e-01,-4.112070110673488738e-02,-3.577849587411351812e-02,1.665962840404100198e-01,-1.451857485777169332e-03,1.458277350199951583e-01,5.653848178104478595e-03,4.892928171538436094e-02,2.917469161330592531e-01,-4.414250552681552309e-01,1.000000000000048850e+00,-4.408799702595734837e-01,2.911675403121045114e-01,7.126150270983491741e-02,-5.132381392616257310e-02,2.131836124988163161e-01,-5.283077511528790765e-02,-3.929816866006868858e-02,1.716032391324189277e-01,1.439767017179586529e-02,7.700955095488577762e-02,1.407077523311714429e-01,7.008457461950418077e-03,4.892928171538694915e-02,2.915803898841332065e-01,-4.408799702595734837e-01,1.000000000000048850e+00,-4.448330962164515068e-01,2.841135030522949356e-01,-5.544033629493475002e-02,1.332885739792474822e-01,3.631286307732274621e-02,-3.736525392684308944e-02,1.659801826653325707e-01,2.268434686966089991e-02,8.056696630970594519e-02,6.193470277671827423e-02,1.407077523311730527e-01,5.653848178102514888e-03,4.703164332547429133e-02,2.911675403121045114e-01,-4.448330962164515068e-01,1.000000000000048850e+00,-4.110652209194113338e-01,3.306978607005380821e-01,1.491783647402840640e-01,-1.258849866927100325e-01,-4.303984018349658880e-02,1.904486313576560230e-01,1.969169287100453608e-02,1.005600813581756514e-01,8.056696630970827666e-02,7.700955095488232205e-02,1.458277350200018474e-01,1.541389156222604251e-02,7.126150270983491741e-02,2.841135030522949356e-01,-4.110652209194113338e-01,1.000000000000048850e+00,-6.165371886776389587e-01,3.053368276960116146e-01,-8.865601042449038072e-02,-9.226203051278745668e-03,4.084928853705808299e-02,5.067084078989217422e-03,1.969169287100454302e-02,2.268434686965895355e-02,1.439767017179962791e-02,-1.451857485782928614e-03,9.663182965459289619e-02,-5.132381392616257310e-02,-5.544033629493475002e-02,3.306978607005380821e-01,-6.165371886776389587e-01,1.000000000000048850e+00,-3.221212567580816755e-01,2.219482076190162356e-01,-8.367932726098226137e-02,3.704060589590402186e-01,4.084928853705976914e-02,1.904486313576538581e-01,1.659801826653333756e-01,1.716032391324172068e-01,1.665962840404142387e-01,1.578030442963679614e-01,2.131836124988163161e-01,1.332885739792474822e-01,1.491783647402840640e-01,3.053368276960116146e-01,-3.221212567580816755e-01,1.000000000000048850e+00,-5.253263972613211319e-01,1.890390013288994336e-02,-8.367932726097927765e-02,-9.226203051280409267e-03,-4.303984018349309160e-02,-3.736525392684338781e-02,-3.929816866006609344e-02,-3.577849587411591897e-02,-4.112070110673488738e-02,-5.283077511528790765e-02,3.631286307732274621e-02,-1.258849866927100325e-01,-8.865601042449038072e-02,2.219482076190162356e-01,-5.253263972613211319e-01,1.000000000000048850e+00
1.000000000000036415e+00,-2.597446060146246793e-01,7.791597914472603303e-02,-1.581601935566370187e-01,1.975397742595548789e-01,-1.811971791122849729e-01,8.240519558130765532e-02,1.939496571065978114e-02,-2.720726331402765347e-02,1.230818047722343628e-02,4.153146835254098446e-04,2.759139750914824107e-03,2.661907127013651148e-03,3.011531240917957042e-03,1.365945278582118665e-04,-2.597446060146246793e-01,1.000000000000036415e+00,2.033457903213892193e-01,6.658165337143622242e-01,2.957443651236524307e-01,5.187646810087198634e-01,3.997099563435819736e-01,4.437405249855301825e-01,4.421063331956086584e-01,4.345709326304609266e-01,4.023500421309198494e-01,5.365356537732659525e-01,3.434461872757159639e-01,5.377826180608810125e-01,3.011531240907308442e-03,7.791597914472603303e-02,2.033457903213892193e-01,1.000000000000036415e+00,2.019577872118537842e-01,2.361542319140828017e-01,2.186754759605567255e-01,3.939736390764244089e-01,1.730776566747449507e-01,3.210508859889423805e-01,3.030980692416786471e-01,2.290523037082546065e-01,3.461939283174622628e-01,2.201869389082101724e-01,3.434461872757182954e-01,2.661907127009504725e-03,-1.581601935566370187e-01,6.658165337143622242e-01,2.019577872118537842e-01,1.000000000000036415e+00,2.752795447048496102e-01,4.786726375641291442e-01,3.874539100626591126e-01,4.891401099821577891e-01,3.975416778179477473e-01,4.525586263565069545e-01,4.075163785140729633e-01,5.310489391879582577e-01,3.461939283174590432e-01,5.365356537732697273e-01,2.759139750901484084e-03,1.975397742595548789e-01,2.957443651236524307e-01,2.361542319140828017e-01,2.752795447048496102e-01,1.000000000000036415e+00,1.477486820297264358e-01,3.435231419020763899e-01,2.707373871555845968e-01,4.146209952633953533e-01,2.445218653251250152e-01,3.430910966154600006e-01,4.075163785140697437e-01,2.290523037082520530e-01,4.023500421309161856e-01,4.153146835218649371e-04,-1.811971791122849729e-01,5.187646810087198634e-01,2.186754759605567255e-01,4.786726375641291442e-01,1.477486820297264358e-01,1.000000000000036415e+00,1.980118013028445700e-01,3.857590889800859291e-01,3.067312991048546378e-01,4.444687944487076825e-01,2.445218653251295671e-01,4.525586263565081202e-01,3.030980692416772593e-01,4.345709326304653120e-01,1.230818047721121342e-02,8.240519558130765532e-02,3.997099563435819736e-01,3.939736390764244089e-01,3.874539100626591126e-01,3.435231419020763899e-01,1.980118013028445700e-01,1.000000000000036415e+00,1.894670496950133787e-01,3.772751466437974655e-01,3.067312991048484760e-01,4.146209952633937434e-01,3.975416778179424182e-01,3.210508859889374400e-01,4.421063331956028852e-01,-2.720726331403233722e-02,1.939496571065978114e-02,4.437405249855301825e-01,1.730776566747449507e-01,4.891401099821577891e-01,2.707373871555845968e-01,3.857590889800859291e-01,1.894670496950133787e-01,1.000000000000036415e+00,1.894670496950164873e-01,3.857590889800827094e-01,2.707373871555842082e-01,4.891401099821546250e-01,1.730776566747397882e-01,4.437405249855317368e-01,1.939496571064944913e-02,-2.720726331402765347e-02,4.421063331956086584e-01,3.210508859889423805e-01,3.975416778179477473e-01,4.146209952633953533e-01,3.067312991048546378e-01,3.772751466437974655e-01,1.894670496950164873e-01,1.000000000000036415e+00,1.980118013028416279e-01,3.435231419020815524e-01,3.874539100626560595e-01,3.939736390764217999e-01,3.997099563435813074e-01,8.240519558130185440e-02,1.230818047722343628e-02,4.345709326304609266e-01,3.030980692416786471e-01,4.525586263565069545e-01,2.445218653251250152e-01,4.444687944487076825e-01,3.067312991048484760e-01,3.857590889800827094e-01,1.980118013028416279e-01,1.000000000000036415e+00,1.477486820297205794e-01,4.786726375641249809e-01,2.186754759605483711e-01,5.187646810087163107e-01,-1.811971791122986009e-01,4.153146835254098446e-04,4.023500421309198494e-01,2.290523037082546065e-01,4.075163785140729633e-01,3.430910966154600006e-01,2.445218653251295671e-01,4.146209952633937434e-01,2.707373871555842082e-01,3.435231419020815524e-01,1.477486820297205794e-01,1.000000000000036415e+00,2.752795447048441146e-01,2.361542319140840229e-01,2.957443651236502102e-01,1.975397742595488837e-01,2.759139750914824107e-03,5.365356537732659525e-01,3.461939283174622628e-01,5.310489391879582577e-01,4.075163785140697437e-01,4.525586263565081202e-01,3.975416778179424182e-01,4.891401099821546250e-01,3.874539100626560595e-01,4.786726375641249809e-01,2.752795447048441146e-01,1.000000000000036415e+00,2.019577872118417661e-01,6.658165337143637785e-01,-1.581601935566542272e-01,2.661907127013651148e-03,3.434461872757159639e-01,2.201869389082101724e-01,3.461939283174590432e-01,2.290523037082520530e-01,3.030980692416772593e-01,3.210508859889374400e-01,1.730776566747397882e-01,3.939736390764217999e-01,2.186754759605483711e-01,2.361542319140840229e-01,2.019577872118417661e-01,1.000000000000036415e+00,2.033457903213801710e-01,7.791597914472800368e-02,3.011531240917957042e-03,5.377826180608810125e-01,3.434461872757182954e-01,5.365356537732697273e-01,4.023500421309161856e-01,4.345709326304653120e-01,4.421063331956028852e-01,4.437405249855317368e-01,3.997099563435813074e-01,5.187646810087163107e-01,2.957443651236502102e-01,6.658165337143637785e-01,2.033457903213801710e-01,1.000000000000036415e+00,-2.597446060146407776e-01,1.365945278582118665e-04,3.011531240907308442e-03,2.661907127009504725e-03,2.759139750901484084e-03,4.153146835218649371e-04,1.230818047721121342e-02,-2.720726331403233722e-02,1.939496571064944913e-02,8.240519558130185440e-02,-1.811971791122986009e-01,1.975397742595488837e-01,-1.581601935566542272e-01,7.791597914472800368e-02,-2.597446060146407776e-01,1.000000000000036415e+00
1.000000000000045075e+00,-3.951570281113284122e-01,6.908123505213727145e-02,2.152489489728863781e-01,-3.016816528237500350e-01,6.781437695885096650e-02,3.459856093609493116e-02,-1.514887094656002797e-01,9.163372939829342312e-02,-4.515730070380413047e-02,-1.875483934014963994e-02,-9.223366529225580229e-03,-1.812958549118299026e-02,-3.120834168950834681e-02,2.603688394937693929e-03,-3.951570281113284122e-01,1.000000000000045075e+00,-9.018742683334735055e-02,2.277040655314767903e-01,3.147086724963092941e-01,1.857976328787516729e-01,2.146907239221677866e-01,3.187724818281626460e-01,1.360181780848286337e-01,3.052516855436486765e-01,1.332460771427508850e-01,2.802631697580009185e-01,1.740635778406320333e-01,4.226462658917441439e-01,-3.120834168950739271e-02,6.908123505213727145e-02,-9.018742683334735055e-02,1.000000000000045075e+00,-2.914595146403572978e-01,1.509741124420532765e-01,2.198408777890689669e-01,-1.380821795552121256e-01,1.807038120497727607e-01,1.303682800790240681e-01,2.811273778102821308e-04,1.378119707072583411e-01,1.059687294059013934e-01,5.905514981812382685e-02,1.740635778406264822e-01,-1.812958549118465906e-02,2.152489489728863781e-01,2.277040655314767903e-01,-2.914595146403572978e-01,1.000000000000045075e+00,-3.433423969993641967e-01,2.120248604213690879e-01,3.620052500482385804e-01,-2.578074717367709323e-02,2.148168016511230183e-01,2.598854465443441453e-01,-2.115977513885696631e-02,2.561531042849916617e-01,1.059687294059076940e-01,2.802631697580048598e-01,-9.223366529221989352e-03,-3.016816528237500350e-01,3.147086724963092941e-01,1.509741124420532765e-01,-3.433423969993641967e-01,1.000000000000045075e+00,-3.817918065538481454e-01,1.168624722257145809e-01,2.769798434860042402e-01,-1.762726029606843658e-01,1.430673819818316372e-01,1.218223089688269256e-01,-2.115977513886511951e-02,1.378119707072595346e-01,1.332460771427433910e-01,-1.875483934015079526e-02,6.781437695885096650e-02,1.857976328787516729e-01,2.198408777890689669e-01,2.120248604213690879e-01,-3.817918065538481454e-01,1.000000000000045075e+00,-2.550145287882178979e-01,1.491105399189833203e-01,3.389260963447681685e-01,1.513660733109874201e-02,1.430673819818391590e-01,2.598854465443463657e-01,2.811273778165340742e-04,3.052516855436556154e-01,-4.515730070380429700e-02,3.459856093609493116e-02,2.146907239221677866e-01,-1.380821795552121256e-01,3.620052500482385804e-01,1.168624722257145809e-01,-2.550145287882178979e-01,1.000000000000045075e+00,-3.112876596492376025e-01,1.469360680714904555e-01,3.389260963447623398e-01,-1.762726029606785372e-01,2.148168016511129985e-01,1.303682800790280927e-01,1.360181780848232214e-01,9.163372939829822483e-02,-1.514887094656002797e-01,3.187724818281626460e-01,1.807038120497727607e-01,-2.578074717367709323e-02,2.769798434860042402e-01,1.491105399189833203e-01,-3.112876596492376025e-01,1.000000000000045075e+00,-3.112876596492290537e-01,1.491105399189808223e-01,2.769798434860023528e-01,-2.578074717367252744e-02,1.807038120497735101e-01,3.187724818281637562e-01,-1.514887094656043320e-01,9.163372939829342312e-02,1.360181780848286337e-01,1.303682800790240681e-01,2.148168016511230183e-01,-1.762726029606843658e-01,3.389260963447681685e-01,1.469360680714904555e-01,-3.112876596492290537e-01,1.000000000000045075e+00,-2.550145287882185641e-01,1.168624722257257387e-01,3.620052500482348057e-01,-1.380821795551995801e-01,2.146907239221733099e-01,3.459856093609703365e-02,-4.515730070380413047e-02,3.052516855436486765e-01,2.811273778102821308e-04,2.598854465443441453e-01,1.430673819818316372e-01,1.513660733109874201e-02,3.389260963447623398e-01,1.491105399189808223e-01,-2.550145287882185641e-01,1.000000000000045075e+00,-3.817918065538447037e-01,2.120248604213655907e-01,2.198408777890656918e-01,1.857976328787515619e-01,6.781437695885131345e-02,-1.875483934014963994e-02,1.332460771427508850e-01,1.378119707072583411e-01,-2.115977513885696631e-02,1.218223089688269256e-01,1.430673819818391590e-01,-1.762726029606785372e-01,2.769798434860023528e-01,1.168624722257257387e-01,-3.817918065538447037e-01,1.000000000000045075e+00,-3.433423969993576463e-01,1.509741124420624359e-01,3.147086724963118476e-01,-3.016816528237445949e-01,-9.223366529225580229e-03,2.802631697580009185e-01,1.059687294059013934e-01,2.561531042849916617e-01,-2.115977513886511951e-02,2.598854465443463657e-01,2.148168016511129985e-01,-2.578074717367252744e-02,3.620052500482348057e-01,2.120248604213655907e-01,-3.433423969993576463e-01,1.000000000000045075e+00,-2.914595146403512471e-01,2.277040655314768181e-01,2.152489489728872107e-01,-1.812958549118299026e-02,1.740635778406320333e-01,5.905514981812382685e-02,1.059687294059076940e-01,1.378119707072595346e-01,2.811273778165340742e-04,1.303682800790280927e-01,1.807038120497735101e-01,-1.380821795551995801e-01,2.198408777890656918e-01,1.509741124420624359e-01,-2.914595146403512471e-01,1.000000000000045075e+00,-9.018742683333247356e-02,6.908123505213159543e-02,-3.120834168950834681e-02,4.226462658917441439e-01,1.740635778406264822e-01,2.802631697580048598e-01,1.332460771427433910e-01,3.052516855436556154e-01,1.360181780848232214e-01,3.187724818281637562e-01,2.146907239221733099e-01,1.857976328787515619e-01,3.147086724963118476e-01,2.277040655314768181e-01,-9.018742683333247356e-02,1.000000000000045075e+00,-3.951570281113238048e-01,2.603688394937693929e-03,-3.120834168950739271e-02,-1.812958549118465906e-02,-9.223366529221989352e-03,-1.875483934015079526e-02,-4.515730070380429700e-02,9.163372939829822483e-02,-1.514887094656043320e-01,3.459856093609703365e-02,6.781437695885131345e-02,-3.016816528237445949e-01,2.152489489728872107e-01,6.908123505213159543e-02,-3.951570281113238048e-01,1.000000000000045075e+00
