9.999999999999998890e-01,9.859003896990465865e-01,9.859374792639494789e-01,9.859388221251235151e-01,9.859389443472932335e-01,9.859389667707284532e-01,9.859389725900162826e-01,9.859389742545682234e-01,9.859389742610734642e-01,9.859389726210792126e-01,9.859389668904878778e-01,9.859389449450118859e-01,9.859388273351871179e-01,9.859375571917881054e-01,9.858943797841041023e-01,9.859003896990465865e-01,9.999999999999998890e-01,9.859450914459829685e-01,9.859807866627244843e-01,9.859820244695982616e-01,9.859821297192438161e-01,9.859821480144480565e-01,9.859821524149973149e-01,9.859821531897147162e-01,9.859821518071071322e-01,9.859821461748240479e-01,9.859821242702557775e-01,9.859820066746085576e-01,9.859807364851418399e-01,9.859375571914208436e-01,9.859374792639494789e-01,9.859450914459829685e-01,9.999999999999998890e-01,9.859464872662927482e-01,9.859820791731401801e-01,9.859833005264835304e-01,9.859834017622349789e-01,9.859834186688862800e-01,9.859834221893774009e-01,9.859834215787011136e-01,9.859834162054453843e-01,9.859833944001520356e-01,9.859832768465903730e-01,9.859820066750051293e-01,9.859388273352168719e-01,9.859388221251235151e-01,9.859807866627244843e-01,9.859464872662927482e-01,9.999999999999998890e-01,9.859466276933843698e-01,9.859822026560670638e-01,9.859834199918542375e-01,9.859835198407678192e-01,9.859835358679441830e-01,9.859835380032386798e-01,9.859835334019999564e-01,9.859835118557717104e-01,9.859833944015217178e-01,9.859821242720294698e-01,9.859389449464157629e-01,9.859389443472932335e-01,9.859820244695982616e-01,9.859820791731401801e-01,9.859466276933843698e-01,9.999999999999998890e-01,9.859466556561068407e-01,9.859822264739852571e-01,9.859834424199510616e-01,9.859835413893334177e-01,9.859835560313381375e-01,9.859835541760921807e-01,9.859835334018881570e-01,9.859834162066992702e-01,9.859821461764813888e-01,9.859389668917769578e-01,9.859389667707284532e-01,9.859821297192438161e-01,9.859833005264835304e-01,9.859822026560670638e-01,9.859466556561068407e-01,9.999999999999998890e-01,9.859466633393979551e-01,9.859822327302291134e-01,9.859834477957257759e-01,9.859835453799041805e-01,9.859835560313655600e-01,9.859835380031403140e-01,9.859834215799706536e-01,9.859821518087743542e-01,9.859389726223865003e-01,9.859389725900162826e-01,9.859821480144480565e-01,9.859834017622349789e-01,9.859834199918542375e-01,9.859822264739852571e-01,9.859466633393979551e-01,9.999999999999998890e-01,9.859466656160993381e-01,9.859822341151522895e-01,9.859834477952159615e-01,9.859835413888520250e-01,9.859835358673346706e-01,9.859834221901477846e-01,9.859821531908878889e-01,9.859389742618797081e-01,9.859389742545682234e-01,9.859821524149973149e-01,9.859834186688862800e-01,9.859835198407678192e-01,9.859834424199510616e-01,9.859822327302291134e-01,9.859466656160993381e-01,9.999999999999998890e-01,9.859466656159686648e-01,9.859822327295952871e-01,9.859834424193412161e-01,9.859835198400354050e-01,9.859834186695282110e-01,9.859821524160413686e-01,9.859389742552430169e-01,9.859389742610734642e-01,9.859821531897147162e-01,9.859834221893774009e-01,9.859835358679441830e-01,9.859835413893334177e-01,9.859834477957257759e-01,9.859822341151522895e-01,9.859466656159686648e-01,9.999999999999998890e-01,9.859466633386332335e-01,9.859822264732424069e-01,9.859834199909951469e-01,9.859834017627505665e-01,9.859821480153538875e-01,9.859389725905618462e-01,9.859389726210792126e-01,9.859821518071071322e-01,9.859834215787011136e-01,9.859835380032386798e-01,9.859835560313381375e-01,9.859835453799041805e-01,9.859834477952159615e-01,9.859822327295952871e-01,9.859466633386332335e-01,9.999999999999998890e-01,9.859466556548569516e-01,9.859822026547018226e-01,9.859833005264984074e-01,9.859821297196482703e-01,9.859389667707656457e-01,9.859389668904878778e-01,9.859821461748240479e-01,9.859834162054453843e-01,9.859835334019999564e-01,9.859835541760921807e-01,9.859835560313655600e-01,9.859835413888520250e-01,9.859834424193412161e-01,9.859822264732424069e-01,9.859466556548569516e-01,9.999999999999998890e-01,9.859466276920367811e-01,9.859820791731700451e-01,9.859820244700279179e-01,9.859389443473582926e-01,9.859389449450118859e-01,9.859821242702557775e-01,9.859833944001520356e-01,9.859835118557717104e-01,9.859835334018881570e-01,9.859835380031403140e-01,9.859835358673346706e-01,9.859835198400354050e-01,9.859834199909951469e-01,9.859822026547018226e-01,9.859466276920367811e-01,9.999999999999998890e-01,9.859464872661989343e-01,9.859807866630375672e-01,9.859388221250647844e-01,9.859388273351871179e-01,9.859820066746085576e-01,9.859832768465903730e-01,9.859833944015217178e-01,9.859834162066992702e-01,9.859834215799706536e-01,9.859834221901477846e-01,9.859834186695282110e-01,9.859834017627505665e-01,9.859833005264984074e-01,9.859820791731700451e-01,9.859464872661989343e-01,9.999999999999998890e-01,9.859450914476743932e-01,9.859374792652692010e-01,9.859375571917881054e-01,9.859807364851418399e-01,9.859820066750051293e-01,9.859821242720294698e-01,9.859821461764813888e-01,9.859821518087743542e-01,9.859821531908878889e-01,9.859821524160413686e-01,9.859821480153538875e-01,9.859821297196482703e-01,9.859820244700279179e-01,9.859807866630375672e-01,9.859450914476743932e-01,9.999999999999998890e-01,9.859003897007704298e-01,9.858943797841041023e-01,9.859375571914208436e-01,9.859388273352168719e-01,9.859389449464157629e-01,9.859389668917769578e-01,9.859389726223865003e-01,9.859389742618797081e-01,9.859389742552430169e-01,9.859389725905618462e-01,9.859389667707656457e-01,9.859389443473582926e-01,9.859388221250647844e-01,9.859374792652692010e-01,9.859003897007704298e-01,9.999999999999998890e-01
1.000000000000019984e+00,9.848882606733074807e-01,9.845661838735827454e-01,9.845206429925599245e-01,9.845207961836159871e-01,9.845195924759463368e-01,9.845192616862794566e-01,9.845191970894310307e-01,9.845192589044824416e-01,9.845195186661410691e-01,9.845203601538253801e-01,9.845239166239556639e-01,9.845603699606417791e-01,9.849310548862423298e-01,9.838792859325439233e-01,9.848882606733074807e-01,1.000000000000019984e+00,9.855746001103925513e-01,9.855679986902405876e-01,9.855721008540280215e-01,9.855723628607689912e-01,9.855716954693405363e-01,9.855716190356406115e-01,9.855716964071661312e-01,9.855719644685285719e-01,9.855728106367193098e-01,9.855763727854897072e-01,9.856128660752536685e-01,9.859839478159361237e-01,9.849310548864422810e-01,9.845661838735827454e-01,9.855746001103925513e-01,1.000000000000019984e+00,9.851648175351346293e-01,9.851925947718912502e-01,9.852003719918940305e-01,9.852011866509468030e-01,9.852007062811166671e-01,9.852007527091841688e-01,9.852010292456628848e-01,9.852018799263471127e-01,9.852054429035049798e-01,9.852419234734286491e-01,9.856128660751454218e-01,9.845603699607347048e-01,9.845206429925599245e-01,9.855679986902405876e-01,9.851648175351346293e-01,1.000000000000019984e+00,9.851245445705858472e-01,9.851552497227306082e-01,9.851636264979608537e-01,9.851646496076570392e-01,9.851642904910006271e-01,9.851645351705657916e-01,9.851653940584884639e-01,9.851689615890956153e-01,9.852054429051622098e-01,9.855763727870462398e-01,9.845239166257128138e-01,9.845207961836159871e-01,9.855721008540280215e-01,9.851925947718912502e-01,9.851245445705858472e-01,1.000000000000019984e+00,9.851201182459655703e-01,9.851514222050717917e-01,9.851600071459225560e-01,9.851611520111157594e-01,9.851609912357887078e-01,9.851618182940448110e-01,9.851653940578501967e-01,9.852018799273623006e-01,9.855728106376331343e-01,9.845203601549393779e-01,9.845195924759463368e-01,9.855723628607689912e-01,9.852003719918940305e-01,9.851552497227306082e-01,9.851201182459655703e-01,1.000000000000019984e+00,9.851190105862932533e-01,9.851505158950515373e-01,9.851592266811334264e-01,9.851605696514779131e-01,9.851609912358882948e-01,9.851645351700122344e-01,9.852010292467653363e-01,9.855719644695243309e-01,9.845195186673437737e-01,9.845192616862794566e-01,9.855716954693405363e-01,9.852011866509468030e-01,9.851636264979608537e-01,9.851514222050717917e-01,9.851190105862932533e-01,1.000000000000019984e+00,9.851186882426830049e-01,9.851503166378785536e-01,9.851592266807859266e-01,9.851611520108690678e-01,9.851642904900987929e-01,9.852007527099502227e-01,9.855716964078301556e-01,9.845192589053460841e-01,9.845191970894310307e-01,9.855716190356406115e-01,9.852007062811166671e-01,9.851646496076570392e-01,9.851600071459225560e-01,9.851505158950515373e-01,9.851186882426830049e-01,1.000000000000019984e+00,9.851186882426140601e-01,9.851505158946386453e-01,9.851600071456073637e-01,9.851646496066925884e-01,9.852007062818139982e-01,9.855716190362354689e-01,9.845191970902252843e-01,9.845192589044824416e-01,9.855716964071661312e-01,9.852007527091841688e-01,9.851642904910006271e-01,9.851611520111157594e-01,9.851592266811334264e-01,9.851503166378785536e-01,9.851186882426140601e-01,1.000000000000019984e+00,9.851190105858137480e-01,9.851514222046893199e-01,9.851636264969284573e-01,9.852011866515770766e-01,9.855716954698577892e-01,9.845192616870005464e-01,9.845195186661410691e-01,9.855719644685285719e-01,9.852010292456628848e-01,9.851645351705657916e-01,9.851609912357887078e-01,9.851605696514779131e-01,9.851592266807859266e-01,9.851505158946386453e-01,9.851190105858137480e-01,1.000000000000019984e+00,9.851201182452333782e-01,9.851552497213597048e-01,9.852003719921867964e-01,9.855723628609460718e-01,9.845195924763250339e-01,9.845203601538253801e-01,9.855728106367193098e-01,9.852018799263471127e-01,9.851653940584884639e-01,9.851618182940448110e-01,9.851609912358882948e-01,9.851611520108690678e-01,9.851600071456073637e-01,9.851514222046893199e-01,9.851201182452333782e-01,1.000000000000019984e+00,9.851245445693008751e-01,9.851925947722557364e-01,9.855721008543022466e-01,9.845207961840933830e-01,9.845239166239556639e-01,9.855763727854897072e-01,9.852054429035049798e-01,9.851689615890956153e-01,9.851653940578501967e-01,9.851645351700122344e-01,9.851642904900987929e-01,9.851646496066925884e-01,9.851636264969284573e-01,9.851552497213597048e-01,9.851245445693008751e-01,1.000000000000019984e+00,9.851648175348637348e-01,9.855679986898823186e-01,9.845206429923900604e-01,9.845603699606417791e-01,9.856128660752536685e-01,9.852419234734286491e-01,9.852054429051622098e-01,9.852018799273623006e-01,9.852010292467653363e-01,9.852007527099502227e-01,9.852007062818139982e-01,9.852011866515770766e-01,9.852003719921867964e-01,9.851925947722557364e-01,9.851648175348637348e-01,1.000000000000019984e+00,9.855746001116879595e-01,9.845661838750621175e-01,9.849310548862423298e-01,9.859839478159361237e-01,9.856128660751454218e-01,9.855763727870462398e-01,9.855728106376331343e-01,9.855719644695243309e-01,9.855716964078301556e-01,9.855716190362354689e-01,9.855716954698577892e-01,9.855723628609460718e-01,9.855721008543022466e-01,9.855679986898823186e-01,9.855746001116879595e-01,1.000000000000019984e+00,9.848882606747013657e-01,9.838792859325439233e-01,9.849310548864422810e-01,9.845603699607347048e-01,9.845239166257128138e-01,9.845203601549393779e-01,9.845195186673437737e-01,9.845192589053460841e-01,9.845191970902252843e-01,9.845192616870005464e-01,9.845195924763250339e-01,9.845207961840933830e-01,9.845206429923900604e-01,9.845661838750621175e-01,9.848882606747013657e-01,1.000000000000019984e+00
1.000000000000040856e+00,-2.641069560670020189e-01,2.540831697795311594e-01,1.164211334465469483e-01,1.327774828849394573e-01,1.318624351801784556e-01,1.318586794947427254e-01,1.318729457188325127e-01,1.318736541348937696e-01,1.318698453848789476e-01,1.318573968578573008e-01,1.318244352136171416e-01,1.315724033935837534e-01,1.274111599733913081e-01,8.055220436834553688e-02,-2.641069560670020189e-01,1.000000000000040856e+00,-8.530550586065735463e-02,2.966730023497567981e-01,1.997040511823469089e-01,2.090752165281773989e-01,2.086062458002934661e-01,2.085826963349676211e-01,2.085881590063027036e-01,2.085819135125695500e-01,2.085619507744171375e-01,2.085096536503498188e-01,2.081109121973423459e-01,2.015289160198306950e-01,1.274111599712395293e-01,2.540831697795311594e-01,-8.530550586065735463e-02,1.000000000000040856e+00,-6.964674219824017187e-02,3.021486142486200510e-01,2.068919538294110294e-01,2.158677639916407043e-01,2.154219845784551834e-01,2.153930748557464636e-01,2.153929996869956565e-01,2.153731868443262143e-01,2.153194390524172386e-01,2.149078017248135242e-01,2.081109122072784534e-01,1.315724033978812324e-01,1.164211334465469483e-01,2.966730023497567981e-01,-6.964674219824017187e-02,1.000000000000040856e+00,-6.862818797634280543e-02,3.025803529956447857e-01,2.073256338650255048e-01,2.162807769147992443e-01,2.158330935872329048e-01,2.157982790790939909e-01,2.157847247368980259e-01,2.157316333089172589e-01,2.153194390335838038e-01,2.085096536422551550e-01,1.318244352067352021e-01,1.327774828849394573e-01,1.997040511823469089e-01,3.021486142486200510e-01,-6.862818797634280543e-02,1.000000000000040856e+00,-6.846496382741401598e-02,3.026297700889912790e-01,2.073851191881085909e-01,2.163327839533281394e-01,2.158798500609120374e-01,2.158315265477972478e-01,2.157847247464773632e-01,2.153731868349961220e-01,2.085619507754403190e-01,1.318573968567245402e-01,1.318624351801784556e-01,2.090752165281773989e-01,2.068919538294110294e-01,3.025803529956447857e-01,-6.846496382741401598e-02,1.000000000000040856e+00,-6.840304536264135704e-02,3.026452484126311848e-01,2.074055571026232614e-01,2.163461799363372018e-01,2.158798500615034810e-01,2.157982790891068703e-01,2.153929996779320455e-01,2.085819135140315472e-01,1.318698453836919526e-01,1.318586794947427254e-01,2.086062458002934661e-01,2.158677639916407043e-01,2.073256338650255048e-01,3.026297700889912790e-01,-6.840304536264135704e-02,1.000000000000040856e+00,-6.838238265922541581e-02,3.026490224544789998e-01,2.074055571001893750e-01,2.163327839510208184e-01,2.158330935943999496e-01,2.153930748440820442e-01,2.085881590053673962e-01,1.318736541321828271e-01,1.318729457188325127e-01,2.085826963349676211e-01,2.154219845784551834e-01,2.162807769147992443e-01,2.073851191881085909e-01,3.026452484126311848e-01,-6.838238265922541581e-02,1.000000000000040856e+00,-6.838238265492588286e-02,3.026452484099597662e-01,2.073851191881853351e-01,2.162807769238893063e-01,2.154219845689977486e-01,2.085826963358619057e-01,1.318729457176024411e-01,1.318736541348937696e-01,2.085881590063027036e-01,2.153930748557464636e-01,2.158330935872329048e-01,2.163327839533281394e-01,2.074055571026232614e-01,3.026490224544789998e-01,-6.838238265492588286e-02,1.000000000000040856e+00,-6.840304535973784628e-02,3.026297700904836407e-01,2.073256338767174578e-01,2.158677639841229123e-01,2.086062458030041311e-01,1.318586794940551921e-01,1.318698453848789476e-01,2.085819135125695500e-01,2.153929996869956565e-01,2.157982790790939909e-01,2.158798500609120374e-01,2.163461799363372018e-01,2.074055571001893750e-01,3.026452484099597662e-01,-6.840304535973784628e-02,1.000000000000040856e+00,-6.846496382941651138e-02,3.025803530005563569e-01,2.068919538198565056e-01,2.090752165284745223e-01,1.318624351783576065e-01,1.318573968578573008e-01,2.085619507744171375e-01,2.153731868443262143e-01,2.157847247368980259e-01,2.158315265477972478e-01,2.158798500615034810e-01,2.163327839510208184e-01,2.073851191881853351e-01,3.026297700904836407e-01,-6.846496382941651138e-02,1.000000000000040856e+00,-6.862818795699604513e-02,3.021486142358457139e-01,1.997040511825912135e-01,1.327774828831453924e-01,1.318244352136171416e-01,2.085096536503498188e-01,2.153194390524172386e-01,2.157316333089172589e-01,2.157847247464773632e-01,2.157982790891068703e-01,2.158330935943999496e-01,2.162807769238893063e-01,2.073256338767174578e-01,3.025803530005563569e-01,-6.862818795699604513e-02,1.000000000000040856e+00,-6.964674219885896855e-02,2.966730023642037972e-01,1.164211334495372230e-01,1.315724033935837534e-01,2.081109121973423459e-01,2.149078017248135242e-01,2.153194390335838038e-01,2.153731868349961220e-01,2.153929996779320455e-01,2.153930748440820442e-01,2.154219845689977486e-01,2.158677639841229123e-01,2.068919538198565056e-01,3.021486142358457139e-01,-6.964674219885896855e-02,1.000000000000040856e+00,-8.530550587938579010e-02,2.540831697777830578e-01,1.274111599733913081e-01,2.015289160198306950e-01,2.081109122072784534e-01,2.085096536422551550e-01,2.085619507754403190e-01,2.085819135140315472e-01,2.085881590053673962e-01,2.085826963358619057e-01,2.086062458030041311e-01,2.090752165284745223e-01,1.997040511825912135e-01,2.966730023642037972e-01,-8.530550587938579010e-02,1.000000000000040856e+00,-2.641069560684231599e-01,8.055220436834553688e-02,1.274111599712395293e-01,1.315724033978812324e-01,1.318244352067352021e-01,1.318573968567245402e-01,1.318698453836919526e-01,1.318736541321828271e-01,1.318729457176024411e-01,1.318586794940551921e-01,1.318624351783576065e-01,1.327774828831453924e-01,1.164211334495372230e-01,2.540831697777830578e-01,-2.641069560684231599e-01,1.000000000000040856e+00
1.000000000000055067e+00,2.602069325454171023e-01,1.683263584177629446e-01,2.575208953282767665e-01,2.906463379117506518e-01,2.369039060008211739e-01,2.537281551627719178e-01,2.520220873774084436e-01,2.520388200350563990e-01,2.520555320457986137e-01,2.520378759312915662e-01,2.515409539947390249e-01,2.504960876155825078e-01,2.968102512083426459e-01,9.884162315416622491e-02,2.602069325454171023e-01,1.000000000000055067e+00,7.414717928932739177e-01,7.456001571898379643e-01,7.621895325843532909e-01,7.644790808906978263e-01,7.543503935452131604e-01,7.569686825382909712e-01,7.569137760649594648e-01,7.568834190254875027e-01,7.568410395226374821e-01,7.553476306278962271e-01,7.522100020979320956e-01,8.912856683077161613e-01,2.968102512019558104e-01,1.683263584177629446e-01,7.414717928932739177e-01,1.000000000000055067e+00,5.980503061541673215e-01,6.100197436913742388e-01,6.557239884730023949e-01,6.534021558182998568e-01,6.317613332944487237e-01,6.395778886484237979e-01,6.387802805902127457e-01,6.387371120122901091e-01,6.374850080849887579e-01,6.348355711783085775e-01,7.522100020912958485e-01,2.504960876080063459e-01,2.575208953282767665e-01,7.456001571898379643e-01,5.980503061541673215e-01,1.000000000000055067e+00,6.029642098367139491e-01,6.138175931408376140e-01,6.564325205632327576e-01,6.562849690946904735e-01,6.346710533805379750e-01,6.421735251833466940e-01,6.414133320062312960e-01,6.401357387074183558e-01,6.374850080998696322e-01,7.553476306388244854e-01,2.515409539929384652e-01,2.906463379117506518e-01,7.621895325843532909e-01,6.100197436913742388e-01,6.029642098367139491e-01,1.000000000000055067e+00,6.045913412680863352e-01,6.151973634903136201e-01,6.576671010018370067e-01,6.575381422637340822e-01,6.359561947622729416e-01,6.434000657005193302e-01,6.414133320045244391e-01,6.387371120255362911e-01,7.568410395316996775e-01,2.520378759288497417e-01,2.369039060008211739e-01,7.644790808906978263e-01,6.557239884730023949e-01,6.138175931408376140e-01,6.045913412680863352e-01,1.000000000000055067e+00,6.046346407747540397e-01,6.152310071632433042e-01,6.577228083280349802e-01,6.575825491856104321e-01,6.359561947541083615e-01,6.421735251738966976e-01,6.387802805957472074e-01,7.568834190252775596e-01,2.520555320403037869e-01,2.537281551627719178e-01,7.543503935452131604e-01,6.534021558182998568e-01,6.564325205632327576e-01,6.151973634903136201e-01,6.046346407747540397e-01,1.000000000000055067e+00,6.046233340133440048e-01,6.152287931953148714e-01,6.577228083334382136e-01,6.575381422622572636e-01,6.346710533772114138e-01,6.395778886597516255e-01,7.569137760718400720e-01,2.520388200319035876e-01,2.520220873774084436e-01,7.569686825382909712e-01,6.317613332944487237e-01,6.562849690946904735e-01,6.576671010018370067e-01,6.152310071632433042e-01,6.046233340133440048e-01,1.000000000000055067e+00,6.046233340092739272e-01,6.152310071668524172e-01,6.576671009958415803e-01,6.562849690881646936e-01,6.317613333032352507e-01,7.569686825413892706e-01,2.520220873728131750e-01,2.520388200350563990e-01,7.569137760649594648e-01,6.395778886484237979e-01,6.346710533805379750e-01,6.575381422637340822e-01,6.577228083280349802e-01,6.152287931953148714e-01,6.046233340092739272e-01,1.000000000000055067e+00,6.046346407742357876e-01,6.151973634809069225e-01,6.564325205531192919e-01,6.534021558228940707e-01,7.543503935445429187e-01,2.537281551572270755e-01,2.520555320457986137e-01,7.568834190254875027e-01,6.387802805902127457e-01,6.421735251833466940e-01,6.359561947622729416e-01,6.575825491856104321e-01,6.577228083334382136e-01,6.152310071668524172e-01,6.046346407742357876e-01,1.000000000000055067e+00,6.045913412653096675e-01,6.138175931374705296e-01,6.557239884818850673e-01,7.644790808967373286e-01,2.369039059973405414e-01,2.520378759312915662e-01,7.568410395226374821e-01,6.387371120122901091e-01,6.414133320062312960e-01,6.434000657005193302e-01,6.359561947541083615e-01,6.575381422622572636e-01,6.576671009958415803e-01,6.151973634809069225e-01,6.045913412653096675e-01,1.000000000000055067e+00,6.029642098221199564e-01,6.100197436956851238e-01,7.621895325817201750e-01,2.906463379061642871e-01,2.515409539947390249e-01,7.553476306278962271e-01,6.374850080849887579e-01,6.401357387074183558e-01,6.414133320045244391e-01,6.421735251738966976e-01,6.346710533772114138e-01,6.562849690881646936e-01,6.564325205531192919e-01,6.138175931374705296e-01,6.029642098221199564e-01,1.000000000000055067e+00,5.980503061561026623e-01,7.456001571849373288e-01,2.575208953253748101e-01,2.504960876155825078e-01,7.522100020979320956e-01,6.348355711783085775e-01,6.374850080998696322e-01,6.387371120255362911e-01,6.387802805957472074e-01,6.395778886597516255e-01,6.317613333032352507e-01,6.534021558228940707e-01,6.557239884818850673e-01,6.100197436956851238e-01,5.980503061561026623e-01,1.000000000000055067e+00,7.414717929073914027e-01,1.683263584150722081e-01,2.968102512083426459e-01,8.912856683077161613e-01,7.522100020912958485e-01,7.553476306388244854e-01,7.568410395316996775e-01,7.568834190252775596e-01,7.569137760718400720e-01,7.569686825413892706e-01,7.543503935445429187e-01,7.644790808967373286e-01,7.621895325817201750e-01,7.456001571849373288e-01,7.414717929073914027e-01,1.000000000000055067e+00,2.602069325437514902e-01,9.884162315416622491e-02,2.968102512019558104e-01,2.504960876080063459e-01,2.515409539929384652e-01,2.520378759288497417e-01,2.520555320403037869e-01,2.520388200319035876e-01,2.520220873728131750e-01,2.537281551572270755e-01,2.369039059973405414e-01,2.906463379061642871e-01,2.575208953253748101e-01,1.683263584150722081e-01,2.602069325437514902e-01,1.000000000000055067e+00
1.000000000000030420e+00,-4.781095324472104391e-01,1.935553616197958349e-01,-8.454477615809463664e-02,-1.135620302507573398e-01,1.898638033678996459e-02,-4.594671719087300987e-02,-4.425620815949687925e-02,-3.798397811271914809e-02,-4.015204902793428204e-02,-3.941787210534807712e-02,-4.327948783696344837e-02,-1.509200877782854167e-02,-7.948573187836784071e-02,1.531344684839263531e-02,-4.781095324472104391e-01,1.000000000000030420e+00,-2.337686611835027017e-01,3.239018873821379874e-01,1.882638268988235108e-01,1.774117833295018598e-01,2.395320777906432552e-01,2.001810598841123057e-01,2.025101887570258108e-01,2.077112974233958909e-01,2.047933816652711125e-01,2.246285955875079177e-01,7.833079818110996739e-02,4.125694464419809027e-01,-7.948573188055350902e-02,1.935553616197958349e-01,-2.337686611835027017e-01,1.000000000000030420e+00,-5.250190709683806300e-01,3.185911959916070679e-01,-3.384601287995638030e-02,-1.558926400064133272e-02,9.977058375127437206e-02,2.849820451670660032e-02,3.339384683766467854e-02,4.198579787488514181e-02,4.205644763219214266e-02,1.505510319137634730e-02,7.833079816890825553e-02,-1.509200877593305790e-02,-8.454477615809463664e-02,3.239018873821379874e-01,-5.250190709683806300e-01,1.000000000000030420e+00,-3.287728624870791538e-01,2.909443248354299794e-01,8.976735614267347674e-02,5.657845438976619179e-02,1.575204968517901205e-01,1.081038904888825397e-01,1.061668767108433636e-01,1.241348488428226093e-01,4.205644763992839874e-02,2.246285955938777668e-01,-4.327948783966976964e-02,-1.135620302507573398e-01,1.882638268988235108e-01,3.185911959916070679e-01,-3.287728624870791538e-01,1.000000000000030420e+00,-3.570944720850807164e-01,2.968781263721810837e-01,6.721822761582126049e-02,4.893037984220097170e-02,1.517491064377674559e-01,9.588065441076620843e-02,1.061668767008939751e-01,4.198579787887773973e-02,2.047933816529468598e-01,-3.941787210400314601e-02,1.898638033678996459e-02,1.774117833295018598e-01,-3.384601287995638030e-02,2.909443248354299794e-01,-3.570944720850807164e-01,1.000000000000030420e+00,-3.558206009763447697e-01,2.975371809273277268e-01,6.816617224151247378e-02,4.934057887205835907e-02,1.517491064379044019e-01,1.081038904809164675e-01,3.339384684200950859e-02,2.077112974140374879e-01,-4.015204902742177534e-02,-4.594671719087300987e-02,2.395320777906432552e-01,-1.558926400064133272e-02,8.976735614267347674e-02,2.968781263721810837e-01,-3.558206009763447697e-01,1.000000000000030420e+00,-3.561043892706282632e-01,2.975488448962703147e-01,6.816617224536186681e-02,4.893037984732994533e-02,1.575204968477768031e-01,2.849820452303837570e-02,2.025101887552762936e-01,-3.798397811359031234e-02,-4.425620815949687925e-02,2.001810598841123057e-01,9.977058375127437206e-02,5.657845438976619179e-02,6.721822761582126049e-02,2.975371809273277268e-01,-3.561043892706282632e-01,1.000000000000030420e+00,-3.561043892740920480e-01,2.975371809296954995e-01,6.721822762332163581e-02,5.657845438276996874e-02,9.977058375603048423e-02,2.001810598800870811e-01,-4.425620815941442437e-02,-3.798397811271914809e-02,2.025101887570258108e-01,2.849820451670660032e-02,1.575204968517901205e-01,4.893037984220097170e-02,6.816617224151247378e-02,2.975488448962703147e-01,-3.561043892740920480e-01,1.000000000000030420e+00,-3.558206009717279072e-01,2.968781263660509318e-01,8.976735613792929946e-02,-1.558926399566038304e-02,2.395320777835862058e-01,-4.594671719130752341e-02,-4.015204902793428204e-02,2.077112974233958909e-01,3.339384683766467854e-02,1.081038904888825397e-01,1.517491064377674559e-01,4.934057887205835907e-02,6.816617224536186681e-02,2.975371809296954995e-01,-3.558206009717279072e-01,1.000000000000030420e+00,-3.570944720641792136e-01,2.909443248315085606e-01,-3.384601287205851738e-02,1.774117833308093972e-01,1.898638033647258305e-02,-3.941787210534807712e-02,2.047933816652711125e-01,4.198579787488514181e-02,1.061668767108433636e-01,9.588065441076620843e-02,1.517491064379044019e-01,4.893037984732994533e-02,6.721822762332163581e-02,2.968781263660509318e-01,-3.570944720641792136e-01,1.000000000000030420e+00,-3.287728624908535791e-01,3.185911960005182730e-01,1.882638269028006073e-01,-1.135620302518008939e-01,-4.327948783696344837e-02,2.246285955875079177e-01,4.205644763219214266e-02,1.241348488428226093e-01,1.061668767008939751e-01,1.081038904809164675e-01,1.575204968477768031e-01,5.657845438276996874e-02,8.976735613792929946e-02,2.909443248315085606e-01,-3.287728624908535791e-01,1.000000000000030420e+00,-5.250190709682773793e-01,3.239018873686461686e-01,-8.454477616358585523e-02,-1.509200877782854167e-02,7.833079818110996739e-02,1.505510319137634730e-02,4.205644763992839874e-02,4.198579787887773973e-02,3.339384684200950859e-02,2.849820452303837570e-02,9.977058375603048423e-02,-1.558926399566038304e-02,-3.384601287205851738e-02,3.185911960005182730e-01,-5.250190709682773793e-01,1.000000000000030420e+00,-2.337686611794118074e-01,1.935553616262720711e-01,-7.948573187836784071e-02,4.125694464419809027e-01,7.833079816890825553e-02,2.246285955938777668e-01,2.047933816529468598e-01,2.077112974140374879e-01,2.025101887552762936e-01,2.001810598800870811e-01,2.395320777835862058e-01,1.774117833308093972e-01,1.882638269028006073e-01,3.239018873686461686e-01,-2.337686611794118074e-01,1.000000000000030420e+00,-4.781095324609447861e-01,1.531344684839263531e-02,-7.948573188055350902e-02,-1.509200877593305790e-02,-4.327948783966976964e-02,-3.941787210400314601e-02,-4.015204902742177534e-02,-3.798397811359031234e-02,-4.425620815941442437e-02,-4.594671719130752341e-02,1.898638033647258305e-02,-1.135620302518008939e-01,-8.454477616358585523e-02,1.935553616262720711e-01,-4.781095324609447861e-01,1.000000000000030420e+00
1.000000000000008438e+00,-2.480194480740293417e-01,5.328571372099307618e-02,-1.596407733396034423e-01,1.749952246131849520e-01,-1.722852451387030526e-01,5.111880579286007253e-02,1.097091802085561896e-02,-3.358555391764902337e-02,-4.602971449428231582e-03,-8.460078678787806561e-03,-1.229508443588583563e-02,-6.965115812146795149e-03,-1.256977760685059828e-02,2.981112543684772288e-04,-2.480194480740293417e-01,1.000000000000008438e+00,2.142019834082842245e-01,6.738354281282750158e-01,3.233506255528481033e-01,5.259474625651624491e-01,4.184278301496558439e-01,4.598224660728586488e-01,4.579104632834476440e-01,4.509582780712148020e-01,4.186476397632056812e-01,5.570893946234851679e-01,3.420796152382520883e-01,5.862505325086855290e-01,-1.256977758774487433e-02,5.328571372099307618e-02,2.142019834082842245e-01,1.000000000000008438e+00,1.763441406867255201e-01,2.284271041404118407e-01,2.021688242582110051e-01,3.838817581270963508e-01,1.598378842360505536e-01,2.995332107916490738e-01,2.878979119657160135e-01,2.221652906481278444e-01,3.268557682758435057e-01,2.016032918704520061e-01,3.420796152324716566e-01,-6.965115800614077660e-03,-1.596407733396034423e-01,6.738354281282750158e-01,1.763441406867255201e-01,1.000000000000008438e+00,2.721872652395602166e-01,4.801808570478199867e-01,3.731010062032096841e-01,4.928870016707935786e-01,3.883162132093385122e-01,4.448174790446856597e-01,4.061669688746630258e-01,5.249971542602447361e-01,3.268557682783628238e-01,5.570893946185658807e-01,-1.229508441737157606e-02,1.749952246131849520e-01,3.233506255528481033e-01,2.284271041404118407e-01,2.721872652395602166e-01,1.000000000000008438e+00,1.422708332896147343e-01,3.510252966381583462e-01,2.619765773202820114e-01,4.189608990529131161e-01,2.413544716357802489e-01,3.352747690458283136e-01,4.061669688705189518e-01,2.221652906463569832e-01,4.186476397545166872e-01,-8.460078664990756253e-03,-1.722852451387030526e-01,5.259474625651624491e-01,2.021688242582110051e-01,4.801808570478199867e-01,1.422708332896147343e-01,1.000000000000008438e+00,1.884990263302363522e-01,3.900715653690720597e-01,2.901325808947576301e-01,4.466279586169487059e-01,2.413544716518904454e-01,4.448174790525996070e-01,2.878979119736401193e-01,4.509582780770573507e-01,-4.602971435159123985e-03,5.111880579286007253e-02,4.184278301496558439e-01,3.838817581270963508e-01,3.731010062032096841e-01,3.510252966381583462e-01,1.884990263302363522e-01,1.000000000000008438e+00,1.825333093332620615e-01,3.843055112783894112e-01,2.901325808824962160e-01,4.189608990525545695e-01,3.883162132060278826e-01,2.995332107903440066e-01,4.579104632756832993e-01,-3.358555390228729065e-02,1.097091802085561896e-02,4.598224660728586488e-01,1.598378842360505536e-01,4.928870016707935786e-01,2.619765773202820114e-01,3.900715653690720597e-01,1.825333093332620615e-01,1.000000000000008438e+00,1.825333093372640825e-01,3.900715653614177381e-01,2.619765773249424501e-01,4.928870016683227218e-01,1.598378842393562982e-01,4.598224660675842568e-01,1.097091803573616367e-02,-3.358555391764902337e-02,4.579104632834476440e-01,2.995332107916490738e-01,3.883162132093385122e-01,4.189608990529131161e-01,2.901325808947576301e-01,3.843055112783894112e-01,1.825333093372640825e-01,1.000000000000008438e+00,1.884990263202028782e-01,3.510252966473408898e-01,3.731010062066379973e-01,3.838817581271806167e-01,4.184278301488943974e-01,5.111880580687512554e-02,-4.602971449428231582e-03,4.509582780712148020e-01,2.878979119657160135e-01,4.448174790446856597e-01,2.413544716357802489e-01,4.466279586169487059e-01,2.901325808824962160e-01,3.900715653614177381e-01,1.884990263202028782e-01,1.000000000000008438e+00,1.422708332812817889e-01,4.801808570353963135e-01,2.021688242555173542e-01,5.259474625511855184e-01,-1.722852451270300844e-01,-8.460078678787806561e-03,4.186476397632056812e-01,2.221652906481278444e-01,4.061669688746630258e-01,3.352747690458283136e-01,2.413544716518904454e-01,4.189608990525545695e-01,2.619765773249424501e-01,3.510252966473408898e-01,1.422708332812817889e-01,1.000000000000008438e+00,2.721872652438540041e-01,2.284271041430228633e-01,3.233506255501020776e-01,1.749952246296305747e-01,-1.229508443588583563e-02,5.570893946234851679e-01,3.268557682758435057e-01,5.249971542602447361e-01,4.061669688705189518e-01,4.448174790525996070e-01,3.883162132060278826e-01,4.928870016683227218e-01,3.731010062066379973e-01,4.801808570353963135e-01,2.721872652438540041e-01,1.000000000000008438e+00,1.763441406878042406e-01,6.738354281253126077e-01,-1.596407733238121296e-01,-6.965115812146795149e-03,3.420796152382520883e-01,2.016032918704520061e-01,3.268557682783628238e-01,2.221652906463569832e-01,2.878979119736401193e-01,2.995332107903440066e-01,1.598378842393562982e-01,3.838817581271806167e-01,2.021688242555173542e-01,2.284271041430228633e-01,1.763441406878042406e-01,1.000000000000008438e+00,2.142019834024763703e-01,5.328571373108775822e-02,-1.256977760685059828e-02,5.862505325086855290e-01,3.420796152324716566e-01,5.570893946185658807e-01,4.186476397545166872e-01,4.509582780770573507e-01,4.579104632756832993e-01,4.598224660675842568e-01,4.184278301488943974e-01,5.259474625511855184e-01,3.233506255501020776e-01,6.738354281253126077e-01,2.142019834024763703e-01,1.000000000000008438e+00,-2.480194480570295235e-01,2.981112543684772288e-04,-1.256977758774487433e-02,-6.965115800614077660e-03,-1.229508441737157606e-02,-8.460078664990756253e-03,-4.602971435159123985e-03,-3.358555390228729065e-02,1.097091803573616367e-02,5.111880580687512554e-02,-1.722852451270300844e-01,1.749952246296305747e-01,-1.596407733238121296e-01,5.328571373108775822e-02,-2.480194480570295235e-01,1.000000000000008438e+00
9.999999999999700240e-01,-3.951263019366214047e-01,6.292411440477396756e-02,1.173526058174989006e-01,-2.728558343681551923e-01,2.012329418154158722e-02,1.326654458552348204e-02,-1.734937645133348971e-01,5.104366426086454078e-02,-6.884901814817723231e-02,-3.879161217584507076e-02,-5.096697143093133209e-02,-2.962793189914179892e-02,-8.834391445490302752e-02,1.532160265130193960e-02,-3.951263019366214047e-01,9.999999999999700240e-01,-6.038341248584863652e-02,3.129204580690989612e-01,3.016095741459082769e-01,2.578463083220554064e-01,2.474195457829762024e-01,3.463300343632141898e-01,1.897681525832780602e-01,3.432591297668494690e-01,1.609954491278161870e-01,3.507515357938109091e-01,1.593989940857590271e-01,5.241041808777637812e-01,-8.834391445328350356e-02,6.292411440477396756e-02,-6.038341248584863652e-02,9.999999999999700240e-01,-2.851337307794110654e-01,1.626672421079568831e-01,1.754784505359256730e-01,-1.152116097211602075e-01,1.563674781718816520e-01,1.331585691000965188e-01,-1.589788083350636427e-02,1.289210294219574338e-01,1.020563651471483174e-01,3.589754462783434352e-02,1.593989940903039748e-01,-2.962793189963749269e-02,1.173526058174989006e-01,3.129204580690989612e-01,-2.851337307794110654e-01,9.999999999999700240e-01,-2.796469579940669692e-01,2.452460233691262093e-01,3.472188072027948547e-01,4.524743208522050142e-02,2.128028606761001584e-01,2.990533741456761763e-01,-4.525176201347170385e-03,2.952982551066566930e-01,1.020563651425695773e-01,3.507515357849251281e-01,-5.096697142827054383e-02,-2.728558343681551923e-01,3.016095741459082769e-01,1.626672421079568831e-01,-2.796469579940669692e-01,9.999999999999700240e-01,-3.445891959462107357e-01,1.491939365501992742e-01,2.293827361270491805e-01,-1.102030372526100199e-01,1.288540655647539834e-01,1.401028914100322098e-01,-4.525176196785191118e-03,1.289210294160313131e-01,1.609954491268238974e-01,-3.879161217552463958e-02,2.012329418154158722e-02,2.578463083220554064e-01,1.754784505359256730e-01,2.452460233691262093e-01,-3.445891959462107357e-01,9.999999999999700240e-01,-2.079104218114735392e-01,1.841135469591798357e-01,3.077754189437489907e-01,6.954788137856915409e-02,1.288540655695398496e-01,2.990533741519565414e-01,-1.589788083175744035e-02,3.432591297720195000e-01,-6.884901814738904335e-02,1.326654458552348204e-02,2.474195457829762024e-01,-1.152116097211602075e-01,3.472188072027948547e-01,1.491939365501992742e-01,-2.079104218114735392e-01,9.999999999999700240e-01,-2.663300328362196434e-01,1.807300061646910372e-01,3.077754189352943648e-01,-1.102030372597770924e-01,2.128028606704681913e-01,1.331585690944672162e-01,1.897681525683742598e-01,5.104366426384460143e-02,-1.734937645133348971e-01,3.463300343632141898e-01,1.563674781718816520e-01,4.524743208522050142e-02,2.293827361270491805e-01,1.841135469591798357e-01,-2.663300328362196434e-01,9.999999999999700240e-01,-2.663300328202667933e-01,1.841135469511701039e-01,2.293827361277447352e-01,4.524743209434570201e-02,1.563674781643812350e-01,3.463300343615522414e-01,-1.734937645102753723e-01,5.104366426086454078e-02,1.897681525832780602e-01,1.331585691000965188e-01,2.128028606761001584e-01,-1.102030372526100199e-01,3.077754189437489907e-01,1.807300061646910372e-01,-2.663300328202667933e-01,9.999999999999700240e-01,-2.079104218064070364e-01,1.491939365581215760e-01,3.472188072073981724e-01,-1.152116097150167745e-01,2.474195457932224784e-01,1.326654458375953541e-02,-6.884901814817723231e-02,3.432591297668494690e-01,-1.589788083350636427e-02,2.990533741456761763e-01,1.288540655647539834e-01,6.954788137856915409e-02,3.077754189352943648e-01,1.841135469511701039e-01,-2.079104218064070364e-01,9.999999999999700240e-01,-3.445891959556980910e-01,2.452460233708657067e-01,1.754784505261133276e-01,2.578463083106181108e-01,2.012329418463334324e-02,-3.879161217584507076e-02,1.609954491278161870e-01,1.289210294219574338e-01,-4.525176201347170385e-03,1.401028914100322098e-01,1.288540655695398496e-01,-1.102030372597770924e-01,2.293827361277447352e-01,1.491939365581215760e-01,-3.445891959556980910e-01,9.999999999999700240e-01,-2.796469579849822917e-01,1.626672421036629013e-01,3.016095741469723146e-01,-2.728558343680552722e-01,-5.096697143093133209e-02,3.507515357938109091e-01,1.020563651471483174e-01,2.952982551066566930e-01,-4.525176196785191118e-03,2.990533741519565414e-01,2.128028606704681913e-01,4.524743209434570201e-02,3.472188072073981724e-01,2.452460233708657067e-01,-2.796469579849822917e-01,9.999999999999700240e-01,-2.851337307790360320e-01,3.129204580733892516e-01,1.173526058184108239e-01,-2.962793189914179892e-02,1.593989940857590271e-01,3.589754462783434352e-02,1.020563651425695773e-01,1.289210294160313131e-01,-1.589788083175744035e-02,1.331585690944672162e-01,1.563674781643812350e-01,-1.152116097150167745e-01,1.754784505261133276e-01,1.626672421036629013e-01,-2.851337307790360320e-01,9.999999999999700240e-01,-6.038341249857696880e-02,6.292411441388920390e-02,-8.834391445490302752e-02,5.241041808777637812e-01,1.593989940903039748e-01,3.507515357849251281e-01,1.609954491268238974e-01,3.432591297720195000e-01,1.897681525683742598e-01,3.463300343615522414e-01,2.474195457932224784e-01,2.578463083106181108e-01,3.016095741469723146e-01,3.129204580733892516e-01,-6.038341249857696880e-02,9.999999999999700240e-01,-3.951263019388808750e-01,1.532160265130193960e-02,-8.834391445328350356e-02,-2.962793189963749269e-02,-5.096697142827054383e-02,-3.879161217552463958e-02,-6.884901814738904335e-02,5.104366426384460143e-02,-1.734937645102753723e-01,1.326654458375953541e-02,2.012329418463334324e-02,-2.728558343680552722e-01,1.173526058184108239e-01,6.292411441388920390e-02,-3.951263019388808750e-01,9.999999999999700240e-01
