1.000000000000000000e+00,9.468738240943297413e-01,9.473929023918025161e-01,9.474053545594459669e-01,9.474066806732495127e-01,9.474069449599562542e-01,9.474070158207296144e-01,9.474070364664658461e-01,9.474070367875232490e-01,9.474070172355610886e-01,9.474069500631918661e-01,9.474067041190319394e-01,9.474055358618029832e-01,9.473970528996443763e-01,9.467966142718959865e-01,9.468738240943297413e-01,1.000000000000000000e+00,9.474961593443050889e-01,9.479952660585594382e-01,9.480064673075649928e-01,9.480075831557661648e-01,9.480077950937668696e-01,9.480078478277323972e-01,9.480078573210081183e-01,9.480078408587123695e-01,9.480077748370544510e-01,9.480075292443300716e-01,9.480063604804844779e-01,9.479978722537825142e-01,9.473970528979678285e-01,9.473929023918025161e-01,9.474961593443050889e-01,1.000000000000000000e+00,9.475060295176835901e-01,9.480040061467834844e-01,9.480150246809387893e-01,9.480160937636508134e-01,9.480162890404155718e-01,9.480163310986540193e-01,9.480163239940125885e-01,9.480162611529243666e-01,9.480160167879455591e-01,9.480148485398168789e-01,9.480063604817051681e-01,9.474055358616455536e-01,9.474053545594459669e-01,9.479952660585594382e-01,9.475060295176835901e-01,1.000000000000000000e+00,9.475074760804679253e-01,9.480052444115121268e-01,9.480162159698841684e-01,9.480172684029135599e-01,9.480174530100273778e-01,9.480174784729172854e-01,9.480174249904840256e-01,9.480171838074163970e-01,9.480160167877840216e-01,9.480075292451843882e-01,9.474067041185997295e-01,9.474066806732495127e-01,9.480064673075649928e-01,9.480040061467834844e-01,9.475074760804679253e-01,1.000000000000000000e+00,9.475077978250177058e-01,9.480055131169390359e-01,9.480164679558426011e-01,9.480175097179108779e-01,9.480176777299323954e-01,9.480176568153366734e-01,9.480174249906377915e-01,9.480162611531006700e-01,9.480077748382499392e-01,9.474069500630154517e-01,9.474069449599562542e-01,9.480075831557661648e-01,9.480150246809387893e-01,9.480052444115121268e-01,9.475077978250177058e-01,1.000000000000000000e+00,9.475078899940521104e-01,9.480055867823096172e-01,9.480165309275712104e-01,9.480175560936761059e-01,9.480176777281538181e-01,9.480174784717076975e-01,9.480163239923066199e-01,9.480078408586657401e-01,9.474070172338563411e-01,9.474070158207296144e-01,9.480077950937668696e-01,9.480160937636508134e-01,9.480162159698841684e-01,9.480055131169390359e-01,9.475078899940521104e-01,1.000000000000000000e+00,9.475079178353291720e-01,9.480056033840362772e-01,9.480165309283494768e-01,9.480175097168576093e-01,9.480174530095399898e-01,9.480163310975197044e-01,9.480078573213679416e-01,9.474070367862081898e-01,9.474070364664658461e-01,9.480078478277323972e-01,9.480162890404155718e-01,9.480172684029135599e-01,9.480164679558426011e-01,9.480055867823096172e-01,9.475079178353291720e-01,1.000000000000000000e+00,9.475079178360992227e-01,9.480055867835455174e-01,9.480164679555663776e-01,9.480172684030458985e-01,9.480162890405344767e-01,9.480078478287997656e-01,9.474070364662001698e-01,9.474070367875232490e-01,9.480078573210081183e-01,9.480163310986540193e-01,9.480174530100273778e-01,9.480175097179108779e-01,9.480165309275712104e-01,9.480056033840362772e-01,9.475079178360992227e-01,1.000000000000000000e+00,9.475078899961970613e-01,9.480055131176082783e-01,9.480162159706749803e-01,9.480160937642442276e-01,9.480077950957038757e-01,9.474070158209003667e-01,9.474070172355610886e-01,9.480078408587123695e-01,9.480163239940125885e-01,9.480174784729172854e-01,9.480176777299323954e-01,9.480175560936761059e-01,9.480165309283494768e-01,9.480055867835455174e-01,9.475078899961970613e-01,1.000000000000000000e+00,9.475077978260945111e-01,9.480052444128197475e-01,9.480150246819402104e-01,9.480075831580674350e-01,9.474069449607546156e-01,9.474069500631918661e-01,9.480077748370544510e-01,9.480162611529243666e-01,9.480174249904840256e-01,9.480176568153366734e-01,9.480176777281538181e-01,9.480175097168576093e-01,9.480164679555663776e-01,9.480055131176082783e-01,9.475077978260945111e-01,1.000000000000000000e+00,9.475074760802797424e-01,9.480040061468060220e-01,9.480064673083453686e-01,9.474066806720874423e-01,9.474067041190319394e-01,9.480075292443300716e-01,9.480160167879455591e-01,9.480171838074163970e-01,9.480174249906377915e-01,9.480174784717076975e-01,9.480174530095399898e-01,9.480172684030458985e-01,9.480162159706749803e-01,9.480052444128197475e-01,9.475074760802797424e-01,1.000000000000000000e+00,9.475060295176440661e-01,9.479952660595942771e-01,9.474053545592778791e-01,9.474055358618029832e-01,9.480063604804844779e-01,9.480148485398168789e-01,9.480160167877840216e-01,9.480162611531006700e-01,9.480163239923066199e-01,9.480163310975197044e-01,9.480162890405344767e-01,9.480160937642442276e-01,9.480150246819402104e-01,9.480040061468060220e-01,9.475060295176440661e-01,1.000000000000000000e+00,9.474961593452201347e-01,9.473929023909193337e-01,9.473970528996443763e-01,9.479978722537825142e-01,9.480063604817051681e-01,9.480075292451843882e-01,9.480077748382499392e-01,9.480078408586657401e-01,9.480078573213679416e-01,9.480078478287997656e-01,9.480077950957038757e-01,9.480075831580674350e-01,9.480064673083453686e-01,9.479952660595942771e-01,9.474961593452201347e-01,1.000000000000000000e+00,9.468738240949410301e-01,9.467966142718959865e-01,9.473970528979678285e-01,9.474055358616455536e-01,9.474067041185997295e-01,9.474069500630154517e-01,9.474070172338563411e-01,9.474070367862081898e-01,9.474070364662001698e-01,9.474070158209003667e-01,9.474069449607546156e-01,9.474066806720874423e-01,9.474053545592778791e-01,9.473929023909193337e-01,9.468738240949410301e-01,1.000000000000000000e+00
1.000000000000000000e+00,8.765882838360246065e-01,8.798214748128460050e-01,8.798666803245537293e-01,8.798741615661032078e-01,8.798758169128246820e-01,8.798762735786174183e-01,8.798764136781125345e-01,8.798764331074159228e-01,8.798763521076058414e-01,8.798760522303274989e-01,8.798749534633572011e-01,8.798698422863295843e-01,8.798349064729510394e-01,8.773511981374718660e-01,8.765882838360246065e-01,1.000000000000000000e+00,8.792554577519847703e-01,8.823197480982777341e-01,8.823590520709072571e-01,8.823654244957017667e-01,8.823668034382033953e-01,8.823671664044092644e-01,8.823672517743343935e-01,8.823671932855118305e-01,8.823669014049642101e-01,8.823658033127986799e-01,8.823606794195509861e-01,8.823256455707100265e-01,8.798349064744290793e-01,8.798214748128460050e-01,8.792554577519847703e-01,1.000000000000000000e+00,8.792979943809853260e-01,8.823559115511520057e-01,8.823944027587034000e-01,8.824005626456753459e-01,8.824018655843657299e-01,8.824021798068769629e-01,8.824021896765436024e-01,8.824019215979529429e-01,8.824008328174757221e-01,8.823957127654613597e-01,8.823606794186812374e-01,8.798698422867582414e-01,8.798666803245537293e-01,8.823197480982777341e-01,8.792979943809853260e-01,1.000000000000000000e+00,8.793045842672705392e-01,8.823613520268551724e-01,8.823996313967100713e-01,8.824057152862246900e-01,8.824069694969592925e-01,8.824072082277877316e-01,8.824070085135926611e-01,8.824059435425932740e-01,8.824008328160901637e-01,8.823658033104561094e-01,8.798749534623073743e-01,8.798741615661032078e-01,8.823590520709072571e-01,8.823559115511520057e-01,8.793045842672705392e-01,1.000000000000000000e+00,8.793060801726730880e-01,8.823625585760813683e-01,8.824007620853531186e-01,8.824067972439686436e-01,8.824079759686088709e-01,8.824080051188777363e-01,8.824070085131555663e-01,8.824019215971830032e-01,8.823669014025486979e-01,8.798760522297657261e-01,8.798758169128246820e-01,8.823654244957017667e-01,8.823944027587034000e-01,8.823613520268551724e-01,8.793060801726730880e-01,1.000000000000000000e+00,8.793065124663234089e-01,8.823628923630655319e-01,8.824010471618907170e-01,8.824070068283897950e-01,8.824079759725163008e-01,8.824072082322035326e-01,8.824021896790608110e-01,8.823671932878549562e-01,8.798763521112762387e-01,8.798762735786174183e-01,8.823668034382033953e-01,8.824005626456753459e-01,8.823996313967100713e-01,8.823625585760813683e-01,8.793065124663234089e-01,1.000000000000000000e+00,8.793066435668013270e-01,8.823629678497394435e-01,8.824010471601616556e-01,8.824067972459780362e-01,8.824069694997466184e-01,8.824021798076782108e-01,8.823672517743126331e-01,8.798764331089092838e-01,8.798764136781125345e-01,8.823671664044092644e-01,8.824018655843657299e-01,8.824057152862246900e-01,8.824007620853531186e-01,8.823628923630655319e-01,8.793066435668013270e-01,1.000000000000000000e+00,8.793066435654481872e-01,8.823628923595320250e-01,8.824007620858572709e-01,8.824057152874974497e-01,8.824018655849273918e-01,8.823671664029827388e-01,8.798764136782237788e-01,8.798764331074159228e-01,8.823672517743343935e-01,8.824021798068769629e-01,8.824069694969592925e-01,8.824067972439686436e-01,8.824010471618907170e-01,8.823629678497394435e-01,8.793066435654481872e-01,1.000000000000000000e+00,8.793065124613494987e-01,8.823625585752826739e-01,8.823996313960859039e-01,8.824005626443123251e-01,8.823668034356295653e-01,8.798762735774868782e-01,8.798763521076058414e-01,8.823671932855118305e-01,8.824021896765436024e-01,8.824072082277877316e-01,8.824079759686088709e-01,8.824070068283897950e-01,8.824010471601616556e-01,8.823628923595320250e-01,8.793065124613494987e-01,1.000000000000000000e+00,8.793060801697586415e-01,8.823613520243570596e-01,8.823944027547333535e-01,8.823654244905112520e-01,8.798758169090242776e-01,8.798760522303274989e-01,8.823669014049642101e-01,8.824019215979529429e-01,8.824070085135926611e-01,8.824080051188777363e-01,8.824079759725163008e-01,8.824067972459780362e-01,8.824007620858572709e-01,8.823625585752826739e-01,8.793060801697586415e-01,1.000000000000000000e+00,8.793045842689517499e-01,8.823559115524313157e-01,8.823590520700925754e-01,8.798741615661426207e-01,8.798749534633572011e-01,8.823658033127986799e-01,8.824008328174757221e-01,8.824059435425932740e-01,8.824070085131555663e-01,8.824072082322035326e-01,8.824069694997466184e-01,8.824057152874974497e-01,8.823996313960859039e-01,8.823613520243570596e-01,8.793045842689517499e-01,1.000000000000000000e+00,8.792979943817995636e-01,8.823197480976912033e-01,8.798666803257703117e-01,8.798698422863295843e-01,8.823606794195509861e-01,8.823957127654613597e-01,8.824008328160901637e-01,8.824019215971830032e-01,8.824021896790608110e-01,8.824021798076782108e-01,8.824018655849273918e-01,8.824005626443123251e-01,8.823944027547333535e-01,8.823559115524313157e-01,8.792979943817995636e-01,1.000000000000000000e+00,8.792554577503729485e-01,8.798214748129706830e-01,8.798349064729510394e-01,8.823256455707100265e-01,8.823606794186812374e-01,8.823658033104561094e-01,8.823669014025486979e-01,8.823671932878549562e-01,8.823672517743126331e-01,8.823671664029827388e-01,8.823668034356295653e-01,8.823654244905112520e-01,8.823590520700925754e-01,8.823197480976912033e-01,8.792554577503729485e-01,1.000000000000000000e+00,8.765882838347396344e-01,8.773511981374718660e-01,8.798349064744290793e-01,8.798698422867582414e-01,8.798749534623073743e-01,8.798760522297657261e-01,8.798763521112762387e-01,8.798764331089092838e-01,8.798764136782237788e-01,8.798762735774868782e-01,8.798758169090242776e-01,8.798741615661426207e-01,8.798666803257703117e-01,8.798214748129706830e-01,8.765882838347396344e-01,1.000000000000000000e+00
9.999999999999986677e-01,7.822928945489097119e-01,7.927668270997065836e-01,7.926244863384279693e-01,7.926486284739484578e-01,7.926532855348260576e-01,7.926546016743133416e-01,7.926550076975223957e-01,7.926550318979418419e-01,7.926547035050960366e-01,7.926536178679484124e-01,7.926500903509023921e-01,7.926396438091610763e-01,7.927409568758166936e-01,7.823553282666141362e-01,7.822928945489097119e-01,9.999999999999986677e-01,7.937980892778685460e-01,8.032909889883089738e-01,8.031532438377138039e-01,8.031727234227784562e-01,8.031762165641902484e-01,8.031771280979046468e-01,8.031773017841227214e-01,8.031770202061689901e-01,8.031759398380716730e-01,8.031723737930164253e-01,8.031617923452648578e-01,8.032644521631995271e-01,7.927409568780132698e-01,7.927668270997065836e-01,7.937980892778685460e-01,9.999999999999986677e-01,7.936978441527910988e-01,8.031919036476906637e-01,8.030516690541494862e-01,8.030704519327338531e-01,8.030736650316290248e-01,8.030743870539229778e-01,8.030742734885432110e-01,8.030732526176944663e-01,8.030697105945157066e-01,8.030591407767572187e-01,8.031617923439923201e-01,7.926396438093105123e-01,7.926244863384279693e-01,8.032909889883089738e-01,7.936978441527910988e-01,9.999999999999986677e-01,7.937135093179162881e-01,8.032035858300350384e-01,8.030626466980000933e-01,8.030811391420865641e-01,8.030841597220976791e-01,8.030845933893442368e-01,8.030837400185996122e-01,8.030802570944338692e-01,8.030697105985009632e-01,8.031723737962829235e-01,7.926500903553864719e-01,7.926486284739484578e-01,8.031532438377138039e-01,8.031919036476906637e-01,7.937135093179162881e-01,9.999999999999986677e-01,7.937187163419234803e-01,8.032075454471521159e-01,8.030663297250690835e-01,8.030846293483555609e-01,8.030873615675406807e-01,8.030870554364788472e-01,8.030837400168439055e-01,8.030732526186750153e-01,8.031759398389975990e-01,7.926536178698853075e-01,7.926532855348260576e-01,8.031727234227784562e-01,8.030516690541494862e-01,8.032035858300350384e-01,7.937187163419234803e-01,9.999999999999986677e-01,7.937203838814499424e-01,8.032087620439745113e-01,8.030673579753800917e-01,8.030853691437498387e-01,8.030873615628005835e-01,8.030845933811082693e-01,8.030742734855974563e-01,8.031770202002054271e-01,7.926547035015958365e-01,7.926546016743133416e-01,8.031762165641902484e-01,8.030704519327338531e-01,8.030626466980000933e-01,8.032075454471521159e-01,7.937203838814499424e-01,9.999999999999986677e-01,7.937209149117447904e-01,8.032090494305687001e-01,8.030673579781467675e-01,8.030846293466571417e-01,8.030841597169130486e-01,8.030743870544634344e-01,8.031773017824890282e-01,7.926550318984372234e-01,7.926550076975223957e-01,8.031771280979046468e-01,8.030736650316290248e-01,8.030811391420865641e-01,8.030663297250690835e-01,8.032087620439745113e-01,7.937209149117447904e-01,9.999999999999986677e-01,7.937209149132191666e-01,8.032087620491932256e-01,8.030663297246179999e-01,8.030811391387568943e-01,8.030736650315610792e-01,8.031771280977491045e-01,7.926550076986111915e-01,7.926550318979418419e-01,8.031773017841227214e-01,8.030743870539229778e-01,8.030841597220976791e-01,8.030846293483555609e-01,8.030673579753800917e-01,8.032090494305687001e-01,7.937209149132191666e-01,9.999999999999986677e-01,7.937203838882594953e-01,8.032075454471958587e-01,8.030626466964539967e-01,8.030704519350324588e-01,8.031762165649592999e-01,7.926546016774312919e-01,7.926547035050960366e-01,8.031770202061689901e-01,8.030742734885432110e-01,8.030845933893442368e-01,8.030873615675406807e-01,8.030853691437498387e-01,8.030673579781467675e-01,8.032087620491932256e-01,7.937203838882594953e-01,9.999999999999986677e-01,7.937187163467582796e-01,8.032035858321016075e-01,8.030516690607212293e-01,8.031727234277750149e-01,7.926532855416188461e-01,7.926536178679484124e-01,8.031759398380716730e-01,8.030732526176944663e-01,8.030837400185996122e-01,8.030870554364788472e-01,8.030873615628005835e-01,8.030846293466571417e-01,8.030663297246179999e-01,8.032075454471958587e-01,7.937187163467582796e-01,9.999999999999986677e-01,7.937135093138495412e-01,8.031919036463862627e-01,8.031532438370536653e-01,7.926486284766041113e-01,7.926500903509023921e-01,8.031723737930164253e-01,8.030697105945157066e-01,8.030802570944338692e-01,8.030837400168439055e-01,8.030845933811082693e-01,8.030841597169130486e-01,8.030811391387568943e-01,8.030626466964539967e-01,8.032035858321016075e-01,7.937135093138495412e-01,9.999999999999986677e-01,7.936978441502734460e-01,8.032909889853888652e-01,7.926244863362552628e-01,7.926396438091610763e-01,8.031617923452648578e-01,8.030591407767572187e-01,8.030697105985009632e-01,8.030732526186750153e-01,8.030742734855974563e-01,8.030743870544634344e-01,8.030736650315610792e-01,8.030704519350324588e-01,8.030516690607212293e-01,8.031919036463862627e-01,7.936978441502734460e-01,9.999999999999986677e-01,7.937980892788403242e-01,7.927668271031423908e-01,7.927409568758166936e-01,8.032644521631995271e-01,8.031617923439923201e-01,8.031723737962829235e-01,8.031759398389975990e-01,8.031770202002054271e-01,8.031773017824890282e-01,8.031771280977491045e-01,8.031762165649592999e-01,8.031727234277750149e-01,8.031532438370536653e-01,8.032909889853888652e-01,7.937980892788403242e-01,9.999999999999986677e-01,7.822928945505298604e-01,7.823553282666141362e-01,7.927409568780132698e-01,7.926396438093105123e-01,7.926500903553864719e-01,7.926536178698853075e-01,7.926547035015958365e-01,7.926550318984372234e-01,7.926550076986111915e-01,7.926546016774312919e-01,7.926532855416188461e-01,7.926486284766041113e-01,7.926244863362552628e-01,7.927668271031423908e-01,7.822928945505298604e-01,9.999999999999986677e-01
1.000000000000002665e+00,6.678068057670764057e-01,6.930856319449673064e-01,6.918340915377094724e-01,6.919509924723036276e-01,6.919563531979633364e-01,6.919591144094572321e-01,6.919600108752872458e-01,6.919601175410055038e-01,6.919595513131400200e-01,6.919576871350767711e-01,6.919514061016395212e-01,6.919238619524840095e-01,6.931437407877376611e-01,6.687228015187041130e-01,6.678068057670764057e-01,1.000000000000002665e+00,6.958679162446995692e-01,7.182151469512664255e-01,7.171301590703559325e-01,7.172242697868971284e-01,7.172273387742401640e-01,7.172291348457079385e-01,7.172295080601283068e-01,7.172290104424579038e-01,7.172271122005723365e-01,7.172206157925192782e-01,7.171920718945481443e-01,7.184565021099692528e-01,6.931437407850836729e-01,6.930856319449673064e-01,6.958679162446995692e-01,1.000000000000002665e+00,6.944317535597310798e-01,7.169671746518717637e-01,7.158688553362996254e-01,7.159626197357522592e-01,7.159652156829271474e-01,7.159666736202580095e-01,7.159665259349916600e-01,7.159647584194434033e-01,7.159583257248387511e-01,7.159298554196860120e-01,7.171920718961887209e-01,6.919238619520478029e-01,6.918340915377094724e-01,7.182151469512664255e-01,6.944317535597310798e-01,1.000000000000002665e+00,6.944724034260905121e-01,7.169973731551079199e-01,7.158981267862019049e-01,7.159913246143445598e-01,7.159935522809618424e-01,7.159944775777956627e-01,7.159930539510410696e-01,7.159867460653901450e-01,7.159583257256767475e-01,7.172206157944807092e-01,6.919514061014353512e-01,6.919509924723036276e-01,7.171301590703559325e-01,7.169671746518717637e-01,6.944724034260905121e-01,1.000000000000002665e+00,6.944823814051555022e-01,7.170045257589188203e-01,7.159048481914329631e-01,7.159976722157614937e-01,7.159993681326507486e-01,7.159990177937615163e-01,7.159930539503585045e-01,7.159647584218339356e-01,7.172271122025899448e-01,6.919576871358088521e-01,6.919563531979633364e-01,7.172242697868971284e-01,7.158688553362996254e-01,7.169973731551079199e-01,6.944823814051555022e-01,1.000000000000002665e+00,6.944855502719550211e-01,7.170066699739485738e-01,7.159066575657757614e-01,7.159989478125936557e-01,7.159993681274169353e-01,7.159944775744284673e-01,7.159665259306683405e-01,7.172290104422881507e-01,6.919595513096847839e-01,6.919591144094572321e-01,7.172273387742401640e-01,7.159626197357522592e-01,7.158981267862019049e-01,7.170045257589188203e-01,6.944855502719550211e-01,1.000000000000002665e+00,6.944866023220562790e-01,7.170071943031423034e-01,7.159066575694945644e-01,7.159976722138470251e-01,7.159935522808271724e-01,7.159666736187422220e-01,7.172295080613096951e-01,6.919601175397629422e-01,6.919600108752872458e-01,7.172291348457079385e-01,7.159652156829271474e-01,7.159913246143445598e-01,7.159048481914329631e-01,7.170066699739485738e-01,6.944866023220562790e-01,1.000000000000002665e+00,6.944866023228161156e-01,7.170066699767284613e-01,7.159048481902332561e-01,7.159913246142639576e-01,7.159652156847278182e-01,7.172291348475345885e-01,6.919600108749857093e-01,6.919601175410055038e-01,7.172295080601283068e-01,7.159666736202580095e-01,7.159935522809618424e-01,7.159976722157614937e-01,7.159066575657757614e-01,7.170071943031423034e-01,6.944866023228161156e-01,1.000000000000002665e+00,6.944855502766547062e-01,7.170045257593506971e-01,7.158981267859483300e-01,7.159626197368774703e-01,7.172273387770592423e-01,6.919591144095929014e-01,6.919595513131400200e-01,7.172290104424579038e-01,7.159665259349916600e-01,7.159944775777956627e-01,7.159993681326507486e-01,7.159989478125936557e-01,7.159066575694945644e-01,7.170066699767284613e-01,6.944855502766547062e-01,1.000000000000002665e+00,6.944823814077707436e-01,7.169973731575974840e-01,7.158688553389218612e-01,7.172242697916162424e-01,6.919563531997035000e-01,6.919576871350767711e-01,7.172271122005723365e-01,7.159647584194434033e-01,7.159930539510410696e-01,7.159990177937615163e-01,7.159993681274169353e-01,7.159976722138470251e-01,7.159048481902332561e-01,7.170045257593506971e-01,6.944823814077707436e-01,1.000000000000002665e+00,6.944724034243777711e-01,7.169671746538684998e-01,7.171301590709784346e-01,6.919509924686666480e-01,6.919514061016395212e-01,7.172206157925192782e-01,7.159583257248387511e-01,7.159867460653901450e-01,7.159930539503585045e-01,7.159944775744284673e-01,7.159935522808271724e-01,7.159913246142639576e-01,7.158981267859483300e-01,7.169973731575974840e-01,6.944724034243777711e-01,1.000000000000002665e+00,6.944317535598271141e-01,7.182151469521194098e-01,6.918340915372176436e-01,6.919238619524840095e-01,7.171920718945481443e-01,7.159298554196860120e-01,7.159583257256767475e-01,7.159647584218339356e-01,7.159665259306683405e-01,7.159666736187422220e-01,7.159652156847278182e-01,7.159626197368774703e-01,7.158688553389218612e-01,7.169671746538684998e-01,6.944317535598271141e-01,1.000000000000002665e+00,6.958679162470333690e-01,6.930856319438727375e-01,6.931437407877376611e-01,7.184565021099692528e-01,7.171920718961887209e-01,7.172206157944807092e-01,7.172271122025899448e-01,7.172290104422881507e-01,7.172295080613096951e-01,7.172291348475345885e-01,7.172273387770592423e-01,7.172242697916162424e-01,7.171301590709784346e-01,7.182151469521194098e-01,6.958679162470333690e-01,1.000000000000002665e+00,6.678068057682926550e-01,6.687228015187041130e-01,6.931437407850836729e-01,6.919238619520478029e-01,6.919514061014353512e-01,6.919576871358088521e-01,6.919595513096847839e-01,6.919601175397629422e-01,6.919600108749857093e-01,6.919591144095929014e-01,6.919563531997035000e-01,6.919509924686666480e-01,6.918340915372176436e-01,6.930856319438727375e-01,6.678068057682926550e-01,1.000000000000002665e+00
9.999999999999996669e-01,5.578140017593312683e-01,6.027624650687279928e-01,5.984231412848539655e-01,5.989724812936523257e-01,5.989481430253651428e-01,5.989549456400778960e-01,5.989562736630333895e-01,5.989564695530971150e-01,5.989556636931125944e-01,5.989531284723180748e-01,5.989449803802998629e-01,5.987336729810308622e-01,6.028531362431868157e-01,5.584991889134695020e-01,5.578140017593312683e-01,9.999999999999996669e-01,6.110155164160138153e-01,6.496964051259883632e-01,6.461107873945310942e-01,6.465393891679042104e-01,6.465181364807685016e-01,6.465227778274875714e-01,6.465232309009313338e-01,6.465224603996433395e-01,6.465197587029264392e-01,6.465109760433300767e-01,6.462828919252373572e-01,6.507295093214116033e-01,6.028531362394937698e-01,6.027624650687279928e-01,6.110155164160138153e-01,9.999999999999996669e-01,6.058691099758680698e-01,6.453650678420588260e-01,6.416847590505880827e-01,6.421228007079082811e-01,6.421003152149193927e-01,6.421045609225076722e-01,6.421042562717608204e-01,6.421017702557451079e-01,6.420931294240632692e-01,6.418666403063485459e-01,6.462828919259351323e-01,5.987336729797321233e-01,5.984231412848539655e-01,6.496964051259883632e-01,6.058691099758680698e-01,9.999999999999996669e-01,6.061572947725751837e-01,6.455903070820860901e-01,6.419131225530578799e-01,6.423497156091768634e-01,6.423266944697134662e-01,6.423301287001383919e-01,6.423280793776320330e-01,6.423196221969867947e-01,6.420931294202110173e-01,6.465109760400867822e-01,5.989449803757675994e-01,5.989724812936523257e-01,6.461107873945310942e-01,6.453650678420588260e-01,6.061572947725751837e-01,9.999999999999996669e-01,6.061717601555517421e-01,6.455998300483787311e-01,6.419222255851527725e-01,6.423582231843574242e-01,6.423344046946030117e-01,6.423360975333429757e-01,6.423280793832455426e-01,6.421017702545986916e-01,6.465197587044601013e-01,5.989531284701148373e-01,5.989481430253651428e-01,6.465393891679042104e-01,6.416847590505880827e-01,6.455903070820860901e-01,6.061717601555517421e-01,9.999999999999996669e-01,6.061765896988868807e-01,6.456028247331089265e-01,6.419247779775874019e-01,6.423599641651402958e-01,6.423344046989464262e-01,6.423301287079971056e-01,6.421042562766322570e-01,6.465224604036243772e-01,5.989556636942984236e-01,5.989549456400778960e-01,6.465181364807685016e-01,6.421228007079082811e-01,6.419131225530578799e-01,6.455998300483787311e-01,6.061765896988868807e-01,9.999999999999996669e-01,6.061782729886602272e-01,6.456035971287825692e-01,6.419247779742697224e-01,6.423582231856415081e-01,6.423266944740699813e-01,6.421045609241070595e-01,6.465232309035597869e-01,5.989564695513790449e-01,5.989562736630333895e-01,6.465227778274875714e-01,6.421003152149193927e-01,6.423497156091768634e-01,6.419222255851527725e-01,6.456028247331089265e-01,6.061782729886602272e-01,9.999999999999996669e-01,6.061782729863194330e-01,6.456028247290283018e-01,6.419222255851229075e-01,6.423497156115240969e-01,6.421003152124008517e-01,6.465227778275239867e-01,5.989562736617042304e-01,5.989564695530971150e-01,6.465232309009313338e-01,6.421045609225076722e-01,6.423266944697134662e-01,6.423582231843574242e-01,6.419247779775874019e-01,6.456035971287825692e-01,6.061782729863194330e-01,9.999999999999996669e-01,6.061765896912512108e-01,6.455998300465960460e-01,6.419131225554653986e-01,6.421228007044953445e-01,6.465181364795750119e-01,5.989549456347061929e-01,5.989556636931125944e-01,6.465224603996433395e-01,6.421042562717608204e-01,6.423301287001383919e-01,6.423344046946030117e-01,6.423599641651402958e-01,6.419247779742697224e-01,6.456028247290283018e-01,6.061765896912512108e-01,9.999999999999996669e-01,6.061717601496927621e-01,6.455903070815169897e-01,6.416847590460449391e-01,6.465393891650194069e-01,5.989481430211811563e-01,5.989531284723180748e-01,6.465197587029264392e-01,6.421017702557451079e-01,6.423280793776320330e-01,6.423360975333429757e-01,6.423344046989464262e-01,6.423582231856415081e-01,6.419222255851229075e-01,6.455998300465960460e-01,6.061717601496927621e-01,9.999999999999996669e-01,6.061572947763778085e-01,6.453650678379292405e-01,6.461107873950044933e-01,5.989724812920209640e-01,5.989449803802998629e-01,6.465109760433300767e-01,6.420931294240632692e-01,6.423196221969867947e-01,6.423280793832455426e-01,6.423301287079971056e-01,6.423266944740699813e-01,6.423497156115240969e-01,6.419131225554653986e-01,6.455903070815169897e-01,6.061572947763778085e-01,9.999999999999996669e-01,6.058691099788577894e-01,6.496964051300946341e-01,5.984231412870163469e-01,5.987336729810308622e-01,6.462828919252373572e-01,6.418666403063485459e-01,6.420931294202110173e-01,6.421017702545986916e-01,6.421042562766322570e-01,6.421045609241070595e-01,6.421003152124008517e-01,6.421228007044953445e-01,6.416847590460449391e-01,6.453650678379292405e-01,6.058691099788577894e-01,9.999999999999996669e-01,6.110155164155804952e-01,6.027624650638934156e-01,6.028531362431868157e-01,6.507295093214116033e-01,6.462828919259351323e-01,6.465109760400867822e-01,6.465197587044601013e-01,6.465224604036243772e-01,6.465232309035597869e-01,6.465227778275239867e-01,6.465181364795750119e-01,6.465393891650194069e-01,6.461107873950044933e-01,6.496964051300946341e-01,6.110155164155804952e-01,9.999999999999996669e-01,5.578140017572739140e-01,5.584991889134695020e-01,6.028531362394937698e-01,5.987336729797321233e-01,5.989449803757675994e-01,5.989531284701148373e-01,5.989556636942984236e-01,5.989564695513790449e-01,5.989562736617042304e-01,5.989549456347061929e-01,5.989481430211811563e-01,5.989724812920209640e-01,5.984231412870163469e-01,6.027624650638934156e-01,5.578140017572739140e-01,9.999999999999996669e-01
9.999999999999962252e-01,4.659314678930780440e-01,5.299320604986342831e-01,5.211913885334004126e-01,5.228162667460193314e-01,5.226067908880203117e-01,5.226362578440392204e-01,5.226362080784092701e-01,5.226366587110629069e-01,5.226357643396917219e-01,5.226330797771482350e-01,5.226568283310122354e-01,5.217886874395175623e-01,5.312408460749600270e-01,4.637613948643822814e-01,4.659314678930780440e-01,9.999999999999962252e-01,5.500111286872260141e-01,6.046579836006757969e-01,5.976285709082511666e-01,5.988200088482165118e-01,5.986626238554052515e-01,5.986834399543576879e-01,5.986825828103025104e-01,5.986817063423476304e-01,5.986786398512708995e-01,5.987058432749867709e-01,5.977113811625334172e-01,6.085388687591759549e-01,5.312408460756654627e-01,5.299320604986342831e-01,5.500111286872260141e-01,9.999999999999962252e-01,5.376048576902012766e-01,5.942968608124777896e-01,5.869211774345513000e-01,5.881759903847001425e-01,5.880094733472870372e-01,5.880308706349397507e-01,5.880290621632390247e-01,5.880264068749291306e-01,5.880532329575068884e-01,5.870765137115095955e-01,5.977113811658523179e-01,5.217886874385769813e-01,5.211913885334004126e-01,6.046579836006757969e-01,5.376048576902012766e-01,9.999999999999962252e-01,5.388229021562147558e-01,5.952489511950481704e-01,5.879062887269256299e-01,5.891541141233540557e-01,5.889876743986969254e-01,5.890079581329583647e-01,5.890042881749273374e-01,5.890314863779239074e-01,5.880532329505687716e-01,5.987058432718443957e-01,5.226568283242329915e-01,5.228162667460193314e-01,5.976285709082511666e-01,5.942968608124777896e-01,5.388229021562147558e-01,9.999999999999962252e-01,5.387933310401641362e-01,5.952237776778356304e-01,5.878798723764137035e-01,5.891270935276589071e-01,5.889596596299170317e-01,5.889780933981358935e-01,5.890042881767624250e-01,5.880264068702842906e-01,5.986786398509329477e-01,5.226330797741798317e-01,5.226067908880203117e-01,5.988200088482165118e-01,5.869211774345513000e-01,5.952489511950481704e-01,5.387933310401641362e-01,9.999999999999962252e-01,5.387991105500240518e-01,5.952270842926455918e-01,5.878827450135801769e-01,5.891289460608493123e-01,5.889596596373239956e-01,5.890079581409424225e-01,5.880290621664292505e-01,5.986817063469405120e-01,5.226357643438477307e-01,5.226362578440392204e-01,5.986626238554052515e-01,5.881759903847001425e-01,5.879062887269256299e-01,5.952237776778356304e-01,5.387991105500240518e-01,9.999999999999962252e-01,5.388012567257804974e-01,5.952280049153790831e-01,5.878827450086765438e-01,5.891270935305638057e-01,5.889876744037333411e-01,5.880308706348458259e-01,5.986825828110572401e-01,5.226366587122277529e-01,5.226362080784092701e-01,5.986834399543576879e-01,5.880094733472870372e-01,5.891541141233540557e-01,5.878798723764137035e-01,5.952270842926455918e-01,5.388012567257804974e-01,9.999999999999962252e-01,5.388012567243962714e-01,5.952270842880978963e-01,5.878798723767796330e-01,5.891541141287927053e-01,5.880094733457987832e-01,5.986834399549528785e-01,5.226362080748422345e-01,5.226366587110629069e-01,5.986825828103025104e-01,5.880308706349397507e-01,5.889876743986969254e-01,5.891270935276589071e-01,5.878827450135801769e-01,5.952280049153790831e-01,5.388012567243962714e-01,9.999999999999962252e-01,5.387991105409835058e-01,5.952237776752480336e-01,5.879062887287729300e-01,5.881759903822151303e-01,5.986626238533204747e-01,5.226362578428098704e-01,5.226357643396917219e-01,5.986817063423476304e-01,5.880290621632390247e-01,5.890079581329583647e-01,5.889596596299170317e-01,5.891289460608493123e-01,5.878827450086765438e-01,5.952270842880978963e-01,5.387991105409835058e-01,9.999999999999962252e-01,5.387933310338929305e-01,5.952489511929182076e-01,5.869211774274094573e-01,5.988200088402276799e-01,5.226067908787198624e-01,5.226330797771482350e-01,5.986786398512708995e-01,5.880264068749291306e-01,5.890042881749273374e-01,5.889780933981358935e-01,5.889596596373239956e-01,5.891270935305638057e-01,5.878798723767796330e-01,5.952237776752480336e-01,5.387933310338929305e-01,9.999999999999962252e-01,5.388229021618193837e-01,5.942968608108329942e-01,5.976285709085600306e-01,5.228162667460624080e-01,5.226568283310122354e-01,5.987058432749867709e-01,5.880532329575068884e-01,5.890314863779239074e-01,5.890042881767624250e-01,5.890079581409424225e-01,5.889876744037333411e-01,5.891541141287927053e-01,5.879062887287729300e-01,5.952489511929182076e-01,5.388229021618193837e-01,9.999999999999962252e-01,5.376048576918212030e-01,6.046579836044052580e-01,5.211913885316885597e-01,5.217886874395175623e-01,5.977113811625334172e-01,5.870765137115095955e-01,5.880532329505687716e-01,5.880264068702842906e-01,5.880290621664292505e-01,5.880308706348458259e-01,5.880094733457987832e-01,5.881759903822151303e-01,5.869211774274094573e-01,5.942968608108329942e-01,5.376048576918212030e-01,9.999999999999962252e-01,5.500111286841973257e-01,5.299320604995757522e-01,5.312408460749600270e-01,6.085388687591759549e-01,5.977113811658523179e-01,5.987058432718443957e-01,5.986786398509329477e-01,5.986817063469405120e-01,5.986825828110572401e-01,5.986834399549528785e-01,5.986626238533204747e-01,5.988200088402276799e-01,5.976285709085600306e-01,6.046579836044052580e-01,5.500111286841973257e-01,9.999999999999962252e-01,4.659314678904670770e-01,4.637613948643822814e-01,5.312408460756654627e-01,5.217886874385769813e-01,5.226568283242329915e-01,5.226330797741798317e-01,5.226357643438477307e-01,5.226366587122277529e-01,5.226362080748422345e-01,5.226362578428098704e-01,5.226067908787198624e-01,5.228162667460624080e-01,5.211913885316885597e-01,5.299320604995757522e-01,4.659314678904670770e-01,9.999999999999962252e-01
9.999999999999976685e-01,3.874874652431845590e-01,4.680732889673572261e-01,4.549515699926763856e-01,4.578923219746917628e-01,4.572921818655368287e-01,4.574178870839404887e-01,4.574035016490500261e-01,4.574056856380085967e-01,4.574047917076526915e-01,4.573959340283788033e-01,4.575818734691014522e-01,4.551856326232940342e-01,4.723224015678056387e-01,3.833747859242784828e-01,3.874874652431845590e-01,9.999999999999976685e-01,5.019726795275095688e-01,5.727214670294447085e-01,5.617553105816699421e-01,5.638642656108642237e-01,5.634537853135010987e-01,5.635392060998899444e-01,5.635281991422507186e-01,5.635284382098404432e-01,5.635173897325936876e-01,5.637464518370453037e-01,5.607942402025405393e-01,5.819069316003042669e-01,4.723224015672839449e-01,4.680732889673572261e-01,5.019726795275095688e-01,9.999999999999976685e-01,4.785325258203826371e-01,5.528969249516719753e-01,5.411463364060766779e-01,5.434507390423768403e-01,5.430004641726512427e-01,5.430935914682124555e-01,5.430806938591323796e-01,5.430717769532690253e-01,5.432925515445402587e-01,5.404475165014921423e-01,5.607942402028559536e-01,4.551856326259914876e-01,4.549515699926763856e-01,5.727214670294447085e-01,4.785325258203826371e-01,9.999999999999976685e-01,4.820432209802120171e-01,5.556447891483392576e-01,5.440308266500630818e-01,5.463059626213611075e-01,5.458602522037740989e-01,5.459512052690018713e-01,5.459289723838761654e-01,5.461525745328478232e-01,5.432925515450628406e-01,5.637464518370615130e-01,4.575818734714851010e-01,4.578923219746917628e-01,5.617553105816699421e-01,5.528969249516719753e-01,4.820432209802120171e-01,9.999999999999976685e-01,4.817636811017377840e-01,5.554326645949179131e-01,5.438078233808250062e-01,5.460841350744956024e-01,5.456371036278045983e-01,5.457186938327172054e-01,5.459289723803388839e-01,5.430717769532804606e-01,5.635173897286193112e-01,4.573959340283320629e-01,4.572921818655368287e-01,5.638642656108642237e-01,5.411463364060766779e-01,5.556447891483392576e-01,4.817636811017377840e-01,9.999999999999976685e-01,4.817796568376487287e-01,5.554432238361073360e-01,5.438183827251564795e-01,5.460935760996133981e-01,5.456371036291374210e-01,5.459512052707815588e-01,5.430806938575654108e-01,5.635284382125624880e-01,4.574047917086423443e-01,4.574178870839404887e-01,5.634537853135010987e-01,5.434507390423768403e-01,5.440308266500630818e-01,5.554326645949179131e-01,4.817796568376487287e-01,9.999999999999976685e-01,4.817818757487998260e-01,5.554441147358784026e-01,5.438183827231665157e-01,5.460841350732800192e-01,5.458602522011620772e-01,5.430935914622285754e-01,5.635281991389677891e-01,4.574056856364687174e-01,4.574035016490500261e-01,5.635392060998899444e-01,5.430004641726512427e-01,5.463059626213611075e-01,5.438078233808250062e-01,5.554432238361073360e-01,4.817818757487998260e-01,9.999999999999976685e-01,4.817818757516969530e-01,5.554432238342493777e-01,5.438078233827954300e-01,5.463059626194597396e-01,5.430004641714121227e-01,5.635392060995373376e-01,4.574035016494346073e-01,4.574056856380085967e-01,5.635281991422507186e-01,5.430935914682124555e-01,5.458602522037740989e-01,5.460841350744956024e-01,5.438183827251564795e-01,5.554441147358784026e-01,4.817818757516969530e-01,9.999999999999976685e-01,4.817796568397605395e-01,5.554326646030978143e-01,5.440308266511324486e-01,5.434507390428402474e-01,5.634537853158815279e-01,4.574178870876665637e-01,4.574047917076526915e-01,5.635284382098404432e-01,5.430806938591323796e-01,5.459512052690018713e-01,5.456371036278045983e-01,5.460935760996133981e-01,5.438183827231665157e-01,5.554432238342493777e-01,4.817796568397605395e-01,9.999999999999976685e-01,4.817636811035171940e-01,5.556447891462329425e-01,5.411463364019235556e-01,5.638642656117139884e-01,4.572921818651484172e-01,4.573959340283788033e-01,5.635173897325936876e-01,5.430717769532690253e-01,5.459289723838761654e-01,5.457186938327172054e-01,5.456371036291374210e-01,5.460841350732800192e-01,5.438078233827954300e-01,5.554326646030978143e-01,4.817636811035171940e-01,9.999999999999976685e-01,4.820432209821114977e-01,5.528969249562685206e-01,5.617553105835924043e-01,4.578923219756829699e-01,4.575818734691014522e-01,5.637464518370453037e-01,5.432925515445402587e-01,5.461525745328478232e-01,5.459289723803388839e-01,5.459512052707815588e-01,5.458602522011620772e-01,5.463059626194597396e-01,5.440308266511324486e-01,5.556447891462329425e-01,4.820432209821114977e-01,9.999999999999976685e-01,4.785325258178796393e-01,5.727214670285037945e-01,4.549515699932571433e-01,4.551856326232940342e-01,5.607942402025405393e-01,5.404475165014921423e-01,5.432925515450628406e-01,5.430717769532804606e-01,5.430806938575654108e-01,5.430935914622285754e-01,5.430004641714121227e-01,5.434507390428402474e-01,5.411463364019235556e-01,5.528969249562685206e-01,4.785325258178796393e-01,9.999999999999976685e-01,5.019726795248542484e-01,4.680732889647470918e-01,4.723224015678056387e-01,5.819069316003042669e-01,5.607942402028559536e-01,5.637464518370615130e-01,5.635173897286193112e-01,5.635284382125624880e-01,5.635281991389677891e-01,5.635392060995373376e-01,5.634537853158815279e-01,5.638642656117139884e-01,5.617553105835924043e-01,5.727214670285037945e-01,5.019726795248542484e-01,9.999999999999976685e-01,3.874874652433896172e-01,3.833747859242784828e-01,4.723224015672839449e-01,4.551856326259914876e-01,4.575818734714851010e-01,4.573959340283320629e-01,4.574047917086423443e-01,4.574056856364687174e-01,4.574035016494346073e-01,4.574178870876665637e-01,4.572921818651484172e-01,4.578923219756829699e-01,4.549515699932571433e-01,4.680732889647470918e-01,3.874874652433896172e-01,9.999999999999976685e-01
