1.000000000000000000e+00,1.000000000000000000e+00,1.000000000000000000e+00,1.000000000000000000e+00,1.000000000000000000e+00,1.000000000000000000e+00,1.000000000000000000e+00,1.000000000000000000e+00,1.000000000000000000e+00,1.000000000000000000e+00,1.000000000000000000e+00,1.000000000000000000e+00,1.000000000000000000e+00,1.000000000000000000e+00,1.000000000000000000e+00,1.000000000000000000e+00,1.000000000000000000e+00,1.000000000000000000e+00,1.000000000000000000e+00,1.000000000000000000e+00,1.000000000000000000e+00,1.000000000000000000e+00,1.000000000000000000e+00,1.000000000000000000e+00,1.000000000000000000e+00,1.000000000000000000e+00,1.000000000000000000e+00,1.000000000000000000e+00,1.000000000000000000e+00,1.000000000000000000e+00,1.000000000000000000e+00,1.000000000000000000e+00,1.000000000000000000e+00,1.000000000000000000e+00,1.000000000000000000e+00,1.000000000000000000e+00,1.000000000000000000e+00,1.000000000000000000e+00,1.000000000000000000e+00,1.000000000000000000e+00,1.000000000000000000e+00,1.000000000000000000e+00,1.000000000000000000e+00,1.000000000000000000e+00,1.000000000000000000e+00,1.000000000000000000e+00,1.000000000000000000e+00,1.000000000000000000e+00,1.000000000000000000e+00,1.000000000000000000e+00,1.000000000000000000e+00,1.000000000000000000e+00,1.000000000000000000e+00,1.000000000000000000e+00,1.000000000000000000e+00,1.000000000000000000e+00,1.000000000000000000e+00,1.000000000000000000e+00,1.000000000000000000e+00,1.000000000000000000e+00,1.000000000000000000e+00,1.000000000000000000e+00,1.000000000000000000e+00,1.000000000000000000e+00
1.000000000000000888e+00,9.952246417668796363e-01,9.952288331039199631e-01,9.952289279548225398e-01,9.952289370382084721e-01,9.952289279548227618e-01,9.952288331039198521e-01,9.952246417668797474e-01,9.952246417668796363e-01,1.000000000000000888e+00,9.952246417668798584e-01,9.952288331039198521e-01,9.952289279548226508e-01,9.952289370382085831e-01,9.952289279548224288e-01,9.952288331039198521e-01,9.952288331039199631e-01,9.952246417668798584e-01,1.000000000000000888e+00,9.952246417668797474e-01,9.952288331039199631e-01,9.952289279548227618e-01,9.952289370382083611e-01,9.952289279548225398e-01,9.952289279548225398e-01,9.952288331039198521e-01,9.952246417668797474e-01,1.000000000000000888e+00,9.952246417668798584e-01,9.952288331039200742e-01,9.952289279548224288e-01,9.952289370382082501e-01,9.952289370382084721e-01,9.952289279548226508e-01,9.952288331039199631e-01,9.952246417668798584e-01,1.000000000000000888e+00,9.952246417668797474e-01,9.952288331039200742e-01,9.952289279548226508e-01,9.952289279548227618e-01,9.952289370382085831e-01,9.952289279548227618e-01,9.952288331039200742e-01,9.952246417668797474e-01,1.000000000000000888e+00,9.952246417668800804e-01,9.952288331039201852e-01,9.952288331039198521e-01,9.952289279548224288e-01,9.952289370382083611e-01,9.952289279548224288e-01,9.952288331039200742e-01,9.952246417668800804e-01,1.000000000000000888e+00,9.952246417668797474e-01,9.952246417668797474e-01,9.952288331039198521e-01,9.952289279548225398e-01,9.952289370382082501e-01,9.952289279548226508e-01,9.952288331039201852e-01,9.952246417668797474e-01,1.000000000000000888e+00
1.000000000000000888e+00,9.821066544288197253e-01,9.821712937279998279e-01,9.821751623549550558e-01,9.821755411523231949e-01,9.821751623549551669e-01,9.821712937279997169e-01,9.821066544288197253e-01,9.821066544288197253e-01,1.000000000000000888e+00,9.821066544288196143e-01,9.821712937279997169e-01,9.821751623549551669e-01,9.821755411523231949e-01,9.821751623549551669e-01,9.821712937279998279e-01,9.821712937279998279e-01,9.821066544288196143e-01,1.000000000000000888e+00,9.821066544288197253e-01,9.821712937279999389e-01,9.821751623549550558e-01,9.821755411523229728e-01,9.821751623549550558e-01,9.821751623549550558e-01,9.821712937279997169e-01,9.821066544288197253e-01,1.000000000000000888e+00,9.821066544288198363e-01,9.821712937279997169e-01,9.821751623549550558e-01,9.821755411523229728e-01,9.821755411523231949e-01,9.821751623549551669e-01,9.821712937279999389e-01,9.821066544288198363e-01,1.000000000000000888e+00,9.821066544288197253e-01,9.821712937279998279e-01,9.821751623549551669e-01,9.821751623549551669e-01,9.821755411523231949e-01,9.821751623549550558e-01,9.821712937279997169e-01,9.821066544288197253e-01,1.000000000000000888e+00,9.821066544288197253e-01,9.821712937279997169e-01,9.821712937279997169e-01,9.821751623549551669e-01,9.821755411523229728e-01,9.821751623549550558e-01,9.821712937279998279e-01,9.821066544288197253e-01,1.000000000000000888e+00,9.821066544288197253e-01,9.821066544288197253e-01,9.821712937279998279e-01,9.821751623549550558e-01,9.821755411523229728e-01,9.821751623549551669e-01,9.821712937279997169e-01,9.821066544288197253e-01,1.000000000000000888e+00
1.000000000000002442e+00,9.823026792600492163e-01,9.823608070657958713e-01,9.823655355938474276e-01,9.823660071680049288e-01,9.823655355938473166e-01,9.823608070657957603e-01,9.823026792600492163e-01,9.823026792600492163e-01,1.000000000000002442e+00,9.823026792600491053e-01,9.823608070657956493e-01,9.823655355938474276e-01,9.823660071680047068e-01,9.823655355938475386e-01,9.823608070657957603e-01,9.823608070657958713e-01,9.823026792600491053e-01,1.000000000000002442e+00,9.823026792600492163e-01,9.823608070657957603e-01,9.823655355938474276e-01,9.823660071680049288e-01,9.823655355938475386e-01,9.823655355938474276e-01,9.823608070657956493e-01,9.823026792600492163e-01,1.000000000000002442e+00,9.823026792600492163e-01,9.823608070657955382e-01,9.823655355938474276e-01,9.823660071680048178e-01,9.823660071680049288e-01,9.823655355938474276e-01,9.823608070657957603e-01,9.823026792600492163e-01,1.000000000000002442e+00,9.823026792600492163e-01,9.823608070657956493e-01,9.823655355938474276e-01,9.823655355938473166e-01,9.823660071680047068e-01,9.823655355938474276e-01,9.823608070657955382e-01,9.823026792600492163e-01,1.000000000000002442e+00,9.823026792600489943e-01,9.823608070657955382e-01,9.823608070657957603e-01,9.823655355938475386e-01,9.823660071680049288e-01,9.823655355938474276e-01,9.823608070657956493e-01,9.823026792600489943e-01,1.000000000000002442e+00,9.823026792600492163e-01,9.823026792600492163e-01,9.823608070657957603e-01,9.823655355938475386e-01,9.823660071680048178e-01,9.823655355938474276e-01,9.823608070657955382e-01,9.823026792600492163e-01,1.000000000000002442e+00
1.000000000000002220e+00,9.909103362984345020e-01,9.909276040379076944e-01,9.909273625252570383e-01,9.909273399415918782e-01,9.909273625252570383e-01,9.909276040379076944e-01,9.909103362984346131e-01,9.909103362984345020e-01,1.000000000000002220e+00,9.909103362984345020e-01,9.909276040379076944e-01,9.909273625252570383e-01,9.909273399415918782e-01,9.909273625252569273e-01,9.909276040379076944e-01,9.909276040379076944e-01,9.909103362984345020e-01,1.000000000000002220e+00,9.909103362984346131e-01,9.909276040379078054e-01,9.909273625252569273e-01,9.909273399415917671e-01,9.909273625252569273e-01,9.909273625252570383e-01,9.909276040379076944e-01,9.909103362984346131e-01,1.000000000000002220e+00,9.909103362984346131e-01,9.909276040379078054e-01,9.909273625252569273e-01,9.909273399415917671e-01,9.909273399415918782e-01,9.909273625252570383e-01,9.909276040379078054e-01,9.909103362984346131e-01,1.000000000000002220e+00,9.909103362984347241e-01,9.909276040379078054e-01,9.909273625252570383e-01,9.909273625252570383e-01,9.909273399415918782e-01,9.909273625252569273e-01,9.909276040379078054e-01,9.909103362984347241e-01,1.000000000000002220e+00,9.909103362984346131e-01,9.909276040379076944e-01,9.909276040379076944e-01,9.909273625252569273e-01,9.909273399415917671e-01,9.909273625252569273e-01,9.909276040379078054e-01,9.909103362984346131e-01,1.000000000000002220e+00,9.909103362984347241e-01,9.909103362984346131e-01,9.909276040379076944e-01,9.909273625252569273e-01,9.909273399415917671e-01,9.909273625252570383e-01,9.909276040379076944e-01,9.909103362984347241e-01,1.000000000000002220e+00
1.000000000000000222e+00,9.781725757908923402e-01,9.782706654633169796e-01,9.782723157314807683e-01,9.782724881771358572e-01,9.782723157314807683e-01,9.782706654633170906e-01,9.781725757908922292e-01,9.781725757908923402e-01,1.000000000000000222e+00,9.781725757908922292e-01,9.782706654633170906e-01,9.782723157314808793e-01,9.782724881771360792e-01,9.782723157314806572e-01,9.782706654633170906e-01,9.782706654633169796e-01,9.781725757908922292e-01,1.000000000000000222e+00,9.781725757908922292e-01,9.782706654633170906e-01,9.782723157314808793e-01,9.782724881771357461e-01,9.782723157314806572e-01,9.782723157314807683e-01,9.782706654633170906e-01,9.781725757908922292e-01,1.000000000000000222e+00,9.781725757908921182e-01,9.782706654633172016e-01,9.782723157314808793e-01,9.782724881771359682e-01,9.782724881771358572e-01,9.782723157314808793e-01,9.782706654633170906e-01,9.781725757908921182e-01,1.000000000000000222e+00,9.781725757908923402e-01,9.782706654633170906e-01,9.782723157314807683e-01,9.782723157314807683e-01,9.782724881771360792e-01,9.782723157314808793e-01,9.782706654633172016e-01,9.781725757908923402e-01,1.000000000000000222e+00,9.781725757908924512e-01,9.782706654633173127e-01,9.782706654633170906e-01,9.782723157314806572e-01,9.782724881771357461e-01,9.782723157314808793e-01,9.782706654633170906e-01,9.781725757908924512e-01,1.000000000000000222e+00,9.781725757908921182e-01,9.781725757908922292e-01,9.782706654633170906e-01,9.782723157314806572e-01,9.782724881771359682e-01,9.782723157314807683e-01,9.782706654633173127e-01,9.781725757908921182e-01,1.000000000000000222e+00
1.000000000000000444e+00,9.600071296936392162e-01,9.603308115825860414e-01,9.603480113175939525e-01,9.603497680305985718e-01,9.603480113175939525e-01,9.603308115825862634e-01,9.600071296936392162e-01,9.600071296936392162e-01,1.000000000000000444e+00,9.600071296936391052e-01,9.603308115825861524e-01,9.603480113175937305e-01,9.603497680305986828e-01,9.603480113175937305e-01,9.603308115825861524e-01,9.603308115825860414e-01,9.600071296936391052e-01,1.000000000000000444e+00,9.600071296936391052e-01,9.603308115825860414e-01,9.603480113175937305e-01,9.603497680305984607e-01,9.603480113175936195e-01,9.603480113175939525e-01,9.603308115825861524e-01,9.600071296936391052e-01,1.000000000000000444e+00,9.600071296936393273e-01,9.603308115825861524e-01,9.603480113175938415e-01,9.603497680305986828e-01,9.603497680305985718e-01,9.603480113175937305e-01,9.603308115825860414e-01,9.600071296936393273e-01,1.000000000000000444e+00,9.600071296936392162e-01,9.603308115825862634e-01,9.603480113175938415e-01,9.603480113175939525e-01,9.603497680305986828e-01,9.603480113175937305e-01,9.603308115825861524e-01,9.600071296936392162e-01,1.000000000000000444e+00,9.600071296936392162e-01,9.603308115825862634e-01,9.603308115825862634e-01,9.603480113175937305e-01,9.603497680305984607e-01,9.603480113175938415e-01,9.603308115825862634e-01,9.600071296936392162e-01,1.000000000000000444e+00,9.600071296936392162e-01,9.600071296936392162e-01,9.603308115825861524e-01,9.603480113175936195e-01,9.603497680305986828e-01,9.603480113175938415e-01,9.603308115825862634e-01,9.600071296936392162e-01,1.000000000000000444e+00
9.999999999999997780e-01,9.695901276239293765e-01,9.697710639454398818e-01,9.697776021089536957e-01,9.697781714220056193e-01,9.697776021089534737e-01,9.697710639454401038e-01,9.695901276239293765e-01,9.695901276239293765e-01,9.999999999999997780e-01,9.695901276239290434e-01,9.697710639454398818e-01,9.697776021089534737e-01,9.697781714220050642e-01,9.697776021089534737e-01,9.697710639454398818e-01,9.697710639454398818e-01,9.695901276239290434e-01,9.999999999999997780e-01,9.695901276239291544e-01,9.697710639454398818e-01,9.697776021089533627e-01,9.697781714220052862e-01,9.697776021089533627e-01,9.697776021089536957e-01,9.697710639454398818e-01,9.695901276239291544e-01,9.999999999999997780e-01,9.695901276239292654e-01,9.697710639454397707e-01,9.697776021089538068e-01,9.697781714220055083e-01,9.697781714220056193e-01,9.697776021089534737e-01,9.697710639454398818e-01,9.695901276239292654e-01,9.999999999999997780e-01,9.695901276239292654e-01,9.697710639454399928e-01,9.697776021089535847e-01,9.697776021089534737e-01,9.697781714220050642e-01,9.697776021089533627e-01,9.697710639454397707e-01,9.695901276239292654e-01,9.999999999999997780e-01,9.695901276239292654e-01,9.697710639454398818e-01,9.697710639454401038e-01,9.697776021089534737e-01,9.697781714220052862e-01,9.697776021089538068e-01,9.697710639454399928e-01,9.695901276239292654e-01,9.999999999999997780e-01,9.695901276239294875e-01,9.695901276239293765e-01,9.697710639454398818e-01,9.697776021089533627e-01,9.697781714220055083e-01,9.697776021089535847e-01,9.697710639454398818e-01,9.695901276239294875e-01,9.999999999999997780e-01
9.999999999999997780e-01,9.784573647743090019e-01,9.785490708564964502e-01,9.785550995673409913e-01,9.785557709499168588e-01,9.785550995673409913e-01,9.785490708564965612e-01,9.784573647743090019e-01,9.784573647743090019e-01,9.999999999999997780e-01,9.784573647743087799e-01,9.785490708564964502e-01,9.785550995673409913e-01,9.785557709499169698e-01,9.785550995673409913e-01,9.785490708564964502e-01,9.785490708564964502e-01,9.784573647743087799e-01,9.999999999999997780e-01,9.784573647743087799e-01,9.785490708564965612e-01,9.785550995673411023e-01,9.785557709499169698e-01,9.785550995673409913e-01,9.785550995673409913e-01,9.785490708564964502e-01,9.784573647743087799e-01,9.999999999999997780e-01,9.784573647743087799e-01,9.785490708564964502e-01,9.785550995673409913e-01,9.785557709499169698e-01,9.785557709499168588e-01,9.785550995673409913e-01,9.785490708564965612e-01,9.784573647743087799e-01,9.999999999999997780e-01,9.784573647743088909e-01,9.785490708564964502e-01,9.785550995673409913e-01,9.785550995673409913e-01,9.785557709499169698e-01,9.785550995673411023e-01,9.785490708564964502e-01,9.784573647743088909e-01,9.999999999999997780e-01,9.784573647743090019e-01,9.785490708564965612e-01,9.785490708564965612e-01,9.785550995673409913e-01,9.785557709499169698e-01,9.785550995673409913e-01,9.785490708564964502e-01,9.784573647743090019e-01,9.999999999999997780e-01,9.784573647743088909e-01,9.784573647743090019e-01,9.785490708564964502e-01,9.785550995673409913e-01,9.785557709499169698e-01,9.785550995673409913e-01,9.785490708564965612e-01,9.784573647743088909e-01,9.999999999999997780e-01
9.999999999999998890e-01,9.554918859208036963e-01,9.559126433241544873e-01,9.559151713033384734e-01,9.559154700527044968e-01,9.559151713033383624e-01,9.559126433241541543e-01,9.554918859208033632e-01,9.554918859208036963e-01,9.999999999999998890e-01,9.554918859208036963e-01,9.559126433241544873e-01,9.559151713033384734e-01,9.559154700527046078e-01,9.559151713033384734e-01,9.559126433241544873e-01,9.559126433241544873e-01,9.554918859208036963e-01,9.999999999999998890e-01,9.554918859208035853e-01,9.559126433241543763e-01,9.559151713033383624e-01,9.559154700527046078e-01,9.559151713033384734e-01,9.559151713033384734e-01,9.559126433241544873e-01,9.554918859208035853e-01,9.999999999999998890e-01,9.554918859208035853e-01,9.559126433241544873e-01,9.559151713033384734e-01,9.559154700527047188e-01,9.559154700527044968e-01,9.559151713033384734e-01,9.559126433241543763e-01,9.554918859208035853e-01,9.999999999999998890e-01,9.554918859208036963e-01,9.559126433241543763e-01,9.559151713033383624e-01,9.559151713033383624e-01,9.559154700527046078e-01,9.559151713033383624e-01,9.559126433241544873e-01,9.554918859208036963e-01,9.999999999999998890e-01,9.554918859208035853e-01,9.559126433241543763e-01,9.559126433241541543e-01,9.559151713033384734e-01,9.559154700527046078e-01,9.559151713033384734e-01,9.559126433241543763e-01,9.554918859208035853e-01,9.999999999999998890e-01,9.554918859208034743e-01,9.554918859208033632e-01,9.559126433241544873e-01,9.559151713033384734e-01,9.559154700527047188e-01,9.559151713033383624e-01,9.559126433241543763e-01,9.554918859208034743e-01,9.999999999999998890e-01
9.999999999999986677e-01,9.425748215083646908e-01,9.432303960236761986e-01,9.432707095976780032e-01,9.432750647617174078e-01,9.432707095976782252e-01,9.432303960236763096e-01,9.425748215083649129e-01,9.425748215083646908e-01,9.999999999999986677e-01,9.425748215083644688e-01,9.432303960236758655e-01,9.432707095976777811e-01,9.432750647617171857e-01,9.432707095976778922e-01,9.432303960236760876e-01,9.432303960236761986e-01,9.425748215083644688e-01,9.999999999999986677e-01,9.425748215083645798e-01,9.432303960236759766e-01,9.432707095976777811e-01,9.432750647617171857e-01,9.432707095976778922e-01,9.432707095976780032e-01,9.432303960236758655e-01,9.425748215083645798e-01,9.999999999999986677e-01,9.425748215083648018e-01,9.432303960236763096e-01,9.432707095976778922e-01,9.432750647617171857e-01,9.432750647617174078e-01,9.432707095976777811e-01,9.432303960236759766e-01,9.425748215083648018e-01,9.999999999999986677e-01,9.425748215083649129e-01,9.432303960236761986e-01,9.432707095976780032e-01,9.432707095976782252e-01,9.432750647617171857e-01,9.432707095976777811e-01,9.432303960236763096e-01,9.425748215083649129e-01,9.999999999999986677e-01,9.425748215083649129e-01,9.432303960236763096e-01,9.432303960236763096e-01,9.432707095976778922e-01,9.432750647617171857e-01,9.432707095976778922e-01,9.432303960236761986e-01,9.425748215083649129e-01,9.999999999999986677e-01,9.425748215083649129e-01,9.425748215083649129e-01,9.432303960236760876e-01,9.432707095976778922e-01,9.432750647617171857e-01,9.432707095976780032e-01,9.432303960236763096e-01,9.425748215083649129e-01,9.999999999999986677e-01
9.999999999999985567e-01,9.624697035296556624e-01,9.627671349998431216e-01,9.627635396217524288e-01,9.627630176054492450e-01,9.627635396217524288e-01,9.627671349998434547e-01,9.624697035296559955e-01,9.624697035296556624e-01,9.999999999999985567e-01,9.624697035296553294e-01,9.627671349998426775e-01,9.627635396217522068e-01,9.627630176054486899e-01,9.627635396217522068e-01,9.627671349998427885e-01,9.627671349998431216e-01,9.624697035296553294e-01,9.999999999999985567e-01,9.624697035296556624e-01,9.627671349998430106e-01,9.627635396217522068e-01,9.627630176054489120e-01,9.627635396217520958e-01,9.627635396217524288e-01,9.627671349998426775e-01,9.624697035296556624e-01,9.999999999999985567e-01,9.624697035296557734e-01,9.627671349998431216e-01,9.627635396217524288e-01,9.627630176054490230e-01,9.627630176054492450e-01,9.627635396217522068e-01,9.627671349998430106e-01,9.624697035296557734e-01,9.999999999999985567e-01,9.624697035296558845e-01,9.627671349998433437e-01,9.627635396217525399e-01,9.627635396217524288e-01,9.627630176054486899e-01,9.627635396217522068e-01,9.627671349998431216e-01,9.624697035296558845e-01,9.999999999999985567e-01,9.624697035296558845e-01,9.627671349998431216e-01,9.627671349998434547e-01,9.627635396217522068e-01,9.627630176054489120e-01,9.627635396217524288e-01,9.627671349998433437e-01,9.624697035296558845e-01,9.999999999999985567e-01,9.624697035296558845e-01,9.624697035296559955e-01,9.627671349998427885e-01,9.627635396217520958e-01,9.627630176054490230e-01,9.627635396217525399e-01,9.627671349998431216e-01,9.624697035296558845e-01,9.999999999999985567e-01
9.999999999999990008e-01,9.610195041762744639e-01,9.613207506255210255e-01,9.613400937377097888e-01,9.613416474812115364e-01,9.613400937377098998e-01,9.613207506255209145e-01,9.610195041762743529e-01,9.610195041762744639e-01,9.999999999999990008e-01,9.610195041762747969e-01,9.613207506255211365e-01,9.613400937377101219e-01,9.613416474812117585e-01,9.613400937377100108e-01,9.613207506255211365e-01,9.613207506255210255e-01,9.610195041762747969e-01,9.999999999999990008e-01,9.610195041762746859e-01,9.613207506255212476e-01,9.613400937377098998e-01,9.613416474812116475e-01,9.613400937377100108e-01,9.613400937377097888e-01,9.613207506255211365e-01,9.610195041762746859e-01,9.999999999999990008e-01,9.610195041762743529e-01,9.613207506255211365e-01,9.613400937377097888e-01,9.613416474812114254e-01,9.613416474812115364e-01,9.613400937377101219e-01,9.613207506255212476e-01,9.610195041762743529e-01,9.999999999999990008e-01,9.610195041762743529e-01,9.613207506255211365e-01,9.613400937377100108e-01,9.613400937377098998e-01,9.613416474812117585e-01,9.613400937377098998e-01,9.613207506255211365e-01,9.610195041762743529e-01,9.999999999999990008e-01,9.610195041762743529e-01,9.613207506255210255e-01,9.613207506255209145e-01,9.613400937377100108e-01,9.613416474812116475e-01,9.613400937377097888e-01,9.613207506255211365e-01,9.610195041762743529e-01,9.999999999999990008e-01,9.610195041762743529e-01,9.610195041762743529e-01,9.613207506255211365e-01,9.613400937377100108e-01,9.613416474812114254e-01,9.613400937377100108e-01,9.613207506255210255e-01,9.610195041762743529e-01,9.999999999999990008e-01
1.000000000000001110e+00,9.306751911263716481e-01,9.316945670920316891e-01,9.317075710412653367e-01,9.317105039791094834e-01,9.317075710412653367e-01,9.316945670920316891e-01,9.306751911263715371e-01,9.306751911263716481e-01,1.000000000000001110e+00,9.306751911263717592e-01,9.316945670920320222e-01,9.317075710412656697e-01,9.317105039791095944e-01,9.317075710412654477e-01,9.316945670920319111e-01,9.316945670920316891e-01,9.306751911263717592e-01,1.000000000000001110e+00,9.306751911263717592e-01,9.316945670920320222e-01,9.317075710412655587e-01,9.317105039791093724e-01,9.317075710412654477e-01,9.317075710412653367e-01,9.316945670920320222e-01,9.306751911263717592e-01,1.000000000000001110e+00,9.306751911263717592e-01,9.316945670920319111e-01,9.317075710412653367e-01,9.317105039791094834e-01,9.317105039791094834e-01,9.317075710412656697e-01,9.316945670920320222e-01,9.306751911263717592e-01,1.000000000000001110e+00,9.306751911263717592e-01,9.316945670920318001e-01,9.317075710412655587e-01,9.317075710412653367e-01,9.317105039791095944e-01,9.317075710412655587e-01,9.316945670920319111e-01,9.306751911263717592e-01,1.000000000000001110e+00,9.306751911263715371e-01,9.316945670920316891e-01,9.316945670920316891e-01,9.317075710412654477e-01,9.317105039791093724e-01,9.317075710412653367e-01,9.316945670920318001e-01,9.306751911263715371e-01,1.000000000000001110e+00,9.306751911263717592e-01,9.306751911263715371e-01,9.316945670920319111e-01,9.317075710412654477e-01,9.317105039791094834e-01,9.317075710412655587e-01,9.316945670920316891e-01,9.306751911263717592e-01,1.000000000000001110e+00
1.000000000000000222e+00,9.336666523904602055e-01,9.345468336090699824e-01,9.345928246917133420e-01,9.345964177007485274e-01,9.345928246917134530e-01,9.345468336090704264e-01,9.336666523904605386e-01,9.336666523904602055e-01,1.000000000000000222e+00,9.336666523904596504e-01,9.345468336090696493e-01,9.345928246917131199e-01,9.345964177007477502e-01,9.345928246917130089e-01,9.345468336090698713e-01,9.345468336090699824e-01,9.336666523904596504e-01,1.000000000000000222e+00,9.336666523904599835e-01,9.345468336090700934e-01,9.345928246917130089e-01,9.345964177007479723e-01,9.345928246917128979e-01,9.345928246917133420e-01,9.345468336090696493e-01,9.336666523904599835e-01,1.000000000000000222e+00,9.336666523904605386e-01,9.345468336090700934e-01,9.345928246917132309e-01,9.345964177007480833e-01,9.345964177007485274e-01,9.345928246917131199e-01,9.345468336090700934e-01,9.336666523904605386e-01,1.000000000000000222e+00,9.336666523904606496e-01,9.345468336090705375e-01,9.345928246917134530e-01,9.345928246917134530e-01,9.345964177007477502e-01,9.345928246917130089e-01,9.345468336090700934e-01,9.336666523904606496e-01,1.000000000000000222e+00,9.336666523904605386e-01,9.345468336090702044e-01,9.345468336090704264e-01,9.345928246917130089e-01,9.345964177007479723e-01,9.345928246917132309e-01,9.345468336090705375e-01,9.336666523904605386e-01,1.000000000000000222e+00,9.336666523904605386e-01,9.336666523904605386e-01,9.345468336090698713e-01,9.345928246917128979e-01,9.345964177007480833e-01,9.345928246917134530e-01,9.345468336090702044e-01,9.336666523904605386e-01,1.000000000000000222e+00
1.000000000000000444e+00,9.560739575561532089e-01,9.564853533731514368e-01,9.564870233577387193e-01,9.564889013763516745e-01,9.564870233577387193e-01,9.564853533731515478e-01,9.560739575561535419e-01,9.560739575561532089e-01,1.000000000000000444e+00,9.560739575561530978e-01,9.564853533731509927e-01,9.564870233577386083e-01,9.564889013763512304e-01,9.564870233577384973e-01,9.564853533731511037e-01,9.564853533731514368e-01,9.560739575561530978e-01,1.000000000000000444e+00,9.560739575561532089e-01,9.564853533731513258e-01,9.564870233577384973e-01,9.564889013763513415e-01,9.564870233577384973e-01,9.564870233577387193e-01,9.564853533731509927e-01,9.560739575561532089e-01,1.000000000000000444e+00,9.560739575561535419e-01,9.564853533731511037e-01,9.564870233577387193e-01,9.564889013763513415e-01,9.564889013763516745e-01,9.564870233577386083e-01,9.564853533731513258e-01,9.560739575561535419e-01,1.000000000000000444e+00,9.560739575561533199e-01,9.564853533731515478e-01,9.564870233577387193e-01,9.564870233577387193e-01,9.564889013763512304e-01,9.564870233577384973e-01,9.564853533731511037e-01,9.560739575561533199e-01,1.000000000000000444e+00,9.560739575561535419e-01,9.564853533731513258e-01,9.564853533731515478e-01,9.564870233577384973e-01,9.564889013763513415e-01,9.564870233577387193e-01,9.564853533731515478e-01,9.560739575561535419e-01,1.000000000000000444e+00,9.560739575561535419e-01,9.560739575561535419e-01,9.564853533731511037e-01,9.564870233577384973e-01,9.564889013763513415e-01,9.564870233577387193e-01,9.564853533731513258e-01,9.560739575561535419e-01,1.000000000000000444e+00
9.999999999999996669e-01,9.354462278092270378e-01,9.363228205595348630e-01,9.363384833015232500e-01,9.363369529138440006e-01,9.363384833015231390e-01,9.363228205595345299e-01,9.354462278092268157e-01,9.354462278092270378e-01,9.999999999999996669e-01,9.354462278092277039e-01,9.363228205595350850e-01,9.363384833015234721e-01,9.363369529138445557e-01,9.363384833015235831e-01,9.363228205595349740e-01,9.363228205595348630e-01,9.354462278092277039e-01,9.999999999999996669e-01,9.354462278092271488e-01,9.363228205595347520e-01,9.363384833015235831e-01,9.363369529138446667e-01,9.363384833015238051e-01,9.363384833015232500e-01,9.363228205595350850e-01,9.354462278092271488e-01,9.999999999999996669e-01,9.354462278092267047e-01,9.363228205595345299e-01,9.363384833015232500e-01,9.363369529138443337e-01,9.363369529138440006e-01,9.363384833015234721e-01,9.363228205595347520e-01,9.354462278092267047e-01,9.999999999999996669e-01,9.354462278092267047e-01,9.363228205595344189e-01,9.363384833015232500e-01,9.363384833015231390e-01,9.363369529138445557e-01,9.363384833015235831e-01,9.363228205595345299e-01,9.354462278092267047e-01,9.999999999999996669e-01,9.354462278092265937e-01,9.363228205595345299e-01,9.363228205595345299e-01,9.363384833015235831e-01,9.363369529138446667e-01,9.363384833015232500e-01,9.363228205595344189e-01,9.354462278092265937e-01,9.999999999999996669e-01,9.354462278092268157e-01,9.354462278092268157e-01,9.363228205595349740e-01,9.363384833015238051e-01,9.363369529138443337e-01,9.363384833015232500e-01,9.363228205595345299e-01,9.354462278092268157e-01,9.999999999999996669e-01
1.000000000000001554e+00,9.108809913479534170e-01,9.125252082023933564e-01,9.125769974367559101e-01,9.125887476682175148e-01,9.125769974367557991e-01,9.125252082023933564e-01,9.108809913479534170e-01,9.108809913479534170e-01,1.000000000000001554e+00,9.108809913479534170e-01,9.125252082023935785e-01,9.125769974367559101e-01,9.125887476682172927e-01,9.125769974367559101e-01,9.125252082023934674e-01,9.125252082023933564e-01,9.108809913479534170e-01,1.000000000000001554e+00,9.108809913479534170e-01,9.125252082023935785e-01,9.125769974367557991e-01,9.125887476682172927e-01,9.125769974367559101e-01,9.125769974367559101e-01,9.125252082023935785e-01,9.108809913479534170e-01,1.000000000000001554e+00,9.108809913479535281e-01,9.125252082023934674e-01,9.125769974367559101e-01,9.125887476682174038e-01,9.125887476682175148e-01,9.125769974367559101e-01,9.125252082023935785e-01,9.108809913479535281e-01,1.000000000000001554e+00,9.108809913479535281e-01,9.125252082023936895e-01,9.125769974367561321e-01,9.125769974367557991e-01,9.125887476682172927e-01,9.125769974367557991e-01,9.125252082023934674e-01,9.108809913479535281e-01,1.000000000000001554e+00,9.108809913479535281e-01,9.125252082023934674e-01,9.125252082023933564e-01,9.125769974367559101e-01,9.125887476682172927e-01,9.125769974367559101e-01,9.125252082023936895e-01,9.108809913479535281e-01,1.000000000000001554e+00,9.108809913479535281e-01,9.108809913479534170e-01,9.125252082023934674e-01,9.125769974367559101e-01,9.125887476682174038e-01,9.125769974367561321e-01,9.125252082023934674e-01,9.108809913479535281e-01,1.000000000000001554e+00
9.999999999999996669e-01,9.339322189111645134e-01,9.348600360757615135e-01,9.348711502643930471e-01,9.348676310029698788e-01,9.348711502643929361e-01,9.348600360757620686e-01,9.339322189111650685e-01,9.339322189111645134e-01,9.999999999999996669e-01,9.339322189111639583e-01,9.348600360757614025e-01,9.348711502643926030e-01,9.348676310029686576e-01,9.348711502643922699e-01,9.348600360757610694e-01,9.348600360757615135e-01,9.339322189111639583e-01,9.999999999999996669e-01,9.339322189111645134e-01,9.348600360757617356e-01,9.348711502643922699e-01,9.348676310029689907e-01,9.348711502643922699e-01,9.348711502643930471e-01,9.348600360757614025e-01,9.339322189111645134e-01,9.999999999999996669e-01,9.339322189111652905e-01,9.348600360757617356e-01,9.348711502643929361e-01,9.348676310029693237e-01,9.348676310029698788e-01,9.348711502643926030e-01,9.348600360757617356e-01,9.339322189111652905e-01,9.999999999999996669e-01,9.339322189111651795e-01,9.348600360757624017e-01,9.348711502643931581e-01,9.348711502643929361e-01,9.348676310029686576e-01,9.348711502643922699e-01,9.348600360757617356e-01,9.339322189111651795e-01,9.999999999999996669e-01,9.339322189111649575e-01,9.348600360757616246e-01,9.348600360757620686e-01,9.348711502643922699e-01,9.348676310029689907e-01,9.348711502643929361e-01,9.348600360757624017e-01,9.339322189111649575e-01,9.999999999999996669e-01,9.339322189111650685e-01,9.339322189111650685e-01,9.348600360757610694e-01,9.348711502643922699e-01,9.348676310029693237e-01,9.348711502643931581e-01,9.348600360757616246e-01,9.339322189111650685e-01,9.999999999999996669e-01
9.999999999999984457e-01,9.412952962580626304e-01,9.419856236411499051e-01,9.420226366318829037e-01,9.420293668551383837e-01,9.420226366318826816e-01,9.419856236411495720e-01,9.412952962580625194e-01,9.412952962580626304e-01,9.999999999999984457e-01,9.412952962580627414e-01,9.419856236411496830e-01,9.420226366318826816e-01,9.420293668551384947e-01,9.420226366318826816e-01,9.419856236411496830e-01,9.419856236411499051e-01,9.412952962580627414e-01,9.999999999999984457e-01,9.412952962580627414e-01,9.419856236411496830e-01,9.420226366318827926e-01,9.420293668551386057e-01,9.420226366318829037e-01,9.420226366318829037e-01,9.419856236411496830e-01,9.412952962580627414e-01,9.999999999999984457e-01,9.412952962580624083e-01,9.419856236411496830e-01,9.420226366318827926e-01,9.420293668551384947e-01,9.420293668551383837e-01,9.420226366318826816e-01,9.419856236411496830e-01,9.412952962580624083e-01,9.999999999999984457e-01,9.412952962580622973e-01,9.419856236411496830e-01,9.420226366318826816e-01,9.420226366318826816e-01,9.420293668551384947e-01,9.420226366318827926e-01,9.419856236411496830e-01,9.412952962580622973e-01,9.999999999999984457e-01,9.412952962580625194e-01,9.419856236411495720e-01,9.419856236411495720e-01,9.420226366318826816e-01,9.420293668551386057e-01,9.420226366318827926e-01,9.419856236411496830e-01,9.412952962580625194e-01,9.999999999999984457e-01,9.412952962580622973e-01,9.412952962580625194e-01,9.419856236411496830e-01,9.420226366318829037e-01,9.420293668551384947e-01,9.420226366318826816e-01,9.419856236411495720e-01,9.412952962580622973e-01,9.999999999999984457e-01
9.999999999999982236e-01,9.051610972042289927e-01,9.070855236119712561e-01,9.070902753220355663e-01,9.070898756053558110e-01,9.070902753220357884e-01,9.070855236119709231e-01,9.051610972042286596e-01,9.051610972042289927e-01,9.999999999999982236e-01,9.051610972042297698e-01,9.070855236119715892e-01,9.070902753220360104e-01,9.070898756053569212e-01,9.070902753220360104e-01,9.070855236119715892e-01,9.070855236119712561e-01,9.051610972042297698e-01,9.999999999999982236e-01,9.051610972042292147e-01,9.070855236119713672e-01,9.070902753220362325e-01,9.070898756053565881e-01,9.070902753220362325e-01,9.070902753220355663e-01,9.070855236119715892e-01,9.051610972042292147e-01,9.999999999999982236e-01,9.051610972042286596e-01,9.070855236119714782e-01,9.070902753220356773e-01,9.070898756053563661e-01,9.070898756053558110e-01,9.070902753220360104e-01,9.070855236119713672e-01,9.051610972042286596e-01,9.999999999999982236e-01,9.051610972042287706e-01,9.070855236119709231e-01,9.070902753220356773e-01,9.070902753220357884e-01,9.070898756053569212e-01,9.070902753220362325e-01,9.070855236119714782e-01,9.051610972042287706e-01,9.999999999999982236e-01,9.051610972042288816e-01,9.070855236119713672e-01,9.070855236119709231e-01,9.070902753220360104e-01,9.070898756053565881e-01,9.070902753220356773e-01,9.070855236119709231e-01,9.051610972042288816e-01,9.999999999999982236e-01,9.051610972042289927e-01,9.051610972042286596e-01,9.070855236119715892e-01,9.070902753220362325e-01,9.070898756053563661e-01,9.070902753220356773e-01,9.070855236119713672e-01,9.051610972042289927e-01,9.999999999999982236e-01
9.999999999999991118e-01,8.885655104014630323e-01,8.911374002756398127e-01,8.912257814977860848e-01,8.912415059868527001e-01,8.912257814977861958e-01,8.911374002756403678e-01,8.885655104014634764e-01,8.885655104014630323e-01,9.999999999999991118e-01,8.885655104014626993e-01,8.911374002756399237e-01,8.912257814977857517e-01,8.912415059868523670e-01,8.912257814977857517e-01,8.911374002756400348e-01,8.911374002756398127e-01,8.885655104014626993e-01,9.999999999999991118e-01,8.885655104014632544e-01,8.911374002756401458e-01,8.912257814977856407e-01,8.912415059868523670e-01,8.912257814977857517e-01,8.912257814977860848e-01,8.911374002756399237e-01,8.885655104014632544e-01,9.999999999999991118e-01,8.885655104014635874e-01,8.911374002756404789e-01,8.912257814977860848e-01,8.912415059868525891e-01,8.912415059868527001e-01,8.912257814977857517e-01,8.911374002756401458e-01,8.885655104014635874e-01,9.999999999999991118e-01,8.885655104014638095e-01,8.911374002756407009e-01,8.912257814977863069e-01,8.912257814977861958e-01,8.912415059868523670e-01,8.912257814977856407e-01,8.911374002756404789e-01,8.885655104014638095e-01,9.999999999999991118e-01,8.885655104014638095e-01,8.911374002756404789e-01,8.911374002756403678e-01,8.912257814977857517e-01,8.912415059868523670e-01,8.912257814977860848e-01,8.911374002756407009e-01,8.885655104014638095e-01,9.999999999999991118e-01,8.885655104014635874e-01,8.885655104014634764e-01,8.911374002756400348e-01,8.912257814977857517e-01,8.912415059868525891e-01,8.912257814977863069e-01,8.911374002756404789e-01,8.885655104014635874e-01,9.999999999999991118e-01
9.999999999999990008e-01,8.789196520792936784e-01,8.819766066640037927e-01,8.819825832539294197e-01,8.819773364061606058e-01,8.819825832539290866e-01,8.819766066640043478e-01,8.789196520792943446e-01,8.789196520792936784e-01,9.999999999999990008e-01,8.789196520792931233e-01,8.819766066640034596e-01,8.819825832539285315e-01,8.819773364061594956e-01,8.819825832539286425e-01,8.819766066640033486e-01,8.819766066640037927e-01,8.789196520792931233e-01,9.999999999999990008e-01,8.789196520792940115e-01,8.819766066640039037e-01,8.819825832539285315e-01,8.819773364061599397e-01,8.819825832539285315e-01,8.819825832539294197e-01,8.819766066640034596e-01,8.789196520792940115e-01,9.999999999999990008e-01,8.789196520792945666e-01,8.819766066640041258e-01,8.819825832539294197e-01,8.819773364061603838e-01,8.819773364061606058e-01,8.819825832539285315e-01,8.819766066640039037e-01,8.789196520792945666e-01,9.999999999999990008e-01,8.789196520792942335e-01,8.819766066640044588e-01,8.819825832539293087e-01,8.819825832539290866e-01,8.819773364061594956e-01,8.819825832539285315e-01,8.819766066640041258e-01,8.789196520792942335e-01,9.999999999999990008e-01,8.789196520792943446e-01,8.819766066640039037e-01,8.819766066640043478e-01,8.819825832539286425e-01,8.819773364061599397e-01,8.819825832539294197e-01,8.819766066640044588e-01,8.789196520792943446e-01,9.999999999999990008e-01,8.789196520792943446e-01,8.789196520792943446e-01,8.819766066640033486e-01,8.819825832539285315e-01,8.819773364061603838e-01,8.819825832539293087e-01,8.819766066640039037e-01,8.789196520792943446e-01,9.999999999999990008e-01
9.999999999999992228e-01,8.308725250888431280e-01,8.363186914773861336e-01,8.364177376545877118e-01,8.364591845651800917e-01,8.364177376545872677e-01,8.363186914773860225e-01,8.308725250888431280e-01,8.308725250888431280e-01,9.999999999999992228e-01,8.308725250888431280e-01,8.363186914773860225e-01,8.364177376545870457e-01,8.364591845651796476e-01,8.364177376545871567e-01,8.363186914773856895e-01,8.363186914773861336e-01,8.308725250888431280e-01,9.999999999999992228e-01,8.308725250888435720e-01,8.363186914773860225e-01,8.364177376545873788e-01,8.364591845651800917e-01,8.364177376545873788e-01,8.364177376545877118e-01,8.363186914773860225e-01,8.308725250888435720e-01,9.999999999999992228e-01,8.308725250888433500e-01,8.363186914773859115e-01,8.364177376545876008e-01,8.364591845651800917e-01,8.364591845651800917e-01,8.364177376545870457e-01,8.363186914773860225e-01,8.308725250888433500e-01,9.999999999999992228e-01,8.308725250888429059e-01,8.363186914773856895e-01,8.364177376545870457e-01,8.364177376545872677e-01,8.364591845651796476e-01,8.364177376545873788e-01,8.363186914773859115e-01,8.308725250888429059e-01,9.999999999999992228e-01,8.308725250888426839e-01,8.363186914773854674e-01,8.363186914773860225e-01,8.364177376545871567e-01,8.364591845651800917e-01,8.364177376545876008e-01,8.363186914773856895e-01,8.308725250888426839e-01,9.999999999999992228e-01,8.308725250888429059e-01,8.308725250888431280e-01,8.363186914773856895e-01,8.364177376545873788e-01,8.364591845651800917e-01,8.364177376545870457e-01,8.363186914773854674e-01,8.308725250888429059e-01,9.999999999999992228e-01
9.999999999999990008e-01,7.570503979399947347e-01,7.687819148717300877e-01,7.687307552468046756e-01,7.687343708628090466e-01,7.687307552468045646e-01,7.687819148717293105e-01,7.570503979399941796e-01,7.570503979399947347e-01,9.999999999999990008e-01,7.570503979399956229e-01,7.687819148717301987e-01,7.687307552468046756e-01,7.687343708628099348e-01,7.687307552468047867e-01,7.687819148717298656e-01,7.687819148717300877e-01,7.570503979399956229e-01,9.999999999999990008e-01,7.570503979399955119e-01,7.687819148717299766e-01,7.687307552468052307e-01,7.687343708628099348e-01,7.687307552468051197e-01,7.687307552468046756e-01,7.687819148717301987e-01,7.570503979399955119e-01,9.999999999999990008e-01,7.570503979399944017e-01,7.687819148717298656e-01,7.687307552468045646e-01,7.687343708628094907e-01,7.687343708628090466e-01,7.687307552468046756e-01,7.687819148717299766e-01,7.570503979399944017e-01,9.999999999999990008e-01,7.570503979399942907e-01,7.687819148717290885e-01,7.687307552468041205e-01,7.687307552468045646e-01,7.687343708628099348e-01,7.687307552468052307e-01,7.687819148717298656e-01,7.570503979399942907e-01,9.999999999999990008e-01,7.570503979399942907e-01,7.687819148717294215e-01,7.687819148717293105e-01,7.687307552468047867e-01,7.687343708628099348e-01,7.687307552468045646e-01,7.687819148717290885e-01,7.570503979399942907e-01,9.999999999999990008e-01,7.570503979399939576e-01,7.570503979399941796e-01,7.687819148717298656e-01,7.687307552468051197e-01,7.687343708628094907e-01,7.687307552468041205e-01,7.687819148717294215e-01,7.570503979399939576e-01,9.999999999999990008e-01
