1.000000000000000888e+00,1.000000000000000888e+00,1.000000000000000888e+00,1.000000000000000888e+00,1.000000000000000888e+00,1.000000000000000888e+00,1.000000000000000888e+00,1.000000000000000888e+00,1.000000000000000888e+00,1.000000000000000888e+00,1.000000000000000888e+00,1.000000000000000888e+00,1.000000000000000888e+00,1.000000000000000888e+00,1.000000000000000888e+00,1.000000000000000888e+00,1.000000000000000888e+00,1.000000000000000888e+00,1.000000000000000888e+00,1.000000000000000888e+00,1.000000000000000888e+00,1.000000000000000888e+00,1.000000000000000888e+00,1.000000000000000888e+00,1.000000000000000888e+00,1.000000000000000888e+00,1.000000000000000888e+00,1.000000000000000888e+00,1.000000000000000888e+00,1.000000000000000888e+00,1.000000000000000888e+00,1.000000000000000888e+00,1.000000000000000888e+00,1.000000000000000888e+00,1.000000000000000888e+00,1.000000000000000888e+00,1.000000000000000888e+00,1.000000000000000888e+00,1.000000000000000888e+00,1.000000000000000888e+00,1.000000000000000888e+00,1.000000000000000888e+00,1.000000000000000888e+00,1.000000000000000888e+00,1.000000000000000888e+00,1.000000000000000888e+00,1.000000000000000888e+00,1.000000000000000888e+00,1.000000000000000888e+00,1.000000000000000888e+00,1.000000000000000888e+00,1.000000000000000888e+00,1.000000000000000888e+00,1.000000000000000888e+00,1.000000000000000888e+00,1.000000000000000888e+00,1.000000000000000888e+00,1.000000000000000888e+00,1.000000000000000888e+00,1.000000000000000888e+00,1.000000000000000888e+00,1.000000000000000888e+00,1.000000000000000888e+00,1.000000000000000888e+00
1.000000000000000444e+00,9.955343138683514503e-01,9.955377015751494252e-01,9.955378700038705064e-01,9.955378865292491275e-01,9.955378700038705064e-01,9.955377015751495362e-01,9.955343138683514503e-01,9.955343138683514503e-01,1.000000000000000444e+00,9.955343138683512283e-01,9.955377015751494252e-01,9.955378700038703954e-01,9.955378865292490165e-01,9.955378700038703954e-01,9.955377015751494252e-01,9.955377015751494252e-01,9.955343138683512283e-01,1.000000000000000444e+00,9.955343138683512283e-01,9.955377015751495362e-01,9.955378700038703954e-01,9.955378865292491275e-01,9.955378700038703954e-01,9.955378700038705064e-01,9.955377015751494252e-01,9.955343138683512283e-01,1.000000000000000444e+00,9.955343138683511173e-01,9.955377015751494252e-01,9.955378700038703954e-01,9.955378865292491275e-01,9.955378865292491275e-01,9.955378700038703954e-01,9.955377015751495362e-01,9.955343138683511173e-01,1.000000000000000444e+00,9.955343138683513393e-01,9.955377015751494252e-01,9.955378700038703954e-01,9.955378700038705064e-01,9.955378865292490165e-01,9.955378700038703954e-01,9.955377015751494252e-01,9.955343138683513393e-01,1.000000000000000444e+00,9.955343138683513393e-01,9.955377015751495362e-01,9.955377015751495362e-01,9.955378700038703954e-01,9.955378865292491275e-01,9.955378700038703954e-01,9.955377015751494252e-01,9.955343138683513393e-01,1.000000000000000444e+00,9.955343138683514503e-01,9.955343138683514503e-01,9.955377015751494252e-01,9.955378700038703954e-01,9.955378865292491275e-01,9.955378700038703954e-01,9.955377015751495362e-01,9.955343138683514503e-01,1.000000000000000444e+00
1.000000000000001110e+00,9.911360043322404723e-01,9.911493560809537806e-01,9.911500017452107292e-01,9.911500652442993831e-01,9.911500017452109512e-01,9.911493560809537806e-01,9.911360043322403612e-01,9.911360043322404723e-01,1.000000000000001110e+00,9.911360043322403612e-01,9.911493560809538916e-01,9.911500017452108402e-01,9.911500652442998271e-01,9.911500017452107292e-01,9.911493560809540027e-01,9.911493560809537806e-01,9.911360043322403612e-01,1.000000000000001110e+00,9.911360043322402502e-01,9.911493560809536696e-01,9.911500017452109512e-01,9.911500652442992720e-01,9.911500017452107292e-01,9.911500017452107292e-01,9.911493560809538916e-01,9.911360043322402502e-01,1.000000000000001110e+00,9.911360043322401392e-01,9.911493560809540027e-01,9.911500017452106182e-01,9.911500652442993831e-01,9.911500652442993831e-01,9.911500017452108402e-01,9.911493560809536696e-01,9.911360043322401392e-01,1.000000000000001110e+00,9.911360043322403612e-01,9.911493560809537806e-01,9.911500017452107292e-01,9.911500017452109512e-01,9.911500652442998271e-01,9.911500017452109512e-01,9.911493560809540027e-01,9.911360043322403612e-01,1.000000000000001110e+00,9.911360043322405833e-01,9.911493560809542247e-01,9.911493560809537806e-01,9.911500017452107292e-01,9.911500652442992720e-01,9.911500017452106182e-01,9.911493560809537806e-01,9.911360043322405833e-01,1.000000000000001110e+00,9.911360043322402502e-01,9.911360043322403612e-01,9.911493560809540027e-01,9.911500017452107292e-01,9.911500652442993831e-01,9.911500017452107292e-01,9.911493560809542247e-01,9.911360043322402502e-01,1.000000000000001110e+00
1.000000000000000000e+00,9.868032499739618491e-01,9.868328542963409333e-01,9.868342462580658170e-01,9.868343835857884550e-01,9.868342462580664831e-01,9.868328542963407113e-01,9.868032499739615160e-01,9.868032499739618491e-01,1.000000000000000000e+00,9.868032499739619601e-01,9.868328542963415995e-01,9.868342462580673713e-01,9.868343835857896762e-01,9.868342462580669272e-01,9.868328542963425987e-01,9.868328542963409333e-01,9.868032499739619601e-01,1.000000000000000000e+00,9.868032499739605168e-01,9.868328542963412664e-01,9.868342462580667052e-01,9.868343835857880109e-01,9.868342462580667052e-01,9.868342462580658170e-01,9.868328542963415995e-01,9.868032499739605168e-01,1.000000000000000000e+00,9.868032499739607388e-01,9.868328542963410444e-01,9.868342462580655949e-01,9.868343835857885660e-01,9.868343835857884550e-01,9.868342462580673713e-01,9.868328542963412664e-01,9.868032499739607388e-01,1.000000000000000000e+00,9.868032499739616270e-01,9.868328542963411554e-01,9.868342462580670382e-01,9.868342462580664831e-01,9.868343835857896762e-01,9.868342462580667052e-01,9.868328542963410444e-01,9.868032499739616270e-01,1.000000000000000000e+00,9.868032499739610719e-01,9.868328542963420436e-01,9.868328542963407113e-01,9.868342462580669272e-01,9.868343835857880109e-01,9.868342462580655949e-01,9.868328542963411554e-01,9.868032499739610719e-01,1.000000000000000000e+00,9.868032499739614050e-01,9.868032499739615160e-01,9.868328542963425987e-01,9.868342462580667052e-01,9.868343835857885660e-01,9.868342462580670382e-01,9.868328542963420436e-01,9.868032499739614050e-01,1.000000000000000000e+00
1.000000000000001554e+00,9.825343000952263539e-01,9.825861714799658531e-01,9.825885419835650447e-01,9.825887767844665444e-01,9.825885419835681533e-01,9.825861714799652979e-01,9.825343000952241335e-01,9.825343000952263539e-01,1.000000000000001554e+00,9.825343000952264649e-01,9.825861714799696278e-01,9.825885419835708179e-01,9.825887767844723175e-01,9.825885419835691525e-01,9.825861714799720703e-01,9.825861714799658531e-01,9.825343000952264649e-01,1.000000000000001554e+00,9.825343000952220240e-01,9.825861714799671853e-01,9.825885419835685974e-01,9.825887767844651011e-01,9.825885419835675982e-01,9.825885419835650447e-01,9.825861714799696278e-01,9.825343000952220240e-01,1.000000000000001554e+00,9.825343000952231343e-01,9.825861714799684066e-01,9.825885419835646006e-01,9.825887767844670995e-01,9.825887767844665444e-01,9.825885419835708179e-01,9.825861714799671853e-01,9.825343000952231343e-01,1.000000000000001554e+00,9.825343000952263539e-01,9.825861714799666302e-01,9.825885419835687085e-01,9.825885419835681533e-01,9.825887767844723175e-01,9.825885419835685974e-01,9.825861714799684066e-01,9.825343000952263539e-01,1.000000000000001554e+00,9.825343000952244665e-01,9.825861714799707380e-01,9.825861714799652979e-01,9.825885419835691525e-01,9.825887767844651011e-01,9.825885419835646006e-01,9.825861714799666302e-01,9.825343000952244665e-01,1.000000000000001554e+00,9.825343000952236894e-01,9.825343000952241335e-01,9.825861714799720703e-01,9.825885419835675982e-01,9.825887767844670995e-01,9.825885419835687085e-01,9.825861714799707380e-01,9.825343000952236894e-01,1.000000000000001554e+00
1.000000000000000666e+00,9.783274711549918567e-01,9.784073630304934710e-01,9.784109102190301499e-01,9.784112632749597527e-01,9.784109102190379215e-01,9.784073630304919167e-01,9.783274711549866387e-01,9.783274711549918567e-01,1.000000000000000666e+00,9.783274711549926339e-01,9.784073630305023528e-01,9.784109102190448048e-01,9.784112632749736305e-01,9.784109102190405860e-01,9.784073630305084590e-01,9.784073630304934710e-01,9.783274711549926339e-01,1.000000000000000666e+00,9.783274711549811986e-01,9.784073630304968017e-01,9.784109102190386986e-01,9.784112632749563110e-01,9.784109102190371443e-01,9.784109102190301499e-01,9.784073630305023528e-01,9.783274711549811986e-01,1.000000000000000666e+00,9.783274711549838631e-01,9.784073630304985780e-01,9.784109102190292617e-01,9.784112632749607519e-01,9.784112632749597527e-01,9.784109102190448048e-01,9.784073630304968017e-01,9.783274711549838631e-01,1.000000000000000666e+00,9.783274711549917457e-01,9.784073630304953584e-01,9.784109102190398088e-01,9.784109102190379215e-01,9.784112632749736305e-01,9.784109102190386986e-01,9.784073630304985780e-01,9.783274711549917457e-01,1.000000000000000666e+00,9.783274711549873048e-01,9.784073630305049063e-01,9.784073630304919167e-01,9.784109102190405860e-01,9.784112632749563110e-01,9.784109102190292617e-01,9.784073630304953584e-01,9.783274711549873048e-01,1.000000000000000666e+00,9.783274711549858615e-01,9.783274711549866387e-01,9.784073630305084590e-01,9.784109102190371443e-01,9.784112632749607519e-01,9.784109102190398088e-01,9.784073630305049063e-01,9.783274711549858615e-01,1.000000000000000666e+00
1.000000000000000666e+00,9.741811434269492809e-01,9.742945604180570651e-01,9.742994508546392041e-01,9.742999404003007680e-01,9.742994508546536370e-01,9.742945604180544006e-01,9.741811434269392889e-01,9.741811434269492809e-01,1.000000000000000666e+00,9.741811434269509462e-01,9.742945604180732744e-01,9.742994508546669596e-01,9.742999404003265251e-01,9.742994508546594101e-01,9.742945604180843766e-01,9.742945604180570651e-01,9.741811434269509462e-01,1.000000000000000666e+00,9.741811434269297409e-01,9.742945604180635044e-01,9.742994508546555243e-01,9.742999404002951058e-01,9.742994508546520827e-01,9.742994508546392041e-01,9.742945604180732744e-01,9.741811434269297409e-01,1.000000000000000666e+00,9.741811434269346259e-01,9.742945604180666130e-01,9.742994508546382049e-01,9.742999404003021002e-01,9.742999404003007680e-01,9.742994508546669596e-01,9.742945604180635044e-01,9.741811434269346259e-01,1.000000000000000666e+00,9.741811434269490588e-01,9.742945604180610619e-01,9.742994508546569676e-01,9.742994508546536370e-01,9.742999404003265251e-01,9.742994508546555243e-01,9.742945604180666130e-01,9.741811434269490588e-01,1.000000000000000666e+00,9.741811434269418424e-01,9.742945604180778263e-01,9.742945604180544006e-01,9.742994508546594101e-01,9.742999404002951058e-01,9.742994508546382049e-01,9.742945604180610619e-01,9.741811434269418424e-01,1.000000000000000666e+00,9.741811434269385117e-01,9.741811434269392889e-01,9.742945604180843766e-01,9.742994508546520827e-01,9.742999404003021002e-01,9.742994508546569676e-01,9.742945604180778263e-01,9.741811434269385117e-01,1.000000000000000666e+00
1.000000000000002220e+00,9.700937578606394496e-01,9.702459673669443507e-01,9.702523383762933218e-01,9.702529803855791668e-01,9.702523383763141940e-01,9.702459673669409090e-01,9.700937578606246836e-01,9.700937578606394496e-01,1.000000000000002220e+00,9.700937578606425582e-01,9.702459673669668883e-01,9.702523383763335119e-01,9.702529803856162482e-01,9.702523383763235199e-01,9.702459673669829865e-01,9.702459673669443507e-01,9.700937578606425582e-01,1.000000000000002220e+00,9.700937578606113609e-01,9.702459673669536766e-01,9.702523383763169695e-01,9.702529803855723944e-01,9.702523383763123066e-01,9.702523383762933218e-01,9.702459673669668883e-01,9.700937578606113609e-01,1.000000000000002220e+00,9.700937578606183553e-01,9.702459673669570073e-01,9.702523383762929887e-01,9.702529803855808321e-01,9.702529803855791668e-01,9.702523383763335119e-01,9.702459673669536766e-01,9.700937578606183553e-01,1.000000000000002220e+00,9.700937578606386724e-01,9.702459673669501239e-01,9.702523383763187459e-01,9.702523383763141940e-01,9.702529803856162482e-01,9.702523383763169695e-01,9.702459673669570073e-01,9.700937578606386724e-01,1.000000000000002220e+00,9.700937578606291245e-01,9.702459673669731055e-01,9.702459673669409090e-01,9.702523383763235199e-01,9.702529803855723944e-01,9.702523383762929887e-01,9.702459673669501239e-01,9.700937578606291245e-01,1.000000000000002220e+00,9.700937578606244616e-01,9.700937578606246836e-01,9.702459673669829865e-01,9.702523383763123066e-01,9.702529803855808321e-01,9.702523383763187459e-01,9.702459673669731055e-01,9.700937578606244616e-01,1.000000000000002220e+00
9.999999999999990008e-01,9.660638131316072741e-01,9.662598562713128336e-01,9.662678181152342116e-01,9.662686265609794489e-01,9.662678181152596357e-01,9.662598562713092809e-01,9.660638131315887334e-01,9.660638131316072741e-01,9.999999999999990008e-01,9.660638131316108268e-01,9.662598562713392569e-01,9.662678181152831725e-01,9.662686265610238578e-01,9.662678181152721812e-01,9.662598562713592409e-01,9.662598562713128336e-01,9.660638131316108268e-01,9.999999999999990008e-01,9.660638131315728572e-01,9.662598562713237138e-01,9.662678181152635215e-01,9.662686265609724545e-01,9.662678181152577483e-01,9.662678181152342116e-01,9.662598562713392569e-01,9.660638131315728572e-01,9.999999999999990008e-01,9.660638131315808508e-01,9.662598562713270445e-01,9.662678181152348778e-01,9.662686265609807812e-01,9.662686265609794489e-01,9.662678181152831725e-01,9.662598562713237138e-01,9.660638131315808508e-01,9.999999999999990008e-01,9.660638131316052757e-01,9.662598562713198280e-01,9.662678181152649648e-01,9.662678181152596357e-01,9.662686265610238578e-01,9.662678181152635215e-01,9.662598562713270445e-01,9.660638131316052757e-01,9.999999999999990008e-01,9.660638131315946175e-01,9.662598562713464734e-01,9.662598562713092809e-01,9.662678181152721812e-01,9.662686265609724545e-01,9.662678181152348778e-01,9.662598562713198280e-01,9.660638131315946175e-01,9.999999999999990008e-01,9.660638131315893995e-01,9.660638131315887334e-01,9.662598562713592409e-01,9.662678181152577483e-01,9.662686265609807812e-01,9.662678181152649648e-01,9.662598562713464734e-01,9.660638131315893995e-01,9.999999999999990008e-01
9.999999999999988898e-01,9.620898628671865627e-01,9.623345648272548791e-01,9.623442027265811660e-01,9.623451898161277107e-01,9.623442027266089216e-01,9.623345648272516595e-01,9.620898628671660235e-01,9.620898628671865627e-01,9.999999999999988898e-01,9.620898628671908925e-01,9.623345648272835229e-01,9.623442027266347898e-01,9.623451898161764495e-01,9.623442027266235765e-01,9.623345648273049502e-01,9.623345648272548791e-01,9.620898628671908925e-01,9.999999999999988898e-01,9.620898628671491482e-01,9.623345648272667585e-01,9.623442027266135845e-01,9.623451898161216045e-01,9.623442027266071452e-01,9.623442027265811660e-01,9.623345648272835229e-01,9.620898628671491482e-01,9.999999999999988898e-01,9.620898628671578079e-01,9.623345648272700892e-01,9.623442027265830534e-01,9.623451898161290430e-01,9.623451898161277107e-01,9.623442027266347898e-01,9.623345648272667585e-01,9.620898628671578079e-01,9.999999999999988898e-01,9.620898628671837871e-01,9.623345648272629838e-01,9.623442027266146948e-01,9.623442027266089216e-01,9.623451898161764495e-01,9.623442027266135845e-01,9.623345648272700892e-01,9.620898628671837871e-01,9.999999999999988898e-01,9.620898628671732400e-01,9.623345648272907393e-01,9.623345648272516595e-01,9.623442027266235765e-01,9.623451898161216045e-01,9.623442027265830534e-01,9.623345648272629838e-01,9.620898628671732400e-01,9.999999999999988898e-01,9.620898628671674668e-01,9.620898628671660235e-01,9.623345648273049502e-01,9.623442027266071452e-01,9.623451898161290430e-01,9.623442027266146948e-01,9.623345648272907393e-01,9.620898628671674668e-01,9.999999999999988898e-01
1.000000000000000222e+00,9.581705130355187006e-01,9.584684928658001590e-01,9.584798688803367606e-01,9.584810452690771809e-01,9.584798688803655153e-01,9.584684928657973835e-01,9.581705130354969402e-01,9.581705130355187006e-01,1.000000000000000222e+00,9.581705130355234745e-01,9.584684928658291359e-01,9.584798688803920497e-01,9.584810452691275851e-01,9.584798688803815025e-01,9.584684928658511183e-01,9.584684928658001590e-01,9.581705130355234745e-01,1.000000000000000222e+00,9.581705130354802868e-01,9.584684928658124825e-01,9.584798688803709554e-01,9.584810452690726290e-01,9.584798688803637390e-01,9.584798688803367606e-01,9.584684928658291359e-01,9.581705130354802868e-01,1.000000000000000222e+00,9.581705130354888356e-01,9.584684928658151470e-01,9.584798688803400912e-01,9.584810452690784022e-01,9.584810452690771809e-01,9.584798688803920497e-01,9.584684928658124825e-01,9.581705130354888356e-01,1.000000000000000222e+00,9.581705130355153699e-01,9.584684928658087077e-01,9.584798688803710665e-01,9.584798688803655153e-01,9.584810452691275851e-01,9.584798688803709554e-01,9.584684928658151470e-01,9.581705130355153699e-01,1.000000000000000222e+00,9.581705130355055999e-01,9.584684928658363523e-01,9.584684928657973835e-01,9.584798688803815025e-01,9.584810452690726290e-01,9.584798688803400912e-01,9.584684928658087077e-01,9.581705130355055999e-01,1.000000000000000222e+00,9.581705130354994937e-01,9.581705130354969402e-01,9.584684928658511183e-01,9.584798688803637390e-01,9.584810452690784022e-01,9.584798688803710665e-01,9.584684928658363523e-01,9.581705130354994937e-01,1.000000000000000222e+00
9.999999999999990008e-01,9.543044194865469843e-01,9.546600993728467932e-01,9.546732541499077795e-01,9.546746291347742996e-01,9.546732541499367564e-01,9.546600993728445728e-01,9.543044194865248908e-01,9.543044194865469843e-01,9.999999999999990008e-01,9.543044194865519803e-01,9.546600993728754370e-01,9.546732541499634017e-01,9.546746291348249258e-01,9.546732541499535207e-01,9.546600993728970863e-01,9.546600993728467932e-01,9.543044194865519803e-01,9.999999999999990008e-01,9.543044194865089036e-01,9.546600993728587836e-01,9.546732541499428626e-01,9.546746291347713020e-01,9.546732541499350910e-01,9.546732541499077795e-01,9.546600993728754370e-01,9.543044194865089036e-01,9.999999999999990008e-01,9.543044194865172303e-01,9.546600993728611151e-01,9.546732541499126645e-01,9.546746291347752988e-01,9.546746291347742996e-01,9.546732541499634017e-01,9.546600993728587836e-01,9.543044194865172303e-01,9.999999999999990008e-01,9.543044194865432095e-01,9.546600993728553419e-01,9.546732541499421965e-01,9.546732541499367564e-01,9.546746291348249258e-01,9.546732541499428626e-01,9.546600993728611151e-01,9.543044194865432095e-01,9.999999999999990008e-01,9.543044194865344387e-01,9.546600993728820983e-01,9.546600993728445728e-01,9.546732541499535207e-01,9.546746291347713020e-01,9.546732541499126645e-01,9.546600993728553419e-01,9.543044194865344387e-01,9.999999999999990008e-01,9.543044194865281105e-01,9.543044194865248908e-01,9.546600993728970863e-01,9.546732541499350910e-01,9.546746291347752988e-01,9.546732541499421965e-01,9.546600993728820983e-01,9.543044194865281105e-01,9.999999999999990008e-01
1.000000000000000666e+00,9.504902856345277540e-01,9.509078996830268027e-01,9.509228540842838973e-01,9.509244357789697899e-01,9.509228540843127631e-01,9.509078996830254704e-01,9.504902856345054385e-01,9.504902856345277540e-01,1.000000000000000666e+00,9.504902856345327500e-01,9.509078996830546693e-01,9.509228540843390753e-01,9.509244357790200830e-01,9.509228540843304156e-01,9.509078996830764297e-01,9.509078996830268027e-01,9.504902856345327500e-01,1.000000000000000666e+00,9.504902856344896733e-01,9.509078996830387931e-01,9.509228540843195354e-01,9.509244357789687907e-01,9.509228540843113198e-01,9.509228540842838973e-01,9.509078996830546693e-01,9.504902856344896733e-01,1.000000000000000666e+00,9.504902856344976669e-01,9.509078996830401254e-01,9.509228540842897814e-01,9.509244357789705671e-01,9.509244357789697899e-01,9.509228540843390753e-01,9.509078996830387931e-01,9.504902856344976669e-01,1.000000000000000666e+00,9.504902856345227580e-01,9.509078996830353514e-01,9.509228540843180921e-01,9.509228540843127631e-01,9.509244357790200830e-01,9.509228540843195354e-01,9.509078996830401254e-01,9.504902856345227580e-01,1.000000000000000666e+00,9.504902856345153195e-01,9.509078996830613306e-01,9.509078996830254704e-01,9.509228540843304156e-01,9.509244357789687907e-01,9.509228540842897814e-01,9.509078996830353514e-01,9.504902856345153195e-01,1.000000000000000666e+00,9.504902856345093243e-01,9.504902856345054385e-01,9.509078996830764297e-01,9.509228540843113198e-01,9.509244357789705671e-01,9.509228540843180921e-01,9.509078996830613306e-01,9.504902856345093243e-01,1.000000000000000666e+00
1.000000000000000888e+00,9.467268602724199233e-01,9.472104628355542122e-01,9.472272194511354160e-01,9.472290149446753738e-01,9.472272194511641707e-01,9.472104628355535461e-01,9.467268602723974968e-01,9.467268602724199233e-01,1.000000000000000888e+00,9.467268602724251414e-01,9.472104628355810796e-01,9.472272194511899279e-01,9.472290149447257779e-01,9.472272194511822674e-01,9.472104628356025069e-01,9.472104628355542122e-01,9.467268602724251414e-01,1.000000000000000888e+00,9.467268602723822868e-01,9.472104628355657585e-01,9.472272194511716092e-01,9.472290149446770391e-01,9.472272194511630605e-01,9.472272194511354160e-01,9.472104628355810796e-01,9.467268602723822868e-01,1.000000000000000888e+00,9.467268602723900583e-01,9.472104628355664246e-01,9.472272194511428545e-01,9.472290149446764840e-01,9.472290149446753738e-01,9.472272194511899279e-01,9.472104628355657585e-01,9.467268602723900583e-01,1.000000000000000888e+00,9.467268602724144833e-01,9.472104628355623168e-01,9.472272194511691668e-01,9.472272194511641707e-01,9.472290149447257779e-01,9.472272194511716092e-01,9.472104628355664246e-01,9.467268602724144833e-01,1.000000000000000888e+00,9.467268602724081550e-01,9.472104628355877409e-01,9.472104628355535461e-01,9.472272194511822674e-01,9.472290149446770391e-01,9.472272194511428545e-01,9.472104628355623168e-01,9.467268602724081550e-01,1.000000000000000888e+00,9.467268602724023818e-01,9.467268602723974968e-01,9.472104628356025069e-01,9.472272194511630605e-01,9.472290149446764840e-01,9.472272194511691668e-01,9.472104628355877409e-01,9.467268602724023818e-01,1.000000000000000888e+00
9.999999999999972244e-01,9.430129355093551657e-01,9.435664090811135551e-01,9.435849536391799353e-01,9.435869691393640180e-01,9.435849536392092451e-01,9.435664090811136662e-01,9.430129355093324062e-01,9.430129355093551657e-01,9.999999999999972244e-01,9.430129355093606058e-01,9.435664090811403115e-01,9.435849536392343362e-01,9.435869691394153103e-01,9.435849536392272308e-01,9.435664090811608506e-01,9.435664090811135551e-01,9.430129355093606058e-01,9.999999999999972244e-01,9.430129355093184174e-01,9.435664090811251015e-01,9.435849536392175718e-01,9.435869691393680148e-01,9.435849536392073578e-01,9.435849536391799353e-01,9.435664090811403115e-01,9.430129355093184174e-01,9.999999999999972244e-01,9.430129355093259669e-01,9.435664090811259896e-01,9.435849536391890391e-01,9.435869691393653502e-01,9.435869691393640180e-01,9.435849536392343362e-01,9.435664090811251015e-01,9.430129355093259669e-01,9.999999999999972244e-01,9.430129355093497256e-01,9.435664090811217708e-01,9.435849536392136860e-01,9.435849536392092451e-01,9.435869691394153103e-01,9.435849536392175718e-01,9.435664090811259896e-01,9.430129355093497256e-01,9.999999999999972244e-01,9.430129355093441745e-01,9.435664090811468618e-01,9.435664090811136662e-01,9.435849536392272308e-01,9.435869691393680148e-01,9.435849536391890391e-01,9.435664090811217708e-01,9.430129355093441745e-01,9.999999999999972244e-01,9.430129355093380683e-01,9.430129355093324062e-01,9.435664090811608506e-01,9.435849536392073578e-01,9.435869691393653502e-01,9.435849536392136860e-01,9.435664090811468618e-01,9.430129355093380683e-01,9.999999999999972244e-01
1.000000000000001554e+00,9.393473448229744394e-01,9.399744075296272428e-01,9.399947102089948325e-01,9.399969511719583615e-01,9.399947102090242534e-01,9.399744075296281309e-01,9.393473448229515688e-01,9.393473448229744394e-01,1.000000000000001554e+00,9.393473448229797684e-01,9.399744075296533330e-01,9.399947102090487894e-01,9.399969511720103199e-01,9.399947102090425721e-01,9.399744075296737611e-01,9.399744075296272428e-01,9.393473448229797684e-01,1.000000000000001554e+00,9.393473448229376910e-01,9.399744075296386780e-01,9.399947102090335793e-01,9.399969511719650228e-01,9.399947102090225881e-01,9.399947102089948325e-01,9.399744075296533330e-01,9.393473448229376910e-01,1.000000000000001554e+00,9.393473448229449074e-01,9.399744075296385670e-01,9.399947102090054907e-01,9.399969511719599158e-01,9.399969511719583615e-01,9.399947102090487894e-01,9.399744075296386780e-01,9.393473448229449074e-01,1.000000000000001554e+00,9.393473448229676670e-01,9.399744075296351253e-01,9.399947102090288054e-01,9.399947102090242534e-01,9.399969511720103199e-01,9.399947102090335793e-01,9.399744075296385670e-01,9.393473448229676670e-01,1.000000000000001554e+00,9.393473448229635592e-01,9.399744075296603274e-01,9.399744075296281309e-01,9.399947102090425721e-01,9.399969511719650228e-01,9.399947102090054907e-01,9.399744075296351253e-01,9.393473448229635592e-01,1.000000000000001554e+00,9.393473448229580081e-01,9.393473448229515688e-01,9.399744075296737611e-01,9.399947102090225881e-01,9.399969511719599158e-01,9.399947102090288054e-01,9.399744075296603274e-01,9.393473448229580081e-01,1.000000000000001554e+00
1.000000000000001110e+00,9.357289612190503592e-01,9.364331739295024271e-01,9.364551905822896538e-01,9.364576618295024080e-01,9.364551905823191857e-01,9.364331739295040924e-01,9.357289612190272665e-01,9.357289612190503592e-01,1.000000000000001110e+00,9.357289612190559103e-01,9.364331739295280732e-01,9.364551905823433886e-01,9.364576618295555877e-01,9.364551905823378375e-01,9.364331739295481682e-01,9.364331739295024271e-01,9.357289612190559103e-01,1.000000000000001110e+00,9.357289612190140549e-01,9.364331739295135293e-01,9.364551905823296218e-01,9.364576618295122890e-01,9.364551905823174094e-01,9.364551905822896538e-01,9.364331739295280732e-01,9.357289612190140549e-01,1.000000000000001110e+00,9.357289612190210493e-01,9.364331739295127521e-01,9.364551905823019773e-01,9.364576618295044064e-01,9.364576618295024080e-01,9.364551905823433886e-01,9.364331739295135293e-01,9.357289612190210493e-01,1.000000000000001110e+00,9.357289612190429207e-01,9.364331739295098656e-01,9.364551905823237377e-01,9.364551905823191857e-01,9.364576618295555877e-01,9.364551905823296218e-01,9.364331739295127521e-01,9.357289612190429207e-01,1.000000000000001110e+00,9.357289612190397010e-01,9.364331739295351786e-01,9.364331739295040924e-01,9.364551905823378375e-01,9.364576618295122890e-01,9.364551905823019773e-01,9.364331739295098656e-01,9.357289612190397010e-01,1.000000000000001110e+00,9.357289612190344830e-01,9.357289612190272665e-01,9.364331739295481682e-01,9.364551905823174094e-01,9.364576618295044064e-01,9.364551905823237377e-01,9.364331739295351786e-01,9.357289612190344830e-01,1.000000000000001110e+00
9.999999999999988898e-01,9.321566954915191383e-01,9.329414685698229626e-01,9.329651418605509061e-01,9.329678476843200619e-01,9.329651418605813262e-01,9.329414685698259602e-01,9.321566954914959346e-01,9.321566954915191383e-01,9.999999999999988898e-01,9.321566954915245784e-01,9.329414685698482756e-01,9.329651418606049740e-01,9.329678476843750179e-01,9.329651418606004221e-01,9.329414685698685927e-01,9.329414685698229626e-01,9.321566954915245784e-01,9.999999999999988898e-01,9.321566954914822789e-01,9.329414685698336207e-01,9.329651418605928725e-01,9.329678476843331625e-01,9.329651418605792168e-01,9.329651418605509061e-01,9.329414685698482756e-01,9.321566954914822789e-01,9.999999999999988898e-01,9.321566954914892733e-01,9.329414685698320664e-01,9.329651418605652280e-01,9.329678476843222823e-01,9.329678476843200619e-01,9.329651418606049740e-01,9.329414685698336207e-01,9.321566954914892733e-01,9.999999999999988898e-01,9.321566954915102565e-01,9.329414685698297349e-01,9.329651418605858781e-01,9.329651418605813262e-01,9.329678476843750179e-01,9.329651418605928725e-01,9.329414685698320664e-01,9.321566954915102565e-01,9.999999999999988898e-01,9.321566954915082581e-01,9.329414685698560472e-01,9.329414685698259602e-01,9.329651418606004221e-01,9.329678476843331625e-01,9.329651418605652280e-01,9.329414685698297349e-01,9.321566954915082581e-01,9.999999999999988898e-01,9.321566954915035952e-01,9.321566954914959346e-01,9.329414685698685927e-01,9.329651418605792168e-01,9.329678476843222823e-01,9.329651418605858781e-01,9.329414685698560472e-01,9.321566954915035952e-01,9.999999999999988898e-01
9.999999999999997780e-01,9.286294945763524655e-01,9.294980942973846139e-01,9.295233547644676797e-01,9.295262990229635758e-01,9.295233547644993211e-01,9.294980942973884996e-01,9.286294945763284847e-01,9.286294945763524655e-01,9.999999999999997780e-01,9.286294945763581277e-01,9.294980942974100380e-01,9.295233547645226357e-01,9.295262990230213074e-01,9.295233547645179728e-01,9.294980942974301330e-01,9.294980942973846139e-01,9.286294945763581277e-01,9.999999999999997780e-01,9.286294945763157171e-01,9.294980942973953830e-01,9.295233547645123107e-01,9.295262990229804512e-01,9.295233547644961014e-01,9.295233547644676797e-01,9.294980942974100380e-01,9.286294945763157171e-01,9.999999999999997780e-01,9.286294945763224895e-01,9.294980942973939397e-01,9.295233547644842220e-01,9.295262990229662403e-01,9.295262990229635758e-01,9.295233547645226357e-01,9.294980942973953830e-01,9.286294945763224895e-01,9.999999999999997780e-01,9.286294945763431397e-01,9.294980942973913862e-01,9.295233547645038730e-01,9.295233547644993211e-01,9.295262990230213074e-01,9.295233547645123107e-01,9.294980942973939397e-01,9.286294945763431397e-01,9.999999999999997780e-01,9.286294945763420294e-01,9.294980942974186977e-01,9.294980942973884996e-01,9.295233547645179728e-01,9.295262990229804512e-01,9.295233547644842220e-01,9.294980942973913862e-01,9.286294945763420294e-01,9.999999999999997780e-01,9.286294945763370334e-01,9.286294945763284847e-01,9.294980942974301330e-01,9.295233547644961014e-01,9.295262990229662403e-01,9.295233547645038730e-01,9.294980942974186977e-01,9.286294945763370334e-01,9.999999999999997780e-01
9.999999999999997780e-01,9.251463399933327336e-01,9.261018946412117314e-01,9.261286616863106946e-01,9.261318478890456785e-01,9.261286616863440013e-01,9.261018946412169495e-01,9.251463399933079756e-01,9.251463399933327336e-01,9.999999999999997780e-01,9.251463399933386178e-01,9.261018946412378217e-01,9.261286616863667609e-01,9.261318478891070738e-01,9.261286616863622090e-01,9.261018946412576947e-01,9.261018946412117314e-01,9.251463399933386178e-01,9.999999999999997780e-01,9.251463399932955411e-01,9.261018946412223896e-01,9.261286616863584342e-01,9.261318478890663286e-01,9.261286616863392274e-01,9.261286616863106946e-01,9.261018946412378217e-01,9.251463399932955411e-01,9.999999999999997780e-01,9.251463399933024245e-01,9.261018946412209463e-01,9.261286616863297905e-01,9.261318478890487871e-01,9.261318478890456785e-01,9.261286616863667609e-01,9.261018946412223896e-01,9.251463399933024245e-01,9.999999999999997780e-01,9.251463399933226306e-01,9.261018946412182817e-01,9.261286616863484422e-01,9.261286616863440013e-01,9.261318478891070738e-01,9.261286616863584342e-01,9.261018946412209463e-01,9.251463399933226306e-01,9.999999999999997780e-01,9.251463399933227416e-01,9.261018946412475916e-01,9.261018946412169495e-01,9.261286616863622090e-01,9.261318478890663286e-01,9.261286616863297905e-01,9.261018946412182817e-01,9.251463399933227416e-01,9.999999999999997780e-01,9.251463399933174125e-01,9.251463399933079756e-01,9.261018946412576947e-01,9.261286616863392274e-01,9.261318478890487871e-01,9.261286616863484422e-01,9.261018946412475916e-01,9.251463399933174125e-01,9.999999999999997780e-01
1.000000000000000888e+00,9.217062463731551247e-01,9.227517520356121050e-01,9.227799348433131099e-01,9.227833662304738560e-01,9.227799348482014219e-01,9.227517520350092539e-01,9.217062463689398299e-01,9.217062463731551247e-01,1.000000000000000888e+00,9.217062463745897549e-01,9.227517520397628958e-01,9.227799348526714018e-01,9.227833662394211434e-01,9.227799348520100420e-01,9.227517520432022557e-01,9.227517520356121050e-01,9.217062463745897549e-01,1.000000000000000888e+00,9.217062463666572114e-01,9.227517520367850556e-01,9.227799348496219523e-01,9.227833662313579266e-01,9.227799348483212150e-01,9.227799348433131099e-01,9.227517520397628958e-01,9.217062463666572114e-01,1.000000000000000888e+00,9.217062463668367345e-01,9.227517520369633575e-01,9.227799348445067107e-01,9.227833662304856244e-01,9.227833662304738560e-01,9.227799348526714018e-01,9.227517520367850556e-01,9.217062463668367345e-01,1.000000000000000888e+00,9.217062463719816190e-01,9.227517520364451054e-01,9.227799348485405950e-01,9.227799348482014219e-01,9.227833662394211434e-01,9.227799348496219523e-01,9.227517520369633575e-01,9.217062463719816190e-01,1.000000000000000888e+00,9.217062463715078868e-01,9.227517520406197660e-01,9.227517520350092539e-01,9.227799348520100420e-01,9.227833662313579266e-01,9.227799348445067107e-01,9.227517520364451054e-01,9.217062463715078868e-01,1.000000000000000888e+00,9.217062463700882446e-01,9.217062463689398299e-01,9.227517520432022557e-01,9.227799348483212150e-01,9.227833662304856244e-01,9.227799348485405950e-01,9.227517520406197660e-01,9.217062463700882446e-01,1.000000000000000888e+00
9.999999999999978906e-01,8.915576617617905208e-01,8.936987856068957514e-01,8.937447442978777579e-01,8.937514997702467046e-01,8.937447443589248142e-01,8.936987856015762288e-01,8.915576617078214694e-01,8.915576617617905208e-01,9.999999999999978906e-01,8.915576617863572029e-01,8.936987856505593797e-01,8.937447444068290503e-01,8.937514998853397508e-01,8.937447444114992035e-01,8.936987856927222085e-01,8.936987856068957514e-01,8.915576617863572029e-01,9.999999999999978906e-01,8.915576616869008708e-01,8.936987856177464051e-01,8.937447443827729598e-01,8.937514997994125965e-01,8.937447443643121714e-01,8.937447442978777579e-01,8.936987856505593797e-01,8.915576616869008708e-01,9.999999999999978906e-01,8.915576616766097695e-01,8.936987856176885625e-01,8.937447443183454965e-01,8.937514997729272270e-01,8.937514997702467046e-01,8.937447444068290503e-01,8.936987856177464051e-01,8.915576616766097695e-01,9.999999999999978906e-01,8.915576617425849948e-01,8.936987856141132003e-01,8.937447443549461079e-01,8.937447443589248142e-01,8.937514998853397508e-01,8.937447443827729598e-01,8.936987856176885625e-01,8.915576617425849948e-01,9.999999999999978906e-01,8.915576617490803546e-01,8.936987856605924652e-01,8.936987856015762288e-01,8.937447444114992035e-01,8.937514997994125965e-01,8.937447443183454965e-01,8.936987856141132003e-01,8.915576617490803546e-01,9.999999999999978906e-01,8.915576617287607197e-01,8.915576617078214694e-01,8.936987856927222085e-01,8.937447443643121714e-01,8.937514997729272270e-01,8.937447443549461079e-01,8.936987856605924652e-01,8.915576617287607197e-01,9.999999999999978906e-01
9.999999999999987788e-01,8.560847320352487078e-01,8.600671761776972346e-01,8.601201495718940881e-01,8.601322313588869450e-01,8.601201495719946744e-01,8.600671761777938240e-01,8.560847320351846479e-01,8.560847320352487078e-01,9.999999999999987788e-01,8.560847320352666934e-01,8.600671761777614055e-01,8.601201495720379731e-01,8.601322313592298929e-01,8.601201495719565937e-01,8.600671761778174718e-01,8.600671761776972346e-01,8.560847320352666934e-01,9.999999999999987788e-01,8.560847320351948619e-01,8.600671761776699231e-01,8.601201495721313428e-01,8.601322313591072133e-01,8.601201495719242862e-01,8.601201495718940881e-01,8.600671761777614055e-01,8.560847320351948619e-01,9.999999999999987788e-01,8.560847320352020784e-01,8.600671761776960134e-01,8.601201495720791623e-01,8.601322313588767310e-01,8.601322313588869450e-01,8.601201495720379731e-01,8.600671761776699231e-01,8.560847320352020784e-01,9.999999999999987788e-01,8.560847320352136247e-01,8.600671761776439439e-01,8.601201495720672829e-01,8.601201495719946744e-01,8.601322313592298929e-01,8.601201495721313428e-01,8.600671761776960134e-01,8.560847320352136247e-01,9.999999999999987788e-01,8.560847320352484857e-01,8.600671761778730939e-01,8.600671761777938240e-01,8.601201495719565937e-01,8.601322313591072133e-01,8.601201495720791623e-01,8.600671761776439439e-01,8.560847320352484857e-01,9.999999999999987788e-01,8.560847320352449330e-01,8.560847320351846479e-01,8.600671761778174718e-01,8.601201495719242862e-01,8.601322313588767310e-01,8.601201495720672829e-01,8.600671761778730939e-01,8.560847320352449330e-01,9.999999999999987788e-01
1.000000000000000444e+00,8.158973689887673020e-01,8.227299005374466567e-01,8.227459512146919618e-01,8.227669492418150377e-01,8.227459512150711030e-01,8.227299005384938191e-01,8.158973689882208502e-01,8.158973689887673020e-01,1.000000000000000444e+00,8.158973689889799097e-01,8.227299005381240038e-01,8.227459512155428367e-01,8.227669492446433308e-01,8.227459512145518516e-01,8.227299005385351194e-01,8.227299005374466567e-01,8.158973689889799097e-01,1.000000000000000444e+00,8.158973689882459412e-01,8.227299005371241369e-01,8.227459512166241939e-01,8.227669492433157261e-01,8.227459512149671861e-01,8.227459512146919618e-01,8.227299005381240038e-01,8.158973689882459412e-01,1.000000000000000444e+00,8.158973689880086866e-01,8.227299005376400576e-01,8.227459512166088729e-01,8.227669492414509955e-01,8.227669492418150377e-01,8.227459512155428367e-01,8.227299005371241369e-01,8.158973689880086866e-01,1.000000000000000444e+00,8.158973689883940450e-01,8.227299005371058183e-01,8.227459512160743005e-01,8.227459512150711030e-01,8.227669492446433308e-01,8.227459512166241939e-01,8.227299005376400576e-01,8.158973689883940450e-01,1.000000000000000444e+00,8.158973689887381031e-01,8.227299005392466613e-01,8.227299005384938191e-01,8.227459512145518516e-01,8.227669492433157261e-01,8.227459512166088729e-01,8.227299005371058183e-01,8.158973689887381031e-01,1.000000000000000444e+00,8.158973689886083180e-01,8.158973689882208502e-01,8.227299005385351194e-01,8.227459512149671861e-01,8.227669492414509955e-01,8.227459512160743005e-01,8.227299005392466613e-01,8.158973689886083180e-01,1.000000000000000444e+00
1.000000000000000888e+00,7.719342342880564090e-01,7.828721911410191359e-01,7.827481107579448150e-01,7.827863188506930525e-01,7.827481107561032880e-01,7.828721911489355811e-01,7.719342342845533222e-01,7.719342342880564090e-01,1.000000000000000888e+00,7.719342342898833920e-01,7.828721911466064443e-01,7.827481107599532084e-01,7.827863188646861925e-01,7.827481107527819448e-01,7.828721911484090024e-01,7.828721911410191359e-01,7.719342342898833920e-01,1.000000000000000888e+00,7.719342342837987037e-01,7.828721911385757570e-01,7.827481107688238904e-01,7.827863188548180862e-01,7.827481107618370348e-01,7.827481107579448150e-01,7.828721911466064443e-01,7.719342342837987037e-01,1.000000000000000888e+00,7.719342342808881430e-01,7.828721911432345859e-01,7.827481107718149422e-01,7.827863188460879584e-01,7.827863188506930525e-01,7.827481107599532084e-01,7.828721911385757570e-01,7.719342342808881430e-01,1.000000000000000888e+00,7.719342342851526206e-01,7.828721911403304645e-01,7.827481107640885671e-01,7.827481107561032880e-01,7.827863188646861925e-01,7.827481107688238904e-01,7.828721911432345859e-01,7.719342342851526206e-01,1.000000000000000888e+00,7.719342342876319707e-01,7.828721911537634970e-01,7.828721911489355811e-01,7.827481107527819448e-01,7.827863188548180862e-01,7.827481107718149422e-01,7.828721911403304645e-01,7.719342342876319707e-01,1.000000000000000888e+00,7.719342342859609740e-01,7.719342342845533222e-01,7.828721911484090024e-01,7.827481107618370348e-01,7.827863188460879584e-01,7.827481107640885671e-01,7.828721911537634970e-01,7.719342342859609740e-01,1.000000000000000888e+00
