1.000000000000000000e+00,1.000000000000000000e+00,1.000000000000000000e+00,1.000000000000000000e+00,1.000000000000000000e+00,1.000000000000000000e+00,1.000000000000000000e+00,1.000000000000000000e+00,1.000000000000000000e+00,1.000000000000000000e+00,1.000000000000000000e+00,1.000000000000000000e+00,1.000000000000000000e+00,1.000000000000000000e+00,1.000000000000000000e+00,1.000000000000000000e+00,1.000000000000000000e+00,1.000000000000000000e+00,1.000000000000000000e+00,1.000000000000000000e+00,1.000000000000000000e+00,1.000000000000000000e+00,1.000000000000000000e+00,1.000000000000000000e+00,1.000000000000000000e+00,1.000000000000000000e+00,1.000000000000000000e+00,1.000000000000000000e+00,1.000000000000000000e+00,1.000000000000000000e+00,1.000000000000000000e+00,1.000000000000000000e+00,1.000000000000000000e+00,1.000000000000000000e+00,1.000000000000000000e+00,1.000000000000000000e+00,1.000000000000000000e+00,1.000000000000000000e+00,1.000000000000000000e+00,1.000000000000000000e+00,1.000000000000000000e+00,1.000000000000000000e+00,1.000000000000000000e+00,1.000000000000000000e+00,1.000000000000000000e+00,1.000000000000000000e+00,1.000000000000000000e+00,1.000000000000000000e+00,1.000000000000000000e+00,1.000000000000000000e+00,1.000000000000000000e+00,1.000000000000000000e+00,1.000000000000000000e+00,1.000000000000000000e+00,1.000000000000000000e+00,1.000000000000000000e+00,1.000000000000000000e+00,1.000000000000000000e+00,1.000000000000000000e+00,1.000000000000000000e+00,1.000000000000000000e+00,1.000000000000000000e+00,1.000000000000000000e+00,1.000000000000000000e+00,1.000000000000000000e+00,1.000000000000000000e+00,1.000000000000000000e+00,1.000000000000000000e+00,1.000000000000000000e+00,1.000000000000000000e+00,1.000000000000000000e+00,1.000000000000000000e+00,1.000000000000000000e+00,1.000000000000000000e+00,1.000000000000000000e+00,1.000000000000000000e+00,1.000000000000000000e+00,1.000000000000000000e+00,1.000000000000000000e+00,1.000000000000000000e+00,1.000000000000000000e+00,1.000000000000000000e+00,1.000000000000000000e+00,1.000000000000000000e+00,1.000000000000000000e+00,1.000000000000000000e+00,1.000000000000000000e+00,1.000000000000000000e+00,1.000000000000000000e+00,1.000000000000000000e+00,1.000000000000000000e+00,1.000000000000000000e+00,1.000000000000000000e+00,1.000000000000000000e+00,1.000000000000000000e+00,1.000000000000000000e+00,1.000000000000000000e+00,1.000000000000000000e+00,1.000000000000000000e+00,1.000000000000000000e+00,1.000000000000000000e+00,1.000000000000000000e+00,1.000000000000000000e+00,1.000000000000000000e+00,1.000000000000000000e+00,1.000000000000000000e+00,1.000000000000000000e+00,1.000000000000000000e+00,1.000000000000000000e+00,1.000000000000000000e+00,1.000000000000000000e+00,1.000000000000000000e+00,1.000000000000000000e+00,1.000000000000000000e+00,1.000000000000000000e+00,1.000000000000000000e+00,1.000000000000000000e+00,1.000000000000000000e+00,1.000000000000000000e+00,1.000000000000000000e+00,1.000000000000000000e+00
1.000000000000002220e+00,8.204999279450115868e-01,8.281264337901608208e-01,8.281729215605629912e-01,8.281834929143019330e-01,8.281855686560122276e-01,8.281859882005447870e-01,8.281856663936580931e-01,8.281831187866457444e-01,8.281579630782919255e-01,8.268536830532349224e-01,8.204999279450115868e-01,1.000000000000002220e+00,8.219515124541106887e-01,8.294354687547507154e-01,8.294799951592505272e-01,8.294900227931931713e-01,8.294918872663393783e-01,8.294919030513052682e-01,8.294894496254630045e-01,8.294642877744726750e-01,8.281579630782918144e-01,8.281264337901608208e-01,8.219515124541106887e-01,1.000000000000002220e+00,8.219818791947596237e-01,8.294610124145738173e-01,8.295052983573560912e-01,8.295151532861934074e-01,8.295166243907788894e-01,8.295145126210362596e-01,8.294894496254627825e-01,8.281831187866453003e-01,8.281729215605629912e-01,8.294354687547507154e-01,8.219818791947596237e-01,1.000000000000002220e+00,8.219852546629187184e-01,8.294636991133315096e-01,8.295078201782034588e-01,8.295172810360940119e-01,8.295166243907791115e-01,8.294919030513051572e-01,8.281856663936577601e-01,8.281834929143019330e-01,8.294799951592505272e-01,8.294610124145738173e-01,8.219852546629187184e-01,1.000000000000002220e+00,8.219858794583557726e-01,8.294640916192301816e-01,8.295078201782035698e-01,8.295151532861936294e-01,8.294918872663394893e-01,8.281859882005445650e-01,8.281855686560122276e-01,8.294900227931931713e-01,8.295052983573560912e-01,8.294636991133315096e-01,8.219858794583557726e-01,1.000000000000002220e+00,8.219858794583558836e-01,8.294636991133316206e-01,8.295052983573562022e-01,8.294900227931931713e-01,8.281855686560122276e-01,8.281859882005447870e-01,8.294918872663393783e-01,8.295151532861934074e-01,8.295078201782034588e-01,8.294640916192301816e-01,8.219858794583558836e-01,1.000000000000002220e+00,8.219852546629186074e-01,8.294610124145738173e-01,8.294799951592504161e-01,8.281834929143018220e-01,8.281856663936580931e-01,8.294919030513052682e-01,8.295166243907788894e-01,8.295172810360940119e-01,8.295078201782035698e-01,8.294636991133316206e-01,8.219852546629186074e-01,1.000000000000002220e+00,8.219818791947598458e-01,8.294354687547508265e-01,8.281729215605629912e-01,8.281831187866457444e-01,8.294894496254630045e-01,8.295145126210362596e-01,8.295166243907791115e-01,8.295151532861936294e-01,8.295052983573562022e-01,8.294610124145738173e-01,8.219818791947598458e-01,1.000000000000002220e+00,8.219515124541110218e-01,8.281264337901608208e-01,8.281579630782919255e-01,8.294642877744726750e-01,8.294894496254627825e-01,8.294919030513051572e-01,8.294918872663394893e-01,8.294900227931931713e-01,8.294799951592504161e-01,8.294354687547508265e-01,8.219515124541110218e-01,1.000000000000002220e+00,8.204999279450116978e-01,8.268536830532349224e-01,8.281579630782918144e-01,8.281831187866453003e-01,8.281856663936577601e-01,8.281859882005445650e-01,8.281855686560122276e-01,8.281834929143018220e-01,8.281729215605629912e-01,8.281264337901608208e-01,8.204999279450116978e-01,1.000000000000002220e+00
1.000000000000005329e+00,6.014567917096615979e-01,6.403194318117191308e-01,6.412596696898933413e-01,6.412421031143850092e-01,6.412597065406250296e-01,6.412635627359682955e-01,6.412551591422011033e-01,6.412043502607425172e-01,6.405658115023663557e-01,6.291441844164853414e-01,6.014567917096615979e-01,1.000000000000005329e+00,6.166052275520526038e-01,6.520035592526326473e-01,6.529128471581985282e-01,6.528882184513171705e-01,6.529002995462167558e-01,6.528950001809272763e-01,6.528443657471836303e-01,6.521946409188060789e-01,6.405658115023662447e-01,6.403194318117191308e-01,6.166052275520526038e-01,1.000000000000005329e+00,6.174753486307686945e-01,6.526605674636577481e-01,6.535662839982169237e-01,6.535374156365679754e-01,6.535407859158198773e-01,6.534935584682080023e-01,6.528443657471831862e-01,6.412043502607417400e-01,6.412596696898933413e-01,6.520035592526326473e-01,6.174753486307686945e-01,1.000000000000005329e+00,6.175537581693836264e-01,6.527149397910508855e-01,6.536168723652933110e-01,6.535793338142308340e-01,6.535407859158199884e-01,6.528950001809269432e-01,6.412551591422003261e-01,6.412421031143850092e-01,6.529128471581985282e-01,6.526605674636577481e-01,6.175537581693836264e-01,1.000000000000005329e+00,6.175696312951461930e-01,6.527235435715655898e-01,6.536168723652934220e-01,6.535374156365678644e-01,6.529002995462164227e-01,6.412635627359677404e-01,6.412597065406250296e-01,6.528882184513171705e-01,6.535662839982169237e-01,6.527149397910508855e-01,6.175696312951461930e-01,1.000000000000005329e+00,6.175696312951463041e-01,6.527149397910511075e-01,6.535662839982170347e-01,6.528882184513166154e-01,6.412597065406243635e-01,6.412635627359682955e-01,6.529002995462167558e-01,6.535374156365679754e-01,6.536168723652933110e-01,6.527235435715655898e-01,6.175696312951463041e-01,1.000000000000005329e+00,6.175537581693837375e-01,6.526605674636579701e-01,6.529128471581981952e-01,6.412421031143845651e-01,6.412551591422011033e-01,6.528950001809272763e-01,6.535407859158198773e-01,6.535793338142308340e-01,6.536168723652934220e-01,6.527149397910511075e-01,6.175537581693837375e-01,1.000000000000005329e+00,6.174753486307690276e-01,6.520035592526324253e-01,6.412596696898930082e-01,6.412043502607425172e-01,6.528443657471836303e-01,6.534935584682080023e-01,6.535407859158199884e-01,6.535374156365678644e-01,6.535662839982170347e-01,6.526605674636579701e-01,6.174753486307690276e-01,1.000000000000005329e+00,6.166052275520523818e-01,6.403194318117190198e-01,6.405658115023663557e-01,6.521946409188060789e-01,6.528443657471831862e-01,6.528950001809269432e-01,6.529002995462164227e-01,6.528882184513166154e-01,6.529128471581981952e-01,6.520035592526324253e-01,6.166052275520523818e-01,1.000000000000005329e+00,6.014567917096603766e-01,6.291441844164853414e-01,6.405658115023662447e-01,6.412043502607417400e-01,6.412551591422003261e-01,6.412635627359677404e-01,6.412597065406243635e-01,6.412421031143845651e-01,6.412596696898930082e-01,6.403194318117190198e-01,6.014567917096603766e-01,1.000000000000005329e+00
9.999999999999997780e-01,7.299179181426551644e-01,7.481813684546955168e-01,7.496831070559678567e-01,7.493772091585818584e-01,7.493757611452821488e-01,7.493765027475866036e-01,7.493578282765349652e-01,7.492803277586833621e-01,7.473999440016860785e-01,7.220596053499578337e-01,7.299179181426551644e-01,9.999999999999997780e-01,7.618711128888695505e-01,7.746460846443915527e-01,7.759600655928436952e-01,7.756853350512896705e-01,7.756721695472261757e-01,7.756552681888811973e-01,7.755756885318254579e-01,7.736295262994173916e-01,7.473999440016864115e-01,7.481813684546955168e-01,7.618711128888695505e-01,9.999999999999997780e-01,7.641729026725855300e-01,7.766321612970534805e-01,7.779148123229348011e-01,7.776324633791571461e-01,7.776029284389087692e-01,7.775259542839870752e-01,7.755756885318249028e-01,7.492803277586830291e-01,7.496831070559678567e-01,7.746460846443915527e-01,7.641729026725855300e-01,9.999999999999997780e-01,7.642889363733175179e-01,7.767192618173369700e-01,7.779910313966666990e-01,7.776924379609375659e-01,7.776029284389081031e-01,7.756552681888799761e-01,7.493578282765337439e-01,7.493772091585818584e-01,7.759600655928436952e-01,7.766321612970534805e-01,7.642889363733175179e-01,9.999999999999997780e-01,7.643185096852908034e-01,7.767356363816407816e-01,7.779910313966665880e-01,7.776324633791560359e-01,7.756721695472248435e-01,7.493765027475852714e-01,7.493757611452821488e-01,7.756853350512896705e-01,7.779148123229348011e-01,7.767192618173369700e-01,7.643185096852908034e-01,9.999999999999997780e-01,7.643185096852909144e-01,7.767192618173367480e-01,7.779148123229339129e-01,7.756853350512877832e-01,7.493757611452805945e-01,7.493765027475866036e-01,7.756721695472261757e-01,7.776324633791571461e-01,7.779910313966666990e-01,7.767356363816407816e-01,7.643185096852909144e-01,9.999999999999997780e-01,7.642889363733172958e-01,7.766321612970530364e-01,7.759600655928423629e-01,7.493772091585805262e-01,7.493578282765349652e-01,7.756552681888811973e-01,7.776029284389087692e-01,7.776924379609375659e-01,7.779910313966665880e-01,7.767192618173367480e-01,7.642889363733172958e-01,9.999999999999997780e-01,7.641729026725844198e-01,7.746460846443899984e-01,7.496831070559663024e-01,7.492803277586833621e-01,7.755756885318254579e-01,7.775259542839870752e-01,7.776029284389081031e-01,7.776324633791560359e-01,7.779148123229339129e-01,7.766321612970530364e-01,7.641729026725844198e-01,9.999999999999997780e-01,7.618711128888668860e-01,7.481813684546934073e-01,7.473999440016860785e-01,7.736295262994173916e-01,7.755756885318249028e-01,7.756552681888799761e-01,7.756721695472248435e-01,7.756853350512877832e-01,7.759600655928423629e-01,7.746460846443899984e-01,7.618711128888668860e-01,9.999999999999997780e-01,7.299179181426518337e-01,7.220596053499578337e-01,7.473999440016864115e-01,7.492803277586830291e-01,7.493578282765337439e-01,7.493765027475852714e-01,7.493757611452805945e-01,7.493772091585805262e-01,7.496831070559663024e-01,7.481813684546934073e-01,7.299179181426518337e-01,9.999999999999997780e-01
1.000000000000000888e+00,9.761341636674445432e-01,9.767008480537981985e-01,9.767280976351052635e-01,9.767073244734612025e-01,9.767096481313063405e-01,9.767092800497408911e-01,9.767072249676620466e-01,9.767257033177434433e-01,9.761845579354292424e-01,9.631797967473627597e-01,9.761341636674445432e-01,1.000000000000000888e+00,9.899127072465646604e-01,9.898957316797847295e-01,9.899094970125262849e-01,9.898971774094605935e-01,9.898964408524381087e-01,9.898946194001382315e-01,9.899133606436474331e-01,9.893649070012041635e-01,9.761845579354290203e-01,9.767008480537981985e-01,9.899127072465646604e-01,1.000000000000000888e+00,9.904442119425391766e-01,9.904501489342752985e-01,9.904583249209704121e-01,9.904448347661083396e-01,9.904430740985311621e-01,9.904621028836448904e-01,9.899133606436472110e-01,9.767257033177428882e-01,9.767280976351052635e-01,9.898957316797847295e-01,9.904442119425391766e-01,1.000000000000000888e+00,9.904275601833925080e-01,9.904327754754961299e-01,9.904384562957030402e-01,9.904239539191493913e-01,9.904430740985309400e-01,9.898946194001377874e-01,9.767072249676612694e-01,9.767073244734612025e-01,9.899094970125262849e-01,9.904501489342752985e-01,9.904275601833925080e-01,1.000000000000000888e+00,9.904307914443930549e-01,9.904338592277599496e-01,9.904384562957024851e-01,9.904448347661076735e-01,9.898964408524371095e-01,9.767092800497396698e-01,9.767096481313063405e-01,9.898971774094605935e-01,9.904583249209704121e-01,9.904327754754961299e-01,9.904307914443930549e-01,1.000000000000000888e+00,9.904307914443931660e-01,9.904327754754960189e-01,9.904583249209700790e-01,9.898971774094600384e-01,9.767096481313053413e-01,9.767092800497408911e-01,9.898964408524381087e-01,9.904448347661083396e-01,9.904384562957030402e-01,9.904338592277599496e-01,9.904307914443931660e-01,1.000000000000000888e+00,9.904275601833925080e-01,9.904501489342748544e-01,9.899094970125259518e-01,9.767073244734603144e-01,9.767072249676620466e-01,9.898946194001382315e-01,9.904430740985311621e-01,9.904239539191493913e-01,9.904384562957024851e-01,9.904327754754960189e-01,9.904275601833925080e-01,1.000000000000000888e+00,9.904442119425386215e-01,9.898957316797840633e-01,9.767280976351041533e-01,9.767257033177434433e-01,9.899133606436474331e-01,9.904621028836448904e-01,9.904430740985309400e-01,9.904448347661076735e-01,9.904583249209700790e-01,9.904501489342748544e-01,9.904442119425386215e-01,1.000000000000000888e+00,9.899127072465637722e-01,9.767008480537967552e-01,9.761845579354292424e-01,9.893649070012041635e-01,9.899133606436472110e-01,9.898946194001377874e-01,9.898964408524371095e-01,9.898971774094600384e-01,9.899094970125259518e-01,9.898957316797840633e-01,9.899127072465637722e-01,1.000000000000000888e+00,9.761341636674428779e-01,9.631797967473627597e-01,9.761845579354290203e-01,9.767257033177428882e-01,9.767072249676612694e-01,9.767092800497396698e-01,9.767096481313053413e-01,9.767073244734603144e-01,9.767280976351041533e-01,9.767008480537967552e-01,9.761341636674428779e-01,1.000000000000000888e+00
1.000000000000001110e+00,9.101929395545222956e-01,9.115791206678716119e-01,9.115806379476815158e-01,9.116110329367757004e-01,9.116207422881977829e-01,9.116242933259576242e-01,9.116193795800530131e-01,9.114075027507629878e-01,9.118091710691056395e-01,9.375769082100462448e-01,9.101929395545222956e-01,1.000000000000001110e+00,8.832356987109675206e-01,8.868967612314921922e-01,8.865116819986359475e-01,8.865521465673341650e-01,8.865679854739243471e-01,8.865656411277752502e-01,8.863592214406631475e-01,8.867497023904282738e-01,9.118091710691055285e-01,9.115791206678716119e-01,8.832356987109675206e-01,1.000000000000001110e+00,8.830373382750592581e-01,8.865103109415298777e-01,8.861225750484691410e-01,8.861629066080959349e-01,8.861728435672688864e-01,8.859691893711145738e-01,8.863592214406628145e-01,9.114075027507626547e-01,9.115806379476815158e-01,8.868967612314921922e-01,8.830373382750592581e-01,1.000000000000001110e+00,8.832599819356001802e-01,8.867125131796143034e-01,8.863306167348569131e-01,8.863643301463210999e-01,8.861728435672697746e-01,8.865656411277758053e-01,9.116193795800535682e-01,9.116110329367757004e-01,8.865116819986359475e-01,8.865103109415298777e-01,8.832599819356001802e-01,1.000000000000001110e+00,8.832629634120989781e-01,8.867184820204353501e-01,8.863306167348581344e-01,8.861629066080981554e-01,8.865679854739262344e-01,9.116242933259595116e-01,9.116207422881977829e-01,8.865521465673341650e-01,8.861225750484691410e-01,8.867125131796143034e-01,8.832629634120989781e-01,1.000000000000001110e+00,8.832629634120987561e-01,8.867125131796150805e-01,8.861225750484708064e-01,8.865521465673357193e-01,9.116207422881991151e-01,9.116242933259576242e-01,8.865679854739243471e-01,8.861629066080959349e-01,8.863306167348569131e-01,8.867184820204353501e-01,8.832629634120987561e-01,1.000000000000001110e+00,8.832599819356006243e-01,8.865103109415309879e-01,8.865116819986371688e-01,9.116110329367766996e-01,9.116193795800530131e-01,8.865656411277752502e-01,8.861728435672688864e-01,8.863643301463210999e-01,8.863306167348581344e-01,8.867125131796150805e-01,8.832599819356006243e-01,1.000000000000001110e+00,8.830373382750618116e-01,8.868967612314946347e-01,9.115806379476837362e-01,9.114075027507629878e-01,8.863592214406631475e-01,8.859691893711145738e-01,8.861728435672697746e-01,8.861629066080981554e-01,8.861225750484708064e-01,8.865103109415309879e-01,8.830373382750618116e-01,1.000000000000001110e+00,8.832356987109707402e-01,9.115791206678744985e-01,9.118091710691056395e-01,8.867497023904282738e-01,8.863592214406628145e-01,8.865656411277758053e-01,8.865679854739262344e-01,8.865521465673357193e-01,8.865116819986371688e-01,8.868967612314946347e-01,8.832356987109707402e-01,1.000000000000001110e+00,9.101929395545251822e-01,9.375769082100462448e-01,9.118091710691055285e-01,9.114075027507626547e-01,9.116193795800535682e-01,9.116242933259595116e-01,9.116207422881991151e-01,9.116110329367766996e-01,9.115806379476837362e-01,9.115791206678744985e-01,9.101929395545251822e-01,1.000000000000001110e+00
1.000000000000000444e+00,6.464535832610336374e-01,6.823164413973490383e-01,6.813374658918140980e-01,6.820386166943628314e-01,6.820204893756591780e-01,6.820096591101184602e-01,6.819804057269257536e-01,6.813060432634152619e-01,6.770466841576028294e-01,6.981565402735523396e-01,6.464535832610336374e-01,1.000000000000000444e+00,6.263070661634193570e-01,6.618479063931246298e-01,6.607036576999968380e-01,6.614053102437833509e-01,6.613942830979029353e-01,6.613597708811395082e-01,6.607050796242222024e-01,6.565748583278662176e-01,6.770466841576039396e-01,6.823164413973490383e-01,6.263070661634193570e-01,1.000000000000000444e+00,6.321970312431600680e-01,6.659685973288288485e-01,6.648781624261410617e-01,6.655615528506061418e-01,6.655277243874699877e-01,6.648623054973272772e-01,6.607050796242210922e-01,6.813060432634152619e-01,6.813374658918140980e-01,6.618479063931246298e-01,6.321970312431600680e-01,1.000000000000000444e+00,6.330367753173649081e-01,6.666245202951611715e-01,6.655360894643175262e-01,6.661930097063388789e-01,6.655277243874707649e-01,6.613597708811390641e-01,6.819804057269267528e-01,6.820386166943628314e-01,6.607036576999968380e-01,6.659685973288288485e-01,6.330367753173649081e-01,1.000000000000000444e+00,6.330736566740309268e-01,6.666487067240602915e-01,6.655360894643189695e-01,6.655615528506084733e-01,6.613942830979039345e-01,6.820096591101205696e-01,6.820204893756591780e-01,6.614053102437833509e-01,6.648781624261410617e-01,6.666245202951611715e-01,6.330736566740309268e-01,1.000000000000000444e+00,6.330736566740302607e-01,6.666245202951619486e-01,6.648781624261426160e-01,6.614053102437840170e-01,6.820204893756606213e-01,6.820096591101184602e-01,6.613942830979029353e-01,6.655615528506061418e-01,6.655360894643175262e-01,6.666487067240602915e-01,6.330736566740302607e-01,1.000000000000000444e+00,6.330367753173650192e-01,6.659685973288295147e-01,6.607036576999963939e-01,6.820386166943637196e-01,6.819804057269257536e-01,6.613597708811395082e-01,6.655277243874699877e-01,6.661930097063388789e-01,6.655360894643189695e-01,6.666245202951619486e-01,6.330367753173650192e-01,1.000000000000000444e+00,6.321970312431627326e-01,6.618479063931256290e-01,6.813374658918164295e-01,6.813060432634152619e-01,6.607050796242222024e-01,6.648623054973272772e-01,6.655277243874707649e-01,6.655615528506084733e-01,6.648781624261426160e-01,6.659685973288295147e-01,6.321970312431627326e-01,1.000000000000000444e+00,6.263070661634217995e-01,6.823164413973521469e-01,6.770466841576028294e-01,6.565748583278662176e-01,6.607050796242210922e-01,6.613597708811390641e-01,6.613942830979039345e-01,6.614053102437840170e-01,6.607036576999963939e-01,6.618479063931256290e-01,6.263070661634217995e-01,1.000000000000000444e+00,6.464535832610360799e-01,6.981565402735523396e-01,6.770466841576039396e-01,6.813060432634152619e-01,6.819804057269267528e-01,6.820096591101205696e-01,6.820204893756606213e-01,6.820386166943637196e-01,6.813374658918164295e-01,6.823164413973521469e-01,6.464535832610360799e-01,1.000000000000000444e+00
1.000000000000002220e+00,6.344735593562983444e-01,6.746902916999892863e-01,6.766690113996529643e-01,6.767091982827531105e-01,6.765581225371162244e-01,6.765482427214597472e-01,6.765490790217699724e-01,6.757767718745568697e-01,6.670235318768711341e-01,6.447657559269931449e-01,6.344735593562983444e-01,1.000000000000002220e+00,6.729960715975589203e-01,6.981460147434798147e-01,7.000244070549282993e-01,7.000556486785433075e-01,6.999146999994244611e-01,6.998993558170935048e-01,6.991034665119867375e-01,6.900493002806411535e-01,6.670235318768729105e-01,6.746902916999892863e-01,6.729960715975589203e-01,1.000000000000002220e+00,6.848382869705893494e-01,7.073675081089464411e-01,7.092166389700422791e-01,7.092355949010265004e-01,7.090954824175629279e-01,7.082736559428181033e-01,6.991034665119852942e-01,6.757767718745572028e-01,6.766690113996529643e-01,6.981460147434798147e-01,6.848382869705893494e-01,1.000000000000002220e+00,6.858081028359532816e-01,7.081934009131914953e-01,7.100287243809334514e-01,7.100425827912422161e-01,7.090954824175628168e-01,6.998993558170920615e-01,6.765490790217700834e-01,6.767091982827531105e-01,7.000244070549282993e-01,7.073675081089464411e-01,6.858081028359532816e-01,1.000000000000002220e+00,6.858181848024269556e-01,7.081962602328907286e-01,7.100287243809332294e-01,7.092355949010258342e-01,6.999146999994225737e-01,6.765482427214597472e-01,6.765581225371162244e-01,7.000556486785433075e-01,7.092166389700422791e-01,7.081934009131914953e-01,6.858181848024269556e-01,1.000000000000002220e+00,6.858181848024264005e-01,7.081934009131911623e-01,7.092166389700415019e-01,7.000556486785405319e-01,6.765581225371156693e-01,6.765482427214597472e-01,6.999146999994244611e-01,7.092355949010265004e-01,7.100287243809334514e-01,7.081962602328907286e-01,6.858181848024264005e-01,1.000000000000002220e+00,6.858081028359521714e-01,7.073675081089456640e-01,7.000244070549254127e-01,6.767091982827522223e-01,6.765490790217699724e-01,6.998993558170935048e-01,7.090954824175629279e-01,7.100425827912422161e-01,7.100287243809332294e-01,7.081934009131911623e-01,6.858081028359521714e-01,1.000000000000002220e+00,6.848382869705880172e-01,6.981460147434771502e-01,6.766690113996517431e-01,6.757767718745568697e-01,6.991034665119867375e-01,7.082736559428181033e-01,7.090954824175628168e-01,7.092355949010258342e-01,7.092166389700415019e-01,7.073675081089456640e-01,6.848382869705880172e-01,1.000000000000002220e+00,6.729960715975553676e-01,6.746902916999888422e-01,6.670235318768711341e-01,6.900493002806411535e-01,6.991034665119852942e-01,6.998993558170920615e-01,6.999146999994225737e-01,7.000556486785405319e-01,7.000244070549254127e-01,6.981460147434771502e-01,6.729960715975553676e-01,1.000000000000002220e+00,6.344735593562950138e-01,6.447657559269931449e-01,6.670235318768729105e-01,6.757767718745572028e-01,6.765490790217700834e-01,6.765482427214597472e-01,6.765581225371156693e-01,6.767091982827522223e-01,6.766690113996517431e-01,6.746902916999888422e-01,6.344735593562950138e-01,1.000000000000002220e+00
1.000000000000001110e+00,8.882181987455948224e-01,8.952815015081306838e-01,8.962900226972325690e-01,8.959591137049858212e-01,8.959310891405415367e-01,8.959459317094196074e-01,8.960021870493433127e-01,8.959072128085346920e-01,8.906051603104750969e-01,8.481498040704665842e-01,8.882181987455948224e-01,1.000000000000001110e+00,9.399900553412797732e-01,9.405337278015772906e-01,9.409896654794341897e-01,9.408124017536723116e-01,9.407905046793636483e-01,9.408511456780407345e-01,9.407529719512994770e-01,9.351856855752008757e-01,8.906051603104748748e-01,8.952815015081306838e-01,9.399900553412797732e-01,1.000000000000001110e+00,9.458395574068652056e-01,9.461477832349238781e-01,9.465727010799849239e-01,9.464142223455944691e-01,9.464479564643014653e-01,9.463519666806256003e-01,9.407529719512983668e-01,8.959072128085334707e-01,8.962900226972325690e-01,9.405337278015772906e-01,9.458395574068652056e-01,1.000000000000001110e+00,9.458855055755706065e-01,9.462517805472625554e-01,9.466769884714199002e-01,9.465704022610028634e-01,9.464479564643012433e-01,9.408511456780395132e-01,8.960021870493418694e-01,8.959591137049858212e-01,9.409896654794341897e-01,9.461477832349238781e-01,9.458855055755706065e-01,1.000000000000001110e+00,9.458245315553579502e-01,9.461994251945851087e-01,9.466769884714187899e-01,9.464142223455929148e-01,9.407905046793613169e-01,8.959459317094169428e-01,8.959310891405415367e-01,9.408124017536723116e-01,9.465727010799849239e-01,9.462517805472625554e-01,9.458245315553579502e-01,1.000000000000001110e+00,9.458245315553581722e-01,9.462517805472614452e-01,9.465727010799834806e-01,9.408124017536699801e-01,8.959310891405392052e-01,8.959459317094196074e-01,9.407905046793636483e-01,9.464142223455944691e-01,9.466769884714199002e-01,9.461994251945851087e-01,9.458245315553581722e-01,1.000000000000001110e+00,9.458855055755698293e-01,9.461477832349228789e-01,9.409896654794323023e-01,8.959591137049838228e-01,8.960021870493433127e-01,9.408511456780407345e-01,9.464479564643014653e-01,9.465704022610028634e-01,9.466769884714187899e-01,9.462517805472614452e-01,9.458855055755698293e-01,1.000000000000001110e+00,9.458395574068629852e-01,9.405337278015740710e-01,8.962900226972295714e-01,8.959072128085346920e-01,9.407529719512994770e-01,9.463519666806256003e-01,9.464479564643012433e-01,9.464142223455929148e-01,9.465727010799834806e-01,9.461477832349228789e-01,9.458395574068629852e-01,1.000000000000001110e+00,9.399900553412762205e-01,8.952815015081273531e-01,8.906051603104750969e-01,9.351856855752008757e-01,9.407529719512983668e-01,9.408511456780395132e-01,9.407905046793613169e-01,9.408124017536699801e-01,9.409896654794323023e-01,9.405337278015740710e-01,9.399900553412762205e-01,1.000000000000001110e+00,8.882181987455901595e-01,8.481498040704665842e-01,8.906051603104748748e-01,8.959072128085334707e-01,8.960021870493418694e-01,8.959459317094169428e-01,8.959310891405392052e-01,8.959591137049838228e-01,8.962900226972295714e-01,8.952815015081273531e-01,8.882181987455901595e-01,1.000000000000001110e+00
9.999999999999977796e-01,9.785749834772198286e-01,9.754393152153998381e-01,9.758138536857711154e-01,9.758726480809998272e-01,9.758717805752898933e-01,9.758657570479172261e-01,9.757744050834727956e-01,9.754667145482404100e-01,9.785603449555727584e-01,9.971148051206769614e-01,9.785749834772198286e-01,9.999999999999977796e-01,9.569851428745497213e-01,9.577166557194970453e-01,9.578004049168943324e-01,9.576994263598335166e-01,9.577002885065487581e-01,9.576170765562256326e-01,9.573155413513325662e-01,9.603513689926205243e-01,9.785603449555707600e-01,9.754393152153998381e-01,9.569851428745497213e-01,9.999999999999977796e-01,9.541979096428856444e-01,9.547652427546711174e-01,9.547970867962591868e-01,9.546672969547932430e-01,9.545821433345375029e-01,9.542883876918639707e-01,9.573155413513327883e-01,9.754667145482386337e-01,9.758138536857711154e-01,9.577166557194970453e-01,9.541979096428856444e-01,9.999999999999977796e-01,9.545962932059071093e-01,9.550650364774599943e-01,9.550934452720830636e-01,9.548792008605575532e-01,9.545821433345378360e-01,9.576170765562261877e-01,9.757744050834714633e-01,9.758726480809998272e-01,9.578004049168943324e-01,9.547652427546711174e-01,9.545962932059071093e-01,9.999999999999977796e-01,9.546944006973614449e-01,9.551476768307224363e-01,9.550934452720847290e-01,9.546672969547952414e-01,9.577002885065509785e-01,9.758657570479176702e-01,9.758717805752898933e-01,9.576994263598335166e-01,9.547970867962591868e-01,9.550650364774599943e-01,9.546944006973614449e-01,9.999999999999977796e-01,9.546944006973611119e-01,9.550650364774608825e-01,9.547970867962608521e-01,9.576994263598354040e-01,9.758717805752897823e-01,9.758657570479172261e-01,9.577002885065487581e-01,9.546672969547932430e-01,9.550934452720830636e-01,9.551476768307224363e-01,9.546944006973611119e-01,9.999999999999977796e-01,9.545962932059077755e-01,9.547652427546723386e-01,9.578004049168958867e-01,9.758726480809991610e-01,9.757744050834727956e-01,9.576170765562256326e-01,9.545821433345375029e-01,9.548792008605575532e-01,9.550934452720847290e-01,9.550650364774608825e-01,9.545962932059077755e-01,9.999999999999977796e-01,9.541979096428885310e-01,9.577166557195000429e-01,9.758138536857721146e-01,9.754667145482404100e-01,9.573155413513325662e-01,9.542883876918639707e-01,9.545821433345378360e-01,9.546672969547952414e-01,9.547970867962608521e-01,9.547652427546723386e-01,9.541979096428885310e-01,9.999999999999977796e-01,9.569851428745533850e-01,9.754393152154012814e-01,9.785603449555727584e-01,9.603513689926205243e-01,9.573155413513327883e-01,9.576170765562261877e-01,9.577002885065509785e-01,9.576994263598354040e-01,9.578004049168958867e-01,9.577166557195000429e-01,9.569851428745533850e-01,9.999999999999977796e-01,9.785749834772216049e-01,9.971148051206769614e-01,9.785603449555707600e-01,9.754667145482386337e-01,9.757744050834714633e-01,9.758657570479176702e-01,9.758717805752897823e-01,9.758726480809991610e-01,9.758138536857721146e-01,9.754393152154012814e-01,9.785749834772216049e-01,9.999999999999977796e-01
9.999999999999926725e-01,7.588096698493689285e-01,7.770101553372386061e-01,7.774334659375977674e-01,7.779403514091320915e-01,7.780841479595371757e-01,7.780813777228636763e-01,7.778345247665160445e-01,7.756199161911546680e-01,7.714639928704977168e-01,8.436596379458725092e-01,7.588096698493689285e-01,9.999999999999926725e-01,6.848767137974608454e-01,7.131321920935053127e-01,7.107751603637867399e-01,7.113075348906587880e-01,7.114965773310677477e-01,7.112829344354094641e-01,7.092485845651552712e-01,7.054465955483754103e-01,7.714639928704977168e-01,7.770101553372386061e-01,6.848767137974608454e-01,9.999999999999926725e-01,6.917862622622885649e-01,7.169992041384186665e-01,7.146668312342914220e-01,7.151232391435267122e-01,7.151060247480001131e-01,7.130792927349800525e-01,7.092485845651550491e-01,7.756199161911543349e-01,7.774334659375977674e-01,7.131321920935053127e-01,6.917862622622885649e-01,9.999999999999926725e-01,6.944503867684201914e-01,7.190036232915292258e-01,7.167090306252275056e-01,7.169444385430183697e-01,7.151060247480007792e-01,7.112829344354099081e-01,7.778345247665168216e-01,7.779403514091320915e-01,7.107751603637867399e-01,7.169992041384186665e-01,6.944503867684201914e-01,9.999999999999926725e-01,6.947184946112688886e-01,7.192134094089344121e-01,7.167090306252310583e-01,7.151232391435312641e-01,7.114965773310717445e-01,7.780813777228681172e-01,7.780841479595371757e-01,7.113075348906587880e-01,7.146668312342914220e-01,7.190036232915292258e-01,6.947184946112688886e-01,9.999999999999926725e-01,6.947184946112671122e-01,7.190036232915308911e-01,7.146668312342940865e-01,7.113075348906620077e-01,7.780841479595399512e-01,7.780813777228636763e-01,7.114965773310677477e-01,7.151232391435267122e-01,7.167090306252275056e-01,7.192134094089344121e-01,6.947184946112671122e-01,9.999999999999926725e-01,6.944503867684204135e-01,7.169992041384192216e-01,7.107751603637876281e-01,7.779403514091328686e-01,7.778345247665160445e-01,7.112829344354094641e-01,7.151060247480001131e-01,7.169444385430183697e-01,7.167090306252310583e-01,7.190036232915308911e-01,6.944503867684204135e-01,9.999999999999926725e-01,6.917862622622936719e-01,7.131321920935093095e-01,7.774334659376025414e-01,7.756199161911546680e-01,7.092485845651552712e-01,7.130792927349800525e-01,7.151060247480007792e-01,7.151232391435312641e-01,7.146668312342940865e-01,7.169992041384192216e-01,6.917862622622936719e-01,9.999999999999926725e-01,6.848767137974667296e-01,7.770101553372434910e-01,7.714639928704977168e-01,7.054465955483754103e-01,7.092485845651550491e-01,7.112829344354099081e-01,7.114965773310717445e-01,7.113075348906620077e-01,7.107751603637876281e-01,7.131321920935093095e-01,6.848767137974667296e-01,9.999999999999926725e-01,7.588096698493748127e-01,8.436596379458725092e-01,7.714639928704977168e-01,7.756199161911543349e-01,7.778345247665168216e-01,7.780813777228681172e-01,7.780841479595399512e-01,7.779403514091328686e-01,7.774334659376025414e-01,7.770101553372434910e-01,7.588096698493748127e-01,9.999999999999926725e-01
9.999999999999915623e-01,5.931530272693068540e-01,6.545635621749277266e-01,6.541984727791013698e-01,6.557630861149754686e-01,6.555931185073985423e-01,6.555231454629448784e-01,6.554398591229703142e-01,6.522573639475346408e-01,6.335077455570239380e-01,6.621027603843249176e-01,5.931530272693068540e-01,9.999999999999915623e-01,5.810647107369676378e-01,6.266610603087338083e-01,6.259177108126712241e-01,6.273892672642120694e-01,6.273164564718388680e-01,6.271387489010274985e-01,6.240816509017891311e-01,6.061455120714207556e-01,6.335077455570270466e-01,6.545635621749277266e-01,5.810647107369676378e-01,9.999999999999915623e-01,6.079614062147802311e-01,6.450907527376734674e-01,6.445395369853516021e-01,6.459486317869359562e-01,6.458019972069943826e-01,6.425634815526749533e-01,6.240816509017874658e-01,6.522573639475359730e-01,6.541984727791013698e-01,6.266610603087338083e-01,6.079614062147802311e-01,9.999999999999915623e-01,6.119657470597851256e-01,6.482186286385426266e-01,6.477361655236343330e-01,6.490283020245546375e-01,6.458019972069946046e-01,6.271387489010258331e-01,6.554398591229720905e-01,6.557630861149754686e-01,6.259177108126712241e-01,6.450907527376734674e-01,6.119657470597851256e-01,9.999999999999915623e-01,6.120328409049211604e-01,6.483193454226322539e-01,6.477361655236361093e-01,6.459486317869379546e-01,6.273164564718385350e-01,6.555231454629479870e-01,6.555931185073985423e-01,6.273892672642120694e-01,6.445395369853516021e-01,6.482186286385426266e-01,6.120328409049211604e-01,9.999999999999915623e-01,6.120328409049197171e-01,6.482186286385431817e-01,6.445395369853519352e-01,6.273892672642109591e-01,6.555931185074003187e-01,6.555231454629448784e-01,6.273164564718388680e-01,6.459486317869359562e-01,6.477361655236343330e-01,6.483193454226322539e-01,6.120328409049197171e-01,9.999999999999915623e-01,6.119657470597839044e-01,6.450907527376726902e-01,6.259177108126685596e-01,6.557630861149761348e-01,6.554398591229703142e-01,6.271387489010274985e-01,6.458019972069943826e-01,6.490283020245546375e-01,6.477361655236361093e-01,6.482186286385431817e-01,6.119657470597839044e-01,9.999999999999915623e-01,6.079614062147812303e-01,6.266610603087328091e-01,6.541984727791035903e-01,6.522573639475346408e-01,6.240816509017891311e-01,6.425634815526749533e-01,6.458019972069946046e-01,6.459486317869379546e-01,6.445395369853519352e-01,6.450907527376726902e-01,6.079614062147812303e-01,9.999999999999915623e-01,5.810647107369665276e-01,6.545635621749306132e-01,6.335077455570239380e-01,6.061455120714207556e-01,6.240816509017874658e-01,6.271387489010258331e-01,6.273164564718385350e-01,6.273892672642109591e-01,6.259177108126685596e-01,6.266610603087328091e-01,5.810647107369665276e-01,9.999999999999915623e-01,5.931530272693074091e-01,6.621027603843249176e-01,6.335077455570270466e-01,6.522573639475359730e-01,6.554398591229720905e-01,6.555231454629479870e-01,6.555931185074003187e-01,6.557630861149761348e-01,6.541984727791035903e-01,6.545635621749306132e-01,5.931530272693074091e-01,9.999999999999915623e-01
9.999999999999915623e-01,7.460893287884798886e-01,7.798280660482993509e-01,7.830231591904109889e-01,7.827641608702390341e-01,7.823943618801435518e-01,7.824339944387074253e-01,7.827051847318373667e-01,7.810753925032659639e-01,7.611629131182685581e-01,7.183625369004550398e-01,7.460893287884798886e-01,9.999999999999915623e-01,8.199786643232297445e-01,8.278198414698449970e-01,8.294025535387351544e-01,8.293038154609734258e-01,8.290955415505740778e-01,8.293250137239015496e-01,8.276069973855413320e-01,8.065126499043305808e-01,7.611629131182708896e-01,7.798280660482993509e-01,8.199786643232297445e-01,9.999999999999915623e-01,8.453557766760196879e-01,8.495247353096158083e-01,8.510094639170298070e-01,8.510199123311849023e-01,8.510558811287619596e-01,8.492468211376513754e-01,8.276069973855387785e-01,7.810753925032657419e-01,7.830231591904109889e-01,8.278198414698449970e-01,8.453557766760196879e-01,9.999999999999915623e-01,8.469905155151403742e-01,8.512966489775422030e-01,8.528588392470041191e-01,8.530682775180509214e-01,8.510558811287616265e-01,8.293250137238987740e-01,7.827051847318368116e-01,7.827641608702390341e-01,8.294025535387351544e-01,8.495247353096158083e-01,8.469905155151403742e-01,9.999999999999915623e-01,8.466363797510073619e-01,8.510847934925445113e-01,8.528588392470028978e-01,8.510199123311831260e-01,8.290955415505699699e-01,7.824339944387059820e-01,7.823943618801435518e-01,8.293038154609734258e-01,8.510094639170298070e-01,8.512966489775422030e-01,8.466363797510073619e-01,9.999999999999915623e-01,8.466363797510076949e-01,8.512966489775415369e-01,8.510094639170282527e-01,8.293038154609687629e-01,7.823943618801417754e-01,7.824339944387074253e-01,8.290955415505740778e-01,8.510199123311849023e-01,8.528588392470041191e-01,8.510847934925445113e-01,8.466363797510076949e-01,9.999999999999915623e-01,8.469905155151393750e-01,8.495247353096146981e-01,8.294025535387310466e-01,7.827641608702374798e-01,7.827051847318373667e-01,8.293250137239015496e-01,8.510558811287619596e-01,8.530682775180509214e-01,8.528588392470028978e-01,8.512966489775415369e-01,8.469905155151393750e-01,9.999999999999915623e-01,8.453557766760166903e-01,8.278198414698396679e-01,7.830231591904083244e-01,7.810753925032659639e-01,8.276069973855413320e-01,8.492468211376513754e-01,8.510558811287616265e-01,8.510199123311831260e-01,8.510094639170282527e-01,8.495247353096146981e-01,8.453557766760166903e-01,9.999999999999915623e-01,8.199786643232235273e-01,7.798280660482972415e-01,7.611629131182685581e-01,8.065126499043305808e-01,8.276069973855387785e-01,8.293250137238987740e-01,8.290955415505699699e-01,8.293038154609687629e-01,8.294025535387310466e-01,8.278198414698396679e-01,8.199786643232235273e-01,9.999999999999915623e-01,7.460893287884736713e-01,7.183625369004550398e-01,7.611629131182708896e-01,7.810753925032657419e-01,7.827051847318368116e-01,7.824339944387059820e-01,7.823943618801417754e-01,7.827641608702374798e-01,7.830231591904083244e-01,7.798280660482972415e-01,7.460893287884736713e-01,9.999999999999915623e-01
