1.000000000000000000e+00,1.000000000000000000e+00,1.000000000000000000e+00,1.000000000000000000e+00,1.000000000000000000e+00,1.000000000000000000e+00,1.000000000000000000e+00,1.000000000000000000e+00,1.000000000000000000e+00,1.000000000000000000e+00,1.000000000000000000e+00,1.000000000000000000e+00,1.000000000000000000e+00,1.000000000000000000e+00,1.000000000000000000e+00,1.000000000000000000e+00,1.000000000000000000e+00,1.000000000000000000e+00,1.000000000000000000e+00,1.000000000000000000e+00,1.000000000000000000e+00,1.000000000000000000e+00,1.000000000000000000e+00,1.000000000000000000e+00,1.000000000000000000e+00,1.000000000000000000e+00,1.000000000000000000e+00,1.000000000000000000e+00,1.000000000000000000e+00,1.000000000000000000e+00,1.000000000000000000e+00,1.000000000000000000e+00,1.000000000000000000e+00,1.000000000000000000e+00,1.000000000000000000e+00,1.000000000000000000e+00,1.000000000000000000e+00,1.000000000000000000e+00,1.000000000000000000e+00,1.000000000000000000e+00,1.000000000000000000e+00,1.000000000000000000e+00,1.000000000000000000e+00,1.000000000000000000e+00,1.000000000000000000e+00,1.000000000000000000e+00,1.000000000000000000e+00,1.000000000000000000e+00,1.000000000000000000e+00,1.000000000000000000e+00,1.000000000000000000e+00,1.000000000000000000e+00,1.000000000000000000e+00,1.000000000000000000e+00,1.000000000000000000e+00,1.000000000000000000e+00,1.000000000000000000e+00,1.000000000000000000e+00,1.000000000000000000e+00,1.000000000000000000e+00,1.000000000000000000e+00,1.000000000000000000e+00,1.000000000000000000e+00,1.000000000000000000e+00,1.000000000000000000e+00,1.000000000000000000e+00,1.000000000000000000e+00,1.000000000000000000e+00,1.000000000000000000e+00,1.000000000000000000e+00,1.000000000000000000e+00,1.000000000000000000e+00,1.000000000000000000e+00,1.000000000000000000e+00,1.000000000000000000e+00,1.000000000000000000e+00,1.000000000000000000e+00,1.000000000000000000e+00,1.000000000000000000e+00,1.000000000000000000e+00,1.000000000000000000e+00,1.000000000000000000e+00,1.000000000000000000e+00,1.000000000000000000e+00,1.000000000000000000e+00,1.000000000000000000e+00,1.000000000000000000e+00,1.000000000000000000e+00,1.000000000000000000e+00,1.000000000000000000e+00,1.000000000000000000e+00,1.000000000000000000e+00,1.000000000000000000e+00,1.000000000000000000e+00,1.000000000000000000e+00,1.000000000000000000e+00,1.000000000000000000e+00,1.000000000000000000e+00,1.000000000000000000e+00,1.000000000000000000e+00,1.000000000000000000e+00,1.000000000000000000e+00,1.000000000000000000e+00,1.000000000000000000e+00,1.000000000000000000e+00,1.000000000000000000e+00,1.000000000000000000e+00,1.000000000000000000e+00,1.000000000000000000e+00,1.000000000000000000e+00,1.000000000000000000e+00,1.000000000000000000e+00,1.000000000000000000e+00,1.000000000000000000e+00,1.000000000000000000e+00,1.000000000000000000e+00,1.000000000000000000e+00,1.000000000000000000e+00,1.000000000000000000e+00,1.000000000000000000e+00,1.000000000000000000e+00
9.999999999999955591e-01,8.204257526885960772e-01,8.280589641826030523e-01,8.281051304171644922e-01,8.281156936817158920e-01,8.281177677700478634e-01,8.281181870084460828e-01,8.281178655825943702e-01,8.281153208603085902e-01,8.280902058570469570e-01,8.267852937891043696e-01,8.204257526885960772e-01,9.999999999999955591e-01,8.218780364150646278e-01,8.293686254365333355e-01,8.294128375816238741e-01,8.294228575987684371e-01,8.294247206200702216e-01,8.294247365180554832e-01,8.294222859016218141e-01,8.293971647710468575e-01,8.280902058570470681e-01,8.280589641826030523e-01,8.218780364150646278e-01,9.999999999999955591e-01,8.219083565024595250e-01,8.293941275172189709e-01,8.294380998995265486e-01,8.294479474107144812e-01,8.294494174813186183e-01,8.294473082521867102e-01,8.294222859016218141e-01,8.281153208603087013e-01,8.281051304171644922e-01,8.293686254365333355e-01,8.219083565024595250e-01,9.999999999999955591e-01,8.219117283278736252e-01,8.293968111622157524e-01,8.294406188775976796e-01,8.294500727335988310e-01,8.294494174813185072e-01,8.294247365180553722e-01,8.281178655825944812e-01,8.281156936817158920e-01,8.294128375816238741e-01,8.293941275172189709e-01,8.219117283278736252e-01,9.999999999999955591e-01,8.219123524901063016e-01,8.293972032495368074e-01,8.294406188775975686e-01,8.294479474107141481e-01,8.294247206200699996e-01,8.281181870084460828e-01,8.281177677700478634e-01,8.294228575987684371e-01,8.294380998995265486e-01,8.293968111622157524e-01,8.219123524901063016e-01,9.999999999999955591e-01,8.219123524901064126e-01,8.293968111622156414e-01,8.294380998995264376e-01,8.294228575987682150e-01,8.281177677700478634e-01,8.281181870084460828e-01,8.294247206200702216e-01,8.294479474107144812e-01,8.294406188775976796e-01,8.293972032495368074e-01,8.219123524901064126e-01,9.999999999999955591e-01,8.219117283278738473e-01,8.293941275172189709e-01,8.294128375816238741e-01,8.281156936817160030e-01,8.281178655825943702e-01,8.294247365180554832e-01,8.294494174813186183e-01,8.294500727335988310e-01,8.294406188775975686e-01,8.293968111622156414e-01,8.219117283278738473e-01,9.999999999999955591e-01,8.219083565024593030e-01,8.293686254365331134e-01,8.281051304171644922e-01,8.281153208603085902e-01,8.294222859016218141e-01,8.294473082521867102e-01,8.294494174813185072e-01,8.294479474107141481e-01,8.294380998995264376e-01,8.293941275172189709e-01,8.219083565024593030e-01,9.999999999999955591e-01,8.218780364150644058e-01,8.280589641826030523e-01,8.280902058570469570e-01,8.293971647710468575e-01,8.294222859016218141e-01,8.294247365180553722e-01,8.294247206200699996e-01,8.294228575987682150e-01,8.294128375816238741e-01,8.293686254365331134e-01,8.218780364150644058e-01,9.999999999999955591e-01,8.204257526885960772e-01,8.267852937891043696e-01,8.280902058570470681e-01,8.281153208603087013e-01,8.281178655825944812e-01,8.281181870084460828e-01,8.281177677700478634e-01,8.281156936817160030e-01,8.281051304171644922e-01,8.280589641826030523e-01,8.204257526885960772e-01,9.999999999999955591e-01
9.999999999999971134e-01,5.999588829358415421e-01,6.391280317572395342e-01,6.400570603284759796e-01,6.400393120649936485e-01,6.400569872273527139e-01,6.400608603078529191e-01,6.400524625918626587e-01,6.400016796484948589e-01,6.393640526863932916e-01,6.279165053266854146e-01,5.999588829358415421e-01,9.999999999999971134e-01,6.151532711839313716e-01,6.508382399938315022e-01,6.517375614219806934e-01,6.517127431203445509e-01,6.517248895875646930e-01,6.517196048054431090e-01,6.516689958003137884e-01,6.510201514495680408e-01,6.393640526863934026e-01,6.391280317572395342e-01,6.151532711839313716e-01,9.999999999999971134e-01,6.160230604087844064e-01,6.514942612411467326e-01,6.523901218360628196e-01,6.523610609696872675e-01,6.523644960015684280e-01,6.523173041421312934e-01,6.516689958003136773e-01,6.400016796484948589e-01,6.400570603284759796e-01,6.508382399938315022e-01,6.160230604087844064e-01,9.999999999999971134e-01,6.161015162902914177e-01,6.515486049451775230e-01,6.524406902994153157e-01,6.524029582685506590e-01,6.523644960015680949e-01,6.517196048054425539e-01,6.400524625918621036e-01,6.400393120649936485e-01,6.517375614219806934e-01,6.514942612411467326e-01,6.161015162902914177e-01,9.999999999999971134e-01,6.161174047534964116e-01,6.515572081292606565e-01,6.524406902994150936e-01,6.523610609696864904e-01,6.517248895875640269e-01,6.400608603078522529e-01,6.400569872273527139e-01,6.517127431203445509e-01,6.523901218360628196e-01,6.515486049451775230e-01,6.161174047534964116e-01,9.999999999999971134e-01,6.161174047534966336e-01,6.515486049451774120e-01,6.523901218360623755e-01,6.517127431203435517e-01,6.400569872273520478e-01,6.400608603078529191e-01,6.517248895875646930e-01,6.523610609696872675e-01,6.524406902994153157e-01,6.515572081292606565e-01,6.161174047534966336e-01,9.999999999999971134e-01,6.161015162902915288e-01,6.514942612411462886e-01,6.517375614219801383e-01,6.400393120649930934e-01,6.400524625918626587e-01,6.517196048054431090e-01,6.523644960015684280e-01,6.524029582685506590e-01,6.524406902994150936e-01,6.515486049451774120e-01,6.161015162902915288e-01,9.999999999999971134e-01,6.160230604087835182e-01,6.508382399938306140e-01,6.400570603284752025e-01,6.400016796484948589e-01,6.516689958003137884e-01,6.523173041421312934e-01,6.523644960015680949e-01,6.523610609696864904e-01,6.523901218360623755e-01,6.514942612411462886e-01,6.160230604087835182e-01,9.999999999999971134e-01,6.151532711839298173e-01,6.391280317572386460e-01,6.393640526863932916e-01,6.510201514495680408e-01,6.516689958003136773e-01,6.517196048054425539e-01,6.517248895875640269e-01,6.517127431203435517e-01,6.517375614219801383e-01,6.508382399938306140e-01,6.151532711839298173e-01,9.999999999999971134e-01,5.999588829358399877e-01,6.279165053266854146e-01,6.393640526863934026e-01,6.400016796484948589e-01,6.400524625918621036e-01,6.400608603078522529e-01,6.400569872273520478e-01,6.400393120649930934e-01,6.400570603284752025e-01,6.391280317572386460e-01,5.999588829358399877e-01,9.999999999999971134e-01
1.000000000000001110e+00,7.252710933244351788e-01,7.441708944788278934e-01,7.456758141649112437e-01,7.453610680107400910e-01,7.453597459693562799e-01,7.453605677051091671e-01,7.453417667093182875e-01,7.452639656955856173e-01,7.433709140215186695e-01,7.177802862300064479e-01,7.252710933244351788e-01,1.000000000000001110e+00,7.576284073310564082e-01,7.709063838367145038e-01,7.722269481193935192e-01,7.719443004204138425e-01,7.719310799792247213e-01,7.719140961943494750e-01,7.718341732808887690e-01,7.698738460111597126e-01,7.433709140215178923e-01,7.441708944788278934e-01,7.576284073310564082e-01,1.000000000000001110e+00,7.599524176323549929e-01,7.729066772279094000e-01,7.741959898492117853e-01,7.739056661496920286e-01,7.738759377287460772e-01,7.737986849009798052e-01,7.718341732808884359e-01,7.452639656955845071e-01,7.456758141649112437e-01,7.709063838367145038e-01,7.599524176323549929e-01,1.000000000000001110e+00,7.600693622442376007e-01,7.729941872084048482e-01,7.742725380971353655e-01,7.739658356889145274e-01,7.738759377287454111e-01,7.719140961943484758e-01,7.453417667093164001e-01,7.453610680107400910e-01,7.722269481193935192e-01,7.729066772279094000e-01,7.600693622442376007e-01,1.000000000000001110e+00,7.600992573240408223e-01,7.730106932240182749e-01,7.742725380971343663e-01,7.739056661496900302e-01,7.719310799792227229e-01,7.453605677051062806e-01,7.453597459693562799e-01,7.719443004204138425e-01,7.741959898492117853e-01,7.729941872084048482e-01,7.600992573240408223e-01,1.000000000000001110e+00,7.600992573240418215e-01,7.729941872084047372e-01,7.741959898492108971e-01,7.719443004204121772e-01,7.453597459693540594e-01,7.453605677051091671e-01,7.719310799792247213e-01,7.739056661496920286e-01,7.742725380971353655e-01,7.730106932240182749e-01,7.600992573240418215e-01,1.000000000000001110e+00,7.600693622442382669e-01,7.729066772279094000e-01,7.722269481193931862e-01,7.453610680107386477e-01,7.453417667093182875e-01,7.719140961943494750e-01,7.738759377287460772e-01,7.739658356889145274e-01,7.742725380971343663e-01,7.729941872084047372e-01,7.600693622442382669e-01,1.000000000000001110e+00,7.599524176323539937e-01,7.709063838367131716e-01,7.456758141649092453e-01,7.452639656955856173e-01,7.718341732808887690e-01,7.737986849009798052e-01,7.738759377287454111e-01,7.739056661496900302e-01,7.741959898492108971e-01,7.729066772279094000e-01,7.599524176323539937e-01,1.000000000000001110e+00,7.576284073310540768e-01,7.441708944788251179e-01,7.433709140215186695e-01,7.698738460111597126e-01,7.718341732808884359e-01,7.719140961943484758e-01,7.719310799792227229e-01,7.719443004204121772e-01,7.722269481193931862e-01,7.709063838367131716e-01,7.576284073310540768e-01,1.000000000000001110e+00,7.252710933244314040e-01,7.177802862300064479e-01,7.433709140215178923e-01,7.452639656955845071e-01,7.453417667093164001e-01,7.453605677051062806e-01,7.453597459693540594e-01,7.453610680107386477e-01,7.456758141649092453e-01,7.441708944788251179e-01,7.252710933244314040e-01,1.000000000000001110e+00
1.000000000000001110e+00,9.733746377089490531e-01,9.740003577186691075e-01,9.740315967750916570e-01,9.740077623016296648e-01,9.740104789248501538e-01,9.740101522007529322e-01,9.740081017726247570e-01,9.740302138665362097e-01,9.734486098900708706e-01,9.595217821134227609e-01,9.733746377089490531e-01,1.000000000000001110e+00,9.881604482841404025e-01,9.881441999408586696e-01,9.881618521480124429e-01,9.881476038996717115e-01,9.881469335782533392e-01,9.881451748161649284e-01,9.881676233239636842e-01,9.875775752934241591e-01,9.734486098900699824e-01,9.740003577186691075e-01,9.881604482841404025e-01,1.000000000000001110e+00,9.887305235308551099e-01,9.887406794529677301e-01,9.887522797443046851e-01,9.887368212464023864e-01,9.887352044244239746e-01,9.887580058123736082e-01,9.881676233239637952e-01,9.740302138665352105e-01,9.740315967750916570e-01,9.881441999408586696e-01,9.887305235308551099e-01,1.000000000000001110e+00,9.887101411639067639e-01,9.887197068481422546e-01,9.887286163857447185e-01,9.887122265603527360e-01,9.887352044244236415e-01,9.881451748161647064e-01,9.740081017726235357e-01,9.740077623016296648e-01,9.881618521480124429e-01,9.887406794529677301e-01,9.887101411639067639e-01,1.000000000000001110e+00,9.887134604666222293e-01,9.887207179904294874e-01,9.887286163857441634e-01,9.887368212464014983e-01,9.881469335782526731e-01,9.740101522007511559e-01,9.740104789248501538e-01,9.881476038996717115e-01,9.887522797443046851e-01,9.887197068481422546e-01,9.887134604666222293e-01,1.000000000000001110e+00,9.887134604666228954e-01,9.887197068481424767e-01,9.887522797443045741e-01,9.881476038996713784e-01,9.740104789248488215e-01,9.740101522007529322e-01,9.881469335782533392e-01,9.887368212464023864e-01,9.887286163857447185e-01,9.887207179904294874e-01,9.887134604666228954e-01,1.000000000000001110e+00,9.887101411639072079e-01,9.887406794529678411e-01,9.881618521480124429e-01,9.740077623016287767e-01,9.740081017726247570e-01,9.881451748161649284e-01,9.887352044244239746e-01,9.887122265603527360e-01,9.887286163857441634e-01,9.887197068481424767e-01,9.887101411639072079e-01,1.000000000000001110e+00,9.887305235308547768e-01,9.881441999408581145e-01,9.740315967750905468e-01,9.740302138665362097e-01,9.881676233239636842e-01,9.887580058123736082e-01,9.887352044244236415e-01,9.887368212464014983e-01,9.887522797443045741e-01,9.887406794529678411e-01,9.887305235308547768e-01,1.000000000000001110e+00,9.881604482841397363e-01,9.740003577186675532e-01,9.734486098900708706e-01,9.875775752934241591e-01,9.881676233239637952e-01,9.881451748161647064e-01,9.881469335782526731e-01,9.881476038996713784e-01,9.881618521480124429e-01,9.881441999408581145e-01,9.881604482841397363e-01,1.000000000000001110e+00,9.733746377089473878e-01,9.595217821134227609e-01,9.734486098900699824e-01,9.740302138665352105e-01,9.740081017726235357e-01,9.740101522007511559e-01,9.740104789248488215e-01,9.740077623016287767e-01,9.740315967750905468e-01,9.740003577186675532e-01,9.733746377089473878e-01,1.000000000000001110e+00
1.000000000000000666e+00,9.157240797785057840e-01,9.167712952673071625e-01,9.168177710415834625e-01,9.168365056281054803e-01,9.168460595273454361e-01,9.168497720943016294e-01,9.168452637603581312e-01,9.166399938148063198e-01,9.171176821193932627e-01,9.426546024367877807e-01,9.157240797785057840e-01,1.000000000000000666e+00,8.889997285858646237e-01,8.922938465063358082e-01,8.919662337920692963e-01,8.919940121460343541e-01,8.920099675248426285e-01,8.920080813398080233e-01,8.918080423526880685e-01,8.922726507798923734e-01,9.171176821193935957e-01,9.167712952673071625e-01,8.889997285858646237e-01,1.000000000000000666e+00,8.887170929635979100e-01,8.918337667428960502e-01,8.915030951961165906e-01,8.915308195418580883e-01,8.915411082829257650e-01,8.913439155338063191e-01,8.918080423526884015e-01,9.166399938148072080e-01,9.168177710415834625e-01,8.922938465063358082e-01,8.887170929635979100e-01,1.000000000000000666e+00,8.889320003710019513e-01,8.920296760776318390e-01,8.917048709294029818e-01,8.917262417359640425e-01,8.915411082829260980e-01,8.920080813398088004e-01,9.168452637603592414e-01,9.168365056281054803e-01,8.919662337920692963e-01,8.918337667428960502e-01,8.889320003710019513e-01,1.000000000000000666e+00,8.889345410080643495e-01,8.920353889088316057e-01,8.917048709294045361e-01,8.915308195418599757e-01,8.920099675248449600e-01,9.168497720943044049e-01,9.168460595273454361e-01,8.919940121460343541e-01,8.915030951961165906e-01,8.920296760776318390e-01,8.889345410080643495e-01,1.000000000000000666e+00,8.889345410080630172e-01,8.920296760776320610e-01,8.915030951961169237e-01,8.919940121460355753e-01,9.168460595273467684e-01,9.168497720943016294e-01,8.920099675248426285e-01,8.915308195418580883e-01,8.917048709294029818e-01,8.920353889088316057e-01,8.889345410080630172e-01,1.000000000000000666e+00,8.889320003710007301e-01,8.918337667428951621e-01,8.919662337920689632e-01,9.168365056281055914e-01,9.168452637603581312e-01,8.920080813398080233e-01,8.915411082829257650e-01,8.917262417359640425e-01,8.917048709294045361e-01,8.920296760776320610e-01,8.889320003710007301e-01,1.000000000000000666e+00,8.887170929635986871e-01,8.922938465063370295e-01,9.168177710415851278e-01,9.166399938148063198e-01,8.918080423526880685e-01,8.913439155338063191e-01,8.915411082829260980e-01,8.915308195418599757e-01,8.915030951961169237e-01,8.918337667428951621e-01,8.887170929635986871e-01,1.000000000000000666e+00,8.889997285858664000e-01,9.167712952673090498e-01,9.171176821193932627e-01,8.922726507798923734e-01,8.918080423526884015e-01,8.920080813398088004e-01,8.920099675248449600e-01,8.919940121460355753e-01,8.919662337920689632e-01,8.922938465063370295e-01,8.889997285858664000e-01,1.000000000000000666e+00,9.157240797785082265e-01,9.426546024367877807e-01,9.171176821193935957e-01,9.166399938148072080e-01,9.168452637603592414e-01,9.168497720943044049e-01,9.168460595273467684e-01,9.168365056281055914e-01,9.168177710415851278e-01,9.167712952673090498e-01,9.157240797785082265e-01,1.000000000000000666e+00
9.999999999999964473e-01,6.498827129744374487e-01,6.850412741754816626e-01,6.840496570463787673e-01,6.847434741176627870e-01,6.847304325714498319e-01,6.847199330833283470e-01,6.846905416553391577e-01,6.840089426042879062e-01,6.798446850196420144e-01,7.029014474141510593e-01,6.498827129744374487e-01,9.999999999999964473e-01,6.273725423220651853e-01,6.627898120319716257e-01,6.615723530375904327e-01,6.622716961765663379e-01,6.622657475736214439e-01,6.622314698557681956e-01,6.615713491930660384e-01,6.575439943762066974e-01,6.798446850196424585e-01,6.850412741754816626e-01,6.273725423220651853e-01,9.999999999999964473e-01,6.331372656968806689e-01,6.668067088600646564e-01,6.656422809749760194e-01,6.663237037719460520e-01,6.662949652143406176e-01,6.656245376814444725e-01,6.615713491930665935e-01,6.840089426042889054e-01,6.840496570463787673e-01,6.627898120319716257e-01,6.331372656968806689e-01,9.999999999999964473e-01,6.339825758084400853e-01,6.674672915207109369e-01,6.663055124532600848e-01,6.669604334174645821e-01,6.662949652143401735e-01,6.622314698557683066e-01,6.846905416553399348e-01,6.847434741176627870e-01,6.615723530375904327e-01,6.668067088600646564e-01,6.339825758084400853e-01,9.999999999999964473e-01,6.340190572424521109e-01,6.674915074933225334e-01,6.663055124532617501e-01,6.663237037719474953e-01,6.622657475736231092e-01,6.847199330833306785e-01,6.847304325714498319e-01,6.622716961765663379e-01,6.656422809749760194e-01,6.674672915207109369e-01,6.340190572424521109e-01,9.999999999999964473e-01,6.340190572424504456e-01,6.674672915207113810e-01,6.656422809749761305e-01,6.622716961765671151e-01,6.847304325714509421e-01,6.847199330833283470e-01,6.622657475736214439e-01,6.663237037719460520e-01,6.663055124532600848e-01,6.674915074933225334e-01,6.340190572424504456e-01,9.999999999999964473e-01,6.339825758084386420e-01,6.668067088600635461e-01,6.615723530375895445e-01,6.847434741176625650e-01,6.846905416553391577e-01,6.622314698557681956e-01,6.662949652143406176e-01,6.669604334174645821e-01,6.663055124532617501e-01,6.674672915207113810e-01,6.339825758084386420e-01,9.999999999999964473e-01,6.331372656968808910e-01,6.627898120319725139e-01,6.840496570463799886e-01,6.840089426042879062e-01,6.615713491930660384e-01,6.656245376814444725e-01,6.662949652143401735e-01,6.663237037719474953e-01,6.656422809749761305e-01,6.668067088600635461e-01,6.331372656968808910e-01,9.999999999999964473e-01,6.273725423220655184e-01,6.850412741754825507e-01,6.798446850196420144e-01,6.575439943762066974e-01,6.615713491930665935e-01,6.622314698557683066e-01,6.622657475736231092e-01,6.622716961765671151e-01,6.615723530375895445e-01,6.627898120319725139e-01,6.273725423220655184e-01,9.999999999999964473e-01,6.498827129744391140e-01,7.029014474141510593e-01,6.798446850196424585e-01,6.840089426042889054e-01,6.846905416553399348e-01,6.847199330833306785e-01,6.847304325714509421e-01,6.847434741176625650e-01,6.840496570463799886e-01,6.850412741754825507e-01,6.498827129744391140e-01,9.999999999999964473e-01
9.999999999999966693e-01,6.189419395997016737e-01,6.624895527134091466e-01,6.642119771085323032e-01,6.643135900584311582e-01,6.641554675731278223e-01,6.641435662567126696e-01,6.641429304264150346e-01,6.633311069133884796e-01,6.543901827037722496e-01,6.341637725740369991e-01,6.189419395997016737e-01,9.999999999999966693e-01,6.554718207207493874e-01,6.836961637274896475e-01,6.854068663840140463e-01,6.854862907626226853e-01,6.853392858636535578e-01,6.853207388141954182e-01,6.844860826782750429e-01,6.752613073388074039e-01,6.543901827037712504e-01,6.624895527134091466e-01,6.554718207207493874e-01,9.999999999999966693e-01,6.676972628022774803e-01,6.930818259215436594e-01,6.947793788607450338e-01,6.948448976428528434e-01,6.946975296028443658e-01,6.938341756865691323e-01,6.844860826782755980e-01,6.633311069133879245e-01,6.642119771085323032e-01,6.836961637274896475e-01,6.676972628022774803e-01,9.999999999999966693e-01,6.687266238209071956e-01,6.939467610401872655e-01,6.956314231577986895e-01,6.956903176007611656e-01,6.946975296028434776e-01,6.853207388141951961e-01,6.641429304264133693e-01,6.643135900584311582e-01,6.854068663840140463e-01,6.930818259215436594e-01,6.687266238209071956e-01,9.999999999999966693e-01,6.687386636082188751e-01,6.939509778513723859e-01,6.956314231577980234e-01,6.948448976428509560e-01,6.853392858636523366e-01,6.641435662567104492e-01,6.641554675731278223e-01,6.854862907626226853e-01,6.947793788607450338e-01,6.939467610401872655e-01,6.687386636082188751e-01,9.999999999999966693e-01,6.687386636082192082e-01,6.939467610401871545e-01,6.947793788607433685e-01,6.854862907626210200e-01,6.641554675731257129e-01,6.641435662567126696e-01,6.853392858636535578e-01,6.948448976428528434e-01,6.956314231577986895e-01,6.939509778513723859e-01,6.687386636082192082e-01,9.999999999999966693e-01,6.687266238209069735e-01,6.930818259215425492e-01,6.854068663840131581e-01,6.643135900584291598e-01,6.641429304264150346e-01,6.853207388141954182e-01,6.946975296028443658e-01,6.956903176007611656e-01,6.956314231577980234e-01,6.939467610401871545e-01,6.687266238209069735e-01,9.999999999999966693e-01,6.676972628022751488e-01,6.836961637274880932e-01,6.642119771085296387e-01,6.633311069133884796e-01,6.844860826782750429e-01,6.938341756865691323e-01,6.946975296028434776e-01,6.948448976428509560e-01,6.947793788607433685e-01,6.930818259215425492e-01,6.676972628022751488e-01,9.999999999999966693e-01,6.554718207207462788e-01,6.624895527134061490e-01,6.543901827037722496e-01,6.752613073388074039e-01,6.844860826782755980e-01,6.853207388141951961e-01,6.853392858636523366e-01,6.854862907626210200e-01,6.854068663840131581e-01,6.836961637274880932e-01,6.554718207207462788e-01,9.999999999999966693e-01,6.189419395996977880e-01,6.341637725740369991e-01,6.543901827037712504e-01,6.633311069133879245e-01,6.641429304264133693e-01,6.641435662567104492e-01,6.641554675731257129e-01,6.643135900584291598e-01,6.642119771085296387e-01,6.624895527134061490e-01,6.189419395996977880e-01,9.999999999999966693e-01
9.999999999999985567e-01,8.668073860529320607e-01,8.757409621313302361e-01,8.769569204255851513e-01,8.765622353122615174e-01,8.765246265529822445e-01,8.765424697898273054e-01,8.766076239174628304e-01,8.764815298594319515e-01,8.703866466264033042e-01,8.251272855671302198e-01,8.668073860529320607e-01,9.999999999999985567e-01,9.232505277004940947e-01,9.242733629428725450e-01,9.248702913428726857e-01,9.246478184190901617e-01,9.246178495321898394e-01,9.246884418480215695e-01,9.245575161656078844e-01,9.181285558280990466e-01,8.703866466264008617e-01,8.757409621313302361e-01,9.232505277004940947e-01,9.999999999999985567e-01,9.300872872706876793e-01,9.307630739829627631e-01,9.313243891047137124e-01,9.311237530181614153e-01,9.311580423596618195e-01,9.310295445572254192e-01,9.245575161656078844e-01,8.764815298594295090e-01,8.769569204255851513e-01,9.242733629428725450e-01,9.300872872706876793e-01,9.999999999999985567e-01,9.301595499415724611e-01,9.309014572354464834e-01,9.314631948518442561e-01,9.313223756049074931e-01,9.311580423596614864e-01,9.246884418480212364e-01,8.766076239174599438e-01,8.765622353122615174e-01,9.248702913428726857e-01,9.307630739829627631e-01,9.301595499415724611e-01,9.999999999999985567e-01,9.300883092063740865e-01,9.308410384952887640e-01,9.314631948518424798e-01,9.311237530181591948e-01,9.246178495321876190e-01,8.765424697898227535e-01,8.765246265529822445e-01,9.246478184190901617e-01,9.313243891047137124e-01,9.309014572354464834e-01,9.300883092063740865e-01,9.999999999999985567e-01,9.300883092063754187e-01,9.309014572354457062e-01,9.313243891047124912e-01,9.246478184190887184e-01,8.765246265529785807e-01,8.765424697898273054e-01,9.246178495321898394e-01,9.311237530181614153e-01,9.314631948518442561e-01,9.308410384952887640e-01,9.300883092063754187e-01,9.999999999999985567e-01,9.301595499415730162e-01,9.307630739829625410e-01,9.248702913428725747e-01,8.765622353122589638e-01,8.766076239174628304e-01,9.246884418480215695e-01,9.311580423596618195e-01,9.313223756049074931e-01,9.314631948518424798e-01,9.309014572354457062e-01,9.301595499415730162e-01,9.999999999999985567e-01,9.300872872706854588e-01,9.242733629428706577e-01,8.769569204255810435e-01,8.764815298594319515e-01,9.245575161656078844e-01,9.310295445572254192e-01,9.311580423596614864e-01,9.311237530181591948e-01,9.313243891047124912e-01,9.307630739829625410e-01,9.300872872706854588e-01,9.999999999999985567e-01,9.232505277004915412e-01,8.757409621313255732e-01,8.703866466264033042e-01,9.181285558280990466e-01,9.245575161656078844e-01,9.246884418480212364e-01,9.246178495321876190e-01,9.246478184190887184e-01,9.248702913428725747e-01,9.242733629428706577e-01,9.232505277004915412e-01,9.999999999999985567e-01,8.668073860529272867e-01,8.251272855671302198e-01,8.703866466264008617e-01,8.764815298594295090e-01,8.766076239174599438e-01,8.765424697898227535e-01,8.765246265529785807e-01,8.765622353122589638e-01,8.769569204255810435e-01,8.757409621313255732e-01,8.668073860529272867e-01,9.999999999999985567e-01
9.999999999999972244e-01,9.844498870139105628e-01,9.813864810500577684e-01,9.815739102083558265e-01,9.816425755918543050e-01,9.816382445351039543e-01,9.816311960316691509e-01,9.815562713543434237e-01,9.813745947488151655e-01,9.844630640640789077e-01,9.948888450182251653e-01,9.844498870139105628e-01,9.999999999999972244e-01,9.709735069263214502e-01,9.712973875192564277e-01,9.714248792240968156e-01,9.713438921351138511e-01,9.713396438083891082e-01,9.712700247135986897e-01,9.710907279544992443e-01,9.741466995045359178e-01,9.844630640640777974e-01,9.813864810500577684e-01,9.709735069263214502e-01,9.999999999999972244e-01,9.680622675377126285e-01,9.683105607536061088e-01,9.683988253241340161e-01,9.682932772937112853e-01,9.682176700088170884e-01,9.680434666466525284e-01,9.710907279544990223e-01,9.813745947488139443e-01,9.815739102083558265e-01,9.712973875192564277e-01,9.680622675377126285e-01,9.999999999999972244e-01,9.683183860716408908e-01,9.684899558574396883e-01,9.685736875347816799e-01,9.683989990445190932e-01,9.682176700088174215e-01,9.712700247135985787e-01,9.815562713543423135e-01,9.816425755918543050e-01,9.714248792240968156e-01,9.683105607536061088e-01,9.683183860716408908e-01,9.999999999999972244e-01,9.683991018281556951e-01,9.685580443380408244e-01,9.685736875347832342e-01,9.682932772937130617e-01,9.713396438083905515e-01,9.816311960316695950e-01,9.816382445351039543e-01,9.713438921351138511e-01,9.683988253241340161e-01,9.684899558574396883e-01,9.683991018281556951e-01,9.999999999999972244e-01,9.683991018281548069e-01,9.684899558574405765e-01,9.683988253241350153e-01,9.713438921351146282e-01,9.816382445351036212e-01,9.816311960316691509e-01,9.713396438083891082e-01,9.682932772937112853e-01,9.685736875347816799e-01,9.685580443380408244e-01,9.683991018281548069e-01,9.999999999999972244e-01,9.683183860716404467e-01,9.683105607536061088e-01,9.714248792240965935e-01,9.816425755918531948e-01,9.815562713543434237e-01,9.712700247135986897e-01,9.682176700088170884e-01,9.683989990445190932e-01,9.685736875347832342e-01,9.684899558574405765e-01,9.683183860716404467e-01,9.999999999999972244e-01,9.680622675377141828e-01,9.712973875192578710e-01,9.815739102083561596e-01,9.813745947488151655e-01,9.710907279544992443e-01,9.680434666466525284e-01,9.682176700088174215e-01,9.682932772937130617e-01,9.683988253241350153e-01,9.683105607536061088e-01,9.680622675377141828e-01,9.999999999999972244e-01,9.709735069263228935e-01,9.813864810500582125e-01,9.844630640640789077e-01,9.741466995045359178e-01,9.710907279544990223e-01,9.712700247135985787e-01,9.713396438083905515e-01,9.713438921351146282e-01,9.714248792240965935e-01,9.712973875192578710e-01,9.709735069263228935e-01,9.999999999999972244e-01,9.844498870139106739e-01,9.948888450182251653e-01,9.844630640640777974e-01,9.813745947488139443e-01,9.815562713543423135e-01,9.816311960316695950e-01,9.816382445351036212e-01,9.816425755918531948e-01,9.815739102083561596e-01,9.813864810500582125e-01,9.844498870139106739e-01,9.999999999999972244e-01
9.999999999999997780e-01,7.850754458884199316e-01,7.980281201392761536e-01,7.990984202737422271e-01,7.994324584398372346e-01,7.995775715385231575e-01,7.995803245510817447e-01,7.993183102642513749e-01,7.971780418150815617e-01,7.947269249138999569e-01,8.688463960269487973e-01,7.850754458884199316e-01,9.999999999999997780e-01,7.083363984271626723e-01,7.326976513859784212e-01,7.308540228354999391e-01,7.311709760442860473e-01,7.313607254665243085e-01,7.311404586085024082e-01,7.291747346041203004e-01,7.269307770591043605e-01,7.947269249139018443e-01,7.980281201392761536e-01,7.083363984271626723e-01,9.999999999999997780e-01,7.132399587236992744e-01,7.350431046588682404e-01,7.331682728865082099e-01,7.334096371788751956e-01,7.333778843872090780e-01,7.314323159462386981e-01,7.291747346041196343e-01,7.971780418150831160e-01,7.990984202737422271e-01,7.326976513859784212e-01,7.132399587236992744e-01,9.999999999999997780e-01,7.158031424185727909e-01,7.369789001841987597e-01,7.351355029066318769e-01,7.351431611255730969e-01,7.333778843872085229e-01,7.311404586085011870e-01,7.993183102642524851e-01,7.994324584398372346e-01,7.308540228354999391e-01,7.350431046588682404e-01,7.158031424185727909e-01,9.999999999999997780e-01,7.160871241212216631e-01,7.372019158763731816e-01,7.351355029066362068e-01,7.334096371788790814e-01,7.313607254665273061e-01,7.995803245510872959e-01,7.995775715385231575e-01,7.311709760442860473e-01,7.331682728865082099e-01,7.369789001841987597e-01,7.160871241212216631e-01,9.999999999999997780e-01,7.160871241212182214e-01,7.369789001841997589e-01,7.331682728865092091e-01,7.311709760442868244e-01,7.995775715385258220e-01,7.995803245510817447e-01,7.313607254665243085e-01,7.334096371788751956e-01,7.351355029066318769e-01,7.372019158763731816e-01,7.160871241212182214e-01,9.999999999999997780e-01,7.158031424185709035e-01,7.350431046588660200e-01,7.308540228354971635e-01,7.994324584398367906e-01,7.993183102642513749e-01,7.311404586085024082e-01,7.333778843872090780e-01,7.351431611255730969e-01,7.351355029066362068e-01,7.369789001841997589e-01,7.158031424185709035e-01,9.999999999999997780e-01,7.132399587237018279e-01,7.326976513859800866e-01,7.990984202737463349e-01,7.971780418150815617e-01,7.291747346041203004e-01,7.314323159462386981e-01,7.333778843872085229e-01,7.334096371788790814e-01,7.331682728865092091e-01,7.350431046588660200e-01,7.132399587237018279e-01,9.999999999999997780e-01,7.083363984271638936e-01,7.980281201392790402e-01,7.947269249138999569e-01,7.269307770591043605e-01,7.291747346041196343e-01,7.311404586085011870e-01,7.313607254665273061e-01,7.311709760442868244e-01,7.308540228354971635e-01,7.326976513859800866e-01,7.083363984271638936e-01,9.999999999999997780e-01,7.850754458884233733e-01,8.688463960269487973e-01,7.947269249139018443e-01,7.971780418150831160e-01,7.993183102642524851e-01,7.995803245510872959e-01,7.995775715385258220e-01,7.994324584398367906e-01,7.990984202737463349e-01,7.980281201392790402e-01,7.850754458884233733e-01,9.999999999999997780e-01
1.000000000000001110e+00,5.872779561459349207e-01,6.495305162248373732e-01,6.487527891172584216e-01,6.503660196929140769e-01,6.502743082923596596e-01,6.502021634714130194e-01,6.500677815623544520e-01,6.466353065521888155e-01,6.284920121917428881e-01,6.695063206678141254e-01,5.872779561459349207e-01,1.000000000000001110e+00,5.593744673363120201e-01,6.105387724159119234e-01,6.089130534713855791e-01,6.104738593718982420e-01,6.104754396138967198e-01,6.102552551076743104e-01,6.070168340166582910e-01,5.899880199021939609e-01,6.284920121917463298e-01,6.495305162248373732e-01,5.593744673363120201e-01,1.000000000000001110e+00,5.856822477074916655e-01,6.279708145823010845e-01,6.266014980662713008e-01,6.280857022366408415e-01,6.279735893111132450e-01,6.245560992728899086e-01,6.070168340166574028e-01,6.466353065521913690e-01,6.487527891172584216e-01,6.105387724159119234e-01,5.856822477074916655e-01,1.000000000000001110e+00,5.900243275138985499e-01,6.312659781535043813e-01,6.299772298932904135e-01,6.313040484467409286e-01,6.279735893111110245e-01,6.102552551076712017e-01,6.500677815623548961e-01,6.503660196929140769e-01,6.089130534713855791e-01,6.279708145823010845e-01,5.900243275138985499e-01,1.000000000000001110e+00,5.901500453114677525e-01,6.314066133096655209e-01,6.299772298932927450e-01,6.280857022366412856e-01,6.104754396138954986e-01,6.502021634714154619e-01,6.502743082923596596e-01,6.104738593718982420e-01,6.266014980662713008e-01,6.312659781535043813e-01,5.901500453114677525e-01,1.000000000000001110e+00,5.901500453114650879e-01,6.312659781535052694e-01,6.266014980662696354e-01,6.104738593718959105e-01,6.502743082923605478e-01,6.502021634714130194e-01,6.104754396138967198e-01,6.280857022366408415e-01,6.299772298932904135e-01,6.314066133096655209e-01,5.901500453114650879e-01,1.000000000000001110e+00,5.900243275138961074e-01,6.279708145822969767e-01,6.089130534713801390e-01,6.503660196929124115e-01,6.500677815623544520e-01,6.102552551076743104e-01,6.279735893111132450e-01,6.313040484467409286e-01,6.299772298932927450e-01,6.312659781535052694e-01,5.900243275138961074e-01,1.000000000000001110e+00,5.856822477074894451e-01,6.105387724159094809e-01,6.487527891172590877e-01,6.466353065521888155e-01,6.070168340166582910e-01,6.245560992728899086e-01,6.279735893111110245e-01,6.280857022366412856e-01,6.266014980662696354e-01,6.279708145822969767e-01,5.856822477074894451e-01,1.000000000000001110e+00,5.593744673363059139e-01,6.495305162248360409e-01,6.284920121917428881e-01,5.899880199021939609e-01,6.070168340166574028e-01,6.102552551076712017e-01,6.104754396138954986e-01,6.104738593718959105e-01,6.089130534713801390e-01,6.105387724159094809e-01,5.593744673363059139e-01,1.000000000000001110e+00,5.872779561459319231e-01,6.695063206678141254e-01,6.284920121917463298e-01,6.466353065521913690e-01,6.500677815623548961e-01,6.502021634714154619e-01,6.502743082923605478e-01,6.503660196929124115e-01,6.487527891172590877e-01,6.495305162248360409e-01,5.872779561459319231e-01,1.000000000000001110e+00
1.000000000000000444e+00,6.950420449416326862e-01,7.393782750835229400e-01,7.422675111367552647e-01,7.422730185701673644e-01,7.418292937980740520e-01,7.418524487653961330e-01,7.421232334670837538e-01,7.399772929342248728e-01,7.174012568940579815e-01,6.828820762977060310e-01,6.950420449416326862e-01,1.000000000000000444e+00,7.640409153100574668e-01,7.780483343154531717e-01,7.796296883285414037e-01,7.796840646957634569e-01,7.794201005064417265e-01,7.796207431027366574e-01,7.773752593181670889e-01,7.536641987282718391e-01,7.174012568940586476e-01,7.393782750835229400e-01,7.640409153100574668e-01,1.000000000000000444e+00,7.939145211725026074e-01,8.025455359577108316e-01,8.040770833112635962e-01,8.042398532347548867e-01,8.042141747236513094e-01,8.018269140859425326e-01,7.773752593181655346e-01,7.399772929342240957e-01,7.422675111367552647e-01,7.780483343154531717e-01,7.939145211725026074e-01,1.000000000000000444e+00,7.962208904930959674e-01,8.048722400692011059e-01,8.064948085911214370e-01,8.068430316837773564e-01,8.042141747236485338e-01,7.796207431027324386e-01,7.421232334670798680e-01,7.422730185701673644e-01,7.796296883285414037e-01,8.025455359577108316e-01,7.962208904930959674e-01,1.000000000000000444e+00,7.958525974695309646e-01,8.046725931052278735e-01,8.064948085911209930e-01,8.042398532347512230e-01,7.794201005064367305e-01,7.418524487653920252e-01,7.418292937980740520e-01,7.796840646957634569e-01,8.040770833112635962e-01,8.048722400692011059e-01,7.958525974695309646e-01,1.000000000000000444e+00,7.958525974695310756e-01,8.048722400692009948e-01,8.040770833112598215e-01,7.796840646957575727e-01,7.418292937980697221e-01,7.418524487653961330e-01,7.794201005064417265e-01,8.042398532347548867e-01,8.064948085911214370e-01,8.046725931052278735e-01,7.958525974695310756e-01,1.000000000000000444e+00,7.962208904930953013e-01,8.025455359577075010e-01,7.796296883285357415e-01,7.422730185701629235e-01,7.421232334670837538e-01,7.796207431027366574e-01,8.042141747236513094e-01,8.068430316837773564e-01,8.064948085911209930e-01,8.048722400692009948e-01,7.962208904930953013e-01,1.000000000000000444e+00,7.939145211724981666e-01,7.780483343154472875e-01,7.422675111367502687e-01,7.399772929342248728e-01,7.773752593181670889e-01,8.018269140859425326e-01,8.042141747236485338e-01,8.042398532347512230e-01,8.040770833112598215e-01,8.025455359577075010e-01,7.939145211724981666e-01,1.000000000000000444e+00,7.640409153100475859e-01,7.393782750835159456e-01,7.174012568940579815e-01,7.536641987282718391e-01,7.773752593181655346e-01,7.796207431027324386e-01,7.794201005064367305e-01,7.796840646957575727e-01,7.796296883285357415e-01,7.780483343154472875e-01,7.640409153100475859e-01,1.000000000000000444e+00,6.950420449416220281e-01,6.828820762977060310e-01,7.174012568940586476e-01,7.399772929342240957e-01,7.421232334670798680e-01,7.418524487653920252e-01,7.418292937980697221e-01,7.422730185701629235e-01,7.422675111367502687e-01,7.393782750835159456e-01,6.950420449416220281e-01,1.000000000000000444e+00
