1.000000000000000000e+00,1.000000000000000000e+00,1.000000000000000000e+00,1.000000000000000000e+00,1.000000000000000000e+00,1.000000000000000000e+00,1.000000000000000000e+00,1.000000000000000000e+00,1.000000000000000000e+00,1.000000000000000000e+00,1.000000000000000000e+00,1.000000000000000000e+00,1.000000000000000000e+00,1.000000000000000000e+00,1.000000000000000000e+00,1.000000000000000000e+00,1.000000000000000000e+00,1.000000000000000000e+00,1.000000000000000000e+00,1.000000000000000000e+00,1.000000000000000000e+00,1.000000000000000000e+00,1.000000000000000000e+00,1.000000000000000000e+00,1.000000000000000000e+00,1.000000000000000000e+00,1.000000000000000000e+00,1.000000000000000000e+00,1.000000000000000000e+00,1.000000000000000000e+00,1.000000000000000000e+00,1.000000000000000000e+00,1.000000000000000000e+00,1.000000000000000000e+00,1.000000000000000000e+00,1.000000000000000000e+00,1.000000000000000000e+00,1.000000000000000000e+00,1.000000000000000000e+00,1.000000000000000000e+00,1.000000000000000000e+00,1.000000000000000000e+00,1.000000000000000000e+00,1.000000000000000000e+00,1.000000000000000000e+00,1.000000000000000000e+00,1.000000000000000000e+00,1.000000000000000000e+00,1.000000000000000000e+00,1.000000000000000000e+00,1.000000000000000000e+00,1.000000000000000000e+00,1.000000000000000000e+00,1.000000000000000000e+00,1.000000000000000000e+00,1.000000000000000000e+00,1.000000000000000000e+00,1.000000000000000000e+00,1.000000000000000000e+00,1.000000000000000000e+00,1.000000000000000000e+00,1.000000000000000000e+00,1.000000000000000000e+00,1.000000000000000000e+00,1.000000000000000000e+00,1.000000000000000000e+00,1.000000000000000000e+00,1.000000000000000000e+00,1.000000000000000000e+00,1.000000000000000000e+00,1.000000000000000000e+00,1.000000000000000000e+00,1.000000000000000000e+00,1.000000000000000000e+00,1.000000000000000000e+00,1.000000000000000000e+00,1.000000000000000000e+00,1.000000000000000000e+00,1.000000000000000000e+00,1.000000000000000000e+00,1.000000000000000000e+00,1.000000000000000000e+00,1.000000000000000000e+00,1.000000000000000000e+00,1.000000000000000000e+00,1.000000000000000000e+00,1.000000000000000000e+00,1.000000000000000000e+00,1.000000000000000000e+00,1.000000000000000000e+00,1.000000000000000000e+00,1.000000000000000000e+00,1.000000000000000000e+00,1.000000000000000000e+00,1.000000000000000000e+00,1.000000000000000000e+00,1.000000000000000000e+00,1.000000000000000000e+00,1.000000000000000000e+00,1.000000000000000000e+00,1.000000000000000000e+00,1.000000000000000000e+00,1.000000000000000000e+00,1.000000000000000000e+00,1.000000000000000000e+00,1.000000000000000000e+00,1.000000000000000000e+00,1.000000000000000000e+00,1.000000000000000000e+00,1.000000000000000000e+00,1.000000000000000000e+00,1.000000000000000000e+00,1.000000000000000000e+00,1.000000000000000000e+00,1.000000000000000000e+00,1.000000000000000000e+00,1.000000000000000000e+00,1.000000000000000000e+00,1.000000000000000000e+00,1.000000000000000000e+00,1.000000000000000000e+00
9.999999999999966693e-01,8.194342878118829887e-01,8.271575025642358137e-01,8.271992754021839644e-01,8.272097273159066955e-01,8.272117785399288881e-01,8.272121935275220661e-01,8.272118772881238424e-01,8.272093719545164925e-01,8.271848123649787610e-01,8.258713941302447958e-01,8.194342878118829887e-01,9.999999999999966693e-01,8.208959732241181140e-01,8.284755910652320532e-01,8.285155091700823204e-01,8.285254243086357384e-01,8.285272672256842608e-01,8.285272846030349303e-01,8.285248723341183119e-01,8.285003068327763120e-01,8.271848123649788720e-01,8.271575025642358137e-01,8.208959732241181140e-01,9.999999999999966693e-01,8.209256559787103669e-01,8.285005258534094974e-01,8.285402136719375310e-01,8.285499590231137912e-01,8.285514146997665641e-01,8.285493400994605739e-01,8.285248723341182009e-01,8.272093719545166035e-01,8.271992754021839644e-01,8.284755910652320532e-01,8.209256559787103669e-01,9.999999999999966693e-01,8.209289779809878507e-01,8.285031677974711295e-01,8.285426938263427132e-01,8.285520512042777730e-01,8.285514146997663421e-01,8.285272846030347083e-01,8.272118772881237314e-01,8.272097273159066955e-01,8.285155091700823204e-01,8.285005258534094974e-01,8.209289779809878507e-01,9.999999999999966693e-01,8.209295934767341096e-01,8.285035541650208613e-01,8.285426938263429353e-01,8.285499590231139022e-01,8.285272672256842608e-01,8.272121935275221771e-01,8.272117785399288881e-01,8.285254243086357384e-01,8.285402136719375310e-01,8.285031677974711295e-01,8.209295934767341096e-01,9.999999999999966693e-01,8.209295934767342207e-01,8.285031677974710185e-01,8.285402136719375310e-01,8.285254243086357384e-01,8.272117785399288881e-01,8.272121935275220661e-01,8.285272672256842608e-01,8.285499590231137912e-01,8.285426938263427132e-01,8.285035541650208613e-01,8.209295934767342207e-01,9.999999999999966693e-01,8.209289779809878507e-01,8.285005258534094974e-01,8.285155091700820984e-01,8.272097273159065844e-01,8.272118772881238424e-01,8.285272846030349303e-01,8.285514146997665641e-01,8.285520512042777730e-01,8.285426938263429353e-01,8.285031677974710185e-01,8.209289779809878507e-01,9.999999999999966693e-01,8.209256559787102558e-01,8.284755910652318311e-01,8.271992754021837424e-01,8.272093719545164925e-01,8.285248723341183119e-01,8.285493400994605739e-01,8.285514146997663421e-01,8.285499590231139022e-01,8.285402136719375310e-01,8.285005258534094974e-01,8.209256559787102558e-01,9.999999999999966693e-01,8.208959732241178919e-01,8.271575025642357026e-01,8.271848123649787610e-01,8.285003068327763120e-01,8.285248723341182009e-01,8.285272846030347083e-01,8.285272672256842608e-01,8.285254243086357384e-01,8.285155091700820984e-01,8.284755910652318311e-01,8.208959732241178919e-01,9.999999999999966693e-01,8.194342878118825446e-01,8.258713941302447958e-01,8.271848123649788720e-01,8.272093719545166035e-01,8.272118772881237314e-01,8.272121935275221771e-01,8.272117785399288881e-01,8.272097273159065844e-01,8.271992754021837424e-01,8.271575025642357026e-01,8.194342878118825446e-01,9.999999999999966693e-01
9.999999999999943379e-01,5.798074966962712962e-01,6.232250789220741272e-01,6.239827873066523534e-01,6.239631704353987285e-01,6.239818074825953520e-01,6.239859005166307204e-01,6.239776021376474135e-01,6.239272895312674150e-01,6.233041902196206907e-01,6.115158255263384302e-01,5.798074966962712962e-01,9.999999999999943379e-01,5.956157289963869284e-01,6.352770490690505811e-01,6.360233579673941762e-01,6.359965252496726507e-01,6.360095594902357430e-01,6.360044849958756963e-01,6.359543392296858055e-01,6.353196491224994968e-01,6.233041902196205797e-01,6.232250789220741272e-01,5.956157289963869284e-01,9.999999999999943379e-01,5.964779405783073862e-01,6.359173922725398498e-01,6.366618110295381161e-01,6.366307016195118518e-01,6.366350368446931363e-01,6.365884384964315412e-01,6.359543392296855835e-01,6.239272895312670819e-01,6.239827873066523534e-01,6.352770490690505811e-01,5.964779405783073862e-01,9.999999999999943379e-01,5.965568387038248099e-01,6.359712143849648447e-01,6.367119914508349021e-01,6.366722175679078166e-01,6.366350368446931363e-01,6.360044849958753632e-01,6.239776021376468584e-01,6.239631704353987285e-01,6.360233579673941762e-01,6.359173922725398498e-01,5.965568387038248099e-01,9.999999999999943379e-01,5.965728982737018571e-01,6.359797883575859512e-01,6.367119914508341250e-01,6.366307016195106305e-01,6.360095594902346328e-01,6.239859005166294992e-01,6.239818074825953520e-01,6.359965252496726507e-01,6.366618110295381161e-01,6.359712143849648447e-01,5.965728982737018571e-01,9.999999999999943379e-01,5.965728982737026342e-01,6.359712143849649557e-01,6.366618110295377830e-01,6.359965252496719845e-01,6.239818074825944638e-01,6.239859005166307204e-01,6.360095594902357430e-01,6.366307016195118518e-01,6.367119914508349021e-01,6.359797883575859512e-01,5.965728982737026342e-01,9.999999999999943379e-01,5.965568387038255871e-01,6.359173922725402939e-01,6.360233579673946203e-01,6.239631704353987285e-01,6.239776021376474135e-01,6.360044849958756963e-01,6.366350368446931363e-01,6.366722175679078166e-01,6.367119914508341250e-01,6.359712143849649557e-01,5.965568387038255871e-01,9.999999999999943379e-01,5.964779405783069421e-01,6.352770490690501370e-01,6.239827873066516872e-01,6.239272895312674150e-01,6.359543392296858055e-01,6.365884384964315412e-01,6.366350368446931363e-01,6.366307016195106305e-01,6.366618110295377830e-01,6.359173922725402939e-01,5.964779405783069421e-01,9.999999999999943379e-01,5.956157289963861512e-01,6.232250789220733500e-01,6.233041902196206907e-01,6.353196491224994968e-01,6.359543392296855835e-01,6.360044849958753632e-01,6.360095594902346328e-01,6.359965252496719845e-01,6.360233579673946203e-01,6.352770490690501370e-01,5.956157289963861512e-01,9.999999999999943379e-01,5.798074966962698529e-01,6.115158255263384302e-01,6.233041902196205797e-01,6.239272895312670819e-01,6.239776021376468584e-01,6.239859005166294992e-01,6.239818074825944638e-01,6.239631704353987285e-01,6.239827873066516872e-01,6.232250789220733500e-01,5.798074966962698529e-01,9.999999999999943379e-01
9.999999999999930056e-01,6.590937644316250399e-01,6.883376191022185786e-01,6.897406971124766528e-01,6.892946898288594415e-01,6.892962955709418527e-01,6.892983300560904247e-01,6.892779657239181956e-01,6.891968027352701753e-01,6.871629029889347873e-01,6.583344784211432321e-01,6.590937644316250399e-01,9.999999999999930056e-01,6.970243330342502652e-01,7.185942261436268907e-01,7.198919785176420838e-01,7.194911397388232821e-01,7.194781755052876981e-01,7.194602557710945145e-01,7.193763423899979248e-01,7.172536451128284085e-01,6.871629029889332330e-01,6.883376191022185786e-01,6.970243330342502652e-01,9.999999999999930056e-01,6.996299880931570181e-01,7.207554888225715661e-01,7.220252758418651551e-01,7.216159018229399980e-01,7.215846124175876453e-01,7.215043060721543222e-01,7.193763423899973697e-01,6.891968027352681769e-01,6.897406971124766528e-01,7.185942261436268907e-01,6.996299880931570181e-01,9.999999999999930056e-01,6.997590900167353078e-01,7.208477791148566460e-01,7.221056805775537546e-01,7.216781741834366048e-01,7.215846124175875342e-01,7.194602557710940705e-01,6.892779657239158642e-01,6.892946898288594415e-01,7.198919785176420838e-01,7.207554888225715661e-01,6.997590900167353078e-01,9.999999999999930056e-01,6.997933935448715781e-01,7.208659748003816148e-01,7.221056805775524223e-01,7.216159018229378885e-01,7.194781755052858108e-01,6.892983300560868720e-01,6.892962955709418527e-01,7.194911397388232821e-01,7.220252758418651551e-01,7.208477791148566460e-01,6.997933935448715781e-01,9.999999999999930056e-01,6.997933935448732434e-01,7.208477791148568681e-01,7.220252758418647110e-01,7.194911397388222829e-01,6.892962955709396322e-01,6.892983300560904247e-01,7.194781755052876981e-01,7.216159018229399980e-01,7.221056805775537546e-01,7.208659748003816148e-01,6.997933935448732434e-01,9.999999999999930056e-01,6.997590900167371952e-01,7.207554888225731204e-01,7.198919785176431940e-01,6.892946898288585533e-01,6.892779657239181956e-01,7.194602557710945145e-01,7.215846124175876453e-01,7.216781741834366048e-01,7.221056805775524223e-01,7.208477791148568681e-01,6.997590900167371952e-01,9.999999999999930056e-01,6.996299880931571291e-01,7.185942261436263356e-01,6.897406971124745434e-01,6.891968027352701753e-01,7.193763423899979248e-01,7.215043060721543222e-01,7.215846124175875342e-01,7.216159018229378885e-01,7.220252758418647110e-01,7.207554888225731204e-01,6.996299880931571291e-01,9.999999999999930056e-01,6.970243330342494881e-01,6.883376191022163582e-01,6.871629029889347873e-01,7.172536451128284085e-01,7.193763423899973697e-01,7.194602557710940705e-01,7.194781755052858108e-01,7.194911397388222829e-01,7.198919785176431940e-01,7.185942261436263356e-01,6.970243330342494881e-01,9.999999999999930056e-01,6.590937644316217092e-01,6.583344784211432321e-01,6.871629029889332330e-01,6.891968027352681769e-01,6.892779657239158642e-01,6.892983300560868720e-01,6.892962955709396322e-01,6.892946898288585533e-01,6.897406971124745434e-01,6.883376191022163582e-01,6.590937644316217092e-01,9.999999999999930056e-01
9.999999999999967804e-01,9.177248531750962224e-01,9.201506242932394608e-01,9.202737123471490532e-01,9.201668097265659485e-01,9.201808358248700914e-01,9.201824129431888100e-01,9.201806497030966536e-01,9.202590221779717305e-01,9.190615189813032826e-01,8.914422901990683989e-01,9.177248531750962224e-01,9.999999999999967804e-01,9.481932139765421041e-01,9.486547023465785600e-01,9.487574964259880561e-01,9.486861173985670082e-01,9.486899384140528024e-01,9.486902099542999789e-01,9.487710891167456806e-01,9.475364673710808816e-01,9.190615189813008401e-01,9.201506242932394608e-01,9.481932139765421041e-01,9.999999999999967804e-01,9.493770443663952507e-01,9.499040854447362570e-01,9.499925115554154198e-01,9.499198411377350881e-01,9.499240397559968185e-01,9.500072107691247547e-01,9.487710891167451255e-01,9.202590221779688440e-01,9.202737123471490532e-01,9.486547023465785600e-01,9.493770443663952507e-01,9.999999999999967804e-01,9.492964046674595702e-01,9.498263031936432510e-01,9.499090944931920522e-01,9.498368314142748847e-01,9.499240397559967075e-01,9.486902099542992017e-01,9.201806497030936560e-01,9.201668097265659485e-01,9.487574964259880561e-01,9.499040854447362570e-01,9.492964046674595702e-01,9.999999999999967804e-01,9.493010202242646578e-01,9.498260716239745882e-01,9.499090944931912750e-01,9.499198411377339779e-01,9.486899384140511371e-01,9.201824129431849242e-01,9.201808358248700914e-01,9.486861173985670082e-01,9.499925115554154198e-01,9.498263031936432510e-01,9.493010202242646578e-01,9.999999999999967804e-01,9.493010202242656570e-01,9.498263031936430290e-01,9.499925115554154198e-01,9.486861173985663420e-01,9.201808358248674269e-01,9.201824129431888100e-01,9.486899384140528024e-01,9.499198411377350881e-01,9.499090944931920522e-01,9.498260716239745882e-01,9.493010202242656570e-01,9.999999999999967804e-01,9.492964046674610135e-01,9.499040854447374782e-01,9.487574964259886112e-01,9.201668097265640611e-01,9.201806497030966536e-01,9.486902099542999789e-01,9.499240397559968185e-01,9.498368314142748847e-01,9.499090944931912750e-01,9.498263031936430290e-01,9.492964046674610135e-01,9.999999999999967804e-01,9.493770443663955838e-01,9.486547023465781159e-01,9.202737123471462777e-01,9.202590221779717305e-01,9.487710891167456806e-01,9.500072107691247547e-01,9.499240397559967075e-01,9.499198411377339779e-01,9.499925115554154198e-01,9.499040854447374782e-01,9.493770443663955838e-01,9.999999999999967804e-01,9.481932139765415490e-01,9.201506242932365742e-01,9.190615189813032826e-01,9.475364673710808816e-01,9.487710891167451255e-01,9.486902099542992017e-01,9.486899384140511371e-01,9.486861173985663420e-01,9.487574964259886112e-01,9.486547023465781159e-01,9.481932139765415490e-01,9.999999999999967804e-01,9.177248531750926697e-01,8.914422901990683989e-01,9.190615189813008401e-01,9.202590221779688440e-01,9.201806497030936560e-01,9.201824129431849242e-01,9.201808358248674269e-01,9.201668097265640611e-01,9.202737123471462777e-01,9.201506242932365742e-01,9.177248531750926697e-01,9.999999999999967804e-01
9.999999999999941158e-01,9.699764909708555871e-01,9.686026453336481490e-01,9.687452411699905008e-01,9.686866802871728632e-01,9.686834199826995784e-01,9.686868781220175917e-01,9.686894846908614687e-01,9.686411204079464765e-01,9.701099218972896177e-01,9.843580856019069625e-01,9.699764909708555871e-01,9.999999999999941158e-01,9.541860572306978261e-01,9.546353322902720873e-01,9.547314201867814765e-01,9.546567244835560961e-01,9.546635319817988741e-01,9.546680310546090675e-01,9.546204856220082968e-01,9.560680229375131400e-01,9.701099218972893956e-01,9.686026453336481490e-01,9.541860572306978261e-01,9.999999999999941158e-01,9.527558793370825008e-01,9.531894507983744713e-01,9.532877836089640455e-01,9.532139809629308624e-01,9.532204396176405803e-01,9.531749725092097947e-01,9.546204856220088519e-01,9.686411204079468096e-01,9.687452411699905008e-01,9.546353322902720873e-01,9.527558793370825008e-01,9.999999999999941158e-01,9.528018084801813670e-01,9.532345120744716294e-01,9.533381870080765985e-01,9.532640800763618749e-01,9.532204396176406913e-01,9.546680310546097337e-01,9.686894846908620238e-01,9.686866802871728632e-01,9.547314201867814765e-01,9.531894507983744713e-01,9.528018084801813670e-01,9.999999999999941158e-01,9.527969342867202984e-01,9.532345241615457487e-01,9.533381870080774867e-01,9.532139809629316396e-01,9.546635319818003174e-01,9.686868781220189240e-01,9.686834199826995784e-01,9.546567244835560961e-01,9.532877836089640455e-01,9.532345120744716294e-01,9.527969342867202984e-01,9.999999999999941158e-01,9.527969342867190772e-01,9.532345120744715183e-01,9.532877836089639345e-01,9.546567244835568733e-01,9.686834199826998004e-01,9.686868781220175917e-01,9.546635319817988741e-01,9.532139809629308624e-01,9.533381870080765985e-01,9.532345241615457487e-01,9.527969342867190772e-01,9.999999999999941158e-01,9.528018084801803678e-01,9.531894507983735831e-01,9.547314201867811434e-01,9.686866802871721971e-01,9.686894846908614687e-01,9.546680310546090675e-01,9.532204396176405803e-01,9.532640800763618749e-01,9.533381870080774867e-01,9.532345120744715183e-01,9.528018084801803678e-01,9.999999999999941158e-01,9.527558793370826118e-01,9.546353322902726424e-01,9.687452411699908339e-01,9.686411204079464765e-01,9.546204856220082968e-01,9.531749725092097947e-01,9.532204396176406913e-01,9.532139809629316396e-01,9.532877836089639345e-01,9.531894507983735831e-01,9.527558793370826118e-01,9.999999999999941158e-01,9.541860572306984922e-01,9.686026453336484821e-01,9.701099218972896177e-01,9.560680229375131400e-01,9.546204856220088519e-01,9.546680310546097337e-01,9.546635319818003174e-01,9.546567244835568733e-01,9.547314201867811434e-01,9.546353322902726424e-01,9.541860572306984922e-01,9.999999999999941158e-01,9.699764909708566973e-01,9.843580856019069625e-01,9.701099218972893956e-01,9.686411204079468096e-01,9.686894846908620238e-01,9.686868781220189240e-01,9.686834199826998004e-01,9.686866802871721971e-01,9.687452411699908339e-01,9.686026453336484821e-01,9.699764909708566973e-01,9.999999999999941158e-01
9.999999999999938938e-01,7.348469872945411208e-01,7.532333923997349689e-01,7.535394453053121389e-01,7.537691863563912298e-01,7.538432143450923828e-01,7.538450158839278270e-01,7.538153241502079105e-01,7.531016616266891228e-01,7.513010038066620933e-01,7.960750900675642727e-01,7.348469872945411208e-01,9.999999999999938938e-01,6.867652484563434578e-01,7.117099096395380631e-01,7.110639529667857062e-01,7.113614080516548199e-01,7.114452799708563813e-01,7.114202476821473997e-01,7.107447359255323338e-01,7.090451860828187458e-01,7.513010038066648688e-01,7.532333923997349689e-01,6.867652484563434578e-01,9.999999999999938938e-01,6.895680489646776046e-01,7.134283516474067000e-01,7.127794150835459197e-01,7.130646655217446339e-01,7.131236334169106517e-01,7.124502573929504257e-01,7.107447359255332220e-01,7.531016616266930086e-01,7.535394453053121389e-01,7.117099096395380631e-01,6.895680489646776046e-01,9.999999999999938938e-01,6.903965528448438027e-01,7.140984368636738022e-01,7.134568407491669317e-01,7.137140067545322264e-01,7.131236334169107627e-01,7.114202476821485099e-01,7.538153241502119073e-01,7.537691863563912298e-01,7.110639529667857062e-01,7.134283516474067000e-01,6.903965528448438027e-01,9.999999999999938938e-01,6.904273481058582629e-01,7.141244864082975097e-01,7.134568407491685971e-01,7.130646655217466323e-01,7.114452799708590458e-01,7.538450158839333781e-01,7.538432143450923828e-01,7.113614080516548199e-01,7.127794150835459197e-01,7.140984368636738022e-01,6.904273481058582629e-01,9.999999999999938938e-01,6.904273481058562645e-01,7.140984368636735802e-01,7.127794150835461418e-01,7.113614080516561522e-01,7.538432143450963796e-01,7.538450158839278270e-01,7.114452799708563813e-01,7.130646655217446339e-01,7.134568407491669317e-01,7.141244864082975097e-01,6.904273481058562645e-01,9.999999999999938938e-01,6.903965528448415823e-01,7.134283516474051456e-01,7.110639529667850400e-01,7.537691863563933392e-01,7.538153241502079105e-01,7.114202476821473997e-01,7.131236334169106517e-01,7.137140067545322264e-01,7.134568407491685971e-01,7.140984368636735802e-01,6.903965528448415823e-01,9.999999999999938938e-01,6.895680489646776046e-01,7.117099096395389513e-01,7.535394453053159136e-01,7.531016616266891228e-01,7.107447359255323338e-01,7.124502573929504257e-01,7.131236334169107627e-01,7.130646655217466323e-01,7.127794150835461418e-01,7.134283516474051456e-01,6.895680489646776046e-01,9.999999999999938938e-01,6.867652484563446791e-01,7.532333923997389658e-01,7.513010038066620933e-01,7.090451860828187458e-01,7.107447359255332220e-01,7.114202476821485099e-01,7.114452799708590458e-01,7.113614080516561522e-01,7.110639529667850400e-01,7.117099096395389513e-01,6.867652484563446791e-01,9.999999999999938938e-01,7.348469872945468939e-01,7.960750900675642727e-01,7.513010038066648688e-01,7.531016616266930086e-01,7.538153241502119073e-01,7.538450158839333781e-01,7.538432143450963796e-01,7.537691863563933392e-01,7.535394453053159136e-01,7.532333923997389658e-01,7.348469872945468939e-01,9.999999999999938938e-01
9.999999999999927836e-01,4.892699908134094389e-01,5.653983042720216456e-01,5.636099626210816504e-01,5.645212711982743325e-01,5.644219917870830772e-01,5.643798870455776218e-01,5.643462211801602013e-01,5.630326351101846427e-01,5.534483872277369265e-01,5.730790826109548597e-01,4.892699908134094389e-01,9.999999999999927836e-01,4.759982973216700941e-01,5.463337895544226885e-01,5.443388474833893431e-01,5.451750298562031416e-01,5.450854172066954551e-01,5.450145970921307370e-01,5.437438826032851003e-01,5.344893898978979596e-01,5.534483872277404792e-01,5.653983042720216456e-01,4.759982973216700941e-01,9.999999999999927836e-01,4.903590377481382712e-01,5.556003657957535591e-01,5.538007725010666293e-01,5.546043393594712878e-01,5.544929777089003808e-01,5.531616808037205235e-01,5.437438826032856554e-01,5.630326351101887505e-01,5.636099626210816504e-01,5.463337895544226885e-01,4.903590377481382712e-01,9.999999999999927836e-01,4.921378241925795649e-01,5.568835498206323731e-01,5.550966941943247246e-01,5.558678632138664977e-01,5.544929777088991596e-01,5.450145970921300709e-01,5.643462211801633099e-01,5.645212711982743325e-01,5.443388474833893431e-01,5.556003657957535591e-01,4.921378241925795649e-01,9.999999999999927836e-01,4.921851242654889935e-01,5.569115766314182148e-01,5.550966941943252797e-01,5.546043393594708437e-01,5.450854172066951220e-01,5.643798870455811745e-01,5.644219917870830772e-01,5.451750298562031416e-01,5.538007725010666293e-01,5.568835498206323731e-01,4.921851242654889935e-01,9.999999999999927836e-01,4.921851242654882164e-01,5.568835498206327062e-01,5.538007725010656301e-01,5.451750298562025865e-01,5.644219917870858527e-01,5.643798870455776218e-01,5.450854172066954551e-01,5.546043393594712878e-01,5.550966941943247246e-01,5.569115766314182148e-01,4.921851242654882164e-01,9.999999999999927836e-01,4.921378241925791763e-01,5.556003657957520048e-01,5.443388474833881219e-01,5.645212711982767750e-01,5.643462211801602013e-01,5.450145970921307370e-01,5.544929777089003808e-01,5.558678632138664977e-01,5.550966941943252797e-01,5.568835498206327062e-01,4.921378241925791763e-01,9.999999999999927836e-01,4.903590377481371054e-01,5.463337895544221334e-01,5.636099626210847591e-01,5.630326351101846427e-01,5.437438826032851003e-01,5.531616808037205235e-01,5.544929777088991596e-01,5.546043393594708437e-01,5.538007725010656301e-01,5.556003657957520048e-01,4.903590377481371054e-01,9.999999999999927836e-01,4.759982973216677626e-01,5.653983042720235330e-01,5.534483872277369265e-01,5.344893898978979596e-01,5.437438826032856554e-01,5.450145970921300709e-01,5.450854172066951220e-01,5.451750298562025865e-01,5.443388474833881219e-01,5.463337895544221334e-01,4.759982973216677626e-01,9.999999999999927836e-01,4.892699908134124920e-01,5.730790826109548597e-01,5.534483872277404792e-01,5.630326351101887505e-01,5.643462211801633099e-01,5.643798870455811745e-01,5.644219917870858527e-01,5.645212711982767750e-01,5.636099626210847591e-01,5.653983042720235330e-01,4.892699908134124920e-01,9.999999999999927836e-01
1.000000000000001776e+00,4.914545376221988171e-01,5.742415869852994792e-01,5.715555289766546254e-01,5.712447090674743766e-01,5.709135810994119264e-01,5.709144732749452666e-01,5.710186990153885978e-01,5.699058640596987857e-01,5.547713754776298911e-01,5.201370436508839790e-01,4.914545376221988171e-01,1.000000000000001776e+00,5.602759595832060846e-01,6.113193342578244760e-01,6.096477121277923406e-01,6.092373711950112014e-01,6.089521431129812923e-01,6.090266571818765406e-01,6.078504794283488000e-01,5.917114467993045412e-01,5.547713754776314454e-01,5.742415869852994792e-01,5.602759595832060846e-01,1.000000000000001776e+00,5.827704095260590744e-01,6.275632001808302274e-01,6.262389901140232862e-01,6.258502541752997139e-01,6.256618159075253427e-01,6.244200189756580199e-01,6.078504794283483559e-01,5.699058640597000069e-01,5.715555289766546254e-01,6.113193342578244760e-01,5.827704095260590744e-01,1.000000000000001776e+00,5.842008302595842473e-01,6.287888686618026135e-01,6.274757477557166840e-01,6.271698686295109626e-01,6.256618159075216790e-01,6.090266571818728769e-01,5.710186990153861553e-01,5.712447090674743766e-01,6.096477121277923406e-01,6.275632001808302274e-01,5.842008302595842473e-01,1.000000000000001776e+00,5.840729208797798000e-01,6.287056782293863888e-01,6.274757477557164620e-01,6.258502541752952730e-01,6.089521431129774065e-01,5.709144732749429352e-01,5.709135810994119264e-01,6.092373711950112014e-01,6.262389901140232862e-01,6.287888686618026135e-01,5.840729208797798000e-01,1.000000000000001776e+00,5.840729208797810212e-01,6.287888686618040568e-01,6.262389901140199555e-01,6.092373711950072046e-01,5.709135810994101501e-01,5.709144732749452666e-01,6.089521431129812923e-01,6.258502541752997139e-01,6.274757477557166840e-01,6.287056782293863888e-01,5.840729208797810212e-01,1.000000000000001776e+00,5.842008302595869118e-01,6.275632001808284510e-01,6.096477121277900091e-01,5.712447090674733774e-01,5.710186990153885978e-01,6.090266571818765406e-01,6.256618159075253427e-01,6.271698686295109626e-01,6.274757477557164620e-01,6.287888686618040568e-01,5.842008302595869118e-01,1.000000000000001776e+00,5.827704095260566319e-01,6.113193342578219225e-01,5.715555289766537372e-01,5.699058640596987857e-01,6.078504794283488000e-01,6.244200189756580199e-01,6.256618159075216790e-01,6.258502541752952730e-01,6.262389901140199555e-01,6.275632001808284510e-01,5.827704095260566319e-01,1.000000000000001776e+00,5.602759595831982020e-01,5.742415869852952603e-01,5.547713754776298911e-01,5.917114467993045412e-01,6.078504794283483559e-01,6.090266571818728769e-01,6.089521431129774065e-01,6.092373711950072046e-01,6.096477121277900091e-01,6.113193342578219225e-01,5.602759595831982020e-01,1.000000000000001776e+00,4.914545376221923223e-01,5.201370436508839790e-01,5.547713754776314454e-01,5.699058640597000069e-01,5.710186990153861553e-01,5.709144732749429352e-01,5.709135810994101501e-01,5.712447090674733774e-01,5.715555289766537372e-01,5.742415869852952603e-01,4.914545376221923223e-01,1.000000000000001776e+00
9.999999999999984457e-01,7.066989710587706641e-01,7.381308384901483777e-01,7.371948819288141053e-01,7.363042337308439711e-01,7.363221977353229253e-01,7.364235686436545469e-01,7.367325558335663382e-01,7.371456084976015788e-01,7.249449041110368475e-01,6.422637252427484400e-01,7.066989710587706641e-01,9.999999999999984457e-01,8.248398114469807085e-01,8.321103246789112173e-01,8.316852346522561890e-01,8.311638290539397067e-01,8.311852166908550998e-01,8.315625992001935973e-01,8.320410427681650400e-01,8.182703074008532695e-01,7.249449041110339609e-01,7.381308384901483777e-01,8.248398114469807085e-01,9.999999999999984457e-01,8.395190405125717570e-01,8.457214740399030539e-01,8.456000952428489592e-01,8.451753895625775392e-01,8.455140376359925325e-01,8.460330618288589566e-01,8.320410427681631527e-01,7.371456084975970269e-01,7.371948819288141053e-01,8.321103246789112173e-01,8.395190405125717570e-01,9.999999999999984457e-01,8.386419867164908171e-01,8.452295616616489760e-01,8.451464952162853761e-01,8.450334567990858137e-01,8.455140376359882026e-01,8.315625992001878242e-01,7.367325558335576785e-01,7.363042337308439711e-01,8.316852346522561890e-01,8.457214740399030539e-01,8.386419867164908171e-01,9.999999999999984457e-01,8.382504328400264271e-01,8.449212575639893918e-01,8.451464952162847100e-01,8.451753895625722102e-01,8.311852166908486605e-01,7.364235686436456652e-01,7.363221977353229253e-01,8.311638290539397067e-01,8.456000952428489592e-01,8.452295616616489760e-01,8.382504328400264271e-01,9.999999999999984457e-01,8.382504328400286475e-01,8.452295616616505303e-01,8.456000952428457396e-01,8.311638290539348217e-01,7.363221977353158199e-01,7.364235686436545469e-01,8.311852166908550998e-01,8.451753895625775392e-01,8.451464952162853761e-01,8.449212575639893918e-01,8.382504328400286475e-01,9.999999999999984457e-01,8.386419867164949249e-01,8.457214740399021657e-01,8.316852346522539685e-01,7.363042337308383090e-01,7.367325558335663382e-01,8.315625992001935973e-01,8.455140376359925325e-01,8.450334567990858137e-01,8.451464952162847100e-01,8.452295616616505303e-01,8.386419867164949249e-01,9.999999999999984457e-01,8.395190405125698696e-01,8.321103246789078867e-01,7.371948819288079990e-01,7.371456084976015788e-01,8.320410427681650400e-01,8.460330618288589566e-01,8.455140376359882026e-01,8.451753895625722102e-01,8.456000952428457396e-01,8.457214740399021657e-01,8.395190405125698696e-01,9.999999999999984457e-01,8.248398114469723819e-01,7.381308384901383857e-01,7.249449041110368475e-01,8.182703074008532695e-01,8.320410427681631527e-01,8.315625992001878242e-01,8.311852166908486605e-01,8.311638290539348217e-01,8.316852346522539685e-01,8.321103246789078867e-01,8.248398114469723819e-01,9.999999999999984457e-01,7.066989710587576745e-01,6.422637252427484400e-01,7.249449041110339609e-01,7.371456084975970269e-01,7.367325558335576785e-01,7.364235686436456652e-01,7.363221977353158199e-01,7.363042337308383090e-01,7.371948819288079990e-01,7.381308384901383857e-01,7.066989710587576745e-01,9.999999999999984457e-01
9.999999999999984457e-01,8.950751582961693487e-01,8.909536635254499126e-01,8.895910720721358356e-01,8.896043714774317657e-01,8.896764494134610235e-01,8.896620142734483760e-01,8.898311188153706919e-01,8.917154112869807303e-01,8.960661807575620585e-01,8.224109579199977427e-01,8.950751582961693487e-01,9.999999999999984457e-01,9.714002494953853928e-01,9.694378973616172290e-01,9.692515793455241946e-01,9.693340009037922922e-01,9.693399455583299185e-01,9.695263889011019875e-01,9.715776819687330645e-01,9.763178359813242668e-01,8.960661807575548421e-01,8.909536635254499126e-01,9.714002494953853928e-01,9.999999999999984457e-01,9.645383447122997111e-01,9.645515607037269401e-01,9.645498229564418713e-01,9.646419376469452800e-01,9.648319198181575240e-01,9.668635159699591197e-01,9.715776819687322874e-01,8.917154112869728477e-01,8.895910720721358356e-01,9.694378973616172290e-01,9.645383447122997111e-01,9.999999999999984457e-01,9.622645763265695873e-01,9.624946063961383746e-01,9.625032563199691360e-01,9.627967215103622189e-01,9.648319198181566358e-01,9.695263889011005443e-01,8.898311188153622542e-01,8.896043714774317657e-01,9.692515793455241946e-01,9.645515607037269401e-01,9.622645763265695873e-01,9.999999999999984457e-01,9.620671041543752411e-01,9.622980109717289565e-01,9.625032563199690250e-01,9.646419376469443918e-01,9.693399455583282531e-01,8.896620142734396053e-01,8.896764494134610235e-01,9.693340009037922922e-01,9.645498229564418713e-01,9.624946063961383746e-01,9.620671041543752411e-01,9.999999999999984457e-01,9.620671041543759072e-01,9.624946063961388187e-01,9.645498229564417603e-01,9.693340009037914040e-01,8.896764494134530299e-01,8.896620142734483760e-01,9.693399455583299185e-01,9.646419376469452800e-01,9.625032563199691360e-01,9.622980109717289565e-01,9.620671041543759072e-01,9.999999999999984457e-01,9.622645763265712526e-01,9.645515607037273842e-01,9.692515793455241946e-01,8.896043714774246602e-01,8.898311188153706919e-01,9.695263889011019875e-01,9.648319198181575240e-01,9.627967215103622189e-01,9.625032563199690250e-01,9.624946063961388187e-01,9.622645763265712526e-01,9.999999999999984457e-01,9.645383447123001552e-01,9.694378973616171180e-01,8.895910720721285081e-01,8.917154112869807303e-01,9.715776819687330645e-01,9.668635159699591197e-01,9.648319198181566358e-01,9.646419376469443918e-01,9.645498229564417603e-01,9.645515607037273842e-01,9.645383447123001552e-01,9.999999999999984457e-01,9.714002494953843936e-01,8.909536635254416970e-01,8.960661807575620585e-01,9.763178359813242668e-01,9.715776819687322874e-01,9.695263889011005443e-01,9.693399455583282531e-01,9.693340009037914040e-01,9.692515793455241946e-01,9.694378973616171180e-01,9.714002494953843936e-01,9.999999999999984457e-01,8.950751582961604669e-01,8.224109579199977427e-01,8.960661807575548421e-01,8.917154112869728477e-01,8.898311188153622542e-01,8.896620142734396053e-01,8.896764494134530299e-01,8.896043714774246602e-01,8.895910720721285081e-01,8.909536635254416970e-01,8.950751582961604669e-01,9.999999999999984457e-01
9.999999999999977796e-01,8.702168797326108596e-01,8.553021070202845300e-01,8.545151345806344390e-01,8.548740426156121730e-01,8.547385797635135285e-01,8.546967245382902645e-01,8.542098924841500240e-01,8.538120683526575494e-01,8.741346206427857979e-01,8.872300114732035725e-01,8.702168797326108596e-01,9.999999999999977796e-01,8.348269810441819594e-01,8.420742204208586656e-01,8.424241001011953944e-01,8.420681945823136338e-01,8.420255363970122753e-01,8.415921581024666809e-01,8.412113377469689901e-01,8.612332849511369348e-01,8.741346206427789145e-01,8.553021070202845300e-01,8.348269810441819594e-01,9.999999999999977796e-01,8.137310685435720226e-01,8.230991981195339147e-01,8.229800044087431932e-01,8.224662940381254339e-01,8.219562003538886108e-01,8.216366671400782140e-01,8.412113377469703224e-01,8.538120683526521093e-01,8.545151345806344390e-01,8.420742204208586656e-01,8.137310685435720226e-01,9.999999999999977796e-01,8.146867520241356520e-01,8.235791500925413455e-01,8.233306774735659195e-01,8.223780164996447040e-01,8.219562003538929407e-01,8.415921581024725651e-01,8.542098924841490248e-01,8.548740426156121730e-01,8.424241001011953944e-01,8.230991981195339147e-01,8.146867520241356520e-01,9.999999999999977796e-01,8.152699295498343490e-01,8.240204350031989922e-01,8.233306774735672517e-01,8.224662940381306520e-01,8.420255363970196028e-01,8.546967245382905976e-01,8.547385797635135285e-01,8.420681945823136338e-01,8.229800044087431932e-01,8.235791500925413455e-01,8.152699295498343490e-01,9.999999999999977796e-01,8.152699295498317955e-01,8.235791500925403463e-01,8.229800044087460797e-01,8.420681945823181858e-01,8.547385797635113081e-01,8.546967245382902645e-01,8.420255363970122753e-01,8.224662940381254339e-01,8.233306774735659195e-01,8.240204350031989922e-01,8.152699295498317955e-01,9.999999999999977796e-01,8.146867520241320992e-01,8.230991981195349139e-01,8.424241001011976149e-01,8.548740426156076211e-01,8.542098924841500240e-01,8.415921581024666809e-01,8.219562003538886108e-01,8.223780164996447040e-01,8.233306774735672517e-01,8.235791500925403463e-01,8.146867520241320992e-01,9.999999999999977796e-01,8.137310685435742430e-01,8.420742204208617743e-01,8.545151345806311083e-01,8.538120683526575494e-01,8.412113377469689901e-01,8.216366671400782140e-01,8.219562003538929407e-01,8.224662940381306520e-01,8.229800044087460797e-01,8.230991981195349139e-01,8.137310685435742430e-01,9.999999999999977796e-01,8.348269810441903971e-01,8.553021070202855292e-01,8.741346206427857979e-01,8.612332849511369348e-01,8.412113377469703224e-01,8.415921581024725651e-01,8.420255363970196028e-01,8.420681945823181858e-01,8.424241001011976149e-01,8.420742204208617743e-01,8.348269810441903971e-01,9.999999999999977796e-01,8.702168797326135241e-01,8.872300114732035725e-01,8.741346206427789145e-01,8.538120683526521093e-01,8.542098924841490248e-01,8.546967245382905976e-01,8.547385797635113081e-01,8.548740426156076211e-01,8.545151345806311083e-01,8.553021070202855292e-01,8.702168797326135241e-01,9.999999999999977796e-01
1.000000000000001332e+00,6.451959910967552947e-01,6.590921825626662178e-01,6.664308356530390665e-01,6.670148352592116803e-01,6.674002769897696696e-01,6.675153146062202669e-01,6.664011175888289173e-01,6.598360404477983110e-01,6.725729777287154931e-01,7.761765777599654026e-01,6.451959910967552947e-01,1.000000000000001332e+00,5.135438200870002801e-01,5.761843563754217579e-01,5.779613892800218311e-01,5.777172082651516050e-01,5.783483772528862366e-01,5.774968020328318241e-01,5.717772270879396546e-01,5.827994855648122030e-01,6.725729777287130506e-01,6.590921825626662178e-01,5.135438200870002801e-01,1.000000000000001332e+00,5.065043432852689431e-01,5.664733452020497273e-01,5.671350002878305929e-01,5.667132265717566009e-01,5.664151215150035057e-01,5.609831246474712430e-01,5.717772270879410978e-01,6.598360404477982000e-01,6.664308356530390665e-01,5.761843563754217579e-01,5.065043432852689431e-01,1.000000000000001332e+00,5.151746832519248365e-01,5.721331004010239418e-01,5.727623977895189844e-01,5.714077911020412071e-01,5.664151215150086127e-01,5.774968020328385965e-01,6.664011175888341354e-01,6.670148352592116803e-01,5.779613892800218311e-01,5.664733452020497273e-01,5.151746832519248365e-01,1.000000000000001332e+00,5.164600834904150561e-01,5.730547893486542810e-01,5.727623977895209828e-01,5.667132265717635953e-01,5.783483772528961175e-01,6.675153146062284826e-01,6.674002769897696696e-01,5.777172082651516050e-01,5.671350002878305929e-01,5.721331004010239418e-01,5.164600834904150561e-01,1.000000000000001332e+00,5.164600834904100601e-01,5.721331004010219434e-01,5.671350002878342567e-01,5.777172082651571561e-01,6.674002769897739995e-01,6.675153146062202669e-01,5.783483772528862366e-01,5.667132265717566009e-01,5.727623977895189844e-01,5.730547893486542810e-01,5.164600834904100601e-01,1.000000000000001332e+00,5.151746832519177310e-01,5.664733452020493942e-01,5.779613892800236075e-01,6.670148352592109031e-01,6.664011175888289173e-01,5.774968020328318241e-01,5.664151215150035057e-01,5.714077911020412071e-01,5.727623977895209828e-01,5.721331004010219434e-01,5.151746832519177310e-01,1.000000000000001332e+00,5.065043432852713856e-01,5.761843563754254216e-01,6.664308356530409538e-01,6.598360404477983110e-01,5.717772270879396546e-01,5.609831246474712430e-01,5.664151215150086127e-01,5.667132265717635953e-01,5.671350002878342567e-01,5.664733452020493942e-01,5.065043432852713856e-01,1.000000000000001332e+00,5.135438200870120484e-01,6.590921825626738784e-01,6.725729777287154931e-01,5.827994855648122030e-01,5.717772270879410978e-01,5.774968020328385965e-01,5.783483772528961175e-01,5.777172082651571561e-01,5.779613892800236075e-01,5.761843563754254216e-01,5.135438200870120484e-01,1.000000000000001332e+00,6.451959910967672851e-01,7.761765777599654026e-01,6.725729777287130506e-01,6.598360404477982000e-01,6.664011175888341354e-01,6.675153146062284826e-01,6.674002769897739995e-01,6.670148352592109031e-01,6.664308356530409538e-01,6.590921825626738784e-01,6.451959910967672851e-01,1.000000000000001332e+00
