1.000000000000000000e+00,1.000000000000000000e+00,1.000000000000000000e+00,1.000000000000000000e+00,1.000000000000000000e+00,1.000000000000000000e+00,1.000000000000000000e+00,1.000000000000000000e+00,1.000000000000000000e+00,1.000000000000000000e+00,1.000000000000000000e+00,1.000000000000000000e+00,1.000000000000000000e+00,1.000000000000000000e+00,1.000000000000000000e+00,1.000000000000000000e+00,1.000000000000000000e+00,1.000000000000000000e+00,1.000000000000000000e+00,1.000000000000000000e+00,1.000000000000000000e+00,1.000000000000000000e+00,1.000000000000000000e+00,1.000000000000000000e+00,1.000000000000000000e+00,1.000000000000000000e+00,1.000000000000000000e+00,1.000000000000000000e+00,1.000000000000000000e+00,1.000000000000000000e+00,1.000000000000000000e+00,1.000000000000000000e+00,1.000000000000000000e+00,1.000000000000000000e+00,1.000000000000000000e+00,1.000000000000000000e+00,1.000000000000000000e+00,1.000000000000000000e+00,1.000000000000000000e+00,1.000000000000000000e+00,1.000000000000000000e+00,1.000000000000000000e+00,1.000000000000000000e+00,1.000000000000000000e+00,1.000000000000000000e+00,1.000000000000000000e+00,1.000000000000000000e+00,1.000000000000000000e+00,1.000000000000000000e+00,1.000000000000000000e+00,1.000000000000000000e+00,1.000000000000000000e+00,1.000000000000000000e+00,1.000000000000000000e+00,1.000000000000000000e+00,1.000000000000000000e+00,1.000000000000000000e+00,1.000000000000000000e+00,1.000000000000000000e+00,1.000000000000000000e+00,1.000000000000000000e+00,1.000000000000000000e+00,1.000000000000000000e+00,1.000000000000000000e+00,1.000000000000000000e+00,1.000000000000000000e+00,1.000000000000000000e+00,1.000000000000000000e+00,1.000000000000000000e+00,1.000000000000000000e+00,1.000000000000000000e+00,1.000000000000000000e+00,1.000000000000000000e+00,1.000000000000000000e+00,1.000000000000000000e+00,1.000000000000000000e+00,1.000000000000000000e+00,1.000000000000000000e+00,1.000000000000000000e+00,1.000000000000000000e+00,1.000000000000000000e+00,1.000000000000000000e+00,1.000000000000000000e+00,1.000000000000000000e+00,1.000000000000000000e+00,1.000000000000000000e+00,1.000000000000000000e+00,1.000000000000000000e+00,1.000000000000000000e+00,1.000000000000000000e+00,1.000000000000000000e+00,1.000000000000000000e+00,1.000000000000000000e+00,1.000000000000000000e+00,1.000000000000000000e+00,1.000000000000000000e+00,1.000000000000000000e+00,1.000000000000000000e+00,1.000000000000000000e+00,1.000000000000000000e+00,1.000000000000000000e+00,1.000000000000000000e+00,1.000000000000000000e+00,1.000000000000000000e+00,1.000000000000000000e+00,1.000000000000000000e+00,1.000000000000000000e+00,1.000000000000000000e+00,1.000000000000000000e+00,1.000000000000000000e+00,1.000000000000000000e+00,1.000000000000000000e+00,1.000000000000000000e+00,1.000000000000000000e+00,1.000000000000000000e+00,1.000000000000000000e+00,1.000000000000000000e+00,1.000000000000000000e+00,1.000000000000000000e+00,1.000000000000000000e+00,1.000000000000000000e+00
1.000000000000003553e+00,8.202544772415769625e-01,8.279031872558922922e-01,8.279486072900705818e-01,8.279591517493172237e-01,8.279612219898884184e-01,8.279616405151664082e-01,8.279613199728164119e-01,8.279587819441512897e-01,8.279337613763986248e-01,8.266273876138795496e-01,8.202544772415769625e-01,1.000000000000003553e+00,8.217083776807991846e-01,8.292142968400444403e-01,8.292577796687203850e-01,8.292677819775429171e-01,8.292696416190388220e-01,8.292696577767666444e-01,8.292672136786880532e-01,8.292421870194220945e-01,8.279337613763986248e-01,8.279031872558922922e-01,8.217083776807991846e-01,1.000000000000003553e+00,8.217385895033220145e-01,8.292397024592822463e-01,8.292829471443495803e-01,8.292927774092875293e-01,8.292942450698663759e-01,8.292921417334793155e-01,8.292672136786880532e-01,8.279587819441510677e-01,8.279486072900705818e-01,8.292142968400444403e-01,8.217385895033220145e-01,1.000000000000003553e+00,8.217419528729343892e-01,8.292423790182702481e-01,8.292854595258335459e-01,8.292948971004999725e-01,8.292942450698662649e-01,8.292696577767663113e-01,8.279613199728161899e-01,8.279591517493172237e-01,8.292577796687203850e-01,8.292397024592822463e-01,8.217419528729343892e-01,1.000000000000003553e+00,8.217425755650957786e-01,8.292427701341642532e-01,8.292854595258338790e-01,8.292927774092875293e-01,8.292696416190387110e-01,8.279616405151664082e-01,8.279612219898884184e-01,8.292677819775429171e-01,8.292829471443495803e-01,8.292423790182702481e-01,8.217425755650957786e-01,1.000000000000003553e+00,8.217425755650958896e-01,8.292423790182703591e-01,8.292829471443495803e-01,8.292677819775429171e-01,8.279612219898881964e-01,8.279616405151664082e-01,8.292696416190388220e-01,8.292927774092875293e-01,8.292854595258335459e-01,8.292427701341642532e-01,8.217425755650958896e-01,1.000000000000003553e+00,8.217419528729343892e-01,8.292397024592823573e-01,8.292577796687203850e-01,8.279591517493170016e-01,8.279613199728164119e-01,8.292696577767666444e-01,8.292942450698663759e-01,8.292948971004999725e-01,8.292854595258338790e-01,8.292423790182703591e-01,8.217419528729343892e-01,1.000000000000003553e+00,8.217385895033221255e-01,8.292142968400444403e-01,8.279486072900706928e-01,8.279587819441512897e-01,8.292672136786880532e-01,8.292921417334793155e-01,8.292942450698662649e-01,8.292927774092875293e-01,8.292829471443495803e-01,8.292397024592823573e-01,8.217385895033221255e-01,1.000000000000003553e+00,8.217083776807996287e-01,8.279031872558924032e-01,8.279337613763986248e-01,8.292421870194220945e-01,8.292672136786880532e-01,8.292696577767663113e-01,8.292696416190387110e-01,8.292677819775429171e-01,8.292577796687203850e-01,8.292142968400444403e-01,8.217083776807996287e-01,1.000000000000003553e+00,8.202544772415769625e-01,8.266273876138795496e-01,8.279337613763986248e-01,8.279587819441510677e-01,8.279613199728161899e-01,8.279616405151664082e-01,8.279612219898881964e-01,8.279591517493170016e-01,8.279486072900706928e-01,8.279031872558924032e-01,8.202544772415769625e-01,1.000000000000003553e+00
1.000000000000002220e+00,5.964945932161751507e-01,6.363775274277647664e-01,6.372798438896188911e-01,6.372616964189993238e-01,6.372795374275986857e-01,6.372834492920235183e-01,6.372750659658725780e-01,6.372243477727179695e-01,6.365889178973176410e-01,6.250817366945951026e-01,5.964945932161751507e-01,1.000000000000002220e+00,6.117950861532490681e-01,6.481476942350352655e-01,6.490232390770246385e-01,6.489980018481658064e-01,6.490102998854017091e-01,6.490050493928852804e-01,6.489545039487412126e-01,6.483077860509225410e-01,6.365889178973169749e-01,6.363775274277647664e-01,6.117950861532490681e-01,1.000000000000002220e+00,6.126639875344455088e-01,6.488013391122904316e-01,6.496736821128061834e-01,6.496441957870530137e-01,6.496477817648477204e-01,6.496006767210175115e-01,6.489545039487408795e-01,6.372243477727170813e-01,6.372798438896188911e-01,6.481476942350352655e-01,6.126639875344455088e-01,1.000000000000002220e+00,6.127425435741177262e-01,6.488556112680731180e-01,6.497241998309362110e-01,6.496860408586520030e-01,6.496477817648480535e-01,6.490050493928855024e-01,6.372750659658718009e-01,6.372616964189993238e-01,6.490232390770246385e-01,6.488013391122904316e-01,6.127425435741177262e-01,1.000000000000002220e+00,6.127584661487802675e-01,6.488642122458305739e-01,6.497241998309363220e-01,6.496441957870531247e-01,6.490102998854019312e-01,6.372834492920227412e-01,6.372795374275986857e-01,6.489980018481658064e-01,6.496736821128061834e-01,6.488556112680731180e-01,6.127584661487802675e-01,1.000000000000002220e+00,6.127584661487806006e-01,6.488556112680733401e-01,6.496736821128064054e-01,6.489980018481658064e-01,6.372795374275981306e-01,6.372834492920235183e-01,6.490102998854017091e-01,6.496441957870530137e-01,6.497241998309362110e-01,6.488642122458305739e-01,6.127584661487806006e-01,1.000000000000002220e+00,6.127425435741180593e-01,6.488013391122912088e-01,6.490232390770250825e-01,6.372616964189988797e-01,6.372750659658725780e-01,6.490050493928852804e-01,6.496477817648477204e-01,6.496860408586520030e-01,6.497241998309363220e-01,6.488556112680733401e-01,6.127425435741180593e-01,1.000000000000002220e+00,6.126639875344462860e-01,6.481476942350354875e-01,6.372798438896185580e-01,6.372243477727179695e-01,6.489545039487412126e-01,6.496006767210175115e-01,6.496477817648480535e-01,6.496441957870531247e-01,6.496736821128064054e-01,6.488013391122912088e-01,6.126639875344462860e-01,1.000000000000002220e+00,6.117950861532498452e-01,6.363775274277647664e-01,6.365889178973176410e-01,6.483077860509225410e-01,6.489545039487408795e-01,6.490050493928855024e-01,6.490102998854019312e-01,6.489980018481658064e-01,6.490232390770250825e-01,6.481476942350354875e-01,6.117950861532498452e-01,1.000000000000002220e+00,5.964945932161745956e-01,6.250817366945951026e-01,6.365889178973169749e-01,6.372243477727170813e-01,6.372750659658718009e-01,6.372834492920227412e-01,6.372795374275981306e-01,6.372616964189988797e-01,6.372798438896185580e-01,6.363775274277647664e-01,5.964945932161745956e-01,1.000000000000002220e+00
1.000000000000002442e+00,7.143765627348083180e-01,7.348142097394322336e-01,7.363216256675420013e-01,7.359858998160411225e-01,7.359849125100645928e-01,7.359859253494749343e-01,7.359668368666131277e-01,7.358883670842749636e-01,7.339670927220964813e-01,7.078020421942565754e-01,7.143765627348083180e-01,1.000000000000002442e+00,7.476742555835398374e-01,7.621719026061012370e-01,7.635039989463014987e-01,7.632025559889488164e-01,7.631892428514973625e-01,7.631720752878480285e-01,7.630913826571110725e-01,7.610993101100348435e-01,7.339670927220955932e-01,7.348142097394322336e-01,7.476742555835398374e-01,1.000000000000002442e+00,7.500490895505604882e-01,7.642039849133303031e-01,7.655050916364358748e-01,7.651958372067342307e-01,7.651656972007664370e-01,7.650878270510158563e-01,7.630913826571106284e-01,7.358883670842735203e-01,7.363216256675420013e-01,7.621719026061012370e-01,7.500490895505604882e-01,1.000000000000002442e+00,7.501681378801824396e-01,7.642924142761734485e-01,7.655823791584119853e-01,7.652564373893665506e-01,7.651656972007666591e-01,7.631720752878479175e-01,7.359668368666119065e-01,7.359858998160411225e-01,7.635039989463014987e-01,7.642039849133303031e-01,7.501681378801824396e-01,1.000000000000002442e+00,7.501987806470178377e-01,7.643092215857402172e-01,7.655823791584113192e-01,7.651958372067335645e-01,7.631892428514963633e-01,7.359859253494731579e-01,7.359849125100645928e-01,7.632025559889488164e-01,7.655050916364358748e-01,7.642924142761734485e-01,7.501987806470178377e-01,1.000000000000002442e+00,7.501987806470186149e-01,7.642924142761733375e-01,7.655050916364356528e-01,7.632025559889480393e-01,7.359849125100630385e-01,7.359859253494749343e-01,7.631892428514973625e-01,7.651958372067342307e-01,7.655823791584119853e-01,7.643092215857402172e-01,7.501987806470186149e-01,1.000000000000002442e+00,7.501681378801829947e-01,7.642039849133311913e-01,7.635039989463016097e-01,7.359858998160402344e-01,7.359668368666131277e-01,7.631720752878480285e-01,7.651656972007664370e-01,7.652564373893665506e-01,7.655823791584113192e-01,7.642924142761733375e-01,7.501681378801829947e-01,1.000000000000002442e+00,7.500490895505604882e-01,7.621719026061006819e-01,7.363216256675406690e-01,7.358883670842749636e-01,7.630913826571110725e-01,7.650878270510158563e-01,7.651656972007666591e-01,7.651958372067335645e-01,7.655050916364356528e-01,7.642039849133311913e-01,7.500490895505604882e-01,1.000000000000002442e+00,7.476742555835392823e-01,7.348142097394311234e-01,7.339670927220964813e-01,7.610993101100348435e-01,7.630913826571106284e-01,7.631720752878479175e-01,7.631892428514963633e-01,7.632025559889480393e-01,7.635039989463016097e-01,7.621719026061006819e-01,7.476742555835392823e-01,1.000000000000002442e+00,7.143765627348062086e-01,7.078020421942565754e-01,7.339670927220955932e-01,7.358883670842735203e-01,7.359668368666119065e-01,7.359859253494731579e-01,7.359849125100630385e-01,7.359858998160402344e-01,7.363216256675406690e-01,7.348142097394311234e-01,7.143765627348062086e-01,1.000000000000002442e+00
1.000000000000004885e+00,9.662845261162599231e-01,9.670718285434565242e-01,9.671142261659079198e-01,9.670820428679920422e-01,9.670858489309808181e-01,9.670856612760284632e-01,9.670836322704718935e-01,9.671144737597513474e-01,9.664359453820982049e-01,9.503183546925819680e-01,9.662845261162599231e-01,1.000000000000004885e+00,9.834846541468655889e-01,9.834792448946281240e-01,9.835071520225474595e-01,9.834875362384865038e-01,9.834871200807941971e-01,9.834855477137383062e-01,9.835169335013999037e-01,9.828268928048018438e-01,9.664359453820977608e-01,9.670718285434565242e-01,9.834846541468655889e-01,1.000000000000004885e+00,9.841478745815593898e-01,9.841768911394404018e-01,9.841975816151067313e-01,9.841766784752203900e-01,9.841755090976492815e-01,9.842074328862617794e-01,9.835169335013997927e-01,9.671144737597506813e-01,9.671142261659079198e-01,9.834792448946281240e-01,9.841478745815593898e-01,1.000000000000004885e+00,9.841184583496734861e-01,9.841472366700753094e-01,9.841647719959505380e-01,9.841431378066194391e-01,9.841755090976493925e-01,9.834855477137380841e-01,9.670836322704711163e-01,9.670820428679920422e-01,9.835071520225474595e-01,9.841768911394404018e-01,9.841184583496734861e-01,1.000000000000004885e+00,9.841219826396609971e-01,9.841480665017654506e-01,9.841647719959500940e-01,9.841766784752199460e-01,9.834871200807935310e-01,9.670856612760272419e-01,9.670858489309808181e-01,9.834875362384865038e-01,9.841975816151067313e-01,9.841472366700753094e-01,9.841219826396609971e-01,1.000000000000004885e+00,9.841219826396613302e-01,9.841472366700751984e-01,9.841975816151065093e-01,9.834875362384859487e-01,9.670858489309798189e-01,9.670856612760284632e-01,9.834871200807941971e-01,9.841766784752203900e-01,9.841647719959505380e-01,9.841480665017654506e-01,9.841219826396613302e-01,1.000000000000004885e+00,9.841184583496738192e-01,9.841768911394406238e-01,9.835071520225472375e-01,9.670820428679917091e-01,9.670836322704718935e-01,9.834855477137383062e-01,9.841755090976492815e-01,9.841431378066194391e-01,9.841647719959500940e-01,9.841472366700751984e-01,9.841184583496738192e-01,1.000000000000004885e+00,9.841478745815591678e-01,9.834792448946276799e-01,9.671142261659070316e-01,9.671144737597513474e-01,9.835169335013999037e-01,9.842074328862617794e-01,9.841755090976493925e-01,9.841766784752199460e-01,9.841975816151065093e-01,9.841768911394406238e-01,9.841478745815591678e-01,1.000000000000004885e+00,9.834846541468648118e-01,9.670718285434554140e-01,9.664359453820982049e-01,9.828268928048018438e-01,9.835169335013997927e-01,9.834855477137380841e-01,9.834871200807935310e-01,9.834875362384859487e-01,9.835071520225472375e-01,9.834792448946276799e-01,9.834846541468648118e-01,1.000000000000004885e+00,9.662845261162587018e-01,9.503183546925819680e-01,9.664359453820977608e-01,9.671144737597506813e-01,9.670836322704711163e-01,9.670856612760272419e-01,9.670858489309798189e-01,9.670820428679917091e-01,9.671142261659070316e-01,9.670718285434554140e-01,9.662845261162587018e-01,1.000000000000004885e+00
1.000000000000003553e+00,9.279478055048191454e-01,9.283078322659162884e-01,9.284395022299734013e-01,9.284336695694604957e-01,9.284424102136343837e-01,9.284464138664385580e-01,9.284428890392006917e-01,9.282551382730129808e-01,9.289092842302124620e-01,9.536205349432711476e-01,9.279478055048191454e-01,1.000000000000003553e+00,9.020431613389039427e-01,9.045746138217888310e-01,9.043691335229709916e-01,9.043695136216852726e-01,9.043853329986147882e-01,9.043845045696701224e-01,9.042013755255020602e-01,9.048384541772989120e-01,9.289092842302120179e-01,9.283078322659162884e-01,9.020431613389039427e-01,1.000000000000003553e+00,9.015641942482375271e-01,9.039428686194797002e-01,9.037338112125545830e-01,9.037343009262310822e-01,9.037450544776504113e-01,9.035648983686818125e-01,9.042013755255026153e-01,9.282551382730132028e-01,9.284395022299734013e-01,9.045746138217888310e-01,9.015641942482375271e-01,1.000000000000003553e+00,9.017591124949062564e-01,9.041221049905567853e-01,9.039189344630694789e-01,9.039137488732346126e-01,9.037450544776503003e-01,9.043845045696707885e-01,9.284428890392009137e-01,9.284336695694604957e-01,9.043691335229709916e-01,9.039428686194797002e-01,9.017591124949062564e-01,1.000000000000003553e+00,9.017606009922543020e-01,9.041271659270654348e-01,9.039189344630704781e-01,9.037343009262320814e-01,9.043853329986164535e-01,9.284464138664397792e-01,9.284424102136343837e-01,9.043695136216852726e-01,9.037338112125545830e-01,9.041221049905567853e-01,9.017606009922543020e-01,1.000000000000003553e+00,9.017606009922535248e-01,9.041221049905573404e-01,9.037338112125552492e-01,9.043695136216864938e-01,9.284424102136351609e-01,9.284464138664385580e-01,9.043853329986147882e-01,9.037343009262310822e-01,9.039189344630694789e-01,9.041271659270654348e-01,9.017606009922535248e-01,1.000000000000003553e+00,9.017591124949061454e-01,9.039428686194795892e-01,9.043691335229714356e-01,9.284336695694606068e-01,9.284428890392006917e-01,9.043845045696701224e-01,9.037450544776504113e-01,9.039137488732346126e-01,9.039189344630704781e-01,9.041221049905573404e-01,9.017591124949061454e-01,1.000000000000003553e+00,9.015641942482384152e-01,9.045746138217900523e-01,9.284395022299744005e-01,9.282551382730129808e-01,9.042013755255020602e-01,9.035648983686818125e-01,9.037450544776503003e-01,9.037343009262320814e-01,9.037338112125552492e-01,9.039428686194795892e-01,9.015641942482384152e-01,1.000000000000003553e+00,9.020431613389054970e-01,9.283078322659173987e-01,9.289092842302124620e-01,9.048384541772989120e-01,9.042013755255026153e-01,9.043845045696707885e-01,9.043853329986164535e-01,9.043695136216864938e-01,9.043691335229714356e-01,9.045746138217900523e-01,9.020431613389054970e-01,1.000000000000003553e+00,9.279478055048210328e-01,9.536205349432711476e-01,9.289092842302120179e-01,9.282551382730132028e-01,9.284428890392009137e-01,9.284464138664397792e-01,9.284424102136351609e-01,9.284336695694606068e-01,9.284395022299744005e-01,9.283078322659173987e-01,9.279478055048210328e-01,1.000000000000003553e+00
1.000000000000004441e+00,6.597320157691978215e-01,6.928453354963917121e-01,6.919044152961448813e-01,6.925647552939979690e-01,6.925649935218348707e-01,6.925555810476213825e-01,6.925259532213150493e-01,6.918293478566608368e-01,6.879210367593412423e-01,7.154395011393027692e-01,6.597320157691978215e-01,1.000000000000004441e+00,6.318517580763002295e-01,6.665546848795123047e-01,6.652375774365892891e-01,6.659159228464649471e-01,6.659231278450304936e-01,6.658896556721868309e-01,6.652186141023919141e-01,6.614608352215998188e-01,6.879210367593404651e-01,6.928453354963917121e-01,6.318517580763002295e-01,1.000000000000004441e+00,6.372798060869023784e-01,6.703018344165430076e-01,6.690335663331996585e-01,6.696949139169093845e-01,6.696793090786261615e-01,6.689992096994802351e-01,6.652186141023924693e-01,6.918293478566606147e-01,6.919044152961448813e-01,6.665546848795123047e-01,6.372798060869023784e-01,1.000000000000004441e+00,6.381348870351729596e-01,6.709716869725061983e-01,6.697074222427332746e-01,6.703421906265100150e-01,6.696793090786259395e-01,6.658896556721871640e-01,6.925259532213146052e-01,6.925647552939979690e-01,6.652375774365892891e-01,6.703018344165430076e-01,6.381348870351729596e-01,1.000000000000004441e+00,6.381703639941942452e-01,6.709959939970410181e-01,6.697074222427340517e-01,6.696949139169100507e-01,6.659231278450316038e-01,6.925555810476218266e-01,6.925649935218348707e-01,6.659159228464649471e-01,6.690335663331996585e-01,6.709716869725061983e-01,6.381703639941942452e-01,1.000000000000004441e+00,6.381703639941938011e-01,6.709716869725068644e-01,6.690335663331999916e-01,6.659159228464660574e-01,6.925649935218349817e-01,6.925555810476213825e-01,6.659231278450304936e-01,6.696949139169093845e-01,6.697074222427332746e-01,6.709959939970410181e-01,6.381703639941938011e-01,1.000000000000004441e+00,6.381348870351729596e-01,6.703018344165427855e-01,6.652375774365897332e-01,6.925647552939975249e-01,6.925259532213150493e-01,6.658896556721868309e-01,6.696793090786261615e-01,6.703421906265100150e-01,6.697074222427340517e-01,6.709716869725068644e-01,6.381348870351729596e-01,1.000000000000004441e+00,6.372798060869034886e-01,6.665546848795137480e-01,6.919044152961453253e-01,6.918293478566608368e-01,6.652186141023919141e-01,6.689992096994802351e-01,6.696793090786259395e-01,6.696949139169100507e-01,6.690335663331999916e-01,6.703018344165427855e-01,6.372798060869034886e-01,1.000000000000004441e+00,6.318517580763015618e-01,6.928453354963917121e-01,6.879210367593412423e-01,6.614608352215998188e-01,6.652186141023924693e-01,6.658896556721871640e-01,6.659231278450316038e-01,6.659159228464660574e-01,6.652375774365897332e-01,6.665546848795137480e-01,6.318517580763015618e-01,1.000000000000004441e+00,6.597320157691989317e-01,7.154395011393027692e-01,6.879210367593404651e-01,6.918293478566606147e-01,6.925259532213146052e-01,6.925555810476218266e-01,6.925649935218349817e-01,6.925647552939975249e-01,6.919044152961453253e-01,6.928453354963917121e-01,6.597320157691989317e-01,1.000000000000004441e+00
1.000000000000005995e+00,5.854127883756568007e-01,6.366517116983484437e-01,6.376794376288923427e-01,6.379408359489914249e-01,6.377696740572150746e-01,6.377525866823454681e-01,6.377478892458445792e-01,6.368448784402400698e-01,6.275365551395407637e-01,6.126532621461376893e-01,5.854127883756568007e-01,1.000000000000005995e+00,6.162291285162576626e-01,6.520127232389330008e-01,6.532114634317499613e-01,6.534206007491700774e-01,6.532627725168793642e-01,6.532360214231260898e-01,6.523139090566189013e-01,6.427809233683593471e-01,6.275365551395387653e-01,6.366517116983484437e-01,6.162291285162576626e-01,1.000000000000005995e+00,6.292516407967784220e-01,6.616864014425982710e-01,6.629133944570879677e-01,6.631046593238079101e-01,6.629433873979235781e-01,6.619859396774969706e-01,6.523139090566186793e-01,6.368448784402377383e-01,6.376794376288923427e-01,6.520127232389330008e-01,6.292516407967784220e-01,1.000000000000005995e+00,6.304201902832629045e-01,6.626385601066009379e-01,6.638555036063439330e-01,6.640362544088933561e-01,6.629433873979224678e-01,6.532360214231248685e-01,6.377478892458410265e-01,6.379408359489914249e-01,6.532114634317499613e-01,6.616864014425982710e-01,6.304201902832629045e-01,1.000000000000005995e+00,6.304373178227524743e-01,6.626462580071410535e-01,6.638555036063433779e-01,6.631046593238059117e-01,6.532627725168774768e-01,6.377525866823413603e-01,6.377696740572150746e-01,6.534206007491700774e-01,6.629133944570879677e-01,6.626385601066009379e-01,6.304373178227524743e-01,1.000000000000005995e+00,6.304373178227536956e-01,6.626385601066013820e-01,6.629133944570863024e-01,6.534206007491685231e-01,6.377696740572116330e-01,6.377525866823454681e-01,6.532627725168793642e-01,6.631046593238079101e-01,6.638555036063439330e-01,6.626462580071410535e-01,6.304373178227536956e-01,1.000000000000005995e+00,6.304201902832644588e-01,6.616864014425982710e-01,6.532114634317498503e-01,6.379408359489887603e-01,6.377478892458445792e-01,6.532360214231260898e-01,6.629433873979235781e-01,6.640362544088933561e-01,6.638555036063433779e-01,6.626385601066013820e-01,6.304201902832644588e-01,1.000000000000005995e+00,6.292516407967775338e-01,6.520127232389318905e-01,6.376794376288892341e-01,6.368448784402400698e-01,6.523139090566189013e-01,6.619859396774969706e-01,6.629433873979224678e-01,6.631046593238059117e-01,6.629133944570863024e-01,6.616864014425982710e-01,6.292516407967775338e-01,1.000000000000005995e+00,6.162291285162549981e-01,6.366517116983445579e-01,6.275365551395407637e-01,6.427809233683593471e-01,6.523139090566186793e-01,6.532360214231248685e-01,6.532627725168774768e-01,6.534206007491685231e-01,6.532114634317498503e-01,6.520127232389318905e-01,6.162291285162549981e-01,1.000000000000005995e+00,5.854127883756511386e-01,6.126532621461376893e-01,6.275365551395387653e-01,6.368448784402377383e-01,6.377478892458410265e-01,6.377525866823413603e-01,6.377696740572116330e-01,6.379408359489887603e-01,6.376794376288892341e-01,6.366517116983445579e-01,5.854127883756511386e-01,1.000000000000005995e+00
1.000000000000008438e+00,8.113309158851637060e-01,8.261896304381139977e-01,8.278050831547772992e-01,8.272689687521503910e-01,8.272011573565284381e-01,8.272254155751059823e-01,8.273092321501757107e-01,8.270815438949493670e-01,8.191144606531820527e-01,7.692528598980358234e-01,8.113309158851637060e-01,1.000000000000008438e+00,8.771581246651707353e-01,8.803100418230660473e-01,8.812297823992627510e-01,8.808947569465722660e-01,8.808387970269786482e-01,8.809298603041185727e-01,8.806910408008133961e-01,8.722080166909728094e-01,8.191144606531780559e-01,8.261896304381139977e-01,8.771581246651707353e-01,1.000000000000008438e+00,8.864872604806396383e-01,8.888904824273532457e-01,8.897709776713516039e-01,8.894641246496212128e-01,8.894902586766930686e-01,8.892531216095510560e-01,8.806910408008123969e-01,8.270815438949444820e-01,8.278050831547772992e-01,8.803100418230660473e-01,8.864872604806396383e-01,1.000000000000008438e+00,8.866601841925444427e-01,8.891418420324687100e-01,8.900228333775969114e-01,8.897919235564040186e-01,8.894902586766917363e-01,8.809298603041164633e-01,8.273092321501693824e-01,8.272689687521503910e-01,8.812297823992627510e-01,8.888904824273532457e-01,8.866601841925444427e-01,1.000000000000008438e+00,8.865666694323753871e-01,8.890649708724334133e-01,8.900228333775954681e-01,8.894641246496183262e-01,8.808387970269750955e-01,8.272254155750986548e-01,8.272011573565284381e-01,8.808947569465722660e-01,8.897709776713516039e-01,8.891418420324687100e-01,8.865666694323753871e-01,1.000000000000008438e+00,8.865666694323768304e-01,8.891418420324687100e-01,8.897709776713500496e-01,8.808947569465698235e-01,8.272011573565223319e-01,8.272254155751059823e-01,8.808387970269786482e-01,8.894641246496212128e-01,8.900228333775969114e-01,8.890649708724334133e-01,8.865666694323768304e-01,1.000000000000008438e+00,8.866601841925457750e-01,8.888904824273532457e-01,8.812297823992618628e-01,8.272689687521453950e-01,8.273092321501757107e-01,8.809298603041185727e-01,8.894902586766930686e-01,8.897919235564040186e-01,8.900228333775954681e-01,8.891418420324687100e-01,8.866601841925457750e-01,1.000000000000008438e+00,8.864872604806383061e-01,8.803100418230637159e-01,8.278050831547713040e-01,8.270815438949493670e-01,8.806910408008133961e-01,8.892531216095510560e-01,8.894902586766917363e-01,8.894641246496183262e-01,8.897709776713500496e-01,8.888904824273532457e-01,8.864872604806383061e-01,1.000000000000008438e+00,8.771581246651669606e-01,8.261896304381066702e-01,8.191144606531820527e-01,8.722080166909728094e-01,8.806910408008123969e-01,8.809298603041164633e-01,8.808387970269750955e-01,8.808947569465698235e-01,8.812297823992618628e-01,8.803100418230637159e-01,8.771581246651669606e-01,1.000000000000008438e+00,8.113309158851548242e-01,7.692528598980358234e-01,8.191144606531780559e-01,8.270815438949444820e-01,8.273092321501693824e-01,8.272254155750986548e-01,8.272011573565223319e-01,8.272689687521453950e-01,8.278050831547713040e-01,8.261896304381066702e-01,8.113309158851548242e-01,1.000000000000008438e+00
1.000000000000006661e+00,9.847079251539068157e-01,9.824733683884722124e-01,9.822306117297656680e-01,9.822927106003170872e-01,9.822901692998541323e-01,9.822839680771660031e-01,9.822584266334465353e-01,9.823669344380779878e-01,9.847362151419898346e-01,9.744396916790297736e-01,9.847079251539068157e-01,1.000000000000006661e+00,9.927589251267762149e-01,9.926337519627936867e-01,9.926959160438841856e-01,9.926691636872368996e-01,9.926620872855083100e-01,9.926373323394219739e-01,9.927472478147258972e-01,9.951415785976346351e-01,9.847362151419871701e-01,9.824733683884722124e-01,9.927589251267762149e-01,1.000000000000006661e+00,9.902500051522342694e-01,9.902571145239161821e-01,9.903182230267094655e-01,9.902805147758433346e-01,9.902483462460301977e-01,9.903582756711372115e-01,9.927472478147258972e-01,9.823669344380752122e-01,9.822306117297656680e-01,9.926337519627936867e-01,9.902500051522342694e-01,1.000000000000006661e+00,9.901646267862488360e-01,9.901487383206192261e-01,9.902060597524237062e-01,9.901462830684238936e-01,9.902483462460307528e-01,9.926373323394225290e-01,9.822584266334443148e-01,9.822927106003170872e-01,9.926959160438841856e-01,9.902571145239161821e-01,9.901646267862488360e-01,1.000000000000006661e+00,9.901925498030452744e-01,9.901713021853549845e-01,9.902060597524241503e-01,9.902805147758442228e-01,9.926620872855093092e-01,9.822839680771643378e-01,9.822901692998541323e-01,9.926691636872368996e-01,9.903182230267094655e-01,9.901487383206192261e-01,9.901925498030452744e-01,1.000000000000006661e+00,9.901925498030449413e-01,9.901487383206192261e-01,9.903182230267099095e-01,9.926691636872374547e-01,9.822901692998519119e-01,9.822839680771660031e-01,9.926620872855083100e-01,9.902805147758433346e-01,9.902060597524237062e-01,9.901713021853549845e-01,9.901925498030449413e-01,1.000000000000006661e+00,9.901646267862483919e-01,9.902571145239162931e-01,9.926959160438844076e-01,9.822927106003144226e-01,9.822584266334465353e-01,9.926373323394219739e-01,9.902483462460301977e-01,9.901462830684238936e-01,9.902060597524241503e-01,9.901487383206192261e-01,9.901646267862483919e-01,1.000000000000006661e+00,9.902500051522346025e-01,9.926337519627942418e-01,9.822306117297634476e-01,9.823669344380779878e-01,9.927472478147258972e-01,9.903582756711372115e-01,9.902483462460307528e-01,9.902805147758442228e-01,9.903182230267099095e-01,9.902571145239162931e-01,9.902500051522346025e-01,1.000000000000006661e+00,9.927589251267772141e-01,9.824733683884705471e-01,9.847362151419898346e-01,9.951415785976346351e-01,9.927472478147258972e-01,9.926373323394225290e-01,9.926620872855093092e-01,9.926691636872374547e-01,9.926959160438844076e-01,9.926337519627942418e-01,9.927589251267772141e-01,1.000000000000006661e+00,9.847079251539050393e-01,9.744396916790297736e-01,9.847362151419871701e-01,9.823669344380752122e-01,9.822584266334443148e-01,9.822839680771643378e-01,9.822901692998519119e-01,9.822927106003144226e-01,9.822306117297634476e-01,9.824733683884705471e-01,9.847079251539050393e-01,1.000000000000006661e+00
1.000000000000010880e+00,8.472614418285001614e-01,8.496040439045502435e-01,8.516828296590788216e-01,8.517464743708463848e-01,8.518582910278073017e-01,8.518675871492794593e-01,8.515850357103614821e-01,8.497560517088468268e-01,8.514691194579839806e-01,9.225491539702851407e-01,8.472614418285001614e-01,1.000000000000010880e+00,7.716280418362886362e-01,7.866531089115954556e-01,7.861471520487565146e-01,7.860525994726508259e-01,7.862093318658798236e-01,7.859793002510048199e-01,7.842871888228095667e-01,7.858662614912798050e-01,8.514691194579844247e-01,8.496040439045502435e-01,7.716280418362886362e-01,1.000000000000010880e+00,7.717390460714095290e-01,7.852803464745556905e-01,7.846250544880752908e-01,7.844552822560016958e-01,7.843648563911852500e-01,7.827134858204867207e-01,7.842871888228112320e-01,8.497560517088491583e-01,8.516828296590788216e-01,7.866531089115954556e-01,7.717390460714095290e-01,1.000000000000010880e+00,7.739290221820981364e-01,7.869516584332111320e-01,7.863071615342924758e-01,7.858848794753405809e-01,7.843648563911866933e-01,7.859793002510077065e-01,8.515850357103651458e-01,8.517464743708463848e-01,7.861471520487565146e-01,7.852803464745556905e-01,7.739290221820981364e-01,1.000000000000010880e+00,7.742346065368687080e-01,7.871956303390453824e-01,7.863071615342940301e-01,7.844552822560045824e-01,7.862093318658841534e-01,8.518675871492846774e-01,8.518582910278073017e-01,7.860525994726508259e-01,7.846250544880752908e-01,7.869516584332111320e-01,7.742346065368687080e-01,1.000000000000010880e+00,7.742346065368668206e-01,7.869516584332107989e-01,7.846250544880767341e-01,7.860525994726538235e-01,8.518582910278109654e-01,8.518675871492794593e-01,7.862093318658798236e-01,7.844552822560016958e-01,7.863071615342924758e-01,7.871956303390453824e-01,7.742346065368668206e-01,1.000000000000010880e+00,7.739290221820961380e-01,7.852803464745551354e-01,7.861471520487576248e-01,8.517464743708480501e-01,8.515850357103614821e-01,7.859793002510048199e-01,7.843648563911852500e-01,7.858848794753405809e-01,7.863071615342940301e-01,7.869516584332107989e-01,7.739290221820961380e-01,1.000000000000010880e+00,7.717390460714105282e-01,7.866531089115982311e-01,8.516828296590821523e-01,8.497560517088468268e-01,7.842871888228095667e-01,7.827134858204867207e-01,7.843648563911866933e-01,7.844552822560045824e-01,7.846250544880767341e-01,7.852803464745551354e-01,7.717390460714105282e-01,1.000000000000010880e+00,7.716280418362930771e-01,8.496040439045550174e-01,8.514691194579839806e-01,7.858662614912798050e-01,7.842871888228112320e-01,7.859793002510077065e-01,7.862093318658841534e-01,7.860525994726538235e-01,7.861471520487576248e-01,7.866531089115982311e-01,7.716280418362930771e-01,1.000000000000010880e+00,8.472614418285073778e-01,9.225491539702851407e-01,8.514691194579844247e-01,8.497560517088491583e-01,8.515850357103651458e-01,8.518675871492846774e-01,8.518582910278109654e-01,8.517464743708480501e-01,8.516828296590821523e-01,8.496040439045550174e-01,8.472614418285073778e-01,1.000000000000010880e+00
1.000000000000009770e+00,6.002701517990951530e-01,6.558234834308936945e-01,6.557289249466536907e-01,6.570625238984426630e-01,6.571759062620932124e-01,6.571181687155036588e-01,6.568536578525673297e-01,6.529425344510566553e-01,6.377998932891952855e-01,7.068836735419883333e-01,6.002701517990951530e-01,1.000000000000009770e+00,5.362595564787814295e-01,5.941393352396648897e-01,5.913865644340685623e-01,5.927889460894486540e-01,5.929864467144704276e-01,5.926814008438546777e-01,5.891281415524236564e-01,5.754658116370297005e-01,6.377998932891978390e-01,6.558234834308936945e-01,5.362595564787814295e-01,1.000000000000009770e+00,5.588562320249992332e-01,6.080224833623744107e-01,6.055435690307611196e-01,6.068476345797492177e-01,6.068309697459585150e-01,6.031405586834444055e-01,5.891281415524246556e-01,6.529425344510602081e-01,6.557289249466536907e-01,5.941393352396648897e-01,5.588562320249992332e-01,1.000000000000009770e+00,5.637899719525095721e-01,6.115907378202088962e-01,6.092096425705780804e-01,6.102585785507005367e-01,6.068309697459577379e-01,5.926814008438548997e-01,6.568536578525706604e-01,6.570625238984426630e-01,5.913865644340685623e-01,6.080224833623744107e-01,5.637899719525095721e-01,1.000000000000009770e+00,5.640646190299110074e-01,6.118284258972269685e-01,6.092096425705783025e-01,6.068476345797489957e-01,5.929864467144708717e-01,6.571181687155069895e-01,6.571759062620932124e-01,5.927889460894486540e-01,6.055435690307611196e-01,6.115907378202088962e-01,5.640646190299110074e-01,1.000000000000009770e+00,5.640646190299100082e-01,6.115907378202086742e-01,6.055435690307605645e-01,5.927889460894493201e-01,6.571759062620959879e-01,6.571181687155036588e-01,5.929864467144704276e-01,6.068476345797492177e-01,6.092096425705780804e-01,6.118284258972269685e-01,5.640646190299100082e-01,1.000000000000009770e+00,5.637899719525082398e-01,6.080224833623724123e-01,5.913865644340678962e-01,6.570625238984449945e-01,6.568536578525673297e-01,5.926814008438546777e-01,6.068309697459585150e-01,6.102585785507005367e-01,6.092096425705783025e-01,6.115907378202086742e-01,5.637899719525082398e-01,1.000000000000009770e+00,5.588562320249975679e-01,5.941393352396646677e-01,6.557289249466561332e-01,6.529425344510566553e-01,5.891281415524236564e-01,6.031405586834444055e-01,6.068309697459577379e-01,6.068476345797489957e-01,6.055435690307605645e-01,6.080224833623724123e-01,5.588562320249975679e-01,1.000000000000009770e+00,5.362595564787803193e-01,6.558234834308952488e-01,6.377998932891952855e-01,5.754658116370297005e-01,5.891281415524246556e-01,5.926814008438548997e-01,5.929864467144708717e-01,5.927889460894493201e-01,5.913865644340678962e-01,5.941393352396646677e-01,5.362595564787803193e-01,1.000000000000009770e+00,6.002701517990988167e-01,7.068836735419883333e-01,6.377998932891978390e-01,6.529425344510602081e-01,6.568536578525706604e-01,6.571181687155069895e-01,6.571759062620959879e-01,6.570625238984449945e-01,6.557289249466561332e-01,6.558234834308952488e-01,6.002701517990988167e-01,1.000000000000009770e+00
1.000000000000009548e+00,5.888074403593785977e-01,6.596037686958680091e-01,6.602551197855073273e-01,6.611025542547503964e-01,6.606069770293959698e-01,6.605649535462730926e-01,6.607501013986323279e-01,6.572676581696036413e-01,6.305002651205604547e-01,6.254487900380765186e-01,5.888074403593785977e-01,1.000000000000009548e+00,6.289784733520111804e-01,6.655996623029266646e-01,6.657089843756505143e-01,6.663423356539841524e-01,6.660372044253257684e-01,6.660740039036965321e-01,6.625639682691411014e-01,6.355898301123259486e-01,6.305002651205615649e-01,6.596037686958680091e-01,6.289784733520111804e-01,1.000000000000009548e+00,6.671741700884878945e-01,6.935874177049166089e-01,6.939345496753317466e-01,6.946395463459975606e-01,6.944844695689167402e-01,6.906886427446409238e-01,6.625639682691406573e-01,6.572676581696044185e-01,6.602551197855073273e-01,6.655996623029266646e-01,6.671741700884878945e-01,1.000000000000009548e+00,6.713760503919778966e-01,6.972375456899974067e-01,6.977160818355303551e-01,6.985040343534161256e-01,6.944844695689131875e-01,6.660740039036927573e-01,6.607501013986296634e-01,6.611025542547503964e-01,6.657089843756505143e-01,6.935874177049166089e-01,6.713760503919778966e-01,1.000000000000009548e+00,6.710797273201269952e-01,6.971400648644681119e-01,6.977160818355285787e-01,6.946395463459918984e-01,6.660372044253202173e-01,6.605649535462686517e-01,6.606069770293959698e-01,6.663423356539841524e-01,6.939345496753317466e-01,6.972375456899974067e-01,6.710797273201269952e-01,1.000000000000009548e+00,6.710797273201287716e-01,6.972375456899972956e-01,6.939345496753267506e-01,6.663423356539792675e-01,6.606069770293925281e-01,6.605649535462730926e-01,6.660372044253257684e-01,6.946395463459975606e-01,6.977160818355303551e-01,6.971400648644681119e-01,6.710797273201287716e-01,1.000000000000009548e+00,6.713760503919790068e-01,6.935874177049138334e-01,6.657089843756470726e-01,6.611025542547479539e-01,6.607501013986323279e-01,6.660740039036965321e-01,6.944844695689167402e-01,6.985040343534161256e-01,6.977160818355285787e-01,6.972375456899972956e-01,6.713760503919790068e-01,1.000000000000009548e+00,6.671741700884824544e-01,6.655996623029214465e-01,6.602551197855034415e-01,6.572676581696036413e-01,6.625639682691411014e-01,6.906886427446409238e-01,6.944844695689131875e-01,6.946395463459918984e-01,6.939345496753267506e-01,6.935874177049138334e-01,6.671741700884824544e-01,1.000000000000009548e+00,6.289784733520006332e-01,6.596037686958604596e-01,6.305002651205604547e-01,6.355898301123259486e-01,6.625639682691406573e-01,6.660740039036927573e-01,6.660372044253202173e-01,6.663423356539792675e-01,6.657089843756470726e-01,6.655996623029214465e-01,6.289784733520006332e-01,1.000000000000009548e+00,5.888074403593689388e-01,6.254487900380765186e-01,6.305002651205615649e-01,6.572676581696044185e-01,6.607501013986296634e-01,6.605649535462686517e-01,6.606069770293925281e-01,6.611025542547479539e-01,6.602551197855034415e-01,6.596037686958604596e-01,5.888074403593689388e-01,1.000000000000009548e+00
