1.000000000000000000e+00,1.000000000000000000e+00,1.000000000000000000e+00,1.000000000000000000e+00,1.000000000000000000e+00,1.000000000000000000e+00,1.000000000000000000e+00,1.000000000000000000e+00,1.000000000000000000e+00,1.000000000000000000e+00,1.000000000000000000e+00,1.000000000000000000e+00,1.000000000000000000e+00,1.000000000000000000e+00,1.000000000000000000e+00,1.000000000000000000e+00,1.000000000000000000e+00,1.000000000000000000e+00,1.000000000000000000e+00,1.000000000000000000e+00,1.000000000000000000e+00,1.000000000000000000e+00,1.000000000000000000e+00,1.000000000000000000e+00,1.000000000000000000e+00,1.000000000000000000e+00,1.000000000000000000e+00,1.000000000000000000e+00,1.000000000000000000e+00,1.000000000000000000e+00,1.000000000000000000e+00,1.000000000000000000e+00,1.000000000000000000e+00,1.000000000000000000e+00,1.000000000000000000e+00,1.000000000000000000e+00,1.000000000000000000e+00,1.000000000000000000e+00,1.000000000000000000e+00,1.000000000000000000e+00,1.000000000000000000e+00,1.000000000000000000e+00,1.000000000000000000e+00,1.000000000000000000e+00,1.000000000000000000e+00,1.000000000000000000e+00,1.000000000000000000e+00,1.000000000000000000e+00,1.000000000000000000e+00,1.000000000000000000e+00,1.000000000000000000e+00,1.000000000000000000e+00,1.000000000000000000e+00,1.000000000000000000e+00,1.000000000000000000e+00,1.000000000000000000e+00,1.000000000000000000e+00,1.000000000000000000e+00,1.000000000000000000e+00,1.000000000000000000e+00,1.000000000000000000e+00,1.000000000000000000e+00,1.000000000000000000e+00,1.000000000000000000e+00,1.000000000000000000e+00,1.000000000000000000e+00,1.000000000000000000e+00,1.000000000000000000e+00,1.000000000000000000e+00,1.000000000000000000e+00,1.000000000000000000e+00,1.000000000000000000e+00,1.000000000000000000e+00,1.000000000000000000e+00,1.000000000000000000e+00,1.000000000000000000e+00,1.000000000000000000e+00,1.000000000000000000e+00,1.000000000000000000e+00,1.000000000000000000e+00,1.000000000000000000e+00,1.000000000000000000e+00,1.000000000000000000e+00,1.000000000000000000e+00,1.000000000000000000e+00,1.000000000000000000e+00,1.000000000000000000e+00,1.000000000000000000e+00,1.000000000000000000e+00,1.000000000000000000e+00,1.000000000000000000e+00,1.000000000000000000e+00,1.000000000000000000e+00,1.000000000000000000e+00,1.000000000000000000e+00,1.000000000000000000e+00,1.000000000000000000e+00,1.000000000000000000e+00,1.000000000000000000e+00,1.000000000000000000e+00,1.000000000000000000e+00,1.000000000000000000e+00,1.000000000000000000e+00,1.000000000000000000e+00,1.000000000000000000e+00,1.000000000000000000e+00,1.000000000000000000e+00,1.000000000000000000e+00,1.000000000000000000e+00,1.000000000000000000e+00,1.000000000000000000e+00,1.000000000000000000e+00,1.000000000000000000e+00,1.000000000000000000e+00,1.000000000000000000e+00,1.000000000000000000e+00,1.000000000000000000e+00,1.000000000000000000e+00,1.000000000000000000e+00,1.000000000000000000e+00,1.000000000000000000e+00
1.000000000000007772e+00,8.205413387519434609e-01,8.281641026217927415e-01,8.282107694748683802e-01,8.282213453302823547e-01,8.282234219916457807e-01,8.282238417063816360e-01,8.282235196871848837e-01,8.282209704733733968e-01,8.281957920904632342e-01,8.268918646678208306e-01,8.205413387519434609e-01,1.000000000000007772e+00,8.219925331458450835e-01,8.294727881871200026e-01,8.295174896212982318e-01,8.295275214938923058e-01,8.295293867744741867e-01,8.295294024962039936e-01,8.295269475054581898e-01,8.295017629714038776e-01,8.281957920904632342e-01,8.281641026217927415e-01,8.219925331458450835e-01,1.000000000000007772e+00,8.220229258710827214e-01,8.294983550085893720e-01,8.295428155914472690e-01,8.295526746480077485e-01,8.295541463272982918e-01,8.295520331421577520e-01,8.295269475054580788e-01,8.282209704733731748e-01,8.282107694748683802e-01,8.294727881871200026e-01,8.220229258710827214e-01,1.000000000000007772e+00,8.220263033678841813e-01,8.295010434082794593e-01,8.295453389956932710e-01,8.295548037497491034e-01,8.295541463272982918e-01,8.295294024962038826e-01,8.282235196871848837e-01,8.282213453302823547e-01,8.295174896212982318e-01,8.294983550085893720e-01,8.220263033678841813e-01,1.000000000000007772e+00,8.220269285159262918e-01,8.295014361473076470e-01,8.295453389956929380e-01,8.295526746480076374e-01,8.295293867744739646e-01,8.282238417063813030e-01,8.282234219916457807e-01,8.295275214938923058e-01,8.295428155914472690e-01,8.295010434082794593e-01,8.220269285159262918e-01,1.000000000000007772e+00,8.220269285159264028e-01,8.295010434082794593e-01,8.295428155914471580e-01,8.295275214938921948e-01,8.282234219916456697e-01,8.282238417063816360e-01,8.295293867744741867e-01,8.295526746480077485e-01,8.295453389956932710e-01,8.295014361473076470e-01,8.220269285159264028e-01,1.000000000000007772e+00,8.220263033678842923e-01,8.294983550085895940e-01,8.295174896212982318e-01,8.282213453302824657e-01,8.282235196871848837e-01,8.295294024962039936e-01,8.295541463272982918e-01,8.295548037497491034e-01,8.295453389956929380e-01,8.295010434082794593e-01,8.220263033678842923e-01,1.000000000000007772e+00,8.220229258710824993e-01,8.294727881871197805e-01,8.282107694748682691e-01,8.282209704733733968e-01,8.295269475054581898e-01,8.295520331421577520e-01,8.295541463272982918e-01,8.295526746480076374e-01,8.295428155914471580e-01,8.294983550085895940e-01,8.220229258710824993e-01,1.000000000000007772e+00,8.219925331458450835e-01,8.281641026217926305e-01,8.281957920904632342e-01,8.295017629714038776e-01,8.295269475054580788e-01,8.295294024962038826e-01,8.295293867744739646e-01,8.295275214938921948e-01,8.295174896212982318e-01,8.294727881871197805e-01,8.219925331458450835e-01,1.000000000000007772e+00,8.205413387519433499e-01,8.268918646678208306e-01,8.281957920904632342e-01,8.282209704733731748e-01,8.282235196871848837e-01,8.282238417063813030e-01,8.282234219916456697e-01,8.282213453302824657e-01,8.282107694748682691e-01,8.281641026217926305e-01,8.205413387519433499e-01,1.000000000000007772e+00
1.000000000000002887e+00,6.022924063114195592e-01,6.409846152185406654e-01,6.419310176934603929e-01,6.419135547902479200e-01,6.419311181935326571e-01,6.419349649397446678e-01,6.419265581572494161e-01,6.418757353455331049e-01,6.412366979288438573e-01,6.298295662101021097e-01,6.022924063114195592e-01,1.000000000000002887e+00,6.174151879171726476e-01,6.526541525194556881e-01,6.535689185892257225e-01,6.535443978074284566e-01,6.535564424791164839e-01,6.535511350426109756e-01,6.535004869615319567e-01,6.528502811466471156e-01,6.412366979288433022e-01,6.409846152185406654e-01,6.174151879171726476e-01,1.000000000000002887e+00,6.182854805580888513e-01,6.533117007059766612e-01,6.542228341220811538e-01,6.541940753313236767e-01,6.541974096245137815e-01,6.541501628349725150e-01,6.535004869615312906e-01,6.418757353455321057e-01,6.419310176934603929e-01,6.526541525194556881e-01,6.182854805580888513e-01,1.000000000000002887e+00,6.183638634521209099e-01,6.533660883952822074e-01,6.542734330588743097e-01,6.542360047100697074e-01,6.541974096245142256e-01,6.535511350426107535e-01,6.419265581572486390e-01,6.419135547902479200e-01,6.535689185892257225e-01,6.533117007059766612e-01,6.183638634521209099e-01,1.000000000000002887e+00,6.183797278685801979e-01,6.533746924150103386e-01,6.542734330588737546e-01,6.541940753313233436e-01,6.535564424791158178e-01,6.419349649397433355e-01,6.419311181935326571e-01,6.535443978074284566e-01,6.542228341220811538e-01,6.533660883952822074e-01,6.183797278685801979e-01,1.000000000000002887e+00,6.183797278685808640e-01,6.533660883952824294e-01,6.542228341220812649e-01,6.535443978074280125e-01,6.419311181935318800e-01,6.419349649397446678e-01,6.535564424791164839e-01,6.541940753313236767e-01,6.542734330588743097e-01,6.533746924150103386e-01,6.183797278685808640e-01,1.000000000000002887e+00,6.183638634521216870e-01,6.533117007059775494e-01,6.535689185892263886e-01,6.419135547902476979e-01,6.419265581572494161e-01,6.535511350426109756e-01,6.541974096245137815e-01,6.542360047100697074e-01,6.542734330588737546e-01,6.533660883952824294e-01,6.183638634521216870e-01,1.000000000000002887e+00,6.182854805580891844e-01,6.526541525194556881e-01,6.419310176934597267e-01,6.418757353455331049e-01,6.535004869615319567e-01,6.541501628349725150e-01,6.541974096245142256e-01,6.541940753313233436e-01,6.542228341220812649e-01,6.533117007059775494e-01,6.182854805580891844e-01,1.000000000000002887e+00,6.174151879171726476e-01,6.409846152185402213e-01,6.412366979288438573e-01,6.528502811466471156e-01,6.535004869615312906e-01,6.535511350426107535e-01,6.535564424791158178e-01,6.535443978074280125e-01,6.535689185892263886e-01,6.526541525194556881e-01,6.174151879171726476e-01,1.000000000000002887e+00,6.022924063114183379e-01,6.298295662101021097e-01,6.412366979288433022e-01,6.418757353455321057e-01,6.419265581572486390e-01,6.419349649397433355e-01,6.419311181935318800e-01,6.419135547902476979e-01,6.419310176934597267e-01,6.409846152185402213e-01,6.022924063114183379e-01,1.000000000000002887e+00
1.000000000000002665e+00,7.324933094536464351e-01,7.504091072312509825e-01,7.519085505473972475e-01,7.516075292248520778e-01,7.516060156591132246e-01,7.516067132285194630e-01,7.515881099088659312e-01,7.515107799685218914e-01,7.496375813842023339e-01,7.244373441527276469e-01,7.324933094536464351e-01,1.000000000000002665e+00,7.642217309209897724e-01,7.767223445775309765e-01,7.780322593514255036e-01,7.777618897984721613e-01,7.777487586530015262e-01,7.777319040531711636e-01,7.776525185965227349e-01,7.757143697073417554e-01,7.496375813842010016e-01,7.504091072312509825e-01,7.642217309209897724e-01,1.000000000000002665e+00,7.665110648880486544e-01,7.787003707059995117e-01,7.799789208077996250e-01,7.797009647642549890e-01,7.796715416317422376e-01,7.795947260037646709e-01,7.776525185965219578e-01,7.515107799685197820e-01,7.519085505473972475e-01,7.767223445775309765e-01,7.665110648880486544e-01,1.000000000000002665e+00,7.666265901260728155e-01,7.787872397227545429e-01,7.800549537754152274e-01,7.797608283050093680e-01,7.796715416317425706e-01,7.777319040531708305e-01,7.515881099088639328e-01,7.516075292248520778e-01,7.780322593514255036e-01,7.787003707059995117e-01,7.666265901260728155e-01,1.000000000000002665e+00,7.666559843508874428e-01,7.788035406622080270e-01,7.800549537754146723e-01,7.797009647642545449e-01,7.777487586530006380e-01,7.516067132285171315e-01,7.516060156591132246e-01,7.777618897984721613e-01,7.799789208077996250e-01,7.787872397227545429e-01,7.666559843508874428e-01,1.000000000000002665e+00,7.666559843508878869e-01,7.787872397227545429e-01,7.799789208077999580e-01,7.777618897984712731e-01,7.516060156591114483e-01,7.516067132285194630e-01,7.777487586530015262e-01,7.797009647642549890e-01,7.800549537754152274e-01,7.788035406622080270e-01,7.666559843508878869e-01,1.000000000000002665e+00,7.666265901260732596e-01,7.787003707060002888e-01,7.780322593514256146e-01,7.516075292248506345e-01,7.515881099088659312e-01,7.777319040531711636e-01,7.796715416317422376e-01,7.797608283050093680e-01,7.800549537754146723e-01,7.787872397227545429e-01,7.666265901260732596e-01,1.000000000000002665e+00,7.665110648880487654e-01,7.767223445775304214e-01,7.519085505473954711e-01,7.515107799685218914e-01,7.776525185965227349e-01,7.795947260037646709e-01,7.796715416317425706e-01,7.797009647642545449e-01,7.799789208077999580e-01,7.787003707060002888e-01,7.665110648880487654e-01,1.000000000000002665e+00,7.642217309209894394e-01,7.504091072312496502e-01,7.496375813842023339e-01,7.757143697073417554e-01,7.776525185965219578e-01,7.777319040531708305e-01,7.777487586530006380e-01,7.777618897984712731e-01,7.780322593514256146e-01,7.767223445775304214e-01,7.642217309209894394e-01,1.000000000000002665e+00,7.324933094536437705e-01,7.244373441527276469e-01,7.496375813842010016e-01,7.515107799685197820e-01,7.515881099088639328e-01,7.516067132285171315e-01,7.516060156591114483e-01,7.516075292248506345e-01,7.519085505473954711e-01,7.504091072312496502e-01,7.324933094536437705e-01,1.000000000000002665e+00
1.000000000000005329e+00,9.775942796165727477e-01,9.781304479908188299e-01,9.781556843065669637e-01,9.781364886790804292e-01,9.781386116756874971e-01,9.781382250537797862e-01,9.781361686089328211e-01,9.781526576669782314e-01,9.776336858309044864e-01,9.651364487821038063e-01,9.775942796165727477e-01,1.000000000000005329e+00,9.908205389376407712e-01,9.908039496848313199e-01,9.908156734637351137e-01,9.908043381349050938e-01,9.908035747000970561e-01,9.908017227162810858e-01,9.908184376202584520e-01,9.902927443661307949e-01,9.776336858309034872e-01,9.781304479908188299e-01,9.908205389376407712e-01,1.000000000000005329e+00,9.913309787260913275e-01,9.913353561334254938e-01,9.913417376796025415e-01,9.913292554744765894e-01,9.913274262647412405e-01,9.913443958160021996e-01,9.908184376202582300e-01,9.781526576669772322e-01,9.781556843065669637e-01,9.908039496848313199e-01,9.913309787260913275e-01,1.000000000000005329e+00,9.913163620814806620e-01,9.913199492863893347e-01,9.913239433938983991e-01,9.913104054203392135e-01,9.913274262647412405e-01,9.908017227162807528e-01,9.781361686089317109e-01,9.781364886790804292e-01,9.908156734637351137e-01,9.913353561334254938e-01,9.913163620814806620e-01,1.000000000000005329e+00,9.913195443074996893e-01,9.913210719578544605e-01,9.913239433938982881e-01,9.913292554744763674e-01,9.908035747000965010e-01,9.781382250537784540e-01,9.781386116756874971e-01,9.908043381349050938e-01,9.913417376796025415e-01,9.913199492863893347e-01,9.913195443074996893e-01,1.000000000000005329e+00,9.913195443074999114e-01,9.913199492863892237e-01,9.913417376796025415e-01,9.908043381349049827e-01,9.781386116756863869e-01,9.781382250537797862e-01,9.908035747000970561e-01,9.913292554744765894e-01,9.913239433938983991e-01,9.913210719578544605e-01,9.913195443074999114e-01,1.000000000000005329e+00,9.913163620814805510e-01,9.913353561334253827e-01,9.908156734637350027e-01,9.781364886790793189e-01,9.781361686089328211e-01,9.908017227162810858e-01,9.913274262647412405e-01,9.913104054203392135e-01,9.913239433938982881e-01,9.913199492863892237e-01,9.913163620814805510e-01,1.000000000000005329e+00,9.913309787260909944e-01,9.908039496848312089e-01,9.781556843065657425e-01,9.781526576669782314e-01,9.908184376202584520e-01,9.913443958160021996e-01,9.913274262647412405e-01,9.913292554744763674e-01,9.913417376796025415e-01,9.913353561334253827e-01,9.913309787260909944e-01,1.000000000000005329e+00,9.908205389376404382e-01,9.781304479908174976e-01,9.776336858309044864e-01,9.902927443661307949e-01,9.908184376202582300e-01,9.908017227162807528e-01,9.908035747000965010e-01,9.908043381349049827e-01,9.908156734637350027e-01,9.908039496848312089e-01,9.908205389376404382e-01,1.000000000000005329e+00,9.775942796165713045e-01,9.651364487821038063e-01,9.776336858309034872e-01,9.781526576669772322e-01,9.781361686089317109e-01,9.781382250537784540e-01,9.781386116756863869e-01,9.781364886790793189e-01,9.781556843065657425e-01,9.781304479908174976e-01,9.775942796165713045e-01,1.000000000000005329e+00
1.000000000000005773e+00,9.070517952400641848e-01,9.086381685810879238e-01,9.086126526330366993e-01,9.086497903376995477e-01,9.086595368229082315e-01,9.086629892329037839e-01,9.086578538920672132e-01,9.084425280809136360e-01,9.088019231915221985e-01,9.346667646976065669e-01,9.070517952400641848e-01,1.000000000000005773e+00,8.799953850711708103e-01,8.838706660078948785e-01,8.834525179349782542e-01,8.835002459611093206e-01,8.835159768057201379e-01,8.835133765661010719e-01,8.833036238904838910e-01,8.836529205191063774e-01,9.088019231915234197e-01,9.086381685810879238e-01,8.799953850711708103e-01,1.000000000000005773e+00,8.798438462810866945e-01,8.835250853303023844e-01,8.831045497232183905e-01,8.831520981151670391e-01,8.831618011618022068e-01,8.829547628029973394e-01,8.833036238904835580e-01,9.084425280809146352e-01,9.086126526330366993e-01,8.838706660078948785e-01,8.798438462810866945e-01,1.000000000000005773e+00,8.800705845419097839e-01,8.837305758431666103e-01,8.833158598388906046e-01,8.833566488670108185e-01,8.831618011618023178e-01,8.835133765661007388e-01,9.086578538920682124e-01,9.086497903376995477e-01,8.834525179349782542e-01,8.835250853303023844e-01,8.800705845419097839e-01,1.000000000000005773e+00,8.800738091574999977e-01,8.837366817249194817e-01,8.833158598388911598e-01,8.831520981151677052e-01,8.835159768057205820e-01,9.086629892329054492e-01,9.086595368229082315e-01,8.835002459611093206e-01,8.831045497232183905e-01,8.837305758431666103e-01,8.800738091574999977e-01,1.000000000000005773e+00,8.800738091574998867e-01,8.837305758431669434e-01,8.831045497232190566e-01,8.835002459611097647e-01,9.086595368229097858e-01,9.086629892329037839e-01,8.835159768057201379e-01,8.831520981151670391e-01,8.833158598388906046e-01,8.837366817249194817e-01,8.800738091574998867e-01,1.000000000000005773e+00,8.800705845419103390e-01,8.835250853303029395e-01,8.834525179349786983e-01,9.086497903377012131e-01,9.086578538920672132e-01,8.835133765661010719e-01,8.831618011618022068e-01,8.833566488670108185e-01,8.833158598388911598e-01,8.837305758431669434e-01,8.800705845419103390e-01,1.000000000000005773e+00,8.798438462810879157e-01,8.838706660078959887e-01,9.086126526330389197e-01,9.084425280809136360e-01,8.833036238904838910e-01,8.829547628029973394e-01,8.831618011618023178e-01,8.831520981151677052e-01,8.831045497232190566e-01,8.835250853303029395e-01,8.798438462810879157e-01,1.000000000000005773e+00,8.799953850711721426e-01,9.086381685810901443e-01,9.088019231915221985e-01,8.836529205191063774e-01,8.833036238904835580e-01,8.835133765661007388e-01,8.835159768057205820e-01,8.835002459611097647e-01,8.834525179349786983e-01,8.838706660078959887e-01,8.799953850711721426e-01,1.000000000000005773e+00,9.070517952400664052e-01,9.346667646976065669e-01,9.088019231915234197e-01,9.084425280809146352e-01,9.086578538920682124e-01,9.086629892329054492e-01,9.086595368229097858e-01,9.086497903377012131e-01,9.086126526330389197e-01,9.086381685810901443e-01,9.070517952400664052e-01,1.000000000000005773e+00
1.000000000000005329e+00,6.447686841541639957e-01,6.809737210602255786e-01,6.800110657008713311e-01,6.807144495801438211e-01,6.806936701319870053e-01,6.806826907526871695e-01,6.806535240132827180e-01,6.799833748883183926e-01,6.756748059315579313e-01,6.956980709291215037e-01,6.447686841541639957e-01,1.000000000000005329e+00,6.259462206891754921e-01,6.615061030640292383e-01,6.604103432522463457e-01,6.611115576332128319e-01,6.610978642884391965e-01,6.610632508984671807e-01,6.604117613708146983e-01,6.562275732326557920e-01,6.756748059315593746e-01,6.809737210602255786e-01,6.259462206891754921e-01,1.000000000000005329e+00,6.319008352666163342e-01,6.656815040668190298e-01,6.646397154080327940e-01,6.653224945074494023e-01,6.652859901085329541e-01,6.646235689262824931e-01,6.604117613708139212e-01,6.799833748883188367e-01,6.800110657008713311e-01,6.615061030640292383e-01,6.319008352666163342e-01,1.000000000000005329e+00,6.327371336069205210e-01,6.663346668138392381e-01,6.652945083705007479e-01,6.659508360823811479e-01,6.652859901085332872e-01,6.610632508984666256e-01,6.806535240132838283e-01,6.807144495801438211e-01,6.604103432522463457e-01,6.656815040668190298e-01,6.327371336069205210e-01,1.000000000000005329e+00,6.327742265934173105e-01,6.663588379784040061e-01,6.652945083705008589e-01,6.653224945074500685e-01,6.610978642884385303e-01,6.806826907526881687e-01,6.806936701319870053e-01,6.611115576332128319e-01,6.646397154080327940e-01,6.663346668138392381e-01,6.327742265934173105e-01,1.000000000000005329e+00,6.327742265934178656e-01,6.663346668138397932e-01,6.646397154080336822e-01,6.611115576332130539e-01,6.806936701319883376e-01,6.806826907526871695e-01,6.610978642884391965e-01,6.653224945074494023e-01,6.652945083705007479e-01,6.663588379784040061e-01,6.327742265934178656e-01,1.000000000000005329e+00,6.327371336069216312e-01,6.656815040668201400e-01,6.604103432522466788e-01,6.807144495801458195e-01,6.806535240132827180e-01,6.610632508984671807e-01,6.652859901085329541e-01,6.659508360823811479e-01,6.652945083705008589e-01,6.663346668138397932e-01,6.327371336069216312e-01,1.000000000000005329e+00,6.319008352666178885e-01,6.615061030640296824e-01,6.800110657008733295e-01,6.799833748883183926e-01,6.604117613708146983e-01,6.646235689262824931e-01,6.652859901085332872e-01,6.653224945074500685e-01,6.646397154080336822e-01,6.656815040668201400e-01,6.319008352666178885e-01,1.000000000000005329e+00,6.259462206891764913e-01,6.809737210602277990e-01,6.756748059315579313e-01,6.562275732326557920e-01,6.604117613708139212e-01,6.610632508984666256e-01,6.610978642884385303e-01,6.611115576332130539e-01,6.604103432522466788e-01,6.615061030640296824e-01,6.259462206891764913e-01,1.000000000000005329e+00,6.447686841541657721e-01,6.956980709291215037e-01,6.756748059315593746e-01,6.799833748883188367e-01,6.806535240132838283e-01,6.806826907526881687e-01,6.806936701319883376e-01,6.807144495801458195e-01,6.800110657008733295e-01,6.809737210602277990e-01,6.447686841541657721e-01,1.000000000000005329e+00
1.000000000000006661e+00,6.433681476322743453e-01,6.817439144149133323e-01,6.838511661604943503e-01,6.838595678475560824e-01,6.837126947577474301e-01,6.837038748563067925e-01,6.837054534829001273e-01,6.829551520503523987e-01,6.743139822835956254e-01,6.510012875813904198e-01,6.433681476322743453e-01,1.000000000000006661e+00,6.828736019814055647e-01,7.063722988845220208e-01,7.083289199874369668e-01,7.083356433946034203e-01,7.081983531939508580e-01,7.081846911216076457e-01,7.074105909481274157e-01,6.984611750171670908e-01,6.743139822835955144e-01,6.817439144149133323e-01,6.828736019814055647e-01,1.000000000000006661e+00,6.944931549049828678e-01,7.154919673550592663e-01,7.174109402340109742e-01,7.174062453372421766e-01,7.172704183350235851e-01,7.164718780148742194e-01,7.074105909481260834e-01,6.829551520503508444e-01,6.838511661604943503e-01,7.063722988845220208e-01,6.944931549049828678e-01,1.000000000000006661e+00,6.954300774679567088e-01,7.162958253191882285e-01,7.182005622715035287e-01,7.181915733253728673e-01,7.172704183350235851e-01,7.081846911216063134e-01,6.837054534828983510e-01,6.838595678475560824e-01,7.083289199874369668e-01,7.154919673550592663e-01,6.954300774679567088e-01,1.000000000000006661e+00,6.954391390658292149e-01,7.162979730855996152e-01,7.182005622715024185e-01,7.174062453372406223e-01,7.081983531939481935e-01,6.837038748563040169e-01,6.837126947577474301e-01,7.083356433946034203e-01,7.174109402340109742e-01,7.162958253191882285e-01,6.954391390658292149e-01,1.000000000000006661e+00,6.954391390658304362e-01,7.162958253191884506e-01,7.174109402340104191e-01,7.083356433946011999e-01,6.837126947577455427e-01,6.837038748563067925e-01,7.081983531939508580e-01,7.174062453372421766e-01,7.182005622715035287e-01,7.162979730855996152e-01,6.954391390658304362e-01,1.000000000000006661e+00,6.954300774679575969e-01,7.154919673550602655e-01,7.083289199874363007e-01,6.838595678475553052e-01,6.837054534829001273e-01,7.081846911216076457e-01,7.172704183350235851e-01,7.181915733253728673e-01,7.182005622715024185e-01,7.162958253191884506e-01,6.954300774679575969e-01,1.000000000000006661e+00,6.944931549049823127e-01,7.063722988845202444e-01,6.838511661604923519e-01,6.829551520503523987e-01,7.074105909481274157e-01,7.164718780148742194e-01,7.172704183350235851e-01,7.174062453372406223e-01,7.174109402340104191e-01,7.154919673550602655e-01,6.944931549049823127e-01,1.000000000000006661e+00,6.828736019814027891e-01,6.817439144149117780e-01,6.743139822835956254e-01,6.984611750171670908e-01,7.074105909481260834e-01,7.081846911216063134e-01,7.081983531939481935e-01,7.083356433946011999e-01,7.083289199874363007e-01,7.063722988845202444e-01,6.828736019814027891e-01,1.000000000000006661e+00,6.433681476322699044e-01,6.510012875813904198e-01,6.743139822835955144e-01,6.829551520503508444e-01,6.837054534828983510e-01,6.837038748563040169e-01,6.837126947577455427e-01,6.838595678475553052e-01,6.838511661604923519e-01,6.817439144149117780e-01,6.433681476322699044e-01,1.000000000000006661e+00
1.000000000000005107e+00,8.994079332279055761e-01,9.055799989756996293e-01,9.064721022394137684e-01,9.061761954854361534e-01,9.061526930971047777e-01,9.061658688254836669e-01,9.062170174327981442e-01,9.061359981199138547e-01,9.012670511064569956e-01,8.605716022034989310e-01,8.994079332279055761e-01,1.000000000000005107e+00,9.484441545769389803e-01,9.488047544268789490e-01,9.491864866013329793e-01,9.490327745486061284e-01,9.490146234277272441e-01,9.490695536227997664e-01,9.489859997617879905e-01,9.438869436091777976e-01,9.012670511064552192e-01,9.055799989756996293e-01,9.484441545769389803e-01,1.000000000000005107e+00,9.537698443321875885e-01,9.539435477343567449e-01,9.542971739453808278e-01,9.541604982397630108e-01,9.541930067671771099e-01,9.541114168353235225e-01,9.489859997617868803e-01,9.061359981199110791e-01,9.064721022394137684e-01,9.488047544268789490e-01,9.537698443321875885e-01,1.000000000000005107e+00,9.538053285185144059e-01,9.540321446621916612e-01,9.543859651933264132e-01,9.542965860735059813e-01,9.541930067671766658e-01,9.490695536227982121e-01,9.062170174327945915e-01,9.061761954854361534e-01,9.491864866013329793e-01,9.539435477343567449e-01,9.538053285185144059e-01,1.000000000000005107e+00,9.537501656504157044e-01,9.539844558674119845e-01,9.543859651933253030e-01,9.541604982397613455e-01,9.490146234277244686e-01,9.061658688254792260e-01,9.061526930971047777e-01,9.490327745486061284e-01,9.542971739453808278e-01,9.540321446621916612e-01,9.537501656504157044e-01,1.000000000000005107e+00,9.537501656504162595e-01,9.540321446621912171e-01,9.542971739453798286e-01,9.490327745486040190e-01,9.061526930971011140e-01,9.061658688254836669e-01,9.490146234277272441e-01,9.541604982397630108e-01,9.543859651933264132e-01,9.539844558674119845e-01,9.537501656504162595e-01,1.000000000000005107e+00,9.538053285185149610e-01,9.539435477343568559e-01,9.491864866013319801e-01,9.061761954854332668e-01,9.062170174327981442e-01,9.490695536227997664e-01,9.541930067671771099e-01,9.542965860735059813e-01,9.543859651933253030e-01,9.540321446621912171e-01,9.538053285185149610e-01,1.000000000000005107e+00,9.537698443321864783e-01,9.488047544268767286e-01,9.064721022394099936e-01,9.061359981199138547e-01,9.489859997617879905e-01,9.541114168353235225e-01,9.541930067671766658e-01,9.541604982397613455e-01,9.542971739453798286e-01,9.539435477343568559e-01,9.537698443321864783e-01,1.000000000000005107e+00,9.484441545769364268e-01,9.055799989756954105e-01,9.012670511064569956e-01,9.438869436091777976e-01,9.489859997617868803e-01,9.490695536227982121e-01,9.490146234277244686e-01,9.490327745486040190e-01,9.491864866013319801e-01,9.488047544268767286e-01,9.484441545769364268e-01,1.000000000000005107e+00,8.994079332278999139e-01,8.605716022034989310e-01,9.012670511064552192e-01,9.061359981199110791e-01,9.062170174327945915e-01,9.061658688254792260e-01,9.061526930971011140e-01,9.061761954854332668e-01,9.064721022394099936e-01,9.055799989756954105e-01,8.994079332278999139e-01,1.000000000000005107e+00
1.000000000000007550e+00,9.739225217995199912e-01,9.708429601242760665e-01,9.713068759881905434e-01,9.713595389904066124e-01,9.713615425699100303e-01,9.713562874900680821e-01,9.712570632803383397e-01,9.708804867368983071e-01,9.739033159401025985e-01,9.966841750766232133e-01,9.739225217995199912e-01,1.000000000000007550e+00,9.481733679527656333e-01,9.492185758051494560e-01,9.492511828146905639e-01,9.491424618356247844e-01,9.491470206214686067e-01,9.490575815723945041e-01,9.486899669314323713e-01,9.516434034543092002e-01,9.739033159401008222e-01,9.708429601242760665e-01,9.481733679527656333e-01,1.000000000000007550e+00,9.455250329813000842e-01,9.463557320581571508e-01,9.463309408699286385e-01,9.461914367043617879e-01,9.461031652848264084e-01,9.457448030424011609e-01,9.486899669314330374e-01,9.708804867368973079e-01,9.713068759881905434e-01,9.492185758051494560e-01,9.455250329813000842e-01,1.000000000000007550e+00,9.460002664818387696e-01,9.467203353998733251e-01,9.466930277606817601e-01,9.464618240888699185e-01,9.461031652848268525e-01,9.490575815723958364e-01,9.712570632803380066e-01,9.713595389904066124e-01,9.492511828146905639e-01,9.463557320581571508e-01,9.460002664818387696e-01,1.000000000000007550e+00,9.461067011565980067e-01,9.468097932606321931e-01,9.466930277606832034e-01,9.461914367043636753e-01,9.491470206214713823e-01,9.713562874900691924e-01,9.713615425699100303e-01,9.491424618356247844e-01,9.463309408699286385e-01,9.467203353998733251e-01,9.461067011565980067e-01,1.000000000000007550e+00,9.461067011565972296e-01,9.467203353998736581e-01,9.463309408699298597e-01,9.491424618356266718e-01,9.713615425699104744e-01,9.713562874900680821e-01,9.491470206214686067e-01,9.461914367043617879e-01,9.466930277606817601e-01,9.468097932606321931e-01,9.461067011565972296e-01,1.000000000000007550e+00,9.460002664818384366e-01,9.463557320581573729e-01,9.492511828146916741e-01,9.713595389904061683e-01,9.712570632803383397e-01,9.490575815723945041e-01,9.461031652848264084e-01,9.464618240888699185e-01,9.466930277606832034e-01,9.467203353998736581e-01,9.460002664818384366e-01,1.000000000000007550e+00,9.455250329813017496e-01,9.492185758051520095e-01,9.713068759881915426e-01,9.708804867368983071e-01,9.486899669314323713e-01,9.457448030424011609e-01,9.461031652848268525e-01,9.461914367043636753e-01,9.463309408699298597e-01,9.463557320581573729e-01,9.455250329813017496e-01,1.000000000000007550e+00,9.481733679527687420e-01,9.708429601242775098e-01,9.739033159401025985e-01,9.516434034543092002e-01,9.486899669314330374e-01,9.490575815723958364e-01,9.491470206214713823e-01,9.491424618356266718e-01,9.492511828146916741e-01,9.492185758051520095e-01,9.481733679527687420e-01,1.000000000000007550e+00,9.739225217995223227e-01,9.966841750766232133e-01,9.739033159401008222e-01,9.708804867368973079e-01,9.712570632803380066e-01,9.713562874900691924e-01,9.713615425699104744e-01,9.713595389904061683e-01,9.713068759881915426e-01,9.708429601242775098e-01,9.739225217995223227e-01,1.000000000000007550e+00
1.000000000000011768e+00,7.447826863298501188e-01,7.659540157411992567e-01,7.660044041116674807e-01,7.666162691844589094e-01,7.667551261072930169e-01,7.667488555881611934e-01,7.665116537894338666e-01,7.642696008264193708e-01,7.592120423572963350e-01,8.296110574365676005e-01,7.447826863298501188e-01,1.000000000000011768e+00,6.731838424632120566e-01,7.034397291777619854e-01,7.008485534382091764e-01,7.015031746809047286e-01,7.016878883872977868e-01,7.014784275533580971e-01,6.994168803608277196e-01,6.947869670516054752e-01,7.592120423572967791e-01,7.659540157411992567e-01,6.731838424632120566e-01,1.000000000000011768e+00,6.811700922418445492e-01,7.081188609752437912e-01,7.055820021915166773e-01,7.061604281052669130e-01,7.061480184009101269e-01,7.040865627903063473e-01,6.994168803608280527e-01,7.642696008264204810e-01,7.660044041116674807e-01,7.034397291777619854e-01,6.811700922418445492e-01,1.000000000000011768e+00,6.838757012398199997e-01,7.101515374418191362e-01,7.076551586864775478e-01,7.080204536462049170e-01,7.061480184009109040e-01,7.014784275533593183e-01,7.665116537894361981e-01,7.666162691844589094e-01,7.008485534382091764e-01,7.081188609752437912e-01,6.838757012398199997e-01,1.000000000000011768e+00,6.841336680053702324e-01,7.103532511414877293e-01,7.076551586864796572e-01,7.061604281052701326e-01,7.016878883873010064e-01,7.667488555881656342e-01,7.667551261072930169e-01,7.015031746809047286e-01,7.055820021915166773e-01,7.101515374418191362e-01,6.841336680053702324e-01,1.000000000000011768e+00,6.841336680053687891e-01,7.101515374418199134e-01,7.055820021915184537e-01,7.015031746809076152e-01,7.667551261072962365e-01,7.667488555881611934e-01,7.016878883872977868e-01,7.061604281052669130e-01,7.076551586864775478e-01,7.103532511414877293e-01,6.841336680053687891e-01,1.000000000000011768e+00,6.838757012398195556e-01,7.081188609752439023e-01,7.008485534382101756e-01,7.666162691844609078e-01,7.665116537894338666e-01,7.014784275533580971e-01,7.061480184009101269e-01,7.080204536462049170e-01,7.076551586864796572e-01,7.101515374418199134e-01,6.838757012398195556e-01,1.000000000000011768e+00,6.811700922418475468e-01,7.034397291777650940e-01,7.660044041116715885e-01,7.642696008264193708e-01,6.994168803608277196e-01,7.040865627903063473e-01,7.061480184009109040e-01,7.061604281052701326e-01,7.055820021915184537e-01,7.081188609752439023e-01,6.811700922418475468e-01,1.000000000000011768e+00,6.731838424632168305e-01,7.659540157412039196e-01,7.592120423572963350e-01,6.947869670516054752e-01,6.994168803608280527e-01,7.014784275533593183e-01,7.016878883873010064e-01,7.015031746809076152e-01,7.008485534382101756e-01,7.034397291777650940e-01,6.731838424632168305e-01,1.000000000000011768e+00,7.447826863298568911e-01,8.296110574365676005e-01,7.592120423572967791e-01,7.642696008264204810e-01,7.665116537894361981e-01,7.667488555881656342e-01,7.667551261072962365e-01,7.666162691844609078e-01,7.660044041116715885e-01,7.659540157412039196e-01,7.447826863298568911e-01,1.000000000000011768e+00
1.000000000000012879e+00,5.994359889691948107e-01,6.594552605526466937e-01,6.594674582145325648e-01,6.609613888735454967e-01,6.607538498007617944e-01,6.606870739689525429e-01,6.606302823429952564e-01,6.575948393066146647e-01,6.386725089113118869e-01,6.604781233480229163e-01,5.994359889691948107e-01,1.000000000000012879e+00,5.958815191855940663e-01,6.379097608306142364e-01,6.376980246717025569e-01,6.390850409645414398e-01,6.389763978735788497e-01,6.388233205117270774e-01,6.358783319262040212e-01,6.175847006129590033e-01,6.386725089113131082e-01,6.594552605526466937e-01,5.958815191855940663e-01,1.000000000000012879e+00,6.228454120969489916e-01,6.567435365130797065e-01,6.566784067672029046e-01,6.580117377867569228e-01,6.578503291828281530e-01,6.547265023432057296e-01,6.358783319262029110e-01,6.575948393066144426e-01,6.594674582145325648e-01,6.379097608306142364e-01,6.228454120969489916e-01,1.000000000000012879e+00,6.266454733396349397e-01,6.597653090754657113e-01,6.597620121819898209e-01,6.610000915627428641e-01,6.578503291828283750e-01,6.388233205117260782e-01,6.606302823429954785e-01,6.609613888735454967e-01,6.376980246717025569e-01,6.567435365130797065e-01,6.266454733396349397e-01,1.000000000000012879e+00,6.266822780619354383e-01,6.598446330657598002e-01,6.597620121819898209e-01,6.580117377867571449e-01,6.389763978735774064e-01,6.606870739689525429e-01,6.607538498007617944e-01,6.390850409645414398e-01,6.566784067672029046e-01,6.597653090754657113e-01,6.266822780619354383e-01,1.000000000000012879e+00,6.266822780619357713e-01,6.597653090754665994e-01,6.566784067672031266e-01,6.390850409645405517e-01,6.607538498007617944e-01,6.606870739689525429e-01,6.389763978735788497e-01,6.580117377867569228e-01,6.597620121819898209e-01,6.598446330657598002e-01,6.266822780619357713e-01,1.000000000000012879e+00,6.266454733396353838e-01,6.567435365130804836e-01,6.376980246717017797e-01,6.609613888735458298e-01,6.606302823429952564e-01,6.388233205117270774e-01,6.578503291828281530e-01,6.610000915627428641e-01,6.597620121819898209e-01,6.597653090754665994e-01,6.266454733396353838e-01,1.000000000000012879e+00,6.228454120969495467e-01,6.379097608306135703e-01,6.594674582145327868e-01,6.575948393066146647e-01,6.358783319262040212e-01,6.547265023432057296e-01,6.578503291828283750e-01,6.580117377867571449e-01,6.566784067672031266e-01,6.567435365130804836e-01,6.228454120969495467e-01,1.000000000000012879e+00,5.958815191855929561e-01,6.594552605526475819e-01,6.386725089113118869e-01,6.175847006129590033e-01,6.358783319262029110e-01,6.388233205117260782e-01,6.389763978735774064e-01,6.390850409645405517e-01,6.376980246717017797e-01,6.379097608306135703e-01,5.958815191855929561e-01,1.000000000000012879e+00,5.994359889691935894e-01,6.604781233480229163e-01,6.386725089113131082e-01,6.575948393066144426e-01,6.606302823429954785e-01,6.606870739689525429e-01,6.607538498007617944e-01,6.609613888735458298e-01,6.594674582145327868e-01,6.594552605526475819e-01,5.994359889691935894e-01,1.000000000000012879e+00
1.000000000000009548e+00,7.746370520489831435e-01,8.030862273210561675e-01,8.062338234663815051e-01,8.058757328756196436e-01,8.055536417599136190e-01,8.055983022473515165e-01,8.058604052058789824e-01,8.044930701128505390e-01,7.862417023433347918e-01,7.402424323002156914e-01,7.746370520489831435e-01,1.000000000000009548e+00,8.492082802178544387e-01,8.545656145415768679e-01,8.560157514689248348e-01,8.558656862548225108e-01,8.556918593006309637e-01,8.559248610857537187e-01,8.544807430674833393e-01,8.350988843814286522e-01,7.862417023433331265e-01,8.030862273210561675e-01,8.492082802178544387e-01,1.000000000000009548e+00,8.719730301190976585e-01,8.744537797444554839e-01,8.757983350848851378e-01,8.757538517577302395e-01,8.758185723961842140e-01,8.743064609162890521e-01,8.544807430674810078e-01,8.044930701128465422e-01,8.062338234663815051e-01,8.545656145415768679e-01,8.719730301190976585e-01,1.000000000000009548e+00,8.732853514007031803e-01,8.759382069563191875e-01,8.773529255662159132e-01,8.775062890837435070e-01,8.758185723961841029e-01,8.559248610857512762e-01,8.058604052058746525e-01,8.058757328756196436e-01,8.560157514689248348e-01,8.744537797444554839e-01,8.732853514007031803e-01,1.000000000000009548e+00,8.729497640730348174e-01,8.757285833769994365e-01,8.773529255662144699e-01,8.757538517577284631e-01,8.556918593006272999e-01,8.055983022473461874e-01,8.055536417599136190e-01,8.558656862548225108e-01,8.757983350848851378e-01,8.759382069563191875e-01,8.729497640730348174e-01,1.000000000000009548e+00,8.729497640730358166e-01,8.759382069563188544e-01,8.757983350848844717e-01,8.558656862548188471e-01,8.055536417599087340e-01,8.055983022473515165e-01,8.556918593006309637e-01,8.757538517577302395e-01,8.773529255662159132e-01,8.757285833769994365e-01,8.729497640730358166e-01,1.000000000000009548e+00,8.732853514007036244e-01,8.744537797444558169e-01,8.560157514689227254e-01,8.058757328756156468e-01,8.058604052058789824e-01,8.559248610857537187e-01,8.758185723961842140e-01,8.775062890837435070e-01,8.773529255662144699e-01,8.759382069563188544e-01,8.732853514007036244e-01,1.000000000000009548e+00,8.719730301190962152e-01,8.545656145415733151e-01,8.062338234663761760e-01,8.044930701128505390e-01,8.544807430674833393e-01,8.743064609162890521e-01,8.758185723961841029e-01,8.757538517577284631e-01,8.757983350848844717e-01,8.744537797444558169e-01,8.719730301190962152e-01,1.000000000000009548e+00,8.492082802178504419e-01,8.030862273210512825e-01,7.862417023433347918e-01,8.350988843814286522e-01,8.544807430674810078e-01,8.559248610857512762e-01,8.556918593006272999e-01,8.558656862548188471e-01,8.560157514689227254e-01,8.545656145415733151e-01,8.492082802178504419e-01,1.000000000000009548e+00,7.746370520489745948e-01,7.402424323002156914e-01,7.862417023433331265e-01,8.044930701128465422e-01,8.058604052058746525e-01,8.055983022473461874e-01,8.055536417599087340e-01,8.058757328756156468e-01,8.062338234663761760e-01,8.030862273210512825e-01,7.746370520489745948e-01,1.000000000000009548e+00
