1.000000000000000000e+00,1.000000000000000000e+00,1.000000000000000000e+00,1.000000000000000000e+00,1.000000000000000000e+00,1.000000000000000000e+00,1.000000000000000000e+00,1.000000000000000000e+00,1.000000000000000000e+00,1.000000000000000000e+00,1.000000000000000000e+00,1.000000000000000000e+00,1.000000000000000000e+00,1.000000000000000000e+00,1.000000000000000000e+00,1.000000000000000000e+00,1.000000000000000000e+00,1.000000000000000000e+00,1.000000000000000000e+00,1.000000000000000000e+00,1.000000000000000000e+00,1.000000000000000000e+00,1.000000000000000000e+00,1.000000000000000000e+00,1.000000000000000000e+00,1.000000000000000000e+00,1.000000000000000000e+00,1.000000000000000000e+00,1.000000000000000000e+00,1.000000000000000000e+00,1.000000000000000000e+00,1.000000000000000000e+00,1.000000000000000000e+00,1.000000000000000000e+00,1.000000000000000000e+00,1.000000000000000000e+00,1.000000000000000000e+00,1.000000000000000000e+00,1.000000000000000000e+00,1.000000000000000000e+00,1.000000000000000000e+00,1.000000000000000000e+00,1.000000000000000000e+00,1.000000000000000000e+00,1.000000000000000000e+00,1.000000000000000000e+00,1.000000000000000000e+00,1.000000000000000000e+00,1.000000000000000000e+00,1.000000000000000000e+00,1.000000000000000000e+00,1.000000000000000000e+00,1.000000000000000000e+00,1.000000000000000000e+00,1.000000000000000000e+00,1.000000000000000000e+00,1.000000000000000000e+00,1.000000000000000000e+00,1.000000000000000000e+00,1.000000000000000000e+00,1.000000000000000000e+00,1.000000000000000000e+00,1.000000000000000000e+00,1.000000000000000000e+00,1.000000000000000000e+00,1.000000000000000000e+00,1.000000000000000000e+00,1.000000000000000000e+00,1.000000000000000000e+00,1.000000000000000000e+00,1.000000000000000000e+00,1.000000000000000000e+00,1.000000000000000000e+00,1.000000000000000000e+00,1.000000000000000000e+00,1.000000000000000000e+00,1.000000000000000000e+00,1.000000000000000000e+00,1.000000000000000000e+00,1.000000000000000000e+00,1.000000000000000000e+00,1.000000000000000000e+00,1.000000000000000000e+00,1.000000000000000000e+00,1.000000000000000000e+00,1.000000000000000000e+00,1.000000000000000000e+00,1.000000000000000000e+00,1.000000000000000000e+00,1.000000000000000000e+00,1.000000000000000000e+00,1.000000000000000000e+00,1.000000000000000000e+00,1.000000000000000000e+00,1.000000000000000000e+00,1.000000000000000000e+00,1.000000000000000000e+00,1.000000000000000000e+00,1.000000000000000000e+00,1.000000000000000000e+00,1.000000000000000000e+00,1.000000000000000000e+00,1.000000000000000000e+00,1.000000000000000000e+00,1.000000000000000000e+00,1.000000000000000000e+00,1.000000000000000000e+00,1.000000000000000000e+00,1.000000000000000000e+00,1.000000000000000000e+00,1.000000000000000000e+00,1.000000000000000000e+00,1.000000000000000000e+00,1.000000000000000000e+00,1.000000000000000000e+00,1.000000000000000000e+00,1.000000000000000000e+00,1.000000000000000000e+00,1.000000000000000000e+00,1.000000000000000000e+00,1.000000000000000000e+00
9.999999999999931166e-01,8.205232036715284227e-01,8.281476061209795958e-01,8.281941945856406972e-01,8.282047684708978563e-01,8.282068447298156499e-01,8.282072643700765235e-01,8.282069424438204264e-01,8.282043939333507687e-01,8.281792254758949534e-01,8.268751436602685967e-01,8.205232036715284227e-01,9.999999999999931166e-01,8.219745688873422163e-01,8.294564446773193822e-01,8.295010694971955978e-01,8.295110995147568778e-01,8.295129644420111692e-01,8.295129801914462586e-01,8.295105258857085051e-01,8.294853512808302298e-01,8.281792254758951755e-01,8.281476061209795958e-01,8.219745688873422163e-01,9.999999999999931166e-01,8.220049502385033957e-01,8.294820013600998632e-01,8.295263854992217523e-01,8.295362427493065960e-01,8.295377141771403950e-01,8.295356016115837949e-01,8.295105258857083941e-01,8.282043939333508797e-01,8.281941945856406972e-01,8.294564446773193822e-01,8.220049502385033957e-01,9.999999999999931166e-01,8.220083268473432625e-01,8.294846890152445251e-01,8.295289082103720624e-01,8.295383712593096259e-01,8.295377141771403950e-01,8.295129801914462586e-01,8.282069424438205374e-01,8.282047684708978563e-01,8.295010694971955978e-01,8.294820013600998632e-01,8.220083268473432625e-01,9.999999999999931166e-01,8.220089518410480522e-01,8.294850816522272297e-01,8.295289082103719513e-01,8.295362427493064850e-01,8.295129644420110582e-01,8.282072643700765235e-01,8.282068447298156499e-01,8.295110995147568778e-01,8.295263854992217523e-01,8.294846890152445251e-01,8.220089518410480522e-01,9.999999999999931166e-01,8.220089518410480522e-01,8.294846890152445251e-01,8.295263854992215302e-01,8.295110995147567667e-01,8.282068447298156499e-01,8.282072643700765235e-01,8.295129644420111692e-01,8.295362427493065960e-01,8.295289082103720624e-01,8.294850816522272297e-01,8.220089518410480522e-01,9.999999999999931166e-01,8.220083268473432625e-01,8.294820013600997521e-01,8.295010694971954868e-01,8.282047684708978563e-01,8.282069424438204264e-01,8.295129801914462586e-01,8.295377141771403950e-01,8.295383712593096259e-01,8.295289082103719513e-01,8.294846890152445251e-01,8.220083268473432625e-01,9.999999999999931166e-01,8.220049502385035067e-01,8.294564446773192712e-01,8.281941945856406972e-01,8.282043939333507687e-01,8.295105258857085051e-01,8.295356016115837949e-01,8.295377141771403950e-01,8.295362427493064850e-01,8.295263854992215302e-01,8.294820013600997521e-01,8.220049502385035067e-01,9.999999999999931166e-01,8.219745688873418832e-01,8.281476061209793738e-01,8.281792254758949534e-01,8.294853512808302298e-01,8.295105258857083941e-01,8.295129801914462586e-01,8.295129644420110582e-01,8.295110995147567667e-01,8.295010694971954868e-01,8.294564446773192712e-01,8.219745688873418832e-01,9.999999999999931166e-01,8.205232036715283117e-01,8.268751436602685967e-01,8.281792254758951755e-01,8.282043939333508797e-01,8.282069424438205374e-01,8.282072643700765235e-01,8.282068447298156499e-01,8.282047684708978563e-01,8.281941945856406972e-01,8.281476061209793738e-01,8.205232036715283117e-01,9.999999999999931166e-01
1.000000000000000000e+00,6.019265217980213079e-01,6.406933071949160174e-01,6.416370182046885473e-01,6.416195097049300911e-01,6.416370906331195778e-01,6.416409415193511379e-01,6.416325361251313808e-01,6.415817193654329564e-01,6.409428994128660850e-01,6.295294175688467275e-01,6.019265217980213079e-01,1.000000000000000000e+00,6.170605381574605364e-01,6.523692365776205815e-01,6.532816111402216519e-01,6.532570429135342582e-01,6.532691035295679072e-01,6.532637996214920584e-01,6.532131574686649289e-01,6.525631613625000327e-01,6.409428994128658630e-01,6.406933071949160174e-01,6.170605381574605364e-01,1.000000000000000000e+00,6.179307568706173814e-01,6.530265492629430124e-01,6.539353179716111963e-01,6.539065110133450709e-01,6.539098610514175736e-01,6.538626226859505230e-01,6.532131574686651510e-01,6.415817193654330675e-01,6.416370182046885473e-01,6.523692365776205815e-01,6.179307568706173814e-01,1.000000000000000000e+00,6.180091515009964453e-01,6.530809302791987792e-01,6.539859123273282782e-01,6.539484355268659899e-01,6.539098610514171295e-01,6.532637996214917253e-01,6.416325361251308257e-01,6.416195097049300911e-01,6.532816111402216519e-01,6.530265492629430124e-01,6.180091515009964453e-01,1.000000000000000000e+00,6.180250197444119298e-01,6.530895342024182204e-01,6.539859123273281671e-01,6.539065110133441827e-01,6.532691035295673521e-01,6.416409415193504717e-01,6.416370906331195778e-01,6.532570429135342582e-01,6.539353179716111963e-01,6.530809302791987792e-01,6.180250197444119298e-01,1.000000000000000000e+00,6.180250197444121518e-01,6.530809302791988902e-01,6.539353179716105302e-01,6.532570429135337031e-01,6.416370906331189117e-01,6.416409415193511379e-01,6.532691035295679072e-01,6.539065110133450709e-01,6.539859123273282782e-01,6.530895342024182204e-01,6.180250197444121518e-01,1.000000000000000000e+00,6.180091515009966674e-01,6.530265492629427904e-01,6.532816111402214299e-01,6.416195097049297580e-01,6.416325361251313808e-01,6.532637996214920584e-01,6.539098610514175736e-01,6.539484355268659899e-01,6.539859123273281671e-01,6.530809302791988902e-01,6.180091515009966674e-01,1.000000000000000000e+00,6.179307568706166043e-01,6.523692365776203594e-01,6.416370182046879922e-01,6.415817193654329564e-01,6.532131574686649289e-01,6.538626226859505230e-01,6.539098610514171295e-01,6.539065110133441827e-01,6.539353179716105302e-01,6.530265492629427904e-01,6.179307568706166043e-01,1.000000000000000000e+00,6.170605381574594261e-01,6.406933071949152403e-01,6.409428994128660850e-01,6.525631613625000327e-01,6.532131574686651510e-01,6.532637996214917253e-01,6.532691035295673521e-01,6.532570429135337031e-01,6.532816111402214299e-01,6.523692365776203594e-01,6.170605381574594261e-01,1.000000000000000000e+00,6.019265217980200866e-01,6.295294175688467275e-01,6.409428994128658630e-01,6.415817193654330675e-01,6.416325361251308257e-01,6.416409415193504717e-01,6.416370906331189117e-01,6.416195097049297580e-01,6.416370182046879922e-01,6.406933071949152403e-01,6.019265217980200866e-01,1.000000000000000000e+00
9.999999999999992228e-01,7.313671309730522818e-01,7.494345108777205056e-01,7.509350042086549992e-01,7.506318528821825931e-01,7.506303676092193067e-01,7.506310843995305238e-01,7.506124498755679664e-01,7.505350449869958585e-01,7.486586899627932779e-01,7.233970663188701300e-01,7.313671309730522818e-01,9.999999999999992228e-01,7.631939131465987902e-01,7.758141119032664346e-01,7.771258410558181673e-01,7.768535669084125628e-01,7.768404203969485611e-01,7.768235452549034914e-01,7.767440745267667479e-01,7.748024071952510639e-01,7.486586899627922786e-01,7.494345108777205056e-01,7.631939131465987902e-01,9.999999999999992228e-01,7.654887062143362897e-01,7.777956734810056449e-01,7.790760524003077503e-01,7.787961778077117092e-01,7.787667053831591746e-01,7.786898200721927843e-01,7.767440745267670810e-01,7.505350449869950813e-01,7.509350042086549992e-01,7.758141119032664346e-01,7.654887062143362897e-01,9.999999999999992228e-01,7.656044541153536054e-01,7.778826441350056298e-01,7.791521670742838079e-01,7.788560901700189998e-01,7.787667053831579533e-01,7.768235452549028253e-01,7.506124498755659680e-01,7.506318528821825931e-01,7.771258410558181673e-01,7.777956734810056449e-01,7.656044541153536054e-01,9.999999999999992228e-01,7.656339267190339637e-01,7.778989773375458716e-01,7.791521670742833638e-01,7.787961778077099328e-01,7.768404203969474509e-01,7.506310843995281923e-01,7.506303676092193067e-01,7.768535669084125628e-01,7.790760524003077503e-01,7.778826441350056298e-01,7.656339267190339637e-01,9.999999999999992228e-01,7.656339267190345188e-01,7.778826441350058518e-01,7.790760524003066401e-01,7.768535669084114526e-01,7.506303676092171973e-01,7.506310843995305238e-01,7.768404203969485611e-01,7.787961778077117092e-01,7.791521670742838079e-01,7.778989773375458716e-01,7.656339267190345188e-01,9.999999999999992228e-01,7.656044541153540495e-01,7.777956734810052009e-01,7.771258410558179452e-01,7.506318528821810387e-01,7.506124498755679664e-01,7.768235452549034914e-01,7.787667053831591746e-01,7.788560901700189998e-01,7.791521670742833638e-01,7.778826441350058518e-01,7.656044541153540495e-01,9.999999999999992228e-01,7.654887062143354015e-01,7.758141119032658795e-01,7.509350042086534449e-01,7.505350449869958585e-01,7.767440745267667479e-01,7.786898200721927843e-01,7.787667053831579533e-01,7.787961778077099328e-01,7.790760524003066401e-01,7.777956734810052009e-01,7.654887062143354015e-01,9.999999999999992228e-01,7.631939131465967918e-01,7.494345108777178410e-01,7.486586899627932779e-01,7.748024071952510639e-01,7.767440745267670810e-01,7.768235452549028253e-01,7.768404203969474509e-01,7.768535669084114526e-01,7.771258410558179452e-01,7.758141119032658795e-01,7.631939131465967918e-01,9.999999999999992228e-01,7.313671309730491732e-01,7.233970663188701300e-01,7.486586899627922786e-01,7.505350449869950813e-01,7.506124498755659680e-01,7.506310843995281923e-01,7.506303676092171973e-01,7.506318528821810387e-01,7.509350042086534449e-01,7.494345108777178410e-01,7.313671309730491732e-01,9.999999999999992228e-01
1.000000000000000444e+00,9.769619071466481008e-01,9.775112359578554955e-01,9.775373354362338896e-01,9.775174601464021729e-01,9.775196694252079599e-01,9.775192905338251359e-01,9.775172345765531512e-01,9.775345913158611788e-01,9.770059458977786715e-01,9.642870941170100796e-01,9.769619071466481008e-01,1.000000000000000444e+00,9.904291427913602952e-01,9.904123211748450117e-01,9.904249282879552529e-01,9.904131697328821815e-01,9.904124172188703001e-01,9.904105782201862995e-01,9.904281766871784187e-01,9.898925569189673812e-01,9.770059458977776723e-01,9.775112359578554955e-01,9.904291427913602952e-01,1.000000000000000444e+00,9.909487661710244533e-01,9.909537628506704943e-01,9.909609204957816608e-01,9.909480045671092974e-01,9.909462043760161043e-01,9.909640715891044893e-01,9.904281766871781967e-01,9.775345913158600686e-01,9.775373354362338896e-01,9.904123211748450117e-01,9.909487661710244533e-01,1.000000000000000444e+00,9.909332624786848509e-01,9.909374985420231763e-01,9.909422217007785028e-01,9.909282689296766700e-01,9.909462043760159933e-01,9.904105782201857444e-01,9.775172345765517079e-01,9.775174601464021729e-01,9.904249282879552529e-01,9.909537628506704943e-01,9.909332624786848509e-01,1.000000000000000444e+00,9.909364661702643184e-01,9.909386043137996536e-01,9.909422217007782807e-01,9.909480045671089643e-01,9.904124172188696340e-01,9.775192905338234706e-01,9.775196694252079599e-01,9.904131697328821815e-01,9.909609204957816608e-01,9.909374985420231763e-01,9.909364661702643184e-01,1.000000000000000444e+00,9.909364661702644295e-01,9.909374985420230653e-01,9.909609204957814388e-01,9.904131697328818484e-01,9.775196694252067386e-01,9.775192905338251359e-01,9.904124172188703001e-01,9.909480045671092974e-01,9.909422217007785028e-01,9.909386043137996536e-01,9.909364661702644295e-01,1.000000000000000444e+00,9.909332624786854060e-01,9.909537628506707163e-01,9.904249282879553640e-01,9.775174601464013957e-01,9.775172345765531512e-01,9.904105782201862995e-01,9.909462043760161043e-01,9.909282689296766700e-01,9.909422217007782807e-01,9.909374985420230653e-01,9.909332624786854060e-01,1.000000000000000444e+00,9.909487661710244533e-01,9.904123211748449007e-01,9.775373354362328904e-01,9.775345913158611788e-01,9.904281766871784187e-01,9.909640715891044893e-01,9.909462043760159933e-01,9.909480045671089643e-01,9.909609204957814388e-01,9.909537628506707163e-01,9.909487661710244533e-01,1.000000000000000444e+00,9.904291427913598511e-01,9.775112359578541632e-01,9.770059458977786715e-01,9.898925569189673812e-01,9.904281766871781967e-01,9.904105782201857444e-01,9.904124172188696340e-01,9.904131697328818484e-01,9.904249282879553640e-01,9.904123211748449007e-01,9.904291427913598511e-01,1.000000000000000444e+00,9.769619071466466576e-01,9.642870941170100796e-01,9.770059458977776723e-01,9.775345913158600686e-01,9.775172345765517079e-01,9.775192905338234706e-01,9.775196694252067386e-01,9.775174601464013957e-01,9.775373354362328904e-01,9.775112359578541632e-01,9.769619071466466576e-01,1.000000000000000444e+00
1.000000000000000000e+00,9.084318184620008285e-01,9.099295562225696576e-01,9.099160431234050161e-01,9.099502085288606601e-01,9.099599430508822362e-01,9.099634393702619173e-01,9.099584006729664054e-01,9.097445646890913729e-01,9.101224560216674142e-01,9.359475250308852967e-01,9.084318184620008285e-01,1.000000000000000000e+00,8.814161551482929680e-01,8.851968089156398989e-01,8.847932227026206187e-01,8.848377549360327832e-01,8.848535367961172238e-01,8.848510486304709266e-01,8.846427358984798595e-01,8.850100493672596880e-01,9.101224560216679693e-01,9.099295562225696576e-01,8.814161551482929680e-01,1.000000000000000000e+00,8.812441326587834300e-01,8.848333523667319955e-01,8.844272569017774810e-01,8.844716301518067425e-01,8.844814388704618224e-01,8.842758633816124592e-01,8.846427358984799705e-01,9.097445646890921500e-01,9.099160431234050161e-01,8.851968089156398989e-01,8.812441326587834300e-01,1.000000000000000000e+00,8.814690970465772768e-01,8.850374221274950326e-01,8.846371553797146570e-01,8.846748305671435775e-01,8.844814388704623775e-01,8.848510486304715927e-01,9.099584006729676267e-01,9.099502085288606601e-01,8.847932227026206187e-01,8.848333523667319955e-01,8.814690970465772768e-01,1.000000000000000000e+00,8.814722154200029802e-01,8.850434684843170308e-01,8.846371553797158782e-01,8.844716301518086299e-01,8.848535367961191112e-01,9.099634393702643598e-01,9.099599430508822362e-01,8.848377549360327832e-01,8.844272569017774810e-01,8.850374221274950326e-01,8.814722154200029802e-01,1.000000000000000000e+00,8.814722154200017590e-01,8.850374221274948106e-01,8.844272569017779251e-01,8.848377549360336713e-01,9.099599430508835685e-01,9.099634393702619173e-01,8.848535367961172238e-01,8.844716301518067425e-01,8.846371553797146570e-01,8.850434684843170308e-01,8.814722154200017590e-01,1.000000000000000000e+00,8.814690970465760556e-01,8.848333523667315514e-01,8.847932227026203966e-01,9.099502085288609932e-01,9.099584006729664054e-01,8.848510486304709266e-01,8.844814388704618224e-01,8.846748305671435775e-01,8.846371553797158782e-01,8.850374221274948106e-01,8.814690970465760556e-01,1.000000000000000000e+00,8.812441326587840962e-01,8.851968089156407871e-01,9.099160431234065705e-01,9.097445646890913729e-01,8.846427358984798595e-01,8.842758633816124592e-01,8.844814388704623775e-01,8.844716301518086299e-01,8.844272569017779251e-01,8.848333523667315514e-01,8.812441326587840962e-01,1.000000000000000000e+00,8.814161551482944112e-01,9.099295562225716560e-01,9.101224560216674142e-01,8.850100493672596880e-01,8.846427358984799705e-01,8.848510486304715927e-01,8.848535367961191112e-01,8.848377549360336713e-01,8.847932227026203966e-01,8.851968089156407871e-01,8.814161551482944112e-01,1.000000000000000000e+00,9.084318184620032710e-01,9.359475250308852967e-01,9.101224560216679693e-01,9.097445646890921500e-01,9.099584006729676267e-01,9.099634393702643598e-01,9.099599430508835685e-01,9.099502085288609932e-01,9.099160431234065705e-01,9.099295562225716560e-01,9.084318184620032710e-01,1.000000000000000000e+00
9.999999999999978906e-01,6.454860634025865185e-01,6.815458314092673886e-01,6.805752125856598944e-01,6.812777812795101084e-01,6.812581465361657873e-01,6.812472293700165826e-01,6.812180238409034638e-01,6.805460148293276390e-01,6.762586611683902849e-01,6.967576322162145619e-01,6.454860634025865185e-01,9.999999999999978906e-01,6.260835225657964687e-01,6.616394867188821749e-01,6.605218331253537301e-01,6.612233894351016161e-01,6.612108486910207583e-01,6.611762770017866053e-01,6.605233706319120213e-01,6.563625161539157205e-01,6.762586611683909510e-01,6.815458314092673886e-01,6.260835225657964687e-01,9.999999999999978906e-01,6.320102859992545730e-01,6.657912087704658255e-01,6.647274821983344406e-01,6.654106774403267810e-01,6.653753301504196083e-01,6.647115787764593664e-01,6.605233706319123543e-01,6.805460148293286382e-01,6.805752125856598944e-01,6.616394867188821749e-01,6.320102859992545730e-01,9.999999999999978906e-01,6.328481228241102929e-01,6.664455940503593023e-01,6.653836625975663166e-01,6.660403980758193843e-01,6.653753301504192752e-01,6.611762770017863833e-01,6.812180238409042410e-01,6.812777812795101084e-01,6.605218331253537301e-01,6.657912087704658255e-01,6.328481228241102929e-01,9.999999999999978906e-01,6.328851242262139021e-01,6.664697718312382335e-01,6.653836625975673158e-01,6.654106774403275582e-01,6.612108486910213134e-01,6.812472293700181369e-01,6.812581465361657873e-01,6.612233894351016161e-01,6.647274821983344406e-01,6.664455940503593023e-01,6.328851242262139021e-01,9.999999999999978906e-01,6.328851242262130139e-01,6.664455940503595244e-01,6.647274821983346627e-01,6.612233894351023933e-01,6.812581465361666755e-01,6.812472293700165826e-01,6.612108486910207583e-01,6.654106774403267810e-01,6.653836625975663166e-01,6.664697718312382335e-01,6.328851242262130139e-01,9.999999999999978906e-01,6.328481228241096268e-01,6.657912087704651594e-01,6.605218331253532860e-01,6.812777812795105525e-01,6.812180238409034638e-01,6.611762770017866053e-01,6.653753301504196083e-01,6.660403980758193843e-01,6.653836625975673158e-01,6.664455940503595244e-01,6.328481228241096268e-01,9.999999999999978906e-01,6.320102859992549060e-01,6.616394867188828410e-01,6.805752125856610046e-01,6.805460148293276390e-01,6.605233706319120213e-01,6.647115787764593664e-01,6.653753301504192752e-01,6.654106774403275582e-01,6.647274821983346627e-01,6.657912087704651594e-01,6.320102859992549060e-01,9.999999999999978906e-01,6.260835225657968017e-01,6.815458314092683878e-01,6.762586611683902849e-01,6.563625161539157205e-01,6.605233706319123543e-01,6.611762770017863833e-01,6.612108486910213134e-01,6.612233894351023933e-01,6.605218331253532860e-01,6.616394867188828410e-01,6.260835225657968017e-01,9.999999999999978906e-01,6.454860634025879618e-01,6.967576322162145619e-01,6.762586611683909510e-01,6.805460148293286382e-01,6.812180238409042410e-01,6.812472293700181369e-01,6.812581465361666755e-01,6.812777812795105525e-01,6.805752125856610046e-01,6.815458314092683878e-01,6.454860634025879618e-01,9.999999999999978906e-01
9.999999999999980016e-01,6.394545416738486310e-01,6.786343584106668825e-01,6.806866747528533823e-01,6.807087639030495740e-01,6.805600294014837459e-01,6.805507516218782804e-01,6.805520122811670181e-01,6.797920808025033068e-01,6.711011963394365454e-01,6.482433644712141119e-01,6.394545416738486310e-01,9.999999999999980016e-01,6.785410079819143014e-01,7.027567600101557455e-01,7.046805008199600318e-01,7.046977455488206976e-01,7.045588310472178373e-01,7.045444420476316694e-01,7.037607897232293075e-01,6.947646720408807708e-01,6.711011963394354352e-01,6.786343584106668825e-01,6.785410079819143014e-01,9.999999999999980016e-01,6.902588012148413998e-01,7.119219095969254729e-01,7.138116180835187841e-01,7.138170682041602433e-01,7.136793462904625907e-01,7.128706025028775928e-01,7.037607897232298626e-01,6.797920808025024186e-01,6.806866747528533823e-01,7.027567600101557455e-01,6.902588012148413998e-01,9.999999999999980016e-01,6.912100932914702067e-01,7.127354351619297201e-01,7.146110880913622010e-01,7.146118968301720109e-01,7.136793462904611474e-01,7.045444420476307812e-01,6.805520122811643535e-01,6.807087639030495740e-01,7.046805008199600318e-01,7.119219095969254729e-01,6.912100932914702067e-01,9.999999999999980016e-01,6.912195951119753934e-01,7.127378902504450942e-01,7.146110880913617569e-01,7.138170682041580228e-01,7.045588310472161719e-01,6.805507516218753938e-01,6.805600294014837459e-01,7.046977455488206976e-01,7.138116180835187841e-01,7.127354351619297201e-01,6.912195951119753934e-01,9.999999999999980016e-01,6.912195951119759485e-01,7.127354351619299422e-01,7.138116180835170077e-01,7.046977455488188102e-01,6.805600294014809704e-01,6.805507516218782804e-01,7.045588310472178373e-01,7.138170682041602433e-01,7.146110880913622010e-01,7.127378902504450942e-01,6.912195951119759485e-01,9.999999999999980016e-01,6.912100932914706508e-01,7.119219095969243627e-01,7.046805008199591436e-01,6.807087639030472426e-01,6.805520122811670181e-01,7.045444420476316694e-01,7.136793462904625907e-01,7.146118968301720109e-01,7.146110880913617569e-01,7.127354351619299422e-01,6.912100932914706508e-01,9.999999999999980016e-01,6.902588012148392904e-01,7.027567600101544132e-01,6.806866747528506068e-01,6.797920808025033068e-01,7.037607897232293075e-01,7.128706025028775928e-01,7.136793462904611474e-01,7.138170682041580228e-01,7.138116180835170077e-01,7.119219095969243627e-01,6.902588012148392904e-01,9.999999999999980016e-01,6.785410079819107487e-01,6.786343584106628857e-01,6.711011963394365454e-01,6.947646720408807708e-01,7.037607897232298626e-01,7.045444420476307812e-01,7.045588310472161719e-01,7.046977455488188102e-01,7.046805008199591436e-01,7.027567600101544132e-01,6.785410079819107487e-01,9.999999999999980016e-01,6.394545416738438570e-01,6.482433644712141119e-01,6.711011963394354352e-01,6.797920808025024186e-01,6.805520122811643535e-01,6.805507516218753938e-01,6.805600294014809704e-01,6.807087639030472426e-01,6.806866747528506068e-01,6.786343584106628857e-01,6.394545416738438570e-01,9.999999999999980016e-01
9.999999999999976685e-01,8.945769675559155365e-01,9.011267683113248772e-01,9.020696832008383570e-01,9.017585348226611064e-01,9.017331218023419970e-01,9.017470249484765832e-01,9.018004198501685664e-01,9.017135894649989103e-01,8.966559525669004493e-01,8.551733194105686220e-01,8.945769675559155365e-01,9.999999999999976685e-01,9.448214882127716763e-01,9.452557057081545366e-01,9.456694260672342534e-01,9.455055674346345418e-01,9.454858399932957180e-01,9.455432810102637475e-01,9.454536449753180305e-01,9.401508233014364002e-01,8.966559525668973407e-01,9.011267683113248772e-01,9.448214882127716763e-01,9.999999999999976685e-01,9.503740779917662085e-01,9.506012694513009675e-01,9.509855888623847120e-01,9.508395352964099656e-01,9.508726558406817020e-01,9.507850856947611673e-01,9.454536449753182525e-01,9.017135894649960237e-01,9.020696832008383570e-01,9.452557057081545366e-01,9.503740779917662085e-01,9.999999999999976685e-01,9.504137830447457747e-01,9.506962794480270373e-01,9.510808367539587138e-01,9.509841052935310568e-01,9.508726558406804807e-01,9.455432810102628594e-01,9.018004198501645696e-01,9.017585348226611064e-01,9.456694260672342534e-01,9.506012694513009675e-01,9.504137830447457747e-01,9.999999999999976685e-01,9.503560707443946542e-01,9.506465350062314190e-01,9.510808367539574926e-01,9.508395352964075231e-01,9.454858399932937196e-01,9.017470249484713651e-01,9.017331218023419970e-01,9.455055674346345418e-01,9.509855888623847120e-01,9.506962794480270373e-01,9.503560707443946542e-01,9.999999999999976685e-01,9.503560707443953204e-01,9.506962794480268153e-01,9.509855888623831577e-01,9.455055674346329875e-01,9.017331218023376671e-01,9.017470249484765832e-01,9.454858399932957180e-01,9.508395352964099656e-01,9.510808367539587138e-01,9.506465350062314190e-01,9.503560707443953204e-01,9.999999999999976685e-01,9.504137830447462187e-01,9.506012694513000794e-01,9.456694260672334762e-01,9.017585348226573316e-01,9.018004198501685664e-01,9.455432810102637475e-01,9.508726558406817020e-01,9.509841052935310568e-01,9.510808367539574926e-01,9.506962794480268153e-01,9.504137830447462187e-01,9.999999999999976685e-01,9.503740779917642101e-01,9.452557057081528713e-01,9.020696832008336941e-01,9.017135894649989103e-01,9.454536449753180305e-01,9.507850856947611673e-01,9.508726558406804807e-01,9.508395352964075231e-01,9.509855888623831577e-01,9.506012694513000794e-01,9.503740779917642101e-01,9.999999999999976685e-01,9.448214882127686787e-01,9.011267683113188820e-01,8.966559525669004493e-01,9.401508233014364002e-01,9.454536449753182525e-01,9.455432810102628594e-01,9.454858399932937196e-01,9.455055674346329875e-01,9.456694260672334762e-01,9.452557057081528713e-01,9.448214882127686787e-01,9.999999999999976685e-01,8.945769675559097633e-01,8.551733194105686220e-01,8.966559525668973407e-01,9.017135894649960237e-01,9.018004198501645696e-01,9.017470249484713651e-01,9.017331218023376671e-01,9.017585348226573316e-01,9.020696832008336941e-01,9.011267683113188820e-01,8.945769675559097633e-01,9.999999999999976685e-01
9.999999999999964473e-01,9.760760772794940809e-01,9.729626658459332722e-01,9.733892081995041412e-01,9.734445255837669286e-01,9.734451974295260657e-01,9.734395934248458726e-01,9.733437036035402778e-01,9.729971246879238755e-01,9.760571898355675513e-01,9.970169816179563771e-01,9.760760772794940809e-01,9.999999999999964473e-01,9.521144324467303299e-01,9.530138327992403458e-01,9.530713578996936608e-01,9.529656544908448046e-01,9.529685277036699098e-01,9.528817017640268672e-01,9.525428008492663468e-01,9.555382637644830313e-01,9.760571898355666631e-01,9.729626658459332722e-01,9.521144324467303299e-01,9.999999999999964473e-01,9.493994113444833571e-01,9.501064738626484596e-01,9.501088513909345945e-01,9.499731944750012813e-01,9.498861037938910457e-01,9.495558169417032124e-01,9.525428008492656806e-01,9.729971246879224323e-01,9.733892081995041412e-01,9.530138327992403458e-01,9.493994113444833571e-01,9.999999999999964473e-01,9.498412434693408457e-01,9.504429381562794488e-01,9.504423723475891039e-01,9.502180758137128702e-01,9.498861037938924889e-01,9.528817017640277554e-01,9.733437036035402778e-01,9.734445255837669286e-01,9.530713578996936608e-01,9.501064738626484596e-01,9.498412434693408457e-01,9.999999999999964473e-01,9.499441507169881227e-01,9.505295228418813025e-01,9.504423723475902142e-01,9.499731944750039458e-01,9.529685277036720192e-01,9.734395934248469828e-01,9.734451974295260657e-01,9.529656544908448046e-01,9.501088513909345945e-01,9.504429381562794488e-01,9.499441507169881227e-01,9.999999999999964473e-01,9.499441507169874566e-01,9.504429381562797818e-01,9.501088513909365929e-01,9.529656544908461369e-01,9.734451974295263987e-01,9.734395934248458726e-01,9.529685277036699098e-01,9.499731944750012813e-01,9.504423723475891039e-01,9.505295228418813025e-01,9.499441507169874566e-01,9.999999999999964473e-01,9.498412434693404016e-01,9.501064738626494588e-01,9.530713578996938828e-01,9.734445255837664845e-01,9.733437036035402778e-01,9.528817017640268672e-01,9.498861037938910457e-01,9.502180758137128702e-01,9.504423723475902142e-01,9.504429381562797818e-01,9.498412434693404016e-01,9.999999999999964473e-01,9.493994113444855776e-01,9.530138327992419001e-01,9.733892081995048073e-01,9.729971246879238755e-01,9.525428008492663468e-01,9.495558169417032124e-01,9.498861037938924889e-01,9.499731944750039458e-01,9.501088513909365929e-01,9.501064738626494588e-01,9.493994113444855776e-01,9.999999999999964473e-01,9.521144324467333275e-01,9.729626658459356037e-01,9.760571898355675513e-01,9.555382637644830313e-01,9.525428008492656806e-01,9.528817017640277554e-01,9.529685277036720192e-01,9.529656544908461369e-01,9.530713578996938828e-01,9.530138327992419001e-01,9.521144324467333275e-01,9.999999999999964473e-01,9.760760772794956353e-01,9.970169816179563771e-01,9.760571898355666631e-01,9.729971246879224323e-01,9.733437036035402778e-01,9.734395934248469828e-01,9.734451974295263987e-01,9.734445255837664845e-01,9.733892081995048073e-01,9.729626658459356037e-01,9.760760772794956353e-01,9.999999999999964473e-01
9.999999999999932276e-01,7.508563546606065175e-01,7.707275042793270137e-01,7.709408036372256134e-01,7.715061859156745472e-01,7.716475658451067421e-01,7.716428554098909709e-01,7.714013348601015396e-01,7.691701200645328917e-01,7.645024317621285093e-01,8.357475691329141476e-01,7.508563546606065175e-01,9.999999999999932276e-01,6.781710787945660623e-01,7.075702116139084286e-01,7.050759952203590197e-01,7.056771649218710474e-01,7.058641110648112837e-01,7.056527779261483335e-01,7.036022174723227662e-01,6.993308264098507809e-01,7.645024317621306187e-01,7.707275042793270137e-01,6.781710787945660623e-01,9.999999999999932276e-01,6.856902897514348671e-01,7.118972868718334013e-01,7.094446158610206998e-01,7.099696888302075015e-01,7.099554683417600431e-01,7.079083284583519431e-01,7.036022174723213229e-01,7.691701200645337799e-01,7.709408036372256134e-01,7.075702116139084286e-01,6.856902897514348671e-01,9.999999999999932276e-01,6.883790110686436314e-01,7.139184204475389484e-01,7.115051245256074353e-01,7.118135624968608965e-01,7.099554683417618195e-01,7.056527779261484445e-01,7.714013348601045372e-01,7.715061859156745472e-01,7.050759952203590197e-01,7.118972868718334013e-01,6.883790110686436314e-01,9.999999999999932276e-01,6.886415199726050318e-01,7.141237200582865041e-01,7.115051245256094337e-01,7.099696888302114983e-01,7.058641110648132821e-01,7.716428554098957449e-01,7.716475658451067421e-01,7.056771649218710474e-01,7.094446158610206998e-01,7.139184204475389484e-01,6.886415199726050318e-01,9.999999999999932276e-01,6.886415199726038106e-01,7.139184204475395035e-01,7.094446158610234754e-01,7.056771649218729348e-01,7.716475658451102948e-01,7.716428554098909709e-01,7.058641110648112837e-01,7.099696888302075015e-01,7.115051245256074353e-01,7.141237200582865041e-01,6.886415199726038106e-01,9.999999999999932276e-01,6.883790110686427433e-01,7.118972868718346225e-01,7.050759952203589087e-01,7.715061859156768787e-01,7.714013348601015396e-01,7.056527779261483335e-01,7.099554683417600431e-01,7.118135624968608965e-01,7.115051245256094337e-01,7.139184204475395035e-01,6.883790110686427433e-01,9.999999999999932276e-01,6.856902897514385309e-01,7.075702116139099829e-01,7.709408036372297213e-01,7.691701200645328917e-01,7.036022174723227662e-01,7.079083284583519431e-01,7.099554683417618195e-01,7.099696888302114983e-01,7.094446158610234754e-01,7.118972868718346225e-01,6.856902897514385309e-01,9.999999999999932276e-01,6.781710787945703922e-01,7.707275042793328979e-01,7.645024317621285093e-01,6.993308264098507809e-01,7.036022174723213229e-01,7.056527779261484445e-01,7.058641110648132821e-01,7.056771649218729348e-01,7.050759952203589087e-01,7.075702116139099829e-01,6.781710787945703922e-01,9.999999999999932276e-01,7.508563546606121797e-01,8.357475691329141476e-01,7.645024317621306187e-01,7.691701200645337799e-01,7.714013348601045372e-01,7.716428554098957449e-01,7.716475658451102948e-01,7.715061859156768787e-01,7.709408036372297213e-01,7.707275042793328979e-01,7.508563546606121797e-01,9.999999999999932276e-01
9.999999999999928946e-01,5.964246234672452296e-01,6.571295921436921539e-01,6.569657053291992899e-01,6.584941796438985584e-01,6.583024800425607559e-01,6.582341428331417443e-01,6.581659453029113926e-01,6.550655376005199981e-01,6.362047032005899716e-01,6.609654811694092302e-01,5.964246234672452296e-01,9.999999999999928946e-01,5.891685251877140095e-01,6.327912503510491060e-01,6.323454670107373499e-01,6.337722151031393025e-01,6.336786938347794829e-01,6.335147751426990492e-01,6.305197600152652182e-01,6.123693583209282032e-01,6.362047032005920810e-01,6.571295921436921539e-01,5.891685251877140095e-01,9.999999999999928946e-01,6.161256107900475731e-01,6.514619274910407043e-01,6.511833373942832459e-01,6.525524962228311798e-01,6.523971025730248563e-01,6.492217956519946709e-01,6.305197600152642190e-01,6.550655376005209973e-01,6.569657053291992899e-01,6.327912503510491060e-01,6.161256107900475731e-01,9.999999999999928946e-01,6.200163321414399187e-01,6.545312738723052526e-01,6.543175523391557835e-01,6.555820426683985902e-01,6.523971025730246343e-01,6.335147751426979390e-01,6.581659453029121698e-01,6.584941796438985584e-01,6.323454670107373499e-01,6.514619274910407043e-01,6.200163321414399187e-01,9.999999999999928946e-01,6.200661606684112481e-01,6.546198749328802080e-01,6.543175523391551174e-01,6.525524962228304027e-01,6.336786938347772624e-01,6.582341428331419664e-01,6.583024800425607559e-01,6.337722151031393025e-01,6.511833373942832459e-01,6.545312738723052526e-01,6.200661606684112481e-01,9.999999999999928946e-01,6.200661606684118032e-01,6.545312738723052526e-01,6.511833373942825798e-01,6.337722151031377482e-01,6.583024800425612000e-01,6.582341428331417443e-01,6.336786938347794829e-01,6.525524962228311798e-01,6.543175523391557835e-01,6.546198749328802080e-01,6.200661606684118032e-01,9.999999999999928946e-01,6.200163321414401407e-01,6.514619274910410374e-01,6.323454670107361286e-01,6.584941796438998907e-01,6.581659453029113926e-01,6.335147751426990492e-01,6.523971025730248563e-01,6.555820426683985902e-01,6.543175523391551174e-01,6.545312738723052526e-01,6.200163321414401407e-01,9.999999999999928946e-01,6.161256107900466850e-01,6.327912503510475517e-01,6.569657053291992899e-01,6.550655376005199981e-01,6.305197600152652182e-01,6.492217956519946709e-01,6.523971025730246343e-01,6.525524962228304027e-01,6.511833373942825798e-01,6.514619274910410374e-01,6.161256107900466850e-01,9.999999999999928946e-01,5.891685251877114560e-01,6.571295921436928200e-01,6.362047032005899716e-01,6.123693583209282032e-01,6.305197600152642190e-01,6.335147751426979390e-01,6.336786938347772624e-01,6.337722151031377482e-01,6.323454670107361286e-01,6.327912503510475517e-01,5.891685251877114560e-01,9.999999999999928946e-01,5.964246234672436753e-01,6.609654811694092302e-01,6.362047032005920810e-01,6.550655376005209973e-01,6.581659453029121698e-01,6.582341428331419664e-01,6.583024800425612000e-01,6.584941796438998907e-01,6.569657053291992899e-01,6.571295921436928200e-01,5.964246234672436753e-01,9.999999999999928946e-01
9.999999999999920064e-01,7.621700049594212212e-01,7.928734575357681003e-01,7.960602858269381077e-01,7.957410055521939585e-01,7.953976813568309767e-01,7.954405149493511962e-01,7.957073901079717571e-01,7.942276700333876782e-01,7.752353974833463557e-01,7.305051775870029518e-01,7.621700049594212212e-01,9.999999999999920064e-01,8.366208082174564353e-01,8.429860864517726426e-01,8.445039284971025406e-01,8.443733458498279276e-01,8.441843389219036986e-01,8.444168998497562084e-01,8.428551094912664077e-01,8.227039378338274478e-01,7.752353974833444683e-01,7.928734575357681003e-01,8.366208082174564353e-01,9.999999999999920064e-01,8.605345721673957060e-01,8.636892855914468647e-01,8.651033560548295753e-01,8.650802765620965173e-01,8.651330975976962989e-01,8.634937119905882197e-01,8.428551094912654085e-01,7.942276700333845696e-01,7.960602858269381077e-01,8.429860864517726426e-01,8.605345721673957060e-01,9.999999999999920064e-01,8.619831740244918716e-01,8.652971411872845131e-01,8.667845688261848203e-01,8.669605982300154778e-01,8.651330975976950777e-01,8.444168998497540990e-01,7.957073901079673162e-01,7.957410055521939585e-01,8.445039284971025406e-01,8.636892855914468647e-01,8.619831740244918716e-01,9.999999999999920064e-01,8.616385873840206600e-01,8.650857508143656727e-01,8.667845688261823778e-01,8.650802765620926316e-01,8.441843389218991467e-01,7.954405149493446459e-01,7.953976813568309767e-01,8.443733458498279276e-01,8.651033560548295753e-01,8.652971411872845131e-01,8.616385873840206600e-01,9.999999999999920064e-01,8.616385873840225473e-01,8.652971411872839580e-01,8.651033560548274659e-01,8.443733458498240418e-01,7.953976813568259807e-01,7.954405149493511962e-01,8.441843389219036986e-01,8.650802765620965173e-01,8.667845688261848203e-01,8.650857508143656727e-01,8.616385873840225473e-01,9.999999999999920064e-01,8.619831740244926488e-01,8.636892855914466427e-01,8.445039284971009863e-01,7.957410055521902947e-01,7.957073901079717571e-01,8.444168998497562084e-01,8.651330975976962989e-01,8.669605982300154778e-01,8.667845688261823778e-01,8.652971411872839580e-01,8.619831740244926488e-01,9.999999999999920064e-01,8.605345721673927084e-01,8.429860864517688679e-01,7.960602858269322235e-01,7.942276700333876782e-01,8.428551094912664077e-01,8.634937119905882197e-01,8.651330975976950777e-01,8.650802765620926316e-01,8.651033560548274659e-01,8.636892855914466427e-01,8.605345721673927084e-01,9.999999999999920064e-01,8.366208082174506622e-01,7.928734575357615499e-01,7.752353974833463557e-01,8.227039378338274478e-01,8.428551094912654085e-01,8.444168998497540990e-01,8.441843389218991467e-01,8.443733458498240418e-01,8.445039284971009863e-01,8.429860864517688679e-01,8.366208082174506622e-01,9.999999999999920064e-01,7.621700049594122284e-01,7.305051775870029518e-01,7.752353974833444683e-01,7.942276700333845696e-01,7.957073901079673162e-01,7.954405149493446459e-01,7.953976813568259807e-01,7.957410055521902947e-01,7.960602858269322235e-01,7.928734575357615499e-01,7.621700049594122284e-01,9.999999999999920064e-01
